Data/DataNotYetUploadedToEDI/Raw_CTD/RawDownloads/082319_bvr50.cnv
* Sea-Bird SBE19plus  Data File:
* FileName = C:\DATA\082319_bvr50_0001.hex
* Software version 2.8.0.119 SB_Terminal.dll
* Temperature SN = 7809
* Conductivity SN = 7809
* System UpLoad Time = Aug 23 2019 10:48:44
* <ApplicationData>
* <Seaterm232>
# nquan = 16
# nvalues = 247                         
# units = specified
# name 0 = depFM: Depth [fresh water, m]
# name 1 = dz/dtM: Descent Rate [m/s]
# name 2 = sbeox0Mg/L: Oxygen, SBE 43 [mg/l]
# name 3 = sbeox0PS: Oxygen, SBE 43 [% saturation]
# name 4 = specc: Specific Conductance [uS/cm]
# name 5 = c0uS/cm: Conductivity [uS/cm]
# name 6 = flECO-AFL: Fluorescence, WET Labs ECO-AFL/FL [mg/m^3]
# name 7 = ph: pH
# name 8 = orp: Oxidation Reduction Potential [mV]
# name 9 = par/sat/log: PAR/Logarithmic, Satlantic
# name 10 = turbWETntu0: Turbidity, WET Labs ECO [NTU]
# name 11 = prdM: Pressure, Strain Gauge [db]
# name 12 = prdE: Pressure, Strain Gauge [psi]
# name 13 = tv290C: Temperature [ITS-90, deg C]
# name 14 = density00: Density [density, kg/m^3]
# name 15 = flag:  0.000e+00
# span 0 =     -0.664,     10.380       
# span 1 =      0.000,      0.504       
# span 2 =    -1.9503,     8.2144       
# span 3 =    -20.667,    109.370       
# span 4 =      3.031,    171.041       
# span 5 =   3.810112, 115.866981       
# span 6 =    -0.1595,    19.7932       
# span 7 =      6.390,      9.177       
# span 8 =  -633.4198,   311.2636       
# span 9 = 1.2304e-01, 6.1235e+02       
# span 10 =    -0.7960,     5.3651      
# span 11 =     -0.653,     10.181      
# span 12 =     -0.946,     14.765      
# span 13 =     8.8463,    37.8602      
# span 14 =   993.0271,   999.9059      
# span 15 = 0.0000e+00, 0.0000e+00      
# interval = seconds: 0.25
# start_time = Aug 22 2019 14:00:09 [Instrument's time stamp, header]
# bad_flag = -9.990e-29
*END*
[from data line 91]
      2.253      0.267     6.7764     87.566     28.331  30.398988     2.7173      8.326   294.5729 5.7812e+01     0.6590      2.209      3.205    28.6651   996.0705 0.0000e+00
      2.325      0.272     6.7651     87.429     28.275  30.342304     3.0234      8.307   295.5834 5.6036e+01     0.6770      2.278      3.304    28.6636   996.0713 0.0000e+00
      2.397      0.276     6.7528     87.295     28.158  30.226988     3.1964      8.287   296.5612 5.4285e+01     0.6357      2.352      3.412    28.6438   996.0775 0.0000e+00
      2.465      0.280     6.7453     87.233     28.072  30.146856     3.2932      8.267   297.2756 5.2663e+01     0.6192      2.418      3.507    28.6416   996.0784 0.0000e+00
      2.532      0.284     6.7377     87.149     28.115  30.198319     4.2982      8.247   297.5961 5.1036e+01     0.7397      2.481      3.598    28.6426   996.0783 0.0000e+00
      2.604      0.286     6.7129     86.793     28.202  30.278164     6.1487      8.228   297.7700 4.9245e+01     0.9444      2.551      3.700    28.6404   996.0793 0.0000e+00
      2.680      0.287     6.6538     85.953     28.237  30.287371     7.1562      8.208   298.0007 4.7344e+01     1.0629      2.628      3.811    28.6647   996.0726 0.0000e+00
      2.759      0.288     6.5602     84.688     28.277  30.309593     7.2383      8.188   298.2343 4.5509e+01     1.1232      2.707      3.926    28.6887   996.0659 0.0000e+00
      2.834      0.287     6.4479     83.217     28.329  30.356456     7.1930      8.169   298.4435 4.3813e+01     1.2802      2.781      4.034    28.7125   996.0593 0.0000e+00
      2.905      0.282     6.3285     81.658     28.386  30.409813     7.1114      8.151   298.7237 4.2046e+01     1.4867      2.848      4.130    28.6869   996.0672 0.0000e+00
      2.975      0.275     6.2054     80.044     28.429  30.447103     7.0667      8.133   299.0406 3.9938e+01     1.5553      2.917      4.231    28.6148   996.0883 0.0000e+00
      3.046      0.269     6.0843     78.458     28.419  30.426595     7.0430      8.115   299.2645 3.7643e+01     1.5194      2.988      4.333    28.5745   996.1004 0.0000e+00
      3.114      0.264     5.9748     77.034     28.414  30.415645     6.8935      8.095   299.4520 3.5510e+01     1.5120      3.055      4.432    28.5743   996.1007 0.0000e+00
      3.178      0.262     5.8866     75.892     28.440  30.441599     6.6290      8.075   299.7583 3.3601e+01     1.5314      3.118      4.523    28.5604   996.1050 0.0000e+00
      3.241      0.259     5.8217     75.039     28.489  30.486598     6.4898      8.057   299.9571 3.1786e+01     1.5573      3.177      4.607    28.5412   996.1108 0.0000e+00
      3.307      0.253     5.7718     74.366     28.588  30.578984     6.4765      8.041   299.8760 3.0021e+01     1.5631      3.242      4.704    28.5229   996.1164 0.0000e+00
      3.375      0.241     5.7277     73.771     28.685  30.670278     6.4591      8.027   299.7245 2.8410e+01     1.5358      3.310      4.801    28.5074   996.1211 0.0000e+00
      3.442      0.222     5.6853     73.272     28.694  30.702068     6.3839      8.013   299.6745 2.6965e+01     1.4893      3.377      4.897    28.5200   996.1178 0.0000e+00
      3.504      0.198     5.6410     72.888     28.623  30.709571     6.2604      8.000   299.7015 2.5832e+01     1.4266      3.441      4.992    28.4976   996.1247 0.0000e+00
      3.553      0.173     5.5971     72.541     28.461  30.634230     6.1971      7.988   299.8780 2.5111e+01     1.3676      3.490      5.063    28.4792   996.1302 0.0000e+00
      3.588      0.153     5.5663     72.238     28.227  30.425814     6.1826      7.976   300.3466 2.4600e+01     1.3332      3.520      5.106    28.4406   996.1414 0.0000e+00
      3.613      0.143     5.5682     72.183     28.128  30.283627     6.1361      7.962   300.8071 2.4165e+01     1.4032      3.544      5.139    28.4309   996.1444 0.0000e+00
      3.636      0.144     5.6182     72.603     28.306  30.374390     6.0777      7.947   300.9714 2.3770e+01     1.5589      3.566      5.170    28.6280   996.0875 0.0000e+00
      3.664      0.151     5.7135     73.488     28.632  30.571280     6.0569      7.932   300.9566 2.3183e+01     1.6100      3.587      5.203    28.8566   996.0211 0.0000e+00
      3.709      0.158     5.8341     74.643     28.912  30.696952     6.0489      7.919   300.8858 2.2249e+01     1.5625      3.631      5.266    28.9414   995.9965 0.0000e+00
      3.767      0.158     5.9648     76.008     29.089  30.751456     5.9554      7.908   300.8046 2.1261e+01     1.5428      3.696      5.361    28.8628   996.0196 0.0000e+00
      3.821      0.149     6.0978     77.561     29.118  30.722444     5.7931      7.898   300.7491 2.0591e+01     1.5346      3.754      5.446    28.6778   996.0737 0.0000e+00
      3.860      0.132     6.2164     79.056     29.008  30.599886     5.7078      7.889   300.7309 2.0206e+01     1.5293      3.789      5.496    28.4069   996.1523 0.0000e+00
      3.886      0.111     6.3051     80.206     28.942  30.538667     5.7049      7.881   300.7561 1.9918e+01     1.5440      3.813      5.532    28.0492   996.2549 0.0000e+00
      3.903      0.090     6.3581     80.846     29.029  30.616799     5.7234      7.872   300.7964 1.9752e+01     1.5158      3.830      5.555    27.7986   996.3261 0.0000e+00
      3.916      0.073     6.3710     80.872     29.180  30.719671     5.7501      7.863   300.7880 1.9598e+01     1.4173      3.837      5.564    27.7160   996.3493 0.0000e+00
      3.932      0.063     6.3432     80.349     29.230  30.703689     5.7584      7.853   300.7400 1.9314e+01     1.3368      3.853      5.590    27.7279   996.3461 0.0000e+00
      3.953      0.058     6.2811     79.477     29.178  30.613810     5.7549      7.843   300.7317 1.9044e+01     1.3283      3.879      5.625    27.7671   996.3351 0.0000e+00
      3.969      0.059     6.1956     78.412     29.143  30.584689     5.7596      7.833   300.7744 1.8945e+01     1.3480      3.897      5.652    27.7618   996.3366 0.0000e+00
      3.978      0.063     6.1005     77.266     29.140  30.605424     5.7623      7.823   300.8262 1.8928e+01     1.3459      3.901      5.659    27.6466   996.3692 0.0000e+00
      3.987      0.068     6.0075     76.116     29.133  30.610738     5.7529      7.813   300.8418 1.8773e+01     1.3352      3.905      5.663    27.4832   996.4150 0.0000e+00
      4.004      0.075     5.9201     74.983     29.181  30.648965     5.7495      7.802   300.8769 1.8497e+01     1.3496      3.924      5.692    27.4215   996.4323 0.0000e+00
      4.028      0.081     5.8406     73.918     29.303  30.750335     5.7572      7.790   300.9932 1.8210e+01     1.3565      3.950      5.729    27.4573   996.4224 0.0000e+00
      4.054      0.085     5.7742     73.079     29.308  30.757640     5.7589      7.779   301.1289 1.7887e+01     1.3852      3.975      5.765    27.5180   996.4055 0.0000e+00
      4.082      0.087     5.7273     72.593     29.182  30.673842     5.7530      7.767   301.3139 1.7537e+01     1.4672      4.002      5.804    27.5440   996.3983 0.0000e+00
      4.108      0.084     5.7033     72.388     29.154  30.689017     5.7554      7.755   301.5088 1.7312e+01     1.5284      4.033      5.849    27.5244   996.4040 0.0000e+00
      4.124      0.076     5.6968     72.336     29.200  30.750837     5.7613      7.744   301.5919 1.7217e+01     1.5686      4.046      5.869    27.4483   996.4254 0.0000e+00
      4.138      0.067     5.6985     72.392     29.159  30.723342     5.7289      7.732   301.6314 1.6992e+01     1.5931      4.051      5.876    27.4153   996.4346 0.0000e+00
      4.158      0.061     5.7131     72.608     29.099  30.673852     5.6675      7.722   301.6409 1.6728e+01     1.5951      4.079      5.916    27.5603   996.3942 0.0000e+00
      4.175      0.058     5.7596     73.179     29.154  30.723562     5.6348      7.712   301.6214 1.6676e+01     1.5926      4.101      5.949    27.6633   996.3653 0.0000e+00
      4.182      0.057     5.8516     74.315     29.256  30.816737     5.6284      7.702   301.6537 1.6629e+01     1.5635      4.099      5.946    27.6333   996.3738 0.0000e+00
      4.192      0.053     5.9916     76.069     29.296  30.848601     5.5734      7.693   301.6877 1.6398e+01     1.5376      4.105      5.954    27.6737   996.3625 0.0000e+00
      4.212      0.046     6.1731     78.331     29.320  30.855011     5.4721      7.684   301.7739 1.6135e+01     1.5414      4.132      5.992    27.7278   996.3473 0.0000e+00
      4.231      0.040     6.3678     80.750     29.317  30.830747     5.4175      7.674   301.9219 1.6023e+01     1.5439      4.155      6.026    27.6845   996.3596 0.0000e+00
      4.240      0.037     6.5299     82.772     29.248  30.745559     5.4078      7.665   302.0145 1.6017e+01     1.5685      4.158      6.031    27.6501   996.3694 0.0000e+00
      4.243      0.037     6.6349     84.068     29.230  30.713334     5.4068      7.656   302.1187 1.6018e+01     1.6088      4.160      6.033    27.6555   996.3678 0.0000e+00
      4.246      0.038     6.6849     84.600     29.311  30.758364     5.4135      7.646   302.2347 1.6048e+01     1.6054      4.165      6.042    27.6139   996.3796 0.0000e+00
      4.251      0.043     6.6805     84.327     29.416  30.782331     5.4106      7.637   302.2995 1.5979e+01     1.5594      4.164      6.040    27.5682   996.3924 0.0000e+00
      4.264      0.051     6.6189     83.271     29.551  30.812626     5.3802      7.628   302.3854 1.5751e+01     1.5116      4.177      6.058    27.5501   996.3975 0.0000e+00
      4.284      0.057     6.5112     81.659     29.707  30.870663     5.1506      7.622   302.4998 1.5540e+01     1.5198      4.203      6.096    27.5432   996.3996 0.0000e+00
      4.304      0.059     6.3771     79.785     29.824  30.912807     4.7329      7.616   302.6495 1.5355e+01     1.5598      4.220      6.122    27.5008   996.4115 0.0000e+00
      4.321      0.056     6.2382     77.939     29.895  30.941334     4.4990      7.608   302.8194 1.5175e+01     1.5685      4.239      6.148    27.3300   996.4593 0.0000e+00
      4.336      0.048     6.1198     76.410     29.935  30.961697     4.4730      7.600   302.9189 1.5095e+01     1.5598      4.256      6.173    27.1217   996.5171 0.0000e+00
      4.346      0.038     6.0391     75.380     29.890  30.905170     4.4623      7.593   303.1642 1.5063e+01     1.5536      4.262      6.182    26.9402   996.5671 0.0000e+00
      4.352      0.035     6.0086     74.993     29.696  30.702034     4.3784      7.584   303.6344 1.5021e+01     1.5593      4.267      6.189    26.7947   996.6070 0.0000e+00
      4.357      0.042     6.0628     75.623     29.555  30.536100     4.2210      7.572   303.9577 1.5011e+01     1.5632      4.274      6.199    26.7300   996.6246 0.0000e+00
      4.360      0.054     6.2295     77.486     29.715  30.612083     4.1281      7.561   303.9759 1.5022e+01     1.5350      4.274      6.201    26.7038   996.6318 0.0000e+00
      4.367      0.064     6.4672     80.024     30.061  30.795727     4.1136      7.551   303.8547 1.4844e+01     1.5131      4.275      6.200    26.6872   996.6364 0.0000e+00
      4.391      0.069     6.6884     82.347     30.345  30.916111     4.1677      7.543   303.7824 1.4402e+01     1.5281      4.299      6.236    26.6861   996.6366 0.0000e+00
      4.428      0.066     6.8298     84.054     30.370  30.925181     4.2797      7.535   303.7903 1.4001e+01     1.5521      4.347      6.305    26.7047   996.6318 0.0000e+00
      4.458      0.058     6.8965     85.306     30.124  30.841909     4.3407      7.527   303.8648 1.3826e+01     1.5736      4.379      6.351    26.5665   996.6695 0.0000e+00
      4.470      0.047     6.9387     86.302     29.901  30.797912     4.3236      7.517   303.9948 1.3854e+01     1.5923      4.389      6.365    26.2321   996.7598 0.0000e+00
      4.466      0.033     6.9698     86.897     29.862  30.837687     4.1512      7.508   303.9846 1.3999e+01     1.6138      4.383      6.356    25.8378   996.8648 0.0000e+00
      4.460      0.021     6.9618     86.784     29.907  30.878782     3.8514      7.500   303.7419 1.4028e+01     1.6363      4.368      6.335    25.7487   996.8882 0.0000e+00
      4.463      0.016     6.9043     85.964     29.979  30.914038     3.6903      7.493   303.5550 1.3888e+01     1.6357      4.374      6.344    26.2021   996.7676 0.0000e+00
      4.473      0.019     6.8123     84.731     30.044  30.946625     3.6945      7.487   303.5323 1.3792e+01     1.6062      4.390      6.367    26.5834   996.6651 0.0000e+00
      4.481      0.023     6.7017     83.306     30.072  30.955472     3.7809      7.481   303.5531 1.3753e+01     1.5093      4.394      6.373    26.6686   996.6418 0.0000e+00
      4.489      0.025     6.5799     81.750     30.091  30.957525     3.9114      7.474   303.5476 1.3687e+01     1.3822      4.401      6.383    26.6452   996.6484 0.0000e+00
      4.497      0.022     6.4471     80.057     30.122  30.971424     3.9719      7.467   303.4668 1.3651e+01     1.3474      4.412      6.398    26.5389   996.6771 0.0000e+00
      4.501      0.018     6.3090     78.300     30.163  30.996589     3.9748      7.461   303.4365 1.3645e+01     1.3507      4.415      6.404    26.4851   996.6919 0.0000e+00
      4.503      0.015     6.1784     76.640     30.191  31.007949     3.9634      7.455   303.4391 1.3622e+01     1.3236      4.416      6.405    26.4643   996.6974 0.0000e+00
      4.506      0.013     6.0662     75.212     30.182  30.981841     3.9298      7.449   303.4123 1.3598e+01     1.3147      4.419      6.409    26.4358   996.7051 0.0000e+00
      4.508      0.013     5.9795     74.100     30.152  30.934715     3.9153      7.442   303.4568 1.3588e+01     1.3411      4.421      6.412    26.4034   996.7139 0.0000e+00
      4.510      0.015     5.9226     73.335     30.190  30.945754     3.9264      7.436   303.7194 1.3570e+01     1.3804      4.422      6.415    26.3730   996.7222 0.0000e+00
      4.514      0.017     5.8942     72.897     30.270  30.988361     3.9256      7.428   304.2640 1.3533e+01     1.3965      4.427      6.421    26.3479   996.7289 0.0000e+00
      4.520      0.018     5.8816     72.639     30.270  30.942171     3.8878      7.421   304.7072 1.3443e+01     1.3718      4.431      6.426    26.3158   996.7375 0.0000e+00
      4.528      0.020     5.8774     72.450     30.161  30.767944     3.8252      7.413   304.7766 1.3335e+01     1.3446      4.440      6.438    26.3022   996.7412 0.0000e+00
      4.534      0.025     5.9014     72.520     30.092  30.594954     3.7936      7.402   304.7581 1.3307e+01     1.3628      4.449      6.453    26.2544   996.7541 0.0000e+00
      4.535      0.030     5.9689     73.055     30.254  30.627098     3.8256      7.391   305.0000 1.3302e+01     1.3949      4.447      6.450    26.1834   996.7731 0.0000e+00
      4.538      0.032     6.0537     73.840     30.514  30.775661     4.1259      7.380   305.7230 1.3193e+01     1.3727      4.446      6.448    26.1113   996.7924 0.0000e+00
      4.550      0.029     6.1195     74.434     30.573  30.741257     4.6587      7.368   306.8747 1.2968e+01     1.3232      4.459      6.469    26.0247   996.8154 0.0000e+00
      4.569      0.023     6.1725     74.670     30.734  30.718625     4.9525      7.357   307.8261 1.2763e+01     1.3205      4.483      6.502    25.8646   996.8580 0.0000e+00
      4.579      0.016     6.2494     74.606     31.416  30.945939     4.9905      7.348   308.1053 1.2713e+01     1.3403      4.497      6.521    25.5839   996.9319 0.0000e+00
      4.579      0.008     6.2254     72.871     32.322  31.141246     5.0404      7.341   308.0999 1.2757e+01     1.3329      4.491      6.514    25.4035   996.9792 0.0000e+00
