Data/DataNotYetUploadedToEDI/Raw_CTD/RawDownloads/082319_bvr50.cnv
* Sea-Bird SBE19plus  Data File:
* FileName = C:\DATA\082319_bvr50_0001.hex
* Software version 2.8.0.119 SB_Terminal.dll
* Temperature SN = 7809
* Conductivity SN = 7809
* System UpLoad Time = Aug 23 2019 10:48:44
* <ApplicationData>
* <Seaterm232>
# nquan = 16
# nvalues = 247                         
# units = specified
# name 0 = depFM: Depth [fresh water, m]
# name 1 = dz/dtM: Descent Rate [m/s]
# name 2 = sbeox0Mg/L: Oxygen, SBE 43 [mg/l]
# name 3 = sbeox0PS: Oxygen, SBE 43 [% saturation]
# name 4 = specc: Specific Conductance [uS/cm]
# name 5 = c0uS/cm: Conductivity [uS/cm]
# name 6 = flECO-AFL: Fluorescence, WET Labs ECO-AFL/FL [mg/m^3]
# name 7 = ph: pH
# name 8 = orp: Oxidation Reduction Potential [mV]
# name 9 = par/sat/log: PAR/Logarithmic, Satlantic
# name 10 = turbWETntu0: Turbidity, WET Labs ECO [NTU]
# name 11 = prdM: Pressure, Strain Gauge [db]
# name 12 = prdE: Pressure, Strain Gauge [psi]
# name 13 = tv290C: Temperature [ITS-90, deg C]
# name 14 = density00: Density [density, kg/m^3]
# name 15 = flag:  0.000e+00
# span 0 =     -0.664,     10.380       
# span 1 =      0.000,      0.504       
# span 2 =    -1.9503,     8.2144       
# span 3 =    -20.667,    109.370       
# span 4 =      3.031,    171.041       
# span 5 =   3.810112, 115.866981       
# span 6 =    -0.1595,    19.7932       
# span 7 =      6.390,      9.177       
# span 8 =  -633.4198,   311.2636       
# span 9 = 1.2304e-01, 6.1235e+02       
# span 10 =    -0.7960,     5.3651      
# span 11 =     -0.653,     10.181      
# span 12 =     -0.946,     14.765      
# span 13 =     8.8463,    37.8602      
# span 14 =   993.0271,   999.9059      
# span 15 = 0.0000e+00, 0.0000e+00      
# interval = seconds: 0.25
# start_time = Aug 22 2019 14:00:09 [Instrument's time stamp, header]
# bad_flag = -9.990e-29
*END*
     -0.664 4.3143e-20     6.9757    105.112      3.564   4.481260    -0.1462      6.666  -347.3745 6.0983e+02     2.2217     -0.651     -0.944    37.8502   993.0300 0.0000e+00
     -0.664 3.9663e-21     6.9752    105.105      3.514   4.417480    -0.1345      6.616  -348.9147 6.1235e+02     2.2905     -0.651     -0.944    37.8437   993.0324 0.0000e+00
     -0.664 8.4730e-22     6.9757    105.106      3.432   4.313896    -0.1267      6.575  -316.0476 6.0585e+02     2.2201     -0.650     -0.943    37.8409   993.0335 0.0000e+00
     -0.664 5.4310e-21     6.9766    105.111      3.376   4.242717    -0.1389      6.593  -245.2677 5.8343e+02     1.5019     -0.651     -0.944    37.8408   993.0336 0.0000e+00
     -0.664 5.9388e-20     6.9766    105.106      3.334   4.190539    -0.1439      6.633  -178.6816 5.6070e+02     0.2268     -0.651     -0.944    37.8412   993.0333 0.0000e+00
     -0.664 6.5323e-19     6.9757    105.094      3.284   4.126591    -0.1343      6.642  -159.2659 5.4830e+02    -0.4483     -0.651     -0.944    37.8425   993.0328 0.0000e+00
     -0.664 7.1856e-18     6.9758    105.100      3.265   4.103191    -0.1356      6.624  -164.6106 5.2946e+02    -0.4672     -0.651     -0.944    37.8373   993.0347 0.0000e+00
     -0.664 7.9041e-17     6.9765    105.114      3.261   4.097720    -0.1427      6.603  -174.5586 4.9576e+02    -0.2970     -0.651     -0.944    37.8299   993.0374 0.0000e+00
     -0.664 8.6945e-16     6.9770    105.121      3.231   4.060440    -0.1424      6.588  -189.1191 4.6995e+02     0.0042     -0.650     -0.943    37.8278   993.0383 0.0000e+00
     -0.664 9.5640e-15     6.9779    105.128      3.209   4.032647    -0.1409      6.581  -206.6112 4.5630e+02     0.1602     -0.651     -0.944    37.8297   993.0376 0.0000e+00
     -0.664 1.0520e-13     6.9787    105.133      3.195   4.015152    -0.1415      6.582  -231.4418 4.5072e+02     0.1472     -0.651     -0.944    37.8338   993.0361 0.0000e+00
     -0.664 1.1572e-12     6.9787    105.130      3.164   3.975637    -0.1405      6.586  -258.7583 4.5978e+02     0.0435     -0.650     -0.943    37.8364   993.0350 0.0000e+00
     -0.664 1.2730e-11     6.9785    105.127      3.131   3.935074    -0.1385      6.588  -270.1718 4.6658e+02    -0.1443     -0.651     -0.944    37.8344   993.0358 0.0000e+00
     -0.663 1.4003e-10     6.9785    105.128      3.107   3.904908    -0.1430      6.589  -267.5707 4.5907e+02    -0.2549     -0.650     -0.943    37.8303   993.0372 0.0000e+00
     -0.663 1.5403e-09     6.9791    105.140      3.075   3.864366    -0.1513      6.599  -288.1379 4.3599e+02    -0.2771     -0.650     -0.943    37.8263   993.0387 0.0000e+00
     -0.663 1.6943e-08     6.9795    105.147      3.043   3.825081    -0.1523      6.623  -342.4681 3.9856e+02    -0.3806     -0.650     -0.943    37.8234   993.0399 0.0000e+00
     -0.663 1.8637e-07     6.9789    105.139      3.031   3.810112    -0.1462      6.625  -399.9769 3.6232e+02    -0.5890     -0.650     -0.943    37.8238   993.0397 0.0000e+00
     -0.663 1.8737e-07     6.9784    105.134      3.031   3.810121    -0.1470      6.590  -445.8979 3.3488e+02    -0.7318     -0.650     -0.942    37.8255   993.0390 0.0000e+00
     -0.663 2.9023e-08     6.9784    105.137      3.043   3.825185    -0.1530      6.567  -500.1934 3.1604e+02    -0.7634     -0.651     -0.943    37.8268   993.0385 0.0000e+00
     -0.663 1.3452e-07     6.9784    105.137      3.076   3.865511    -0.1496      6.578  -562.5084 2.9129e+02    -0.7416     -0.650     -0.944    37.8274   993.0383 0.0000e+00
     -0.663 2.5064e-07     6.9779    105.130      3.117   3.917511    -0.1410      6.592  -605.3287 2.5732e+02    -0.6986     -0.650     -0.943    37.8286   993.0379 0.0000e+00
     -0.663 2.2074e-07     6.9774    105.125      3.141   3.946972    -0.1351      6.597  -633.4198 2.4420e+02    -0.7013     -0.650     -0.943    37.8292   993.0378 0.0000e+00
     -0.663 9.8528e-07     6.9774    105.126      3.157   3.968266    -0.1389      6.595  -628.1205 2.4543e+02    -0.7418     -0.650     -0.943    37.8317   993.0368 0.0000e+00
     -0.663      0.000     6.9775    105.129      3.221   4.048239    -0.1520      6.584  -572.6604 2.5443e+02    -0.7620     -0.650     -0.943    37.8312   993.0369 0.0000e+00
     -0.663      0.000     6.9777    105.128      3.406   4.280246    -0.1552      6.568  -517.7226 2.8698e+02    -0.7490     -0.650     -0.943    37.8336   993.0362 0.0000e+00
     -0.663      0.001     6.9792    105.127      4.235   5.315992    -0.1515      6.539  -505.5756 3.3484e+02    -0.7481     -0.650     -0.943    37.8299   993.0374 0.0000e+00
     -0.663      0.009     6.9965    105.156      9.819  12.262265    -0.1595      6.622  -309.8120 4.0039e+02    -0.7845     -0.649     -0.942    37.8379   993.0346 0.0000e+00
     -0.663      0.032     7.0814    105.314     20.495  25.303489    -0.1563      7.012    95.7582 4.7088e+02    -0.7960     -0.651     -0.944    37.8283   993.0379 0.0000e+00
     -0.663      0.069     7.2575    105.628     27.527  33.374683    -0.0785      7.618   287.0108 5.1548e+02    -0.6907     -0.650     -0.943    37.8449   993.0322 0.0000e+00
     -0.658      0.116     7.4603    106.001     28.467  33.741208     0.0444      8.195   273.8205 5.4078e+02    -0.4943     -0.653     -0.946    37.8143   993.0428 0.0000e+00
     -0.631      0.165     7.6372    106.440     28.107  32.653698     0.1070      8.628   273.3770 5.6456e+02    -0.3547     -0.635     -0.921    37.8602   993.0271 0.0000e+00
     -0.569      0.209     7.7897    107.007     28.043  32.091946     0.1497      8.898   278.2931 5.7819e+02    -0.2809     -0.564     -0.818    37.3933   993.2015 0.0000e+00
     -0.488      0.238     7.9215    107.666     28.018  31.707591     0.5692      9.048   289.1225 5.6948e+02    -0.0607     -0.478     -0.693    35.7299   993.7948 0.0000e+00
     -0.406      0.244     8.0295    108.316     28.052  31.495980     1.3395      9.126   298.6577 5.5690e+02     0.2760     -0.395     -0.573    34.0835   994.3609 0.0000e+00
     -0.333      0.223     8.1127    108.864     28.212  31.500084     1.7555      9.161   301.3486 5.5799e+02     0.4149     -0.321     -0.465    32.9885   994.7233 0.0000e+00
     -0.274      0.180     8.1708    109.229     28.441  31.630013     1.7842      9.174   296.4482 5.5924e+02     0.4051     -0.262     -0.380    32.1259   995.0037 0.0000e+00
     -0.233      0.128     8.2030    109.370     28.672  31.797629     1.7907      9.177   286.2137 5.5318e+02     0.4197     -0.222     -0.320    31.5120   995.1981 0.0000e+00
     -0.211      0.080     8.2144    109.336     28.967  32.067095     1.7984      9.172   279.4746 5.4723e+02     0.4284     -0.201     -0.290    31.0839   995.3326 0.0000e+00
     -0.207      0.045     8.2134    109.221     29.307  32.413208     1.7999      9.162   278.4636 5.4570e+02     0.4120     -0.197     -0.287    30.7979   995.4210 0.0000e+00
     -0.214      0.022     8.2102    109.132     29.506  32.619170     1.7996      9.148   278.8075 5.4765e+02     0.3849     -0.211     -0.306    30.5751   995.4899 0.0000e+00
     -0.219      0.010     8.2055    109.093     29.531  32.653605     1.7957      9.134   279.0718 5.4999e+02     0.3956     -0.220     -0.318    30.4290   995.5345 0.0000e+00
     -0.217      0.006     8.1882    109.019     29.359  32.512273     1.7955      9.121   279.5093 5.5164e+02     0.4434     -0.215     -0.311    30.3267   995.5658 0.0000e+00
     -0.210      0.007     8.1640    108.892     29.061  32.243037     1.7968      9.110   285.4728 5.5202e+02     0.4713     -0.205     -0.297    30.2838   995.5791 0.0000e+00
     -0.203      0.011     8.1510    108.798     28.992  32.190536     1.7943      9.097   296.8856 5.5077e+02     0.4374     -0.197     -0.286    30.2647   995.5850 0.0000e+00
     -0.200      0.013     8.1494    108.764     29.227  32.448641     1.7913      9.082   303.2407 5.4846e+02     0.3940     -0.194     -0.282    30.2404   995.5924 0.0000e+00
     -0.202      0.013     8.1494    108.739     29.345  32.571618     1.8211      9.064   302.1707 5.4532e+02     0.4061     -0.198     -0.287    30.3488   995.5594 0.0000e+00
     -0.202      0.012     8.1514    108.730     29.093  32.281356     1.8857      9.047   300.2092 5.3312e+02     0.4193     -0.202     -0.292    30.5070   995.5108 0.0000e+00
     -0.196      0.010     8.1424    108.598     28.715  31.858127     1.9144      9.030   296.9042 5.1267e+02     0.4228     -0.193     -0.280    30.5261   995.5050 0.0000e+00
     -0.188      0.010     8.0900    107.924     28.457  31.579083     1.9074      9.012   294.0446 4.9954e+02     0.4155     -0.181     -0.263    30.4993   995.5134 0.0000e+00
     -0.186      0.010     7.9589    106.186     28.334  31.445717     1.9049      8.996   298.8456 4.9143e+02     0.3635     -0.181     -0.262    30.4968   995.5143 0.0000e+00
     -0.186      0.010     7.8159    104.239     28.293  31.387811     1.9104      8.984   302.6414 4.8212e+02     0.3515     -0.184     -0.267    30.4663   995.5235 0.0000e+00
     -0.185      0.013     7.7644    103.475     28.256  31.323109     1.9133      8.974   296.4886 4.7728e+02     0.4017     -0.182     -0.264    30.4507   995.5280 0.0000e+00
     -0.185      0.029     7.7096    102.668     28.199  31.234458     1.9058      8.964   285.9712 4.7873e+02     0.4132     -0.181     -0.262    30.4837   995.5179 0.0000e+00
     -0.183      0.061     7.5774    100.841     28.191  31.204254     1.9053      8.950   279.4122 4.8198e+02     0.3922     -0.182     -0.264    30.4962   995.5140 0.0000e+00
     -0.176      0.103     7.5001     99.718     28.283  31.275158     1.9076      8.937   277.7548 4.8004e+02     0.4102     -0.177     -0.256    30.4688   995.5225 0.0000e+00
     -0.156      0.145     7.5416    100.122     28.434  31.393693     1.9076      8.925   277.2893 4.6154e+02     0.4341     -0.163     -0.237    30.4207   995.5373 0.0000e+00
     -0.106      0.180     7.6118    100.897     28.573  31.495196     1.9151      8.912   276.9672 3.9214e+02     0.4189     -0.117     -0.170    30.3674   995.5537 0.0000e+00
     -0.031      0.200     7.6234    100.926     28.545  31.423604     1.9456      8.899   276.6999 2.9239e+02     0.3900     -0.028     -0.040    30.3424   995.5616 0.0000e+00
      0.045      0.207     7.5543     99.931     28.275  31.099089     1.9989      8.884   277.4132 2.3994e+02     0.3802      0.051      0.074    30.2990   995.5752 0.0000e+00
      0.104      0.209     7.4477     98.468     28.025  30.807629     2.0220      8.865   279.0532 2.2597e+02     0.4313      0.107      0.155    30.1973   995.6065 0.0000e+00
      0.145      0.214     7.3752     97.438     27.999  30.754973     2.0171      8.844   280.3529 2.1520e+02     0.4837      0.151      0.217    30.0996   995.6364 0.0000e+00
      0.173      0.227     7.3667     97.205     28.115  30.843110     2.0348      8.826   281.0819 2.0845e+02     0.4557      0.167      0.241    30.0261   995.6587 0.0000e+00
      0.210      0.249     7.4023     97.539     28.286  30.984873     2.0714      8.809   281.4152 1.9740e+02     0.4202      0.189      0.275    29.9780   995.6731 0.0000e+00
      0.282      0.276     7.4450     97.990     28.459  31.136418     2.0950      8.793   281.4567 1.8223e+02     0.4153      0.267      0.387    29.9620   995.6781 0.0000e+00
      0.380      0.298     7.4591     98.103     28.554  31.215934     2.1037      8.777   281.4982 1.6871e+02     0.4303      0.373      0.541    29.9290   995.6887 0.0000e+00
      0.481      0.308     7.4266     97.642     28.478  31.121356     2.1071      8.761   281.7452 1.5746e+02     0.4366      0.474      0.689    29.8468   995.7138 0.0000e+00
      0.571      0.301     7.3551     96.703     28.258  30.881217     2.1191      8.744   282.3778 1.4840e+02     0.4263      0.567      0.822    29.7548   995.7419 0.0000e+00
      0.644      0.281     7.2618     95.475     28.057  30.660214     2.1455      8.728   283.0374 1.4126e+02     0.4372      0.637      0.924    29.6895   995.7618 0.0000e+00
      0.702      0.256     7.1569     94.038     27.967  30.543165     2.1565      8.711   283.5256 1.3646e+02     0.4373      0.691      1.002    29.6457   995.7752 0.0000e+00
      0.753      0.236     7.0714     92.770     27.956  30.481198     2.1482      8.696   284.0655 1.3276e+02     0.4269      0.737      1.069    29.6245   995.7818 0.0000e+00
      0.806      0.227     7.0280     91.997     27.965  30.418509     2.1234      8.680   284.5750 1.2766e+02     0.4426      0.788      1.143    29.6330   995.7792 0.0000e+00
      0.864      0.228     7.0186     91.674     28.030  30.419601     2.0911      8.665   284.9530 1.2160e+02     0.4634      0.848      1.229    29.6475   995.7752 0.0000e+00
      0.924      0.234     7.0481     91.920     28.144  30.494277     2.0862      8.649   285.4529 1.1659e+02     0.4493      0.907      1.314    29.6203   995.7835 0.0000e+00
      0.984      0.240     7.1111     92.655     28.115  30.433012     2.0993      8.632   286.1451 1.1254e+02     0.4368      0.963      1.397    29.5234   995.8127 0.0000e+00
      1.048      0.249     7.1825     93.528     27.963  30.249858     2.1283      8.614   286.6113 1.0789e+02     0.4427      1.026      1.489    29.3796   995.8557 0.0000e+00
      1.113      0.260     7.2485     94.352     27.913  30.183296     2.1761      8.597   286.8748 1.0334e+02     0.4218      1.094      1.587    29.2393   995.8975 0.0000e+00
      1.174      0.272     7.2864     94.801     27.942  30.199263     2.2087      8.580   287.2650 9.9689e+01     0.4134      1.149      1.667    29.1549   995.9227 0.0000e+00
      1.240      0.284     7.2643     94.443     27.954  30.189085     2.2280      8.562   287.7155 9.5341e+01     0.4401      1.208      1.753    29.1148   995.9348 0.0000e+00
      1.319      0.295     7.1813     93.291     27.977  30.187098     2.2618      8.544   288.1061 9.0359e+01     0.5157      1.294      1.876    29.0728   995.9473 0.0000e+00
      1.403      0.306     7.0767     91.861     28.047  30.238644     2.3063      8.527   288.4601 8.6295e+01     0.6062      1.379      1.999    29.0626   995.9508 0.0000e+00
      1.482      0.311     6.9877     90.631     28.133  30.304671     2.3315      8.512   288.7259 8.2921e+01     0.6171      1.453      2.108    29.0421   995.9572 0.0000e+00
      1.562      0.310     6.9184     89.643     28.146  30.287413     2.3418      8.498   288.9970 7.9577e+01     0.6138      1.530      2.219    28.9887   995.9731 0.0000e+00
      1.645      0.303     6.8630     88.840     28.112  30.220279     2.3791      8.482   289.3295 7.6354e+01     0.6314      1.615      2.341    28.9438   995.9867 0.0000e+00
      1.725      0.294     6.8292     88.359     28.159  30.254328     2.4361      8.466   289.5621 7.3509e+01     0.6331      1.696      2.459    28.9002   995.9997 0.0000e+00
      1.797      0.282     6.8177     88.205     28.221  30.318355     2.4579      8.451   289.8305 7.1309e+01     0.6342      1.764      2.558    28.8583   996.0123 0.0000e+00
      1.865      0.269     6.8114     88.109     28.146  30.233011     2.4523      8.437   290.2516 6.9334e+01     0.6450      1.827      2.649    28.7986   996.0301 0.0000e+00
      1.933      0.259     6.8001     87.929     28.044  30.110746     2.4551      8.422   290.6956 6.7179e+01     0.6660      1.897      2.752    28.7304   996.0502 0.0000e+00
      1.998      0.254     6.7903     87.782     28.049  30.109066     2.4743      8.404   291.1554 6.5286e+01     0.6585      1.964      2.847    28.6986   996.0597 0.0000e+00
      2.054      0.254     6.7847     87.698     28.090  30.149231     2.5021      8.384   291.7671 6.3661e+01     0.6206      2.012      2.919    28.7179   996.0544 0.0000e+00
      2.114      0.257     6.7811     87.635     28.157  30.215669     2.5217      8.364   292.5841 6.1796e+01     0.6008      2.067      2.999    28.7085   996.0573 0.0000e+00
