Data/DataNotYetUploadedToEDI/Raw_CTD/RawDownloads/082420_fcr50.cnv
* Sea-Bird SBE19plus  Data File:
* FileName = C:\DATA\082420_fcr50_0002.hex
* Software version 2.8.0.119
* Temperature SN = 7809
* Conductivity SN = 7809
* System UpLoad Time = Aug 24 2020 18:48:23
* <ApplicationData>
* <Seaterm232>
# nquan = 16
# nvalues = 3785                        
# units = specified
# name 0 = depFM: Depth [fresh water, m]
# name 1 = dz/dtM: Descent Rate [m/s]
# name 2 = sbeox0ML/L: Oxygen, SBE 43 [ml/l]
# name 3 = sbeox0PS: Oxygen, SBE 43 [% saturation]
# name 4 = specc: Specific Conductance [uS/cm]
# name 5 = c0uS/cm: Conductivity [uS/cm]
# name 6 = flECO-AFL: Fluorescence, WET Labs ECO-AFL/FL [mg/m^3]
# name 7 = ph: pH
# name 8 = orp: Oxidation Reduction Potential [mV]
# name 9 = par/sat/log: PAR/Logarithmic, Satlantic
# name 10 = turbWETntu0: Turbidity, WET Labs ECO [NTU]
# name 11 = prdM: Pressure, Strain Gauge [db]
# name 12 = prdE: Pressure, Strain Gauge [psi]
# name 13 = tv290C: Temperature [ITS-90, deg C]
# name 14 = density00: Density [density, kg/m^3]
# name 15 = flag:  0.000e+00
# span 0 =     -0.611,      9.710       
# span 1 =     -4.749,      4.749       
# span 2 =    -0.1748,     5.7730       
# span 3 =     -2.282,     99.283       
# span 4 =      1.732,    400.527       
# span 5 =   1.667539, 297.398863       
# span 6 =    -1.1107,    38.7030       
# span 7 =     11.885,     12.534       
# span 8 = -1240.7455,   257.6121       
# span 9 = 1.2351e-01, 5.0690e+02       
# span 10 =    -0.3471,   231.2883      
# span 11 =     -0.599,      9.523      
# span 12 =     -0.869,     13.811      
# span 13 =    11.6886,    24.8164      
# span 14 =   997.1126,   999.7134      
# span 15 = 0.0000e+00, 0.0000e+00      
# interval = seconds: 0.25
# start_time = Aug 23 2020 19:54:31 [Instrument's time stamp, header]
# bad_flag = -9.990e-29
*END*
[from data line 1356]
      9.702 1.6110e-84     1.6565     21.872     52.709  38.755993     0.2561     12.432   169.5854 1.2372e-01    14.1301      9.514     13.799    11.7620   999.5922 0.0000e+00
      9.702 1.7721e-83     1.6559     21.879     52.619  38.689206     0.2650     12.433   169.2476 1.2375e-01    14.1469      9.515     13.800    11.7613   999.5923 0.0000e+00
      9.702 1.9493e-82     1.6539     21.852     52.610  38.682313     0.2603     12.433   168.6491 1.2373e-01    14.1594      9.515     13.800    11.7607   999.5923 0.0000e+00
      9.702 2.1442e-81     1.6528     21.847     52.683  38.736114     0.2463     12.433   167.5979 1.2370e-01    14.1784      9.514     13.799    11.7609   999.5924 0.0000e+00
      9.702 2.3587e-80     1.6601     21.856     52.728  38.768491     0.2498     12.433   167.4653 1.2366e-01    14.2051      9.514     13.799    11.7615   999.5923 0.0000e+00
      9.702 2.5945e-79     1.6604     21.885     52.883  38.883376     0.2922     12.433   168.5942 1.2365e-01    14.2075      9.515     13.800    11.7612   999.5923 0.0000e+00
      9.702 2.8540e-78     1.6544     21.902     54.226  39.871305     0.3675     12.432   169.0290 1.2370e-01    14.2076      9.514     13.799    11.7602   999.5924 0.0000e+00
      9.702 3.1394e-77     1.6574     21.872     56.022  41.192196     0.4075     12.432   168.2490 1.2373e-01    14.1716      9.514     13.798    11.7599   999.5924 0.0000e+00
      9.702 3.4533e-76     1.6556     21.867     55.523  40.826328     0.4036     12.432   167.1645 1.2368e-01    14.1842      9.514     13.799    11.7601   999.5925 0.0000e+00
      9.702 3.7987e-75     1.6591     21.910     53.646  39.446798     0.4354     12.432   166.8435 1.2368e-01    14.3604      9.514     13.799    11.7604   999.5923 0.0000e+00
      9.703 4.1785e-74     1.6634     21.940     52.759  38.794118     0.5050     12.433   167.3792 1.2368e-01    14.5505      9.515     13.801    11.7608   999.5926 0.0000e+00
      9.703 4.5964e-73     1.6566     21.928     52.649  38.710789     0.5495     12.433   167.7045 1.2368e-01    14.5609      9.515     13.801    11.7615   999.5939 0.0000e+00
      9.702 5.0560e-72     1.6557     21.918     52.626  38.693154     0.5539     12.434   167.3352 1.2368e-01    14.4513      9.514     13.799    11.7627   999.5933 0.0000e+00
      9.702 5.5616e-71     1.6615     21.916     52.561  38.644359     0.5393     12.434   166.6139 1.2368e-01    14.3928      9.515     13.800    11.7639   999.5921 0.0000e+00
      9.702 6.1178e-70     1.6654     21.886     52.541  38.628572     0.5246     12.434   166.0392 1.2368e-01    14.4373      9.514     13.800    11.7626   999.5921 0.0000e+00
      9.702 6.7296e-69     1.6618     21.832     52.542  38.629204     0.5294     12.433   165.8068 1.2371e-01    14.5085      9.514     13.800    11.7602   999.5924 0.0000e+00
      9.702 7.4025e-68     1.6608     21.754     52.487  38.588529     0.5497     12.433   165.9552 1.2373e-01    14.5328      9.515     13.800    11.7589   999.5926 0.0000e+00
      9.702 8.1428e-67     1.6635     21.670     52.477  38.581063     0.5510     12.434   166.1118 1.2372e-01    14.4911      9.515     13.800    11.7581   999.5926 0.0000e+00
      9.702 8.9570e-66     1.6590     21.620     52.507  38.602397     0.5360     12.435   165.9802 1.2372e-01    14.4501      9.514     13.800    11.7576   999.5926 0.0000e+00
      9.702 9.8527e-65     1.6563     21.608     52.494  38.592597     0.5385     12.434   165.7403 1.2371e-01    14.4831      9.515     13.800    11.7574   999.5927 0.0000e+00
      9.702 1.0838e-63     1.6497     21.611     52.491  38.589515     0.5533     12.434   165.1900 1.2369e-01    14.5136      9.515     13.801    11.7571   999.5927 0.0000e+00
      9.702 1.1922e-62     1.6417     21.642     52.546  38.628596     0.5528     12.435   164.4031 1.2369e-01    14.5095      9.515     13.800    11.7569   999.5927 0.0000e+00
      9.702 1.3114e-61     1.6377     21.690     52.623  38.684306     0.5420     12.435   164.1425 1.2372e-01    14.4674      9.515     13.801    11.7570   999.5927 0.0000e+00
      9.702 1.4425e-60     1.6388     21.732     52.633  38.691892     0.5368     12.435   164.4473 1.2373e-01    14.4164      9.514     13.800    11.7565   999.5928 0.0000e+00
      9.702 1.5868e-59     1.6374     21.789     52.585  38.656843     0.5378     12.435   164.7323 1.2367e-01    14.4421      9.514     13.799    11.7555   999.5929 0.0000e+00
      9.703 1.7455e-58     1.6400     21.824     52.564  38.641352     0.5443     12.435   164.1475 1.2365e-01    14.5040      9.515     13.801    11.7540   999.5931 0.0000e+00
      9.703 1.9200e-57     1.6463     21.841     52.551  38.631521     0.5296     12.434   163.0547 1.2366e-01    14.4440      9.515     13.801    11.7533   999.5932 0.0000e+00
      9.703 2.1120e-56     1.6457     21.872     52.510  38.601447     0.4851     12.434   162.7911 1.2371e-01    14.2650      9.515     13.801    11.7540   999.5931 0.0000e+00
      9.703 2.3232e-55     1.6539     21.885     52.501  38.595076     0.4536     12.435   163.2834 1.2375e-01    14.1949      9.515     13.800    11.7540   999.5931 0.0000e+00
      9.703 2.5555e-54     1.6558     21.870     52.533  38.617946     0.4538     12.435   163.8446 1.2372e-01    14.2486      9.515     13.800    11.7536   999.5931 0.0000e+00
      9.703 2.8111e-53     1.6544     21.863     52.542  38.624099     0.4594     12.435   163.3815 1.2371e-01    14.2964      9.515     13.800    11.7532   999.5932 0.0000e+00
      9.702 3.0922e-52     1.6597     21.870     52.517  38.605997     0.4453     12.434   162.0717 1.2372e-01    14.2920      9.515     13.800    11.7532   999.5931 0.0000e+00
      9.702 3.4014e-51     1.6604     21.856     52.494  38.589484     0.4164     12.434   161.5161 1.2375e-01    14.2290      9.515     13.800    11.7539   999.5931 0.0000e+00
      9.703 3.7416e-50     1.6580     21.831     52.528  38.614845     0.3866     12.434   161.9123 1.2379e-01    14.1872      9.515     13.800    11.7533   999.5931 0.0000e+00
      9.703 4.1157e-49     1.6568     21.831     52.587  38.658760     0.3709     12.435   162.5607 1.2382e-01    14.1982      9.515     13.800    11.7529   999.5932 0.0000e+00
      9.703 4.5273e-48     1.6594     21.830     52.610  38.676190     0.3411     12.436   162.9030 1.2377e-01    14.1909      9.515     13.800    11.7535   999.5931 0.0000e+00
      9.703 4.9800e-47     1.6582     21.818     52.640  38.698648     0.2844     12.436   162.6098 1.2367e-01    14.1682      9.515     13.801    11.7536   999.5931 0.0000e+00
      9.703 5.4780e-46     1.6533     21.807     52.696  38.739891     0.2575     12.435   161.8542 1.2367e-01    14.1647      9.515     13.801    11.7538   999.5931 0.0000e+00
      9.703 6.0258e-45     1.6560     21.804     52.684  38.730579     0.2536     12.435   161.4242 1.2377e-01    14.1819      9.515     13.800    11.7540   999.5931 0.0000e+00
      9.703 6.6284e-44     1.6557     21.829     52.574  38.649519     0.2569     12.436   161.5418 1.2379e-01    14.2391      9.515     13.801    11.7543   999.5930 0.0000e+00
      9.703 7.2913e-43     1.6537     21.842     52.574  38.648366     0.2682     12.436   161.7274 1.2370e-01    14.2722      9.515     13.800    11.7547   999.5930 0.0000e+00
      9.703 8.0204e-42     1.6543     21.827     52.667  38.716632     0.2662     12.436   161.9469 1.2364e-01    14.2385      9.515     13.800    11.7553   999.5930 0.0000e+00
      9.703 8.8224e-41     1.6510     21.823     52.662  38.713297     0.2607     12.436   162.0445 1.2359e-01    14.2090      9.515     13.800    11.7552   999.5930 0.0000e+00
      9.703 9.7047e-40     1.6561     21.832     52.605  38.671514     0.2785     12.436   161.7039 1.2354e-01    14.2254      9.515     13.800    11.7538   999.5931 0.0000e+00
      9.703 1.0675e-38     1.6578     21.863     52.583  38.655716     0.3197     12.436   161.3553 1.2359e-01    14.2654      9.515     13.800    11.7526   999.5932 0.0000e+00
      9.703 1.1743e-37     1.6536     21.912     52.660  38.712695     0.3397     12.436   161.3571 1.2365e-01    14.2458      9.515     13.801    11.7524   999.5933 0.0000e+00
      9.703 1.2917e-36     1.6551     21.933     52.936  38.916154     0.3382     12.436   161.8976 1.2370e-01    14.1939      9.515     13.801    11.7532   999.5932 0.0000e+00
      9.703 1.4209e-35     1.6548     21.944     54.372  39.973288     0.3686     12.435   162.6426 1.2375e-01    14.1872      9.515     13.801    11.7539   999.5931 0.0000e+00
      9.703 1.5629e-34     1.6563     21.968     57.952  42.608028     0.4303     12.435   162.7071 1.2374e-01    14.1994      9.515     13.801    11.7543   999.5930 0.0000e+00
      9.703 1.7192e-33     1.6632     21.961     61.285  45.063340     0.4744     12.436   162.4191 1.2373e-01    14.2392      9.516     13.801    11.7546   999.5930 0.0000e+00
      9.703 1.8912e-32     1.6633     21.926     60.370  44.394012     0.4818     12.437   162.1723 1.2370e-01    14.2561      9.516     13.802    11.7552   999.5930 0.0000e+00
      9.703 2.0803e-31     1.6623     21.899     57.208  42.069497     0.4535     12.437   162.4768 1.2365e-01    14.1973      9.515     13.801    11.7559   999.5931 0.0000e+00
      9.703 2.2883e-30     1.6673     21.858     55.524  40.827825     0.4093     12.437   163.4326 1.2365e-01    14.1466      9.516     13.801    11.7577   999.5943 0.0000e+00
      9.703 2.5171e-29     1.6660     21.793     54.121  39.792219     0.3944     12.437   163.7491 1.2367e-01    14.1583      9.516     13.802    11.7619   999.5961 0.0000e+00
      9.703 2.7689e-28     1.6609     21.708     52.883  38.878674     0.4071     12.437   163.4636 1.2369e-01    14.2011      9.516     13.801    11.7670   999.5948 0.0000e+00
      9.704 3.0457e-27     1.6605     21.563     52.599  38.668479     0.4104     12.437   162.9929 1.2371e-01    14.2172      9.516     13.802    11.7676   999.5926 0.0000e+00
      9.704 3.3503e-26     1.6583     21.364     52.571  38.647089     0.3867     12.437   162.3590 1.2372e-01    14.1815      9.516     13.802    11.7627   999.5934 0.0000e+00
      9.704 3.6854e-25     1.6514     21.149     52.534  38.620043     0.3493     12.437   162.6824 1.2369e-01    14.1477      9.516     13.802    11.7587   999.5931 0.0000e+00
      9.704 4.0539e-24     1.6484     20.908     52.673  38.722274     0.3308     12.438   163.8914 1.2366e-01    14.1860      9.516     13.802    11.7563   999.5928 0.0000e+00
      9.704 4.4593e-23     1.6370     20.681     52.872  38.867641     0.3343     12.438   164.4150 1.2367e-01    14.2679      9.516     13.802    11.7547   999.5931 0.0000e+00
      9.704 4.9052e-22     1.6190     20.513     52.768  38.790941     0.3338     12.438   163.9380 1.2372e-01    14.2786      9.516     13.802    11.7544   999.5931 0.0000e+00
      9.704 5.3957e-21     1.6056     20.417     52.622  38.683482     0.3254     12.438   163.1994 1.2372e-01    14.2131      9.516     13.802    11.7543   999.5930 0.0000e+00
      9.704 5.9353e-20     1.5847     20.420     52.573  38.647338     0.3185     12.438   163.1428 1.2369e-01    14.1961      9.516     13.802    11.7541   999.5930 0.0000e+00
      9.704 6.5288e-19     1.5660     20.523     52.520  38.607802     0.3174     12.437   163.7698 1.2367e-01    14.2448      9.516     13.802    11.7535   999.5934 0.0000e+00
      9.704 7.1817e-18     1.5542     20.681     52.491  38.586269     0.3310     12.437   164.1558 1.2370e-01    14.2522      9.516     13.802    11.7534   999.5932 0.0000e+00
      9.704 7.8999e-17     1.5452     20.867     52.480  38.577382     0.3404     12.437   164.1098 1.2372e-01    14.2174      9.517     13.803    11.7535   999.5931 0.0000e+00
      9.704 8.6899e-16     1.5451     21.068     52.462  38.563821     0.3354     12.437   163.9014 1.2370e-01    14.2014      9.517     13.803    11.7533   999.5932 0.0000e+00
      9.704 9.5589e-15     1.5553     21.244     52.443  38.549244     0.3460     12.437   163.7014 1.2371e-01    14.2308      9.516     13.802    11.7528   999.5931 0.0000e+00
      9.704 1.0515e-13     1.5677     21.378     52.415  38.528066     0.3644     12.438   163.6711 1.2375e-01    14.3666      9.516     13.802    11.7525   999.5932 0.0000e+00
      9.704 1.1566e-12     1.5811     21.476     52.374  38.498166     0.3670     12.439   163.7930 1.2373e-01    14.5388      9.516     13.802    11.7517   999.5933 0.0000e+00
      9.704 1.2723e-11     1.5989     21.549     52.383  38.505065     0.3576     12.439   163.7975 1.2369e-01    14.5619      9.517     13.803    11.7507   999.5934 0.0000e+00
      9.704 1.3995e-10     1.6120     21.604     52.441  38.548012     0.3371     12.439   163.7268 1.2374e-01    14.4746      9.516     13.802    11.7505   999.5934 0.0000e+00
      9.705 1.5395e-09     1.6221     21.666     52.476  38.573161     0.3387     12.439   163.7123 1.2378e-01    14.4443      9.517     13.803    11.7503   999.5935 0.0000e+00
      9.705 1.6934e-08     1.6289     21.736     52.453  38.555264     0.3861     12.439   163.2778 1.2371e-01    14.4704      9.517     13.803    11.7504   999.5934 0.0000e+00
      9.705 1.8627e-07     1.6348     21.780     52.409  38.522024     0.4233     12.439   162.5169 1.2371e-01    14.4808      9.518     13.804    11.7507   999.5934 0.0000e+00
      9.705 1.8627e-07     1.6381     21.817     52.364  38.488605     0.4172     12.439   162.3422 1.2384e-01    14.4318      9.517     13.803    11.7507   999.5934 0.0000e+00
      9.705 1.6934e-08     1.6417     21.859     52.337  38.468535     0.3978     12.439   162.8002 1.2390e-01    14.3591      9.517     13.803    11.7505   999.5935 0.0000e+00
      9.705 1.5395e-09     1.6502     21.885     52.340  38.469770     0.4085     12.439   163.2361 1.2384e-01    14.3918      9.517     13.803    11.7499   999.5935 0.0000e+00
      9.705 1.3995e-10     1.6515     21.897     52.386  38.503530     0.4516     12.439   162.6223 1.2376e-01    14.4836      9.517     13.803    11.7488   999.5936 0.0000e+00
      9.705 1.2723e-11     1.6538     21.897     52.462  38.559374     0.4804     12.439   161.3153 1.2371e-01    14.5082      9.517     13.804    11.7481   999.5937 0.0000e+00
      9.705 1.1566e-12     1.6587     21.875     52.482  38.573769     0.4794     12.439   160.8554 1.2369e-01    14.4832      9.517     13.803    11.7478   999.5937 0.0000e+00
      9.705 1.0515e-13     1.6599     21.870     52.537  38.614105     0.4692     12.439   161.1919 1.2370e-01    14.4567      9.517     13.803    11.7470   999.5938 0.0000e+00
      9.705 9.5590e-15     1.6605     21.895     52.781  38.793203     0.4715     12.439   161.7708 1.2372e-01    14.4612      9.517     13.804    11.7465   999.5938 0.0000e+00
      9.705 8.6900e-16     1.6620     21.906     54.044  39.723727     0.4870     12.439   162.0907 1.2375e-01    14.5033      9.517     13.804    11.7467   999.5939 0.0000e+00
      9.705 7.9000e-17     1.6583     21.908     55.317  40.661186     0.4949     12.439   161.3590 1.2378e-01    14.5544      9.517     13.804    11.7470   999.5937 0.0000e+00
      9.705 7.1820e-18     1.6566     21.917     54.464  40.035543     0.4712     12.439   160.0647 1.2372e-01    14.5300      9.517     13.804    11.7463   999.5940 0.0000e+00
      9.704 6.5290e-19     1.6621     21.915     53.159  39.078037     0.4202     12.439   159.7781 1.2367e-01    14.4487      9.517     13.803    11.7460   999.5938 0.0000e+00
      9.704 5.9355e-20     1.6614     21.907     52.774  38.795643     0.4023     12.440   160.3019 1.2372e-01    14.4295      9.517     13.803    11.7483   999.5940 0.0000e+00
      9.704 5.3960e-21     1.6605     21.908     52.579  38.652173     0.4273     12.440   160.5482 1.2374e-01    14.4689      9.517     13.803    11.7504   999.5950 0.0000e+00
      9.705 4.9052e-22     1.6626     21.882     52.526  38.612726     0.4836     12.439   160.2602 1.2373e-01    14.5134      9.518     13.804    11.7514   999.5939 0.0000e+00
