Data/DataNotYetUploadedToEDI/Raw_CTD/RawDownloads/082418_bvr50.cnv
* Sea-Bird SBE19plus  Data File:
* FileName = C:\DATA\082718_fcr_0001.hex
* Software version 2.6.3.104
* Temperature SN = 7809
* Conductivity SN = 7809
* System UpLoad Time = Aug 27 2018 20:55:04
* <ApplicationData>
* <Seaterm232>
# nquan = 17
# nvalues = 1406                        
# units = specified
# name 0 = depFM: Depth [fresh water, m]
# name 1 = tv290C: Temperature [ITS-90, deg C]
# name 2 = sbeox0Mg/L: Oxygen, SBE 43 [mg/l]
# name 3 = sbeox0PS: Oxygen, SBE 43 [% saturation]
# name 4 = c0uS/cm: Conductivity [uS/cm]
# name 5 = specc: Specific Conductance [uS/cm]
# name 6 = ph: pH
# name 7 = orp: Oxidation Reduction Potential [mV]
# name 8 = flECO-AFL: Fluorescence, WET Labs ECO-AFL/FL [mg/m^3]
# name 9 = turbWETntu0: Turbidity, WET Labs ECO [NTU]
# name 10 = sal00: Salinity, Practical [PSU]
# name 11 = dz/dtM: Descent Rate [m/s]
# name 12 = prdM: Pressure, Strain Gauge [db]
# name 13 = prdE: Pressure, Strain Gauge [psi]
# name 14 = scan: Scan Count
# name 15 = par/sat/log: PAR/Logarithmic, Satlantic
# name 16 = flag:  0.000e+00
# span 0 =     -0.556,     10.084       
# span 1 =     7.9059,    26.7970       
# span 2 =     0.0642,     9.4277       
# span 3 =      0.543,    113.196       
# span 4 =   0.648971, 113.292272       
# span 5 =      0.843,    172.145       
# span 6 =     -2.450,      8.744       
# span 7 = -1240.7455,  1240.2295       
# span 8 =    -0.2466,    11.6498       
# span 9 =    -0.3720,    19.9579       
# span 10 =     0.0123,     0.0793      
# span 11 =     -0.055,      0.181      
# span 12 =     -0.545,      9.888      
# span 13 =     -0.791,     14.341      
# span 14 =          1,       1406      
# span 15 = -3.811e+01, 2.3228e+03      
# span 16 = 0.0000e+00, 0.0000e+00      
# interval = seconds: 0.25
# start_time = Aug 24 2018 18:34:52 [Instrument's time stamp, header]
# bad_flag = -9.990e-29
*END*
[from data line 1362]
      9.696     7.9851     0.0726      0.613  96.129405    145.740      6.980     4.1902     1.7914     1.8839     0.0671      0.026      9.507     13.789       1363 1.2549e-01 0.0000e+00
      9.704     7.9804     0.0777      0.655  96.114192    145.538      6.981     3.6981     1.8642     1.8570     0.0670      0.030      9.518     13.804       1364 1.2549e-01 0.0000e+00
      9.718     7.9794     0.0746      0.629  97.075807    147.242      6.987     3.4331     1.8803     1.8705     0.0678      0.038      9.529     13.821       1365 1.2534e-01 0.0000e+00
      9.729     7.9788     0.0708      0.597  96.687883    146.631      6.988     2.5623     1.8601     1.8436     0.0675      0.045      9.543     13.842       1366 1.2530e-01 0.0000e+00
      9.750     7.9672     0.0674      0.569  97.400175    147.355      6.990     2.4109     1.9005     1.9645     0.0678      0.050      9.561     13.867       1367 1.2546e-01 0.0000e+00
      9.769     7.9545     0.0644      0.543 100.146365    152.202      6.993     1.6916     1.8035     2.0719     0.0701      0.055      9.580     13.894       1368 1.2541e-01 0.0000e+00
      9.786     7.9468     0.0707      0.597 100.678562    152.428      6.994     1.3888     1.8035     2.1122     0.0702      0.057      9.597     13.919       1369 1.2548e-01 0.0000e+00
      9.804     7.9424     0.0689      0.581 100.784233    153.082      6.997     0.9723     1.8035     2.1390     0.0705      0.059      9.615     13.944       1370 1.2553e-01 0.0000e+00
      9.822     7.9392     0.0700      0.590 101.175321    153.416      6.999     0.1773     1.8197     2.0853     0.0706      0.064      9.631     13.968       1371 1.2546e-01 0.0000e+00
      9.835     7.9392     0.0770      0.649 101.411844    153.989      7.002    -0.5420     1.8682     1.8167     0.0709      0.067      9.644     13.987       1372 1.2545e-01 0.0000e+00
      9.846     7.9439     0.0739      0.624 101.382563    153.876      7.004    -0.7312     1.8763     1.8302     0.0708      0.066      9.655     14.003       1373 1.2539e-01 0.0000e+00
      9.856     7.9475     0.0735      0.620 101.003474    153.281      7.005    -0.9962     1.8682     1.9107     0.0705      0.063      9.664     14.017       1374 1.2545e-01 0.0000e+00
      9.863     7.9490     0.0693      0.584 101.080206    153.429      7.007    -1.4505     1.8520     1.8570     0.0706      0.056      9.672     14.028       1375 1.2547e-01 0.0000e+00
      9.871     7.9482     0.0760      0.641 100.781223    152.944      7.010    -1.6777     1.8197     1.8973     0.0704      0.050      9.681     14.040       1376 1.2554e-01 0.0000e+00
      9.882     7.9457     0.0736      0.621 101.167263    153.406      7.013    -1.9805     1.7954     1.8436     0.0706      0.045      9.690     14.054       1377 1.2542e-01 0.0000e+00
      9.890     7.9444     0.0726      0.612 101.522211    154.259      7.014    -2.6998     1.8075     1.9376     0.0710      0.040      9.700     14.069       1378 1.2538e-01 0.0000e+00
      9.903     7.9395     0.0729      0.615 102.154609    154.699      7.013    -2.9270     1.8075     1.7765     0.0712      0.038      9.713     14.088       1379 1.2562e-01 0.0000e+00
      9.921     7.9331     0.0701      0.591 104.129744    158.362      7.017    -3.4570     1.8642     1.8436     0.0729      0.040      9.728     14.110       1380 1.2546e-01 0.0000e+00
      9.935     7.9303     0.0749      0.632 104.748077    158.771      7.018    -4.1762     1.8722     1.9107     0.0731      0.043      9.742     14.130       1381 1.2532e-01 0.0000e+00
      9.946     7.9291     0.0729      0.615 104.390755    158.673      7.019    -4.1762     1.8803     1.8436     0.0730      0.046      9.755     14.148       1382 1.2541e-01 0.0000e+00
      9.961     7.9273     0.0771      0.650 104.574432    158.560      7.023    -4.6684     1.8682     1.8705     0.0730      0.050      9.768     14.168       1383 1.2538e-01 0.0000e+00
      9.973     7.9247     0.0683      0.576 105.055201    159.714      7.027    -4.9334     1.9046     1.9107     0.0735      0.052      9.780     14.185       1384 1.2529e-01 0.0000e+00
      9.983     7.9224     0.0701      0.591 105.994789    160.704      7.027    -5.1227     1.9005     1.8973     0.0740      0.052      9.790     14.200       1385 1.2540e-01 0.0000e+00
      9.993     7.9207     0.0723      0.610 107.214735    163.058      7.029    -5.7663     1.8803     1.9376     0.0751      0.051      9.799     14.213       1386 1.2550e-01 0.0000e+00
     10.001     7.9196     0.0758      0.639 107.733649    163.411      7.031    -5.6148     1.9005     2.0047     0.0752      0.048      9.808     14.225       1387 1.2542e-01 0.0000e+00
     10.008     7.9202     0.0770      0.649 108.057562    164.271      7.034    -5.8420     1.9652     2.0450     0.0756      0.043      9.815     14.235       1388 1.2547e-01 0.0000e+00
     10.015     7.9230     0.0722      0.608 108.389203    164.490      7.036    -6.1448     1.9410     2.1390     0.0757      0.040      9.821     14.244       1389 1.2536e-01 0.0000e+00
     10.020     7.9253     0.0731      0.616 108.422262    164.785      7.037    -6.4477     1.9491     2.1390     0.0759      0.036      9.826     14.251       1390 1.2535e-01 0.0000e+00
     10.024     7.9247     0.0678      0.571 108.373613    164.473      7.040    -6.7884     1.9248     2.1927     0.0757      0.031      9.830     14.257       1391 1.2548e-01 0.0000e+00
     10.027     7.9225     0.0680      0.573 108.568809    164.929      7.040    -6.8641     1.9572     1.8973     0.0759      0.026      9.833     14.261       1392 1.2532e-01 0.0000e+00
     10.029     7.9207     0.0661      0.557 108.774670    165.145      7.043    -7.1291     1.9450     1.8839     0.0760      0.022      9.835     14.265       1393 1.2545e-01 0.0000e+00
     10.031     7.9189     0.0679      0.573 108.653220    165.029      7.041    -7.4320     1.9733     1.9107     0.0760      0.019      9.837     14.268       1394 1.2552e-01 0.0000e+00
     10.033     7.9173 -9.990e-29 -9.990e-29 108.303226    164.484      7.045    -7.3184     1.9491     1.9376     0.0757      0.015      9.839     14.270       1395 1.2547e-01 0.0000e+00
     10.034     7.9175 -9.990e-29 -9.990e-29 107.840991    163.769      7.045    -7.8863     1.9208     1.8436     0.0754      0.012      9.842     14.273       1396 1.2549e-01 0.0000e+00
     10.040     7.9185 -9.990e-29 -9.990e-29 108.216420    164.331      7.045    -7.9998     1.7914     1.6422     0.0756      0.011      9.847     14.281       1397 1.2532e-01 0.0000e+00
     10.048     7.9162 -9.990e-29 -9.990e-29 109.562484    166.418      7.047    -8.2270     1.8156     1.5885     0.0766      0.011      9.853     14.291       1398 1.2541e-01 0.0000e+00
     10.055     7.9113 -9.990e-29 -9.990e-29 111.375188    169.140      7.049    -8.9084     1.7833     1.5616     0.0779      0.014      9.860     14.301       1399 1.2545e-01 0.0000e+00
     10.062     7.9078 -9.990e-29 -9.990e-29 112.688399    171.239      7.051    -8.7948     1.7995     1.6556     0.0788      0.017      9.867     14.310       1400 1.2552e-01 0.0000e+00
     10.068     7.9065 -9.990e-29 -9.990e-29 112.959480    171.564      7.052    -9.1734     2.0097     2.1524     0.0790      0.020      9.873     14.319       1401 1.2552e-01 0.0000e+00
     10.073     7.9059 -9.990e-29 -9.990e-29 112.973011    171.666      7.053    -9.4763     2.0259     2.1390     0.0790      0.022      9.878     14.326       1402 1.2528e-01 0.0000e+00
     10.077     7.9080 -9.990e-29 -9.990e-29 113.088386    171.802      7.053    -9.6655     2.0097     2.1390     0.0791      0.024      9.882     14.332       1403 1.2536e-01 0.0000e+00
     10.081     7.9104 -9.990e-29 -9.990e-29 113.292272    172.145      7.056    -9.7034     1.9895     2.0316     0.0793      0.024      9.885     14.337       1404 1.2545e-01 0.0000e+00
     10.082 -9.990e-29 -9.990e-29 -9.990e-29 112.391785    170.857      7.055   -10.4606     2.2604     2.2733     0.0787      0.021      9.887     14.340       1405 1.2543e-01 0.0000e+00
     10.084 -9.990e-29 -9.990e-29 -9.990e-29 111.321134    168.923      7.057   -10.6120     2.2685     2.1927     0.0778      0.018      9.888     14.341       1406 1.2546e-01 0.0000e+00
