Data/DataNotYetUploadedToEDI/Raw_CTD/RawDownloads/082420_fcr50.cnv
* Sea-Bird SBE19plus  Data File:
* FileName = C:\DATA\082420_fcr50_0002.hex
* Software version 2.8.0.119
* Temperature SN = 7809
* Conductivity SN = 7809
* System UpLoad Time = Aug 24 2020 18:48:23
* <ApplicationData>
* <Seaterm232>
# nquan = 16
# nvalues = 3785                        
# units = specified
# name 0 = depFM: Depth [fresh water, m]
# name 1 = dz/dtM: Descent Rate [m/s]
# name 2 = sbeox0ML/L: Oxygen, SBE 43 [ml/l]
# name 3 = sbeox0PS: Oxygen, SBE 43 [% saturation]
# name 4 = specc: Specific Conductance [uS/cm]
# name 5 = c0uS/cm: Conductivity [uS/cm]
# name 6 = flECO-AFL: Fluorescence, WET Labs ECO-AFL/FL [mg/m^3]
# name 7 = ph: pH
# name 8 = orp: Oxidation Reduction Potential [mV]
# name 9 = par/sat/log: PAR/Logarithmic, Satlantic
# name 10 = turbWETntu0: Turbidity, WET Labs ECO [NTU]
# name 11 = prdM: Pressure, Strain Gauge [db]
# name 12 = prdE: Pressure, Strain Gauge [psi]
# name 13 = tv290C: Temperature [ITS-90, deg C]
# name 14 = density00: Density [density, kg/m^3]
# name 15 = flag:  0.000e+00
# span 0 =     -0.611,      9.710       
# span 1 =     -4.749,      4.749       
# span 2 =    -0.1748,     5.7730       
# span 3 =     -2.282,     99.283       
# span 4 =      1.732,    400.527       
# span 5 =   1.667539, 297.398863       
# span 6 =    -1.1107,    38.7030       
# span 7 =     11.885,     12.534       
# span 8 = -1240.7455,   257.6121       
# span 9 = 1.2351e-01, 5.0690e+02       
# span 10 =    -0.3471,   231.2883      
# span 11 =     -0.599,      9.523      
# span 12 =     -0.869,     13.811      
# span 13 =    11.6886,    24.8164      
# span 14 =   997.1126,   999.7134      
# span 15 = 0.0000e+00, 0.0000e+00      
# interval = seconds: 0.25
# start_time = Aug 23 2020 19:54:31 [Instrument's time stamp, header]
# bad_flag = -9.990e-29
*END*
[from data line 3255]
      9.704 -2.121e-14     1.6440     21.744     51.978  38.170225     0.1832     12.506   165.2444 1.2369e-01    14.4052      9.516     13.802    11.7154   999.5974 0.0000e+00
      9.704 -2.333e-13     1.6433     21.758     51.958  38.155292     0.1930     12.506   165.9497 1.2364e-01    14.4579      9.517     13.803    11.7153   999.5973 0.0000e+00
      9.704 -2.566e-12     1.6432     21.781     51.978  38.169983     0.2207     12.505   166.3562 1.2360e-01    14.5194      9.517     13.803    11.7153   999.5972 0.0000e+00
      9.704 -2.822e-11     1.6491     21.811     51.961  38.157458     0.2512     12.503   166.2867 1.2366e-01    14.4964      9.517     13.803    11.7150   999.5972 0.0000e+00
      9.703 -3.105e-10     1.6509     21.850     52.011  38.194251     0.2569     12.503   166.0562 1.2374e-01    14.4204      9.516     13.802    11.7148   999.5972 0.0000e+00
      9.703 -3.415e-09     1.6502     21.864     52.065  38.234046     0.2519     12.504   165.6337 1.2370e-01    14.3896      9.516     13.802    11.7149   999.5972 0.0000e+00
      9.704 -3.757e-08     1.6536     21.846     52.011  38.194341     0.2478     12.505   165.2217 1.2367e-01    14.4323      9.516     13.802    11.7149   999.5972 0.0000e+00
      9.704 -4.132e-07     1.6541     21.837     51.961  38.158460     0.2364     12.505   165.4637 1.2372e-01    14.4912      9.516     13.802    11.7149   999.5972 0.0000e+00
      9.704     -0.000     1.6596     21.852     51.905  38.117537     0.2194     12.505   166.0647 1.2371e-01    14.4831      9.516     13.802    11.7149   999.5972 0.0000e+00
      9.703     -0.000     1.6606     21.864     51.855  38.080343     0.1942     12.505   166.4660 1.2368e-01    14.4035      9.516     13.801    11.7151   999.5973 0.0000e+00
      9.703     -0.001     1.6573     21.856     51.868  38.089557     0.1694     12.505   166.7015 1.2364e-01    14.3522      9.516     13.802    11.7154   999.5972 0.0000e+00
      9.703     -0.001     1.6560     21.834     51.886  38.102007     0.1491     12.505   166.5036 1.2363e-01    14.3787      9.516     13.802    11.7155   999.5971 0.0000e+00
      9.703     -0.002     1.6588     21.825     51.976  38.167413     0.1390     12.506   166.1381 1.2372e-01    14.4484      9.516     13.801    11.7154   999.5972 0.0000e+00
      9.703     -0.002     1.6598     21.835     52.083  38.245699     0.1334     12.506   166.3251 1.2376e-01    14.4742      9.516     13.801    11.7153   999.5971 0.0000e+00
      9.702     -0.003     1.6592     21.838     53.005  38.921608     0.1196     12.505   167.0436 1.2373e-01    14.4500      9.515     13.800    11.7150   999.5973 0.0000e+00
      9.701     -0.004     1.6568     21.839     57.058  41.896737     0.0875     12.505   167.9436 1.2373e-01    14.5337      9.514     13.799    11.7146   999.5971 0.0000e+00
      9.700     -0.006     1.6549     21.840     66.842  49.080369     0.0305     12.506   167.9993 1.2375e-01    14.6961      9.512     13.797    11.7142   999.5974 0.0000e+00
      9.698     -0.010     1.6585     21.834     83.865  61.582473    -0.0066     12.507   167.2017 1.2375e-01    14.7661      9.510     13.794    11.7133   999.5972 0.0000e+00
      9.697     -0.016     1.6569     21.825    108.300  79.534490    -0.0086     12.507   166.9895 1.2367e-01    14.7271      9.509     13.792    11.7125   999.5978 0.0000e+00
      9.693     -0.026     1.6576     21.813    114.742  84.279830     0.0634     12.506   166.2081 1.2362e-01    14.7056      9.507     13.789    11.7117   999.5981 0.0000e+00
      9.688     -0.045     1.6580     21.797     87.633  64.383122     0.2157     12.505   164.1204 1.2369e-01    14.7815      9.502     13.782    11.7106   999.6026 0.0000e+00
      9.680     -0.071     1.6570     21.755     64.026  47.052843     0.3154     12.504   162.9999 1.2376e-01    14.8894      9.495     13.771    11.7105   999.6063 0.0000e+00
      9.666     -0.099     1.6562     21.604     59.755  43.920162     0.3346     12.505   163.5005 1.2371e-01    14.9799      9.483     13.754    11.7141   999.6183 0.0000e+00
      9.638     -0.120     1.6551     21.257     60.420  44.412477     0.2964     12.506   164.4945 1.2368e-01    15.0862      9.459     13.719    11.7233   999.6268 0.0000e+00
      9.592     -0.132     1.6532     20.644     61.394  45.132874     0.2159     12.506   164.8664 1.2371e-01    15.2469      9.410     13.649    11.7359   999.6038 0.0000e+00
      9.538     -0.135     1.6527     19.704     61.306  45.075333     0.1714     12.506   164.5544 1.2375e-01    15.3779      9.349     13.559    11.7451   999.5938 0.0000e+00
      9.495     -0.129     1.6441     18.518     62.557  46.002503     0.1683     12.506   164.5089 1.2376e-01    15.4003      9.304     13.494    11.7482   999.5960 0.0000e+00
      9.469     -0.117     1.6179     17.264     64.695  47.580933     0.1598     12.506   164.8318 1.2375e-01    15.2772      9.282     13.462    11.7497   999.5944 0.0000e+00
      9.452     -0.105     1.5757     16.095     64.781  47.651715     0.1348     12.506   165.1887 1.2372e-01    15.0564      9.270     13.444    11.7532   999.5959 0.0000e+00
      9.435     -0.098     1.5010     15.161     63.777  46.922301     0.1144     12.506   165.7275 1.2369e-01    14.9964      9.255     13.423    11.7594   999.5937 0.0000e+00
      9.413     -0.100     1.4047     14.601     62.770  46.190809     0.1039     12.506   166.1842 1.2369e-01    16.0294      9.234     13.392    11.7659   999.5938 0.0000e+00
      9.385     -0.110     1.3064     14.447     61.440  45.220132     0.1312     12.506   166.1501 1.2369e-01    27.8892      9.205     13.351    11.7708   999.5944 0.0000e+00
      9.354     -0.125     1.2138     14.630     59.532  43.820645     0.2162     12.505   166.0906 1.2368e-01    49.6260      9.172     13.303    11.7760   999.5932 0.0000e+00
      9.321     -0.138     1.1378     15.039     57.356  42.220890     0.2729     12.505   166.3251 1.2368e-01    61.3486      9.142     13.259    11.7828   999.5920 0.0000e+00
      9.284     -0.148     1.0949     15.544     56.454  41.557777     0.2636     12.505   167.0055 1.2371e-01    61.2719      9.108     13.209    11.7909   999.5906 0.0000e+00
      9.243     -0.156     1.0854     16.044     56.744  41.770143     0.2371     12.506   167.9504 1.2376e-01    49.7289      9.066     13.148    11.7982   999.5891 0.0000e+00
      9.200     -0.161     1.1018     16.476     56.535  41.614699     0.2199     12.506   168.4575 1.2377e-01    28.5584      9.023     13.085    11.8023   999.5879 0.0000e+00
      9.156     -0.163     1.1369     16.808     56.235  41.392310     0.2169     12.505   168.4047 1.2373e-01    17.0660      8.980     13.024    11.8037   999.5864 0.0000e+00
      9.113     -0.163     1.1777     17.075     56.287  41.429979     0.2016     12.505   168.1729 1.2369e-01    16.0395      8.937     12.961    11.8042   999.5858 0.0000e+00
      9.071     -0.159     1.2167     17.326     56.036  41.244938     0.1780     12.505   168.9246 1.2371e-01    15.8728      8.894     12.900    11.8038   999.5863 0.0000e+00
      9.033     -0.153     1.2514     17.584     56.214  41.376692     0.2075     12.506   170.4382 1.2369e-01    15.7023      8.858     12.849    11.8020   999.5860 0.0000e+00
      8.994     -0.147     1.2748     17.856     57.673  42.451667     0.2917     12.506   171.0717 1.2364e-01    15.5228      8.822     12.794    11.8003   999.5858 0.0000e+00
      8.954     -0.144     1.2931     18.113     59.460  43.768133     0.3474     12.506   170.8197 1.2366e-01    15.4531      8.778     12.729    11.7995   999.5860 0.0000e+00
      8.921     -0.141     1.3130     18.407     59.291  43.645292     0.3376     12.506   170.4028 1.2371e-01    15.4086      8.747     12.686    11.7991   999.5854 0.0000e+00
      8.891     -0.134     1.3302     18.776     57.114  42.045374     0.3159     12.506   171.0218 1.2375e-01    15.1570      8.724     12.654    11.7998   999.5852 0.0000e+00
      8.854     -0.122     1.3544     19.131     55.336  40.738416     0.3135     12.505   172.5383 1.2375e-01    14.7801      8.685     12.596    11.8007   999.5855 0.0000e+00
      8.814     -0.112     1.3710     19.425     54.980  40.475439     0.3181     12.505   173.2528 1.2370e-01    14.6282      8.639     12.530    11.8013   999.5864 0.0000e+00
      8.782     -0.109     1.3900     19.680     55.643  40.960382     0.3341     12.505   173.1210 1.2365e-01    14.6936      8.605     12.482    11.8029   999.5861 0.0000e+00
      8.766     -0.114     1.4237     19.904     56.414  41.523802     0.2975     12.507   172.8378 1.2364e-01    14.7128      8.593     12.463    11.8058   999.5843 0.0000e+00
      8.756     -0.120     1.4507     20.082     56.919  41.892262     0.1903     12.508   173.2699 1.2365e-01    14.6540      8.592     12.462    11.8080   999.5835 0.0000e+00
      8.731     -0.123     1.4718     20.182     56.878  41.860601     0.1246     12.508   174.4734 1.2371e-01    14.6005      8.573     12.432    11.8073   999.5834 0.0000e+00
      8.686     -0.121     1.4913     20.207     55.815  41.077453     0.1138     12.506   175.2582 1.2376e-01    14.6156      8.522     12.359    11.8040   999.5839 0.0000e+00
      8.631     -0.114     1.5086     20.216     54.665  40.230930     0.1164     12.506   175.4458 1.2373e-01    14.6993      8.458     12.268    11.7996   999.5843 0.0000e+00
      8.589     -0.102     1.5233     20.238     54.275  39.940691     0.1180     12.506   175.2791 1.2369e-01    14.7199      8.413     12.202    11.7963   999.5846 0.0000e+00
      8.572     -0.088     1.5316     20.239     54.335  39.980214     0.1140     12.505   174.9634 1.2369e-01    14.6582      8.401     12.184    11.7952   999.5850 0.0000e+00
      8.571     -0.081     1.5310     20.219     54.470  40.074074     0.1164     12.505   175.0696 1.2370e-01    14.6399      8.406     12.192    11.7956   999.5843 0.0000e+00
      8.571     -0.087     1.5300     20.223     54.545  40.123445     0.0897     12.507   175.5313 1.2369e-01    14.6711      8.408     12.195    11.7954   999.5838 0.0000e+00
      8.559     -0.104     1.5346     20.267     54.564  40.132845     0.0295     12.508   175.9858 1.2365e-01    14.6915      8.401     12.185    11.7928   999.5840 0.0000e+00
      8.526     -0.123     1.5341     20.302     54.469  40.060768    -0.0105     12.508   176.3491 1.2363e-01    14.6810      8.372     12.142    11.7880   999.5845 0.0000e+00
      8.471     -0.134     1.5314     20.305     54.234  39.886693    -0.0127     12.508   176.2240 1.2363e-01    14.6470      8.310     12.052    11.7819   999.5850 0.0000e+00
      8.411     -0.138     1.5309     20.338     54.039  39.741874     0.0027     12.508   175.7644 1.2360e-01    14.6234      8.240     11.951    11.7767   999.5852 0.0000e+00
      8.371     -0.138     1.5360     20.392     53.820  39.579221     0.0337     12.507   175.7817 1.2356e-01    14.6022      8.200     11.893    11.7730   999.5855 0.0000e+00
      8.354     -0.135     1.5413     20.431     53.637  39.443394     0.0857     12.507   176.0883 1.2357e-01    14.5618      8.191     11.881    11.7705   999.5857 0.0000e+00
      8.343     -0.131     1.5368     20.479     53.624  39.432496     0.1160     12.507   176.3744 1.2363e-01    14.5125      8.188     11.878    11.7693   999.5856 0.0000e+00
      8.315     -0.131     1.5408     20.550     53.646  39.447466     0.1140     12.508   176.7456 1.2367e-01    14.4532      8.164     11.840    11.7685   999.5856 0.0000e+00
      8.269     -0.136     1.5473     20.652     53.716  39.497454     0.0795     12.508   176.4476 1.2369e-01    14.4624      8.111     11.763    11.7673   999.5854 0.0000e+00
      8.218     -0.144     1.5476     20.752     53.761  39.529128     0.0235     12.507   175.5244 1.2371e-01    14.5902      8.055     11.682    11.7661   999.5851 0.0000e+00
      8.176     -0.146     1.5523     20.805     53.653  39.449599     0.0086     12.507   175.2198 1.2369e-01    14.6932      8.013     11.623    11.7646   999.5852 0.0000e+00
      8.145     -0.141     1.5566     20.850     53.447  39.297533     0.0147     12.507   175.6900 1.2363e-01    14.6777      7.986     11.584    11.7633   999.5851 0.0000e+00
      8.115     -0.132     1.5651     20.925     53.248  39.150339    -0.0077     12.507   176.3045 1.2362e-01    14.5752      7.960     11.545    11.7622   999.5852 0.0000e+00
      8.085     -0.126     1.5757     20.980     53.135  39.066242    -0.0436     12.507   176.1114 1.2368e-01    14.4487      7.929     11.501    11.7613   999.5852 0.0000e+00
      8.053     -0.125     1.5775     20.987     53.104  39.042358    -0.0567     12.507   175.1614 1.2374e-01    14.4183      7.897     11.454    11.7609   999.5850 0.0000e+00
      8.019     -0.125     1.5785     20.986     53.118  39.051969    -0.0426     12.507   174.6274 1.2375e-01    14.4480      7.864     11.406    11.7603   999.5849 0.0000e+00
      7.986     -0.123     1.5876     21.004     53.211  39.118979    -0.0151     12.507   174.9027 1.2370e-01    14.4984      7.832     11.359    11.7596   999.5847 0.0000e+00
      7.954     -0.117     1.5926     21.050     53.346  39.217868     0.0184     12.507   175.6504 1.2362e-01    14.5810      7.801     11.314    11.7587   999.5846 0.0000e+00
      7.922     -0.110     1.5908     21.090     53.193  39.105153     0.0374     12.507   175.9245 1.2359e-01    14.6230      7.768     11.266    11.7575   999.5846 0.0000e+00
      7.892     -0.107     1.5909     21.093     52.742  38.771668     0.0435     12.507   175.5499 1.2361e-01    14.6973      7.735     11.219    11.7565   999.5846 0.0000e+00
      7.870     -0.111     1.5913     21.078     52.443  38.549598     0.0349     12.507   175.3366 1.2361e-01    14.7241      7.715     11.189    11.7558   999.5845 0.0000e+00
      7.854     -0.119     1.5963     21.075     52.398  38.514609     0.0004     12.507   175.4115 1.2366e-01    14.6041      7.705     11.175    11.7552   999.5847 0.0000e+00
      7.830     -0.124     1.6007     21.084     52.434  38.539032    -0.0314     12.507   175.8529 1.2374e-01    14.5169      7.687     11.148    11.7548   999.5846 0.0000e+00
      7.790     -0.123     1.5998     21.104     52.334  38.464080    -0.0353     12.507   176.6298 1.2373e-01    14.5273      7.642     11.084    11.7536   999.5842 0.0000e+00
      7.741     -0.115     1.5977     21.133     52.122  38.306516    -0.0082     12.507   176.9751 1.2368e-01    14.5928      7.587     11.005    11.7513   999.5842 0.0000e+00
      7.699     -0.100     1.5980     21.167     51.921  38.157159     0.0293     12.507   176.7580 1.2367e-01    14.6908      7.544     10.942    11.7489   999.5842 0.0000e+00
      7.673     -0.080     1.5988     21.234     51.698  37.991023     0.0469     12.507   176.5862 1.2369e-01    14.7173      7.517     10.903    11.7470   999.5844 0.0000e+00
      7.666     -0.062     1.5997     21.315     51.644  37.947910     0.0514     12.507   176.7051 1.2374e-01    14.6723      7.515     10.898    11.7456   999.5845 0.0000e+00
      7.670     -0.056     1.6037     21.367     51.743  38.016686     0.0648     12.507   176.9044 1.2378e-01    14.6956      7.525     10.914    11.7446   999.5845 0.0000e+00
      7.669     -0.065     1.6036     21.397     51.807  38.060990     0.0851     12.508   177.1893 1.2375e-01    14.6904      7.525     10.913    11.7433   999.5847 0.0000e+00
      7.657     -0.085     1.6098     21.412     51.867  38.102789     0.0956     12.508   177.6545 1.2363e-01    14.5414      7.514     10.898    11.7407   999.5847 0.0000e+00
      7.629     -0.112     1.6186     21.432     51.921  38.141268     0.0880     12.507   177.9694 1.2354e-01    14.4038      7.488     10.860    11.7370   999.5850 0.0000e+00
