Data/DataNotYetUploadedToEDI/Raw_CTD/RawDownloads/082418_fcr50.cnv
* Sea-Bird SBE19plus  Data File:
* FileName = C:\DATA\082718_fcr_0002.hex
* Software version 2.6.3.104
* Temperature SN = 7809
* Conductivity SN = 7809
* System UpLoad Time = Aug 27 2018 20:55:31
* <ApplicationData>
* <Seaterm232>
# nquan = 17
# nvalues = 851                         
# units = specified
# name 0 = depFM: Depth [fresh water, m]
# name 1 = tv290C: Temperature [ITS-90, deg C]
# name 2 = sbeox0Mg/L: Oxygen, SBE 43 [mg/l]
# name 3 = sbeox0PS: Oxygen, SBE 43 [% saturation]
# name 4 = c0uS/cm: Conductivity [uS/cm]
# name 5 = specc: Specific Conductance [uS/cm]
# name 6 = ph: pH
# name 7 = orp: Oxidation Reduction Potential [mV]
# name 8 = flECO-AFL: Fluorescence, WET Labs ECO-AFL/FL [mg/m^3]
# name 9 = turbWETntu0: Turbidity, WET Labs ECO [NTU]
# name 10 = sal00: Salinity, Practical [PSU]
# name 11 = dz/dtM: Descent Rate [m/s]
# name 12 = prdM: Pressure, Strain Gauge [db]
# name 13 = prdE: Pressure, Strain Gauge [psi]
# name 14 = scan: Scan Count
# name 15 = par/sat/log: PAR/Logarithmic, Satlantic
# name 16 = flag:  0.000e+00
# span 0 =     -0.510,      9.708       
# span 1 =    11.6693,    26.2335       
# span 2 =     0.0610,    10.0084       
# span 3 =      0.563,    120.630       
# span 4 =  -0.722618, 152.253793       
# span 5 =     -0.020,    207.020       
# span 6 =      6.228,      8.113       
# span 7 =  -981.8019,  1240.2295       
# span 8 =    -2.0703,   258.0773       
# span 9 =    -0.3317,    59.7852       
# span 10 =     0.0000,     0.0975      
# span 11 =     -0.064,      0.144      
# span 12 =     -0.500,      9.519      
# span 13 =     -0.725,     13.806      
# span 14 =          1,        851      
# span 15 = -2.764e+01, 2.1853e+03      
# span 16 = 0.0000e+00, 0.0000e+00      
# interval = seconds: 0.25
# start_time = Aug 24 2018 20:27:13 [Instrument's time stamp, header]
# bad_flag = -9.990e-29
*END*
[from data line 681]
      6.636    12.0429     0.0884      0.819  55.357205     74.557      6.271   204.9472     0.8290    12.9619     0.0366      0.082      6.504      9.433        682 2.1167e-01 0.0000e+00
      6.642    12.0445     0.0899      0.833  56.242816     75.999      6.267   206.1208     0.8452    13.0156     0.0372      0.082      6.515      9.449        683 2.0722e-01 0.0000e+00
      6.652    12.0438     0.0865      0.802  56.718108     76.563      6.262   205.2879     0.7521    13.1499     0.0375      0.080      6.528      9.467        684 2.1730e-01 0.0000e+00
      6.676    12.0379     0.0859      0.796  56.398607     76.069      6.262   204.0008     0.8128    13.0291     0.0372      0.079      6.548      9.497        685 1.9941e-01 0.0000e+00
      6.703    12.0228     0.0851      0.788  55.987256     75.655      6.256   204.0765     0.7885    13.0291     0.0371      0.080      6.572      9.531        686 2.0319e-01 0.0000e+00
      6.724    12.0036     0.0841      0.779  53.400305     72.116      6.254   204.2279     0.7805    13.0694     0.0355      0.077      6.593      9.561        687 1.8977e-01 0.0000e+00
      6.739    11.9882     0.0851      0.789  50.712269     68.331      6.250   204.0386     0.7198    13.6199     0.0338      0.073      6.611      9.587        688 1.8584e-01 0.0000e+00
      6.758    11.9778     0.0844      0.782  50.723984     68.593      6.253   204.5308     0.7198    13.8079     0.0339      0.071      6.632      9.618        689 1.9711e-01 0.0000e+00
      6.789    11.9681     0.0829      0.768  50.120617     67.828      6.254   204.4172     0.7481    13.7139     0.0336      0.077      6.659      9.658        690 1.8873e-01 0.0000e+00
      6.823    11.9580     0.0813      0.753  48.613896     65.578      6.253   203.9251     0.7036    13.5528     0.0325      0.087      6.688      9.700        691 1.8269e-01 0.0000e+00
      6.847    11.9502     0.0839      0.777  48.473632     65.671      6.252   203.8494     0.7238    13.7542     0.0326      0.093      6.711      9.733        692 1.3965e-01 0.0000e+00
      6.860    11.9460     0.0857      0.794  48.633141     65.689      6.251   204.1901     0.7158    13.6065     0.0326      0.093      6.727      9.757        693 1.4599e-01 0.0000e+00
      6.873    11.9423     0.0860      0.796  48.860572     66.195      6.252   203.8115     0.7441    13.6333     0.0328      0.089      6.744      9.781        694 1.7127e-01 0.0000e+00
      6.899    11.9367     0.0844      0.782  48.398354     65.483      6.258   203.6601     0.7077    13.7408     0.0325      0.089      6.765      9.812        695 1.3606e-01 0.0000e+00
      6.924    11.9315     0.0807      0.748  47.961897     64.846      6.261   204.4172     0.8371    12.0354     0.0322      0.089      6.787      9.843        696 1.4584e-01 0.0000e+00
      6.940    11.9268     0.0842      0.780  48.127593     65.235      6.263   203.8494     0.8735    11.9951     0.0324      0.085      6.804      9.868        697 1.6698e-01 0.0000e+00
      6.951    11.9225     0.0787      0.729  47.836022     64.676      6.266   202.6758     0.8532    12.0220     0.0321      0.078      6.818      9.889        698 1.3300e-01 0.0000e+00
      6.967    11.9195     0.0812      0.752  47.820241     64.797      6.271   201.9565     0.8573    11.9414     0.0322      0.072      6.835      9.915        699 1.3800e-01 0.0000e+00
      6.994    11.9176     0.0777      0.719  48.117557     65.108      6.271   203.3572     0.8371    11.9011     0.0323      0.072      6.860      9.951        700 1.6456e-01 0.0000e+00
      7.027    11.9163     0.0755      0.699  48.296985     65.454      6.274   203.5086     0.8532    10.9880     0.0325      0.078      6.889      9.992        701 1.3551e-01 0.0000e+00
      7.054    11.9144     0.0821      0.760  48.605986     65.761      6.272   203.0922     0.8452    10.9209     0.0326      0.083      6.915     10.030        702 1.1772e-01 0.0000e+00
      7.073    11.9130     0.0839      0.777  48.979491     66.407      6.276   201.8808     0.8290    10.8940     0.0329      0.085      6.937     10.061        703 1.3965e-01 0.0000e+00
      7.095    11.9123     0.0871      0.807  49.464481     66.903      6.278   201.9565     0.8330    10.9075     0.0331      0.088      6.960     10.095        704 1.5891e-01 0.0000e+00
      7.125    11.9110     0.0841      0.779  50.406456     68.345      6.274   200.6693     0.8047    12.2637     0.0338      0.094      6.985     10.130        705 1.3212e-01 0.0000e+00
      7.145    11.9100     0.0819      0.759  51.012680     69.066      6.275   201.7672     0.7845    12.1428     0.0341      0.098      7.005     10.160        706 1.2189e-01 0.0000e+00
      7.159    11.9097     0.0842      0.779  51.114187     69.258      6.276   201.3886     0.7845    12.2234     0.0342      0.095      7.022     10.185        707 1.3150e-01 0.0000e+00
      7.180    11.9092     0.0836      0.774  51.378350     69.563      6.274   201.2372     0.7805    12.1294     0.0343      0.090      7.042     10.213        708 1.2486e-01 0.0000e+00
      7.203    11.9087     0.0789      0.730  51.782176     70.170      6.276   198.0572     0.7036    12.7874     0.0346      0.085      7.062     10.242        709 1.2795e-01 0.0000e+00
      7.219    11.9077     0.0816      0.756  52.036394     70.474      6.276   198.8522     0.6875    12.8679     0.0347      0.082      7.080     10.268        710 1.2551e-01 0.0000e+00
      7.236    11.9061     0.0780      0.722  52.189929     70.702      6.275   199.0036     0.7319    12.8411     0.0348      0.079      7.096     10.292        711 1.2553e-01 0.0000e+00
      7.253    11.9045     0.0796      0.737  52.451921     71.045      6.274   200.3286     0.7198    12.8948     0.0349      0.076      7.112     10.315        712 1.2539e-01 0.0000e+00
      7.266    11.9030     0.0724      0.670  52.660226     71.352      6.274   200.5936     0.6672    13.0559     0.0351      0.071      7.127     10.336        713 1.2581e-01 0.0000e+00
      7.281    11.9014     0.0815      0.754  52.732163     71.430      6.273   195.7100     0.6713    13.0156     0.0351      0.068      7.144     10.360        714 1.2534e-01 0.0000e+00
      7.306    11.8993     0.0802      0.743  52.926397     71.698      6.272   196.7322     0.6632    13.0828     0.0352      0.069      7.164     10.390        715 1.2609e-01 0.0000e+00
      7.328    11.8979     0.0806      0.746  53.249672     72.156      6.271   198.4358     0.6632    13.0022     0.0354      0.069      7.183     10.419        716 1.2501e-01 0.0000e+00
      7.340    11.8979     0.0837      0.775  53.457874     72.426      6.269   198.6251     0.7158    12.5725     0.0356      0.068      7.199     10.443        717 1.2667e-01 0.0000e+00
      7.358    11.8978     0.0783      0.725  53.646901     72.694      6.267   195.6343     0.7319    12.6531     0.0357      0.069      7.219     10.471        718 1.3202e-01 0.0000e+00
      7.388    11.8967     0.0823      0.761  54.112798     73.300      6.268   195.8615     0.7319    12.5994     0.0360      0.073      7.246     10.509        719 1.2744e-01 0.0000e+00
      7.419    11.8959     0.0818      0.757  54.867050     74.362      6.264   196.8079     0.7319    12.4785     0.0364      0.080      7.274     10.550        720 1.2493e-01 0.0000e+00
      7.444    11.8956     0.0822      0.761  55.409750     75.084      6.260   196.9215     0.7198    12.6397     0.0367      0.086      7.299     10.586        721 1.2604e-01 0.0000e+00
      7.466    11.8948     0.0771      0.714  55.604601     75.352      6.261   197.3000     0.7036    12.4114     0.0369      0.090      7.323     10.621        722 1.2534e-01 0.0000e+00
      7.492    11.8939     0.0807      0.747  55.782397     75.580      6.261   196.5429     0.7117    12.3980     0.0370      0.093      7.350     10.661        723 1.2575e-01 0.0000e+00
      7.530    11.8914     0.0778      0.720  56.435418     76.453      6.257   196.7700     0.7158    12.3577     0.0374      0.100      7.383     10.710        724 1.2553e-01 0.0000e+00
      7.567    11.8890     0.0784      0.726  57.671836     78.161      6.252   197.2622     0.7238    12.3980     0.0381      0.109      7.415     10.755        725 1.2561e-01 0.0000e+00
      7.588    11.8891     0.0804      0.745  58.400383     79.191      6.250   197.7543     0.7158    12.1697     0.0386      0.113      7.438     10.788        726 1.2541e-01 0.0000e+00
      7.600    11.8892     0.0782      0.724  58.290045     78.969      6.250   197.7165     0.7077    12.2100     0.0385      0.109      7.455     10.813        727 1.2549e-01 0.0000e+00
      7.621    11.8877     0.0837      0.776  58.640530     79.461      6.249   197.7165     0.7319    12.2100     0.0387      0.104      7.475     10.842        728 1.2556e-01 0.0000e+00
      7.647    11.8864     0.0760      0.704  60.072454     81.395      6.248   197.4893     0.7360    12.2503     0.0396      0.102      7.492     10.867        729 1.2541e-01 0.0000e+00
      7.651    11.8860     0.0792      0.734  60.665211     82.347      6.245   198.3222     0.7319    11.7266     0.0400      0.093      7.498     10.876        730 1.2534e-01 0.0000e+00
      7.640    11.8863     0.0778      0.720  59.417271     80.453      6.244   198.0572     0.6996    11.8340     0.0391      0.075      7.496     10.873        731 1.2539e-01 0.0000e+00
      7.643    11.8866     0.0762      0.706  58.952982     79.885      6.245   197.1108     0.7158    11.7668     0.0389      0.055      7.497     10.874        732 1.2552e-01 0.0000e+00
      7.652    11.8870     0.0750      0.695  59.550413     80.757      6.245   197.5650     0.7158    11.7266     0.0393      0.040      7.502     10.882        733 1.2545e-01 0.0000e+00
      7.655    11.8893     0.0767      0.711  59.386430     80.491      6.248   195.9750     0.7198    11.9951     0.0392      0.030      7.507     10.888        734 1.2540e-01 0.0000e+00
      7.657    11.8949     0.0807      0.747  59.067969     80.035      6.250   195.7858     0.7441    12.0757     0.0390      0.022      7.510     10.893        735 1.2564e-01 0.0000e+00
      7.664    11.9031     0.0784      0.726  59.412242     80.522      6.251   194.5743     0.6915    11.9683     0.0392      0.015      7.515     10.900        736 1.2558e-01 0.0000e+00
      7.668    11.9092     0.0828      0.767  59.254923     80.359      6.253   195.4072     0.7117    11.9951     0.0391      0.011      7.519     10.906        737 1.2557e-01 0.0000e+00
      7.670    11.9104     0.0834      0.772  58.818343     79.582      6.255   195.1422     0.6996    11.5789     0.0388      0.014      7.523     10.911        738 1.2567e-01 0.0000e+00
      7.676    11.9117     0.0752      0.696  59.242907     80.327      6.259   194.1958     0.7117    11.4849     0.0391      0.017      7.528     10.918        739 1.2556e-01 0.0000e+00
      7.682    11.9146     0.0783      0.725  59.379812     80.400      6.263   193.1736     0.7521    11.5117     0.0391      0.018      7.533     10.925        740 1.2558e-01 0.0000e+00
      7.685    11.9190     0.0795      0.736  59.212141     80.209      6.266   193.3629     0.7036    11.4983     0.0390      0.017      7.536     10.929        741 1.2570e-01 0.0000e+00
      7.685    11.9270     0.0789      0.730  59.451569     80.505      6.264   196.3158     0.7238    11.1894     0.0392      0.016      7.537     10.931        742 1.2554e-01 0.0000e+00
      7.686    11.9339     0.0752      0.696  59.319396     80.383      6.269   193.9308     0.7117    11.0955     0.0391      0.015      7.541     10.936        743 1.2542e-01 0.0000e+00
      7.696    11.9339     0.0772      0.714  59.109381     79.947      6.269   194.1200     0.7077    11.1223     0.0389      0.014      7.553     10.954        744 1.2562e-01 0.0000e+00
      7.725    11.9218     0.0711      0.658  59.594153     80.728      6.271   192.4543     0.7238    11.1223     0.0393      0.021      7.577     10.989        745 1.2565e-01 0.0000e+00
      7.758    11.9038     0.0786      0.728  62.101388     83.872      6.270   197.2622     0.6955    11.1223     0.0407      0.035      7.604     11.029        746 1.2556e-01 0.0000e+00
      7.777    11.8905     0.0762      0.707  65.225128     88.600      6.268   196.0508     0.8735    10.3838     0.0428      0.047      7.625     11.059        747 1.2564e-01 0.0000e+00
      7.790    11.8823     0.0757      0.702  65.745092     88.909      6.269   195.4829     0.8532    10.4643     0.0430      0.058      7.640     11.081        748 1.2559e-01 0.0000e+00
      7.806    11.8794     0.0757      0.702  67.454080     91.369      6.272   193.3629     0.8613    10.4912     0.0441      0.068      7.656     11.104        749 1.2551e-01 0.0000e+00
      7.823    11.8779     0.0707      0.656  70.287178     95.450      6.272   197.4515     0.8371    10.4375     0.0459      0.075      7.673     11.129        750 1.2550e-01 0.0000e+00
      7.844    11.8733     0.0738      0.685  70.775054     95.837      6.266   196.8458     0.8532     9.4572     0.0461      0.079      7.693     11.158        751 1.2543e-01 0.0000e+00
      7.869    11.8678     0.0725      0.673  72.194611     97.852      6.262   195.2179     0.8532     9.5647     0.0470      0.079      7.717     11.192        752 1.2541e-01 0.0000e+00
      7.894    11.8648     0.0777      0.722  74.641423    101.282      6.257   195.4072     0.8452     9.4841     0.0485      0.077      7.742     11.229        753 1.2557e-01 0.0000e+00
      7.922    11.8630     0.0752      0.698  76.614767    103.803      6.257   195.2936     0.8452     9.4438     0.0497      0.078      7.768     11.267        754 1.2555e-01 0.0000e+00
      7.948    11.8707     0.0700      0.650  77.613852    105.446      6.252   195.4829     0.8452     9.8869     0.0504      0.085      7.794     11.304        755 1.2546e-01 0.0000e+00
      7.972    11.9018     0.0680      0.631  84.157687    113.428      6.252   192.4165     0.8654     9.9406     0.0541      0.092      7.818     11.338        756 1.2547e-01 0.0000e+00
      7.994    11.9384     0.0713      0.662  95.288889    130.092      6.250   193.4765     0.8613     9.9809     0.0617      0.096      7.839     11.369        757 1.2549e-01 0.0000e+00
      8.012    11.9586     0.0725      0.673  98.940243    133.587      6.254   193.5900     0.8452     9.7929     0.0633      0.096      7.857     11.395        758 1.2546e-01 0.0000e+00
      8.030    11.9709     0.0739      0.685  98.083248    133.150      6.252   190.6750     0.9220     9.3364     0.0632      0.093      7.877     11.424        759 1.2553e-01 0.0000e+00
      8.055    11.9908     0.0781      0.724 100.698968    135.619      6.251   190.6750     0.9341     9.2424     0.0643      0.090      7.901     11.460        760 1.2563e-01 0.0000e+00
      8.087    12.0132     0.0761      0.706 107.528415    145.892      6.244   190.5993     0.8896     9.2424     0.0691      0.090      7.930     11.502        761 1.2554e-01 0.0000e+00
      8.117    12.0234     0.0754      0.700 111.309034    150.324      6.235   188.2143     0.9099     9.2827     0.0711      0.091      7.958     11.542        762 1.2547e-01 0.0000e+00
      8.140    12.0218     0.0801      0.743 111.143520    150.194      6.233   188.2522     1.0999     6.9194     0.0711      0.094      7.981     11.576        763 1.2542e-01 0.0000e+00
      8.160    12.0177     0.0783      0.726 110.770620    149.584      6.229   187.1922     1.1161     6.8254     0.0708      0.095      8.001     11.604        764 1.2547e-01 0.0000e+00
      8.176    12.0145     0.0766      0.711 111.028844    149.820      6.228   186.2079     1.0878     6.9462     0.0709      0.095      8.017     11.629        765 1.2561e-01 0.0000e+00
