Data/DataNotYetUploadedToEDI/Raw_CTD/RawDownloads/082418_bvr50.cnv
* Sea-Bird SBE19plus  Data File:
* FileName = C:\DATA\082718_fcr_0001.hex
* Software version 2.6.3.104
* Temperature SN = 7809
* Conductivity SN = 7809
* System UpLoad Time = Aug 27 2018 20:55:04
* <ApplicationData>
* <Seaterm232>
# nquan = 17
# nvalues = 1406                        
# units = specified
# name 0 = depFM: Depth [fresh water, m]
# name 1 = tv290C: Temperature [ITS-90, deg C]
# name 2 = sbeox0Mg/L: Oxygen, SBE 43 [mg/l]
# name 3 = sbeox0PS: Oxygen, SBE 43 [% saturation]
# name 4 = c0uS/cm: Conductivity [uS/cm]
# name 5 = specc: Specific Conductance [uS/cm]
# name 6 = ph: pH
# name 7 = orp: Oxidation Reduction Potential [mV]
# name 8 = flECO-AFL: Fluorescence, WET Labs ECO-AFL/FL [mg/m^3]
# name 9 = turbWETntu0: Turbidity, WET Labs ECO [NTU]
# name 10 = sal00: Salinity, Practical [PSU]
# name 11 = dz/dtM: Descent Rate [m/s]
# name 12 = prdM: Pressure, Strain Gauge [db]
# name 13 = prdE: Pressure, Strain Gauge [psi]
# name 14 = scan: Scan Count
# name 15 = par/sat/log: PAR/Logarithmic, Satlantic
# name 16 = flag:  0.000e+00
# span 0 =     -0.556,     10.084       
# span 1 =     7.9059,    26.7970       
# span 2 =     0.0642,     9.4277       
# span 3 =      0.543,    113.196       
# span 4 =   0.648971, 113.292272       
# span 5 =      0.843,    172.145       
# span 6 =     -2.450,      8.744       
# span 7 = -1240.7455,  1240.2295       
# span 8 =    -0.2466,    11.6498       
# span 9 =    -0.3720,    19.9579       
# span 10 =     0.0123,     0.0793      
# span 11 =     -0.055,      0.181      
# span 12 =     -0.545,      9.888      
# span 13 =     -0.791,     14.341      
# span 14 =          1,       1406      
# span 15 = -3.811e+01, 2.3228e+03      
# span 16 = 0.0000e+00, 0.0000e+00      
# interval = seconds: 0.25
# start_time = Aug 24 2018 18:34:52 [Instrument's time stamp, header]
# bad_flag = -9.990e-29
*END*
     -0.555    26.7921     8.1701    102.159   1.092520      1.057     -2.438  -834.2344    -0.1658    -0.2646     0.0125      0.000     -0.544     -0.790          1 1.5946e+02 0.0000e+00
     -0.555    26.7928     8.1719    102.182   1.100156      1.057     -2.438  -897.4560    -0.1698    -0.3049     0.0125 2.1053e-16     -0.544     -0.790          2 1.6542e+02 0.0000e+00
     -0.555    26.7938     8.1743    102.214   1.087698      1.057     -2.438 -1240.7455    -0.1779    -0.2512     0.0125 1.0527e-16     -0.544     -0.790          3 1.5547e+02 0.0000e+00
     -0.555    26.7945     8.1688    102.147   1.048811      1.004     -0.651 -1240.7455    -0.1577    -0.2243     0.0125      0.000     -0.544     -0.790          4 1.5006e+02 0.0000e+00
     -0.556    26.7951     8.1679    102.137   1.089337      1.057     -1.261  -239.6484    -0.1779    -0.3183     0.0125     -0.000     -0.544     -0.790          5 1.5259e+02 0.0000e+00
     -0.555    26.7959     8.1712    102.177   1.096478      1.057     -2.438    48.4075    -0.1819    -0.1840     0.0125     -0.000     -0.544     -0.790          6 1.3488e+02 0.0000e+00
     -0.556    26.7962     8.1711    102.173   1.039925      1.003     -2.438   243.4480    -0.1617    -0.1706     0.0125     -0.000     -0.545     -0.791          7 1.2554e+02 0.0000e+00
     -0.556    26.7967     8.1691    102.147   1.041288      1.003     -2.438  -547.9957    -0.1375    -0.2646     0.0125     -0.000     -0.545     -0.791          8 1.2410e+02 0.0000e+00
     -0.555    26.7970     8.1699    102.156   1.035566      1.003     -2.438    65.5190    -0.1698    -0.2780     0.0125     -0.000     -0.545     -0.791          9 1.2405e+02 0.0000e+00
     -0.556    26.7958     8.1716    102.175   1.047046      1.003     -2.438   276.9896    -0.1698    -0.2512     0.0125     -0.000     -0.545     -0.791         10 1.3596e+02 0.0000e+00
     -0.556    26.7931     8.1693    102.144   1.027003      1.003     -2.438   516.6260    -0.1738    -0.2914     0.0125     -0.000     -0.545     -0.791         11 1.3491e+02 0.0000e+00
     -0.556    26.7928     8.1745    102.208   1.001295      0.950     -2.438   520.4874    -0.1658    -0.2512     0.0125     -0.000     -0.545     -0.791         12 1.2490e+02 0.0000e+00
     -0.556    26.7942     8.1812    102.179   1.019823      1.004     -2.438   508.3731    -0.1738    -0.2512     0.0125     -0.000     -0.545     -0.791         13 1.2513e+02 0.0000e+00
     -0.555    26.7955     8.2278    102.175   1.003945      0.950     -2.438   339.6812    -0.1981    -0.2243     0.0125     -0.000     -0.545     -0.791         14 1.2578e+02 0.0000e+00
     -0.556    26.7956     8.2719    102.172   1.021057      1.003     -2.438   504.1709    -0.1779    -0.2243     0.0125     -0.000     -0.545     -0.791         15 1.2836e+02 0.0000e+00
     -0.556    26.7953     8.3004    102.172   0.998528      0.950     -2.438   540.7410    -0.1941    -0.2780     0.0125     -0.000     -0.545     -0.791         16 1.2964e+02 0.0000e+00
     -0.556    26.7934     8.3218    102.186   0.972768      0.950     -2.438   549.5239    -0.1577    -0.2780     0.0125      0.000     -0.545     -0.790         17 1.2933e+02 0.0000e+00
     -0.556    26.7940     8.3368    102.182   1.053115      1.003     -2.438   533.2453    -0.1577    -0.1706     0.0125      0.000     -0.545     -0.790         18 1.2967e+02 0.0000e+00
     -0.556    26.7916     8.3482    102.159   1.016965      1.003     -2.438   556.4897    -0.1496    -0.2243     0.0125      0.000     -0.545     -0.790         19 1.3221e+02 0.0000e+00
     -0.556    26.7937     8.3602    102.187   1.017756      0.950     -2.438   604.3412    -0.1658    -0.3720     0.0125      0.000     -0.545     -0.790         20 1.3228e+02 0.0000e+00
     -0.556    26.7871     8.3672    102.179   0.992916      1.004     -2.438   686.2643    -0.1860    -0.0766     0.0125      0.000     -0.545     -0.791         21 1.3926e+02 0.0000e+00
     -0.556    26.7944     8.3875    102.150   1.047878      0.950     -2.438   703.0729    -0.1738     0.0577     0.0125     -0.000     -0.545     -0.791         22 1.6205e+02 0.0000e+00
     -0.556    26.7164     8.4353    102.331   0.949357      1.004     -2.438   783.3682    -0.1698    -0.0632     0.0125     -0.000     -0.545     -0.790         23 1.8779e+02 0.0000e+00
     -0.555    26.4175     8.4801    102.567   1.174738      1.004     -2.438   857.2277    -0.1819    -0.1437     0.0125      0.000     -0.542     -0.786         24 2.0313e+02 0.0000e+00
     -0.547    26.1131     8.5269    102.914   0.648971      0.843     -2.440   857.3791    -0.2143    -0.3183     0.0124      0.002     -0.534     -0.774         25 1.9577e+02 0.0000e+00
     -0.530    25.9256     8.5700    103.282   1.426027      1.011     -2.450   857.9091    -0.2183    -0.1706     0.0123      0.008     -0.519     -0.752         26 1.9376e+02 0.0000e+00
     -0.510    25.7887     8.6135    103.712   8.973042      8.933     -0.731  1240.2295    -0.2466    -0.2914     0.0141      0.018     -0.498     -0.722         27 1.9654e+02 0.0000e+00
     -0.482    25.6878     8.6575    104.181  15.838073     15.653      2.950  1240.2295    -0.2466    -0.2780     0.0164      0.032     -0.472     -0.685         28 1.9364e+02 0.0000e+00
     -0.454    25.5993     8.7050    104.690  22.801691     22.072      5.124  1240.2295    -0.2102    -0.3452     0.0187      0.049     -0.441     -0.640         29 1.9531e+02 0.0000e+00
     -0.414    25.5384     8.7413    105.091  30.771477     30.935      6.625   135.4034    -0.1779    -0.2109     0.0222      0.069     -0.400     -0.581         30 2.0716e+02 0.0000e+00
     -0.355    25.4835     8.7541    105.298  31.471032     30.712      7.535   151.0006    -0.2021    -0.2377     0.0221      0.095     -0.348     -0.506         31 2.2664e+02 0.0000e+00
     -0.298    25.3371     8.7380    105.175  30.676220     30.612      8.068   159.8971    -0.1779    -0.2512     0.0220      0.124     -0.293     -0.426         32 2.2560e+02 0.0000e+00
     -0.244    25.1273     8.6899    104.611  30.367057     29.895      8.340   164.7807    -0.1738    -0.2377     0.0217      0.150     -0.243     -0.352         33 2.2225e+02 0.0000e+00
     -0.203    24.9631     8.6392    103.947  29.661701     29.567      8.490   159.3292     1.2374    19.9579     0.0216      0.168     -0.202     -0.291         34 2.2066e+02 0.0000e+00
     -0.168    24.8484     8.5206    102.471  29.626848     29.470      8.525   164.1371     1.2293    19.9042     0.0215      0.179     -0.167     -0.241         35 2.2652e+02 0.0000e+00
     -0.139    24.7682     8.3527    100.429  29.491383     29.566      8.586   158.6478     1.2212    19.8773     0.0215      0.181     -0.135     -0.195         36 2.1866e+02 0.0000e+00
     -0.106    24.7192     8.1749     98.289  29.504213     29.550      8.648   162.8878     1.2657    19.9579     0.0214      0.176     -0.097     -0.138         37 2.3516e+02 0.0000e+00
     -0.045    24.6872     7.9941     96.124  29.403387     29.569      8.710   167.2414     3.1379     2.2867     0.0214      0.171     -0.048     -0.068         38 2.1557e+02 0.0000e+00
      0.005    24.6542     7.8605     94.542  29.646542     29.767      8.744   168.5664     3.1379     2.3404     0.0215      0.166     -0.005     -0.007         39 2.3936e+02 0.0000e+00
      0.024    24.6379     7.8134     94.002  30.091107     30.320      8.725   165.3485     3.1015     2.1927     0.0217      0.158      0.016      0.024         40 1.5967e+02 0.0000e+00
      0.024    24.6636     7.7980     93.846  30.036118     30.228      8.715   167.2792     3.1339     2.2330     0.0216      0.143      0.016      0.023         41 2.5841e+02 0.0000e+00
      0.002    24.7003     7.7762     93.612  29.892881     30.098      8.700   167.0142     3.7768     2.2062     0.0216      0.120      0.002      0.003         42 7.8165e+01 0.0000e+00
     -0.018    24.7070     7.7369     93.173  30.002521     30.222      8.702   169.3993     3.7444     2.1793     0.0216      0.088     -0.009     -0.013         43 3.5403e+02 0.0000e+00
     -0.007    24.6812     7.6848     92.605  29.810717     29.975      8.696   171.7085     3.7687     2.1256     0.0215      0.059     -0.008     -0.011         44 1.8012e+03 0.0000e+00
     -0.001    24.6541     7.6330     92.041  29.538582     29.717      8.679   172.8064     3.7687     2.1122     0.0214      0.030     -0.005     -0.006         45 2.1085e+03 0.0000e+00
     -0.006    24.6425     7.5868     91.525  29.362765     29.537      8.656   174.0178     3.7768     2.1390     0.0214      0.002     -0.008     -0.011         46 1.9415e+03 0.0000e+00
     -0.015    24.6406     7.5188     90.727  29.347601     29.553      8.633   173.1471     3.8900     2.1256     0.0214     -0.015     -0.019     -0.027         47 2.0563e+03 0.0000e+00
     -0.037    24.6461     7.4327     89.726  29.349922     29.560      8.636   171.4435     3.9102     2.0450     0.0214     -0.023     -0.037     -0.053         48 2.0179e+03 0.0000e+00
     -0.061    24.6593     7.3670     88.986  29.300585     29.504      8.650   173.0714     3.8698     2.0584     0.0213     -0.029     -0.052     -0.075         49 2.0478e+03 0.0000e+00
     -0.059    24.6749     7.3045     88.288  29.290407     29.501      8.648   175.1914     3.8617     2.0316     0.0213     -0.029     -0.057     -0.081         50 2.0187e+03 0.0000e+00
     -0.052    24.6921     7.2413     87.557  29.392235     29.578      8.641   177.0464     3.6150     2.1659     0.0214     -0.029     -0.058     -0.084         51 2.0613e+03 0.0000e+00
     -0.066    24.7083     7.1443     86.403  29.588939     29.794      8.632   174.8507     3.6514     2.1659     0.0215     -0.035     -0.074     -0.108         52 2.0564e+03 0.0000e+00
     -0.112    24.7288     7.0424     85.193  29.608933     29.783      8.635   174.7750     3.6353     2.1256     0.0215     -0.047     -0.102     -0.148         53 2.0557e+03 0.0000e+00
     -0.131    24.7626     6.9720     84.343  29.545239     29.717      8.640   175.3807     3.6595     2.1659     0.0214     -0.055     -0.117     -0.170         54 2.0505e+03 0.0000e+00
     -0.113    24.7987     6.9326     83.839  29.549601     29.705      8.632   177.0843     3.4210     2.1256     0.0214     -0.051     -0.115     -0.167         55 2.0654e+03 0.0000e+00
     -0.111    24.8220     6.9048     83.465  29.603493     29.741      8.619   177.6900     3.4533     1.9913     0.0215     -0.043     -0.112     -0.162         56 2.0907e+03 0.0000e+00
     -0.119    24.8364     6.8655     82.959  29.685699     29.804      8.617   178.7879     3.4654     2.1256     0.0215     -0.038     -0.116     -0.167         57 2.0513e+03 0.0000e+00
     -0.124    24.8585     6.8227     82.415  29.654826     29.761      8.604   177.6143     3.4493     2.1659     0.0215     -0.036     -0.114     -0.165         58 2.0153e+03 0.0000e+00
     -0.102    24.8912     6.8010     82.133  29.552959     29.641      8.588   177.6143     3.3765     2.0584     0.0214     -0.024     -0.098     -0.142         59 2.0670e+03 0.0000e+00
     -0.074    24.9253     6.8071     82.189  29.545625     29.627      8.606   177.1978     3.3846     2.1793     0.0215      0.000     -0.075     -0.109         60 2.0305e+03 0.0000e+00
     -0.053    24.9462     6.8624     82.840  29.545349     29.608      8.620   179.1664     3.3724     2.1524     0.0215      0.027     -0.057     -0.083         61 1.9378e+03 0.0000e+00
     -0.047    24.9584     6.9561     83.959  29.553289     29.588      8.630   178.0686     3.3926     2.0450     0.0215      0.039     -0.050     -0.073         62 1.9562e+03 0.0000e+00
     -0.052    24.9720     7.0771     85.408  29.595029     29.632      8.633   177.6900     3.5059     2.2196     0.0215      0.040     -0.051     -0.074         63 1.9600e+03 0.0000e+00
     -0.055    24.9730     7.2034     86.922  29.641641     29.652      8.634   178.2578     3.5180     2.1390     0.0215      0.041     -0.051     -0.075         64 1.9540e+03 0.0000e+00
     -0.048    24.9552     7.3153     88.263  29.702817     29.728      8.632   179.0529     3.5180     2.2062     0.0215      0.040     -0.048     -0.071         65 1.9622e+03 0.0000e+00
     -0.046    24.9313     7.4043     89.328  29.726434     29.727      8.633   180.3400     3.5099     2.3404     0.0215      0.034     -0.046     -0.068         66 1.9385e+03 0.0000e+00
     -0.048    24.9105     7.4645     90.047  29.701198     29.738      8.635   180.4914     3.5059     2.3136     0.0215      0.020     -0.047     -0.068         67 1.9195e+03 0.0000e+00
     -0.049    24.8935     7.4948     90.403  29.615635     29.640      8.632   180.5293     3.5018     2.0316     0.0215      0.008     -0.047     -0.068         68 1.9474e+03 0.0000e+00
     -0.048    24.8803     7.4773     90.178  29.595732     29.653      8.634   181.4379     3.5342     2.0719     0.0215      0.002     -0.048     -0.069         69 1.9716e+03 0.0000e+00
     -0.050    24.8687     7.4308     89.605  29.577729     29.635      8.631   181.5893     3.5261     2.0450     0.0215      0.001     -0.049     -0.071         70 1.9845e+03 0.0000e+00
     -0.052    24.8581     7.3561     88.691  29.549100     29.615      8.627   180.9079     3.5180     2.1122     0.0215      0.001     -0.050     -0.072         71 1.9859e+03 0.0000e+00
     -0.051    24.8497     7.2773     87.733  29.542421     29.622      8.628   180.6807     3.4493     2.0182     0.0215     -0.000     -0.049     -0.072         72 1.9417e+03 0.0000e+00
     -0.048    24.8426     7.2159     86.992  29.556397     29.628      8.631   181.5893     3.4250     2.1524     0.0215     -0.002     -0.047     -0.069         73 1.9354e+03 0.0000e+00
     -0.046    24.8365     7.1699     86.439  29.531711     29.633      8.636   181.9300     3.4573     2.2062     0.0214     -0.001     -0.046     -0.066         74 1.9473e+03 0.0000e+00
     -0.046    24.8309     7.1423     86.111  29.484199     29.553      8.639   182.2707     3.4493     2.1122     0.0214      0.001     -0.046     -0.066         75 1.9547e+03 0.0000e+00
     -0.048    24.8254     7.1337     86.008  29.556229     29.669      8.638   182.6493     3.3765     2.0719     0.0215      0.001     -0.047     -0.069         76 1.9658e+03 0.0000e+00
     -0.050    24.8207     7.1293     85.958  29.560669     29.644      8.637   183.2929     3.3765     2.0316     0.0214      0.001     -0.049     -0.071         77 1.9718e+03 0.0000e+00
     -0.051    24.8147     7.1319     85.992  29.537974     29.647      8.637   184.4664     3.3522     2.1122     0.0214      0.001     -0.049     -0.071         78 1.9771e+03 0.0000e+00
     -0.051    24.8071     7.1370     86.057  29.554825     29.650      8.634   185.6400     3.3967     2.1390     0.0214     -0.000     -0.049     -0.071         79 1.9715e+03 0.0000e+00
     -0.049    24.7991     7.1325     86.004  29.539700     29.654      8.632   185.6022     3.4654     2.0450     0.0214     -0.001     -0.049     -0.071         80 1.9670e+03 0.0000e+00
     -0.050    24.7917     7.1142     85.786  29.467854     29.574      8.631   185.7914     3.4412     2.1256     0.0214     -0.002     -0.049     -0.071         81 1.9700e+03 0.0000e+00
     -0.050    24.7869     7.0964     85.574  29.466347     29.579      8.632   186.5486     3.4250     2.1390     0.0214     -0.002     -0.048     -0.070         82 1.9682e+03 0.0000e+00
     -0.048    24.7856     7.0665     85.217  29.482279     29.611      8.631   186.9272     3.4493     2.1122     0.0214     -0.001     -0.047     -0.069         83 1.9624e+03 0.0000e+00
     -0.048    24.7870     7.0406     84.906  29.477678     29.586      8.631   187.5707     3.4371     2.2330     0.0214      0.001     -0.047     -0.068         84 1.9565e+03 0.0000e+00
     -0.048    24.7895     7.0197     84.655  29.531374     29.671      8.631   187.7600     3.4493     2.1390     0.0214      0.001     -0.047     -0.068         85 1.9513e+03 0.0000e+00
