Data/DataNotYetUploadedToEDI/Raw_CTD/RawDownloads/082418_bvr50.cnv
* Sea-Bird SBE19plus  Data File:
* FileName = C:\DATA\082718_fcr_0001.hex
* Software version 2.6.3.104
* Temperature SN = 7809
* Conductivity SN = 7809
* System UpLoad Time = Aug 27 2018 20:55:04
* <ApplicationData>
* <Seaterm232>
# nquan = 17
# nvalues = 1406                        
# units = specified
# name 0 = depFM: Depth [fresh water, m]
# name 1 = tv290C: Temperature [ITS-90, deg C]
# name 2 = sbeox0Mg/L: Oxygen, SBE 43 [mg/l]
# name 3 = sbeox0PS: Oxygen, SBE 43 [% saturation]
# name 4 = c0uS/cm: Conductivity [uS/cm]
# name 5 = specc: Specific Conductance [uS/cm]
# name 6 = ph: pH
# name 7 = orp: Oxidation Reduction Potential [mV]
# name 8 = flECO-AFL: Fluorescence, WET Labs ECO-AFL/FL [mg/m^3]
# name 9 = turbWETntu0: Turbidity, WET Labs ECO [NTU]
# name 10 = sal00: Salinity, Practical [PSU]
# name 11 = dz/dtM: Descent Rate [m/s]
# name 12 = prdM: Pressure, Strain Gauge [db]
# name 13 = prdE: Pressure, Strain Gauge [psi]
# name 14 = scan: Scan Count
# name 15 = par/sat/log: PAR/Logarithmic, Satlantic
# name 16 = flag:  0.000e+00
# span 0 =     -0.556,     10.084       
# span 1 =     7.9059,    26.7970       
# span 2 =     0.0642,     9.4277       
# span 3 =      0.543,    113.196       
# span 4 =   0.648971, 113.292272       
# span 5 =      0.843,    172.145       
# span 6 =     -2.450,      8.744       
# span 7 = -1240.7455,  1240.2295       
# span 8 =    -0.2466,    11.6498       
# span 9 =    -0.3720,    19.9579       
# span 10 =     0.0123,     0.0793      
# span 11 =     -0.055,      0.181      
# span 12 =     -0.545,      9.888      
# span 13 =     -0.791,     14.341      
# span 14 =          1,       1406      
# span 15 = -3.811e+01, 2.3228e+03      
# span 16 = 0.0000e+00, 0.0000e+00      
# interval = seconds: 0.25
# start_time = Aug 24 2018 18:34:52 [Instrument's time stamp, header]
# bad_flag = -9.990e-29
*END*
[from data line 171]
     -0.049    25.0936     5.5328     66.778  29.475100     29.408      8.648   200.1393     3.6919     2.0719     0.0214      0.000     -0.049     -0.070        172 1.9971e+03 0.0000e+00
     -0.049    25.0962     6.1725     74.310  29.473872     29.434      8.646   200.5936     3.9628     2.3136     0.0214      0.000     -0.049     -0.070        173 1.9922e+03 0.0000e+00
     -0.049    25.0987     6.9185     83.182  29.428376     29.349      8.648   200.8965     3.9547     2.3136     0.0214      0.000     -0.049     -0.070        174 1.9962e+03 0.0000e+00
     -0.050    25.1011     7.6597     92.038  29.442771     29.403      8.645   200.8208     3.9709     2.2464     0.0214     -0.000     -0.049     -0.071        175 1.9982e+03 0.0000e+00
     -0.051    25.1031     8.3139     99.865  29.426308     29.346      8.644   200.3286     3.9668     2.1659     0.0214     -0.000     -0.050     -0.072        176 1.9984e+03 0.0000e+00
     -0.051    25.1055     8.8398    106.165  29.448864     29.400      8.644   200.5558     4.2742     2.1927     0.0214     -0.001     -0.050     -0.073        177 2.0005e+03 0.0000e+00
     -0.051    25.1081     9.1962    110.433  29.473998     29.399      8.640   200.4422     4.2984     2.2196     0.0214     -0.001     -0.050     -0.073        178 1.9957e+03 0.0000e+00
     -0.051    25.1102     9.3890    112.735  29.483973     29.426      8.638   200.2529     4.2782     2.2330     0.0214     -0.001     -0.050     -0.072        179 1.9971e+03 0.0000e+00
     -0.051    25.1109     9.4277    113.196  29.466096     29.396      8.639   199.9879     4.2984     2.3539     0.0214     -0.001     -0.050     -0.072        180 1.9983e+03 0.0000e+00
     -0.050    25.0294     9.3216    111.923  29.466597     29.395      8.637   199.7608     4.1933     2.0584     0.0214     -0.000     -0.049     -0.071        181 1.9922e+03 0.0000e+00
     -0.050    24.8514     9.1917    110.355  29.275809     29.227      8.635   200.0258     4.2014     2.0182     0.0214     -0.000     -0.049     -0.071        182 1.9921e+03 0.0000e+00
     -0.050    24.7109     9.0463    108.599  29.021622     28.965      8.636   200.1015     4.2216     2.1659     0.0212      0.000     -0.049     -0.071        183 1.9879e+03 0.0000e+00
     -0.050    24.6417     8.9297    107.192  29.041754     29.158      8.636   199.9501     4.2095     2.1793     0.0213      0.001     -0.049     -0.071        184 1.9892e+03 0.0000e+00
     -0.050    24.6073     8.8344    106.040  29.013627     29.153      8.638   199.7986     4.3753     2.3404     0.0212      0.001     -0.049     -0.071        185 1.9965e+03 0.0000e+00
     -0.051    24.5905     8.7659    105.208  28.967736     29.195      8.641   200.0258     4.3308     2.1793     0.0212      0.000     -0.050     -0.072        186 2.0024e+03 0.0000e+00
     -0.051    24.5807     8.7001    104.417  28.950656     29.158      8.639   200.2151     4.3389     2.2733     0.0212     -0.000     -0.050     -0.072        187 2.0021e+03 0.0000e+00
     -0.050    24.5750     8.6485    103.793  28.975600     29.225      8.641   200.5179     4.3591     2.2733     0.0212     -0.000     -0.049     -0.071        188 1.9959e+03 0.0000e+00
     -0.050    24.5685     8.6134    103.370  28.995997     29.230      8.644   200.3286     4.3429     2.2867     0.0212     -0.000     -0.049     -0.070        189 1.9957e+03 0.0000e+00
     -0.049    24.5670     8.5888    103.074  28.925278     29.177      8.644   200.4422     4.3348     2.2196     0.0212      0.000     -0.049     -0.070        190 1.9954e+03 0.0000e+00
     -0.050    24.5671     8.5648    102.784  28.945020     29.181      8.649   200.5936     4.3389     2.2330     0.0212      0.000     -0.049     -0.071        191 1.9986e+03 0.0000e+00
     -0.051    24.5631     8.5452    102.547  28.971430     29.238      8.652   200.3286     4.3712     2.2867     0.0212      0.000     -0.050     -0.072        192 2.0027e+03 0.0000e+00
     -0.052    24.5579     8.5202    102.250  28.951708     29.182      8.651   200.7451     4.3429     2.2599     0.0212     -0.000     -0.051     -0.073        193 2.0033e+03 0.0000e+00
     -0.052    24.5545     8.4879    101.868  28.969565     29.241      8.654   200.6693     4.4359     2.2733     0.0212     -0.001     -0.051     -0.073        194 2.0045e+03 0.0000e+00
     -0.051    24.5502     8.4448    101.352  28.949209     29.187      8.654   200.6693     4.4197     2.2464     0.0212     -0.001     -0.051     -0.073        195 2.0054e+03 0.0000e+00
     -0.051    24.5455     8.3968    100.774  28.917746     29.189      8.658   200.7451     4.4076     2.3673     0.0212     -0.001     -0.051     -0.074        196 2.0147e+03 0.0000e+00
     -0.054    24.5442     8.3556    100.269  28.949424     29.192      8.656   201.0101     4.4036     2.3270     0.0212     -0.002     -0.053     -0.077        197 2.0227e+03 0.0000e+00
     -0.056    24.5427     8.3176     99.803  28.969083     29.251      8.657   200.7451     4.2216     2.3002     0.0212     -0.003     -0.055     -0.079        198 2.0225e+03 0.0000e+00
     -0.056    24.5411     8.2682     99.205  28.952579     29.195      8.657   201.3508     4.2216     2.2464     0.0212     -0.003     -0.055     -0.079        199 2.0209e+03 0.0000e+00
     -0.055    24.5406     8.2032     98.427  28.969964     29.253      8.658   200.6693     4.2175     2.1793     0.0212     -0.003     -0.054     -0.078        200 2.0158e+03 0.0000e+00
     -0.055    24.5392     8.1522     97.820  28.947448     29.197      8.658   200.5558     4.1933     2.3539     0.0212     -0.002     -0.054     -0.078        201 2.0312e+03 0.0000e+00
     -0.055    24.5384     8.1345     97.613  28.980600     29.254      8.664   200.8586     4.2903     2.2330     0.0212     -0.002     -0.054     -0.078        202 2.0372e+03 0.0000e+00
     -0.055    24.5405     8.1330     97.599  28.988004     29.255      8.663   200.5936     4.2782     2.3136     0.0212     -0.002     -0.054     -0.079        203 2.0327e+03 0.0000e+00
     -0.056    24.5433     8.1337     97.611  28.938234     29.199      8.664   200.5179     4.2661     2.2867     0.0212     -0.001     -0.055     -0.080        204 2.0256e+03 0.0000e+00
     -0.056    24.5443     8.1347     97.627  28.983242     29.254      8.663   200.6315     4.2661     2.3136     0.0212     -0.000     -0.055     -0.080        205 2.0268e+03 0.0000e+00
     -0.055    24.5427     8.1154     97.407  28.991289     29.252      8.667   200.7451     4.3025     2.1122     0.0212      0.000     -0.054     -0.079        206 2.0054e+03 0.0000e+00
     -0.054    24.5373     8.0925     97.141  28.987516     29.252      8.665   200.8965     4.2984     2.2196     0.0212      0.000     -0.053     -0.077        207 2.0313e+03 0.0000e+00
     -0.053    24.5317     8.0685     96.860  28.987938     29.252      8.666   200.9722     4.2822     2.1122     0.0212      0.001     -0.052     -0.075        208 1.2975e+03 0.0000e+00
     -0.052    24.5291     8.0599     96.764  28.931467     29.200      8.669   201.0101     4.2903     2.0182     0.0212      0.001     -0.051     -0.074        209 3.0017e+02 0.0000e+00
     -0.051    24.5299     8.0783     96.986  28.939200     29.203      8.669   200.8208     4.5330     2.2599     0.0212      0.002     -0.050     -0.072        210 1.1324e+02 0.0000e+00
     -0.050    24.5329     8.1124     97.393  28.978315     29.261      8.672   201.1615     4.5451     2.3136     0.0212      0.003     -0.049     -0.071        211 2.7667e+02 0.0000e+00
     -0.049    24.5359     8.1370     97.687  28.942087     29.204      8.671   200.9343     4.5491     2.2733     0.0212      0.004     -0.048     -0.070        212 6.1187e+01 0.0000e+00
     -0.049    24.5378     8.1812     98.212  28.924990     29.202      8.668   201.4643     4.5370     2.2196     0.0212      0.004     -0.048     -0.070        213 3.8638e+02 0.0000e+00
     -0.049    24.5397     8.2203     98.677  28.880999     29.144      8.665   202.5243     4.5289     2.2464     0.0212      0.003     -0.048     -0.070        214 1.8149e+03 0.0000e+00
     -0.049    24.5427     8.2549     99.092  28.937536     29.199      8.662   201.0101     4.7311     2.3673     0.0212      0.003     -0.048     -0.070        215 2.0835e+03 0.0000e+00
     -0.049    24.5484     8.2741     99.331  28.973222     29.254      8.660   201.1236     4.7311     2.2733     0.0212      0.002     -0.048     -0.070        216 1.9045e+03 0.0000e+00
     -0.048    24.5537     8.2736     99.336  28.895885     29.140      8.659   200.9343     4.7230     2.1122     0.0212      0.002     -0.048     -0.070        217 2.0302e+03 0.0000e+00
     -0.049    24.5574     8.2698     99.302  28.915189     29.193      8.660   200.6315     4.7230     2.3002     0.0212      0.001     -0.048     -0.070        218 1.9695e+03 0.0000e+00
     -0.050    24.5614     8.2750     99.376  28.949195     29.190      8.658   201.6536     4.5410     2.2599     0.0212      0.000     -0.048     -0.070        219 2.0121e+03 0.0000e+00
     -0.049    24.5624     8.2797     99.445  28.972153     29.244      8.655   201.1993     4.5370     2.3673     0.0212     -0.000     -0.048     -0.070        220 1.9814e+03 0.0000e+00
     -0.048    24.5616     8.2769     99.429  28.945912     29.185      8.652   201.0858     4.5613     2.2733     0.0212     -0.000     -0.047     -0.069        221 1.9866e+03 0.0000e+00
     -0.048    24.5600     8.2883     99.575  28.922554     29.185      8.651   201.4265     4.5127     2.2464     0.0212      0.000     -0.047     -0.069        222 1.9831e+03 0.0000e+00
     -0.049    24.5568     8.2881     99.587  28.941924     29.185      8.652   201.1615     4.5370     2.3136     0.0212      0.000     -0.048     -0.069        223 1.9964e+03 0.0000e+00
     -0.049    24.5545     8.2859     99.599  28.981102     29.242      8.656   201.6915     4.5289     2.2867     0.0212      0.000     -0.048     -0.069        224 1.9899e+03 0.0000e+00
     -0.048    24.5548     8.2821     99.600  28.992391     29.244      8.656   201.4643     4.5491     2.2599     0.0212      0.000     -0.047     -0.069        225 1.9747e+03 0.0000e+00
     -0.048    24.5591     8.2705     99.524  28.927878     29.189      8.658   201.6158     4.5330     2.3941     0.0212      0.001     -0.047     -0.069        226 1.9837e+03 0.0000e+00
     -0.049    24.5650     8.2699     99.618  28.942797     29.189      8.657   201.7293     4.2135     2.1122     0.0212      0.000     -0.048     -0.070        227 1.9832e+03 0.0000e+00
     -0.049    24.5715     8.2638     99.660  28.973824     29.243      8.660   201.9186     4.2216     2.1659     0.0212     -0.000     -0.048     -0.070        228 1.9931e+03 0.0000e+00
     -0.049    24.5778     8.2613     99.684  28.948559     29.183      8.661   202.2972     4.2135     2.0719     0.0212     -0.001     -0.048     -0.070        229 1.9641e+03 0.0000e+00
     -0.048    24.5848     8.2809     99.891  28.974237     29.236      8.660   202.5243     4.2378     2.0316     0.0212     -0.000     -0.048     -0.069        230 1.9040e+03 0.0000e+00
     -0.049    24.5941     8.2923     99.958  29.001163     29.232      8.663   202.4865     4.1003     2.2330     0.0212     -0.000     -0.048     -0.069        231 1.2573e+03 0.0000e+00
     -0.048    24.5989     8.3174    100.198  28.974344     29.228      8.662   202.8272     4.1609     2.2867     0.0212      0.000     -0.048     -0.069        232 2.7714e+02 0.0000e+00
     -0.049    24.6071     8.3370    100.394  29.007610     29.222      8.661   202.9029     4.1569     2.3136     0.0212      0.000     -0.049     -0.070        233 1.3997e+02 0.0000e+00
     -0.051    24.6276     8.3416    100.432  29.048706     29.304      8.661   202.8651     4.1650     2.2733     0.0212     -0.000     -0.049     -0.070        234 2.0416e+02 0.0000e+00
     -0.049    24.6532     8.3446    100.461  29.012143     29.215      8.661   202.3729     4.1529     2.1927     0.0212     -0.000     -0.048     -0.069        235 1.5628e+02 0.0000e+00
     -0.046    24.6874     8.3373    100.368  29.053107     29.287      8.660   202.3351     4.0113     2.0584     0.0213      0.001     -0.047     -0.068        236 1.8550e+02 0.0000e+00
     -0.048    24.7428     8.3160    100.103  29.057014     29.244      8.656   202.2972     4.0477     2.0450     0.0212      0.001     -0.049     -0.071        237 1.6344e+02 0.0000e+00
     -0.056    24.8041     8.2779     99.677  29.125862     29.308      8.649   202.2593     4.0396     2.1390     0.0213     -0.002     -0.054     -0.077        238 1.7847e+02 0.0000e+00
     -0.058    24.8337     8.2488     99.387  29.234246     29.388      8.639   202.2215     4.0235     2.1390     0.0213     -0.004     -0.054     -0.078        239 1.7212e+02 0.0000e+00
     -0.050    24.8182     8.2269     99.184  29.188946     29.295      8.636   202.0701     3.7606     2.1659     0.0213     -0.003     -0.049     -0.071        240 1.7694e+02 0.0000e+00
     -0.042    24.7805     8.2151     99.082  29.122919     29.221      8.645   201.6536     3.7889     2.1122     0.0213      0.000     -0.043     -0.063        241 1.7735e+02 0.0000e+00
     -0.040    24.7465     8.1953     98.858  29.079218     29.175      8.649   201.5022     3.7647     2.1122     0.0213      0.003     -0.041     -0.059        242 1.7658e+02 0.0000e+00
     -0.043    24.7256     8.1567     98.404  29.065446     29.197      8.657   201.8808     3.7647     2.0719     0.0213      0.004     -0.042     -0.061        243 1.7209e+02 0.0000e+00
     -0.044    24.7150     8.1213     97.992  29.051126     29.189      8.661   202.0322     3.7647     2.1659     0.0212      0.004     -0.043     -0.063        244 1.6719e+02 0.0000e+00
     -0.046    24.7119     8.0835     97.547  29.067404     29.229      8.662   201.3129     3.7444     2.0450     0.0213      0.005     -0.044     -0.064        245 1.7246e+02 0.0000e+00
     -0.042    24.7087     8.0492     97.154  29.074845     29.235      8.666   201.8429     3.7444     2.0853     0.0213      0.007     -0.044     -0.064        246 1.7362e+02 0.0000e+00
     -0.045    24.7055     8.0036     96.625  29.071519     29.238      8.665   201.7293     3.7525     2.0853     0.0213      0.004     -0.050     -0.073        247 1.6593e+02 0.0000e+00
     -0.067    24.7223     7.9452     95.933  29.071546     29.239      8.672   201.3508     3.7768     2.2062     0.0213     -0.006     -0.067     -0.097        248 1.6590e+02 0.0000e+00
     -0.093    24.7555     7.9035     95.437  29.074812     29.242      8.674   201.1993     3.7606     2.0719     0.0213     -0.019     -0.087     -0.127        249 1.6422e+02 0.0000e+00
     -0.107    24.7878     7.8569     94.879  29.156397     29.315      8.676   201.3886     3.7647     2.1256     0.0213     -0.030     -0.101     -0.147        250 1.6627e+02 0.0000e+00
     -0.110    24.8096     7.7821     93.982  29.236843     29.380      8.678   201.4643     3.7525     2.0719     0.0213     -0.038     -0.108     -0.156        251 1.6763e+02 0.0000e+00
     -0.114    24.8182     7.6910     92.887  29.241523     29.361      8.680   201.5779     3.5180     2.1659     0.0213     -0.042     -0.113     -0.164        252 1.6038e+02 0.0000e+00
     -0.124    24.8248     7.5792     91.538  29.239506     29.348      8.684   201.3508     3.5301     2.1122     0.0213     -0.045     -0.117     -0.170        253 1.5256e+02 0.0000e+00
     -0.119    24.8326     7.4631     90.137  29.239344     29.343      8.686   200.7451     3.5261     2.0584     0.0213     -0.043     -0.115     -0.167        254 1.4589e+02 0.0000e+00
     -0.109    24.8392     7.3570     88.856  29.182422     29.283      8.685   201.8808     3.5180     2.1122     0.0213     -0.031     -0.113     -0.163        255 1.3745e+02 0.0000e+00
