Data/DataNotYetUploadedToEDI/Raw_CTD/RawDownloads/082418_bvr50.cnv
* Sea-Bird SBE19plus  Data File:
* FileName = C:\DATA\082718_fcr_0001.hex
* Software version 2.6.3.104
* Temperature SN = 7809
* Conductivity SN = 7809
* System UpLoad Time = Aug 27 2018 20:55:04
* <ApplicationData>
* <Seaterm232>
# nquan = 17
# nvalues = 1406                        
# units = specified
# name 0 = depFM: Depth [fresh water, m]
# name 1 = tv290C: Temperature [ITS-90, deg C]
# name 2 = sbeox0Mg/L: Oxygen, SBE 43 [mg/l]
# name 3 = sbeox0PS: Oxygen, SBE 43 [% saturation]
# name 4 = c0uS/cm: Conductivity [uS/cm]
# name 5 = specc: Specific Conductance [uS/cm]
# name 6 = ph: pH
# name 7 = orp: Oxidation Reduction Potential [mV]
# name 8 = flECO-AFL: Fluorescence, WET Labs ECO-AFL/FL [mg/m^3]
# name 9 = turbWETntu0: Turbidity, WET Labs ECO [NTU]
# name 10 = sal00: Salinity, Practical [PSU]
# name 11 = dz/dtM: Descent Rate [m/s]
# name 12 = prdM: Pressure, Strain Gauge [db]
# name 13 = prdE: Pressure, Strain Gauge [psi]
# name 14 = scan: Scan Count
# name 15 = par/sat/log: PAR/Logarithmic, Satlantic
# name 16 = flag:  0.000e+00
# span 0 =     -0.556,     10.084       
# span 1 =     7.9059,    26.7970       
# span 2 =     0.0642,     9.4277       
# span 3 =      0.543,    113.196       
# span 4 =   0.648971, 113.292272       
# span 5 =      0.843,    172.145       
# span 6 =     -2.450,      8.744       
# span 7 = -1240.7455,  1240.2295       
# span 8 =    -0.2466,    11.6498       
# span 9 =    -0.3720,    19.9579       
# span 10 =     0.0123,     0.0793      
# span 11 =     -0.055,      0.181      
# span 12 =     -0.545,      9.888      
# span 13 =     -0.791,     14.341      
# span 14 =          1,       1406      
# span 15 = -3.811e+01, 2.3228e+03      
# span 16 = 0.0000e+00, 0.0000e+00      
# interval = seconds: 0.25
# start_time = Aug 24 2018 18:34:52 [Instrument's time stamp, header]
# bad_flag = -9.990e-29
*END*
[from data line 341]
     -0.170    24.8711     6.7628     81.653  28.941130     29.005      8.694   204.8715     2.9519     2.1122     0.0212      0.000     -0.167     -0.243        342 1.4878e+02 0.0000e+00
     -0.171    24.8705     6.7509     81.511  28.875709     28.949      8.694   205.0229     2.9357     2.1390     0.0212      0.000     -0.168     -0.244        343 1.4970e+02 0.0000e+00
     -0.172    24.8683     6.7338     81.302  28.933137     29.004      8.695   205.0608     2.9034     2.0182     0.0212     -0.001     -0.168     -0.244        344 1.5122e+02 0.0000e+00
     -0.172    24.8681     6.7128     81.046  28.988253     29.060      8.697   204.8715     2.9115     2.1927     0.0212     -0.001     -0.168     -0.244        345 1.5174e+02 0.0000e+00
     -0.171    24.8700     6.7055     80.957  28.925709     29.006      8.697   204.9851     2.9276     2.0316     0.0212     -0.001     -0.167     -0.243        346 1.5152e+02 0.0000e+00
     -0.171    24.8696     6.7408     81.381  28.892381     28.950      8.702   205.2879     2.9236     2.0719     0.0212     -0.001     -0.167     -0.243        347 1.5077e+02 0.0000e+00
     -0.171    24.8688     6.7798     81.849  28.970434     29.060      8.703   204.9851     2.9559     2.2196     0.0212     -0.001     -0.168     -0.243        348 1.5093e+02 0.0000e+00
     -0.171    24.8699     6.8128     82.248  28.947164     29.005      8.704   205.3636     2.8872     2.0450     0.0212     -0.000     -0.168     -0.243        349 1.5139e+02 0.0000e+00
     -0.170    24.8696     6.8463     82.654  28.921339     29.005      8.707   205.2879     2.9115     2.1122     0.0212      0.000     -0.167     -0.242        350 1.5192e+02 0.0000e+00
     -0.169    24.8680     6.8748     82.996  28.943277     29.005      8.706   205.2879     2.9155     2.0853     0.0212      0.001     -0.166     -0.241        351 1.5174e+02 0.0000e+00
     -0.169    24.8685     6.8809     83.071  28.919863     29.005      8.708   205.6286     2.9398     2.2196     0.0212      0.002     -0.166     -0.241        352 1.5092e+02 0.0000e+00
     -0.168    24.8693     6.8959     83.254  28.891182     28.950      8.706   205.8179     2.8427     2.0450     0.0212      0.002     -0.165     -0.240        353 1.5185e+02 0.0000e+00
     -0.167    24.8674     6.9148     83.479  28.919674     29.005      8.708   206.0451     2.8589     2.0182     0.0212      0.002     -0.164     -0.238        354 1.5175e+02 0.0000e+00
     -0.166    24.8657     6.9155     83.489  28.943700     29.005      8.707   205.9315     2.8548     2.1122     0.0212      0.003     -0.162     -0.236        355 1.5049e+02 0.0000e+00
     -0.166    24.8657     6.9320     83.689  28.920578     29.006      8.706   206.0451     2.8548     2.0987     0.0212      0.003     -0.162     -0.235        356 1.5009e+02 0.0000e+00
     -0.164    24.8639     6.9673     84.113  28.889154     28.951      8.707   205.5529     2.8427     2.0719     0.0212      0.003     -0.162     -0.235        357 1.5058e+02 0.0000e+00
     -0.165    24.8619     6.9925     84.418  28.923511     29.007      8.704   205.8936     2.8144     2.1390     0.0212      0.003     -0.162     -0.235        358 1.5209e+02 0.0000e+00
     -0.166    24.8625     7.0018     84.532  28.937117     29.008      8.701   206.1208     2.8589     2.1390     0.0212      0.002     -0.163     -0.236        359 1.5354e+02 0.0000e+00
     -0.166    24.8626     6.9938     84.435  28.931519     29.009      8.696   205.9315     2.8791     2.0719     0.0212      0.002     -0.163     -0.237        360 1.5385e+02 0.0000e+00
     -0.167    24.8620     6.9618     84.048  28.930479     29.009      8.692   206.4615     2.8508     2.1390     0.0212      0.000     -0.164     -0.238        361 1.5374e+02 0.0000e+00
     -0.167    24.8633     6.9173     83.514  28.938411     29.009      8.692   206.0451     2.9115     2.2062     0.0212     -0.001     -0.164     -0.238        362 1.5312e+02 0.0000e+00
     -0.167    24.8641     6.8572     82.791  28.921648     29.009      8.692   206.3479     2.9357     2.1659     0.0212     -0.001     -0.164     -0.237        363 1.5163e+02 0.0000e+00
     -0.166    24.8626     6.7863     81.934  28.892045     28.952      8.692   206.4994     2.9195     2.2733     0.0212     -0.001     -0.163     -0.236        364 1.5094e+02 0.0000e+00
     -0.165    24.8628     6.6959     80.844  28.975251     29.064      8.692   206.0451     2.9034     2.3673     0.0212     -0.001     -0.163     -0.236        365 1.4935e+02 0.0000e+00
     -0.166    24.8635     6.6110     79.819  28.936691     29.009      8.693   206.3101     3.0409     2.0316     0.0212     -0.000     -0.164     -0.237        366 1.4801e+02 0.0000e+00
     -0.168    24.8628     6.5292     78.832  28.880738     28.953      8.694   205.9694     3.0651     2.0987     0.0212     -0.000     -0.165     -0.239        367 1.4934e+02 0.0000e+00
     -0.170    24.8627     6.4436     77.800  28.926293     29.008      8.694   206.4236     3.0692     2.0853     0.0212     -0.001     -0.167     -0.241        368 1.5199e+02 0.0000e+00
     -0.171    24.8635     6.3651     76.853  28.939295     29.009      8.695   206.2344     3.0692     2.2062     0.0212     -0.002     -0.167     -0.243        369 1.5302e+02 0.0000e+00
     -0.171    24.8634     6.2974     76.037  28.923853     29.009      8.699   206.3479     3.0570     2.2196     0.0212     -0.002     -0.167     -0.243        370 1.5098e+02 0.0000e+00
     -0.170    24.8635     6.2330     75.263  28.886212     28.952      8.697   206.4236     3.0570     2.1659     0.0212     -0.003     -0.167     -0.242        371 1.4930e+02 0.0000e+00
     -0.169    24.8653     6.1796     74.618  28.926841     29.008      8.697   206.6129     3.0530     2.2867     0.0212     -0.002     -0.167     -0.241        372 1.5050e+02 0.0000e+00
     -0.170    24.8664     6.1368     74.103  28.932588     29.008      8.699   206.7265     3.0489     2.1927     0.0212     -0.002     -0.167     -0.242        373 1.5468e+02 0.0000e+00
     -0.171    24.8666     6.0922     73.567  28.879060     28.951      8.699   206.4236     2.9721     2.2867     0.0212     -0.001     -0.167     -0.243        374 1.5760e+02 0.0000e+00
     -0.171    24.8669     6.0557     73.127  28.874863     28.951      8.700   206.1965     2.9883     2.2196     0.0212     -0.000     -0.167     -0.243        375 1.5853e+02 0.0000e+00
     -0.172    24.8672     6.0202     72.700  28.878514     28.951      8.699   206.4994     2.9519     2.2196     0.0212     -0.000     -0.168     -0.244        376 1.5937e+02 0.0000e+00
     -0.172    24.8679     5.9902     72.338  28.874515     28.950      8.701   206.8401     2.9964     2.2733     0.0212     -0.000     -0.168     -0.244        377 1.6016e+02 0.0000e+00
     -0.172    24.8688     5.9614     71.991  28.879840     28.950      8.704   207.1051     2.9721     2.2196     0.0212     -0.001     -0.169     -0.245        378 1.6131e+02 0.0000e+00
     -0.172    24.8692     5.9320     71.637  28.931183     29.006      8.702   207.0672     3.0045     2.0450     0.0212     -0.001     -0.169     -0.245        379 1.6184e+02 0.0000e+00
     -0.172    24.8706     5.9006     71.260  28.929211     29.005      8.701   206.9915     2.9842     2.0316     0.0212     -0.002     -0.169     -0.245        380 1.6185e+02 0.0000e+00
     -0.172    24.8726     5.8727     70.924  28.882294     28.949      8.701   207.2565     3.0085     2.0584     0.0212     -0.001     -0.168     -0.244        381 1.6147e+02 0.0000e+00
     -0.171    24.8733     5.8461     70.603  28.930274     29.004      8.704   206.9915     3.0085     2.1256     0.0212     -0.000     -0.168     -0.244        382 1.6126e+02 0.0000e+00
     -0.172    24.8746     5.8241     70.339  28.928797     29.003      8.705   206.9915     2.9964     2.2733     0.0212     -0.000     -0.169     -0.244        383 1.6145e+02 0.0000e+00
     -0.172    24.8762     5.8122     70.197  28.884132     28.947      8.703   207.4079     2.9883     2.3002     0.0212      0.000     -0.169     -0.244        384 1.6169e+02 0.0000e+00
     -0.172    24.8769     5.7903     69.935  28.926563     29.002      8.704   207.2186     2.9559     2.1927     0.0212      0.000     -0.168     -0.244        385 1.6171e+02 0.0000e+00
     -0.172    24.8774     5.7705     69.698  28.935289     29.001      8.705   207.1051     2.9923     2.1927     0.0212      0.000     -0.168     -0.244        386 1.6169e+02 0.0000e+00
     -0.172    24.8776     5.7471     69.416  28.932566     29.001      8.707   207.1808     2.9357     2.0719     0.0212      0.000     -0.168     -0.244        387 1.6247e+02 0.0000e+00
     -0.172    24.8782     5.7358     69.280  28.929949     29.000      8.706   207.0672     2.9236     2.1390     0.0212     -0.000     -0.169     -0.245        388 1.6294e+02 0.0000e+00
     -0.172    24.8794     5.7154     69.033  28.879250     28.944      8.707   207.5972     2.8993     1.9913     0.0212     -0.000     -0.169     -0.245        389 1.6347e+02 0.0000e+00
     -0.172    24.8805     5.7063     68.923  28.877070     28.944      8.705   207.1808     2.9034     2.0719     0.0212     -0.001     -0.169     -0.245        390 1.6268e+02 0.0000e+00
     -0.172    24.8818     5.6932     68.767  28.873367     28.943      8.707   207.2565     2.9236     2.1122     0.0212     -0.000     -0.169     -0.245        391 1.6233e+02 0.0000e+00
     -0.172    24.8824     5.6819     68.634  28.883858     28.942      8.705   207.3701     2.9195     2.1659     0.0212     -0.000     -0.169     -0.245        392 1.6001e+02 0.0000e+00
     -0.173    24.8833     5.6700     68.490  28.923309     28.998      8.707   207.4079     2.9438     2.1256     0.0212     -0.001     -0.169     -0.246        393 1.6140e+02 0.0000e+00
     -0.173    24.8851     5.6629     68.405  28.883565     28.941      8.707   207.4458     2.9155     2.0450     0.0212     -0.001     -0.170     -0.246        394 1.5202e+02 0.0000e+00
     -0.173    24.8867     5.6566     68.332  28.874021     28.941      8.706   207.4079     3.0085     2.2867     0.0212     -0.001     -0.170     -0.246        395 1.6030e+02 0.0000e+00
     -0.173    24.8882     5.6440     68.181  28.875891     28.940      8.706   207.6729     2.9964     2.2733     0.0212     -0.001     -0.170     -0.247        396 1.4774e+02 0.0000e+00
     -0.174    24.8890     5.6345     68.066  28.821942     28.883      8.707   207.5594     2.9964     2.2062     0.0212     -0.001     -0.171     -0.248        397 1.6636e+02 0.0000e+00
     -0.176    24.8891     5.6237     67.935  28.881862     28.938      8.709   208.0894     2.9802     2.3136     0.0212     -0.001     -0.171     -0.249        398 1.3681e+02 0.0000e+00
     -0.175    24.8886     5.6141     67.820  28.919913     28.993      8.710   207.9001     2.9802     2.1659     0.0212     -0.002     -0.171     -0.248        399 1.8917e+02 0.0000e+00
     -0.174    24.8888     5.5981     67.627  28.893182     28.937      8.708   207.8244     3.0692     2.2599     0.0212     -0.001     -0.171     -0.248        400 1.0322e+02 0.0000e+00
     -0.174    24.8905     5.5856     67.476  28.915128     28.994      8.708   208.1651     3.0772     2.2599     0.0212     -0.001     -0.171     -0.248        401 2.4360e+02 0.0000e+00
     -0.174    24.8925     5.5658     67.240  28.892600     28.938      8.707   208.0136     3.0287     2.2733     0.0212     -0.001     -0.171     -0.248        402 1.5024e+01 0.0000e+00
     -0.175    24.8926     5.5500     67.050  28.861922     28.937      8.707   208.1651     3.0489     2.1390     0.0212     -0.000     -0.171     -0.248        403 3.9176e+02 0.0000e+00
     -0.174    24.8932     5.5338     66.856  28.834715     28.879      8.705   208.4301     3.2511     2.0987     0.0212     -0.000     -0.170     -0.247        404 1.6354e+03 0.0000e+00
     -0.173    24.8956     5.5136     66.613  28.867161     28.935      8.708   208.1272     3.2592     2.0316     0.0212      0.001     -0.170     -0.246        405 2.2797e+03 0.0000e+00
     -0.173    24.8970     5.4990     66.438  28.880838     28.935      8.704   208.3922     3.2390     2.1122     0.0212      0.001     -0.170     -0.246        406 1.6397e+03 0.0000e+00
     -0.172    24.8968     5.4851     66.274  28.876991     28.934      8.705   208.3165     3.2349     1.9645     0.0212      0.001     -0.170     -0.246        407 5.7759e+02 0.0000e+00
     -0.173    24.8958     5.4708     66.103  28.871949     28.933      8.703   208.3544     3.1662     2.1122     0.0212      0.001     -0.170     -0.247        408 1.4711e+03 0.0000e+00
     -0.175    24.8962     5.4606     65.979  28.887112     28.933      8.701   208.6572     3.1824     2.2196     0.0212      0.001     -0.171     -0.248        409 6.9822e+02 0.0000e+00
     -0.176    24.8970     5.4638     66.021  28.917417     28.990      8.702   208.3165     3.2228     2.1390     0.0212     -0.000     -0.172     -0.249        410 1.4120e+02 0.0000e+00
     -0.175    24.8976     5.4795     66.205  28.893531     28.933      8.701   208.5437     3.1622     2.0047     0.0212     -0.001     -0.172     -0.249        411 5.9350e+01 0.0000e+00
     -0.176    24.8991     5.5412     66.948  28.916836     28.989      8.699   208.4679     3.1662     2.0450     0.0212     -0.002     -0.172     -0.249        412 4.3704e+02 0.0000e+00
     -0.175    24.9006     5.6921     68.774  28.888413     28.933      8.699   208.5437     3.1986     2.0853     0.0212     -0.002     -0.172     -0.248        413 1.5128e+03 0.0000e+00
     -0.174    24.9017     5.8920     71.187  28.869607     28.932      8.697   208.4679     3.1783     2.1122     0.0212     -0.001     -0.171     -0.247        414 1.4982e+03 0.0000e+00
     -0.173    24.9025     6.1558     74.368  28.880944     28.931      8.698   208.0515     3.1622     1.9913     0.0212     -0.001     -0.170     -0.246        415 1.4149e+03 0.0000e+00
     -0.172    24.9040     6.5022     78.551  28.874305     28.930      8.697   208.3165     3.3158     2.0853     0.0212      0.001     -0.168     -0.245        416 7.2635e+02 0.0000e+00
     -0.171    24.9074     6.8792     83.107  28.877869     28.930      8.699   208.2408     3.3522     2.0987     0.0212      0.002     -0.168     -0.243        417 1.4493e+03 0.0000e+00
     -0.171    24.9086     7.2074     87.085  28.876507     28.929      8.700   207.9001     3.3643     2.1659     0.0212      0.003     -0.167     -0.241        418 5.4532e+02 0.0000e+00
     -0.166    24.9088     7.4574     90.122  28.875998     28.927      8.701   208.2029     3.3199     2.1122     0.0212      0.004     -0.164     -0.237        419 -3.811e+01 0.0000e+00
     -0.164    24.9100     7.6137     92.025  28.878502     28.926      8.699   207.6729     3.3037     2.1122     0.0212      0.005     -0.159     -0.232        420 2.7280e+02 0.0000e+00
     -0.156    24.9065     7.6628     92.610  28.873392     28.926      8.698   207.8622     3.4493     2.2733     0.0212      0.008     -0.152     -0.222        421 2.0587e+02 0.0000e+00
     -0.147    24.9038     7.6399     92.310  28.882357     28.925      8.685   208.3544     3.4735     2.2196     0.0212      0.012     -0.147     -0.214        422 1.8159e+03 0.0000e+00
     -0.151    24.9058     7.5435     91.114  28.867345     28.928      8.676   207.6351     3.4290     2.2464     0.0212      0.013     -0.145     -0.211        423 1.1598e+03 0.0000e+00
     -0.147    24.9043     7.4055     89.403  28.773484     28.817      8.680   206.9158     3.4493     2.1793     0.0211      0.014     -0.139     -0.201        424 7.6189e+02 0.0000e+00
     -0.125    24.9003     7.2956     88.040  28.761983     28.816      8.680   205.7044     3.1986     2.2464     0.0211      0.020     -0.119     -0.172        425 1.6524e+03 0.0000e+00
