Data/DataNotYetUploadedToEDI/Raw_CTD/RawDownloads/082418_fcr50.cnv
* Sea-Bird SBE19plus  Data File:
* FileName = C:\DATA\082718_fcr_0002.hex
* Software version 2.6.3.104
* Temperature SN = 7809
* Conductivity SN = 7809
* System UpLoad Time = Aug 27 2018 20:55:31
* <ApplicationData>
* <Seaterm232>
# nquan = 17
# nvalues = 851                         
# units = specified
# name 0 = depFM: Depth [fresh water, m]
# name 1 = tv290C: Temperature [ITS-90, deg C]
# name 2 = sbeox0Mg/L: Oxygen, SBE 43 [mg/l]
# name 3 = sbeox0PS: Oxygen, SBE 43 [% saturation]
# name 4 = c0uS/cm: Conductivity [uS/cm]
# name 5 = specc: Specific Conductance [uS/cm]
# name 6 = ph: pH
# name 7 = orp: Oxidation Reduction Potential [mV]
# name 8 = flECO-AFL: Fluorescence, WET Labs ECO-AFL/FL [mg/m^3]
# name 9 = turbWETntu0: Turbidity, WET Labs ECO [NTU]
# name 10 = sal00: Salinity, Practical [PSU]
# name 11 = dz/dtM: Descent Rate [m/s]
# name 12 = prdM: Pressure, Strain Gauge [db]
# name 13 = prdE: Pressure, Strain Gauge [psi]
# name 14 = scan: Scan Count
# name 15 = par/sat/log: PAR/Logarithmic, Satlantic
# name 16 = flag:  0.000e+00
# span 0 =     -0.510,      9.708       
# span 1 =    11.6693,    26.2335       
# span 2 =     0.0610,    10.0084       
# span 3 =      0.563,    120.630       
# span 4 =  -0.722618, 152.253793       
# span 5 =     -0.020,    207.020       
# span 6 =      6.228,      8.113       
# span 7 =  -981.8019,  1240.2295       
# span 8 =    -2.0703,   258.0773       
# span 9 =    -0.3317,    59.7852       
# span 10 =     0.0000,     0.0975      
# span 11 =     -0.064,      0.144      
# span 12 =     -0.500,      9.519      
# span 13 =     -0.725,     13.806      
# span 14 =          1,        851      
# span 15 = -2.764e+01, 2.1853e+03      
# span 16 = 0.0000e+00, 0.0000e+00      
# interval = seconds: 0.25
# start_time = Aug 24 2018 20:27:13 [Instrument's time stamp, header]
# bad_flag = -9.990e-29
*END*
[from data line 171]
      0.076    24.8661     6.2876     75.917  36.559341     36.631      8.001   195.8993     2.5314     1.2125     0.0243     -0.000      0.074      0.108        172 3.9531e+02 0.0000e+00
      0.076    24.8689     6.8387     82.541  36.593518     36.714      8.000   196.1265     2.6082     1.0782     0.0243      0.000      0.074      0.108        173 4.0583e+02 0.0000e+00
      0.076    24.8718     7.5453     91.045  36.552046     36.627      8.000   195.8236     2.5799     0.9574     0.0243      0.000      0.074      0.107        174 3.8730e+02 0.0000e+00
      0.075    24.8745     8.2529     99.554  36.521972     36.625      7.999   196.2022     2.5960     1.0111     0.0243      0.000      0.074      0.107        175 3.9148e+02 0.0000e+00
      0.076    24.8772     8.8801    107.086  36.541967     36.623      8.002   195.4829     2.6082     1.0379     0.0243      0.000      0.074      0.107        176 3.8848e+02 0.0000e+00
      0.076    24.8800     9.3887    113.191  36.527162     36.621      8.002   196.0508     2.6001     0.9842     0.0243      0.000      0.074      0.107        177 3.6021e+02 0.0000e+00
      0.075    24.8829     9.7833    117.931  36.599713     36.675      8.005   196.0508     2.6163     0.9842     0.0243     -0.000      0.074      0.107        178 3.5811e+02 0.0000e+00
      0.076    24.8852     9.9844    120.347  36.599973     36.701      8.003   200.8965     2.5799     1.0514     0.0243     -0.000      0.074      0.108        179 3.4845e+02 0.0000e+00
      0.076    24.8885    10.0084    120.630  36.556496     36.615      8.002   198.4358     2.5799     1.0648     0.0243     -0.000      0.074      0.108        180 3.3192e+02 0.0000e+00
      0.076    24.8857     9.9108    119.443  36.505521     36.613      8.004   198.9658     2.6931     1.3065     0.0243      0.000      0.074      0.108        181 3.4840e+02 0.0000e+00
      0.076    24.8680     9.7778    117.833  36.455795     36.499      8.005   199.0793     2.6607     1.3065     0.0242      0.000      0.074      0.108        182 3.5900e+02 0.0000e+00
      0.075    24.8481     9.6563    116.361  36.648039     36.753      8.004   197.5650     2.6527     1.2796     0.0243      0.000      0.074      0.107        183 3.8019e+02 0.0000e+00
      0.076    24.8335     9.5563    115.149  36.770485     36.850      8.006   202.4865     2.6486     1.2931     0.0244     -0.000      0.074      0.107        184 4.1811e+02 0.0000e+00
      0.075    24.8178     9.4918    114.367  36.718650     36.837      8.005   202.6001     2.6567     1.3468     0.0244     -0.000      0.074      0.107        185 4.3316e+02 0.0000e+00
      0.076    24.8009     9.4208    113.511  36.682897     36.792      8.006   202.5243     2.6567     1.3602     0.0243     -0.000      0.074      0.107        186 4.6501e+02 0.0000e+00
      0.076    24.7872     9.3781    112.998  36.666688     36.803      8.005   202.7515     2.6688     1.2931     0.0243     -0.000      0.074      0.108        187 4.7935e+02 0.0000e+00
      0.076    24.7793     9.3290    112.410  36.679510     36.816      8.005   201.3129     2.6891     1.2796     0.0243      0.000      0.074      0.108        188 4.8659e+02 0.0000e+00
      0.076    24.7757     9.2776    111.791  36.666950     36.826      8.006   201.3129     2.7214     0.9976     0.0243      0.000      0.074      0.108        189 5.1957e+02 0.0000e+00
      0.075    24.7726     9.2340    111.259  36.682326     36.832      8.009   202.1836     2.7376     0.9842     0.0243      0.000      0.074      0.107        190 5.1837e+02 0.0000e+00
      0.075    24.7686     9.1910    110.736  36.719697     36.891      8.007   202.9408     2.7376     0.9842     0.0244      0.000      0.074      0.107        191 5.0191e+02 0.0000e+00
      0.075    24.7646     9.1524    110.267  36.679763     36.837      8.007   203.0165     2.7214     1.0648     0.0243     -0.000      0.074      0.107        192 5.0910e+02 0.0000e+00
      0.075    24.7608     9.0987    109.620  36.672707     36.840      8.007   203.3951     2.6971     1.1722     0.0243     -0.000      0.074      0.107        193 5.0447e+02 0.0000e+00
      0.075    24.7577     9.0568    109.115  36.728481     36.899      8.010   203.5844     2.7133     1.3333     0.0244     -0.000      0.074      0.107        194 4.8544e+02 0.0000e+00
      0.076    24.7558     9.0356    108.862  36.669674     36.845      8.009   204.2279     2.7457     1.3602     0.0243     -0.000      0.074      0.107        195 4.8035e+02 0.0000e+00
      0.076    24.7553     9.0352    108.856  36.686575     36.848      8.010   200.2151     2.7295     1.2931     0.0243     -0.000      0.074      0.108        196 4.6498e+02 0.0000e+00
      0.076    24.7561     9.0404    108.914  36.707451     36.905      8.009   201.5022     2.7457     1.3333     0.0244      0.000      0.074      0.108        197 4.5991e+02 0.0000e+00
      0.076    24.7577     9.0551    109.085  36.614035     36.765      8.010   201.5401     2.7254     1.2796     0.0243      0.000      0.074      0.108        198 4.7135e+02 0.0000e+00
      0.076    24.7576     9.0594    109.130  36.565553     36.765      8.010   203.5086     2.7214     1.2259     0.0243      0.000      0.074      0.108        199 4.6086e+02 0.0000e+00
      0.076    24.7551     9.0590    109.122  36.560171     36.707      8.009   203.6601     2.7133     1.2662     0.0243      0.000      0.074      0.108        200 4.5766e+02 0.0000e+00
      0.076    24.7524     9.0472    108.978  36.591074     36.792      8.010   199.3822     2.7538     1.3602     0.0243      0.001      0.074      0.108        201 4.6281e+02 0.0000e+00
      0.076    24.7506     9.0021    108.439  36.556754     36.709      8.011   199.4579     2.6446     1.0111     0.0243      0.000      0.074      0.108        202 4.5891e+02 0.0000e+00
      0.076    24.7502     8.9512    107.829  36.573223     36.767      8.012   200.2529     2.6405     1.0782     0.0243      0.000      0.074      0.108        203 4.5662e+02 0.0000e+00
      0.075    24.7507     8.9100    107.332  36.600239     36.769      8.009   201.7672     2.6486     1.1319     0.0243     -0.000      0.074      0.108        204 4.4191e+02 0.0000e+00
      0.076    24.7513     8.8799    106.969  36.582454     36.769      8.009   201.5022     2.6688     1.0111     0.0243     -0.000      0.074      0.108        205 4.4002e+02 0.0000e+00
      0.075    24.7507     8.8735    106.886  36.595357     36.769      8.009   201.8051     2.7052     1.0379     0.0243     -0.000      0.074      0.108        206 4.2536e+02 0.0000e+00
      0.076    24.7486     8.8824    106.978  36.613838     36.796      8.009   201.5401     2.7052     1.0782     0.0243     -0.000      0.074      0.108        207 3.9101e+02 0.0000e+00
      0.076    24.7457     8.9032    107.176  36.589113     36.769      8.008   200.5179     2.7174     1.1051     0.0243     -0.000      0.074      0.108        208 3.7317e+02 0.0000e+00
      0.076    24.7427     8.9287    107.416  36.596470     36.770      8.009   200.7451     2.7133     1.1453     0.0243      0.000      0.074      0.108        209 3.4352e+02 0.0000e+00
      0.076    24.7407     8.9720    107.896  36.664003     36.857      8.009   200.8208     2.7901     1.2931     0.0243      0.000      0.074      0.108        210 3.1058e+02 0.0000e+00
      0.076    24.7398     9.0065    108.313  36.683025     36.859      8.008   201.1993     2.7861     1.2528     0.0243      0.000      0.074      0.108        211 2.8178e+02 0.0000e+00
      0.076    24.7417     9.0249    108.560  36.661777     36.860      8.010   204.0008     2.7821     1.2662     0.0243      0.000      0.074      0.108        212 2.5613e+02 0.0000e+00
      0.076    24.7435     9.0457    108.823  36.601469     36.777      8.007   203.0922     2.7901     1.2931     0.0243      0.000      0.074      0.108        213 2.3230e+02 0.0000e+00
      0.077    24.7434     9.0648    109.055  36.580122     36.775      8.009   203.3194     2.7901     1.3065     0.0243      0.000      0.074      0.108        214 2.1761e+02 0.0000e+00
      0.076    24.7424     9.0757    109.189  36.599365     36.774      8.004   203.5465     2.7780     1.2662     0.0243      0.000      0.074      0.108        215 2.0782e+02 0.0000e+00
      0.076    24.7402     9.0592    108.997  36.577519     36.774      8.010   201.8051     2.7821     1.2125     0.0243      0.000      0.074      0.107        216 1.9311e+02 0.0000e+00
      0.076    24.7316     9.0394    108.778  36.547990     36.718      8.006   201.9565     2.7821     1.3199     0.0243     -0.000      0.074      0.107        217 1.9271e+02 0.0000e+00
      0.076    24.7059     9.0262    108.609  36.606456     36.805      8.009   207.4836     2.7982     1.2931     0.0243     -0.000      0.074      0.107        218 1.8460e+02 0.0000e+00
      0.076    24.6724     9.0233    108.542  36.593739     36.782      8.010   206.8401     2.7982     1.3065     0.0243     -0.000      0.074      0.107        219 1.8087e+02 0.0000e+00
      0.076    24.6520     9.0195    108.470  36.534162     36.746      8.008   207.2186     2.7740     1.2662     0.0243     -0.000      0.074      0.107        220 1.8300e+02 0.0000e+00
      0.075    24.6529     9.0101    108.349  36.532314     36.771      8.010   205.2879     2.7901     1.2662     0.0243     -0.000      0.074      0.107        221 1.7680e+02 0.0000e+00
      0.076    24.6652     8.9990    108.221  36.536735     36.786      8.009   205.7044     2.7901     1.2931     0.0243     -0.000      0.075      0.108        222 1.7867e+02 0.0000e+00
      0.076    24.6715     9.0069    108.328  36.587987     36.841      8.011   205.5529     2.8710     1.2931     0.0243      0.000      0.075      0.108        223 1.7320e+02 0.0000e+00
      0.076    24.6732     9.0083    108.357  36.616829     36.860      8.009   207.9001     2.8912     1.3333     0.0243      0.000      0.075      0.108        224 1.7305e+02 0.0000e+00
      0.076    24.6743     9.0129    108.426  36.589816     36.827      8.008   208.3922     2.8508     1.2393     0.0243      0.000      0.075      0.108        225 1.7339e+02 0.0000e+00
      0.076    24.6785     9.0157    108.475  36.591941     36.826      8.011   208.5058     2.8589     1.3199     0.0243      0.000      0.074      0.108        226 1.6874e+02 0.0000e+00
      0.076    24.6863     8.9984    108.272  36.584524     36.825      8.008   208.3165     2.8427     1.0379     0.0243      0.000      0.074      0.108        227 1.7005e+02 0.0000e+00
      0.076    24.6822     8.9631    107.835  36.539728     36.766      8.008   208.2408     2.8387     1.1051     0.0243     -0.000      0.074      0.108        228 1.6621e+02 0.0000e+00
      0.076    24.6665     8.9302    107.414  36.558709     36.788      8.008   206.1208     2.8508     1.0916     0.0243     -0.000      0.074      0.108        229 1.6636e+02 0.0000e+00
      0.077    24.6534     8.9103    107.144  36.531241     36.763      8.009   208.3544     2.8589     1.0648     0.0243     -0.000      0.075      0.108        230 1.6665e+02 0.0000e+00
      0.076    24.6490     8.8911    106.892  36.484935     36.718      8.009   208.3165     2.8548     1.0514     0.0243      0.000      0.075      0.108        231 1.6421e+02 0.0000e+00
      0.076    24.6522     8.8921    106.886  36.468045     36.728      8.009   209.2629     2.8589     1.0379     0.0243      0.000      0.075      0.108        232 1.6741e+02 0.0000e+00
      0.076    24.6578     8.9064    107.040  36.433630     36.675      8.013   209.3008     2.8346     1.0379     0.0242      0.000      0.075      0.108        233 1.6870e+02 0.0000e+00
      0.077    24.6635     8.9335    107.365  36.468448     36.729      8.011   209.1115     2.8508     1.0379     0.0243      0.000      0.075      0.108        234 1.6985e+02 0.0000e+00
      0.076    24.6706     8.9565    107.636  36.513691     36.753      8.012   204.5686     2.9115     1.3199     0.0243      0.000      0.075      0.108        235 1.7306e+02 0.0000e+00
      0.076    24.6782     8.9650    107.710  36.525620     36.777      8.010   206.4615     2.9115     1.3468     0.0243      0.000      0.075      0.108        236 1.7834e+02 0.0000e+00
      0.076    24.6809     8.9663    107.690  36.483260     36.715      8.011   206.4236     2.9115     1.2662     0.0243     -0.000      0.075      0.108        237 1.8747e+02 0.0000e+00
      0.076    24.6749     8.9779    107.790  36.418109     36.653      8.011   206.6508     2.9074     1.2931     0.0242     -0.000      0.075      0.108        238 1.9274e+02 0.0000e+00
      0.076    24.6616     8.9772    107.745  36.428741     36.651      8.012   209.2629     2.9034     1.3199     0.0242     -0.000      0.075      0.108        239 2.0408e+02 0.0000e+00
      0.077    24.6471     8.9827    107.788  36.440368     36.684      8.012   205.1744     2.9802     1.2796     0.0243     -0.000      0.075      0.108        240 2.1989e+02 0.0000e+00
      0.076    24.6362     8.9937    107.913  36.433301     36.666      8.013   204.9851     2.9681     1.3871     0.0242     -0.000      0.075      0.108        241 2.3606e+02 0.0000e+00
      0.076    24.6265     9.0172    108.194  36.407883     36.677      8.011   204.9094     3.0004     1.3333     0.0242     -0.000      0.074      0.108        242 2.5560e+02 0.0000e+00
      0.076    24.6181     9.0248    108.282  36.383031     36.628      8.011   204.7579     2.9802     1.2393     0.0242 1.0577e-12      0.074      0.108        243 2.7724e+02 0.0000e+00
      0.076    24.6175     9.0339    108.392  36.345599     36.635      8.011   206.4994     2.9964     1.3871     0.0242     -0.000      0.074      0.108        244 2.9832e+02 0.0000e+00
      0.076    24.6147     9.0368    108.432  36.335836     36.586      8.010   206.4994     2.9964     1.3602     0.0242     -0.000      0.074      0.108        245 3.0479e+02 0.0000e+00
      0.076    24.6009     9.0366    108.430  36.365525     36.670      8.011   206.7644     3.0004     1.3333     0.0242     -0.000      0.075      0.108        246 3.2919e+02 0.0000e+00
      0.076    24.5824     9.0410    108.477  36.278992     36.531      8.013   205.7801     2.9842     1.2259     0.0242      0.000      0.075      0.108        247 3.4595e+02 0.0000e+00
      0.076    24.5629     9.0425    108.484  36.235915     36.542      8.013   205.8936     3.0166     1.2662     0.0242     -0.000      0.075      0.108        248 3.5355e+02 0.0000e+00
      0.076    24.5450     9.0374    108.410  36.211529     36.499      8.014   205.8558     3.0328     1.2931     0.0242      0.000      0.075      0.108        249 3.8877e+02 0.0000e+00
      0.076    24.5333     9.0290    108.313  36.190714     36.513      8.013   205.7801     3.0489     1.2662     0.0242      0.000      0.075      0.108        250 3.9334e+02 0.0000e+00
      0.076    24.5298     9.0175    108.180  36.261828     36.583      8.014   205.5529     3.0489     1.2796     0.0242      0.000      0.075      0.108        251 4.2202e+02 0.0000e+00
      0.076    24.5291     9.0176    108.163  36.330647     36.676      8.011   210.1715     3.1055     1.3065     0.0242      0.000      0.075      0.108        252 4.5446e+02 0.0000e+00
      0.076    24.5276     9.0075    108.030  36.312687     36.651      8.010   209.2629     3.1298     1.2528     0.0242      0.000      0.075      0.108        253 4.5752e+02 0.0000e+00
      0.077    24.5283     9.0133    108.084  36.254524     36.595      8.009   209.5279     3.1379     1.3065     0.0242      0.000      0.075      0.108        254 4.9871e+02 0.0000e+00
      0.076    24.5307     9.0137    108.070  36.254736     36.596      8.010   207.2944     3.0853     1.3065     0.0242      0.000      0.075      0.108        255 5.1221e+02 0.0000e+00
