Data/DataNotYetUploadedToEDI/Raw_CTD/RawDownloads/082420_fcr50.cnv
* Sea-Bird SBE19plus  Data File:
* FileName = C:\DATA\082420_fcr50_0002.hex
* Software version 2.8.0.119
* Temperature SN = 7809
* Conductivity SN = 7809
* System UpLoad Time = Aug 24 2020 18:48:23
* <ApplicationData>
* <Seaterm232>
# nquan = 16
# nvalues = 3785                        
# units = specified
# name 0 = depFM: Depth [fresh water, m]
# name 1 = dz/dtM: Descent Rate [m/s]
# name 2 = sbeox0ML/L: Oxygen, SBE 43 [ml/l]
# name 3 = sbeox0PS: Oxygen, SBE 43 [% saturation]
# name 4 = specc: Specific Conductance [uS/cm]
# name 5 = c0uS/cm: Conductivity [uS/cm]
# name 6 = flECO-AFL: Fluorescence, WET Labs ECO-AFL/FL [mg/m^3]
# name 7 = ph: pH
# name 8 = orp: Oxidation Reduction Potential [mV]
# name 9 = par/sat/log: PAR/Logarithmic, Satlantic
# name 10 = turbWETntu0: Turbidity, WET Labs ECO [NTU]
# name 11 = prdM: Pressure, Strain Gauge [db]
# name 12 = prdE: Pressure, Strain Gauge [psi]
# name 13 = tv290C: Temperature [ITS-90, deg C]
# name 14 = density00: Density [density, kg/m^3]
# name 15 = flag:  0.000e+00
# span 0 =     -0.611,      9.710       
# span 1 =     -4.749,      4.749       
# span 2 =    -0.1748,     5.7730       
# span 3 =     -2.282,     99.283       
# span 4 =      1.732,    400.527       
# span 5 =   1.667539, 297.398863       
# span 6 =    -1.1107,    38.7030       
# span 7 =     11.885,     12.534       
# span 8 = -1240.7455,   257.6121       
# span 9 = 1.2351e-01, 5.0690e+02       
# span 10 =    -0.3471,   231.2883      
# span 11 =     -0.599,      9.523      
# span 12 =     -0.869,     13.811      
# span 13 =    11.6886,    24.8164      
# span 14 =   997.1126,   999.7134      
# span 15 = 0.0000e+00, 0.0000e+00      
# interval = seconds: 0.25
# start_time = Aug 23 2020 19:54:31 [Instrument's time stamp, header]
# bad_flag = -9.990e-29
*END*
[from data line 452]
      5.560      0.073     1.7222     22.771     50.843  37.347401    -0.0345     12.129    95.7148 1.2368e-01    14.0009      5.456      7.913    11.7214   999.5768 0.0000e+00
      5.579      0.069     1.7244     22.757     50.818  37.328417    -0.0780     12.130    96.0866 1.2373e-01    14.1879      5.474      7.940    11.7211   999.5770 0.0000e+00
      5.594      0.063     1.7221     22.739     50.797  37.311099    -0.0966     12.131    96.1811 1.2380e-01    14.2639      5.485      7.955    11.7234   999.5768 0.0000e+00
      5.609      0.058     1.7256     22.749     50.823  37.328407    -0.0964     12.133    96.0824 1.2386e-01    14.2323      5.500      7.978    11.7256   999.5766 0.0000e+00
      5.623      0.058     1.7297     22.759     50.850  37.347288    -0.0758     12.134    96.3562 1.2386e-01    14.1485      5.515      8.001    11.7258   999.5767 0.0000e+00
      5.634      0.063     1.7264     22.767     50.853  37.348990    -0.0294     12.135    96.9970 1.2381e-01    14.0408      5.525      8.012    11.7250   999.5768 0.0000e+00
      5.645      0.069     1.7241     22.786     50.853  37.348989     0.0064     12.136    97.6350 1.2375e-01    13.9948      5.532      8.024    11.7232   999.5770 0.0000e+00
      5.663      0.074     1.7265     22.801     50.849  37.347272     0.0144     12.136    97.6172 1.2372e-01    14.0033      5.549      8.049    11.7213   999.5773 0.0000e+00
      5.689      0.080     1.7275     22.811     50.820  37.328235    -0.0179     12.137    97.2126 1.2372e-01    13.9731      5.579      8.091    11.7198   999.5777 0.0000e+00
      5.716      0.085     1.7266     22.818     50.794  37.309210    -0.0894     12.138    97.4749 1.2369e-01    13.8356      5.608      8.132    11.7190   999.5779 0.0000e+00
      5.737      0.087     1.7299     22.838     50.794  37.307636    -0.1249     12.138    98.0357 1.2369e-01    13.7146      5.626      8.160    11.7193   999.5779 0.0000e+00
      5.756      0.085     1.7299     22.873     50.799  37.309195    -0.1043     12.139    98.4859 1.2374e-01    13.7112      5.642      8.184    11.7210   999.5778 0.0000e+00
      5.777      0.081     1.7312     22.884     50.827  37.328064    -0.0690     12.140    99.0470 1.2376e-01    13.7940      5.665      8.216    11.7239   999.5776 0.0000e+00
      5.798      0.079     1.7311     22.867     50.852  37.345386    -0.0317     12.141    99.0551 1.2373e-01    13.8923      5.688      8.251    11.7241   999.5776 0.0000e+00
      5.818      0.076     1.7317     22.849     50.829  37.328235    -0.0070     12.141    98.5847 1.2368e-01    13.9383      5.706      8.276    11.7215   999.5780 0.0000e+00
      5.837      0.072     1.7372     22.854     50.804  37.311084     0.0018     12.142    98.6936 1.2368e-01    13.9733      5.723      8.300    11.7188   999.5784 0.0000e+00
      5.857      0.067     1.7373     22.871     50.825  37.328406    -0.0012     12.143    99.1666 1.2372e-01    14.0054      5.746      8.334    11.7173   999.5787 0.0000e+00
      5.875      0.062     1.7355     22.884     50.848  37.347288    -0.0149     12.144    99.6585 1.2374e-01    13.9831      5.764      8.361    11.7166   999.5789 0.0000e+00
      5.889      0.058     1.7329     22.907     50.849  37.348989    -0.0312     12.146    99.9946 1.2371e-01    13.9440      5.775      8.377    11.7168   999.5789 0.0000e+00
      5.901      0.054     1.7337     22.922     50.850  37.348974    -0.0453     12.148    99.8743 1.2370e-01    13.9443      5.785      8.392    11.7184   999.5787 0.0000e+00
      5.914      0.052     1.7367     22.926     50.850  37.347100    -0.0522     12.148    99.9252 1.2370e-01    13.9878      5.799      8.411    11.7201   999.5787 0.0000e+00
      5.927      0.053     1.7353     22.940     50.824  37.326337    -0.0477     12.149   100.2665 1.2373e-01    14.0232      5.814      8.432    11.7221   999.5786 0.0000e+00
      5.938      0.055     1.7386     22.945     50.774  37.288312    -0.0392     12.151   100.6449 1.2379e-01    13.9952      5.824      8.446    11.7231   999.5784 0.0000e+00
      5.951      0.057     1.7403     22.932     50.744  37.268130    -0.0443     12.152   101.1440 1.2381e-01    13.9575      5.834      8.459    11.7223   999.5785 0.0000e+00
      5.968      0.058     1.7383     22.919     50.748  37.272707    -0.0515     12.153   101.4837 1.2380e-01    13.9454      5.851      8.486    11.7203   999.5789 0.0000e+00
      5.987      0.061     1.7419     22.906     50.758  37.280193    -0.0310     12.153   101.6543 1.2375e-01    13.8830      5.873      8.519    11.7176   999.5793 0.0000e+00
      6.003      0.063     1.7418     22.869     50.779  37.295177     0.0021     12.153   101.9164 1.2365e-01    13.7867      5.889      8.541    11.7165   999.5794 0.0000e+00
      6.016      0.065     1.7402     22.819     50.822  37.326946     0.0155     12.155   102.2435 1.2364e-01    13.7427      5.897      8.554    11.7183   999.5792 0.0000e+00
      6.032      0.065     1.7388     22.795     50.848  37.346986     0.0070     12.157   102.5124 1.2367e-01    13.7278      5.913      8.576    11.7203   999.5791 0.0000e+00
      6.050      0.066     1.7391     22.775     50.847  37.347090     0.0050     12.158   103.0163 1.2362e-01    13.7787      5.934      8.605    11.7208   999.5792 0.0000e+00
      6.067      0.066     1.7364     22.750     50.822  37.328205     0.0384     12.159   103.7759 1.2363e-01    13.9116      5.950      8.630    11.7199   999.5793 0.0000e+00
      6.085      0.066     1.7297     22.738     50.798  37.309039     0.0766     12.161   104.2119 1.2368e-01    13.9953      5.967      8.654    11.7196   999.5795 0.0000e+00
      6.103      0.063     1.7300     22.739     50.797  37.305750     0.0761     12.161   104.3297 1.2365e-01    14.0014      5.985      8.681    11.7211   999.5794 0.0000e+00
      6.120      0.057     1.7286     22.778     50.778  37.288443     0.0616     12.162   104.5114 1.2365e-01    13.9173      6.001      8.703    11.7224   999.5793 0.0000e+00
      6.135      0.052     1.7254     22.840     50.784  37.290159     0.0636     12.163   104.7746 1.2366e-01    13.7674      6.016      8.726    11.7219   999.5795 0.0000e+00
      6.148      0.047     1.7259     22.876     50.835  37.326504     0.0707     12.164   105.2755 1.2371e-01    13.6998      6.031      8.747    11.7207   999.5796 0.0000e+00
      6.157      0.046     1.7240     22.884     50.864  37.347103     0.0722     12.165   106.0074 1.2376e-01    13.7181      6.039      8.760    11.7181   999.5800 0.0000e+00
      6.163      0.050     1.7279     22.894     50.865  37.348822     0.0612     12.166   106.3963 1.2371e-01    13.7486      6.044      8.766    11.7145   999.5804 0.0000e+00
      6.170      0.053     1.7347     22.918     50.861  37.347285     0.0335     12.167   106.4508 1.2370e-01    13.7591      6.049      8.772    11.7114   999.5807 0.0000e+00
      6.185      0.055     1.7373     22.942     50.834  37.328521     0.0041     12.168   106.4934 1.2368e-01    13.7768      6.063      8.792    11.7099   999.5810 0.0000e+00
      6.209      0.055     1.7367     22.953     50.812  37.312344    -0.0080     12.170   106.6529 1.2361e-01    13.8256      6.090      8.833    11.7094   999.5812 0.0000e+00
      6.231      0.054     1.7370     22.945     50.853  37.342084     0.0016     12.172   107.0028 1.2360e-01    13.8335      6.115      8.870    11.7104   999.5812 0.0000e+00
      6.244      0.054     1.7398     22.950     50.893  37.370774     0.0345     12.173   107.3689 1.2364e-01    13.8383      6.125      8.884    11.7128   999.5810 0.0000e+00
      6.249      0.054     1.7410     22.976     50.851  37.341913     0.0745     12.173   107.6379 1.2366e-01    13.8829      6.128      8.887    11.7135   999.5809 0.0000e+00
      6.254      0.057     1.7433     22.986     50.804  37.310457     0.1040     12.173   107.8462 1.2364e-01    13.9266      6.129      8.890    11.7131   999.5809 0.0000e+00
      6.268      0.062     1.7408     22.976     50.798  37.307753     0.1249     12.174   108.1663 1.2363e-01    13.9891      6.142      8.909    11.7124   999.5812 0.0000e+00
      6.290      0.069     1.7407     22.961     50.799  37.309223     0.1076     12.175   108.5827 1.2366e-01    14.0544      6.168      8.946    11.7115   999.5814 0.0000e+00
      6.313      0.074     1.7447     22.929     50.825  37.328238     0.0479     12.175   108.8375 1.2363e-01    14.0641      6.191      8.980    11.7131   999.5813 0.0000e+00
      6.336      0.073     1.7451     22.899     50.850  37.347265     0.0031     12.175   108.9235 1.2356e-01    14.0384      6.213      9.011    11.7170   999.5810 0.0000e+00
      6.358      0.065     1.7428     22.895     50.850  37.348875    -0.0045     12.176   109.0211 1.2355e-01    14.0174      6.236      9.045    11.7196   999.5808 0.0000e+00
      6.375      0.056     1.7434     22.894     50.845  37.347716    -0.0250     12.179   109.1569 1.2360e-01    13.9828      6.255      9.072    11.7198   999.5808 0.0000e+00
      6.385      0.049     1.7399     22.875     50.825  37.333254    -0.0727     12.180   109.3605 1.2365e-01    13.9978      6.262      9.083    11.7192   999.5810 0.0000e+00
      6.390      0.047     1.7363     22.850     50.783  37.300948    -0.1038     12.181   109.5896 1.2365e-01    14.0610      6.266      9.089    11.7197   999.5809 0.0000e+00
      6.397      0.049     1.7375     22.853     50.752  37.274424    -0.1158     12.182   109.7757 1.2366e-01    14.0262      6.272      9.096    11.7213   999.5807 0.0000e+00
      6.409      0.054     1.7374     22.855     50.746  37.266405    -0.1037     12.182   109.9760 1.2370e-01    13.9542      6.283      9.111    11.7239   999.5805 0.0000e+00
      6.426      0.060     1.7365     22.848     50.750  37.267445    -0.0711     12.182   110.2048 1.2369e-01    13.9466      6.299      9.137    11.7252   999.5804 0.0000e+00
      6.447      0.065     1.7320     22.872     50.778  37.287002    -0.0561     12.183   110.4777 1.2368e-01    13.9342      6.322      9.169    11.7230   999.5808 0.0000e+00
      6.467      0.066     1.7344     22.913     50.813  37.312472    -0.0556     12.184   110.7799 1.2368e-01    13.9072      6.343      9.199    11.7191   999.5813 0.0000e+00
      6.485      0.063     1.7356     22.952     50.827  37.321546    -0.0552     12.184   111.0198 1.2370e-01    13.9287      6.360      9.224    11.7150   999.5818 0.0000e+00
      6.501      0.058     1.7323     22.999     50.845  37.333246    -0.0607     12.185   111.2270 1.2369e-01    13.9884      6.376      9.248    11.7127   999.5822 0.0000e+00
      6.513      0.055     1.7355     23.048     50.838  37.327004    -0.0757     12.186   111.4786 1.2364e-01    14.0108      6.389      9.267    11.7129   999.5822 0.0000e+00
      6.522      0.055     1.7395     23.089     50.814  37.309541    -0.1022     12.186   111.6524 1.2368e-01    13.9937      6.395      9.276    11.7129   999.5823 0.0000e+00
      6.534      0.058     1.7413     23.108     50.818  37.312493    -0.1231     12.187   112.0377 1.2376e-01    13.9876      6.405      9.290    11.7116   999.5824 0.0000e+00
      6.549      0.064     1.7458     23.097     50.800  37.299231    -0.1001     12.188   112.6094 1.2376e-01    13.9719      6.422      9.315    11.7099   999.5827 0.0000e+00
      6.566      0.069     1.7497     23.084     50.769  37.276126    -0.0444     12.189   112.8011 1.2372e-01    13.9405      6.439      9.339    11.7094   999.5829 0.0000e+00
      6.586      0.071     1.7526     23.081     50.784  37.286987    -0.0115     12.191   112.8062 1.2366e-01    13.9511      6.456      9.365    11.7092   999.5829 0.0000e+00
      6.610      0.068     1.7557     23.083     50.808  37.303618    -0.0073     12.191   112.8430 1.2361e-01    13.9625      6.483      9.402    11.7089   999.5831 0.0000e+00
      6.632      0.062     1.7525     23.093     50.786  37.286816    -0.0133     12.192   112.9025 1.2365e-01    13.9067      6.508      9.438    11.7092   999.5832 0.0000e+00
      6.648      0.057     1.7519     23.109     50.770  37.274222    -0.0359     12.192   113.4387 1.2368e-01    13.7927      6.521      9.458    11.7089   999.5833 0.0000e+00
      6.657      0.055     1.7520     23.132     50.775  37.278275    -0.0518     12.192   114.4225 1.2368e-01    13.7167      6.529      9.469    11.7082   999.5834 0.0000e+00
      6.662      0.056     1.7514     23.136     50.766  37.272355    -0.0436     12.192   115.0746 1.2374e-01    13.7423      6.532      9.474    11.7077   999.5835 0.0000e+00
      6.671      0.059     1.7533     23.138     50.757  37.266100    -0.0321     12.193   115.1286 1.2376e-01    13.8275      6.538      9.482    11.7069   999.5836 0.0000e+00
      6.690      0.066     1.7530     23.168     50.757  37.266112    -0.0173     12.195   115.0760 1.2371e-01    13.9577      6.556      9.510    11.7062   999.5838 0.0000e+00
      6.715      0.073     1.7574     23.187     50.764  37.272512    -0.0073     12.195   115.3850 1.2365e-01    14.0115      6.587      9.554    11.7063   999.5839 0.0000e+00
      6.738      0.077     1.7564     23.184     50.773  37.280007    -0.0066     12.197   115.9397 1.2364e-01    13.9640      6.611      9.587    11.7076   999.5838 0.0000e+00
      6.756      0.077     1.7544     23.186     50.792  37.293276    -0.0094     12.199   116.3627 1.2366e-01    14.0697      6.625      9.609    11.7079   999.5839 0.0000e+00
      6.776      0.073     1.7597     23.185     50.811  37.306013    -0.0214     12.200   116.6271 1.2366e-01    14.2936      6.644      9.636    11.7075   999.5840 0.0000e+00
      6.796      0.068     1.7608     23.177     50.814  37.307082    -0.0287     12.201   116.8990 1.2363e-01    14.4056      6.666      9.668    11.7084   999.5840 0.0000e+00
      6.812      0.065     1.7590     23.181     50.813  37.306200    -0.0214     12.201   117.1552 1.2363e-01    14.4621      6.681      9.692    11.7095   999.5840 0.0000e+00
      6.825      0.062     1.7599     23.184     50.797  37.295351    -0.0188     12.201   117.1441 1.2367e-01    14.3930      6.692      9.706    11.7092   999.5840 0.0000e+00
      6.840      0.058     1.7606     23.181     50.805  37.302837    -0.0249     12.202   117.0230 1.2371e-01    14.1539      6.706      9.726    11.7076   999.5843 0.0000e+00
      6.857      0.054     1.7585     23.190     50.843  37.333248    -0.0293     12.203   117.2395 1.2375e-01    14.0079      6.724      9.753    11.7058   999.5846 0.0000e+00
      6.872      0.053     1.7596     23.177     50.857  37.345732    -0.0425     12.204   117.7820 1.2376e-01    14.0016      6.740      9.777    11.7054   999.5847 0.0000e+00
      6.884      0.055     1.7608     23.127     50.829  37.326852    -0.0515     12.205   118.4203 1.2372e-01    14.0091      6.751      9.792    11.7072   999.5846 0.0000e+00
      6.894      0.057     1.7581     23.094     50.786  37.295357    -0.0425     12.206   118.4188 1.2368e-01    14.0646      6.760      9.804    11.7092   999.5844 0.0000e+00
      6.906      0.058     1.7608     23.078     50.769  37.282254    -0.0295     12.207   117.8491 1.2368e-01    14.1580      6.770      9.819    11.7110   999.5843 0.0000e+00
      6.923      0.060     1.7613     23.052     50.788  37.295353    -0.0278     12.206   117.8141 1.2369e-01    14.1769      6.787      9.844    11.7142   999.5840 0.0000e+00
      6.943      0.063     1.7535     23.034     50.832  37.326799    -0.0405     12.206   118.3387 1.2370e-01    14.1909      6.810      9.877    11.7157   999.5839 0.0000e+00
      6.960      0.067     1.7522     23.032     50.858  37.345145    -0.0311     12.207   118.9437 1.2369e-01    14.2577      6.827      9.903    11.7151   999.5840 0.0000e+00
      6.974      0.069     1.7525     23.057     50.834  37.326782     0.0006     12.208   119.3643 1.2368e-01    14.2639      6.837      9.917    11.7146   999.5841 0.0000e+00
