Data/DataNotYetUploadedToEDI/Raw_CTD/RawDownloads/082418_fcr50.cnv
* Sea-Bird SBE19plus  Data File:
* FileName = C:\DATA\082718_fcr_0002.hex
* Software version 2.6.3.104
* Temperature SN = 7809
* Conductivity SN = 7809
* System UpLoad Time = Aug 27 2018 20:55:31
* <ApplicationData>
* <Seaterm232>
# nquan = 17
# nvalues = 851                         
# units = specified
# name 0 = depFM: Depth [fresh water, m]
# name 1 = tv290C: Temperature [ITS-90, deg C]
# name 2 = sbeox0Mg/L: Oxygen, SBE 43 [mg/l]
# name 3 = sbeox0PS: Oxygen, SBE 43 [% saturation]
# name 4 = c0uS/cm: Conductivity [uS/cm]
# name 5 = specc: Specific Conductance [uS/cm]
# name 6 = ph: pH
# name 7 = orp: Oxidation Reduction Potential [mV]
# name 8 = flECO-AFL: Fluorescence, WET Labs ECO-AFL/FL [mg/m^3]
# name 9 = turbWETntu0: Turbidity, WET Labs ECO [NTU]
# name 10 = sal00: Salinity, Practical [PSU]
# name 11 = dz/dtM: Descent Rate [m/s]
# name 12 = prdM: Pressure, Strain Gauge [db]
# name 13 = prdE: Pressure, Strain Gauge [psi]
# name 14 = scan: Scan Count
# name 15 = par/sat/log: PAR/Logarithmic, Satlantic
# name 16 = flag:  0.000e+00
# span 0 =     -0.510,      9.708       
# span 1 =    11.6693,    26.2335       
# span 2 =     0.0610,    10.0084       
# span 3 =      0.563,    120.630       
# span 4 =  -0.722618, 152.253793       
# span 5 =     -0.020,    207.020       
# span 6 =      6.228,      8.113       
# span 7 =  -981.8019,  1240.2295       
# span 8 =    -2.0703,   258.0773       
# span 9 =    -0.3317,    59.7852       
# span 10 =     0.0000,     0.0975      
# span 11 =     -0.064,      0.144      
# span 12 =     -0.500,      9.519      
# span 13 =     -0.725,     13.806      
# span 14 =          1,        851      
# span 15 = -2.764e+01, 2.1853e+03      
# span 16 = 0.0000e+00, 0.0000e+00      
# interval = seconds: 0.25
# start_time = Aug 24 2018 20:27:13 [Instrument's time stamp, header]
# bad_flag = -9.990e-29
*END*
     -0.509    26.2335     7.8395     97.034   0.625741      0.661      6.444   343.2776    -0.1698    -0.0229     0.0123      0.000     -0.499     -0.724          1 1.3983e+02 0.0000e+00
     -0.510    26.2331     7.8380     97.015   0.701173      0.606      6.456   304.6632    -0.1617    -0.0095     0.0123     -0.000     -0.500     -0.725          2 1.4743e+02 0.0000e+00
     -0.510    26.2328     7.8381     97.017   1.058490      1.123      6.444   304.3604    -0.1779     0.0174     0.0123     -0.000     -0.500     -0.725          3 1.4901e+02 0.0000e+00
     -0.509    26.2327     7.8380     97.015   0.743591      0.661      6.442   263.3231    -0.1819    -0.0229     0.0123     -0.000     -0.499     -0.724          4 1.6431e+02 0.0000e+00
     -0.509    26.2321     7.8423     97.061   0.589748      0.606      6.443   268.2067    -0.1698    -0.0095     0.0123     -0.000     -0.499     -0.724          5 1.7967e+02 0.0000e+00
     -0.509    26.2314     7.8477     97.130   0.687420      0.661      6.459   252.3823    -0.1900     0.0308     0.0123     -0.000     -0.499     -0.724          6 1.8625e+02 0.0000e+00
     -0.510    26.2309     7.8522     97.184   0.681252      0.661      6.454   223.5351    -0.1698    -0.1572     0.0123     -0.000     -0.500     -0.725          7 1.8512e+02 0.0000e+00
     -0.510    26.2307     7.8538     97.203   0.597424      0.606      6.450   219.9765    -0.1738    -0.1437     0.0123     -0.000     -0.500     -0.725          8 1.8099e+02 0.0000e+00
     -0.510    26.2304     7.8558     97.228   0.436471      0.388      6.453   175.9864    -0.1779    -0.2243     0.0123     -0.000     -0.500     -0.725          9 1.6841e+02 0.0000e+00
     -0.510    26.2299     7.8618     97.304   0.763134      0.769      6.450   176.8950    -0.1698    -0.2243     0.0123     -0.000     -0.500     -0.725         10 1.6128e+02 0.0000e+00
     -0.510    26.2294     7.8658     97.352   0.664595      0.661      6.443   135.3656    -0.1779    -0.2512     0.0123     -0.000     -0.500     -0.725         11 1.7997e+02 0.0000e+00
     -0.509    26.2291     7.8675     97.374   0.559097      0.497      6.444   132.6020    -0.1334    -0.2243     0.0123     -0.000     -0.500     -0.725         12 1.5753e+02 0.0000e+00
     -0.510    26.2293     7.8642     97.334   0.983246      1.015      6.438   156.2628    -0.1617    -0.2780     0.0123     -0.000     -0.500     -0.725         13 1.8836e+02 0.0000e+00
     -0.510    26.2294     7.8680     97.380   0.521635      0.497      6.453   152.8178    -0.1658    -0.3317     0.0123     -0.000     -0.500     -0.725         14 1.9924e+02 0.0000e+00
     -0.509    26.2286     7.8676     97.376   0.748681      0.661      6.441    86.8704    -0.1617    -0.1706     0.0123      0.000     -0.500     -0.725         15 2.2083e+02 0.0000e+00
     -0.510    26.2267     7.8720     97.430   0.878328      1.015      6.460    -0.7312    -0.1698    -0.2512     0.0123      0.000     -0.500     -0.725         16 1.0592e+02 0.0000e+00
     -0.509    26.2254     7.8688     97.391   0.182668     -0.020      6.459   -37.4149    -0.1658    -0.3317     0.0000      0.000     -0.500     -0.725         17 1.8431e+02 0.0000e+00
     -0.509    26.2253     7.8714     97.423   0.755848      0.906      6.459   -60.1671    -0.1617    -0.2243     0.0123      0.000     -0.500     -0.725         18 7.4979e+02 0.0000e+00
     -0.509    26.2254     7.8757     97.476   0.727521      0.606      6.458   -84.6986    -0.2021    -0.2377     0.0123      0.000     -0.500     -0.725         19 1.3929e+02 0.0000e+00
     -0.510    26.2256     7.8757     97.476   0.395544      0.443      6.460   -97.2672    -0.2021    -0.2109     0.0123     -0.000     -0.500     -0.725         20 2.3951e+02 0.0000e+00
     -0.510    26.2258     7.8849     97.590   0.606468      0.552      6.464   -98.2515    -0.1658    -0.2512     0.0123     -0.000     -0.500     -0.725         21 1.7443e+03 0.0000e+00
     -0.509    26.2261     7.8794     97.523   0.701879      0.715      6.468  -140.5002    -0.1819    -0.2109     0.0123     -0.000     -0.500     -0.725         22 2.0449e+03 0.0000e+00
     -0.509    26.2262     7.8804     97.535   0.632080      0.606      6.469  -157.8767    -0.1617    -0.2512     0.0123     -0.000     -0.500     -0.725         23 1.8153e+03 0.0000e+00
     -0.509    26.2261     7.8827     97.564   0.693331      0.661      6.470  -183.4682    -0.1698    -0.2377     0.0123     -0.000     -0.500     -0.725         24 2.0324e+03 0.0000e+00
     -0.509    26.2263     7.8876     97.625   0.566439      0.606      6.471  -192.7054    -0.1860    -0.0497     0.0123      0.000     -0.500     -0.725         25 1.7381e+03 0.0000e+00
     -0.509    26.2263     7.8872     97.620   0.168272      0.089      6.473  -216.5176    -0.1981     0.0174     0.0125      0.000     -0.500     -0.725         26 1.3359e+03 0.0000e+00
     -0.509    26.2264     7.8887     97.631   0.567121      0.606      6.472  -224.0512    -0.1698    -0.0229     0.0123      0.000     -0.500     -0.725         27 1.0161e+03 0.0000e+00
     -0.509    26.2263     7.8879     97.627   1.017472      0.960      6.472  -252.0655    -0.1698    -0.0229     0.0123      0.000     -0.500     -0.725         28 4.5016e+02 0.0000e+00
     -0.509    26.2264     7.8942     97.706   0.673638      0.715      6.467  -289.4306    -0.1941     0.0174     0.0123      0.000     -0.499     -0.724         29 1.3580e+03 0.0000e+00
     -0.509    26.2263     7.8957     97.724   0.491711      0.388      6.466  -310.5550    -0.1617    -0.0497     0.0123      0.000     -0.499     -0.724         30 1.9087e+03 0.0000e+00
     -0.510    26.2264     7.8973     97.742   0.562933      0.661      6.453  -358.5580    -0.1455    -0.0497     0.0123      0.000     -0.500     -0.725         31 1.6821e+03 0.0000e+00
     -0.510    26.2268     7.9064     97.854   0.407368      0.279      6.452  -395.2417    -0.1577    -0.0095     0.0124     -0.000     -0.500     -0.725         32 1.8208e+03 0.0000e+00
     -0.509    26.2267     7.9060     97.847   0.774130      0.851      6.454  -449.6047    -0.1658    -0.0497     0.0123     -0.000     -0.500     -0.725         33 1.8445e+03 0.0000e+00
     -0.510    26.2269     7.9142     97.947   0.728232      0.661      6.452  -481.8969    -0.1860    -0.0095     0.0123     -0.000     -0.500     -0.725         34 1.8890e+03 0.0000e+00
     -0.510    26.2271     7.9130     97.932   0.671726      0.661      6.463  -506.5420    -0.1698    -0.0095     0.0123     -0.000     -0.500     -0.725         35 1.8526e+03 0.0000e+00
     -0.509    26.2270     7.9123     97.923   0.518781      0.552      6.458  -532.8528    -0.1577    -0.0632     0.0123     -0.000     -0.500     -0.725         36 1.8533e+03 0.0000e+00
     -0.509    26.2270     7.9142     97.945   0.504085      0.388      6.468  -544.0585    -0.1819    -0.0766     0.0123     -0.000     -0.500     -0.725         37 1.8027e+03 0.0000e+00
     -0.509    26.2268     7.9131     97.932   0.630805      0.770      6.475  -558.8607    -0.1536     0.0443     0.0123      0.000     -0.499     -0.724         38 1.7686e+03 0.0000e+00
     -0.509    26.2269     7.9179     97.989   0.153847     -0.020      6.465  -554.9235    -0.1496     0.0711     0.0000      0.000     -0.499     -0.724         39 1.7148e+03 0.0000e+00
     -0.509    26.2267     7.9128     97.926   0.475931      0.606      6.464  -480.6098    -0.1779    -0.0229     0.0123      0.000     -0.499     -0.724         40 1.7351e+03 0.0000e+00
     -0.509    26.2257     7.9117     97.913   0.614846      0.497      6.470  -405.1981    -0.1779    -0.1034     0.0123      0.000     -0.499     -0.724         41 1.7790e+03 0.0000e+00
     -0.509    26.2249     7.9172     97.978   0.602687      0.661      6.509  -339.2508    -0.1658    -0.0497     0.0123      0.000     -0.499     -0.724         42 1.8835e+03 0.0000e+00
     -0.509    26.2241     7.9276     98.106   0.550274      0.497      6.542  -498.7812    -0.1617     0.0577     0.0123      0.000     -0.500     -0.725         43 1.8542e+03 0.0000e+00
     -0.509    26.2234     7.9295     98.130   0.443225      0.443      6.529  -550.1535    -0.1819    -0.0363     0.0123     -0.000     -0.500     -0.725         44 1.9592e+03 0.0000e+00
     -0.509    26.2230     7.9294     98.128   0.676698      0.661      6.514  -570.1422    -0.1738     0.0577     0.0123     -0.000     -0.499     -0.724         45 1.7890e+03 0.0000e+00
     -0.509    26.2226     7.9349     98.196   0.614994      0.606      6.505  -583.9979    -0.1900    -0.0632     0.0123     -0.000     -0.499     -0.724         46 2.0636e+03 0.0000e+00
     -0.509    26.2223     7.9399     98.257   0.579225      0.552      6.494  -603.8351    -0.1860    -0.2512     0.0123     -0.000     -0.499     -0.724         47 1.6051e+03 0.0000e+00
     -0.509    26.2218     7.9429     98.294   0.602786      0.606      6.495  -625.0352    -0.1698    -0.2512     0.0123     -0.000     -0.499     -0.724         48 6.0612e+02 0.0000e+00
     -0.509    26.2215     7.9479     98.356   0.585671      0.552      6.493  -641.3517    -0.1536    -0.2109     0.0123     -0.000     -0.499     -0.724         49 1.6082e+03 0.0000e+00
     -0.509    26.2213     7.9487     98.367   0.600523      0.606      6.490  -645.2131    -0.1415    -0.1706     0.0123      0.000     -0.499     -0.724         50 2.1853e+03 0.0000e+00
     -0.510    26.2209     7.9475     98.352   0.584303      0.552      6.491  -676.9375    -0.1617    -0.2780     0.0123      0.000     -0.499     -0.724         51 1.5980e+03 0.0000e+00
     -0.509    26.2199     7.9547     98.441   0.605858      0.606      6.487  -685.0389    -0.1900    -0.2243     0.0123      0.000     -0.499     -0.724         52 3.6580e+02 0.0000e+00
     -0.508    26.2194     7.9522     98.410   0.632911      0.606      6.491  -711.9554    -0.2021    -0.2243     0.0123      0.000     -0.499     -0.724         53 -2.764e+01 0.0000e+00
     -0.509    26.2192     7.9572     98.450   0.609847      0.606      6.493  -720.3597    -0.1779    -0.2512     0.0123      0.000     -0.499     -0.724         54 1.7099e+02 0.0000e+00
     -0.509    26.2193     8.0089     98.708   0.634561      0.606      6.493  -736.1841    -0.1779    -0.2243     0.0123      0.000     -0.499     -0.724         55 4.8446e+01 0.0000e+00
     -0.509    26.2189     8.0934     99.262   0.602157      0.606      6.494  -756.7027    -0.1900    -0.2780     0.0123      0.000     -0.499     -0.724         56 1.2356e+02 0.0000e+00
     -0.508    26.2188     8.1651     99.848   0.650174      0.606      6.499  -777.0699    -0.1496    -0.1706     0.0123      0.000     -0.499     -0.723         57 6.5886e+01 0.0000e+00
     -0.508    26.2182     8.2187    100.315   0.634017      0.661      6.498  -686.1368    -0.1658    -0.1572     0.0123      0.000     -0.499     -0.723         58 1.2430e+02 0.0000e+00
     -0.508    26.2193     8.2448    100.495   0.681478      0.606      6.501  -822.6122    -0.1577    -0.2914     0.0123      0.000     -0.499     -0.723         59 9.2994e+01 0.0000e+00
     -0.508    26.2178     8.2995    101.053   0.591110      0.661      6.502  -833.1365    -0.1698    -0.2109     0.0123      0.000     -0.498     -0.722         60 2.1238e+02 0.0000e+00
     -0.508    26.2206     8.3285    101.321   0.746477      0.606      6.505  -853.0873    -0.1617    -0.2109     0.0123      0.000     -0.498     -0.722         61 1.0343e+02 0.0000e+00
     -0.508    26.2165     8.3659    101.681   0.488126      0.661      6.503  -882.6159    -0.1496    -0.2780     0.0123      0.000     -0.498     -0.723         62 5.4669e+02 0.0000e+00
     -0.508    26.2231     8.3986    101.995   0.971835      0.661      6.506  -901.8853    -0.1698     0.2457     0.0123      0.000     -0.498     -0.723         63 1.7358e+03 0.0000e+00
     -0.508    26.1993     8.4245    102.231   0.144511      0.606      6.507  -927.7418    -0.1900     0.1651     0.0123      0.000     -0.497     -0.722         64 1.9165e+03 0.0000e+00
     -0.508    25.9946     8.4442    102.412   1.458504      0.661      6.501  -981.8019    -0.1455     0.1920     0.0123      0.000     -0.489     -0.710         65 1.7839e+03 0.0000e+00
     -0.479    25.7260     8.4569    102.526  -0.722618      0.552      6.360  -770.8235    -0.1698     0.2591     0.0123      0.008     -0.467     -0.678         66 1.8600e+03 0.0000e+00
     -0.443    25.5620     8.4620    102.561   2.918092      0.773      6.717  -692.0804    -0.1941     0.1785     0.0122      0.023     -0.436     -0.633         67 1.8259e+03 0.0000e+00
     -0.414    25.4592     8.4555    102.468  15.883934     18.055      6.860  -491.7019   258.0773    16.6009     0.0172      0.041     -0.406     -0.589         68 1.8689e+03 0.0000e+00
     -0.388    25.3823     8.4440    102.321  22.862198     20.238      6.989  1240.2295   258.0692    16.6143     0.0180      0.060     -0.375     -0.544         69 1.8671e+03 0.0000e+00
     -0.343    25.3247     8.4275    102.118  34.653150     36.391      7.372   155.0892   258.0490    16.5069     0.0243      0.083     -0.336     -0.487         70 1.8935e+03 0.0000e+00
     -0.296    25.2773     8.4121    101.930  37.942402     36.390      7.705   174.4721   258.0571    16.5606     0.0243      0.108     -0.296     -0.430         71 1.8868e+03 0.0000e+00
     -0.269    25.2287     8.3969    101.755  35.786331     36.322      7.889   180.0371    -2.0582    26.2153     0.0243      0.125     -0.265     -0.385         72 1.8928e+03 0.0000e+00
     -0.244    25.1823     8.3911    101.687  37.010122     36.327      7.999   184.6179    -2.0703    26.2959     0.0243      0.134     -0.242     -0.351         73 1.8953e+03 0.0000e+00
     -0.227    25.1417     8.3858    101.632  36.241486     36.364      8.002   183.4822    -2.0420    26.2825     0.0243      0.130     -0.226     -0.328         74 1.8785e+03 0.0000e+00
     -0.220    25.1104     8.3471    101.163  36.713250     36.396      7.985   186.0186    -2.0501    26.2556     0.0243      0.119     -0.218     -0.315         75 1.8641e+03 0.0000e+00
     -0.217    25.0893     8.3276    100.934  36.363726     36.371      7.950   185.5264     1.0190    59.6777     0.0243      0.103     -0.213     -0.310         76 1.8507e+03 0.0000e+00
     -0.215    25.0748     8.2575    100.082  36.557846     36.393      7.898   186.2079     1.0312    59.7852     0.0243      0.083     -0.211     -0.307         77 1.8412e+03 0.0000e+00
     -0.215    25.0672     8.1838     99.177  36.560663     36.548      7.848   185.7914     1.0271    59.7180     0.0243      0.058     -0.211     -0.306         78 1.8378e+03 0.0000e+00
     -0.215    25.0641     8.1174     98.366  36.567845     36.475      7.820   184.6179     1.0554    59.7717     0.0243      0.036     -0.211     -0.306         79 1.8454e+03 0.0000e+00
     -0.214    25.0611     8.0834     97.958  36.519256     36.480      7.810   184.0879     2.0623     0.9976     0.0243      0.022     -0.210     -0.304         80 1.8533e+03 0.0000e+00
     -0.212    25.0615     8.0815     97.942  36.591475     36.539      7.866   183.5957     2.0582     1.0111     0.0243      0.012     -0.207     -0.300         81 1.8660e+03 0.0000e+00
     -0.207    25.0654     8.0709     97.858  36.596609     36.540      7.924   183.8229     2.0663     1.0514     0.0243      0.007     -0.201     -0.291         82 1.8791e+03 0.0000e+00
     -0.197    25.0675     8.0219     97.282  36.661166     36.625      7.981   179.8100     2.0663     1.1319     0.0243      0.009     -0.190     -0.275         83 1.8858e+03 0.0000e+00
     -0.176    25.0709     8.0038     96.987  36.600112     36.537      8.037   180.1129     2.1634     1.3065     0.0243      0.016     -0.171     -0.248         84 1.8803e+03 0.0000e+00
     -0.150    25.0730     7.9821     96.553  36.583611     36.536      8.066   180.1886     2.1270     1.2662     0.0243      0.027     -0.145     -0.210         85 1.8926e+03 0.0000e+00
