Data/DataNotYetUploadedToEDI/Raw_CTD/RawDownloads/082420_fcr50.cnv
* Sea-Bird SBE19plus  Data File:
* FileName = C:\DATA\082420_fcr50_0002.hex
* Software version 2.8.0.119
* Temperature SN = 7809
* Conductivity SN = 7809
* System UpLoad Time = Aug 24 2020 18:48:23
* <ApplicationData>
* <Seaterm232>
# nquan = 16
# nvalues = 3785                        
# units = specified
# name 0 = depFM: Depth [fresh water, m]
# name 1 = dz/dtM: Descent Rate [m/s]
# name 2 = sbeox0ML/L: Oxygen, SBE 43 [ml/l]
# name 3 = sbeox0PS: Oxygen, SBE 43 [% saturation]
# name 4 = specc: Specific Conductance [uS/cm]
# name 5 = c0uS/cm: Conductivity [uS/cm]
# name 6 = flECO-AFL: Fluorescence, WET Labs ECO-AFL/FL [mg/m^3]
# name 7 = ph: pH
# name 8 = orp: Oxidation Reduction Potential [mV]
# name 9 = par/sat/log: PAR/Logarithmic, Satlantic
# name 10 = turbWETntu0: Turbidity, WET Labs ECO [NTU]
# name 11 = prdM: Pressure, Strain Gauge [db]
# name 12 = prdE: Pressure, Strain Gauge [psi]
# name 13 = tv290C: Temperature [ITS-90, deg C]
# name 14 = density00: Density [density, kg/m^3]
# name 15 = flag:  0.000e+00
# span 0 =     -0.611,      9.710       
# span 1 =     -4.749,      4.749       
# span 2 =    -0.1748,     5.7730       
# span 3 =     -2.282,     99.283       
# span 4 =      1.732,    400.527       
# span 5 =   1.667539, 297.398863       
# span 6 =    -1.1107,    38.7030       
# span 7 =     11.885,     12.534       
# span 8 = -1240.7455,   257.6121       
# span 9 = 1.2351e-01, 5.0690e+02       
# span 10 =    -0.3471,   231.2883      
# span 11 =     -0.599,      9.523      
# span 12 =     -0.869,     13.811      
# span 13 =    11.6886,    24.8164      
# span 14 =   997.1126,   999.7134      
# span 15 = 0.0000e+00, 0.0000e+00      
# interval = seconds: 0.25
# start_time = Aug 23 2020 19:54:31 [Instrument's time stamp, header]
# bad_flag = -9.990e-29
*END*
[from data line 272]
      2.157      0.070     0.3444      4.010     38.277  35.656161     4.1751     11.943   164.2912 1.7758e+01     3.4580      2.115      3.069    21.8270   997.8388 0.0000e+00
      2.174      0.070     0.3111      3.846     38.274  35.642537     4.4630     11.944   164.0341 1.7223e+01     3.0389      2.132      3.092    21.7534   997.8555 0.0000e+00
      2.190      0.071     0.2817      3.710     38.365  35.736023     4.6387     11.944   163.7006 1.6646e+01     2.8824      2.147      3.114    21.6847   997.8710 0.0000e+00
      2.208      0.074     0.2599      3.540     38.739  36.088477     4.6877     11.944   163.5291 1.6094e+01     2.9037      2.166      3.142    21.6120   997.8874 0.0000e+00
      2.225      0.076     0.2456      3.382     39.189  36.477283     4.9126     11.944   163.5093 1.5645e+01     2.8851      2.184      3.167    21.5569   997.8998 0.0000e+00
      2.243      0.073     0.2359      3.295     39.424  36.629487     5.3171     11.945   163.7191 1.5061e+01     2.8291      2.196      3.186    21.5479   997.9018 0.0000e+00
      2.268      0.066     0.2310      3.267     39.531  36.659477     5.5448     11.947   163.8278 1.4329e+01     2.8097      2.224      3.226    21.5667   997.8977 0.0000e+00
      2.293      0.058     0.2179      3.280     39.573  36.649421     5.5776     11.947   163.5343 1.3872e+01     2.8566      2.257      3.272    21.5941   997.8919 0.0000e+00
      2.306      0.051     0.2062      3.274     39.589  36.634753     5.6372     11.948   163.3535 1.3705e+01     2.8469      2.264      3.284    21.5581   997.9001 0.0000e+00
      2.311      0.045     0.2031      3.217     39.718  36.735928     5.7503     11.948   163.2764 1.3576e+01     2.7266      2.265      3.286    21.4483   997.9246 0.0000e+00
      2.315      0.040     0.2007      3.140     39.937  36.920778     5.8189     11.948   163.1185 1.3437e+01     2.6383      2.269      3.291    21.3509   997.9461 0.0000e+00
      2.322      0.040     0.2040      3.051     40.150  37.092839     5.8279     11.948   163.0788 1.3207e+01     2.6382      2.275      3.298    21.2942   997.9586 0.0000e+00
      2.333      0.046     0.2051      2.950     40.600  37.483586     5.8969     11.949   162.9684 1.2873e+01     2.6566      2.287      3.317    21.2569   997.9669 0.0000e+00
      2.348      0.054     0.1995      2.840     41.370  38.154759     6.0239     11.950   162.9026 1.2519e+01     2.6542      2.303      3.340    21.2387   997.9709 0.0000e+00
      2.364      0.061     0.1952      2.703     42.015  38.671077     6.0859     11.951   162.7131 1.2156e+01     2.6095      2.317      3.361    21.2281   997.9734 0.0000e+00
      2.381      0.064     0.1902      2.566     42.298  38.839425     6.0834     11.952   162.3126 1.1837e+01     2.5623      2.336      3.388    21.1840   997.9831 0.0000e+00
      2.397      0.062     0.1830      2.471     42.399  38.857306     6.0981     11.953   162.1893 1.1545e+01     2.5985      2.350      3.408    21.1592   997.9888 0.0000e+00
      2.416      0.055     0.1780      2.426     42.490  38.887176     6.1396     11.954   162.2549 1.1210e+01     2.6692      2.369      3.435    21.1355   997.9944 0.0000e+00
      2.436      0.046     0.1685      2.404     42.599  38.946642     6.1570     11.955   162.4176 1.0962e+01     2.6619      2.395      3.472    21.0217   998.0195 0.0000e+00
      2.447      0.038     0.1592      2.354     42.774  39.068507     6.1456     11.955   162.4353 1.0864e+01     2.6132      2.403      3.485    20.8934   998.0473 0.0000e+00
      2.450      0.033     0.1537      2.283     43.199  39.408577     6.1452     11.956   162.0385 1.0803e+01     2.5958      2.403      3.485    20.8119   998.0649 0.0000e+00
      2.451      0.034     0.1509      2.216     43.866  39.948339     6.2201     11.958   161.6641 1.0736e+01     2.6570      2.404      3.487    20.7491   998.0783 0.0000e+00
      2.453      0.039     0.1522      2.156     44.459  40.390096     6.3537     11.960   161.5221 1.0627e+01     2.8039      2.404      3.487    20.7071   998.0874 0.0000e+00
      2.462      0.047     0.1481      2.082     44.782  40.560602     6.4251     11.962   161.3541 1.0408e+01     2.8957      2.411      3.497    20.6678   998.0959 0.0000e+00
      2.480      0.057     0.1434      1.982     44.974  40.613354     6.5309     11.964   161.2676 1.0093e+01     2.8747      2.429      3.523    20.6168   998.1069 0.0000e+00
      2.505      0.066     0.1391      1.886     45.266  40.773860     7.7280     11.965   161.3368 9.8137e+00     2.8937      2.459      3.567    20.5434   998.1229 0.0000e+00
      2.525      0.073     0.1363      1.820     45.604  40.977764     9.9317     11.966   161.5026 9.6516e+00     3.0213      2.480      3.599    20.4330   998.1465 0.0000e+00
      2.539      0.076     0.1328      1.786     45.879  41.110922    11.1645     11.968   161.8953 9.4808e+00     3.1133      2.487      3.609    20.2818   998.1784 0.0000e+00
      2.555      0.075     0.1253      1.733     46.233  41.304657    11.5518     11.971   162.3855 9.2337e+00     3.1130      2.502      3.629    20.1328   998.2095 0.0000e+00
      2.578      0.071     0.1196      1.665     46.710  41.606191    14.6342     11.973   162.8698 8.9940e+00     3.2586      2.529      3.668    20.0360   998.2299 0.0000e+00
      2.600      0.067     0.1143      1.630     47.098  41.836692    20.2896     11.975   163.4483 8.7907e+00     3.5686      2.552      3.702    19.9288   998.2522 0.0000e+00
      2.619      0.065     0.1151      1.595     47.238  41.869802    23.4150     11.976   163.8744 8.6162e+00     3.7721      2.569      3.726    19.8008   998.2785 0.0000e+00
      2.633      0.063     0.1121      1.539     47.169  41.752491    24.0511     11.976   163.9776 8.4827e+00     3.8987      2.584      3.747    19.6678   998.3057 0.0000e+00
      2.644      0.062     0.1048      1.463     46.995  41.560816    27.8847     11.978   164.0075 8.3583e+00     4.4125      2.593      3.760    19.5272   998.3344 0.0000e+00
      2.656      0.063     0.1057      1.376     46.873  41.393036    34.8529     11.980   163.9779 8.1973e+00     5.2807      2.602      3.774    19.4032   998.3594 0.0000e+00
      2.672      0.066     0.1033      1.306     46.957  41.374178    38.6172     11.981   163.7058 7.9930e+00     5.7782      2.618      3.797    19.2969   998.3807 0.0000e+00
      2.692      0.070     0.0998      1.252     47.170  41.459635    38.7030     11.982   163.4707 7.7720e+00     5.9308      2.640      3.828    19.2425   998.3916 0.0000e+00
      2.713      0.073     0.0953      1.205     47.366  41.537496    35.9857     11.984   163.5438 7.5861e+00     6.5077      2.662      3.862    19.2263   998.3948 0.0000e+00
      2.733      0.075     0.0881      1.190     47.554  41.617229    30.9396     11.986   163.7302 7.4391e+00     7.4668      2.681      3.889    19.1653   998.4068 0.0000e+00
      2.751      0.075     0.0843      1.206     47.836  41.788809    28.1700     11.987   163.8315 7.2710e+00     7.9823      2.698      3.913    19.0525   998.4292 0.0000e+00
      2.768      0.075     0.0816      1.203     48.191  42.025025    27.8187     11.987   163.4770 7.0747e+00     8.0718      2.715      3.938    18.9386   998.4516 0.0000e+00
      2.787      0.076     0.0776      1.182     48.480  42.188020    26.7214     11.989   162.8862 6.8615e+00     8.3427      2.731      3.962    18.8404   998.4709 0.0000e+00
      2.807      0.078     0.0761      1.162     48.720  42.299473    24.7543     11.991   162.7113 6.6292e+00     8.7852      2.752      3.993    18.7486   998.4888 0.0000e+00
      2.828      0.081     0.0800      1.151     48.969  42.420284    23.6803     11.993   162.9114 6.4150e+00     8.9935      2.774      4.024    18.6732   998.5035 0.0000e+00
      2.848      0.083     0.0793      1.174     49.175  42.506003    23.5777     11.994   163.4126 6.1904e+00     8.9722      2.792      4.049    18.6070   998.5164 0.0000e+00
      2.870      0.083     0.0770      1.204     49.285  42.510547    23.6280     11.995   163.6080 5.9270e+00     8.9750      2.813      4.080    18.5103   998.5351 0.0000e+00
      2.893      0.083     0.0769      1.190     49.269  42.411623    24.3654     11.997   163.1235 5.6678e+00     9.1304      2.838      4.116    18.4043   998.5554 0.0000e+00
      2.914      0.084     0.0744      1.175     49.258  42.325468    25.7224     11.998   162.8027 5.4134e+00     9.3744      2.858      4.146    18.3086   998.5736 0.0000e+00
      2.933      0.086     0.0765      1.183     49.448  42.420948    26.4446     11.999   162.8272 5.1652e+00     9.4537      2.878      4.173    18.2131   998.5917 0.0000e+00
      2.953      0.086     0.0820      1.189     49.750  42.613795    26.3073     12.001   162.9888 4.8677e+00     9.4019      2.895      4.197    18.1216   998.6089 0.0000e+00
      2.975      0.085     0.0783      1.192     49.995  42.752705    24.1776     12.001   163.0367 4.4547e+00     9.3315      2.915      4.228    18.0329   998.6254 0.0000e+00
      3.001      0.084     0.0767      1.177     50.175  42.830802    20.2922     12.002   162.6319 4.0546e+00     9.2546      2.945      4.271    17.9546   998.6400 0.0000e+00
      3.025      0.084     0.0793      1.152     50.300  42.859684    18.1825     12.003   162.2235 3.7732e+00     9.2286      2.968      4.305    17.8903   998.6520 0.0000e+00
      3.045      0.084     0.0785      1.128     50.451  42.911373    17.9629     12.005   161.9706 3.5552e+00     9.2226      2.986      4.331    17.8268   998.6638 0.0000e+00
      3.062      0.083     0.0803      1.100     50.735  43.074781    17.5703     12.006   161.8117 3.3379e+00     9.1826      3.003      4.356    17.7548   998.6772 0.0000e+00
      3.082      0.080     0.0786      1.065     51.037  43.248309    16.8782     12.007   161.9368 3.0891e+00     9.1559      3.020      4.381    17.6784   998.6912 0.0000e+00
      3.105      0.077     0.0768      1.033     51.192  43.295383    16.4992     12.009   161.9340 2.8397e+00     9.1753      3.045      4.416    17.5998   998.7055 0.0000e+00
      3.128      0.073     0.0755      1.008     51.251  43.262949    16.4691     12.010   161.3477 2.6429e+00     9.2105      3.069      4.451    17.5236   998.7194 0.0000e+00
      3.148      0.068     0.0740      0.989     51.311  43.236949    16.4471     12.011   160.1826 2.4928e+00     9.2735      3.088      4.478    17.4483   998.7330 0.0000e+00
      3.164      0.063     0.0714      1.003     51.468  43.298333    16.3866     12.013   158.8601 2.3803e+00     9.3528      3.104      4.502    17.3669   998.7477 0.0000e+00
      3.177      0.062     0.0689      1.027     52.167  43.814599    16.3477     12.013   158.3496 2.3077e+00     9.3795      3.117      4.521    17.2822   998.7629 0.0000e+00
      3.188      0.065     0.0686      1.029     53.572  44.908103    16.3572     12.015   158.3979 2.2527e+00     9.3905      3.127      4.536    17.2001   998.7774 0.0000e+00
      3.199      0.069     0.0650      1.023     54.895  45.917539    16.5207     12.017   157.7234 2.1664e+00     9.4515      3.134      4.546    17.1256   998.7905 0.0000e+00
      3.216      0.072     0.0677      1.015     55.536  46.369323    16.8082     12.018   156.5610 2.0047e+00     9.4981      3.150      4.567    17.0576   998.8025 0.0000e+00
      3.243      0.074     0.0705      0.994     55.685  46.434086    16.9534     12.018   155.6145 1.8017e+00     9.4743      3.181      4.611    16.9973   998.8133 0.0000e+00
      3.271      0.074     0.0696      0.962     55.445  46.192572    16.9613     12.019   155.1420 1.6562e+00     9.4379      3.212      4.659    16.9202   998.8275 0.0000e+00
      3.291      0.074     0.0693      0.942     54.909  45.734811    16.9218     12.019   154.9772 1.5972e+00     9.4702      3.230      4.687    16.8111   998.8469 0.0000e+00
      3.302      0.071     0.0695      0.933     55.011  45.851569    16.4760     12.019   154.2243 1.5510e+00     9.7622      3.237      4.695    16.7317   998.8605 0.0000e+00
      3.314      0.068     0.0683      0.934     56.502  47.159844    15.6627     12.018   152.8354 1.4717e+00    10.2213      3.247      4.709    16.6894   998.8678 0.0000e+00
      3.333      0.070     0.0645      0.946     58.474  48.854345    15.2039     12.017   151.5202 1.3917e+00    10.4206      3.269      4.740    16.6407   998.8762 0.0000e+00
      3.353      0.075     0.0642      0.942     59.873  49.957653    15.0771     12.017   150.2820 1.3289e+00    10.4558      3.290      4.771    16.6262   998.8784 0.0000e+00
      3.371      0.081     0.0633      0.936     61.118  50.784312    14.3400     12.019   148.6190 1.2562e+00    11.1619      3.304      4.792    16.6614   998.8724 0.0000e+00
      3.392      0.086     0.0627      0.944     62.753  51.863589    13.0241     12.024   146.7283 1.1607e+00    12.5025      3.323      4.820    16.7226   998.8628 0.0000e+00
      3.418      0.086     0.0652      0.933     64.415  52.972486    12.3085     12.028   144.8877 1.0691e+00    13.2415      3.353      4.861    16.8092   998.8489 0.0000e+00
      3.443      0.084     0.0643      0.906     65.360  53.521746    12.1641     12.031   142.3679 1.0031e+00    13.3673      3.379      4.900    16.7706   998.8560 0.0000e+00
      3.465      0.079     0.0625      0.885     65.712  53.613916    11.2303     12.034   138.8900 9.4198e-01    14.2985      3.398      4.928    16.5598   998.8923 0.0000e+00
      3.485      0.074     0.0663      0.900     66.414  54.023156     9.5257     12.035   135.2731 8.8212e-01    16.0195      3.419      4.959    16.3139   998.9341 0.0000e+00
      3.503      0.070     0.0644      0.943     67.482  54.722189     8.5867     12.037   132.3640 8.5142e-01    16.9419      3.439      4.987    16.1042   998.9695 0.0000e+00
      3.514      0.069     0.0628      0.950     68.509  55.332864     8.4688     12.040   130.1307 8.3121e-01    17.0397      3.445      4.997    15.9359   998.9972 0.0000e+00
      3.527      0.070     0.0605      0.919     69.514  55.880328     8.1488     12.043   128.1457 7.8312e-01    17.2009      3.455      5.010    15.7761   999.0227 0.0000e+00
      3.547      0.072     0.0609      0.913     70.395  56.323037     7.5584     12.046   126.3447 7.2368e-01    17.4152      3.478      5.044    15.6693   999.0402 0.0000e+00
      3.571      0.077     0.0674      0.928     71.213  56.746903     7.2153     12.050   124.7031 6.7961e-01    17.4679      3.503      5.081    15.5638   999.0575 0.0000e+00
      3.591      0.081     0.0680      0.918     72.102  57.257036     7.1181     12.053   123.0963 6.4599e-01    17.4256      3.524      5.111    15.3901   999.0849 0.0000e+00
      3.611      0.084     0.0633      0.893     72.808  57.599297     6.5078     12.055   121.1134 6.1505e-01    17.5219      3.540      5.134    15.1929   999.1158 0.0000e+00
      3.632      0.087     0.0630      0.868     73.106  57.581517     5.3960     12.058   118.6236 5.7460e-01    17.7745      3.561      5.165    14.9913   999.1469 0.0000e+00
      3.653      0.089     0.0678      0.863     73.231  57.422921     4.7860     12.061   116.0515 5.3073e-01    17.9386      3.584      5.198    14.8266   999.1718 0.0000e+00
      3.674      0.090     0.0647      0.887     73.428  57.333151     4.7313     12.064   113.5888 5.0300e-01    17.9610      3.601      5.224    14.7125   999.1891 0.0000e+00
      3.700      0.089     0.0639      0.889     73.514  57.194624     4.7150     12.066   111.0457 4.8478e-01    17.9085      3.626      5.259    14.5653   999.2111 0.0000e+00
      3.729      0.088     0.0618      0.872     73.218  56.827715     4.5314     12.068   108.4480 4.5494e-01    17.1667      3.659      5.307    14.3751   999.2388 0.0000e+00
