Data/DataNotYetUploadedToEDI/Raw_CTD/RawDownloads/082418_fcr50.cnv
* Sea-Bird SBE19plus  Data File:
* FileName = C:\DATA\082718_fcr_0002.hex
* Software version 2.6.3.104
* Temperature SN = 7809
* Conductivity SN = 7809
* System UpLoad Time = Aug 27 2018 20:55:31
* <ApplicationData>
* <Seaterm232>
# nquan = 17
# nvalues = 851                         
# units = specified
# name 0 = depFM: Depth [fresh water, m]
# name 1 = tv290C: Temperature [ITS-90, deg C]
# name 2 = sbeox0Mg/L: Oxygen, SBE 43 [mg/l]
# name 3 = sbeox0PS: Oxygen, SBE 43 [% saturation]
# name 4 = c0uS/cm: Conductivity [uS/cm]
# name 5 = specc: Specific Conductance [uS/cm]
# name 6 = ph: pH
# name 7 = orp: Oxidation Reduction Potential [mV]
# name 8 = flECO-AFL: Fluorescence, WET Labs ECO-AFL/FL [mg/m^3]
# name 9 = turbWETntu0: Turbidity, WET Labs ECO [NTU]
# name 10 = sal00: Salinity, Practical [PSU]
# name 11 = dz/dtM: Descent Rate [m/s]
# name 12 = prdM: Pressure, Strain Gauge [db]
# name 13 = prdE: Pressure, Strain Gauge [psi]
# name 14 = scan: Scan Count
# name 15 = par/sat/log: PAR/Logarithmic, Satlantic
# name 16 = flag:  0.000e+00
# span 0 =     -0.510,      9.708       
# span 1 =    11.6693,    26.2335       
# span 2 =     0.0610,    10.0084       
# span 3 =      0.563,    120.630       
# span 4 =  -0.722618, 152.253793       
# span 5 =     -0.020,    207.020       
# span 6 =      6.228,      8.113       
# span 7 =  -981.8019,  1240.2295       
# span 8 =    -2.0703,   258.0773       
# span 9 =    -0.3317,    59.7852       
# span 10 =     0.0000,     0.0975      
# span 11 =     -0.064,      0.144      
# span 12 =     -0.500,      9.519      
# span 13 =     -0.725,     13.806      
# span 14 =          1,        851      
# span 15 = -2.764e+01, 2.1853e+03      
# span 16 = 0.0000e+00, 0.0000e+00      
# interval = seconds: 0.25
# start_time = Aug 24 2018 20:27:13 [Instrument's time stamp, header]
# bad_flag = -9.990e-29
*END*
[from data line 426]
      1.842    23.6417     8.2708     97.430  35.441241     36.388      7.756   230.9173     7.7072     1.5616     0.0239      0.083      1.807      2.620        427 1.4162e+02 0.0000e+00
      1.858    23.6324     8.2292     96.932  35.444533     36.451      7.754   234.5894     8.4391     1.4945     0.0239      0.083      1.822      2.641        428 1.3850e+02 0.0000e+00
      1.870    23.6215     8.2004     96.589  35.385671     36.343      7.755   233.7944     8.4512     1.3602     0.0238      0.080      1.837      2.664        429 1.3497e+02 0.0000e+00
      1.891    23.6068     8.1681     96.197  35.395867     36.408      7.753   234.4759     8.4593     1.5616     0.0239      0.076      1.857      2.693        430 1.3023e+02 0.0000e+00
      1.918    23.5887     8.1435     95.896  35.372532     36.358      7.750   234.3623     8.4270     1.4676     0.0238      0.074      1.880      2.727        431 1.2555e+02 0.0000e+00
      1.941    23.5740     8.1287     95.708  35.355400     36.369      7.744   233.5673     8.4270     1.4408     0.0238      0.074      1.903      2.761        432 1.2115e+02 0.0000e+00
      1.964    23.5671     8.1153     95.536  35.417197     36.440      7.740   233.7187     8.3057     1.6153     0.0239      0.076      1.927      2.796        433 1.1681e+02 0.0000e+00
      1.992    23.5643     8.0788     95.093  35.414267     36.452      7.731   234.2866     8.3057     1.4139     0.0239      0.081      1.957      2.838        434 1.1147e+02 0.0000e+00
      2.031    23.5595     8.0182     94.368  35.418368     36.457      7.720   235.1952     8.3259     1.5348     0.0239      0.091      1.992      2.889        435 1.0577e+02 0.0000e+00
      2.071    23.5517     7.9572     93.640  35.471415     36.516      7.709   235.3466     8.2895     1.4945     0.0239      0.104      2.025      2.937        436 1.0316e+02 0.0000e+00
      2.092    23.5445     7.9197     93.188  35.466885     36.520      7.696   235.2709     8.7990     1.6288     0.0239      0.111      2.046      2.968        437 1.0360e+02 0.0000e+00
      2.097    23.5407     7.8830     92.747  35.483322     36.526      7.689   234.8544     8.7950     1.7496     0.0239      0.109      2.059      2.986        438 1.0299e+02 0.0000e+00
      2.113    23.5383     7.8354     92.177  35.510278     36.589      7.692   234.1352     8.8233     1.7630     0.0239      0.103      2.076      3.011        439 1.0001e+02 0.0000e+00
      2.143    23.5324     7.7933     91.672  35.492658     36.534      7.692   234.4002     8.8111     1.7228     0.0239      0.100      2.100      3.046        440 9.8216e+01 0.0000e+00
      2.166    23.5255     7.7550     91.218  35.564568     36.651      7.694   234.3623     8.7950     1.5616     0.0239      0.095      2.125      3.083        441 9.5549e+01 0.0000e+00
      2.194    23.5182     7.7231     90.832  35.539421     36.598      7.691   234.7409     8.8071     1.4810     0.0239      0.090      2.154      3.125        442 9.1005e+01 0.0000e+00
      2.233    23.5101     7.6820     90.316  35.523956     36.603      7.678   235.2709     8.8152     1.5079     0.0239      0.090      2.186      3.171        443 8.8355e+01 0.0000e+00
      2.260    23.5027     7.6232     89.572  35.583817     36.666      7.673   234.8166     8.8030     1.5213     0.0239      0.093      2.214      3.211        444 8.6161e+01 0.0000e+00
      2.280    23.4963     7.5781     88.993  35.642877     36.730      7.665   236.0659     9.1387     1.6422     0.0240      0.100      2.235      3.241        445 8.3574e+01 0.0000e+00
      2.297    23.4906     7.5412     88.515  35.717383     36.822      7.663   235.9902     9.1063     1.7228     0.0240      0.105      2.253      3.267        446 8.2167e+01 0.0000e+00
      2.314    23.4845     7.5004     88.009  35.728363     36.827      7.659   236.1037     9.0901     1.6690     0.0240      0.102      2.270      3.292        447 8.1002e+01 0.0000e+00
      2.332    23.4790     7.4297     87.141  35.718190     36.831      7.653   235.4980     9.0861     1.5750     0.0240      0.095      2.287      3.316        448 7.9166e+01 0.0000e+00
      2.347    23.4733     7.3095     85.679  35.730045     36.836      7.650   235.5737     8.9163     1.7228     0.0240      0.087      2.302      3.338        449 7.7840e+01 0.0000e+00
      2.362    23.4684     7.1367     83.597  35.832244     36.955      7.645   235.6116     8.9082     1.6825     0.0240      0.078      2.319      3.363        450 7.6194e+01 0.0000e+00
      2.385    23.4658     6.9421     81.267  35.798616     36.931      7.639   236.8987     8.9527     1.6556     0.0240      0.071      2.342      3.396        451 7.3353e+01 0.0000e+00
      2.417    23.4597     6.7277     78.692  35.653265     36.762      7.630   237.4287     8.9203     1.6556     0.0240      0.072      2.368      3.436        452 7.0733e+01 0.0000e+00
      2.442    23.4397     6.4990     75.961  35.775869     36.907      7.622   238.1102     8.9203     1.6556     0.0240      0.077      2.393      3.471        453 6.9331e+01 0.0000e+00
      2.461    23.4096     6.2749     73.311  35.942623     37.085      7.615   238.2237     9.1306     1.7630     0.0241      0.081      2.412      3.499        454 6.8143e+01 0.0000e+00
      2.477    23.3795     6.0410     70.573  36.068571     37.216      7.609   238.0723     9.1387     1.6959     0.0241      0.084      2.429      3.523        455 6.6619e+01 0.0000e+00
      2.494    23.3541     5.7489     67.151  36.212308     37.413      7.603   236.5202     9.1144     1.7362     0.0242      0.084      2.446      3.547        456 6.5277e+01 0.0000e+00
      2.510    23.3359     5.4072     63.166  36.267956     37.464      7.601   237.1259     9.1225     1.6422     0.0242      0.083      2.461      3.570        457 6.4230e+01 0.0000e+00
      2.526    23.3134     5.0185     58.637  36.355239     37.600      7.593   237.6559     9.0982     1.6556     0.0243      0.080      2.479      3.596        458 6.2553e+01 0.0000e+00
      2.549    23.2805     4.6070     53.840  36.429947     37.671      7.587   237.7694     9.1023     1.7899     0.0243      0.075      2.502      3.628        459 6.0063e+01 0.0000e+00
      2.578    23.2462     4.2165     49.289  36.471584     37.747      7.579   239.4730     9.1346     1.7630     0.0243      0.074      2.529      3.668        460 5.8001e+01 0.0000e+00
      2.609    23.2114     3.8426     44.922  36.540709     37.830      7.565   239.8516     9.1144     1.6959     0.0244      0.078      2.558      3.711        461 5.5750e+01 0.0000e+00
      2.642    23.1692     3.5920     41.984  36.818487     38.148      7.550   235.4223     9.6158     1.8839     0.0245      0.087      2.588      3.754        462 5.3627e+01 0.0000e+00
      2.668    23.1294     3.4527     40.345  37.252980     38.638      7.535   236.5202     9.6279     1.9376     0.0247      0.095      2.612      3.787        463 5.2898e+01 0.0000e+00
      2.678    23.1087     3.4370     40.134  37.423690     38.847      7.523   236.3309     9.6279     1.8973     0.0247      0.098      2.624      3.805        464 5.2975e+01 0.0000e+00
      2.681    23.1031     3.5238     41.117  37.377229     38.820      7.508   238.4509     9.6077     1.9510     0.0247      0.094      2.629      3.813        465 5.2734e+01 0.0000e+00
      2.684    23.0973     3.6750     42.836  37.310818     38.780      7.501   238.7537     9.6765     1.8570     0.0247      0.084      2.632      3.818        466 5.2383e+01 0.0000e+00
      2.689    23.1008     3.8196     44.407  37.387705     38.841      7.494   238.9430     9.6967     1.9645     0.0247      0.069      2.637      3.824        467 5.2221e+01 0.0000e+00
      2.692    23.1127     3.9096     45.346  37.400190     38.905      7.488   236.4066     9.6522     1.9913     0.0247      0.052      2.642      3.832        468 5.1766e+01 0.0000e+00
      2.701    23.1232     3.9032     45.167  37.235961     38.669      7.483   236.6716     9.7048     1.9107     0.0247      0.037      2.653      3.848        469 5.0498e+01 0.0000e+00
      2.724    23.1363     3.7844     43.627  37.176838     38.660      7.475   237.2016     9.2195     1.6959     0.0247      0.030      2.672      3.876        470 4.8638e+01 0.0000e+00
      2.748    23.1400     3.5275     40.474  37.088179     38.506      7.467   237.9209     9.2519     1.7093     0.0246      0.033      2.693      3.907        471 4.7282e+01 0.0000e+00
      2.766    23.1305     3.1363     35.793  37.138668     38.583      7.457   238.2995     9.2398     1.8570     0.0246      0.042      2.713      3.934        472 4.6005e+01 0.0000e+00
      2.784    23.1144     2.6943     30.633  37.202980     38.637      7.450   239.9652     9.2438     1.7630     0.0246      0.053      2.730      3.959        473 4.4585e+01 0.0000e+00
      2.801    23.0793     2.2180     25.127  37.215764     38.646      7.438   239.8895     9.2317     1.7093     0.0246      0.062      2.746      3.984        474 4.3553e+01 0.0000e+00
      2.815    23.0419     1.7657     19.917  37.419367     38.890      7.425   240.3437     9.3489     1.9510     0.0247      0.068      2.764      4.009        475 4.2078e+01 0.0000e+00
      2.840    22.9804     1.3569     15.244  37.483498     38.977      7.411   240.3059     9.3489     1.8839     0.0248      0.073      2.787      4.042        476 4.0042e+01 0.0000e+00
      2.870    22.8504     0.9985     11.182  37.551219     39.067      7.394   240.8359     9.3570     1.9510     0.0248      0.078      2.812      4.079        477 3.8544e+01 0.0000e+00
      2.892    22.7261     0.7445      8.314  37.898670     39.492      7.373   241.7823     9.3772     2.0316     0.0250      0.079      2.834      4.111        478 3.7684e+01 0.0000e+00
      2.908    22.6000     0.5734      6.382  38.178265     39.895      7.354   243.1452     9.6765     1.9913     0.0251      0.080      2.856      4.142        479 3.6617e+01 0.0000e+00
      2.937    22.4081     0.4818      5.344  38.449110     40.262      7.342   243.3723     9.7007     1.8167     0.0252      0.084      2.885      4.184        480 3.4800e+01 0.0000e+00
      2.981    22.1554     0.4343      4.807  38.837142     40.806      7.314   244.2430     9.6846     2.0047     0.0254      0.094      2.921      4.239        481 3.2791e+01 0.0000e+00
      3.021    21.8868     0.4100      4.531  39.297220     41.417      7.288   244.8109     9.6926     1.8839     0.0256      0.105      2.956      4.289        482 3.1739e+01 0.0000e+00
      3.042    21.6840     0.4197      4.630  39.656440     42.079      7.264   244.9245     6.8338     1.6690     0.0258      0.112      2.982      4.325        483 3.1201e+01 0.0000e+00
      3.062    21.5003     0.4403      4.845  39.843746     42.447      7.245   245.0002     6.8338     1.7228     0.0259      0.113      3.005      4.359        484 3.0207e+01 0.0000e+00
      3.092    21.2796     0.4703      5.177  40.132165     43.015      7.225   245.1138     6.8500     1.6959     0.0261      0.114      3.029      4.394        485 2.9450e+01 0.0000e+00
      3.112    21.0733     0.4979      5.487  40.365548     43.367      7.207   245.5680     6.8257     1.6825     0.0262      0.114      3.049      4.421        486 2.9461e+01 0.0000e+00
      3.120    20.9076     0.5260      5.798  40.502690     43.784      7.188   245.9088     4.5410     1.7496     0.0263      0.107      3.061      4.440        487 2.9421e+01 0.0000e+00
      3.133    20.7632     0.5354      5.895  40.554914     43.983      7.171   246.2873     4.5572     1.7765     0.0263      0.094      3.076      4.462        488 2.8761e+01 0.0000e+00
      3.159    20.5951     0.5535      6.072  40.537990     44.169      7.155   246.7038     4.5370     1.7496     0.0263      0.082      3.098      4.494        489 2.7834e+01 0.0000e+00
      3.188    20.4251     0.5776      6.316  40.731506     44.464      7.133   246.6280     4.5410     1.6288     0.0264      0.078      3.120      4.525        490 2.7540e+01 0.0000e+00
      3.196    20.3156     0.5970      6.507  40.966819     44.961      7.112   246.7038     4.1529     1.1588     0.0266      0.075      3.133      4.543        491 2.7854e+01 0.0000e+00
      3.199    20.2377     0.6132      6.661  40.927552     45.014      7.096   246.1359     4.1650     1.2662     0.0265      0.069      3.140      4.554        492 2.7578e+01 0.0000e+00
      3.213    20.1350     0.6222      6.718  41.047453     45.300      7.080   246.4388     4.1731     1.2931     0.0266      0.062      3.150      4.569        493 2.7229e+01 0.0000e+00
      3.224    20.0229     0.6180      6.619  41.381331     45.723      7.066   249.2781     4.1326     1.2259     0.0268      0.059      3.160      4.584        494 2.7387e+01 0.0000e+00
      3.229    20.0308     0.6066      6.452  41.402092     45.883      7.052   248.5966     4.1569     1.2662     0.0268      0.054      3.170      4.597        495 2.7110e+01 0.0000e+00
      3.244    20.0922     0.5793      6.138  41.348005     45.882      7.039   248.9373     4.4480     1.5616     0.0268      0.049      3.183      4.617        496 2.6503e+01 0.0000e+00
      3.265    20.1025     0.5460      5.769  41.508022     46.119      7.028   247.1959     4.4480     1.4676     0.0269      0.045      3.201      4.642        497 2.6015e+01 0.0000e+00
      3.281    20.0415     0.4934      5.198  41.499625     45.988      7.018   247.7638     4.5006     1.4273     0.0269      0.045      3.217      4.665        498 2.5691e+01 0.0000e+00
      3.293    19.8716     0.4361      4.577  41.803438     46.328      7.008   247.7638     4.4763     1.4408     0.0270      0.050      3.229      4.682        499 2.5609e+01 0.0000e+00
      3.300    19.6947     0.3782      3.956  42.138617     46.810      6.997   250.7545     4.7756     1.5213     0.0272      0.052      3.239      4.697        500 2.5411e+01 0.0000e+00
      3.313    19.5405     0.3271      3.413  42.328576     47.098      6.986   251.0195     4.7756     1.4408     0.0273      0.052      3.255      4.720        501 2.4664e+01 0.0000e+00
      3.343    19.3647     0.2916      3.039  42.724179     47.865      6.971   250.3759     4.8120     1.4945     0.0275      0.057      3.281      4.758        502 2.3657e+01 0.0000e+00
      3.379    19.0694     0.2563      2.671  42.981478     48.168      6.952   251.2466     4.8079     1.4676     0.0276      0.066      3.312      4.804        503 2.2776e+01 0.0000e+00
      3.410    18.6710     0.2475      2.575  43.313901     48.882      6.931   253.1016     4.9858     1.7093     0.0279      0.075      3.342      4.847        504 2.2080e+01 0.0000e+00
      3.434    18.3357     0.2315      2.403  43.408369     49.186      6.909   251.4738     5.0222     1.6825     0.0279      0.083      3.364      4.880        505 2.1708e+01 0.0000e+00
      3.447    18.1359     0.2273      2.355  43.338799     49.666      6.887   253.0259     5.0263     1.6690     0.0280      0.090      3.378      4.900        506 2.1507e+01 0.0000e+00
      3.453    18.0072     0.2186      2.260  43.252346     49.862      6.872   253.2531     5.0465     1.7228     0.0280      0.091      3.389      4.916        507 2.1171e+01 0.0000e+00
      3.469    17.8553     0.2115      2.180  43.249121     50.153      6.862   254.5024     4.8039     1.6959     0.0280      0.089      3.403      4.937        508 2.0747e+01 0.0000e+00
      3.489    17.6800     0.2089      2.146  43.283601     50.303      6.854   254.2752     4.7958     1.6422     0.0281      0.083      3.421      4.962        509 2.0382e+01 0.0000e+00
      3.505    17.5182     0.2072      2.125  43.090849     50.284      6.842   250.4516     4.7837     1.7362     0.0280      0.073      3.436      4.983        510 2.0010e+01 0.0000e+00
