Data/DataNotYetUploadedToEDI/Raw_CTD/RawDownloads/082620_bvr50.cnv
* Sea-Bird SBE19plus  Data File:
* FileName = C:\DATA\082620_bvr50_0001.hex
* Software version 2.8.0.119
* Temperature SN = 7809
* Conductivity SN = 7809
* System UpLoad Time = Aug 26 2020 15:20:10
* <ApplicationData>
* <Seaterm232>
# nquan = 16
# nvalues = 3156                        
# units = specified
# name 0 = depFM: Depth [fresh water, m]
# name 1 = dz/dtM: Descent Rate [m/s]
# name 2 = sbeox0ML/L: Oxygen, SBE 43 [ml/l]
# name 3 = sbeox0PS: Oxygen, SBE 43 [% saturation]
# name 4 = specc: Specific Conductance [uS/cm]
# name 5 = c0uS/cm: Conductivity [uS/cm]
# name 6 = flECO-AFL: Fluorescence, WET Labs ECO-AFL/FL [mg/m^3]
# name 7 = ph: pH
# name 8 = orp: Oxidation Reduction Potential [mV]
# name 9 = par/sat/log: PAR/Logarithmic, Satlantic
# name 10 = turbWETntu0: Turbidity, WET Labs ECO [NTU]
# name 11 = prdM: Pressure, Strain Gauge [db]
# name 12 = prdE: Pressure, Strain Gauge [psi]
# name 13 = tv290C: Temperature [ITS-90, deg C]
# name 14 = density00: Density [density, kg/m^3]
# name 15 = flag:  0.000e+00
# span 0 =     -0.683,     10.492       
# span 1 =     -0.447,      0.247       
# span 2 =     0.0022,     5.7910       
# span 3 =      0.054,    101.277       
# span 4 =     27.591,    153.112       
# span 5 =  25.528019, 106.426052       
# span 6 =    -0.6341,    14.0442       
# span 7 =     12.358,     12.981       
# span 8 =   -93.1164,   248.3816       
# span 9 = 1.2345e-01, 1.6604e+03       
# span 10 =    -0.2472,    38.6636      
# span 11 =     -0.671,     10.290      
# span 12 =     -0.974,     14.924      
# span 13 =     9.6790,    27.2645      
# span 14 =   996.4556,   999.8336      
# span 15 = 0.0000e+00, 0.0000e+00      
# interval = seconds: 0.25
# start_time = Aug 25 2020 21:30:52 [Instrument's time stamp, header]
# bad_flag = -9.990e-29
*END*
[from data line 452]
      1.244      0.040     5.3198     93.220     27.633  28.036381     2.6188     12.380   219.1222 2.4350e+01     1.9458      1.219      1.768    25.7407   996.8753 0.0000e+00
      1.256      0.036     5.3251     93.018     27.613  28.013305     2.6200     12.380   219.0696 2.4172e+01     1.9413      1.234      1.790    25.7376   996.8761 0.0000e+00
      1.266      0.031     5.3282     92.776     27.628  28.025981     2.6155     12.379   218.8600 2.4060e+01     1.9027      1.242      1.801    25.7323   996.8776 0.0000e+00
      1.272      0.025     5.3265     92.545     27.668  28.062781     2.6312     12.378   218.8243 2.3977e+01     1.8912      1.248      1.810    25.7269   996.8790 0.0000e+00
      1.277      0.020     5.3206     92.383     27.687  28.077650     2.6958     12.378   218.8967 2.3913e+01     1.9048      1.252      1.817    25.7229   996.8801 0.0000e+00
      1.280      0.016     5.3080     92.320     27.695  28.078888     2.7860     12.378   218.7031 2.3855e+01     1.9303      1.255      1.820    25.7194   996.8810 0.0000e+00
      1.281      0.014     5.2943     92.333     27.702  28.077745     2.8254     12.379   218.5479 2.3801e+01     1.9244      1.256      1.822    25.7124   996.8828 0.0000e+00
      1.285      0.014     5.2802     92.355     27.693  28.063814     2.8103     12.380   218.4826 2.3726e+01     1.8673      1.260      1.827    25.7058   996.8846 0.0000e+00
      1.290      0.015     5.2706     92.355     27.667  28.037308     2.7747     12.380   218.3445 2.3660e+01     1.7897      1.265      1.835    25.7006   996.8860 0.0000e+00
      1.294      0.017     5.2690     92.365     27.638  28.010990     2.7287     12.380   218.1677 2.3591e+01     1.7070      1.268      1.839    25.6868   996.8896 0.0000e+00
      1.298      0.018     5.2729     92.381     27.624  27.999343     2.7026     12.380   217.9805 2.3502e+01     1.6222      1.272      1.845    25.6688   996.8944 0.0000e+00
      1.303      0.018     5.2767     92.381     27.646  28.023343     2.6973     12.380   217.7157 2.3417e+01     1.5886      1.278      1.853    25.6588   996.8970 0.0000e+00
      1.308      0.018     5.2738     92.356     27.670  28.047447     2.6929     12.380   217.4608 2.3351e+01     1.6099      1.282      1.861    25.6626   996.8960 0.0000e+00
      1.313      0.019     5.2748     92.300     27.661  28.037057     2.6880     12.380   217.3945 2.3300e+01     1.6396      1.288      1.868    25.6711   996.8938 0.0000e+00
      1.317      0.019     5.2759     92.211     27.651  28.024581     2.6861     12.380   217.4305 2.3215e+01     1.6734      1.292      1.874    25.6735   996.8932 0.0000e+00
      1.321      0.018     5.2755     92.071     27.653  28.023456     2.6801     12.380   217.3787 2.3090e+01     1.6751      1.296      1.879    25.6757   996.8927 0.0000e+00
      1.326      0.016     5.2746     91.904     27.657  28.023458     2.6721     12.380   217.1123 2.2962e+01     1.6600      1.300      1.885    25.6786   996.8920 0.0000e+00
      1.331      0.014     5.2705     91.794     27.662  28.024594     2.6645     12.379   216.8777 2.2863e+01     1.6630      1.306      1.894    25.6758   996.8927 0.0000e+00
      1.335      0.012     5.2677     91.821     27.676  28.037184     2.6464     12.379   216.6932 2.2768e+01     1.6760      1.311      1.901    25.6695   996.8944 0.0000e+00
      1.337      0.010     5.2593     91.955     27.688  28.048822     2.6336     12.379   216.4299 2.2625e+01     1.6802      1.311      1.902    25.6635   996.8959 0.0000e+00
      1.338      0.009     5.2490     92.098     27.677  28.038442     2.6340     12.380   216.2756 2.2452e+01     1.6449      1.312      1.903    25.6553   996.8981 0.0000e+00
      1.340      0.009     5.2409     92.202     27.673  28.038546     2.6515     12.381   216.1174 2.2331e+01     1.6271      1.314      1.905    25.6478   996.9001 0.0000e+00
      1.342      0.009     5.2434     92.262     27.678  28.050090     2.6922     12.381   216.0661 2.2282e+01     1.6366      1.316      1.908    25.6449   996.9009 0.0000e+00
      1.343      0.010     5.2547     92.333     27.673  28.051157     2.7065     12.381   216.1714 2.2239e+01     1.6222      1.317      1.910    25.6438   996.9012 0.0000e+00
      1.346      0.013     5.2625     92.443     27.668  28.051461     2.6810     12.381   216.1859 2.2171e+01     1.5903      1.320      1.915    25.6450   996.9009 0.0000e+00
      1.350      0.015     5.2687     92.563     27.668  28.053766     2.6425     12.382   216.4141 2.2080e+01     1.5604      1.323      1.920    25.6532   996.8987 0.0000e+00
      1.354      0.017     5.2689     92.677     27.692  28.079035     2.5939     12.383   216.6074 2.1967e+01     1.5693      1.327      1.925    25.6656   996.8955 0.0000e+00
      1.359      0.019     5.2709     92.795     27.716  28.103264     2.5606     12.382   216.5444 2.1853e+01     1.6295      1.333      1.933    25.6771   996.8925 0.0000e+00
      1.365      0.019     5.2778     92.924     27.705  28.092989     2.5540     12.380   216.5981 2.1714e+01     1.6704      1.339      1.940    25.6871   996.8899 0.0000e+00
      1.371      0.018     5.2842     93.047     27.694  28.081656     2.5523     12.380   216.3971 2.1548e+01     1.6518      1.345      1.950    25.6922   996.8885 0.0000e+00
      1.377      0.015     5.2904     93.145     27.706  28.093102     2.5684     12.381   216.1784 2.1384e+01     1.6451      1.351      1.960    25.6923   996.8886 0.0000e+00
      1.380      0.013     5.2968     93.252     27.718  28.104521     2.6158     12.381   216.4496 2.1216e+01     1.6923      1.353      1.963    25.6924   996.8885 0.0000e+00
      1.381      0.012     5.3045     93.380     27.708  28.092865     2.6473     12.381   216.5784 2.1048e+01     1.7413      1.355      1.964    25.6926   996.8886 0.0000e+00
      1.383      0.011     5.3125     93.474     27.696  28.079026     2.6349     12.381   216.3596 2.0887e+01     1.7565      1.356      1.966    25.6926   996.8885 0.0000e+00
      1.385      0.011     5.3168     93.499     27.683  28.064053     2.6094     12.381   216.2129 2.0743e+01     1.8078      1.356      1.967    25.6949   996.8879 0.0000e+00
      1.389      0.012     5.3219     93.437     27.660  28.038690     2.6054     12.381   216.2679 2.0609e+01     1.9154      1.363      1.977    25.6932   996.8884 0.0000e+00
      1.394      0.013     5.3325     93.305     27.648  28.026089     2.6156     12.382   216.4219 2.0461e+01     1.9598      1.368      1.984    25.6883   996.8897 0.0000e+00
      1.395      0.016     5.3376     93.149     27.660  28.038555     2.6181     12.382   216.5254 2.0349e+01     1.9324      1.368      1.983    25.6858   996.8904 0.0000e+00
      1.397      0.020     5.3404     92.970     27.683  28.062556     2.6176     12.381   216.5728 2.0295e+01     1.8248      1.370      1.986    25.6818   996.8915 0.0000e+00
      1.401      0.023     5.3372     92.773     27.684  28.062556     2.6185     12.381   216.7368 2.0241e+01     1.6537      1.373      1.993    25.6775   996.8926 0.0000e+00
      1.409      0.025     5.3277     92.601     27.663  28.038554     2.6196     12.382   216.9603 2.0148e+01     1.6143      1.380      2.002    25.6760   996.8930 0.0000e+00
      1.419      0.025     5.3195     92.505     27.655  28.026076     2.6216     12.382   217.0378 2.0045e+01     1.6578      1.393      2.020    25.6783   996.8924 0.0000e+00
      1.429      0.024     5.3087     92.506     27.674  28.038545     2.5942     12.382   217.1574 1.9975e+01     1.6299      1.403      2.035    25.6820   996.8915 0.0000e+00
      1.435      0.022     5.2966     92.567     27.704  28.062444     2.5362     12.382   217.2880 1.9917e+01     1.6200      1.408      2.042    25.6798   996.8921 0.0000e+00
      1.438      0.019     5.2865     92.640     27.707  28.061291     2.5024     12.383   217.3262 1.9842e+01     1.6760      1.411      2.046    25.6735   996.8938 0.0000e+00
      1.441      0.016     5.2809     92.720     27.674  28.024593     2.5003     12.383   217.4477 1.9761e+01     1.7235      1.412      2.049    25.6657   996.8959 0.0000e+00
      1.444      0.015     5.2831     92.763     27.651  27.999326     2.5011     12.383   217.5531 1.9693e+01     1.7815      1.416      2.054    25.6531   996.8992 0.0000e+00
      1.448      0.015     5.2900     92.733     27.664  28.009509     2.4936     12.383   217.6539 1.9642e+01     1.8626      1.420      2.060    25.6407   996.9025 0.0000e+00
      1.451      0.015     5.2933     92.669     27.679  28.020853     2.4863     12.383   217.8054 1.9569e+01     1.9144      1.423      2.064    25.6316   996.9049 0.0000e+00
      1.456      0.014     5.3000     92.589     27.671  28.009614     2.4889     12.383   217.8360 1.9463e+01     1.9275      1.428      2.071    25.6272   996.9060 0.0000e+00
      1.461      0.013     5.3042     92.511     27.665  28.000472     2.4863     12.383   217.9371 1.9368e+01     1.8842      1.433      2.080    25.6263   996.9063 0.0000e+00
      1.464      0.013     5.3006     92.473     27.702  28.037177     2.4929     12.383   218.0819 1.9289e+01     1.7682      1.436      2.083    25.6201   996.9079 0.0000e+00
      1.466      0.013     5.2982     92.447     27.737  28.072826     2.5314     12.383   217.9525 1.9212e+01     1.6576      1.438      2.086    25.6114   996.9102 0.0000e+00
      1.468      0.013     5.2944     92.393     27.716  28.050904     2.5612     12.383   217.8354 1.9149e+01     1.6456      1.439      2.088    25.6055   996.9118 0.0000e+00
      1.471      0.013     5.2883     92.348     27.691  28.025855     2.5663     12.383   217.8707 1.9103e+01     1.6574      1.442      2.091    25.6012   996.9129 0.0000e+00
      1.476      0.014     5.2875     92.317     27.690  28.023681     2.5644     12.383   217.9489 1.9064e+01     1.6290      1.448      2.100    25.5984   996.9136 0.0000e+00
      1.480      0.014     5.2879     92.277     27.692  28.024617     2.5576     12.382   218.0926 1.9005e+01     1.6105      1.452      2.106    25.5984   996.9136 0.0000e+00
      1.484      0.014     5.2825     92.266     27.705  28.037172     2.5509     12.382   218.2314 1.8932e+01     1.6055      1.455      2.110    25.5993   996.9134 0.0000e+00
      1.487      0.013     5.2803     92.303     27.716  28.048610     2.5502     12.382   218.2514 1.8890e+01     1.6372      1.458      2.115    25.5976   996.9139 0.0000e+00
      1.490      0.011     5.2801     92.332     27.702  28.036045     2.5482     12.383   218.1611 1.8864e+01     1.6849      1.461      2.120    25.5953   996.9145 0.0000e+00
      1.492      0.010     5.2765     92.342     27.676  28.012129     2.5271     12.383   218.1720 1.8836e+01     1.6669      1.464      2.123    25.5936   996.9150 0.0000e+00
      1.495      0.010     5.2747     92.359     27.674  28.013177     2.5050     12.383   218.3835 1.8831e+01     1.6255      1.466      2.127    25.5917   996.9155 0.0000e+00
      1.497      0.009     5.2796     92.374     27.708  28.048721     2.5094     12.383   218.5680 1.8834e+01     1.6306      1.468      2.129    25.5919   996.9154 0.0000e+00
      1.499      0.008     5.2806     92.369     27.719  28.061294     2.5328     12.383   218.5955 1.8833e+01     1.6599      1.470      2.131    25.5965   996.9142 0.0000e+00
      1.501      0.008     5.2791     92.304     27.696  28.038331     2.5593     12.383   218.5443 1.8844e+01     1.6711      1.472      2.134    25.6025   996.9127 0.0000e+00
      1.504      0.009     5.2815     92.176     27.681  28.024813     2.5629     12.383   218.4653 1.8853e+01     1.6632      1.475      2.139    25.6062   996.9117 0.0000e+00
      1.506      0.009     5.2808     92.027     27.681  28.024718     2.5478     12.383   218.5006 1.8832e+01     1.6677      1.477      2.143    25.6083   996.9111 0.0000e+00
      1.507      0.009     5.2826     91.913     27.693  28.037178     2.5666     12.383   218.7122 1.8768e+01     1.6914      1.478      2.144    25.6103   996.9107 0.0000e+00
      1.510      0.010     5.2785     91.894     27.704  28.048597     2.6089     12.383   218.8725 1.8693e+01     1.6751      1.481      2.146    25.6122   996.9101 0.0000e+00
      1.513      0.011     5.2696     91.934     27.694  28.035918     2.6210     12.383   218.8903 1.8655e+01     1.6075      1.484      2.152    25.6131   996.9100 0.0000e+00
      1.516      0.011     5.2609     91.945     27.673  28.010746     2.6273     12.382   219.0136 1.8627e+01     1.5949      1.486      2.156    25.6134   996.9099 0.0000e+00
      1.519      0.011     5.2512     91.925     27.663  27.997966     2.6755     12.382   219.1584 1.8594e+01     1.6603      1.489      2.160    25.6150   996.9094 0.0000e+00
      1.523      0.010     5.2517     91.948     27.675  28.008252     2.7369     12.383   219.1789 1.8571e+01     1.7112      1.493      2.167    25.6155   996.9094 0.0000e+00
      1.525      0.009     5.2570     92.023     27.676  28.008243     2.7591     12.384   219.1750 1.8556e+01     1.6952      1.495      2.169    25.6112   996.9105 0.0000e+00
      1.526      0.008     5.2585     92.096     27.666  27.997863     2.7527     12.384   219.0254 1.8555e+01     1.6390      1.497      2.170    25.6034   996.9126 0.0000e+00
      1.527      0.008     5.2551     92.152     27.677  28.009603     2.7451     12.384   219.0051 1.8570e+01     1.6160      1.499      2.173    25.5979   996.9140 0.0000e+00
      1.529      0.009     5.2566     92.222     27.689  28.023338     2.7148     12.383   219.3601 1.8590e+01     1.6905      1.500      2.175    25.5958   996.9146 0.0000e+00
      1.531      0.011     5.2631     92.350     27.701  28.037064     2.6633     12.382   219.4460 1.8591e+01     1.8195      1.502      2.177    25.5943   996.9150 0.0000e+00
      1.533      0.012     5.2672     92.503     27.711  28.048701     2.6382     12.383   219.0975 1.8584e+01     1.8705      1.502      2.178    25.5922   996.9155 0.0000e+00
      1.537      0.012     5.2700     92.595     27.698  28.037178     2.6396     12.383   218.9323 1.8584e+01     1.8612      1.506      2.185    25.5942   996.9150 0.0000e+00
      1.542      0.013     5.2718     92.596     27.684  28.024607     2.6423     12.383   218.9967 1.8571e+01     1.8449      1.514      2.196    25.5984   996.9140 0.0000e+00
      1.546      0.013     5.2799     92.542     27.683  28.023567     2.6417     12.383   218.9297 1.8556e+01     1.7763      1.518      2.201    25.5993   996.9137 0.0000e+00
      1.548      0.013     5.2910     92.464     27.684  28.024607     2.6317     12.383   218.8963 1.8566e+01     1.6840      1.517      2.201    25.6024   996.9129 0.0000e+00
      1.550      0.013     5.2962     92.368     27.696  28.037179     2.6173     12.383   219.1094 1.8569e+01     1.6220      1.519      2.204    25.6075   996.9116 0.0000e+00
      1.553      0.014     5.2948     92.266     27.708  28.048711     2.6111     12.383   219.3545 1.8556e+01     1.6444      1.523      2.210    25.6101   996.9110 0.0000e+00
      1.557      0.016     5.2908     92.162     27.699  28.037177     2.6138     12.383   219.4518 1.8541e+01     1.7824      1.526      2.214    25.6093   996.9112 0.0000e+00
      1.561      0.018     5.2871     92.051     27.690  28.024587     2.6221     12.384   219.5112 1.8524e+01     1.9170      1.530      2.219    25.6083   996.9114 0.0000e+00
      1.567      0.018     5.2808     91.934     27.691  28.023338     2.6253     12.384   219.5562 1.8512e+01     1.9344      1.536      2.228    25.6099   996.9110 0.0000e+00
      1.573      0.017     5.2748     91.847     27.691  28.022081     2.6330     12.385   219.6518 1.8507e+01     1.8893      1.543      2.238    25.6101   996.9111 0.0000e+00
      1.578      0.017     5.2698     91.827     27.681  28.009385     2.6678     12.385   219.8073 1.8505e+01     1.8860      1.548      2.245    25.6046   996.9125 0.0000e+00
