Data/DataNotYetUploadedToEDI/Raw_CTD/RawDownloads/082620_bvr50.cnv
* Sea-Bird SBE19plus  Data File:
* FileName = C:\DATA\082620_bvr50_0001.hex
* Software version 2.8.0.119
* Temperature SN = 7809
* Conductivity SN = 7809
* System UpLoad Time = Aug 26 2020 15:20:10
* <ApplicationData>
* <Seaterm232>
# nquan = 16
# nvalues = 3156                        
# units = specified
# name 0 = depFM: Depth [fresh water, m]
# name 1 = dz/dtM: Descent Rate [m/s]
# name 2 = sbeox0ML/L: Oxygen, SBE 43 [ml/l]
# name 3 = sbeox0PS: Oxygen, SBE 43 [% saturation]
# name 4 = specc: Specific Conductance [uS/cm]
# name 5 = c0uS/cm: Conductivity [uS/cm]
# name 6 = flECO-AFL: Fluorescence, WET Labs ECO-AFL/FL [mg/m^3]
# name 7 = ph: pH
# name 8 = orp: Oxidation Reduction Potential [mV]
# name 9 = par/sat/log: PAR/Logarithmic, Satlantic
# name 10 = turbWETntu0: Turbidity, WET Labs ECO [NTU]
# name 11 = prdM: Pressure, Strain Gauge [db]
# name 12 = prdE: Pressure, Strain Gauge [psi]
# name 13 = tv290C: Temperature [ITS-90, deg C]
# name 14 = density00: Density [density, kg/m^3]
# name 15 = flag:  0.000e+00
# span 0 =     -0.683,     10.492       
# span 1 =     -0.447,      0.247       
# span 2 =     0.0022,     5.7910       
# span 3 =      0.054,    101.277       
# span 4 =     27.591,    153.112       
# span 5 =  25.528019, 106.426052       
# span 6 =    -0.6341,    14.0442       
# span 7 =     12.358,     12.981       
# span 8 =   -93.1164,   248.3816       
# span 9 = 1.2345e-01, 1.6604e+03       
# span 10 =    -0.2472,    38.6636      
# span 11 =     -0.671,     10.290      
# span 12 =     -0.974,     14.924      
# span 13 =     9.6790,    27.2645      
# span 14 =   996.4556,   999.8336      
# span 15 = 0.0000e+00, 0.0000e+00      
# interval = seconds: 0.25
# start_time = Aug 25 2020 21:30:52 [Instrument's time stamp, header]
# bad_flag = -9.990e-29
*END*
[from data line 904]
      3.333      0.013     0.9401     12.822     30.562  29.232888     4.3065     12.446   242.2698 1.6719e+01     2.2046      3.270      4.743    22.8719   997.6012 0.0000e+00
      3.336      0.012     0.9087     12.094     30.545  29.218742     4.3163     12.446   242.4849 1.6700e+01     2.1815      3.272      4.745    22.8255   997.6121 0.0000e+00
      3.337      0.011     0.8656     11.516     30.556  29.222247     4.4629     12.445   242.4624 1.6669e+01     2.1788      3.272      4.745    22.7920   997.6200 0.0000e+00
      3.340      0.011     0.8218     11.107     30.625  29.275266     4.7542     12.445   242.3409 1.6624e+01     2.2066      3.275      4.750    22.8025   997.6175 0.0000e+00
      3.344      0.012     0.7706     10.837     30.717  29.352275     4.9204     12.446   242.3071 1.6573e+01     2.2076      3.279      4.755    22.8247   997.6124 0.0000e+00
      3.347      0.015     0.7246     10.647     30.840  29.455531     4.9363     12.447   242.2258 1.6527e+01     2.1915      3.282      4.761    22.8292   997.6113 0.0000e+00
      3.349      0.019     0.6901     10.492     30.987  29.572161     4.9473     12.448   242.1327 1.6479e+01     2.1838      3.284      4.763    22.8159   997.6144 0.0000e+00
      3.353      0.024     0.6658     10.337     31.135  29.683968     4.9670     12.448   242.1276 1.6383e+01     2.1482      3.287      4.766    22.7880   997.6210 0.0000e+00
      3.360      0.030     0.6520     10.143     31.280  29.792325     4.9837     12.448   242.1638 1.6296e+01     2.1390      3.295      4.780    22.7756   997.6240 0.0000e+00
      3.369      0.036     0.6409      9.854     31.460  29.930690     4.9972     12.449   242.3987 1.6229e+01     2.1423      3.304      4.792    22.7599   997.6277 0.0000e+00
      3.378      0.043     0.6333      9.379     31.737  30.151542     4.9768     12.452   242.7311 1.6146e+01     2.1188      3.312      4.804    22.7141   997.6385 0.0000e+00
      3.390      0.048     0.6251      8.679     32.020  30.369073     4.7187     12.454   242.7408 1.6067e+01     2.1292      3.325      4.822    22.6636   997.6505 0.0000e+00
      3.405      0.050     0.6146      7.801     32.246  30.530701     4.2702     12.455   242.6879 1.5976e+01     2.1650      3.339      4.842    22.6202   997.6607 0.0000e+00
      3.421      0.050     0.6007      6.822     32.487  30.709997     4.0363     12.456   242.7800 1.5834e+01     2.1741      3.354      4.865    22.5691   997.6727 0.0000e+00
      3.436      0.049     0.5733      5.776     32.726  30.887392     4.0168     12.458   242.8219 1.5704e+01     2.1715      3.371      4.890    22.5024   997.6884 0.0000e+00
      3.446      0.047     0.5307      4.698     32.991  31.089468     3.8828     12.459   242.9364 1.5614e+01     2.1665      3.379      4.902    22.4185   997.7079 0.0000e+00
      3.456      0.045     0.4756      3.665     33.278  31.313383     3.6270     12.460   243.1322 1.5533e+01     2.1481      3.388      4.913    22.3302   997.7284 0.0000e+00
      3.467      0.044     0.4169      2.740     33.462  31.437607     3.4988     12.461   243.2965 1.5469e+01     2.1561      3.401      4.931    22.2584   997.7450 0.0000e+00
      3.477      0.045     0.3532      1.939     33.597  31.512849     3.5048     12.463   243.5450 1.5398e+01     2.1945      3.409      4.945    22.1868   997.7616 0.0000e+00
      3.488      0.048     0.2856      1.277     33.741  31.588614     3.5853     12.465   243.7282 1.5308e+01     2.2001      3.419      4.959    22.1105   997.7790 0.0000e+00
      3.500      0.048     0.2213      0.769     33.812  31.592268     3.7287     12.467   243.7047 1.5169e+01     2.1555      3.433      4.978    22.0431   997.7946 0.0000e+00
      3.514      0.047     0.1652      0.409     33.832  31.556948     3.8174     12.468   243.7781 1.4959e+01     2.1352      3.444      4.995    21.9736   997.8104 0.0000e+00
      3.530      0.043     0.1162      0.197     33.859  31.542146     3.8384     12.470   243.9267 1.4774e+01     2.1608      3.462      5.021    21.8962   997.8280 0.0000e+00
      3.543      0.038     0.0747      0.097     33.895  31.540125     3.8489     12.471   244.0387 1.4716e+01     2.1564      3.478      5.044    21.8089   997.8479 0.0000e+00
      3.550      0.031     0.0447      0.054     33.924  31.532467     3.8675     12.472   244.1858 1.4675e+01     2.1154      3.481      5.049    21.7064   997.8709 0.0000e+00
      3.555      0.023     0.0215      0.061     33.929  31.512955     3.8815     12.472   244.1569 1.4584e+01     2.1123      3.486      5.056    21.6219   997.8898 0.0000e+00
      3.560      0.017     0.0096      0.124     33.921  31.494509     3.8751     12.472   243.9473 1.4536e+01     2.1524      3.492      5.065    21.5739   997.9006 0.0000e+00
      3.562      0.013     0.0054      0.231     33.929  31.499747     3.7618     12.471   243.8873 1.4503e+01     2.1543      3.493      5.066    21.5223   997.9120 0.0000e+00
      3.563      0.013     0.0022      0.375     33.955  31.512843     3.5508     12.471   243.9482 1.4467e+01     2.1351      3.494      5.068    21.4650   997.9247 0.0000e+00
      3.564      0.013     0.0023      0.510     33.999  31.525950     3.4319     12.472   243.9961 1.4435e+01     2.1609      3.495      5.069    21.4271   997.9331 0.0000e+00
      3.567      0.014     0.0070      0.617     34.036  31.531297     3.4113     12.474   244.2084 1.4352e+01     2.1574      3.496      5.071    21.4122   997.9364 0.0000e+00
      3.574      0.016     0.0129      0.729     34.027  31.514004     3.2924     12.474   244.4501 1.4260e+01     2.0928      3.505      5.083    21.4198   997.9348 0.0000e+00
      3.580      0.018     0.0235      0.841     34.007  31.507187     3.0620     12.473   244.4236 1.4220e+01     2.0663      3.512      5.094    21.4126   997.9364 0.0000e+00
      3.584      0.018     0.0328      0.911     33.985  31.512336     2.9241     12.472   244.3172 1.4210e+01     2.0772      3.514      5.097    21.3574   997.9487 0.0000e+00
      3.588      0.017     0.0377      0.942     33.966  31.512854     2.8941     12.472   244.3686 1.4204e+01     2.0875      3.519      5.103    21.3033   997.9606 0.0000e+00
      3.592      0.017     0.0447      0.962     33.985  31.513469     2.8811     12.473   244.4424 1.4194e+01     2.1221      3.524      5.110    21.2913   997.9632 0.0000e+00
      3.595      0.018     0.0537      0.975     34.047  31.519751     2.8137     12.475   244.4349 1.4167e+01     2.1184      3.525      5.113    21.3082   997.9595 0.0000e+00
      3.599      0.020     0.0575      0.995     34.126  31.525300     2.6710     12.476   244.4505 1.4122e+01     2.0087      3.529      5.118    21.3598   997.9482 0.0000e+00
      3.605      0.022     0.0581      1.024     34.187  31.517025     2.5773     12.478   244.4599 1.4067e+01     1.8937      3.535      5.126    21.4074   997.9376 0.0000e+00
      3.611      0.023     0.0601      1.040     34.210  31.483051     2.5570     12.481   244.4621 1.4025e+01     1.8947      3.541      5.136    21.3786   997.9440 0.0000e+00
      3.618      0.025     0.0604      1.050     34.201  31.431668     2.6169     12.482   244.5628 1.3978e+01     1.9864      3.548      5.146    21.2905   997.9635 0.0000e+00
      3.625      0.027     0.0612      1.054     34.200  31.403238     2.7477     12.482   244.7307 1.3893e+01     2.0755      3.555      5.156    21.1835   997.9870 0.0000e+00
      3.632      0.027     0.0644      1.037     34.194  31.393053     2.8320     12.482   244.8582 1.3812e+01     2.1135      3.561      5.165    21.0830   998.0090 0.0000e+00
      3.638      0.026     0.0651      1.007     34.167  31.371954     2.8541     12.483   244.8997 1.3735e+01     2.1027      3.567      5.173    21.0032   998.0264 0.0000e+00
      3.645      0.025     0.0652      0.958     34.138  31.338474     2.9484     12.483   244.8881 1.3655e+01     2.1165      3.575      5.185    20.9394   998.0402 0.0000e+00
      3.654      0.023     0.0671      0.901     34.116  31.305455     3.1333     12.483   244.8041 1.3603e+01     2.1775      3.583      5.197    20.8920   998.0504 0.0000e+00
      3.660      0.022     0.0645      0.867     34.118  31.289920     3.2308     12.484   244.7446 1.3577e+01     2.1886      3.590      5.206    20.8934   998.0501 0.0000e+00
      3.664      0.020     0.0636      0.852     34.143  31.277507     3.2305     12.485   244.8561 1.3543e+01     2.1477      3.593      5.211    20.9170   998.0451 0.0000e+00
      3.667      0.019     0.0602      0.840     34.203  31.282217     3.2250     12.487   244.9482 1.3496e+01     2.1291      3.595      5.215    20.8938   998.0500 0.0000e+00
      3.671      0.018     0.0554      0.842     34.262  31.283351     3.2215     12.488   244.9119 1.3454e+01     2.1354      3.600      5.221    20.8751   998.0540 0.0000e+00
      3.676      0.018     0.0538      0.854     34.245  31.227701     3.2257     12.488   244.9337 1.3389e+01     2.1544      3.604      5.228    20.8637   998.0566 0.0000e+00
      3.682      0.019     0.0536      0.850     34.214  31.180294     3.2281     12.489   245.0392 1.3295e+01     2.1534      3.610      5.237    20.8072   998.0688 0.0000e+00
      3.687      0.020     0.0524      0.840     34.196  31.154239     3.2216     12.490   245.1547 1.3216e+01     2.1236      3.616      5.244    20.7269   998.0860 0.0000e+00
      3.692      0.020     0.0520      0.831     34.160  31.102988     3.2056     12.490   245.2131 1.3153e+01     2.1367      3.621      5.252    20.6416   998.1042 0.0000e+00
      3.696      0.020     0.0548      0.826     34.146  31.068142     3.1860     12.490   245.2291 1.3053e+01     2.1750      3.624      5.256    20.5748   998.1184 0.0000e+00
      3.701      0.019     0.0533      0.842     34.147  31.050096     3.1751     12.492   245.2607 1.2958e+01     2.1744      3.629      5.263    20.5549   998.1226 0.0000e+00
      3.707      0.019     0.0527      0.839     34.127  31.011651     3.1797     12.494   245.2513 1.2880e+01     2.1299      3.635      5.272    20.5562   998.1225 0.0000e+00
      3.712      0.018     0.0528      0.814     34.114  30.983942     3.2698     12.495   245.2880 1.2800e+01     2.0838      3.640      5.280    20.5240   998.1293 0.0000e+00
      3.716      0.018     0.0505      0.804     34.106  30.968820     3.4439     12.494   245.4465 1.2722e+01     2.0969      3.645      5.286    20.4811   998.1383 0.0000e+00
      3.720      0.018     0.0540      0.800     34.108  30.955683     3.5589     12.493   245.7047 1.2643e+01     2.1512      3.649      5.292    20.4637   998.1420 0.0000e+00
      3.724      0.018     0.0540      0.803     34.135  30.951978     3.5831     12.494   246.0011 1.2563e+01     2.1569      3.652      5.296    20.4298   998.1492 0.0000e+00
      3.729      0.017     0.0502      0.817     34.137  30.923983     3.5835     12.495   246.1898 1.2473e+01     2.0966      3.656      5.302    20.3961   998.1563 0.0000e+00
      3.734      0.017     0.0513      0.827     34.105  30.870916     3.5920     12.496   246.3517 1.2398e+01     2.0743      3.662      5.311    20.4018   998.1552 0.0000e+00
      3.739      0.017     0.0500      0.825     34.066  30.817858     3.6105     12.497   246.4957 1.2340e+01     2.1275      3.667      5.317    20.3848   998.1586 0.0000e+00
      3.743      0.017     0.0506      0.823     34.049  30.789978     3.6260     12.497   246.5550 1.2285e+01     2.1906      3.670      5.323    20.3308   998.1701 0.0000e+00
      3.746      0.016     0.0517      0.828     34.051  30.787580     3.5973     12.497   246.6391 1.2236e+01     2.1856      3.673      5.327    20.2838   998.1800 0.0000e+00
      3.750      0.015     0.0528      0.826     34.046  30.788856     3.5310     12.497   246.5665 1.2176e+01     2.1354      3.677      5.333    20.2499   998.1870 0.0000e+00
      3.755      0.013     0.0523      0.826     34.047  30.805411     3.5016     12.497   246.2792 1.2111e+01     2.1329      3.683      5.341    20.2248   998.1923 0.0000e+00
      3.759      0.012     0.0515      0.812     34.018  30.797437     3.5084     12.496   246.1763 1.2051e+01     2.1550      3.686      5.347    20.2043   998.1966 0.0000e+00
      3.761      0.011     0.0534      0.782     33.965  30.755909     3.5852     12.496   246.2682 1.2022e+01     2.1634      3.689      5.350    20.1969   998.1982 0.0000e+00
      3.762      0.011     0.0517      0.757     33.974  30.747414     3.7333     12.497   246.2726 1.2018e+01     2.1654      3.690      5.351    20.2080   998.1958 0.0000e+00
      3.763      0.011     0.0528      0.738     34.015  30.758139     3.8120     12.497   246.2295 1.1983e+01     2.1788      3.690      5.351    20.2300   998.1913 0.0000e+00
      3.766      0.011     0.0520      0.713     34.040  30.758663     3.8219     12.497   246.2626 1.1925e+01     2.1877      3.693      5.357    20.2685   998.1832 0.0000e+00
      3.770      0.011     0.0492      0.705     34.044  30.753720     3.8807     12.497   246.3290 1.1891e+01     2.1702      3.698      5.364    20.2856   998.1796 0.0000e+00
      3.774      0.010     0.0477      0.733     34.047  30.761802     3.9789     12.497   246.3445 1.1890e+01     2.1397      3.701      5.369    20.2525   998.1865 0.0000e+00
      3.777      0.010     0.0470      0.740     34.067  30.792944     4.0274     12.497   246.3634 1.1890e+01     2.0932      3.704      5.374    20.2043   998.1967 0.0000e+00
      3.779      0.010     0.0453      0.715     34.076  30.813071     4.0283     12.497   246.3850 1.1885e+01     2.0884      3.706      5.376    20.1663   998.2046 0.0000e+00
      3.780      0.010     0.0426      0.706     34.075  30.814838     4.0284     12.497   246.4340 1.1887e+01     2.1495      3.707      5.376    20.1548   998.2069 0.0000e+00
      3.782      0.010     0.0477      0.708     34.082  30.814318     4.0284     12.497   246.6122 1.1876e+01     2.1810      3.708      5.377    20.1652   998.2049 0.0000e+00
      3.785      0.010     0.0482      0.715     34.090  30.806773     4.0191     12.497   246.8188 1.1856e+01     2.1255      3.711      5.383    20.1902   998.1997 0.0000e+00
      3.789      0.011     0.0439      0.724     34.086  30.787038     4.0108     12.498   246.9523 1.1841e+01     2.0616      3.715      5.390    20.2137   998.1947 0.0000e+00
      3.792      0.013     0.0451      0.727     34.071  30.766000     4.0327     12.499   247.0225 1.1840e+01     2.0954      3.718      5.393    20.2171   998.1940 0.0000e+00
      3.794      0.013     0.0447      0.718     34.041  30.742719     4.2366     12.499   247.0654 1.1829e+01     2.1908      3.720      5.397    20.2063   998.1963 0.0000e+00
      3.797      0.013     0.0453      0.705     33.986  30.695881     4.5881     12.499   247.1266 1.1805e+01     2.2198      3.723      5.400    20.1809   998.2016 0.0000e+00
      3.801      0.013     0.0462      0.722     33.936  30.643788     4.7722     12.499   247.2462 1.1787e+01     2.1707      3.728      5.407    20.1482   998.2085 0.0000e+00
      3.805      0.013     0.0461      0.749     33.934  30.620393     4.8031     12.499   247.3926 1.1775e+01     2.1125      3.732      5.413    20.1371   998.2108 0.0000e+00
      3.808      0.012     0.0464      0.741     33.953  30.603305     4.9430     12.501   247.5203 1.1764e+01     2.1000      3.735      5.417    20.1511   998.2078 0.0000e+00
      3.812      0.011     0.0432      0.728     33.952  30.564013     5.1865     12.503   247.6719 1.1744e+01     2.1565      3.739      5.422    20.1618   998.2056 0.0000e+00
      3.814      0.011     0.0454      0.745     33.937  30.525917     5.3054     12.503   247.8484 1.1761e+01     2.1780      3.741      5.425    20.1511   998.2078 0.0000e+00
      3.816      0.012     0.0492      0.756     33.931  30.523294     5.2934     12.502   248.0194 1.1780e+01     2.1192      3.741      5.427    20.1199   998.2144 0.0000e+00
