Data/DataNotYetUploadedToEDI/Raw_CTD/RawDownloads/082620_bvr50.cnv
* Sea-Bird SBE19plus  Data File:
* FileName = C:\DATA\082620_bvr50_0001.hex
* Software version 2.8.0.119
* Temperature SN = 7809
* Conductivity SN = 7809
* System UpLoad Time = Aug 26 2020 15:20:10
* <ApplicationData>
* <Seaterm232>
# nquan = 16
# nvalues = 3156                        
# units = specified
# name 0 = depFM: Depth [fresh water, m]
# name 1 = dz/dtM: Descent Rate [m/s]
# name 2 = sbeox0ML/L: Oxygen, SBE 43 [ml/l]
# name 3 = sbeox0PS: Oxygen, SBE 43 [% saturation]
# name 4 = specc: Specific Conductance [uS/cm]
# name 5 = c0uS/cm: Conductivity [uS/cm]
# name 6 = flECO-AFL: Fluorescence, WET Labs ECO-AFL/FL [mg/m^3]
# name 7 = ph: pH
# name 8 = orp: Oxidation Reduction Potential [mV]
# name 9 = par/sat/log: PAR/Logarithmic, Satlantic
# name 10 = turbWETntu0: Turbidity, WET Labs ECO [NTU]
# name 11 = prdM: Pressure, Strain Gauge [db]
# name 12 = prdE: Pressure, Strain Gauge [psi]
# name 13 = tv290C: Temperature [ITS-90, deg C]
# name 14 = density00: Density [density, kg/m^3]
# name 15 = flag:  0.000e+00
# span 0 =     -0.683,     10.492       
# span 1 =     -0.447,      0.247       
# span 2 =     0.0022,     5.7910       
# span 3 =      0.054,    101.277       
# span 4 =     27.591,    153.112       
# span 5 =  25.528019, 106.426052       
# span 6 =    -0.6341,    14.0442       
# span 7 =     12.358,     12.981       
# span 8 =   -93.1164,   248.3816       
# span 9 = 1.2345e-01, 1.6604e+03       
# span 10 =    -0.2472,    38.6636      
# span 11 =     -0.671,     10.290      
# span 12 =     -0.974,     14.924      
# span 13 =     9.6790,    27.2645      
# span 14 =   996.4556,   999.8336      
# span 15 = 0.0000e+00, 0.0000e+00      
# interval = seconds: 0.25
# start_time = Aug 25 2020 21:30:52 [Instrument's time stamp, header]
# bad_flag = -9.990e-29
*END*
[from data line 2441]
      7.754     -0.041     0.0397      0.472    117.837  83.769334     4.3839     12.967   -90.7872 2.8247e-01     3.0046      7.604     11.029    10.5340   999.7330 0.0000e+00
      7.740     -0.047     0.0411      0.464    117.831  83.773861     4.0571     12.967   -90.6972 2.9990e-01     2.9118      7.591     11.008    10.5339   999.7327 0.0000e+00
      7.729     -0.052     0.0402      0.471    117.764  83.738083     3.8862     12.967   -90.6771 3.1520e-01     2.8869      7.579     10.992    10.5360   999.7326 0.0000e+00
      7.718     -0.052     0.0381      0.480    117.627  83.654816     3.8811     12.967   -90.8011 3.2078e-01     2.8751      7.569     10.979    10.5388   999.7323 0.0000e+00
      7.703     -0.050     0.0366      0.480    117.429  83.530431     3.9768     12.967   -90.9062 3.3217e-01     2.8720      7.555     10.959    10.5416   999.7319 0.0000e+00
      7.686     -0.048     0.0356      0.484    117.288  83.442769     4.1559     12.967   -91.0019 3.5216e-01     2.9171      7.535     10.928    10.5457   999.7315 0.0000e+00
      7.672     -0.046     0.0365      0.493    117.249  83.421850     4.2447     12.967   -91.1835 3.5906e-01     2.9058      7.521     10.908    10.5505   999.7310 0.0000e+00
      7.663     -0.043     0.0383      0.502    117.217  83.404731     4.2395     12.967   -91.4679 3.5553e-01     2.8738      7.515     10.900    10.5562   999.7303 0.0000e+00
      7.655     -0.039     0.0369      0.519    117.150  83.363006     4.2266     12.966   -91.6868 3.6035e-01     2.8731      7.509     10.889    10.5642   999.7294 0.0000e+00
      7.645     -0.035     0.0373      0.530    117.053  83.299030     4.2224     12.966   -91.7653 3.6560e-01     2.8630      7.498     10.875    10.5703   999.7287 0.0000e+00
      7.635     -0.033     0.0391      0.522    116.999  83.267291     4.2363     12.966   -91.8144 3.6189e-01     2.8893      7.487     10.859    10.5722   999.7285 0.0000e+00
      7.627     -0.032     0.0382      0.515    117.030  83.297318     4.2520     12.966   -91.8513 3.6521e-01     2.9502      7.478     10.846    10.5745   999.7282 0.0000e+00
      7.620     -0.032     0.0408      0.521    117.087  83.344045     4.3359     12.965   -91.8672 3.8446e-01     2.9813      7.472     10.838    10.5772   999.7279 0.0000e+00
      7.613     -0.032     0.0421      0.506    117.147  83.387010     4.4972     12.965   -91.8340 4.0221e-01     2.9904      7.466     10.828    10.5787   999.7277 0.0000e+00
      7.606     -0.033     0.0407      0.476    117.135  83.371534     4.5909     12.965   -91.7080 3.9799e-01     2.9921      7.459     10.818    10.5817   999.7273 0.0000e+00
      7.598     -0.035     0.0390      0.489    117.024  83.284131     4.5909     12.966   -91.6347 3.9526e-01     3.0012      7.452     10.807    10.5860   999.7269 0.0000e+00
      7.588     -0.037     0.0413      0.511    116.939  83.220751     4.5164     12.967   -91.7223 4.1629e-01     2.9979      7.442     10.793    10.5892   999.7266 0.0000e+00
      7.577     -0.039     0.0413      0.511    116.873  83.177699     4.3957     12.967   -91.8203 4.2962e-01     2.9521      7.431     10.777    10.5894   999.7265 0.0000e+00
      7.566     -0.039     0.0340      0.513    116.730  83.081648     4.3425     12.966   -91.7874 4.2777e-01     2.9282      7.420     10.761    10.5856   999.7269 0.0000e+00
      7.556     -0.039     0.0384      0.523    116.539  82.949933     4.3506     12.965   -91.6686 4.3652e-01     2.9497      7.410     10.747    10.5807   999.7272 0.0000e+00
      7.546     -0.038     0.0413      0.540    116.316  82.793709     4.3691     12.965   -91.5881 4.5097e-01     2.9371      7.400     10.733    10.5791   999.7273 0.0000e+00
      7.536     -0.036     0.0389      0.535    116.029  82.592136     4.3852     12.965   -91.6746 4.5517e-01     2.8792      7.390     10.718    10.5817   999.7270 0.0000e+00
      7.527     -0.033     0.0403      0.499    115.782  82.420958     4.3827     12.965   -91.7682 4.6485e-01     2.8674      7.381     10.706    10.5848   999.7266 0.0000e+00
      7.518     -0.031     0.0398      0.491    115.625  82.314198     4.3862     12.964   -91.7735 4.7489e-01     2.8976      7.372     10.694    10.5867   999.7263 0.0000e+00
      7.511     -0.029     0.0428      0.510    115.444  82.191812     4.5137     12.963   -91.8240 4.7858e-01     3.0046      7.365     10.683    10.5875   999.7261 0.0000e+00
      7.505     -0.028     0.0436      0.504    115.192  82.022501     4.7512     12.963   -91.8627 4.8938e-01     3.1989      7.359     10.674    10.5884   999.7259 0.0000e+00
      7.499     -0.027     0.0373      0.475    114.759  81.730019     4.8744     12.964   -91.8114 4.9303e-01     3.3245      7.354     10.667    10.5906   999.7255 0.0000e+00
      7.492     -0.027     0.0367      0.432    114.164  81.326843     4.8682     12.965   -91.6338 4.9865e-01     3.3210      7.347     10.656    10.5929   999.7253 0.0000e+00
      7.484     -0.028     0.0417      0.405    113.533  80.900394     4.8480     12.965   -91.5222 5.1305e-01     3.2595      7.339     10.644    10.5947   999.7251 0.0000e+00
      7.477     -0.029     0.0391      0.426    112.603  80.262832     4.8115     12.965   -91.6673 5.2219e-01     3.3370      7.333     10.636    10.5987   999.7245 0.0000e+00
      7.470     -0.030     0.0378      0.466    111.362  79.405791     4.7702     12.965   -91.9251 5.2438e-01     3.6053      7.326     10.625    10.6062   999.7235 0.0000e+00
      7.463     -0.030     0.0337      0.505    110.209  78.615026     4.7495     12.964   -92.1443 5.2272e-01     3.7904      7.319     10.615    10.6155   999.7224 0.0000e+00
      7.455     -0.031     0.0288      0.531    109.587  78.206141     4.7320     12.962   -92.2527 5.2480e-01     3.7907      7.311     10.604    10.6254   999.7213 0.0000e+00
      7.446     -0.034     0.0333      0.551    110.347  78.786456     4.7396     12.962   -92.4614 5.2960e-01     3.5398      7.302     10.591    10.6365   999.7198 0.0000e+00
      7.437     -0.038     0.0361      0.581    111.799  79.844228     4.7753     12.963   -92.8601 5.4381e-01     3.0917      7.293     10.578    10.6491   999.7180 0.0000e+00
      7.429     -0.039     0.0396      0.581    111.579  79.675390     4.7914     12.964   -93.1164 5.5933e-01     2.8699      7.286     10.568    10.6632   999.7162 0.0000e+00
      7.419     -0.038     0.0419      0.525    110.175  78.652995     4.7912     12.965   -93.0648 5.6498e-01     2.8845      7.278     10.555    10.6787   999.7142 0.0000e+00
      7.405     -0.037     0.0416      0.479    109.843  78.421179     4.8400     12.964   -92.7529 5.8357e-01     3.0282      7.262     10.533    10.6986   999.7124 0.0000e+00
      7.393     -0.036     0.0458      0.479    110.590  78.971289     4.9325     12.962   -92.4423 6.0380e-01     3.3370      7.247     10.511    10.7144   999.7120 0.0000e+00
      7.386     -0.036     0.0481      0.493    111.177  79.390003     4.9855     12.961   -92.4067 6.0243e-01     3.5616      7.241     10.502    10.7026   999.7129 0.0000e+00
      7.382     -0.036     0.0398      0.500    111.057  79.286481     5.0034     12.961   -92.4950 6.0668e-01     3.5814      7.241     10.502    10.6845   999.7136 0.0000e+00
      7.376     -0.035     0.0354      0.501    110.577  78.927932     5.0442     12.963   -92.3906 6.2829e-01     3.4051      7.237     10.496    10.6922   999.7129 0.0000e+00
      7.364     -0.035     0.0374      0.512    110.235  78.679795     5.1168     12.964   -92.1771 6.3848e-01     3.1457      7.222     10.474    10.7063   999.7119 0.0000e+00
      7.349     -0.035     0.0383      0.517    109.995  78.512123     5.1748     12.963   -92.0653 6.3871e-01     3.0549      7.204     10.448    10.7049   999.7122 0.0000e+00
      7.339     -0.035     0.0397      0.502    109.333  78.045336     5.1828     12.962   -92.0713 6.5360e-01     3.0624      7.195     10.435    10.6930   999.7132 0.0000e+00
      7.333     -0.033     0.0378      0.474    108.538  77.487402     5.1660     12.963   -92.2489 6.7269e-01     3.0306      7.192     10.432    10.6837   999.7139 0.0000e+00
      7.327     -0.030     0.0402      0.451    107.981  77.107968     5.1628     12.963   -92.4056 6.8253e-01     3.0135      7.186     10.423    10.6832   999.7137 0.0000e+00
      7.319     -0.030     0.0410      0.445    107.020  76.446420     5.1722     12.962   -92.3324 6.9158e-01     3.0614      7.176     10.408    10.6869   999.7134 0.0000e+00
      7.313     -0.033     0.0392      0.440    105.777  75.593165     5.1938     12.961   -92.3102 6.9303e-01     3.1295      7.171     10.400    10.6883   999.7130 0.0000e+00
      7.306     -0.036     0.0370      0.436    104.956  75.057656     5.3858     12.961   -92.3092 6.9617e-01     3.2869      7.167     10.395    10.6914   999.7121 0.0000e+00
      7.295     -0.039     0.0338      0.439    104.521  74.804145     5.7395     12.961   -92.1479 7.2306e-01     3.5912      7.156     10.379    10.7016   999.7112 0.0000e+00
      7.281     -0.042     0.0353      0.454    103.671  74.244801     5.9412     12.960   -92.0807 7.4129e-01     3.7882      7.140     10.355    10.7121   999.7097 0.0000e+00
      7.270     -0.044     0.0337      0.475    102.230  73.253967     5.9739     12.960   -92.0125 7.4620e-01     3.8148      7.128     10.338    10.7259   999.7077 0.0000e+00
      7.261     -0.046     0.0338      0.476    101.632  72.869596     6.0014     12.959   -91.8401 7.7321e-01     3.7756      7.122     10.330    10.7530   999.7047 0.0000e+00
      7.249     -0.046     0.0337      0.468    102.414  73.475764     6.2357     12.959   -91.6301 8.0399e-01     3.8286      7.110     10.312    10.7838   999.7016 0.0000e+00
      7.235     -0.045     0.0344      0.475    103.154  74.034614     6.6711     12.958   -91.4530 8.1670e-01     4.0445      7.093     10.289    10.8078   999.6990 0.0000e+00
      7.224     -0.045     0.0381      0.503    103.589  74.349642     6.9163     12.958   -91.4201 8.3107e-01     4.2222      7.084     10.276    10.8246   999.6964 0.0000e+00
      7.213     -0.045     0.0369      0.527    104.507  74.995777     6.9412     12.958   -91.2319 8.5241e-01     4.2955      7.075     10.263    10.8453   999.6940 0.0000e+00
      7.202     -0.044     0.0359      0.531    105.135  75.425128     6.8570     12.959   -90.8129 8.7321e-01     4.3469      7.062     10.243    10.8729   999.6919 0.0000e+00
      7.190     -0.043     0.0357      0.535    105.231  75.471596     6.6991     12.959   -90.3969 8.9051e-01     4.4317      7.051     10.227    10.8876   999.6906 0.0000e+00
      7.179     -0.043     0.0391      0.557    105.827  75.875506     6.6247     12.959   -90.1600 8.9444e-01     4.4965      7.041     10.212    10.8862   999.6906 0.0000e+00
      7.169     -0.042     0.0419      0.581    106.462  76.302817     6.6253     12.959   -90.1000 9.0767e-01     4.5128      7.030     10.196    10.8798   999.6918 0.0000e+00
      7.158     -0.041     0.0408      0.561    106.602  76.377872     6.6592     12.959   -89.9287 9.4506e-01     4.4911      7.019     10.181    10.8678   999.6932 0.0000e+00
      7.148     -0.040     0.0410      0.528    106.580  76.337856     6.7392     12.959   -89.6381 9.8281e-01     4.4406      7.010     10.167    10.8573   999.6938 0.0000e+00
      7.138     -0.040     0.0420      0.534    105.351  75.437436     6.8006     12.959   -89.4254 1.0027e+00     4.4511      7.000     10.153    10.8479   999.6952 0.0000e+00
      7.128     -0.040     0.0475      0.549    102.736  73.565992     6.8292     12.959   -89.3363 1.0098e+00     4.5150      6.989     10.137    10.8324   999.6971 0.0000e+00
      7.118     -0.041     0.0440      0.549    100.880  72.276133     6.8943     12.958   -89.3352 1.0194e+00     4.6298      6.980     10.124    10.8205   999.6979 0.0000e+00
      7.108     -0.043     0.0386      0.530    100.654  72.176250     6.9959     12.958   -89.3253 1.0409e+00     4.8092      6.972     10.112    10.8107   999.6992 0.0000e+00
      7.097     -0.046     0.0417      0.501    100.653  72.231286     7.0473     12.957   -89.4757 1.0653e+00     4.8990      6.961     10.096    10.7968   999.7002 0.0000e+00
      7.086     -0.050     0.0431      0.494    100.078  71.860861     7.0577     12.957   -89.8624 1.0728e+00     4.9259      6.948     10.077    10.7930   999.6991 0.0000e+00
      7.073     -0.054     0.0428      0.494     99.274  71.321231     7.0833     12.957   -90.0438 1.0842e+00     4.9965      6.937     10.061    10.8153   999.6960 0.0000e+00
      7.059     -0.057     0.0419      0.455     98.399  70.728928     7.1188     12.957   -89.9478 1.1195e+00     5.0320      6.924     10.042    10.8538   999.6924 0.0000e+00
      7.042     -0.059     0.0379      0.419     98.011  70.484342     7.1431     12.956   -89.8204 1.1585e+00     5.0113      6.906     10.016    10.8826   999.6896 0.0000e+00
      7.024     -0.060     0.0371      0.432     98.466  70.843249     7.1386     12.955   -89.7076 1.1835e+00     4.9525      6.887      9.988    10.8994   999.6874 0.0000e+00
      7.008     -0.062     0.0405      0.452     98.566  70.936404     7.0938     12.955   -89.6171 1.1964e+00     4.8364      6.871      9.966    10.9192   999.6852 0.0000e+00
      6.995     -0.065     0.0351      0.467     97.460  70.148523     7.0304     12.955   -89.5000 1.2116e+00     4.7062      6.860      9.949    10.9381   999.6828 0.0000e+00
      6.981     -0.068     0.0297      0.499     96.393  69.390265     7.0113     12.955   -89.3230 1.2306e+00     4.6823      6.847      9.930    10.9542   999.6809 0.0000e+00
      6.964     -0.070     0.0337      0.495     96.288  69.332997     7.0337     12.955   -89.1124 1.2588e+00     4.7882      6.830      9.906    10.9732   999.6792 0.0000e+00
      6.944     -0.071     0.0360      0.491     96.438  69.456140     7.0826     12.955   -88.9325 1.2982e+00     5.1276      6.811      9.878    10.9854   999.6781 0.0000e+00
      6.921     -0.071     0.0336      0.524     96.375  69.417190     7.1544     12.955   -88.7829 1.3249e+00     5.6281      6.787      9.844    10.9850   999.6773 0.0000e+00
      6.899     -0.069     0.0413      0.521     96.307  69.370592     7.1951     12.955   -88.5944 1.3439e+00     5.8606      6.764      9.811    10.9881   999.6764 0.0000e+00
      6.882     -0.065     0.0386      0.497     96.081  69.210564     7.2026     12.955   -88.5463 1.3642e+00     5.8443      6.749      9.788    11.0013   999.6752 0.0000e+00
      6.869     -0.063     0.0346      0.493     95.441  68.753602     7.2079     12.955   -88.7176 1.3734e+00     5.8092      6.735      9.768    11.0104   999.6744 0.0000e+00
      6.857     -0.062     0.0435      0.495     94.093  67.786478     7.3252     12.954   -88.6009 1.3850e+00     5.7113      6.724      9.753    11.0121   999.6739 0.0000e+00
      6.844     -0.062     0.0404      0.521     92.350  66.542742     7.5527     12.954   -88.5110 1.4093e+00     5.5530      6.713      9.738    11.0124   999.6740 0.0000e+00
      6.826     -0.061     0.0368      0.553     91.178  65.728314     7.6704     12.953   -88.8345 1.4328e+00     5.4409      6.697      9.712    11.0137   999.6737 0.0000e+00
      6.806     -0.058     0.0388      0.527     90.013  64.930627     7.6801     12.953   -88.7280 1.4547e+00     5.4192      6.674      9.680    11.0165   999.6731 0.0000e+00
      6.787     -0.054     0.0373      0.486     87.803  63.380292     7.7656     12.952   -88.3411 1.4758e+00     5.8401      6.653      9.650    11.0174   999.6725 0.0000e+00
      6.774     -0.050     0.0388      0.484     85.529  61.789952     7.9217     12.951   -88.2010 1.4908e+00     6.6502      6.641      9.633    11.0198   999.6711 0.0000e+00
      6.767     -0.046     0.0461      0.491     84.286  60.952828     8.0033     12.951   -87.9799 1.5018e+00     7.0777      6.635      9.624    11.0388   999.6690 0.0000e+00
