Data/DataNotYetUploadedToEDI/Raw_CTD/RawDownloads/082620_bvr50.cnv
* Sea-Bird SBE19plus  Data File:
* FileName = C:\DATA\082620_bvr50_0001.hex
* Software version 2.8.0.119
* Temperature SN = 7809
* Conductivity SN = 7809
* System UpLoad Time = Aug 26 2020 15:20:10
* <ApplicationData>
* <Seaterm232>
# nquan = 16
# nvalues = 3156                        
# units = specified
# name 0 = depFM: Depth [fresh water, m]
# name 1 = dz/dtM: Descent Rate [m/s]
# name 2 = sbeox0ML/L: Oxygen, SBE 43 [ml/l]
# name 3 = sbeox0PS: Oxygen, SBE 43 [% saturation]
# name 4 = specc: Specific Conductance [uS/cm]
# name 5 = c0uS/cm: Conductivity [uS/cm]
# name 6 = flECO-AFL: Fluorescence, WET Labs ECO-AFL/FL [mg/m^3]
# name 7 = ph: pH
# name 8 = orp: Oxidation Reduction Potential [mV]
# name 9 = par/sat/log: PAR/Logarithmic, Satlantic
# name 10 = turbWETntu0: Turbidity, WET Labs ECO [NTU]
# name 11 = prdM: Pressure, Strain Gauge [db]
# name 12 = prdE: Pressure, Strain Gauge [psi]
# name 13 = tv290C: Temperature [ITS-90, deg C]
# name 14 = density00: Density [density, kg/m^3]
# name 15 = flag:  0.000e+00
# span 0 =     -0.683,     10.492       
# span 1 =     -0.447,      0.247       
# span 2 =     0.0022,     5.7910       
# span 3 =      0.054,    101.277       
# span 4 =     27.591,    153.112       
# span 5 =  25.528019, 106.426052       
# span 6 =    -0.6341,    14.0442       
# span 7 =     12.358,     12.981       
# span 8 =   -93.1164,   248.3816       
# span 9 = 1.2345e-01, 1.6604e+03       
# span 10 =    -0.2472,    38.6636      
# span 11 =     -0.671,     10.290      
# span 12 =     -0.974,     14.924      
# span 13 =     9.6790,    27.2645      
# span 14 =   996.4556,   999.8336      
# span 15 = 0.0000e+00, 0.0000e+00      
# interval = seconds: 0.25
# start_time = Aug 25 2020 21:30:52 [Instrument's time stamp, header]
# bad_flag = -9.990e-29
*END*
     -0.479      0.172     5.1314     92.962     28.011  28.698205     0.4119     12.372   203.0510 4.1302e+02    15.0830     -0.497     -0.721    27.2645   996.4556 0.0000e+00
     -0.400      0.209     5.1590     93.384     28.043  28.666100     0.4424     12.362   202.0511 4.9156e+02    15.0502     -0.391     -0.566    26.9488   996.5434 0.0000e+00
     -0.312      0.234     5.1941     93.904     28.058  28.641904     0.7656     12.359   199.5889 4.7467e+02    11.6552     -0.294     -0.426    26.6122   996.6357 0.0000e+00
     -0.244      0.247     5.2223     94.507     28.099  28.659329     1.3819     12.358   198.4895 3.6369e+02     5.4484     -0.240     -0.348    26.3725   996.7006 0.0000e+00
     -0.187      0.244     5.2554     95.184     28.204  28.749876     1.7139     12.358   198.9965 2.4671e+02     2.0444     -0.180     -0.261    26.1948   996.7487 0.0000e+00
     -0.136      0.230     5.2908     95.906     28.375  28.912024     1.7284     12.359   198.8360 1.7078e+02     1.6724     -0.134     -0.195    26.0919   996.7762 0.0000e+00
     -0.084      0.217     5.3262     96.600     28.442  28.970530     1.7290     12.361   198.4424 1.2668e+02     1.6023     -0.085     -0.124    26.0247   996.7944 0.0000e+00
     -0.027      0.211     5.3649     97.118     28.304  28.822900     1.7786     12.361   199.0554 9.1177e+01     1.6086     -0.026     -0.039    25.9892   996.8041 0.0000e+00
      0.032      0.210     5.4054     97.164     28.136  28.649469     1.8607     12.361   200.7417 6.3471e+01     1.6458      0.035      0.051    25.9594   996.8123 0.0000e+00
      0.085      0.208     5.4515     96.697     28.073  28.586310     1.8912     12.362   202.1393 4.6360e+01     1.6401      0.086      0.125    25.9402   996.8176 0.0000e+00
      0.133      0.199     5.4925     95.971     28.056  28.566730     1.8910     12.362   202.5312 3.7990e+01     1.6080      0.128      0.186    25.9223   996.8227 0.0000e+00
      0.184      0.180     5.5330     94.866     28.036  28.539589     2.0291     12.363   202.8131 3.2863e+01     1.7041      0.178      0.258    25.9072   996.8268 0.0000e+00
      0.240      0.155     5.5395     93.159     28.014  28.511874     2.2828     12.363   203.3114 2.9474e+01     1.8754      0.238      0.345    25.9050   996.8276 0.0000e+00
      0.286      0.128     5.4979     90.992     27.992  28.485354     2.4119     12.362   203.9095 2.8324e+01     1.9281      0.289      0.419    25.9105   996.8263 0.0000e+00
      0.313      0.100     5.4647     88.710     27.983  28.472667     2.4171     12.362   204.5381 2.9250e+01     1.8946      0.312      0.452    25.9059   996.8277 0.0000e+00
      0.324      0.071     5.4107     86.650     27.999  28.485333     2.3841     12.362   205.1467 3.1594e+01     1.8479      0.318      0.462    25.8923   996.8313 0.0000e+00
      0.331      0.045     5.3090     84.985     28.029  28.511628     2.3280     12.363   205.5900 3.4938e+01     1.7758      0.324      0.469    25.8807   996.8344 0.0000e+00
      0.338      0.026     5.1798     83.722     28.057  28.536867     2.3018     12.365   205.4238 3.8729e+01     1.7090      0.331      0.480    25.8741   996.8362 0.0000e+00
      0.344      0.016     5.0420     82.788     28.058  28.536754     2.2867     12.365   205.0306 4.2069e+01     1.6588      0.339      0.492    25.8684   996.8377 0.0000e+00
      0.347      0.010     4.9230     82.133     28.033  28.510259     2.2407     12.364   205.0511 4.4285e+01     1.6153      0.341      0.495    25.8614   996.8396 0.0000e+00
      0.347      0.006     4.8286     81.688     27.994  28.470249     2.1746     12.364   205.4137 4.5542e+01     1.6295      0.341      0.495    25.8534   996.8417 0.0000e+00
      0.345      0.003     4.7595     81.299     27.958  28.433594     2.1550     12.363   205.8877 4.6128e+01     1.6585      0.338      0.490    25.8486   996.8430 0.0000e+00
      0.345      0.001     4.7075     80.847     27.971  28.447664     2.1757     12.363   206.4797 4.5718e+01     1.6220      0.338      0.489    25.8463   996.8436 0.0000e+00
      0.346      0.001     4.6701     80.225     28.033  28.513509     2.1771     12.363   207.1509 4.4268e+01     1.6009      0.340      0.492    25.8440   996.8441 0.0000e+00
      0.348      0.002     4.6503     79.378     28.111  28.595381     2.1709     12.363   207.6359 4.2728e+01     1.6431      0.341      0.495    25.8433   996.8443 0.0000e+00
      0.348      0.002     4.6290     78.364     28.188  28.676380     2.1677     12.363   207.7843 4.1900e+01     1.6864      0.342      0.497    25.8430   996.8444 0.0000e+00
      0.348      0.001     4.6059     77.399     28.241  28.731664     2.1575     12.362   207.9992 4.1716e+01     1.7127      0.342      0.496    25.8444   996.8441 0.0000e+00
      0.348      0.000     4.5718     76.827     28.264  28.756333     2.1427     12.362   208.3416 4.1944e+01     1.7207      0.341      0.495    25.8497   996.8427 0.0000e+00
      0.348 2.0307e-08     4.5213     76.857     28.291  28.784349     2.1320     12.361   208.2237 4.2456e+01     1.7486      0.341      0.495    25.8559   996.8411 0.0000e+00
      0.348 2.2338e-07     4.4604     77.455     28.322  28.816668     2.1425     12.361   207.8647 4.3137e+01     1.8437      0.342      0.496    25.8605   996.8399 0.0000e+00
      0.348 2.2338e-07     4.3955     78.479     28.335  28.829929     2.1657     12.362   207.8722 4.3842e+01     1.9097      0.340      0.495    25.8635   996.8391 0.0000e+00
      0.348 2.0335e-08     4.3587     79.777     28.324  28.817815     2.1733     12.362   208.1430 4.4276e+01     1.8937      0.341      0.494    25.8654   996.8385 0.0000e+00
      0.348 2.1540e-09     4.3619     81.157     28.304  28.797070     2.1774     12.363   208.4713 4.4292e+01     1.8228      0.342      0.496    25.8663   996.8383 0.0000e+00
      0.348 3.5545e-09     4.3994     82.384     28.278  28.769400     2.1861     12.363   209.0018 4.4040e+01     1.7388      0.342      0.496    25.8666   996.8383 0.0000e+00
      0.348 3.7269e-08     4.4601     83.244     28.247  28.737004     2.1932     12.363   209.6531 4.3547e+01     1.7018      0.341      0.495    25.8666   996.8383 0.0000e+00
      0.348 4.0981e-07     4.5378     83.607     28.233  28.722537     2.2055     12.363   210.2374 4.2956e+01     1.6850      0.341      0.495    25.8656   996.8386 0.0000e+00
      0.348      0.000     4.6216     83.521     28.233  28.721350     2.2013     12.363   210.9049 4.2469e+01     1.6386      0.341      0.495    25.8642   996.8389 0.0000e+00
      0.348      0.000     4.6956     83.166     28.234  28.722650     2.1815     12.363   211.6148 4.2172e+01     1.6212      0.342      0.496    25.8628   996.8393 0.0000e+00
      0.348      0.001     4.7482     82.674     28.249  28.738263     2.1662     12.363   211.5927 4.2207e+01     1.6804      0.341      0.495    25.8614   996.8396 0.0000e+00
      0.348      0.001     4.7679     82.143     28.291  28.783253     2.1497     12.363   210.6386 4.2555e+01     1.7372      0.340      0.493    25.8601   996.8400 0.0000e+00
      0.349      0.001     4.7579     81.687     28.328  28.822581     2.1538     12.363   209.9731 4.2995e+01     1.7239      0.342      0.495    25.8585   996.8405 0.0000e+00
      0.350      0.001     4.7359     81.376     28.337  28.833181     2.1869     12.363   210.0851 4.3335e+01     1.6565      0.343      0.498    25.8577   996.8407 0.0000e+00
      0.350      0.001     4.7062     81.225     28.350  28.847981     2.2161     12.362   210.4441 4.3495e+01     1.6433      0.343      0.498    25.8600   996.8401 0.0000e+00
      0.349      0.001     4.6726     81.180     28.374  28.874646     2.2206     12.361   210.8720 4.3468e+01     1.7021      0.342      0.496    25.8635   996.8391 0.0000e+00
      0.349      0.000     4.6455     81.184     28.400  28.901855     2.2126     12.361   211.3869 4.3244e+01     1.7151      0.342      0.496    25.8663   996.8384 0.0000e+00
      0.350 1.8628e-08     4.6265     81.197     28.420  28.923224     2.2055     12.361   211.8523 4.2837e+01     1.7317      0.343      0.497    25.8695   996.8375 0.0000e+00
      0.350 2.0490e-07     4.6196     81.202     28.440  28.942716     2.2015     12.361   212.1110 4.2457e+01     1.8345      0.343      0.498    25.8733   996.8365 0.0000e+00
      0.349 2.0490e-07     4.6177     81.188     28.445  28.947225     2.2115     12.362   212.2780 4.2221e+01     1.9273      0.342      0.497    25.8764   996.8357 0.0000e+00
      0.349 1.8627e-08     4.6187     81.107     28.415  28.914307     2.2217     12.362   212.5810 4.2118e+01     1.9611      0.342      0.497    25.8777   996.8354 0.0000e+00
      0.349 1.6934e-09     4.6200     80.942     28.365  28.861872     2.2110     12.362   212.9355 4.2228e+01     1.9003      0.343      0.497    25.8783   996.8352 0.0000e+00
      0.349 1.5395e-10     4.6193     80.728     28.326  28.820719     2.2060     12.361   212.9500 4.2417e+01     1.7762      0.342      0.497    25.8783   996.8352 0.0000e+00
      0.349 1.3995e-11     4.6209     80.511     28.304  28.797334     2.2180     12.360   212.6698 4.2646e+01     1.6959      0.342      0.497    25.8761   996.8358 0.0000e+00
      0.350 1.2723e-12     4.6167     80.323     28.278  28.769424     2.2230     12.360   212.5588 4.2913e+01     1.6508      0.343      0.498    25.8722   996.8368 0.0000e+00
      0.350 1.1566e-13     4.6067     80.188     28.248  28.736994     2.2095     12.361   212.8129 4.3043e+01     1.6425      0.343      0.498    25.8685   996.8378 0.0000e+00
      0.350 1.0515e-14     4.5938     80.099     28.235  28.722399     2.1783     12.362   213.3331 4.2968e+01     1.6304      0.343      0.497    25.8655   996.8386 0.0000e+00
      0.350 9.5590e-16     4.5812     80.051     28.234  28.719824     2.1607     12.362   213.7726 4.2774e+01     1.6071      0.342      0.497    25.8633   996.8392 0.0000e+00
      0.350 8.6900e-17     4.5698     80.042     28.222  28.705855     2.1677     12.362   213.8238 4.2458e+01     1.6352      0.343      0.497    25.8618   996.8395 0.0000e+00
      0.350 7.9000e-18     4.5627     80.027     28.198  28.680365     2.1782     12.361   213.7807 4.2083e+01     1.6614      0.343      0.497    25.8596   996.8401 0.0000e+00
      0.350 7.1820e-19     4.5584     79.976     28.184  28.665370     2.1920     12.360   214.0251 4.1943e+01     1.6150      0.343      0.498    25.8564   996.8410 0.0000e+00
      0.350 6.5290e-20     4.5549     79.894     28.170  28.651415     2.2001     12.361   214.4561 4.1931e+01     1.5549      0.343      0.498    25.8534   996.8418 0.0000e+00
      0.350 5.9355e-21     4.5565     79.774     28.157  28.638510     2.2005     12.362   214.8619 4.1923e+01     1.5864      0.343      0.498    25.8511   996.8424 0.0000e+00
      0.350 5.3960e-22     4.5562     79.597     28.154  28.636203     2.2055     12.362   214.8882 4.2060e+01     1.6530      0.343      0.497    25.8493   996.8428 0.0000e+00
      0.350 4.9052e-23     4.5529     79.356     28.140  28.623525     2.2041     12.361   214.4298 4.2260e+01     1.6739      0.343      0.498    25.8483   996.8432 0.0000e+00
      0.350 4.4593e-24     4.5485     79.065     28.127  28.612087     2.1930     12.361   213.9649 4.2376e+01     1.6670      0.343      0.497    25.8476   996.8433 0.0000e+00
      0.350 4.0539e-25     4.5422     78.715     28.138  28.624782     2.1948     12.361   213.9137 4.2420e+01     1.6376      0.343      0.498    25.8481   996.8431 0.0000e+00
      0.350 3.6854e-26     4.5320     78.273     28.162  28.650156     2.2360     12.361   214.3266 4.2350e+01     1.6283      0.343      0.498    25.8499   996.8426 0.0000e+00
      0.350 3.3453e-27     4.5178     77.769     28.175  28.665139     2.2906     12.361   214.8276 4.2035e+01     1.6571      0.343      0.498    25.8527   996.8419 0.0000e+00
      0.350 2.4924e-28     4.5008     77.249     28.187  28.679083     2.3022     12.362   215.0676 4.1683e+01     1.6769      0.343      0.498    25.8556   996.8411 0.0000e+00
      0.350 -5.810e-28     4.4823     76.696     28.197  28.691884     2.2907     12.362   215.1634 4.1558e+01     1.6959      0.343      0.497    25.8579   996.8406 0.0000e+00
      0.350 -6.693e-27     4.4562     76.107     28.196  28.693049     2.2939     12.361   215.2972 4.1493e+01     1.7162      0.343      0.498    25.8605   996.8399 0.0000e+00
      0.350 -7.365e-26     4.4249     75.473     28.195  28.693171     2.2932     12.361   215.4816 4.1458e+01     1.6817      0.343      0.498    25.8640   996.8389 0.0000e+00
      0.350 -8.102e-25     4.3971     74.790     28.194  28.693361     2.2824     12.361   215.6716 4.1578e+01     1.6215      0.343      0.498    25.8680   996.8379 0.0000e+00
      0.350 -8.912e-24     4.3644     74.105     28.194  28.695353     2.2776     12.361   215.7007 4.1790e+01     1.6057      0.342      0.497    25.8715   996.8370 0.0000e+00
      0.350 -9.803e-23     4.3309     73.441     28.214  28.717253     2.2827     12.361   215.4892 4.1886e+01     1.6277      0.343      0.497    25.8746   996.8362 0.0000e+00
      0.350 -1.078e-21     4.2956     72.803     28.262  28.767848     2.2583     12.360   215.2661 4.1929e+01     1.6483      0.343      0.497    25.8774   996.8354 0.0000e+00
      0.350 -1.186e-20     4.2543     72.189     28.292  28.799631     2.1923     12.360   215.2411 4.2028e+01     1.6138      0.343      0.498    25.8801   996.8347 0.0000e+00
      0.350 -1.305e-19     4.2152     71.580     28.276  28.784371     2.1520     12.360   215.5307 4.1917e+01     1.5539      0.343      0.497    25.8830   996.8339 0.0000e+00
      0.350 -1.435e-18     4.1771     70.956     28.264  28.773638     2.1434     12.360   216.0140 4.1714e+01     1.5429      0.343      0.497    25.8858   996.8332 0.0000e+00
      0.350 -1.579e-17     4.1406     70.346     28.286  28.796731     2.1554     12.361   216.2661 4.1620e+01     1.5825      0.343      0.497    25.8881   996.8326 0.0000e+00
      0.350 -1.737e-16     4.1058     69.759     28.297  28.809849     2.1917     12.361   216.1704 4.1507e+01     1.6211      0.343      0.498    25.8905   996.8320 0.0000e+00
      0.350 -1.910e-15     4.0721     69.165     28.292  28.805378     2.2104     12.361   215.9759 4.1412e+01     1.6330      0.343      0.498    25.8929   996.8313 0.0000e+00
      0.350 -2.101e-14     4.0354     68.592     28.292  28.806111     2.2091     12.360   215.8931 4.1537e+01     1.6234      0.343      0.498    25.8954   996.8306 0.0000e+00
      0.350 -2.312e-13     3.9993     68.028     28.303  28.818718     2.2149     12.360   216.0293 4.2008e+01     1.6079      0.344      0.498    25.8977   996.8301 0.0000e+00
      0.350 -2.543e-12     3.9685     67.444     28.313  28.830934     2.2230     12.360   216.3318 4.2799e+01     1.6166      0.343      0.498    25.8999   996.8295 0.0000e+00
      0.350 -2.797e-11     3.9320     66.877     28.308  28.826949     2.2224     12.360   216.6257 4.3771e+01     1.6260      0.343      0.498    25.9020   996.8289 0.0000e+00
      0.350 -3.077e-10     3.9001     66.329     28.313  28.833973     2.2166     12.359   216.7427 4.4766e+01     1.6527      0.343      0.498    25.9041   996.8284 0.0000e+00
      0.350 -3.384e-09     3.8696     65.788     28.330  28.852428     2.2189     12.359   216.6292 4.5763e+01     1.7680      0.343      0.498    25.9061   996.8278 0.0000e+00
      0.350 -3.723e-08     3.8339     65.286     28.336  28.859773     2.2310     12.360   216.5436 4.6597e+01     1.9208      0.343      0.497    25.9082   996.8272 0.0000e+00
      0.350 -4.095e-07     3.8021     64.816     28.334  28.859358     2.2300     12.361   216.7398 4.7286e+01     1.9550      0.344      0.498    25.9106   996.8266 0.0000e+00
      0.350     -0.000     3.7718     64.336     28.321  28.847409     2.2161     12.361   217.0220 4.8009e+01     1.8734      0.343      0.499    25.9130   996.8260 0.0000e+00
