Data/DataNotYetUploadedToEDI/Raw_CTD/RawDownloads/082718_fcr10.cnv
* Sea-Bird SBE19plus  Data File:
* FileName = C:\DATA\082718_fcr_0004.hex
* Software version 2.6.3.104
* Temperature SN = 7809
* Conductivity SN = 7809
* System UpLoad Time = Aug 27 2018 20:56:24
* <ApplicationData>
* <Seaterm232>
# nquan = 17
# nvalues = 550                         
# units = specified
# name 0 = depFM: Depth [fresh water, m]
# name 1 = tv290C: Temperature [ITS-90, deg C]
# name 2 = sbeox0Mg/L: Oxygen, SBE 43 [mg/l]
# name 3 = sbeox0PS: Oxygen, SBE 43 [% saturation]
# name 4 = c0uS/cm: Conductivity [uS/cm]
# name 5 = specc: Specific Conductance [uS/cm]
# name 6 = ph: pH
# name 7 = orp: Oxidation Reduction Potential [mV]
# name 8 = flECO-AFL: Fluorescence, WET Labs ECO-AFL/FL [mg/m^3]
# name 9 = turbWETntu0: Turbidity, WET Labs ECO [NTU]
# name 10 = sal00: Salinity, Practical [PSU]
# name 11 = dz/dtM: Descent Rate [m/s]
# name 12 = prdM: Pressure, Strain Gauge [db]
# name 13 = prdE: Pressure, Strain Gauge [psi]
# name 14 = scan: Scan Count
# name 15 = par/sat/log: PAR/Logarithmic, Satlantic
# name 16 = flag:  0.000e+00
# span 0 =     -0.501,      2.226       
# span 1 =    23.6657,    30.1204       
# span 2 =     5.2657,    10.4638       
# span 3 =     66.648,    130.209       
# span 4 =   0.453081,  38.733745       
# span 5 =      0.564,     38.021       
# span 6 =      6.431,      8.612       
# span 7 =  -837.3765,  1240.2295       
# span 8 =    -0.1860,     8.6413       
# span 9 =    -0.3317,    70.5678       
# span 10 =     0.0135,     0.0251      
# span 11 =     -0.136,      0.167      
# span 12 =     -0.491,      2.183      
# span 13 =     -0.712,      3.166      
# span 14 =          1,        550      
# span 15 = 1.3758e+02, 2.6528e+03      
# span 16 = 0.0000e+00, 0.0000e+00      
# interval = seconds: 0.25
# start_time = Aug 27 2018 19:08:18 [Instrument's time stamp, header]
# bad_flag = -9.990e-29
*END*
[from data line 511]
      1.226    24.4745     9.4493    112.825  36.480912     36.810      8.607   203.3951     4.3186     1.2259     0.0243      0.130      1.201      1.743        512 3.8025e+02 0.0000e+00
      1.258    24.4426     9.4284    112.557  36.476647     36.835      8.607   203.5086     4.3267     1.1856     0.0243      0.132      1.233      1.788        513 3.6290e+02 0.0000e+00
      1.285    24.4045     9.4376    112.645  36.477757     36.861      8.610   203.6979     4.3429     1.1991     0.0243      0.132      1.263      1.832        514 3.5688e+02 0.0000e+00
      1.320    24.3775     9.4469    112.729  36.449888     36.856      8.607   203.9251     4.3591     1.2125     0.0243      0.134      1.295      1.877        515 3.5143e+02 0.0000e+00
      1.353    24.3578     9.4587    112.836  36.422371     36.857      8.609   204.0765     5.1476     1.2931     0.0243      0.134      1.325      1.921        516 3.4710e+02 0.0000e+00
      1.376    24.3386     9.4745    113.001  36.423042     36.877      8.612   204.2279     5.1395     1.2528     0.0243      0.129      1.351      1.959        517 3.3405e+02 0.0000e+00
      1.405    24.3238     9.4963    113.231  36.419406     36.891      8.609   204.4172     5.1476     1.2931     0.0243      0.123      1.378      1.999        518 3.2261e+02 0.0000e+00
      1.434    24.3066     9.5333    113.643  36.367587     36.850      8.609   204.9472     5.1597     1.2393     0.0242      0.118      1.406      2.039        519 3.2274e+02 0.0000e+00
      1.462    24.2920     9.5659    114.001  36.339246     36.832      8.607   205.0608     5.5277     1.2393     0.0242      0.115      1.434      2.079        520 3.0474e+02 0.0000e+00
      1.490    24.2792     9.5724    114.046  36.365710     36.873      8.608   205.2879     5.5520     1.2393     0.0242      0.113      1.459      2.116        521 2.8918e+02 0.0000e+00
      1.511    24.2662     9.5432    113.660  36.364321     36.884      8.604   205.2879     5.5317     1.2125     0.0242      0.110      1.481      2.149        522 2.9414e+02 0.0000e+00
      1.532    24.2566     9.5172    113.307  36.311324     36.837      8.603   205.4015     5.5236     1.2528     0.0242      0.105      1.504      2.181        523 2.8888e+02 0.0000e+00
      1.558    24.2471     9.4985    113.034  36.313035     36.847      8.600   205.2501     5.7339     1.2528     0.0242      0.101      1.529      2.217        524 2.7555e+02 0.0000e+00
      1.586    24.2337     9.4765    112.714  36.362197     36.910      8.595   205.9694     5.7218     1.2125     0.0242      0.101      1.557      2.257        525 2.6590e+02 0.0000e+00
      1.617    24.2184     9.4607    112.471  36.339124     36.890      8.591   206.4236     5.7299     1.2259     0.0242      0.101      1.588      2.303        526 2.5412e+02 0.0000e+00
      1.657    24.2060     9.4519    112.313  36.252776     36.814      8.581   207.1808     5.7218     1.2393     0.0242      0.104      1.623      2.355        527 2.4516e+02 0.0000e+00
      1.692    24.1925     9.4366    112.080  36.202734     36.769      8.568   207.4079     5.6894     1.3065     0.0242      0.110      1.657      2.404        528 2.3788e+02 0.0000e+00
      1.720    24.1784     9.4194    111.817  36.253117     36.835      8.554   207.2565     6.1140     1.1856     0.0242      0.116      1.688      2.449        529 2.2799e+02 0.0000e+00
      1.754    24.1646     9.4009    111.540  36.308718     36.902      8.539   207.2565     6.1261     1.2393     0.0242      0.123      1.720      2.495        530 2.1900e+02 0.0000e+00
      1.789    24.1489     9.3693    111.107  36.252181     36.856      8.520   208.1272     6.0898     1.1856     0.0242      0.128      1.753      2.542        531 2.1151e+02 0.0000e+00
      1.820    24.1308     9.3239    110.511  36.234507     36.838      8.500   208.3165     6.0857     1.0916     0.0242      0.130      1.783      2.587        532 2.0675e+02 0.0000e+00
      1.847    24.1103     9.2545    109.625  36.241746     36.878      8.492   208.6572     6.4699     1.4945     0.0242      0.129      1.811      2.628        533 2.0031e+02 0.0000e+00
      1.876    24.0865     9.1819    108.682  36.213523     36.835      8.477   209.2629     6.4820     1.4408     0.0242      0.126      1.838      2.667        534 1.9443e+02 0.0000e+00
      1.902    24.0593     9.0813    107.403  36.180663     36.850      8.468   209.9065     6.4658     1.4676     0.0242      0.121      1.865      2.707        535 1.8932e+02 0.0000e+00
      1.930    24.0328     8.9708    106.018  36.134355     36.782      8.458   209.6794     6.4779     1.3871     0.0241      0.118      1.894      2.747        536 1.8331e+02 0.0000e+00
      1.962    24.0078     8.8450    104.472  36.152528     36.860      8.451   209.8308     6.8500     1.2662     0.0242      0.116      1.925      2.791        537 1.7771e+02 0.0000e+00
      1.997    23.9826     8.7304    103.074  36.128401     36.823      8.440   210.3229     6.8580     1.1991     0.0241      0.115      1.958      2.840        538 1.7180e+02 0.0000e+00
      2.031    23.9551 -9.990e-29 -9.990e-29  36.194053     36.927      8.429   210.8151     6.8419     1.1588     0.0242      0.117      1.992      2.889        539 1.6556e+02 0.0000e+00
      2.064    23.9273 -9.990e-29 -9.990e-29  36.308109     37.060      8.410   211.1558     6.8702     1.2528     0.0242      0.120      2.023      2.934        540 1.6026e+02 0.0000e+00
      2.091    23.8992 -9.990e-29 -9.990e-29  36.372038     37.138      8.393   211.3451     8.1237     1.6153     0.0243      0.122      2.050      2.974        541 1.5640e+02 0.0000e+00
      2.116    23.8717 -9.990e-29 -9.990e-29  36.411099     37.216      8.376   211.2315     8.1156     1.6422     0.0243      0.122      2.076      3.012        542 1.5125e+02 0.0000e+00
      2.145    23.8402 -9.990e-29 -9.990e-29  36.407808     37.209      8.352   212.4429     8.0994     1.6288     0.0243      0.121      2.103      3.050        543 1.4734e+02 0.0000e+00
      2.171    23.8002 -9.990e-29 -9.990e-29  36.465123     37.316      8.330   211.9129     8.1278     1.6959     0.0243      0.119      2.128      3.087        544 1.4419e+02 0.0000e+00
      2.194    23.7553 -9.990e-29 -9.990e-29  36.547400     37.397      8.310   211.1558     8.6413     1.6422     0.0243      0.113      2.149      3.117        545 1.4084e+02 0.0000e+00
      2.209    23.7177 -9.990e-29 -9.990e-29  36.661344     37.571      8.288   211.7994     8.6170     1.5885     0.0244      0.105      2.163      3.137        546 1.3960e+02 0.0000e+00
      2.215    23.6848 -9.990e-29 -9.990e-29  36.797892     37.720      8.275   211.8751     8.6251     1.6153     0.0244      0.094      2.172      3.150        547 1.3920e+02 0.0000e+00
      2.221    23.6657 -9.990e-29 -9.990e-29  36.881702     37.865      8.265   212.6701     8.6170     1.6422     0.0245      0.081      2.177      3.159        548 1.3808e+02 0.0000e+00
      2.226 -9.990e-29 -9.990e-29 -9.990e-29  36.942638     37.917      8.254   212.2915     8.6009     1.6422     0.0245      0.067      2.182      3.164        549 1.3758e+02 0.0000e+00
      2.226 -9.990e-29 -9.990e-29 -9.990e-29  36.989011     38.021      8.244   212.4051     8.5766     1.6288     0.0245      0.053      2.183      3.166        550 1.3801e+02 0.0000e+00
