Data/DataNotYetUploadedToEDI/Raw_CTD/RawDownloads/082718_fcr50.cnv
* Sea-Bird SBE19plus  Data File:
* FileName = C:\DATA\082718_fcr_0003.hex
* Software version 2.6.3.104
* Temperature SN = 7809
* Conductivity SN = 7809
* System UpLoad Time = Aug 27 2018 20:56:07
* <ApplicationData>
* <Seaterm232>
# nquan = 17
# nvalues = 1258                        
# units = specified
# name 0 = depFM: Depth [fresh water, m]
# name 1 = tv290C: Temperature [ITS-90, deg C]
# name 2 = sbeox0Mg/L: Oxygen, SBE 43 [mg/l]
# name 3 = sbeox0PS: Oxygen, SBE 43 [% saturation]
# name 4 = c0uS/cm: Conductivity [uS/cm]
# name 5 = specc: Specific Conductance [uS/cm]
# name 6 = ph: pH
# name 7 = orp: Oxidation Reduction Potential [mV]
# name 8 = flECO-AFL: Fluorescence, WET Labs ECO-AFL/FL [mg/m^3]
# name 9 = turbWETntu0: Turbidity, WET Labs ECO [NTU]
# name 10 = sal00: Salinity, Practical [PSU]
# name 11 = dz/dtM: Descent Rate [m/s]
# name 12 = prdM: Pressure, Strain Gauge [db]
# name 13 = prdE: Pressure, Strain Gauge [psi]
# name 14 = scan: Scan Count
# name 15 = par/sat/log: PAR/Logarithmic, Satlantic
# name 16 = flag:  0.000e+00
# span 0 =     -0.476,      9.702       
# span 1 =    11.5816,    32.2408       
# span 2 =     0.0499,     9.7061       
# span 3 =      0.459,    119.290       
# span 4 =   2.794336, 156.929103       
# span 5 =      2.419,    214.521       
# span 6 =      0.206,      8.377       
# span 7 = -1240.7455,   392.9463       
# span 8 =    -0.2507,    13.7161       
# span 9 =    -5.3269,    44.2356       
# span 10 =     0.0142,     0.1010      
# span 11 =     -0.023,      0.182      
# span 12 =     -0.467,      9.514      
# span 13 =     -0.678,     13.799      
# span 14 =          1,       1258      
# span 15 = 1.2408e-01, 2.0032e+03      
# span 16 = 0.0000e+00, 0.0000e+00      
# interval = seconds: 0.25
# start_time = Aug 27 2018 15:43:24 [Instrument's time stamp, header]
# bad_flag = -9.990e-29
*END*
[from data line 1107]
      8.380    11.9224     0.0661      0.613 106.484409    144.191      6.478   173.5636     1.3061     0.7157     0.0682      0.004      8.218     11.919       1108 1.2527e-01 0.0000e+00
      8.380    11.9260     0.0682      0.633 106.206597    143.865      6.483   172.6550     1.2900     0.6754     0.0681      0.004      8.219     11.920       1109 1.2517e-01 0.0000e+00
      8.382    11.9319     0.0618      0.572 106.107748    143.653      6.486   171.6328     1.3061     1.1453     0.0680      0.004      8.220     11.921       1110 1.2529e-01 0.0000e+00
      8.383    11.9445     0.0583      0.540 106.071687    143.635      6.490   170.4593     1.3263     1.0648     0.0680      0.003      8.221     11.923       1111 1.2540e-01 0.0000e+00
      8.383    11.9461     0.0623      0.577 105.924079    143.391      6.493   168.7178     1.2900     1.1185     0.0679      0.002      8.221     11.923       1112 1.2527e-01 0.0000e+00
      8.383    11.9454     0.0622      0.576 105.725951    143.068      6.498   167.4685     1.3183     1.1051     0.0677      0.002      8.221     11.923       1113 1.2510e-01 0.0000e+00
      8.383    11.9486     0.0643      0.595 105.395621    142.650      6.502   164.6292     1.6215     0.9976     0.0675      0.002      8.221     11.924       1114 1.2522e-01 0.0000e+00
      8.384    11.9498     0.0630      0.583 105.472071    142.652      6.507   164.3264     1.6337     0.9708     0.0675      0.002      8.222     11.925       1115 1.2529e-01 0.0000e+00
      8.385    11.9558     0.0658      0.609 105.690332    143.131      6.512   162.9257     1.6175     0.9842     0.0678      0.002      8.222     11.925       1116 1.2526e-01 0.0000e+00
      8.384    11.9531     0.0673      0.623 105.451376    142.561      6.512   160.8435     1.6296     0.9574     0.0675      0.002      8.222     11.925       1117 1.2524e-01 0.0000e+00
      8.384    11.9463     0.0629      0.582 105.590873    142.951      6.519   159.9728     1.3223     2.3136     0.0677      0.001      8.223     11.926       1118 1.2509e-01 0.0000e+00
      8.386    11.9429     0.0591      0.547 105.814344    143.077      6.521   159.8971     1.3142     2.1927     0.0677      0.001      8.225     11.930       1119 1.2520e-01 0.0000e+00
      8.391    11.9302     0.0563      0.521 106.304233    143.902      6.521   157.1714     1.3061     2.2330     0.0681      0.003      8.232     11.940       1120 1.2522e-01 0.0000e+00
      8.408    11.9210     0.0572      0.530 107.034848    144.822      6.526   157.8528     1.2980     2.1122     0.0685      0.008      8.245     11.958       1121 1.2522e-01 0.0000e+00
      8.421    11.9205     0.0561      0.520 106.869477    144.762      6.534   157.1335     1.3830     2.4613     0.0685      0.016      8.257     11.975       1122 1.2534e-01 0.0000e+00
      8.428    11.9128     0.0541      0.502 106.867206    144.570      6.536   155.5435     1.3587     2.3673     0.0684      0.022      8.264     11.986       1123 1.2523e-01 0.0000e+00
      8.431    11.8994     0.0566      0.526 106.859105    144.911      6.537   157.4742     1.3991     2.3941     0.0686      0.027      8.269     11.994       1124 1.2516e-01 0.0000e+00
      8.439    11.8904     0.0605      0.561 107.712957    145.550      6.541   156.6792     1.3668     2.3807     0.0689      0.031      8.277     12.005       1125 1.2534e-01 0.0000e+00
      8.452    11.8865     0.0623      0.578 110.061132    149.481      6.545   156.8685     1.4881     2.5956     0.0707      0.034      8.286     12.018       1126 1.2538e-01 0.0000e+00
      8.456    11.8828     0.0590      0.548 109.622195    148.415      6.547   156.9821     1.5083     2.7030     0.0702      0.035      8.292     12.025       1127 1.2527e-01 0.0000e+00
      8.456    11.8811     0.0611      0.567 108.556792    147.137      6.552   156.6035     1.4800     2.6761     0.0696      0.031      8.293     12.027       1128 1.2540e-01 0.0000e+00
      8.456    11.8811     0.0636      0.590 108.469832    147.114      6.554   155.0135     1.4840     2.6090     0.0696      0.024      8.293     12.027       1129 1.2533e-01 0.0000e+00
      8.456    11.8877     0.0657      0.610 107.974207    146.247      6.556   154.8621     1.3749     2.9715     0.0692      0.019      8.293     12.027       1130 1.2525e-01 0.0000e+00
      8.456    11.9178     0.0602      0.558 107.834137    146.321      6.561   151.3035     1.3668     2.8641     0.0692      0.015      8.293     12.027       1131 1.2530e-01 0.0000e+00
      8.457    11.9610     0.0586      0.544 107.513066    145.577      6.562   151.3792     1.3587     2.8104     0.0689      0.011      8.293     12.028       1132 1.2519e-01 0.0000e+00
      8.456    11.9889     0.0637      0.591 107.123643    145.228      6.566   152.0228     1.3708     2.7567     0.0687      0.006      8.293     12.028       1133 1.2526e-01 0.0000e+00
      8.457    12.0058     0.0642      0.595 106.443592    143.842      6.570   149.4863     1.2333     3.8981     0.0681      0.002      8.294     12.030       1134 1.2523e-01 0.0000e+00
      8.461    12.0174     0.0610      0.566 106.722319    144.302      6.571   148.7671     1.2333     3.8309     0.0683      0.002      8.297     12.033       1135 1.2515e-01 0.0000e+00
      8.463    12.0129     0.0607      0.563 106.806482    144.353      6.572   149.1835     1.2374     3.9518     0.0684      0.003      8.299     12.036       1136 1.2530e-01 0.0000e+00
      8.463    12.0065     0.0608      0.564 105.892392    142.938      6.575   147.5178     1.2455     3.9249     0.0677      0.004      8.301     12.040       1137 1.2525e-01 0.0000e+00
      8.468    12.0005     0.0594      0.551 105.955053    143.151      6.579   146.8363     1.2212     3.9249     0.0678      0.006      8.306     12.047       1138 1.2516e-01 0.0000e+00
      8.478    11.9939     0.0596      0.553 106.639207    144.044      6.580   147.8963     1.1403     4.3009     0.0682      0.009      8.315     12.060       1139 1.2527e-01 0.0000e+00
      8.490    11.9956     0.0591      0.548 106.767224    144.333      6.580   146.4956     1.1039     4.4218     0.0683      0.014      8.326     12.075       1140 1.2523e-01 0.0000e+00
      8.502    11.9972     0.0601      0.557 106.748161    144.172      6.585   148.7292     1.0918     4.3681     0.0683      0.021      8.336     12.090       1141 1.2529e-01 0.0000e+00
      8.509    11.9912     0.0623      0.577 106.395069    143.934      6.586   148.0856     1.1242     4.3412     0.0682      0.026      8.346     12.105       1142 1.2546e-01 0.0000e+00
      8.522    11.9743     0.0632      0.586 105.837555    142.831      6.592   147.6692     1.1848     4.3412     0.0676      0.031      8.358     12.123       1143 1.2538e-01 0.0000e+00
      8.539    11.9577     0.0658      0.610 106.132420    143.610      6.589   147.7449     1.1808     4.3546     0.0680      0.038      8.372     12.143       1144 1.2533e-01 0.0000e+00
      8.550    11.9515     0.0641      0.594 105.998356    143.223      6.593   147.2149     1.1767     4.3143     0.0678      0.043      8.385     12.161       1145 1.2520e-01 0.0000e+00
      8.561    11.9550     0.0649      0.601 106.391328    143.933      6.594   144.8299     1.1606     4.4083     0.0681      0.046      8.397     12.178       1146 1.2512e-01 0.0000e+00
      8.576    11.9608     0.0616      0.571 107.369664    145.322      6.597   145.7385     1.2455     4.4083     0.0688      0.048      8.408     12.195       1147 1.2532e-01 0.0000e+00
      8.584    11.9569     0.0605      0.560 107.013092    144.778      6.598   142.5206     1.2212     4.3681     0.0685      0.048      8.417     12.208       1148 1.2530e-01 0.0000e+00
      8.589    11.9453     0.0582      0.538 106.031461    143.425      6.600   143.1642     1.2253     4.3278     0.0679      0.046      8.422     12.216       1149 1.2509e-01 0.0000e+00
      8.592    11.9369     0.0603      0.557 106.150695    143.518      6.604   143.5049     1.2374     4.3278     0.0679      0.042      8.427     12.223       1150 1.2512e-01 0.0000e+00
      8.599    11.9327     0.0613      0.567 105.823005    143.410      6.605   141.3470     1.2900     4.0458     0.0679      0.037      8.434     12.233       1151 1.2528e-01 0.0000e+00
      8.613    11.9296     0.0568      0.525 108.492992    146.293      6.606   140.9685     1.2819     4.1801     0.0692      0.034      8.444     12.248       1152 1.2522e-01 0.0000e+00
      8.620    11.9289     0.0625      0.578 110.775397    150.900      6.610   141.0063     1.2980     4.0324     0.0714      0.032      8.452     12.259       1153 1.2515e-01 0.0000e+00
      8.623    11.9217     0.0614      0.567 109.203755    146.816      6.614   140.7792     1.2940     4.1398     0.0695      0.029      8.458     12.267       1154 1.2513e-01 0.0000e+00
      8.632    11.9064     0.0631      0.583 112.383945    152.891      6.614   139.6056     1.2940     3.9249     0.0723      0.028      8.464     12.276       1155 1.2525e-01 0.0000e+00
      8.638    11.8936     0.0620      0.573 113.664814    153.607      6.619   139.6056     1.3142     3.9786     0.0726      0.028      8.471     12.285       1156 1.2533e-01 0.0000e+00
      8.643    11.8833     0.0579      0.535 112.134663    151.998      6.619   138.3942     1.3021     3.8981     0.0719      0.028      8.476     12.293       1157 1.2527e-01 0.0000e+00
      8.648    11.8725     0.0568      0.525 112.412557    152.318      6.623   139.4163     1.3263     3.8981     0.0720      0.027      8.481     12.300       1158 1.2538e-01 0.0000e+00
      8.652    11.8566     0.0576      0.532 112.098333    151.940      6.627   137.9020     1.3021     3.8578     0.0718      0.025      8.486     12.308       1159 1.2531e-01 0.0000e+00
      8.660    11.8395     0.0565      0.523 111.781445    151.607      6.629   137.9777     1.2859     3.9518     0.0717      0.023      8.492     12.317       1160 1.2526e-01 0.0000e+00
      8.665    11.8357     0.0583      0.539 111.288620    150.907      6.629   137.5613     1.2900     3.9786     0.0713      0.022      8.497     12.324       1161 1.2535e-01 0.0000e+00
      8.666    11.8309     0.0587      0.543 111.104057    150.831      6.631   136.3499     1.2980     3.8444     0.0713      0.021      8.500     12.329       1162 1.2524e-01 0.0000e+00
      8.673    11.8154     0.0615      0.569 110.790577    150.346      6.633   135.8577     1.2819     3.5624     0.0711      0.020      8.508     12.341       1163 1.2523e-01 0.0000e+00
      8.692    11.8082     0.0611      0.565 110.726125    150.291      6.637   135.9713     1.3061     3.6564     0.0710      0.023      8.522     12.361       1164 1.2536e-01 0.0000e+00
      8.706    11.8158     0.0640      0.592 111.273590    151.118      6.634   134.1920     1.3021     3.6967     0.0714      0.028      8.535     12.378       1165 1.2529e-01 0.0000e+00
      8.711    11.8208     0.0607      0.561 111.776400    151.833      6.639   133.7377     1.3183     3.7504     0.0717      0.031      8.541     12.388       1166 1.2523e-01 0.0000e+00
      8.714    11.8162     0.0645      0.597 111.856838    151.915      6.641   132.9427     1.5730     2.0584     0.0718      0.033      8.544     12.393       1167 1.2527e-01 0.0000e+00
      8.714    11.8124     0.0602      0.557 111.768891    151.740      6.643   131.5041     1.5609     2.0719     0.0717      0.032      8.546     12.396       1168 1.2532e-01 0.0000e+00
      8.717    11.8143     0.0586      0.542 111.707220    151.725      6.645   131.0877     1.5609     2.1122     0.0717      0.030      8.549     12.399       1169 1.2521e-01 0.0000e+00
      8.721    11.8169     0.0599      0.554 111.665655    151.623      6.648   130.2170     1.5609     2.0853     0.0716      0.027      8.553     12.404       1170 1.2515e-01 0.0000e+00
      8.725    11.8217     0.0591      0.546 111.701538    151.733      6.649   129.6491     1.5690     2.0182     0.0717      0.021      8.559     12.414       1171 1.2530e-01 0.0000e+00
      8.739    11.8267     0.0568      0.525 111.722102    151.680      6.651   129.5356     1.6054     1.1453     0.0717      0.018      8.574     12.435       1172 1.2518e-01 0.0000e+00
      8.767    11.8240     0.0564      0.521 112.414111    152.619      6.653   128.8541     1.6377     1.1453     0.0721      0.023      8.593     12.463       1173 1.2522e-01 0.0000e+00
      8.779    11.8262     0.0589      0.544 113.311393    153.884      6.654   128.7784     1.6134     1.2125     0.0727      0.032      8.608     12.484       1174 1.2525e-01 0.0000e+00
      8.785    11.8380     0.0566      0.523 113.255161    153.752      6.658   126.6206     1.6094     1.1185     0.0726      0.039      8.617     12.497       1175 1.2518e-01 0.0000e+00
      8.796    11.8486     0.0595      0.550 113.377262    153.889      6.659   126.3556     1.6215     1.4139     0.0727      0.045      8.626     12.512       1176 1.2533e-01 0.0000e+00
      8.807    11.8454     0.0564      0.521 113.725129    154.416      6.658   125.1441     1.6377     1.4408     0.0729      0.049      8.638     12.530       1177 1.2527e-01 0.0000e+00
      8.824    11.8323     0.0595      0.549 115.174387    156.079      6.661   124.0463     1.6256     1.4408     0.0737      0.052      8.653     12.551       1178 1.2526e-01 0.0000e+00
      8.840    11.8250     0.0633      0.585 117.379966    159.523      6.666   123.3648     1.6296     1.4542     0.0753      0.053      8.667     12.571       1179 1.2533e-01 0.0000e+00
      8.849    11.8209     0.0595      0.549 117.620573    159.503      6.665   122.3805     1.6296     1.4542     0.0753      0.050      8.680     12.589       1180 1.2535e-01 0.0000e+00
      8.865    11.8109     0.0568      0.524 117.822958    160.031      6.669   122.1913     1.6539     1.3602     0.0755      0.048      8.695     12.610       1181 1.2518e-01 0.0000e+00
      8.883    11.7979     0.0605      0.558 118.914919    161.418      6.668   121.0934     1.5932     1.4005     0.0762      0.052      8.710     12.633       1182 1.2524e-01 0.0000e+00
      8.895    11.7870     0.0599      0.552 119.448183    162.302      6.673   119.9577     1.6134     1.3871     0.0766      0.055      8.724     12.653       1183 1.2531e-01 0.0000e+00
      8.910    11.7784     0.0579      0.534 120.137478    163.122      6.674   119.6927     1.8803     1.4408     0.0770      0.056      8.738     12.674       1184 1.2520e-01 0.0000e+00
      8.925    11.7721     0.0611      0.563 121.094973    164.696      6.675   118.8977     1.8884     1.4408     0.0777      0.057      8.752     12.694       1185 1.2528e-01 0.0000e+00
      8.938    11.7675     0.0612      0.564 121.503033    165.079      6.674   118.2162     1.8682     1.4676     0.0779      0.056      8.765     12.712       1186 1.2520e-01 0.0000e+00
      8.949    11.7643     0.0598      0.552 121.655000    165.488      6.680   117.9891     1.9005     1.5348     0.0781      0.055      8.776     12.728       1187 1.2528e-01 0.0000e+00
      8.960    11.7575     0.0633      0.584 121.888774    165.662      6.682   116.3612     2.0987     1.2125     0.0781      0.054      8.787     12.745       1188 1.2523e-01 0.0000e+00
      8.973    11.7464     0.0644      0.594 122.909918    167.164      6.683   116.6262     2.0866     1.1319     0.0788      0.052      8.802     12.766       1189 1.2518e-01 0.0000e+00
      8.993    11.7345     0.0582      0.536 124.911891    169.868      6.685   114.3927     2.1189     1.1722     0.0801      0.052      8.820     12.792       1190 1.2525e-01 0.0000e+00
      9.015    11.7236     0.0592      0.546 127.321323    173.244      6.690   114.2791     2.0785     1.1319     0.0817      0.055      8.838     12.819       1191 1.2522e-01 0.0000e+00
