Data/DataNotYetUploadedToEDI/Raw_CTD/RawDownloads/082718_fcr10.cnv
* Sea-Bird SBE19plus  Data File:
* FileName = C:\DATA\082718_fcr_0004.hex
* Software version 2.6.3.104
* Temperature SN = 7809
* Conductivity SN = 7809
* System UpLoad Time = Aug 27 2018 20:56:24
* <ApplicationData>
* <Seaterm232>
# nquan = 17
# nvalues = 550                         
# units = specified
# name 0 = depFM: Depth [fresh water, m]
# name 1 = tv290C: Temperature [ITS-90, deg C]
# name 2 = sbeox0Mg/L: Oxygen, SBE 43 [mg/l]
# name 3 = sbeox0PS: Oxygen, SBE 43 [% saturation]
# name 4 = c0uS/cm: Conductivity [uS/cm]
# name 5 = specc: Specific Conductance [uS/cm]
# name 6 = ph: pH
# name 7 = orp: Oxidation Reduction Potential [mV]
# name 8 = flECO-AFL: Fluorescence, WET Labs ECO-AFL/FL [mg/m^3]
# name 9 = turbWETntu0: Turbidity, WET Labs ECO [NTU]
# name 10 = sal00: Salinity, Practical [PSU]
# name 11 = dz/dtM: Descent Rate [m/s]
# name 12 = prdM: Pressure, Strain Gauge [db]
# name 13 = prdE: Pressure, Strain Gauge [psi]
# name 14 = scan: Scan Count
# name 15 = par/sat/log: PAR/Logarithmic, Satlantic
# name 16 = flag:  0.000e+00
# span 0 =     -0.501,      2.226       
# span 1 =    23.6657,    30.1204       
# span 2 =     5.2657,    10.4638       
# span 3 =     66.648,    130.209       
# span 4 =   0.453081,  38.733745       
# span 5 =      0.564,     38.021       
# span 6 =      6.431,      8.612       
# span 7 =  -837.3765,  1240.2295       
# span 8 =    -0.1860,     8.6413       
# span 9 =    -0.3317,    70.5678       
# span 10 =     0.0135,     0.0251      
# span 11 =     -0.136,      0.167      
# span 12 =     -0.491,      2.183      
# span 13 =     -0.712,      3.166      
# span 14 =          1,        550      
# span 15 = 1.3758e+02, 2.6528e+03      
# span 16 = 0.0000e+00, 0.0000e+00      
# interval = seconds: 0.25
# start_time = Aug 27 2018 19:08:18 [Instrument's time stamp, header]
# bad_flag = -9.990e-29
*END*
[from data line 256]
     -0.089    26.7889     9.2130    115.192  38.438984     37.106      8.467   183.4822     4.1569     0.9842     0.0250     -0.001     -0.087     -0.125        257 1.8525e+03 0.0000e+00
     -0.087    26.7924     9.2224    115.317  38.427617     37.104      8.475   183.9743     4.1367     1.0245     0.0250     -0.000     -0.086     -0.124        258 1.8549e+03 0.0000e+00
     -0.087    26.7945     9.2350    115.485  38.385161     37.048      8.480   184.7314     4.1407     1.0111     0.0249      0.000     -0.086     -0.124        259 1.8586e+03 0.0000e+00
     -0.087    26.7949     9.2287    115.411  38.373173     37.045      8.481   184.5800     4.0235     1.0782     0.0249      0.000     -0.085     -0.124        260 1.8654e+03 0.0000e+00
     -0.087    26.7947     9.1972    115.019  38.383211     37.044      8.479   184.9964     4.0315     0.9842     0.0249      0.001     -0.085     -0.124        261 1.8670e+03 0.0000e+00
     -0.088    26.7941     9.1402    114.303  38.372667     37.044      8.473   184.3907     4.0437     0.9305     0.0249      0.000     -0.085     -0.124        262 1.8700e+03 0.0000e+00
     -0.087    26.7924     9.0854    113.606  38.386295     37.044      8.467   184.6179     4.0235     1.0648     0.0249      0.000     -0.085     -0.124        263 1.8824e+03 0.0000e+00
     -0.087    26.7903     9.0435    113.075  38.425574     37.098      8.465   184.6936     4.0194     1.1588     0.0250      0.001     -0.085     -0.124        264 1.8900e+03 0.0000e+00
     -0.087    26.7894     8.9984    112.505  38.442431     37.100      8.468   184.5800     4.0154     1.0648     0.0250      0.001     -0.085     -0.123        265 1.8935e+03 0.0000e+00
     -0.086    26.7875     8.9400    111.764  38.424642     37.101      8.467   184.6179     4.0315     0.9439     0.0250      0.000     -0.085     -0.123        266 1.9003e+03 0.0000e+00
     -0.087    26.7857     8.8729    110.921  38.388390     37.048      8.468   184.7693     4.0275     1.0245     0.0249      0.000     -0.085     -0.123        267 1.9043e+03 0.0000e+00
     -0.087    26.7890     8.8006    110.017  38.368900     37.049      8.472   184.7693     4.0113     1.0514     0.0249      0.000     -0.085     -0.124        268 1.9074e+03 0.0000e+00
     -0.087    26.7940     8.7524    109.418  38.389575     37.051      8.473   185.5264     3.8819     1.0245     0.0249      0.000     -0.085     -0.124        269 1.9102e+03 0.0000e+00
     -0.086    26.7965     8.7234    109.052  38.421984     37.102      8.478   185.0722     3.9143     1.0648     0.0250      0.000     -0.085     -0.123        270 1.9101e+03 0.0000e+00
     -0.086    26.7975     8.7095    108.873  38.387890     37.044      8.479   185.1479     3.8819     1.0111     0.0249      0.000     -0.084     -0.122        271 1.9158e+03 0.0000e+00
     -0.086    26.7956     8.6830    108.539  38.372679     37.043      8.482   185.3372     3.8577     1.0379     0.0249      0.000     -0.084     -0.122        272 1.9260e+03 0.0000e+00
     -0.086    26.7905     8.6227    107.790  38.381590     37.042      8.479   185.3372     3.7727     1.0648     0.0249      0.000     -0.085     -0.123        273 1.9315e+03 0.0000e+00
     -0.086    26.7868     8.5288    106.620  38.376800     37.043      8.477   185.1479     3.7768     0.9305     0.0249      0.000     -0.085     -0.123        274 1.9471e+03 0.0000e+00
     -0.086    26.7834     8.4150    105.198  38.437964     37.101      8.474   185.0722     3.7889     1.0648     0.0250      0.001     -0.084     -0.122        275 1.9497e+03 0.0000e+00
     -0.086    26.7785     8.2831    103.549  38.424121     37.104      8.471   185.1479     3.7606     1.0782     0.0250      0.001     -0.084     -0.122        276 1.9403e+03 0.0000e+00
     -0.086    26.7758     8.1366    101.718  38.394027     37.052      8.473   184.9964     3.6191     1.0111     0.0249      0.000     -0.084     -0.122        277 1.9566e+03 0.0000e+00
     -0.086    26.7760     7.9732     99.678  38.416093     37.110      8.475   184.8450     3.6272     1.0245     0.0250      0.000     -0.084     -0.122        278 1.9667e+03 0.0000e+00
     -0.086    26.7773     7.7935     97.434  38.396664     37.057      8.478   185.0722     3.6312     1.0916     0.0249      0.000     -0.084     -0.122        279 1.9611e+03 0.0000e+00
     -0.086    26.7762     7.6425     95.550  38.418210     37.111      8.481   185.3372     3.6474     1.1319     0.0250     -0.000     -0.085     -0.123        280 1.9673e+03 0.0000e+00
     -0.087    26.7732     7.5060     93.848  38.389280     37.056      8.482   185.4886     3.6231     1.0111     0.0249     -0.000     -0.085     -0.124        281 1.9809e+03 0.0000e+00
     -0.088    26.7726     7.3967     92.487  38.373341     37.057      8.481   185.5264     3.6393     1.0111     0.0249     -0.001     -0.086     -0.125        282 1.9916e+03 0.0000e+00
     -0.089    26.7745     7.3242     91.584  38.378723     37.059      8.482   185.7914     3.6312     1.0379     0.0249     -0.001     -0.086     -0.126        283 1.9858e+03 0.0000e+00
     -0.089    26.7761     7.2952     91.223  38.382586     37.060      8.482   186.0186     3.6353     1.0648     0.0249     -0.002     -0.086     -0.125        284 1.9807e+03 0.0000e+00
     -0.086    26.7765     7.3027     91.318  38.427858     37.112      8.483   185.6400     3.6150     1.0648     0.0250     -0.001     -0.084     -0.123        285 1.9981e+03 0.0000e+00
     -0.083    26.7766     7.3178     91.507  38.381703     37.057      8.478   184.8450     3.6312     1.1319     0.0249      0.000     -0.083     -0.120        286 1.9987e+03 0.0000e+00
     -0.084    26.7768     7.3224     91.568  38.380699     37.057      8.479   185.4886     3.6474     1.0111     0.0249      0.001     -0.083     -0.121        287 1.9877e+03 0.0000e+00
     -0.088    26.7782     7.3069     91.382  38.369784     37.057      8.479   185.5643     3.6191     1.1588     0.0249      0.001     -0.086     -0.124        288 2.0136e+03 0.0000e+00
     -0.090    26.7801     7.2675     90.893  38.335963     37.003      8.479   185.7914     3.6150     0.9439     0.0249      0.000     -0.087     -0.127        289 2.0290e+03 0.0000e+00
     -0.090    26.7819     7.2042     90.108  38.363465     37.056      8.482   185.5643     3.4654     1.1991     0.0249     -0.001     -0.087     -0.127        290 2.0246e+03 0.0000e+00
     -0.086    26.7850     7.1083     88.914  38.365220     37.027      8.480   185.5643     3.4897     1.2125     0.0249     -0.000     -0.085     -0.123        291 2.0415e+03 0.0000e+00
     -0.084    26.7886     7.0316     87.959  38.363442     37.053      8.481   185.5643     3.5018     1.2528     0.0249     -0.000     -0.083     -0.120        292 2.0466e+03 0.0000e+00
     -0.084    26.7905     6.9408     86.826  38.336016     36.997      8.478   186.1322     3.5503     1.2931     0.0249     -0.000     -0.083     -0.120        293 2.0405e+03 0.0000e+00
     -0.087    26.7915     6.8561     85.766  38.310363     36.994      8.478   186.2457     3.5059     1.0379     0.0249     -0.000     -0.084     -0.123        294 2.0422e+03 0.0000e+00
     -0.088    26.7919     6.7790     84.803  38.336040     36.993      8.482   186.1322     3.4978     1.0648     0.0249      0.001     -0.086     -0.124        295 2.0445e+03 0.0000e+00
     -0.088    26.7921     6.7215     84.085  38.363383     37.046      8.483   186.3214     3.5180     1.1051     0.0249      0.001     -0.086     -0.124        296 2.0529e+03 0.0000e+00
     -0.087    26.7944     6.6650     83.382  38.335658     36.992      8.482   186.3214     3.4978     0.9574     0.0249      0.001     -0.085     -0.123        297 2.0633e+03 0.0000e+00
     -0.086    26.7989     6.6217     82.843  38.370544     37.046      8.480   186.4350     3.5099     1.0648     0.0249      0.000     -0.084     -0.122        298 2.0678e+03 0.0000e+00
     -0.085    26.8021     6.5881     82.428  38.379292     37.044      8.480   186.5864     3.5180     1.0111     0.0249     -0.000     -0.084     -0.122        299 2.0717e+03 0.0000e+00
     -0.086    26.8057     6.5466     81.912  38.324770     36.987      8.480   186.3214     3.5018     0.9976     0.0249     -0.001     -0.084     -0.122        300 2.0752e+03 0.0000e+00
     -0.086    26.8092     6.5168     81.542  38.319746     36.985      8.480   186.4350     3.4897     1.1319     0.0249 3.3542e-11     -0.085     -0.123        301 2.0836e+03 0.0000e+00
     -0.087    26.8116     6.4778     81.057  38.355880     37.009      8.478   186.6243     3.6191     1.0111     0.0249      0.001     -0.085     -0.123        302 2.0857e+03 0.0000e+00
     -0.087    26.8135     6.4504     80.717  38.368786     37.034      8.481   186.5486     3.6676     1.1185     0.0249      0.000     -0.085     -0.123        303 2.0888e+03 0.0000e+00
     -0.086    26.8140     6.4274     80.432  38.333345     36.978      8.483   186.7757     3.6231     0.9842     0.0249      0.000     -0.085     -0.123        304 2.0989e+03 0.0000e+00
     -0.086    26.8144     6.4169     80.308  38.310998     36.976      8.485   186.5107     3.6312     1.0111     0.0249     -0.000     -0.085     -0.123        305 2.0924e+03 0.0000e+00
     -0.086    26.8158     6.4075     80.191  38.337271     36.976      8.484   187.1164     3.6312     1.0379     0.0249     -0.000     -0.085     -0.123        306 2.0901e+03 0.0000e+00
     -0.087    26.8176     6.4050     80.158  38.359972     37.030      8.486   186.9272     3.6474     1.0379     0.0249     -0.001     -0.085     -0.123        307 2.0979e+03 0.0000e+00
     -0.087    26.8195     6.4269     80.434  38.342070     36.975      8.486   186.7000     3.6312     1.1185     0.0249     -0.000     -0.085     -0.123        308 2.0992e+03 0.0000e+00
     -0.087    26.8228     6.4468     80.686  38.300226     36.974      8.484   186.7379     3.6555     1.0111     0.0249     -0.000     -0.085     -0.123        309 2.1001e+03 0.0000e+00
     -0.087    26.8251     6.4659     80.922  38.293400     36.918      8.485   186.9650     3.6312     0.9574     0.0249     -0.000     -0.085     -0.123        310 2.1069e+03 0.0000e+00
     -0.086    26.8269     6.4796     81.096  38.350564     37.024      8.485   187.0407     3.4937     1.0648     0.0249     -0.000     -0.085     -0.123        311 2.1117e+03 0.0000e+00
     -0.086    26.8298     6.4848     81.164  38.347731     36.968      8.485   187.1922     3.5180     0.9708     0.0249     -0.000     -0.085     -0.123        312 2.1161e+03 0.0000e+00
     -0.087    26.8314     6.4866     81.187  38.356248     37.021      8.483   187.0407     3.4897     1.0514     0.0249     -0.000     -0.086     -0.124        313 2.1234e+03 0.0000e+00
     -0.087    26.8338     6.4781     81.079  38.339964     36.965      8.484   187.0029     3.5220     0.9976     0.0249     -0.000     -0.086     -0.124        314 2.1309e+03 0.0000e+00
     -0.087    26.8382     6.4566     80.812  38.367995     37.018      8.484   186.9650     3.5544     1.0648     0.0249     -0.000     -0.085     -0.124        315 2.1351e+03 0.0000e+00
     -0.087    26.8390     6.4301     80.483  38.321363     36.962      8.485   187.3436     3.5544     1.0782     0.0249     -0.000     -0.085     -0.124        316 2.1343e+03 0.0000e+00
     -0.088    26.8376     6.4006     80.114  38.279349     36.905      8.483   187.1922     3.5867     1.0782     0.0249     -0.000     -0.086     -0.125        317 2.1339e+03 0.0000e+00
     -0.088    26.8393     6.3711     79.749  38.331294     36.985      8.486   187.3814     3.5706     1.0379     0.0249     -0.001     -0.086     -0.125        318 2.1343e+03 0.0000e+00
     -0.088    26.8403     6.3523     79.516  38.286378     36.905      8.486   187.7600     3.5787     1.0648     0.0249     -0.001     -0.086     -0.125        319 2.1382e+03 0.0000e+00
     -0.087    26.8392     6.3455     79.431  38.305584     36.958      8.487   187.5329     3.5584     0.9842     0.0249     -0.000     -0.086     -0.124        320 2.1349e+03 0.0000e+00
     -0.087    26.8405     6.3412     79.378  38.277732     36.903      8.491   187.1922     3.5706     1.0514     0.0249     -0.000     -0.086     -0.124        321 2.1336e+03 0.0000e+00
     -0.086    26.8424     6.3436     79.410  38.261717     36.904      8.490   187.6464     3.5787     1.0379     0.0249      0.000     -0.085     -0.123        322 2.1389e+03 0.0000e+00
     -0.087    26.8424     6.3633     79.658  38.295853     36.930      8.491   187.8736     3.5787     1.0245     0.0249      0.000     -0.085     -0.123        323 2.1390e+03 0.0000e+00
     -0.086    26.8420     6.3898     79.989  38.324235     36.956      8.491   187.9114     3.5625     0.9574     0.0249      0.001     -0.085     -0.123        324 2.1467e+03 0.0000e+00
     -0.086    26.8435     6.4109     80.254  38.315379     36.956      8.489   188.7443     3.5787     0.9574     0.0249      0.001     -0.084     -0.122        325 2.1566e+03 0.0000e+00
     -0.085    26.8448     6.4242     80.421  38.277211     36.902      8.485   188.5550     3.5787     1.0648     0.0249      0.001     -0.084     -0.122        326 2.1645e+03 0.0000e+00
     -0.086    26.8454     6.4216     80.394  38.312412     36.955      8.485   189.0093     3.5018     1.0111     0.0249      0.001     -0.084     -0.122        327 2.1723e+03 0.0000e+00
     -0.086    26.8483     6.4218     80.401  38.330895     36.954      8.486   188.4036     3.4978     0.9976     0.0249      0.001     -0.084     -0.122        328 2.1829e+03 0.0000e+00
     -0.086    26.8501     6.4188     80.365  38.283868     36.927      8.483   188.4793     3.4695     1.0111     0.0249      0.001     -0.085     -0.123        329 2.1809e+03 0.0000e+00
     -0.086    26.8495     6.4050     80.192  38.222626     36.844      8.487   188.4036     3.4978     1.0111     0.0249      0.000     -0.085     -0.123        330 2.1793e+03 0.0000e+00
     -0.086    26.8504     6.3764     79.833  38.258802     36.896      8.487   188.3279     3.4412     1.0648     0.0249     -0.000     -0.085     -0.123        331 2.1940e+03 0.0000e+00
     -0.086    26.8524     6.3416     79.399  38.268510     36.897      8.484   188.8957     3.4331     0.9842     0.0249     -0.000     -0.085     -0.123        332 2.1899e+03 0.0000e+00
     -0.087    26.8531     6.3012     78.898  38.269867     36.896      8.483   189.0093     3.4371     0.9842     0.0249     -0.001     -0.085     -0.123        333 2.1860e+03 0.0000e+00
     -0.087    26.8530     6.2709     78.525  38.286775     36.922      8.482   189.3879     3.4331     0.9171     0.0249     -0.001     -0.085     -0.123        334 2.1922e+03 0.0000e+00
     -0.087    26.8530     6.2414     78.153  38.277129     36.894      8.481   189.5015     3.4169     0.9305     0.0249     -0.000     -0.085     -0.123        335 2.1926e+03 0.0000e+00
     -0.087    26.8540     6.2101     77.762  38.311531     36.948      8.481   189.1229     3.5948     1.0379     0.0249     -0.000     -0.085     -0.123        336 2.2008e+03 0.0000e+00
     -0.087    26.8575     6.1824     77.417  38.273624     36.894      8.484   189.1986     3.5989     1.0648     0.0249     -0.000     -0.085     -0.123        337 2.2096e+03 0.0000e+00
     -0.086    26.8602     6.1662     77.217  38.205658     36.840      8.484   189.3122     3.5625     0.9036     0.0249     -0.000     -0.085     -0.123        338 2.2164e+03 0.0000e+00
     -0.087    26.8611     6.1625     77.169  38.277468     36.891      8.483   189.0850     3.5584     1.0111     0.0249     -0.000     -0.085     -0.123        339 2.2291e+03 0.0000e+00
     -0.087    26.8613     6.1538     77.064  38.332565     36.970      8.485   189.1607     3.4937     1.0514     0.0249     -0.000     -0.085     -0.123        340 2.2414e+03 0.0000e+00
