Data/DataNotYetUploadedToEDI/Raw_CTD/RawDownloads/082718_fcr30.cnv
* Sea-Bird SBE19plus  Data File:
* FileName = C:\DATA\082718_fcr_0006.hex
* Software version 2.6.3.104
* Temperature SN = 7809
* Conductivity SN = 7809
* System UpLoad Time = Aug 27 2018 20:57:10
* <ApplicationData>
* <Seaterm232>
# nquan = 17
# nvalues = 882                         
# units = specified
# name 0 = depFM: Depth [fresh water, m]
# name 1 = tv290C: Temperature [ITS-90, deg C]
# name 2 = sbeox0Mg/L: Oxygen, SBE 43 [mg/l]
# name 3 = sbeox0PS: Oxygen, SBE 43 [% saturation]
# name 4 = c0uS/cm: Conductivity [uS/cm]
# name 5 = specc: Specific Conductance [uS/cm]
# name 6 = ph: pH
# name 7 = orp: Oxidation Reduction Potential [mV]
# name 8 = flECO-AFL: Fluorescence, WET Labs ECO-AFL/FL [mg/m^3]
# name 9 = turbWETntu0: Turbidity, WET Labs ECO [NTU]
# name 10 = sal00: Salinity, Practical [PSU]
# name 11 = dz/dtM: Descent Rate [m/s]
# name 12 = prdM: Pressure, Strain Gauge [db]
# name 13 = prdE: Pressure, Strain Gauge [psi]
# name 14 = scan: Scan Count
# name 15 = par/sat/log: PAR/Logarithmic, Satlantic
# name 16 = flag:  0.000e+00
# span 0 =     -0.515,      5.376       
# span 1 =    12.7191,    27.9415       
# span 2 =     0.0697,     9.7983       
# span 3 =      0.658,    120.655       
# span 4 =   0.634066,  68.817219       
# span 5 =      0.981,     89.213       
# span 6 =      6.373,      8.679       
# span 7 =    64.4211,   247.8395       
# span 8 =    -0.4973,    13.8535       
# span 9 =    -7.7574,    22.7778       
# span 10 =     0.0128,     0.0437      
# span 11 =     -0.040,      0.274      
# span 12 =     -0.505,      5.271      
# span 13 =     -0.733,      7.646      
# span 14 =          1,        882      
# span 15 = 6.5956e-01, 1.9848e+03      
# span 16 = 0.0000e+00, 0.0000e+00      
# interval = seconds: 0.25
# start_time = Aug 27 2018 20:00:10 [Instrument's time stamp, header]
# bad_flag = -9.990e-29
*END*
[from data line 341]
     -0.136    26.7661     5.8888     73.677  37.629364     36.333      8.593   193.0222     2.7416     1.1319     0.0247     -0.002     -0.131     -0.191        342 1.9442e+03 0.0000e+00
     -0.133    26.7731     5.9354     74.257  37.728257     36.442      8.596   193.0222     2.7457     1.0379     0.0247     -0.004     -0.131     -0.190        343 1.9213e+03 0.0000e+00
     -0.131    26.7965     6.0207     75.323  37.798373     36.497      8.595   193.3250     2.5354     1.0111     0.0247     -0.005     -0.129     -0.187        344 1.8920e+03 0.0000e+00
     -0.130    26.8129     6.0961     76.270  37.779391     36.493      8.595   193.1357     2.5394     1.0648     0.0247     -0.006     -0.127     -0.184        345 1.8818e+03 0.0000e+00
     -0.127    26.8199     6.1590     77.065  37.692555     36.367      8.596   193.3250     2.5475     0.9842     0.0247     -0.005     -0.125     -0.181        346 1.8859e+03 0.0000e+00
     -0.126    26.8248     6.1972     77.545  37.669144     36.357      8.597   193.1357     2.5314     0.9976     0.0247     -0.002     -0.123     -0.178        347 1.8900e+03 0.0000e+00
     -0.123    26.8274     6.2169     77.788  37.689873     36.351      8.600   193.0222     2.5394     1.1185     0.0247      0.003     -0.122     -0.177        348 1.8984e+03 0.0000e+00
     -0.127    26.8239     6.2362     78.019  37.726074     36.402      8.600   193.3250     2.5314     1.0648     0.0247      0.005     -0.124     -0.179        349 1.9176e+03 0.0000e+00
     -0.130    26.8170     6.2894     78.664  37.683413     36.346      8.604   193.4386     2.5556     1.0916     0.0247      0.004     -0.124     -0.179        350 1.9340e+03 0.0000e+00
     -0.121    26.8184     6.3701     79.643  37.683643     36.349      8.604   192.9465     2.5314     0.9842     0.0247      0.004     -0.119     -0.172        351 1.9540e+03 0.0000e+00
     -0.113    26.8219     6.4743     80.895  37.725788     36.408      8.603   193.3629     2.6163     1.0648     0.0247      0.006     -0.115     -0.167        352 1.9577e+03 0.0000e+00
     -0.119    26.8199     6.6189     82.588  37.690285     36.353      8.602   193.2115     2.5960     0.9305     0.0247      0.006     -0.118     -0.171        353 1.9330e+03 0.0000e+00
     -0.130    26.8184     6.8567     85.439  37.609184     36.296      8.605   193.6658     2.5920     1.0379     0.0247      0.002     -0.125     -0.182        354 1.9140e+03 0.0000e+00
     -0.136    26.8218     7.2537     90.274  37.648754     36.298      8.605   193.4386     2.6244     1.0379     0.0247     -0.002     -0.129     -0.188        355 1.9137e+03 0.0000e+00
     -0.131    26.8267     7.6886     95.505  37.759683     36.461      8.611   193.4008     2.6244     1.0514     0.0247     -0.004     -0.124     -0.181        356 1.9260e+03 0.0000e+00
     -0.114    26.8284     8.1033    100.462  37.708420     36.351      8.611   193.0979     2.6001     1.0916     0.0247     -0.000     -0.112     -0.164        357 1.9387e+03 0.0000e+00
     -0.100    26.8255     8.4829    104.964  37.653228     36.347      8.604   190.8265     2.6122     1.0245     0.0247      0.006     -0.099     -0.144        358 1.9383e+03 0.0000e+00
     -0.091    26.8188     8.8412    109.129  37.561422     36.211      8.601   190.1072     2.6122     0.9574     0.0246      0.011     -0.089     -0.129        359 1.9330e+03 0.0000e+00
     -0.082    26.8035     9.1801    113.048  37.526064     36.213      8.601   189.2365     2.5920     1.0514     0.0246      0.019     -0.079     -0.116        360 1.9327e+03 0.0000e+00
     -0.072    26.7833     9.4445    116.097  37.548928     36.218      8.607   188.3279     2.6365     1.0379     0.0246      0.029     -0.069     -0.100        361 1.9257e+03 0.0000e+00
     -0.057    26.7466     9.5706    117.476  37.532973     36.228      8.609   188.5172     2.6001     1.0379     0.0246      0.040     -0.053     -0.076        362 1.9213e+03 0.0000e+00
     -0.030    26.6719     9.5776    117.420  37.634910     36.324      8.608   188.1764     2.6122     1.0514     0.0247      0.049     -0.029     -0.042        363 1.9050e+03 0.0000e+00
     -0.001    26.5968     9.5161    116.561  37.778009     36.510      8.608   188.4036     2.6082     0.9842     0.0247      0.057     -0.005     -0.007        364 1.9041e+03 0.0000e+00
      0.014    26.5261     9.4019    115.112  37.799819     36.564      8.606   187.8736     2.4869     1.2528     0.0247      0.062      0.012      0.018        365 1.8807e+03 0.0000e+00
      0.025    26.4228     9.2298    112.924  37.845089     36.672      8.607   187.6086     2.4990     1.2393     0.0247      0.067      0.026      0.038        366 1.9206e+03 0.0000e+00
      0.043    26.3152     9.0164    110.251  37.899676     36.775      8.612   187.7600     2.4869     1.2125     0.0248      0.071      0.039      0.057        367 1.8846e+03 0.0000e+00
      0.051    26.2070     8.7766    107.318  37.791248     36.742      8.611   188.0250     2.4869     1.1991     0.0247      0.071      0.049      0.071        368 1.9644e+03 0.0000e+00
      0.055    26.0731     8.5466    104.469  37.683467     36.709      8.618   187.7979     2.4667     0.9708     0.0247      0.066      0.055      0.081        369 1.8691e+03 0.0000e+00
      0.065    25.9449     8.3474    101.993  37.677935     36.786      8.625   187.8357     2.4828     1.0514     0.0247      0.057      0.065      0.095        370 1.3846e+03 0.0000e+00
      0.079    25.8462     8.2008    100.140  37.620228     36.829      8.633   187.4950     2.4788     1.1185     0.0247      0.049      0.077      0.112        371 1.2996e+03 0.0000e+00
      0.093    25.7674     8.0926     98.706  37.547723     36.840      8.641   187.7600     2.4747     0.9439     0.0247      0.043      0.091      0.132        372 1.2449e+03 0.0000e+00
      0.106    25.6999     8.0395     97.955  37.560605     36.938      8.649   187.9872     2.5273     1.0379     0.0247      0.043      0.103      0.150        373 1.2664e+03 0.0000e+00
      0.117    25.6521     8.0397     97.874  37.544927     36.968      8.655   188.1764     2.5314     1.0245     0.0247      0.043      0.115      0.166        374 1.1530e+03 0.0000e+00
      0.127    25.6257     8.0445     97.859  37.478295     36.962      8.660   187.1922     2.5637     0.9842     0.0246      0.043      0.125      0.181        375 1.1504e+03 0.0000e+00
      0.138    25.5875     8.0883     98.315  37.435940     36.943      8.660   187.1922     2.5597     1.0916     0.0246      0.045      0.136      0.197        376 1.3252e+03 0.0000e+00
      0.151    25.5584     8.1491     98.950  37.419699     36.960      8.667   187.1164     2.3777     1.0245     0.0246      0.047      0.148      0.216        377 1.2128e+03 0.0000e+00
      0.167    25.5550     8.2021     99.511  37.439203     36.989      8.671   187.0407     2.4020     1.0245     0.0246      0.048      0.162      0.236        378 1.2882e+03 0.0000e+00
      0.180    25.5384     8.2628    100.172  37.471007     37.067      8.674   187.4950     2.4060     1.0245     0.0246      0.048      0.176      0.255        379 1.2426e+03 0.0000e+00
      0.192    25.5153     8.3085    100.632  37.380133     36.956      8.673   187.2679     2.4060     1.0648     0.0246      0.048      0.189      0.275        380 1.2219e+03 0.0000e+00
      0.207    25.4807     8.3544    101.102  37.315018     36.915      8.675   187.6086     2.4020     1.0648     0.0246      0.050      0.205      0.297        381 1.2435e+03 0.0000e+00
      0.228    25.4197     8.3981    101.545  37.314767     36.931      8.678   187.7222     2.4060     1.1185     0.0246      0.054      0.223      0.324        382 1.0741e+03 0.0000e+00
      0.247    25.3617     8.4239    101.771  37.261817     36.901      8.673   188.0250     2.4303     1.0514     0.0246      0.058      0.242      0.350        383 1.0257e+03 0.0000e+00
      0.264    25.3153     8.4355    101.826  37.202973     36.891      8.672   188.8957     2.4141     1.0514     0.0245      0.062      0.257      0.373        384 1.1552e+03 0.0000e+00
      0.276    25.2746     8.5004    102.537  37.150744     36.877      8.668   188.5550     2.4060     1.0782     0.0245      0.063      0.269      0.390        385 1.0657e+03 0.0000e+00
      0.282    25.2306     8.6032    103.706  37.059902     36.828      8.670   188.7065     2.4747     1.2931     0.0245      0.061      0.278      0.403        386 9.6451e+02 0.0000e+00
      0.293    25.1751     8.7467    105.391  37.019449     36.803      8.673   188.7443     2.4707     1.2125     0.0245      0.059      0.288      0.418        387 1.0307e+03 0.0000e+00
      0.307    25.1294     8.9197    107.416  37.052812     36.889      8.676   188.8957     2.4869     1.3468     0.0245      0.056      0.302      0.438        388 1.0025e+03 0.0000e+00
      0.324    25.0879     9.0962    109.497  36.988748     36.848      8.674   189.0093     2.4788     1.3468     0.0245      0.053      0.318      0.461        389 9.4944e+02 0.0000e+00
      0.341    25.0386     9.1951    110.656  36.891582     36.797      8.677   189.5015     2.6688     1.0514     0.0244      0.052      0.333      0.483        390 9.6208e+02 0.0000e+00
      0.353    24.9915     9.2351    111.098  36.847499     36.772      8.676   189.5393     2.6850     0.9976     0.0244      0.051      0.346      0.502        391 9.6888e+02 0.0000e+00
      0.363    24.9462     9.2595    111.350  36.836012     36.809      8.676   189.8043     2.6446     1.0916     0.0244      0.051      0.357      0.518        392 9.4836e+02 0.0000e+00
      0.378    24.8995     9.2676    111.410  36.787264     36.787      8.679   189.9936     2.6688     1.1453     0.0244      0.053      0.371      0.537        393 9.5381e+02 0.0000e+00
      0.392    24.8556     9.2774    111.493  36.789552     36.821      8.677   190.7507     2.6203     0.9305     0.0244      0.054      0.386      0.560        394 8.9094e+02 0.0000e+00
      0.411    24.8157     9.2844    111.553  36.714550     36.799      8.679   191.6593     2.6122     1.0379     0.0244      0.056      0.406      0.590        395 8.6426e+02 0.0000e+00
      0.442    24.7810     9.3298    112.075  36.613691     36.692      8.672   192.7193     2.5880     1.0111     0.0243      0.061      0.431      0.627        396 8.5004e+02 0.0000e+00
      0.465    24.7554     9.3987    112.872  36.648158     36.804      8.670   193.1357     2.5960     1.0782     0.0243      0.066      0.456      0.662        397 7.9781e+02 0.0000e+00
      0.489    24.7273     9.4640    113.624  36.553042     36.691      8.667   194.0822     2.6850     1.2931     0.0243      0.073      0.479      0.695        398 7.8591e+02 0.0000e+00
      0.510    24.7042     9.5072    114.100  36.524465     36.708      8.661   194.4986     2.6688     1.2393     0.0243      0.080      0.497      0.721        399 7.7977e+02 0.0000e+00
      0.520    24.6895     9.4797    113.705  36.535439     36.730      8.655   195.1422     2.6607     1.2125     0.0243      0.083      0.510      0.740        400 7.6645e+02 0.0000e+00
      0.531    24.6705     9.4253    113.006  36.509738     36.719      8.657   195.3315     2.6769     1.2125     0.0243      0.081      0.522      0.757        401 7.4204e+02 0.0000e+00
      0.546    24.6502     9.3441    111.990  36.526801     36.758      8.657   195.7100     2.8306     1.1051     0.0243      0.077      0.535      0.776        402 7.3485e+02 0.0000e+00
      0.560    24.6315     9.2459    110.780  36.484555     36.715      8.666   196.0508     2.9195     1.1319     0.0243      0.070      0.549      0.796        403 7.1985e+02 0.0000e+00
      0.574    24.6154     9.1846    110.019  36.473346     36.731      8.668   196.2779     2.9155     1.0648     0.0243      0.062      0.564      0.818        404 7.0424e+02 0.0000e+00
      0.591    24.6033     9.1832    109.974  36.481442     36.744      8.668   196.5429     2.9074     1.0245     0.0243      0.058      0.582      0.844        405 6.9979e+02 0.0000e+00
      0.613    24.5917     9.2107    110.290  36.504147     36.785      8.675   197.2622     2.9115     1.0111     0.0243      0.057      0.604      0.877        406 6.6699e+02 0.0000e+00
      0.644    24.5769     9.2464    110.694  36.474757     36.765      8.670   197.4893     3.1096     1.0514     0.0243      0.063      0.632      0.917        407 6.5719e+02 0.0000e+00
      0.677    24.5622     9.2725    110.990  36.429048     36.717      8.663   198.3222     3.1379     1.0111     0.0243      0.074      0.659      0.957        408 6.3536e+02 0.0000e+00
      0.696    24.5410     9.2944    111.229  36.412743     36.728      8.660   198.1708     3.1500     1.0111     0.0243      0.082      0.682      0.989        409 6.0665e+02 0.0000e+00
      0.714    24.5117     9.3214    111.522  36.376419     36.683      8.658   198.7008     3.1096     1.0514     0.0242      0.088      0.702      1.018        410 5.9829e+02 0.0000e+00
      0.738    24.4883     9.3510    111.849  36.355625     36.698      8.657   199.1929     3.1905     1.1856     0.0242      0.092      0.725      1.051        411 5.6539e+02 0.0000e+00
      0.765    24.4684     9.3752    112.111  36.349654     36.693      8.657   199.4201     3.1905     1.3199     0.0242      0.095      0.749      1.085        412 5.6303e+02 0.0000e+00
      0.788    24.4524     9.3812    112.171  36.354203     36.738      8.653   199.8743     3.1864     1.3468     0.0242      0.096      0.766      1.110        413 5.4922e+02 0.0000e+00
      0.789    24.4388     9.3875    112.230  36.320318     36.696      8.647   199.5715     3.2269     1.2662     0.0242      0.088      0.771      1.119        414 5.4806e+02 0.0000e+00
      0.783    24.4261     9.4050    112.427  36.302858     36.708      8.656   199.8365     3.5301     0.9976     0.0242      0.074      0.771      1.119        415 5.5997e+02 0.0000e+00
      0.789    24.4183     9.4235    112.638  36.316622     36.718      8.664   200.1015     3.5220     1.1588     0.0242      0.060      0.776      1.125        416 5.4243e+02 0.0000e+00
      0.800    24.4083     9.4266    112.658  36.332854     36.756      8.669   199.9122     3.5099     1.0916     0.0242      0.049      0.789      1.145        417 5.3892e+02 0.0000e+00
      0.828    24.3996     9.4103    112.438  36.312322     36.733      8.674   200.7072     3.5018     1.0514     0.0242      0.045      0.812      1.178        418 5.1375e+02 0.0000e+00
      0.856    24.3886     9.3764    112.016  36.312522     36.741      8.666   200.9343     3.9305     0.9574     0.0242      0.045      0.838      1.214        419 4.9607e+02 0.0000e+00
      0.878    24.3746     9.3629    111.849  36.362270     36.804      8.671   200.7451     3.9709     1.0916     0.0242      0.049      0.860      1.247        420 4.8503e+02 0.0000e+00
      0.898    24.3608     9.3793    112.032  36.309733     36.755      8.672   200.8965     3.9547     1.0379     0.0242      0.058      0.879      1.276        421 4.7100e+02 0.0000e+00
      0.915    24.3482     9.3959    112.217  36.259274     36.709      8.672   201.0101     3.9830     1.0916     0.0242      0.071      0.897      1.302        422 4.5678e+02 0.0000e+00
      0.933    24.3418     9.4010    112.276  36.276778     36.747      8.672   200.8965     4.0922     1.0245     0.0242      0.080      0.915      1.327        423 4.4546e+02 0.0000e+00
      0.951    24.3349     9.4015    112.278  36.258297     36.729      8.672   200.8965     4.0518     0.9171     0.0242      0.083      0.934      1.354        424 4.3410e+02 0.0000e+00
      0.972    24.3286     9.3973    112.202  36.252621     36.733      8.677   201.0858     4.0922     1.0111     0.0242      0.082      0.956      1.386        425 4.0970e+02 0.0000e+00
