Data/DataNotYetUploadedToEDI/Raw_CTD/RawDownloads/082718_fcr10.cnv
* Sea-Bird SBE19plus  Data File:
* FileName = C:\DATA\082718_fcr_0004.hex
* Software version 2.6.3.104
* Temperature SN = 7809
* Conductivity SN = 7809
* System UpLoad Time = Aug 27 2018 20:56:24
* <ApplicationData>
* <Seaterm232>
# nquan = 17
# nvalues = 550                         
# units = specified
# name 0 = depFM: Depth [fresh water, m]
# name 1 = tv290C: Temperature [ITS-90, deg C]
# name 2 = sbeox0Mg/L: Oxygen, SBE 43 [mg/l]
# name 3 = sbeox0PS: Oxygen, SBE 43 [% saturation]
# name 4 = c0uS/cm: Conductivity [uS/cm]
# name 5 = specc: Specific Conductance [uS/cm]
# name 6 = ph: pH
# name 7 = orp: Oxidation Reduction Potential [mV]
# name 8 = flECO-AFL: Fluorescence, WET Labs ECO-AFL/FL [mg/m^3]
# name 9 = turbWETntu0: Turbidity, WET Labs ECO [NTU]
# name 10 = sal00: Salinity, Practical [PSU]
# name 11 = dz/dtM: Descent Rate [m/s]
# name 12 = prdM: Pressure, Strain Gauge [db]
# name 13 = prdE: Pressure, Strain Gauge [psi]
# name 14 = scan: Scan Count
# name 15 = par/sat/log: PAR/Logarithmic, Satlantic
# name 16 = flag:  0.000e+00
# span 0 =     -0.501,      2.226       
# span 1 =    23.6657,    30.1204       
# span 2 =     5.2657,    10.4638       
# span 3 =     66.648,    130.209       
# span 4 =   0.453081,  38.733745       
# span 5 =      0.564,     38.021       
# span 6 =      6.431,      8.612       
# span 7 =  -837.3765,  1240.2295       
# span 8 =    -0.1860,     8.6413       
# span 9 =    -0.3317,    70.5678       
# span 10 =     0.0135,     0.0251      
# span 11 =     -0.136,      0.167      
# span 12 =     -0.491,      2.183      
# span 13 =     -0.712,      3.166      
# span 14 =          1,        550      
# span 15 = 1.3758e+02, 2.6528e+03      
# span 16 = 0.0000e+00, 0.0000e+00      
# interval = seconds: 0.25
# start_time = Aug 27 2018 19:08:18 [Instrument's time stamp, header]
# bad_flag = -9.990e-29
*END*
[from data line 86]
     -0.088    27.0408     5.9891     75.321  38.430531     36.936      8.458   164.0614     3.4897     1.0379     0.0250      0.002     -0.087     -0.126         87 7.4550e+02 0.0000e+00
     -0.091    27.0451     5.9755     75.163  38.436546     36.927      8.461   163.9478     4.0235     0.9439     0.0250      0.000     -0.089     -0.129         88 7.6771e+02 0.0000e+00
     -0.092    27.0495     5.9629     75.018  38.432765     36.922      8.467   164.3642     4.0275     1.0648     0.0250     -0.002     -0.090     -0.130         89 8.6894e+02 0.0000e+00
     -0.092    27.0567     5.9479     74.838  38.435234     36.919      8.469   164.5535     4.0194     1.1051     0.0250     -0.004     -0.090     -0.130         90 1.0235e+03 0.0000e+00
     -0.092    27.0641     5.9296     74.610  38.433471     36.916      8.469   164.6292     4.0073     0.9842     0.0250     -0.005     -0.090     -0.130         91 1.1490e+03 0.0000e+00
     -0.092    27.0700     5.9022     74.275  38.434956     36.911      8.468   164.3642     3.8374     1.0111     0.0250     -0.004     -0.089     -0.130         92 1.1788e+03 0.0000e+00
     -0.090    27.0728     5.8778     73.977  38.433384     36.906      8.463   164.5157     3.8213     1.0916     0.0250     -0.003     -0.089     -0.129         93 1.1850e+03 0.0000e+00
     -0.090    27.0746     5.8471     73.595  38.435425     36.902      8.463   164.2885     3.8455     1.0111     0.0250     -0.001     -0.089     -0.129         94 1.1885e+03 0.0000e+00
     -0.094    27.0836     5.8311     73.396  38.491735     36.953      8.468   164.5157     3.8294     1.0245     0.0250     -0.001     -0.090     -0.132         95 1.1736e+03 0.0000e+00
     -0.093    27.0984     5.8115     73.150  38.511613     36.979      8.464   164.8942     3.8374     1.0379     0.0250     -0.001     -0.090     -0.132         96 1.2007e+03 0.0000e+00
     -0.091    27.1105     5.8059     73.089  38.440346     36.892      8.465   164.6671     3.6838     0.9305     0.0250     -0.000     -0.089     -0.129         97 1.2289e+03 0.0000e+00
     -0.089    27.1203     5.7892     72.891  38.432111     36.882      8.463   164.8564     3.6878     1.0648     0.0250      0.001     -0.088     -0.128         98 1.2352e+03 0.0000e+00
     -0.091    27.1306     5.7816     72.801  38.432869     36.873      8.458   165.8407     3.6919     1.0245     0.0250      0.001     -0.089     -0.129         99 1.2421e+03 0.0000e+00
     -0.091    27.1367     5.7736     72.706  38.439397     36.866      8.462   165.7271     3.7283     1.0379     0.0250      0.001     -0.089     -0.129        100 1.2496e+03 0.0000e+00
     -0.090    27.1388     5.7673     72.637  38.483307     36.912      8.466   165.7271     3.9062     1.1453     0.0250      0.001     -0.088     -0.128        101 1.2560e+03 0.0000e+00
     -0.089    27.1453     5.7631     72.595  38.437544     36.854      8.471   166.0300     3.8658     1.0514     0.0250      0.001     -0.087     -0.126        102 1.2551e+03 0.0000e+00
     -0.088    27.1531     5.7499     72.439  38.437021     36.853      8.474   166.1057     3.8577     1.0111     0.0250      0.002     -0.087     -0.126        103 1.2533e+03 0.0000e+00
     -0.089    27.1568     5.7401     72.324  38.424630     36.848      8.475   166.0678     3.8941     1.0514     0.0250      0.002     -0.087     -0.126        104 1.2595e+03 0.0000e+00
     -0.089    27.1577     5.7287     72.191  38.393638     36.789      8.473   166.4085     4.0113     0.9708     0.0249      0.001     -0.087     -0.127        105 1.2640e+03 0.0000e+00
     -0.090    27.1593     5.7144     72.020  38.416265     36.840      8.473   166.4842     4.0356     1.0245     0.0250      0.000     -0.088     -0.129        106 1.2625e+03 0.0000e+00
     -0.093    27.1661     5.7001     71.848  38.396469     36.786      8.474   166.3328     3.9951     1.0245     0.0249     -0.000     -0.089     -0.130        107 1.2611e+03 0.0000e+00
     -0.091    27.1744     5.6892     71.715  38.418273     36.839      8.470   166.2192     3.9992     1.0245     0.0250     -0.001     -0.089     -0.129        108 1.2689e+03 0.0000e+00
     -0.089    27.1794     5.6814     71.624  38.448452     36.834      8.466   167.0142     3.7727     1.1319     0.0250     -0.001     -0.087     -0.127        109 1.2794e+03 0.0000e+00
     -0.089    27.1840     5.6742     71.540  38.418231     36.828      8.468   167.0521     3.7849     1.0245     0.0250     -0.001     -0.087     -0.127        110 1.2821e+03 0.0000e+00
     -0.090    27.1914     5.6662     71.445  38.396556     36.771      8.471   167.8471     3.7364     1.0245     0.0249     -0.001     -0.088     -0.127        111 1.2841e+03 0.0000e+00
     -0.090    27.2001     5.6572     71.337  38.416100     36.821      8.473   168.6800     3.7404     1.0379     0.0250     -0.000     -0.088     -0.127        112 1.2925e+03 0.0000e+00
     -0.089    27.2079     5.6590     71.368  38.393905     36.762      8.471   168.3392     3.8819     1.0379     0.0249      0.001     -0.088     -0.127        113 1.3037e+03 0.0000e+00
     -0.090    27.2151     5.6451     71.202  38.424174     36.810      8.470   168.3014     3.8900     1.0379     0.0250      0.001     -0.088     -0.127        114 1.3066e+03 0.0000e+00
     -0.090    27.2227     5.6503     71.276  38.437750     36.804      8.469   168.2635     3.8698     0.9708     0.0250      0.001     -0.088     -0.127        115 1.3056e+03 0.0000e+00
     -0.089    27.2303     5.6403     71.158  38.436329     36.799      8.472   168.4150     3.8698     0.9842     0.0250      0.001     -0.087     -0.126        116 1.3164e+03 0.0000e+00
     -0.087    27.2365     5.6355     71.106  38.425939     36.794      8.469   168.3014     3.8981     0.9842     0.0250      0.001     -0.087     -0.125        117 1.3319e+03 0.0000e+00
     -0.088    27.2402     5.6334     71.087  38.391353     36.735      8.466   168.9828     4.0720     1.0379     0.0249      0.001     -0.087     -0.126        118 1.3345e+03 0.0000e+00
     -0.089    27.2453     5.6250     70.990  38.420043     36.784      8.469   169.0964     4.0922     1.0379     0.0250      0.001     -0.087     -0.126        119 1.3326e+03 0.0000e+00
     -0.089    27.2516     5.6155     70.876  38.390232     36.728      8.469   168.9828     4.0801     0.9976     0.0249      0.000     -0.087     -0.126        120 1.3400e+03 0.0000e+00
     -0.087    27.2557     5.6043     70.739  38.428450     36.778      8.466   169.3235     4.0720     0.9976     0.0250      0.001     -0.087     -0.126        121 1.3455e+03 0.0000e+00
     -0.088    27.2599     5.5981     70.666  38.431802     36.773      8.464   169.3993     4.1165     0.9708     0.0250      0.001     -0.087     -0.126        122 1.3390e+03 0.0000e+00
     -0.090    27.2660     5.5882     70.547  38.386058     36.717      8.463   169.4371     4.1488     1.0916     0.0249     -0.000     -0.089     -0.128        123 1.3396e+03 0.0000e+00
     -0.090    27.2734     5.5839     70.499  38.366728     36.714      8.465   169.9293     4.1448     1.0514     0.0249     -0.001     -0.089     -0.129        124 1.3480e+03 0.0000e+00
     -0.090    27.2805     5.5841     70.509  38.337208     36.656      8.465   169.7021     4.1448     1.1185     0.0249     -0.001     -0.088     -0.128        125 1.3494e+03 0.0000e+00
     -0.089    27.2869     5.5772     70.427  38.363469     36.705      8.464   169.7778     4.1326     1.0379     0.0249     -0.001     -0.087     -0.127        126 1.3521e+03 0.0000e+00
     -0.088    27.2931     5.5712     70.357  38.393367     36.700      8.467   170.2321     4.1650     1.0111     0.0249     -0.000     -0.087     -0.126        127 1.3611e+03 0.0000e+00
     -0.089    27.2997     5.5727     70.381  38.418644     36.749      8.463   170.5350     4.1367     1.0379     0.0249     -0.000     -0.087     -0.126        128 1.3693e+03 0.0000e+00
     -0.089    27.3060     5.5744     70.409  38.391332     36.691      8.464   171.0271     4.1690     1.0245     0.0249     -0.000     -0.087     -0.126        129 1.3722e+03 0.0000e+00
     -0.089    27.3109     5.5683     70.337  38.368029     36.686      8.461   170.8000     4.1569     1.0514     0.0249      0.000     -0.087     -0.126        130 1.3748e+03 0.0000e+00
     -0.088    27.3151     5.5589     70.220  38.388317     36.682      8.457   170.8000     4.1448     1.0379     0.0249      0.001     -0.086     -0.125        131 1.3770e+03 0.0000e+00
     -0.088    27.3188     5.5491     70.096  38.425404     36.732      8.453   171.1028     4.1771     1.0648     0.0249      0.001     -0.086     -0.125        132 1.3764e+03 0.0000e+00
     -0.088    27.3232     5.5505     70.106  38.381195     36.675      8.453   170.8000     4.1205     1.0245     0.0249      0.001     -0.087     -0.126        133 1.3739e+03 0.0000e+00
     -0.089    27.3284     5.5624     70.263  38.384009     36.673      8.455   170.8757     4.1973     1.0379     0.0249      0.000     -0.087     -0.126        134 1.3706e+03 0.0000e+00
     -0.088    27.3339     5.5680     70.344  38.421901     36.723      8.452   171.8221     4.2054     1.0111     0.0249      0.000     -0.086     -0.125        135 1.3680e+03 0.0000e+00
     -0.087    27.3388     5.5672     70.340  38.393359     36.666      8.447   171.8221     4.1852     0.9171     0.0249      0.001     -0.085     -0.124        136 1.3718e+03 0.0000e+00
     -0.086    27.3428     5.5643     70.308  38.419525     36.716      8.443   171.4435     4.1973     1.0379     0.0249      0.001     -0.085     -0.123        137 1.3792e+03 0.0000e+00
     -0.086    27.3469     5.5544     70.186  38.389335     36.659      8.445   171.6707     4.2135     0.9305     0.0249      0.001     -0.085     -0.123        138 1.3823e+03 0.0000e+00
     -0.087    27.3525     5.5430     70.044  38.371605     36.656      8.445   171.4814     4.2095     1.0782     0.0249      0.001     -0.085     -0.123        139 1.3880e+03 0.0000e+00
     -0.087    27.3566     5.5275     69.852  38.382265     36.653      8.442   171.7464     4.1892     0.9574     0.0249      0.001     -0.085     -0.123        140 1.3939e+03 0.0000e+00
     -0.086    27.3587     5.5140     69.684  38.376067     36.649      8.444   171.6707     4.2135     1.0245     0.0249      0.001     -0.084     -0.121        141 1.3951e+03 0.0000e+00
     -0.083    27.3564     5.5081     69.613  38.379316     36.646      8.445   171.7464     4.2216     1.0648     0.0249      0.002     -0.083     -0.120        142 1.3969e+03 0.0000e+00
     -0.083    27.3522     5.5064     69.599  38.378220     36.645      8.448   171.9357     4.2095     1.0648     0.0249      0.002     -0.083     -0.120        143 1.3952e+03 0.0000e+00
     -0.087    27.3574     5.5081     69.627  38.377431     36.646      8.452   171.9357     4.2054     0.9574     0.0249      0.001     -0.085     -0.123        144 1.3980e+03 0.0000e+00
     -0.089    27.3655     5.5054     69.598  38.380298     36.650      8.456   172.7307     4.2095     1.0514     0.0249     -0.000     -0.086     -0.125        145 1.4241e+03 0.0000e+00
     -0.087    27.3695     5.5104     69.668  38.374652     36.646      8.458   172.8443     4.2014     1.0379     0.0249     -0.000     -0.086     -0.125        146 1.4425e+03 0.0000e+00
     -0.088    27.3733     5.5076     69.638  38.325133     36.587      8.461   172.6550     4.3510     1.1991     0.0249     -0.001     -0.086     -0.125        147 1.4424e+03 0.0000e+00
     -0.088    27.3760     5.4985     69.522  38.323273     36.584      8.464   172.6171     4.3429     1.3199     0.0249     -0.002     -0.086     -0.125        148 1.4481e+03 0.0000e+00
     -0.088    27.3780     5.4841     69.336  38.317640     36.581      8.463   173.1093     4.3227     1.1588     0.0249     -0.002     -0.086     -0.125        149 1.4478e+03 0.0000e+00
     -0.087    27.3814     5.4657     69.103  38.361803     36.606      8.465   172.9200     4.3753     1.1856     0.0249     -0.002     -0.086     -0.125        150 1.4416e+03 0.0000e+00
     -0.088    27.3835     5.4454     68.851  38.357295     36.631      8.463   172.9578     4.3429     1.0245     0.0249     -0.001     -0.087     -0.126        151 1.4350e+03 0.0000e+00
     -0.089    27.3857     5.4284     68.643  38.293588     36.522      8.457   172.5793     4.3510     1.0245     0.0249     -0.000     -0.088     -0.127        152 1.4288e+03 0.0000e+00
     -0.090    27.3911     5.4082     68.392  38.352100     36.628      8.450   172.8064     4.3267     1.0648     0.0249     -0.001     -0.088     -0.128        153 1.4290e+03 0.0000e+00
     -0.089    27.3971     5.4037     68.341  38.343798     36.573      8.449   172.5414     4.3348     0.9976     0.0249     -0.001     -0.087     -0.127        154 1.4406e+03 0.0000e+00
     -0.087    27.4017     5.3996     68.296  38.333580     36.595      8.448   173.5636     3.8819     0.9171     0.0249     -0.000     -0.086     -0.125        155 1.4539e+03 0.0000e+00
     -0.088    27.4068     5.3967     68.265  38.335154     36.565      8.454   173.5257     3.8738     1.0111     0.0249     -0.000     -0.086     -0.125        156 1.4665e+03 0.0000e+00
     -0.088    27.4110     5.3900     68.187  38.312174     36.561      8.457   173.6393     3.8738     0.9976     0.0249     -0.000     -0.086     -0.125        157 1.4826e+03 0.0000e+00
     -0.088    27.4102     5.3839     68.113  38.273191     36.504      8.460   174.1314     3.9143     1.1185     0.0249      0.000     -0.086     -0.125        158 1.4920e+03 0.0000e+00
     -0.087    27.4070     5.3765     68.023  38.265021     36.502      8.464   173.9800     3.9102     1.0916     0.0249      0.001     -0.086     -0.124        159 1.4940e+03 0.0000e+00
     -0.087    27.4070     5.3644     67.873  38.292678     36.529      8.463   173.5636     4.0922     1.0245     0.0249      0.001     -0.086     -0.124        160 1.4933e+03 0.0000e+00
     -0.087    27.4110     5.3480     67.667  38.268433     36.504      8.463   173.8664     4.0720     1.0111     0.0249      0.001     -0.086     -0.124        161 1.4919e+03 0.0000e+00
     -0.088    27.4159     5.3359     67.518  38.265533     36.504      8.465   173.9421     4.0558     1.0245     0.0249      0.000     -0.086     -0.125        162 1.4896e+03 0.0000e+00
     -0.088    27.4203     5.3234     67.363  38.266625     36.502      8.466   173.9800     4.0962     1.0111     0.0249     -0.000     -0.086     -0.125        163 1.4888e+03 0.0000e+00
     -0.088    27.4253     5.3134     67.241  38.267072     36.498      8.467   173.7150     4.0841     1.0111     0.0249      0.000     -0.086     -0.125        164 1.4895e+03 0.0000e+00
     -0.088    27.4303     5.3038     67.123  38.324297     36.548      8.469   174.2828     4.0679     1.0111     0.0249      0.000     -0.086     -0.125        165 1.4947e+03 0.0000e+00
     -0.088    27.4350     5.2979     67.053  38.343714     36.572      8.467   174.3586     4.0882     0.9708     0.0249     -0.000     -0.086     -0.125        166 1.5048e+03 0.0000e+00
     -0.088    27.4401     5.2931     66.996  38.272568     36.488      8.469   174.7750     4.0720     1.0111     0.0249     -0.000     -0.087     -0.126        167 1.5123e+03 0.0000e+00
     -0.089    27.4437     5.2870     66.923  38.264528     36.485      8.468   175.1914     3.7768     1.0379     0.0249     -0.001     -0.087     -0.126        168 1.5220e+03 0.0000e+00
     -0.088    27.4461     5.2757     66.782  38.264731     36.481      8.465   175.1536     3.7566     1.0379     0.0249     -0.001     -0.087     -0.126        169 1.5292e+03 0.0000e+00
     -0.088    27.4483     5.2657     66.648  38.272311     36.479      8.466   175.6078     3.7606     1.0648     0.0249     -0.000     -0.087     -0.126        170 1.5328e+03 0.0000e+00
