Data/DataNotYetUploadedToEDI/Raw_CTD/RawDownloads/082718_fcr20.cnv
* Sea-Bird SBE19plus  Data File:
* FileName = C:\DATA\082718_fcr_0005.hex
* Software version 2.6.3.104
* Temperature SN = 7809
* Conductivity SN = 7809
* System UpLoad Time = Aug 27 2018 20:56:41
* <ApplicationData>
* <Seaterm232>
# nquan = 17
# nvalues = 500                         
# units = specified
# name 0 = depFM: Depth [fresh water, m]
# name 1 = tv290C: Temperature [ITS-90, deg C]
# name 2 = sbeox0Mg/L: Oxygen, SBE 43 [mg/l]
# name 3 = sbeox0PS: Oxygen, SBE 43 [% saturation]
# name 4 = c0uS/cm: Conductivity [uS/cm]
# name 5 = specc: Specific Conductance [uS/cm]
# name 6 = ph: pH
# name 7 = orp: Oxidation Reduction Potential [mV]
# name 8 = flECO-AFL: Fluorescence, WET Labs ECO-AFL/FL [mg/m^3]
# name 9 = turbWETntu0: Turbidity, WET Labs ECO [NTU]
# name 10 = sal00: Salinity, Practical [PSU]
# name 11 = dz/dtM: Descent Rate [m/s]
# name 12 = prdM: Pressure, Strain Gauge [db]
# name 13 = prdE: Pressure, Strain Gauge [psi]
# name 14 = scan: Scan Count
# name 15 = par/sat/log: PAR/Logarithmic, Satlantic
# name 16 = flag:  0.000e+00
# span 0 =     -0.506,      3.359       
# span 1 =    18.9779,    27.2005       
# span 2 =     0.0149,     9.6640       
# span 3 =      0.166,    118.796       
# span 4 =   0.962378,  75.642284       
# span 5 =      0.948,     86.131       
# span 6 =      6.363,      8.641       
# span 7 =    82.2519,   237.5044       
# span 8 =    -0.3760,    10.0242       
# span 9 =    -0.5063,    22.9120       
# span 10 =     0.0125,     0.0441      
# span 11 =     -0.132,      0.269      
# span 12 =     -0.473,      3.290      
# span 13 =     -0.686,      4.771      
# span 14 =          1,        500      
# span 15 = 1.7455e+01, 1.5399e+03      
# span 16 = 0.0000e+00, 0.0000e+00      
# interval = seconds: 0.25
# start_time = Aug 27 2018 19:26:11 [Instrument's time stamp, header]
# bad_flag = -9.990e-29
*END*
     -0.506    26.9543     8.3257    102.606   0.962378      0.948      6.363    82.2519    -0.3477    -0.5063     0.0125      0.000     -0.473     -0.686          1 7.3352e+02 0.0000e+00
     -0.436    27.1250     8.3294    102.631  15.708735     14.288      6.624   138.1292    -0.3679    -0.4526     0.0162      0.018     -0.401     -0.582          2 6.7674e+02 0.0000e+00
     -0.277    27.2005     8.3232    102.537  36.837448     36.771      7.489   128.5513    -0.3760    -0.5063     0.0249      0.074     -0.287     -0.417          3 8.6234e+02 0.0000e+00
     -0.176    27.0315     8.3328    102.643  39.605267     37.210      8.009   142.3313     2.1634    22.9120     0.0251      0.140     -0.184     -0.268          4 1.1308e+03 0.0000e+00
     -0.106    26.7231     8.3304    102.630  37.877235     36.752      8.286   145.1328     2.1432    22.8852     0.0249      0.204     -0.116     -0.169          5 1.2474e+03 0.0000e+00
     -0.072    26.4451     8.3163    102.580  38.276053     36.471      8.410   151.3413     2.1310    22.9120     0.0248      0.250     -0.080     -0.116          6 1.2718e+03 0.0000e+00
     -0.065    26.2608     8.2412    101.798  37.655608     36.583      8.461   155.3921     2.1593    22.8046     0.0247      0.269     -0.069     -0.100          7 1.2856e+03 0.0000e+00
     -0.073    26.1459     8.2032    101.350  37.967299     36.781      8.483   159.4807     2.1270    15.4058     0.0248      0.258     -0.071     -0.104          8 1.3203e+03 0.0000e+00
     -0.079    26.0654     8.2561    101.938  37.769652     36.913      8.474   160.9571     2.9276     1.9242     0.0248      0.217     -0.075     -0.109          9 1.3340e+03 0.0000e+00
     -0.076    26.0140     8.3096    102.509  37.901676     36.995      8.455   163.4935     2.9276     2.0316     0.0248      0.149     -0.073     -0.106         10 1.3351e+03 0.0000e+00
     -0.067    25.9873     8.3697    103.154  37.862385     37.109      8.432   164.4778     2.9115     1.9107     0.0248      0.078     -0.064     -0.093         11 1.3370e+03 0.0000e+00
     -0.053    25.9753     8.4509    104.065  37.877914     37.090      8.412   167.4685     2.9034     1.9107     0.0248      0.038     -0.053     -0.077         12 1.2910e+03 0.0000e+00
     -0.044    25.9669     8.5447    105.137  37.882377     37.165      8.393   166.5600     2.9640     1.0245     0.0248      0.020     -0.042     -0.061         13 1.2829e+03 0.0000e+00
     -0.030    25.9592     8.6473    106.330  37.856847     37.118      8.357   167.5442     3.0166     1.0514     0.0248      0.019     -0.028     -0.042         14 1.2254e+03 0.0000e+00
     -0.013    25.9701     8.7101    107.075  37.791049     37.070      8.304   168.3392     2.9640     1.1453     0.0248      0.028     -0.013     -0.020         15 1.2257e+03 0.0000e+00
      0.000    26.0349     8.7282    107.306  37.726979     37.020      8.277   168.9071     2.9964     1.1051     0.0247      0.040      0.004      0.006         16 1.1131e+03 0.0000e+00
      0.026    26.1115     8.7034    107.015  37.877263     37.124      8.270   169.3993     2.7740     1.0916     0.0248      0.051      0.029      0.042         17 8.2055e+02 0.0000e+00
      0.062    26.1244     8.6331    106.165  38.286221     37.541      8.273   171.8600     2.7780     0.9842     0.0250      0.063      0.062      0.090         18 6.7608e+02 0.0000e+00
      0.103    26.0892     8.5244    104.841  38.226490     37.374      8.278   174.5857     2.7901     1.0514     0.0249      0.078      0.096      0.140         19 5.7938e+02 0.0000e+00
      0.130    26.0414     8.4076    103.457  37.951564     37.119      8.271   175.8350     2.7982     1.0648     0.0248      0.091      0.121      0.175         20 5.7734e+02 0.0000e+00
      0.135    25.9903     8.2755    102.014  37.857161     37.036      8.274   176.9328     2.9195     0.9574     0.0248      0.098      0.131      0.190         21 6.4228e+02 0.0000e+00
      0.136    25.9425     8.2314    101.714  37.780427     37.016      8.274   178.0307     2.9074     1.0514     0.0247      0.095      0.131      0.190         22 6.2407e+02 0.0000e+00
      0.129    25.8986     8.2872    102.556  37.691150     36.943      8.281   179.1664     2.8953     1.0514     0.0247      0.083      0.125      0.182         23 4.6823e+02 0.0000e+00
      0.119    25.8635     8.3660    103.591  37.671682     36.978      8.284   177.6900     2.9074     1.0648     0.0247      0.063      0.116      0.170         24 4.2325e+02 0.0000e+00
      0.109    25.8492     8.4361    104.469  37.626714     36.955      8.290   176.9328     3.1096     1.0379     0.0247      0.037      0.110      0.161         25 4.0173e+02 0.0000e+00
      0.114    25.8532     8.5048    105.319  37.628490     36.981      8.303   176.5543     3.1217     1.1319     0.0247      0.013      0.109      0.159         26 5.0578e+02 0.0000e+00
      0.113    25.8608     8.5402    105.759  37.669489     37.046      8.315   176.5543     3.0853     1.0379     0.0247     -0.005      0.103      0.150         27 7.4512e+02 0.0000e+00
      0.089    25.8680     8.5416    105.786  37.635020     36.988      8.334   176.6300     3.0894     0.9842     0.0247     -0.019      0.078      0.114         28 8.6069e+02 0.0000e+00
      0.039    25.8745     8.4993    105.268  37.671385     37.037      8.363   176.4407     2.9276     1.0514     0.0247     -0.037      0.033      0.047         29 8.9458e+02 0.0000e+00
     -0.029    25.9040     8.4088    104.136  37.683552     37.032      8.391   176.7814     2.9115     0.9574     0.0247     -0.065     -0.026     -0.038         30 8.4852e+02 0.0000e+00
     -0.092    26.0022     8.2723    102.447  37.679195     37.027      8.414   177.1978     2.9195     1.0379     0.0247     -0.098     -0.076     -0.110         31 8.5141e+02 0.0000e+00
     -0.109    26.1318     8.1240    100.621  37.795443     37.117      8.431   178.3714     2.9195     1.0379     0.0248     -0.123     -0.096     -0.140         32 8.6122e+02 0.0000e+00
     -0.095    26.2150     7.9864     98.934  37.894794     37.155      8.440   179.1286     2.8831     1.0111     0.0248     -0.132     -0.092     -0.134         33 8.9575e+02 0.0000e+00
     -0.081    26.2465     7.8681     97.478  37.852118     37.004      8.442   179.1286     2.8791     1.0379     0.0248     -0.126     -0.081     -0.118         34 8.6598e+02 0.0000e+00
     -0.072    26.2527     7.7613     96.162  37.789172     36.890      8.451   179.5450     2.9155     1.0379     0.0247     -0.105     -0.072     -0.105         35 8.9777e+02 0.0000e+00
     -0.068    26.2523     7.6830     95.195  37.735798     36.813      8.465   179.6207     2.8831     0.9708     0.0247     -0.070     -0.066     -0.096         36 8.4650e+02 0.0000e+00
     -0.062    26.2532     7.6194     94.409  37.740556     36.809      8.472   180.7564     2.9317     1.1319     0.0247     -0.030     -0.060     -0.087         37 8.9346e+02 0.0000e+00
     -0.053    26.2582     7.5719     93.824  37.783245     36.863      8.482   181.1729     3.0085     1.2662     0.0247      0.006     -0.052     -0.076         38 7.5659e+02 0.0000e+00
     -0.046    26.2602     7.5134     93.101  37.801314     36.863      8.489   181.9300     3.0004     1.2931     0.0247      0.028     -0.047     -0.068         39 4.8313e+02 0.0000e+00
     -0.045    26.2559     7.4529     92.352  37.836713     36.914      8.492   182.5736     2.9964     1.2125     0.0248      0.031     -0.045     -0.065         40 9.6682e+02 0.0000e+00
     -0.047    26.2559     7.3820     91.477  37.798513     36.857      8.499   183.1036     2.9883     1.2662     0.0247      0.024     -0.046     -0.066         41 1.1390e+03 0.0000e+00
     -0.047    26.2621     7.3090     90.579  37.789531     36.861      8.502   183.2171     3.0166     1.2662     0.0247      0.018     -0.046     -0.068         42 1.0467e+03 0.0000e+00
     -0.048    26.2711     7.2193     89.476  37.788571     36.861      8.504   184.2393     3.0166     1.2393     0.0247      0.013     -0.049     -0.071         43 1.1097e+03 0.0000e+00
     -0.055    26.2772     7.1361     88.451  37.799707     36.857      8.505   185.1479     2.9964     1.3333     0.0247      0.007     -0.054     -0.079         44 1.0794e+03 0.0000e+00
     -0.063    26.2807     7.0660     87.585  37.834990     36.904      8.507   185.1479     2.9640     1.2393     0.0248     -0.001     -0.060     -0.088         45 1.0988e+03 0.0000e+00
     -0.067    26.2828     6.9945     86.701  37.803980     36.846      8.505   186.0186     3.0449     1.0111     0.0247     -0.008     -0.064     -0.093         46 1.0882e+03 0.0000e+00
     -0.066    26.2840     6.9241     85.827  37.778974     36.843      8.505   186.0564     3.0651     1.0648     0.0247     -0.012     -0.065     -0.094         47 1.1068e+03 0.0000e+00
     -0.066    26.2859     6.8518     84.930  37.806786     36.842      8.501   186.5486     3.0287     1.0514     0.0247     -0.013     -0.065     -0.094         48 1.1107e+03 0.0000e+00
     -0.066    26.2873     6.7871     84.128  37.828688     36.895      8.498   186.7000     3.0530     1.1185     0.0248     -0.012     -0.066     -0.095         49 1.1254e+03 0.0000e+00
     -0.069    26.2879     6.7227     83.330  37.811038     36.839      8.492   187.0029     3.1055     1.2931     0.0247     -0.011     -0.068     -0.099         50 1.1299e+03 0.0000e+00
     -0.074    26.2897     6.6628     82.590  37.769429     36.838      8.489   187.3436     3.1055     1.1991     0.0247     -0.010     -0.071     -0.103         51 1.1365e+03 0.0000e+00
     -0.075    26.2940     6.6038     81.861  37.761824     36.783      8.484   187.3057     3.1177     1.2931     0.0247     -0.008     -0.072     -0.105         52 1.1445e+03 0.0000e+00
     -0.073    26.2986     6.5395     81.068  37.820501     36.891      8.484   188.0629     3.1096     1.3468     0.0248     -0.005     -0.072     -0.105         53 1.1509e+03 0.0000e+00
     -0.073    26.3026     6.4868     80.420  37.815049     36.834      8.489   188.8579     3.1055     1.2528     0.0247     -0.005     -0.073     -0.105         54 1.1564e+03 0.0000e+00
     -0.075    26.3052     6.4389     79.828  37.827929     36.885      8.494   188.8200     3.0853     1.0916     0.0248     -0.005     -0.074     -0.107         55 1.1620e+03 0.0000e+00
     -0.077    26.3060     6.3975     79.318  37.804471     36.827      8.499   188.8200     3.1136     1.0111     0.0247     -0.005     -0.075     -0.109         56 1.1658e+03 0.0000e+00
     -0.077    26.3055     6.3518     78.753  37.784919     36.825      8.504   188.8200     3.1258     1.0111     0.0247     -0.004     -0.075     -0.109         57 1.1630e+03 0.0000e+00
     -0.076    26.3046     6.3135     78.280  37.792937     36.825      8.508   189.3879     3.1419     1.0379     0.0247     -0.003     -0.075     -0.108         58 1.1574e+03 0.0000e+00
     -0.076    26.3045     6.2757     77.814  37.794492     36.825      8.511   189.7665     3.1177     1.0648     0.0247     -0.002     -0.075     -0.108         59 1.1566e+03 0.0000e+00
     -0.076    26.3051     6.2397     77.369  37.842307     36.880      8.514   190.4100     3.1258     1.0648     0.0248     -0.002     -0.075     -0.108         60 1.1598e+03 0.0000e+00
     -0.075    26.3062     6.2082     76.979  37.852074     36.880      8.515   191.0915     3.1096     0.9842     0.0248     -0.001     -0.074     -0.107         61 1.1750e+03 0.0000e+00
     -0.073    26.3082     6.1857     76.701  37.841657     36.880      8.518   191.4700     3.1096     1.0379     0.0248      0.000     -0.073     -0.106         62 1.1930e+03 0.0000e+00
     -0.074    26.3113     6.1583     76.364  37.795950     36.825      8.516   191.6593     3.1824     1.1588     0.0247      0.001     -0.073     -0.106         63 1.2008e+03 0.0000e+00
     -0.077    26.3146     6.1410     76.155  37.790312     36.823      8.509   191.7350     3.1783     1.2662     0.0247      0.001     -0.075     -0.109         64 1.2038e+03 0.0000e+00
     -0.079    26.3165     6.1279     76.012  37.848672     36.876      8.502   191.9622     3.1743     1.2259     0.0248     -0.000     -0.076     -0.111         65 1.2050e+03 0.0000e+00
     -0.078    26.3178     6.1186     75.907  37.841965     36.873      8.502   191.7350     3.1945     1.2662     0.0248     -0.001     -0.075     -0.109         66 1.2093e+03 0.0000e+00
     -0.075    26.3191     6.1095     75.799  37.798659     36.817      8.506   192.1893     3.2066     1.0245     0.0247     -0.001     -0.073     -0.106         67 1.2099e+03 0.0000e+00
     -0.073    26.3208     6.1018     75.707  37.843243     36.871      8.505   193.0600     3.1702     1.0514     0.0248      0.000     -0.072     -0.105         68 1.2067e+03 0.0000e+00
     -0.075    26.3224     6.0872     75.526  37.845801     36.870      8.500   192.9465     3.1702     1.0648     0.0248     -0.000     -0.073     -0.107         69 1.2118e+03 0.0000e+00
     -0.077    26.3236     6.0677     75.286  37.795474     36.814      8.496   193.8550     3.1783     0.9976     0.0247     -0.000     -0.075     -0.109         70 1.2175e+03 0.0000e+00
     -0.079    26.3244     6.0459     75.015  37.787229     36.813      8.495   193.3629     3.1864     1.0916     0.0247     -0.001     -0.076     -0.110         71 1.2208e+03 0.0000e+00
     -0.077    26.3252     6.0134     74.614  37.796738     36.812      8.498   193.9308     3.1743     1.1319     0.0247      0.000     -0.074     -0.108         72 1.2188e+03 0.0000e+00
     -0.072    26.3259     5.9784     74.181  37.842962     36.866      8.504   194.1958     3.1986     0.9842     0.0248      0.001     -0.073     -0.106         73 1.2182e+03 0.0000e+00
     -0.076    26.3317     5.9436     73.751  37.848348     36.866      8.503   194.5365     3.1783     1.0111     0.0248      0.000     -0.076     -0.110         74 1.2422e+03 0.0000e+00
     -0.083    26.3443     5.9127     73.371  37.790036     36.811      8.509   194.8015     3.1541     0.9439     0.0247     -0.002     -0.080     -0.116         75 1.2608e+03 0.0000e+00
     -0.083    26.3528     5.8728     72.877  37.796887     36.807      8.517   194.2336     3.2390     1.0648     0.0247     -0.004     -0.081     -0.117         76 1.2549e+03 0.0000e+00
     -0.081    26.3561     5.8407     72.480  37.780497     36.797      8.515   194.3472     3.2592     1.0379     0.0247     -0.003     -0.080     -0.116         77 1.2579e+03 0.0000e+00
     -0.079    26.3581     5.8136     72.145  37.751106     36.737      8.513   195.0286     3.2592     1.0379     0.0247     -0.003     -0.077     -0.113         78 1.2648e+03 0.0000e+00
     -0.076    26.3592     5.7887     71.838  37.774137     36.789      8.510   194.7636     3.2511     1.0111     0.0247     -0.001     -0.075     -0.109         79 1.2578e+03 0.0000e+00
     -0.076    26.3598     5.7641     71.535  37.751832     36.733      8.511   195.3693     3.2471     1.1051     0.0247     -0.001     -0.075     -0.109         80 1.2521e+03 0.0000e+00
     -0.079    26.3601     5.7398     71.234  37.778863     36.787      8.508   195.1800     3.2390     1.1051     0.0247     -0.000     -0.077     -0.112         81 1.2589e+03 0.0000e+00
     -0.080    26.3609     5.7186     70.973  37.799820     36.786      8.504   195.5586     3.2633     1.0514     0.0247      0.001     -0.078     -0.113         82 1.2701e+03 0.0000e+00
     -0.079    26.3617     5.6936     70.665  37.785075     36.786      8.505   195.5586     3.2633     1.0245     0.0247      0.002     -0.077     -0.112         83 1.2781e+03 0.0000e+00
     -0.077    26.3635     5.6641     70.302  37.737890     36.731      8.510   195.6343     2.8427     1.0782     0.0247      0.002     -0.076     -0.110         84 1.2800e+03 0.0000e+00
     -0.078    26.3661     5.6486     70.111  37.739895     36.731      8.514   195.7100     2.8589     1.0916     0.0247      0.001     -0.076     -0.110         85 1.2840e+03 0.0000e+00
