Data/DataNotYetUploadedToEDI/Raw_CTD/RawDownloads/082718_fcr50.cnv
* Sea-Bird SBE19plus  Data File:
* FileName = C:\DATA\082718_fcr_0003.hex
* Software version 2.6.3.104
* Temperature SN = 7809
* Conductivity SN = 7809
* System UpLoad Time = Aug 27 2018 20:56:07
* <ApplicationData>
* <Seaterm232>
# nquan = 17
# nvalues = 1258                        
# units = specified
# name 0 = depFM: Depth [fresh water, m]
# name 1 = tv290C: Temperature [ITS-90, deg C]
# name 2 = sbeox0Mg/L: Oxygen, SBE 43 [mg/l]
# name 3 = sbeox0PS: Oxygen, SBE 43 [% saturation]
# name 4 = c0uS/cm: Conductivity [uS/cm]
# name 5 = specc: Specific Conductance [uS/cm]
# name 6 = ph: pH
# name 7 = orp: Oxidation Reduction Potential [mV]
# name 8 = flECO-AFL: Fluorescence, WET Labs ECO-AFL/FL [mg/m^3]
# name 9 = turbWETntu0: Turbidity, WET Labs ECO [NTU]
# name 10 = sal00: Salinity, Practical [PSU]
# name 11 = dz/dtM: Descent Rate [m/s]
# name 12 = prdM: Pressure, Strain Gauge [db]
# name 13 = prdE: Pressure, Strain Gauge [psi]
# name 14 = scan: Scan Count
# name 15 = par/sat/log: PAR/Logarithmic, Satlantic
# name 16 = flag:  0.000e+00
# span 0 =     -0.476,      9.702       
# span 1 =    11.5816,    32.2408       
# span 2 =     0.0499,     9.7061       
# span 3 =      0.459,    119.290       
# span 4 =   2.794336, 156.929103       
# span 5 =      2.419,    214.521       
# span 6 =      0.206,      8.377       
# span 7 = -1240.7455,   392.9463       
# span 8 =    -0.2507,    13.7161       
# span 9 =    -5.3269,    44.2356       
# span 10 =     0.0142,     0.1010      
# span 11 =     -0.023,      0.182      
# span 12 =     -0.467,      9.514      
# span 13 =     -0.678,     13.799      
# span 14 =          1,       1258      
# span 15 = 1.2408e-01, 2.0032e+03      
# span 16 = 0.0000e+00, 0.0000e+00      
# interval = seconds: 0.25
# start_time = Aug 27 2018 15:43:24 [Instrument's time stamp, header]
# bad_flag = -9.990e-29
*END*
[from data line 852]
      4.903    12.8622     0.0814      0.767  43.717153     57.647      6.289   280.2831     1.8965     7.7250     0.0294      0.043      4.809      6.975        853 5.2191e+00 0.0000e+00
      4.917    12.8259     0.0792      0.747  43.551855     57.419      6.287   280.3210     1.8803     7.6713     0.0293      0.042      4.823      6.995        854 5.0712e+00 0.0000e+00
      4.936    12.7912     0.0799      0.754  43.418299     57.361      6.287   279.6774     1.8965     7.6982     0.0293      0.045      4.837      7.016        855 4.9937e+00 0.0000e+00
      4.944    12.7656     0.0818      0.771  43.230634     57.122      6.284   280.1696     5.9159     9.1484     0.0292      0.047      4.848      7.031        856 4.9292e+00 0.0000e+00
      4.951    12.7453     0.0775      0.731  42.835980     56.693      6.282   279.6017     5.8957     9.1350     0.0290      0.047      4.857      7.045        857 4.8461e+00 0.0000e+00
      4.964    12.7368     0.0767      0.722  42.633656     56.398      6.278   279.7531     5.9037     9.1484     0.0288      0.047      4.870      7.063        858 4.7327e+00 0.0000e+00
      4.984    12.7361     0.0799      0.752  42.800037     56.725      6.277   280.0181     5.8876     9.0947     0.0290      0.049      4.885      7.085        859 4.6253e+00 0.0000e+00
      4.994    12.7339     0.0784      0.738  42.806949     56.701      6.274   279.8289     1.7307     9.0275     0.0289      0.050      4.895      7.100        860 4.6131e+00 0.0000e+00
      4.996    12.7278     0.0786      0.740  42.743736     56.627      6.276   279.9424     1.6822     9.0275     0.0289      0.047      4.899      7.106        861 4.6132e+00 0.0000e+00
      4.997    12.7208     0.0752      0.708  42.789697     56.705      6.272   279.9424     1.7024     8.9738     0.0289      0.042      4.901      7.108        862 4.6092e+00 0.0000e+00
      4.999    12.7215     0.0763      0.719  42.809091     56.714      6.274   279.3746     1.6620     8.9336     0.0289      0.035      4.904      7.112        863 4.5599e+00 0.0000e+00
      5.005    12.7210     0.0729      0.686  42.749273     56.688      6.269   280.4346     1.6256     8.5307     0.0289      0.030      4.910      7.121        864 4.4427e+00 0.0000e+00
      5.016    12.7117     0.0781      0.735  42.893812     56.798      6.273   280.5860     1.6256     8.6247     0.0290      0.027      4.918      7.134        865 4.3859e+00 0.0000e+00
      5.025    12.7019     0.0739      0.695  42.955581     57.019      6.271   280.3967     1.6539     8.5039     0.0291      0.024      4.927      7.147        866 4.3628e+00 0.0000e+00
      5.032    12.6813     0.0766      0.721  42.435053     56.183      6.272   280.8889     1.6215     8.5441     0.0287      0.022      4.935      7.159        867 4.2562e+00 0.0000e+00
      5.043    12.6562     0.0752      0.708  42.147151     55.936      6.270   280.2074     1.7105     8.6247     0.0286      0.025      4.944      7.172        868 4.2108e+00 0.0000e+00
      5.051    12.6422     0.0788      0.742  43.254548     57.267      6.273   280.5481     1.6781     8.5576     0.0292      0.029      4.954      7.186        869 4.1251e+00 0.0000e+00
      5.064    12.6371     0.0755      0.711  46.071359     61.240      6.270   280.5103     1.6984     8.5710     0.0309      0.034      4.964      7.201        870 4.0426e+00 0.0000e+00
      5.072    12.6362     0.0691      0.651  48.107298     63.937      6.272   280.9646     1.7064     8.5979     0.0321      0.037      4.973      7.213        871 4.0501e+00 0.0000e+00
      5.077    12.6357     0.0738      0.695  47.634944     63.314      6.269   281.1160     1.4194     8.3562     0.0318      0.036      4.980      7.224        872 3.9849e+00 0.0000e+00
      5.088    12.6366     0.0760      0.716  47.786845     63.316      6.267   281.0024     1.4638     8.2890     0.0318      0.036      4.990      7.238        873 3.8834e+00 0.0000e+00
      5.103    12.6388     0.0760      0.716  49.342822     65.732      6.269   279.3746     1.4194     8.3427     0.0329      0.037      5.002      7.255        874 3.7943e+00 0.0000e+00
      5.112    12.6419     0.0702      0.661  50.476779     66.882      6.266   279.8667     1.4355     8.3964     0.0334      0.038      5.014      7.272        875 3.7091e+00 0.0000e+00
      5.124    12.6452     0.0700      0.659  52.044529     69.256      6.266   280.3589     1.4194     8.2890     0.0345      0.039      5.025      7.288        876 3.6028e+00 0.0000e+00
      5.137    12.6475     0.0703      0.663  53.625052     71.145      6.264   280.1696     1.4840     8.1413     0.0353      0.041      5.036      7.304        877 3.5952e+00 0.0000e+00
      5.144    12.6482     0.0695      0.654  53.318546     70.990      6.266   280.3967     1.4962     8.1816     0.0352      0.041      5.046      7.319        878 3.5693e+00 0.0000e+00
      5.156    12.6429     0.0702      0.662  53.464904     70.689      6.263   278.8824     1.4719     8.1010     0.0351      0.043      5.058      7.336        879 3.4315e+00 0.0000e+00
      5.173    12.6314     0.0686      0.646  54.778811     73.102      6.259   278.6174     1.5002     8.1816     0.0362      0.046      5.069      7.353        880 3.4018e+00 0.0000e+00
      5.178    12.6254     0.0729      0.686  54.741080     72.406      6.253   279.2610     1.5528     7.8862     0.0359      0.045      5.076      7.363        881 3.3758e+00 0.0000e+00
      5.178    12.6268     0.0742      0.699  54.699286     72.912      6.252   279.8667     1.5892     8.0070     0.0361      0.040      5.078      7.365        882 3.3542e+00 0.0000e+00
      5.178    12.6295     0.0773      0.728  54.771454     72.590      6.248   278.2010     1.5487     7.8996     0.0359      0.035      5.078      7.365        883 3.3498e+00 0.0000e+00
      5.179    12.6380     0.0771      0.725  54.324715     72.363      6.246   277.9360     1.5487     7.8996     0.0358      0.028      5.079      7.366        884 3.3289e+00 0.0000e+00
      5.179    12.6480     0.0808      0.759  53.236591     70.612      6.246   277.7467     1.4355     8.5307     0.0350      0.021      5.079      7.366        885 3.3247e+00 0.0000e+00
      5.180    12.6595     0.0792      0.744  52.414921     69.666      6.243   278.0874     1.4517     8.5710     0.0346      0.014      5.080      7.367        886 3.3089e+00 0.0000e+00
      5.180    12.6651     0.0826      0.776  52.081940     69.165      6.244   278.4660     1.4517     8.5307     0.0344      0.008      5.082      7.370        887 3.2566e+00 0.0000e+00
      5.185    12.6687     0.0780      0.732  52.433931     69.516      6.245   278.1253     1.4194     8.5039     0.0346      0.004      5.087      7.379        888 3.1931e+00 0.0000e+00
      5.198    12.6809     0.0722      0.678  53.134546     70.691      6.244   277.6331     1.3183     8.4904     0.0351      0.007      5.098      7.394        889 3.1133e+00 0.0000e+00
      5.213    12.6736     0.0746      0.700  53.495713     70.800      6.242   276.4974     1.3223     8.5039     0.0351      0.014      5.111      7.413        890 3.0186e+00 0.0000e+00
      5.225    12.6401     0.0797      0.747  54.537395     72.554      6.241   278.8446     1.2819     8.5979     0.0359      0.022      5.124      7.431        891 2.9694e+00 0.0000e+00
      5.235    12.6125     0.0765      0.717  54.777099     72.571      6.240   277.8981     1.2900     8.6516     0.0359      0.029      5.134      7.446        892 2.9370e+00 0.0000e+00
      5.246    12.6153     0.0759      0.711  54.325473     72.262      6.237   277.7467     1.2940     8.9201     0.0358      0.036      5.145      7.463        893 2.8532e+00 0.0000e+00
      5.260    12.6098     0.0756      0.708  53.793252     71.426      6.235   276.8381     1.3102     9.0141     0.0354      0.042      5.159      7.483        894 2.7466e+00 0.0000e+00
      5.278    12.5786     0.0822      0.769  53.213005     70.786      6.231   276.8003     1.3061     9.0275     0.0351      0.048      5.174      7.505        895 2.6868e+00 0.0000e+00
      5.292    12.5569     0.0809      0.757  52.643078     69.939      6.226   278.3903     1.2940     8.9738     0.0347      0.051      5.187      7.524        896 2.6747e+00 0.0000e+00
      5.299    12.5447     0.0765      0.715  52.305870     69.592      6.222   278.0496     1.3466     9.1618     0.0346      0.051      5.197      7.537        897 2.6324e+00 0.0000e+00
      5.308    12.5332     0.0709      0.662  51.554814     68.698      6.219   277.6331     1.3506     9.2021     0.0342      0.049      5.206      7.550        898 2.5214e+00 0.0000e+00
      5.317    12.5132     0.0754      0.704  50.936006     67.680      6.217   277.3681     1.3789     9.2827     0.0337      0.047      5.217      7.567        899 2.4531e+00 0.0000e+00
      5.335    12.4775     0.0778      0.727  50.968530     68.071      6.216   277.7846     1.3910     9.2290     0.0339      0.048      5.233      7.589        900 2.3824e+00 0.0000e+00
      5.355    12.4426     0.0741      0.691  49.585092     65.984      6.213   277.7467     1.3385     9.1618     0.0329      0.049      5.249      7.612        901 2.3243e+00 0.0000e+00
      5.364    12.4172     0.0724      0.675  49.066370     65.412      6.213   278.0496     1.3142     9.1753     0.0327      0.049      5.261      7.630        902 2.2410e+00 0.0000e+00
      5.375    12.3908     0.0744      0.694  49.477115     66.184      6.211   278.1253     1.3263     9.2827     0.0330      0.049      5.271      7.644        903 2.2038e+00 0.0000e+00
      5.384    12.3663     0.0705      0.657  49.400420     65.853      6.210   278.3903     1.2900     9.1484     0.0329      0.049      5.280      7.658        904 2.1919e+00 0.0000e+00
      5.391    12.3421     0.0719      0.670  47.381159     63.695      6.211   277.1788     1.2859     9.0947     0.0319      0.049      5.291      7.673        905 2.1264e+00 0.0000e+00
      5.410    12.3225     0.0694      0.646  44.867757     59.545      6.210   277.3303     1.2455     9.4170     0.0300      0.049      5.308      7.698        906 2.0550e+00 0.0000e+00
      5.436    12.3106     0.0709      0.661  45.465554     61.268      6.208   278.0496     1.2333     9.3632     0.0308      0.052      5.330      7.730        907 1.9467e+00 0.0000e+00
      5.459    12.2937     0.0687      0.640  45.420469     60.590      6.210   278.4660     1.2293     9.3230     0.0305      0.055      5.350      7.760        908 1.8793e+00 0.0000e+00
      5.470    12.2774     0.0796      0.741  44.834836     60.232      6.214   276.5353     1.2455     9.4438     0.0303      0.058      5.364      7.780        909 1.8435e+00 0.0000e+00
      5.480    12.2609     0.0746      0.694  44.562360     59.662      6.215   276.5731     1.0433     9.6587     0.0301      0.062      5.375      7.796        910 1.8381e+00 0.0000e+00
      5.493    12.2466     0.0766      0.713  44.068250     59.124      6.217   276.9517     1.0473     9.6721     0.0298      0.063      5.391      7.819        911 1.7771e+00 0.0000e+00
      5.520    12.2335     0.0773      0.719  44.351892     59.489      6.219   277.5953     1.0473     9.5647     0.0300      0.067      5.413      7.851        912 1.6676e+00 0.0000e+00
      5.547    12.2135     0.0763      0.710  44.031351     59.174      6.218   277.0653     1.0676     9.6050     0.0298      0.071      5.436      7.885        913 1.6282e+00 0.0000e+00
      5.562    12.1964     0.0747      0.695  43.488019     58.292      6.220   276.2703     0.9139     9.2558     0.0294      0.071      5.455      7.912        914 1.5867e+00 0.0000e+00
      5.580    12.1822     0.0764      0.710  43.188464     58.137      6.224   276.3460     0.8856     9.1618     0.0294      0.070      5.474      7.939        915 1.5274e+00 0.0000e+00
      5.604    12.1657     0.0688      0.640  42.238235     56.697      6.227   275.7781     0.9099     9.2693     0.0287      0.074      5.497      7.973        916 1.4756e+00 0.0000e+00
      5.633    12.1460     0.0754      0.701  41.792646     56.193      6.231   274.9831     0.8896     9.2155     0.0285      0.081      5.524      8.013        917 1.3851e+00 0.0000e+00
      5.664    12.1295     0.0707      0.657  42.051861     56.594      6.235   274.9074     0.9139     9.6587     0.0287      0.089      5.550      8.050        918 1.3438e+00 0.0000e+00
      5.681    12.1219     0.0704      0.655  42.093664     56.624      6.235   274.4153     0.9058     9.6050     0.0287      0.091      5.568      8.076        919 1.3582e+00 0.0000e+00
      5.689    12.1202     0.0714      0.665  42.155991     56.800      6.239   273.5067     0.9139     9.7124     0.0287      0.087      5.581      8.094        920 1.3476e+00 0.0000e+00
      5.703    12.1189     0.0673      0.626  42.092980     56.661      6.239   273.2796     0.9099     9.6318     0.0287      0.083      5.597      8.118        921 1.2848e+00 0.0000e+00
      5.731    12.1084     0.0698      0.650  42.112748     56.739      6.238   273.2796     0.9260     9.5110     0.0287      0.082      5.620      8.150        922 1.1956e+00 0.0000e+00
      5.756    12.0937     0.0651      0.606  42.279735     56.928      6.239   273.3174     0.8330    10.9477     0.0288      0.082      5.640      8.181        923 1.1964e+00 0.0000e+00
      5.767    12.0834     0.0656      0.611  42.389538     57.134      6.234   272.7117     0.8411    10.8940     0.0289      0.077      5.654      8.201        924 1.2090e+00 0.0000e+00
      5.775    12.0771     0.0674      0.628  42.450807     57.194      6.236   271.5381     0.8492    10.8940     0.0289      0.070      5.661      8.212        925 1.1699e+00 0.0000e+00
      5.779    12.0783     0.0667      0.621  42.470515     57.285      6.235   271.1595     0.8492    10.9209     0.0289      0.062      5.666      8.218        926 1.1843e+00 0.0000e+00
      5.780    12.0864     0.0635      0.591  42.394689     57.144      6.235   271.4624     0.8613    11.2163     0.0289      0.055      5.667      8.220        927 1.1597e+00 0.0000e+00
      5.779    12.0943     0.0636      0.593  42.367159     57.143      6.233   271.1595     0.8613    11.3506     0.0289      0.046      5.667      8.220        928 1.1335e+00 0.0000e+00
      5.779    12.1009     0.0665      0.620  42.445433     57.205      6.235   270.8945     0.8735    11.3774     0.0289      0.033      5.667      8.220        929 1.1746e+00 0.0000e+00
      5.780    12.1084     0.0679      0.632  42.386281     57.156      6.236   270.7431     0.8573    11.3640     0.0289      0.019      5.668      8.221        930 1.1750e+00 0.0000e+00
      5.781    12.1158     0.0731      0.680  42.292425     56.957      6.235   270.7431     0.8047    11.3103     0.0288      0.010      5.669      8.222        931 1.1540e+00 0.0000e+00
      5.781    12.1243     0.0758      0.704  42.354549     57.096      6.235   270.5917     0.8128    11.2700     0.0289      0.005      5.669      8.222        932 1.1480e+00 0.0000e+00
      5.782    12.1307     0.0731      0.679  42.457309     57.160      6.235   270.5160     0.8209    11.4043     0.0289      0.002      5.670      8.224        933 1.1756e+00 0.0000e+00
      5.784    12.1354     0.0760      0.706  42.461227     57.223      6.236   270.5160     0.7885    11.3237     0.0289      0.002      5.672      8.226        934 1.1667e+00 0.0000e+00
      5.785    12.1452     0.0772      0.718  42.587023     57.287      6.236   270.2510     0.8290    11.2969     0.0290      0.003      5.673      8.228        935 1.1326e+00 0.0000e+00
      5.785    12.1633     0.0737      0.684  42.745794     57.620      6.237   270.1374     0.7845    11.3909     0.0291      0.003      5.673      8.229        936 1.1944e+00 0.0000e+00
