Data/DataNotYetUploadedToEDI/Raw_CTD/RawDownloads/082718_fcr30.cnv
* Sea-Bird SBE19plus  Data File:
* FileName = C:\DATA\082718_fcr_0006.hex
* Software version 2.6.3.104
* Temperature SN = 7809
* Conductivity SN = 7809
* System UpLoad Time = Aug 27 2018 20:57:10
* <ApplicationData>
* <Seaterm232>
# nquan = 17
# nvalues = 882                         
# units = specified
# name 0 = depFM: Depth [fresh water, m]
# name 1 = tv290C: Temperature [ITS-90, deg C]
# name 2 = sbeox0Mg/L: Oxygen, SBE 43 [mg/l]
# name 3 = sbeox0PS: Oxygen, SBE 43 [% saturation]
# name 4 = c0uS/cm: Conductivity [uS/cm]
# name 5 = specc: Specific Conductance [uS/cm]
# name 6 = ph: pH
# name 7 = orp: Oxidation Reduction Potential [mV]
# name 8 = flECO-AFL: Fluorescence, WET Labs ECO-AFL/FL [mg/m^3]
# name 9 = turbWETntu0: Turbidity, WET Labs ECO [NTU]
# name 10 = sal00: Salinity, Practical [PSU]
# name 11 = dz/dtM: Descent Rate [m/s]
# name 12 = prdM: Pressure, Strain Gauge [db]
# name 13 = prdE: Pressure, Strain Gauge [psi]
# name 14 = scan: Scan Count
# name 15 = par/sat/log: PAR/Logarithmic, Satlantic
# name 16 = flag:  0.000e+00
# span 0 =     -0.515,      5.376       
# span 1 =    12.7191,    27.9415       
# span 2 =     0.0697,     9.7983       
# span 3 =      0.658,    120.655       
# span 4 =   0.634066,  68.817219       
# span 5 =      0.981,     89.213       
# span 6 =      6.373,      8.679       
# span 7 =    64.4211,   247.8395       
# span 8 =    -0.4973,    13.8535       
# span 9 =    -7.7574,    22.7778       
# span 10 =     0.0128,     0.0437      
# span 11 =     -0.040,      0.274      
# span 12 =     -0.505,      5.271      
# span 13 =     -0.733,      7.646      
# span 14 =          1,        882      
# span 15 = 6.5956e-01, 1.9848e+03      
# span 16 = 0.0000e+00, 0.0000e+00      
# interval = seconds: 0.25
# start_time = Aug 27 2018 20:00:10 [Instrument's time stamp, header]
# bad_flag = -9.990e-29
*END*
[from data line 86]
     -0.123    26.7272     5.7569     71.886  38.631823     37.325      8.624   171.9735     2.6082     1.0245     0.0251      0.000     -0.121     -0.175         87 1.6042e+03 0.0000e+00
     -0.126    26.7174     5.7340     71.600  38.679663     37.383      8.622   172.2385     2.7942     1.0782     0.0251     -0.000     -0.121     -0.176         88 1.6047e+03 0.0000e+00
     -0.124    26.7091     5.7130     71.333  38.664803     37.362      8.629   172.4657     2.7942     1.0648     0.0251     -0.001     -0.121     -0.175         89 1.5953e+03 0.0000e+00
     -0.121    26.7051     5.6943     71.101  38.620660     37.343      8.627   172.5793     2.7740     1.0648     0.0251     -0.001     -0.120     -0.173         90 1.5782e+03 0.0000e+00
     -0.121    26.7028     5.6815     70.945  38.645617     37.349      8.626   173.1471     2.7901     1.0111     0.0251     -0.001     -0.120     -0.173         91 1.5926e+03 0.0000e+00
     -0.125    26.7029     5.6760     70.880  38.722735     37.459      8.624   172.8064     2.4788     1.0514     0.0251     -0.001     -0.122     -0.177         92 1.5915e+03 0.0000e+00
     -0.127    26.7037     5.6798     70.929  38.702663     37.407      8.620   172.7685     2.4869     1.0916     0.0251     -0.002     -0.123     -0.179         93 1.5839e+03 0.0000e+00
     -0.125    26.7038     5.6756     70.879  38.670595     37.407      8.617   172.9200     2.4667     0.9842     0.0251     -0.001     -0.123     -0.178         94 1.5960e+03 0.0000e+00
     -0.123    26.7068     5.6780     70.911  38.673657     37.379      8.619   172.9200     2.4869     1.1319     0.0251     -0.001     -0.121     -0.176         95 1.6072e+03 0.0000e+00
     -0.123    26.7100     5.6881     71.040  38.669192     37.407      8.615   173.5636     2.4626     1.0648     0.0251     -0.000     -0.120     -0.175         96 1.6146e+03 0.0000e+00
     -0.124    26.7127     5.7047     71.250  38.646489     37.350      8.616   173.5257     2.4545     1.0916     0.0251     -0.001     -0.121     -0.176         97 1.6098e+03 0.0000e+00
     -0.126    26.7124     5.7120     71.344  38.672246     37.402      8.615   173.1471     2.4788     1.0648     0.0251     -0.001     -0.123     -0.179         98 1.6103e+03 0.0000e+00
     -0.127    26.7093     5.7179     71.420  38.696459     37.400      8.618   173.4500     2.4464     1.0379     0.0251     -0.001     -0.123     -0.180         99 1.6241e+03 0.0000e+00
     -0.125    26.7100     5.7287     71.556  38.646017     37.373      8.618   173.7907     2.4788     1.0916     0.0251     -0.000     -0.123     -0.179        100 1.6318e+03 0.0000e+00
     -0.125    26.7133     5.7491     71.812  38.646034     37.348      8.620   173.8664     2.5273     1.2393     0.0251     -0.000     -0.123     -0.179        101 1.6315e+03 0.0000e+00
     -0.127    26.7163     5.7691     72.067  38.726102     37.456      8.621   173.9421     2.5152     1.2662     0.0251     -0.001     -0.124     -0.180        102 1.6419e+03 0.0000e+00
     -0.127    26.7178     5.7864     72.289  38.694685     37.399      8.620   174.2450     2.5394     1.3871     0.0251     -0.002     -0.125     -0.181        103 1.6351e+03 0.0000e+00
     -0.128    26.7192     5.7989     72.448  38.685130     37.397      8.617   174.7750     2.5314     1.2931     0.0251     -0.002     -0.125     -0.181        104 1.6241e+03 0.0000e+00
     -0.127    26.7211     5.8051     72.529  38.708329     37.423      8.616   174.3586     2.4869     1.0648     0.0251     -0.001     -0.125     -0.182        105 1.6431e+03 0.0000e+00
     -0.129    26.7233     5.8092     72.586  38.695475     37.395      8.610   174.6993     2.4505     1.0379     0.0251     -0.001     -0.125     -0.182        106 1.6508e+03 0.0000e+00
     -0.129    26.7252     5.8098     72.597  38.730789     37.448      8.601   174.5857     2.4464     1.0782     0.0251     -0.001     -0.125     -0.182        107 1.6548e+03 0.0000e+00
     -0.127    26.7273     5.8096     72.600  38.694044     37.392      8.596   174.7371     2.4828     1.0916     0.0251     -0.001     -0.124     -0.180        108 1.6752e+03 0.0000e+00
     -0.124    26.7290     5.8116     72.631  38.681878     37.391      8.592   174.9264     2.4788     1.0379     0.0251      0.000     -0.122     -0.177        109 1.6788e+03 0.0000e+00
     -0.123    26.7299     5.8179     72.713  38.745927     37.444      8.588   175.2671     2.4586     1.0111     0.0251      0.002     -0.122     -0.177        110 1.6670e+03 0.0000e+00
     -0.126    26.7314     5.8234     72.786  38.762645     37.469      8.589   175.2293     2.4667     0.9842     0.0251      0.002     -0.123     -0.179        111 1.6637e+03 0.0000e+00
     -0.128    26.7352     5.8239     72.791  38.690735     37.388      8.590   175.4186     2.4667     1.0916     0.0251      0.001     -0.125     -0.181        112 1.6820e+03 0.0000e+00
     -0.128    26.7392     5.8219     72.765  38.687108     37.386      8.589   175.6078     2.4950     1.1453     0.0251      0.001     -0.125     -0.181        113 1.7149e+03 0.0000e+00
     -0.126    26.7420     5.8148     72.677  38.678172     37.384      8.589   175.8350     2.4667     1.0916     0.0251      0.001     -0.124     -0.179        114 1.7441e+03 0.0000e+00
     -0.124    26.7450     5.8093     72.611  38.642529     37.327      8.586   175.9107     2.4788     1.0245     0.0251      0.000     -0.122     -0.177        115 1.7537e+03 0.0000e+00
     -0.124    26.7487     5.8020     72.518  38.701800     37.406      8.585   175.7593     2.4586     1.0245     0.0251      0.000     -0.122     -0.177        116 1.7362e+03 0.0000e+00
     -0.124    26.7523     5.7897     72.358  38.693394     37.377      8.585   176.1000     2.5394     1.0514     0.0251     -0.000     -0.121     -0.176        117 1.7172e+03 0.0000e+00
     -0.122    26.7561     5.7772     72.198  38.682650     37.374      8.577   176.0621     2.5475     1.0379     0.0251      0.001     -0.121     -0.175        118 1.7104e+03 0.0000e+00
     -0.123    26.7598     5.7691     72.094  38.744831     37.425      8.576   176.4786     2.5314     1.0916     0.0251      0.002     -0.121     -0.175        119 1.7118e+03 0.0000e+00
     -0.123    26.7633     5.7608     71.991  38.734658     37.423      8.570   176.4786     2.5516     0.9574     0.0251      0.003     -0.121     -0.175        120 1.7267e+03 0.0000e+00
     -0.123    26.7660     5.7525     71.888  38.695308     37.366      8.558   176.2893     2.5758     1.0648     0.0251      0.002     -0.121     -0.175        121 1.7632e+03 0.0000e+00
     -0.123    26.7652     5.7469     71.820  38.704812     37.390      8.551   176.5543     2.4667     0.9842     0.0251      0.001     -0.120     -0.174        122 1.7851e+03 0.0000e+00
     -0.120    26.7643     5.7401     71.738  38.633843     37.307      8.547   176.8571     2.4626     1.0379     0.0250      0.001     -0.119     -0.171        123 1.7818e+03 0.0000e+00
     -0.119    26.7656     5.7324     71.639  38.635317     37.308      8.544   176.8950     2.4788     1.0379     0.0250      0.002     -0.118     -0.171        124 1.7865e+03 0.0000e+00
     -0.121    26.7672     5.7121     71.386  38.673315     37.363      8.550   177.2736     2.4747     0.9842     0.0251      0.002     -0.119     -0.173        125 1.7817e+03 0.0000e+00
     -0.123    26.7658     5.7078     71.337  38.645879     37.308      8.555   176.9328     2.5475     1.1991     0.0250      0.001     -0.121     -0.176        126 1.7772e+03 0.0000e+00
     -0.125    26.7610     5.7010     71.253  38.639799     37.334      8.558   176.9328     2.5435     1.0916     0.0251     -0.000     -0.122     -0.177        127 1.7811e+03 0.0000e+00
     -0.123    26.7582     5.6927     71.148  38.591896     37.253      8.563   177.5386     2.5435     1.1453     0.0250     -0.001     -0.121     -0.176        128 1.7714e+03 0.0000e+00
     -0.123    26.7568     5.6777     70.956  38.616508     37.311      8.567   177.4250     2.5314     1.0111     0.0250     -0.001     -0.121     -0.176        129 1.7822e+03 0.0000e+00
     -0.124    26.7566     5.6594     70.723  38.579508     37.259      8.568   177.4250     2.6082     1.0916     0.0250     -0.002     -0.121     -0.176        130 1.8031e+03 0.0000e+00
     -0.124    26.7573     5.6478     70.575  38.578619     37.260      8.574   178.1064     2.5920     1.0514     0.0250     -0.002     -0.121     -0.176        131 1.8109e+03 0.0000e+00
     -0.123    26.7591     5.6334     70.391  38.647279     37.341      8.575   177.4250     2.5920     1.1185     0.0251     -0.002     -0.121     -0.176        132 1.8276e+03 0.0000e+00
     -0.125    26.7604     5.6161     70.171  38.583047     37.260      8.574   177.7278     2.6244     1.0648     0.0250     -0.001     -0.121     -0.176        133 1.8500e+03 0.0000e+00
     -0.123    26.7593     5.5949     69.903  38.569567     37.258      8.575   178.1443     2.6365     0.9976     0.0250      0.000     -0.120     -0.175        134 1.8600e+03 0.0000e+00
     -0.121    26.7601     5.5809     69.726  38.515745     37.203      8.575   177.8414     2.6850     1.1588     0.0250      0.001     -0.119     -0.173        135 1.8469e+03 0.0000e+00
     -0.121    26.7628     5.5647     69.520  38.531379     37.204      8.575   178.5229     2.6688     1.1453     0.0250      0.001     -0.119     -0.172        136 1.8351e+03 0.0000e+00
     -0.121    26.7641     5.5487     69.311  38.668760     37.366      8.576   178.1443     2.6607     1.0379     0.0251      0.001     -0.119     -0.173        137 1.8281e+03 0.0000e+00
     -0.123    26.7626     5.5316     69.089  38.611735     37.283      8.574   178.4471     2.6001     1.0648     0.0250      0.001     -0.119     -0.174        138 1.8267e+03 0.0000e+00
     -0.122    26.7587     5.5145     68.869  38.572682     37.255      8.571   178.9014     2.5920     1.0379     0.0250      0.001     -0.119     -0.173        139 1.8355e+03 0.0000e+00
     -0.120    26.7559     5.4995     68.679  38.569050     37.256      8.572   178.5607     2.5839     1.0648     0.0250      0.001     -0.118     -0.171        140 1.8403e+03 0.0000e+00
     -0.118    26.7536     5.4804     68.437  38.527270     37.205      8.572   178.9771     2.6001     1.0782     0.0250      0.002     -0.116     -0.169        141 1.8564e+03 0.0000e+00
     -0.118    26.7503     5.4684     68.280  38.565355     37.261      8.569   178.8257     2.5960     1.1588     0.0250      0.002     -0.116     -0.168        142 1.8679e+03 0.0000e+00
     -0.119    26.7471     5.4487     68.029  38.551318     37.235      8.564   178.9771     2.6082     0.9842     0.0250      0.002     -0.115     -0.168        143 1.8744e+03 0.0000e+00
     -0.117    26.7445     5.4359     67.868  38.574402     37.265      8.561   178.9014     2.5799     1.0379     0.0250      0.003     -0.115     -0.168        144 1.8780e+03 0.0000e+00
     -0.118    26.7431     5.4341     67.852  38.566290     37.267      8.558   179.1664     2.6284     1.1051     0.0250      0.003     -0.116     -0.168        145 1.8694e+03 0.0000e+00
     -0.120    26.7399     5.4396     67.928  38.531752     37.215      8.560   179.6964     2.6001     1.0245     0.0250      0.002     -0.118     -0.171        146 1.8744e+03 0.0000e+00
     -0.122    26.7329     5.4473     68.027  38.558061     37.270      8.562   179.5071     2.6324     1.0916     0.0250      0.000     -0.120     -0.173        147 1.8668e+03 0.0000e+00
     -0.122    26.7259     5.4534     68.110  38.533550     37.218      8.562   179.9993     2.6567     0.9708     0.0250     -0.002     -0.120     -0.174        148 1.8582e+03 0.0000e+00
     -0.122    26.7205     5.4564     68.153  38.473271     37.196      8.566   179.9993     2.6607     1.0111     0.0250     -0.003     -0.120     -0.174        149 1.8565e+03 0.0000e+00
     -0.122    26.7185     5.4504     68.084  38.455109     37.147      8.555   180.1507     2.6607     1.0916     0.0250     -0.003     -0.120     -0.174        150 1.8539e+03 0.0000e+00
     -0.123    26.7163     5.4433     67.997  38.496833     37.232      8.554   180.3779     2.7295     0.9708     0.0250     -0.003     -0.121     -0.175        151 1.8797e+03 0.0000e+00
     -0.125    26.7107     5.4287     67.816  38.451011     37.153      8.554   179.6207     2.7133     1.0111     0.0250     -0.003     -0.122     -0.177        152 1.8996e+03 0.0000e+00
     -0.125    26.7066     5.4121     67.612  38.423151     37.154      8.559   179.8100     2.7376     1.0916     0.0250     -0.003     -0.122     -0.177        153 1.8986e+03 0.0000e+00
     -0.122    26.7058     5.3920     67.366  38.501845     37.212      8.565   180.2643     2.7376     0.8902     0.0250     -0.001     -0.122     -0.176        154 1.9063e+03 0.0000e+00
     -0.123    26.7105     5.3807     67.229  38.560712     37.296      8.563   179.9993     2.8710     1.1319     0.0250     -0.001     -0.122     -0.176        155 1.9345e+03 0.0000e+00
     -0.126    26.7161     5.3731     67.137  38.587188     37.297      8.565   180.3779     2.8589     0.9976     0.0250     -0.001     -0.122     -0.177        156 1.9328e+03 0.0000e+00
     -0.125    26.7192     5.3686     67.084  38.498558     37.239      8.570   180.3021     2.8427     0.9842     0.0250     -0.001     -0.122     -0.177        157 1.8973e+03 0.0000e+00
     -0.123    26.7245     5.3607     66.989  38.404052     37.100      8.571   180.4914     2.8791     1.0648     0.0250     -0.001     -0.121     -0.176        158 1.8861e+03 0.0000e+00
     -0.123    26.7296     5.3533     66.898  38.467502     37.206      8.565   180.4536     2.7457     1.1319     0.0250      0.000     -0.121     -0.176        159 1.8724e+03 0.0000e+00
     -0.124    26.7335     5.3465     66.814  38.538240     37.229      8.555   180.7186     2.7214     1.0111     0.0250      0.001     -0.122     -0.177        160 1.8688e+03 0.0000e+00
     -0.125    26.7352     5.3327     66.644  38.493989     37.226      8.549   180.6050     2.7093     1.0648     0.0250     -0.000     -0.122     -0.177        161 1.8828e+03 0.0000e+00
     -0.124    26.7361     5.3223     66.517  38.403922     37.088      8.552   180.9079     2.7093     1.1185     0.0250     -0.001     -0.121     -0.176        162 1.8750e+03 0.0000e+00
     -0.122    26.7391     5.3085     66.344  38.413029     37.141      8.555   180.6807     2.6931     0.9036     0.0250      0.000     -0.120     -0.175        163 1.8806e+03 0.0000e+00
     -0.122    26.7430     5.2910     66.126  38.452991     37.140      8.561   181.0214     2.7982     1.1319     0.0250      0.001     -0.120     -0.174        164 1.9019e+03 0.0000e+00
     -0.123    26.7463     5.2909     66.127  38.532159     37.246      8.563   180.7564     2.7982     1.1319     0.0250      0.001     -0.120     -0.174        165 1.9007e+03 0.0000e+00
     -0.122    26.7489     5.2802     65.995  38.522138     37.216      8.562   181.0971     2.8023     0.9842     0.0250      0.001     -0.120     -0.174        166 1.8856e+03 0.0000e+00
     -0.121    26.7518     5.2651     65.809  38.435799     37.133      8.566   181.0971     2.7901     1.0648     0.0250      0.001     -0.120     -0.174        167 1.8880e+03 0.0000e+00
     -0.123    26.7544     5.2597     65.740  38.431973     37.131      8.568   180.9457     2.9276     1.0916     0.0250      0.001     -0.120     -0.174        168 1.8989e+03 0.0000e+00
     -0.122    26.7558     5.2488     65.602  38.437914     37.129      8.569   181.5514     2.9155     1.0648     0.0250      0.001     -0.120     -0.174        169 1.8912e+03 0.0000e+00
     -0.122    26.7568     5.2341     65.410  38.428404     37.127      8.571   181.2486     2.9155     1.0782     0.0250      0.001     -0.119     -0.173        170 1.8854e+03 0.0000e+00
