Data/DataNotYetUploadedToEDI/Raw_CTD/RawDownloads/082718_fcr30.cnv
* Sea-Bird SBE19plus  Data File:
* FileName = C:\DATA\082718_fcr_0006.hex
* Software version 2.6.3.104
* Temperature SN = 7809
* Conductivity SN = 7809
* System UpLoad Time = Aug 27 2018 20:57:10
* <ApplicationData>
* <Seaterm232>
# nquan = 17
# nvalues = 882                         
# units = specified
# name 0 = depFM: Depth [fresh water, m]
# name 1 = tv290C: Temperature [ITS-90, deg C]
# name 2 = sbeox0Mg/L: Oxygen, SBE 43 [mg/l]
# name 3 = sbeox0PS: Oxygen, SBE 43 [% saturation]
# name 4 = c0uS/cm: Conductivity [uS/cm]
# name 5 = specc: Specific Conductance [uS/cm]
# name 6 = ph: pH
# name 7 = orp: Oxidation Reduction Potential [mV]
# name 8 = flECO-AFL: Fluorescence, WET Labs ECO-AFL/FL [mg/m^3]
# name 9 = turbWETntu0: Turbidity, WET Labs ECO [NTU]
# name 10 = sal00: Salinity, Practical [PSU]
# name 11 = dz/dtM: Descent Rate [m/s]
# name 12 = prdM: Pressure, Strain Gauge [db]
# name 13 = prdE: Pressure, Strain Gauge [psi]
# name 14 = scan: Scan Count
# name 15 = par/sat/log: PAR/Logarithmic, Satlantic
# name 16 = flag:  0.000e+00
# span 0 =     -0.515,      5.376       
# span 1 =    12.7191,    27.9415       
# span 2 =     0.0697,     9.7983       
# span 3 =      0.658,    120.655       
# span 4 =   0.634066,  68.817219       
# span 5 =      0.981,     89.213       
# span 6 =      6.373,      8.679       
# span 7 =    64.4211,   247.8395       
# span 8 =    -0.4973,    13.8535       
# span 9 =    -7.7574,    22.7778       
# span 10 =     0.0128,     0.0437      
# span 11 =     -0.040,      0.274      
# span 12 =     -0.505,      5.271      
# span 13 =     -0.733,      7.646      
# span 14 =          1,        882      
# span 15 = 6.5956e-01, 1.9848e+03      
# span 16 = 0.0000e+00, 0.0000e+00      
# interval = seconds: 0.25
# start_time = Aug 27 2018 20:00:10 [Instrument's time stamp, header]
# bad_flag = -9.990e-29
*END*
[from data line 426]
      1.024    24.3153     9.3691    111.796  36.256351     36.743      8.668   201.6158     4.0841     1.0111     0.0242      0.080      1.001      1.452        427 3.9094e+02 0.0000e+00
      1.036    24.3034     9.3609    111.660  36.249933     36.747      8.668   201.3886     4.2378     1.2393     0.0242      0.080      1.015      1.473        428 3.7945e+02 0.0000e+00
      1.048    24.2957     9.3551    111.560  36.232520     36.725      8.668   201.6158     4.2014     1.3333     0.0242      0.078      1.028      1.491        429 3.7456e+02 0.0000e+00
      1.062    24.2920     9.3570    111.550  36.189047     36.706      8.669   202.1079     4.2216     1.2393     0.0242      0.075      1.042      1.511        430 3.6488e+02 0.0000e+00
      1.077    24.2863     9.3676    111.650  36.126087     36.626      8.670   202.0701     4.2135     1.2931     0.0241      0.071      1.056      1.530        431 3.5224e+02 0.0000e+00
      1.089    24.2800     9.3782    111.747  36.192244     36.714      8.671   201.8429     4.6664     1.2259     0.0242      0.066      1.069      1.550        432 3.4830e+02 0.0000e+00
      1.104    24.2791     9.4013    111.998  36.195695     36.718      8.673   201.9565     4.6260     1.2528     0.0242      0.060      1.083      1.571        433 3.3585e+02 0.0000e+00
      1.122    24.2768     9.4277    112.289  36.121796     36.638      8.673   202.1458     4.6421     1.2796     0.0241      0.056      1.100      1.596        434 3.2056e+02 0.0000e+00
      1.142    24.2650     9.4398    112.412  36.106262     36.639      8.670   202.1458     4.6543     1.1722     0.0241      0.057      1.120      1.624        435 3.1119e+02 0.0000e+00
      1.163    24.2500     9.4439    112.443  36.126052     36.640      8.671   202.3351     5.0505     1.3065     0.0241      0.061      1.140      1.653        436 2.9350e+02 0.0000e+00
      1.182    24.2317     9.4352    112.324  36.186145     36.734      8.665   202.4486     5.0546     1.1453     0.0242      0.066      1.158      1.680        437 2.8759e+02 0.0000e+00
      1.198    24.2131     9.4238    112.185  36.120457     36.660      8.666   202.5243     5.0182     1.2125     0.0241      0.068      1.176      1.706        438 2.7609e+02 0.0000e+00
      1.218    24.1979     9.4084    112.020  36.118830     36.674      8.664   202.9408     5.0141     1.1856     0.0241      0.071      1.195      1.733        439 2.6300e+02 0.0000e+00
      1.239    24.1831     9.4004    111.948  36.158520     36.745      8.661   203.1301     5.1476     1.2796     0.0242      0.074      1.214      1.760        440 2.5897e+02 0.0000e+00
      1.255    24.1695     9.3907    111.854  36.071073     36.642      8.660   202.9029     5.1557     1.2125     0.0241      0.075      1.230      1.783        441 2.5147e+02 0.0000e+00
      1.268    24.1563     9.3776    111.712  36.109030     36.710      8.656   202.8651     5.1476     1.1991     0.0241      0.073      1.243      1.802        442 2.4938e+02 0.0000e+00
      1.279    24.1443     9.3752    111.668  36.111290     36.720      8.653   203.1301     5.1597     1.2393     0.0241      0.069      1.254      1.819        443 2.4653e+02 0.0000e+00
      1.290    24.1334     9.3931    111.851  36.008952     36.617      8.649   203.3194     5.1597     1.3199     0.0241      0.064      1.265      1.834        444 2.4348e+02 0.0000e+00
      1.300    24.1232     9.4167    112.090  36.058446     36.682      8.644   203.3194     5.2810     1.2662     0.0241      0.059      1.275      1.849        445 2.4358e+02 0.0000e+00
      1.310    24.1147     9.4399    112.320  36.109019     36.747      8.646   203.4329     5.2891     1.2931     0.0241      0.054      1.285      1.864        446 2.3945e+02 0.0000e+00
      1.321    24.1074     9.4613    112.539  36.064652     36.698      8.646   203.2436     5.3134     1.1588     0.0241      0.048      1.296      1.880        447 2.3740e+02 0.0000e+00
      1.334    24.1061     9.4820    112.768  36.054346     36.704      8.644   203.7358     5.2608     1.3333     0.0241      0.045      1.307      1.896        448 2.3760e+02 0.0000e+00
      1.345    24.1143     9.4954    112.922  36.062532     36.710      8.645   203.5465     5.4509     1.2662     0.0241      0.043      1.319      1.913        449 2.3301e+02 0.0000e+00
      1.358    24.1253     9.5067    113.052  36.113785     36.768      8.644   203.5844     5.4792     1.2931     0.0241      0.044      1.332      1.932        450 2.3319e+02 0.0000e+00
      1.373    24.1360     9.5169    113.169  36.109198     36.761      8.642   203.8494     5.4589     1.3065     0.0241      0.045      1.347      1.954        451 2.3054e+02 0.0000e+00
      1.390    24.1420     9.5135    113.117  36.068240     36.696      8.638   204.0765     5.4953     1.2528     0.0241      0.048      1.363      1.978        452 2.2799e+02 0.0000e+00
      1.408    24.1353     9.5094    113.068  36.105434     36.745      8.641   204.3036     5.5156     1.1588     0.0241      0.052      1.381      2.003        453 2.3051e+02 0.0000e+00
      1.427    24.1205     9.5127    113.113  36.122221     36.740      8.640   204.1522     5.5236     1.2662     0.0241      0.057      1.400      2.031        454 2.2332e+02 0.0000e+00
      1.450    24.1006     9.5225    113.226  36.106665     36.746      8.637   204.4172     5.5479     1.3333     0.0241      0.062      1.420      2.060        455 2.2197e+02 0.0000e+00
      1.468    24.0786     9.5477    113.523  36.065479     36.700      8.627   204.5686     5.5358     1.0648     0.0241      0.067      1.436      2.083        456 2.2417e+02 0.0000e+00
      1.475    24.0619     9.5661    113.728  36.054849     36.715      8.623   204.4929     5.9321     1.2662     0.0241      0.068      1.447      2.099        457 2.2020e+02 0.0000e+00
      1.485    24.0537     9.5674    113.715  36.060588     36.731      8.625   204.5686     5.9078     1.2259     0.0241      0.066      1.457      2.114        458 2.2090e+02 0.0000e+00
      1.497    24.0506     9.5579    113.579  35.999032     36.687      8.626   204.8336     5.8997     1.2662     0.0241      0.062      1.467      2.128        459 2.2005e+02 0.0000e+00
      1.505    24.0488     9.5511    113.475  36.012829     36.693      8.627   205.0986     5.9037     1.2796     0.0241      0.057      1.476      2.141        460 2.1833e+02 0.0000e+00
      1.515    24.0465     9.5495    113.431  36.043420     36.752      8.634   204.5308     6.0129     1.2528     0.0241      0.051      1.486      2.155        461 2.1788e+02 0.0000e+00
      1.527    24.0417     9.5448    113.355  36.020279     36.697      8.634   204.8715     6.0251     1.2393     0.0241      0.045      1.497      2.171        462 2.1698e+02 0.0000e+00
      1.537    24.0411     9.5363    113.243  36.100946     36.812      8.636   205.2501     6.0331     1.2125     0.0241      0.041      1.508      2.187        463 2.1563e+02 0.0000e+00
      1.551    24.0437     9.5267    113.152  36.120984     36.816      8.639   205.2501     6.0129     1.1588     0.0241      0.040      1.521      2.206        464 2.1250e+02 0.0000e+00
      1.565    24.0424     9.5133    113.029  36.054661     36.759      8.638   205.4772     6.2070     1.2125     0.0241      0.043      1.536      2.228        465 2.1028e+02 0.0000e+00
      1.583    24.0408     9.4968    112.837  36.005535     36.700      8.638   205.7044     6.2111     1.3199     0.0241      0.046      1.555      2.256        466 2.0493e+02 0.0000e+00
      1.611    24.0342     9.4804    112.647  36.004169     36.702      8.635   206.0451     6.2272     1.1856     0.0241      0.053      1.578      2.288        467 1.9972e+02 0.0000e+00
      1.632    24.0214     9.4628    112.432  36.056360     36.760      8.628   206.1208     6.2030     1.2125     0.0241      0.061      1.596      2.315        468 1.9875e+02 0.0000e+00
      1.638    24.0102     9.4479    112.253  35.999903     36.707      8.622   206.0829     6.1989     1.2125     0.0241      0.064      1.608      2.331        469 1.9719e+02 0.0000e+00
      1.650    23.9992     9.4452    112.215  36.015117     36.717      8.623   206.1586     6.2192     1.1588     0.0241      0.066      1.619      2.347        470 1.9461e+02 0.0000e+00
      1.665    23.9876     9.4454    112.227  36.037433     36.783      8.621   206.4236     6.2111     1.2931     0.0241      0.065      1.632      2.366        471 1.9134e+02 0.0000e+00
      1.676    23.9780     9.4417    112.190  35.972136     36.677      8.619   206.3101     6.2192     1.2931     0.0241      0.063      1.645      2.385        472 1.8984e+02 0.0000e+00
      1.691    23.9733     9.4480    112.240  35.977749     36.743      8.616   206.4994     6.2394     1.2931     0.0241      0.059      1.657      2.404        473 1.8696e+02 0.0000e+00
      1.702    23.9842     9.4627    112.366  35.971137     36.693      8.611   206.2722     6.4577     1.3333     0.0241      0.054      1.668      2.419        474 1.8565e+02 0.0000e+00
      1.709    23.9998     9.4721    112.442  35.980369     36.753      8.606   206.4236     6.4860     1.2528     0.0241      0.048      1.676      2.431        475 1.8632e+02 0.0000e+00
      1.717    24.0039     9.4697    112.393  35.966261     36.688      8.601   206.5751     6.4699     1.2662     0.0241      0.045      1.684      2.443        476 1.8267e+02 0.0000e+00
      1.725    24.0044     9.4695    112.389  35.988691     36.733      8.600   206.5751     6.4335     1.2662     0.0241      0.044      1.692      2.454        477 1.8270e+02 0.0000e+00
      1.733    24.0029     9.4619    112.297  36.011766     36.731      8.598   206.6508     6.6073     1.2125     0.0241      0.040      1.699      2.465        478 1.8163e+02 0.0000e+00
      1.739    24.0005     9.4484    112.132  35.996857     36.729      8.593   206.3858     6.5790     1.3065     0.0241      0.036      1.705      2.474        479 1.8033e+02 0.0000e+00
      1.745    23.9991     9.4355    111.975  36.007244     36.732      8.590   207.2565     6.5993     1.3871     0.0241      0.033      1.711      2.482        480 1.8152e+02 0.0000e+00
      1.751    24.0026     9.4175    111.752  35.998841     36.733      8.589   206.8401     6.6073     1.1453     0.0241      0.029      1.717      2.492        481 1.7755e+02 0.0000e+00
      1.759    24.0063     9.3887    111.413  36.007316     36.734      8.592   206.9158     6.8783     1.3468     0.0241      0.028      1.725      2.502        482 1.7748e+02 0.0000e+00
      1.767    23.9942     9.3625    111.112  35.996697     36.731      8.591   207.4079     6.9227     1.2931     0.0241      0.027      1.732      2.512        483 1.7639e+02 0.0000e+00
      1.773    23.9721     9.3341    110.797  35.952739     36.671      8.588   207.7486     6.9066     1.3199     0.0241      0.027      1.739      2.521        484 1.7440e+02 0.0000e+00
      1.779    23.9544     9.3028    110.441  35.943387     36.680      8.587   207.6351     6.9470     1.3602     0.0241      0.026      1.745      2.530        485 1.7603e+02 0.0000e+00
      1.786    23.9455     9.2798    110.156  35.949024     36.697      8.587   207.8244     7.1654     1.4810     0.0241      0.026      1.751      2.540        486 1.7250e+02 0.0000e+00
      1.793    23.9441     9.2649    109.925  35.886418     36.653      8.588   207.5215     7.1694     1.4408     0.0241      0.027      1.758      2.550        487 1.7185e+02 0.0000e+00
      1.799    23.9432     9.2555    109.764  35.902673     36.660      8.590   207.8244     7.1613     1.3871     0.0241      0.027      1.763      2.558        488 1.7208e+02 0.0000e+00
      1.802    23.9412     9.2469    109.640  35.928798     36.718      8.588   207.7486     7.1694     1.4810     0.0241      0.025      1.767      2.563        489 1.7051e+02 0.0000e+00
      1.806    23.9384     9.2578    109.758  35.913225     36.662      8.588   207.6729     7.1532     1.4676     0.0241      0.023      1.771      2.569        490 1.7120e+02 0.0000e+00
      1.810    23.9351     9.2609    109.788  35.922056     36.720      8.589   207.9379     7.4848     1.3468     0.0241      0.022      1.775      2.575        491 1.6941e+02 0.0000e+00
      1.816    23.9357     9.2477    109.621  35.917810     36.665      8.589   208.0515     7.4686     1.4676     0.0241      0.021      1.780      2.583        492 1.6866e+02 0.0000e+00
      1.822    23.9411     9.2130    109.192  35.977826     36.782      8.586   208.2029     7.4889     1.4945     0.0241      0.020      1.786      2.592        493 1.6802e+02 0.0000e+00
      1.828    23.9507     9.1691    108.666  35.966000     36.724      8.584   208.4679     7.4889     1.4945     0.0241      0.019      1.794      2.603        494 1.6536e+02 0.0000e+00
      1.840    23.9586     9.1142    108.016  35.991843     36.778      8.588   208.2029     7.6668     1.4542     0.0241      0.021      1.808      2.621        495 1.6315e+02 0.0000e+00
      1.861    23.9522     9.0678    107.474  36.004980     36.770      8.587   208.9601     7.6466     1.4676     0.0241      0.027      1.828      2.650        496 1.5765e+02 0.0000e+00
      1.891    23.9268     9.0383    107.130  35.949649     36.707      8.577   209.9065     7.6668     1.4408     0.0241      0.038      1.853      2.687        497 1.5167e+02 0.0000e+00
      1.916    23.9028     9.0119    106.807  35.942067     36.711      8.561   210.2472     7.6910     1.4676     0.0241      0.052      1.875      2.719        498 1.4952e+02 0.0000e+00
      1.928    23.8920     8.9874    106.509  35.955103     36.731      8.540   210.1715     8.2005     1.6825     0.0241      0.062      1.888      2.738        499 1.4935e+02 0.0000e+00
      1.931    23.8864     8.9643    106.231  35.992753     36.806      8.528   210.3987     8.1803     1.6422     0.0241      0.066      1.894      2.748        500 1.4807e+02 0.0000e+00
      1.939    23.8833     8.9546    106.098  35.954539     36.757      8.521   210.6637     8.1561     1.6959     0.0241      0.066      1.901      2.758        501 1.4644e+02 0.0000e+00
      1.946    23.8781     8.9511    106.046  35.943349     36.762      8.513   210.5879     8.1924     1.6690     0.0241      0.062      1.908      2.768        502 1.4570e+02 0.0000e+00
      1.953    23.8701     8.9686    106.252  35.947366     36.764      8.507   211.1558     8.3663     1.7496     0.0241      0.053      1.914      2.777        503 1.4425e+02 0.0000e+00
      1.958    23.8662     8.9730    106.317  35.949543     36.768      8.502   211.4965     8.3946     1.6019     0.0241      0.042      1.919      2.783        504 1.4427e+02 0.0000e+00
      1.960    23.8673     8.9755    106.372  35.940642     36.774      8.496   211.8372     8.3502     1.6153     0.0241      0.031      1.922      2.787        505 1.4393e+02 0.0000e+00
      1.962    23.8709     8.9889    106.541  35.899129     36.720      8.490   212.2915     8.3663     1.7093     0.0241      0.023      1.925      2.791        506 1.4339e+02 0.0000e+00
      1.966    23.8733     9.0004    106.680  35.941889     36.776      8.487   211.9508     8.5321     1.4945     0.0241      0.020      1.928      2.797        507 1.4294e+02 0.0000e+00
      1.971    23.8687     9.0031    106.727  35.946743     36.773      8.482   212.0265     8.5038     1.4408     0.0241      0.018      1.933      2.804        508 1.4181e+02 0.0000e+00
      1.977    23.8647     9.0078    106.773  35.952404     36.771      8.477   212.3294     8.5240     1.4139     0.0241      0.017      1.940      2.813        509 1.4051e+02 0.0000e+00
      1.986    23.8620     9.0189    106.887  35.934845     36.775      8.473   212.7837     8.4795     1.4676     0.0241      0.017      1.947      2.823        510 1.3869e+02 0.0000e+00
