Data/DataNotYetUploadedToEDI/Raw_CTD/RawDownloads/082718_fcr50.cnv
* Sea-Bird SBE19plus  Data File:
* FileName = C:\DATA\082718_fcr_0003.hex
* Software version 2.6.3.104
* Temperature SN = 7809
* Conductivity SN = 7809
* System UpLoad Time = Aug 27 2018 20:56:07
* <ApplicationData>
* <Seaterm232>
# nquan = 17
# nvalues = 1258                        
# units = specified
# name 0 = depFM: Depth [fresh water, m]
# name 1 = tv290C: Temperature [ITS-90, deg C]
# name 2 = sbeox0Mg/L: Oxygen, SBE 43 [mg/l]
# name 3 = sbeox0PS: Oxygen, SBE 43 [% saturation]
# name 4 = c0uS/cm: Conductivity [uS/cm]
# name 5 = specc: Specific Conductance [uS/cm]
# name 6 = ph: pH
# name 7 = orp: Oxidation Reduction Potential [mV]
# name 8 = flECO-AFL: Fluorescence, WET Labs ECO-AFL/FL [mg/m^3]
# name 9 = turbWETntu0: Turbidity, WET Labs ECO [NTU]
# name 10 = sal00: Salinity, Practical [PSU]
# name 11 = dz/dtM: Descent Rate [m/s]
# name 12 = prdM: Pressure, Strain Gauge [db]
# name 13 = prdE: Pressure, Strain Gauge [psi]
# name 14 = scan: Scan Count
# name 15 = par/sat/log: PAR/Logarithmic, Satlantic
# name 16 = flag:  0.000e+00
# span 0 =     -0.476,      9.702       
# span 1 =    11.5816,    32.2408       
# span 2 =     0.0499,     9.7061       
# span 3 =      0.459,    119.290       
# span 4 =   2.794336, 156.929103       
# span 5 =      2.419,    214.521       
# span 6 =      0.206,      8.377       
# span 7 = -1240.7455,   392.9463       
# span 8 =    -0.2507,    13.7161       
# span 9 =    -5.3269,    44.2356       
# span 10 =     0.0142,     0.1010      
# span 11 =     -0.023,      0.182      
# span 12 =     -0.467,      9.514      
# span 13 =     -0.678,     13.799      
# span 14 =          1,       1258      
# span 15 = 1.2408e-01, 2.0032e+03      
# span 16 = 0.0000e+00, 0.0000e+00      
# interval = seconds: 0.25
# start_time = Aug 27 2018 15:43:24 [Instrument's time stamp, header]
# bad_flag = -9.990e-29
*END*
[from data line 596]
      1.922    23.7824     8.3674     98.782  35.944332     36.829      8.138   249.8838     6.0898     0.9574     0.0241      0.042      1.885      2.733        597 1.6800e+02 0.0000e+00
      1.925    23.7942     8.3286     98.300  35.948629     36.840      8.132   249.6188     6.1221     0.9976     0.0241      0.035      1.887      2.738        598 1.6617e+02 0.0000e+00
      1.927    23.8041     8.2937     97.833  35.945773     36.840      8.128   249.4673     6.1019     1.0379     0.0241      0.027      1.891      2.743        599 1.6347e+02 0.0000e+00
      1.935    23.7959     8.2760     97.567  35.947885     36.831      8.126   249.2402     6.2394     1.0782     0.0241      0.020      1.898      2.753        600 1.6043e+02 0.0000e+00
      1.944    23.7626     8.2565     97.268  35.945995     36.823      8.123   249.2402     6.2515     0.9842     0.0241      0.018      1.906      2.764        601 1.5756e+02 0.0000e+00
      1.952    23.7169     8.2242     96.805  35.948122     36.829      8.120   249.3159     6.2353     1.1319     0.0241      0.019      1.915      2.778        602 1.5425e+02 0.0000e+00
      1.965    23.6875     8.1796     96.180  35.945242     36.855      8.118   249.7323     6.2232     0.9574     0.0241      0.023      1.925      2.793        603 1.5234e+02 0.0000e+00
      1.973    23.6865     8.0935     95.073  35.949594     36.890      8.115   249.3159     6.6114     0.9842     0.0241      0.027      1.935      2.806        604 1.5185e+02 0.0000e+00
      1.980    23.6910     7.9661     93.483  35.942727     36.912      8.112   249.6566     6.6235     0.9976     0.0241      0.031      1.944      2.818        605 1.5095e+02 0.0000e+00
      1.992    23.6773     7.8030     91.495  35.894485     36.855      8.108   249.9595     6.6276     0.9574     0.0241      0.034      1.955      2.835        606 1.5028e+02 0.0000e+00
      2.008    23.6608     7.5619     88.609  35.950316     36.909      8.105   249.7323     6.5871     1.0648     0.0241      0.039      1.972      2.859        607 1.4804e+02 0.0000e+00
      2.032    23.6463     7.2921     85.405  35.991880     36.977      8.097   249.0888     6.5912     1.2393     0.0241      0.044      1.993      2.889        608 1.4594e+02 0.0000e+00
      2.055    23.6184     6.9708     81.637  35.961398     36.932      8.085   249.3916     6.5709     1.2796     0.0241      0.052      2.013      2.919        609 1.4513e+02 0.0000e+00
      2.070    23.5853     6.6315     77.663  36.047576     37.057      8.072   249.5809     6.5952     1.2931     0.0241      0.058      2.029      2.944        610 1.4381e+02 0.0000e+00
      2.084    23.5490     6.3038     73.819  36.121912     37.137      8.061   250.5273     6.6235     1.2259     0.0242      0.063      2.044      2.966        611 1.4227e+02 0.0000e+00
      2.102    23.5022     6.0055     70.312  36.106170     37.161      8.050   250.8302     6.6114     1.2931     0.0242      0.067      2.062      2.992        612 1.4007e+02 0.0000e+00
      2.125    23.4486     5.7644     67.479  36.215475     37.276      8.033   251.3223     6.9551     1.2662     0.0242      0.072      2.084      3.023        613 1.3653e+02 0.0000e+00
      2.150    23.3949     5.5776     65.267  36.371467     37.513      8.014   249.8459     6.9106     1.2125     0.0243      0.075      2.107      3.056        614 1.3379e+02 0.0000e+00
      2.170    23.3427     5.4604     63.876  36.386606     37.527      7.995   250.3381     6.9308     1.2393     0.0243      0.077      2.126      3.084        615 1.3159e+02 0.0000e+00
      2.186    23.2999     5.3689     62.794  36.522911     37.741      7.980   250.6788     6.9147     1.1856     0.0243      0.076      2.141      3.105        616 1.2989e+02 0.0000e+00
      2.194    23.2639     5.2972     61.952  36.587434     37.840      7.964   251.3223     7.6223     1.1453     0.0244      0.073      2.150      3.118        617 1.2916e+02 0.0000e+00
      2.198    23.2390     5.2194     61.045  36.602926     37.874      7.951   252.5338     7.6183     1.2393     0.0244      0.069      2.155      3.126        618 1.2815e+02 0.0000e+00
      2.202    23.2341     5.1559     60.311  36.651951     37.988      7.939   251.7009     7.5940     1.3065     0.0244      0.061      2.159      3.132        619 1.2720e+02 0.0000e+00
      2.206    23.2345     5.0873     59.528  36.556100     37.864      7.929   251.8523     7.6304     1.2125     0.0244      0.050      2.164      3.139        620 1.2581e+02 0.0000e+00
      2.214    23.2290     5.0416     59.012  36.573924     37.925      7.922   252.2309     8.0550     1.1588     0.0244      0.039      2.171      3.149        621 1.2425e+02 0.0000e+00
      2.221    23.2207     5.0038     58.570  36.689092     38.012      7.913   252.5716     8.0590     1.1722     0.0244      0.030      2.180      3.162        622 1.2169e+02 0.0000e+00
      2.234    23.2107     4.9910     58.409  36.709372     38.073      7.907   253.0638     8.0792     1.2393     0.0244      0.027      2.190      3.177        623 1.1884e+02 0.0000e+00
      2.245    23.1919     5.0065     58.573  36.756306     38.081      7.897   253.7452     8.0873     1.3333     0.0244      0.027      2.199      3.190        624 1.1727e+02 0.0000e+00
      2.247    23.1746     5.0491     59.064  36.838307     38.232      7.884   253.8588     7.8326     1.2125     0.0245      0.028      2.203      3.196        625 1.1549e+02 0.0000e+00
      2.249    23.1654     5.1073     59.745  36.814947     38.162      7.873   254.5402     7.8083     1.2125     0.0245      0.029      2.205      3.198        626 1.1387e+02 0.0000e+00
      2.250    23.1620     5.1434     60.171  36.815045     38.233      7.866   254.0102     7.7962     1.1051     0.0245      0.027      2.206      3.200        627 1.1271e+02 0.0000e+00
      2.250    23.1643     5.1485     60.233  36.749214     38.125      7.857   254.4645     7.7962     1.3065     0.0244      0.023      2.206      3.200        628 1.1182e+02 0.0000e+00
      2.250    23.1718     5.1098     59.768  36.718918     38.127      7.849   254.7295     7.3635     1.3199     0.0244      0.017      2.206      3.200        629 1.1153e+02 0.0000e+00
      2.250    23.1900     5.0560     59.101  36.763770     38.154      7.840   255.1838     7.3716     1.2796     0.0245      0.011      2.206      3.200        630 1.1157e+02 0.0000e+00
      2.250    23.2061     4.9781     58.163  36.723055     38.119      7.833   255.2216     7.3554     1.2393     0.0244      0.006      2.208      3.203        631 1.1087e+02 0.0000e+00
      2.256    23.2068     4.8844     57.062  36.680604     38.047      7.824   255.2974     7.3756     1.1588     0.0244      0.004      2.215      3.213        632 1.0912e+02 0.0000e+00
      2.270    23.1962     4.7793     55.808  36.727614     38.092      7.818   255.3352     7.3595     1.2796     0.0244      0.008      2.227      3.230        633 1.0669e+02 0.0000e+00
      2.285    23.1813     4.6625     54.409  36.783184     38.150      7.806   255.2595     8.2652     1.1588     0.0245      0.014      2.240      3.249        634 1.0533e+02 0.0000e+00
      2.296    23.1737     4.5575     53.161  36.789405     38.157      7.799   255.8274     8.2733     1.1856     0.0245      0.022      2.252      3.266        635 1.0443e+02 0.0000e+00
      2.309    23.1744     4.4828     52.272  36.808855     38.199      7.790   255.8274     8.2288     1.2125     0.0245      0.030      2.263      3.282        636 1.0328e+02 0.0000e+00
      2.317    23.1773     4.4170     51.474  36.847962     38.234      7.778   255.5624     8.2450     1.1856     0.0245      0.037      2.271      3.293        637 1.0332e+02 0.0000e+00
      2.321    23.1799     4.3519     50.666  36.889039     38.291      7.766   255.6759     8.6170     1.2662     0.0245      0.040      2.276      3.301        638 1.0317e+02 0.0000e+00
      2.326    23.1683     4.2762     49.735  36.906036     38.289      7.755   256.2438     8.6372     1.2393     0.0245      0.040      2.281      3.309        639 1.0262e+02 0.0000e+00
      2.332    23.1352     4.1883     48.666  37.004769     38.403      7.746   256.0545     8.6372     1.2125     0.0246      0.037      2.286      3.317        640 1.0243e+02 0.0000e+00
      2.336    23.1115     4.0551     47.076  36.973788     38.383      7.736   255.9788     8.6251     1.1991     0.0246      0.031      2.291      3.323        641 1.0239e+02 0.0000e+00
      2.342    23.1036     3.8706     44.884  36.914939     38.322      7.725   256.6224     8.3785     1.1588     0.0245      0.026      2.298      3.332        642 1.0147e+02 0.0000e+00
      2.351    23.0794     3.6231     41.963  36.989039     38.458      7.717   256.6602     8.3906     1.1722     0.0246      0.024      2.306      3.344        643 1.0026e+02 0.0000e+00
      2.361    23.0464     3.3440     38.689  37.029883     38.463      7.706   256.3574     8.4189     1.2931     0.0246      0.024      2.315      3.358        644 9.9613e+01 0.0000e+00
      2.370    23.0233     3.0431     35.169  37.042078     38.542      7.695   256.6981     8.3865     1.1588     0.0246      0.026      2.325      3.373        645 9.8589e+01 0.0000e+00
      2.382    23.0059     2.6989     31.156  37.033194     38.509      7.681   256.8874     9.1872     1.2528     0.0246      0.029      2.340      3.394        646 9.6221e+01 0.0000e+00
      2.407    22.9734     2.3742     27.380  37.129933     38.674      7.666   258.8181     9.1670     1.1856     0.0246      0.036      2.364      3.428        647 9.3107e+01 0.0000e+00
      2.440    22.9225     2.0579     23.711  37.277623     38.804      7.646   259.2345     9.1751     1.3065     0.0247      0.049      2.395      3.473        648 8.9017e+01 0.0000e+00
      2.479    22.8698     1.7720     20.402  37.472277     39.063      7.618   260.0295     9.1912     1.2931     0.0248      0.065      2.429      3.522        649 8.5652e+01 0.0000e+00
      2.510    22.8195     1.5050     17.317  37.629221     39.251      7.588   260.1431    10.9057     1.5616     0.0248      0.082      2.458      3.565        650 8.4120e+01 0.0000e+00
      2.529    22.7709     1.2510     14.381  37.675547     39.352      7.563   260.3702    10.9340     1.6019     0.0249      0.094      2.481      3.598        651 8.1719e+01 0.0000e+00
      2.552    22.7136     1.0449     11.997  37.740924     39.452      7.545   260.2945    10.9462     1.6690     0.0249      0.102      2.501      3.628        652 7.9801e+01 0.0000e+00
      2.571    22.6505     0.8796     10.091  37.903821     39.667      7.529   262.5281    10.9340     1.6690     0.0250      0.106      2.520      3.655        653 7.8595e+01 0.0000e+00
      2.587    22.5935     0.7538      8.641  38.036414     39.862      7.514   262.7931    10.9098     1.6825     0.0250      0.103      2.538      3.681        654 7.6416e+01 0.0000e+00
      2.609    22.5369     0.6521      7.468  38.169173     40.032      7.500   263.4367    11.3101     1.5885     0.0251      0.096      2.558      3.710        655 7.4237e+01 0.0000e+00
      2.630    22.4784     0.5840      6.682  38.302210     40.256      7.482   263.2095    11.3222     1.6690     0.0252      0.088      2.578      3.739        656 7.2863e+01 0.0000e+00
      2.647    22.4239     0.5277      6.030  38.345472     40.304      7.472   263.5502    11.3101     1.6422     0.0252      0.080      2.596      3.765        657 7.1330e+01 0.0000e+00
      2.664    22.3766     0.5012      5.721  38.471307     40.530      7.451   264.3074    11.3061     1.6959     0.0253      0.076      2.611      3.787        658 6.9847e+01 0.0000e+00
      2.676    22.3395     0.4833      5.516  38.531248     40.606      7.436   264.6102     9.7735     1.5616     0.0253      0.073      2.623      3.804        659 6.9435e+01 0.0000e+00
      2.685    22.3082     0.4749      5.414  38.508202     40.647      7.419   264.8374     9.7654     1.6422     0.0253      0.068      2.636      3.824        660 6.7875e+01 0.0000e+00
      2.708    22.2566     0.4644      5.286  38.529674     40.679      7.406   264.9888     9.7573     1.6019     0.0253      0.066      2.655      3.852        661 6.5177e+01 0.0000e+00
      2.732    22.1931     0.4518      5.138  38.741847     40.942      7.386   265.6324     9.7816     1.6825     0.0254      0.066      2.675      3.879        662 6.4264e+01 0.0000e+00
      2.740    22.1511     0.4436      5.042  38.867090     41.134      7.362   265.0645     8.9850     1.5213     0.0254      0.063      2.687      3.897        663 6.3727e+01 0.0000e+00
      2.749    22.1105     0.4402      5.001  38.759452     41.043      7.347   265.3674     9.0093     1.3871     0.0254      0.060      2.697      3.912        664 6.2417e+01 0.0000e+00
      2.763    22.0596     0.4343      4.932  38.846170     41.197      7.331   265.8974     8.9648     1.4408     0.0254      0.058      2.708      3.928        665 6.1605e+01 0.0000e+00
      2.771    22.0128     0.4306      4.887  38.996499     41.381      7.315   266.4274     8.9729     1.4139     0.0255      0.056      2.719      3.943        666 6.0635e+01 0.0000e+00
      2.784    21.9504     0.4222      4.786  39.046999     41.485      7.300   266.4652     8.8516     1.4676     0.0255      0.054      2.732      3.962        667 5.9501e+01 0.0000e+00
      2.801    21.8980     0.4175      4.726  39.228297     41.705      7.287   266.4652     8.8354     1.3871     0.0256      0.052      2.749      3.987        668 5.8175e+01 0.0000e+00
      2.823    21.8818     0.4130      4.672  39.275180     41.848      7.274   265.1781     8.8273     1.3871     0.0257      0.051      2.770      4.018        669 5.6147e+01 0.0000e+00
      2.851    21.8279     0.4087      4.621  39.196326     41.750      7.258   265.9352     8.8192     1.3065     0.0256      0.056      2.794      4.052        670 5.4311e+01 0.0000e+00
      2.872    21.7465     0.4151      4.690  39.504437     42.147      7.240   266.0867     8.1682     1.4945     0.0258      0.064      2.813      4.080        671 5.3699e+01 0.0000e+00
      2.881    21.6991     0.4058      4.582  39.633350     42.317      7.226   267.0331     8.2086     1.3602     0.0258      0.069      2.824      4.097        672 5.3280e+01 0.0000e+00
      2.889    21.6710     0.4008      4.523  39.540205     42.273      7.211   267.6767     8.2127     1.4139     0.0258      0.069      2.833      4.110        673 5.2504e+01 0.0000e+00
      2.899    21.6477     0.4003      4.513  39.679720     42.493      7.199   266.2760     8.1803     1.4408     0.0259      0.068      2.842      4.123        674 5.2078e+01 0.0000e+00
      2.907    21.6243     0.4025      4.526  39.756395     42.580      7.185   266.5031     8.1803     1.4273     0.0259      0.062      2.851      4.135        675 5.1468e+01 0.0000e+00
      2.916    21.5963     0.3971      4.455  39.741442     42.600      7.171   266.4652     7.8083     1.4408     0.0259      0.054      2.860      4.147        676 5.0994e+01 0.0000e+00
      2.924    21.5351     0.3929      4.402  39.817000     42.682      7.162   266.8060     7.8123     1.4945     0.0259      0.045      2.867      4.158        677 5.0851e+01 0.0000e+00
      2.930    21.4614     0.3886      4.352  39.988686     42.917      7.151   266.9195     7.8204     1.3333     0.0260      0.037      2.872      4.165        678 5.0879e+01 0.0000e+00
      2.932    21.4204     0.3750      4.200  40.061758     43.033      7.137   266.8438     7.8043     1.4945     0.0260      0.031      2.875      4.170        679 5.0864e+01 0.0000e+00
      2.935    21.3930     0.3709      4.158  40.052403     43.104      7.125   266.9195     8.0914     1.4139     0.0260      0.028      2.877      4.174        680 5.0966e+01 0.0000e+00
