Data/DataNotYetUploadedToEDI/Raw_CTD/RawDownloads/082718_fcr45.cnv
* Sea-Bird SBE19plus  Data File:
* FileName = C:\DATA\082718_fcr_0007.hex
* Software version 2.6.3.104
* Temperature SN = 7809
* Conductivity SN = 7809
* System UpLoad Time = Aug 27 2018 20:57:41
* <ApplicationData>
* <Seaterm232>
# nquan = 17
# nvalues = 1029                        
# units = specified
# name 0 = depFM: Depth [fresh water, m]
# name 1 = tv290C: Temperature [ITS-90, deg C]
# name 2 = sbeox0Mg/L: Oxygen, SBE 43 [mg/l]
# name 3 = sbeox0PS: Oxygen, SBE 43 [% saturation]
# name 4 = c0uS/cm: Conductivity [uS/cm]
# name 5 = specc: Specific Conductance [uS/cm]
# name 6 = ph: pH
# name 7 = orp: Oxidation Reduction Potential [mV]
# name 8 = flECO-AFL: Fluorescence, WET Labs ECO-AFL/FL [mg/m^3]
# name 9 = turbWETntu0: Turbidity, WET Labs ECO [NTU]
# name 10 = sal00: Salinity, Practical [PSU]
# name 11 = dz/dtM: Descent Rate [m/s]
# name 12 = prdM: Pressure, Strain Gauge [db]
# name 13 = prdE: Pressure, Strain Gauge [psi]
# name 14 = scan: Scan Count
# name 15 = par/sat/log: PAR/Logarithmic, Satlantic
# name 16 = flag:  0.000e+00
# span 0 =     -0.521,      7.662       
# span 1 =    11.8751,    27.1395       
# span 2 =     0.0689,     9.5491       
# span 3 =      0.638,    116.695       
# span 4 =   0.251970, 128.219343       
# span 5 =      0.564,    173.847       
# span 6 =      6.274,      8.713       
# span 7 =   109.2819,   241.3280       
# span 8 =    -0.1900,    11.9166       
# span 9 =    -0.2914,    13.0559       
# span 10 =     0.0119,     0.0820      
# span 11 =     -0.044,      0.178      
# span 12 =     -0.511,      7.513      
# span 13 =     -0.741,     10.897      
# span 14 =          1,       1029      
# span 15 = 1.2312e-01, 1.8238e+03      
# span 16 = 0.0000e+00, 0.0000e+00      
# interval = seconds: 0.25
# start_time = Aug 27 2018 20:29:28 [Instrument's time stamp, header]
# bad_flag = -9.990e-29
*END*
[from data line 596]
      1.033    24.4808     7.9125     94.643  36.438540     36.794      8.623   202.0701     4.6543     1.2931     0.0243      0.038      1.012      1.468        597 8.3478e+01 0.0000e+00
      1.038    24.4670     8.0465     96.227  36.407520     36.793      8.625   202.0701     4.6219     1.2393     0.0243      0.035      1.018      1.477        598 8.3269e+01 0.0000e+00
      1.043    24.4590     8.2155     98.221  36.378702     36.743      8.629   202.1836     4.6138     1.2796     0.0242      0.032      1.025      1.487        599 8.2519e+01 0.0000e+00
      1.056    24.4473     8.3669     99.985  36.355770     36.754      8.630   202.3351     4.8039     1.2393     0.0242      0.031      1.036      1.503        600 8.2060e+01 0.0000e+00
      1.071    24.4371     8.4768    101.264  36.317427     36.703      8.629   202.3351     4.8160     1.2662     0.0242      0.032      1.051      1.524        601 8.0735e+01 0.0000e+00
      1.089    24.4351     8.5869    102.551  36.278131     36.683      8.629   202.2972     4.8201     1.2796     0.0242      0.036      1.068      1.549        602 7.9233e+01 0.0000e+00
      1.107    24.4261     8.7181    104.096  36.256387     36.664      8.625   202.7893     4.7837     1.2393     0.0242      0.042      1.085      1.574        603 7.7749e+01 0.0000e+00
      1.124    24.4106     8.8559    105.716  36.196198     36.607      8.622   202.5622     4.9050     1.3065     0.0242      0.049      1.103      1.600        604 7.6071e+01 0.0000e+00
      1.144    24.3941     8.9866    107.257  36.204743     36.615      8.621   202.7136     4.9211     1.2931     0.0242      0.056      1.124      1.631        605 7.5007e+01 0.0000e+00
      1.173    24.3794     9.0757    108.306  36.186439     36.625      8.614   203.8494     4.9009     1.2528     0.0242      0.066      1.152      1.671        606 7.3457e+01 0.0000e+00
      1.210    24.3621     9.1497    109.170  36.189325     36.611      8.601   204.0765     4.9009     1.2931     0.0242      0.078      1.180      1.712        607 7.2736e+01 0.0000e+00
      1.227    24.3503     9.2011    109.755  36.230819     36.705      8.591   203.8872     4.9009     1.2931     0.0242      0.085      1.198      1.737        608 7.3264e+01 0.0000e+00
      1.227    24.3357     9.2493    110.307  36.134810     36.578      8.590   203.6979     4.8969     1.2393     0.0241      0.085      1.204      1.747        609 7.3220e+01 0.0000e+00
      1.231    24.3117     9.2277    110.013  36.041887     36.529      8.590   204.0008     4.9090     1.2931     0.0241      0.079      1.209      1.753        610 7.2905e+01 0.0000e+00
      1.240    24.2928     9.2072    109.737  36.020223     36.483      8.592   203.8494     4.9373     1.3065     0.0241      0.070      1.217      1.765        611 7.2644e+01 0.0000e+00
      1.251    24.2785     9.1947    109.550  36.043145     36.558      8.594   203.8494     5.0263     1.2662     0.0241      0.061      1.227      1.780        612 7.2088e+01 0.0000e+00
      1.263    24.2665     9.1943    109.513  36.013372     36.515      8.594   204.0386     5.0182     1.2393     0.0241      0.051      1.239      1.798        613 7.1399e+01 0.0000e+00
      1.279    24.2544     9.1805    109.316  35.997968     36.526      8.595   203.8115     5.0465     1.2662     0.0241      0.042      1.253      1.817        614 7.0592e+01 0.0000e+00
      1.289    24.2440     9.1718    109.187  36.003006     36.534      8.592   203.8115     5.0465     1.3199     0.0241      0.037      1.264      1.833        615 7.0012e+01 0.0000e+00
      1.297    24.2371     9.1700    109.137  35.947791     36.487      8.595   203.9251     5.0546     1.2393     0.0241      0.038      1.274      1.846        616 6.9537e+01 0.0000e+00
      1.308    24.2272     9.1561    108.946  35.888736     36.437      8.595   204.4172     5.0788     1.3333     0.0240      0.042      1.285      1.863        617 6.8865e+01 0.0000e+00
      1.324    24.2145     9.1400    108.732  35.898554     36.443      8.592   204.7201     5.1152     1.2796     0.0240      0.046      1.300      1.885        618 6.8104e+01 0.0000e+00
      1.342    24.2016     9.1113    108.367  35.935579     36.506      8.585   204.7958     5.0869     1.2796     0.0241      0.048      1.317      1.910        619 6.7109e+01 0.0000e+00
      1.361    24.1857     9.0865    108.061  35.842665     36.403      8.577   204.9851     5.1072     1.2662     0.0240      0.051      1.336      1.937        620 6.6252e+01 0.0000e+00
      1.383    24.1690     9.0406    107.503  35.836238     36.412      8.569   205.0608     5.1435     1.1856     0.0240      0.056      1.357      1.967        621 6.5186e+01 0.0000e+00
      1.405    24.1519     9.0054    107.074  35.884266     36.481      8.553   205.7044     5.1476     1.3199     0.0240      0.062      1.377      1.997        622 6.4209e+01 0.0000e+00
      1.422    24.1351     8.9642    106.568  35.842221     36.436      8.541   205.8936     5.1759     1.3065     0.0240      0.068      1.395      2.024        623 6.3429e+01 0.0000e+00
      1.441    24.1193     8.9464    106.345  35.799598     36.421      8.527   205.8558     5.1314     1.3468     0.0240      0.073      1.413      2.049        624 6.2693e+01 0.0000e+00
      1.459    24.1061     8.9169    105.987  35.789026     36.405      8.517   206.0072     5.3659     1.2662     0.0240      0.076      1.428      2.072        625 6.2470e+01 0.0000e+00
      1.470    24.0931     8.8797    105.539  35.825727     36.474      8.507   206.4236     5.3457     1.3199     0.0240      0.074      1.440      2.089        626 6.2214e+01 0.0000e+00
      1.478    24.0802     8.8477    105.152  35.842907     36.483      8.500   206.4615     5.3457     1.2931     0.0240      0.069      1.448      2.101        627 6.1946e+01 0.0000e+00
      1.484    24.0686     8.8443    105.095  35.826969     36.493      8.495   206.4615     5.3619     1.2528     0.0240      0.062      1.455      2.111        628 6.1756e+01 0.0000e+00
      1.492    24.0580     8.8403    105.027  35.845568     36.502      8.490   206.7644     5.3659     1.3065     0.0240      0.053      1.463      2.122        629 6.1607e+01 0.0000e+00
      1.499    24.0518     8.8160    104.715  35.849426     36.539      8.487   206.6508     5.3498     1.2931     0.0240      0.045      1.470      2.132        630 6.1433e+01 0.0000e+00
      1.506    24.0463     8.7845    104.308  35.792516     36.462      8.482   206.9158     5.3376     1.3333     0.0240      0.039      1.477      2.142        631 6.1193e+01 0.0000e+00
      1.513    24.0404     8.7593    103.969  35.827423     36.523      8.478   206.9158     5.3457     1.2393     0.0240      0.033      1.483      2.151        632 6.0987e+01 0.0000e+00
      1.517    24.0332     8.7455    103.755  35.835647     36.528      8.473   207.2565     5.3740     1.3602     0.0240      0.029      1.487      2.157        633 6.0998e+01 0.0000e+00
      1.521    24.0268     8.7294    103.496  35.782283     36.475      8.470   207.5972     5.3498     1.2662     0.0240      0.026      1.491      2.162        634 6.1053e+01 0.0000e+00
      1.522    24.0232     8.7256    103.372  35.834519     36.537      8.469   207.4458     5.3417     1.2259     0.0240      0.023      1.494      2.167        635 6.0821e+01 0.0000e+00
      1.526    24.0205     8.7130    103.140  35.859617     36.571      8.467   207.4836     5.3619     1.1588     0.0240      0.020      1.499      2.174        636 6.0374e+01 0.0000e+00
      1.538    24.0168     8.6984    102.895  35.780712     36.488      8.466   207.7486     5.3174     1.2528     0.0240      0.020      1.509      2.189        637 5.9863e+01 0.0000e+00
      1.553    24.0086     8.6740    102.547  35.784428     36.490      8.459   207.9379     5.3983     1.2796     0.0240      0.022      1.522      2.207        638 5.9362e+01 0.0000e+00
      1.564    23.9981     8.6300    101.975  35.825334     36.550      8.454   208.3165     5.4023     1.2931     0.0240      0.026      1.533      2.223        639 5.8988e+01 0.0000e+00
      1.572    23.9858     8.5763    101.296  35.789123     36.499      8.451   207.9001     5.4145     1.2796     0.0240      0.030      1.545      2.241        640 5.8527e+01 0.0000e+00
      1.590    23.9690     8.5347    100.760  35.799839     36.535      8.443   208.6572     5.4185     1.2796     0.0240      0.036      1.565      2.269        641 5.7228e+01 0.0000e+00
      1.626    23.9489     8.5130    100.458  35.782346     36.516      8.422   210.0201     5.3983     1.2796     0.0240      0.048      1.595      2.314        642 5.5734e+01 0.0000e+00
      1.664    23.9225     8.4740     99.960  35.781241     36.528      8.391   210.5122     5.3942     1.2931     0.0240      0.065      1.629      2.364        643 5.4532e+01 0.0000e+00
      1.695    23.8875     8.4331     99.437  35.771564     36.543      8.365   211.3072     5.4347     1.3333     0.0240      0.080      1.659      2.406        644 5.3643e+01 0.0000e+00
      1.716    23.8466     8.3829     98.818  35.735082     36.506      8.341   211.3829     5.3983     1.3065     0.0240      0.091      1.680      2.436        645 5.3410e+01 0.0000e+00
      1.728    23.8044     8.3300     98.172  35.826655     36.646      8.323   211.7615     5.7824     1.2393     0.0240      0.097      1.693      2.456        646 5.3047e+01 0.0000e+00
      1.737    23.7670     8.2819     97.581  35.805913     36.648      8.313   211.8372     5.8188     1.3065     0.0240      0.097      1.703      2.470        647 5.2563e+01 0.0000e+00
      1.745    23.7363     8.2485     97.161  35.731258     36.594      8.306   211.9508     5.7905     1.3468     0.0240      0.091      1.712      2.482        648 5.2426e+01 0.0000e+00
      1.754    23.7093     8.2100     96.682  35.771289     36.680      8.301   212.2915     5.7986     1.2125     0.0240      0.078      1.721      2.495        649 5.2053e+01 0.0000e+00
      1.764    23.6857     8.1734     96.227  35.785772     36.703      8.296   212.2915     6.0008     1.2931     0.0240      0.061      1.731      2.510        650 5.1608e+01 0.0000e+00
      1.777    23.6618     8.1673     96.137  35.772569     36.723      8.292   212.5187     5.9765     1.2662     0.0240      0.049      1.742      2.527        651 5.1234e+01 0.0000e+00
      1.789    23.6379     8.1801     96.280  35.787734     36.741      8.286   212.5944     5.9846     1.1856     0.0240      0.042      1.755      2.546        652 5.0788e+01 0.0000e+00
      1.802    23.6168     8.1965     96.470  35.855885     36.845      8.274   212.9351     6.0089     1.2393     0.0241      0.041      1.769      2.567        653 5.0223e+01 0.0000e+00
      1.822    23.5962     8.2011     96.530  35.836058     36.835      8.265   213.2758     5.9765     1.2796     0.0240      0.044      1.788      2.594        654 4.9300e+01 0.0000e+00
      1.848    23.5810     8.2036     96.570  35.960712     36.965      8.247   213.6544     5.9644     1.2528     0.0241      0.052      1.812      2.628        655 4.8487e+01 0.0000e+00
      1.873    23.5690     8.1873     96.375  36.293937     37.355      8.227   214.1465     5.9846     1.2662     0.0242      0.061      1.835      2.662        656 4.7856e+01 0.0000e+00
      1.892    23.5555     8.1531     95.952  36.607723     37.654      8.208   214.2980     5.9887     1.4005     0.0244      0.069      1.855      2.692        657 4.7421e+01 0.0000e+00
      1.912    23.5416     8.1063     95.381  36.845560     37.951      8.192   214.1844     6.8136     1.3736     0.0245      0.076      1.873      2.717        658 4.7097e+01 0.0000e+00
      1.927    23.5276     8.0588     94.813  36.858083     37.933      8.176   214.2222     6.8136     1.3333     0.0245      0.079      1.887      2.737        659 4.6688e+01 0.0000e+00
      1.934    23.5139     8.0237     94.412  36.710782     37.829      8.163   214.2601     6.7974     1.3468     0.0244      0.077      1.896      2.750        660 4.6426e+01 0.0000e+00
      1.940    23.5040     8.0020     94.156  36.554330     37.638      8.155   214.4872     6.7974     1.2528     0.0243      0.071      1.903      2.760        661 4.6241e+01 0.0000e+00
      1.947    23.5000     7.9922     94.022  36.459605     37.591      8.149   214.5251     6.8136     1.2528     0.0243      0.061      1.908      2.768        662 4.6212e+01 0.0000e+00
      1.950    23.4984     7.9683     93.721  36.383782     37.484      8.139   214.1465     7.8851     1.4945     0.0243      0.049      1.912      2.773        663 4.6110e+01 0.0000e+00
      1.953    23.5014     7.9427     93.393  36.322445     37.458      8.134   214.5630     7.8730     1.4676     0.0243      0.037      1.915      2.778        664 4.5868e+01 0.0000e+00
      1.958    23.5074     7.9179     93.080  36.328326     37.430      8.129   214.7144     7.8568     1.4408     0.0242      0.029      1.920      2.785        665 4.5748e+01 0.0000e+00
      1.963    23.5052     7.8923     92.755  36.287486     37.428      8.127   214.7901     7.8487     1.5482     0.0242      0.022      1.925      2.792        666 4.5625e+01 0.0000e+00
      1.969    23.4945     7.8710     92.485  36.135999     37.221      8.119   214.7901     7.5091     1.6288     0.0242      0.019      1.931      2.801        667 4.5286e+01 0.0000e+00
      1.976    23.4826     7.8571     92.306  36.101624     37.223      8.116   214.7901     7.4929     1.4542     0.0242      0.019      1.938      2.810        668 4.5038e+01 0.0000e+00
      1.981    23.4786     7.8536     92.243  36.063338     37.174      8.112   214.9037     7.4929     1.6153     0.0241      0.020      1.943      2.818        669 4.4971e+01 0.0000e+00
      1.986    23.4847     7.8610     92.307  36.005699     37.125      8.105   215.0551     7.5091     1.4945     0.0241      0.020      1.949      2.827        670 4.4818e+01 0.0000e+00
      1.994    23.4839     7.8714     92.408  35.995408     37.129      8.099   215.3580     7.3190     1.3065     0.0241      0.022      1.956      2.838        671 4.4526e+01 0.0000e+00
      2.005    23.4738     7.8802     92.490  35.957514     37.066      8.094   215.5094     7.3150     1.3199     0.0241      0.025      1.966      2.852        672 4.4232e+01 0.0000e+00
      2.016    23.4618     7.8743     92.399  35.934222     37.067      8.089   215.9258     7.3352     1.2796     0.0241      0.027      1.977      2.868        673 4.3934e+01 0.0000e+00
      2.028    23.4476     7.8536     92.132  35.905760     37.017      8.079   216.0772     7.3069     1.2393     0.0241      0.031      1.989      2.885        674 4.3525e+01 0.0000e+00
      2.041    23.4350     7.8318     91.861  35.903963     37.055      8.068   216.2665     7.3231     1.4676     0.0241      0.035      2.002      2.903        675 4.3376e+01 0.0000e+00
      2.053    23.4218     7.8170     91.679  35.906805     37.037      8.063   216.1908     7.3190     1.5616     0.0241      0.039      2.015      2.923        676 4.2937e+01 0.0000e+00
      2.068    23.4098     7.7981     91.453  35.991207     37.162      8.055   216.5694     7.2948     1.5348     0.0241      0.044      2.030      2.945        677 4.2308e+01 0.0000e+00
      2.089    23.4004     7.7786     91.217  36.065861     37.230      8.045   216.6830     7.3109     1.5348     0.0241      0.049      2.049      2.972        678 4.1839e+01 0.0000e+00
      2.111    23.3883     7.7348     90.698  36.318102     37.499      8.031   217.1372     7.3150     1.4408     0.0243      0.056      2.069      3.001        679 4.1163e+01 0.0000e+00
      2.129    23.3753     7.6936     90.209  36.834005     38.054      8.019   217.0615     8.3218     1.7765     0.0245      0.061      2.087      3.028        680 4.0763e+01 0.0000e+00
