Data/DataNotYetUploadedToEDI/Raw_CTD/RawDownloads/082718_fcr30.cnv
* Sea-Bird SBE19plus  Data File:
* FileName = C:\DATA\082718_fcr_0006.hex
* Software version 2.6.3.104
* Temperature SN = 7809
* Conductivity SN = 7809
* System UpLoad Time = Aug 27 2018 20:57:10
* <ApplicationData>
* <Seaterm232>
# nquan = 17
# nvalues = 882                         
# units = specified
# name 0 = depFM: Depth [fresh water, m]
# name 1 = tv290C: Temperature [ITS-90, deg C]
# name 2 = sbeox0Mg/L: Oxygen, SBE 43 [mg/l]
# name 3 = sbeox0PS: Oxygen, SBE 43 [% saturation]
# name 4 = c0uS/cm: Conductivity [uS/cm]
# name 5 = specc: Specific Conductance [uS/cm]
# name 6 = ph: pH
# name 7 = orp: Oxidation Reduction Potential [mV]
# name 8 = flECO-AFL: Fluorescence, WET Labs ECO-AFL/FL [mg/m^3]
# name 9 = turbWETntu0: Turbidity, WET Labs ECO [NTU]
# name 10 = sal00: Salinity, Practical [PSU]
# name 11 = dz/dtM: Descent Rate [m/s]
# name 12 = prdM: Pressure, Strain Gauge [db]
# name 13 = prdE: Pressure, Strain Gauge [psi]
# name 14 = scan: Scan Count
# name 15 = par/sat/log: PAR/Logarithmic, Satlantic
# name 16 = flag:  0.000e+00
# span 0 =     -0.515,      5.376       
# span 1 =    12.7191,    27.9415       
# span 2 =     0.0697,     9.7983       
# span 3 =      0.658,    120.655       
# span 4 =   0.634066,  68.817219       
# span 5 =      0.981,     89.213       
# span 6 =      6.373,      8.679       
# span 7 =    64.4211,   247.8395       
# span 8 =    -0.4973,    13.8535       
# span 9 =    -7.7574,    22.7778       
# span 10 =     0.0128,     0.0437      
# span 11 =     -0.040,      0.274      
# span 12 =     -0.505,      5.271      
# span 13 =     -0.733,      7.646      
# span 14 =          1,        882      
# span 15 = 6.5956e-01, 1.9848e+03      
# span 16 = 0.0000e+00, 0.0000e+00      
# interval = seconds: 0.25
# start_time = Aug 27 2018 20:00:10 [Instrument's time stamp, header]
# bad_flag = -9.990e-29
*END*
     -0.515    27.9415     8.2348    102.893   1.324469      0.981      6.434    64.4211    -0.4812    -0.4257     0.0128      0.000     -0.505     -0.733          1 1.3803e+03 0.0000e+00
     -0.515    27.9412     8.2537    103.071   0.634066      1.034      6.443    65.3675    -0.4892    -0.4929     0.0128      0.000     -0.503     -0.730          2 1.2704e+03 0.0000e+00
     -0.515    27.9318     8.2506    103.063   1.783434      0.982      6.446    79.2611    -0.4973    -0.5734     0.0128      0.000     -0.479     -0.695          3 1.2086e+03 0.0000e+00
     -0.433    27.9154     8.2372    102.922  20.243593     19.144      6.878    88.9147     1.6984    -7.7037     0.0182      0.022     -0.399     -0.579          4 1.7489e+03 0.0000e+00
     -0.265    27.7869     8.2184    102.658  38.520845     37.040      7.672   102.8462     1.6701    -7.7574     0.0252      0.082     -0.275     -0.399          5 1.8813e+03 0.0000e+00
     -0.151    27.4832     8.2014    102.364  39.472291     36.892      8.123   113.0677     1.6943    -7.7574     0.0252      0.155     -0.170     -0.246          6 1.8336e+03 0.0000e+00
     -0.103    27.1641     8.1652    101.842  38.360592     36.582      8.364   117.2698     1.6741    -7.7574     0.0250      0.218     -0.110     -0.160          7 1.8966e+03 0.0000e+00
     -0.079    26.9577     8.0628    100.537  38.480630     36.478      8.485   129.8006     1.6741    15.5132     0.0249      0.259     -0.083     -0.121          8 1.8565e+03 0.0000e+00
     -0.072    26.8366     7.9137     98.690  38.255218     36.783      8.527   131.8827     1.2657    22.6032     0.0249      0.274     -0.072     -0.105          9 1.8703e+03 0.0000e+00
     -0.071    26.7794     7.8438     97.884  38.403973     36.874      8.540   138.5456     1.2616    22.7778     0.0249      0.260     -0.066     -0.096         10 1.8535e+03 0.0000e+00
     -0.059    26.7466     7.8806     98.396  38.384605     37.069      8.523   139.5677     1.2414    22.5898     0.0250      0.220     -0.055     -0.079         11 1.8258e+03 0.0000e+00
     -0.036    26.7199     7.9699     99.505  38.546341     37.191      8.494   141.5363     1.2172    22.6838     0.0250      0.157     -0.035     -0.052         12 1.7633e+03 0.0000e+00
     -0.013    26.7326     7.9652     99.390  38.617994     37.320      8.463   143.8835     2.5314     2.3404     0.0250      0.095     -0.018     -0.027         13 1.7284e+03 0.0000e+00
     -0.010    26.7481     8.0380    100.303  38.651398     37.370      8.411   146.2685     2.5233     2.2733     0.0251      0.061     -0.012     -0.018         14 1.7277e+03 0.0000e+00
     -0.015    26.7309     8.2255    102.744  38.445459     37.141      8.401   147.5556     2.5475     2.2867     0.0250      0.046     -0.015     -0.023         15 1.7964e+03 0.0000e+00
     -0.023    26.6886     8.4391    105.508  38.370027     37.078      8.398   147.3285     2.5192     2.2733     0.0250      0.037     -0.021     -0.031         16 1.8597e+03 0.0000e+00
     -0.028    26.6503     8.5939    107.501  38.270680     36.981      8.396   148.0478     2.6688     1.2796     0.0249      0.029     -0.026     -0.037         17 1.8825e+03 0.0000e+00
     -0.028    26.6340     8.6525    108.270  38.213164     36.958      8.391   150.1678     2.6405     1.3065     0.0249      0.019     -0.029     -0.042         18 1.9001e+03 0.0000e+00
     -0.033    26.6427     8.6299    108.003  38.293315     37.067      8.382   149.9406     2.6446     1.2931     0.0249      0.006     -0.032     -0.047         19 1.8785e+03 0.0000e+00
     -0.037    26.6781     8.5944    107.571  38.319260     37.105      8.382   150.0921     2.6567     1.2931     0.0249     -0.007     -0.035     -0.050         20 1.8115e+03 0.0000e+00
     -0.034    26.7082     8.5499    107.016  38.388514     37.154      8.372   150.0163     2.6082     1.2259     0.0250     -0.014     -0.039     -0.055         21 1.7416e+03 0.0000e+00
     -0.046    26.7037     8.4654    105.950  38.503741     37.262      8.360   149.5621     2.6163     1.2393     0.0250     -0.016     -0.050     -0.071         22 1.6018e+03 0.0000e+00
     -0.071    26.6740     8.3370    104.332  38.531789     37.241      8.356   149.5621     2.6082     1.4005     0.0250     -0.021     -0.067     -0.096         23 1.5017e+03 0.0000e+00
     -0.085    26.6774     8.2154    102.804  38.531567     37.270      8.370   151.2656     2.6122     1.3602     0.0250     -0.027     -0.080     -0.116         24 1.5854e+03 0.0000e+00
     -0.088    26.7304     8.1061    101.443  38.593003     37.320      8.371   152.6285     2.5354     1.2393     0.0250     -0.033     -0.088     -0.127         25 1.6743e+03 0.0000e+00
     -0.096    26.7810     7.9855     99.950  38.900274     37.643      8.386   151.0385     2.5192     1.3333     0.0252     -0.037     -0.094     -0.136         26 1.6982e+03 0.0000e+00
     -0.104    26.8111     7.8415     98.145  39.098364     37.792      8.406   151.7199     2.5394     1.2931     0.0252     -0.040     -0.097     -0.141         27 1.6848e+03 0.0000e+00
     -0.097    26.8292     7.6940     96.275  39.058357     37.701      8.421   152.0606     2.5516     1.2662     0.0252     -0.037     -0.092     -0.134         28 1.6658e+03 0.0000e+00
     -0.081    26.8379     7.5385     94.291  39.098349     37.734      8.430   152.4013     2.5273     1.2259     0.0252     -0.027     -0.083     -0.121         29 1.6507e+03 0.0000e+00
     -0.079    26.8436     7.4233     92.836  39.107905     37.720      8.442   151.9471     2.4788     1.2259     0.0252     -0.013     -0.080     -0.117         30 1.6192e+03 0.0000e+00
     -0.085    26.8451     7.3181     91.516  39.046454     37.660      8.461   151.8335     2.4667     1.2125     0.0252     -0.002     -0.084     -0.122         31 1.5920e+03 0.0000e+00
     -0.092    26.8406     7.2159     90.223  39.056166     37.656      8.476   152.3635     2.4667     1.3602     0.0252      0.003     -0.090     -0.130         32 1.5841e+03 0.0000e+00
     -0.097    26.8353     7.1401     89.256  39.095816     37.709      8.489   152.6663     2.4747     1.2393     0.0252      0.002     -0.096     -0.139         33 1.5873e+03 0.0000e+00
     -0.104    26.8317     7.0998     88.733  39.115760     37.712      8.501   153.7264     2.5273     0.9842     0.0252      0.000     -0.104     -0.151         34 1.5825e+03 0.0000e+00
     -0.119    26.8356     7.0984     88.702  39.150000     37.770      8.505   154.4456     2.5394     1.0648     0.0253     -0.008     -0.116     -0.169         35 1.5860e+03 0.0000e+00
     -0.133    26.8434     7.1077     88.812  39.112534     37.719      8.511   154.1806     2.5030     1.0111     0.0252     -0.021     -0.127     -0.184         36 1.5990e+03 0.0000e+00
     -0.137    26.8427     7.1053     88.767  39.103060     37.716      8.517   155.3921     2.5435     1.0916     0.0252     -0.030     -0.132     -0.190         37 1.6053e+03 0.0000e+00
     -0.133    26.8284     7.1120     88.835  39.102462     37.710      8.514   155.5056     2.6082     1.2528     0.0252     -0.031     -0.127     -0.183         38 1.6078e+03 0.0000e+00
     -0.116    26.8073     7.1159     88.873  39.053950     37.657      8.510   157.1335     2.6041     1.3333     0.0252     -0.023     -0.118     -0.171         39 1.6031e+03 0.0000e+00
     -0.114    26.7976     7.1221     88.947  39.104107     37.720      8.508   156.7171     2.5920     1.3602     0.0252     -0.015     -0.114     -0.165         40 1.5937e+03 0.0000e+00
     -0.116    26.7950     7.1285     89.032  39.158700     37.791      8.512   157.7771     2.6082     1.3065     0.0253     -0.007     -0.114     -0.165         41 1.6073e+03 0.0000e+00
     -0.116    26.7863     7.1187     88.909  39.104671     37.743      8.511   158.9128     2.7538     1.3065     0.0252      0.001     -0.114     -0.166         42 1.6293e+03 0.0000e+00
     -0.118    26.7743     7.1009     88.675  39.052700     37.691      8.515   159.2535     2.7133     1.2931     0.0252      0.007     -0.114     -0.166         43 1.6145e+03 0.0000e+00
     -0.116    26.7623     7.0918     88.549  38.986078     37.643      8.521   159.7835     2.6931     1.2393     0.0252      0.010     -0.114     -0.165         44 1.5879e+03 0.0000e+00
     -0.115    26.7538     7.0873     88.490  38.920622     37.572      8.529   161.1085     2.7295     1.3736     0.0252      0.008     -0.114     -0.165         45 1.5874e+03 0.0000e+00
     -0.117    26.7490     7.0827     88.435  38.985852     37.661      8.531   161.2599     2.7133     1.1319     0.0252      0.004     -0.116     -0.167         46 1.5828e+03 0.0000e+00
     -0.121    26.7405     7.0766     88.364  38.993895     37.668      8.534   162.0928     2.7295     1.0379     0.0252     -0.002     -0.118     -0.171         47 1.5699e+03 0.0000e+00
     -0.123    26.7308     7.0489     88.030  38.910619     37.590      8.540   162.5849     2.7457     1.0379     0.0252     -0.003     -0.119     -0.173         48 1.5785e+03 0.0000e+00
     -0.122    26.7244     7.0104     87.569  38.911515     37.596      8.547   163.7207     2.7457     0.9842     0.0252     -0.003     -0.119     -0.173         49 1.6024e+03 0.0000e+00
     -0.121    26.7219     6.9628     86.992  38.903797     37.603      8.547   162.6607     2.7901     1.1319     0.0252     -0.003     -0.118     -0.172         50 1.6043e+03 0.0000e+00
     -0.119    26.7250     6.9104     86.351  38.890568     37.581      8.545   163.1149     2.7901     1.1185     0.0252     -0.002     -0.117     -0.171         51 1.6016e+03 0.0000e+00
     -0.120    26.7246     6.8553     85.673  38.898319     37.610      8.542   163.5314     2.7821     1.0782     0.0252     -0.002     -0.118     -0.171         52 1.6196e+03 0.0000e+00
     -0.122    26.7168     6.7944     84.922  38.864489     37.553      8.541   163.6450     2.8063     1.0782     0.0251     -0.002     -0.118     -0.172         53 1.6157e+03 0.0000e+00
     -0.122    26.7094     6.7471     84.343  38.784357     37.499      8.544   163.6828     2.7740     1.0648     0.0251     -0.001     -0.118     -0.172         54 1.5894e+03 0.0000e+00
     -0.118    26.7076     6.7208     84.026  38.701421     37.397      8.546   164.2128     2.7982     1.0648     0.0251      0.001     -0.117     -0.169         55 1.5792e+03 0.0000e+00
     -0.117    26.7092     6.7117     83.932  38.730407     37.456      8.542   164.7050     2.8144     1.1319     0.0251      0.002     -0.116     -0.168         56 1.5693e+03 0.0000e+00
     -0.118    26.7120     6.7109     83.940  38.777949     37.485      8.541   165.2728     2.7780     1.0782     0.0251      0.001     -0.116     -0.169         57 1.5449e+03 0.0000e+00
     -0.119    26.7200     6.7126     83.976  38.731244     37.456      8.539   165.4242     2.7901     1.0648     0.0251      0.001     -0.117     -0.169         58 1.5451e+03 0.0000e+00
     -0.120    26.7324     6.7110     83.963  38.699542     37.401      8.538   165.3485     2.7012     1.0379     0.0251      0.001     -0.117     -0.170         59 1.5599e+03 0.0000e+00
     -0.119    26.7435     6.6977     83.798  38.728410     37.449      8.541   166.1435     2.7376     1.0245     0.0251      0.001     -0.117     -0.170         60 1.5566e+03 0.0000e+00
     -0.120    26.7522     6.6765     83.533  38.695314     37.386      8.545   167.2035     2.7376     1.0916     0.0251      0.001     -0.118     -0.170         61 1.5771e+03 0.0000e+00
     -0.120    26.7592     6.6314     82.966  38.711064     37.405      8.549   167.3171     2.7376     1.1453     0.0251     -0.000     -0.119     -0.171         62 1.6054e+03 0.0000e+00
     -0.122    26.7662     6.5800     82.316  38.738466     37.425      8.550   166.7492     2.9883     1.1185     0.0251     -0.002     -0.120     -0.172         63 1.6028e+03 0.0000e+00
     -0.123    26.7735     6.5228     81.585  38.690868     37.366      8.558   167.6200     2.9802     1.0379     0.0251     -0.002     -0.120     -0.174         64 1.6027e+03 0.0000e+00
     -0.123    26.7823     6.4599     80.775  38.681307     37.361      8.564   167.4685     3.0004     1.1051     0.0251     -0.002     -0.120     -0.174         65 1.5919e+03 0.0000e+00
     -0.123    26.7944     6.4001     80.002  38.631712     37.302      8.568   167.9607     2.9964     1.1185     0.0250     -0.002     -0.120     -0.174         66 1.5685e+03 0.0000e+00
     -0.122    26.8068     6.3478     79.327  38.633936     37.296      8.574   168.1500     2.9317     0.9708     0.0250     -0.002     -0.120     -0.173         67 1.5630e+03 0.0000e+00
     -0.121    26.8162     6.2962     78.671  38.648874     37.314      8.577   168.2635     2.8953     1.0648     0.0251     -0.001     -0.120     -0.173         68 1.5645e+03 0.0000e+00
     -0.123    26.8212     6.2621     78.242  38.642779     37.278      8.582   168.0742     2.9357     1.0379     0.0250     -0.001     -0.121     -0.174         69 1.5679e+03 0.0000e+00
     -0.123    26.8224     6.2266     77.800  38.671177     37.325      8.589   168.3392     2.9357     1.0648     0.0251     -0.001     -0.121     -0.175         70 1.5811e+03 0.0000e+00
     -0.122    26.8219     6.1904     77.350  38.643190     37.268      8.594   168.7935     2.8589     1.0111     0.0250 5.4482e-07     -0.120     -0.174         71 1.5913e+03 0.0000e+00
     -0.121    26.8201     6.1547     76.902  38.677604     37.321      8.601   169.0207     2.8589     1.0648     0.0251      0.000     -0.119     -0.173         72 1.5939e+03 0.0000e+00
     -0.122    26.8151     6.1182     76.444  38.717334     37.348      8.605   168.8314     2.8346     1.0782     0.0251      0.001     -0.119     -0.172         73 1.5934e+03 0.0000e+00
     -0.121    26.8045     6.0779     75.939  38.682734     37.322      8.611   168.9828     2.8508     1.0648     0.0251      0.001     -0.118     -0.171         74 1.5801e+03 0.0000e+00
     -0.120    26.7896     6.0406     75.468  38.691003     37.326      8.617   169.4371     2.8710     0.9574     0.0251      0.001     -0.118     -0.171         75 1.5810e+03 0.0000e+00
     -0.121    26.7719     6.0110     75.089  38.677384     37.334      8.619   169.2478     2.8468     0.9708     0.0251      0.001     -0.118     -0.171         76 1.5864e+03 0.0000e+00
     -0.121    26.7564     5.9756     74.637  38.640363     37.291      8.621   169.5507     2.8508     1.1319     0.0250      0.001     -0.118     -0.171         77 1.5825e+03 0.0000e+00
     -0.120    26.7488     5.9503     74.307  38.648096     37.330      8.624   170.4971     2.8468     0.9976     0.0251      0.001     -0.118     -0.172         78 1.5895e+03 0.0000e+00
     -0.122    26.7463     5.9268     74.002  38.638106     37.315      8.626   170.4593     2.8629     1.0782     0.0250      0.000     -0.119     -0.173         79 1.5810e+03 0.0000e+00
     -0.123    26.7477     5.9038     73.710  38.623140     37.320      8.626   170.4593     3.0085     1.0916     0.0250     -0.000     -0.120     -0.175         80 1.5694e+03 0.0000e+00
     -0.124    26.7496     5.8825     73.441  38.637065     37.322      8.626   170.2321     2.9883     1.0514     0.0251     -0.001     -0.120     -0.175         81 1.5756e+03 0.0000e+00
     -0.123    26.7478     5.8669     73.246  38.680104     37.375      8.629   170.4971     2.9762     0.9976     0.0251     -0.002     -0.119     -0.174         82 1.5828e+03 0.0000e+00
     -0.121    26.7461     5.8446     72.970  38.688226     37.373      8.627   171.1785     2.9964     1.1185     0.0251     -0.001     -0.118     -0.172         83 1.5764e+03 0.0000e+00
     -0.119    26.7452     5.8217     72.682  38.715943     37.402      8.625   172.0114     2.6163     1.0916     0.0251     -0.000     -0.118     -0.171         84 1.5817e+03 0.0000e+00
     -0.121    26.7421     5.8007     72.425  38.734598     37.430      8.628   172.0114     2.6122     1.1453     0.0251      0.000     -0.119     -0.172         85 1.6070e+03 0.0000e+00
