Data/DataNotYetUploadedToEDI/Raw_CTD/RawDownloads/082718_fcr20.cnv
* Sea-Bird SBE19plus  Data File:
* FileName = C:\DATA\082718_fcr_0005.hex
* Software version 2.6.3.104
* Temperature SN = 7809
* Conductivity SN = 7809
* System UpLoad Time = Aug 27 2018 20:56:41
* <ApplicationData>
* <Seaterm232>
# nquan = 17
# nvalues = 500                         
# units = specified
# name 0 = depFM: Depth [fresh water, m]
# name 1 = tv290C: Temperature [ITS-90, deg C]
# name 2 = sbeox0Mg/L: Oxygen, SBE 43 [mg/l]
# name 3 = sbeox0PS: Oxygen, SBE 43 [% saturation]
# name 4 = c0uS/cm: Conductivity [uS/cm]
# name 5 = specc: Specific Conductance [uS/cm]
# name 6 = ph: pH
# name 7 = orp: Oxidation Reduction Potential [mV]
# name 8 = flECO-AFL: Fluorescence, WET Labs ECO-AFL/FL [mg/m^3]
# name 9 = turbWETntu0: Turbidity, WET Labs ECO [NTU]
# name 10 = sal00: Salinity, Practical [PSU]
# name 11 = dz/dtM: Descent Rate [m/s]
# name 12 = prdM: Pressure, Strain Gauge [db]
# name 13 = prdE: Pressure, Strain Gauge [psi]
# name 14 = scan: Scan Count
# name 15 = par/sat/log: PAR/Logarithmic, Satlantic
# name 16 = flag:  0.000e+00
# span 0 =     -0.506,      3.359       
# span 1 =    18.9779,    27.2005       
# span 2 =     0.0149,     9.6640       
# span 3 =      0.166,    118.796       
# span 4 =   0.962378,  75.642284       
# span 5 =      0.948,     86.131       
# span 6 =      6.363,      8.641       
# span 7 =    82.2519,   237.5044       
# span 8 =    -0.3760,    10.0242       
# span 9 =    -0.5063,    22.9120       
# span 10 =     0.0125,     0.0441      
# span 11 =     -0.132,      0.269      
# span 12 =     -0.473,      3.290      
# span 13 =     -0.686,      4.771      
# span 14 =          1,        500      
# span 15 = 1.7455e+01, 1.5399e+03      
# span 16 = 0.0000e+00, 0.0000e+00      
# interval = seconds: 0.25
# start_time = Aug 27 2018 19:26:11 [Instrument's time stamp, header]
# bad_flag = -9.990e-29
*END*
[from data line 426]
      2.015    23.9712     9.2479    109.375  36.007458     36.740      8.555   217.0994     8.2369     1.2393     0.0241      0.078      1.975      2.865        427 7.4110e+01 0.0000e+00
      2.033    23.9603     9.1999    108.688  36.001094     36.746      8.551   217.0994     8.1318     1.4945     0.0241      0.079      1.994      2.892        428 7.2683e+01 0.0000e+00
      2.053    23.9507     9.1357    107.813  36.002060     36.755      8.550   217.3265     8.1358     1.5616     0.0241      0.080      2.014      2.920        429 7.0800e+01 0.0000e+00
      2.073    23.9424     9.0428    106.585  35.946945     36.706      8.547   217.5537     8.1318     1.4408     0.0241      0.081      2.034      2.950        430 6.9241e+01 0.0000e+00
      2.096    23.9327     8.9237    105.040  35.951056     36.713      8.545   217.2508     8.1075     1.4139     0.0241      0.082      2.055      2.980        431 6.7761e+01 0.0000e+00
      2.117    23.9191     8.7890    103.341  35.996949     36.776      8.539   217.4780     8.6292     1.4676     0.0241      0.083      2.076      3.010        432 6.5996e+01 0.0000e+00
      2.137    23.9038     8.6267    101.361  36.067787     36.841      8.536   217.4780     8.5887     1.4676     0.0241      0.082      2.096      3.040        433 6.4558e+01 0.0000e+00
      2.158    23.8899     8.4456     99.187  36.040855     36.851      8.532   217.8565     8.6372     1.4408     0.0241      0.081      2.117      3.071        434 6.3252e+01 0.0000e+00
      2.183    23.8640     8.2258     96.547  35.911838     36.691      8.528   218.0458     8.6009     1.4945     0.0241      0.082      2.140      3.105        435 6.1136e+01 0.0000e+00
      2.208    23.8153     7.9760     93.535  36.050402     36.873      8.516   218.3865     8.9163     1.4408     0.0241      0.085      2.164      3.138        436 5.9571e+01 0.0000e+00
      2.228    23.7568     7.7487     90.773  36.283642     37.121      8.501   218.6137     8.9122     1.4676     0.0242      0.086      2.184      3.168        437 5.8659e+01 0.0000e+00
      2.246    23.6986     7.5286     88.106  36.363056     37.244      8.486   219.4844     8.9041     1.3871     0.0243      0.086      2.203      3.195        438 5.7578e+01 0.0000e+00
      2.265    23.6402     7.3135     85.490  36.544776     37.461      8.469   219.4465     8.9405     1.4676     0.0243      0.085      2.223      3.224        439 5.5951e+01 0.0000e+00
      2.290    23.5746     7.0863     82.733  36.887984     37.879      8.445   220.4308     9.2074     1.5079     0.0245      0.085      2.245      3.257        440 5.4457e+01 0.0000e+00
      2.314    23.5044     6.8671     80.078  37.211331     38.240      8.416   221.6801     9.1791     1.4945     0.0246      0.085      2.267      3.288        441 5.3525e+01 0.0000e+00
      2.331    23.4455     6.7152     78.221  37.239821     38.349      8.391   221.8694     9.1751     1.4542     0.0246      0.084      2.285      3.314        442 5.2416e+01 0.0000e+00
      2.347    23.4085     6.6001     76.792  37.178824     38.290      8.372   221.9451     9.1751     1.3871     0.0246      0.081      2.302      3.338        443 5.1713e+01 0.0000e+00
      2.363    23.3831     6.4980     75.508  37.346598     38.567      8.353   222.0965     9.1670     1.3871     0.0247      0.078      2.317      3.360        444 5.1318e+01 0.0000e+00
      2.377    23.3512     6.4316     74.647  37.772571     38.972      8.335   222.0208     8.9810     1.4273     0.0249      0.075      2.332      3.381        445 5.0483e+01 0.0000e+00
      2.392    23.3053     6.4039     74.224  38.042788     39.367      8.317   221.9830     8.9931     1.4945     0.0250      0.072      2.347      3.404        446 4.9444e+01 0.0000e+00
      2.411    23.2501     6.3630     73.638  37.959490     39.192      8.295   222.5130     8.9769     1.4945     0.0249      0.069      2.365      3.431        447 4.8533e+01 0.0000e+00
      2.432    23.1957     6.3012     72.808  37.787267     39.170      8.274   223.4973     8.9850     1.4542     0.0249      0.066      2.385      3.459        448 4.7591e+01 0.0000e+00
      2.453    23.1359     6.1340     70.766  37.545272     38.840      8.253   224.0651     9.6805     1.6959     0.0248      0.066      2.405      3.488        449 4.6703e+01 0.0000e+00
      2.472    23.0703     5.7951     66.752  37.815761     39.260      8.234   224.5573     9.6967     1.6288     0.0249      0.069      2.424      3.515        450 4.5965e+01 0.0000e+00
      2.488    23.0078     5.3324     61.337  38.281193     39.744      8.210   224.7844     9.6603     1.6153     0.0251      0.071      2.441      3.540        451 4.5338e+01 0.0000e+00
      2.506    22.9503     4.7871     54.997  38.508478     40.060      8.193   225.1251     9.7007     1.6019     0.0252      0.073      2.460      3.569        452 4.4168e+01 0.0000e+00
      2.533    22.8890     4.2942     49.281  38.541444     40.142      8.166   226.2608    10.0161     1.6825     0.0252      0.076      2.483      3.602        453 4.3013e+01 0.0000e+00
      2.556    22.8232     3.8318     43.933  38.388510     40.015      8.145   226.5258    10.0161     1.6959     0.0252      0.079      2.505      3.634        454 4.2232e+01 0.0000e+00
      2.575    22.7590     3.4113     39.071  38.253903     39.949      8.125   227.2830    10.0121     1.6422     0.0251      0.080      2.525      3.662        455 4.1375e+01 0.0000e+00
      2.593    22.6876     3.0270     34.634  37.967448     39.683      8.109   227.3208    10.0242     1.6556     0.0250      0.080      2.543      3.688        456 4.0870e+01 0.0000e+00
      2.610    22.6079     2.6766     30.590  37.736537     39.502      8.090   227.0558     9.5632     1.7362     0.0249      0.080      2.561      3.714        457 4.0033e+01 0.0000e+00
      2.631    22.5261     2.4156     27.579  37.621798     39.444      8.071   227.3587     9.5632     1.6690     0.0249      0.079      2.580      3.742        458 3.9136e+01 0.0000e+00
      2.652    22.4444     2.1759     24.817  37.546714     39.422      8.052   228.3809     9.5632     1.6959     0.0248      0.080      2.601      3.773        459 3.8287e+01 0.0000e+00
      2.674    22.3636     1.9359     22.055  37.681713     39.637      8.034   228.3430     9.5471     1.6422     0.0249      0.079      2.622      3.803        460 3.7419e+01 0.0000e+00
      2.694    22.2907     1.6671     18.974  37.958077     40.000      8.013   229.0244     9.9070     1.8839     0.0250      0.078      2.640      3.829        461 3.7004e+01 0.0000e+00
      2.707    22.2262     1.3702     15.579  38.151989     40.275      7.995   228.6080     9.8989     1.9645     0.0251      0.076      2.656      3.851        462 3.6528e+01 0.0000e+00
      2.723    22.1710     1.1130     12.635  38.330281     40.514      7.976   228.9487     9.9150     1.8973     0.0252      0.075      2.672      3.875        463 3.5699e+01 0.0000e+00
      2.745    22.1205     0.8970     10.174  38.537108     40.806      7.956   229.1759     9.8908     1.8973     0.0253      0.074      2.690      3.901        464 3.5048e+01 0.0000e+00
      2.760    22.0671     0.6968      7.889  38.695510     41.003      7.936   229.3651     9.8706     1.9107     0.0254      0.073      2.707      3.925        465 3.4614e+01 0.0000e+00
      2.775    22.0126     0.5171      5.843  38.904405     41.282      7.919   229.4787     9.6926     2.0584     0.0255      0.070      2.722      3.947        466 3.3920e+01 0.0000e+00
      2.791    21.9556     0.3359      3.782  39.285706     41.717      7.902   230.2359     9.7129     2.1659     0.0256      0.067      2.736      3.969        467 3.3463e+01 0.0000e+00
      2.805    21.9007     0.2016      2.262  39.793173     42.328      7.884   230.1980     9.6967     2.0719     0.0259      0.064      2.750      3.989        468 3.3120e+01 0.0000e+00
      2.819    21.8483     0.1155      1.292  40.230716     42.828      7.870   230.4630     9.6805     2.0987     0.0261      0.063      2.764      4.010        469 3.2627e+01 0.0000e+00
      2.834    21.7883     0.0616      0.687  40.699081     43.383      7.852   230.9551     9.3408     2.6627     0.0263      0.062      2.779      4.031        470 3.2226e+01 0.0000e+00
      2.848    21.7405     0.0320      0.356  41.375902     44.149      7.836   230.8037     9.2964     2.6761     0.0266      0.060      2.794      4.052        471 3.1653e+01 0.0000e+00
      2.865    21.6829     0.0149      0.166  41.880404     44.772      7.816   231.1066     9.3247     2.6493     0.0268      0.058      2.810      4.075        472 3.1085e+01 0.0000e+00
      2.883    21.6139     0.0241      0.267  42.592957     45.509      7.798   231.2201     9.2923     2.6359     0.0271      0.059      2.827      4.101        473 3.0459e+01 0.0000e+00
      2.903    21.5559     0.0475      0.525  43.396641     46.547      7.778   231.6366     9.4541     2.8238     0.0276      0.061      2.846      4.128        474 2.9801e+01 0.0000e+00
      2.921    21.4735     0.0763      0.842  43.936159     47.044      7.754   232.1287     9.4338     2.7701     0.0277      0.064      2.863      4.152        475 2.9502e+01 0.0000e+00
      2.932    21.3591     0.1007      1.106  44.621533     47.993      7.732   231.7880     9.4379     2.8507     0.0281      0.065      2.877      4.172        476 2.9140e+01 0.0000e+00
      2.948    21.1882     0.1270      1.391  45.362483     48.720      7.711   232.6209     9.4298     2.8373     0.0284      0.065      2.892      4.195        477 2.8555e+01 0.0000e+00
      2.967    21.0071     0.1482      1.619  46.485753     50.187      7.687   232.6966     8.6332     3.6429     0.0290      0.066      2.910      4.221        478 2.7973e+01 0.0000e+00
      2.987    20.8499     0.1689      1.842  48.030862     51.926      7.661   232.8480     8.6372     3.6564     0.0297      0.067      2.932      4.252        479 2.7053e+01 0.0000e+00
      3.017    20.6925     0.1889      2.056  49.256089     53.615      7.630   233.0373     8.6292     3.6564     0.0304      0.070      2.958      4.290        480 2.5995e+01 0.0000e+00
      3.046    20.5569     0.2045      2.223  50.391997     54.838      7.593   233.0373     8.6089     3.7504     0.0309      0.076      2.986      4.330        481 2.5236e+01 0.0000e+00
      3.069    20.4492     0.2158      2.341  51.722167     56.709      7.556   233.6430     7.6223     3.9249     0.0316      0.082      3.011      4.368        482 2.4241e+01 0.0000e+00
      3.098    20.3445     0.2236      2.423  52.438775     57.462      7.519   234.3623     7.6223     3.9518     0.0319      0.089      3.037      4.405        483 2.3356e+01 0.0000e+00
      3.123    20.2335     0.2294      2.480  52.705916     58.059      7.480   235.8387     7.6223     3.9786     0.0321      0.097      3.060      4.439        484 2.2906e+01 0.0000e+00
      3.140    20.0999     0.2356      2.545  52.666156     58.007      7.447   237.1259     7.5980     3.9249     0.0321      0.099      3.080      4.466        485 2.2259e+01 0.0000e+00
      3.159    19.9233     0.2280      2.462  54.981855     60.656      7.415   237.5044     7.5940     3.7907     0.0332      0.098      3.097      4.491        486 2.1738e+01 0.0000e+00
      3.174    19.7618     0.2289      2.469  58.700603     65.267      7.384   236.7094     7.1735     3.7504     0.0352      0.093      3.112      4.514        487 2.1391e+01 0.0000e+00
      3.189    19.6513     0.2240      2.414  59.824808     66.463      7.354   236.4066     7.1532     3.7638     0.0357      0.085      3.128      4.536        488 2.0846e+01 0.0000e+00
      3.207    19.5644 -9.990e-29 -9.990e-29  60.233690     67.358      7.329   236.5580     7.1896     3.8175     0.0360      0.078      3.145      4.561        489 2.0309e+01 0.0000e+00
      3.225    19.4760 -9.990e-29 -9.990e-29  61.220684     68.465      7.300   236.4823     7.1613     3.6967     0.0365      0.073      3.162      4.586        490 1.9858e+01 0.0000e+00
      3.240    19.3890 -9.990e-29 -9.990e-29  62.961910     70.669      7.277   236.7094     7.6304     3.9384     0.0374      0.068      3.177      4.608        491 1.9505e+01 0.0000e+00
      3.255    19.3124 -9.990e-29 -9.990e-29  65.045827     73.108      7.252   236.1794     7.6061     3.9384     0.0385      0.065      3.194      4.632        492 1.8935e+01 0.0000e+00
      3.276    19.2273 -9.990e-29 -9.990e-29  66.408708     74.827      7.223   235.4223     7.6183     3.9249     0.0392      0.065      3.213      4.659        493 1.8360e+01 0.0000e+00
      3.296    19.1425 -9.990e-29 -9.990e-29  68.305380     76.978      7.197   234.0594     7.6021     4.0055     0.0401      0.067      3.232      4.687        494 1.7922e+01 0.0000e+00
      3.313    19.0994 -9.990e-29 -9.990e-29  70.706035     80.035      7.167   226.4123     8.5847     5.9794     0.0415      0.069      3.248      4.711        495 1.7570e+01 0.0000e+00
      3.327    19.0743 -9.990e-29 -9.990e-29  71.798791     81.272      7.142   220.0144     8.5604     5.7780     0.0420      0.069      3.260      4.729        496 1.7558e+01 0.0000e+00
      3.335    19.0170 -9.990e-29 -9.990e-29  72.530951     82.237      7.117   216.6830     8.5281     5.8183     0.0424      0.066      3.270      4.743        497 1.7754e+01 0.0000e+00
      3.342    18.9779 -9.990e-29 -9.990e-29  73.419783     83.299      7.094   213.9951     8.5523     5.8586     0.0429      0.061      3.278      4.754        498 1.7755e+01 0.0000e+00
      3.353 -9.990e-29 -9.990e-29 -9.990e-29  74.644580     84.712      7.072   208.8844     8.3057    11.1492     0.0435      0.056      3.286      4.766        499 1.7531e+01 0.0000e+00
      3.359 -9.990e-29 -9.990e-29 -9.990e-29  75.642284     86.131      7.055   203.7736     8.3299    11.1626     0.0441      0.050      3.290      4.771        500 1.7455e+01 0.0000e+00
