Data/DataNotYetUploadedToEDI/Raw_CTD/RawDownloads/082718_fcr50.cnv
* Sea-Bird SBE19plus  Data File:
* FileName = C:\DATA\082718_fcr_0003.hex
* Software version 2.6.3.104
* Temperature SN = 7809
* Conductivity SN = 7809
* System UpLoad Time = Aug 27 2018 20:56:07
* <ApplicationData>
* <Seaterm232>
# nquan = 17
# nvalues = 1258                        
# units = specified
# name 0 = depFM: Depth [fresh water, m]
# name 1 = tv290C: Temperature [ITS-90, deg C]
# name 2 = sbeox0Mg/L: Oxygen, SBE 43 [mg/l]
# name 3 = sbeox0PS: Oxygen, SBE 43 [% saturation]
# name 4 = c0uS/cm: Conductivity [uS/cm]
# name 5 = specc: Specific Conductance [uS/cm]
# name 6 = ph: pH
# name 7 = orp: Oxidation Reduction Potential [mV]
# name 8 = flECO-AFL: Fluorescence, WET Labs ECO-AFL/FL [mg/m^3]
# name 9 = turbWETntu0: Turbidity, WET Labs ECO [NTU]
# name 10 = sal00: Salinity, Practical [PSU]
# name 11 = dz/dtM: Descent Rate [m/s]
# name 12 = prdM: Pressure, Strain Gauge [db]
# name 13 = prdE: Pressure, Strain Gauge [psi]
# name 14 = scan: Scan Count
# name 15 = par/sat/log: PAR/Logarithmic, Satlantic
# name 16 = flag:  0.000e+00
# span 0 =     -0.476,      9.702       
# span 1 =    11.5816,    32.2408       
# span 2 =     0.0499,     9.7061       
# span 3 =      0.459,    119.290       
# span 4 =   2.794336, 156.929103       
# span 5 =      2.419,    214.521       
# span 6 =      0.206,      8.377       
# span 7 = -1240.7455,   392.9463       
# span 8 =    -0.2507,    13.7161       
# span 9 =    -5.3269,    44.2356       
# span 10 =     0.0142,     0.1010      
# span 11 =     -0.023,      0.182      
# span 12 =     -0.467,      9.514      
# span 13 =     -0.678,     13.799      
# span 14 =          1,       1258      
# span 15 = 1.2408e-01, 2.0032e+03      
# span 16 = 0.0000e+00, 0.0000e+00      
# interval = seconds: 0.25
# start_time = Aug 27 2018 15:43:24 [Instrument's time stamp, header]
# bad_flag = -9.990e-29
*END*
[from data line 1192]
      9.037    11.7161     0.0575      0.531 128.857638    175.378      6.694   112.0834     2.0704     1.1856     0.0827      0.058      8.863     12.856       1193 1.2522e-01 0.0000e+00
      9.050    11.7089     0.0570      0.526 129.269680    176.012      6.696   111.5155     2.0825     1.2662     0.0830      0.059      8.877     12.875       1194 1.2529e-01 0.0000e+00
      9.070    11.7007     0.0578      0.533 131.166897    178.547      6.697   111.0991     2.0785     1.1991     0.0841      0.060      8.893     12.899       1195 1.2520e-01 0.0000e+00
      9.085    11.6951     0.0581      0.536 132.873475    181.108      6.697   109.9634     2.0866     1.2393     0.0853      0.061      8.907     12.919       1196 1.2521e-01 0.0000e+00
      9.093    11.6924     0.0568      0.524 133.284626    181.454      6.701   110.1148     2.0866     1.1991     0.0855      0.058      8.918     12.934       1197 1.2526e-01 0.0000e+00
      9.103    11.6925     0.0577      0.532 133.754567    182.325      6.703   108.7519     2.0866     1.2662     0.0859      0.053      8.928     12.949       1198 1.2527e-01 0.0000e+00
      9.118    11.6952     0.0602      0.555 135.567035    184.557      6.707   109.3198     2.0785     1.2662     0.0869      0.051      8.941     12.968       1199 1.2526e-01 0.0000e+00
      9.131    11.6972     0.0575      0.530 137.765046    187.926      6.708   107.3512     2.1068     1.3199     0.0885      0.051      8.954     12.986       1200 1.2521e-01 0.0000e+00
      9.142    11.6971     0.0569      0.524 138.411246    188.447      6.709   108.5248     2.0825     1.2528     0.0888      0.051      8.966     13.004       1201 1.2524e-01 0.0000e+00
      9.156    11.6965     0.0539      0.497 138.578271    188.895      6.714   107.4269     2.0866     1.1991     0.0890      0.049      8.979     13.022       1202 1.2515e-01 0.0000e+00
      9.169    11.6961     0.0529      0.488 139.077488    189.394      6.715   107.0484     2.0825     1.2662     0.0892      0.048      8.991     13.040       1203 1.2533e-01 0.0000e+00
      9.179    11.6966     0.0547      0.504 138.863147    189.320      6.721   105.0798     2.1715     1.1856     0.0892      0.048      9.002     13.056       1204 1.2532e-01 0.0000e+00
      9.190    11.6974     0.0625      0.577 138.397865    188.404      6.722   106.0641     2.1391     1.1051     0.0887      0.049      9.009     13.068       1205 1.2532e-01 0.0000e+00
      9.192    11.6980     0.0595      0.548 138.315066    188.592      6.724   102.8841     2.1512     1.0916     0.0888      0.045      9.013     13.073       1206 1.2534e-01 0.0000e+00
      9.193    11.6977     0.0618      0.570 137.833419    187.670      6.726   103.2248     2.1432     1.3065     0.0884      0.039      9.015     13.075       1207 1.2513e-01 0.0000e+00
      9.194    11.6967     0.0616      0.568 137.596229    187.514      6.733   101.8241     2.0016     1.1722     0.0883      0.032      9.016     13.076       1208 1.2522e-01 0.0000e+00
      9.195    11.6980     0.0628      0.579 137.507308    187.324      6.734   101.1805     2.0057     1.1991     0.0882      0.025      9.017     13.079       1209 1.2525e-01 0.0000e+00
      9.198    11.6997     0.0579      0.534 137.109446    186.794      6.735   101.6726     1.9774     1.2931     0.0880      0.018      9.020     13.082       1210 1.2536e-01 0.0000e+00
      9.199    11.6988     0.0576      0.531 137.286536    187.017      6.739   100.2341     2.0178     1.2125     0.0881      0.012      9.023     13.086       1211 1.2541e-01 0.0000e+00
      9.205    11.7010     0.0594      0.548 137.555193    187.428      6.743   102.0133     2.0097     1.2125     0.0883      0.010      9.030     13.096       1212 1.2522e-01 0.0000e+00
      9.220    11.7019     0.0547      0.504 137.907827    187.817      6.746    99.4769     2.0178     1.2662     0.0885      0.012      9.040     13.110       1213 1.2516e-01 0.0000e+00
      9.226    11.6996     0.0519      0.479 138.666049    188.953      6.748   102.2405     2.0259     1.2796     0.0890      0.016      9.046     13.120       1214 1.2522e-01 0.0000e+00
      9.226    11.6990     0.0583      0.537 138.698264    188.947      6.752   100.7262     2.0299     1.1856     0.0890      0.019      9.048     13.123       1215 1.2529e-01 0.0000e+00
      9.227    11.6983     0.0635      0.586 138.344684    188.426      6.755   100.8398     1.9814     1.1856     0.0887      0.020      9.049     13.124       1216 1.2521e-01 0.0000e+00
      9.227    11.6983     0.0594      0.548 138.122349    188.234      6.759    99.7798     2.0785     1.1856     0.0887      0.019      9.049     13.124       1217 1.2527e-01 0.0000e+00
      9.227    11.6985     0.0588      0.542 137.424873    187.169      6.762    98.8333     2.0987     1.2662     0.0882      0.016      9.049     13.124       1218 1.2525e-01 0.0000e+00
      9.228    11.6994     0.0539      0.497 136.887599    186.516      6.766    99.1741     2.0946     1.1722     0.0879      0.013      9.049     13.125       1219 1.2509e-01 0.0000e+00
      9.228    11.6996     0.0577      0.532 137.032281    186.632      6.769    95.8426     2.0663     1.1856     0.0879      0.008      9.050     13.126       1220 1.2528e-01 0.0000e+00
      9.229    11.7003     0.0631      0.582 136.946736    186.664      6.773    97.0162     2.0623     1.2393     0.0879      0.003      9.051     13.127       1221 1.2526e-01 0.0000e+00
      9.231    11.7038     0.0613      0.565 136.546948    185.898      6.776    94.1390     2.0785     1.2931     0.0876      0.002      9.053     13.131       1222 1.2513e-01 0.0000e+00
      9.238    11.7087     0.0589      0.543 137.350974    187.158      6.777    94.4798     2.0663     1.1588     0.0882      0.004      9.058     13.138       1223 1.2527e-01 0.0000e+00
      9.243    11.7150     0.0601      0.554 137.943280    187.943      6.782    92.7383     2.0582     1.2125     0.0885      0.007      9.063     13.145       1224 1.2529e-01 0.0000e+00
      9.245    11.7207     0.0540      0.498 136.644462    186.121      6.784    92.5490     2.0946     1.1856     0.0877      0.009      9.065     13.148       1225 1.2520e-01 0.0000e+00
      9.244    11.7236     0.0597      0.550 136.046163    185.131      6.788    93.2305     2.0906     1.1319     0.0872      0.010      9.065     13.148       1226 1.2524e-01 0.0000e+00
      9.244    11.7236     0.0580      0.534 135.796520    185.103      6.789    91.4890     2.0623     1.2796     0.0872      0.010      9.067     13.151       1227 1.2541e-01 0.0000e+00
      9.249    11.7220     0.0499      0.459 136.090736    184.935      6.792    93.7226     2.0987     1.2796     0.0871      0.011      9.073     13.160       1228 1.2527e-01 0.0000e+00
      9.263    11.7162     0.0532      0.490 138.541614    188.914      6.795    91.6026     2.1553     1.2125     0.0890      0.014      9.086     13.179       1229 1.2521e-01 0.0000e+00
      9.284    11.7074     0.0549      0.505 143.299337    194.658      6.798    92.6626     2.1310     1.2528     0.0917      0.020      9.104     13.205       1230 1.2540e-01 0.0000e+00
      9.304    11.6991     0.0620      0.571 148.327160    202.535      6.800    91.9433     2.1391     1.3333     0.0954      0.028      9.124     13.234       1231 1.2532e-01 0.0000e+00
      9.323    11.6939     0.0586      0.539 147.521721    200.707      6.803    91.9433     2.1391     1.0648     0.0945      0.039      9.145     13.263       1232 1.2530e-01 0.0000e+00
      9.348    11.6885     0.0575      0.529 146.209864    199.107      6.808    91.4133     2.1634     1.4273     0.0938      0.053      9.167     13.296       1233 1.2535e-01 0.0000e+00
      9.373    11.6796     0.0604      0.556 149.035315    203.118      6.810    90.5047     2.1351     1.4005     0.0956      0.066      9.192     13.331       1234 1.2525e-01 0.0000e+00
      9.397    11.6726     0.0577      0.531 150.954630    205.750      6.816    87.7033     2.1634     1.3602     0.0969      0.078      9.215     13.364       1235 1.2518e-01 0.0000e+00
      9.416    11.6625     0.0593      0.545 151.098705    205.958      6.817    88.8390     2.1512     1.4810     0.0970      0.085      9.235     13.394       1236 1.2510e-01 0.0000e+00
      9.439    11.6485     0.0584      0.537 150.943913    205.763      6.822    86.5676     2.0866     1.4676     0.0969      0.087      9.258     13.427       1237 1.2518e-01 0.0000e+00
      9.466    11.6371     0.0588      0.541 150.968314    205.898      6.827    87.4004     2.1027     1.3871     0.0969      0.089      9.284     13.464       1238 1.2526e-01 0.0000e+00
      9.495    11.6285     0.0538      0.494 151.784253    206.974      6.833    86.9840     2.0946     1.4676     0.0974      0.093      9.310     13.503       1239 1.2528e-01 0.0000e+00
      9.521    11.6203     0.0569      0.523 152.434168    208.190      6.840    86.4540     2.0785     1.3333     0.0980      0.095      9.336     13.540       1240 1.2528e-01 0.0000e+00
      9.545    11.6118     0.0550      0.506 152.277420    207.662      6.847    87.8926     2.3130     1.5079     0.0978      0.097      9.358     13.573       1241 1.2526e-01 0.0000e+00
      9.562    11.6044     0.0534      0.492 152.337298    208.170      6.855    85.9997     2.3292     1.6422     0.0980      0.096      9.377     13.600       1242 1.2539e-01 0.0000e+00
      9.578    11.5979     0.0563      0.518 152.210518    207.680      6.859    86.2647     2.2968     1.6153     0.0978      0.093      9.394     13.625       1243 1.2533e-01 0.0000e+00
      9.598    11.5926     0.0623      0.573 151.749123    207.454      6.867    86.6433     2.3373     1.6153     0.0976      0.091      9.414     13.653       1244 1.2521e-01 0.0000e+00
      9.621    11.5888     0.0582      0.536 152.583384    208.142      6.876    85.9240     2.9195     1.8167     0.0980      0.087      9.434     13.683       1245 1.2522e-01 0.0000e+00
      9.641    11.5839     0.0598      0.550 154.125601    210.940      6.886    84.9397     2.8710     1.8705     0.0993      0.083      9.454     13.711       1246 1.2532e-01 0.0000e+00
      9.659    11.5816 -9.990e-29 -9.990e-29 154.095756    210.268      6.889    84.7883     2.9276     1.9376     0.0990      0.079      9.471     13.735       1247 1.2523e-01 0.0000e+00
      9.671    11.5844 -9.990e-29 -9.990e-29 153.485611    210.030      6.896    83.3119     2.9236     1.8167     0.0988      0.075      9.484     13.755       1248 1.2530e-01 0.0000e+00
      9.683    11.5896 -9.990e-29 -9.990e-29 154.318104    210.542      6.902    82.4790     2.9883     1.8570     0.0991      0.070      9.494     13.771       1249 1.2540e-01 0.0000e+00
      9.692    11.5965 -9.990e-29 -9.990e-29 156.729380    214.521      6.904    80.5483     2.9964     1.8839     0.1010      0.066      9.504     13.783       1250 1.2532e-01 0.0000e+00
      9.698    11.6000 -9.990e-29 -9.990e-29 156.929103    214.299      6.912    80.0940     3.0085     1.8436     0.1009      0.060      9.510     13.792       1251 1.2529e-01 0.0000e+00
      9.701    11.6003 -9.990e-29 -9.990e-29 156.098253    213.259      6.915    78.4283     2.9721     1.8839     0.1004      0.050      9.513     13.797       1252 1.2521e-01 0.0000e+00
      9.701    11.5997 -9.990e-29 -9.990e-29 156.659398    214.006      6.922    77.8226     2.8953     1.6690     0.1007      0.039      9.513     13.798       1253 1.2532e-01 0.0000e+00
      9.701    11.5976 -9.990e-29 -9.990e-29 156.767809    214.160      6.926    76.1947     2.9034     1.6690     0.1008      0.029      9.514     13.798       1254 1.2527e-01 0.0000e+00
      9.701    11.5995 -9.990e-29 -9.990e-29 156.560058    213.854      6.930    75.8918     2.9115     1.6959     0.1007      0.020      9.514     13.798       1255 1.2523e-01 0.0000e+00
      9.702    11.6024 -9.990e-29 -9.990e-29 156.231707    213.445      6.935    75.0590     2.9195     1.7228     0.1005      0.013      9.514     13.799       1256 1.2522e-01 0.0000e+00
      9.702 -9.990e-29 -9.990e-29 -9.990e-29 155.893488    212.935      6.938    75.1347     2.8508     1.7228     0.1002      0.007      9.514     13.799       1257 1.2518e-01 0.0000e+00
      9.702 -9.990e-29 -9.990e-29 -9.990e-29 155.757698    212.762      6.942    74.8697     2.8629     1.6690     0.1001      0.003      9.514     13.799       1258 1.2522e-01 0.0000e+00
