Data/DataNotYetUploadedToEDI/Raw_CTD/RawDownloads/082718_fcr45.cnv
* Sea-Bird SBE19plus  Data File:
* FileName = C:\DATA\082718_fcr_0007.hex
* Software version 2.6.3.104
* Temperature SN = 7809
* Conductivity SN = 7809
* System UpLoad Time = Aug 27 2018 20:57:41
* <ApplicationData>
* <Seaterm232>
# nquan = 17
# nvalues = 1029                        
# units = specified
# name 0 = depFM: Depth [fresh water, m]
# name 1 = tv290C: Temperature [ITS-90, deg C]
# name 2 = sbeox0Mg/L: Oxygen, SBE 43 [mg/l]
# name 3 = sbeox0PS: Oxygen, SBE 43 [% saturation]
# name 4 = c0uS/cm: Conductivity [uS/cm]
# name 5 = specc: Specific Conductance [uS/cm]
# name 6 = ph: pH
# name 7 = orp: Oxidation Reduction Potential [mV]
# name 8 = flECO-AFL: Fluorescence, WET Labs ECO-AFL/FL [mg/m^3]
# name 9 = turbWETntu0: Turbidity, WET Labs ECO [NTU]
# name 10 = sal00: Salinity, Practical [PSU]
# name 11 = dz/dtM: Descent Rate [m/s]
# name 12 = prdM: Pressure, Strain Gauge [db]
# name 13 = prdE: Pressure, Strain Gauge [psi]
# name 14 = scan: Scan Count
# name 15 = par/sat/log: PAR/Logarithmic, Satlantic
# name 16 = flag:  0.000e+00
# span 0 =     -0.521,      7.662       
# span 1 =    11.8751,    27.1395       
# span 2 =     0.0689,     9.5491       
# span 3 =      0.638,    116.695       
# span 4 =   0.251970, 128.219343       
# span 5 =      0.564,    173.847       
# span 6 =      6.274,      8.713       
# span 7 =   109.2819,   241.3280       
# span 8 =    -0.1900,    11.9166       
# span 9 =    -0.2914,    13.0559       
# span 10 =     0.0119,     0.0820      
# span 11 =     -0.044,      0.178      
# span 12 =     -0.511,      7.513      
# span 13 =     -0.741,     10.897      
# span 14 =          1,       1029      
# span 15 = 1.2312e-01, 1.8238e+03      
# span 16 = 0.0000e+00, 0.0000e+00      
# interval = seconds: 0.25
# start_time = Aug 27 2018 20:29:28 [Instrument's time stamp, header]
# bad_flag = -9.990e-29
*END*
[from data line 256]
     -0.161    25.7796     5.8246     71.519  36.585771     36.025      8.636   170.4214     2.7497     1.1185     0.0243     -0.000     -0.158     -0.229        257 3.9691e+02 0.0000e+00
     -0.160    25.7812     5.8056     71.287  36.537698     35.969      8.639   170.7243     2.7538     1.1051     0.0243     -0.000     -0.157     -0.228        258 3.9871e+02 0.0000e+00
     -0.160    25.7825     5.7826     71.005  36.591117     36.023      8.637   170.8000     2.7376     1.0916     0.0243     -0.000     -0.157     -0.228        259 3.9831e+02 0.0000e+00
     -0.160    25.7831     5.7616     70.747  36.608269     36.050      8.639   170.9514     2.7942     1.0916     0.0243      0.000     -0.157     -0.228        260 3.9640e+02 0.0000e+00
     -0.160    25.7839     5.7589     70.714  36.546012     35.966      8.634   170.6864     2.8225     1.1185     0.0243      0.000     -0.157     -0.228        261 3.9387e+02 0.0000e+00
     -0.161    25.7846     5.7529     70.639  36.579616     36.021      8.632   170.9893     2.7901     1.0648     0.0243     -0.000     -0.157     -0.228        262 3.9135e+02 0.0000e+00
     -0.161    25.7846     5.7436     70.526  36.596107     36.020      8.633   171.6707     2.7901     1.0111     0.0243     -0.000     -0.158     -0.229        263 3.9046e+02 0.0000e+00
     -0.161    25.7844     5.7406     70.489  36.525488     35.965      8.630   171.2543     2.8225     0.9305     0.0243     -0.000     -0.158     -0.229        264 3.9163e+02 0.0000e+00
     -0.161    25.7854     5.7358     70.430  36.548863     35.965      8.620   171.5571     2.7861     0.8902     0.0243     -0.000     -0.158     -0.229        265 3.9442e+02 0.0000e+00
     -0.160    25.7857     5.7342     70.409  36.655996     36.103      8.616   171.8978     2.8225     0.8231     0.0243     -0.001     -0.157     -0.228        266 3.9789e+02 0.0000e+00
     -0.160    25.7853     5.7369     70.442  36.599779     36.019      8.613   171.6707     2.8225     0.9305     0.0243     -0.000     -0.157     -0.228        267 3.9946e+02 0.0000e+00
     -0.161    25.7858     5.7324     70.388  36.529847     35.964      8.614   172.2007     2.7821     1.0111     0.0243     -0.000     -0.157     -0.228        268 3.9869e+02 0.0000e+00
     -0.161    25.7862     5.7299     70.357  36.535410     35.964      8.616   172.0871     2.8023     1.0514     0.0243     -0.000     -0.157     -0.228        269 3.9738e+02 0.0000e+00
     -0.161    25.7857     5.7385     70.462  36.592855     36.019      8.616   172.4278     2.8063     1.0782     0.0243      0.000     -0.157     -0.228        270 3.9514e+02 0.0000e+00
     -0.160    25.7859     5.7439     70.529  36.606653     36.046      8.615   172.5414     2.8427     1.1051     0.0243      0.000     -0.157     -0.227        271 3.9380e+02 0.0000e+00
     -0.160    25.7859     5.7551     70.666  36.547898     35.964      8.609   173.0714     2.8063     1.1453     0.0243      0.001     -0.157     -0.227        272 3.9321e+02 0.0000e+00
     -0.161    25.7856     5.7596     70.723  36.517679     35.964      8.603   173.1471     2.7618     1.0782     0.0243      0.000     -0.157     -0.228        273 3.9396e+02 0.0000e+00
     -0.160    25.7856     5.7619     70.751  36.495965     35.909      8.602   172.9578     2.7538     1.0514     0.0242      0.000     -0.157     -0.228        274 3.9523e+02 0.0000e+00
     -0.161    25.7856     5.7559     70.679  36.515604     35.964      8.596   172.9957     2.7376     1.1319     0.0243      0.000     -0.157     -0.228        275 3.9544e+02 0.0000e+00
     -0.160    25.7853     5.7501     70.608  36.552557     35.964      8.595   173.6393     2.7254     1.0379     0.0243      0.000     -0.157     -0.228        276 3.9479e+02 0.0000e+00
     -0.161    25.7852     5.7404     70.489  36.598273     36.047      8.601   173.7907     2.6850     1.0514     0.0243     -0.000     -0.157     -0.228        277 3.9289e+02 0.0000e+00
     -0.160    25.7855     5.7218     70.261  36.547689     35.964      8.605   173.7528     2.6850     1.1722     0.0243     -0.000     -0.157     -0.228        278 3.9182e+02 0.0000e+00
     -0.160    25.7854     5.7073     70.084  36.526529     35.964      8.604   174.0557     2.7012     1.0782     0.0243     -0.000     -0.157     -0.228        279 3.9111e+02 0.0000e+00
     -0.160    25.7853     5.6829     69.785  36.535628     35.964      8.604   174.1314     2.6850     1.0379     0.0243      0.000     -0.157     -0.228        280 3.9076e+02 0.0000e+00
     -0.161    25.7855     5.6634     69.545  36.536366     35.964      8.603   174.2071     2.6527     0.9976     0.0243     -0.000     -0.158     -0.229        281 3.9135e+02 0.0000e+00
     -0.161    25.7858     5.6454     69.325  36.555271     35.992      8.602   174.8128     2.6527     1.1319     0.0243     -0.000     -0.158     -0.229        282 3.9211e+02 0.0000e+00
     -0.161    25.7862     5.6283     69.115  36.541761     35.964      8.601   174.6993     2.6769     1.0379     0.0243     -0.000     -0.158     -0.229        283 3.9236e+02 0.0000e+00
     -0.161    25.7864     5.6100     68.890  36.523519     35.964      8.602   174.7371     2.6931     1.0916     0.0243     -0.000     -0.158     -0.229        284 3.9295e+02 0.0000e+00
     -0.160    25.7870     5.5899     68.644  36.488996     35.909      8.600   174.6236     2.7659     0.8634     0.0242     -0.000     -0.157     -0.228        285 3.9283e+02 0.0000e+00
     -0.160    25.7879     5.5735     68.443  36.466088     35.909      8.600   175.3050     2.7376     0.8231     0.0242     -0.000     -0.157     -0.228        286 3.9222e+02 0.0000e+00
     -0.160    25.7882     5.5573     68.245  36.492708     35.908      8.598   175.3428     2.7214     0.8365     0.0242     -0.000     -0.157     -0.228        287 3.9233e+02 0.0000e+00
     -0.160    25.7886     5.5433     68.073  36.485526     35.935      8.595   175.4943     2.7457     0.8365     0.0242      0.000     -0.157     -0.228        288 3.9224e+02 0.0000e+00
     -0.160    25.7889     5.5309     67.920  36.445367     35.852      8.595   175.5700     2.7295     1.1991     0.0242      0.000     -0.157     -0.228        289 3.9234e+02 0.0000e+00
     -0.160    25.7895     5.5156     67.733  36.453709     35.907      8.596   175.6836     2.7578     1.1319     0.0242      0.000     -0.157     -0.228        290 3.9267e+02 0.0000e+00
     -0.160    25.7898     5.5086     67.647  36.504804     35.907      8.594   175.9864     2.7335     0.9976     0.0242      0.000     -0.157     -0.228        291 3.9273e+02 0.0000e+00
     -0.160    25.7896     5.5009     67.553  36.500416     35.961      8.596   176.3650     2.7376     0.9976     0.0243      0.000     -0.157     -0.228        292 3.9290e+02 0.0000e+00
     -0.160    25.7899     5.4919     67.442  36.459168     35.851      8.597   175.9486     2.7416     1.0648     0.0242      0.000     -0.157     -0.228        293 3.9301e+02 0.0000e+00
     -0.160    25.7902     5.4811     67.309  36.526477     35.989      8.597   175.9486     2.7012     1.1856     0.0243      0.000     -0.157     -0.228        294 3.9231e+02 0.0000e+00
     -0.160    25.7904     5.4738     67.221  36.505631     35.906      8.598   176.4786     2.6527     1.0245     0.0242      0.000     -0.157     -0.228        295 3.9241e+02 0.0000e+00
     -0.160    25.7909     5.4616     67.071  36.455452     35.906      8.597   176.2893     2.6971     0.9842     0.0242     -0.000     -0.157     -0.228        296 3.9280e+02 0.0000e+00
     -0.160    25.7910     5.4530     66.966  36.440627     35.851      8.598   176.6678     2.6648     1.0648     0.0242      0.000     -0.157     -0.228        297 3.9211e+02 0.0000e+00
     -0.160    25.7909     5.4470     66.892  36.464762     35.905      8.602   176.8950     2.6850     1.0916     0.0242      0.000     -0.157     -0.228        298 3.9173e+02 0.0000e+00
     -0.161    25.7910     5.4367     66.766  36.455076     35.878      8.602   177.0464     2.6810     1.0379     0.0242     -0.000     -0.157     -0.228        299 3.9191e+02 0.0000e+00
     -0.160    25.7910     5.4297     66.680  36.423022     35.850      8.603   177.1978     2.6567     1.0245     0.0242     -0.000     -0.157     -0.228        300 3.9253e+02 0.0000e+00
     -0.161    25.7914     5.4224     66.591  36.474991     35.905      8.603   177.3114     2.6688     1.0916     0.0242     -0.000     -0.157     -0.228        301 3.9305e+02 0.0000e+00
     -0.160    25.7916     5.4195     66.555  36.479376     35.905      8.604   177.2736     2.6688     1.1319     0.0242     -0.000     -0.157     -0.228        302 3.9344e+02 0.0000e+00
     -0.161    25.7916     5.4184     66.541  36.476883     35.905      8.602   177.1221     2.7012     1.0916     0.0242     -0.000     -0.158     -0.229        303 3.9303e+02 0.0000e+00
     -0.161    25.7918     5.4185     66.543  36.478094     35.905      8.603   177.5386     2.6607     1.0379     0.0242     -0.000     -0.158     -0.229        304 3.9237e+02 0.0000e+00
     -0.160    25.7921     5.4205     66.568  36.507529     35.932      8.603   177.1978     2.6769     1.0782     0.0242     -0.000     -0.157     -0.228        305 3.9254e+02 0.0000e+00
     -0.160    25.7924     5.4235     66.605  36.469911     35.905      8.604   177.2357     2.6850     1.0379     0.0242      0.000     -0.157     -0.228        306 3.9227e+02 0.0000e+00
     -0.161    25.7925     5.4236     66.607  36.376613     35.794      8.606   177.7657     2.6486     1.1185     0.0242      0.000     -0.157     -0.228        307 3.9361e+02 0.0000e+00
     -0.160    25.7925     5.4238     66.609  36.416024     35.849      8.608   177.8036     2.6931     1.1588     0.0242      0.000     -0.157     -0.228        308 3.9486e+02 0.0000e+00
     -0.160    25.7927     5.4159     66.512  36.480184     35.904      8.607   177.9928     2.6850     1.0782     0.0242      0.000     -0.157     -0.228        309 3.9425e+02 0.0000e+00
     -0.161    25.7927     5.4111     66.453  36.474720     35.904      8.606   178.2200     2.7699     1.0648     0.0242      0.000     -0.157     -0.228        310 3.9309e+02 0.0000e+00
     -0.160    25.7930     5.4082     66.417  36.452483     35.877      8.605   178.4471     2.7457     1.1051     0.0242      0.000     -0.157     -0.228        311 3.9231e+02 0.0000e+00
     -0.161    25.7932     5.3969     66.278  36.478201     35.904      8.606   178.2578     2.7618     1.0648     0.0242     -0.000     -0.158     -0.229        312 3.9251e+02 0.0000e+00
     -0.161    25.7932     5.3910     66.207  36.472372     35.904      8.607   178.4471     2.7578     1.0782     0.0242     -0.000     -0.158     -0.229        313 3.9257e+02 0.0000e+00
     -0.160    25.7936     5.3933     66.235  36.430077     35.849      8.607   178.4093     2.7497     1.0379     0.0242     -0.000     -0.157     -0.228        314 3.9189e+02 0.0000e+00
     -0.160    25.7941     5.3947     66.253  36.412202     35.849      8.611   178.7879     2.7457     1.1185     0.0242     -0.000     -0.157     -0.228        315 3.9291e+02 0.0000e+00
     -0.161    25.7940     5.4098     66.437  36.405640     35.821      8.612   178.8257     2.7538     1.0648     0.0242     -0.000     -0.157     -0.228        316 3.9346e+02 0.0000e+00
     -0.160    25.7939     5.4321     66.710  36.408584     35.848      8.611   179.1286     2.7618     1.1185     0.0242     -0.000     -0.157     -0.228        317 3.9338e+02 0.0000e+00
     -0.159    25.7941     5.4554     66.994  36.378881     35.793      8.612   179.1664     2.7295     0.9574     0.0242      0.000     -0.156     -0.227        318 3.9130e+02 0.0000e+00
     -0.159    25.7942     5.4742     67.225  36.412947     35.848      8.613   179.5071     2.7295     1.0514     0.0242      0.001     -0.156     -0.226        319 3.9044e+02 0.0000e+00
     -0.159    25.7942     5.4962     67.494  36.425506     35.848      8.612   179.4693     2.7335     1.1051     0.0242      0.001     -0.156     -0.226        320 3.8794e+02 0.0000e+00
     -0.159    25.7943     5.5062     67.614  36.363251     35.793      8.612   179.6207     2.7295     1.1453     0.0242      0.001     -0.156     -0.226        321 3.9314e+02 0.0000e+00
     -0.159    25.7944     5.5084     67.641  36.401445     35.820      8.611   179.4693     2.7295     1.0648     0.0242      0.001     -0.156     -0.226        322 3.9047e+02 0.0000e+00
     -0.159    25.7944     5.5040     67.588  36.466950     35.903      8.612   179.5450     2.7133     0.9574     0.0242      0.001     -0.156     -0.226        323 4.0296e+02 0.0000e+00
     -0.158    25.7948     5.4954     67.482  36.430025     35.848      8.612   179.8100     2.7214     1.0245     0.0242      0.001     -0.156     -0.226        324 4.9368e+02 0.0000e+00
     -0.159    25.7948     5.4822     67.319  36.358421     35.793      8.615   179.4693     2.7578     1.1319     0.0242      0.001     -0.156     -0.226        325 4.8375e+02 0.0000e+00
     -0.159    25.7942     5.4670     67.134  36.378108     35.793      8.613   179.8100     2.7618     1.1319     0.0242      0.000     -0.156     -0.226        326 3.9709e+02 0.0000e+00
     -0.159    25.7934     5.4608     67.059  36.435184     35.875      8.615   180.0371     2.7376     1.0916     0.0242     -0.000     -0.156     -0.226        327 3.7463e+02 0.0000e+00
     -0.158    25.7923     5.4616     67.068  36.376367     35.793      8.619   179.7343     2.7416     1.1319     0.0242      0.000     -0.155     -0.225        328 3.9433e+02 0.0000e+00
     -0.157    25.7915     5.4742     67.223  36.303011     35.739      8.623   180.2643     2.7376     1.0782     0.0242      0.001     -0.154     -0.224        329 3.6732e+02 0.0000e+00
     -0.157    25.7908     5.4976     67.527  36.378180     35.794      8.624   179.9614     2.7497     1.0379     0.0242      0.001     -0.154     -0.224        330 4.1046e+02 0.0000e+00
     -0.158    25.7895     5.5459     68.132  36.401455     35.850      8.624   180.3021     2.7457     1.0514     0.0242      0.001     -0.154     -0.224        331 3.4948e+02 0.0000e+00
     -0.157    25.7889     5.6357     69.234  36.333365     35.740      8.631   180.4157     2.7376     0.9976     0.0242      0.001     -0.154     -0.223        332 4.5726e+02 0.0000e+00
     -0.156    25.7891     5.7476     70.603  36.373942     35.824      8.629   180.3400     2.7254     1.0648     0.0242      0.001     -0.153     -0.221        333 7.5400e+02 0.0000e+00
     -0.154    25.7885     5.8645     72.033  36.380617     35.797      8.632   180.4157     2.7214     1.0782     0.0242      0.002     -0.151     -0.219        334 4.9209e+02 0.0000e+00
     -0.153    25.7888     5.9760     73.400  36.354718     35.797      8.636   180.6807     2.8225     1.1319     0.0242      0.003     -0.150     -0.218        335 3.4625e+02 0.0000e+00
     -0.153    25.7897     6.1173     75.134  36.376514     35.797      8.631   180.5293     2.8306     1.0245     0.0242      0.003     -0.150     -0.218        336 4.0056e+02 0.0000e+00
     -0.154    25.7906     6.2933     77.293  36.353491     35.797      8.632   180.6050     2.7982     1.1185     0.0242      0.003     -0.150     -0.218        337 3.6423e+02 0.0000e+00
     -0.155    25.7896     6.4960     79.779  36.324052     35.741      8.633   180.9457     2.8144     1.0916     0.0242      0.002     -0.150     -0.218        338 3.8952e+02 0.0000e+00
     -0.151    25.7912     6.6635     81.833  36.324174     35.768      8.635   179.7343     2.7901     1.0379     0.0242      0.003     -0.148     -0.214        339 3.6831e+02 0.0000e+00
     -0.146    25.8038     6.8131     83.669  36.323681     35.741      8.630   179.6586     2.7618     1.1319     0.0242      0.004     -0.144     -0.209        340 3.8617e+02 0.0000e+00
