Data/DataNotYetUploadedToEDI/Raw_CTD/RawDownloads/082718_fcr45.cnv
* Sea-Bird SBE19plus  Data File:
* FileName = C:\DATA\082718_fcr_0007.hex
* Software version 2.6.3.104
* Temperature SN = 7809
* Conductivity SN = 7809
* System UpLoad Time = Aug 27 2018 20:57:41
* <ApplicationData>
* <Seaterm232>
# nquan = 17
# nvalues = 1029                        
# units = specified
# name 0 = depFM: Depth [fresh water, m]
# name 1 = tv290C: Temperature [ITS-90, deg C]
# name 2 = sbeox0Mg/L: Oxygen, SBE 43 [mg/l]
# name 3 = sbeox0PS: Oxygen, SBE 43 [% saturation]
# name 4 = c0uS/cm: Conductivity [uS/cm]
# name 5 = specc: Specific Conductance [uS/cm]
# name 6 = ph: pH
# name 7 = orp: Oxidation Reduction Potential [mV]
# name 8 = flECO-AFL: Fluorescence, WET Labs ECO-AFL/FL [mg/m^3]
# name 9 = turbWETntu0: Turbidity, WET Labs ECO [NTU]
# name 10 = sal00: Salinity, Practical [PSU]
# name 11 = dz/dtM: Descent Rate [m/s]
# name 12 = prdM: Pressure, Strain Gauge [db]
# name 13 = prdE: Pressure, Strain Gauge [psi]
# name 14 = scan: Scan Count
# name 15 = par/sat/log: PAR/Logarithmic, Satlantic
# name 16 = flag:  0.000e+00
# span 0 =     -0.521,      7.662       
# span 1 =    11.8751,    27.1395       
# span 2 =     0.0689,     9.5491       
# span 3 =      0.638,    116.695       
# span 4 =   0.251970, 128.219343       
# span 5 =      0.564,    173.847       
# span 6 =      6.274,      8.713       
# span 7 =   109.2819,   241.3280       
# span 8 =    -0.1900,    11.9166       
# span 9 =    -0.2914,    13.0559       
# span 10 =     0.0119,     0.0820      
# span 11 =     -0.044,      0.178      
# span 12 =     -0.511,      7.513      
# span 13 =     -0.741,     10.897      
# span 14 =          1,       1029      
# span 15 = 1.2312e-01, 1.8238e+03      
# span 16 = 0.0000e+00, 0.0000e+00      
# interval = seconds: 0.25
# start_time = Aug 27 2018 20:29:28 [Instrument's time stamp, header]
# bad_flag = -9.990e-29
*END*
[from data line 766]
      3.376    18.4965     0.1654      1.741  44.407819     50.875      6.949   238.5266     6.3890     1.8570     0.0285      0.047      3.309      4.798        767 1.2450e+01 0.0000e+00
      3.386    18.4186     0.1607      1.686  44.435438     51.000      6.936   237.9209     6.9470     2.1927     0.0285      0.047      3.320      4.815        768 1.2420e+01 0.0000e+00
      3.394    18.3302     0.1582      1.654  44.449856     51.088      6.927   237.6937     6.9227     2.1390     0.0285      0.046      3.329      4.828        769 1.2292e+01 0.0000e+00
      3.402    18.2587     0.1574      1.640  44.389919     51.112      6.918   237.4666     6.9349     2.1524     0.0285      0.046      3.336      4.838        770 1.2261e+01 0.0000e+00
      3.408    18.2024     0.1578      1.642  44.332047     51.156      6.911   237.5423     6.9308     2.1122     0.0285      0.045      3.344      4.851        771 1.2149e+01 0.0000e+00
      3.421    18.1735     0.1631      1.694  44.284556     51.173      6.904   237.4666     8.4351     2.1390     0.0285      0.043      3.356      4.867        772 1.1976e+01 0.0000e+00
      3.436    18.2047     0.1605      1.665  44.271039     51.240      6.895   237.3909     8.4472     2.2196     0.0285      0.043      3.369      4.886        773 1.1856e+01 0.0000e+00
      3.447    18.2087     0.1611      1.670  44.230218     51.212      6.888   237.6937     8.4391     2.1927     0.0285      0.041      3.379      4.901        774 1.1783e+01 0.0000e+00
      3.453    18.1278     0.1602      1.658  44.335371     51.302      6.882   237.6937     8.4795     2.1659     0.0285      0.039      3.388      4.914        775 1.1661e+01 0.0000e+00
      3.466    17.9995     0.1568      1.621  44.555570     51.553      6.876   237.4287     8.3865     2.1927     0.0287      0.040      3.401      4.933        776 1.1425e+01 0.0000e+00
      3.485    17.8313     0.1580      1.631  44.935351     52.076      6.866   237.9966     8.3987     2.2196     0.0289      0.044      3.419      4.958        777 1.1195e+01 0.0000e+00
      3.507    17.6550     0.1588      1.638  45.316711     52.715      6.861   237.9587     8.3663     2.3136     0.0291      0.049      3.439      4.988        778 1.0861e+01 0.0000e+00
      3.530    17.4920     0.1569      1.617  45.356961     52.926      6.853   239.1323     8.4027     2.2867     0.0291      0.056      3.459      5.017        779 1.0660e+01 0.0000e+00
      3.545    17.3519     0.1505      1.548  45.449139     53.274      6.842   239.2459     7.5738     2.7836     0.0292      0.061      3.474      5.039        780 1.0633e+01 0.0000e+00
      3.552    17.2569     0.1551      1.592  45.587853     53.644      6.831   239.3973     7.5657     2.9447     0.0293      0.062      3.484      5.054        781 1.0473e+01 0.0000e+00
      3.562    17.1890     0.1578      1.616  45.540511     53.756      6.821   239.3973     7.5616     2.9178     0.0293      0.063      3.494      5.067        782 1.0316e+01 0.0000e+00
      3.573    17.1271     0.1537      1.571  45.597159     53.943      6.815   239.6623     7.5576     2.9313     0.0294      0.062      3.504      5.081        783 1.0270e+01 0.0000e+00
      3.582    17.0671     0.1555      1.586  45.636111     54.095      6.807   239.6623     8.8273     4.6366     0.0294      0.056      3.514      5.096        784 1.0157e+01 0.0000e+00
      3.594    17.0104     0.1556      1.586  45.492082     53.976      6.800   239.8516     8.8435     4.7038     0.0294      0.050      3.524      5.112        785 9.9859e+00 0.0000e+00
      3.605    16.9543     0.1563      1.591  45.450036     54.020      6.797   239.9652     8.8313     4.6366     0.0294      0.044      3.535      5.128        786 9.8828e+00 0.0000e+00
      3.618    16.8947     0.1565      1.591  45.540108     54.192      6.791   240.6845     8.8192     4.5560     0.0294      0.041      3.549      5.148        787 9.6914e+00 0.0000e+00
      3.636    16.8349     0.1509      1.534  45.706430     54.465      6.783   240.6466     8.6292     5.2543     0.0295      0.044      3.566      5.172        788 9.4515e+00 0.0000e+00
      3.654    16.7782     0.1472      1.495  46.133291     55.043      6.778   241.1009     8.5321     5.3080     0.0297      0.048      3.585      5.198        789 9.2988e+00 0.0000e+00
      3.674    16.7095     0.1464      1.487  46.255220     55.322      6.769   241.3280     8.5240     5.2677     0.0298      0.054      3.605      5.228        790 9.0009e+00 0.0000e+00
      3.700    16.6158     0.1471      1.494  46.504297     55.564      6.759   240.5330     8.5038     5.3080     0.0299      0.061      3.627      5.261        791 8.6524e+00 0.0000e+00
      3.722    16.5111     0.1447      1.470  46.980670     56.426      6.749   240.3437     8.5159     5.1737     0.0303      0.069      3.648      5.291        792 8.4702e+00 0.0000e+00
      3.738    16.4116     0.1405      1.427  46.671372     55.983      6.739   239.0945     8.1439     5.0126     0.0301      0.074      3.664      5.315        793 8.3592e+00 0.0000e+00
      3.749    16.3303     0.1359      1.379  46.384796     55.921      6.734   237.8452     8.1439     5.1334     0.0300      0.076      3.676      5.331        794 8.2588e+00 0.0000e+00
      3.758    16.2665     0.1379      1.397  46.269082     55.821      6.726   236.4823     8.1439     5.0797     0.0299      0.073      3.684      5.343        795 8.1995e+00 0.0000e+00
      3.764    16.2130     0.1371      1.386  46.162599     55.862      6.719   235.5737     8.1439     5.1066     0.0299      0.066      3.690      5.352        796 8.1474e+00 0.0000e+00
      3.768    16.1706     0.1351      1.362  46.190946     55.949      6.715   234.5894     7.3554     4.8380     0.0299      0.057      3.695      5.360        797 8.0953e+00 0.0000e+00
      3.773    16.1414     0.1307      1.315  46.174499     56.022      6.709   233.4916     7.3756     4.9857     0.0299      0.046      3.700      5.367        798 8.0413e+00 0.0000e+00
      3.778    16.1248     0.1306      1.311  46.242449     56.147      6.705   232.6966     7.4039     4.8112     0.0300      0.035      3.705      5.374        799 7.9417e+00 0.0000e+00
      3.784    16.1066     0.1322      1.325  46.284456     56.255      6.700   232.2423     7.3716     4.8783     0.0300      0.028      3.711      5.383        800 7.8800e+00 0.0000e+00
      3.791    16.0930     0.1269      1.269  46.359636     56.345      6.696   231.5609     6.9511     4.8246     0.0300      0.024      3.718      5.393        801 7.7821e+00 0.0000e+00
      3.799    16.0998     0.1358      1.356  46.475320     56.540      6.691   230.5766     6.9430     4.7575     0.0301      0.023      3.726      5.405        802 7.6847e+00 0.0000e+00
      3.809    16.1026     0.1324      1.319  46.348221     56.390      6.686   230.2737     6.9268     4.7843     0.0301      0.024      3.736      5.419        803 7.5853e+00 0.0000e+00
      3.821    16.0686     0.1322      1.316  46.369441     56.380      6.682   229.8194     6.9470     4.8112     0.0301      0.027      3.748      5.436        804 7.4145e+00 0.0000e+00
      3.836    15.9916     0.1341      1.333  46.359886     56.443      6.678   229.3273     6.0453     5.1066     0.0301      0.032      3.761      5.456        805 7.2469e+00 0.0000e+00
      3.849    15.8836     0.1372      1.363  46.063375     56.013      6.674   228.8730     6.0493     5.0126     0.0299      0.037      3.775      5.476        806 7.1045e+00 0.0000e+00
      3.863    15.7739     0.1402      1.391  46.204332     56.391      6.672   229.1759     6.0695     4.9723     0.0300      0.042      3.790      5.497        807 6.9250e+00 0.0000e+00
      3.883    15.6747     0.1355      1.343  46.243862     56.541      6.664   228.1159     6.0493     5.0126     0.0301      0.048      3.809      5.524        808 6.6973e+00 0.0000e+00
      3.904    15.5761     0.1330      1.317  45.509796     55.837      6.658   227.9644     4.9778     5.6437     0.0297      0.055      3.830      5.555        809 6.4755e+00 0.0000e+00
      3.930    15.4813     0.1335      1.320  45.248497     55.525      6.648   227.9644     5.0141     5.7646     0.0295      0.063      3.852      5.587        810 6.2804e+00 0.0000e+00
      3.949    15.3862     0.1343      1.326  45.441515     56.109      6.642   227.1694     4.9575     5.6706     0.0298      0.069      3.870      5.614        811 6.1063e+00 0.0000e+00
      3.962    15.2942     0.1346      1.327  44.943251     55.411      6.632   226.8287     4.9656     5.7108     0.0294      0.072      3.884      5.634        812 6.0210e+00 0.0000e+00
      3.971    15.2234     0.1297      1.276  44.533371     55.195      6.629   226.1094     4.9737     5.5766     0.0293      0.072      3.896      5.649        813 5.9595e+00 0.0000e+00
      3.984    15.1678     0.1266      1.244  44.111986     54.697      6.626   225.4280     4.1933     5.8586     0.0290      0.070      3.907      5.666        814 5.8185e+00 0.0000e+00
      3.997    15.1152     0.1290      1.265  43.539071     54.133      6.623   225.0873     4.2216     5.8720     0.0288      0.066      3.920      5.685        815 5.7352e+00 0.0000e+00
      4.009    15.0605     0.1313      1.285  43.228779     53.790      6.620   224.7087     4.2256     5.8720     0.0286      0.060      3.931      5.701        816 5.6717e+00 0.0000e+00
      4.018    15.0061     0.1316      1.285  43.014657     53.617      6.616   224.0651     4.2216     5.8183     0.0285      0.053      3.940      5.714        817 5.6076e+00 0.0000e+00
      4.026    14.9531     0.1281      1.249  42.915477     53.550      6.612   223.7623     4.7311     5.7108     0.0285      0.047      3.950      5.728        818 5.5263e+00 0.0000e+00
      4.038    14.9005     0.1261      1.228  42.996203     53.729      6.610   223.1566     4.7594     5.7377     0.0285      0.044      3.961      5.745        819 5.4082e+00 0.0000e+00
      4.052    14.8466     0.1333      1.298  43.121915     53.974      6.608   222.8158     4.7432     5.7108     0.0286      0.044      3.975      5.765        820 5.3071e+00 0.0000e+00
      4.070    14.7838     0.1354      1.319  42.966751     53.836      6.605   222.4751     4.7351     5.6840     0.0285      0.046      3.992      5.790        821 5.1779e+00 0.0000e+00
      4.091    14.7036     0.1317      1.284  42.803631     53.697      6.602   222.0208     4.6624     5.6974     0.0284      0.049      4.012      5.820        822 5.0406e+00 0.0000e+00
      4.114    14.6242     0.1318      1.285  42.850235     53.853      6.595   222.0208     4.6704     5.6169     0.0285      0.055      4.037      5.854        823 4.8614e+00 0.0000e+00
      4.144    14.5590     0.1277      1.244  43.057137     54.206      6.589   222.0965     4.6543     5.6303     0.0286      0.065      4.064      5.893        824 4.6669e+00 0.0000e+00
      4.173    14.4699     0.1235      1.201  42.872554     54.143      6.584   221.1501     4.6826     5.6840     0.0286      0.076      4.089      5.930        825 4.5370e+00 0.0000e+00
      4.191    14.3679     0.1223      1.187  42.427269     53.556      6.577   220.5065     4.0154     4.9857     0.0283      0.084      4.107      5.957        826 4.4709e+00 0.0000e+00
      4.201    14.2890     0.1206      1.168  42.394895     53.750      6.576   219.9008     3.9628     5.0126     0.0283      0.087      4.119      5.975        827 4.4310e+00 0.0000e+00
      4.211    14.2156     0.1134      1.096  42.408520     53.819      6.572   219.8251     3.9749     5.0260     0.0283      0.084      4.130      5.990        828 4.3588e+00 0.0000e+00
      4.222    14.1513     0.1217      1.173  42.321362     53.891      6.571   219.8251     3.9426     5.0126     0.0283      0.078      4.141      6.006        829 4.3133e+00 0.0000e+00
      4.235    14.1380     0.1235      1.189  42.028713     53.563      6.566   218.9165     3.4654     4.8112     0.0281      0.070      4.154      6.024        830 4.2560e+00 0.0000e+00
      4.249    14.1759     0.1256      1.206  41.971710     53.582      6.564   218.7651     3.4776     4.8112     0.0281      0.061      4.166      6.042        831 4.1461e+00 0.0000e+00
      4.260    14.2065     0.1240      1.189  42.243991     53.993      6.562   218.3865     3.4290     4.8380     0.0283      0.052      4.177      6.058        832 4.1044e+00 0.0000e+00
      4.268    14.1984     0.1248      1.196  42.342577     54.010      6.562   218.5001     3.4493     4.8515     0.0283      0.046      4.187      6.073        833 4.0662e+00 0.0000e+00
      4.281    14.1625     0.1248      1.194  42.145691     53.789      6.557   218.4244     3.4573     4.5829     0.0282      0.045      4.199      6.090        834 3.9756e+00 0.0000e+00
      4.295    14.1018     0.1238      1.184  41.747291     53.195      6.559   218.1215     3.2430     4.5292     0.0280      0.046      4.213      6.111        835 3.8810e+00 0.0000e+00
      4.314    14.0225     0.1294      1.237  41.562653     53.100      6.556   218.0458     3.2673     4.4352     0.0279      0.048      4.233      6.140        836 3.7429e+00 0.0000e+00
      4.341    13.9232     0.1289      1.230  41.337118     52.826      6.549   218.3865     3.2228     4.3278     0.0278      0.054      4.259      6.177        837 3.6044e+00 0.0000e+00
      4.373    13.8109     0.1279      1.220  41.048977     52.610      6.544   219.3330     3.2228     4.3681     0.0277      0.063      4.290      6.222        838 3.4178e+00 0.0000e+00
      4.411    13.7117     0.1282      1.222  41.090605     52.744      6.534   219.6737     2.7457     4.4352     0.0277      0.076      4.324      6.271        839 3.2588e+00 0.0000e+00
      4.444    13.6206     0.1282      1.221  41.048032     52.935      6.524   219.6737     2.7618     4.4352     0.0277      0.091      4.354      6.314        840 3.2120e+00 0.0000e+00
      4.463    13.5378     0.1275      1.213  40.746020     52.564      6.521   219.4465     2.7457     4.4621     0.0275      0.102      4.375      6.345        841 3.1549e+00 0.0000e+00
      4.477    13.4748     0.1262      1.200  40.665513     52.688      6.520   219.0680     2.7376     4.3815     0.0275      0.106      4.390      6.367        842 3.0953e+00 0.0000e+00
      4.491    13.4242     0.1159      1.102  40.495611     52.512      6.517   218.3865     2.8063     4.5292     0.0274      0.104      4.404      6.387        843 3.0542e+00 0.0000e+00
      4.504    13.3793     0.1171      1.113  40.275184     52.343      6.517   218.0458     2.8063     4.6098     0.0273      0.096      4.419      6.410        844 2.9761e+00 0.0000e+00
      4.524    13.3394     0.1161      1.103  40.109220     52.194      6.517   218.2730     2.8104     4.6635     0.0272      0.086      4.439      6.439        845 2.9096e+00 0.0000e+00
      4.551    13.3004     0.1170      1.112  40.019868     52.109      6.512   218.6894     2.8144     4.6232     0.0272      0.078      4.464      6.474        846 2.8239e+00 0.0000e+00
      4.579    13.2577     0.1124      1.068  40.416074     52.711      6.509   218.9544     2.2887     4.8112     0.0274      0.075      4.491      6.514        847 2.7189e+00 0.0000e+00
      4.611    13.2181     0.1127      1.071  42.137845     54.916      6.503   219.1815     2.3211     4.9052     0.0284      0.078      4.521      6.556        848 2.6634e+00 0.0000e+00
      4.640    13.1813     0.1122      1.066  44.908626     58.779      6.496   219.1058     2.3251     4.9186     0.0301      0.087      4.548      6.595        849 2.5928e+00 0.0000e+00
      4.661    13.1474     0.1097      1.042  46.462455     60.778      6.494   219.4465     2.2847     4.8112     0.0309      0.095      4.568      6.625        850 2.5393e+00 0.0000e+00
      4.674    13.1221     0.1123      1.067  46.583685     61.020      6.494   218.7651     1.7105     6.5165     0.0310      0.098      4.583      6.647        851 2.5413e+00 0.0000e+00
