Data/DataNotYetUploadedToEDI/Raw_CTD/RawDownloads/082718_fcr10.cnv
* Sea-Bird SBE19plus  Data File:
* FileName = C:\DATA\082718_fcr_0004.hex
* Software version 2.6.3.104
* Temperature SN = 7809
* Conductivity SN = 7809
* System UpLoad Time = Aug 27 2018 20:56:24
* <ApplicationData>
* <Seaterm232>
# nquan = 17
# nvalues = 550                         
# units = specified
# name 0 = depFM: Depth [fresh water, m]
# name 1 = tv290C: Temperature [ITS-90, deg C]
# name 2 = sbeox0Mg/L: Oxygen, SBE 43 [mg/l]
# name 3 = sbeox0PS: Oxygen, SBE 43 [% saturation]
# name 4 = c0uS/cm: Conductivity [uS/cm]
# name 5 = specc: Specific Conductance [uS/cm]
# name 6 = ph: pH
# name 7 = orp: Oxidation Reduction Potential [mV]
# name 8 = flECO-AFL: Fluorescence, WET Labs ECO-AFL/FL [mg/m^3]
# name 9 = turbWETntu0: Turbidity, WET Labs ECO [NTU]
# name 10 = sal00: Salinity, Practical [PSU]
# name 11 = dz/dtM: Descent Rate [m/s]
# name 12 = prdM: Pressure, Strain Gauge [db]
# name 13 = prdE: Pressure, Strain Gauge [psi]
# name 14 = scan: Scan Count
# name 15 = par/sat/log: PAR/Logarithmic, Satlantic
# name 16 = flag:  0.000e+00
# span 0 =     -0.501,      2.226       
# span 1 =    23.6657,    30.1204       
# span 2 =     5.2657,    10.4638       
# span 3 =     66.648,    130.209       
# span 4 =   0.453081,  38.733745       
# span 5 =      0.564,     38.021       
# span 6 =      6.431,      8.612       
# span 7 =  -837.3765,  1240.2295       
# span 8 =    -0.1860,     8.6413       
# span 9 =    -0.3317,    70.5678       
# span 10 =     0.0135,     0.0251      
# span 11 =     -0.136,      0.167      
# span 12 =     -0.491,      2.183      
# span 13 =     -0.712,      3.166      
# span 14 =          1,        550      
# span 15 = 1.3758e+02, 2.6528e+03      
# span 16 = 0.0000e+00, 0.0000e+00      
# interval = seconds: 0.25
# start_time = Aug 27 2018 19:08:18 [Instrument's time stamp, header]
# bad_flag = -9.990e-29
*END*
     -0.501    30.1204     8.0459    101.492   0.771873      0.690      6.436  -837.3765    -0.1819    -0.2646     0.0136      0.000     -0.491     -0.712          1 4.7970e+02 0.0000e+00
     -0.500    30.0984     8.0699    101.546   0.712598      0.665      6.437  -819.9622    -0.1860    -0.2243     0.0136      0.000     -0.491     -0.712          2 6.3468e+02 0.0000e+00
     -0.501    30.0965     8.0910    101.653   0.768244      0.665      6.434  -834.3479    -0.1698    -0.2377     0.0136      0.000     -0.491     -0.712          3 6.7816e+02 0.0000e+00
     -0.501    30.0173     8.1164    101.892   0.673017      0.665      6.433  -765.2584    -0.1698    -0.0632     0.0135      0.000     -0.491     -0.712          4 6.5769e+02 0.0000e+00
     -0.500    29.4960     8.1411    102.157   0.831108      0.665      6.432  -812.6936    -0.1738    -0.0632     0.0135      0.000     -0.486     -0.705          5 6.0508e+02 0.0000e+00
     -0.486    28.7779     8.1610    102.368   0.453081      0.564      6.431  -779.7956    -0.1658    -0.0766     0.0135      0.004     -0.467     -0.677          6 5.8309e+02 0.0000e+00
     -0.441    28.2572     8.0560    101.014   8.635142      7.251      6.938  1240.2295    -0.1496    -0.0766     0.0146      0.019     -0.426     -0.617          7 5.7024e+02 0.0000e+00
     -0.373    27.9069     7.9458     99.615  28.063120     26.691      7.339  1240.2295    -0.1738    -0.0766     0.0213      0.047     -0.367     -0.532          8 4.5284e+02 0.0000e+00
     -0.308    27.6640     7.9073     99.131  38.386279     36.000      7.791   278.8824    -0.1536    -0.2377     0.0249      0.084     -0.309     -0.449          9 4.3187e+02 0.0000e+00
     -0.267    27.4536     7.9510     99.663  38.295984     36.215      8.057   243.8645    -0.1617    -0.2914     0.0249      0.119     -0.267     -0.387         10 4.6139e+02 0.0000e+00
     -0.239    27.2771     7.9750     99.953  38.287783     36.324      8.223   260.8245    -0.1698    -0.3317     0.0249      0.147     -0.237     -0.344         11 4.8266e+02 0.0000e+00
     -0.222    27.1433     7.9100     99.138  38.307639     36.527      8.325   255.3731    -0.1577    -0.2780     0.0249      0.162     -0.212     -0.308         12 4.5426e+02 0.0000e+00
     -0.189    27.0546     7.7724     97.424  38.449355     36.755      8.421   203.2815     2.0866    70.4335     0.0249      0.167     -0.181     -0.262         13 4.0673e+02 0.0000e+00
     -0.142    27.0112     7.6609     96.037  38.586099     37.012      8.472   195.3315     2.0866    70.5678     0.0250      0.164     -0.146     -0.211         14 4.0394e+02 0.0000e+00
     -0.118    26.9861     7.5780     95.019  38.641785     37.101      8.446   232.0151     2.0623    70.5141     0.0250      0.149     -0.118     -0.172         15 4.4806e+02 0.0000e+00
     -0.101    26.9655     7.5031     94.079  38.617398     37.132      8.410   231.0309     2.0785    70.5141     0.0250      0.128     -0.100     -0.147         16 5.1925e+02 0.0000e+00
     -0.089    26.9445     7.4267     93.083  38.586813     37.096      8.378   233.2644     3.7647     1.0648     0.0250      0.111     -0.088     -0.129         17 4.9465e+02 0.0000e+00
     -0.083    26.9357     7.4806     93.698  38.620538     37.164      8.364   191.5457     3.7566     1.1453     0.0250      0.098     -0.078     -0.113         18 4.9228e+02 0.0000e+00
     -0.065    26.9338     7.6681     95.980  38.605102     37.152      8.365   179.4693     3.7606     1.0648     0.0250      0.088     -0.064     -0.093         19 5.0987e+02 0.0000e+00
     -0.048    26.9259     7.9185     99.050  38.576371     37.132      8.363   178.1064     3.7525     1.0379     0.0250      0.079     -0.049     -0.071         20 5.0384e+02 0.0000e+00
     -0.038    26.9193     8.1341    101.726  38.626635     37.186      8.367   175.1914     3.8132     1.0648     0.0250      0.066     -0.038     -0.054         21 5.1700e+02 0.0000e+00
     -0.027    26.9199     8.2716    103.435  38.690861     37.247      8.359   174.3964     3.8374     1.0916     0.0251      0.054     -0.028     -0.040         22 5.3232e+02 0.0000e+00
     -0.018    26.9244     8.3482    104.354  38.733745     37.305      8.349   174.8128     3.8415     1.0111     0.0251      0.049     -0.019     -0.027         23 5.3604e+02 0.0000e+00
     -0.011    26.9324     8.3453    104.250  38.691919     37.251      8.334   169.3235     3.8051     1.0514     0.0251      0.046     -0.010     -0.014         24 5.3086e+02 0.0000e+00
     -0.001    26.9438     8.2506    103.014  38.653924     37.220      8.310   166.6357     4.0801     1.0245     0.0251      0.044      0.003      0.005         25 6.1829e+02 0.0000e+00
      0.022    26.9434     8.0856    100.948  38.632716     37.188      8.300   163.0771     4.0720     1.1051     0.0250      0.046      0.029      0.043         26 5.5433e+02 0.0000e+00
      0.071    26.9203     7.8883     98.480  38.570000     37.126      8.295   161.9414     4.0801     1.0514     0.0250      0.055      0.074      0.107         27 4.0261e+02 0.0000e+00
      0.130    26.8851     7.6925     96.016  38.524336     37.072      8.271   161.2599     4.0801     1.0782     0.0250      0.076      0.129      0.187         28 3.8747e+02 0.0000e+00
      0.194    26.8451     7.5486     94.225  38.511573     37.089      8.256   161.1842     4.0720     0.9842     0.0250      0.106      0.186      0.270         29 2.8965e+02 0.0000e+00
      0.247    26.8112     7.5016     93.669  38.496909     37.087      8.268   162.9635     4.2701     1.3333     0.0250      0.137      0.232      0.336         30 2.6680e+02 0.0000e+00
      0.269    26.7980     7.4900     93.536  38.572267     37.196      8.272   161.1842     4.2742     1.2662     0.0250      0.158      0.255      0.370         31 2.8848e+02 0.0000e+00
      0.267    26.7923     7.4991     93.652  38.566122     37.222      8.280   159.2157     4.2984     1.2393     0.0250      0.163      0.258      0.374         32 2.5238e+02 0.0000e+00
      0.255    26.7721     7.5130     93.826  38.445248     37.095      8.291   157.8906     4.2944     1.1991     0.0250      0.148      0.250      0.363         33 2.4963e+02 0.0000e+00
      0.243    26.7360     7.5404     94.182  38.426083     37.100      8.297   158.0799     4.6421     0.9574     0.0250      0.117      0.242      0.351         34 2.7689e+02 0.0000e+00
      0.242    26.7082     7.5835     94.733  38.382347     37.060      8.301   157.2092     4.6624     1.1051     0.0249      0.076      0.239      0.346         35 2.8946e+02 0.0000e+00
      0.246    26.7038     7.6039     94.972  38.381039     37.086      8.305   158.0799     4.6543     0.9842     0.0250      0.038      0.238      0.346         36 3.0608e+02 0.0000e+00
      0.241    26.7012     7.5952     94.846  38.427724     37.160      8.305   157.7014     4.6704     1.0916     0.0250      0.007      0.232      0.336         37 3.3101e+02 0.0000e+00
      0.221    26.6902     7.5694     94.541  38.383585     37.109      8.303   156.7171     4.5613     0.9842     0.0250     -0.016      0.218      0.315         38 3.3137e+02 0.0000e+00
      0.203    26.6938     7.5624     94.446  38.317329     37.057      8.311   156.5656     4.5168     0.9976     0.0249     -0.028      0.204      0.296         39 3.7216e+02 0.0000e+00
      0.201    26.7107     7.5923     94.813  38.332212     37.065      8.321   157.0578     4.5087     1.0514     0.0249     -0.031      0.200      0.290         40 3.9331e+02 0.0000e+00
      0.208    26.7187     7.6404     95.418  38.365067     37.117      8.332   157.1335     4.5127     1.0648     0.0250     -0.027      0.200      0.291         41 5.1853e+02 0.0000e+00
      0.202    26.7193     7.7049     96.241  38.335763     37.050      8.333   157.1335     4.5330     1.1185     0.0249     -0.026      0.196      0.285         42 6.2133e+02 0.0000e+00
      0.190    26.7209     7.7870     97.266  38.368673     37.099      8.334   156.9821     4.5613     1.0245     0.0250     -0.028      0.187      0.272         43 5.9103e+02 0.0000e+00
      0.182    26.7278     7.8512     98.041  38.383430     37.098      8.347   156.9064     4.5006     0.9842     0.0250     -0.029      0.181      0.263         44 6.1408e+02 0.0000e+00
      0.182    26.7350     7.8922     98.531  38.436043     37.151      8.365   157.0199     4.5249     1.0514     0.0250     -0.025      0.181      0.263         45 6.6368e+02 0.0000e+00
      0.190    26.7255     7.9155     98.828  38.540490     37.254      8.382   156.9064     4.3914     1.2662     0.0250     -0.016      0.188      0.273         46 6.5985e+02 0.0000e+00
      0.202    26.7180     7.9081     98.730  38.520401     37.222      8.387   157.2849     4.3955     1.2125     0.0250     -0.007      0.200      0.289         47 6.4285e+02 0.0000e+00
      0.219    26.7250     7.8773     98.330  38.431379     37.147      8.392   157.3606     4.4319     1.2662     0.0250      0.001      0.212      0.308         48 6.5330e+02 0.0000e+00
      0.229    26.7228     7.8527     98.020  38.443646     37.154      8.403   157.7771     4.4036     1.3871     0.0250      0.011      0.220      0.318         49 6.8576e+02 0.0000e+00
      0.224    26.7179     7.8392     97.846  38.505139     37.228      8.399   157.6256     4.4116     1.3468     0.0250      0.019      0.215      0.311         50 6.7119e+02 0.0000e+00
      0.206    26.7214     7.8279     97.723  38.532823     37.231      8.390   157.5499     4.4116     1.2662     0.0250      0.020      0.196      0.284         51 6.9184e+02 0.0000e+00
      0.168    26.7297     7.8245     97.727  38.527839     37.261      8.401   157.8149     4.4278     1.2796     0.0250      0.007      0.166      0.242         52 7.3688e+02 0.0000e+00
      0.138    26.7306     7.8143     97.617  38.333371     37.043      8.415   158.0421     4.3874     1.2125     0.0249     -0.015      0.135      0.197         53 8.0735e+02 0.0000e+00
      0.111    26.7151     7.7750     97.183  38.270585     36.982      8.425   159.3292     4.3955     1.1856     0.0249     -0.041      0.103      0.151         54 9.8740e+02 0.0000e+00
      0.066    26.7031     7.7004     96.358  38.309355     37.036      8.443   158.3828     4.2135     0.9842     0.0249     -0.072      0.067      0.097         55 9.9322e+02 0.0000e+00
      0.029    26.7056     7.5981     95.152  38.225800     36.939      8.456   158.9507     4.2216     1.0379     0.0249     -0.101      0.030      0.043         56 9.2715e+02 0.0000e+00
     -0.004    26.7030     7.5092     94.058  38.285588     37.029      8.465   159.4807     4.2297     1.1453     0.0249     -0.121     -0.004     -0.006         57 9.4868e+02 0.0000e+00
     -0.039    26.6949     7.4281     93.045  38.323937     37.053      8.464   159.7078     4.2459     1.0916     0.0249     -0.133     -0.036     -0.053         58 9.6646e+02 0.0000e+00
     -0.068    26.6930     7.3674     92.290  38.326384     37.056      8.464   159.7078     3.9547     0.9708     0.0249     -0.136     -0.063     -0.092         59 9.6927e+02 0.0000e+00
     -0.085    26.6890     7.3225     91.735  38.371529     37.116      8.464   161.0328     3.9709     1.0916     0.0250     -0.131     -0.082     -0.120         60 9.7249e+02 0.0000e+00
     -0.100    26.7005     7.2980     91.448  38.386405     37.117      8.462   160.3514     3.9507     1.0782     0.0250     -0.123     -0.093     -0.135         61 9.8742e+02 0.0000e+00
     -0.100    26.7253     7.2727     91.149  38.426521     37.174      8.465   162.7364     3.9426     0.9574     0.0250     -0.107     -0.093     -0.135         62 9.9046e+02 0.0000e+00
     -0.085    26.7370     7.2420     90.777  38.380927     37.112      8.466   161.9792     3.4937     0.9842     0.0250     -0.080     -0.085     -0.124         63 1.0128e+03 0.0000e+00
     -0.079    26.7688     7.1997     90.266  38.383815     37.093      8.469   161.2599     3.4897     0.9708     0.0250     -0.054     -0.079     -0.115         64 9.7166e+02 0.0000e+00
     -0.078    26.8300     7.1309     89.423  38.422917     37.140      8.473   160.9949     3.5059     1.1185     0.0250     -0.030     -0.076     -0.110         65 9.7692e+02 0.0000e+00
     -0.076    26.8736     7.0553     88.492  38.332257     37.009      8.470   160.9949     3.5140     1.0514     0.0249     -0.010     -0.073     -0.106         66 9.2995e+02 0.0000e+00
     -0.070    26.8855     6.9592     87.302  38.377976     37.018      8.467   160.9192     3.4210     1.0379     0.0249      0.006     -0.069     -0.100         67 9.5970e+02 0.0000e+00
     -0.066    26.8875     6.8686     86.176  38.425317     37.041      8.462   160.8057     3.4331     1.0379     0.0250      0.015     -0.065     -0.094         68 1.0394e+03 0.0000e+00
     -0.064    26.8901     6.7835     85.118  38.391968     36.979      8.459   161.3357     3.4371     0.9976     0.0249      0.018     -0.065     -0.093         69 9.4142e+02 0.0000e+00
     -0.068    26.8950     6.6957     84.023  38.419470     37.032      8.458   160.8435     3.4371     0.9842     0.0250      0.015     -0.066     -0.096         70 1.0876e+03 0.0000e+00
     -0.069    26.9069     6.6203     83.086  38.391088     36.976      8.461   160.9949     3.6959     1.1453     0.0249      0.009     -0.067     -0.097         71 1.1655e+03 0.0000e+00
     -0.068    26.9178     6.5495     82.209  38.367962     36.973      8.461   160.9192     3.6959     0.9976     0.0249      0.006     -0.068     -0.099         72 1.1314e+03 0.0000e+00
     -0.073    26.9262     6.4865     81.424  38.388923     36.964      8.461   161.2221     3.6838     0.9976     0.0249      0.003     -0.072     -0.105         73 1.1629e+03 0.0000e+00
     -0.081    26.9377     6.4332     80.762  38.424321     37.010      8.466   161.5249     3.6797     1.0648     0.0250     -0.002     -0.077     -0.112         74 1.1622e+03 0.0000e+00
     -0.082    26.9501     6.3841     80.161  38.383228     36.950      8.468   161.2599     3.7081     1.0111     0.0249     -0.007     -0.079     -0.115         75 1.1940e+03 0.0000e+00
     -0.080    26.9612     6.3345     79.555  38.380734     36.942      8.470   162.3578     3.3360     1.0916     0.0249     -0.009     -0.079     -0.115         76 1.1922e+03 0.0000e+00
     -0.081    26.9701     6.2951     79.070  38.427419     36.987      8.478   162.5092     3.3199     1.0111     0.0250     -0.009     -0.080     -0.117         77 1.2009e+03 0.0000e+00
     -0.085    26.9776     6.2459     78.458  38.443770     36.979      8.477   162.8878     3.3118     0.9842     0.0250     -0.009     -0.083     -0.121         78 1.2054e+03 0.0000e+00
     -0.089    26.9835     6.2100     78.013  38.479026     37.026      8.478   162.6985     3.2996     1.0111     0.0250     -0.010     -0.087     -0.125         79 1.2029e+03 0.0000e+00
     -0.091    26.9880     6.1669     77.482  38.442863     36.967      8.474   163.0014     3.2309     1.0379     0.0250     -0.010     -0.088     -0.127         80 1.1925e+03 0.0000e+00
     -0.090    26.9950     6.1269     76.990  38.429448     36.963      8.476   162.8878     3.2390     1.0245     0.0250     -0.008     -0.087     -0.127         81 1.1751e+03 0.0000e+00
     -0.087    27.0023     6.0930     76.572  38.436394     36.960      8.474   163.0014     3.2471     0.9574     0.0250     -0.005     -0.085     -0.124         82 1.1767e+03 0.0000e+00
     -0.085    27.0064     6.0566     76.118  38.434215     36.955      8.474   163.0392     3.2309     1.0111     0.0250     -0.004     -0.083     -0.121         83 1.0928e+03 0.0000e+00
     -0.084    27.0113     6.0349     75.847  38.432155     36.950      8.472   163.3042     3.4937     1.0245     0.0250     -0.002     -0.083     -0.120         84 8.8171e+02 0.0000e+00
     -0.085    27.0222     6.0136     75.593  38.379631     36.893      8.468   163.3799     3.5261     1.0379     0.0249     -0.000     -0.084     -0.121         85 7.4939e+02 0.0000e+00
