Data/DataNotYetUploadedToEDI/Raw_CTD/RawDownloads/082718_fcr20.cnv
* Sea-Bird SBE19plus  Data File:
* FileName = C:\DATA\082718_fcr_0005.hex
* Software version 2.6.3.104
* Temperature SN = 7809
* Conductivity SN = 7809
* System UpLoad Time = Aug 27 2018 20:56:41
* <ApplicationData>
* <Seaterm232>
# nquan = 17
# nvalues = 500                         
# units = specified
# name 0 = depFM: Depth [fresh water, m]
# name 1 = tv290C: Temperature [ITS-90, deg C]
# name 2 = sbeox0Mg/L: Oxygen, SBE 43 [mg/l]
# name 3 = sbeox0PS: Oxygen, SBE 43 [% saturation]
# name 4 = c0uS/cm: Conductivity [uS/cm]
# name 5 = specc: Specific Conductance [uS/cm]
# name 6 = ph: pH
# name 7 = orp: Oxidation Reduction Potential [mV]
# name 8 = flECO-AFL: Fluorescence, WET Labs ECO-AFL/FL [mg/m^3]
# name 9 = turbWETntu0: Turbidity, WET Labs ECO [NTU]
# name 10 = sal00: Salinity, Practical [PSU]
# name 11 = dz/dtM: Descent Rate [m/s]
# name 12 = prdM: Pressure, Strain Gauge [db]
# name 13 = prdE: Pressure, Strain Gauge [psi]
# name 14 = scan: Scan Count
# name 15 = par/sat/log: PAR/Logarithmic, Satlantic
# name 16 = flag:  0.000e+00
# span 0 =     -0.506,      3.359       
# span 1 =    18.9779,    27.2005       
# span 2 =     0.0149,     9.6640       
# span 3 =      0.166,    118.796       
# span 4 =   0.962378,  75.642284       
# span 5 =      0.948,     86.131       
# span 6 =      6.363,      8.641       
# span 7 =    82.2519,   237.5044       
# span 8 =    -0.3760,    10.0242       
# span 9 =    -0.5063,    22.9120       
# span 10 =     0.0125,     0.0441      
# span 11 =     -0.132,      0.269      
# span 12 =     -0.473,      3.290      
# span 13 =     -0.686,      4.771      
# span 14 =          1,        500      
# span 15 = 1.7455e+01, 1.5399e+03      
# span 16 = 0.0000e+00, 0.0000e+00      
# interval = seconds: 0.25
# start_time = Aug 27 2018 19:26:11 [Instrument's time stamp, header]
# bad_flag = -9.990e-29
*END*
[from data line 86]
     -0.077    26.3680     5.6041     69.563  37.744090     36.727      8.524   196.1265     2.8427     0.9708     0.0247     -0.000     -0.075     -0.109         87 1.2801e+03 0.0000e+00
     -0.075    26.3689     5.5874     69.356  37.728471     36.726      8.531   196.6186     2.9074     0.9976     0.0247      0.001     -0.074     -0.108         88 1.2849e+03 0.0000e+00
     -0.075    26.3704     5.5694     69.134  37.742696     36.726      8.536   196.4672     2.9074     0.9574     0.0247      0.002     -0.074     -0.108         89 1.2967e+03 0.0000e+00
     -0.076    26.3717     5.5509     68.904  37.785709     36.780      8.542   196.8836     2.9559     1.0514     0.0247      0.002     -0.075     -0.109         90 1.3016e+03 0.0000e+00
     -0.077    26.3729     5.5334     68.687  37.793585     36.779      8.542   196.8079     2.9195     0.9976     0.0247      0.001     -0.075     -0.109         91 1.3072e+03 0.0000e+00
     -0.077    26.3745     5.5150     68.461  37.792215     36.778      8.549   197.1486     2.8629     1.0111     0.0247      0.001     -0.075     -0.109         92 1.3125e+03 0.0000e+00
     -0.076    26.3763     5.4974     68.243  37.787412     36.777      8.554   197.2622     2.8508     1.0648     0.0247      0.001     -0.075     -0.109         93 1.3196e+03 0.0000e+00
     -0.077    26.3783     5.4902     68.156  37.740240     36.721      8.555   197.4515     2.8427     1.0514     0.0247      0.000     -0.075     -0.109         94 1.3284e+03 0.0000e+00
     -0.076    26.3801     5.4748     67.966  37.732276     36.720      8.560   197.7165     2.8508     1.0245     0.0247     -0.000     -0.075     -0.109         95 1.3343e+03 0.0000e+00
     -0.077    26.3817     5.4679     67.882  37.738001     36.719      8.562   197.4893     2.8508     1.0379     0.0247     -0.001     -0.075     -0.109         96 1.3350e+03 0.0000e+00
     -0.076    26.3831     5.4595     67.780  37.733115     36.717      8.561   197.9815     2.8589     0.9976     0.0247     -0.000     -0.075     -0.109         97 1.3376e+03 0.0000e+00
     -0.077    26.3840     5.4480     67.638  37.738356     36.716      8.567   198.0572     2.8629     1.0648     0.0247     -0.000     -0.075     -0.110         98 1.3430e+03 0.0000e+00
     -0.078    26.3846     5.4371     67.504  37.790800     36.770      8.573   198.3979     2.8751     1.0514     0.0247     -0.000     -0.076     -0.110         99 1.3464e+03 0.0000e+00
     -0.078    26.3846     5.4293     67.408  37.786492     36.769      8.574   198.2465     2.8589     1.0379     0.0247     -0.001     -0.076     -0.110        100 1.3516e+03 0.0000e+00
     -0.076    26.3851     5.4206     67.301  37.743716     36.714      8.577   198.8143     2.8589     0.9708     0.0247     -0.001     -0.075     -0.109        101 1.3563e+03 0.0000e+00
     -0.075    26.3860     5.4078     67.142  37.784711     36.769      8.575   198.8901     2.8387     1.1051     0.0247     -0.000     -0.074     -0.107        102 1.3629e+03 0.0000e+00
     -0.075    26.3874     5.4050     67.109  37.794796     36.768      8.572   198.6629     2.8427     1.1319     0.0247      0.000     -0.074     -0.107        103 1.3726e+03 0.0000e+00
     -0.076    26.3888     5.4017     67.070  37.731166     36.713      8.574   199.0793     2.8306     0.9842     0.0247      0.001     -0.075     -0.108        104 1.3818e+03 0.0000e+00
     -0.078    26.3902     5.4056     67.119  37.745253     36.712      8.572   198.6629     2.9034     1.0111     0.0247      0.000     -0.075     -0.109        105 1.3920e+03 0.0000e+00
     -0.077    26.3915     5.4021     67.077  37.777264     36.766      8.575   198.8143     2.9074     1.0648     0.0247      0.000     -0.075     -0.109        106 1.4018e+03 0.0000e+00
     -0.077    26.3925     5.4020     67.076  37.750648     36.710      8.573   199.2308     2.9276     1.0379     0.0247      0.000     -0.075     -0.110        107 1.4087e+03 0.0000e+00
     -0.078    26.3934     5.3971     67.015  37.719053     36.709      8.572   198.9658     2.9276     1.0111     0.0247     -0.001     -0.076     -0.110        108 1.4091e+03 0.0000e+00
     -0.078    26.3945     5.3898     66.925  37.697942     36.654      8.571   198.8901     2.9074     1.0379     0.0247     -0.001     -0.076     -0.110        109 1.4052e+03 0.0000e+00
     -0.078    26.3954     5.3958     67.001  37.717599     36.708      8.572   199.4579     2.9034     1.0916     0.0247     -0.001     -0.076     -0.111        110 1.4025e+03 0.0000e+00
     -0.078    26.3959     5.4030     67.091  37.694589     36.653      8.570   199.4579     2.9478     1.0916     0.0247     -0.001     -0.076     -0.111        111 1.4046e+03 0.0000e+00
     -0.078    26.3967     5.4096     67.174  37.726577     36.707      8.567   200.1393     2.8912     0.9708     0.0247     -0.001     -0.077     -0.112        112 1.4218e+03 0.0000e+00
     -0.080    26.3980     5.4116     67.197  37.737112     36.706      8.567   200.1015     2.7821     1.1051     0.0247     -0.001     -0.078     -0.114        113 1.4424e+03 0.0000e+00
     -0.082    26.3990     5.4068     67.139  37.740800     36.706      8.564   199.9501     2.7982     1.0111     0.0247     -0.002     -0.080     -0.117        114 1.4566e+03 0.0000e+00
     -0.084    26.4001     5.4057     67.125  37.781309     36.759      8.568   199.8365     2.8184     0.9976     0.0247     -0.003     -0.082     -0.119        115 1.4660e+03 0.0000e+00
     -0.085    26.4010     5.4129     67.214  37.746020     36.704      8.567   200.1393     2.7901     1.0916     0.0247     -0.004     -0.083     -0.120        116 1.4576e+03 0.0000e+00
     -0.084    26.4012     5.4305     67.434  37.725392     36.703      8.564   200.0258     2.7821     1.0648     0.0247     -0.004     -0.082     -0.118        117 1.4420e+03 0.0000e+00
     -0.081    26.4016     5.4384     67.533  37.747658     36.702      8.554   200.3286     2.8710     1.0111     0.0247     -0.003     -0.080     -0.116        118 1.4391e+03 0.0000e+00
     -0.080    26.4021     5.4400     67.555  37.718312     36.702      8.530   200.5936     2.8427     1.0379     0.0247     -0.002     -0.080     -0.116        119 1.4436e+03 0.0000e+00
     -0.083    26.4024     5.4440     67.608  37.702592     36.648      8.513   200.8208     2.8387     0.9842     0.0247     -0.001     -0.082     -0.119        120 1.4402e+03 0.0000e+00
     -0.088    26.4033     5.4503     67.688  37.767223     36.756      8.508   200.9343     2.8589     1.0648     0.0247     -0.001     -0.085     -0.123        121 1.4534e+03 0.0000e+00
     -0.088    26.4039     5.4603     67.814  37.756522     36.701      8.518   200.6315     2.8508     1.0379     0.0247     -0.002     -0.086     -0.124        122 1.4864e+03 0.0000e+00
     -0.085    26.4033     5.4747     67.994  37.715906     36.701      8.523   200.8208     2.8710     1.0782     0.0247     -0.002     -0.084     -0.121        123 1.5096e+03 0.0000e+00
     -0.082    26.4033     5.4831     68.101  37.699124     36.646      8.525   201.2751     2.8508     1.0648     0.0247     -0.001     -0.081     -0.117        124 1.5149e+03 0.0000e+00
     -0.080    26.4032     5.4834     68.105  37.718086     36.701      8.530   201.0858     2.8508     1.0514     0.0247     -0.000     -0.080     -0.115        125 1.5131e+03 0.0000e+00
     -0.082    26.4035     5.4835     68.107  37.692310     36.646      8.532   200.7451     2.7821     1.0111     0.0247     -0.000     -0.081     -0.117        126 1.5135e+03 0.0000e+00
     -0.084    26.4048     5.4741     67.991  37.671881     36.647      8.531   201.1236     2.7821     0.9842     0.0247      0.001     -0.082     -0.118        127 1.5002e+03 0.0000e+00
     -0.082    26.4061     5.4651     67.881  37.684187     36.646      8.521   201.1993     2.7740     1.0379     0.0247      0.002     -0.081     -0.117        128 1.4812e+03 0.0000e+00
     -0.081    26.4075     5.4543     67.748  37.676995     36.645      8.506   201.4643     2.8063     1.0245     0.0247      0.003     -0.079     -0.115        129 1.4795e+03 0.0000e+00
     -0.080    26.4091     5.4419     67.595  37.680831     36.645      8.496   202.2593     2.8548     1.2125     0.0247      0.003     -0.079     -0.114        130 1.4844e+03 0.0000e+00
     -0.080    26.4108     5.4337     67.495  37.679413     36.643      8.492   201.8808     2.8710     1.2125     0.0247      0.001     -0.079     -0.114        131 1.4877e+03 0.0000e+00
     -0.081    26.4122     5.4282     67.427  37.678761     36.642      8.494   201.8429     2.8468     1.2796     0.0247      0.001     -0.080     -0.115        132 1.5029e+03 0.0000e+00
     -0.081    26.4136     5.4291     67.440  37.681642     36.641      8.498   201.8051     2.8589     1.3333     0.0247      0.001     -0.080     -0.116        133 1.5179e+03 0.0000e+00
     -0.081    26.4149     5.4306     67.458  37.675825     36.640      8.503   201.8808     2.9034     1.0111     0.0247      0.001     -0.080     -0.116        134 1.5251e+03 0.0000e+00
     -0.082    26.4159     5.4326     67.485  37.685999     36.639      8.505   202.3729     2.9074     1.0514     0.0247      0.001     -0.080     -0.116        135 1.5327e+03 0.0000e+00
     -0.082    26.4170     5.4386     67.559  37.668980     36.638      8.507   202.5243     2.9115     1.0379     0.0247     -0.000     -0.080     -0.116        136 1.5327e+03 0.0000e+00
     -0.082    26.4179     5.4394     67.570  37.637682     36.583      8.511   202.3729     2.9236     1.0648     0.0247     -0.001     -0.080     -0.116        137 1.5283e+03 0.0000e+00
     -0.082    26.4186     5.4387     67.562  37.665627     36.637      8.513   202.2972     2.8306     1.0648     0.0247     -0.001     -0.081     -0.117        138 1.5298e+03 0.0000e+00
     -0.083    26.4196     5.4373     67.546  37.634204     36.582      8.516   202.2593     2.8427     1.0379     0.0247     -0.001     -0.081     -0.117        139 1.5284e+03 0.0000e+00
     -0.082    26.4207     5.4308     67.464  37.617465     36.581      8.519   202.1458     2.8144     1.1185     0.0247     -0.001     -0.081     -0.117        140 1.5246e+03 0.0000e+00
     -0.082    26.4214     5.4248     67.391  37.686455     36.635      8.519   202.4865     2.8508     1.0111     0.0247     -0.000     -0.081     -0.117        141 1.5285e+03 0.0000e+00
     -0.082    26.4220     5.4223     67.360  37.666989     36.634      8.519   202.2215     2.8589     1.1185     0.0247     -0.000     -0.081     -0.117        142 1.5350e+03 0.0000e+00
     -0.083    26.4229     5.4268     67.416  37.641692     36.579      8.519   202.3729     2.7901     1.0648     0.0247     -0.000     -0.081     -0.117        143 1.5389e+03 0.0000e+00
     -0.082    26.4235     5.4223     67.361  37.658615     36.633      8.516   202.7136     2.7942     1.0782     0.0247     -0.000     -0.081     -0.117        144 1.5399e+03 0.0000e+00
     -0.082    26.4242     5.4269     67.419  37.645928     36.578      8.515   202.2972     2.7821     1.0514     0.0247     -0.000     -0.080     -0.116        145 1.5393e+03 0.0000e+00
     -0.081    26.4249     5.4325     67.489  37.657482     36.632      8.516   202.5243     2.7740     1.0379     0.0247      0.000     -0.080     -0.116        146 1.5380e+03 0.0000e+00
     -0.082    26.4254     5.4332     67.498  37.644235     36.577      8.516   202.7136     2.8265     1.0111     0.0247      0.001     -0.080     -0.116        147 1.5326e+03 0.0000e+00
     -0.082    26.4260     5.4348     67.519  37.662412     36.631      8.520   202.7893     2.7901     1.0916     0.0247      0.000     -0.080     -0.116        148 1.5246e+03 0.0000e+00
     -0.081    26.4264     5.4341     67.511  37.634860     36.576      8.518   203.1301     2.7901     0.9708     0.0247      0.000     -0.080     -0.116        149 1.5197e+03 0.0000e+00
     -0.081    26.4265     5.4325     67.490  37.619200     36.576      8.518   203.1301     2.7982     1.0245     0.0247      0.000     -0.080     -0.116        150 1.5172e+03 0.0000e+00
     -0.081    26.4269     5.4302     67.463  37.681901     36.630      8.512   203.3951     2.8670     1.0782     0.0247      0.001     -0.080     -0.116        151 1.5155e+03 0.0000e+00
     -0.081    26.4275     5.4300     67.460  37.675475     36.630      8.510   203.0165     2.8710     0.9574     0.0247      0.000     -0.080     -0.116        152 1.5140e+03 0.0000e+00
     -0.081    26.4280     5.4290     67.449  37.627197     36.575      8.508   203.4708     2.8468     0.9305     0.0247      0.000     -0.080     -0.115        153 1.5130e+03 0.0000e+00
     -0.081    26.4286     5.4317     67.482  37.623338     36.575      8.510   203.6979     2.8427     1.0379     0.0247      0.000     -0.080     -0.115        154 1.5130e+03 0.0000e+00
     -0.081    26.4290     5.4334     67.504  37.680276     36.629      8.510   203.3572     2.8346     1.1319     0.0247      0.000     -0.080     -0.115        155 1.5169e+03 0.0000e+00
     -0.081    26.4295     5.4311     67.476  37.674980     36.628      8.508   203.4329     2.8306     1.0648     0.0247      0.000     -0.080     -0.115        156 1.5184e+03 0.0000e+00
     -0.081    26.4301     5.4294     67.454  37.629929     36.574      8.511   203.9251     2.8468     1.0111     0.0247      0.000     -0.080     -0.116        157 1.5091e+03 0.0000e+00
     -0.082    26.4304     5.4247     67.396  37.617701     36.573      8.508   203.5086     2.8144     0.9574     0.0247     -0.000     -0.080     -0.116        158 1.5015e+03 0.0000e+00
     -0.082    26.4305     5.4210     67.350  37.630878     36.573      8.507   204.0386     2.8629     1.0379     0.0247     -0.000     -0.081     -0.117        159 1.4978e+03 0.0000e+00
     -0.082    26.4308     5.4186     67.321  37.672851     36.627      8.507   203.9629     2.8346     1.0245     0.0247     -0.001     -0.081     -0.117        160 1.4926e+03 0.0000e+00
     -0.082    26.4311     5.4199     67.338  37.684106     36.627      8.507   204.1144     2.8670     1.0514     0.0247     -0.001     -0.081     -0.116        161 1.4857e+03 0.0000e+00
     -0.081    26.4314     5.4228     67.373  37.676191     36.627      8.503   204.2279     2.8670     1.0245     0.0247     -0.000     -0.081     -0.116        162 1.4790e+03 0.0000e+00
     -0.082    26.4317     5.4269     67.424  37.623380     36.572      8.503   204.3415     2.8629     0.9976     0.0247     -0.000     -0.081     -0.116        163 1.4786e+03 0.0000e+00
     -0.082    26.4321     5.4298     67.461  37.631188     36.572      8.502   204.6822     2.8589     1.0782     0.0247     -0.000     -0.080     -0.116        164 1.4798e+03 0.0000e+00
     -0.081    26.4324     5.4381     67.564  37.666475     36.626      8.500   204.9094     2.8751     1.0379     0.0247      0.000     -0.080     -0.116        165 1.4796e+03 0.0000e+00
     -0.081    26.4324     5.4439     67.636  37.638786     36.572      8.499   204.6444     2.8589     1.0514     0.0247      0.000     -0.080     -0.116        166 1.4784e+03 0.0000e+00
     -0.082    26.4324     5.4386     67.570  37.665646     36.626      8.497   205.2122     2.8468     1.0111     0.0247      0.000     -0.080     -0.116        167 1.4738e+03 0.0000e+00
     -0.082    26.4326     5.4289     67.448  37.633048     36.571      8.499   205.5908     2.8589     0.9574     0.0247      0.000     -0.080     -0.116        168 1.4706e+03 0.0000e+00
     -0.082    26.4327     5.4090     67.199  37.620031     36.571      8.496   205.5529     2.8427     1.0379     0.0247     -0.000     -0.080     -0.116        169 1.4714e+03 0.0000e+00
     -0.081    26.4329     5.3969     67.043  37.622524     36.571      8.497   205.6286     2.8751     1.0648     0.0247     -0.000     -0.080     -0.116        170 1.4704e+03 0.0000e+00
