Data/DataNotYetUploadedToEDI/Raw_CTD/RawDownloads/082718_fcr20.cnv
* Sea-Bird SBE19plus  Data File:
* FileName = C:\DATA\082718_fcr_0005.hex
* Software version 2.6.3.104
* Temperature SN = 7809
* Conductivity SN = 7809
* System UpLoad Time = Aug 27 2018 20:56:41
* <ApplicationData>
* <Seaterm232>
# nquan = 17
# nvalues = 500                         
# units = specified
# name 0 = depFM: Depth [fresh water, m]
# name 1 = tv290C: Temperature [ITS-90, deg C]
# name 2 = sbeox0Mg/L: Oxygen, SBE 43 [mg/l]
# name 3 = sbeox0PS: Oxygen, SBE 43 [% saturation]
# name 4 = c0uS/cm: Conductivity [uS/cm]
# name 5 = specc: Specific Conductance [uS/cm]
# name 6 = ph: pH
# name 7 = orp: Oxidation Reduction Potential [mV]
# name 8 = flECO-AFL: Fluorescence, WET Labs ECO-AFL/FL [mg/m^3]
# name 9 = turbWETntu0: Turbidity, WET Labs ECO [NTU]
# name 10 = sal00: Salinity, Practical [PSU]
# name 11 = dz/dtM: Descent Rate [m/s]
# name 12 = prdM: Pressure, Strain Gauge [db]
# name 13 = prdE: Pressure, Strain Gauge [psi]
# name 14 = scan: Scan Count
# name 15 = par/sat/log: PAR/Logarithmic, Satlantic
# name 16 = flag:  0.000e+00
# span 0 =     -0.506,      3.359       
# span 1 =    18.9779,    27.2005       
# span 2 =     0.0149,     9.6640       
# span 3 =      0.166,    118.796       
# span 4 =   0.962378,  75.642284       
# span 5 =      0.948,     86.131       
# span 6 =      6.363,      8.641       
# span 7 =    82.2519,   237.5044       
# span 8 =    -0.3760,    10.0242       
# span 9 =    -0.5063,    22.9120       
# span 10 =     0.0125,     0.0441      
# span 11 =     -0.132,      0.269      
# span 12 =     -0.473,      3.290      
# span 13 =     -0.686,      4.771      
# span 14 =          1,        500      
# span 15 = 1.7455e+01, 1.5399e+03      
# span 16 = 0.0000e+00, 0.0000e+00      
# interval = seconds: 0.25
# start_time = Aug 27 2018 19:26:11 [Instrument's time stamp, header]
# bad_flag = -9.990e-29
*END*
[from data line 256]
     -0.074    26.0123     5.7141     70.471  37.422163     36.683      8.491   205.7422     2.8751     1.0111     0.0246      0.000     -0.072     -0.105        257 1.5153e+03 0.0000e+00
     -0.074    26.0121     5.7030     70.334  37.425960     36.682      8.492   205.7801     2.8346     1.0111     0.0246      0.000     -0.072     -0.105        258 1.5154e+03 0.0000e+00
     -0.073    26.0134     5.6941     70.224  37.379405     36.626      8.490   205.5908     2.8670     1.0648     0.0246      0.000     -0.072     -0.105        259 1.5177e+03 0.0000e+00
     -0.074    26.0162     5.6906     70.185  37.361457     36.626      8.490   205.7801     2.8225     1.0379     0.0246      0.000     -0.072     -0.105        260 1.5170e+03 0.0000e+00
     -0.074    26.0181     5.6868     70.141  37.329654     36.570      8.491   205.7044     2.7740     1.0111     0.0246      0.000     -0.073     -0.105        261 1.5213e+03 0.0000e+00
     -0.074    26.0184     5.6871     70.145  37.359662     36.623      8.489   205.7801     2.7821     1.0111     0.0246     -0.000     -0.073     -0.106        262 1.5295e+03 0.0000e+00
     -0.074    26.0198     5.6891     70.172  37.383431     36.622      8.489   205.8558     2.8023     1.1185     0.0246     -0.000     -0.073     -0.106        263 1.5333e+03 0.0000e+00
     -0.074    26.0226     5.6862     70.138  37.359394     36.622      8.484   205.7801     2.8144     1.0782     0.0246     -0.000     -0.073     -0.105        264 1.5331e+03 0.0000e+00
     -0.074    26.0240     5.6817     70.085  37.330255     36.566      8.484   205.8936     2.7901     0.9976     0.0246     -0.000     -0.073     -0.105        265 1.5301e+03 0.0000e+00
     -0.075    26.0249     5.6709     69.951  37.360373     36.619      8.483   205.7801     2.8023     1.0648     0.0246     -0.000     -0.073     -0.106        266 1.5257e+03 0.0000e+00
     -0.075    26.0261     5.6558     69.766  37.381233     36.618      8.484   205.7801     2.7821     1.0111     0.0246     -0.001     -0.073     -0.106        267 1.5240e+03 0.0000e+00
     -0.074    26.0261     5.6382     69.551  37.363615     36.617      8.482   205.6665     2.8710     1.0111     0.0246     -0.000     -0.072     -0.105        268 1.5234e+03 0.0000e+00
     -0.074    26.0265     5.6174     69.296  37.322977     36.561      8.484   206.1208     2.8508     1.0648     0.0246      0.000     -0.072     -0.105        269 1.5212e+03 0.0000e+00
     -0.074    26.0291     5.6006     69.089  37.313165     36.561      8.483   205.8558     2.8670     1.0111     0.0246      0.000     -0.073     -0.105        270 1.5213e+03 0.0000e+00
     -0.074    26.0310     5.5722     68.740  37.316506     36.561      8.483   205.5529     2.8629     0.9708     0.0246      0.000     -0.073     -0.106        271 1.5218e+03 0.0000e+00
     -0.075    26.0319     5.5545     68.523  37.318820     36.559      8.477   206.2722     2.8387     1.0916     0.0246     -0.000     -0.073     -0.106        272 1.5227e+03 0.0000e+00
     -0.074    26.0334     5.5386     68.328  37.310284     36.558      8.479   206.0451     2.8063     1.0379     0.0246     -0.000     -0.073     -0.106        273 1.5219e+03 0.0000e+00
     -0.074    26.0351     5.5229     68.135  37.267807     36.503      8.479   205.5529     2.7821     1.0245     0.0245      0.000     -0.072     -0.105        274 1.5197e+03 0.0000e+00
     -0.074    26.0362     5.5062     67.930  37.312361     36.556      8.477   205.6665     2.7457     0.9708     0.0246      0.000     -0.072     -0.105        275 1.5198e+03 0.0000e+00
     -0.074    26.0367     5.4911     67.745  37.314156     36.555      8.478   205.8558     2.7901     1.0514     0.0246     -0.000     -0.073     -0.106        276 1.5199e+03 0.0000e+00
     -0.075    26.0375     5.4791     67.597  37.324892     36.554      8.477   205.9315     2.7901     0.9574     0.0246     -0.000     -0.074     -0.107        277 1.5185e+03 0.0000e+00
     -0.076    26.0387     5.4640     67.412  37.358321     36.609      8.480   206.0072     2.7618     1.0916     0.0246     -0.001     -0.075     -0.108        278 1.5153e+03 0.0000e+00
     -0.076    26.0398     5.4585     67.344  37.272556     36.498      8.486   205.5529     2.7740     1.0379     0.0245     -0.001     -0.075     -0.108        279 1.5107e+03 0.0000e+00
     -0.075    26.0408     5.4497     67.237  37.253664     36.498      8.490   205.7801     2.8063     1.0648     0.0245     -0.001     -0.074     -0.107        280 1.5122e+03 0.0000e+00
     -0.075    26.0413     5.4529     67.278  37.322510     36.552      8.490   205.8558     2.7982     1.0379     0.0246     -0.001     -0.074     -0.107        281 1.5089e+03 0.0000e+00
     -0.075    26.0423     5.4472     67.210  37.305519     36.551      8.489   206.0451     2.8104     1.0648     0.0246     -0.001     -0.074     -0.107        282 1.4973e+03 0.0000e+00
     -0.075    26.0436     5.4441     67.173  37.274808     36.496      8.489   206.0451     2.8063     1.1051     0.0245     -0.001     -0.074     -0.107        283 1.4968e+03 0.0000e+00
     -0.075    26.0446     5.4396     67.118  37.301407     36.550      8.486   206.5751     2.7740     1.0782     0.0246     -0.000     -0.074     -0.107        284 1.4991e+03 0.0000e+00
     -0.075    26.0452     5.4258     66.949  37.272416     36.494      8.486   206.0451     2.7821     1.0782     0.0245      0.000     -0.073     -0.106        285 1.4993e+03 0.0000e+00
     -0.074    26.0455     5.4212     66.894  37.310886     36.548      8.489   205.9694     2.7942     1.0648     0.0246      0.001     -0.073     -0.106        286 1.5011e+03 0.0000e+00
     -0.074    26.0464     5.4046     66.690  37.312851     36.548      8.492   205.8936     2.7780     1.0379     0.0246      0.001     -0.073     -0.106        287 1.5014e+03 0.0000e+00
     -0.075    26.0470     5.3902     66.514  37.269971     36.493      8.490   205.5529     2.7942     1.0782     0.0245      0.000     -0.073     -0.106        288 1.4937e+03 0.0000e+00
     -0.074    26.0475     5.3812     66.403  37.245610     36.492      8.493   205.7044     2.7740     1.0111     0.0245      0.000     -0.072     -0.105        289 1.4820e+03 0.0000e+00
     -0.073    26.0487     5.3747     66.323  37.224527     36.437      8.494   206.2722     2.7901     1.0916     0.0245      0.001     -0.072     -0.104        290 1.4728e+03 0.0000e+00
     -0.072    26.0498     5.3679     66.241  37.296207     36.546      8.493   206.4236     2.7699     1.0648     0.0246      0.001     -0.071     -0.103        291 1.4580e+03 0.0000e+00
     -0.072    26.0508     5.3628     66.179  37.275044     36.490      8.488   206.5751     2.8104     1.0111     0.0245      0.001     -0.071     -0.103        292 1.4478e+03 0.0000e+00
     -0.073    26.0521     5.3673     66.235  37.250862     36.490      8.486   206.7644     2.7538     1.0514     0.0245      0.001     -0.072     -0.104        293 1.4470e+03 0.0000e+00
     -0.073    26.0529     5.3670     66.231  37.266981     36.489      8.483   206.3858     2.7901     0.9708     0.0245      0.001     -0.072     -0.104        294 1.4480e+03 0.0000e+00
     -0.074    26.0536     5.3724     66.298  37.195665     36.433      8.479   206.3479     2.7780     0.9842     0.0245      0.001     -0.072     -0.105        295 1.4508e+03 0.0000e+00
     -0.074    26.0547     5.3662     66.222  37.220974     36.433      8.478   206.3858     2.8104     1.0379     0.0245      0.000     -0.072     -0.105        296 1.4493e+03 0.0000e+00
     -0.074    26.0557     5.3703     66.272  37.294805     36.542      8.482   206.5372     2.7861     1.0648     0.0246     -0.000     -0.073     -0.106        297 1.4443e+03 0.0000e+00
     -0.075    26.0565     5.3825     66.425  37.222424     36.431      8.485   206.0072     2.8144     1.0514     0.0245     -0.001     -0.073     -0.106        298 1.4407e+03 0.0000e+00
     -0.075    26.0572     5.3946     66.576  37.251731     36.485      8.485   205.7801     2.7861     1.0514     0.0245     -0.001     -0.073     -0.106        299 1.4321e+03 0.0000e+00
     -0.074    26.0580     5.4065     66.723  37.258333     36.485      8.489   206.0451     2.7821     0.9708     0.0245     -0.001     -0.073     -0.106        300 1.4215e+03 0.0000e+00
     -0.074    26.0591     5.4172     66.857  37.214206     36.430      8.493   206.5372     2.7740     1.0379     0.0245     -0.001     -0.073     -0.105        301 1.4089e+03 0.0000e+00
     -0.073    26.0601     5.4345     67.071  37.247324     36.484      8.489   206.6129     2.7861     1.0648     0.0245     -0.000     -0.072     -0.105        302 1.3969e+03 0.0000e+00
     -0.074    26.0599     5.4388     67.125  37.217118     36.428      8.494   206.6129     2.7821     1.0111     0.0245      0.000     -0.072     -0.105        303 1.3900e+03 0.0000e+00
     -0.074    26.0600     5.4414     67.158  37.251798     36.482      8.490   206.6129     2.7699     0.9574     0.0245      0.000     -0.072     -0.105        304 1.3814e+03 0.0000e+00
     -0.073    26.0606     5.4344     67.072  37.263485     36.482      8.489   206.7644     2.7901     1.0245     0.0245      0.000     -0.072     -0.104        305 1.3734e+03 0.0000e+00
     -0.073    26.0605     5.4206     66.903  37.202572     36.428      8.488   207.0672     2.7982     1.0245     0.0245      0.001     -0.072     -0.104        306 1.3691e+03 0.0000e+00
     -0.073    26.0605     5.4072     66.738  37.208962     36.427      8.487   206.4615     2.7740     1.0379     0.0245      0.001     -0.072     -0.104        307 1.3650e+03 0.0000e+00
     -0.074    26.0621     5.3866     66.484  37.196213     36.427      8.490   206.4615     2.7901     1.0648     0.0245      0.000     -0.072     -0.104        308 1.3580e+03 0.0000e+00
     -0.073    26.0639     5.3544     66.087  37.159119     36.373      8.490   206.3858     2.7659     1.0111     0.0245      0.000     -0.072     -0.104        309 1.3491e+03 0.0000e+00
     -0.074    26.0643     5.3426     65.942  37.195805     36.426      8.492   206.4994     2.8751     1.0245     0.0245      0.000     -0.072     -0.104        310 1.3412e+03 0.0000e+00
     -0.073    26.0652     5.3300     65.786  37.209877     36.425      8.491   206.4615     2.8589     1.1051     0.0245      0.000     -0.072     -0.104        311 1.3301e+03 0.0000e+00
     -0.074    26.0659     5.3301     65.789  37.141605     36.370      8.491   206.5751     2.8346     1.0379     0.0245     -0.000     -0.072     -0.104        312 1.3203e+03 0.0000e+00
     -0.073    26.0667     5.3246     65.721  37.162127     36.369      8.492   206.6508     2.8508     0.9708     0.0245     -0.000     -0.072     -0.104        313 1.3130e+03 0.0000e+00
     -0.074    26.0674     5.3306     65.796  37.243657     36.478      8.490   206.7265     2.8468     1.0245     0.0245     -0.000     -0.072     -0.105        314 1.3040e+03 0.0000e+00
     -0.074    26.0681     5.3536     66.081  37.218102     36.423      8.491   206.6129     2.8831     0.9976     0.0245     -0.000     -0.072     -0.105        315 1.2971e+03 0.0000e+00
     -0.074    26.0690     5.3888     66.516  37.193930     36.422      8.491   206.8401     2.8589     0.9976     0.0245     -0.000     -0.072     -0.105        316 1.2917e+03 0.0000e+00
     -0.073    26.0692     5.4104     66.783  37.155098     36.367      8.491   206.6886     2.8589     1.0782     0.0245     -0.000     -0.072     -0.105        317 1.2861e+03 0.0000e+00
     -0.074    26.0695     5.4309     67.038  37.147789     36.366      8.492   206.7644     2.8427     1.0782     0.0245      0.000     -0.072     -0.104        318 1.2766e+03 0.0000e+00
     -0.072    26.0699     5.4461     67.225  37.203027     36.421      8.489   206.7644     2.7901     1.2528     0.0245      0.000     -0.072     -0.104        319 1.2677e+03 0.0000e+00
     -0.073    26.0699     5.4639     67.449  37.145674     36.366      8.488   206.6508     2.7982     1.2662     0.0245      0.000     -0.072     -0.105        320 1.2561e+03 0.0000e+00
     -0.075    26.0699     5.4765     67.606  37.159844     36.366      8.488   206.6886     2.8023     1.1856     0.0245     -0.000     -0.074     -0.107        321 1.2390e+03 0.0000e+00
     -0.079    26.0707     5.4900     67.776  37.185393     36.421      8.486   206.9158     2.7618     1.1991     0.0245     -0.001     -0.076     -0.110        322 1.2257e+03 0.0000e+00
     -0.079    26.0716     5.4931     67.817  37.084217     36.284      8.488   206.5372     2.8346     0.9708     0.0245     -0.003     -0.076     -0.109        323 1.2258e+03 0.0000e+00
     -0.073    26.0721     5.4967     67.863  37.137455     36.365      8.487   206.4994     2.8508     1.0245     0.0245     -0.002     -0.072     -0.104        324 1.2370e+03 0.0000e+00
     -0.069    26.0729     5.5015     67.924  37.208120     36.419      8.486   206.2722     2.8589     1.0916     0.0245      0.000     -0.070     -0.101        325 1.2427e+03 0.0000e+00
     -0.072    26.0734     5.4993     67.897  37.144575     36.364      8.482   206.5372     2.8831     0.9842     0.0245      0.001     -0.072     -0.105        326 1.2383e+03 0.0000e+00
     -0.081    26.0739     5.5014     67.924  37.157214     36.364      8.483   206.4994     2.8953     1.0111     0.0245     -0.001     -0.079     -0.114        327 1.2355e+03 0.0000e+00
     -0.088    26.0746     5.5047     67.963  37.133070     36.363      8.486   206.7644     2.9519     1.1185     0.0245     -0.003     -0.084     -0.122        328 1.2250e+03 0.0000e+00
     -0.086    26.0755     5.5140     68.078  37.085643     36.281      8.486   206.8401     2.9357     1.0245     0.0245     -0.005     -0.084     -0.123        329 1.2014e+03 0.0000e+00
     -0.084    26.0776     5.5242     68.205  37.127258     36.362      8.476   207.1808     2.9276     1.0245     0.0245     -0.006     -0.083     -0.120        330 1.1839e+03 0.0000e+00
     -0.083    26.0799     5.5474     68.489  37.081281     36.280      8.464   207.3322     2.8508     1.0916     0.0245     -0.007     -0.081     -0.118        331 1.1735e+03 0.0000e+00
     -0.082    26.0825     5.5728     68.794  37.053880     36.278      8.461   207.5215     2.8468     1.0648     0.0245     -0.007     -0.080     -0.116        332 1.1682e+03 0.0000e+00
     -0.081    26.0843     5.5970     69.084  37.072376     36.277      8.461   207.1051     2.8427     1.0379     0.0245     -0.005     -0.078     -0.113        333 1.1733e+03 0.0000e+00
     -0.076    26.0858     5.6202     69.358  37.058261     36.275      8.462   206.8401     2.8751     1.0245     0.0245     -0.000     -0.075     -0.108        334 1.1798e+03 0.0000e+00
     -0.072    26.0872     5.6353     69.533  37.071446     36.274      8.466   206.6129     2.8589     1.0916     0.0245      0.005     -0.070     -0.101        335 1.1853e+03 0.0000e+00
     -0.065    26.0875     5.6488     69.692  37.085628     36.300      8.472   205.8558     2.8589     1.0111     0.0245      0.010     -0.061     -0.088        336 1.1815e+03 0.0000e+00
     -0.049    26.0877     5.6495     69.687  37.070271     36.271      8.475   205.5908     2.8589     0.9439     0.0245      0.015     -0.045     -0.066        337 1.1824e+03 0.0000e+00
     -0.024    26.0873     5.6590     69.787  37.060895     36.271      8.477   205.0986     2.8953     1.0514     0.0245      0.025     -0.021     -0.031        338 1.1721e+03 0.0000e+00
      0.009    26.0872     5.6727     69.944  37.067634     36.271      8.470   204.7958     2.8670     1.0916     0.0245      0.040      0.006      0.009        339 1.1681e+03 0.0000e+00
      0.034    26.0872     5.6859     70.096  37.061885     36.271      8.473   204.7958     2.9640     1.2931     0.0245      0.056      0.030      0.044        340 1.1405e+03 0.0000e+00
