Data/DataNotYetUploadedToEDI/Raw_CTD/RawDownloads/082718_fcr45.cnv
* Sea-Bird SBE19plus  Data File:
* FileName = C:\DATA\082718_fcr_0007.hex
* Software version 2.6.3.104
* Temperature SN = 7809
* Conductivity SN = 7809
* System UpLoad Time = Aug 27 2018 20:57:41
* <ApplicationData>
* <Seaterm232>
# nquan = 17
# nvalues = 1029                        
# units = specified
# name 0 = depFM: Depth [fresh water, m]
# name 1 = tv290C: Temperature [ITS-90, deg C]
# name 2 = sbeox0Mg/L: Oxygen, SBE 43 [mg/l]
# name 3 = sbeox0PS: Oxygen, SBE 43 [% saturation]
# name 4 = c0uS/cm: Conductivity [uS/cm]
# name 5 = specc: Specific Conductance [uS/cm]
# name 6 = ph: pH
# name 7 = orp: Oxidation Reduction Potential [mV]
# name 8 = flECO-AFL: Fluorescence, WET Labs ECO-AFL/FL [mg/m^3]
# name 9 = turbWETntu0: Turbidity, WET Labs ECO [NTU]
# name 10 = sal00: Salinity, Practical [PSU]
# name 11 = dz/dtM: Descent Rate [m/s]
# name 12 = prdM: Pressure, Strain Gauge [db]
# name 13 = prdE: Pressure, Strain Gauge [psi]
# name 14 = scan: Scan Count
# name 15 = par/sat/log: PAR/Logarithmic, Satlantic
# name 16 = flag:  0.000e+00
# span 0 =     -0.521,      7.662       
# span 1 =    11.8751,    27.1395       
# span 2 =     0.0689,     9.5491       
# span 3 =      0.638,    116.695       
# span 4 =   0.251970, 128.219343       
# span 5 =      0.564,    173.847       
# span 6 =      6.274,      8.713       
# span 7 =   109.2819,   241.3280       
# span 8 =    -0.1900,    11.9166       
# span 9 =    -0.2914,    13.0559       
# span 10 =     0.0119,     0.0820      
# span 11 =     -0.044,      0.178      
# span 12 =     -0.511,      7.513      
# span 13 =     -0.741,     10.897      
# span 14 =          1,       1029      
# span 15 = 1.2312e-01, 1.8238e+03      
# span 16 = 0.0000e+00, 0.0000e+00      
# interval = seconds: 0.25
# start_time = Aug 27 2018 20:29:28 [Instrument's time stamp, header]
# bad_flag = -9.990e-29
*END*
[from data line 86]
     -0.165    26.3310     6.0372     74.834  36.898253     35.960      8.614   136.6527     2.7376     1.0379     0.0244     -0.007     -0.163     -0.236         87 1.8238e+03 0.0000e+00
     -0.164    26.3294     6.0100     74.485  36.862711     35.881      8.619   137.4477     2.7012     1.0782     0.0244     -0.006     -0.162     -0.235         88 1.5508e+03 0.0000e+00
     -0.166    26.3268     5.9816     74.127  36.824218     35.881      8.618   137.9020     2.7012     1.1051     0.0244     -0.006     -0.162     -0.235         89 5.8952e+02 0.0000e+00
     -0.165    26.3276     5.9521     73.766  36.857180     35.882      8.620   138.1292     2.6688     1.0916     0.0244     -0.004     -0.162     -0.235         90 3.1971e+02 0.0000e+00
     -0.166    26.3275     5.9381     73.597  36.881011     35.939      8.627   138.5077     2.6931     1.1185     0.0244     -0.002     -0.162     -0.235         91 4.7459e+02 0.0000e+00
     -0.165    26.3267     5.9460     73.693  36.883540     35.911      8.631   138.8863     2.7821     1.1453     0.0244      0.000     -0.162     -0.235         92 3.0819e+02 0.0000e+00
     -0.164    26.3303     5.9533     73.779  36.883691     35.938      8.637   138.9620     2.8063     1.0782     0.0244      0.002     -0.162     -0.235         93 5.0365e+02 0.0000e+00
     -0.165    26.3325     5.9691     73.974  36.851164     35.885      8.637   139.4542     2.7942     1.0379     0.0244      0.001     -0.162     -0.236         94 8.6929e+02 0.0000e+00
     -0.167    26.3286     5.9698     73.987  36.835042     35.882      8.635   139.5677     2.8144     1.0916     0.0244     -0.000     -0.163     -0.237         95 5.0716e+02 0.0000e+00
     -0.167    26.3186     5.9682     73.969  36.844435     35.880      8.635   139.5299     2.7901     1.1185     0.0244     -0.001     -0.163     -0.237         96 3.4932e+02 0.0000e+00
     -0.166    26.3060     5.9621     73.893  36.839474     35.883      8.636   139.6056     2.8144     1.1588     0.0244     -0.001     -0.163     -0.237         97 4.2185e+02 0.0000e+00
     -0.167    26.2970     5.9490     73.728  36.811557     35.863      8.636   139.5299     2.8225     1.0245     0.0243     -0.001     -0.163     -0.237         98 3.9366e+02 0.0000e+00
     -0.167    26.2933     5.9280     73.466  36.790203     35.844      8.636   139.6813     2.8265     1.0111     0.0243     -0.001     -0.164     -0.238         99 3.9274e+02 0.0000e+00
     -0.168    26.2960     5.9021     73.143  36.777078     35.851      8.640   140.7413     2.7982     1.0648     0.0243     -0.002     -0.165     -0.239        100 8.6218e+02 0.0000e+00
     -0.169    26.2996     5.8776     72.836  36.798235     35.853      8.634   140.7413     2.7457     1.0514     0.0243     -0.002     -0.165     -0.239        101 1.3292e+03 0.0000e+00
     -0.167    26.2978     5.8523     72.522  36.823192     35.906      8.636   141.1577     2.7497     1.0514     0.0244     -0.001     -0.164     -0.238        102 7.1457e+02 0.0000e+00
     -0.165    26.2942     5.8395     72.364  36.805338     35.849      8.639   141.3470     2.7538     1.1856     0.0243     -0.000     -0.162     -0.235        103 4.3965e+02 0.0000e+00
     -0.163    26.2944     5.8312     72.260  36.790795     35.877      8.638   141.3849     2.7335     1.1051     0.0244      0.001     -0.161     -0.234        104 4.5406e+02 0.0000e+00
     -0.164    26.2971     5.8251     72.183  36.752313     35.798      8.639   141.8392     2.5960     1.0648     0.0243      0.002     -0.161     -0.234        105 3.8002e+02 0.0000e+00
     -0.165    26.2985     5.8192     72.110  36.764251     35.853      8.635   141.6877     2.6082     1.0648     0.0243      0.002     -0.162     -0.235        106 4.1539e+02 0.0000e+00
     -0.165    26.2977     5.8081     71.972  36.746278     35.796      8.629   141.9149     2.6486     1.1319     0.0243      0.002     -0.162     -0.235        107 3.9889e+02 0.0000e+00
     -0.164    26.2963     5.7876     71.715  36.774679     35.850      8.623   142.1042     2.6244     1.0916     0.0243      0.002     -0.161     -0.234        108 4.1399e+02 0.0000e+00
     -0.163    26.2948     5.7659     71.444  36.758566     35.823      8.626   142.3692     2.8265     1.0245     0.0243      0.002     -0.160     -0.232        109 3.9623e+02 0.0000e+00
     -0.162    26.2932     5.7450     71.184  36.736671     35.797      8.635   142.6342     2.7982     1.0379     0.0243      0.002     -0.158     -0.230        110 3.9599e+02 0.0000e+00
     -0.161    26.2912     5.7287     70.980  36.772269     35.852      8.636   143.0885     2.7982     1.0648     0.0243      0.002     -0.158     -0.230        111 3.8306e+02 0.0000e+00
     -0.162    26.2902     5.6972     70.589  36.743925     35.799      8.637   143.2399     2.8225     1.1856     0.0243      0.002     -0.158     -0.230        112 3.8771e+02 0.0000e+00
     -0.162    26.2903     5.6748     70.310  36.771945     35.855      8.641   143.3156     2.7335     0.7694     0.0243      0.002     -0.158     -0.230        113 3.8250e+02 0.0000e+00
     -0.162    26.2900     5.6599     70.125  36.737400     35.801      8.642   143.5049     2.7457     0.7828     0.0243      0.002     -0.158     -0.230        114 3.9997e+02 0.0000e+00
     -0.161    26.2892     5.6460     69.951  36.757259     35.828      8.645   143.8835     2.7538     0.8365     0.0243      0.002     -0.158     -0.229        115 3.6675e+02 0.0000e+00
     -0.161    26.2893     5.6319     69.774  36.776891     35.856      8.645   144.1485     2.7376     0.8499     0.0243      0.001     -0.158     -0.229        116 4.1964e+02 0.0000e+00
     -0.162    26.2887     5.6160     69.575  36.742626     35.802      8.647   144.4892     2.7982     1.0648     0.0243      0.001     -0.158     -0.229        117 5.8351e+02 0.0000e+00
     -0.161    26.2871     5.5954     69.319  36.770241     35.856      8.647   144.2620     2.8063     1.0514     0.0243      0.000     -0.158     -0.229        118 4.7202e+02 0.0000e+00
     -0.160    26.2856     5.5755     69.070  36.742525     35.802      8.650   144.9435     2.8144     1.0379     0.0243      0.000     -0.157     -0.228        119 3.7503e+02 0.0000e+00
     -0.159    26.2839     5.5587     68.860  36.747460     35.830      8.654   145.0570     2.7901     1.0111     0.0243      0.001     -0.157     -0.228        120 3.9314e+02 0.0000e+00
     -0.160    26.2825     5.5401     68.629  36.734441     35.804      8.657   145.6628     2.7699     0.9842     0.0243      0.001     -0.157     -0.228        121 3.8240e+02 0.0000e+00
     -0.161    26.2818     5.5247     68.437  36.729068     35.805      8.659   145.8520     2.8751     1.0648     0.0243      0.001     -0.158     -0.229        122 3.9195e+02 0.0000e+00
     -0.161    26.2808     5.5067     68.213  36.724488     35.806      8.657   146.0792     2.8427     1.0648     0.0243      0.000     -0.158     -0.229        123 3.8941e+02 0.0000e+00
     -0.161    26.2797     5.4924     68.034  36.680822     35.752      8.659   146.3442     2.8670     1.1051     0.0243      0.000     -0.158     -0.229        124 3.9204e+02 0.0000e+00
     -0.160    26.2785     5.4792     67.869  36.724091     35.808      8.659   146.5335     2.8710     1.0782     0.0243      0.000     -0.157     -0.228        125 3.8930e+02 0.0000e+00
     -0.160    26.2771     5.4637     67.675  36.729961     35.808      8.660   146.5713     2.8306     1.0916     0.0243     -0.000     -0.157     -0.228        126 3.9500e+02 0.0000e+00
     -0.160    26.2759     5.4519     67.529  36.673517     35.755      8.661   147.0635     2.7982     1.1185     0.0243     -0.000     -0.157     -0.228        127 3.9610e+02 0.0000e+00
     -0.160    26.2746     5.4394     67.372  36.675696     35.756      8.665   146.9878     2.7982     1.0782     0.0243     -0.000     -0.157     -0.228        128 3.9639e+02 0.0000e+00
     -0.160    26.2733     5.4267     67.215  36.667932     35.757      8.664   147.5178     2.7901     1.0111     0.0243      0.000     -0.157     -0.227        129 3.9684e+02 0.0000e+00
     -0.160    26.2722     5.4091     66.995  36.683181     35.757      8.665   147.6313     2.8225     1.2125     0.0243      0.001     -0.157     -0.227        130 3.9984e+02 0.0000e+00
     -0.160    26.2709     5.3898     66.755  36.716039     35.813      8.664   147.5556     2.7982     1.0916     0.0243      0.000     -0.157     -0.228        131 3.9799e+02 0.0000e+00
     -0.160    26.2700     5.3768     66.592  36.686360     35.759      8.665   148.0856     2.8508     1.1319     0.0243      0.000     -0.157     -0.228        132 3.8580e+02 0.0000e+00
     -0.160    26.2690     5.3623     66.412  36.660797     35.760      8.666   148.3128     2.8144     1.0648     0.0243      0.000     -0.157     -0.228        133 3.8029e+02 0.0000e+00
     -0.161    26.2677     5.3505     66.265  36.688533     35.761      8.668   148.1992     2.7901     1.0916     0.0243     -0.000     -0.157     -0.228        134 3.8082e+02 0.0000e+00
     -0.160    26.2668     5.3365     66.091  36.711160     35.816      8.667   148.6913     2.8184     1.1051     0.0243     -0.000     -0.157     -0.228        135 3.8310e+02 0.0000e+00
     -0.160    26.2658     5.3248     65.945  36.691957     35.762      8.669   148.9942     2.8144     1.1185     0.0243     -0.000     -0.157     -0.228        136 3.8897e+02 0.0000e+00
     -0.160    26.2648     5.3116     65.781  36.712433     35.817      8.668   149.4863     2.8346     1.0111     0.0243     -0.000     -0.157     -0.228        137 3.9177e+02 0.0000e+00
     -0.160    26.2640     5.2967     65.595  36.685679     35.764      8.666   149.6756     2.8023     1.0245     0.0243     -0.000     -0.157     -0.228        138 3.9270e+02 0.0000e+00
     -0.160    26.2631     5.2875     65.479  36.665935     35.764      8.665   149.8649     2.8063     1.0514     0.0243     -0.000     -0.157     -0.228        139 3.9252e+02 0.0000e+00
     -0.159    26.2621     5.2718     65.283  36.677687     35.765      8.663   150.3192     2.7901     1.0245     0.0243      0.000     -0.156     -0.227        140 3.9162e+02 0.0000e+00
     -0.159    26.2610     5.2580     65.112  36.671053     35.765      8.661   150.7356     2.8387     1.0648     0.0243      0.000     -0.156     -0.227        141 3.9019e+02 0.0000e+00
     -0.160    26.2600     5.2458     64.960  36.674190     35.766      8.660   150.9628     2.8063     1.0379     0.0243      0.000     -0.157     -0.227        142 3.8925e+02 0.0000e+00
     -0.160    26.2591     5.2298     64.760  36.673785     35.767      8.659   150.8113     2.9276     0.9574     0.0243      0.000     -0.157     -0.227        143 3.8938e+02 0.0000e+00
     -0.159    26.2583     5.2238     64.685  36.671559     35.768      8.658   151.3792     2.9438     1.0379     0.0243      0.000     -0.156     -0.227        144 3.8950e+02 0.0000e+00
     -0.159    26.2574     5.2080     64.489  36.676961     35.768      8.655   151.4549     2.9317     1.0379     0.0243      0.001     -0.156     -0.227        145 3.8991e+02 0.0000e+00
     -0.159    26.2565     5.1975     64.357  36.667062     35.769      8.655   151.7956     2.9195     1.0111     0.0243      0.000     -0.156     -0.227        146 3.9094e+02 0.0000e+00
     -0.159    26.2557     5.1837     64.186  36.683877     35.769      8.653   151.9092     2.9681     1.0648     0.0243      0.000     -0.156     -0.227        147 3.9109e+02 0.0000e+00
     -0.160    26.2547     5.1725     64.046  36.715354     35.824      8.648   152.2121     2.9721     1.0782     0.0243      0.000     -0.156     -0.227        148 3.9170e+02 0.0000e+00
     -0.159    26.2536     5.1616     63.911  36.687209     35.771      8.649   152.2878     2.9964     1.1453     0.0243      0.000     -0.156     -0.226        149 3.9035e+02 0.0000e+00
     -0.159    26.2528     5.1487     63.749  36.659585     35.771      8.643   152.4771     3.0045     1.1319     0.0243      0.000     -0.156     -0.226        150 3.8630e+02 0.0000e+00
     -0.159    26.2518     5.1358     63.588  36.690413     35.772      8.640   152.3635     2.7901     1.0782     0.0243      0.000     -0.156     -0.226        151 3.8493e+02 0.0000e+00
     -0.159    26.2509     5.1252     63.456  36.648844     35.773      8.640   152.7421     2.8023     1.0514     0.0243      0.000     -0.156     -0.226        152 3.8474e+02 0.0000e+00
     -0.160    26.2501     5.1141     63.317  36.622340     35.691      8.640   152.5906     2.8387     1.1588     0.0243     -0.000     -0.157     -0.227        153 3.8395e+02 0.0000e+00
     -0.160    26.2492     5.1050     63.204  36.693737     35.828      8.640   153.0071     2.8184     1.1453     0.0243     -0.000     -0.157     -0.227        154 3.8457e+02 0.0000e+00
     -0.159    26.2485     5.0948     63.077  36.619311     35.693      8.643   153.2342     2.7416     1.1185     0.0243     -0.000     -0.157     -0.227        155 3.8638e+02 0.0000e+00
     -0.160    26.2477     5.0829     62.929  36.566669     35.693      8.643   153.0449     2.7295     1.1185     0.0243     -0.000     -0.157     -0.227        156 3.8571e+02 0.0000e+00
     -0.160    26.2468     5.0722     62.796  36.551636     35.639      8.644   153.4235     2.7295     1.0379     0.0242     -0.000     -0.157     -0.227        157 3.8754e+02 0.0000e+00
     -0.160    26.2459     5.0617     62.664  36.578701     35.694      8.641   153.7264     2.7295     1.1588     0.0243     -0.000     -0.157     -0.227        158 3.9019e+02 0.0000e+00
     -0.160    26.2450     5.0500     62.519  36.681283     35.777      8.642   154.1049     2.7093     1.1588     0.0243     -0.000     -0.157     -0.227        159 3.9145e+02 0.0000e+00
     -0.159    26.2440     5.0434     62.435  36.661247     35.777      8.641   154.7106     2.6810     1.0782     0.0243     -0.000     -0.157     -0.227        160 3.9563e+02 0.0000e+00
     -0.160    26.2432     5.0322     62.296  36.603634     35.696      8.642   155.0135     2.6527     1.0648     0.0243      0.000     -0.157     -0.227        161 3.9799e+02 0.0000e+00
     -0.159    26.2424     5.0200     62.145  36.575027     35.697      8.641   154.9378     2.6729     1.0514     0.0243      0.000     -0.156     -0.227        162 3.9846e+02 0.0000e+00
     -0.159    26.2414     5.0118     62.042  36.607872     35.697      8.638   155.2785     2.6607     1.0245     0.0243      0.000     -0.156     -0.227        163 3.9880e+02 0.0000e+00
     -0.160    26.2406     4.9994     61.888  36.651737     35.780      8.642   155.6192     2.5394     1.0514     0.0243      0.000     -0.157     -0.227        164 3.9896e+02 0.0000e+00
     -0.160    26.2397     4.9962     61.847  36.639076     35.726      8.642   155.9978     2.5152     1.0379     0.0243     -0.000     -0.157     -0.227        165 3.9874e+02 0.0000e+00
     -0.159    26.2393     4.9831     61.684  36.653288     35.781      8.639   155.6571     2.5394     1.0111     0.0243      0.000     -0.156     -0.226        166 3.9806e+02 0.0000e+00
     -0.159    26.2383     4.9737     61.568  36.604391     35.700      8.638   155.8464     2.5354     1.1319     0.0243      0.000     -0.156     -0.226        167 3.9630e+02 0.0000e+00
     -0.159    26.2373     4.9621     61.423  36.581292     35.700      8.640   156.2249     2.5556     1.0916     0.0243      0.000     -0.156     -0.226        168 3.9533e+02 0.0000e+00
     -0.159    26.2366     4.9476     61.243  36.593057     35.701      8.639   156.3764     2.5394     1.0782     0.0243      0.000     -0.156     -0.226        169 3.9497e+02 0.0000e+00
     -0.159    26.2356     4.9502     61.270  36.589749     35.702      8.638   156.4899     2.5556     1.0111     0.0243      0.000     -0.156     -0.226        170 3.9430e+02 0.0000e+00
