Data/DataNotYetUploadedToEDI/Raw_CTD/RawDownloads/082819_fcr30.cnv
* Sea-Bird SBE19plus  Data File:
* FileName = C:\DATA\082819_fcr_0003.hex
* Software version 2.8.0.119 SB_Terminal.dll
* Temperature SN = 7809
* Conductivity SN = 7809
* System UpLoad Time = Aug 28 2019 11:49:57
* <ApplicationData>
* <Seaterm232>
# nquan = 15
# nvalues = 614                         
# units = specified
# name 0 = depFM: Depth [fresh water, m]
# name 1 = dz/dtM: Descent Rate [m/s]
# name 2 = sbeox0ML/L: Oxygen, SBE 43 [ml/l]
# name 3 = sbeox0PS: Oxygen, SBE 43 [% saturation]
# name 4 = specc: Specific Conductance [uS/cm]
# name 5 = c0uS/cm: Conductivity [uS/cm]
# name 6 = flECO-AFL: Fluorescence, WET Labs ECO-AFL/FL [mg/m^3]
# name 7 = ph: pH
# name 8 = orp: Oxidation Reduction Potential [mV]
# name 9 = par/sat/log: PAR/Logarithmic, Satlantic
# name 10 = turbWETntu0: Turbidity, WET Labs ECO [NTU]
# name 11 = prdM: Pressure, Strain Gauge [db]
# name 12 = prdE: Pressure, Strain Gauge [psi]
# name 13 = tv290C: Temperature [ITS-90, deg C]
# name 14 = flag:  0.000e+00
# span 0 =     -0.173,      5.431       
# span 1 =     -0.010,      0.116       
# span 2 =     0.0548,     6.1762       
# span 3 =      0.738,    103.604       
# span 4 =     35.871,     87.197       
# span 5 =  34.812757,  70.130237       
# span 6 =     1.2061,    12.1195       
# span 7 =      6.623,      8.122       
# span 8 =   114.9881,   259.4870       
# span 9 = 1.2362e-01, 4.6753e+02       
# span 10 =     1.0631,     9.6235      
# span 11 =     -0.180,      5.327      
# span 12 =     -0.261,      7.725      
# span 13 =    12.2599,    23.6292      
# span 14 = 0.0000e+00, 0.0000e+00      
# interval = seconds: 0.25
# start_time = Aug 28 2019 11:02:07 [Instrument's time stamp, header]
# bad_flag = -9.990e-29
*END*
[from data line 97]
      0.110      0.001     3.8793     63.879     36.011  34.968961     3.0454      7.553   218.6155 2.8245e+02     7.0161      0.110      0.159    23.5514 0.0000e+00
      0.110      0.001     3.8670     63.437     36.007  34.961512     3.0456      7.548   218.7375 2.8149e+02     7.0096      0.109      0.158    23.5508 0.0000e+00
      0.110      0.001     3.8482     63.043     35.985  34.936706     3.0369      7.544   218.7806 2.8253e+02     6.9656      0.107      0.155    23.5511 0.0000e+00
      0.110      0.000     3.8217     62.700     35.975  34.922893     3.0011      7.542   218.8787 2.8343e+02     6.9094      0.107      0.156    23.5514 0.0000e+00
      0.111     -0.003     3.7941     62.383     35.977  34.921430     2.9686      7.539   218.9771 2.8403e+02     6.9199      0.109      0.158    23.5482 0.0000e+00
      0.111     -0.007     3.7672     62.096     35.979  34.919020     2.9644      7.535   219.1099 2.8398e+02     6.9612      0.109      0.157    23.5428 0.0000e+00
      0.111     -0.009     3.7441     61.864     35.958  34.893738     2.9940      7.532   219.2797 2.8435e+02     7.0814      0.109      0.159    23.5372 0.0000e+00
      0.107     -0.010     3.7249     61.656     35.936  34.869609     3.0494      7.529   219.3952 2.8924e+02     7.2911      0.108      0.156    23.5329 0.0000e+00
      0.100     -0.010     3.7066     61.430     35.951  34.881140     3.0874      7.526   219.4745 2.9289e+02     7.3992      0.097      0.140    23.5282 0.0000e+00
      0.094     -0.008     3.6884     61.200     35.978  34.906221     3.0982      7.523   219.6360 2.9413e+02     7.4055      0.089      0.130    23.5201 0.0000e+00
      0.092     -0.004     3.6764     60.965     35.993  34.919000     3.0851      7.520   219.8841 2.9663e+02     7.4663      0.090      0.130    23.5131 0.0000e+00
      0.093      0.000     3.6659     60.713     35.984  34.908709     3.0419      7.518   220.1526 2.9713e+02     7.6093      0.090      0.131    23.5094 0.0000e+00
      0.096      0.002     3.6515     60.452     35.985  34.908728     3.0008      7.515   220.3870 2.9738e+02     7.6924      0.094      0.137    23.5065 0.0000e+00
      0.100      0.003     3.6379     60.196     35.998  34.919228     2.9779      7.512   220.4809 2.9922e+02     7.6516      0.099      0.143    23.5047 0.0000e+00
      0.101      0.002     3.6249     59.951     35.989  34.908730     2.9645      7.510   220.5134 2.9747e+02     7.6081      0.100      0.145    23.5031 0.0000e+00
      0.100      0.001     3.6096     59.720     35.990  34.908720     2.9680      7.509   220.6081 2.9410e+02     7.5928      0.098      0.142    23.5011 0.0000e+00
      0.098      0.001     3.5939     59.505     36.003  34.919115     2.9947      7.507   220.5068 2.9510e+02     7.5969      0.096      0.139    23.4988 0.0000e+00
      0.096      0.003     3.5787     59.300     35.992  34.907472     3.0101      7.505   218.6007 2.9784e+02     7.6582      0.094      0.136    23.4965 0.0000e+00
      0.096      0.006     3.5644     59.121     35.980  34.894873     2.9980      7.502   215.0279 2.9989e+02     7.7113      0.093      0.136    23.4941 0.0000e+00
      0.098      0.010     3.5506     58.983     35.979  34.893718     2.9868      7.499   212.7566 2.9937e+02     7.6498      0.095      0.139    23.4914 0.0000e+00
      0.103      0.014     3.5382     58.857     35.979  34.893510     2.9868      7.496   212.0456 2.9316e+02     7.5358      0.101      0.145    23.4892 0.0000e+00
      0.109      0.018     3.5261     58.740     35.979  34.892356     2.9900      7.493   211.5938 2.8789e+02     7.4808      0.108      0.155    23.4873 0.0000e+00
      0.114      0.021     3.5139     58.646     35.965  34.879766     2.9907      7.489   211.3375 2.8895e+02     7.4428      0.112      0.162    23.4864 0.0000e+00
      0.119      0.022     3.5082     58.598     35.952  34.868217     2.9865      7.485   211.1835 2.9000e+02     7.4046      0.116      0.168    23.4858 0.0000e+00
      0.125      0.021     3.4996     58.622     35.963  34.879662     2.9826      7.481   211.0230 2.8955e+02     7.4122      0.122      0.176    23.4850 0.0000e+00
      0.132      0.020     3.4927     58.707     35.974  34.891209     2.9865      7.479   210.9451 2.9049e+02     7.4684      0.129      0.187    23.4848 0.0000e+00
      0.138      0.017     3.4869     58.842     35.963  34.880900     2.9900      7.478   210.9309 2.9349e+02     7.4947      0.137      0.199    23.4856 0.0000e+00
      0.143      0.012     3.4823     58.980     35.964  34.881950     2.9905      7.476   210.9371 2.9928e+02     7.5663      0.141      0.204    23.4875 0.0000e+00
      0.145      0.007     3.4853     59.099     35.987  34.903895     2.9850      7.476   210.9347 3.0433e+02     7.7770      0.143      0.208    23.4894 0.0000e+00
      0.145      0.003     3.4891     59.203     35.976  34.892365     2.9754      7.476   210.9015 3.0813e+02     7.8791      0.143      0.207    23.4905 0.0000e+00
      0.143     -0.001     3.4992     59.277     35.952  34.869475     2.9782      7.476   210.8800 3.1273e+02     7.8507      0.140      0.202    23.4906 0.0000e+00
      0.141     -0.003     3.5077     59.315     35.963  34.881015     2.9849      7.475   210.9321 3.1701e+02     7.8604      0.138      0.200    23.4901 0.0000e+00
      0.141     -0.004     3.5141     59.317     35.987  34.904953     3.0036      7.473   211.0161 3.1815e+02     7.8314      0.139      0.201    23.4895 0.0000e+00
      0.141     -0.004     3.5215     59.307     35.986  34.905038     3.0479      7.469   210.9484 3.1681e+02     7.7304      0.139      0.202    23.4892 0.0000e+00
      0.140     -0.004     3.5252     59.301     35.962  34.882054     3.0783      7.466   210.8014 3.1578e+02     7.6556      0.137      0.199    23.4893 0.0000e+00
      0.139     -0.005     3.5282     59.293     35.962  34.880919     3.0848      7.466   210.7875 3.1547e+02     7.6474      0.135      0.196    23.4899 0.0000e+00
      0.138     -0.005     3.5273     59.286     35.972  34.891324     3.0921      7.465   210.9526 3.1746e+02     7.5982      0.136      0.197    23.4905 0.0000e+00
      0.136     -0.005     3.5260     59.268     35.961  34.880919     3.0975      7.464   211.0768 3.1941e+02     7.4862      0.134      0.194    23.4919 0.0000e+00
      0.132     -0.004     3.5265     59.226     35.962  34.882052     3.0982      7.464   211.1707 3.1966e+02     7.4080      0.129      0.186    23.4926 0.0000e+00
      0.132     -0.003     3.5254     59.174     35.987  34.905027     3.1002      7.464   211.4002 3.2032e+02     7.3741      0.130      0.187    23.4919 0.0000e+00
      0.132     -0.002     3.5253     59.097     35.987  34.904829     3.1046      7.463   211.6147 3.2272e+02     7.3047      0.131      0.189    23.4920 0.0000e+00
      0.132      0.001     3.5248     58.962     35.962  34.879662     3.1078      7.462   211.7856 3.2409e+02     7.1593      0.130      0.188    23.4927 0.0000e+00
      0.133      0.003     3.5215     58.790     35.937  34.854599     3.1048      7.462   211.9181 3.2315e+02     7.0259      0.131      0.189    23.4928 0.0000e+00
      0.133      0.003     3.5187     58.613     35.939  34.855658     3.1033      7.462   212.0120 3.2389e+02     6.9701      0.131      0.190    23.4919 0.0000e+00
      0.134      0.004     3.5159     58.438     35.977  34.892470     3.1067      7.462   212.1457 3.2418e+02     6.9754      0.132      0.191    23.4908 0.0000e+00
      0.136      0.005     3.5068     58.279     36.005  34.918885     3.1019      7.461   212.2452 3.2305e+02     6.9924      0.133      0.193    23.4896 0.0000e+00
      0.138      0.007     3.4958     58.173     36.007  34.921174     3.0978      7.460   212.3541 3.2263e+02     6.9781      0.135      0.196    23.4885 0.0000e+00
      0.138      0.010     3.4855     58.144     36.004  34.920143     3.1000      7.459   212.5164 3.2179e+02     6.9671      0.136      0.198    23.4876 0.0000e+00
      0.139      0.013     3.4748     58.185     35.988  34.906419     3.0855      7.459   212.5722 3.2042e+02     7.0885      0.136      0.197    23.4870 0.0000e+00
      0.143      0.015     3.4646     58.290     35.962  34.882180     3.0607      7.458   212.5982 3.1756e+02     7.2986      0.140      0.203    23.4867 0.0000e+00
      0.149      0.017     3.4573     58.439     35.960  34.880941     3.0518      7.457   212.7454 3.1391e+02     7.4096      0.147      0.213    23.4870 0.0000e+00
      0.156      0.018     3.4564     58.566     35.972  34.891432     3.0478      7.456   212.9745 3.1126e+02     7.4153      0.153      0.221    23.4888 0.0000e+00
      0.161      0.018     3.4582     58.624     35.963  34.882092     3.0384      7.456   213.1315 3.0984e+02     7.3018      0.158      0.230    23.4913 0.0000e+00
      0.165      0.020     3.4646     58.619     35.976  34.894940     3.0415      7.456   213.1813 3.0908e+02     7.1186      0.162      0.236    23.4934 0.0000e+00
      0.168      0.024     3.4751     58.594     36.001  34.919848     3.0507      7.455   213.3187 3.0729e+02     7.0034      0.165      0.239    23.4940 0.0000e+00
      0.171      0.030     3.4842     58.666     36.008  34.929386     3.0545      7.452   213.5017 3.0435e+02     6.9575      0.167      0.242    23.4927 0.0000e+00
      0.178      0.037     3.4870     58.933     36.023  34.946799     3.0525      7.447   213.5869 2.9890e+02     6.9568      0.172      0.249    23.4913 0.0000e+00
      0.190      0.042     3.4867     59.379     36.015  34.939988     3.0363      7.444   213.7471 2.9052e+02     7.0608      0.184      0.267    23.4901 0.0000e+00
      0.207      0.046     3.4821     59.952     35.983  34.910502     3.0320      7.444   214.0620 2.8237e+02     7.2638      0.204      0.296    23.4917 0.0000e+00
      0.222      0.048     3.4825     60.562     35.978  34.907622     3.0523      7.444   214.2967 2.7575e+02     7.3793      0.219      0.318    23.4977 0.0000e+00
      0.234      0.045     3.5004     61.108     35.973  34.905167     3.0560      7.443   214.4338 2.6969e+02     7.3760      0.230      0.333    23.5012 0.0000e+00
      0.244      0.040     3.5269     61.517     35.946  34.880825     3.0073      7.441   214.6018 2.6525e+02     7.2575      0.241      0.349    23.5023 0.0000e+00
      0.253      0.034     3.5630     61.712     35.930  34.867167     2.9397      7.440   214.7789 2.6197e+02     7.0601      0.249      0.361    23.5049 0.0000e+00
      0.262      0.029     3.6018     61.682     35.928  34.866975     2.9155      7.440   215.0260 2.5875e+02     6.9557      0.257      0.373    23.5077 0.0000e+00
      0.269      0.028     3.6345     61.472     35.939  34.878503     2.9225      7.439   215.4386 2.5752e+02     6.9452      0.266      0.385    23.5099 0.0000e+00
      0.273      0.030     3.6616     61.169     35.939  34.879627     2.9291      7.437   215.8965 2.5684e+02     7.0982      0.269      0.390    23.5127 0.0000e+00
      0.277      0.033     3.6725     60.905     35.940  34.880561     2.9341      7.436   216.2601 2.5348e+02     7.3959      0.270      0.391    23.5162 0.0000e+00
      0.285      0.036     3.6693     60.757     35.949  34.889793     2.9316      7.435   216.6514 2.4676e+02     7.5946      0.277      0.401    23.5187 0.0000e+00
      0.298      0.037     3.6559     60.709     35.923  34.864322     2.9249      7.433   217.0140 2.3875e+02     7.6659      0.292      0.424    23.5196 0.0000e+00
      0.312      0.037     3.6338     60.724     35.885  34.826456     2.9228      7.431   217.1173 2.3200e+02     7.6348      0.307      0.445    23.5198 0.0000e+00
      0.324      0.033     3.6165     60.761     35.871  34.812757     2.9145      7.431   217.2114 2.2645e+02     7.5135      0.318      0.462    23.5201 0.0000e+00
      0.332      0.027     3.6086     60.768     35.884  34.825626     2.9119      7.432   217.6362 2.2164e+02     7.4454      0.327      0.474    23.5203 0.0000e+00
      0.337      0.022     3.6068     60.724     35.914  34.855122     2.9258      7.433   218.3813 2.1778e+02     7.4336      0.332      0.481    23.5204 0.0000e+00
      0.338      0.023     3.6080     60.667     35.976  34.915526     2.9431      7.431   219.2509 2.1473e+02     7.3710      0.333      0.483    23.5203 0.0000e+00
      0.338      0.031     3.6118     60.723     36.046  34.984753     2.9659      7.425   219.8908 2.1084e+02     7.2457      0.331      0.481    23.5197 0.0000e+00
      0.341      0.045     3.6128     61.148     36.052  34.993999     2.9763      7.420   220.1811 2.0451e+02     7.1637      0.333      0.483    23.5198 0.0000e+00
      0.351      0.058     3.6089     62.099     36.015  34.963854     2.9731      7.419   220.3523 1.9491e+02     7.1991      0.340      0.492    23.5199 0.0000e+00
      0.374      0.067     3.6046     63.512     35.981  34.937621     2.9790      7.419   220.5833 1.8119e+02     7.2470      0.363      0.525    23.5196 0.0000e+00
      0.405      0.072     3.6004     65.387     35.969  34.930706     2.9865      7.419   220.9100 1.6892e+02     7.2191      0.402      0.582    23.5208 0.0000e+00
      0.431      0.070     3.6206     67.797     36.045  35.007177     2.9861      7.419   221.2045 1.6170e+02     7.1565      0.426      0.619    23.5255 0.0000e+00
      0.446      0.064     3.6810     70.677     36.207  35.164096     2.9739      7.419   221.3909 1.5602e+02     7.1128      0.439      0.636    23.5357 0.0000e+00
      0.457      0.054     3.7641     74.123     36.355  35.304775     2.9699      7.420   221.6151 1.5145e+02     7.1177      0.449      0.650    23.5461 0.0000e+00
      0.466      0.046     3.8706     78.586     36.433  35.375270     2.9802      7.420   221.9364 1.4735e+02     7.1497      0.457      0.662    23.5518 0.0000e+00
      0.474      0.042     4.0174     84.146     36.445  35.381755     2.9765      7.420   222.2643 1.4281e+02     7.1715      0.465      0.675    23.5550 0.0000e+00
      0.483      0.042     4.1900     90.100     36.450  35.383188     2.9685      7.421   222.5687 1.3852e+02     7.1845      0.473      0.687    23.5559 0.0000e+00
      0.495      0.042     4.3789     95.444     36.462  35.392578     2.9711      7.421   222.8627 1.3440e+02     7.1759      0.484      0.704    23.5507 0.0000e+00
      0.509      0.042     4.6404     99.490     36.439  35.368348     2.9642      7.420   223.1517 1.3050e+02     7.1665      0.499      0.725    23.5416 0.0000e+00
      0.521      0.043     4.9903    102.113     36.415  35.344108     2.9461      7.419   223.3967 1.2754e+02     7.1691      0.512      0.743    23.5352 0.0000e+00
      0.531      0.045     5.3673    103.439     36.426  35.353358     2.9340      7.419   223.5878 1.2588e+02     7.1741      0.521      0.756    23.5312 0.0000e+00
      0.539      0.046     5.7022    103.604     36.426  35.353254     2.9218      7.419   223.8281 1.2448e+02     7.1937      0.528      0.766    23.5280 0.0000e+00
      0.549      0.046     5.9418    102.847     36.415  35.342849     2.9111      7.418   224.1506 1.2193e+02     7.2097      0.535      0.777    23.5258 0.0000e+00
      0.563      0.046     6.0940    101.534     36.427  35.354492     2.9171      7.417   224.4756 1.1828e+02     7.2035      0.551      0.799    23.5240 0.0000e+00
      0.579      0.046     6.1718    100.085     36.441  35.367092     2.9252      7.415   224.7460 1.1540e+02     7.1846      0.570      0.827    23.5224 0.0000e+00
      0.591      0.046     6.1762     98.814     36.442  35.368256     2.9230      7.415   225.0113 1.1351e+02     7.1779      0.582      0.844    23.5218 0.0000e+00
      0.601      0.044     6.1241     97.819     36.443  35.368570     2.9245      7.415   225.2748 1.1155e+02     7.1881      0.589      0.855    23.5214 0.0000e+00
