Data/DataNotYetUploadedToEDI/Raw_CTD/RawDownloads/082819_fcr20.cnv
* Sea-Bird SBE19plus  Data File:
* FileName = C:\DATA\082819_fcr_0002.hex
* Software version 2.8.0.119 SB_Terminal.dll
* Temperature SN = 7809
* Conductivity SN = 7809
* System UpLoad Time = Aug 28 2019 11:49:36
* <ApplicationData>
* <Seaterm232>
# nquan = 15
# nvalues = 385                         
# units = specified
# name 0 = depFM: Depth [fresh water, m]
# name 1 = dz/dtM: Descent Rate [m/s]
# name 2 = sbeox0ML/L: Oxygen, SBE 43 [ml/l]
# name 3 = sbeox0PS: Oxygen, SBE 43 [% saturation]
# name 4 = specc: Specific Conductance [uS/cm]
# name 5 = c0uS/cm: Conductivity [uS/cm]
# name 6 = flECO-AFL: Fluorescence, WET Labs ECO-AFL/FL [mg/m^3]
# name 7 = ph: pH
# name 8 = orp: Oxidation Reduction Potential [mV]
# name 9 = par/sat/log: PAR/Logarithmic, Satlantic
# name 10 = turbWETntu0: Turbidity, WET Labs ECO [NTU]
# name 11 = prdM: Pressure, Strain Gauge [db]
# name 12 = prdE: Pressure, Strain Gauge [psi]
# name 13 = tv290C: Temperature [ITS-90, deg C]
# name 14 = flag:  0.000e+00
# span 0 =     -0.396,      3.030       
# span 1 =     -0.011,      0.141       
# span 2 =    -0.6031,     6.3238       
# span 3 =     -9.176,    105.748       
# span 4 =     35.965,     79.839       
# span 5 =  34.988939,  71.621354       
# span 6 =     1.7705,     9.5483       
# span 7 =      6.924,      8.478       
# span 8 =   178.2961,   261.4714       
# span 9 = 1.8407e+00, 4.6749e+02       
# span 10 =     6.0121,    13.4866      
# span 11 =     -0.396,      2.971      
# span 12 =     -0.574,      4.310      
# span 13 =    19.8427,    23.7927      
# span 14 = 0.0000e+00, 0.0000e+00      
# interval = seconds: 0.25
# start_time = Aug 28 2019 10:55:46 [Instrument's time stamp, header]
# bad_flag = -9.990e-29
*END*
[from data line 290]
      1.781      0.044     4.9492     83.513     36.994  35.787027     3.0532      7.419   250.3226 9.8308e+00     6.3455      1.744      2.530    23.3865 0.0000e+00
      1.791      0.049     4.9733     83.173     36.998  35.785990     3.0584      7.417   250.6635 9.6428e+00     6.3052      1.756      2.547    23.3801 0.0000e+00
      1.804      0.055     4.9896     82.703     36.992  35.773320     3.0413      7.415   250.8655 9.4814e+00     6.4097      1.769      2.567    23.3736 0.0000e+00
      1.818      0.060     4.9919     82.121     36.989  35.760762     3.0028      7.412   251.0443 9.2914e+00     6.6268      1.781      2.583    23.3689 0.0000e+00
      1.836      0.065     4.9812     81.433     37.000  35.761080     2.9828      7.410   251.2759 9.0329e+00     6.7342      1.799      2.610    23.3630 0.0000e+00
      1.856      0.068     4.9606     80.693     37.025  35.777145     2.9818      7.409   251.4294 8.7844e+00     6.7250      1.821      2.641    23.3576 0.0000e+00
      1.875      0.068     4.9328     79.972     37.083  35.828053     2.9995      7.406   251.5239 8.5729e+00     6.7440      1.840      2.668    23.3496 0.0000e+00
      1.892      0.068     4.9000     79.288     37.132  35.868836     3.0323      7.402   251.6438 8.3779e+00     6.7690      1.856      2.692    23.3349 0.0000e+00
      1.908      0.064     4.8593     78.665     37.160  35.889419     3.0480      7.399   251.7608 8.1807e+00     6.7647      1.871      2.713    23.3185 0.0000e+00
      1.925      0.058     4.8134     78.107     37.226  35.949973     3.0420      7.397   251.8204 7.9868e+00     6.7573      1.887      2.736    23.3090 0.0000e+00
      1.941      0.053     4.7715     77.458     37.311  36.029748     3.0381      7.396   251.9348 7.8449e+00     6.7443      1.906      2.764    23.3035 0.0000e+00
      1.954      0.050     4.7314     76.607     37.381  36.092325     3.0536      7.395   252.1971 7.7579e+00     6.7389      1.919      2.783    23.2937 0.0000e+00
      1.963      0.049     4.6926     75.642     37.436  36.135337     3.0817      7.395   252.4956 7.6749e+00     6.7576      1.925      2.792    23.2832 0.0000e+00
      1.972      0.052     4.6653     74.653     37.486  36.168967     3.1007      7.393   252.7054 7.5654e+00     6.7736      1.933      2.804    23.2795 0.0000e+00
      1.983      0.057     4.6300     73.630     37.588  36.245030     3.1010      7.390   252.8400 7.4307e+00     6.7365      1.943      2.819    23.2801 0.0000e+00
      1.997      0.062     4.5760     72.617     37.736  36.356797     3.0332      7.388   253.0052 7.2520e+00     6.6360      1.956      2.837    23.2727 0.0000e+00
      2.016      0.067     4.5170     71.777     37.861  36.441268     2.9127      7.386   253.2401 7.0155e+00     6.5419      1.975      2.864    23.2592 0.0000e+00
      2.039      0.067     4.4609     71.232     37.964  36.504654     2.8579      7.384   253.4435 6.7819e+00     6.5161      2.000      2.900    23.2417 0.0000e+00
      2.061      0.064     4.4022     71.076     38.042  36.551894     2.8565      7.381   253.5717 6.6138e+00     6.4876      2.024      2.935    23.2126 0.0000e+00
      2.077      0.057     4.3396     71.478     38.082  36.568094     2.8008      7.381   253.7573 6.5137e+00     6.3614      2.040      2.959    23.1712 0.0000e+00
      2.088      0.048     4.2918     72.566     38.103  36.573550     2.6877      7.381   254.0524 6.4537e+00     6.2354      2.048      2.971    23.1181 0.0000e+00
      2.097      0.043     4.2620     74.241     38.158  36.617842     2.6160      7.380   254.4727 6.4019e+00     6.2430      2.057      2.982    23.0686 0.0000e+00
      2.104      0.041     4.2517     76.236     38.276  36.722775     2.6182      7.377   254.8810 6.3404e+00     6.2888      2.064      2.993    23.0323 0.0000e+00
      2.111      0.043     4.2734     78.231     38.402  36.826706     2.6283      7.374   255.1176 6.2674e+00     6.2980      2.071      3.003    23.0050 0.0000e+00
      2.121      0.048     4.3435     79.921     38.462  36.858879     2.6171      7.372   255.2691 6.1607e+00     6.3215      2.078      3.015    22.9838 0.0000e+00
      2.136      0.052     4.4515     81.201     38.481  36.857844     2.6116      7.371   255.3358 6.0136e+00     6.3435      2.093      3.036    22.9739 0.0000e+00
      2.154      0.053     4.5769     82.093     38.509  36.877629     2.6051      7.370   255.4071 5.8826e+00     6.3342      2.113      3.066    22.9717 0.0000e+00
      2.171      0.053     4.7079     82.593     38.544  36.907665     2.5391      7.368   255.5289 5.7817e+00     6.3073      2.130      3.090    22.9494 0.0000e+00
      2.185      0.052     4.8142     82.738     38.617  36.967116     2.4294      7.368   255.6040 5.6946e+00     6.3133      2.144      3.110    22.9059 0.0000e+00
      2.196      0.049     4.8919     82.604     38.694  37.025163     2.3713      7.367   255.7131 5.6364e+00     6.3413      2.155      3.125    22.8766 0.0000e+00
      2.206      0.046     4.9474     82.259     38.724  37.038223     2.3648      7.366   255.9022 5.5839e+00     6.3180      2.162      3.135    22.8751 0.0000e+00
      2.216      0.046     4.9760     81.741     38.699  36.998050     2.3165      7.362   256.0829 5.5136e+00     6.2286      2.172      3.150    22.8764 0.0000e+00
      2.228      0.050     4.9843     81.058     38.641  36.920252     2.2128      7.358   256.1772 5.4441e+00     6.1121      2.185      3.169    22.8608 0.0000e+00
      2.240      0.056     4.9772     80.148     38.550  36.795754     2.1421      7.355   256.2687 5.3641e+00     6.0237      2.197      3.185    22.8372 0.0000e+00
      2.253      0.061     4.9574     78.825     38.438  36.635226     2.1288      7.353   256.5011 5.2387e+00     6.0121      2.207      3.201    22.8162 0.0000e+00
      2.271      0.064     4.9279     76.909     38.432  36.566066     2.1298      7.351   256.8355 5.0857e+00     6.0370      2.225      3.228    22.7994 0.0000e+00
      2.292      0.065     4.8890     74.441     38.527  36.594191     2.1027      7.349   257.1275 4.9485e+00     6.0299      2.248      3.261    22.7757 0.0000e+00
      2.312      0.065     4.8439     71.849     38.652  36.657824     2.0443      7.348   257.3658 4.8399e+00     6.0253      2.269      3.290    22.7275 0.0000e+00
      2.327      0.064     4.7753     69.685     38.817  36.764124     2.0133      7.348   257.5654 4.7344e+00     6.0137      2.284      3.312    22.6533 0.0000e+00
      2.341      0.062     4.6680     68.157     39.035  36.927287     2.0141      7.347   257.7343 4.6217e+00     6.0206      2.295      3.328    22.5654 0.0000e+00
      2.354      0.059     4.5160     67.248     39.265  37.107186     2.0276      7.344   257.8596 4.5274e+00     6.1746      2.308      3.347    22.4844 0.0000e+00
      2.368      0.057     4.3479     66.905     39.493  37.288883     2.0541      7.342   257.8751 4.4394e+00     6.4003      2.322      3.367    22.4118 0.0000e+00
      2.385      0.056     4.2205     66.959     39.853  37.600743     2.0670      7.342   257.9223 4.3514e+00     6.5213      2.339      3.392    22.3471 0.0000e+00
      2.401      0.054     4.1335     67.176     40.257  37.957923     2.0701      7.341   258.0855 4.2778e+00     6.5568      2.356      3.416    22.2927 0.0000e+00
      2.415      0.052     4.0813     67.242     40.513  38.179776     2.1099      7.338   258.2997 4.2040e+00     6.5015      2.370      3.436    22.2447 0.0000e+00
      2.427      0.051     4.0685     66.687     41.144  38.759678     2.1745      7.336   258.5337 4.1410e+00     6.3440      2.381      3.453    22.2017 0.0000e+00
      2.438      0.054     4.0795     65.011     42.564  40.081448     2.2013      7.334   258.7642 4.0966e+00     6.2589      2.392      3.469    22.1662 0.0000e+00
      2.448      0.061     4.1001     61.966     44.537  41.909106     2.1906      7.330   259.0208 4.0391e+00     6.2918      2.401      3.482    22.1402 0.0000e+00
      2.461      0.070     4.1175     57.758     46.784  43.970125     2.1409      7.325   259.3136 3.9414e+00     6.4458      2.409      3.494    22.1126 0.0000e+00
      2.481      0.076     4.0965     52.491     48.639  45.635633     2.0603      7.320   259.6371 3.8158e+00     6.6789      2.431      3.525    22.0962 0.0000e+00
      2.507      0.078     4.0027     45.694     49.575  46.426191     2.0134      7.316   259.9201 3.6947e+00     6.7504      2.459      3.566    22.0849 0.0000e+00
      2.533      0.076     3.8120     37.067     49.709  46.479925     1.9986      7.314   259.9831 3.5912e+00     6.6887      2.486      3.606    22.0546 0.0000e+00
      2.556      0.070     3.5482     26.959     49.607  46.348738     1.9768      7.312   259.8818 3.5172e+00     6.6203      2.510      3.639    21.9998 0.0000e+00
      2.572      0.061     3.2522     16.469     50.105  46.808583     1.9489      7.309   259.9002 3.4657e+00     6.5468      2.525      3.661    21.9129 0.0000e+00
      2.582      0.053     2.8473      7.086     51.433  48.039007     1.9388      7.305   260.0340 3.4220e+00     6.5209      2.533      3.674    21.8132 0.0000e+00
      2.590      0.048     2.3141     -0.308     52.952  49.413277     1.9500      7.300   260.2950 3.3919e+00     6.5034      2.539      3.683    21.7325 0.0000e+00
      2.600      0.047     1.6722     -5.485     54.159  50.468563     1.9636      7.292   260.9049 3.3592e+00     6.4669      2.549      3.697    21.6972 0.0000e+00
      2.612      0.052     0.9828     -8.400     55.237  51.398176     2.0077      7.282   261.4714 3.2994e+00     6.4067      2.560      3.713    21.7069 0.0000e+00
      2.626      0.059     0.3907     -9.176     56.379  52.395690     2.0843      7.272   261.3804 3.2238e+00     6.3331      2.574      3.734    21.7115 0.0000e+00
      2.641      0.065    -0.0667     -8.318     57.784  53.636393     2.1183      7.260   260.8369 3.1491e+00     6.2982      2.590      3.756    21.6645 0.0000e+00
      2.659      0.068    -0.3862     -6.542     59.367  55.028273     2.1240      7.247   260.0616 3.0645e+00     6.2793      2.605      3.778    21.5864 0.0000e+00
      2.680      0.068    -0.5676     -4.510     60.457  55.947207     2.1617      7.233   258.8031 2.9694e+00     6.3342      2.628      3.812    21.5158 0.0000e+00
      2.701      0.066    -0.6031     -2.711     60.788  56.170355     2.2098      7.220   256.8054 2.8894e+00     6.5023      2.651      3.845    21.4610 0.0000e+00
      2.718      0.063    -0.5333     -1.305     60.873  56.201407     2.2383      7.207   253.7180 2.8339e+00     6.6405      2.668      3.868    21.4119 0.0000e+00
      2.731      0.060    -0.4110     -0.265     61.578  56.830851     2.3400      7.193   249.6086 2.7804e+00     6.7273      2.679      3.885    21.3480 0.0000e+00
      2.743      0.056    -0.2719      0.460     62.884  57.999016     3.3621      7.179   245.9229 2.7264e+00     7.0603      2.689      3.899    21.2638 0.0000e+00
      2.756      0.055    -0.1596      0.957     63.929  58.888620     5.2157      7.166   243.9148 2.6756e+00     7.5865      2.702      3.918    21.1823 0.0000e+00
      2.771      0.057    -0.0733      1.345     64.919  59.707862     6.2328      7.153   241.5036 2.6255e+00     7.8460      2.717      3.941    21.1467 0.0000e+00
      2.786      0.061    -0.0095      1.667     66.617  61.168437     6.4001      7.139   236.7302 2.5778e+00     7.9695      2.731      3.961    21.1477 0.0000e+00
      2.801      0.065     0.0340      1.901     68.698  62.948689     7.2212      7.123   231.3708 2.5198e+00     9.0136      2.746      3.983    21.1251 0.0000e+00
      2.817      0.069     0.0612      2.061     71.222  65.090252     8.7128      7.107   226.8645 2.4562e+00    10.8677      2.763      4.006    21.0579 0.0000e+00
      2.836      0.074     0.0848      2.176     74.051  67.484788     9.5234      7.091   223.0279 2.3767e+00    11.8707      2.779      4.032    20.9796 0.0000e+00
      2.856      0.078     0.1066      2.250     75.526  68.635319     9.5483      7.074   220.2585 2.2851e+00    11.9981      2.801      4.063    20.9162 0.0000e+00
      2.876      0.082     0.1208      2.292     75.579  68.512277     9.0054      7.056   217.8153 2.2124e+00    12.3754      2.821      4.092    20.8249 0.0000e+00
      2.898      0.083     0.1298      2.311     75.525  68.349094     7.9967      7.039   214.1372 2.1428e+00    13.0577      2.841      4.120    20.6943 0.0000e+00
      2.921      0.081     0.1379      2.290     75.641  68.378653     7.4438      7.024   210.0297 2.0720e+00    13.4641      2.865      4.156    20.5662 0.0000e+00
      2.944      0.077     0.1428      2.234     76.199  68.805998     7.3659      7.010   206.0952 2.0217e+00    13.4866      2.887      4.188    20.4320 0.0000e+00
      2.964      0.070     0.1449      2.192     77.088  69.510702     6.9946      6.998   201.9275 1.9701e+00    12.8703      2.907      4.217    20.3000 0.0000e+00
      2.981      0.060     0.1475      2.183     77.508  69.778590     6.3184      6.988   198.1850 1.9159e+00    11.7149      2.927      4.245    20.2351 0.0000e+00
      2.995      0.049     0.1464      2.178     77.645  69.819765     5.9523      6.979   195.2607 1.8824e+00    11.0855      2.938      4.261    20.1967 0.0000e+00
      3.006      0.037     0.1412      2.170     77.901  70.008455     5.9145      6.971   192.8980 1.8649e+00    11.0285      2.949      4.277    20.1486 0.0000e+00
      3.014      0.027     0.1378      2.170     78.164  70.216202     5.9053      6.963   190.6966 1.8524e+00    11.0258      2.959      4.291    20.0900 0.0000e+00
      3.018      0.019     0.1392      2.173     78.571  70.551382     5.8926      6.954   188.5191 1.8407e+00    11.1507      2.961      4.295    19.9976 0.0000e+00
      3.020      0.013     0.1388      2.168     79.253  71.136349     5.8656      6.948   186.4446 1.8489e+00    11.3921      2.962      4.296    19.9448 0.0000e+00
      3.021      0.009     0.1378      2.134     79.758  71.566657     5.8476      6.944   184.5436 1.8659e+00    11.5193      2.963      4.297    19.9285 0.0000e+00
      3.022      0.006     0.1384      2.071     79.839  71.621354     5.8478      6.939   183.0861 1.8645e+00    11.5093      2.964      4.298    19.9128 0.0000e+00
      3.024      0.005     0.1386      2.004     79.746  71.543331     5.9195      6.935   181.9864 1.8498e+00    11.3686      2.966      4.301    19.8902 0.0000e+00
      3.026      0.004     0.1391      1.945     79.108  71.004792     6.0647      6.931   180.8835 1.8409e+00    11.1295      2.967      4.303    19.8732 0.0000e+00
      3.027      0.004     0.1371      1.899     77.580  69.687751     6.1474      6.927   179.7316 1.8490e+00    11.0109      2.968      4.304    19.8617 0.0000e+00
      3.028      0.003     0.1319      1.853     75.994  68.334873     6.1567      6.924   178.7278 1.8562e+00    11.0155      2.969      4.306    19.8427 0.0000e+00
      3.028      0.003     0.1278      1.827     75.362  67.807597     6.1589      6.924   178.2961 1.8498e+00    11.0213      2.970      4.307    19.8442 0.0000e+00
      3.029 -9.990e-29     0.1235 -9.990e-29 -9.990e-29 -9.990e-29 -9.990e-29 -9.990e-29 -9.990e-29 1.8478e+00 -9.990e-29      2.970      4.308    19.8734 0.0000e+00
      3.029 -9.990e-29     0.1212 -9.990e-29 -9.990e-29 -9.990e-29 -9.990e-29 -9.990e-29 -9.990e-29 1.8578e+00 -9.990e-29      2.970      4.308    19.8999 0.0000e+00
      3.030 -9.990e-29     0.1180 -9.990e-29 -9.990e-29 -9.990e-29 -9.990e-29 -9.990e-29 -9.990e-29 1.8636e+00 -9.990e-29      2.971      4.309    19.9596 0.0000e+00
      3.030 -9.990e-29     0.1140 -9.990e-29 -9.990e-29 -9.990e-29 -9.990e-29 -9.990e-29 -9.990e-29 1.8635e+00 -9.990e-29      2.971      4.310    20.0163 0.0000e+00
