Data/DataNotYetUploadedToEDI/Raw_CTD/RawDownloads/082819_fcr50.cnv
* Sea-Bird SBE19plus  Data File:
* FileName = C:\DATA\082819_fcr_0005.hex
* Software version 2.8.0.119 SB_Terminal.dll
* Temperature SN = 7809
* Conductivity SN = 7809
* System UpLoad Time = Aug 28 2019 11:50:47
* <ApplicationData>
* <Seaterm232>
# nquan = 15
# nvalues = 991                         
# units = specified
# name 0 = depFM: Depth [fresh water, m]
# name 1 = dz/dtM: Descent Rate [m/s]
# name 2 = sbeox0ML/L: Oxygen, SBE 43 [ml/l]
# name 3 = sbeox0PS: Oxygen, SBE 43 [% saturation]
# name 4 = specc: Specific Conductance [uS/cm]
# name 5 = c0uS/cm: Conductivity [uS/cm]
# name 6 = flECO-AFL: Fluorescence, WET Labs ECO-AFL/FL [mg/m^3]
# name 7 = ph: pH
# name 8 = orp: Oxidation Reduction Potential [mV]
# name 9 = par/sat/log: PAR/Logarithmic, Satlantic
# name 10 = turbWETntu0: Turbidity, WET Labs ECO [NTU]
# name 11 = prdM: Pressure, Strain Gauge [db]
# name 12 = prdE: Pressure, Strain Gauge [psi]
# name 13 = tv290C: Temperature [ITS-90, deg C]
# name 14 = flag:  0.000e+00
# span 0 =     -0.500,      9.491       
# span 1 =     -0.010,      0.215       
# span 2 =    -0.3493,     6.1744       
# span 3 =     -5.370,    102.228       
# span 4 =     35.436,    209.044       
# span 5 =  34.003267, 153.267460       
# span 6 =     0.0296,    16.8122       
# span 7 =      6.225,      7.735       
# span 8 =    61.0653,   264.2511       
# span 9 = 1.2354e-01, 3.8794e+02       
# span 10 =     0.2879,    11.0731      
# span 11 =     -0.500,      9.308      
# span 12 =     -0.725,     13.501      
# span 13 =    11.5696,    23.6931      
# span 14 = 0.0000e+00, 0.0000e+00      
# interval = seconds: 0.25
# start_time = Aug 28 2019 11:14:25 [Instrument's time stamp, header]
# bad_flag = -9.990e-29
*END*
     -0.500      0.079     6.1744     96.913     36.757  34.861921     0.2294      7.607   262.9400 3.7477e+02     3.4143     -0.500     -0.725    20.0096 0.0000e+00
     -0.469      0.105     6.0774     96.882     36.754  35.072943     0.2470      7.665   259.4510 3.7867e+02     3.5174     -0.463     -0.671    20.7876 0.0000e+00
     -0.430      0.135     5.9806     96.861     36.704  35.199816     0.2947      7.695   255.9510 3.8370e+02     3.5912     -0.419     -0.608    21.5636 0.0000e+00
     -0.392      0.168     5.9223     96.893     36.533  35.190289     0.7727      7.718   254.0920 3.8794e+02     4.4052     -0.383     -0.556    22.0591 0.0000e+00
     -0.355      0.196     5.8772     97.025     36.293  35.084908     1.6474      7.733   253.6641 3.8336e+02     5.9524     -0.350     -0.506    22.4610 0.0000e+00
     -0.309      0.211     5.8455     97.312     36.125  35.004802     2.1319      7.735   253.8751 3.3919e+02     6.8308     -0.311     -0.453    22.7191 0.0000e+00
     -0.242      0.215     5.8174     97.753     36.061  34.983459     2.1826      7.726   254.1484 2.5904e+02     6.9632     -0.245     -0.355    22.9502 0.0000e+00
     -0.162      0.205     5.7946     98.288     36.083  35.017306     2.2519      7.713   253.9569 2.0292e+02     7.2583     -0.152     -0.220    23.1715 0.0000e+00
     -0.097      0.182     5.7803     98.845     36.162  35.096725     2.3977      7.699   253.5391 1.8599e+02     7.7766     -0.084     -0.122    23.3543 0.0000e+00
     -0.055      0.147     5.7856     99.340     36.251  35.182099     2.4892      7.684   253.3125 1.6963e+02     8.0846     -0.050     -0.073    23.4642 0.0000e+00
     -0.029      0.104     5.8080     99.868     36.298  35.224470     2.4902      7.671   253.0245 1.4988e+02     8.1320     -0.024     -0.035    23.5160 0.0000e+00
     -0.015      0.064     5.8405    100.691     36.303  35.228217     2.4798      7.660   252.5520 1.5004e+02     7.9560     -0.010     -0.015    23.5184 0.0000e+00
     -0.010      0.035     5.8760    101.539     36.300  35.227404     2.4847      7.649   252.1595 1.5640e+02     7.6275     -0.007     -0.011    23.5208 0.0000e+00
     -0.011      0.020     5.9056    101.617     36.280  35.214637     2.4980      7.638   251.4618 1.5375e+02     7.4710     -0.010     -0.015    23.5232 0.0000e+00
     -0.012      0.017     5.9258    100.576     36.256  35.200801     2.5017      7.627   250.4828 1.4875e+02     7.4400     -0.013     -0.019    23.5148 0.0000e+00
     -0.010      0.023     5.9788     98.526     36.235  35.187067     2.4943      7.615   250.1317 1.4532e+02     7.4162     -0.010     -0.015    23.5108 0.0000e+00
     -0.006      0.033     6.0562     95.740     36.217  35.175525     2.4858      7.603   250.2276 1.4293e+02     7.4122     -0.006     -0.009    23.5147 0.0000e+00
      0.004      0.041     6.0639     92.766     36.222  35.188185     2.4777      7.593   250.0079 1.3649e+02     7.3921     -0.001     -0.001    23.5251 0.0000e+00
      0.022      0.043     5.9939     89.943     36.240  35.213211     2.4746      7.585   249.4541 1.2628e+02     7.3691      0.020      0.029    23.5421 0.0000e+00
      0.043      0.039     5.8713     87.280     36.247  35.224261     2.5088      7.577   248.7794 1.1554e+02     7.2651      0.046      0.067    23.5505 0.0000e+00
      0.057      0.031     5.6877     84.956     36.216  35.194860     2.5710      7.568   248.3890 1.0715e+02     7.0526      0.060      0.087    23.5536 0.0000e+00
      0.062      0.021     5.5014     83.187     36.134  35.111596     2.6019      7.560   248.3483 1.0644e+02     6.9304      0.064      0.093    23.5681 0.0000e+00
      0.059      0.011     5.3390     81.938     36.071  35.042598     2.6051      7.554   248.2007 1.1194e+02     6.9353      0.059      0.085    23.5809 0.0000e+00
      0.054      0.002     5.1735     81.028     36.095  35.058745     2.5746      7.547   247.8951 1.1480e+02     6.8491      0.050      0.073    23.5843 0.0000e+00
      0.053     -0.002     5.0293     80.314     36.155  35.116414     2.5106      7.540   247.4928 1.1327e+02     6.6425      0.051      0.073    23.5863 0.0000e+00
      0.056     -0.001     4.9262     79.724     36.205  35.168664     2.4817      7.533   247.0370 1.1247e+02     6.5350      0.055      0.080    23.5834 0.0000e+00
      0.057      0.002     4.8587     79.259     36.215  35.182759     2.4852      7.526   246.7717 1.1332e+02     6.4994      0.057      0.082    23.5684 0.0000e+00
      0.056      0.004     4.8085     78.904     36.189  35.159902     2.4756      7.518   246.6077 1.1317e+02     6.4408      0.055      0.079    23.5544 0.0000e+00
      0.056      0.006     4.7676     78.577     36.172  35.146170     2.4524      7.512   246.3445 1.1198e+02     6.5483      0.054      0.078    23.5554 0.0000e+00
      0.058      0.008     4.7317     78.239     36.167  35.143675     2.4294      7.507   245.9983 1.1131e+02     6.7831      0.057      0.081    23.5640 0.0000e+00
      0.061      0.013     4.7023     77.850     36.153  35.129725     2.4233      7.501   245.7778 1.1133e+02     6.8869      0.060      0.087    23.5693 0.0000e+00
      0.063      0.018     4.6854     77.465     36.129  35.104443     2.4302      7.496   245.7433 1.1151e+02     6.8862      0.062      0.090    23.5721 0.0000e+00
      0.067      0.022     4.6644     77.354     36.117  35.091863     2.4433      7.490   245.4953 1.1109e+02     6.9706      0.064      0.093    23.5757 0.0000e+00
      0.075      0.024     4.6455     77.705     36.130  35.104556     2.4688      7.485   245.0167 1.0954e+02     7.1214      0.074      0.107    23.5809 0.0000e+00
      0.085      0.024     4.6233     78.456     36.156  35.130973     2.4878      7.481   244.6882 1.0813e+02     7.1691      0.085      0.124    23.5812 0.0000e+00
      0.093      0.023     4.5923     79.433     36.181  35.157398     2.4906      7.477   244.6217 1.0799e+02     7.1536      0.092      0.134    23.5756 0.0000e+00
      0.098      0.021     4.5812     80.472     36.194  35.170195     2.4945      7.473   244.6422 1.0786e+02     7.2295      0.097      0.141    23.5736 0.0000e+00
      0.102      0.016     4.6045     81.457     36.181  35.158760     2.5000      7.468   244.3330 1.0649e+02     7.3658      0.100      0.146    23.5749 0.0000e+00
      0.106      0.010     4.6531     82.323     36.167  35.146077     2.4966      7.464   243.7229 1.0489e+02     7.4245      0.103      0.151    23.5781 0.0000e+00
      0.108      0.005     4.7141     83.030     36.164  35.143789     2.4877      7.460   243.3744 1.0399e+02     7.3828      0.106      0.154    23.5806 0.0000e+00
      0.108      0.001     4.7785     83.520     36.149  35.131095     2.4878      7.456   243.3889 1.0344e+02     7.2546      0.107      0.155    23.5812 0.0000e+00
      0.108     -0.001     4.8378     83.752     36.135  35.119535     2.4978      7.452   243.3818 1.0344e+02     7.0865      0.107      0.155    23.5818 0.0000e+00
      0.106     -0.003     4.8897     83.798     36.146  35.130958     2.5048      7.447   243.2884 1.0398e+02     6.9891      0.104      0.151    23.5827 0.0000e+00
      0.104     -0.003     4.9326     83.745     36.157  35.142272     2.5038      7.442   243.1202 1.0422e+02     6.9619      0.101      0.147    23.5846 0.0000e+00
      0.103     -0.002     4.9637     83.622     36.144  35.129399     2.4943      7.438   242.7244 1.0429e+02     6.9545      0.101      0.146    23.5867 0.0000e+00
      0.103      0.001     4.9747     83.456     36.119  35.102245     2.4844      7.435   242.2890 1.0413e+02     6.9323      0.100      0.145    23.5884 0.0000e+00
      0.104      0.003     4.9747     83.271     36.085  35.067818     2.4803      7.433   242.0724 1.0359e+02     6.9227      0.101      0.146    23.5904 0.0000e+00
      0.105      0.004     4.9719     83.061     36.047  35.030482     2.4786      7.429   242.0839 1.0321e+02     6.9363      0.103      0.150    23.5917 0.0000e+00
      0.107      0.004     4.9639     82.826     36.050  35.031626     2.4806      7.424   242.1702 1.0263e+02     6.9333      0.105      0.153    23.5901 0.0000e+00
      0.109      0.003     4.9536     82.561     36.104  35.081646     2.4786      7.419   242.2553 1.0145e+02     7.0830      0.107      0.155    23.5870 0.0000e+00
      0.109      0.001     4.9432     82.218     36.153  35.127516     2.4809      7.414   242.3387 1.0066e+02     7.4356      0.108      0.157    23.5854 0.0000e+00
      0.109      0.001     4.9310     81.802     36.170  35.141963     2.4906      7.410   242.2316 1.0108e+02     7.6576      0.108      0.157    23.5841 0.0000e+00
      0.108      0.000     4.9165     81.369     36.160  35.129389     2.4918      7.405   241.3907 1.0155e+02     7.6366      0.105      0.153    23.5814 0.0000e+00
      0.107      0.000     4.9034     80.927     36.136  35.102424     2.4693      7.400   237.5917 1.0131e+02     7.5099      0.104      0.151    23.5783 0.0000e+00
      0.108     -0.001     4.8831     80.455     36.107  35.069790     2.4354      7.397   234.3287 1.0104e+02     7.3709      0.106      0.153    23.5755 0.0000e+00
      0.109     -0.001     4.8566     80.002     36.093  35.052142     2.4291      7.395   233.7718 1.0109e+02     7.3315      0.107      0.156    23.5725 0.0000e+00
      0.109      0.002     4.8310     79.669     36.123  35.079445     2.4278      7.391   230.2554 1.0144e+02     7.3619      0.108      0.157    23.5689 0.0000e+00
      0.108      0.009     4.8065     79.539     36.128  35.082575     2.4116      7.384   226.5728 1.0208e+02     7.2789      0.107      0.154    23.5661 0.0000e+00
      0.106      0.019     4.7776     79.582     36.013  34.963043     2.4069      7.374   225.6395 1.0293e+02     7.0815      0.104      0.149    23.5591 0.0000e+00
      0.107      0.030     4.7492     79.633     35.830  34.776596     2.4143      7.364   224.9940 1.0339e+02     6.9755      0.101      0.146    23.5508 0.0000e+00
      0.117      0.037     4.7272     79.498     35.723  34.668787     2.4223      7.354   224.6184 1.0241e+02     6.9804      0.109      0.159    23.5493 0.0000e+00
      0.137      0.039     4.7195     79.073     35.738  34.674995     2.4427      7.347   224.3676 1.0129e+02     7.0748      0.134      0.194    23.5537 0.0000e+00
      0.158      0.037     4.7277     78.380     35.804  34.724710     2.4795      7.341   224.0278 1.0335e+02     7.2652      0.158      0.229    23.5389 0.0000e+00
      0.169      0.032     4.7370     77.538     35.851  34.762131     2.4948      7.336   223.6077 1.0897e+02     7.3816      0.170      0.246    23.5163 0.0000e+00
      0.170      0.023     4.7310     76.715     35.838  34.746641     2.4883      7.332   223.2453 1.1530e+02     7.4008      0.169      0.245    23.5243 0.0000e+00
      0.167      0.014     4.7056     76.043     35.756  34.664347     2.4965      7.328   223.0010 1.2017e+02     7.3992      0.164      0.237    23.5137 0.0000e+00
      0.167      0.008     4.6648     75.525     35.684  34.592185     2.5151      7.323   222.7199 1.2408e+02     7.3945      0.163      0.236    23.4819 0.0000e+00
      0.171      0.006     4.6115     75.073     35.664  34.572266     2.5320      7.318   222.4269 1.2769e+02     7.4095      0.168      0.244    23.4726 0.0000e+00
      0.175      0.008     4.5591     74.633     35.642  34.550438     2.5441      7.313   222.2119 1.3064e+02     7.4166      0.172      0.251    23.4743 0.0000e+00
      0.177      0.009     4.5197     74.182     35.613  34.518655     2.5409      7.308   222.0133 1.3282e+02     7.3823      0.174      0.252    23.4689 0.0000e+00
      0.178      0.008     4.4926     73.697     35.609  34.505309     2.5018      7.304   221.9186 1.3389e+02     7.1908      0.174      0.252    23.4608 0.0000e+00
      0.181      0.007     4.4662     73.152     35.632  34.515995     2.4438      7.300   221.9276 1.3405e+02     6.8704      0.178      0.257    23.4623 0.0000e+00
      0.184      0.007     4.4401     72.557     35.646  34.520903     2.4201      7.296   221.7771 1.3410e+02     6.7213      0.182      0.263    23.4653 0.0000e+00
      0.185      0.007     4.4142     71.949     35.633  34.501171     2.4234      7.293   221.5618 1.3393e+02     6.7641      0.183      0.265    23.4614 0.0000e+00
      0.185      0.007     4.3872     71.376     35.606  34.467815     2.4235      7.290   221.4751 1.3278e+02     6.7322      0.181      0.263    23.4458 0.0000e+00
      0.187      0.006     4.3563     70.871     35.581  34.434911     2.4214      7.288   221.3314 1.3118e+02     6.5977      0.183      0.265    23.4269 0.0000e+00
      0.190      0.005     4.3206     70.420     35.574  34.420648     2.4145      7.285   221.2012 1.3026e+02     6.5148      0.187      0.270    23.4150 0.0000e+00
      0.192      0.003     4.2844     69.988     35.583  34.422282     2.4096      7.280   221.1042 1.3005e+02     6.4829      0.189      0.273    23.4067 0.0000e+00
      0.193      0.000     4.2497     69.544     35.623  34.454663     2.4316      7.274   220.7616 1.3006e+02     6.4090      0.190      0.275    23.3961 0.0000e+00
      0.193     -0.003     4.2215     69.081     35.669  34.494830     2.4729      7.269   220.4149 1.3041e+02     6.3094      0.190      0.275    23.3837 0.0000e+00
      0.191     -0.005     4.1964     68.643     35.640  34.463665     2.4934      7.264   220.3533 1.3139e+02     6.2628      0.189      0.274    23.3728 0.0000e+00
      0.187     -0.005     4.1715     68.215     35.572  34.395171     2.4882      7.260   220.3609 1.3239e+02     6.2714      0.183      0.265    23.3633 0.0000e+00
      0.184     -0.005     4.1474     67.806     35.543  34.364792     2.4792      7.256   220.4208 1.3280e+02     6.4794      0.179      0.259    23.3543 0.0000e+00
      0.184     -0.004     4.1172     67.455     35.530  34.350207     2.4803      7.252   220.6473 1.3290e+02     6.8430      0.181      0.261    23.3472 0.0000e+00
      0.185     -0.002     4.0929     67.090     35.530  34.345761     2.4833      7.247   220.8627 1.3312e+02     6.9978      0.182      0.264    23.3446 0.0000e+00
      0.186     -0.001     4.0684     66.687     35.566  34.374492     2.4813      7.242   220.8743 1.3367e+02     6.9748      0.183      0.266    23.3411 0.0000e+00
      0.185     -0.001     4.0403     66.297     35.580  34.380249     2.4728      7.237   220.7018 1.3397e+02     6.9576      0.182      0.263    23.3362 0.0000e+00
      0.184     -0.001     4.0245     65.942     35.556  34.351901     2.4498      7.234   220.4976 1.3372e+02     6.9546      0.180      0.261    23.3345 0.0000e+00
      0.183     -0.001     4.0024     65.609     35.559  34.349064     2.4297      7.233   220.3838 1.3347e+02     6.9707      0.180      0.261    23.3301 0.0000e+00
      0.183     -0.001     3.9776     65.296     35.565  34.345934     2.4204      7.230   220.3584 1.3338e+02     6.9881      0.179      0.259    23.3186 0.0000e+00
      0.183     -0.000     3.9550     64.996     35.546  34.314044     2.4157      7.228   220.4491 1.3336e+02     7.0013      0.179      0.260    23.3077 0.0000e+00
      0.183 -4.132e-07     3.9345     64.683     35.527  34.280792     2.4336      7.227   220.6197 1.3348e+02     6.9663      0.180      0.260    23.3017 0.0000e+00
      0.183     -0.000     3.9155     64.364     35.521  34.261191     2.4716      7.226   220.7005 1.3368e+02     6.8595      0.180      0.260    23.2952 0.0000e+00
      0.184     -0.000     3.8969     64.040     35.541  34.267424     2.4945      7.225   220.6510 1.3379e+02     6.7595      0.180      0.261    23.2825 0.0000e+00
      0.184     -0.001     3.8824     63.702     35.576  34.292677     2.4929      7.224   220.6239 1.3388e+02     6.7068      0.181      0.262    23.2632 0.0000e+00
      0.184     -0.001     3.8640     63.343     35.602  34.312642     2.4953      7.223   220.8029 1.3391e+02     6.7471      0.181      0.262    23.2404 0.0000e+00
