Data/DataNotYetUploadedToEDI/Raw_CTD/RawDownloads/082819_fcr20.cnv
* Sea-Bird SBE19plus  Data File:
* FileName = C:\DATA\082819_fcr_0002.hex
* Software version 2.8.0.119 SB_Terminal.dll
* Temperature SN = 7809
* Conductivity SN = 7809
* System UpLoad Time = Aug 28 2019 11:49:36
* <ApplicationData>
* <Seaterm232>
# nquan = 15
# nvalues = 385                         
# units = specified
# name 0 = depFM: Depth [fresh water, m]
# name 1 = dz/dtM: Descent Rate [m/s]
# name 2 = sbeox0ML/L: Oxygen, SBE 43 [ml/l]
# name 3 = sbeox0PS: Oxygen, SBE 43 [% saturation]
# name 4 = specc: Specific Conductance [uS/cm]
# name 5 = c0uS/cm: Conductivity [uS/cm]
# name 6 = flECO-AFL: Fluorescence, WET Labs ECO-AFL/FL [mg/m^3]
# name 7 = ph: pH
# name 8 = orp: Oxidation Reduction Potential [mV]
# name 9 = par/sat/log: PAR/Logarithmic, Satlantic
# name 10 = turbWETntu0: Turbidity, WET Labs ECO [NTU]
# name 11 = prdM: Pressure, Strain Gauge [db]
# name 12 = prdE: Pressure, Strain Gauge [psi]
# name 13 = tv290C: Temperature [ITS-90, deg C]
# name 14 = flag:  0.000e+00
# span 0 =     -0.396,      3.030       
# span 1 =     -0.011,      0.141       
# span 2 =    -0.6031,     6.3238       
# span 3 =     -9.176,    105.748       
# span 4 =     35.965,     79.839       
# span 5 =  34.988939,  71.621354       
# span 6 =     1.7705,     9.5483       
# span 7 =      6.924,      8.478       
# span 8 =   178.2961,   261.4714       
# span 9 = 1.8407e+00, 4.6749e+02       
# span 10 =     6.0121,    13.4866      
# span 11 =     -0.396,      2.971      
# span 12 =     -0.574,      4.310      
# span 13 =    19.8427,    23.7927      
# span 14 = 0.0000e+00, 0.0000e+00      
# interval = seconds: 0.25
# start_time = Aug 28 2019 10:55:46 [Instrument's time stamp, header]
# bad_flag = -9.990e-29
*END*
[from data line 193]
      0.812      0.029     6.0289     96.170     36.419  35.341801     3.3511      7.589   231.4837 4.4181e+01     6.7341      0.797      1.155    23.5188 0.0000e+00
      0.820      0.026     5.9222     95.465     36.418  35.340571     3.3544      7.586   231.7634 4.3516e+01     6.7376      0.804      1.166    23.5164 0.0000e+00
      0.828      0.022     5.8347     94.905     36.418  35.340667     3.3476      7.585   231.9061 4.2945e+01     6.7206      0.812      1.178    23.5161 0.0000e+00
      0.834      0.019     5.7661     94.371     36.421  35.342954     3.3555      7.585   232.0898 4.2572e+01     6.7585      0.818      1.187    23.5161 0.0000e+00
      0.837      0.017     5.7108     93.861     36.448  35.368227     3.3805      7.584   232.2634 4.2379e+01     6.8016      0.821      1.191    23.5156 0.0000e+00
      0.839      0.015     5.6701     93.414     36.473  35.392365     3.3979      7.584   232.3712 4.2209e+01     6.8165      0.822      1.193    23.5154 0.0000e+00
      0.842      0.014     5.6415     93.037     36.461  35.380929     3.4108      7.583   232.5317 4.1948e+01     6.8080      0.824      1.196    23.5153 0.0000e+00
      0.845      0.015     5.6081     92.736     36.435  35.356897     3.4322      7.581   232.7425 4.1623e+01     6.8288      0.828      1.202    23.5144 0.0000e+00
      0.849      0.018     5.5772     92.511     36.434  35.355657     3.4573      7.579   232.9408 4.1266e+01     6.9045      0.832      1.208    23.5129 0.0000e+00
      0.854      0.023     5.5511     92.380     36.447  35.365941     3.4708      7.577   233.1223 4.0847e+01     6.9369      0.837      1.214    23.5124 0.0000e+00
      0.860      0.027     5.5278     92.316     36.437  35.354297     3.4745      7.576   233.3022 4.0277e+01     6.9587      0.842      1.221    23.5132 0.0000e+00
      0.867      0.029     5.5108     92.243     36.427  35.341802     3.4590      7.575   233.5673 3.9522e+01     7.0364      0.849      1.231    23.5143 0.0000e+00
      0.876      0.031     5.4959     92.093     36.427  35.341811     3.4220      7.574   233.8326 3.8719e+01     7.1227      0.859      1.246    23.5146 0.0000e+00
      0.886      0.031     5.4893     91.858     36.440  35.354399     3.4002      7.571   234.0144 3.7984e+01     7.1825      0.870      1.260    23.5122 0.0000e+00
      0.895      0.030     5.4877     91.609     36.452  35.367073     3.4033      7.569   234.2171 3.7374e+01     7.2022      0.879      1.273    23.5075 0.0000e+00
      0.902      0.028     5.4855     91.406     36.453  35.368112     3.4074      7.567   234.3903 3.6857e+01     7.1977      0.885      1.283    23.5043 0.0000e+00
      0.908      0.028     5.4770     91.275     36.453  35.366959     3.4059      7.564   234.5604 3.6431e+01     7.1937      0.892      1.293    23.5043 0.0000e+00
      0.913      0.029     5.4603     91.219     36.439  35.353130     3.4032      7.562   234.8105 3.6084e+01     7.1859      0.896      1.300    23.5057 0.0000e+00
      0.918      0.031     5.4446     91.200     36.415  35.327849     3.4097      7.559   235.0915 3.5623e+01     7.2024      0.899      1.304    23.5062 0.0000e+00
      0.926      0.034     5.4321     91.180     36.404  35.315156     3.4753      7.556   235.3760 3.4980e+01     7.2945      0.907      1.315    23.5055 0.0000e+00
      0.937      0.037     5.4240     91.171     36.417  35.326592     3.5889      7.553   235.5839 3.4298e+01     7.4149      0.918      1.332    23.5049 0.0000e+00
      0.948      0.039     5.4217     91.183     36.432  35.339173     3.6481      7.551   235.7123 3.3656e+01     7.4457      0.929      1.348    23.5043 0.0000e+00
      0.960      0.039     5.4223     91.187     36.434  35.340334     3.6454      7.548   235.8955 3.3046e+01     7.4037      0.942      1.366    23.5022 0.0000e+00
      0.971      0.038     5.4205     91.162     36.434  35.340638     3.6338      7.546   236.0784 3.2529e+01     7.3994      0.953      1.382    23.4994 0.0000e+00
      0.980      0.037     5.4197     91.103     36.437  35.342842     3.5608      7.544   236.2033 3.2081e+01     7.3613      0.961      1.394    23.4966 0.0000e+00
      0.988      0.036     5.4219     91.031     36.463  35.366982     3.4289      7.543   236.3729 3.1595e+01     7.2378      0.968      1.404    23.4946 0.0000e+00
      0.996      0.036     5.4223     90.984     36.475  35.378636     3.3574      7.542   236.5806 3.1056e+01     7.1515      0.976      1.415    23.4936 0.0000e+00
      1.004      0.037     5.4213     90.946     36.453  35.356815     3.3468      7.540   236.7355 3.0510e+01     7.1376      0.984      1.427    23.4928 0.0000e+00
      1.013      0.039     5.4176     90.843     36.453  35.357025     3.3182      7.537   236.8685 2.9974e+01     7.1675      0.994      1.441    23.4923 0.0000e+00
      1.023      0.041     5.4118     90.643     36.478  35.381171     3.2622      7.535   237.0705 2.9378e+01     7.2184      1.003      1.455    23.4918 0.0000e+00
      1.035      0.041     5.4094     90.392     36.493  35.394896     3.2255      7.534   237.2852 2.8753e+01     7.2280      1.015      1.473    23.4912 0.0000e+00
      1.047      0.041     5.4094     90.126     36.494  35.396031     3.2202      7.532   237.4856 2.8208e+01     7.1859      1.028      1.491    23.4908 0.0000e+00
      1.058      0.040     5.4043     89.871     36.494  35.394887     3.2499      7.531   237.6867 2.7749e+01     7.2327      1.038      1.506    23.4905 0.0000e+00
      1.068      0.038     5.3904     89.644     36.480  35.381059     3.3074      7.530   237.9104 2.7344e+01     7.3679      1.049      1.521    23.4900 0.0000e+00
      1.077      0.035     5.3755     89.462     36.454  35.355778     3.3352      7.528   238.2111 2.6971e+01     7.4115      1.056      1.532    23.4895 0.0000e+00
      1.085      0.033     5.3589     89.412     36.441  35.343084     3.3350      7.527   238.4823 2.6600e+01     7.3671      1.063      1.543    23.4890 0.0000e+00
      1.094      0.032     5.3432     89.565     36.453  35.354518     3.3219      7.525   238.6085 2.6247e+01     7.2898      1.073      1.557    23.4887 0.0000e+00
      1.102      0.032     5.3306     89.879     36.467  35.367087     3.2975      7.525   238.7052 2.5952e+01     7.1979      1.081      1.568    23.4883 0.0000e+00
      1.108      0.033     5.3168     90.259     36.468  35.368127     3.2913      7.524   238.9630 2.5638e+01     7.1405      1.087      1.576    23.4880 0.0000e+00
      1.116      0.035     5.3121     90.677     36.467  35.367088     3.2996      7.523   239.2295 2.5268e+01     7.1539      1.095      1.588    23.4876 0.0000e+00
      1.125      0.036     5.3221     91.122     36.454  35.354518     3.3030      7.520   239.3472 2.4948e+01     7.2614      1.104      1.601    23.4874 0.0000e+00
      1.135      0.039     5.3442     91.500     36.442  35.343083     3.2980      7.517   239.4402 2.4577e+01     7.3917      1.112      1.612    23.4871 0.0000e+00
      1.146      0.041     5.3665     91.702     36.456  35.355767     3.2903      7.515   239.5791 2.4115e+01     7.4507      1.124      1.630    23.4869 0.0000e+00
      1.158      0.043     5.3909     91.726     36.483  35.380946     3.2874      7.514   239.8223 2.3699e+01     7.4510      1.137      1.647    23.4869 0.0000e+00
      1.169      0.043     5.4199     91.677     36.498  35.393641     3.2896      7.512   240.1433 2.3263e+01     7.3948      1.146      1.662    23.4868 0.0000e+00
      1.180      0.041     5.4453     91.638     36.487  35.382319     3.3161      7.510   240.3631 2.2803e+01     7.2293      1.158      1.679    23.4865 0.0000e+00
      1.192      0.038     5.4579     91.586     36.476  35.370987     3.3656      7.508   240.5002 2.2393e+01     7.0238      1.169      1.695    23.4854 0.0000e+00
      1.202      0.034     5.4559     91.432     36.489  35.383567     3.4027      7.506   240.6823 2.2053e+01     6.9420      1.179      1.711    23.4841 0.0000e+00
      1.210      0.030     5.4515     91.174     36.514  35.407477     3.4259      7.505   240.8442 2.1814e+01     6.9611      1.188      1.723    23.4823 0.0000e+00
      1.216      0.028     5.4494     90.901     36.514  35.406210     3.4563      7.504   241.0810 2.1632e+01     6.8948      1.193      1.729    23.4804 0.0000e+00
      1.221      0.027     5.4501     90.695     36.475  35.368244     3.4933      7.502   241.3948 2.1441e+01     6.7626      1.198      1.737    23.4794 0.0000e+00
      1.226      0.029     5.4405     90.593     36.436  35.329247     3.5178      7.501   241.5411 2.1263e+01     6.7390      1.201      1.744    23.4788 0.0000e+00
      1.233      0.034     5.4226     90.567     36.423  35.315513     3.5260      7.500   241.6456 2.1100e+01     6.8055      1.208      1.752    23.4785 0.0000e+00
      1.242      0.039     5.4050     90.595     36.438  35.329123     3.4714      7.498   241.8839 2.0855e+01     6.9777      1.217      1.763    23.4783 0.0000e+00
      1.253      0.045     5.3915     90.749     36.477  35.366861     3.3607      7.493   242.0993 2.0537e+01     7.2468      1.228      1.781    23.4772 0.0000e+00
      1.266      0.051     5.3867     91.086     36.502  35.390988     3.2972      7.489   242.1847 2.0215e+01     7.4047      1.243      1.801    23.4758 0.0000e+00
      1.280      0.056     5.3865     91.505     36.477  35.366964     3.2846      7.485   242.3140 1.9866e+01     7.4457      1.254      1.819    23.4743 0.0000e+00
      1.295      0.059     5.3864     91.902     36.440  35.330266     3.2597      7.483   242.5440 1.9470e+01     7.4806      1.269      1.841    23.4730 0.0000e+00
      1.311      0.061     5.3925     92.249     36.438  35.328081     3.2048      7.481   242.8153 1.9041e+01     7.4986      1.287      1.866    23.4728 0.0000e+00
      1.328      0.062     5.4166     92.492     36.450  35.340548     3.1670      7.478   243.0985 1.8606e+01     7.4667      1.302      1.888    23.4729 0.0000e+00
      1.344      0.062     5.4441     92.600     36.465  35.354073     3.1667      7.474   243.3019 1.8185e+01     7.4226      1.318      1.912    23.4728 0.0000e+00
      1.359      0.060     5.4667     92.599     36.476  35.364666     3.1838      7.472   243.4671 1.7745e+01     7.4245      1.332      1.934    23.4726 0.0000e+00
      1.375      0.056     5.4895     92.497     36.453  35.341690     3.2095      7.471   243.6330 1.7280e+01     7.4232      1.348      1.955    23.4719 0.0000e+00
      1.391      0.053     5.5051     92.351     36.441  35.330143     3.2258      7.469   243.8452 1.6902e+01     7.3748      1.367      1.982    23.4716 0.0000e+00
      1.404      0.049     5.5098     92.271     36.463  35.351983     3.2329      7.469   244.1405 1.6626e+01     7.3313      1.379      2.000    23.4711 0.0000e+00
      1.414      0.046     5.5105     92.272     36.463  35.351888     3.2344      7.468   244.3638 1.6344e+01     7.1910      1.386      2.011    23.4704 0.0000e+00
      1.424      0.042     5.5038     92.322     36.440  35.328989     3.2181      7.466   244.4799 1.6059e+01     6.9244      1.396      2.025    23.4701 0.0000e+00
      1.435      0.038     5.4911     92.410     36.440  35.328990     3.1836      7.465   244.5978 1.5824e+01     6.7619      1.407      2.041    23.4700 0.0000e+00
      1.445      0.037     5.4867     92.503     36.465  35.351900     3.1643      7.464   244.7571 1.5624e+01     6.7347      1.418      2.056    23.4702 0.0000e+00
      1.455      0.038     5.4884     92.555     36.466  35.352110     3.1664      7.461   244.9432 1.5468e+01     6.7267      1.428      2.071    23.4701 0.0000e+00
      1.463      0.040     5.4906     92.546     36.446  35.331529     3.1669      7.459   245.1274 1.5349e+01     6.7628      1.436      2.082    23.4699 0.0000e+00
      1.469      0.043     5.4969     92.461     36.472  35.356934     3.1689      7.458   245.3496 1.5208e+01     6.8765      1.440      2.089    23.4695 0.0000e+00
      1.479      0.047     5.5041     92.321     36.524  35.405413     3.1740      7.456   245.5648 1.5004e+01     6.9540      1.449      2.102    23.4677 0.0000e+00
      1.494      0.052     5.5069     92.163     36.532  35.409927     3.1768      7.454   245.6648 1.4723e+01     6.9463      1.464      2.123    23.4659 0.0000e+00
      1.510      0.055     5.5074     91.955     36.537  35.411512     3.2020      7.452   245.7833 1.4420e+01     6.9475      1.481      2.148    23.4657 0.0000e+00
      1.527      0.055     5.5018     91.615     36.553  35.424564     3.2534      7.451   245.9649 1.4120e+01     6.9688      1.498      2.173    23.4664 0.0000e+00
      1.543      0.052     5.4918     91.060     36.572  35.440800     3.2864      7.450   246.0541 1.3811e+01     6.9737      1.514      2.196    23.4649 0.0000e+00
      1.557      0.047     5.4843     90.289     36.614  35.480875     3.2891      7.448   246.1744 1.3551e+01     6.9742      1.527      2.215    23.4595 0.0000e+00
      1.568      0.044     5.4742     89.445     36.664  35.528304     3.2166      7.447   246.3865 1.3349e+01     6.9746      1.538      2.231    23.4546 0.0000e+00
      1.575      0.043     5.4562     88.646     36.710  35.569965     3.0769      7.445   246.6393 1.3172e+01     6.9786      1.546      2.242    23.4503 0.0000e+00
      1.581      0.043     5.4249     87.888     36.750  35.603768     2.9962      7.443   246.9083 1.2979e+01     6.9896      1.549      2.247    23.4473 0.0000e+00
      1.592      0.044     5.3742     87.122     36.770  35.619659     2.9865      7.442   247.0573 1.2698e+01     6.9767      1.558      2.259    23.4475 0.0000e+00
      1.608      0.045     5.3207     86.249     36.788  35.635164     3.0111      7.440   247.2371 1.2382e+01     6.9538      1.577      2.287    23.4473 0.0000e+00
      1.623      0.046     5.2754     85.164     36.818  35.664303     3.0602      7.439   247.5336 1.2153e+01     6.9415      1.593      2.311    23.4421 0.0000e+00
      1.634      0.046     5.2314     83.954     36.809  35.654626     3.0866      7.438   247.8028 1.1981e+01     6.9268      1.602      2.325    23.4331 0.0000e+00
      1.644      0.045     5.1884     82.825     36.737  35.581628     3.0964      7.436   248.0825 1.1816e+01     6.9403      1.612      2.339    23.4276 0.0000e+00
      1.654      0.045     5.1403     81.822     36.702  35.543313     3.1170      7.434   248.4203 1.1689e+01     6.9735      1.622      2.354    23.4271 0.0000e+00
      1.664      0.046     5.0740     80.906     36.735  35.572174     3.1798      7.432   248.7035 1.1539e+01     6.9676      1.631      2.365    23.4282 0.0000e+00
      1.675      0.047     4.9946     80.251     36.780  35.613229     3.2843      7.430   248.8398 1.1319e+01     6.9346      1.642      2.381    23.4271 0.0000e+00
      1.689      0.049     4.9278     80.151     36.829  35.658887     3.3484      7.429   248.9503 1.1106e+01     6.9347      1.657      2.403    23.4230 0.0000e+00
      1.703      0.050     4.8721     80.653     36.854  35.679938     3.3564      7.428   249.0926 1.0924e+01     6.9697      1.670      2.423    23.4158 0.0000e+00
      1.716      0.050     4.8138     81.477     36.856  35.677342     3.3203      7.427   249.1831 1.0737e+01     6.9316      1.683      2.441    23.4093 0.0000e+00
      1.729      0.048     4.7662     82.315     36.874  35.690953     3.2593      7.426   249.2714 1.0546e+01     6.8011      1.695      2.458    23.4087 0.0000e+00
      1.742      0.045     4.7582     82.977     36.905  35.717568     3.2421      7.424   249.3857 1.0382e+01     6.7365      1.708      2.477    23.4087 0.0000e+00
      1.753      0.043     4.7979     83.412     36.938  35.745262     3.2515      7.423   249.5332 1.0247e+01     6.7401      1.720      2.495    23.4022 0.0000e+00
      1.763      0.042     4.8537     83.651     36.970  35.771908     3.1996      7.422   249.7630 1.0115e+01     6.6477      1.729      2.507    23.3942 0.0000e+00
