Data/DataNotYetUploadedToEDI/Raw_CTD/RawDownloads/082819_fcr30.cnv
* Sea-Bird SBE19plus  Data File:
* FileName = C:\DATA\082819_fcr_0003.hex
* Software version 2.8.0.119 SB_Terminal.dll
* Temperature SN = 7809
* Conductivity SN = 7809
* System UpLoad Time = Aug 28 2019 11:49:57
* <ApplicationData>
* <Seaterm232>
# nquan = 15
# nvalues = 614                         
# units = specified
# name 0 = depFM: Depth [fresh water, m]
# name 1 = dz/dtM: Descent Rate [m/s]
# name 2 = sbeox0ML/L: Oxygen, SBE 43 [ml/l]
# name 3 = sbeox0PS: Oxygen, SBE 43 [% saturation]
# name 4 = specc: Specific Conductance [uS/cm]
# name 5 = c0uS/cm: Conductivity [uS/cm]
# name 6 = flECO-AFL: Fluorescence, WET Labs ECO-AFL/FL [mg/m^3]
# name 7 = ph: pH
# name 8 = orp: Oxidation Reduction Potential [mV]
# name 9 = par/sat/log: PAR/Logarithmic, Satlantic
# name 10 = turbWETntu0: Turbidity, WET Labs ECO [NTU]
# name 11 = prdM: Pressure, Strain Gauge [db]
# name 12 = prdE: Pressure, Strain Gauge [psi]
# name 13 = tv290C: Temperature [ITS-90, deg C]
# name 14 = flag:  0.000e+00
# span 0 =     -0.173,      5.431       
# span 1 =     -0.010,      0.116       
# span 2 =     0.0548,     6.1762       
# span 3 =      0.738,    103.604       
# span 4 =     35.871,     87.197       
# span 5 =  34.812757,  70.130237       
# span 6 =     1.2061,    12.1195       
# span 7 =      6.623,      8.122       
# span 8 =   114.9881,   259.4870       
# span 9 = 1.2362e-01, 4.6753e+02       
# span 10 =     1.0631,     9.6235      
# span 11 =     -0.180,      5.327      
# span 12 =     -0.261,      7.725      
# span 13 =    12.2599,    23.6292      
# span 14 = 0.0000e+00, 0.0000e+00      
# interval = seconds: 0.25
# start_time = Aug 28 2019 11:02:07 [Instrument's time stamp, header]
# bad_flag = -9.990e-29
*END*
[from data line 482]
      3.928      0.059     0.0800      1.179     86.540  69.768789     3.1874      6.687   148.3093 6.1415e-01     2.2409      3.853      5.588    15.5902 0.0000e+00
      3.943      0.060     0.0817      1.160     87.124  70.130237     3.1809      6.683   147.0382 6.0683e-01     2.2262      3.868      5.610    15.4902 0.0000e+00
      3.957      0.060     0.0829      1.133     87.184  70.082197     3.1731      6.677   145.5376 5.9546e-01     2.2419      3.882      5.629    15.3978 0.0000e+00
      3.972      0.059     0.0824      1.115     87.089  69.950777     3.1109      6.672   143.9317 5.8136e-01     2.2016      3.896      5.650    15.3524 0.0000e+00
      3.988      0.057     0.0834      1.101     87.145  69.939937     3.0187      6.667   142.3333 5.6663e-01     2.0671      3.911      5.673    15.3185 0.0000e+00
      4.003      0.056     0.0818      1.091     87.197  69.887486     2.9775      6.662   140.8384 5.5409e-01     1.9912      3.926      5.694    15.2410 0.0000e+00
      4.018      0.053     0.0790      1.079     87.001  69.634373     2.9762      6.658   139.4523 5.3566e-01     2.0376      3.940      5.714    15.1731 0.0000e+00
      4.032      0.050     0.0786      1.066     86.648  69.295422     2.9780      6.654   138.0496 5.2479e-01     2.0706      3.955      5.736    15.1579 0.0000e+00
      4.045      0.046     0.0770      1.069     86.492  69.158803     2.9810      6.650   136.6986 5.3062e-01     2.0299      3.966      5.753    15.1387 0.0000e+00
      4.055      0.043     0.0768      1.066     86.591  69.254048     2.9777      6.648   135.4203 5.3627e-01     1.9720      3.977      5.768    15.0704 0.0000e+00
      4.065      0.039     0.0767      1.037     86.551  69.239098     2.9725      6.646   134.1234 5.3729e-01     1.9604      3.987      5.782    15.0043 0.0000e+00
      4.074      0.035     0.0742      1.010     86.304  69.041640     2.9613      6.646   132.8045 5.3456e-01     1.9874      3.994      5.793    14.9746 0.0000e+00
      4.083      0.033     0.0756      0.991     85.829  68.646744     2.9382      6.645   131.6057 5.2501e-01     2.0038      4.003      5.806    14.9686 0.0000e+00
      4.092      0.031     0.0765      0.982     85.024  67.961051     2.9277      6.644   130.4694 5.1491e-01     2.0276      4.014      5.821    14.9870 0.0000e+00
      4.099      0.031     0.0726      0.983     84.373  67.362591     2.9291      6.641   129.3049 5.1069e-01     2.0463      4.020      5.831    15.0009 0.0000e+00
      4.104      0.031     0.0712      0.987     83.876  66.877969     2.9118      6.640   128.1943 5.0357e-01     2.0326      4.025      5.838    14.9959 0.0000e+00
      4.111      0.032     0.0698      0.991     82.772  65.915606     2.8747      6.641   127.1075 4.9731e-01     2.0260      4.031      5.846    14.9924 0.0000e+00
      4.120      0.036     0.0687      0.990     81.297  64.625999     2.8537      6.641   126.0603 5.0195e-01     2.0325      4.041      5.860    14.9725 0.0000e+00
      4.130      0.041     0.0698      0.989     79.980  63.426169     2.8569      6.642   125.1687 5.0550e-01     2.0457      4.051      5.875    14.9178 0.0000e+00
      4.140      0.047     0.0696      0.999     78.559  62.150139     2.8614      6.644   124.3290 5.0083e-01     2.0538      4.059      5.887    14.8558 0.0000e+00
      4.151      0.052     0.0704      1.013     77.232  60.955355     2.8645      6.646   123.3930 4.9110e-01     2.0326      4.070      5.901    14.8243 0.0000e+00
      4.166      0.056     0.0705      1.021     76.578  60.292465     2.8687      6.646   122.4552 4.7329e-01     2.0176      4.085      5.925    14.7569 0.0000e+00
      4.183      0.058     0.0697      1.038     76.341  59.981703     2.8687      6.648   121.5940 4.4971e-01     2.0375      4.103      5.952    14.6388 0.0000e+00
      4.200      0.060     0.0711      1.063     75.990  59.612650     2.8393      6.651   120.8099 4.2833e-01     2.0440      4.119      5.973    14.5515 0.0000e+00
      4.215      0.060     0.0729      1.075     75.732  59.325262     2.7808      6.652   120.0296 4.2046e-01     2.0296      4.134      5.996    14.4624 0.0000e+00
      4.229      0.059     0.0726      1.073     75.890  59.366426     2.7426      6.653   119.3007 4.2103e-01     2.0272      4.148      6.016    14.3560 0.0000e+00
      4.243      0.057     0.0741      1.058     76.101  59.474796     2.7333      6.655   118.7084 4.1473e-01     2.0162      4.159      6.034    14.2720 0.0000e+00
      4.259      0.056     0.0768      1.035     75.739  59.173911     2.7298      6.658   118.0304 4.1339e-01     2.0268      4.176      6.057    14.2197 0.0000e+00
      4.274      0.056     0.0776      1.027     75.066  58.651524     2.6988      6.661   117.2117 4.1202e-01     1.9919      4.192      6.081    14.1665 0.0000e+00
      4.287      0.055     0.0775      1.035     74.716  58.369341     2.6452      6.663   116.5527 3.9176e-01     1.8564      4.203      6.096    14.1024 0.0000e+00
      4.300      0.054     0.0766      1.033     74.596  58.240266     2.6202      6.665   116.1713 3.7406e-01     1.7978      4.216      6.114    14.0630 0.0000e+00
      4.315      0.051     0.0740      1.023     74.415  58.043981     2.6208      6.667   115.9568 3.7268e-01     1.8073      4.232      6.139    14.0549 0.0000e+00
      4.328      0.048     0.0732      1.005     74.133  57.775187     2.5927      6.667   115.9382 3.7600e-01     1.8077      4.244      6.157    14.0673 0.0000e+00
      4.340      0.045     0.0752      0.973     73.852  57.531903     2.5310      6.668   116.0321 3.7446e-01     1.8356      4.257      6.174    14.0653 0.0000e+00
      4.351      0.042     0.0745      0.950     73.526  57.262818     2.4992      6.668   115.9733 3.6718e-01     1.8499      4.268      6.191    14.0394 0.0000e+00
      4.361      0.040     0.0736      0.939     72.981  56.809121     2.5029      6.668   115.7430 3.6168e-01     1.8486      4.278      6.205    13.9954 0.0000e+00
      4.370      0.039     0.0736      0.922     72.318  56.239788     2.4892      6.668   115.4842 3.6383e-01     1.7871      4.286      6.216    13.9545 0.0000e+00
      4.378      0.039     0.0695      0.902     71.572  55.589050     2.4467      6.669   115.3399 3.6927e-01     1.6636      4.294      6.227    13.9451 0.0000e+00
      4.388      0.040     0.0682      0.897     70.805  54.913295     2.4223      6.670   115.2893 3.6057e-01     1.6012      4.303      6.241    13.9422 0.0000e+00
      4.398      0.042     0.0683      0.912     70.441  54.549584     2.4287      6.673   115.2165 3.4228e-01     1.5901      4.313      6.255    13.9239 0.0000e+00
      4.409      0.045     0.0665      0.935     70.299  54.367982     2.4104      6.676   115.2337 3.3659e-01     1.5624      4.325      6.271    13.8844 0.0000e+00
      4.422      0.048     0.0652      0.961     69.884  53.988074     2.3486      6.676   115.3248 3.3671e-01     1.5280      4.336      6.288    13.8320 0.0000e+00
      4.435      0.050     0.0640      0.972     69.429  53.577269     2.2961      6.677   115.2850 3.2604e-01     1.5015      4.349      6.307    13.7763 0.0000e+00
      4.448      0.050     0.0664      0.974     69.284  53.403217     2.2879      6.678   115.1828 3.1426e-01     1.5053      4.361      6.325    13.7129 0.0000e+00
      4.462      0.049     0.0674      0.981     69.364  53.408232     2.2581      6.678   115.2083 3.1527e-01     1.4745      4.375      6.346    13.6614 0.0000e+00
      4.476      0.047     0.0705      0.976     69.488  53.447260     2.1788      6.678   115.2492 3.2219e-01     1.3586      4.391      6.368    13.6260 0.0000e+00
      4.488      0.044     0.0714      0.962     69.697  53.557398     2.1263      6.678   115.1615 3.2358e-01     1.2834      4.402      6.384    13.5817 0.0000e+00
      4.498      0.040     0.0699      0.952     70.107  53.850450     2.1186      6.679   115.0942 3.1559e-01     1.2860      4.411      6.397    13.5335 0.0000e+00
      4.507      0.037     0.0725      0.936     70.445  54.131710     2.1198      6.679   115.1229 3.0383e-01     1.2923      4.420      6.411    13.4954 0.0000e+00
      4.516      0.037     0.0713      0.916     70.508  54.226365     2.1061      6.679   115.0785 2.9539e-01     1.2946      4.430      6.425    13.4551 0.0000e+00
      4.524      0.039     0.0699      0.917     70.740  54.423215     2.0836      6.680   114.9881 2.9168e-01     1.3141      4.436      6.435    13.4116 0.0000e+00
      4.531      0.044     0.0699      0.925     71.280  54.796497     2.0814      6.680   115.0619 2.8803e-01     1.3316      4.442      6.443    13.3889 0.0000e+00
      4.541      0.049     0.0690      0.919     71.732  55.054820     2.0793      6.680   115.2834 2.8299e-01     1.3413      4.450      6.454    13.4088 0.0000e+00
      4.556      0.055     0.0658      0.913     72.117  55.259338     2.0229      6.680   115.5147 2.8155e-01     1.3004      4.467      6.478    13.4597 0.0000e+00
      4.575      0.061     0.0665      0.905     72.594  55.553796     1.9375      6.679   115.7086 2.7723e-01     1.1981      4.488      6.509    13.4827 0.0000e+00
      4.591      0.066     0.0685      0.895     72.952  55.755988     1.8975      6.678   115.9059 2.7073e-01     1.1530      4.503      6.531    13.4478 0.0000e+00
      4.606      0.068     0.0665      0.900     73.030  55.734378     1.8943      6.677   116.1791 2.6923e-01     1.1481      4.516      6.549    13.3711 0.0000e+00
      4.624      0.068     0.0670      0.901     72.883  55.546562     1.8893      6.675   116.5167 2.6682e-01     1.1056      4.534      6.576    13.2993 0.0000e+00
      4.644      0.067     0.0668      0.891     72.678  55.327519     1.8810      6.673   116.8044 2.6082e-01     1.0661      4.556      6.608    13.2627 0.0000e+00
      4.664      0.065     0.0646      0.898     72.463  55.118966     1.8800      6.672   116.9908 2.5020e-01     1.0631      4.575      6.635    13.2157 0.0000e+00
      4.680      0.062     0.0663      0.923     72.250  54.930914     1.8869      6.671   117.1359 2.3666e-01     1.1016      4.590      6.658    13.1517 0.0000e+00
      4.693      0.057     0.0671      0.937     72.227  54.896212     1.8945      6.671   117.2688 2.3297e-01     1.1386      4.602      6.677    13.1000 0.0000e+00
      4.706      0.052     0.0645      0.926     72.410  55.017037     1.8940      6.670   117.3069 2.3738e-01     1.1184      4.614      6.693    13.0566 0.0000e+00
      4.719      0.048     0.0658      0.916     72.645  55.184662     1.8801      6.668   117.3382 2.2796e-01     1.0865      4.628      6.712    13.0233 0.0000e+00
      4.731      0.045     0.0681      0.919     72.749  55.271081     1.8661      6.668   117.4752 2.0982e-01     1.0795      4.642      6.731    13.0087 0.0000e+00
      4.742      0.043     0.0703      0.913     72.340  54.981862     1.8543      6.667   117.5859 2.0675e-01     1.0996      4.652      6.746    13.0018 0.0000e+00
      4.751      0.043     0.0681      0.909     71.415  54.292574     1.8414      6.667   117.6448 2.1132e-01     1.1336      4.659      6.758    12.9849 0.0000e+00
      4.761      0.043     0.0666      0.895     70.704  53.734803     1.8322      6.667   117.6704 2.1680e-01     1.1292      4.668      6.771    12.9731 0.0000e+00
      4.771      0.043     0.0690      0.865     70.633  53.637934     1.8204      6.668   117.6376 2.2430e-01     1.1124      4.679      6.786    12.9800 0.0000e+00
      4.783      0.043     0.0666      0.851     70.759  53.693066     1.7938      6.669   117.6786 2.2336e-01     1.0947      4.690      6.802    13.0001 0.0000e+00
      4.796      0.045     0.0672      0.836     70.639  53.575481     1.7627      6.667   117.8219 2.1870e-01     1.0782      4.704      6.823    13.0196 0.0000e+00
      4.808      0.048     0.0672      0.806     70.298  53.296175     1.7560      6.665   117.8221 2.1805e-01     1.1102      4.716      6.839    13.0052 0.0000e+00
      4.817      0.053     0.0624      0.798     69.587  52.730015     1.7650      6.665   117.6810 2.1687e-01     1.1210      4.723      6.850    12.9639 0.0000e+00
      4.828      0.058     0.0629      0.801     68.680  52.002671     1.7580      6.665   117.6649 2.1275e-01     1.0779      4.733      6.864    12.9345 0.0000e+00
      4.844      0.062     0.0630      0.781     68.232  51.616614     1.7152      6.666   117.7984 2.1165e-01     1.1791      4.749      6.887    12.9165 0.0000e+00
      4.864      0.065     0.0583      0.783     67.957  51.365414     1.6641      6.667   117.9180 2.0471e-01     1.4267      4.770      6.918    12.9065 0.0000e+00
      4.884      0.065     0.0582      0.816     67.434  50.934516     1.6517      6.667   117.9066 1.8689e-01     1.5808      4.791      6.948    12.8889 0.0000e+00
      4.903      0.060     0.0612      0.824     66.944  50.535456     1.6597      6.668   117.7473 1.8045e-01     1.6335      4.808      6.973    12.8569 0.0000e+00
      4.919      0.052     0.0568      0.828     66.647  50.288028     1.6749      6.669   117.5405 1.8120e-01     1.8005      4.825      6.997    12.8207 0.0000e+00
      4.932      0.046     0.0559      0.848     66.418  50.102481     1.6974      6.670   117.4719 1.7844e-01     2.0932      4.839      7.019    12.7860 0.0000e+00
      4.939      0.042     0.0628      0.858     66.047  49.816417     1.7060      6.670   117.5195 1.7982e-01     2.2562      4.846      7.028    12.7624 0.0000e+00
      4.942      0.041     0.0610      0.872     65.719  49.560463     1.7007      6.669   117.5992 1.7761e-01     2.2962      4.844      7.026    12.7396 0.0000e+00
      4.950      0.042     0.0602      0.884     65.562  49.421368     1.6849      6.670   117.6610 1.7272e-01     2.3803      4.851      7.036    12.7210 0.0000e+00
      4.964      0.045     0.0642      0.861     65.330  49.214362     1.6634      6.671   117.4934 1.6927e-01     2.5192      4.868      7.060    12.7123 0.0000e+00
      4.979      0.050     0.0631      0.836     65.122  49.026483     1.6489      6.671   117.2930 1.5447e-01     2.6318      4.883      7.083    12.7101 0.0000e+00
      4.994      0.054     0.0642      0.843     64.931  48.864592     1.6387      6.671   117.3033 1.3468e-01     2.6600      4.897      7.103    12.7077 0.0000e+00
      5.008      0.056     0.0674      0.841     64.657  48.654214     1.6362      6.673   117.2739 1.3472e-01     2.7285      4.912      7.124    12.6913 0.0000e+00
      5.022      0.056     0.0643      0.825     64.557  48.578754     1.6440      6.673   117.2814 1.4617e-01     2.8715      4.925      7.142    12.6629 0.0000e+00
      5.036      0.055     0.0600      0.812     64.490  48.523834     1.6461      6.674   117.4806 1.4978e-01     2.9136      4.938      7.162    12.6346 0.0000e+00
      5.051      0.054     0.0637      0.795     64.045  48.180704     1.6361      6.677   117.6171 1.6106e-01     2.8775      4.954      7.185    12.6205 0.0000e+00
      5.065      0.052     0.0632      0.805     63.384  47.669054     1.5839      6.684   117.6413 1.7016e-01     2.9268      4.968      7.205    12.6224 0.0000e+00
      5.078      0.052     0.0602      0.838     62.990  47.354824     1.5001      6.691   117.6868 1.6049e-01     3.0507      4.980      7.222    12.6231 0.0000e+00
      5.090      0.053     0.0617      0.844     62.515  46.985254     1.4638      6.697   117.6513 1.5074e-01     3.0974      4.992      7.240    12.6189 0.0000e+00
      5.102      0.055     0.0575      0.814     61.545  46.248911     1.4663      6.701   117.4697 1.5157e-01     3.0655      5.003      7.256    12.6132 0.0000e+00
      5.114      0.058     0.0589      0.786     60.657  45.564422     1.4608      6.702   117.2986 1.6392e-01     3.0579      5.014      7.273    12.6025 0.0000e+00
      5.129      0.060     0.0635      0.788     60.108  45.123122     1.4401      6.702   117.2166 1.7248e-01     3.1697      5.028      7.292    12.5836 0.0000e+00
