Data/DataNotYetUploadedToEDI/Raw_CTD/RawDownloads/082819_fcr50.cnv
* Sea-Bird SBE19plus  Data File:
* FileName = C:\DATA\082819_fcr_0005.hex
* Software version 2.8.0.119 SB_Terminal.dll
* Temperature SN = 7809
* Conductivity SN = 7809
* System UpLoad Time = Aug 28 2019 11:50:47
* <ApplicationData>
* <Seaterm232>
# nquan = 15
# nvalues = 991                         
# units = specified
# name 0 = depFM: Depth [fresh water, m]
# name 1 = dz/dtM: Descent Rate [m/s]
# name 2 = sbeox0ML/L: Oxygen, SBE 43 [ml/l]
# name 3 = sbeox0PS: Oxygen, SBE 43 [% saturation]
# name 4 = specc: Specific Conductance [uS/cm]
# name 5 = c0uS/cm: Conductivity [uS/cm]
# name 6 = flECO-AFL: Fluorescence, WET Labs ECO-AFL/FL [mg/m^3]
# name 7 = ph: pH
# name 8 = orp: Oxidation Reduction Potential [mV]
# name 9 = par/sat/log: PAR/Logarithmic, Satlantic
# name 10 = turbWETntu0: Turbidity, WET Labs ECO [NTU]
# name 11 = prdM: Pressure, Strain Gauge [db]
# name 12 = prdE: Pressure, Strain Gauge [psi]
# name 13 = tv290C: Temperature [ITS-90, deg C]
# name 14 = flag:  0.000e+00
# span 0 =     -0.500,      9.491       
# span 1 =     -0.010,      0.215       
# span 2 =    -0.3493,     6.1744       
# span 3 =     -5.370,    102.228       
# span 4 =     35.436,    209.044       
# span 5 =  34.003267, 153.267460       
# span 6 =     0.0296,    16.8122       
# span 7 =      6.225,      7.735       
# span 8 =    61.0653,   264.2511       
# span 9 = 1.2354e-01, 3.8794e+02       
# span 10 =     0.2879,    11.0731      
# span 11 =     -0.500,      9.308      
# span 12 =     -0.725,     13.501      
# span 13 =    11.5696,    23.6931      
# span 14 = 0.0000e+00, 0.0000e+00      
# interval = seconds: 0.25
# start_time = Aug 28 2019 11:14:25 [Instrument's time stamp, header]
# bad_flag = -9.990e-29
*END*
[from data line 579]
      4.200      0.048     0.0875      1.161     71.892  56.519103     2.6142      6.610   244.2463 1.6309e-01     2.0312      4.117      5.972    14.4500 0.0000e+00
      4.215      0.053     0.0873      1.135     71.457  56.110857     2.6247      6.608   242.8955 1.5623e-01     2.0570      4.134      5.996    14.4297 0.0000e+00
      4.230      0.058     0.0846      1.117     71.038  55.720464     2.6070      6.605   241.7710 1.5525e-01     1.9843      4.149      6.017    14.4028 0.0000e+00
      4.245      0.062     0.0852      1.096     70.585  55.293272     2.5646      6.603   240.5437 1.5687e-01     1.8400      4.164      6.039    14.3592 0.0000e+00
      4.261      0.062     0.0834      1.074     70.083  54.821166     2.5456      6.602   239.1562 1.4775e-01     1.7875      4.178      6.059    14.3019 0.0000e+00
      4.280      0.061     0.0808      1.074     69.545  54.332393     2.5600      6.604   237.8138 1.4170e-01     1.8075      4.196      6.086    14.2556 0.0000e+00
      4.297      0.059     0.0804      1.087     68.585  53.512990     2.5994      6.609   236.7878 1.4359e-01     1.8204      4.216      6.116    14.2200 0.0000e+00
      4.312      0.056     0.0792      1.086     67.445  52.537118     2.6494      6.609   235.9575 1.4914e-01     1.8121      4.229      6.135    14.1679 0.0000e+00
      4.324      0.053     0.0762      1.077     66.771  51.935005     2.6696      6.602   234.9160 1.5300e-01     1.7726      4.240      6.150    14.1027 0.0000e+00
      4.335      0.048     0.0767      1.055     66.605  51.759436     2.6703      6.599   233.6594 1.4837e-01     1.7696      4.252      6.166    14.0576 0.0000e+00
      4.348      0.044     0.0796      1.035     66.787  51.875300     2.6930      6.604   232.5519 1.4187e-01     1.8077      4.263      6.185    14.0188 0.0000e+00
      4.361      0.041     0.0780      1.051     66.955  52.001905     2.7270      6.612   231.6782 1.3763e-01     1.8397      4.277      6.204    13.9415 0.0000e+00
      4.371      0.040     0.0786      1.066     66.389  51.575088     2.7343      6.612   230.8387 1.3413e-01     1.8620      4.288      6.218    13.8734 0.0000e+00
      4.378      0.041     0.0767      1.048     65.215  50.652963     2.7301      6.602   229.9726 1.3188e-01     1.8487      4.293      6.227    13.8511 0.0000e+00
      4.386      0.043     0.0728      1.020     64.530  50.062973     2.7366      6.594   229.0356 1.3334e-01     1.7771      4.299      6.237    13.8268 0.0000e+00
      4.396      0.046     0.0764      1.003     64.503  49.967664     2.7520      6.592   228.1132 1.3264e-01     1.7497      4.309      6.251    13.8220 0.0000e+00
      4.409      0.051     0.0785      0.997     64.376  49.818093     2.7771      6.594   227.3391 1.2899e-01     1.8126      4.323      6.270    13.8471 0.0000e+00
      4.425      0.057     0.0759      0.991     63.631  49.207204     2.7894      6.596   226.6454 1.2777e-01     1.8496      4.339      6.293    13.8494 0.0000e+00
      4.441      0.062     0.0735      0.979     62.028  47.916628     2.7872      6.598   226.0914 1.2749e-01     1.8370      4.355      6.316    13.7927 0.0000e+00
      4.456      0.067     0.0724      0.982     59.784  46.090348     2.7769      6.601   225.6312 1.2734e-01     1.8226      4.370      6.338    13.7190 0.0000e+00
      4.472      0.071     0.0723      1.004     57.763  44.399532     2.7519      6.605   225.1255 1.2559e-01     1.8066      4.385      6.360    13.6827 0.0000e+00
      4.491      0.072     0.0726      1.020     56.666  43.412089     2.7364      6.608   224.6225 1.2378e-01     1.8085      4.403      6.387    13.6686 0.0000e+00
      4.511      0.071     0.0706      1.026     56.424  43.104417     2.7275      6.610   224.1965 1.2361e-01     1.8129      4.423      6.416    13.6347 0.0000e+00
      4.533      0.069     0.0708      1.035     56.442  43.028718     2.6711      6.612   223.7600 1.2371e-01     1.7929      4.445      6.447    13.5564 0.0000e+00
      4.553      0.067     0.0737      1.048     55.995  42.623718     2.5836      6.615   223.3029 1.2388e-01     1.7634      4.468      6.480    13.4310 0.0000e+00
      4.568      0.067     0.0753      1.062     55.019  41.826623     2.5448      6.619   223.0572 1.2549e-01     1.7523      4.482      6.500    13.2916 0.0000e+00
      4.579      0.067     0.0749      1.080     54.099  41.073601     2.5405      6.626   222.7682 1.2704e-01     1.7892      4.489      6.511    13.1826 0.0000e+00
      4.593      0.067     0.0759      1.091     53.334  40.439385     2.4530      6.635   222.2185 1.2555e-01     1.8824      4.502      6.529    13.1074 0.0000e+00
      4.612      0.067     0.0775      1.099     52.484  39.745215     2.2846      6.643   221.8311 1.2383e-01     1.9944      4.522      6.558    13.0539 0.0000e+00
      4.634      0.067     0.0775      1.093     51.764  39.155906     2.1863      6.648   221.9565 1.2361e-01     2.0292      4.544      6.591    13.0076 0.0000e+00
      4.655      0.066     0.0805      1.074     51.309  38.773679     2.1755      6.653   222.5290 1.2358e-01     2.0072      4.567      6.624    12.9584 0.0000e+00
      4.672      0.064     0.0801      1.065     51.057  38.551736     2.2057      6.656   222.9890 1.2357e-01     2.0235      4.583      6.647    12.9074 0.0000e+00
      4.685      0.059     0.0818      1.058     50.856  38.376823     2.2658      6.656   223.0447 1.2359e-01     2.0300      4.594      6.664    12.8589 0.0000e+00
      4.696      0.055     0.0817      1.047     50.453  38.055361     2.3033      6.656   223.0294 1.2368e-01     2.0210      4.606      6.680    12.8161 0.0000e+00
      4.709      0.053     0.0786      1.038     50.107  37.775432     2.3028      6.657   223.1487 1.2372e-01     2.0780      4.618      6.698    12.7801 0.0000e+00
      4.723      0.053     0.0793      1.049     50.062  37.721818     2.2003      6.658   223.4557 1.2365e-01     2.2277      4.632      6.718    12.7474 0.0000e+00
      4.737      0.054     0.0785      1.088     50.085  37.724492     2.0083      6.659   223.8149 1.2365e-01     2.3886      4.646      6.737    12.7242 0.0000e+00
      4.751      0.056     0.0779      1.173     50.043  37.680786     1.9060      6.660   223.8784 1.2371e-01     2.4504      4.660      6.757    12.7128 0.0000e+00
      4.765      0.058     0.0763      1.320     49.918  37.574226     1.8996      6.661   223.8787 1.2374e-01     2.4835      4.672      6.776    12.6928 0.0000e+00
      4.779      0.062     0.0774      1.524     49.685  37.388234     1.8872      6.663   224.1635 1.2372e-01     2.5587      4.686      6.797    12.6692 0.0000e+00
      4.795      0.067     0.0797      1.808     49.467  37.209325     1.7570      6.663   224.4821 1.2370e-01     2.9342      4.703      6.822    12.6561 0.0000e+00
      4.810      0.071     0.0851      2.200     49.396  37.124924     1.5213      6.641   224.8061 1.2373e-01     3.6159      4.717      6.842    12.6475 0.0000e+00
      4.829      0.075     0.0972      2.688     49.456  37.129429     1.3957      6.606   225.2412 1.2373e-01     3.9848      4.733      6.866    12.6319 0.0000e+00
      4.852      0.078     0.1114      3.264     49.513  37.136797     1.3922      6.603   225.6982 1.2369e-01     4.0188      4.759      6.902    12.6218 0.0000e+00
      4.875      0.080     0.1311      3.946     49.484  37.087012     1.3828      6.631   226.1163 1.2369e-01     4.3874      4.783      6.937    12.6152 0.0000e+00
      4.895      0.080     0.1617      4.763     49.458  37.035267     1.3519      6.655   226.5111 1.2370e-01     5.1305      4.801      6.963    12.5812 0.0000e+00
      4.914      0.079     0.1979      5.710     49.485  37.018921     1.3304      6.670   226.6851 1.2371e-01     5.5641      4.818      6.988    12.5317 0.0000e+00
      4.935      0.075     0.2409      6.724     49.516  37.016294     1.3221      6.678   226.4996 1.2374e-01     5.6318      4.838      7.018    12.4954 0.0000e+00
      4.955      0.069     0.2908      7.784     49.516  37.003466     1.2766      6.682   226.4198 1.2371e-01     5.9823      4.860      7.050    12.4736 0.0000e+00
      4.973      0.062     0.3512      8.900     49.515  36.990760     1.1968      6.683   226.6668 1.2361e-01     6.6231      4.878      7.075    12.4417 0.0000e+00
      4.989      0.053     0.4257     10.057     49.537  36.989605     1.1551      6.682   226.9908 1.2358e-01     6.9565      4.894      7.098    12.3966 0.0000e+00
      5.003      0.044     0.5018     11.194     49.565  36.989487     1.1452      6.682   227.1531 1.2364e-01     6.9651      4.909      7.120    12.3690 0.0000e+00
      5.011      0.038     0.5804     12.221     49.595  36.989309     1.1213      6.682   227.3385 1.2371e-01     7.0878      4.916      7.130    12.3630 0.0000e+00
      5.015      0.033     0.6643     13.064     49.618  36.987422     1.0914      6.682   227.6841 1.2374e-01     7.3909      4.916      7.131    12.3522 0.0000e+00
      5.021      0.032     0.7529     13.681     49.610  36.966655     1.0781      6.681   227.9764 1.2369e-01     7.5829      4.923      7.140    12.3331 0.0000e+00
      5.029      0.034     0.8411     14.076     49.576  36.928624     1.0726      6.681   228.2916 1.2367e-01     7.6394      4.932      7.153    12.3110 0.0000e+00
      5.039      0.039     0.9204     14.291     49.564  36.908438     1.0434      6.681   228.6565 1.2369e-01     7.7457      4.940      7.165    12.2871 0.0000e+00
      5.049      0.044     0.9852     14.359     49.584  36.913002     0.9934      6.680   228.9461 1.2365e-01     7.8522      4.951      7.180    12.2678 0.0000e+00
      5.062      0.048     1.0316     14.295     49.604  36.920318     0.9615      6.679   229.2119 1.2365e-01     7.8782      4.964      7.200    12.2536 0.0000e+00
      5.076      0.051     1.0601     14.159     49.622  36.933413     0.9534      6.679   229.5476 1.2370e-01     7.8638      4.977      7.220    12.2419 0.0000e+00
      5.088      0.055     1.0755     14.024     49.627  36.944373     0.9560      6.675   229.8214 1.2371e-01     7.8427      4.989      7.237    12.2304 0.0000e+00
      5.101      0.058     1.0811     13.928     49.594  36.925894     0.9752      6.664   229.9406 1.2371e-01     7.9834      5.003      7.256    12.2195 0.0000e+00
      5.116      0.060     1.0749     13.888     49.558  36.900423     1.0035      6.651   230.1289 1.2372e-01     8.3192      5.018      7.276    12.2094 0.0000e+00
      5.133      0.061     1.0617     13.907     49.548  36.890307     1.0215      6.652   230.4639 1.2370e-01     8.5278      5.033      7.299    12.2088 0.0000e+00
      5.151      0.061     1.0514     13.952     49.524  36.867059     1.0275      6.662   230.8074 1.2370e-01     8.5393      5.051      7.326    12.2201 0.0000e+00
      5.167      0.060     1.0431     13.999     49.459  36.809748     1.0334      6.669   231.0116 1.2374e-01     8.5238      5.068      7.350    12.2276 0.0000e+00
      5.182      0.057     1.0399     14.054     49.420  36.768625     1.0407      6.672   231.1270 1.2377e-01     8.5363      5.082      7.371    12.2277 0.0000e+00
      5.197      0.055     1.0429     14.142     49.416  36.750690     1.0377      6.672   231.3418 1.2377e-01     8.5595      5.097      7.393    12.2248 0.0000e+00
      5.210      0.054     1.0467     14.272     49.397  36.719832     1.0312      6.672   231.7158 1.2373e-01     8.5754      5.109      7.411    12.2192 0.0000e+00
      5.221      0.054     1.0508     14.442     49.414  36.712880     1.0138      6.672   232.2078 1.2368e-01     8.5647      5.120      7.426    12.2108 0.0000e+00
      5.233      0.055     1.0535     14.652     49.464  36.730081     0.9753      6.670   232.5584 1.2364e-01     8.5279      5.132      7.442    12.1988 0.0000e+00
      5.247      0.057     1.0609     14.918     49.497  36.737366     0.9556      6.668   232.6851 1.2364e-01     8.5236      5.145      7.463    12.1827 0.0000e+00
      5.263      0.058     1.0711     15.238     49.517  36.737473     0.9579      6.667   232.7939 1.2368e-01     8.5459      5.160      7.484    12.1663 0.0000e+00
      5.280      0.059     1.0843     15.550     49.527  36.731355     0.9168      6.667   233.0131 1.2371e-01     8.5359      5.178      7.510    12.1464 0.0000e+00
      5.297      0.060     1.1005     15.820     49.535  36.726850     0.8307      6.666   233.4421 1.2373e-01     8.5328      5.196      7.537    12.1229 0.0000e+00
      5.311      0.062     1.1196     16.001     49.571  36.746472     0.7752      6.663   233.9373 1.2378e-01     8.5410      5.209      7.556    12.1070 0.0000e+00
      5.324      0.066     1.1474     16.035     49.625  36.778162     0.7664      6.639   234.1826 1.2378e-01     8.5371      5.220      7.572    12.0935 0.0000e+00
      5.338      0.072     1.1713     15.927     49.658  36.792637     0.7500      6.582   234.1716 1.2371e-01     8.6501      5.234      7.592    12.0786 0.0000e+00
      5.356      0.077     1.1927     15.731     49.676  36.794512     0.7070      6.541   234.1478 1.2366e-01     8.8586      5.251      7.616    12.0681 0.0000e+00
      5.378      0.079     1.2096     15.500     49.699  36.800823     0.6800      6.559   234.4111 1.2368e-01     8.9602      5.273      7.647    12.0621 0.0000e+00
      5.405      0.078     1.2113     15.259     49.716  36.805451     0.6758      6.598   234.8605 1.2375e-01     8.9616      5.301      7.688    12.0542 0.0000e+00
      5.431      0.074     1.2021     14.995     49.697  36.786988     0.6729      6.623   235.1929 1.2379e-01     8.9410      5.329      7.731    12.0426 0.0000e+00
      5.451      0.068     1.1861     14.719     49.676  36.768012     0.6797      6.640   235.4187 1.2371e-01     8.8748      5.349      7.759    12.0310 0.0000e+00
      5.461      0.061     1.1680     14.479     49.679  36.766433     0.6971      6.651   235.5259 1.2364e-01     8.7834      5.355      7.767    12.0201 0.0000e+00
      5.469      0.055     1.1508     14.276     49.686  36.767888     0.7091      6.658   235.5432 1.2364e-01     8.7531      5.361      7.775    12.0113 0.0000e+00
      5.483      0.051     1.1315     14.077     49.711  36.785605     0.7128      6.661   235.5414 1.2366e-01     8.7716      5.376      7.797    12.0076 0.0000e+00
      5.498      0.052     1.1079     13.884     49.717  36.790220     0.6898      6.661   235.5894 1.2370e-01     8.7773      5.393      7.821    12.0052 0.0000e+00
      5.512      0.055     1.0905     13.730     49.681  36.760219     0.6393      6.661   235.7798 1.2368e-01     8.7567      5.406      7.840    12.0004 0.0000e+00
      5.525      0.058     1.0769     13.630     49.662  36.740244     0.6141      6.660   236.1223 1.2368e-01     8.7186      5.418      7.858    11.9961 0.0000e+00
      5.539      0.058     1.0615     13.558     49.668  36.739111     0.6189      6.658   236.4621 1.2374e-01     8.7097      5.432      7.877    11.9962 0.0000e+00
      5.555      0.057     1.0460     13.503     49.683  36.746510     0.6450      6.656   236.3604 1.2375e-01     8.6827      5.448      7.901    11.9985 0.0000e+00
      5.571      0.057     1.0330     13.474     49.713  36.766220     0.6960      6.652   236.0109 1.2373e-01     8.6211      5.465      7.927    11.9949 0.0000e+00
      5.586      0.057     1.0277     13.462     49.744  36.787006     0.7245      6.648   236.0216 1.2369e-01     8.5868      5.478      7.946    11.9865 0.0000e+00
      5.599      0.058     1.0226     13.433     49.775  36.807399     0.7202      6.647   236.3175 1.2365e-01     8.5635      5.490      7.963    11.9801 0.0000e+00
      5.612      0.061     1.0175     13.370     49.800  36.822363     0.7130      6.648   236.5778 1.2364e-01     8.6013      5.504      7.984    11.9774 0.0000e+00
