Data/DataNotYetUploadedToEDI/Raw_CTD/RawDownloads/082819_fcr50.cnv
* Sea-Bird SBE19plus  Data File:
* FileName = C:\DATA\082819_fcr_0005.hex
* Software version 2.8.0.119 SB_Terminal.dll
* Temperature SN = 7809
* Conductivity SN = 7809
* System UpLoad Time = Aug 28 2019 11:50:47
* <ApplicationData>
* <Seaterm232>
# nquan = 15
# nvalues = 991                         
# units = specified
# name 0 = depFM: Depth [fresh water, m]
# name 1 = dz/dtM: Descent Rate [m/s]
# name 2 = sbeox0ML/L: Oxygen, SBE 43 [ml/l]
# name 3 = sbeox0PS: Oxygen, SBE 43 [% saturation]
# name 4 = specc: Specific Conductance [uS/cm]
# name 5 = c0uS/cm: Conductivity [uS/cm]
# name 6 = flECO-AFL: Fluorescence, WET Labs ECO-AFL/FL [mg/m^3]
# name 7 = ph: pH
# name 8 = orp: Oxidation Reduction Potential [mV]
# name 9 = par/sat/log: PAR/Logarithmic, Satlantic
# name 10 = turbWETntu0: Turbidity, WET Labs ECO [NTU]
# name 11 = prdM: Pressure, Strain Gauge [db]
# name 12 = prdE: Pressure, Strain Gauge [psi]
# name 13 = tv290C: Temperature [ITS-90, deg C]
# name 14 = flag:  0.000e+00
# span 0 =     -0.500,      9.491       
# span 1 =     -0.010,      0.215       
# span 2 =    -0.3493,     6.1744       
# span 3 =     -5.370,    102.228       
# span 4 =     35.436,    209.044       
# span 5 =  34.003267, 153.267460       
# span 6 =     0.0296,    16.8122       
# span 7 =      6.225,      7.735       
# span 8 =    61.0653,   264.2511       
# span 9 = 1.2354e-01, 3.8794e+02       
# span 10 =     0.2879,    11.0731      
# span 11 =     -0.500,      9.308      
# span 12 =     -0.725,     13.501      
# span 13 =    11.5696,    23.6931      
# span 14 = 0.0000e+00, 0.0000e+00      
# interval = seconds: 0.25
# start_time = Aug 28 2019 11:14:25 [Instrument's time stamp, header]
# bad_flag = -9.990e-29
*END*
[from data line 386]
      1.755      0.048     5.2138     87.489     36.519  35.382326     3.3357      7.139   244.2173 9.3975e+00     6.9380      1.720      2.495    23.4429 0.0000e+00
      1.769      0.049     5.2103     87.492     36.533  35.395010     3.3425      7.139   244.3005 9.2092e+00     6.9590      1.735      2.516    23.4420 0.0000e+00
      1.783      0.050     5.2076     87.449     36.534  35.396059     3.3786      7.138   244.5622 9.0436e+00     6.9739      1.751      2.538    23.4406 0.0000e+00
      1.795      0.052     5.2061     87.387     36.534  35.395012     3.4337      7.136   245.0583 8.9096e+00     6.9539      1.762      2.554    23.4394 0.0000e+00
      1.805      0.055     5.2070     87.332     36.521  35.382338     3.4630      7.134   245.3939 8.7648e+00     6.9462      1.770      2.568    23.4382 0.0000e+00
      1.818      0.058     5.2094     87.236     36.510  35.369758     3.4632      7.132   245.4374 8.5787e+00     6.9469      1.781      2.583    23.4372 0.0000e+00
      1.834      0.061     5.2056     87.088     36.511  35.369853     3.4629      7.129   245.3263 8.3547e+00     6.9291      1.796      2.605    23.4365 0.0000e+00
      1.853      0.062     5.2004     86.948     36.526  35.383482     3.4761      7.126   245.2549 8.1163e+00     6.9281      1.817      2.635    23.4360 0.0000e+00
      1.872      0.061     5.1999     86.885     36.552  35.407601     3.5017      7.123   245.5206 7.8883e+00     6.9670      1.837      2.664    23.4355 0.0000e+00
      1.889      0.056     5.1941     86.911     36.552  35.407601     3.5209      7.122   245.9569 7.7207e+00     6.9738      1.854      2.690    23.4339 0.0000e+00
      1.903      0.049     5.1841     86.987     36.528  35.383483     3.5254      7.122   246.1421 7.6026e+00     6.9446      1.866      2.706    23.4323 0.0000e+00
      1.914      0.043     5.1739     87.075     36.515  35.369868     3.5139      7.123   246.1261 7.5161e+00     6.8764      1.877      2.722    23.4309 0.0000e+00
      1.922      0.038     5.1700     87.156     36.516  35.369911     3.4949      7.124   246.0216 7.4814e+00     6.7714      1.886      2.736    23.4297 0.0000e+00
      1.927      0.038     5.1730     87.233     36.531  35.383996     3.4858      7.127   245.9965 7.4318e+00     6.7235      1.889      2.740    23.4290 0.0000e+00
      1.934      0.042     5.1781     87.298     36.562  35.413234     3.4823      7.128   246.2524 7.3329e+00     6.7237      1.895      2.749    23.4281 0.0000e+00
      1.944      0.047     5.1842     87.313     36.623  35.469549     3.4353      7.128   246.5349 7.2024e+00     6.7083      1.906      2.764    23.4272 0.0000e+00
      1.959      0.052     5.1886     87.261     36.786  35.620610     3.3415      7.127   246.6581 7.0307e+00     6.7011      1.921      2.786    23.4261 0.0000e+00
      1.975      0.056     5.1934     87.121     37.028  35.843371     3.2930      7.126   246.7970 6.8597e+00     6.7346      1.938      2.810    23.4255 0.0000e+00
      1.992      0.056     5.1988     86.813     37.213  36.004944     3.2917      7.125   246.9236 6.7090e+00     6.7526      1.953      2.832    23.4238 0.0000e+00
      2.008      0.052     5.2002     86.125     37.280  36.050860     3.2310      7.125   246.8114 6.5643e+00     6.7558      1.969      2.856    23.4201 0.0000e+00
      2.023      0.046     5.1976     84.650     37.262  36.017695     3.1139      7.125   246.5585 6.4725e+00     6.7723      1.987      2.882    23.4132 0.0000e+00
      2.033      0.041     5.1927     82.060     37.240  35.984746     3.0544      7.125   246.5337 6.4343e+00     6.7560      1.996      2.895    23.3978 0.0000e+00
      2.039      0.037     5.1794     78.427     37.362  36.096748     3.0669      7.125   246.7694 6.3766e+00     6.7551      1.999      2.900    23.3735 0.0000e+00
      2.045      0.037     5.1517     74.226     37.700  36.419823     3.1689      7.125   247.0856 6.2929e+00     6.8930      2.005      2.908    23.3454 0.0000e+00
      2.053      0.038     5.0753     70.084     38.081  36.780910     3.3521      7.125   247.3454 6.2044e+00     7.1121      2.013      2.919    23.3221 0.0000e+00
      2.063      0.040     4.9196     66.308     38.366  37.035111     3.4608      7.125   247.2437 6.0938e+00     7.2086      2.022      2.932    23.3063 0.0000e+00
      2.076      0.041     4.6936     62.621     38.515  37.144810     3.4693      7.124   246.8884 5.9571e+00     7.2080      2.035      2.951    23.2986 0.0000e+00
      2.091      0.039     4.4262     58.392     38.428  37.028158     3.4547      7.122   246.7493 5.8278e+00     7.2028      2.051      2.975    23.2997 0.0000e+00
      2.103      0.034     4.1717     53.207     38.236  36.830625     3.4483      7.122   246.8517 5.7470e+00     7.1784      2.064      2.993    23.2939 0.0000e+00
      2.110      0.030     3.9555     47.246     38.186  36.787596     3.4533      7.123   247.0943 5.7141e+00     7.1750      2.070      3.003    23.2687 0.0000e+00
      2.114      0.027     3.7549     41.170     38.351  36.952223     3.4547      7.125   247.1873 5.6963e+00     7.1940      2.073      3.007    23.2145 0.0000e+00
      2.116      0.027     3.5183     36.034     38.780  37.361226     3.4558      7.126   246.9440 5.6714e+00     7.2123      2.075      3.009    23.1602 0.0000e+00
      2.120      0.032     3.2011     32.728     39.392  37.924344     3.4494      7.125   246.7337 5.6351e+00     7.1666      2.079      3.014    23.1493 0.0000e+00
      2.129      0.039     2.8322     31.231     39.970  38.428833     3.4296      7.124   246.7955 5.5730e+00     7.0346      2.086      3.026    23.1628 0.0000e+00
      2.142      0.049     2.4436     30.760     40.321  38.700085     3.4154      7.121   247.0887 5.4792e+00     6.9271      2.099      3.045    23.1735 0.0000e+00
      2.157      0.058     2.1104     30.126     40.488  38.791765     3.4076      7.116   247.6125 5.3651e+00     6.8826      2.115      3.067    23.1755 0.0000e+00
      2.173      0.064     1.9182     28.037     40.665  38.902434     3.4052      7.111   248.3962 5.2282e+00     6.8901      2.130      3.089    23.1458 0.0000e+00
      2.192      0.069     1.8490     23.922     40.840  39.022414     3.4117      7.105   249.0791 5.0894e+00     6.9205      2.149      3.117    23.0727 0.0000e+00
      2.211      0.069     1.8481     18.327     40.967  39.099733     3.4082      7.099   249.5020 4.9503e+00     6.9225      2.168      3.145    22.9861 0.0000e+00
      2.230      0.065     1.8454     12.133     41.048  39.138948     3.3889      7.095   250.0676 4.7817e+00     6.8807      2.186      3.171    22.8942 0.0000e+00
      2.249      0.059     1.7396      6.108     41.113  39.179098     3.3261      7.092   250.6692 4.6321e+00     6.7102      2.208      3.202    22.8217 0.0000e+00
      2.264      0.051     1.4721      0.900     41.214  39.267745     3.2213      7.088   251.3558 4.5483e+00     6.4666      2.223      3.225    22.7715 0.0000e+00
      2.274      0.044     1.1177     -2.938     41.279  39.322034     3.1626      7.084   252.3467 4.4937e+00     6.3609      2.230      3.235    22.7133 0.0000e+00
      2.281      0.038     0.7292     -5.000     41.230  39.264154     3.1540      7.080   253.1862 4.4397e+00     6.3167      2.236      3.244    22.6618 0.0000e+00
      2.289      0.035     0.3507     -5.370     41.105  39.139239     3.1083      7.076   253.7623 4.3857e+00     6.1292      2.244      3.254    22.6347 0.0000e+00
      2.297      0.035     0.0268     -4.592     41.039  39.081304     3.0268      7.072   254.2365 4.3241e+00     5.8960      2.252      3.265    22.6360 0.0000e+00
      2.305      0.037    -0.2188     -3.297     41.089  39.134996     2.9838      7.068   254.8754 4.2585e+00     5.8241      2.260      3.279    22.6286 0.0000e+00
      2.315      0.042    -0.3398     -1.879     41.177  39.217113     2.9782      7.063   255.6355 4.2090e+00     5.8496      2.270      3.291    22.6058 0.0000e+00
      2.325      0.047    -0.3493     -0.472     41.287  39.312407     2.9848      7.058   256.0282 4.1633e+00     5.8114      2.280      3.306    22.5980 0.0000e+00
      2.338      0.052    -0.2867      0.828     41.462  39.461913     3.0719      7.053   256.1817 4.0938e+00     5.5587      2.293      3.325    22.6082 0.0000e+00
      2.352      0.057    -0.2000      1.889     41.799  39.755123     3.2329      7.048   256.2871 4.0002e+00     5.1534      2.306      3.344    22.6218 0.0000e+00
      2.368      0.061    -0.1136      2.624     42.302  40.191281     3.3281      7.043   256.2703 3.8942e+00     4.9422      2.321      3.368    22.6178 0.0000e+00
      2.386      0.062    -0.0267      3.003     42.663  40.482016     3.3472      7.038   256.3226 3.7969e+00     4.9385      2.340      3.395    22.6036 0.0000e+00
      2.404      0.061     0.0556      3.081     42.709  40.477008     3.4385      7.033   256.4886 3.7174e+00     4.8798      2.358      3.419    22.5873 0.0000e+00
      2.420      0.060     0.1213      2.975     42.642  40.384602     3.6080      7.029   256.6436 3.6459e+00     4.7235      2.374      3.443    22.5562 0.0000e+00
      2.434      0.057     0.1667      2.749     42.650  40.380464     3.7059      7.025   256.9066 3.5815e+00     4.6225      2.388      3.463    22.5054 0.0000e+00
      2.447      0.052     0.1894      2.450     42.642  40.363480     3.7728      7.022   257.0864 3.5269e+00     4.6086      2.400      3.481    22.4382 0.0000e+00
      2.460      0.046     0.1900      2.165     42.525  40.242707     4.3643      7.020   256.9248 3.4710e+00     4.4250      2.412      3.499    22.3724 0.0000e+00
      2.473      0.039     0.1835      1.962     42.467  40.189877     5.4392      7.016   256.7597 3.4131e+00     4.0406      2.425      3.518    22.3379 0.0000e+00
      2.483      0.034     0.1690      1.877     42.502  40.232607     6.0356      7.012   256.8966 3.3644e+00     3.7946      2.437      3.534    22.3362 0.0000e+00
      2.490      0.030     0.1484      1.913     42.519  40.251489     6.2341      7.010   257.1176 3.3299e+00     3.7456      2.444      3.543    22.3267 0.0000e+00
      2.495      0.026     0.1299      2.082     42.500  40.227733     7.8400      7.008   257.1949 3.3026e+00     3.6442      2.446      3.548    22.3036 0.0000e+00
      2.500      0.023     0.1163      2.376     42.405  40.135815    10.7743      7.007   257.0564 3.2742e+00     3.4211      2.450      3.554    22.3086 0.0000e+00
      2.505      0.022     0.1119      2.716     42.279  40.028889    12.3737      7.006   256.9056 3.2468e+00     3.2757      2.457      3.563    22.3304 0.0000e+00
      2.510      0.023     0.1136      3.026     42.239  40.014143    12.4653      7.003   257.0071 3.2213e+00     3.2628      2.463      3.572    22.3332 0.0000e+00
      2.515      0.025     0.1233      3.286     42.295  40.084520    11.9171      7.000   257.2516 3.1953e+00     3.2990      2.467      3.578    22.3205 0.0000e+00
      2.522      0.028     0.1437      3.519     42.468  40.244998    10.9029      6.996   257.7097 3.1656e+00     3.3522      2.472      3.585    22.3101 0.0000e+00
      2.530      0.033     0.1659      3.736     42.898  40.621309    10.3550      6.994   258.0725 3.1332e+00     3.3817      2.481      3.598    22.3282 0.0000e+00
      2.538      0.040     0.1853      3.914     43.458  41.079242    10.3479      6.991   258.0244 3.0940e+00     3.3605      2.489      3.610    22.3653 0.0000e+00
      2.547      0.048     0.1999      4.021     43.792  41.274229    10.8517      6.987   257.9883 3.0409e+00     3.3250      2.497      3.622    22.3907 0.0000e+00
      2.559      0.055     0.2137      4.035     43.867  41.201099    12.8218      6.984   258.0656 2.9730e+00     3.3139      2.508      3.638    22.3887 0.0000e+00
      2.574      0.060     0.2279      3.943     43.815  41.020153    15.4852      6.979   258.2712 2.8830e+00     3.2912      2.523      3.659    22.3572 0.0000e+00
      2.594      0.064     0.2394      3.698     43.767  40.863872    16.7511      6.974   258.4955 2.7834e+00     3.2802      2.544      3.690    22.2834 0.0000e+00
      2.615      0.066     0.2478      3.309     43.840  40.835042    16.8122      6.969   258.3675 2.7111e+00     3.2797      2.565      3.721    22.1301 0.0000e+00
      2.633      0.064     0.2485      2.856     43.960  40.861910    16.1896      6.965   258.1010 2.6516e+00     3.2191      2.582      3.745    21.9473 0.0000e+00
      2.648      0.060     0.2458      2.396     44.045  40.871180    15.0318      6.962   257.9407 2.5821e+00     3.1375      2.597      3.766    21.7961 0.0000e+00
      2.662      0.054     0.2316      1.996     44.101  40.883536    14.3958      6.957   257.8056 2.5305e+00     3.1125      2.611      3.786    21.6740 0.0000e+00
      2.675      0.048     0.2047      1.687     44.110  40.884279    14.2492      6.952   257.7587 2.4958e+00     3.1463      2.623      3.804    21.5644 0.0000e+00
      2.688      0.043     0.1774      1.467     44.093  40.880156    13.2766      6.948   257.8902 2.4541e+00     3.2508      2.637      3.824    21.4656 0.0000e+00
      2.698      0.039     0.1466      1.349     44.098  40.897186    11.5049      6.944   258.1038 2.4129e+00     3.4255      2.648      3.840    21.3799 0.0000e+00
      2.705      0.038     0.1213      1.332     44.098  40.899748    10.5407      6.942   258.2766 2.3887e+00     3.5550      2.652      3.847    21.3315 0.0000e+00
      2.712      0.038     0.1032      1.370     44.048  40.847648    10.4443      6.938   258.4313 2.3652e+00     3.5708      2.659      3.857    21.3325 0.0000e+00
      2.722      0.040     0.0885      1.418     43.929  40.711647    10.1753      6.933   258.5969 2.3315e+00     3.4852      2.670      3.872    21.3513 0.0000e+00
      2.732      0.045     0.0810      1.469     43.865  40.588534     9.6723      6.929   258.9882 2.2901e+00     3.3723      2.678      3.884    21.3716 0.0000e+00
      2.743      0.050     0.0812      1.518     43.922  40.565234     9.3898      6.926   259.4627 2.2345e+00     3.3524      2.688      3.899    21.3705 0.0000e+00
      2.759      0.053     0.0851      1.558     43.972  40.556795     9.3174      6.923   259.5162 2.1805e+00     3.3769      2.704      3.922    21.3665 0.0000e+00
      2.776      0.053     0.0874      1.584     44.020  40.549918     8.8152      6.919   259.3770 2.1402e+00     3.4056      2.723      3.949    21.3561 0.0000e+00
      2.791      0.050     0.0914      1.595     44.087  40.545499     7.8866      6.917   259.4148 2.0967e+00     3.4696      2.737      3.969    21.2675 0.0000e+00
      2.805      0.045     0.0945      1.596     44.118  40.503271     7.3749      6.916   259.8871 2.0542e+00     3.4955      2.750      3.989    21.1541 0.0000e+00
      2.816      0.039     0.0972      1.597     44.183  40.483646     7.3882      6.914   260.6141 2.0381e+00     3.4564      2.763      4.008    21.1129 0.0000e+00
      2.823      0.034     0.0991      1.609     44.296  40.498563     8.0047      6.912   260.8909 2.0348e+00     3.3901      2.768      4.015    21.0648 0.0000e+00
      2.828      0.029     0.0996      1.603     44.376  40.493058     9.1241      6.910   260.8240 2.0233e+00     3.3170      2.773      4.021    20.9762 0.0000e+00
      2.834      0.027     0.1000      1.572     44.416  40.480465     9.7383      6.909   260.6657 2.0106e+00     3.2940      2.779      4.032    20.9021 0.0000e+00
      2.841      0.027     0.0991      1.553     44.438  40.473206     9.7957      6.909   260.5266 2.0034e+00     3.3082      2.787      4.042    20.8160 0.0000e+00
      2.847      0.028     0.1017      1.541     44.463  40.468738     9.8181      6.908   260.6909 1.9924e+00     3.2912      2.792      4.049    20.7064 0.0000e+00
