Data/DataNotYetUploadedToEDI/Raw_CTD/RawDownloads/082819_fcr10.cnv
* Sea-Bird SBE19plus  Data File:
* FileName = C:\DATA\082819_fcr_0001.hex
* Software version 2.8.0.119 SB_Terminal.dll
* Temperature SN = 7809
* Conductivity SN = 7809
* System UpLoad Time = Aug 28 2019 11:49:23
* <ApplicationData>
* <Seaterm232>
# nquan = 15
# nvalues = 259                         
# units = specified
# name 0 = depFM: Depth [fresh water, m]
# name 1 = dz/dtM: Descent Rate [m/s]
# name 2 = sbeox0ML/L: Oxygen, SBE 43 [ml/l]
# name 3 = sbeox0PS: Oxygen, SBE 43 [% saturation]
# name 4 = specc: Specific Conductance [uS/cm]
# name 5 = c0uS/cm: Conductivity [uS/cm]
# name 6 = flECO-AFL: Fluorescence, WET Labs ECO-AFL/FL [mg/m^3]
# name 7 = ph: pH
# name 8 = orp: Oxidation Reduction Potential [mV]
# name 9 = par/sat/log: PAR/Logarithmic, Satlantic
# name 10 = turbWETntu0: Turbidity, WET Labs ECO [NTU]
# name 11 = prdM: Pressure, Strain Gauge [db]
# name 12 = prdE: Pressure, Strain Gauge [psi]
# name 13 = tv290C: Temperature [ITS-90, deg C]
# name 14 = flag:  0.000e+00
# span 0 =     -0.343,      2.243       
# span 1 =     -0.003,      0.090       
# span 2 =     1.9340,     6.1319       
# span 3 =     32.123,    102.539       
# span 4 =     36.287,     40.262       
# span 5 =  35.315275,  38.377847       
# span 6 =     2.1382,     3.6533       
# span 7 =      7.382,      8.897       
# span 8 =   206.6498,   254.7510       
# span 9 = 7.1393e+00, 5.2484e+02       
# span 10 =     6.2581,     7.6994      
# span 11 =     -0.344,      2.200      
# span 12 =     -0.500,      3.191      
# span 13 =    22.6465,    24.2541      
# span 14 = 0.0000e+00, 0.0000e+00      
# interval = seconds: 0.25
# start_time = Aug 28 2019 10:35:43 [Instrument's time stamp, header]
# bad_flag = -9.990e-29
*END*
[from data line 193]
      1.272      0.062     5.8519     94.685     36.456  35.353137     3.3459      7.721   242.7761 2.7170e+01     7.4603      1.247      1.809    23.4821 0.0000e+00
      1.288      0.065     5.7603     94.290     36.431  35.327864     3.3477      7.711   243.0536 2.6569e+01     7.4703      1.263      1.832    23.4824 0.0000e+00
      1.305      0.067     5.6981     93.965     36.421  35.315275     3.3473      7.702   243.3594 2.5974e+01     7.4351      1.280      1.856    23.4829 0.0000e+00
      1.323      0.067     5.6572     93.725     36.436  35.327865     3.3673      7.695   243.6341 2.5327e+01     7.2976      1.296      1.880    23.4828 0.0000e+00
      1.342      0.066     5.6289     93.544     36.464  35.353138     3.3904      7.689   243.8801 2.4678e+01     7.0851      1.316      1.909    23.4823 0.0000e+00
      1.360      0.064     5.6070     93.414     36.479  35.366975     3.4017      7.684   244.0958 2.4183e+01     6.9636      1.336      1.937    23.4801 0.0000e+00
      1.376      0.061     5.5863     93.407     36.482  35.368234     3.4078      7.680   244.2637 2.3752e+01     6.9430      1.349      1.957    23.4769 0.0000e+00
      1.391      0.058     5.5736     93.502     36.483  35.368359     3.3949      7.676   244.4476 2.3318e+01     6.9336      1.363      1.977    23.4736 0.0000e+00
      1.405      0.055     5.5645     93.588     36.484  35.368486     3.3670      7.672   244.6841 2.2960e+01     6.9488      1.378      1.998    23.4714 0.0000e+00
      1.417      0.054     5.5532     93.604     36.487  35.369756     3.3565      7.669   244.9724 2.2585e+01     6.9962      1.389      2.015    23.4698 0.0000e+00
      1.431      0.054     5.5536     93.539     36.503  35.383719     3.3548      7.666   245.2666 2.2156e+01     7.0144      1.403      2.035    23.4684 0.0000e+00
      1.445      0.055     5.5633     93.387     36.532  35.410365     3.3035      7.661   245.4882 2.1755e+01     7.0707      1.418      2.055    23.4670 0.0000e+00
      1.458      0.057     5.5691     93.134     36.561  35.438060     3.2129      7.655   245.6723 2.1324e+01     7.2172      1.429      2.072    23.4649 0.0000e+00
      1.473      0.060     5.5704     92.734     36.590  35.464705     3.1698      7.649   245.8574 2.0874e+01     7.3450      1.443      2.093    23.4629 0.0000e+00
      1.488      0.064     5.5669     92.178     36.605  35.478646     3.1633      7.643   246.0063 2.0467e+01     7.4031      1.460      2.117    23.4614 0.0000e+00
      1.504      0.067     5.5578     91.532     36.609  35.479677     3.1521      7.636   246.1818 2.0007e+01     7.2962      1.474      2.137    23.4592 0.0000e+00
      1.522      0.070     5.5446     90.856     36.610  35.477172     3.1463      7.629   246.4305 1.9445e+01     7.0691      1.492      2.164    23.4581 0.0000e+00
      1.542      0.072     5.5213     90.161     36.585  35.448353     3.1538      7.621   246.6902 1.8897e+01     6.9506      1.513      2.194    23.4582 0.0000e+00
      1.561      0.073     5.4862     89.442     36.525  35.385097     3.1662      7.612   246.9982 1.8427e+01     6.9454      1.531      2.220    23.4564 0.0000e+00
      1.579      0.073     5.4470     88.731     36.492  35.347019     3.1836      7.604   247.3161 1.7971e+01     7.0059      1.548      2.245    23.4526 0.0000e+00
      1.598      0.072     5.4070     88.119     36.522  35.368759     3.2079      7.596   247.5226 1.7488e+01     7.1260      1.568      2.273    23.4478 0.0000e+00
      1.617      0.070     5.3668     87.708     36.555  35.394075     3.2170      7.588   247.6886 1.7043e+01     7.2178      1.587      2.301    23.4416 0.0000e+00
      1.635      0.070     5.3243     87.573     36.568  35.399221     3.2155      7.581   247.8600 1.6656e+01     7.2630      1.604      2.327    23.4342 0.0000e+00
      1.651      0.071     5.2804     87.708     36.608  35.430975     3.2069      7.573   248.1319 1.6276e+01     7.2793      1.620      2.349    23.4255 0.0000e+00
      1.667      0.073     5.2430     88.005     36.713  35.524125     3.1904      7.567   248.4806 1.5895e+01     7.2833      1.634      2.369    23.4157 0.0000e+00
      1.685      0.074     5.2173     88.321     36.905  35.700375     3.1812      7.562   248.7215 1.5470e+01     7.2790      1.651      2.395    23.4061 0.0000e+00
      1.706      0.074     5.2103     88.524     37.136  35.911771     3.1744      7.558   248.9786 1.4991e+01     7.1945      1.673      2.426    23.3962 0.0000e+00
      1.728      0.073     5.2220     88.488     37.293  36.049041     3.1689      7.553   249.3523 1.4558e+01     7.1139      1.696      2.459    23.3859 0.0000e+00
      1.749      0.071     5.2440     88.078     37.351  36.090673     3.1577      7.548   249.6272 1.4207e+01     7.0912      1.716      2.489    23.3760 0.0000e+00
      1.766      0.068     5.2666     87.136     37.371  36.097771     3.1260      7.544   249.7204 1.3877e+01     7.0505      1.732      2.512    23.3638 0.0000e+00
      1.781      0.063     5.2829     85.596     37.350  36.071381     3.0966      7.541   249.7911 1.3562e+01     7.0150      1.747      2.534    23.3474 0.0000e+00
      1.796      0.060     5.2855     83.622     37.304  36.025460     3.0803      7.537   249.9660 1.3285e+01     6.9904      1.762      2.556    23.3267 0.0000e+00
      1.810      0.059     5.2667     81.530     37.329  36.050310     2.9811      7.531   250.2002 1.3034e+01     6.9819      1.775      2.574    23.3042 0.0000e+00
      1.824      0.060     5.2153     79.630     37.397  36.117952     2.7991      7.524   250.3859 1.2770e+01     7.0109      1.788      2.591    23.2877 0.0000e+00
      1.839      0.061     5.1193     78.143     37.426  36.145138     2.7000      7.519   250.5761 1.2471e+01     7.0462      1.803      2.614    23.2796 0.0000e+00
      1.855      0.062     4.9946     77.175     37.476  36.188597     2.6939      7.513   250.7796 1.2151e+01     7.0480      1.819      2.638    23.2792 0.0000e+00
      1.872      0.064     4.8625     76.713     37.631  36.326047     2.7344      7.506   250.9539 1.1843e+01     7.0328      1.836      2.663    23.2815 0.0000e+00
      1.889      0.065     4.7441     76.638     37.875  36.537588     2.8164      7.501   251.1347 1.1575e+01     7.0261      1.853      2.688    23.2849 0.0000e+00
      1.906      0.065     4.6534     76.828     38.158  36.778658     2.8698      7.495   251.3308 1.1302e+01     7.0332      1.868      2.710    23.2858 0.0000e+00
      1.922      0.065     4.5959     77.239     38.378  36.955748     2.8770      7.489   251.6038 1.1038e+01     7.0198      1.885      2.734    23.2796 0.0000e+00
      1.938      0.065     4.5731     77.849     38.490  37.028405     2.8943      7.484   251.9405 1.0816e+01     6.9293      1.902      2.757    23.2665 0.0000e+00
      1.954      0.066     4.5740     78.409     38.584  37.085839     2.9412      7.479   252.1324 1.0576e+01     6.8246      1.916      2.777    23.2329 0.0000e+00
      1.970      0.068     4.5907     78.437     38.672  37.142336     2.9759      7.472   252.2026 1.0331e+01     6.8023      1.933      2.803    23.1864 0.0000e+00
      1.987      0.070     4.6177     77.667     38.758  37.203674     2.9839      7.464   252.3599 1.0077e+01     6.8231      1.948      2.826    23.1420 0.0000e+00
      2.006      0.072     4.6623     76.127     38.898  37.319638     2.9778      7.458   252.5707 9.7877e+00     6.8138      1.965      2.851    23.0947 0.0000e+00
      2.026      0.072     4.7144     73.853     39.069  37.465349     2.9368      7.453   252.6868 9.5053e+00     6.8215      1.986      2.882    23.0507 0.0000e+00
      2.046      0.072     4.7251     70.981     39.197  37.568988     2.8609      7.447   252.6454 9.2557e+00     6.8834      2.006      2.910    23.0138 0.0000e+00
      2.065      0.071     4.6768     67.687     39.276  37.620564     2.8143      7.442   252.5863 9.0377e+00     6.9388      2.025      2.937    22.9879 0.0000e+00
      2.082      0.069     4.5879     63.918     39.399  37.708067     2.8064      7.437   252.6598 8.8313e+00     6.9673      2.042      2.962    22.9669 0.0000e+00
      2.099      0.066     4.4507     59.562     39.524  37.801743     2.7479      7.432   252.8463 8.6158e+00     7.0308      2.058      2.985    22.9404 0.0000e+00
      2.116      0.064     4.2726     54.667     39.543  37.801010     2.6360      7.428   253.0347 8.4132e+00     7.1496      2.075      3.010    22.9203 0.0000e+00
      2.131      0.061     4.0802     49.375     39.513  37.762656     2.5724      7.423   253.2171 8.2345e+00     7.2237      2.090      3.032    22.8909 0.0000e+00
      2.147      0.058     3.8612     44.075     39.538  37.782331     2.5590      7.417   253.4166 8.0503e+00     7.2057      2.105      3.053    22.8469 0.0000e+00
      2.162      0.054     3.5982     39.444     39.614  37.848470     2.4833      7.412   253.5551 7.8749e+00     6.9654      2.121      3.076    22.8114 0.0000e+00
      2.175      0.049     3.3032     35.964     39.715  37.927568     2.3338      7.407   253.7729 7.7415e+00     6.5149      2.134      3.097    22.7887 0.0000e+00
      2.187      0.044     2.9797     33.769     39.853  38.040428     2.2428      7.403   254.0708 7.6248e+00     6.2802      2.144      3.110    22.7745 0.0000e+00
      2.197      0.039     2.6398     32.673     40.028  38.197388     2.2317      7.399   254.2304 7.5135e+00     6.3240      2.156      3.126    22.7762 0.0000e+00
      2.207      0.035     2.3522     32.263     40.144  38.301888     2.2176      7.396   254.2400 7.4442e+00     6.3564      2.166      3.141    22.7742 0.0000e+00
      2.214      0.031     2.1405     32.196     40.138  38.288278     2.1759      7.392   254.2738 7.4078e+00     6.3117      2.172      3.150    22.7451 0.0000e+00
      2.220      0.027     2.0126     32.232     40.148  38.286731     2.1435      7.388   254.4664 7.3543e+00     6.2743      2.176      3.156    22.7153 0.0000e+00
      2.227      0.023     1.9590     32.186     40.223  38.346641     2.1382      7.384   254.6767 7.2721e+00     6.2644      2.183      3.166    22.7047 0.0000e+00
      2.235      0.021     1.9407     32.123     40.262  38.377847     2.1385      7.382   254.7510 7.1923e+00     6.2581      2.192      3.179    22.7018 0.0000e+00
      2.240 -9.990e-29     1.9408 -9.990e-29 -9.990e-29 -9.990e-29 -9.990e-29 -9.990e-29 -9.990e-29 7.1473e+00 -9.990e-29      2.197      3.188    22.6902 0.0000e+00
      2.243 -9.990e-29     1.9499 -9.990e-29 -9.990e-29 -9.990e-29 -9.990e-29 -9.990e-29 -9.990e-29 7.1393e+00 -9.990e-29      2.199      3.190    22.6781 0.0000e+00
      2.243 -9.990e-29     1.9464 -9.990e-29 -9.990e-29 -9.990e-29 -9.990e-29 -9.990e-29 -9.990e-29 7.1556e+00 -9.990e-29      2.200      3.190    22.6610 0.0000e+00
      2.243 -9.990e-29     1.9340 -9.990e-29 -9.990e-29 -9.990e-29 -9.990e-29 -9.990e-29 -9.990e-29 7.1688e+00 -9.990e-29      2.200      3.191    22.6465 0.0000e+00
