Data/DataNotYetUploadedToEDI/Raw_CTD/RawDownloads/082819_fcr50.cnv
* Sea-Bird SBE19plus  Data File:
* FileName = C:\DATA\082819_fcr_0005.hex
* Software version 2.8.0.119 SB_Terminal.dll
* Temperature SN = 7809
* Conductivity SN = 7809
* System UpLoad Time = Aug 28 2019 11:50:47
* <ApplicationData>
* <Seaterm232>
# nquan = 15
# nvalues = 991                         
# units = specified
# name 0 = depFM: Depth [fresh water, m]
# name 1 = dz/dtM: Descent Rate [m/s]
# name 2 = sbeox0ML/L: Oxygen, SBE 43 [ml/l]
# name 3 = sbeox0PS: Oxygen, SBE 43 [% saturation]
# name 4 = specc: Specific Conductance [uS/cm]
# name 5 = c0uS/cm: Conductivity [uS/cm]
# name 6 = flECO-AFL: Fluorescence, WET Labs ECO-AFL/FL [mg/m^3]
# name 7 = ph: pH
# name 8 = orp: Oxidation Reduction Potential [mV]
# name 9 = par/sat/log: PAR/Logarithmic, Satlantic
# name 10 = turbWETntu0: Turbidity, WET Labs ECO [NTU]
# name 11 = prdM: Pressure, Strain Gauge [db]
# name 12 = prdE: Pressure, Strain Gauge [psi]
# name 13 = tv290C: Temperature [ITS-90, deg C]
# name 14 = flag:  0.000e+00
# span 0 =     -0.500,      9.491       
# span 1 =     -0.010,      0.215       
# span 2 =    -0.3493,     6.1744       
# span 3 =     -5.370,    102.228       
# span 4 =     35.436,    209.044       
# span 5 =  34.003267, 153.267460       
# span 6 =     0.0296,    16.8122       
# span 7 =      6.225,      7.735       
# span 8 =    61.0653,   264.2511       
# span 9 = 1.2354e-01, 3.8794e+02       
# span 10 =     0.2879,    11.0731      
# span 11 =     -0.500,      9.308      
# span 12 =     -0.725,     13.501      
# span 13 =    11.5696,    23.6931      
# span 14 = 0.0000e+00, 0.0000e+00      
# interval = seconds: 0.25
# start_time = Aug 28 2019 11:14:25 [Instrument's time stamp, header]
# bad_flag = -9.990e-29
*END*
[from data line 97]
      0.182     -0.002     3.8289     62.670     35.594  34.299017     2.5349      7.219   221.3164 1.3416e+02     6.9033      0.178      0.259    23.2022 0.0000e+00
      0.181     -0.001     3.8099     62.401     35.565  34.268497     2.5417      7.217   221.4148 1.3418e+02     6.8993      0.177      0.257    23.1903 0.0000e+00
      0.181     -0.000     3.7890     62.151     35.568  34.266719     2.5113      7.216   221.3374 1.3406e+02     6.9026      0.177      0.257    23.1820 0.0000e+00
      0.181      0.001     3.7656     61.911     35.583  34.277510     2.4532      7.216   221.1555 1.3390e+02     6.9437      0.178      0.258    23.1780 0.0000e+00
      0.182      0.001     3.7478     61.670     35.583  34.272033     2.4288      7.215   221.1082 1.3390e+02     7.0032      0.179      0.260    23.1760 0.0000e+00
      0.183      0.001     3.7324     61.415     35.581  34.263956     2.4328      7.213   221.1953 1.3411e+02     7.0314      0.180      0.261    23.1723 0.0000e+00
      0.183      0.001     3.7181     61.158     35.565  34.243309     2.4413      7.211   221.2623 1.3431e+02     6.9900      0.179      0.260    23.1663 0.0000e+00
      0.183      0.001     3.7044     60.928     35.537  34.212779     2.4615      7.210   221.2310 1.3431e+02     6.9290      0.180      0.261    23.1593 0.0000e+00
      0.183      0.001     3.6911     60.713     35.540  34.212135     2.4783      7.209   221.1610 1.3413e+02     6.9163      0.180      0.261    23.1517 0.0000e+00
      0.183      0.001     3.6760     60.498     35.569  34.235525     2.4794      7.208   221.1909 1.3401e+02     6.9344      0.181      0.262    23.1442 0.0000e+00
      0.183      0.002     3.6599     60.301     35.580  34.241710     2.4577      7.207   221.2475 1.3392e+02     7.0173      0.180      0.261    23.1374 0.0000e+00
      0.184      0.003     3.6473     60.122     35.565  34.223445     2.4242      7.206   221.2426 1.3369e+02     7.1316      0.180      0.261    23.1314 0.0000e+00
      0.185      0.004     3.6354     59.936     35.550  34.205078     2.4123      7.204   221.2180 1.3348e+02     7.1687      0.181      0.263    23.1256 0.0000e+00
      0.186      0.005     3.6220     59.762     35.559  34.210025     2.4183      7.202   221.2940 1.3330e+02     7.1714      0.182      0.264    23.1201 0.0000e+00
      0.187      0.007     3.6104     59.608     35.573  34.219786     2.4178      7.201   221.4736 1.3304e+02     7.1974      0.184      0.267    23.1145 0.0000e+00
      0.189      0.007     3.6017     59.460     35.551  34.196170     2.4240      7.200   221.5825 1.3261e+02     7.2540      0.185      0.269    23.1083 0.0000e+00
      0.191      0.007     3.5897     59.341     35.536  34.178331     2.4500      7.199   221.4927 1.3208e+02     7.3308      0.187      0.272    23.1026 0.0000e+00
      0.194      0.006     3.5791     59.196     35.556  34.194495     2.4719      7.198   221.2473 1.3160e+02     7.3727      0.190      0.276    23.0968 0.0000e+00
      0.196      0.004     3.5723     58.998     35.567  34.201211     2.4809      7.196   221.0249 1.3135e+02     7.3994      0.192      0.279    23.0915 0.0000e+00
      0.197      0.002     3.5606     58.838     35.566  34.196056     2.4799      7.195   220.9553 1.3150e+02     7.3586      0.194      0.281    23.0876 0.0000e+00
      0.197     -0.001     3.5562     58.713     35.569  34.195629     2.4770      7.193   221.0069 1.3190e+02     7.2068      0.195      0.282    23.0838 0.0000e+00
      0.196     -0.003     3.5503     58.588     35.574  34.196045     2.4808      7.193   221.0466 1.3240e+02     7.1379      0.193      0.279    23.0796 0.0000e+00
      0.194     -0.004     3.5331     58.461     35.582  34.201077     2.4829      7.192   221.0917 1.3300e+02     7.1807      0.191      0.276    23.0750 0.0000e+00
      0.193     -0.003     3.5262     58.361     35.575  34.193009     2.4849      7.191   221.1219 1.3375e+02     7.1338      0.189      0.274    23.0695 0.0000e+00
      0.190     -0.002     3.5197     58.337     35.543  34.161958     2.4876      7.190   221.0676 1.3442e+02     6.9971      0.186      0.270    23.0635 0.0000e+00
      0.189      0.001     3.5121     58.358     35.523  34.142961     2.4803      7.190   221.0371 1.3462e+02     6.9377      0.185      0.268    23.0580 0.0000e+00
      0.191      0.004     3.5054     58.366     35.533  34.153719     2.4749      7.189   221.0986 1.3406e+02     6.9732      0.186      0.270    23.0531 0.0000e+00
      0.194      0.008     3.4964     58.347     35.544  34.165102     2.4838      7.184   221.2076 1.3335e+02     7.0988      0.191      0.276    23.0504 0.0000e+00
      0.196      0.010     3.4970     58.307     35.530  34.153659     2.4834      7.175   221.3228 1.3304e+02     7.3089      0.193      0.280    23.0510 0.0000e+00
      0.199      0.009     3.4995     58.246     35.515  34.142303     2.4709      7.168   221.3735 1.3205e+02     7.4486      0.192      0.279    23.0525 0.0000e+00
      0.204      0.007     3.4999     58.159     35.530  34.154724     2.4709      7.165   221.3900 1.3081e+02     7.4444      0.200      0.290    23.0542 0.0000e+00
      0.207      0.005     3.4983     58.047     35.558  34.176912     2.4834      7.165   221.5218 1.3075e+02     7.2255      0.207      0.300    23.0544 0.0000e+00
      0.206      0.005     3.4961     57.961     35.540  34.156705     2.4916      7.166   221.6768 1.3163e+02     6.8991      0.202      0.294    23.0574 0.0000e+00
      0.203      0.003     3.4918     57.984     35.481  34.100792     2.4926      7.168   221.8018 1.3201e+02     6.7750      0.199      0.288    23.0635 0.0000e+00
      0.203      0.001     3.4874     58.098     35.450  34.072058     2.4859      7.168   221.9147 1.3145e+02     6.7732      0.198      0.287    23.0604 0.0000e+00
      0.206      0.001     3.4804     58.207     35.440  34.063153     2.4809      7.167   222.0090 1.3121e+02     6.6811      0.202      0.293    23.0500 0.0000e+00
      0.208      0.002     3.4721     58.274     35.436  34.056579     2.4835      7.166   222.0818 1.3183e+02     6.5787      0.206      0.299    23.0473 0.0000e+00
      0.208      0.003     3.4744     58.312     35.439  34.056033     2.4834      7.166   222.0201 1.3281e+02     6.5515      0.205      0.297    23.0491 0.0000e+00
      0.207      0.002     3.4841     58.307     35.443  34.056553     2.4787      7.166   221.9513 1.3304e+02     6.5164      0.202      0.292    23.0516 0.0000e+00
      0.207      0.000     3.4910     58.230     35.452  34.062856     2.4707      7.165   222.1108 1.3212e+02     6.4824      0.203      0.294    23.0543 0.0000e+00
      0.209     -0.003     3.4943     58.077     35.462  34.068772     2.4561      7.164   222.3998 1.3128e+02     6.5339      0.206      0.299    23.0493 0.0000e+00
      0.210     -0.006     3.4977     57.872     35.462  34.064616     2.4320      7.164   222.6058 1.3160e+02     6.6468      0.207      0.300    23.0425 0.0000e+00
      0.208     -0.008     3.4985     57.657     35.479  34.076064     2.4133      7.164   222.7090 1.3248e+02     6.7334      0.204      0.296    23.0375 0.0000e+00
      0.203     -0.010     3.4941     57.502     35.487  34.080257     2.4118      7.164   222.7019 1.3341e+02     6.7286      0.199      0.289    23.0340 0.0000e+00
      0.198     -0.010     3.4845     57.448     35.461  34.051843     2.4494      7.164   222.6914 1.3446e+02     6.6537      0.195      0.282    23.0320 0.0000e+00
      0.194     -0.010     3.4723     57.485     35.462  34.049825     2.5210      7.163   222.6680 1.3533e+02     6.5819      0.190      0.275    23.0260 0.0000e+00
      0.193     -0.010     3.4575     57.564     35.474  34.055855     2.5580      7.162   222.5051 1.3588e+02     6.5493      0.188      0.273    23.0170 0.0000e+00
      0.193     -0.010     3.4479     57.605     35.487  34.061280     2.5491      7.162   222.3565 1.3609e+02     6.5208      0.189      0.275    23.0116 0.0000e+00
      0.192     -0.008     3.4451     57.579     35.551  34.115409     2.5360      7.162   222.3341 1.3639e+02     6.4998      0.189      0.275    23.0092 0.0000e+00
      0.189     -0.005     3.4484     57.548     35.579  34.139131     2.5385      7.161   222.4929 1.3728e+02     6.5246      0.186      0.270    23.0047 0.0000e+00
      0.184     -0.001     3.4560     57.595     35.533  34.094236     2.5526      7.157   222.7270 1.3828e+02     6.5585      0.180      0.262    22.9974 0.0000e+00
      0.181      0.002     3.4601     57.751     35.521  34.080306     2.5583      7.153   222.5840 1.3786e+02     6.5491      0.175      0.253    22.9877 0.0000e+00
      0.184      0.004     3.4575     57.962     35.555  34.097626     2.5208      7.150   222.2266 1.3557e+02     6.5427      0.177      0.258    22.9728 0.0000e+00
      0.192      0.005     3.4539     58.126     35.607  34.113236     2.4550      7.149   222.2771 1.3321e+02     6.6119      0.189      0.274    22.9693 0.0000e+00
      0.198      0.008     3.4559     58.254     35.669  34.142070     2.4215      7.146   222.5927 1.3275e+02     6.6980      0.197      0.286    22.9693 0.0000e+00
      0.197      0.009     3.4661     58.489     35.665  34.128880     2.4198      7.141   222.8586 1.3394e+02     6.7320      0.195      0.282    22.9702 0.0000e+00
      0.192      0.009     3.4830     58.921     35.610  34.080674     2.4255      7.135   223.0837 1.3476e+02     6.7276      0.186      0.269    22.9626 0.0000e+00
      0.192      0.006     3.4970     59.465     35.595  34.066941     2.4555      7.132   223.0771 1.3391e+02     6.6450      0.185      0.268    22.8955 0.0000e+00
      0.200      0.004     3.5045     59.968     35.629  34.089774     2.5132      7.132   222.7786 1.3247e+02     6.5204      0.197      0.286    22.8372 0.0000e+00
      0.207      0.004     3.5157     60.364     35.654  34.102865     2.5521      7.133   222.5712 1.3272e+02     6.4979      0.208      0.301    22.8355 0.0000e+00
      0.207      0.003     3.5439     60.749     35.649  34.098289     2.5613      7.135   222.5492 1.3455e+02     6.5372      0.206      0.297    22.8495 0.0000e+00
      0.202      0.001     3.5799     61.246     35.643  34.097910     2.5544      7.137   222.5978 1.3565e+02     6.5370      0.196      0.284    22.8555 0.0000e+00
      0.199     -0.002     3.6138     61.836     35.639  34.098287     2.5393      7.139   222.7293 1.3515e+02     6.5283      0.194      0.281    22.8341 0.0000e+00
      0.200     -0.003     3.6365     62.431     35.646  34.102847     2.5342      7.140   222.8486 1.3416e+02     6.5302      0.196      0.284    22.8121 0.0000e+00
      0.201     -0.001     3.6547     62.961     35.637  34.089577     2.5366      7.140   222.9215 1.3374e+02     6.5275      0.197      0.285    22.8159 0.0000e+00
      0.201      0.001     3.6859     63.408     35.615  34.064772     2.5416      7.141   222.9222 1.3376e+02     6.6267      0.197      0.285    22.8306 0.0000e+00
      0.202      0.001     3.7224     63.778     35.608  34.056790     2.5428      7.142   222.9426 1.3371e+02     6.8119      0.197      0.286    22.8362 0.0000e+00
      0.202      0.000     3.7605     64.048     35.607  34.056528     2.5421      7.143   223.0822 1.3386e+02     6.8984      0.199      0.288    22.8313 0.0000e+00
      0.202     -0.002     3.7936     64.211     35.611  34.061601     2.5418      7.143   223.2341 1.3424e+02     6.9188      0.199      0.288    22.8224 0.0000e+00
      0.201     -0.003     3.8196     64.284     35.602  34.054662     2.5227      7.143   223.3167 1.3474e+02     6.9929      0.197      0.286    22.8161 0.0000e+00
      0.200     -0.002     3.8439     64.309     35.582  34.036095     2.4930      7.144   223.3059 1.3549e+02     7.1061      0.197      0.286    22.8148 0.0000e+00
      0.198     -0.001     3.8595     64.330     35.572  34.027508     2.4765      7.144   223.2755 1.3626e+02     7.1734      0.194      0.282    22.8162 0.0000e+00
      0.196      0.002     3.8690     64.331     35.558  34.014295     2.4714      7.144   223.2936 1.3641e+02     7.1839      0.190      0.276    22.8188 0.0000e+00
      0.196      0.004     3.8724     64.292     35.548  34.003267     2.4744      7.142   223.3533 1.3556e+02     7.1677      0.191      0.277    22.8206 0.0000e+00
      0.200      0.006     3.8719     64.187     35.567  34.021105     2.4868      7.139   223.4805 1.3428e+02     7.1744      0.195      0.284    22.8223 0.0000e+00
      0.204      0.006     3.8745     63.982     35.587  34.039574     2.4912      7.137   223.7136 1.3328e+02     7.1992      0.202      0.292    22.8240 0.0000e+00
      0.207      0.006     3.8746     63.704     35.585  34.036175     2.4838      7.137   223.9349 1.3271e+02     7.1718      0.204      0.295    22.8235 0.0000e+00
      0.208      0.005     3.8728     63.418     35.594  34.043475     2.4674      7.137   224.0047 1.3261e+02     7.0075      0.204      0.296    22.8216 0.0000e+00
      0.207      0.003     3.8677     63.153     35.616  34.064365     2.4400      7.138   224.0416 1.3275e+02     6.7200      0.204      0.296    22.8212 0.0000e+00
      0.207      0.003     3.8550     62.931     35.849  34.288758     2.4219      7.141   224.1217 1.3271e+02     6.5467      0.202      0.294    22.8206 0.0000e+00
      0.208      0.003     3.8360     62.902     36.410  34.852603     2.4214      7.144   224.1993 1.3254e+02     6.5180      0.203      0.294    22.8172 0.0000e+00
      0.209      0.004     3.8191     63.698     36.840  35.360229     2.4255      7.146   224.3776 1.3240e+02     6.5043      0.205      0.297    22.8148 0.0000e+00
      0.210      0.006     3.8032     66.460     36.865  35.539585     2.4370      7.147   224.5575 1.3230e+02     6.4795      0.206      0.299    22.8151 0.0000e+00
      0.212      0.006     3.7878     71.680     36.737  35.561645     2.4646      7.147   224.6530 1.3199e+02     6.4154      0.208      0.301    22.8150 0.0000e+00
      0.214      0.006     3.7769     78.460     36.641  35.563689     2.4824      7.147   224.8446 1.3147e+02     6.3514      0.210      0.304    22.8156 0.0000e+00
      0.216      0.005     3.7823     85.438     36.585  35.564435     2.4785      7.148   224.9811 1.3090e+02     6.3287      0.213      0.309    22.9425 0.0000e+00
      0.218      0.005     3.9114     91.744     36.560  35.570742     2.4607      7.148   224.9273 1.3055e+02     6.4023      0.214      0.311    23.2133 0.0000e+00
      0.218      0.007     4.2336     96.864     36.549  35.576520     2.4407      7.149   224.8815 1.3051e+02     6.5861      0.214      0.311    23.4251 0.0000e+00
      0.218      0.011     4.6613    100.382     36.534  35.570853     2.4272      7.150   224.8575 1.3060e+02     6.7165      0.214      0.310    23.5418 0.0000e+00
      0.219      0.017     5.0840    102.113     36.523  35.565707     2.4111      7.151   224.8104 1.3042e+02     6.7327      0.214      0.310    23.6115 0.0000e+00
      0.223      0.025     5.4631    102.228     36.532  35.577776     2.4279      7.149   224.9134 1.2940e+02     6.8475      0.217      0.315    23.6465 0.0000e+00
      0.231      0.034     5.7751    101.266     36.542  35.589836     2.4738      7.146   225.1567 1.2750e+02     7.0892      0.226      0.328    23.6673 0.0000e+00
      0.242      0.042     5.9858     99.878     36.536  35.584586     2.4976      7.141   225.3430 1.2461e+02     7.1970      0.237      0.344    23.6782 0.0000e+00
      0.256      0.047     6.0852     98.530     36.529  35.577776     2.5080      7.136   225.5312 1.2073e+02     7.1665      0.250      0.362    23.6858 0.0000e+00
      0.271      0.049     6.0783     97.389     36.524  35.570961     2.5040      7.130   225.7978 1.1607e+02     7.1474      0.266      0.386    23.6895 0.0000e+00
