Data/DataNotYetUploadedToEDI/Raw_CTD/RawDownloads/082819_fcr30.cnv
* Sea-Bird SBE19plus  Data File:
* FileName = C:\DATA\082819_fcr_0003.hex
* Software version 2.8.0.119 SB_Terminal.dll
* Temperature SN = 7809
* Conductivity SN = 7809
* System UpLoad Time = Aug 28 2019 11:49:57
* <ApplicationData>
* <Seaterm232>
# nquan = 15
# nvalues = 614                         
# units = specified
# name 0 = depFM: Depth [fresh water, m]
# name 1 = dz/dtM: Descent Rate [m/s]
# name 2 = sbeox0ML/L: Oxygen, SBE 43 [ml/l]
# name 3 = sbeox0PS: Oxygen, SBE 43 [% saturation]
# name 4 = specc: Specific Conductance [uS/cm]
# name 5 = c0uS/cm: Conductivity [uS/cm]
# name 6 = flECO-AFL: Fluorescence, WET Labs ECO-AFL/FL [mg/m^3]
# name 7 = ph: pH
# name 8 = orp: Oxidation Reduction Potential [mV]
# name 9 = par/sat/log: PAR/Logarithmic, Satlantic
# name 10 = turbWETntu0: Turbidity, WET Labs ECO [NTU]
# name 11 = prdM: Pressure, Strain Gauge [db]
# name 12 = prdE: Pressure, Strain Gauge [psi]
# name 13 = tv290C: Temperature [ITS-90, deg C]
# name 14 = flag:  0.000e+00
# span 0 =     -0.173,      5.431       
# span 1 =     -0.010,      0.116       
# span 2 =     0.0548,     6.1762       
# span 3 =      0.738,    103.604       
# span 4 =     35.871,     87.197       
# span 5 =  34.812757,  70.130237       
# span 6 =     1.2061,    12.1195       
# span 7 =      6.623,      8.122       
# span 8 =   114.9881,   259.4870       
# span 9 = 1.2362e-01, 4.6753e+02       
# span 10 =     1.0631,     9.6235      
# span 11 =     -0.180,      5.327      
# span 12 =     -0.261,      7.725      
# span 13 =    12.2599,    23.6292      
# span 14 = 0.0000e+00, 0.0000e+00      
# interval = seconds: 0.25
# start_time = Aug 28 2019 11:02:07 [Instrument's time stamp, header]
# bad_flag = -9.990e-29
*END*
     -0.173      0.086     5.7983     98.865     36.361  35.353129     2.9736      8.122   211.6932 4.6753e+02     7.6605     -0.180     -0.261    23.5552 0.0000e+00
     -0.141      0.106     5.8064     99.365     36.373  35.366956     2.9707      8.113   211.5851 4.5976e+02     7.6205     -0.141     -0.204    23.5747 0.0000e+00
     -0.096      0.116     5.8212     99.844     36.374  35.368211     2.9630      8.102   211.5083 4.2405e+02     7.6227     -0.094     -0.136    23.5911 0.0000e+00
     -0.052      0.115     5.8381    100.209     36.376  35.368315     2.9931      8.091   211.4527 3.6725e+02     7.6545     -0.048     -0.069    23.6010 0.0000e+00
     -0.018      0.100     5.8631    100.090     36.380  35.368212     3.0583      8.082   211.4295 3.2514e+02     7.6765     -0.013     -0.018    23.6095 0.0000e+00
      0.003      0.075     5.8970     99.109     36.380  35.366954     3.0928      8.074   211.3127 3.0643e+02     7.6600      0.006      0.009    23.6130 0.0000e+00
      0.015      0.047     5.9228     97.313     36.366  35.353106     3.0977      8.065   210.9871 3.0200e+02     7.6524      0.016      0.025    23.6129 0.0000e+00
      0.020      0.024     5.9542     94.884     36.337  35.327719     3.0994      8.056   210.7631 3.0291e+02     7.6165      0.021      0.030    23.6093 0.0000e+00
      0.020      0.009     5.9614     92.044     36.320  35.313870     3.0959      8.049   210.7546 3.0759e+02     7.4875      0.022      0.031    23.6043 0.0000e+00
      0.016      0.002     5.8963     89.025     36.315  35.312601     3.0900      8.040   210.6262 3.0876e+02     7.4043      0.016      0.023    23.6009 0.0000e+00
      0.011      0.000     5.7882     86.065     36.313  35.312382     3.0893      8.031   210.4156 3.0865e+02     7.3968      0.009      0.013    23.6018 0.0000e+00
      0.010      0.001     5.6382     83.481     36.312  35.311227     3.0953      8.023   210.3595 3.1960e+02     7.3966      0.008      0.013    23.6052 0.0000e+00
      0.014      0.003     5.4638     81.563     36.298  35.298637     3.0936      8.016   210.2912 3.2202e+02     7.4353      0.014      0.020    23.6096 0.0000e+00
      0.018      0.005     5.2816     80.461     36.284  35.287097     3.0862      8.010   210.0202 3.0291e+02     7.4716      0.018      0.026    23.6139 0.0000e+00
      0.020      0.008     5.0970     80.071     36.295  35.298627     3.0842      8.004   209.4925 2.8667e+02     7.4419      0.020      0.029    23.6163 0.0000e+00
      0.020      0.013     4.9383     80.112     36.307  35.311111     3.0774      7.996   208.9003 2.9677e+02     7.4374      0.021      0.030    23.6172 0.0000e+00
      0.020      0.019     4.8195     80.350     36.307  35.311112     3.0478      7.988   208.6253 3.1882e+02     7.5476      0.020      0.029    23.6187 0.0000e+00
      0.023      0.025     4.7571     80.667     36.295  35.298637     3.0211      7.979   208.6619 3.2877e+02     7.6596      0.020      0.029    23.6202 0.0000e+00
      0.031      0.028     4.7411     81.005     36.285  35.287211     3.0237      7.971   208.8270 3.2024e+02     7.6774      0.027      0.039    23.6215 0.0000e+00
      0.047      0.028     4.7484     81.345     36.298  35.299895     3.0185      7.963   208.9002 3.0286e+02     7.5991      0.045      0.067    23.6230 0.0000e+00
      0.062      0.027     4.7643     81.705     36.323  35.325062     2.9920      7.954   208.8595 2.9898e+02     7.4665      0.066      0.095    23.6234 0.0000e+00
      0.068      0.023     4.7847     82.049     36.336  35.337633     2.9728      7.946   208.9368 3.1066e+02     7.3845      0.069      0.100    23.6209 0.0000e+00
      0.066      0.016     4.8054     82.247     36.323  35.324949     2.9693      7.939   209.0603 3.1173e+02     7.3618      0.063      0.092    23.6185 0.0000e+00
      0.065      0.009     4.8244     82.221     36.295  35.298636     2.9745      7.932   209.0625 2.9763e+02     7.3561      0.062      0.090    23.6195 0.0000e+00
      0.068      0.004     4.8460     82.051     36.268  35.273364     2.9755      7.925   209.0495 2.9568e+02     7.3816      0.067      0.097    23.6208 0.0000e+00
      0.072      0.002     4.8703     81.905     36.267  35.273260     2.9724      7.920   209.1614 2.9658e+02     7.4079      0.073      0.106    23.6206 0.0000e+00
      0.072      0.000     4.8841     81.872     36.291  35.297379     2.9722      7.913   209.2959 2.8973e+02     7.4119      0.072      0.104    23.6206 0.0000e+00
      0.071     -0.003     4.8805     81.947     36.305  35.311111     2.9725      7.905   209.2999 2.8606e+02     7.4300      0.069      0.100    23.6214 0.0000e+00
      0.071     -0.006     4.8658     82.163     36.305  35.312359     2.9764      7.897   209.2950 2.8554e+02     7.3971      0.070      0.102    23.6232 0.0000e+00
      0.068     -0.006     4.8544     82.539     36.304  35.312472     2.9847      7.890   209.4959 2.9552e+02     7.2771      0.068      0.099    23.6249 0.0000e+00
      0.063     -0.004     4.8550     83.004     36.304  35.312473     2.9861      7.883   209.7490 3.0552e+02     7.1914      0.062      0.090    23.6251 0.0000e+00
      0.060      0.000     4.8570     83.412     36.304  35.312370     2.9760      7.877   209.8607 3.0459e+02     7.2122      0.058      0.083    23.6251 0.0000e+00
      0.061      0.003     4.8694     83.645     36.303  35.311225     2.9577      7.870   209.9867 3.0708e+02     7.2993      0.059      0.085    23.6266 0.0000e+00
      0.066      0.006     4.8930     83.730     36.291  35.298636     2.9297      7.863   210.1537 3.0771e+02     7.3932      0.065      0.094    23.6282 0.0000e+00
      0.070      0.008     4.9236     83.786     36.279  35.287096     2.9062      7.856   210.2452 2.9495e+02     7.4288      0.070      0.102    23.6292 0.0000e+00
      0.073      0.009     4.9517     83.896     36.291  35.298626     2.8986      7.850   210.2325 2.8509e+02     7.4022      0.072      0.105    23.6289 0.0000e+00
      0.073      0.008     4.9642     84.034     36.304  35.311109     2.9075      7.844   210.1726 2.9311e+02     7.3994      0.072      0.104    23.6279 0.0000e+00
      0.074      0.007     4.9665     84.134     36.304  35.311099     2.9194      7.837   210.2948 3.0216e+02     7.4279      0.072      0.105    23.6275 0.0000e+00
      0.076      0.006     4.9671     84.171     36.292  35.298500     2.9199      7.832   210.5922 2.9912e+02     7.4523      0.074      0.107    23.6272 0.0000e+00
      0.079      0.006     4.9752     84.162     36.279  35.285712     2.9221      7.827   210.8423 2.9289e+02     7.4650      0.077      0.112    23.6269 0.0000e+00
      0.081      0.005     4.9851     84.131     36.277  35.283416     2.9372      7.821   210.9957 2.9118e+02     7.4498      0.080      0.117    23.6270 0.0000e+00
      0.083      0.004     4.9915     84.086     36.264  35.270731     2.9641      7.816   211.0698 2.9675e+02     7.4324      0.082      0.119    23.6265 0.0000e+00
      0.083      0.003     4.9932     84.024     36.252  35.259276     2.9790      7.811   211.1372 2.9952e+02     7.4505      0.081      0.118    23.6256 0.0000e+00
      0.082      0.003     4.9921     83.906     36.266  35.271854     2.9782      7.807   211.2941 2.9535e+02     7.4729      0.080      0.117    23.6255 0.0000e+00
      0.082      0.004     4.9902     83.705     36.291  35.295877     2.9797      7.803   211.5038 2.9280e+02     7.4409      0.080      0.117    23.6255 0.0000e+00
      0.083      0.007     4.9874     83.472     36.292  35.295859     2.9726      7.798   211.6081 2.9061e+02     7.4574      0.081      0.118    23.6253 0.0000e+00
      0.084      0.011     4.9845     83.289     36.269  35.271637     2.9621      7.793   211.6077 2.8999e+02     7.6066      0.082      0.119    23.6249 0.0000e+00
      0.088      0.013     4.9792     83.171     36.255  35.256874     2.9649      7.788   211.6720 2.9184e+02     7.7051      0.084      0.123    23.6239 0.0000e+00
      0.093      0.014     4.9657     83.074     36.244  35.244295     2.9717      7.783   211.7834 2.8799e+02     7.6647      0.090      0.131    23.6228 0.0000e+00
      0.100      0.013     4.9496     82.967     36.247  35.246489     2.9745      7.778   211.8361 2.8693e+02     7.6755      0.098      0.143    23.6214 0.0000e+00
      0.105      0.010     4.9387     82.851     36.285  35.283396     2.9730      7.773   211.9644 2.8958e+02     7.8025      0.105      0.152    23.6202 0.0000e+00
      0.107      0.005     4.9334     82.713     36.311  35.309726     2.9711      7.767   212.2167 2.8753e+02     7.8899      0.106      0.154    23.6180 0.0000e+00
      0.106      0.001     4.9287     82.534     36.312  35.310974     2.9778      7.762   212.3912 2.8668e+02     7.8800      0.104      0.150    23.6151 0.0000e+00
      0.103      0.000     4.9218     82.279     36.299  35.298490     2.9755      7.757   212.4393 2.8804e+02     7.6497      0.101      0.146    23.6140 0.0000e+00
      0.101      0.000     4.9156     81.861     36.288  35.285711     2.9521      7.751   212.4544 2.9005e+02     7.2354      0.098      0.142    23.6149 0.0000e+00
      0.100      0.001     4.9075     81.241     36.288  35.283406     2.9287      7.746   212.4870 2.9052e+02     7.0007      0.097      0.140    23.6159 0.0000e+00
      0.102      0.004     4.8971     80.519     36.278  35.270608     2.9173      7.742   212.5764 2.8993e+02     6.9747      0.100      0.145    23.6164 0.0000e+00
      0.105      0.006     4.8843     79.834     36.268  35.257905     2.9272      7.737   212.7609 2.8965e+02     7.1503      0.103      0.149    23.6157 0.0000e+00
      0.108      0.006     4.8617     79.264     36.270  35.256740     2.9528      7.731   212.9973 2.8750e+02     7.4521      0.107      0.153    23.6133 0.0000e+00
      0.110      0.005     4.8222     78.843     36.273  35.256521     2.9672      7.724   213.1973 2.8414e+02     7.6089      0.108      0.156    23.6102 0.0000e+00
      0.110      0.004     4.7760     78.543     36.274  35.255253     2.9624      7.718   213.2859 2.8060e+02     7.6379      0.108      0.157    23.6063 0.0000e+00
      0.110      0.002     4.7350     78.336     36.261  35.241405     2.9388      7.712   213.3805 2.7785e+02     7.5721      0.109      0.158    23.6019 0.0000e+00
      0.110      0.000     4.7000     78.209     36.236  35.216018     2.9073      7.705   213.5669 2.7500e+02     7.4683      0.108      0.157    23.5976 0.0000e+00
      0.110     -0.001     4.6767     78.096     36.223  35.202169     2.8930      7.698   213.6461 2.7436e+02     7.3998      0.108      0.157    23.5935 0.0000e+00
      0.110     -0.001     4.6602     77.936     36.222  35.200900     2.8961      7.693   213.6499 2.7564e+02     7.3665      0.108      0.157    23.5903 0.0000e+00
      0.110     -0.001     4.6469     77.677     36.222  35.200671     2.9104      7.689   213.7844 2.7753e+02     7.3609      0.108      0.157    23.5881 0.0000e+00
      0.109     -0.001     4.6423     77.308     36.222  35.199401     2.9273      7.684   213.9828 2.8055e+02     7.2337      0.107      0.155    23.5865 0.0000e+00
      0.108     -0.001     4.6363     76.867     36.207  35.185553     2.9273      7.679   214.1553 2.8366e+02     7.0086      0.106      0.154    23.5851 0.0000e+00
      0.108      0.000     4.6282     76.377     36.182  35.160166     2.9185      7.674   214.2349 2.8504e+02     6.9000      0.106      0.154    23.5840 0.0000e+00
      0.109      0.000     4.6136     75.848     36.167  35.146318     2.9168      7.670   214.2571 2.8525e+02     6.9364      0.107      0.155    23.5834 0.0000e+00
      0.109      0.001     4.5899     75.303     36.166  35.145049     2.9501      7.666   214.4237 2.8609e+02     7.1534      0.107      0.155    23.5831 0.0000e+00
      0.110      0.001     4.5638     74.770     36.166  35.144821     3.0173      7.661   214.7007 2.8476e+02     7.4603      0.108      0.156    23.5830 0.0000e+00
      0.110      0.001     4.5344     74.220     36.166  35.143561     3.0526      7.657   214.9395 2.8394e+02     7.5993      0.108      0.156    23.5830 0.0000e+00
      0.110      0.001     4.5029     73.622     36.152  35.129816     3.0479      7.654   215.0738 2.8223e+02     7.6205      0.108      0.156    23.5827 0.0000e+00
      0.111      0.000     4.4692     73.011     36.129  35.105574     3.0292      7.650   215.2060 2.7831e+02     7.6513      0.109      0.158    23.5823 0.0000e+00
      0.111     -0.001     4.4385     72.414     36.130  35.104314     3.0003      7.645   215.4195 2.7730e+02     7.6759      0.109      0.158    23.5817 0.0000e+00
      0.111     -0.002     4.4076     71.799     36.142  35.114579     2.9760      7.641   215.5895 2.7907e+02     7.6569      0.108      0.157    23.5809 0.0000e+00
      0.110     -0.003     4.3704     71.145     36.131  35.102753     2.9700      7.638   215.7140 2.8116e+02     7.6179      0.109      0.157    23.5797 0.0000e+00
      0.109     -0.004     4.3335     70.488     36.117  35.088266     2.9800      7.633   215.8918 2.8105e+02     7.5320      0.108      0.155    23.5777 0.0000e+00
      0.107     -0.004     4.2993     69.858     36.096  35.066350     2.9835      7.629   216.1042 2.8035e+02     7.3725      0.105      0.152    23.5756 0.0000e+00
      0.106     -0.004     4.2641     69.277     36.057  35.028160     2.9776      7.627   216.3034 2.8225e+02     7.2616      0.104      0.150    23.5737 0.0000e+00
      0.105     -0.004     4.2234     68.748     36.037  35.007329     2.9786      7.624   216.4935 2.8409e+02     7.2074      0.104      0.150    23.5717 0.0000e+00
      0.104     -0.004     4.1848     68.265     36.035  35.004882     2.9946      7.620   216.6816 2.8431e+02     7.2410      0.102      0.148    23.5697 0.0000e+00
      0.104     -0.004     4.1465     67.800     36.030  34.998572     3.0147      7.616   216.8567 2.8305e+02     7.3738      0.101      0.147    23.5681 0.0000e+00
      0.104     -0.003     4.1124     67.327     36.026  34.994504     3.0307      7.613   216.8897 2.8252e+02     7.4366      0.102      0.148    23.5665 0.0000e+00
      0.103     -0.002     4.0812     66.875     36.052  35.019155     3.0497      7.609   216.8234 2.8558e+02     7.4424      0.101      0.147    23.5650 0.0000e+00
      0.101     -0.001     4.0526     66.467     36.077  35.042764     3.0543      7.605   216.9153 2.8910e+02     7.4443      0.100      0.144    23.5640 0.0000e+00
      0.100     -0.000     4.0271     66.119     36.062  35.026079     3.0430      7.602   217.1405 2.9104e+02     7.3614      0.096      0.139    23.5636 0.0000e+00
      0.100      0.002     3.9968     65.853     36.045  35.007819     3.0348      7.597   217.3104 2.8965e+02     7.2600      0.098      0.142    23.5635 0.0000e+00
      0.102      0.004     3.9703     65.674     36.051  35.012392     3.0330      7.591   217.3341 2.8805e+02     7.2338      0.101      0.146    23.5625 0.0000e+00
      0.102      0.005     3.9460     65.569     36.057  35.017892     3.0381      7.585   217.3400 2.8595e+02     7.2412      0.100      0.145    23.5602 0.0000e+00
      0.104      0.005     3.9247     65.510     36.051  35.010850     3.0281      7.580   217.4681 2.8280e+02     7.3172      0.101      0.147    23.5581 0.0000e+00
      0.107      0.004     3.9091     65.438     36.031  34.990712     2.9978      7.576   217.5926 2.8456e+02     7.4633      0.106      0.154    23.5562 0.0000e+00
      0.109      0.004     3.8988     65.295     36.004  34.964806     2.9845      7.571   217.6401 2.8706e+02     7.5659      0.108      0.156    23.5549 0.0000e+00
      0.108      0.003     3.8929     65.070     35.991  34.951487     2.9880      7.566   217.7846 2.8656e+02     7.6075      0.106      0.153    23.5537 0.0000e+00
      0.107      0.002     3.8910     64.749     35.996  34.956612     3.0050      7.561   218.0486 2.8470e+02     7.4748      0.103      0.150    23.5521 0.0000e+00
