Data/DataNotYetUploadedToEDI/Raw_CTD/RawDownloads/082819_fcr20.cnv
* Sea-Bird SBE19plus  Data File:
* FileName = C:\DATA\082819_fcr_0002.hex
* Software version 2.8.0.119 SB_Terminal.dll
* Temperature SN = 7809
* Conductivity SN = 7809
* System UpLoad Time = Aug 28 2019 11:49:36
* <ApplicationData>
* <Seaterm232>
# nquan = 15
# nvalues = 385                         
# units = specified
# name 0 = depFM: Depth [fresh water, m]
# name 1 = dz/dtM: Descent Rate [m/s]
# name 2 = sbeox0ML/L: Oxygen, SBE 43 [ml/l]
# name 3 = sbeox0PS: Oxygen, SBE 43 [% saturation]
# name 4 = specc: Specific Conductance [uS/cm]
# name 5 = c0uS/cm: Conductivity [uS/cm]
# name 6 = flECO-AFL: Fluorescence, WET Labs ECO-AFL/FL [mg/m^3]
# name 7 = ph: pH
# name 8 = orp: Oxidation Reduction Potential [mV]
# name 9 = par/sat/log: PAR/Logarithmic, Satlantic
# name 10 = turbWETntu0: Turbidity, WET Labs ECO [NTU]
# name 11 = prdM: Pressure, Strain Gauge [db]
# name 12 = prdE: Pressure, Strain Gauge [psi]
# name 13 = tv290C: Temperature [ITS-90, deg C]
# name 14 = flag:  0.000e+00
# span 0 =     -0.396,      3.030       
# span 1 =     -0.011,      0.141       
# span 2 =    -0.6031,     6.3238       
# span 3 =     -9.176,    105.748       
# span 4 =     35.965,     79.839       
# span 5 =  34.988939,  71.621354       
# span 6 =     1.7705,     9.5483       
# span 7 =      6.924,      8.478       
# span 8 =   178.2961,   261.4714       
# span 9 = 1.8407e+00, 4.6749e+02       
# span 10 =     6.0121,    13.4866      
# span 11 =     -0.396,      2.971      
# span 12 =     -0.574,      4.310      
# span 13 =    19.8427,    23.7927      
# span 14 = 0.0000e+00, 0.0000e+00      
# interval = seconds: 0.25
# start_time = Aug 28 2019 10:55:46 [Instrument's time stamp, header]
# bad_flag = -9.990e-29
*END*
     -0.396      0.052     5.7908     97.948     36.248  35.354289     1.7705      8.307   206.2664 4.5005e+02    11.6522     -0.396     -0.574    23.6352 0.0000e+00
     -0.373      0.067     5.7880     98.119     36.263  35.380276     1.8167      8.352   207.5228 4.5086e+02    11.8712     -0.366     -0.530    23.6796 0.0000e+00
     -0.348      0.081     5.7848     98.334     36.263  35.388039     1.8322      8.376   206.5534 4.5259e+02    11.4817     -0.339     -0.492    23.7170 0.0000e+00
     -0.326      0.095     5.7884     98.563     36.193  35.321222     2.0359      8.396   204.1820 4.5680e+02     9.9578     -0.320     -0.465    23.7409 0.0000e+00
     -0.303      0.107     5.7935     98.799     36.078  35.207087     2.4325      8.420   202.9420 4.6278e+02     7.9958     -0.296     -0.430    23.7645 0.0000e+00
     -0.278      0.117     5.8017     99.135     36.027  35.150460     2.6566      8.444   203.0898 4.6749e+02     7.0949     -0.274     -0.398    23.7797 0.0000e+00
     -0.249      0.127     5.8136     99.544     36.031  35.144282     2.6831      8.461   203.7325 4.6563e+02     6.9964     -0.249     -0.361    23.7903 0.0000e+00
     -0.212      0.135     5.8288     99.914     36.030  35.132373     2.7523      8.470   204.4314 4.5677e+02     6.9684     -0.210     -0.304    23.7927 0.0000e+00
     -0.170      0.140     5.8390    100.296     36.039  35.133395     2.8952      8.475   204.6572 4.4829e+02     6.9869     -0.164     -0.238    23.7888 0.0000e+00
     -0.130      0.141     5.8596    100.683     36.067  35.156617     2.9802      8.478   204.3975 4.3907e+02     7.0224     -0.127     -0.185    23.7789 0.0000e+00
     -0.094      0.136     5.8928    101.033     36.073  35.159267     2.9909      8.478   204.2165 4.2604e+02     7.0369     -0.091     -0.131    23.7634 0.0000e+00
     -0.061      0.121     5.9103    101.347     36.083  35.165438     3.0939      8.475   204.4478 4.0655e+02     7.1958     -0.059     -0.084    23.7466 0.0000e+00
     -0.028      0.101     5.9363    101.577     36.153  35.231224     3.2889      8.470   204.7852 3.5791e+02     7.5014     -0.030     -0.043    23.7365 0.0000e+00
      0.003      0.080     5.9611    101.696     36.248  35.319995     3.3979      8.464   205.1124 2.9384e+02     7.6508      0.008      0.011    23.7322 0.0000e+00
      0.022      0.060     5.9805    101.704     36.286  35.350201     3.4072      8.457   205.4784 2.6839e+02     7.6261      0.029      0.042    23.7272 0.0000e+00
      0.026      0.040     6.0026    101.624     36.285  35.342563     3.3142      8.449   205.5974 2.7425e+02     7.3996      0.027      0.040    23.7220 0.0000e+00
      0.026      0.023     6.0159    101.384     36.303  35.354571     3.1398      8.441   205.5177 2.7191e+02     7.0093      0.024      0.036    23.7198 0.0000e+00
      0.028      0.011     6.0244    100.738     36.321  35.368451     3.0501      8.431   205.4618 2.6113e+02     6.8073      0.027      0.040    23.7152 0.0000e+00
      0.032      0.005     6.0243     99.418     36.338  35.383436     3.0449      8.423   205.4374 2.5595e+02     6.7597      0.032      0.047    23.7051 0.0000e+00
      0.034      0.004     6.0220     97.459     36.365  35.408813     3.0424      8.415   205.4809 2.5559e+02     6.6964      0.034      0.049    23.6949 0.0000e+00
      0.033      0.004     6.0137     95.172     36.378  35.421412     3.0370      8.407   205.6447 2.5316e+02     6.6648      0.032      0.046    23.6872 0.0000e+00
      0.032      0.003     5.9846     92.852     36.365  35.408824     3.0320      8.399   205.9548 2.5055e+02     6.7051      0.030      0.044    23.6822 0.0000e+00
      0.033      0.001     5.9056     90.750     36.339  35.383551     3.0330      8.391   206.3909 2.5024e+02     6.7577      0.031      0.045    23.6800 0.0000e+00
      0.036     -0.002     5.7804     89.064     36.324  35.369714     3.0323      8.383   206.7884 2.5086e+02     6.7434      0.036      0.052    23.6791 0.0000e+00
      0.038     -0.005     5.6398     87.890     36.323  35.368457     3.0152      8.375   207.0611 2.5292e+02     6.7286      0.040      0.058    23.6790 0.0000e+00
      0.036     -0.009     5.4970     87.225     36.323  35.368352     2.9905      8.368   207.3650 2.5797e+02     6.7429      0.037      0.054    23.6792 0.0000e+00
      0.031     -0.011     5.3680     86.948     36.323  35.368446     2.9766      8.361   207.7952 2.6656e+02     6.7526      0.030      0.044    23.6796 0.0000e+00
      0.024     -0.011     5.2659     86.790     36.323  35.369599     2.9689      8.355   208.2190 2.7663e+02     6.7468      0.023      0.034    23.6804 0.0000e+00
      0.018     -0.009     5.1969     86.558     36.335  35.382292     2.9757      8.349   208.4452 2.8206e+02     6.6732      0.017      0.025    23.6806 0.0000e+00
      0.016     -0.006     5.1584     86.167     36.346  35.394977     3.0069      8.341   208.5515 2.7822e+02     6.5516      0.014      0.020    23.6804 0.0000e+00
      0.018     -0.001     5.1501     85.507     36.345  35.396035     3.0339      8.334   208.7290 2.7177e+02     6.4883      0.018      0.026    23.6811 0.0000e+00
      0.021      0.003     5.1448     84.574     36.343  35.395091     3.0416      8.329   208.8705 2.7061e+02     6.4978      0.021      0.031    23.6823 0.0000e+00
      0.022      0.007     5.1303     83.485     36.329  35.383561     3.0304      8.324   208.8857 2.7170e+02     6.5353      0.021      0.031    23.6836 0.0000e+00
      0.023      0.009     5.1117     82.368     36.327  35.383570     3.0021      8.319   208.9125 2.7071e+02     6.5485      0.022      0.031    23.6855 0.0000e+00
      0.025      0.009     5.0717     81.372     36.338  35.395204     2.9766      8.314   208.8506 2.6726e+02     6.5269      0.023      0.034    23.6883 0.0000e+00
      0.028      0.010     5.0130     80.709     36.339  35.397293     2.9655      8.308   208.5682 2.6256e+02     6.5350      0.027      0.039    23.6913 0.0000e+00
      0.032      0.013     4.9458     80.614     36.350  35.408823     2.9890      8.301   208.4232 2.5868e+02     6.6471      0.031      0.045    23.6940 0.0000e+00
      0.035      0.018     4.8769     81.170     36.349  35.407679     3.0536      8.291   208.6455 2.5492e+02     6.8333      0.034      0.050    23.6965 0.0000e+00
      0.038      0.024     4.8130     82.228     36.326  35.383457     3.0962      8.280   208.9340 2.4970e+02     6.9182      0.036      0.053    23.6984 0.0000e+00
      0.043      0.032     4.7680     83.565     36.314  35.369827     3.0958      8.267   209.1576 2.4389e+02     6.9197      0.041      0.059    23.6994 0.0000e+00
      0.052      0.041     4.7594     84.991     36.314  35.369817     3.1012      8.254   209.3698 2.3738e+02     7.0159      0.049      0.071    23.7000 0.0000e+00
      0.065      0.047     4.7973     86.331     36.328  35.383333     3.1185      8.245   209.4353 2.2895e+02     7.1634      0.063      0.091    23.6996 0.0000e+00
      0.080      0.050     4.8652     87.478     36.352  35.406317     3.1226      8.239   209.4337 2.1635e+02     7.2294      0.078      0.114    23.6977 0.0000e+00
      0.098      0.047     4.9476     88.360     36.339  35.393833     3.1071      8.234   209.4362 2.0015e+02     7.2234      0.096      0.140    23.6952 0.0000e+00
      0.114      0.037     5.0371     88.896     36.304  35.359329     3.0876      8.229   209.4646 1.8652e+02     7.1890      0.114      0.164    23.6937 0.0000e+00
      0.125      0.023     5.1176     89.032     36.314  35.369941     3.1125      8.224   209.6050 1.8017e+02     7.1079      0.125      0.181    23.6936 0.0000e+00
      0.130      0.011     5.1872     88.827     36.337  35.395214     3.1824      8.219   209.7570 1.8151e+02     6.9968      0.130      0.189    23.6940 0.0000e+00
      0.125      0.002     5.2410     88.445     36.352  35.411028     3.2216      8.214   210.0128 1.8710e+02     6.9607      0.125      0.181    23.6941 0.0000e+00
      0.115     -0.003     5.2747     87.954     36.375  35.434210     3.2229      8.207   210.3740 1.9150e+02     6.9992      0.111      0.161    23.6934 0.0000e+00
      0.110     -0.003     5.2816     87.270     36.362  35.421638     3.1979      8.199   210.6827 1.9193e+02     6.9703      0.104      0.151    23.6941 0.0000e+00
      0.112     -0.001     5.2641     86.345     36.326  35.385963     3.1445      8.193   210.9063 1.8943e+02     6.8731      0.108      0.156    23.6976 0.0000e+00
      0.118      0.004     5.2394     85.263     36.324  35.383675     3.1154      8.187   211.0126 1.8696e+02     6.8080      0.116      0.169    23.7009 0.0000e+00
      0.122      0.006     5.2133     84.172     36.335  35.393965     3.1141      8.180   210.2477 1.8617e+02     6.7405      0.122      0.177    23.7023 0.0000e+00
      0.123      0.006     5.1748     83.248     36.325  35.383447     3.1202      8.173   207.5077 1.8606e+02     6.6785      0.121      0.175    23.7013 0.0000e+00
      0.123      0.004     5.1171     82.599     36.326  35.383437     3.1380      8.168   204.1264 1.8546e+02     6.6811      0.119      0.173    23.7000 0.0000e+00
      0.123      0.002     5.0508     82.206     36.337  35.393842     3.1560      8.164   203.0059 1.8581e+02     6.7065      0.121      0.176    23.6999 0.0000e+00
      0.122      0.001     4.9813     81.980     36.326  35.382311     3.1640      8.160   203.3382 1.8708e+02     6.7234      0.119      0.173    23.6995 0.0000e+00
      0.122      0.001     4.9242     81.854     36.315  35.370952     3.1471      8.155   202.6368 1.8884e+02     6.7218      0.117      0.171    23.6987 0.0000e+00
      0.123      0.002     4.8869     81.853     36.328  35.383435     3.1171      8.149   201.5814 1.9236e+02     6.7199      0.122      0.175    23.6977 0.0000e+00
      0.124      0.003     4.8657     82.004     36.352  35.406315     3.1051      8.144   201.0741 1.9638e+02     6.7329      0.123      0.177    23.6961 0.0000e+00
      0.124      0.005     4.8548     82.263     36.340  35.393718     3.1061      8.139   200.8911 1.9869e+02     6.7485      0.121      0.175    23.6943 0.0000e+00
      0.124      0.006     4.8460     82.536     36.304  35.358059     3.1202      8.134   200.8311 1.9812e+02     6.8103      0.121      0.176    23.6936 0.0000e+00
      0.127      0.007     4.8449     82.750     36.302  35.355969     3.1451      8.129   200.6927 1.9636e+02     6.8903      0.125      0.181    23.6936 0.0000e+00
      0.129      0.008     4.8552     82.907     36.314  35.368454     3.1564      8.124   200.5952 1.9523e+02     6.9284      0.127      0.184    23.6934 0.0000e+00
      0.131      0.009     4.8725     83.031     36.329  35.382074     3.1604      8.118   200.5123 1.9424e+02     6.9436      0.128      0.186    23.6928 0.0000e+00
      0.133      0.008     4.8910     83.082     36.341  35.393708     3.1675      8.112   200.4647 1.9272e+02     6.8780      0.130      0.188    23.6922 0.0000e+00
      0.137      0.007     4.9033     82.974     36.330  35.382187     3.1655      8.108   200.6213 1.9121e+02     6.7570      0.135      0.195    23.6919 0.0000e+00
      0.140      0.006     4.9112     82.625     36.318  35.369702     3.1534      8.105   200.7716 1.9096e+02     6.6931      0.138      0.200    23.6918 0.0000e+00
      0.141      0.005     4.9201     82.068     36.318  35.369700     3.1505      8.101   200.8190 1.9186e+02     6.6959      0.138      0.200    23.6914 0.0000e+00
      0.140      0.005     4.9246     81.407     36.331  35.382165     3.1563      8.099   200.9366 1.9292e+02     6.7258      0.137      0.199    23.6902 0.0000e+00
      0.140      0.006     4.9212     80.714     36.343  35.393466     3.1277      8.095   201.0742 1.9332e+02     6.7263      0.137      0.199    23.6894 0.0000e+00
      0.141      0.007     4.8995     80.056     36.329  35.379409     3.0738      8.090   201.2789 1.9338e+02     6.7017      0.138      0.200    23.6888 0.0000e+00
      0.143      0.009     4.8633     79.463     36.288  35.339136     3.0428      8.084   201.5186 1.9316e+02     6.6908      0.140      0.204    23.6883 0.0000e+00
      0.147      0.010     4.8236     78.916     36.235  35.287331     3.0299      8.078   201.6496 1.9241e+02     6.6924      0.143      0.207    23.6880 0.0000e+00
      0.152      0.009     4.7807     78.385     36.209  35.260790     3.0305      8.072   201.7445 1.9152e+02     6.6559      0.149      0.216    23.6875 0.0000e+00
      0.156      0.007     4.7409     77.807     36.222  35.272110     3.0420      8.067   201.8045 1.9095e+02     6.5774      0.154      0.223    23.6873 0.0000e+00
      0.157      0.005     4.7070     77.156     36.248  35.297257     3.0469      8.062   201.8587 1.9071e+02     6.5296      0.155      0.224    23.6870 0.0000e+00
      0.156      0.002     4.6744     76.483     36.263  35.310970     3.0384      8.059   202.0565 1.9023e+02     6.5045      0.153      0.222    23.6859 0.0000e+00
      0.154     -0.001     4.6450     75.799     36.263  35.310968     3.0251      8.057   202.3888 1.8960e+02     6.5356      0.151      0.219    23.6844 0.0000e+00
      0.154     -0.002     4.6123     75.104     36.249  35.297233     3.0246      8.056   202.6938 1.8938e+02     6.6432      0.151      0.219    23.6833 0.0000e+00
      0.154     -0.001     4.5708     74.433     36.224  35.271846     3.0331      8.053   202.9044 1.8986e+02     6.7249      0.152      0.220    23.6828 0.0000e+00
      0.153      0.001     4.5317     73.816     36.209  35.257885     3.0412      8.049   202.9559 1.9067e+02     6.7368      0.150      0.216    23.6821 0.0000e+00
      0.152      0.003     4.4916     73.271     36.207  35.255367     3.0437      8.046   202.9728 1.9125e+02     6.7543      0.149      0.216    23.6814 0.0000e+00
      0.153      0.005     4.4492     72.807     36.193  35.241405     3.0381      8.043   203.1952 1.9135e+02     6.8698      0.150      0.218    23.6808 0.0000e+00
      0.156      0.006     4.4089     72.395     36.168  35.216009     3.0431      8.039   203.4082 1.9077e+02     6.9533      0.153      0.222    23.6804 0.0000e+00
      0.159      0.006     4.3723     71.986     36.154  35.202170     3.0513      8.035   203.4828 1.8990e+02     6.9126      0.156      0.226    23.6802 0.0000e+00
      0.161      0.004     4.3394     71.549     36.153  35.201015     3.0420      8.030   203.6669 1.8894e+02     6.8689      0.158      0.230    23.6800 0.0000e+00
      0.163      0.002     4.3126     71.062     36.154  35.202045     3.0349      8.026   203.9125 1.8807e+02     6.7857      0.160      0.233    23.6797 0.0000e+00
      0.163      0.001     4.2898     70.543     36.167  35.214623     3.0437      8.023   204.0439 1.8778e+02     6.6281      0.161      0.234    23.6792 0.0000e+00
      0.161      0.001     4.2655     70.041     36.179  35.226161     3.0531      8.019   204.2231 1.8769e+02     6.5363      0.159      0.230    23.6786 0.0000e+00
      0.158      0.002     4.2410     69.616     36.168  35.214612     3.0446      8.014   204.5303 1.8714e+02     6.5278      0.154      0.224    23.6779 0.0000e+00
      0.157      0.003     4.2112     69.280     36.156  35.201920     3.0182      8.009   204.7473 1.8571e+02     6.5256      0.152      0.220    23.6779 0.0000e+00
      0.161      0.004     4.1797     68.972     36.154  35.199631     2.9943      8.004   204.8680 1.8402e+02     6.5091      0.157      0.228    23.6775 0.0000e+00
      0.166      0.004     4.1486     68.667     36.141  35.186937     2.9888      8.000   205.1288 1.8347e+02     6.4925      0.164      0.238    23.6765 0.0000e+00
      0.168      0.003     4.1223     68.354     36.130  35.175377     2.9957      7.995   205.4914 1.8425e+02     6.5215      0.166      0.241    23.6758 0.0000e+00
      0.167      0.002     4.1055     68.015     36.142  35.186802     3.0433      7.990   205.7246 1.8510e+02     6.6629      0.164      0.238    23.6751 0.0000e+00
