Data/DataNotYetUploadedToEDI/Raw_CTD/RawDownloads/082819_fcr10.cnv
* Sea-Bird SBE19plus  Data File:
* FileName = C:\DATA\082819_fcr_0001.hex
* Software version 2.8.0.119 SB_Terminal.dll
* Temperature SN = 7809
* Conductivity SN = 7809
* System UpLoad Time = Aug 28 2019 11:49:23
* <ApplicationData>
* <Seaterm232>
# nquan = 15
# nvalues = 259                         
# units = specified
# name 0 = depFM: Depth [fresh water, m]
# name 1 = dz/dtM: Descent Rate [m/s]
# name 2 = sbeox0ML/L: Oxygen, SBE 43 [ml/l]
# name 3 = sbeox0PS: Oxygen, SBE 43 [% saturation]
# name 4 = specc: Specific Conductance [uS/cm]
# name 5 = c0uS/cm: Conductivity [uS/cm]
# name 6 = flECO-AFL: Fluorescence, WET Labs ECO-AFL/FL [mg/m^3]
# name 7 = ph: pH
# name 8 = orp: Oxidation Reduction Potential [mV]
# name 9 = par/sat/log: PAR/Logarithmic, Satlantic
# name 10 = turbWETntu0: Turbidity, WET Labs ECO [NTU]
# name 11 = prdM: Pressure, Strain Gauge [db]
# name 12 = prdE: Pressure, Strain Gauge [psi]
# name 13 = tv290C: Temperature [ITS-90, deg C]
# name 14 = flag:  0.000e+00
# span 0 =     -0.343,      2.243       
# span 1 =     -0.003,      0.090       
# span 2 =     1.9340,     6.1319       
# span 3 =     32.123,    102.539       
# span 4 =     36.287,     40.262       
# span 5 =  35.315275,  38.377847       
# span 6 =     2.1382,     3.6533       
# span 7 =      7.382,      8.897       
# span 8 =   206.6498,   254.7510       
# span 9 = 7.1393e+00, 5.2484e+02       
# span 10 =     6.2581,     7.6994      
# span 11 =     -0.344,      2.200      
# span 12 =     -0.500,      3.191      
# span 13 =    22.6465,    24.2541      
# span 14 = 0.0000e+00, 0.0000e+00      
# interval = seconds: 0.25
# start_time = Aug 28 2019 10:35:43 [Instrument's time stamp, header]
# bad_flag = -9.990e-29
*END*
[from data line 97]
      0.005      0.001     3.7627     62.586     37.025  36.267595     3.2987      8.452   232.3155 1.9972e+02     7.3907      0.005      0.007    23.9597 0.0000e+00
      0.005      0.002     3.7426     62.290     37.016  36.260670     3.2921      8.450   232.4695 2.0020e+02     7.4331      0.005      0.007    23.9629 0.0000e+00
      0.005      0.002     3.7270     62.011     36.995  36.242106     3.2469      8.446   232.3658 1.9970e+02     7.2888      0.005      0.007    23.9657 0.0000e+00
      0.006      0.002     3.7068     61.757     36.984  36.233554     3.1596      8.440   230.1158 1.9833e+02     6.9570      0.005      0.007    23.9684 0.0000e+00
      0.007      0.002     3.6873     61.520     36.970  36.220744     3.1123      8.435   225.9141 1.9749e+02     6.7968      0.007      0.009    23.9713 0.0000e+00
      0.008      0.004     3.6702     61.274     36.962  36.214169     3.1087      8.430   225.2716 1.9703e+02     6.8263      0.008      0.011    23.9743 0.0000e+00
      0.008      0.008     3.6532     61.059     36.965  36.217520     3.1242      8.415   228.7996 1.9754e+02     6.9540      0.009      0.013    23.9767 0.0000e+00
      0.008      0.014     3.6379     60.966     36.944  36.197796     3.1531      8.390   230.8861 1.9956e+02     7.1275      0.008      0.011    23.9793 0.0000e+00
      0.010      0.021     3.6253     61.014     36.911  36.166099     3.1627      8.373   230.9687 2.0163e+02     7.1870      0.007      0.009    23.9811 0.0000e+00
      0.016      0.030     3.6098     61.205     36.900  36.151626     3.1623      8.363   230.9160 2.0001e+02     7.1815      0.014      0.019    23.9831 0.0000e+00
      0.027      0.039     3.5939     61.630     36.903  36.149744     3.1650      8.349   230.6796 1.9348e+02     7.2580      0.027      0.039    23.9840 0.0000e+00
      0.039      0.046     3.5887     62.307     36.899  36.143330     3.1698      8.339   229.3150 1.8591e+02     7.3906      0.037      0.054    23.9838 0.0000e+00
      0.053      0.052     3.5924     63.068     36.895  36.137550     3.1766      8.334   226.1176 1.7739e+02     7.4415      0.050      0.072    23.9873 0.0000e+00
      0.070      0.054     3.6010     63.752     36.904  36.143319     3.1774      8.330   222.7368 1.7033e+02     7.4152      0.071      0.103    23.9823 0.0000e+00
      0.083      0.054     3.6247     64.282     36.913  36.149609     3.1716      8.330   220.7885 1.6860e+02     7.3999      0.082      0.120    23.9713 0.0000e+00
      0.096      0.052     3.6705     64.620     36.917  36.150120     3.1675      8.331   219.7683 1.6876e+02     7.3877      0.090      0.130    23.9714 0.0000e+00
      0.111      0.051     3.7187     64.785     36.919  36.149495     3.1713      8.333   219.0063 1.7101e+02     7.3333      0.109      0.160    23.9696 0.0000e+00
      0.125      0.051     3.7603     64.805     36.913  36.142050     3.1741      8.334   218.4585 1.7643e+02     7.2667      0.125      0.182    23.9632 0.0000e+00
      0.134      0.054     3.7935     64.722     36.893  36.123578     3.1753      8.332   218.1346 1.8043e+02     7.2378      0.128      0.186    23.9604 0.0000e+00
      0.144      0.058     3.8123     64.646     36.885  36.116553     3.2026      8.326   218.0161 1.8215e+02     7.2133      0.139      0.201    23.9556 0.0000e+00
      0.159      0.060     3.8219     64.692     36.890  36.120592     3.2448      8.319   217.9726 1.8352e+02     7.2000      0.156      0.227    23.9511 0.0000e+00
      0.178      0.062     3.8229     64.895     36.881  36.108938     3.2522      8.309   217.8658 1.8417e+02     7.2076      0.174      0.251    23.9510 0.0000e+00
      0.199      0.062     3.8154     65.226     36.880  36.102581     3.2394      8.298   217.9295 1.8439e+02     7.2063      0.197      0.285    23.9511 0.0000e+00
      0.217      0.060     3.8075     65.616     36.889  36.107192     3.2201      8.287   218.3124 1.8436e+02     7.1847      0.215      0.312    23.9516 0.0000e+00
      0.230      0.057     3.8103     65.998     36.887  36.101213     3.1841      8.274   218.7099 1.8341e+02     7.1758      0.227      0.328    23.9527 0.0000e+00
      0.241      0.054     3.8229     66.347     36.883  36.093760     3.1677      8.260   219.0355 1.8167e+02     7.2302      0.237      0.342    23.9472 0.0000e+00
      0.252      0.053     3.8445     66.651     36.872  36.080545     3.1697      8.250   219.4965 1.7828e+02     7.2522      0.246      0.357    23.9396 0.0000e+00
      0.265      0.054     3.8703     66.931     36.861  36.068370     3.1815      8.243   220.0672 1.7224e+02     7.2132      0.259      0.375    23.9335 0.0000e+00
      0.280      0.058     3.8925     67.239     36.869  36.073481     3.2152      8.236   220.6016 1.6506e+02     7.1836      0.274      0.397    23.9284 0.0000e+00
      0.296      0.063     3.9145     67.634     36.878  36.078869     3.2298      8.226   221.1403 1.5843e+02     7.1571      0.291      0.423    23.9232 0.0000e+00
      0.311      0.068     3.9323     68.173     36.872  36.070048     3.2194      8.215   221.5905 1.5184e+02     7.1542      0.304      0.442    23.9190 0.0000e+00
      0.329      0.071     3.9472     68.811     36.832  36.030286     3.2019      8.206   221.9149 1.4426e+02     7.1818      0.320      0.465    23.9193 0.0000e+00
      0.350      0.072     3.9649     69.443     36.780  35.978927     3.1753      8.198   222.3090 1.3606e+02     7.1966      0.343      0.497    23.9173 0.0000e+00
      0.371      0.073     3.9862     69.994     36.760  35.956835     3.1664      8.191   222.7419 1.2871e+02     7.2016      0.367      0.532    23.9099 0.0000e+00
      0.389      0.074     4.0199     70.407     36.760  35.953579     3.1728      8.184   223.1912 1.2230e+02     7.2101      0.382      0.554    23.9046 0.0000e+00
      0.405      0.075     4.0605     70.657     36.752  35.939551     3.1658      8.177   223.7837 1.1541e+02     7.2007      0.396      0.576    23.9069 0.0000e+00
      0.424      0.076     4.0984     70.764     36.734  35.914156     3.1591      8.168   224.3131 1.0859e+02     7.1857      0.415      0.603    23.9056 0.0000e+00
      0.443      0.076     4.1331     70.782     36.725  35.900411     3.1615      8.158   224.6013 1.0252e+02     7.1931      0.436      0.631    23.9019 0.0000e+00
      0.463      0.076     4.1579     70.787     36.726  35.900287     3.1686      8.150   224.8593 9.6535e+01     7.2250      0.454      0.658    23.8985 0.0000e+00
      0.485      0.075     4.1730     70.806     36.739  35.912657     3.1847      8.145   225.1098 9.0844e+01     7.2428      0.475      0.690    23.8903 0.0000e+00
      0.506      0.072     4.1795     70.810     36.751  35.923033     3.1994      8.141   225.3081 8.6286e+01     7.2114      0.500      0.724    23.8778 0.0000e+00
      0.524      0.068     4.1788     70.782     36.728  35.898801     3.2079      8.137   225.6211 8.2885e+01     7.1732      0.515      0.747    23.8687 0.0000e+00
      0.538      0.064     4.1785     70.707     36.703  35.873537     3.2091      8.132   226.0549 7.9849e+01     7.1748      0.527      0.764    23.8706 0.0000e+00
      0.553      0.061     4.1809     70.565     36.701  35.871447     3.2148      8.125   226.5094 7.6727e+01     7.1978      0.542      0.787    23.8710 0.0000e+00
      0.568      0.059     4.1814     70.378     36.704  35.873535     3.1991      8.117   226.9001 7.3904e+01     7.0905      0.558      0.809    23.8668 0.0000e+00
      0.583      0.057     4.1802     70.160     36.729  35.898789     3.1488      8.108   227.2512 7.1280e+01     6.8605      0.571      0.828    23.8635 0.0000e+00
      0.598      0.054     4.1767     69.886     36.753  35.922907     3.1176      8.100   227.6573 6.8650e+01     6.7440      0.586      0.851    23.8631 0.0000e+00
      0.613      0.050     4.1677     69.585     36.741  35.911263     3.1077      8.095   227.9383 6.6485e+01     6.7306      0.601      0.873    23.8637 0.0000e+00
      0.626      0.047     4.1553     69.305     36.714  35.884941     3.1253      8.092   228.0681 6.4668e+01     6.7642      0.615      0.891    23.8634 0.0000e+00
      0.637      0.044     4.1446     69.042     36.686  35.858531     3.1659      8.088   228.2802 6.2992e+01     6.8554      0.625      0.906    23.8640 0.0000e+00
      0.646      0.043     4.1272     68.806     36.673  35.845828     3.1737      8.082   228.6098 6.1441e+01     6.9154      0.632      0.917    23.8645 0.0000e+00
      0.654      0.044     4.1074     68.624     36.687  35.858284     3.1585      8.075   229.0418 5.9965e+01     6.9328      0.641      0.930    23.8652 0.0000e+00
      0.664      0.045     4.0922     68.519     36.714  35.882194     3.1554      8.067   229.5449 5.8480e+01     7.0006      0.651      0.945    23.8659 0.0000e+00
      0.676      0.048     4.0759     68.479     36.715  35.881039     3.1621      8.058   229.9611 5.6903e+01     7.1126      0.663      0.960    23.8664 0.0000e+00
      0.690      0.051     4.0618     68.467     36.680  35.844320     3.1706      8.049   230.2886 5.5391e+01     7.1396      0.677      0.981    23.8667 0.0000e+00
      0.705      0.053     4.0499     68.447     36.656  35.819047     3.1716      8.040   230.6646 5.4136e+01     7.1302      0.692      1.004    23.8660 0.0000e+00
      0.719      0.054     4.0446     68.420     36.667  35.829338     3.1659      8.031   230.9804 5.3054e+01     7.1633      0.705      1.023    23.8618 0.0000e+00
      0.733      0.053     4.0432     68.357     36.680  35.841813     3.2050      8.021   231.2674 5.1949e+01     7.1464      0.718      1.041    23.8578 0.0000e+00
      0.747      0.051     4.0439     68.198     36.680  35.842938     3.2973      8.012   231.7260 5.1005e+01     7.0894      0.733      1.063    23.8560 0.0000e+00
      0.761      0.048     4.0424     67.947     36.679  35.842937     3.3547      8.004   232.1369 5.0195e+01     7.0307      0.746      1.082    23.8531 0.0000e+00
      0.773      0.046     4.0408     67.630     36.676  35.841801     3.3521      7.996   232.3636 4.9387e+01     6.9615      0.759      1.100    23.8511 0.0000e+00
      0.784      0.043     4.0401     67.252     36.663  35.829203     3.3437      7.988   232.6604 4.8786e+01     7.0070      0.769      1.115    23.8509 0.0000e+00
      0.793      0.041     4.0295     66.842     36.652  35.817548     3.3490      7.980   233.1447 4.8303e+01     7.1550      0.777      1.126    23.8521 0.0000e+00
      0.802      0.040     4.0137     66.445     36.663  35.827830     3.3564      7.970   233.4863 4.7675e+01     7.2431      0.786      1.140    23.8548 0.0000e+00
      0.812      0.040     3.9952     66.068     36.661  35.826581     3.3632      7.962   233.6079 4.6995e+01     7.2530      0.797      1.155    23.8572 0.0000e+00
      0.823      0.040     3.9723     65.709     36.636  35.802441     3.3450      7.956   233.9265 4.6415e+01     7.2742      0.807      1.170    23.8580 0.0000e+00
      0.834      0.041     3.9464     65.373     36.623  35.789841     3.3085      7.950   234.3274 4.5919e+01     7.3679      0.818      1.187    23.8572 0.0000e+00
      0.844      0.042     3.9237     65.059     36.636  35.801171     3.2953      7.943   234.5824 4.5570e+01     7.4691      0.828      1.201    23.8554 0.0000e+00
      0.854      0.043     3.9015     64.787     36.649  35.812493     3.2988      7.937   234.8593 4.5215e+01     7.4816      0.836      1.213    23.8553 0.0000e+00
      0.864      0.045     3.8797     64.578     36.638  35.799788     3.3415      7.932   235.1808 4.4627e+01     7.3550      0.846      1.228    23.8569 0.0000e+00
      0.876      0.048     3.8605     64.438     36.614  35.774501     3.4217      7.926   235.5435 4.3985e+01     7.2173      0.859      1.246    23.8575 0.0000e+00
      0.890      0.052     3.8411     64.341     36.603  35.760620     3.4700      7.918   235.9756 4.3386e+01     7.1932      0.873      1.265    23.8554 0.0000e+00
      0.903      0.054     3.8251     64.274     36.604  35.758885     3.4838      7.911   236.4476 4.2681e+01     7.2267      0.885      1.283    23.8526 0.0000e+00
      0.917      0.056     3.8121     64.246     36.600  35.753515     3.5283      7.905   236.8625 4.1903e+01     7.3604      0.899      1.304    23.8516 0.0000e+00
      0.933      0.057     3.8052     64.217     36.608  35.759170     3.6088      7.897   237.1201 4.1179e+01     7.5649      0.915      1.328    23.8484 0.0000e+00
      0.949      0.057     3.8002     64.151     36.615  35.763780     3.6506      7.890   237.3250 4.0499e+01     7.6668      0.931      1.350    23.8438 0.0000e+00
      0.963      0.056     3.7955     64.082     36.598  35.745783     3.6521      7.882   237.5330 3.9825e+01     7.6750      0.943      1.368    23.8395 0.0000e+00
      0.976      0.055     3.7953     64.012     36.586  35.731972     3.6533      7.873   237.7418 3.9160e+01     7.6632      0.957      1.388    23.8369 0.0000e+00
      0.990      0.054     3.7956     63.917     36.578  35.723736     3.6397      7.866   237.9578 3.8479e+01     7.5905      0.971      1.408    23.8354 0.0000e+00
      1.004      0.054     3.7897     63.828     36.500  35.646206     3.6086      7.859   238.1657 3.7818e+01     7.4845      0.984      1.427    23.8319 0.0000e+00
      1.018      0.055     3.7858     63.948     36.355  35.492719     3.5895      7.851   238.4486 3.7236e+01     7.4291      0.999      1.448    23.8292 0.0000e+00
      1.031      0.056     3.7835     65.057     36.287  35.391174     3.5818      7.843   238.7976 3.6680e+01     7.4126      1.012      1.467    23.8264 0.0000e+00
      1.045      0.057     3.7762     68.387     36.322  35.370422     3.5154      7.835   239.1160 3.6045e+01     7.4163      1.023      1.483    23.8262 0.0000e+00
      1.060      0.058     3.7705     74.331     36.373  35.368655     3.4020      7.827   239.3729 3.5360e+01     7.4086      1.039      1.507    23.8273 0.0000e+00
      1.076      0.059     3.7629     81.656     36.410  35.369737     3.3469      7.819   239.6659 3.4752e+01     7.3518      1.057      1.533    23.8218 0.0000e+00
      1.091      0.061     3.7986     88.764     36.447  35.383448     3.3339      7.809   239.9917 3.4212e+01     7.3200      1.070      1.552    23.7734 0.0000e+00
      1.106      0.063     3.9855     94.732     36.486  35.407474     3.2973      7.799   240.3008 3.3612e+01     7.3186      1.084      1.572    23.6798 0.0000e+00
      1.122      0.065     4.3817     99.072     36.494  35.406341     3.2518      7.789   240.6494 3.2942e+01     7.2702      1.100      1.596    23.6034 0.0000e+00
      1.138      0.067     4.8602    101.657     36.463  35.369729     3.2351      7.779   241.0233 3.2264e+01     7.2263      1.116      1.619    23.5593 0.0000e+00
      1.156      0.069     5.2971    102.539     36.443  35.345601     3.2421      7.770   241.3798 3.1522e+01     7.2137      1.134      1.644    23.5315 0.0000e+00
      1.176      0.069     5.6672    101.902     36.470  35.368481     3.2674      7.763   241.6046 3.0731e+01     7.2487      1.152      1.672    23.5142 0.0000e+00
      1.195      0.068     5.9261    100.319     36.495  35.392496     3.3149      7.757   241.7630 3.0003e+01     7.3550      1.172      1.701    23.5022 0.0000e+00
      1.213      0.066     6.0789     98.529     36.485  35.382090     3.3494      7.751   241.9175 2.9384e+01     7.4165      1.190      1.727    23.4944 0.0000e+00
      1.229      0.063     6.1319     97.022     36.472  35.369594     3.3545      7.745   242.0107 2.8838e+01     7.4028      1.206      1.749    23.4882 0.0000e+00
      1.243      0.061     6.0802     95.936     36.471  35.368345     3.3411      7.737   242.2011 2.8291e+01     7.3863      1.220      1.769    23.4845 0.0000e+00
