Data/DataNotYetUploadedToEDI/Raw_CTD/RawDownloads/082819_fcr20.cnv
* Sea-Bird SBE19plus  Data File:
* FileName = C:\DATA\082819_fcr_0002.hex
* Software version 2.8.0.119 SB_Terminal.dll
* Temperature SN = 7809
* Conductivity SN = 7809
* System UpLoad Time = Aug 28 2019 11:49:36
* <ApplicationData>
* <Seaterm232>
# nquan = 15
# nvalues = 385                         
# units = specified
# name 0 = depFM: Depth [fresh water, m]
# name 1 = dz/dtM: Descent Rate [m/s]
# name 2 = sbeox0ML/L: Oxygen, SBE 43 [ml/l]
# name 3 = sbeox0PS: Oxygen, SBE 43 [% saturation]
# name 4 = specc: Specific Conductance [uS/cm]
# name 5 = c0uS/cm: Conductivity [uS/cm]
# name 6 = flECO-AFL: Fluorescence, WET Labs ECO-AFL/FL [mg/m^3]
# name 7 = ph: pH
# name 8 = orp: Oxidation Reduction Potential [mV]
# name 9 = par/sat/log: PAR/Logarithmic, Satlantic
# name 10 = turbWETntu0: Turbidity, WET Labs ECO [NTU]
# name 11 = prdM: Pressure, Strain Gauge [db]
# name 12 = prdE: Pressure, Strain Gauge [psi]
# name 13 = tv290C: Temperature [ITS-90, deg C]
# name 14 = flag:  0.000e+00
# span 0 =     -0.396,      3.030       
# span 1 =     -0.011,      0.141       
# span 2 =    -0.6031,     6.3238       
# span 3 =     -9.176,    105.748       
# span 4 =     35.965,     79.839       
# span 5 =  34.988939,  71.621354       
# span 6 =     1.7705,     9.5483       
# span 7 =      6.924,      8.478       
# span 8 =   178.2961,   261.4714       
# span 9 = 1.8407e+00, 4.6749e+02       
# span 10 =     6.0121,    13.4866      
# span 11 =     -0.396,      2.971      
# span 12 =     -0.574,      4.310      
# span 13 =    19.8427,    23.7927      
# span 14 = 0.0000e+00, 0.0000e+00      
# interval = seconds: 0.25
# start_time = Aug 28 2019 10:55:46 [Instrument's time stamp, header]
# bad_flag = -9.990e-29
*END*
[from data line 97]
      0.164     -0.002     4.0691     67.231     36.142  35.185439     3.1734      7.981   206.1231 1.8503e+02     6.9572      0.160      0.232    23.6740 0.0000e+00
      0.164     -0.002     4.0512     66.786     36.116  35.160261     3.1729      7.978   206.3839 1.8477e+02     6.9670      0.161      0.233    23.6733 0.0000e+00
      0.164     -0.001     4.0311     66.316     36.103  35.147577     3.1772      7.975   206.6282 1.8493e+02     6.9775      0.161      0.234    23.6727 0.0000e+00
      0.164      0.000     4.0092     65.861     36.115  35.159012     3.1732      7.972   206.7535 1.8541e+02     6.9859      0.161      0.234    23.6720 0.0000e+00
      0.163      0.001     3.9847     65.454     36.129  35.171580     3.1594      7.968   206.7790 1.8586e+02     6.9698      0.160      0.232    23.6713 0.0000e+00
      0.163      0.002     3.9587     65.097     36.130  35.172610     3.1578      7.964   206.9370 1.8618e+02     6.9798      0.159      0.231    23.6711 0.0000e+00
      0.164      0.004     3.9296     64.773     36.130  35.171456     3.1796      7.959   207.1164 1.8613e+02     7.0080      0.160      0.232    23.6710 0.0000e+00
      0.165      0.004     3.9018     64.468     36.117  35.157627     3.2062      7.955   207.2266 1.8568e+02     6.9834      0.162      0.235    23.6703 0.0000e+00
      0.168      0.004     3.8779     64.170     36.091  35.132346     3.2196      7.951   207.4098 1.8517e+02     6.9443      0.165      0.239    23.6694 0.0000e+00
      0.170      0.003     3.8572     63.870     36.078  35.119653     3.2194      7.945   207.6098 1.8492e+02     6.9621      0.167      0.242    23.6683 0.0000e+00
      0.170      0.001     3.8383     63.569     36.090  35.131088     3.2041      7.940   207.7524 1.8530e+02     7.0998      0.167      0.243    23.6673 0.0000e+00
      0.170     -0.001     3.8207     63.281     36.104  35.143666     3.1817      7.936   207.9289 1.8585e+02     7.2981      0.167      0.242    23.6665 0.0000e+00
      0.170     -0.002     3.8030     63.006     36.105  35.144810     3.1657      7.933   208.1085 1.8621e+02     7.3935      0.166      0.241    23.6658 0.0000e+00
      0.168     -0.001     3.7856     62.722     36.105  35.144914     3.1582      7.929   208.2043 1.8713e+02     7.4014      0.166      0.240    23.6652 0.0000e+00
      0.165      0.001     3.7672     62.440     36.106  35.144924     3.1602      7.926   208.3125 1.8805e+02     7.3930      0.161      0.234    23.6648 0.0000e+00
      0.164      0.005     3.7500     62.183     36.107  35.144925     3.1814      7.923   208.4698 1.8737e+02     7.3903      0.159      0.231    23.6651 0.0000e+00
      0.166      0.010     3.7347     61.969     36.108  35.144925     3.2148      7.918   208.6444 1.8589e+02     7.4013      0.163      0.236    23.6652 0.0000e+00
      0.171      0.015     3.7172     61.797     36.108  35.144925     3.2264      7.913   208.7892 1.8403e+02     7.4284      0.166      0.243    23.6643 0.0000e+00
      0.177      0.020     3.7002     61.643     36.109  35.144924     3.2172      7.909   208.8438 1.8135e+02     7.4553      0.172      0.250    23.6631 0.0000e+00
      0.183      0.023     3.6847     61.485     36.110  35.144914     3.2160      7.906   209.0467 1.7918e+02     7.5959      0.180      0.261    23.6620 0.0000e+00
      0.190      0.025     3.6718     61.321     36.110  35.144800     3.2211      7.901   209.4355 1.7724e+02     7.9155      0.187      0.270    23.6612 0.0000e+00
      0.196      0.026     3.6625     61.151     36.109  35.143552     3.2271      7.896   209.6730 1.7502e+02     8.1079      0.192      0.277    23.6604 0.0000e+00
      0.202      0.028     3.6540     60.989     36.096  35.129819     3.2359      7.890   209.8526 1.7273e+02     8.0877      0.198      0.287    23.6594 0.0000e+00
      0.210      0.030     3.6445     60.841     36.071  35.105680     3.2492      7.883   210.1441 1.7022e+02     8.0318      0.205      0.298    23.6585 0.0000e+00
      0.217      0.032     3.6349     60.685     36.071  35.105566     3.2675      7.875   210.3588 1.6742e+02     7.9560      0.213      0.309    23.6578 0.0000e+00
      0.226      0.033     3.6248     60.515     36.096  35.128445     3.2750      7.866   210.4691 1.6383e+02     7.8915      0.221      0.321    23.6572 0.0000e+00
      0.236      0.033     3.6145     60.353     36.096  35.128436     3.2780      7.858   210.6181 1.6019e+02     7.8745      0.232      0.336    23.6564 0.0000e+00
      0.245      0.032     3.6070     60.198     36.073  35.105451     3.2956      7.852   210.8700 1.5767e+02     7.8489      0.242      0.351    23.6556 0.0000e+00
      0.253      0.029     3.5977     60.029     36.072  35.104411     3.3234      7.847   211.1912 1.5549e+02     7.8113      0.249      0.361    23.6553 0.0000e+00
      0.261      0.027     3.5867     59.833     36.084  35.115846     3.3455      7.843   211.4897 1.5310e+02     7.8138      0.256      0.372    23.6548 0.0000e+00
      0.267      0.026     3.5775     59.618     36.085  35.116782     3.3545      7.839   211.8122 1.5129e+02     7.8455      0.262      0.381    23.6540 0.0000e+00
      0.272      0.026     3.5688     59.394     36.085  35.115731     3.3549      7.834   212.2510 1.4915e+02     7.8667      0.265      0.384    23.6533 0.0000e+00
      0.277      0.027     3.5594     59.170     36.072  35.103136     3.3502      7.828   212.7513 1.4623e+02     7.8739      0.271      0.393    23.6528 0.0000e+00
      0.283      0.030     3.5473     58.986     36.062  35.091430     3.3493      7.822   213.3014 1.4312e+02     7.8678      0.278      0.403    23.6524 0.0000e+00
      0.292      0.032     3.5343     58.859     36.072  35.101133     3.3533      7.816   213.8259 1.3937e+02     7.8580      0.285      0.414    23.6518 0.0000e+00
      0.302      0.032     3.5214     58.751     36.064  35.093513     3.3463      7.811   214.1885 1.3533e+02     7.8535      0.295      0.428    23.6511 0.0000e+00
      0.312      0.030     3.5070     58.638     36.032  35.062768     3.3251      7.808   214.5033 1.3128e+02     7.7490      0.305      0.443    23.6503 0.0000e+00
      0.322      0.025     3.4950     58.527     36.015  35.046732     3.3055      7.806   214.7918 1.2733e+02     7.5435      0.315      0.459    23.6495 0.0000e+00
      0.329      0.020     3.4895     58.440     35.995  35.026560     3.2907      7.803   215.0093 1.2408e+02     7.4337      0.324      0.470    23.6487 0.0000e+00
      0.331      0.016     3.4833     58.377     35.978  35.009274     3.2854      7.800   215.3269 1.2145e+02     7.4378      0.326      0.473    23.6479 0.0000e+00
      0.330      0.011     3.4764     58.309     35.998  35.028133     3.3186      7.797   215.7062 1.1840e+02     7.3303      0.322      0.468    23.6480 0.0000e+00
      0.331      0.008     3.4693     58.224     36.036  35.064168     3.3714      7.795   216.0681 1.1448e+02     7.0850      0.323      0.469    23.6488 0.0000e+00
      0.335      0.008     3.4636     58.146     36.038  35.064168     3.3959      7.792   216.5189 1.1072e+02     6.9629      0.330      0.478    23.6489 0.0000e+00
      0.338      0.011     3.4615     58.087     36.003  35.028131     3.4065      7.789   216.9411 1.0805e+02     6.9683      0.334      0.484    23.6479 0.0000e+00
      0.339      0.014     3.4574     58.026     35.985  35.009253     3.4216      7.784   217.2148 1.0605e+02     6.9532      0.333      0.483    23.6472 0.0000e+00
      0.341      0.015     3.4521     57.964     36.004  35.026317     3.4220      7.779   217.4194 1.0368e+02     6.9437      0.332      0.482    23.6463 0.0000e+00
      0.347      0.014     3.4466     57.905     36.023  35.044042     3.4028      7.775   217.6079 1.0093e+02     6.9522      0.339      0.491    23.6431 0.0000e+00
      0.356      0.013     3.4447     57.836     36.012  35.033168     3.3888      7.772   217.8592 9.8993e+01     6.9577      0.350      0.508    23.6400 0.0000e+00
      0.361      0.012     3.4407     57.766     36.001  35.021772     3.3658      7.768   218.2207 9.8413e+01     6.9775      0.356      0.516    23.6389 0.0000e+00
      0.361      0.012     3.4366     57.698     36.013  35.033184     3.3158      7.765   218.6240 9.8576e+01     6.9942      0.354      0.512    23.6377 0.0000e+00
      0.360      0.013     3.4343     57.628     36.024  35.044216     3.2783      7.761   219.0345 9.8502e+01     6.9637      0.352      0.510    23.6363 0.0000e+00
      0.360      0.018     3.4296     57.603     36.007  35.028217     3.2668      7.756   219.4849 9.8157e+01     6.9372      0.352      0.512    23.6349 0.0000e+00
      0.364      0.027     3.4256     57.724     36.008  35.030155     3.2727      7.750   219.9403 9.7671e+01     7.0663      0.356      0.515    23.6338 0.0000e+00
      0.371      0.037     3.4219     58.062     36.046  35.067644     3.2887      7.743   220.3242 9.6069e+01     7.3120      0.361      0.522    23.6335 0.0000e+00
      0.385      0.045     3.4171     58.571     36.078  35.100691     3.2958      7.737   220.6850 9.3182e+01     7.4500      0.375      0.544    23.6334 0.0000e+00
      0.403      0.050     3.4125     59.097     36.088  35.112388     3.2890      7.733   221.0332 9.0567e+01     7.4566      0.396      0.574    23.6344 0.0000e+00
      0.418      0.053     3.4180     59.537     36.056  35.082135     3.2845      7.728   221.3511 8.8877e+01     7.4254      0.411      0.597    23.6356 0.0000e+00
      0.431      0.053     3.4385     59.895     36.025  35.052253     3.3194      7.724   221.6892 8.7525e+01     7.4334      0.423      0.615    23.6373 0.0000e+00
      0.441      0.050     3.4731     60.203     36.041  35.068419     3.3817      7.719   222.0234 8.5831e+01     7.4868      0.432      0.627    23.6403 0.0000e+00
      0.453      0.046     3.5065     60.469     36.061  35.087198     3.4214      7.715   222.2954 8.3585e+01     7.4812      0.443      0.643    23.6425 0.0000e+00
      0.467      0.044     3.5316     60.684     36.063  35.088905     3.4269      7.713   222.4822 8.1705e+01     7.3985      0.459      0.664    23.6438 0.0000e+00
      0.478      0.042     3.5522     60.864     36.064  35.089050     3.3968      7.710   222.7332 8.0456e+01     7.2735      0.470      0.682    23.6451 0.0000e+00
      0.488      0.041     3.5700     61.080     36.064  35.088959     3.3513      7.705   223.0932 7.9508e+01     7.1171      0.480      0.695    23.6452 0.0000e+00
      0.497      0.040     3.5864     61.414     36.064  35.087791     3.3281      7.700   223.3941 7.8674e+01     7.0150      0.487      0.705    23.6443 0.0000e+00
      0.506      0.040     3.5990     61.918     36.052  35.074926     3.3332      7.694   223.6175 7.7559e+01     6.9892      0.494      0.718    23.6437 0.0000e+00
      0.516      0.040     3.6080     62.581     36.039  35.060355     3.3266      7.687   223.9011 7.6313e+01     7.0350      0.507      0.734    23.6433 0.0000e+00
      0.527      0.039     3.6188     63.298     36.018  35.038535     3.2915      7.682   224.3278 7.5020e+01     7.1423      0.517      0.748    23.6424 0.0000e+00
      0.538      0.037     3.6381     63.961     35.980  35.001509     3.2727      7.679   224.8195 7.3515e+01     7.2057      0.526      0.763    23.6409 0.0000e+00
      0.550      0.032     3.6673     64.499     35.971  34.993475     3.2813      7.675   225.1995 7.2123e+01     7.2110      0.540      0.783    23.6392 0.0000e+00
      0.559      0.027     3.7103     64.855     35.981  35.004865     3.2824      7.671   225.3095 7.1185e+01     7.0431      0.550      0.797    23.6369 0.0000e+00
      0.564      0.023     3.7548     65.000     35.988  35.012297     3.2776      7.667   225.3750 7.0673e+01     6.7159      0.553      0.803    23.6352 0.0000e+00
      0.566      0.022     3.7954     64.954     35.996  35.019872     3.2752      7.664   225.6475 7.0249e+01     6.5309      0.555      0.805    23.6351 0.0000e+00
      0.569      0.023     3.8288     64.799     36.010  35.032985     3.2707      7.661   226.0230 6.9666e+01     6.5109      0.557      0.808    23.6358 0.0000e+00
      0.573      0.026     3.8501     64.625     36.022  35.043903     3.2924      7.658   226.3875 6.8966e+01     6.6053      0.560      0.813    23.6372 0.0000e+00
      0.580      0.030     3.8588     64.490     36.002  35.024944     3.3299      7.655   226.6132 6.7884e+01     6.7879      0.566      0.821    23.6386 0.0000e+00
      0.591      0.034     3.8536     64.385     35.970  34.994152     3.3420      7.653   226.7727 6.6458e+01     6.9163      0.579      0.840    23.6395 0.0000e+00
      0.604      0.036     3.8427     64.284     35.965  34.988939     3.3355      7.652   226.9391 6.5346e+01     6.9775      0.593      0.861    23.6389 0.0000e+00
      0.614      0.036     3.8307     64.182     36.002  35.025388     3.3374      7.651   227.0768 6.4493e+01     6.9704      0.602      0.873    23.6378 0.0000e+00
      0.621      0.036     3.8234     64.080     36.032  35.054043     3.3569      7.648   227.3193 6.3588e+01     6.8638      0.609      0.884    23.6375 0.0000e+00
      0.628      0.037     3.8181     63.994     36.061  35.081537     3.3814      7.642   227.6333 6.2683e+01     6.7363      0.616      0.894    23.6376 0.0000e+00
      0.636      0.040     3.8116     64.098     36.154  35.167406     3.3994      7.637   227.8627 6.1583e+01     6.7068      0.623      0.903    23.6377 0.0000e+00
      0.646      0.043     3.8062     65.219     36.269  35.267197     3.4085      7.632   228.0284 6.0155e+01     6.7699      0.632      0.917    23.6378 0.0000e+00
      0.658      0.045     3.7993     68.710     36.359  35.336058     3.3964      7.628   228.2596 5.8464e+01     6.8778      0.645      0.935    23.6378 0.0000e+00
      0.673      0.046     3.7942     74.930     36.406  35.365296     3.3658      7.626   228.5061 5.6814e+01     7.0271      0.660      0.958    23.6369 0.0000e+00
      0.688      0.048     3.7862     82.584     36.419  35.366811     3.3507      7.622   228.6864 5.5570e+01     7.1332      0.675      0.980    23.6356 0.0000e+00
      0.698      0.049     3.8139     90.045     36.413  35.354362     3.3523      7.618   228.8905 5.4608e+01     7.1778      0.685      0.994    23.6198 0.0000e+00
      0.708      0.049     4.0094     96.380     36.406  35.341700     3.3509      7.614   229.1671 5.3583e+01     7.2058      0.693      1.005    23.5860 0.0000e+00
      0.719      0.048     4.4209    101.262     36.409  35.340644     3.3511      7.611   229.5361 5.2369e+01     7.2089      0.704      1.021    23.5603 0.0000e+00
      0.733      0.047     4.9139    104.474     36.412  35.341590     3.3548      7.608   229.9100 5.1096e+01     7.2156      0.719      1.043    23.5484 0.0000e+00
      0.747      0.046     5.3754    105.748     36.425  35.353130     3.3519      7.604   230.1609 4.9941e+01     7.1883      0.735      1.064    23.5405 0.0000e+00
      0.760      0.045     5.7569    105.227     36.426  35.353243     3.3768      7.601   230.4187 4.8941e+01     7.0423      0.746      1.082    23.5332 0.0000e+00
      0.771      0.042     6.0490    103.566     36.416  35.342952     3.4391      7.599   230.7038 4.8071e+01     6.8608      0.756      1.097    23.5264 0.0000e+00
      0.780      0.038     6.2520    101.565     36.431  35.355636     3.4729      7.597   230.8550 4.7301e+01     6.7624      0.766      1.111    23.5230 0.0000e+00
      0.789      0.034     6.3238     99.758     36.457  35.379670     3.4636      7.595   230.9558 4.6518e+01     6.7376      0.774      1.122    23.5221 0.0000e+00
      0.797      0.032     6.2775     98.280     36.458  35.379662     3.4227      7.593   231.0618 4.5663e+01     6.7253      0.781      1.133    23.5222 0.0000e+00
