Data/DataNotYetUploadedToEDI/Raw_CTD/RawDownloads/082819_fcr30.cnv
* Sea-Bird SBE19plus  Data File:
* FileName = C:\DATA\082819_fcr_0003.hex
* Software version 2.8.0.119 SB_Terminal.dll
* Temperature SN = 7809
* Conductivity SN = 7809
* System UpLoad Time = Aug 28 2019 11:49:57
* <ApplicationData>
* <Seaterm232>
# nquan = 15
# nvalues = 614                         
# units = specified
# name 0 = depFM: Depth [fresh water, m]
# name 1 = dz/dtM: Descent Rate [m/s]
# name 2 = sbeox0ML/L: Oxygen, SBE 43 [ml/l]
# name 3 = sbeox0PS: Oxygen, SBE 43 [% saturation]
# name 4 = specc: Specific Conductance [uS/cm]
# name 5 = c0uS/cm: Conductivity [uS/cm]
# name 6 = flECO-AFL: Fluorescence, WET Labs ECO-AFL/FL [mg/m^3]
# name 7 = ph: pH
# name 8 = orp: Oxidation Reduction Potential [mV]
# name 9 = par/sat/log: PAR/Logarithmic, Satlantic
# name 10 = turbWETntu0: Turbidity, WET Labs ECO [NTU]
# name 11 = prdM: Pressure, Strain Gauge [db]
# name 12 = prdE: Pressure, Strain Gauge [psi]
# name 13 = tv290C: Temperature [ITS-90, deg C]
# name 14 = flag:  0.000e+00
# span 0 =     -0.173,      5.431       
# span 1 =     -0.010,      0.116       
# span 2 =     0.0548,     6.1762       
# span 3 =      0.738,    103.604       
# span 4 =     35.871,     87.197       
# span 5 =  34.812757,  70.130237       
# span 6 =     1.2061,    12.1195       
# span 7 =      6.623,      8.122       
# span 8 =   114.9881,   259.4870       
# span 9 = 1.2362e-01, 4.6753e+02       
# span 10 =     1.0631,     9.6235      
# span 11 =     -0.180,      5.327      
# span 12 =     -0.261,      7.725      
# span 13 =    12.2599,    23.6292      
# span 14 = 0.0000e+00, 0.0000e+00      
# interval = seconds: 0.25
# start_time = Aug 28 2019 11:02:07 [Instrument's time stamp, header]
# bad_flag = -9.990e-29
*END*
[from data line 386]
      2.731      0.050     0.0901      1.438     45.115  41.548388     8.9018      7.066   256.1601 6.7954e+00     5.1121      2.680      3.885    21.2181 0.0000e+00
      2.744      0.045     0.0906      1.424     45.164  41.553756     8.8225      7.064   255.7995 6.6750e+00     5.1502      2.691      3.903    21.1607 0.0000e+00
      2.755      0.041     0.0901      1.418     45.185  41.545204     8.8076      7.062   255.4443 6.5681e+00     5.1563      2.703      3.920    21.1218 0.0000e+00
      2.763      0.039     0.0907      1.419     45.159  41.508432     8.7562      7.060   255.0478 6.5020e+00     5.1858      2.711      3.932    21.0856 0.0000e+00
      2.770      0.038     0.0895      1.404     45.094  41.426579     8.6778      7.059   254.7051 6.4500e+00     5.2780      2.715      3.938    21.0435 0.0000e+00
      2.779      0.039     0.0888      1.383     45.038  41.317362     8.6407      7.056   254.5702 6.3757e+00     5.3202      2.725      3.952    20.9947 0.0000e+00
      2.790      0.040     0.0880      1.376     45.001  41.203627     8.6626      7.053   254.4500 6.2860e+00     5.3358      2.736      3.969    20.9565 0.0000e+00
      2.801      0.042     0.0893      1.378     45.006  41.130592     8.8561      7.051   254.1983 6.1919e+00     5.5988      2.746      3.983    20.9565 0.0000e+00
      2.812      0.043     0.0880      1.391     45.078  41.132556     9.1936      7.049   253.9353 6.1013e+00     6.0417      2.757      4.000    20.9495 0.0000e+00
      2.824      0.043     0.0856      1.395     45.167  41.163799     9.3707      7.046   253.7661 6.0120e+00     6.2657      2.768      4.015    20.8735 0.0000e+00
      2.836      0.042     0.0864      1.377     45.247  41.190846     9.3847      7.043   253.7010 5.9317e+00     6.3077      2.781      4.034    20.7723 0.0000e+00
      2.847      0.042     0.0858      1.360     45.310  41.205574     9.4064      7.042   253.7504 5.8596e+00     6.5180      2.793      4.051    20.6858 0.0000e+00
      2.856      0.044     0.0875      1.348     45.348  41.214838     9.4425      7.040   253.8472 5.7852e+00     6.9400      2.801      4.063    20.6097 0.0000e+00
      2.865      0.048     0.0889      1.339     45.455  41.302827     9.4667      7.039   253.8382 5.7156e+00     7.2147      2.810      4.076    20.5624 0.0000e+00
      2.875      0.053     0.0860      1.325     45.717  41.507574     9.4381      7.037   253.8144 5.6160e+00     7.2505      2.818      4.087    20.5156 0.0000e+00
      2.888      0.058     0.0858      1.312     46.052  41.722234     8.9749      7.034   253.8171 5.4332e+00     7.3735      2.830      4.105    20.4576 0.0000e+00
      2.907      0.060     0.0849      1.332     46.343  41.866500     8.1232      7.032   253.7848 5.1965e+00     7.6526      2.849      4.133    20.4278 0.0000e+00
      2.928      0.060     0.0846      1.368     46.518  41.918444     7.6632      7.030   253.7679 4.9965e+00     7.8391      2.872      4.166    20.4360 0.0000e+00
      2.946      0.055     0.0842      1.376     46.660  41.969200     7.6009      7.028   253.7851 4.8555e+00     7.8921      2.892      4.194    20.4198 0.0000e+00
      2.960      0.048     0.0816      1.359     46.933  42.162635     7.3104      7.025   253.8202 4.7434e+00     7.9659      2.904      4.212    20.3076 0.0000e+00
      2.969      0.039     0.0839      1.347     47.330  42.479445     6.7774      7.021   253.7631 4.6672e+00     8.0754      2.914      4.226    20.1573 0.0000e+00
      2.974      0.032     0.0880      1.343     47.889  42.942565     6.4792      7.020   253.6104 4.6141e+00     8.1346      2.918      4.232    20.0395 0.0000e+00
      2.979      0.028     0.0883      1.333     48.707  43.635102     6.4442      7.019   253.4366 4.5501e+00     8.1243      2.921      4.236    19.9580 0.0000e+00
      2.985      0.028     0.0862      1.329     49.580  44.376346     6.4061      7.016   253.2107 4.4811e+00     8.1148      2.927      4.245    19.9088 0.0000e+00
      2.991      0.030     0.0856      1.324     50.091  44.793235     5.9755      7.014   253.0302 4.4066e+00     8.4796      2.934      4.254    19.8721 0.0000e+00
      3.000      0.033     0.0862      1.308     50.147  44.802267     5.1826      7.013   252.8881 4.3214e+00     9.1921      2.941      4.266    19.8310 0.0000e+00
      3.010      0.037     0.0849      1.309     50.122  44.739494     4.7526      7.012   252.6971 4.2455e+00     9.5849      2.952      4.281    19.7882 0.0000e+00
      3.020      0.039     0.0847      1.318     50.359  44.923192     4.7121      7.010   252.5285 4.1809e+00     9.6235      2.962      4.294    19.7477 0.0000e+00
      3.030      0.039     0.0858      1.298     50.800  45.308808     4.5889      7.007   252.3981 4.1072e+00     9.5278      2.971      4.308    19.7070 0.0000e+00
      3.041      0.039     0.0829      1.270     51.192  45.655428     4.3462      7.003   252.3247 4.0242e+00     9.3463      2.982      4.324    19.6677 0.0000e+00
      3.052      0.039     0.0834      1.264     51.939  46.320103     4.2052      7.000   252.2436 3.9476e+00     9.2633      2.993      4.341    19.6230 0.0000e+00
      3.062      0.040     0.0858      1.241     53.613  47.820431     4.1845      6.996   252.1057 3.8818e+00     9.2453      3.003      4.356    19.5873 0.0000e+00
      3.070      0.042     0.0836      1.196     55.859  49.824186     4.1400      6.991   252.0341 3.8150e+00     9.0639      3.011      4.367    19.5904 0.0000e+00
      3.079      0.042     0.0801      1.184     57.910  51.620812     4.0567      6.987   251.9809 3.7119e+00     8.7410      3.017      4.376    19.5889 0.0000e+00
      3.090      0.042     0.0818      1.189     59.422  52.901801     4.0099      6.983   251.8067 3.5809e+00     8.5529      3.030      4.394    19.5792 0.0000e+00
      3.104      0.041     0.0810      1.194     61.107  54.323216     3.9987      6.979   251.5622 3.4689e+00     8.5261      3.044      4.415    19.5953 0.0000e+00
      3.117      0.041     0.0747      1.199     63.323  56.228285     3.9304      6.977   251.4334 3.3846e+00     8.4829      3.058      4.436    19.6057 0.0000e+00
      3.127      0.042     0.0760      1.198     64.847  57.511322     3.8250      6.972   251.3674 3.3366e+00     8.3919      3.070      4.452    19.5780 0.0000e+00
      3.133      0.044     0.0766      1.204     65.670  58.145798     3.7821      6.964   251.1949 3.3012e+00     8.3425      3.072      4.455    19.5124 0.0000e+00
      3.140      0.047     0.0763      1.217     66.762  59.006880     3.7763      6.955   251.2399 3.2284e+00     8.3447      3.077      4.462    19.4368 0.0000e+00
      3.152      0.049     0.0779      1.217     67.478  59.534825     3.7554      6.947   251.5680 3.1094e+00     8.2870      3.089      4.481    19.3949 0.0000e+00
      3.170      0.052     0.0767      1.207     67.631  59.572718     3.7280      6.937   251.7200 2.9577e+00     8.1687      3.107      4.507    19.3519 0.0000e+00
      3.189      0.056     0.0774      1.193     67.841  59.655550     3.7055      6.928   251.7017 2.8250e+00     8.1276      3.127      4.537    19.2659 0.0000e+00
      3.204      0.060     0.0793      1.182     68.062  59.710114     3.7000      6.918   251.6045 2.7483e+00     8.1510      3.143      4.560    19.1911 0.0000e+00
      3.215      0.063     0.0790      1.187     68.195  59.660346     3.6959      6.906   251.3194 2.6809e+00     8.2220      3.152      4.571    19.1061 0.0000e+00
      3.227      0.066     0.0781      1.201     68.275  59.561965     3.6729      6.894   250.8363 2.5787e+00     8.3631      3.162      4.587    19.0346 0.0000e+00
      3.244      0.069     0.0778      1.220     68.361  59.473562     3.6566      6.883   249.8929 2.4557e+00     8.4483      3.179      4.612    18.9794 0.0000e+00
      3.264      0.072     0.0761      1.248     68.468  59.417356     3.6557      6.873   248.4301 2.3292e+00     8.4650      3.201      4.641    18.8666 0.0000e+00
      3.287      0.073     0.0773      1.267     68.418  59.263466     3.6536      6.865   247.0022 2.2105e+00     8.4995      3.224      4.674    18.7354 0.0000e+00
      3.308      0.070     0.0788      1.267     68.043  58.883634     3.6391      6.858   246.0498 2.1134e+00     8.6035      3.245      4.707    18.6150 0.0000e+00
      3.328      0.064     0.0793      1.270     67.494  58.383233     3.6098      6.852   245.2617 2.0483e+00     8.7395      3.264      4.735    18.4925 0.0000e+00
      3.343      0.057     0.0824      1.290     66.984  57.915306     3.5939      6.847   244.1847 2.0105e+00     8.8005      3.280      4.756    18.3772 0.0000e+00
      3.354      0.048     0.0840      1.303     66.417  57.419665     3.5944      6.841   242.9215 1.9781e+00     8.7834      3.290      4.771    18.2876 0.0000e+00
      3.364      0.042     0.0834      1.289     65.709  56.838241     3.6172      6.836   241.4317 1.9446e+00     8.5984      3.298      4.785    18.2552 0.0000e+00
      3.374      0.038     0.0830      1.265     64.921  56.159066     3.6608      6.832   239.5071 1.9041e+00     8.3002      3.308      4.799    18.2526 0.0000e+00
      3.382      0.037     0.0851      1.242     64.049  55.307284     3.6882      6.827   237.5481 1.8586e+00     8.1605      3.317      4.811    18.2218 0.0000e+00
      3.390      0.038     0.0872      1.228     63.148  54.353896     3.7141      6.822   235.9854 1.8174e+00     8.0898      3.323      4.820    18.2037 0.0000e+00
      3.398      0.039     0.0847      1.225     62.473  53.589353     3.8432      6.818   234.2070 1.7815e+00     7.4452      3.332      4.833    18.2511 0.0000e+00
      3.408      0.042     0.0832      1.218     62.326  53.305301     4.0617      6.815   231.5326 1.7535e+00     6.2981      3.342      4.847    18.2842 0.0000e+00
      3.420      0.045     0.0819      1.214     62.733  53.523869     4.1805      6.812   228.0852 1.7228e+00     5.6580      3.354      4.864    18.1937 0.0000e+00
      3.433      0.049     0.0804      1.211     63.427  54.008444     4.1875      6.810   224.1876 1.6844e+00     5.5392      3.368      4.883    18.0301 0.0000e+00
      3.445      0.051     0.0821      1.199     64.066  54.463057     4.2154      6.810   220.2848 1.6430e+00     5.1233      3.378      4.899    17.8769 0.0000e+00
      3.458      0.053     0.0807      1.192     64.437  54.700482     4.2837      6.810   216.6897 1.5966e+00     4.3993      3.390      4.918    17.7501 0.0000e+00
      3.473      0.055     0.0808      1.194     64.606  54.782535     4.3278      6.809   213.3273 1.5479e+00     4.0270      3.407      4.942    17.6498 0.0000e+00
      3.487      0.057     0.0817      1.180     65.056  55.137425     4.3329      6.809   210.0891 1.5029e+00     3.9649      3.420      4.960    17.5665 0.0000e+00
      3.502      0.058     0.0799      1.150     66.310  56.195945     4.3198      6.808   207.0480 1.4606e+00     3.7143      3.433      4.979    17.4983 0.0000e+00
      3.517      0.058     0.0794      1.130     68.011  57.606043     4.2902      6.807   204.3488 1.4159e+00     3.3239      3.450      5.004    17.4386 0.0000e+00
      3.532      0.058     0.0808      1.124     69.580  58.843926     4.2695      6.805   201.8885 1.3725e+00     3.1435      3.465      5.025    17.3816 0.0000e+00
      3.546      0.059     0.0799      1.120     70.874  59.789058     4.2695      6.802   199.5851 1.3348e+00     3.1391      3.477      5.044    17.3613 0.0000e+00
      3.561      0.060     0.0764      1.133     71.673  60.264177     4.2639      6.798   197.6645 1.2946e+00     3.1080      3.492      5.065    17.3808 0.0000e+00
      3.575      0.060     0.0755      1.165     71.985  60.330686     4.2102      6.793   196.0459 1.2510e+00     2.9964      3.505      5.084    17.3639 0.0000e+00
      3.590      0.060     0.0758      1.185     71.993  60.211665     4.1229      6.787   194.3839 1.2104e+00     2.8063      3.519      5.104    17.2941 0.0000e+00
      3.609      0.060     0.0751      1.195     71.972  60.159457     4.0753      6.780   192.7114 1.1668e+00     2.6772      3.540      5.134    17.1933 0.0000e+00
      3.626      0.060     0.0755      1.196     72.253  60.398435     4.0688      6.774   190.9660 1.1160e+00     2.6486      3.558      5.159    17.0384 0.0000e+00
      3.640      0.059     0.0798      1.183     72.633  60.686293     4.0003      6.768   189.0262 1.0596e+00     2.5905      3.569      5.176    16.8807 0.0000e+00
      3.653      0.057     0.0807      1.178     72.831  60.780189     3.8547      6.762   187.2402 1.0166e+00     2.4987      3.582      5.194    16.7867 0.0000e+00
      3.667      0.054     0.0810      1.175     72.912  60.771044     3.7645      6.757   185.5471 9.9056e-01     2.4892      3.597      5.216    16.7776 0.0000e+00
      3.681      0.050     0.0822      1.157     72.977  60.766261     3.7419      6.753   183.5251 9.5764e-01     2.5082      3.610      5.236    16.8065 0.0000e+00
      3.696      0.046     0.0794      1.127     73.054  60.785840     3.5904      6.749   181.1196 9.2955e-01     2.4342      3.624      5.257    16.7845 0.0000e+00
      3.708      0.041     0.0803      1.111     73.131  60.817071     3.3116      6.745   178.4878 9.1708e-01     2.3157      3.637      5.276    16.7226 0.0000e+00
      3.717      0.037     0.0804      1.116     73.317  60.953181     3.1628      6.741   175.9678 9.0293e-01     2.2551      3.646      5.289    16.6643 0.0000e+00
      3.724      0.036     0.0793      1.103     73.750  61.287604     3.1518      6.738   173.7084 8.8835e-01     2.2255      3.652      5.296    16.6269 0.0000e+00
      3.730      0.036     0.0767      1.082     74.300  61.682956     3.1536      6.734   171.4754 8.7220e-01     2.1551      3.658      5.305    16.5986 0.0000e+00
      3.739      0.039     0.0743      1.084     74.786  61.983699     3.1576      6.733   169.2738 8.5334e-01     2.0594      3.665      5.316    16.5716 0.0000e+00
      3.749      0.045     0.0776      1.096     75.644  62.572273     3.1654      6.732   167.2224 8.4193e-01     2.0188      3.676      5.331    16.5642 0.0000e+00
      3.761      0.053     0.0755      1.102     77.725  64.159608     3.1700      6.729   165.2563 8.2155e-01     2.0246      3.688      5.349    16.5584 0.0000e+00
      3.775      0.059     0.0728      1.103     80.300  66.112062     3.1783      6.726   163.3978 7.8675e-01     2.1294      3.701      5.369    16.5174 0.0000e+00
      3.791      0.063     0.0741      1.107     81.983  67.300815     3.2057      6.723   161.7023 7.6215e-01     2.3681      3.718      5.392    16.4404 0.0000e+00
      3.810      0.063     0.0753      1.113     82.941  67.916879     3.2324      6.720   160.0701 7.4501e-01     2.5182      3.736      5.419    16.3541 0.0000e+00
      3.830      0.061     0.0759      1.127     83.421  68.157042     3.2415      6.717   158.4614 7.2299e-01     2.5025      3.758      5.450    16.2827 0.0000e+00
      3.848      0.058     0.0755      1.142     83.546  68.106568     3.2374      6.714   156.9647 7.0245e-01     2.4075      3.775      5.476    16.1744 0.0000e+00
      3.860      0.056     0.0766      1.149     83.674  68.069295     3.2351      6.710   155.4832 6.8757e-01     2.2865      3.786      5.491    16.0281 0.0000e+00
      3.870      0.054     0.0766      1.155     83.953  68.151214     3.2311      6.706   153.9706 6.7209e-01     2.2193      3.795      5.503    15.9361 0.0000e+00
      3.880      0.054     0.0778      1.169     84.448  68.397555     3.2142      6.701   152.4412 6.5123e-01     2.2181      3.803      5.515    15.8523 0.0000e+00
      3.894      0.055     0.0797      1.179     84.987  68.695367     3.2045      6.696   150.9298 6.3491e-01     2.2401      3.818      5.537    15.7497 0.0000e+00
