Data/DataNotYetUploadedToEDI/Raw_CTD/RawDownloads/082819_fcr10.cnv
* Sea-Bird SBE19plus  Data File:
* FileName = C:\DATA\082819_fcr_0001.hex
* Software version 2.8.0.119 SB_Terminal.dll
* Temperature SN = 7809
* Conductivity SN = 7809
* System UpLoad Time = Aug 28 2019 11:49:23
* <ApplicationData>
* <Seaterm232>
# nquan = 15
# nvalues = 259                         
# units = specified
# name 0 = depFM: Depth [fresh water, m]
# name 1 = dz/dtM: Descent Rate [m/s]
# name 2 = sbeox0ML/L: Oxygen, SBE 43 [ml/l]
# name 3 = sbeox0PS: Oxygen, SBE 43 [% saturation]
# name 4 = specc: Specific Conductance [uS/cm]
# name 5 = c0uS/cm: Conductivity [uS/cm]
# name 6 = flECO-AFL: Fluorescence, WET Labs ECO-AFL/FL [mg/m^3]
# name 7 = ph: pH
# name 8 = orp: Oxidation Reduction Potential [mV]
# name 9 = par/sat/log: PAR/Logarithmic, Satlantic
# name 10 = turbWETntu0: Turbidity, WET Labs ECO [NTU]
# name 11 = prdM: Pressure, Strain Gauge [db]
# name 12 = prdE: Pressure, Strain Gauge [psi]
# name 13 = tv290C: Temperature [ITS-90, deg C]
# name 14 = flag:  0.000e+00
# span 0 =     -0.343,      2.243       
# span 1 =     -0.003,      0.090       
# span 2 =     1.9340,     6.1319       
# span 3 =     32.123,    102.539       
# span 4 =     36.287,     40.262       
# span 5 =  35.315275,  38.377847       
# span 6 =     2.1382,     3.6533       
# span 7 =      7.382,      8.897       
# span 8 =   206.6498,   254.7510       
# span 9 = 7.1393e+00, 5.2484e+02       
# span 10 =     6.2581,     7.6994      
# span 11 =     -0.344,      2.200      
# span 12 =     -0.500,      3.191      
# span 13 =    22.6465,    24.2541      
# span 14 = 0.0000e+00, 0.0000e+00      
# interval = seconds: 0.25
# start_time = Aug 28 2019 10:35:43 [Instrument's time stamp, header]
# bad_flag = -9.990e-29
*END*
     -0.343      0.053     5.7180     97.972     36.920  36.129369     2.9672      8.857   217.7802 5.1849e+02     7.1113     -0.344     -0.500    24.2541 0.0000e+00
     -0.319      0.065     5.7327     98.187     36.978  36.164415     3.0294      8.871   215.1080 5.2234e+02     7.1598     -0.312     -0.452    24.1511 0.0000e+00
     -0.293      0.075     5.7481     98.430     37.092  36.264754     3.0654      8.880   211.7981 5.2484e+02     7.2907     -0.285     -0.412    24.0430 0.0000e+00
     -0.273      0.082     5.7630     98.670     37.227  36.390478     3.1339      8.890   208.9934 5.2312e+02     7.5468     -0.268     -0.388    23.9676 0.0000e+00
     -0.254      0.085     5.7783     98.910     37.257  36.415096     3.1735      8.897   207.5240 5.1713e+02     7.6994     -0.250     -0.363    23.9154 0.0000e+00
     -0.234      0.085     5.7937     99.160     37.152  36.308514     3.1705      8.896   207.1098 5.0994e+02     7.6938     -0.231     -0.335    23.8906 0.0000e+00
     -0.213      0.086     5.8114     99.428     37.023  36.180814     3.1680      8.894   206.8240 4.9766e+02     7.6761     -0.209     -0.303    23.8754 0.0000e+00
     -0.191      0.089     5.8249     99.658     36.916  36.077038     3.1861      8.896   206.6498 4.6171e+02     7.5838     -0.190     -0.275    23.8699 0.0000e+00
     -0.166      0.090     5.8405     99.792     36.841  36.005833     3.2075      8.896   206.8972 4.1202e+02     7.3644     -0.163     -0.236    23.8631 0.0000e+00
     -0.141      0.087     5.8549     99.823     36.788  35.954592     3.2100      8.890   207.5780 3.7962e+02     7.2191     -0.136     -0.197    23.8582 0.0000e+00
     -0.118      0.082     5.8719     99.633     36.737  35.901780     3.2071      8.879   208.0839 3.6068e+02     7.2035     -0.117     -0.169    23.8567 0.0000e+00
     -0.097      0.072     5.8887     99.042     36.714  35.875045     3.2416      8.869   208.1104 3.4286e+02     7.2735     -0.094     -0.137    23.8576 0.0000e+00
     -0.076      0.060     5.8929     97.919     36.729  35.885204     3.3074      8.860   208.0703 3.2854e+02     7.4095     -0.073     -0.106    23.8613 0.0000e+00
     -0.061      0.046     5.8989     96.287     36.746  35.897669     3.3426      8.855   208.3737 3.2084e+02     7.5053     -0.057     -0.084    23.8631 0.0000e+00
     -0.053      0.032     5.8920     94.410     36.751  35.898813     3.3465      8.853   209.0250 3.1812e+02     7.5134     -0.050     -0.073    23.8592 0.0000e+00
     -0.049      0.021     5.8605     92.580     36.754  35.899030     3.3199      8.852   209.5780 3.1687e+02     7.4089     -0.048     -0.069    23.8517 0.0000e+00
     -0.048      0.013     5.7963     90.993     36.757  35.900288     3.2644      8.850   209.8984 3.1639e+02     7.2909     -0.046     -0.067    23.8458 0.0000e+00
     -0.048      0.009     5.6925     89.767     36.772  35.914023     3.2299      8.845   210.3176 3.1596e+02     7.2667     -0.047     -0.068    23.8399 0.0000e+00
     -0.048      0.009     5.5761     88.842     36.798  35.938153     3.2238      8.840   210.6883 3.1479e+02     7.2474     -0.047     -0.069    23.8335 0.0000e+00
     -0.047      0.011     5.4651     88.074     36.800  35.938163     3.2003      8.836   210.7665 3.1307e+02     7.0569     -0.046     -0.067    23.8307 0.0000e+00
     -0.043      0.015     5.3677     87.430     36.776  35.914139     3.1452      8.833   210.8326 3.0992e+02     6.7337     -0.044     -0.062    23.8288 0.0000e+00
     -0.038      0.020     5.2971     86.901     36.762  35.901560     3.1114      8.827   211.0584 2.9207e+02     6.5518     -0.038     -0.056    23.8269 0.0000e+00
     -0.032      0.023     5.2477     86.379     36.772  35.913015     3.1127      8.818   211.4309 2.5592e+02     6.5285     -0.031     -0.046    23.8264 0.0000e+00
     -0.024      0.024     5.2018     85.733     36.783  35.925700     3.1170      8.810   211.8090 2.2582e+02     6.5506     -0.024     -0.035    23.8248 0.0000e+00
     -0.016      0.023     5.1630     84.882     36.784  35.927997     3.1118      8.802   212.0158 2.1355e+02     6.7531     -0.016     -0.023    23.8224 0.0000e+00
     -0.009      0.019     5.1352     83.867     36.797  35.940786     3.1019      8.794   212.0384 2.0855e+02     7.1414     -0.009     -0.012    23.8228 0.0000e+00
     -0.004      0.013     5.1067     82.937     36.810  35.953396     3.1018      8.785   211.9965 2.0601e+02     7.3780     -0.003     -0.005    23.8262 0.0000e+00
     -0.002      0.007     5.0698     82.382     36.810  35.953526     3.1095      8.776   212.1118 2.0605e+02     7.4187      0.000     -0.001    23.8297 0.0000e+00
     -0.002      0.002     5.0201     82.348     36.799  35.942357     3.1174      8.769   212.4864 2.0573e+02     7.3712     -0.001     -0.002    23.8311 0.0000e+00
     -0.004     -0.002     4.9535     82.807     36.803  35.945291     3.1368      8.762   212.9116 2.0703e+02     7.2295     -0.004     -0.006    23.8312 0.0000e+00
     -0.007     -0.003     4.8915     83.650     36.848  35.988999     3.1616      8.756   213.2947 2.1106e+02     7.1475     -0.007     -0.009    23.8315 0.0000e+00
     -0.009     -0.002     4.8558     84.775     36.887  36.026528     3.1744      8.749   213.6773 2.1313e+02     7.1669     -0.009     -0.012    23.8307 0.0000e+00
     -0.009      0.001     4.8548     86.029     36.877  36.018237     3.1619      8.741   214.0094 2.1089e+02     7.1365     -0.009     -0.013    23.8294 0.0000e+00
     -0.008      0.003     4.8855     87.224     36.873  36.015695     3.1233      8.733   214.2996 2.0713e+02     7.0092     -0.008     -0.010    23.8287 0.0000e+00
     -0.005      0.004     4.9361     88.194     36.916  36.059261     3.0889      8.725   214.6046 2.0498e+02     6.9385     -0.006     -0.007    23.8283 0.0000e+00
     -0.003      0.004     5.0062     88.814     36.956  36.100698     3.0754      8.718   215.0301 2.0358e+02     6.9700     -0.003     -0.004    23.8288 0.0000e+00
     -0.002      0.003     5.0844     89.078     36.991  36.135881     3.0989      8.712   215.5732 2.0265e+02     6.9643     -0.002     -0.002    23.8302 0.0000e+00
     -0.001      0.001     5.1579     89.053     37.021  36.167310     3.1484      8.706   216.0951 2.0317e+02     6.8686     -0.001     -0.001    23.8321 0.0000e+00
     -0.001     -0.001     5.2184     88.836     37.016  36.163352     3.1704      8.701   216.5207 2.0432e+02     6.7639     -0.000     -0.000    23.8345 0.0000e+00
     -0.002     -0.002     5.2544     88.524     37.002  36.151493     3.1654      8.695   216.9340 2.0580e+02     6.7146     -0.002     -0.003    23.8368 0.0000e+00
     -0.004     -0.002     5.2681     88.166     37.000  36.150868     3.1664      8.688   217.3066 2.0715e+02     6.7312     -0.004     -0.005    23.8386 0.0000e+00
     -0.005     -0.002     5.2646     87.772     37.004  36.155797     3.1734      8.681   217.5837 2.0749e+02     6.8005     -0.005     -0.007    23.8405 0.0000e+00
     -0.005     -0.001     5.2491     87.366     36.995  36.147615     3.1722      8.674   217.8761 2.0747e+02     6.8305     -0.006     -0.009    23.8427 0.0000e+00
     -0.005      0.000     5.2295     86.972     36.962  36.115420     3.1607      8.668   218.2611 2.0672e+02     6.7665     -0.006     -0.008    23.8450 0.0000e+00
     -0.004      0.001     5.2085     86.586     36.929  36.083885     3.1469      8.662   218.7971 2.0520e+02     6.7476     -0.004     -0.006    23.8471 0.0000e+00
     -0.004      0.001     5.1845     86.195     36.928  36.083675     3.1353      8.656   219.2793 2.0443e+02     6.8647     -0.004     -0.005    23.8486 0.0000e+00
     -0.003      0.001     5.1594     85.800     36.958  36.112894     3.1248      8.652   219.6183 2.0489e+02     7.0024     -0.003     -0.005    23.8491 0.0000e+00
     -0.002      0.000     5.1368     85.416     36.965  36.119812     3.1150      8.649   220.0561 2.0550e+02     7.0694     -0.002     -0.003    23.8489 0.0000e+00
     -0.002     -0.001     5.1142     85.050     36.949  36.103856     3.1129      8.644   220.5286 2.0550e+02     7.0516     -0.002     -0.003    23.8492 0.0000e+00
     -0.003     -0.001     5.0910     84.706     36.955  36.110374     3.0988      8.639   220.8571 2.0565e+02     6.9506     -0.003     -0.004    23.8503 0.0000e+00
     -0.004     -0.001     5.0670     84.389     36.980  36.135147     3.0657      8.635   221.0168 2.0653e+02     6.8316     -0.004     -0.005    23.8509 0.0000e+00
     -0.005     -0.001     5.0443     84.080     36.994  36.149507     3.0511      8.631   221.1691 2.0733e+02     6.7600     -0.005     -0.007    23.8510 0.0000e+00
     -0.005      0.000     5.0229     83.772     37.001  36.157055     3.0524      8.626   221.4943 2.0734e+02     6.7070     -0.005     -0.007    23.8508 0.0000e+00
     -0.005      0.001     5.0019     83.464     37.006  36.162940     3.0719      8.620   221.8517 2.0708e+02     6.7161     -0.005     -0.008    23.8510 0.0000e+00
     -0.004      0.001     4.9840     83.123     36.999  36.157190     3.1224      8.615   222.1340 2.0652e+02     6.8367     -0.004     -0.007    23.8516 0.0000e+00
     -0.003      0.001     4.9658     82.740     36.990  36.151015     3.1601      8.611   222.4125 2.0562e+02     6.9524     -0.003     -0.005    23.8524 0.0000e+00
     -0.003      0.001     4.9468     82.332     36.989  36.151754     3.1636      8.607   222.7244 2.0535e+02     6.9688     -0.002     -0.003    23.8536 0.0000e+00
     -0.003      0.001     4.9301     81.888     37.002  36.166121     3.1569      8.603   223.0650 2.0581e+02     6.9040     -0.003     -0.003    23.8551 0.0000e+00
     -0.003      0.000     4.9098     81.382     37.032  36.197791     3.1565      8.599   223.3473 2.0589e+02     6.8241     -0.003     -0.004    23.8572 0.0000e+00
     -0.003 1.8966e-08     4.8859     80.817     37.050  36.217315     3.1589      8.597   223.5568 2.0509e+02     6.7886     -0.004     -0.005    23.8601 0.0000e+00
     -0.003 2.0863e-07     4.8622     80.216     37.041  36.211766     3.1680      8.594   223.7914 2.0446e+02     6.7708     -0.003     -0.004    23.8626 0.0000e+00
     -0.003 2.4588e-07     4.8366     79.577     37.021  36.194184     3.1805      8.589   224.1179 2.0429e+02     6.8385     -0.003     -0.004    23.8643 0.0000e+00
     -0.003 4.6938e-07     4.8065     78.904     37.021  36.195139     3.1792      8.585   224.4944 2.0436e+02     7.0497     -0.003     -0.004    23.8670 0.0000e+00
     -0.003      0.000     4.7716     78.197     37.048  36.223318     3.1699      8.582   224.8157 2.0450e+02     7.1939     -0.003     -0.004    23.8702 0.0000e+00
     -0.002      0.000     4.7368     77.467     37.039  36.217542     3.1641      8.580   224.9917 2.0444e+02     7.2051     -0.002     -0.003    23.8736 0.0000e+00
     -0.002      0.001     4.6981     76.743     37.008  36.188778     3.1783      8.577   225.0731 2.0474e+02     7.1531     -0.002     -0.003    23.8766 0.0000e+00
     -0.003      0.002     4.6584     76.040     37.011  36.192893     3.2022      8.572   225.2841 2.0527e+02     7.0556     -0.003     -0.004    23.8790 0.0000e+00
     -0.004      0.003     4.6165     75.394     37.021  36.203827     3.2104      8.568   225.5632 2.0491e+02     6.9769     -0.005     -0.006    23.8820 0.0000e+00
     -0.002      0.004     4.5716     74.798     37.010  36.194038     3.2176      8.564   225.8676 2.0308e+02     6.9556     -0.003     -0.004    23.8854 0.0000e+00
      0.001      0.004     4.5295     74.205     37.015  36.201480     3.2200      8.560   226.2970 2.0100e+02     6.9946      0.002      0.002    23.8881 0.0000e+00
      0.003      0.004     4.4861     73.607     37.042  36.230339     3.2041      8.555   226.6253 2.0041e+02     7.0888      0.004      0.005    23.8890 0.0000e+00
      0.003      0.003     4.4481     73.017     37.034  36.225623     3.1814      8.549   226.8256 2.0070e+02     7.1763      0.003      0.005    23.8899 0.0000e+00
      0.003      0.001     4.4147     72.438     37.014  36.207936     3.1621      8.543   226.9979 2.0069e+02     7.1680      0.003      0.004    23.8921 0.0000e+00
      0.003     -0.001     4.3790     71.862     37.011  36.206896     3.1616      8.537   227.1604 2.0079e+02     7.1522      0.003      0.004    23.8955 0.0000e+00
      0.003     -0.002     4.3432     71.271     37.015  36.213054     3.1847      8.533   227.4131 2.0111e+02     7.1495      0.003      0.004    23.8988 0.0000e+00
      0.002     -0.002     4.3080     70.671     37.019  36.218925     3.2154      8.530   227.7302 2.0184e+02     7.0695      0.002      0.003    23.9020 0.0000e+00
      0.001     -0.002     4.2737     70.109     37.012  36.214412     3.2298      8.526   227.9825 2.0314e+02     7.0039      0.001      0.002    23.9050 0.0000e+00
     -0.000     -0.002     4.2401     69.606     37.018  36.221959     3.2203      8.522   228.1407 2.0411e+02     6.9787     -0.000     -0.000    23.9079 0.0000e+00
     -0.002     -0.001     4.2051     69.136     37.041  36.246713     3.1869      8.518   228.3529 2.0420e+02     6.8965     -0.001     -0.002    23.9110 0.0000e+00
     -0.002     -0.001     4.1680     68.681     37.053  36.259822     3.1376      8.514   228.6556 2.0341e+02     6.7962     -0.001     -0.002    23.9140 0.0000e+00
     -0.001     -0.001     4.1338     68.248     37.044  36.253522     3.1100      8.512   228.9603 2.0256e+02     6.7493     -0.001     -0.001    23.9168 0.0000e+00
     -0.000     -0.000     4.1053     67.834     37.022  36.234017     3.1050      8.509   229.1973 2.0247e+02     6.7227      0.000     -0.001    23.9195 0.0000e+00
     -0.000      0.001     4.0776     67.441     37.001  36.214411     3.1117      8.506   229.1989 2.0302e+02     6.7694      0.001      0.001    23.9222 0.0000e+00
     -0.001      0.002     4.0500     67.066     36.991  36.206873     3.1386      8.503   229.1521 2.0397e+02     6.8881     -0.001     -0.001    23.9248 0.0000e+00
     -0.001      0.004     4.0248     66.716     36.990  36.206351     3.1621      8.501   229.4057 2.0377e+02     6.9446     -0.003     -0.004    23.9271 0.0000e+00
     -0.001      0.006     3.9999     66.426     36.990  36.208111     3.1696      8.499   229.7701 2.0171e+02     6.9614     -0.002     -0.002    23.9294 0.0000e+00
      0.002      0.006     3.9765     66.166     37.009  36.228143     3.2036      8.496   230.1161 1.9927e+02     7.0256      0.003      0.004    23.9323 0.0000e+00
      0.006      0.005     3.9549     65.885     37.038  36.258147     3.2787      8.492   230.4056 1.9664e+02     7.1308      0.006      0.009    23.9347 0.0000e+00
      0.009      0.004     3.9321     65.595     37.030  36.253535     3.3315      8.489   230.6037 1.9507e+02     7.1849      0.009      0.014    23.9359 0.0000e+00
      0.009      0.002     3.9160     65.295     37.010  36.235857     3.3475      8.486   230.7901 1.9634e+02     7.1564      0.010      0.013    23.9364 0.0000e+00
      0.008     -0.001     3.9028     64.970     37.007  36.234818     3.3601      8.482   230.9386 1.9752e+02     7.1462      0.007      0.010    23.9382 0.0000e+00
      0.006     -0.003     3.8843     64.615     37.011  36.240976     3.3623      8.477   231.1090 1.9761e+02     7.1917      0.006      0.008    23.9414 0.0000e+00
      0.006     -0.003     3.8676     64.235     37.015  36.246837     3.3562      8.473   231.3016 1.9928e+02     7.2157      0.006      0.008    23.9447 0.0000e+00
      0.005     -0.002     3.8500     63.858     37.008  36.242219     3.3558      8.469   231.5462 2.0124e+02     7.2068      0.005      0.007    23.9480 0.0000e+00
      0.004     -0.001     3.8307     63.524     37.013  36.248622     3.3578      8.466   231.8298 2.0149e+02     7.2161      0.004      0.005    23.9508 0.0000e+00
      0.004      0.000     3.8096     63.221     37.023  36.260787     3.3453      8.461   232.0639 2.0074e+02     7.2618      0.004      0.006    23.9532 0.0000e+00
