Data/DataNotYetUploadedToEDI/Raw_CTD/RawDownloads/090219_fcr45.cnv
* Sea-Bird SBE19plus  Data File:
* FileName = C:\DATA\SBE19plus_01907809_2019_09_02_0004.hex
* Software version 2.8.0.119 SB_Terminal.dll
* Temperature SN = 7809
* Conductivity SN = 7809
* System UpLoad Time = Sep 02 2019 11:50:02
* <ApplicationData>
* <Seaterm232>
# nquan = 15
# nvalues = 425                         
# units = specified
# name 0 = depFM: Depth [fresh water, m]
# name 1 = dz/dtM: Descent Rate [m/s]
# name 2 = sbeox0ML/L: Oxygen, SBE 43 [ml/l]
# name 3 = sbeox0PS: Oxygen, SBE 43 [% saturation]
# name 4 = specc: Specific Conductance [uS/cm]
# name 5 = c0uS/cm: Conductivity [uS/cm]
# name 6 = flECO-AFL: Fluorescence, WET Labs ECO-AFL/FL [mg/m^3]
# name 7 = ph: pH
# name 8 = orp: Oxidation Reduction Potential [mV]
# name 9 = par/sat/log: PAR/Logarithmic, Satlantic
# name 10 = turbWETntu0: Turbidity, WET Labs ECO [NTU]
# name 11 = prdM: Pressure, Strain Gauge [db]
# name 12 = prdE: Pressure, Strain Gauge [psi]
# name 13 = tv290C: Temperature [ITS-90, deg C]
# name 14 = flag:  0.000e+00
# span 0 =     -0.548,      7.518       
# span 1 =     -0.207,      0.311       
# span 2 =    -0.2508,     6.6955       
# span 3 =     -3.809,    112.107       
# span 4 =      6.560,    110.282       
# span 5 =   6.162976,  81.145120       
# span 6 =    -0.2769,     8.0337       
# span 7 =      6.243,      7.336       
# span 8 =   113.2572,   416.2673       
# span 9 = 1.2350e-01, 1.7961e+03       
# span 10 =    -6.1809,    80.1440      
# span 11 =     -0.539,      7.373      
# span 12 =     -0.781,     10.694      
# span 13 =    11.7474,    25.1787      
# span 14 = 0.0000e+00, 0.0000e+00      
# interval = seconds: 0.25
# start_time = Sep 02 2019 11:28:23 [Instrument's time stamp, header]
# bad_flag = -9.990e-29
*END*
     -0.548 1.8551e-14     5.9522     95.724      7.446   6.985074    -0.1203      6.416   416.2673 1.2954e+02    -0.5407     -0.537     -0.779    21.5243 0.0000e+00
     -0.548 2.0406e-13     5.9307     95.425      6.943   6.518662    -0.1273      6.417   406.8351 1.2978e+02    -0.5660     -0.537     -0.779    21.6496 0.0000e+00
     -0.548 2.2447e-12     5.9110     95.158      6.560   6.162976    -0.1247      6.406   398.5641 1.3267e+02    -0.5459     -0.537     -0.779    21.7592 0.0000e+00
     -0.548 2.4692e-11     5.8936     94.934      6.701   6.297056    -0.1150      6.383   390.7725 1.3965e+02    -0.5277     -0.537     -0.778    21.8419 0.0000e+00
     -0.548 2.7161e-10     5.8664     94.784      7.042   6.618761    -0.1146      6.363   383.9543 1.4182e+02    -0.5420     -0.537     -0.779    21.9153 0.0000e+00
     -0.548 2.9877e-09     5.8422     94.720      7.121   6.693672    -0.1196      6.352   377.8161 1.3351e+02    -0.5220     -0.537     -0.779    21.9495 0.0000e+00
     -0.548 3.2864e-08     5.8244     94.714      6.987   6.569030    -0.1148      6.342   373.2565 1.2152e+02    -0.4821     -0.537     -0.779    21.9713 0.0000e+00
     -0.548 3.6151e-07     5.8077     94.757      7.054   6.632805    -0.1256      6.329   370.2949 1.1384e+02    -0.4862     -0.537     -0.779    21.9844 0.0000e+00
     -0.548      0.000     5.7971     94.836      8.206   7.718284    -0.1646      6.312   367.2173 1.1147e+02    -0.5395     -0.537     -0.779    21.9930 0.0000e+00
     -0.548      0.000     5.7946     94.920      9.746   9.171679    -0.1868      6.294   354.8871 1.1286e+02    -0.6015     -0.537     -0.778    21.9949 0.0000e+00
     -0.548      0.000     5.7930     94.999     10.354   9.754214    -0.1601      6.263   249.0883 1.1811e+02    -0.7444     -0.537     -0.779    22.0013 0.0000e+00
     -0.548      0.005     5.7952     95.065     12.277  11.592775     0.0194      6.243   113.2572 1.2709e+02    -2.1684     -0.537     -0.779    22.0086 0.0000e+00
     -0.548      0.023     5.7997     95.107     19.751  18.722625     0.3195      6.368   133.1588 1.3975e+02    -4.7755     -0.537     -0.779    22.0210 0.0000e+00
     -0.548      0.060     5.8028     95.151     30.732  29.306847     0.4779      6.667   208.5418 1.5657e+02    -6.1809     -0.536     -0.777    22.0370 0.0000e+00
     -0.546      0.115     5.8035     95.241     37.271  35.853478     0.4687      6.962   223.2498 1.7838e+02    -6.0193     -0.539     -0.781    22.0744 0.0000e+00
     -0.528      0.178     5.7976     95.411     38.404  37.352187     0.2696      7.148   221.7700 2.0160e+02    -2.8873     -0.533     -0.773    22.1703 0.0000e+00
     -0.473      0.238     5.7895     95.700     38.175  37.527008    -0.0832      7.253   220.3328 2.1870e+02     2.8161     -0.479     -0.694    22.2579 0.0000e+00
     -0.382      0.285     5.7626     96.159     37.867  37.523486    -0.2769      7.310   219.6394 2.2473e+02     5.9163     -0.380     -0.551    22.5127 0.0000e+00
     -0.275      0.311     5.7095     96.795     37.606  37.436989    -0.2699      7.332   216.1399 2.1017e+02     6.2494     -0.266     -0.385    23.0438 0.0000e+00
     -0.174      0.309     5.6561     97.556     37.390  37.306594     0.0794      7.336   212.7801 1.6976e+02     6.6467     -0.164     -0.237    23.6314 0.0000e+00
     -0.090      0.276     5.6115     98.355     37.256  37.216507     0.7127      7.336   215.0666 1.2392e+02     7.2791     -0.082     -0.119    24.2012 0.0000e+00
     -0.024      0.224     5.5954     99.090     37.192  37.172974     1.0492      7.335   217.6299 9.1745e+01     7.6026     -0.018     -0.026    24.6098 0.0000e+00
      0.024      0.164     5.6135     99.680     37.178  37.161116     1.0792      7.332   217.2721 7.3387e+01     7.6089      0.029      0.042    24.8067 0.0000e+00
      0.055      0.107     5.6493    100.074     37.219  37.200087     1.0850      7.325   216.5920 6.6167e+01     7.5853      0.060      0.087    24.8999 0.0000e+00
      0.070      0.059     5.6933    100.252     37.284  37.263318     1.0928      7.316   216.1175 6.4389e+01     7.5460      0.073      0.105    24.9499 0.0000e+00
      0.072      0.024     5.7335    100.235     37.314  37.290900     1.0953      7.307   215.3212 6.5369e+01     7.4937      0.074      0.107    24.9796 0.0000e+00
      0.066      0.000     5.7702    100.226     37.308  37.279674     1.0812      7.300   214.2764 6.8947e+01     7.4450      0.067      0.097    24.9723 0.0000e+00
      0.056     -0.014     5.7929    100.291     37.288  37.254534     1.0696      7.293   213.9815 7.1973e+01     7.4168      0.054      0.079    24.9669 0.0000e+00
      0.050     -0.019     5.8045     99.887     37.281  37.240820     1.0757      7.288   213.9932 7.3108e+01     7.4803      0.047      0.069    24.9694 0.0000e+00
      0.047     -0.019     5.7996     98.581     37.290  37.240800     1.0866      7.282   213.8151 7.2668e+01     7.6225      0.047      0.068    24.9630 0.0000e+00
      0.045     -0.014     5.7911     96.619     37.310  37.254278     1.0885      7.274   213.5499 7.2090e+01     7.6947      0.045      0.066    24.9559 0.0000e+00
      0.040     -0.004     5.8144     94.489     37.334  37.276816     1.0810      7.263   212.9379 7.3316e+01     7.6652      0.038      0.055    24.9503 0.0000e+00
      0.035      0.008     5.8042     92.484     37.313  37.259410     1.0738      7.247   211.9214 7.4902e+01     7.6908      0.033      0.048    24.9416 0.0000e+00
      0.035      0.022     5.7206     90.777     37.217  37.170775     1.0717      7.230   210.9814 7.4743e+01     7.8080      0.032      0.046    24.9276 0.0000e+00
      0.041      0.033     5.5962     89.492     37.132  37.093784     1.0729      7.217   210.5205 7.4189e+01     7.8704      0.035      0.051    24.9163 0.0000e+00
      0.056      0.041     5.4683     88.594     37.122  37.090217     1.0789      7.209   210.2210 7.3895e+01     7.8547      0.052      0.076    24.9137 0.0000e+00
      0.077      0.042     5.3493     87.995     37.155  37.127652     1.0832      7.203   209.7688 7.2783e+01     7.7827      0.078      0.114    24.9217 0.0000e+00
      0.095      0.037     5.2441     87.547     37.195  37.165571     1.0906      7.198   209.2692 7.2489e+01     7.6875      0.096      0.141    24.9323 0.0000e+00
      0.103      0.026     5.1724     87.052     37.205  37.167846     1.0989      7.194   208.7400 7.4134e+01     7.6548      0.103      0.150    24.9409 0.0000e+00
      0.103      0.013     5.1198     86.400     37.206  37.155152     1.0967      7.191   208.0169 7.6171e+01     7.6490      0.102      0.148    24.9540 0.0000e+00
      0.101      0.003     5.0871     85.543     37.215  37.139019     1.0901      7.190   207.1518 7.7454e+01     7.6162      0.099      0.144    24.9607 0.0000e+00
      0.098     -0.002     5.0675     84.487     37.209  37.099694     1.0884      7.187   206.4535 7.7950e+01     7.6188      0.097      0.140    24.9574 0.0000e+00
      0.094     -0.001     5.0408     83.333     37.201  37.060461     1.0931      7.184   205.8548 7.8350e+01     7.6818      0.091      0.133    24.9472 0.0000e+00
      0.092      0.003     5.0058     82.232     37.206  37.045460     1.0956      7.179   205.2477 7.9030e+01     7.7218      0.088      0.128    24.9301 0.0000e+00
      0.095      0.009     4.9596     81.372     37.215  37.045233     1.0920      7.173   204.8767 7.9750e+01     7.7088      0.093      0.134    24.8980 0.0000e+00
      0.100      0.014     4.9003     80.962     37.231  37.057698     1.0845      7.166   204.7248 8.0575e+01     7.6236      0.098      0.143    24.8452 0.0000e+00
      0.106      0.017     4.8349     81.119     37.243  37.069228     1.0831      7.161   204.5298 8.1411e+01     7.5108      0.104      0.151    24.7976 0.0000e+00
      0.112      0.018     4.7697     81.833     37.232  37.057685     1.0924      7.157   204.1542 8.1368e+01     7.4589      0.109      0.160    24.7730 0.0000e+00
      0.117      0.017     4.7151     82.968     37.223  37.045085     1.1019      7.156   203.6252 8.1127e+01     7.4225      0.115      0.167    24.7633 0.0000e+00
      0.121      0.016     4.6895     84.322     37.228  37.043827     1.1019      7.154   203.2092 8.1483e+01     7.4307      0.119      0.172    24.7598 0.0000e+00
      0.124      0.016     4.6988     85.715     37.235  37.042466     1.0933      7.150   202.9105 8.2207e+01     7.5258      0.121      0.176    24.7611 0.0000e+00
      0.125      0.014     4.7427     86.986     37.232  37.028609     1.0844      7.146   202.4228 8.2937e+01     7.5891      0.123      0.178    24.7616 0.0000e+00
      0.130      0.011     4.8145     88.032     37.217  37.003219     1.0811      7.143   201.9582 8.3259e+01     7.6061      0.125      0.182    24.7559 0.0000e+00
      0.136      0.007     4.8967     88.832     37.209  36.989357     1.0876      7.141   201.7668 8.3421e+01     7.5676      0.133      0.195    24.7473 0.0000e+00
      0.141      0.005     4.9822     89.352     37.209  36.987942     1.0939      7.138   201.6574 8.4126e+01     7.4503      0.142      0.204    24.7367 0.0000e+00
      0.140      0.004     5.0604     89.512     37.208  36.986112     1.0884      7.133   201.5819 8.5303e+01     7.4007      0.139      0.201    24.7203 0.0000e+00
      0.135      0.004     5.1217     89.244     37.191  36.967217     1.0815      7.128   201.7146 8.6017e+01     7.4274      0.130      0.189    24.7037 0.0000e+00
      0.132      0.005     5.1699     88.534     37.174  36.949904     1.0968      7.123   201.8854 8.5845e+01     7.5431      0.127      0.184    24.6976 0.0000e+00
      0.135      0.007     5.2019     87.475     37.191  36.967200     1.1261      7.117   201.7540 8.4944e+01     7.7512      0.131      0.191    24.6971 0.0000e+00
      0.141      0.011     5.2132     86.266     37.209  36.985928     1.1408      7.111   201.4168 8.3121e+01     7.8458      0.138      0.200    24.6951 0.0000e+00
      0.146      0.012     5.1981     85.139     37.207  36.985927     1.1450      7.107   201.0781 8.0617e+01     7.8352      0.143      0.208    24.6935 0.0000e+00
      0.150      0.010     5.1554     84.276     37.186  36.967182     1.1510      7.104   200.7560 7.8863e+01     7.8196      0.147      0.213    24.6928 0.0000e+00
      0.153      0.006     5.0891     83.776     37.166  36.949715     1.1602      7.101   200.5333 7.8318e+01     7.7555      0.151      0.219    24.6926 0.0000e+00
      0.153      0.002     5.0135     83.627     37.181  36.965152     1.1608      7.098   200.4508 7.8430e+01     7.6828      0.151      0.219    24.6942 0.0000e+00
      0.152     -0.001     4.9444     83.737     37.180  36.963420     1.1500      7.095   200.4470 7.8897e+01     7.6611      0.149      0.216    24.6969 0.0000e+00
      0.149     -0.003     4.8912     83.977     37.148  36.928769     1.1434      7.092   200.5727 7.9392e+01     7.6576      0.146      0.212    24.7004 0.0000e+00
      0.147     -0.003     4.8625     84.234     37.150  36.927027     1.1496      7.090   200.6800 7.9764e+01     7.6075      0.144      0.209    24.7043 0.0000e+00
      0.147     -0.002     4.8557     84.450     37.170  36.942351     1.1645      7.086   200.6255 7.9861e+01     7.5147      0.143      0.208    24.7050 0.0000e+00
      0.147     -0.001     4.8652     84.644     37.156  36.923626     1.1669      7.083   200.6030 7.9835e+01     7.4525      0.145      0.211    24.7031 0.0000e+00
      0.147      0.001     4.8819     84.830     37.128  36.891035     1.1524      7.080   200.6656 7.9750e+01     7.4453      0.145      0.210    24.6988 0.0000e+00
      0.147      0.002     4.8989     84.960     37.109  36.865653     1.1451      7.077   200.7801 7.9416e+01     7.5588      0.143      0.208    24.6926 0.0000e+00
      0.147      0.002     4.9111     84.970     37.123  36.870616     1.1478      7.073   200.8693 7.9027e+01     7.7766      0.143      0.208    24.6872 0.0000e+00
      0.148      0.001     4.9218     84.813     37.148  36.887562     1.1503      7.071   200.7982 7.8846e+01     7.9151      0.145      0.212    24.6820 0.0000e+00
      0.150      0.001     4.9352     84.499     37.145  36.880115     1.1502      7.069   200.6947 7.8845e+01     7.8901      0.148      0.215    24.6756 0.0000e+00
      0.151      0.001     4.9445     84.076     37.113  36.844036     1.1287      7.067   200.6493 7.8785e+01     7.6713      0.149      0.216    24.6665 0.0000e+00
      0.150     -0.001     4.9476     83.566     37.046  36.768690     1.0901      7.063   200.5939 7.8927e+01     7.3672      0.147      0.213    24.6542 0.0000e+00
      0.149     -0.004     4.9392     82.950     37.019  36.730774     1.0746      7.060   200.4556 7.9257e+01     7.1957      0.144      0.210    24.6428 0.0000e+00
      0.149     -0.005     4.9200     82.183     37.060  36.766421     1.0880      7.058   200.3528 7.9484e+01     7.1704      0.146      0.212    24.6358 0.0000e+00
      0.150     -0.005     4.8954     81.289     37.048  36.755377     1.1135      7.055   200.3842 7.9774e+01     7.2905      0.149      0.216    24.6345 0.0000e+00
      0.146     -0.004     4.8667     80.356     36.951  36.660715     1.1404      7.051   200.3187 7.9875e+01     7.5008      0.144      0.209    24.6222 0.0000e+00
      0.140     -0.002     4.8348     79.406     36.863  36.573956     1.1522      7.047   200.2491 7.9690e+01     7.6153      0.135      0.197    24.5998 0.0000e+00
      0.140     -0.001     4.7902     78.421     36.819  36.531532     1.1527      7.044   200.3169 7.9536e+01     7.6261      0.135      0.196    24.5949 0.0000e+00
      0.144      0.001     4.7343     77.398     36.815  36.528605     1.1386      7.039   200.2782 7.9260e+01     7.5666      0.142      0.206    24.6002 0.0000e+00
      0.147      0.004     4.6803     76.393     36.826  36.538566     1.1029      7.034   200.2117 7.8521e+01     7.4521      0.144      0.210    24.6018 0.0000e+00
      0.147      0.005     4.6256     75.520     36.816  36.525026     1.0847      7.031   200.2877 7.7552e+01     7.3897      0.144      0.209    24.6014 0.0000e+00
      0.147      0.005     4.5679     74.815     36.787  36.491822     1.0916      7.028   200.4225 7.7018e+01     7.4018      0.144      0.210    24.6038 0.0000e+00
      0.148      0.004     4.5076     74.248     36.753  36.454467     1.0913      7.026   200.4644 7.6892e+01     7.4347      0.145      0.211    24.6071 0.0000e+00
      0.151      0.002     4.4455     73.808     36.757  36.454192     1.0988      7.025   200.1061 7.6742e+01     7.4926      0.148      0.215    24.6049 0.0000e+00
      0.152      0.001     4.3945     73.452     36.796  36.488478     1.1215      7.024   199.4460 7.6667e+01     7.5775      0.150      0.218    24.5996 0.0000e+00
      0.152     -0.001     4.3558     73.140     36.801  36.488191     1.1403      7.023   199.0216 7.6593e+01     7.6415      0.149      0.217    24.5936 0.0000e+00
      0.151     -0.001     4.3220     72.895     36.769  36.450714     1.1522      7.022   199.1906 7.6438e+01     7.6760      0.148      0.215    24.5875 0.0000e+00
      0.149     -0.001     4.2985     72.710     36.739  36.416165     1.1525      7.019   199.7690 7.6553e+01     7.6674      0.146      0.212    24.5815 0.0000e+00
      0.148     -0.001     4.2798     72.530     36.715  36.387812     1.1443      7.017   200.1650 7.6826e+01     7.6361      0.144      0.210    24.5760 0.0000e+00
      0.148      0.000     4.2605     72.320     36.692  36.361778     1.1396      7.015   200.1919 7.6997e+01     7.6571      0.144      0.210    24.5691 0.0000e+00
      0.149      0.002     4.2469     72.063     36.689  36.355268     1.1388      7.012   200.0948 7.7191e+01     7.6922      0.146      0.212    24.5611 0.0000e+00
      0.151      0.004     4.2388     71.769     36.711  36.372578     1.1349      7.010   199.8509 7.7398e+01     7.6672      0.148      0.214    24.5542 0.0000e+00
