Data/DataNotYetUploadedToEDI/Raw_CTD/RawDownloads/090219_fcr20.cnv
* Sea-Bird SBE19plus  Data File:
* FileName = C:\DATA\SBE19plus_01907809_2019_09_02_0002.hex
* Software version 2.8.0.119 SB_Terminal.dll
* Temperature SN = 7809
* Conductivity SN = 7809
* System UpLoad Time = Sep 02 2019 11:49:34
* <ApplicationData>
* <Seaterm232>
# nquan = 15
# nvalues = 396                         
# units = specified
# name 0 = depFM: Depth [fresh water, m]
# name 1 = dz/dtM: Descent Rate [m/s]
# name 2 = sbeox0ML/L: Oxygen, SBE 43 [ml/l]
# name 3 = sbeox0PS: Oxygen, SBE 43 [% saturation]
# name 4 = specc: Specific Conductance [uS/cm]
# name 5 = c0uS/cm: Conductivity [uS/cm]
# name 6 = flECO-AFL: Fluorescence, WET Labs ECO-AFL/FL [mg/m^3]
# name 7 = ph: pH
# name 8 = orp: Oxidation Reduction Potential [mV]
# name 9 = par/sat/log: PAR/Logarithmic, Satlantic
# name 10 = turbWETntu0: Turbidity, WET Labs ECO [NTU]
# name 11 = prdM: Pressure, Strain Gauge [db]
# name 12 = prdE: Pressure, Strain Gauge [psi]
# name 13 = tv290C: Temperature [ITS-90, deg C]
# name 14 = flag:  0.000e+00
# span 0 =     -0.553,      3.222       
# span 1 =     -0.185,      0.313       
# span 2 =    -0.3260,     6.7084       
# span 3 =     -5.005,    114.388       
# span 4 =      1.224,    109.051       
# span 5 =   1.211530,  94.713801       
# span 6 =    -2.0747,     3.6598       
# span 7 =      6.129,      8.305       
# span 8 =   157.6525,  1240.2295       
# span 9 = 7.9290e+00, 2.2657e+03       
# span 10 =    -2.0663,    54.3178      
# span 11 =     -0.543,      3.162      
# span 12 =     -0.788,      4.586      
# span 13 =    18.1911,    25.2073      
# span 14 = 0.0000e+00, 0.0000e+00      
# interval = seconds: 0.25
# start_time = Sep 02 2019 11:19:13 [Instrument's time stamp, header]
# bad_flag = -9.990e-29
*END*
[from data line 97]
      0.233     -0.004     4.5377     75.563     37.199  36.801879     1.4063      7.415   164.0102 8.2687e+01     7.2012      0.228      0.331    24.4606 0.0000e+00
      0.231     -0.005     4.5183     74.887     37.203  36.805966     1.4044      7.408   164.4512 8.2705e+01     7.2163      0.227      0.329    24.4605 0.0000e+00
      0.228     -0.005     4.4890     74.232     37.203  36.805340     1.3864      7.401   164.6506 8.3211e+01     7.2697      0.223      0.324    24.4607 0.0000e+00
      0.224     -0.004     4.4515     73.626     37.192  36.794320     1.3622      7.394   164.7857 8.3644e+01     7.3872      0.220      0.319    24.4605 0.0000e+00
      0.223     -0.002     4.4129     73.031     37.197  36.799664     1.3455      7.386   165.0523 8.3539e+01     7.4252      0.218      0.316    24.4600 0.0000e+00
      0.224     -0.001     4.3725     72.416     37.205  36.806483     1.3323      7.379   165.3790 8.3289e+01     7.4012      0.220      0.319    24.4596 0.0000e+00
      0.226      0.001     4.3333     71.818     37.212  36.813294     1.3238      7.373   165.5521 8.3277e+01     7.3593      0.223      0.323    24.4598 0.0000e+00
      0.227      0.002     4.2987     71.254     37.217  36.818543     1.3295      7.368   165.6831 8.3272e+01     7.2467      0.223      0.323    24.4602 0.0000e+00
      0.226      0.002     4.2659     70.703     37.204  36.806473     1.3410      7.363   166.0170 8.2706e+01     7.1867      0.222      0.322    24.4599 0.0000e+00
      0.226      0.001     4.2279     70.156     37.192  36.794299     1.3500      7.357   166.4049 8.1898e+01     7.2235      0.221      0.321    24.4593 0.0000e+00
      0.226      0.000     4.1928     69.613     37.196  36.798301     1.3427      7.349   166.7591 8.1560e+01     7.2995      0.222      0.322    24.4590 0.0000e+00
      0.226 3.6886e-07     4.1609     69.087     37.189  36.791388     1.3310      7.340   167.1167 8.1439e+01     7.4165      0.222      0.322    24.4591 0.0000e+00
      0.226      0.000     4.1285     68.597     37.171  36.774186     1.3375      7.331   167.3740 8.1556e+01     7.4914      0.223      0.323    24.4591 0.0000e+00
      0.226      0.000     4.0966     68.127     37.178  36.780732     1.3434      7.322   167.4603 8.1863e+01     7.4835      0.222      0.323    24.4593 0.0000e+00
      0.225      0.000     4.0649     67.676     37.204  36.807056     1.3417      7.314   167.4708 8.2080e+01     7.4530      0.221      0.320    24.4597 0.0000e+00
      0.225      0.000     4.0329     67.260     37.235  36.838572     1.3437      7.307   167.5019 8.1979e+01     7.3839      0.220      0.319    24.4601 0.0000e+00
      0.226     -0.001     4.0053     66.847     37.240  36.844433     1.3417      7.300   167.5789 8.1392e+01     7.3355      0.221      0.321    24.4605 0.0000e+00
      0.228     -0.002     3.9783     66.441     37.209  36.814451     1.3343      7.294   167.7128 8.1010e+01     7.3925      0.223      0.324    24.4611 0.0000e+00
      0.228     -0.002     3.9500     66.054     37.187  36.793428     1.3319      7.287   168.0028 8.0944e+01     7.4513      0.225      0.326    24.4617 0.0000e+00
      0.226     -0.002     3.9282     65.699     37.173  36.780668     1.3308      7.280   168.3314 8.0504e+01     7.4571      0.222      0.322    24.4622 0.0000e+00
      0.222     -0.002     3.9026     65.539     37.179  36.787113     1.3297      7.272   168.5885 8.0033e+01     7.4620      0.218      0.316    24.4628 0.0000e+00
      0.221     -0.001     3.8794     66.463     37.265  36.871353     1.3440      7.263   168.8741 7.9775e+01     7.4775      0.215      0.312    24.4635 0.0000e+00
      0.222      0.002     3.8560     70.020     37.370  36.974062     1.3567      7.254   169.2037 7.9576e+01     7.4809      0.217      0.314    24.4646 0.0000e+00
      0.224      0.004     3.8350     76.716     37.409  37.013385     1.3444      7.246   169.4765 7.9383e+01     7.4704      0.220      0.319    24.4657 0.0000e+00
      0.226      0.005     3.8127     85.254     37.424  37.029436     1.3339      7.237   169.5915 7.8947e+01     7.4815      0.221      0.321    24.4669 0.0000e+00
      0.228      0.003     3.8198     93.869     37.433  37.041187     1.3426      7.229   169.6469 7.8599e+01     7.4845      0.224      0.324    24.4671 0.0000e+00
      0.230      0.000     4.0127    101.519     37.416  37.028521     1.3546      7.224   169.8019 7.8502e+01     7.4405      0.227      0.328    24.4642 0.0000e+00
      0.230     -0.002     4.4409    107.685     37.387  37.003249     1.3567      7.218   170.1756 7.8121e+01     7.4078      0.227      0.329    24.4631 0.0000e+00
      0.228     -0.003     4.9819    111.929     37.374  36.989525     1.3511      7.213   170.5507 7.7524e+01     7.3834      0.224      0.325    24.4659 0.0000e+00
      0.224     -0.003     5.5027    114.098     37.380  36.989537     1.3394      7.208   170.7243 7.7450e+01     7.3764      0.218      0.317    24.4702 0.0000e+00
      0.222     -0.003     5.9543    114.388     37.403  37.003377     1.3278      7.202   170.8985 7.7665e+01     7.4214      0.216      0.313    24.4754 0.0000e+00
      0.223     -0.001     6.3273    113.351     37.438  37.029912     1.3234      7.193   171.1936 7.7703e+01     7.4358      0.219      0.318    24.4818 0.0000e+00
      0.224      0.002     6.5760    111.743     37.470  37.056455     1.3211      7.182   171.6258 7.7987e+01     7.4195      0.220      0.320    24.4834 0.0000e+00
      0.224      0.004     6.7006    110.078     37.484  37.070410     1.3257      7.169   172.0804 7.8225e+01     7.4200      0.220      0.319    24.4740 0.0000e+00
      0.225      0.004     6.7084    108.539     37.483  37.071687     1.3353      7.158   172.3881 7.8018e+01     7.4420      0.219      0.318    24.4593 0.0000e+00
      0.227      0.003     6.6299    107.216     37.478  37.071905     1.3334      7.150   172.4206 7.7626e+01     7.4564      0.220      0.321    24.4463 0.0000e+00
      0.230      0.001     6.5267    106.171     37.472  37.073058     1.3122      7.144   172.3874 7.6871e+01     7.4305      0.226      0.328    24.4399 0.0000e+00
      0.232      0.000     6.4275    105.371     37.476  37.085629     1.2860      7.139   172.7611 7.6342e+01     7.4235      0.229      0.332    24.4407 0.0000e+00
      0.230     -0.001     6.3359    104.767     37.481  37.096960     1.2762      7.135   173.2399 7.6283e+01     7.4382      0.225      0.326    24.4438 0.0000e+00
      0.226     -0.003     6.2550    104.349     37.463  37.083120     1.2807      7.131   173.4437 7.6036e+01     7.4447      0.219      0.320    24.4497 0.0000e+00
      0.224     -0.003     6.1949    104.107     37.425  37.045245     1.2884      7.127   173.6766 7.5713e+01     7.4690      0.218      0.317    24.4609 0.0000e+00
      0.224     -0.003     6.1476    104.007     37.404  37.019865     1.2837      7.123   174.0773 7.5683e+01     7.4690      0.220      0.319    24.4732 0.0000e+00
      0.224     -0.002     6.1114    104.008     37.419  37.030150     1.2665      7.118   174.4163 7.6101e+01     7.4125      0.221      0.321    24.4831 0.0000e+00
      0.224     -0.001     6.0861    104.056     37.435  37.042636     1.2630      7.113   174.5920 7.6497e+01     7.3753      0.221      0.320    24.4892 0.0000e+00
      0.223     -0.001     6.0734    104.114     37.438  37.043885     1.2763      7.107   174.7389 7.6577e+01     7.3796      0.219      0.317    24.4883 0.0000e+00
      0.223     -0.001     6.0686    104.175     37.440  37.045246     1.2882      7.101   174.9882 7.6468e+01     7.3986      0.219      0.318    24.4815 0.0000e+00
      0.223     -0.000     6.0708    104.184     37.454  37.059094     1.2769      7.095   175.2827 7.6411e+01     7.4095      0.218      0.317    24.4736 0.0000e+00
      0.223     -0.000     6.0758    104.099     37.477  37.084369     1.2606      7.088   175.5472 7.6263e+01     7.4128      0.217      0.315    24.4689 0.0000e+00
      0.223     -0.000     6.0776    103.930     37.485  37.096958     1.2644      7.081   175.8627 7.5638e+01     7.4376      0.218      0.317    24.4671 0.0000e+00
      0.224     -0.001     6.0841    103.734     37.469  37.084359     1.2709      7.075   176.1714 7.5116e+01     7.4478      0.220      0.319    24.4660 0.0000e+00
      0.224     -0.001     6.0849    103.545     37.441  37.058990     1.2793      7.070   176.3549 7.5251e+01     7.4380      0.221      0.320    24.4662 0.0000e+00
      0.223     -0.001     6.0797    103.386     37.426  37.044120     1.2880      7.065   176.4465 7.5534e+01     7.4501      0.220      0.319    24.4696 0.0000e+00
      0.221      0.000     6.0673    103.304     37.419  37.031522     1.2980      7.060   176.5905 7.5695e+01     7.5280      0.217      0.315    24.4756 0.0000e+00
      0.220      0.003     6.0545    103.300     37.428  37.033603     1.3213      7.056   176.8924 7.6128e+01     7.6259      0.215      0.312    24.4813 0.0000e+00
      0.220      0.008     6.0438    103.369     37.469  37.069275     1.3358      7.051   177.1710 7.6380e+01     7.6512      0.215      0.312    24.4858 0.0000e+00
      0.223      0.010     6.0318    103.489     37.484  37.081979     1.3348      7.044   177.2915 7.5958e+01     7.6373      0.217      0.315    24.4861 0.0000e+00
      0.229      0.010     6.0291    103.598     37.463  37.060252     1.3352      7.037   177.1455 7.5450e+01     7.6219      0.223      0.325    24.4772 0.0000e+00
      0.236      0.007     6.0299    103.644     37.463  37.060469     1.3233      7.032   176.6957 7.5057e+01     7.5954      0.232      0.336    24.4651 0.0000e+00
      0.240      0.002     6.0347    103.619     37.483  37.084608     1.3038      7.029   176.3265 7.4447e+01     7.5792      0.238      0.345    24.4586 0.0000e+00
      0.239     -0.002     6.0441    103.580     37.490  37.098218     1.2987      7.027   176.3817 7.4021e+01     7.5568      0.236      0.344    24.4559 0.0000e+00
      0.233     -0.004     6.0511    103.599     37.481  37.098103     1.2959      7.024   176.7607 7.3916e+01     7.4892      0.228      0.331    24.4544 0.0000e+00
      0.226     -0.005     6.0547    103.676     37.459  37.083222     1.3133      7.020   177.1233 7.3866e+01     7.4170      0.220      0.319    24.4563 0.0000e+00
      0.224     -0.003     6.0507    103.759     37.420  37.045252     1.3622      7.016   177.4108 7.4150e+01     7.4051      0.218      0.317    24.4622 0.0000e+00
      0.226      0.002     6.0454    103.773     37.401  37.019856     1.3922      7.011   177.7420 7.4470e+01     7.4435      0.222      0.322    24.4708 0.0000e+00
      0.230      0.005     6.0457    103.725     37.424  37.030037     1.3907      7.005   178.1165 7.4537e+01     7.4551      0.225      0.327    24.4837 0.0000e+00
      0.234      0.005     6.0494    103.742     37.448  37.041379     1.3703      7.000   178.4964 7.4675e+01     7.4147      0.229      0.333    24.4961 0.0000e+00
      0.237      0.002     6.0563    103.907     37.443  37.030028     1.3444      6.997   178.7219 7.4572e+01     7.3817      0.233      0.340    24.4985 0.0000e+00
      0.237     -0.002     6.0591    104.216     37.433  37.019735     1.3374      6.996   178.7779 7.4057e+01     7.4159      0.235      0.341    24.4868 0.0000e+00
      0.235     -0.005     6.0543    104.605     37.453  37.043875     1.3379      6.995   178.9158 7.3854e+01     7.4672      0.231      0.335    24.4664 0.0000e+00
      0.230     -0.006     6.0556    104.938     37.471  37.068015     1.3162      6.993   179.1846 7.4080e+01     7.4125      0.225      0.326    24.4479 0.0000e+00
      0.225     -0.006     6.0670    105.080     37.455  37.057722     1.2831      6.990   179.4472 7.3966e+01     7.2789      0.220      0.319    24.4383 0.0000e+00
      0.223     -0.006     6.0856    105.017     37.439  37.046379     1.2755      6.985   179.5947 7.3698e+01     7.1955      0.218      0.316    24.4393 0.0000e+00
      0.225     -0.006     6.1107    104.819     37.448  37.057824     1.2850      6.979   179.6774 7.3950e+01     7.1900      0.220      0.320    24.4473 0.0000e+00
      0.227     -0.007     6.1327    104.550     37.459  37.069157     1.2679      6.972   179.8444 7.4528e+01     7.2126      0.223      0.325    24.4569 0.0000e+00
      0.227     -0.010     6.1401    104.281     37.448  37.056452     1.2245      6.966   180.0654 7.5202e+01     7.2068      0.224      0.326    24.4651 0.0000e+00
      0.223     -0.014     6.1335    104.097     37.424  37.031158     1.2021      6.963   180.2845 7.5978e+01     7.1863      0.220      0.320    24.4707 0.0000e+00
      0.216     -0.015     6.1208    104.058     37.410  37.017224     1.2052      6.960   180.5153 7.6406e+01     7.1941      0.212      0.307    24.4738 0.0000e+00
      0.208     -0.013     6.1036    104.170     37.409  37.014926     1.2110      6.958   180.7918 7.6215e+01     7.2681      0.203      0.295    24.4740 0.0000e+00
      0.203     -0.009     6.0862    104.388     37.399  37.003366     1.2111      6.955   181.0462 7.6018e+01     7.3917      0.198      0.287    24.4712 0.0000e+00
      0.202     -0.004     6.0743    104.594     37.403  37.004406     1.2069      6.951   181.1812 7.6184e+01     7.4439      0.196      0.285    24.4684 0.0000e+00
      0.204      0.001     6.0722    104.676     37.431  37.027496     1.2122      6.945   181.3058 7.6466e+01     7.4403      0.200      0.290    24.4682 0.0000e+00
      0.209      0.004     6.0791    104.631     37.436  37.028642     1.2230      6.940   181.5208 7.6334e+01     7.4473      0.205      0.298    24.4684 0.0000e+00
      0.213      0.004     6.0951    104.562     37.429  37.018248     1.2414      6.935   181.8009 7.5692e+01     7.3973      0.210      0.304    24.4659 0.0000e+00
      0.213      0.003     6.1107    104.554     37.443  37.028768     1.2701      6.932   182.1115 7.5536e+01     7.2938      0.209      0.303    24.4612 0.0000e+00
      0.211      0.000     6.1160    104.604     37.443  37.028892     1.2840      6.930   182.4372 7.5714e+01     7.2116      0.206      0.299    24.4552 0.0000e+00
      0.209     -0.002     6.1115    104.688     37.432  37.019746     1.2791      6.928   182.7268 7.5460e+01     7.1910      0.205      0.297    24.4489 0.0000e+00
      0.209     -0.003     6.1055    104.810     37.453  37.045134     1.2716      6.927   182.9463 7.5359e+01     7.2738      0.205      0.298    24.4440 0.0000e+00
      0.209     -0.003     6.1064    104.968     37.485  37.081967     1.2718      6.926   183.1121 7.6066e+01     7.3934      0.206      0.298    24.4403 0.0000e+00
      0.208     -0.002     6.1100    105.102     37.483  37.084256     1.2818      6.925   183.2695 7.7306e+01     7.4244      0.204      0.295    24.4394 0.0000e+00
      0.206     -0.001     6.1143    105.134     37.468  37.072819     1.2886      6.923   183.4720 7.7623e+01     7.3869      0.202      0.293    24.4430 0.0000e+00
      0.206      0.000     6.1202    105.045     37.464  37.070634     1.3018      6.921   183.5829 7.6892e+01     7.3657      0.202      0.293    24.4492 0.0000e+00
      0.207      0.000     6.1303    104.875     37.452  37.057846     1.3288      6.920   183.5771 7.6443e+01     7.3969      0.203      0.294    24.4561 0.0000e+00
      0.208      0.001     6.1393    104.671     37.442  37.045144     1.3374      6.919   183.7462 7.6507e+01     7.4370      0.204      0.296    24.4630 0.0000e+00
      0.208      0.002     6.1409    104.436     37.444  37.044000     1.3288      6.916   183.9930 7.6689e+01     7.4238      0.205      0.297    24.4681 0.0000e+00
      0.208      0.002     6.1346    104.197     37.448  37.044000     1.3287      6.911   184.1517 7.6609e+01     7.4017      0.204      0.296    24.4699 0.0000e+00
