Data/DataNotYetUploadedToEDI/Raw_CTD/RawDownloads/090220_fcr50.cnv
* Sea-Bird SBE19plus  Data File:
* FileName = C:\DATA\090220_fcr50_0002.hex
* Software version 2.8.0.119
* Temperature SN = 7809
* Conductivity SN = 7809
* System UpLoad Time = Sep 02 2020 11:02:31
* <ApplicationData>
* <Seaterm232>
# nquan = 16
# nvalues = 3497                        
# units = specified
# name 0 = depFM: Depth [fresh water, m]
# name 1 = dz/dtM: Descent Rate [m/s]
# name 2 = sbeox0ML/L: Oxygen, SBE 43 [ml/l]
# name 3 = sbeox0PS: Oxygen, SBE 43 [% saturation]
# name 4 = specc: Specific Conductance [uS/cm]
# name 5 = c0uS/cm: Conductivity [uS/cm]
# name 6 = flECO-AFL: Fluorescence, WET Labs ECO-AFL/FL [mg/m^3]
# name 7 = ph: pH
# name 8 = orp: Oxidation Reduction Potential [mV]
# name 9 = par/sat/log: PAR/Logarithmic, Satlantic
# name 10 = turbWETntu0: Turbidity, WET Labs ECO [NTU]
# name 11 = prdM: Pressure, Strain Gauge [db]
# name 12 = prdE: Pressure, Strain Gauge [psi]
# name 13 = tv290C: Temperature [ITS-90, deg C]
# name 14 = density00: Density [density, kg/m^3]
# name 15 = flag:  0.000e+00
# span 0 =     -0.666,      8.586       
# span 1 =     -0.222,      4.381       
# span 2 =     0.0361,     5.7632       
# span 3 =      0.521,     97.786       
# span 4 =      1.061,     78.011       
# span 5 =   1.070698,  61.946270       
# span 6 =    -1.0183,    33.0556       
# span 7 =     14.863,     15.342       
# span 8 = -1240.7455,   355.3354       
# span 9 = 1.2345e-01, 4.8888e+02       
# span 10 =    -0.3269,    52.1508      
# span 11 =     -0.653,      8.420      
# span 12 =     -0.947,     12.212      
# span 13 =    11.9138,    25.4466      
# span 14 =   996.9375,   999.5697      
# span 15 = 0.0000e+00, 0.0000e+00      
# interval = seconds: 0.25
# start_time = Sep 01 2020 20:40:29 [Instrument's time stamp, header]
# bad_flag = -9.990e-29
*END*
[from data line 1628]
      8.574 2.0803e-31     2.0958     27.868     52.597  38.879390    -0.2542     15.339   214.8141 1.2373e-01    13.4965      8.409     12.196    11.9573   999.5650 0.0000e+00
      8.574 1.8912e-32     2.1026     27.883     52.619  38.896605    -0.2438     15.339   214.9181 1.2370e-01    13.4930      8.409     12.196    11.9568   999.5651 0.0000e+00
      8.574 1.7192e-33     2.1042     27.893     52.613  38.891880    -0.2094     15.339   215.0672 1.2367e-01    13.6179      8.408     12.195    11.9565   999.5651 0.0000e+00
      8.574 1.5629e-34     2.1018     27.899     52.606  38.885732    -0.1723     15.339   215.1542 1.2363e-01    13.8392      8.409     12.196    11.9562   999.5651 0.0000e+00
      8.574 1.4209e-35     2.1034     27.894     52.609  38.885742    -0.1765     15.340   215.1961 1.2363e-01    13.9373      8.409     12.196    11.9568   999.5651 0.0000e+00
      8.574 1.2917e-36     2.1047     27.910     52.619  38.891994    -0.1925     15.340   215.3147 1.2364e-01    13.9113      8.408     12.195    11.9579   999.5650 0.0000e+00
      8.574 1.1743e-37     2.1048     27.964     52.629  38.897864    -0.1854     15.340   215.3845 1.2358e-01    13.6963      8.408     12.195    11.9578   999.5650 0.0000e+00
      8.574 1.0675e-38     2.1068     28.014     52.624  38.893243    -0.1670     15.340   215.3513 1.2352e-01    13.3301      8.408     12.195    11.9565   999.5651 0.0000e+00
      8.574 9.7050e-40     2.1046     28.030     52.632  38.899590    -0.1606     15.340   215.4303 1.2356e-01    13.1218      8.408     12.195    11.9547   999.5653 0.0000e+00
      8.574 8.8225e-41     2.1048     28.028     52.647  38.911130    -0.1651     15.340   215.5644 1.2361e-01    13.0658      8.409     12.196    11.9532   999.5655 0.0000e+00
      8.574 8.0205e-42     2.1115     28.013     52.637  38.905843    -0.1356     15.340   215.5963 1.2361e-01    13.1007      8.408     12.195    11.9520   999.5656 0.0000e+00
      8.574 7.2915e-43     2.1157     27.968     52.626  38.899133    -0.0610     15.340   215.6441 1.2360e-01    13.2341      8.408     12.195    11.9512   999.5657 0.0000e+00
      8.575 6.6285e-44     2.1164     27.928     52.617  38.893467    -0.0070     15.340   215.7122 1.2363e-01    13.3055      8.409     12.196    11.9514   999.5657 0.0000e+00
      8.575 6.0260e-45     2.1152     27.898     52.626  38.900807    -0.0068     15.339   215.8180 1.2363e-01    13.2769      8.409     12.196    11.9521   999.5656 0.0000e+00
      8.575 5.4780e-46     2.1164     27.860     52.657  38.924407    -0.0682     15.339   215.9769 1.2361e-01    13.2659      8.409     12.196    11.9535   999.5654 0.0000e+00
      8.575 4.9801e-47     2.1101     27.836     52.657  38.924936    -0.1681     15.339   216.0843 1.2362e-01    13.3104      8.409     12.196    11.9553   999.5653 0.0000e+00
      8.575 4.5310e-48     2.1072     27.830     52.631  38.907210    -0.2236     15.339   216.0847 1.2366e-01    13.3336      8.409     12.196    11.9563   999.5651 0.0000e+00
      8.575 4.5133e-49     2.1069     27.842     52.621  38.900495    -0.2327     15.339   215.9808 1.2364e-01    13.3058      8.409     12.196    11.9568   999.5651 0.0000e+00
      8.575 4.7469e-49     2.1015     27.883     52.629  38.907215    -0.2411     15.338   215.9464 1.2359e-01    13.2495      8.409     12.196    11.9570   999.5651 0.0000e+00
      8.575 4.8134e-48     2.1008     27.934     52.650  38.924987    -0.2490     15.338   216.0124 1.2359e-01    13.2029      8.408     12.195    11.9580   999.5650 0.0000e+00
      8.575 5.2911e-47     2.0998     27.959     52.647  38.924968    -0.2417     15.339   216.0049 1.2364e-01    13.1884      8.409     12.196    11.9593   999.5648 0.0000e+00
      8.575 5.8201e-46     2.1003     27.964     52.619  38.906985    -0.2287     15.340   215.9414 1.2369e-01    13.1772      8.408     12.195    11.9598   999.5648 0.0000e+00
      8.575 6.4021e-45     2.1035     27.969     52.604  38.897976    -0.2262     15.340   215.9334 1.2369e-01    13.1702      8.409     12.196    11.9607   999.5646 0.0000e+00
      8.575 7.0423e-44     2.1092     27.945     52.575  38.879514    -0.2304     15.339   215.9942 1.2366e-01    13.2409      8.409     12.196    11.9627   999.5644 0.0000e+00
      8.575 7.7466e-43     2.1107     27.915     52.565  38.874164    -0.2405     15.338   216.0751 1.2366e-01    13.4146      8.409     12.196    11.9653   999.5641 0.0000e+00
      8.575 8.5212e-42     2.1088     27.901     52.593  38.896765    -0.2435     15.338   216.1363 1.2366e-01    13.5537      8.409     12.196    11.9674   999.5639 0.0000e+00
      8.575 9.3734e-41     2.1123     27.884     52.593  38.898906    -0.2293     15.338   216.1319 1.2365e-01    13.5835      8.409     12.196    11.9698   999.5636 0.0000e+00
      8.575 1.0311e-39     2.1083     27.863     52.592  38.900055    -0.2122     15.338   216.1085 1.2362e-01    13.5005      8.409     12.196    11.9722   999.5633 0.0000e+00
      8.575 1.1342e-38     2.1048     27.852     52.604  38.910658    -0.2173     15.338   216.1977 1.2359e-01    13.3394      8.409     12.196    11.9744   999.5630 0.0000e+00
      8.575 1.2476e-37     2.1058     27.870     52.588  38.900173    -0.2428     15.338   216.3497 1.2360e-01    13.2840      8.409     12.196    11.9767   999.5628 0.0000e+00
      8.575 1.3724e-36     2.1032     27.901     52.587  38.900217    -0.2447     15.338   216.5691 1.2365e-01    13.3464      8.409     12.197    11.9786   999.5626 0.0000e+00
      8.575 1.5096e-35     2.1020     27.932     52.602  38.911194    -0.2020     15.338   216.7856 1.2370e-01    13.3381      8.409     12.196    11.9802   999.5624 0.0000e+00
      8.575 1.6605e-34     2.0994     27.947     52.595  38.905949    -0.1463     15.338   216.9024 1.2371e-01    13.2178      8.409     12.197    11.9814   999.5623 0.0000e+00
      8.575 1.8266e-33     2.1022     27.927     52.588  38.900275    -0.1143     15.339   217.0349 1.2366e-01    13.1615      8.409     12.196    11.9828   999.5620 0.0000e+00
      8.575 2.0093e-32     2.1044     27.882     52.596  38.906058    -0.1112     15.339   217.0982 1.2363e-01    13.2408      8.409     12.197    11.9841   999.5619 0.0000e+00
      8.575 2.2102e-31     2.1070     27.842     52.605  38.912406    -0.1275     15.339   217.0648 1.2361e-01    13.3179      8.409     12.196    11.9843   999.5620 0.0000e+00
      8.575 2.4312e-30     2.1097     27.833     52.607  38.913561    -0.1580     15.339   217.1478 1.2359e-01    13.3390      8.409     12.197    11.9836   999.5620 0.0000e+00
      8.575 2.6743e-29     2.1066     27.815     52.618  38.920011    -0.1753     15.339   217.4992 1.2356e-01    13.3239      8.409     12.196    11.9828   999.5621 0.0000e+00
      8.575 2.9418e-28     2.1040     27.791     52.630  38.926931    -0.1752     15.339   217.8712 1.2356e-01    13.2739      8.409     12.197    11.9827   999.5621 0.0000e+00
      8.575 3.2359e-27     2.0975     27.791     52.641  38.933755    -0.1757     15.339   217.9463 1.2366e-01    13.2499      8.410     12.197    11.9828   999.5621 0.0000e+00
      8.575 3.5595e-26     2.1006     27.780     52.650  38.939053    -0.1620     15.339   217.8909 1.2370e-01    13.2732      8.409     12.197    11.9823   999.5622 0.0000e+00
      8.575 3.9155e-25     2.0991     27.769     52.636  38.927514    -0.1525     15.338   217.9764 1.2367e-01    13.2810      8.409     12.197    11.9808   999.5624 0.0000e+00
      8.576 4.3070e-24     2.0940     27.780     52.629  38.921176    -0.1574     15.337   218.2059 1.2363e-01    13.2746      8.410     12.198    11.9785   999.5626 0.0000e+00
      8.576 4.7377e-23     2.0983     27.790     52.638  38.925893    -0.1638     15.337   218.4280 1.2361e-01    13.2650      8.410     12.198    11.9770   999.5628 0.0000e+00
      8.575 5.2115e-22     2.0954     27.799     52.633  38.921069    -0.1909     15.338   218.5960 1.2364e-01    13.2684      8.410     12.197    11.9764   999.5628 0.0000e+00
      8.575 5.7327e-21     2.0939     27.804     52.643  38.926319    -0.2189     15.339   218.6891 1.2364e-01    13.3152      8.410     12.197    11.9748   999.5630 0.0000e+00
      8.575 6.3059e-20     2.0963     27.794     52.644  38.925902    -0.2254     15.339   218.7796 1.2359e-01    13.3162      8.410     12.197    11.9738   999.5631 0.0000e+00
      8.576 6.9365e-19     2.0967     27.799     52.632  38.916027    -0.2314     15.339   218.9159 1.2359e-01    13.2467      8.410     12.198    11.9728   999.5632 0.0000e+00
      8.576 7.6302e-18     2.0970     27.818     52.658  38.933856    -0.2240     15.339   218.9606 1.2366e-01    13.1617      8.410     12.198    11.9707   999.5635 0.0000e+00
      8.575 8.3932e-17     2.0992     27.816     52.683  38.951071    -0.1933     15.339   218.9761 1.2370e-01    13.1118      8.409     12.197    11.9692   999.5637 0.0000e+00
      8.575 9.2325e-16     2.0963     27.801     52.661  38.933758    -0.1651     15.339   219.1027 1.2366e-01    13.1245      8.410     12.198    11.9680   999.5638 0.0000e+00
      8.575 1.0156e-14     2.0967     27.786     52.637  38.914925    -0.1605     15.339   219.2865 1.2365e-01    13.0748      8.410     12.197    11.9669   999.5639 0.0000e+00
      8.575 1.1171e-13     2.1006     27.774     52.637  38.913771    -0.1940     15.339   219.3922 1.2366e-01    13.0248      8.409     12.196    11.9660   999.5640 0.0000e+00
      8.575 1.2288e-12     2.0988     27.755     52.647  38.919805    -0.2370     15.340   219.5202 1.2368e-01    13.1041      8.410     12.197    11.9648   999.5642 0.0000e+00
      8.575 1.3517e-11     2.0982     27.731     52.655  38.924408    -0.2513     15.340   219.7153 1.2368e-01    13.2092      8.410     12.197    11.9638   999.5643 0.0000e+00
      8.576 1.4869e-10     2.0963     27.709     52.632  38.905953    -0.2427     15.339   219.8584 1.2364e-01    13.2659      8.410     12.197    11.9630   999.5644 0.0000e+00
      8.576 1.6356e-09     2.0965     27.700     52.608  38.887083    -0.2286     15.339   220.0449 1.2360e-01    13.2403      8.410     12.197    11.9621   999.5645 0.0000e+00
      8.575 1.7992e-08     2.0949     27.720     52.608  38.886658    -0.2231     15.340   220.2499 1.2363e-01    13.1746      8.409     12.197    11.9605   999.5647 0.0000e+00
      8.575 1.9791e-07     2.0926     27.742     52.627  38.900807    -0.2238     15.340   220.2729 1.2370e-01    13.1922      8.409     12.197    11.9591   999.5648 0.0000e+00
      8.575      0.000     2.0914     27.760     52.669  38.931217    -0.2192     15.339   220.1499 1.2369e-01    13.2819      8.409     12.197    11.9580   999.5649 0.0000e+00
      8.576      0.000     2.0890     27.807     52.678  38.936995    -0.2150     15.339   220.1402 1.2361e-01    13.2632      8.410     12.198    11.9564   999.5651 0.0000e+00
      8.576      0.000     2.0925     27.870     52.639  38.907206    -0.2201     15.339   220.3273 1.2361e-01    13.1034      8.410     12.198    11.9560   999.5652 0.0000e+00
      8.576      0.003     2.0945     27.898     52.614  38.888385    -0.2333     15.339   220.5202 1.2366e-01    12.9970      8.409     12.197    11.9562   999.5651 0.0000e+00
      8.576      0.032     2.0939     27.894     52.630  38.899830    -0.2412     15.339   220.6652 1.2362e-01    13.0073      8.410     12.198    11.9558   999.5652 0.0000e+00
      8.576      0.351     2.0977     27.867     52.656  38.918654    -0.2391     15.339   220.7895 1.2356e-01    13.0571      8.410     12.198    11.9550   999.5653 0.0000e+00
      8.576      3.857     2.1056     27.833     52.666  38.925573    -0.2169     15.340   220.8194 1.2353e-01    13.0834      8.410     12.198    11.9538   999.5654 0.0000e+00
      8.576      3.857     2.1063     27.830     52.659  38.920015    -0.1833     15.340   220.8541 1.2356e-01    13.0509      8.410     12.198    11.9530   999.5655 0.0000e+00
      8.576      0.351     2.1060     27.832     52.653  38.914926    -0.1758     15.340   220.9506 1.2360e-01    13.0070      8.410     12.197    11.9530   999.5655 0.0000e+00
      8.576      0.032     2.1044     27.802     52.671  38.927506    -0.1743     15.340   221.0401 1.2355e-01    13.0330      8.410     12.198    11.9531   999.5655 0.0000e+00
      8.576      0.003     2.0989     27.772     52.695  38.945184    -0.1557     15.340   221.0770 1.2356e-01    13.1600      8.410     12.198    11.9524   999.5656 0.0000e+00
      8.576      0.000     2.1006     27.780     52.685  38.938265    -0.1416     15.340   221.0516 1.2367e-01    13.3068      8.410     12.198    11.9515   999.5657 0.0000e+00
      8.576      0.000     2.1024     27.794     52.643  38.907316    -0.1476     15.340   221.0774 1.2372e-01    13.3312      8.410     12.198    11.9513   999.5657 0.0000e+00
      8.576      0.000     2.0987     27.792     52.618  38.888333    -0.1606     15.340   221.2174 1.2369e-01    13.2492      8.410     12.198    11.9507   999.5658 0.0000e+00
      8.576 1.9791e-07     2.0944     27.776     52.634  38.899144    -0.1557     15.340   221.3668 1.2366e-01    13.2080      8.410     12.198    11.9505   999.5658 0.0000e+00
      8.576 1.7992e-08     2.0973     27.758     52.651  38.911090    -0.1361     15.340   221.4218 1.2362e-01    13.2800      8.410     12.197    11.9511   999.5658 0.0000e+00
      8.576 1.6356e-09     2.0985     27.768     52.645  38.905830    -0.1246     15.340   221.4521 1.2360e-01    13.3638      8.410     12.198    11.9516   999.5657 0.0000e+00
      8.576 1.4869e-10     2.0980     27.789     52.637  38.899020    -0.1398     15.340   221.4745 1.2365e-01    13.3289      8.410     12.198    11.9502   999.5658 0.0000e+00
      8.576 1.3517e-11     2.0974     27.779     52.628  38.892210    -0.1672     15.341   221.5203 1.2370e-01    13.2357      8.410     12.198    11.9488   999.5660 0.0000e+00
      8.576 1.2289e-12     2.0938     27.767     52.621  38.886966    -0.1695     15.341   221.7475 1.2371e-01    13.2318      8.410     12.198    11.9489   999.5660 0.0000e+00
      8.576 1.1171e-13     2.0955     27.782     52.637  38.899088    -0.1582     15.340   221.9853 1.2367e-01    13.2819      8.410     12.197    11.9479   999.5661 0.0000e+00
      8.576 1.0156e-14     2.0994     27.790     52.654  38.911834    -0.1544     15.340   221.9868 1.2362e-01    13.2582      8.411     12.199    11.9474   999.5662 0.0000e+00
      8.576 9.2325e-16     2.0972     27.789     52.657  38.914137    -0.1623     15.340   221.9371 1.2360e-01    13.1512      8.410     12.198    11.9475   999.5661 0.0000e+00
      8.576 8.3930e-17     2.0943     27.799     52.674  38.926929    -0.1776     15.340   221.9874 1.2363e-01    13.0531      8.410     12.198    11.9473   999.5662 0.0000e+00
      8.576 7.6300e-18     2.0981     27.791     52.691  38.939570    -0.1768     15.340   222.0779 1.2368e-01    13.0668      8.411     12.199    11.9473   999.5662 0.0000e+00
      8.576 6.9365e-19     2.0984     27.752     52.691  38.940039    -0.1628     15.339   222.2575 1.2366e-01    13.1105      8.410     12.198    11.9477   999.5661 0.0000e+00
      8.576 6.3060e-20     2.0967     27.727     52.681  38.932601    -0.1601     15.339   222.3520 1.2362e-01    13.1010      8.411     12.199    11.9476   999.5661 0.0000e+00
      8.576 5.7325e-21     2.0993     27.716     52.655  38.913107    -0.1536     15.339   222.2744 1.2360e-01    13.1232      8.410     12.198    11.9478   999.5661 0.0000e+00
      8.576 5.2115e-22     2.0995     27.694     52.630  38.894749    -0.1236     15.339   222.3511 1.2357e-01    13.1738      8.411     12.199    11.9485   999.5661 0.0000e+00
      8.576 4.7377e-23     2.0940     27.675     52.638  38.901038    -0.1021     15.340   222.5911 1.2358e-01    13.2324      8.411     12.199    11.9487   999.5660 0.0000e+00
