Data/DataNotYetUploadedToEDI/Raw_CTD/RawDownloads/090219_fcr30.cnv
* Sea-Bird SBE19plus  Data File:
* FileName = C:\DATA\SBE19plus_01907809_2019_09_02_0003.hex
* Software version 2.8.0.119 SB_Terminal.dll
* Temperature SN = 7809
* Conductivity SN = 7809
* System UpLoad Time = Sep 02 2019 11:49:47
* <ApplicationData>
* <Seaterm232>
# nquan = 15
# nvalues = 356                         
# units = specified
# name 0 = depFM: Depth [fresh water, m]
# name 1 = dz/dtM: Descent Rate [m/s]
# name 2 = sbeox0ML/L: Oxygen, SBE 43 [ml/l]
# name 3 = sbeox0PS: Oxygen, SBE 43 [% saturation]
# name 4 = specc: Specific Conductance [uS/cm]
# name 5 = c0uS/cm: Conductivity [uS/cm]
# name 6 = flECO-AFL: Fluorescence, WET Labs ECO-AFL/FL [mg/m^3]
# name 7 = ph: pH
# name 8 = orp: Oxidation Reduction Potential [mV]
# name 9 = par/sat/log: PAR/Logarithmic, Satlantic
# name 10 = turbWETntu0: Turbidity, WET Labs ECO [NTU]
# name 11 = prdM: Pressure, Strain Gauge [db]
# name 12 = prdE: Pressure, Strain Gauge [psi]
# name 13 = tv290C: Temperature [ITS-90, deg C]
# name 14 = flag:  0.000e+00
# span 0 =     -0.550,      5.095       
# span 1 =     -0.284,      0.263       
# span 2 =    -0.3332,     6.7989       
# span 3 =     -5.109,    113.638       
# span 4 =     27.866,     95.046       
# span 5 =  27.548904,  76.411082       
# span 6 =    -0.1831,     7.8763       
# span 7 =      6.256,      7.611       
# span 8 =   174.2644,   349.3088       
# span 9 = 1.7265e-01, 1.5128e+03       
# span 10 =    -5.3761,    56.9198      
# span 11 =     -0.539,      4.997      
# span 12 =     -0.783,      7.248      
# span 13 =    12.4207,    25.0753      
# span 14 = 0.0000e+00, 0.0000e+00      
# interval = seconds: 0.25
# start_time = Sep 02 2019 11:24:38 [Instrument's time stamp, header]
# bad_flag = -9.990e-29
*END*
     -0.549     -0.001     5.7257     94.870     37.378  36.047919    -0.1752      6.348   349.3088 1.5128e+03    -0.0847     -0.538     -0.781    23.1475 0.0000e+00
     -0.550     -0.001     5.7146     94.593     37.794  36.502577    -0.1831      6.348   342.1161 1.2097e+03    -0.0598     -0.539     -0.782    23.1513 0.0000e+00
     -0.550      0.000     5.7018     94.344     37.715  36.541673    -0.1434      6.338   336.9260 5.5248e+02     0.0243     -0.539     -0.782    23.1618 0.0000e+00
     -0.550      0.000     5.6906     94.145     37.513  36.520796    -0.0501      6.322   330.6938 1.7881e+02     0.1129     -0.539     -0.782    23.1774 0.0000e+00
     -0.550      0.000     5.6727     93.995     37.118  36.313886     0.0002      6.299   286.3804 1.4971e+02     0.1265     -0.539     -0.782    23.2049 0.0000e+00
     -0.550      0.004     5.6487     93.897     33.628  33.024641     0.0047      6.256   211.0264 1.4936e+02     0.1231     -0.539     -0.782    23.2533 0.0000e+00
     -0.549      0.015     5.6183     93.830     28.636  28.221961     0.0218      6.291   195.9279 1.5246e+02     0.0388     -0.538     -0.781    23.4002 0.0000e+00
     -0.549      0.036     5.5780     93.795     27.866  27.548904     0.1377      6.525   235.5517 1.5914e+02    -1.3842     -0.539     -0.781    23.6747 0.0000e+00
     -0.548      0.068     5.5409     93.795     30.763  30.476100     0.3303      6.862   256.4764 1.6699e+02    -4.0384     -0.539     -0.783    23.9352 0.0000e+00
     -0.538      0.105     5.5168     93.815     34.883  34.617326     0.4262      7.146   258.2634 1.7234e+02    -5.3761     -0.536     -0.778    24.1282 0.0000e+00
     -0.506      0.142     5.4951     93.859     37.412  37.195994     0.4395      7.339   257.8466 1.7511e+02    -4.3848     -0.505     -0.732    24.2968 0.0000e+00
     -0.451      0.177     5.4791     93.994     37.667  37.539814     0.5080      7.456   254.6202 1.7650e+02     7.5873     -0.446     -0.645    24.4321 0.0000e+00
     -0.387      0.210     5.4700     94.278     37.611  37.568546     0.6218      7.526   250.8303 1.7658e+02    29.5246     -0.378     -0.548    24.5285 0.0000e+00
     -0.327      0.239     5.4637     94.666     37.531  37.543525     0.6797      7.573   249.4502 1.7565e+02    41.4144     -0.318     -0.461    24.6009 0.0000e+00
     -0.272      0.258     5.4558     95.093     37.451  37.491265     0.6867      7.601   249.2909 1.6906e+02    41.7235     -0.268     -0.389    24.6916 0.0000e+00
     -0.213      0.263     5.4469     95.348     37.391  37.444510     0.7594      7.611   248.7329 1.4523e+02    33.2616     -0.216     -0.314    24.8292 0.0000e+00
     -0.137      0.255     5.4538     95.144     37.365  37.422555     0.8995      7.608   248.0374 1.0770e+02    17.5586     -0.141     -0.204    24.9553 0.0000e+00
     -0.049      0.235     5.4683     94.456     37.360  37.416232     0.9767      7.596   247.0767 7.7471e+01     9.0030     -0.041     -0.061    25.0260 0.0000e+00
      0.025      0.205     5.4943     93.451     37.324  37.368057     0.9820      7.578   245.5487 6.1264e+01     8.2074      0.036      0.052    25.0552 0.0000e+00
      0.072      0.167     5.5171     92.204     37.269  37.284386     0.9890      7.558   243.7589 5.1958e+01     7.9399      0.076      0.109    25.0672 0.0000e+00
      0.098      0.125     5.5036     90.747     37.255  37.229695     1.0090      7.539   242.0414 4.8490e+01     7.6029      0.102      0.147    25.0753 0.0000e+00
      0.112      0.085     5.4589     89.253     37.277  37.214518     1.0252      7.522   240.7865 5.0073e+01     7.4105      0.112      0.162    25.0728 0.0000e+00
      0.122      0.055     5.4007     87.908     37.313  37.227783     1.0290      7.506   240.2008 5.3271e+01     7.3840      0.117      0.168    25.0613 0.0000e+00
      0.135      0.035     5.3340     86.765     37.358  37.263101     1.0286      7.492   240.1222 5.7065e+01     7.4459      0.134      0.193    25.0241 0.0000e+00
      0.145      0.022     5.2511     85.833     37.362  37.260678     1.0288      7.481   240.2661 6.0928e+01     7.5679      0.147      0.213    24.9573 0.0000e+00
      0.148      0.012     5.1653     85.118     37.307  37.198482     1.0308      7.472   240.1344 6.4316e+01     7.6471      0.146      0.212    24.9016 0.0000e+00
      0.146      0.006     5.0897     84.588     37.262  37.145824     1.0360      7.463   239.7344 6.5019e+01     7.6493      0.143      0.207    24.8752 0.0000e+00
      0.143      0.001     5.0248     84.241     37.255  37.131777     1.0315      7.452   239.5601 6.2787e+01     7.5947      0.141      0.204    24.8650 0.0000e+00
      0.140      0.000     4.9701     84.067     37.285  37.155576     1.0105      7.440   239.6619 6.1290e+01     7.4792      0.138      0.200    24.8588 0.0000e+00
      0.139      0.002     4.9312     83.929     37.315  37.179676     0.9909      7.427   239.6748 6.1271e+01     7.3341      0.136      0.197    24.8493 0.0000e+00
      0.141      0.004     4.9017     83.699     37.311  37.169258     0.9847      7.416   239.3715 6.1235e+01     7.2499      0.138      0.200    24.8382 0.0000e+00
      0.146      0.007     4.8806     83.348     37.306  37.156554     0.9792      7.406   239.0060 6.0746e+01     7.2140      0.144      0.208    24.8289 0.0000e+00
      0.149      0.009     4.8759     82.840     37.311  37.153007     0.9673      7.397   238.4385 5.9858e+01     7.2619      0.148      0.214    24.8208 0.0000e+00
      0.150      0.009     4.8717     82.146     37.294  37.126362     0.9620      7.388   237.5000 5.9291e+01     7.4025      0.147      0.213    24.8127 0.0000e+00
      0.151      0.007     4.8585     81.302     37.266  37.088270     0.9670      7.381   236.6932 5.8894e+01     7.4710      0.147      0.214    24.8047 0.0000e+00
      0.155      0.004     4.8401     80.400     37.261  37.073257     0.9760      7.375   236.2554 5.8573e+01     7.4683      0.152      0.220    24.7956 0.0000e+00
      0.158      0.002     4.8126     79.520     37.267  37.071780     0.9759      7.369   235.9916 5.9034e+01     7.4356      0.156      0.227    24.7834 0.0000e+00
      0.158      0.001     4.7726     78.688     37.273  37.070399     0.9663      7.363   234.6221 5.9708e+01     7.4036      0.157      0.227    24.7695 0.0000e+00
      0.155      0.001     4.7228     77.948     37.267  37.056549     0.9635      7.357   231.6570 6.0209e+01     7.4415      0.151      0.219    24.7550 0.0000e+00
      0.153      0.002     4.6694     77.372     37.249  37.031264     0.9680      7.351   229.9964 6.0933e+01     7.5007      0.148      0.214    24.7420 0.0000e+00
      0.153      0.005     4.6194     77.001     37.242  37.018558     0.9855      7.346   230.6321 6.1649e+01     7.4971      0.150      0.218    24.7317 0.0000e+00
      0.156      0.010     4.5712     76.871     37.260  37.029867     1.0108      7.341   231.5136 6.1912e+01     7.4298      0.153      0.221    24.7212 0.0000e+00
      0.159      0.014     4.5270     77.003     37.278  37.041043     1.0137      7.336   228.5236 6.2072e+01     7.3754      0.155      0.225    24.7101 0.0000e+00
      0.164      0.014     4.4937     77.311     37.271  37.026725     1.0122      7.331   220.0336 6.2544e+01     7.3634      0.160      0.232    24.7010 0.0000e+00
      0.170      0.012     4.4723     77.673     37.234  36.983685     1.0268      7.326   213.3535 6.3593e+01     7.3174      0.167      0.242    24.6946 0.0000e+00
      0.176      0.008     4.4638     78.034     37.223  36.964955     1.0347      7.320   214.6935 6.5104e+01     7.2137      0.174      0.252    24.6868 0.0000e+00
      0.178      0.003     4.4747     78.368     37.257  36.990676     1.0292      7.314   220.5752 6.6432e+01     7.1574      0.176      0.255    24.6767 0.0000e+00
      0.176     -0.002     4.4969     78.688     37.252  36.977291     1.0212      7.308   224.4994 6.7570e+01     7.1613      0.173      0.250    24.6672 0.0000e+00
      0.172     -0.006     4.5186     78.987     37.212  36.930056     1.0160      7.303   226.7785 6.8560e+01     7.1616      0.168      0.244    24.6578 0.0000e+00
      0.168     -0.008     4.5420     79.181     37.215  36.927335     1.0176      7.297   229.0315 6.9174e+01     7.2596      0.164      0.238    24.6476 0.0000e+00
      0.165     -0.006     4.5614     79.262     37.238  36.944385     1.0243      7.289   225.3259 6.9724e+01     7.4617      0.161      0.234    24.6365 0.0000e+00
      0.164     -0.003     4.5802     79.304     37.244  36.945779     1.0275      7.283   215.4437 7.0399e+01     7.5727      0.160      0.233    24.6247 0.0000e+00
      0.164      0.001     4.6021     79.365     37.246  36.944179     1.0308      7.278   208.9216 7.0688e+01     7.5859      0.160      0.232    24.6148 0.0000e+00
      0.165      0.005     4.6137     79.449     37.230  36.925041     1.0467      7.275   207.1259 7.0369e+01     7.5560      0.161      0.235    24.6068 0.0000e+00
      0.167      0.007     4.6169     79.515     37.213  36.904794     1.0721      7.272   205.9493 6.9716e+01     7.4735      0.164      0.238    24.5995 0.0000e+00
      0.170      0.007     4.6187     79.519     37.203  36.889787     1.0859      7.268   205.1064 6.9350e+01     7.4078      0.166      0.241    24.5939 0.0000e+00
      0.173      0.006     4.6224     79.409     37.188  36.870537     1.0838      7.266   204.5060 7.0235e+01     7.3848      0.170      0.247    24.5897 0.0000e+00
      0.174      0.004     4.6291     79.189     37.184  36.862445     1.0902      7.264   203.7669 7.2140e+01     7.3253      0.173      0.250    24.5851 0.0000e+00
      0.174      0.003     4.6339     78.891     37.181  36.855414     1.1201      7.261   203.2254 7.3878e+01     7.2462      0.171      0.249    24.5796 0.0000e+00
      0.173      0.002     4.6363     78.497     37.178  36.848999     1.1505      7.256   203.0347 7.5098e+01     7.2152      0.170      0.247    24.5732 0.0000e+00
      0.173      0.002     4.6305     77.985     37.181  36.848356     1.1538      7.250   202.8378 7.6011e+01     7.1802      0.169      0.246    24.5670 0.0000e+00
      0.174      0.003     4.6163     77.388     37.182  36.847626     1.1593      7.245   202.6516 7.6806e+01     7.2155      0.171      0.247    24.5612 0.0000e+00
      0.176      0.005     4.6005     76.773     37.177  36.840173     1.1915      7.240   202.5035 7.7562e+01     7.3468      0.173      0.250    24.5560 0.0000e+00
      0.177      0.006     4.5788     76.219     37.161  36.821709     1.2145      7.235   202.2519 7.7673e+01     7.4244      0.174      0.252    24.5510 0.0000e+00
      0.179      0.006     4.5483     75.798     37.156  36.814789     1.2117      7.227   201.9333 7.6903e+01     7.4331      0.176      0.255    24.5469 0.0000e+00
      0.182      0.005     4.5125     75.528     37.164  36.819982     1.2015      7.220   201.6626 7.5910e+01     7.4194      0.178      0.258    24.5438 0.0000e+00
      0.184      0.002     4.4751     75.372     37.168  36.821020     1.2033      7.215   201.4732 7.5385e+01     7.4221      0.181      0.263    24.5411 0.0000e+00
      0.185     -0.001     4.4414     75.265     37.176  36.827338     1.2158      7.210   201.3647 7.5816e+01     7.4324      0.183      0.265    24.5382 0.0000e+00
      0.184     -0.003     4.4163     75.153     37.185  36.832893     1.2224      7.206   201.3830 7.6521e+01     7.4139      0.181      0.263    24.5349 0.0000e+00
      0.181     -0.003     4.4026     75.063     37.180  36.824712     1.2228      7.203   201.4368 7.6667e+01     7.3942      0.177      0.257    24.5315 0.0000e+00
      0.178     -0.003     4.3941     74.943     37.149  36.791890     1.2203      7.199   201.4119 7.6699e+01     7.3911      0.173      0.251    24.5279 0.0000e+00
      0.178     -0.002     4.3910     74.647     37.114  36.753400     1.2182      7.195   201.3405 7.6827e+01     7.4096      0.173      0.250    24.5243 0.0000e+00
      0.180      0.000     4.3825     74.186     37.104  36.740166     1.2237      7.192   201.1762 7.7126e+01     7.4209      0.177      0.255    24.5208 0.0000e+00
      0.182      0.002     4.3775     73.616     37.126  36.758826     1.2265      7.188   201.0595 7.7511e+01     7.4294      0.179      0.259    24.5167 0.0000e+00
      0.182      0.005     4.3778     72.950     37.158  36.788594     1.2259      7.184   201.1340 7.7168e+01     7.4464      0.178      0.259    24.5125 0.0000e+00
      0.182      0.006     4.3580     72.237     37.154  36.782715     1.2430      7.179   201.2172 7.6524e+01     7.4302      0.177      0.257    24.5080 0.0000e+00
      0.182      0.006     4.3302     71.523     37.124  36.751205     1.2676      7.172   201.2045 7.6329e+01     7.4305      0.178      0.258    24.5035 0.0000e+00
      0.184      0.006     4.2982     70.839     37.099  36.724985     1.2803      7.163   201.0669 7.5979e+01     7.4492      0.180      0.261    24.4997 0.0000e+00
      0.189      0.005     4.2575     70.181     37.095  36.719573     1.2842      7.155   200.8436 7.5438e+01     7.4269      0.186      0.269    24.4964 0.0000e+00
      0.191      0.005     4.2156     69.557     37.127  36.749241     1.2797      7.147   200.7418 7.5040e+01     7.3910      0.189      0.275    24.4941 0.0000e+00
      0.191      0.005     4.1730     69.017     37.147  36.766321     1.2696      7.140   200.7825 7.4770e+01     7.3758      0.188      0.273    24.4921 0.0000e+00
      0.189      0.006     4.1337     68.580     37.118  36.735671     1.2671      7.131   200.8199 7.4927e+01     7.3740      0.186      0.270    24.4897 0.0000e+00
      0.188      0.008     4.0960     68.231     37.081  36.696018     1.2926      7.121   200.8489 7.4854e+01     7.4024      0.183      0.265    24.4873 0.0000e+00
      0.190      0.010     4.0575     67.956     37.055  36.667706     1.3341      7.111   200.9610 7.4170e+01     7.4897      0.184      0.266    24.4848 0.0000e+00
      0.198      0.010     4.0263     67.696     37.035  36.647246     1.3443      7.103   201.1431 7.3580e+01     7.5770      0.194      0.282    24.4829 0.0000e+00
      0.205      0.008     4.0015     67.391     37.026  36.639054     1.3292      7.097   201.1576 7.3168e+01     7.6057      0.202      0.295    24.4797 0.0000e+00
      0.207      0.005     3.9813     67.042     37.018  36.632129     1.3253      7.092   200.9644 7.3164e+01     7.5750      0.204      0.297    24.4742 0.0000e+00
      0.207      0.000     3.9669     66.663     37.013  36.626982     1.3318      7.088   200.8716 7.3520e+01     7.5008      0.204      0.296    24.4714 0.0000e+00
      0.204     -0.002     3.9537     66.260     37.028  36.640299     1.3384      7.085   200.8964 7.3816e+01     7.4291      0.200      0.290    24.4714 0.0000e+00
      0.199     -0.001     3.9352     65.857     37.056  36.666196     1.3449      7.082   200.9199 7.4334e+01     7.3970      0.194      0.282    24.4722 0.0000e+00
      0.197      0.004     3.9143     65.486     37.079  36.686211     1.3489      7.077   200.9844 7.4804e+01     7.5056      0.191      0.278    24.4727 0.0000e+00
      0.197      0.013     3.8927     65.190     37.087  36.691877     1.3438      7.071   201.0733 7.4448e+01     7.7257      0.192      0.279    24.4722 0.0000e+00
      0.202      0.022     3.8682     64.999     37.069  36.671223     1.3355      7.064   201.2203 7.3685e+01     7.8301      0.197      0.286    24.4708 0.0000e+00
      0.211      0.027     3.8447     64.890     37.027  36.626908     1.3348      7.056   201.3859 7.3090e+01     7.8177      0.206      0.299    24.4679 0.0000e+00
      0.223      0.027     3.8221     64.805     37.001  36.600366     1.3363      7.050   201.4407 7.2071e+01     7.8048      0.218      0.315    24.4644 0.0000e+00
      0.235      0.022     3.8041     64.668     37.006  36.604196     1.3358      7.046   201.3670 7.1165e+01     7.7074      0.232      0.336    24.4610 0.0000e+00
