Data/DataNotYetUploadedToEDI/Raw_CTD/RawDownloads/090219_fcr45.cnv
* Sea-Bird SBE19plus  Data File:
* FileName = C:\DATA\SBE19plus_01907809_2019_09_02_0004.hex
* Software version 2.8.0.119 SB_Terminal.dll
* Temperature SN = 7809
* Conductivity SN = 7809
* System UpLoad Time = Sep 02 2019 11:50:02
* <ApplicationData>
* <Seaterm232>
# nquan = 15
# nvalues = 425                         
# units = specified
# name 0 = depFM: Depth [fresh water, m]
# name 1 = dz/dtM: Descent Rate [m/s]
# name 2 = sbeox0ML/L: Oxygen, SBE 43 [ml/l]
# name 3 = sbeox0PS: Oxygen, SBE 43 [% saturation]
# name 4 = specc: Specific Conductance [uS/cm]
# name 5 = c0uS/cm: Conductivity [uS/cm]
# name 6 = flECO-AFL: Fluorescence, WET Labs ECO-AFL/FL [mg/m^3]
# name 7 = ph: pH
# name 8 = orp: Oxidation Reduction Potential [mV]
# name 9 = par/sat/log: PAR/Logarithmic, Satlantic
# name 10 = turbWETntu0: Turbidity, WET Labs ECO [NTU]
# name 11 = prdM: Pressure, Strain Gauge [db]
# name 12 = prdE: Pressure, Strain Gauge [psi]
# name 13 = tv290C: Temperature [ITS-90, deg C]
# name 14 = flag:  0.000e+00
# span 0 =     -0.548,      7.518       
# span 1 =     -0.207,      0.311       
# span 2 =    -0.2508,     6.6955       
# span 3 =     -3.809,    112.107       
# span 4 =      6.560,    110.282       
# span 5 =   6.162976,  81.145120       
# span 6 =    -0.2769,     8.0337       
# span 7 =      6.243,      7.336       
# span 8 =   113.2572,   416.2673       
# span 9 = 1.2350e-01, 1.7961e+03       
# span 10 =    -6.1809,    80.1440      
# span 11 =     -0.539,      7.373      
# span 12 =     -0.781,     10.694      
# span 13 =    11.7474,    25.1787      
# span 14 = 0.0000e+00, 0.0000e+00      
# interval = seconds: 0.25
# start_time = Sep 02 2019 11:28:23 [Instrument's time stamp, header]
# bad_flag = -9.990e-29
*END*
[from data line 290]
      4.410      0.107     0.1544      1.970     78.732  61.134757     3.5523      6.498   178.0842 5.1473e-01     2.4909      4.326      6.274    14.0829 0.0000e+00
      4.429      0.111     0.1500      1.956     77.746  60.283423     3.5374      6.499   177.2788 5.2363e-01     2.4173      4.342      6.298    13.9911 0.0000e+00
      4.451      0.118     0.1484      1.933     77.039  59.637326     3.5025      6.509   176.4351 5.1000e-01     2.3089      4.362      6.326    13.9221 0.0000e+00
      4.481      0.128     0.1452      1.871     76.820  59.359842     3.4344      6.503   175.7983 4.7240e-01     2.0977      4.391      6.369    13.8706 0.0000e+00
      4.520      0.138     0.1414      1.803     76.700  59.152412     3.4073      6.488   175.1723 4.3877e-01     1.9945      4.432      6.428    13.8226 0.0000e+00
      4.563      0.145     0.1417      1.742     76.203  58.654261     3.4086      6.484   174.3729 4.2470e-01     2.0441      4.476      6.492    13.7689 0.0000e+00
      4.605      0.147     0.1423      1.693     75.463  57.975327     3.3375      6.488   173.7042 4.1087e-01     2.0424      4.518      6.553    13.7050 0.0000e+00
      4.642      0.145     0.1354      1.663     74.457  57.107030     3.2159      6.490   173.2817 3.8627e-01     2.0067      4.555      6.606    13.6339 0.0000e+00
      4.676      0.141     0.1311      1.630     72.922  55.843949     3.1598      6.490   172.7922 3.7405e-01     2.0053      4.587      6.654    13.5576 0.0000e+00
      4.708      0.137     0.1271      1.600     71.227  54.457680     3.1621      6.490   172.1742 3.6755e-01     1.9920      4.617      6.697    13.4806 0.0000e+00
      4.742      0.133     0.1225      1.591     69.760  53.242925     3.1575      6.491   171.5742 3.5078e-01     1.9447      4.648      6.742    13.4064 0.0000e+00
      4.779      0.129     0.1222      1.586     68.444  52.146879     3.1394      6.494   171.0437 3.3662e-01     1.8602      4.686      6.796    13.3420 0.0000e+00
      4.815      0.126     0.1194      1.590     66.955  50.924750     3.1247      6.495   170.6642 3.2688e-01     1.7893      4.724      6.851    13.2886 0.0000e+00
      4.847      0.124     0.1163      1.599     65.219  49.518831     3.1015      6.496   170.2553 3.1166e-01     1.7428      4.756      6.898    13.2261 0.0000e+00
      4.874      0.122     0.1171      1.580     63.804  48.359546     2.9275      6.497   169.7131 2.9384e-01     1.6261      4.780      6.932    13.1568 0.0000e+00
      4.900      0.119     0.1166      1.564     62.631  47.387714     2.6252      6.499   169.3565 2.7581e-01     1.4261      4.802      6.964    13.0898 0.0000e+00
      4.931      0.119     0.1161      1.564     60.674  45.834140     2.4632      6.502   169.2132 2.5991e-01     1.2917      4.835      7.012    13.0241 0.0000e+00
      4.966      0.124     0.1200      1.535     58.151  43.863853     2.4431      6.506   169.0131 2.5417e-01     1.2797      4.873      7.068    12.9607 0.0000e+00
      4.995      0.132     0.1165      1.505     56.325  42.424817     2.4341      6.511   168.7446 2.5880e-01     1.3134      4.900      7.107    12.8934 0.0000e+00
      5.024      0.138     0.1142      1.503     55.618  41.832603     2.4318      6.519   168.4614 2.5447e-01     1.3711      4.922      7.140    12.8236 0.0000e+00
      5.060      0.142     0.1180      1.482     55.455  41.655842     2.4336      6.528   168.0836 2.4185e-01     1.3876      4.960      7.194    12.7638 0.0000e+00
      5.103      0.146     0.1137      1.431     54.967  41.239927     2.4386      6.529   167.7048 2.3395e-01     1.3482      5.006      7.260    12.7115 0.0000e+00
      5.144      0.151     0.1101      1.405     54.027  40.486121     2.4309      6.526   167.4093 2.2844e-01     1.3212      5.046      7.319    12.6557 0.0000e+00
      5.181      0.154     0.1127      1.409     53.322  39.906181     2.3322      6.528   167.2636 2.2396e-01     1.3561      5.081      7.370    12.6022 0.0000e+00
      5.218      0.150     0.1120      1.398     53.274  39.814688     2.1641      6.534   167.2339 2.1912e-01     1.4746      5.116      7.419    12.5540 0.0000e+00
      5.259      0.141     0.1055      1.369     53.529  39.951219     2.0713      6.539   167.3084 2.1049e-01     1.5743      5.155      7.477    12.5088 0.0000e+00
      5.301      0.131     0.1033      1.336     53.786  40.096742     2.0604      6.544   167.7344 1.9715e-01     1.5785      5.201      7.543    12.4661 0.0000e+00
      5.336      0.122     0.1065      1.309     54.112  40.304425     2.0501      6.548   168.2541 1.9000e-01     1.5586      5.238      7.598    12.4189 0.0000e+00
      5.361      0.113     0.1049      1.302     54.398  40.494185     2.0246      6.551   168.6019 1.8544e-01     1.5630      5.260      7.629    12.3655 0.0000e+00
      5.381      0.103     0.1024      1.292     54.578  40.613471     2.0113      6.553   169.0148 1.8039e-01     1.5662      5.276      7.652    12.3119 0.0000e+00
      5.405      0.097     0.1005      1.263     54.914  40.857862     2.0026      6.553   169.5461 1.8739e-01     1.5640      5.298      7.685    12.2673 0.0000e+00
      5.432      0.098     0.0970      1.235     56.267  41.861887     1.9276      6.553   170.0360 1.9306e-01     1.7659      5.328      7.728    12.2358 0.0000e+00
      5.457      0.107     0.0980      1.230     58.383  43.419651     1.7896      6.552   170.4637 1.8667e-01     2.2045      5.353      7.766    12.2145 0.0000e+00
      5.479      0.119     0.0977      1.242     59.739  44.390672     1.7044      6.549   171.0178 1.8732e-01     2.4763      5.371      7.790    12.2008 0.0000e+00
      5.505      0.129     0.0947      1.246     60.409  44.840052     1.6946      6.547   171.8312 1.8525e-01     2.5617      5.394      7.823    12.1965 0.0000e+00
      5.544      0.135     0.0922      1.230     60.911  45.169998     1.6534      6.546   172.7267 1.6887e-01     2.9742      5.434      7.881    12.2008 0.0000e+00
      5.589      0.138     0.0915      1.203     61.171  45.331932     1.5618      6.543   173.5851 1.5957e-01     3.6956      5.482      7.951    12.1917 0.0000e+00
      5.631      0.138     0.0939      1.184     61.378  45.464408     1.5149      6.540   174.3809 1.5124e-01     4.1071      5.526      8.015    12.1541 0.0000e+00
      5.666      0.134     0.0943      1.179     61.618  45.628687     1.5204      6.536   174.8634 1.4185e-01     4.1802      5.560      8.064    12.1078 0.0000e+00
      5.694      0.129     0.0928      1.173     61.852  45.794117     1.5234      6.533   175.1164 1.3893e-01     4.2842      5.584      8.099    12.0725 0.0000e+00
      5.721      0.125     0.0905      1.151     62.232  46.067526     1.5169      6.529   175.5476 1.3513e-01     4.4143      5.611      8.136    12.0477 0.0000e+00
      5.750      0.124     0.0885      1.119     63.036  46.648281     1.5106      6.524   176.0334 1.3221e-01     4.4426      5.639      8.178    12.0310 0.0000e+00
      5.783      0.126     0.0891      1.102     64.278  47.544966     1.5079      6.521   176.2588 1.2818e-01     4.4306      5.669      8.223    12.0209 0.0000e+00
      5.819      0.130     0.0888      1.104     65.725  48.589661     1.5019      6.519   176.3795 1.2675e-01     4.4331      5.706      8.276    12.0156 0.0000e+00
      5.854      0.133     0.0874      1.101     66.730  49.308329     1.4907      6.515   176.4602 1.2878e-01     4.4722      5.743      8.329    12.0119 0.0000e+00
      5.887      0.133     0.0837      1.091     66.933  49.438423     1.4770      6.511   176.3747 1.2663e-01     4.5759      5.773      8.373    12.0013 0.0000e+00
      5.920      0.129     0.0823      1.088     66.984  49.463950     1.4661      6.507   176.2055 1.2439e-01     4.6377      5.805      8.419    11.9821 0.0000e+00
      5.955      0.121     0.0838      1.095     67.285  49.680475     1.4631      6.502   176.0493 1.2438e-01     4.6296      5.840      8.471    11.9619 0.0000e+00
      5.989      0.109     0.0833      1.101     67.665  49.960386     1.4833      6.498   175.8623 1.2401e-01     4.4788      5.875      8.521    11.9426 0.0000e+00
      6.019      0.095     0.0822      1.094     68.220  50.371196     1.5198      6.495   175.6649 1.2368e-01     4.1906      5.905      8.565    11.9262 0.0000e+00
      6.042      0.084     0.0815      1.074     69.628  51.408139     1.5309      6.491   175.5556 1.2370e-01     4.0279      5.928      8.598    11.9174 0.0000e+00
      6.057      0.077     0.0830      1.055     71.760  52.969667     1.5227      6.485   175.6597 1.2367e-01     3.9873      5.941      8.618    11.9138 0.0000e+00
      6.067      0.075     0.0834      1.042     72.848  53.751612     1.5069      6.480   176.0624 1.2365e-01     3.6992      5.949      8.628    11.9144 0.0000e+00
      6.080      0.078     0.0834      1.032     73.214  54.001901     1.4788      6.475   176.3809 1.2390e-01     3.1664      5.959      8.643    11.9167 0.0000e+00
      6.101      0.085     0.0808      1.025     74.555  54.979266     1.4600      6.471   176.3284 1.2414e-01     2.8865      5.981      8.674    11.9156 0.0000e+00
      6.129      0.095     0.0793      1.016     76.095  56.102596     1.4539      6.466   176.2017 1.2386e-01     2.8716      6.012      8.719    11.9083 0.0000e+00
      6.158      0.103     0.0792      1.013     77.040  56.783346     1.4652      6.461   176.1397 1.2359e-01     2.8879      6.040      8.760    11.8900 0.0000e+00
      6.185      0.108     0.0775      1.021     78.023  57.491815     1.4922      6.455   176.0944 1.2355e-01     2.9857      6.065      8.797    11.8736 0.0000e+00
      6.213      0.111     0.0780      1.031     78.987  58.187509     1.5117      6.450   176.1704 1.2358e-01     3.0711      6.092      8.837    11.8695 0.0000e+00
      6.240      0.112     0.0764      1.041     79.459  58.523062     1.5193      6.446   176.1976 1.2367e-01     3.0683      6.120      8.876    11.8624 0.0000e+00
      6.268      0.113     0.0762      1.044     79.785  58.753083     1.5319      6.441   175.9935 1.2368e-01     2.8858      6.147      8.916    11.8498 0.0000e+00
      6.298      0.115     0.0773      1.039     80.301  59.125879     1.5601      6.437   175.7674 1.2366e-01     2.5034      6.177      8.958    11.8396 0.0000e+00
      6.328      0.116     0.0779      1.023     80.865  59.535503     1.5829      6.432   175.5290 1.2366e-01     2.2461      6.206      9.002    11.8307 0.0000e+00
      6.358      0.117     0.0792      1.004     81.011  59.638837     1.5909      6.426   175.1755 1.2360e-01     2.1674      6.236      9.045    11.8226 0.0000e+00
      6.388      0.116     0.0791      1.001     80.891  59.549177     1.6740      6.421   174.8492 1.2357e-01     2.0435      6.265      9.086    11.8164 0.0000e+00
      6.419      0.113     0.0791      1.003     81.556  60.040092     1.8417      6.416   174.5950 1.2365e-01     1.8629      6.294      9.128    11.8120 0.0000e+00
      6.449      0.111     0.0777      0.986     83.031  61.125992     1.9376      6.412   174.2527 1.2371e-01     1.7862      6.326      9.174    11.8089 0.0000e+00
      6.477      0.111     0.0753      0.976     84.142  61.938655     1.9491      6.409   173.8947 1.2366e-01     1.8032      6.353      9.215    11.8058 0.0000e+00
      6.502      0.113     0.0754      0.988     84.821  62.430326     1.9455      6.405   173.7078 1.2362e-01     1.7746      6.376      9.248    11.8040 0.0000e+00
      6.527      0.117     0.0772      1.001     85.524  62.939588     1.9371      6.400   173.6273 1.2365e-01     1.6690      6.399      9.281    11.8066 0.0000e+00
      6.556      0.119     0.0744      1.000     85.717  63.075079     1.9428      6.397   173.4380 1.2367e-01     1.5094      6.428      9.324    11.8081 0.0000e+00
      6.591      0.119     0.0727      0.986     85.690  63.051674     1.9547      6.394   172.9671 1.2364e-01     1.3852      6.462      9.373    11.8038 0.0000e+00
      6.626      0.113     0.0753      0.975     86.102  63.355741     1.9594      6.392   172.3221 1.2364e-01     1.3144      6.498      9.426    11.7981 0.0000e+00
      6.661      0.102     0.0760      0.978     86.567  63.700706     1.9735      6.389   171.6624 1.2367e-01     1.2111      6.534      9.477    11.7937 0.0000e+00
      6.689      0.087     0.0763      0.988     86.684  63.790407     2.0035      6.387   171.0998 1.2365e-01     1.0859      6.563      9.518    11.7893 0.0000e+00
      6.707      0.075     0.0746      0.984     87.217  64.186084     2.0195      6.384   170.7679 1.2363e-01     1.0463      6.580      9.545    11.7862 0.0000e+00
      6.717      0.070     0.0732      0.966     88.826  65.370163     2.0192      6.381   170.4890 1.2364e-01     1.0937      6.588      9.556    11.7875 0.0000e+00
      6.723      0.074     0.0738      0.950     90.596  66.665448     2.0612      6.378   170.0505 1.2364e-01     1.1662      6.591      9.559    11.7902 0.0000e+00
      6.735      0.085     0.0753      0.944     91.597  67.388194     2.1455      6.375   169.5100 1.2361e-01     1.2676      6.600      9.573    11.7917 0.0000e+00
      6.759      0.098     0.0750      0.936     91.851  67.561126     2.1882      6.371   168.8578 1.2362e-01     1.3362      6.624      9.608    11.7944 0.0000e+00
      6.794      0.108     0.0730      0.917     91.846  67.548492     2.1794      6.369   168.1876 1.2360e-01     1.3081      6.660      9.660    11.7959 0.0000e+00
      6.834      0.113     0.0717      0.909     91.945  67.616861     2.1427      6.367   167.6014 1.2356e-01     1.2226      6.704      9.722    11.7914 0.0000e+00
      6.871      0.112     0.0713      0.919     92.305  67.879184     2.0912      6.365   167.0181 1.2355e-01     1.1551      6.743      9.779    11.7823 0.0000e+00
      6.897      0.108     0.0717      0.926     92.888  68.304424     2.0681      6.363   166.5565 1.2352e-01     1.1471      6.767      9.813    11.7735 0.0000e+00
      6.914      0.103     0.0691      0.921     93.506  68.753249     2.0711      6.360   166.1497 1.2352e-01     1.1579      6.779      9.832    11.7685 0.0000e+00
      6.933      0.101     0.0678      0.912     94.084  69.173482     2.1452      6.357   165.6270 1.2355e-01     1.1877      6.796      9.857    11.7674 0.0000e+00
      6.958      0.104     0.0700      0.911     94.454  69.443657     2.2872      6.354   165.0550 1.2362e-01     1.2457      6.822      9.894    11.7668 0.0000e+00
      6.988      0.109     0.0707      0.917     94.587  69.540390     2.3663      6.353   164.4814 1.2367e-01     1.3014      6.853      9.939    11.7648 0.0000e+00
      7.021      0.113     0.0699      0.918     94.730  69.643701     2.3822      6.352   163.9403 1.2362e-01     1.3373      6.885      9.986    11.7609 0.0000e+00
      7.054      0.115     0.0688      0.909     94.951  69.802680     2.4012      6.349   163.3310 1.2359e-01     1.3522      6.918     10.034    11.7584 0.0000e+00
      7.084      0.115     0.0688      0.893     95.225  70.000275     2.4228      6.346   162.6202 1.2364e-01     1.3502      6.948     10.076    11.7581 0.0000e+00
      7.110      0.116     0.0697      0.892     95.573  70.252556     2.4362      6.344   161.8854 1.2369e-01     1.3131      6.972     10.112    11.7575 0.0000e+00
      7.136      0.118     0.0698      0.908     95.827  70.436928     2.4420      6.343   161.1582 1.2367e-01     1.2965      6.997     10.149    11.7565 0.0000e+00
      7.164      0.122     0.0695      0.911     95.846  70.449238     2.4400      6.341   160.4522 1.2359e-01     1.3131      7.024     10.188    11.7546 0.0000e+00
      7.196      0.123     0.0673      0.899     95.782  70.401392     2.4559      6.341   159.7165 1.2361e-01     1.3172      7.054     10.231    11.7519 0.0000e+00
