Data/DataNotYetUploadedToEDI/Raw_CTD/RawDownloads/090220_fcr50.cnv
* Sea-Bird SBE19plus  Data File:
* FileName = C:\DATA\090220_fcr50_0002.hex
* Software version 2.8.0.119
* Temperature SN = 7809
* Conductivity SN = 7809
* System UpLoad Time = Sep 02 2020 11:02:31
* <ApplicationData>
* <Seaterm232>
# nquan = 16
# nvalues = 3497                        
# units = specified
# name 0 = depFM: Depth [fresh water, m]
# name 1 = dz/dtM: Descent Rate [m/s]
# name 2 = sbeox0ML/L: Oxygen, SBE 43 [ml/l]
# name 3 = sbeox0PS: Oxygen, SBE 43 [% saturation]
# name 4 = specc: Specific Conductance [uS/cm]
# name 5 = c0uS/cm: Conductivity [uS/cm]
# name 6 = flECO-AFL: Fluorescence, WET Labs ECO-AFL/FL [mg/m^3]
# name 7 = ph: pH
# name 8 = orp: Oxidation Reduction Potential [mV]
# name 9 = par/sat/log: PAR/Logarithmic, Satlantic
# name 10 = turbWETntu0: Turbidity, WET Labs ECO [NTU]
# name 11 = prdM: Pressure, Strain Gauge [db]
# name 12 = prdE: Pressure, Strain Gauge [psi]
# name 13 = tv290C: Temperature [ITS-90, deg C]
# name 14 = density00: Density [density, kg/m^3]
# name 15 = flag:  0.000e+00
# span 0 =     -0.666,      8.586       
# span 1 =     -0.222,      4.381       
# span 2 =     0.0361,     5.7632       
# span 3 =      0.521,     97.786       
# span 4 =      1.061,     78.011       
# span 5 =   1.070698,  61.946270       
# span 6 =    -1.0183,    33.0556       
# span 7 =     14.863,     15.342       
# span 8 = -1240.7455,   355.3354       
# span 9 = 1.2345e-01, 4.8888e+02       
# span 10 =    -0.3269,    52.1508      
# span 11 =     -0.653,      8.420      
# span 12 =     -0.947,     12.212      
# span 13 =    11.9138,    25.4466      
# span 14 =   996.9375,   999.5697      
# span 15 = 0.0000e+00, 0.0000e+00      
# interval = seconds: 0.25
# start_time = Sep 01 2020 20:40:29 [Instrument's time stamp, header]
# bad_flag = -9.990e-29
*END*
[from data line 452]
      2.131      0.039     0.0577      0.917     37.369  35.391841     8.4736     14.939   224.8047 1.7937e+01     5.1775      2.089      3.030    22.4602   997.6940 0.0000e+00
      2.141      0.037     0.0600      0.876     37.368  35.409229     9.4699     14.938   224.7262 1.7908e+01     5.1879      2.100      3.046    22.4213   997.7032 0.0000e+00
      2.150      0.033     0.0611      0.843     37.388  35.444222    10.0084     14.937   224.6350 1.7939e+01     5.1868      2.110      3.060    22.3610   997.7171 0.0000e+00
      2.159      0.029     0.0577      0.835     37.440  35.497684    10.0251     14.937   224.7345 1.8009e+01     5.1642      2.118      3.073    22.3282   997.7246 0.0000e+00
      2.166      0.025     0.0562      0.843     37.501  35.547991     9.7583     14.938   224.8970 1.8127e+01     5.0852      2.125      3.083    22.3431   997.7212 0.0000e+00
      2.171      0.021     0.0529      0.851     37.579  35.608263     9.2712     14.939   224.9644 1.8273e+01     4.9529      2.129      3.088    22.3768   997.7135 0.0000e+00
      2.175      0.019     0.0506      0.863     37.647  35.655300     9.0192     14.939   224.8610 1.8434e+01     4.9045      2.134      3.095    22.4024   997.7077 0.0000e+00
      2.179      0.017     0.0502      0.877     37.686  35.672492     9.0089     14.940   224.5070 1.8576e+01     4.8770      2.137      3.100    22.4056   997.7069 0.0000e+00
      2.182      0.017     0.0515      0.882     37.723  35.689191     9.0320     14.940   224.1262 1.8635e+01     4.8952      2.139      3.103    22.3943   997.7095 0.0000e+00
      2.187      0.017     0.0514      0.887     37.783  35.730268     9.0790     14.941   224.1278 1.8623e+01     5.0222      2.144      3.110    22.3729   997.7146 0.0000e+00
      2.192      0.018     0.0521      0.885     37.866  35.788385     9.1105     14.941   224.4406 1.8595e+01     5.1076      2.151      3.120    22.3516   997.7196 0.0000e+00
      2.196      0.021     0.0540      0.877     38.003  35.884190     9.1270     14.942   224.5534 1.8548e+01     5.1376      2.154      3.124    22.3236   997.7260 0.0000e+00
      2.201      0.025     0.0533      0.858     38.251  36.063649     9.1930     14.944   224.2870 1.8460e+01     5.1450      2.157      3.128    22.2942   997.7328 0.0000e+00
      2.206      0.030     0.0544      0.826     38.593  36.308229     9.8702     14.948   223.8872 1.8335e+01     5.1284      2.163      3.137    22.2820   997.7356 0.0000e+00
      2.213      0.036     0.0541      0.816     38.952  36.556761    11.1159     14.951   223.7634 1.8161e+01     5.1080      2.170      3.147    22.2582   997.7411 0.0000e+00
      2.222      0.044     0.0534      0.833     39.215  36.720492    11.7994     14.955   223.9078 1.7912e+01     5.1046      2.178      3.159    22.2163   997.7508 0.0000e+00
      2.235      0.050     0.0532      0.856     39.329  36.764737    11.9734     14.957   223.9121 1.7584e+01     5.1562      2.191      3.178    22.1507   997.7659 0.0000e+00
      2.251      0.053     0.0495      0.870     39.379  36.774338    13.3625     14.958   223.9022 1.7193e+01     5.2514      2.206      3.200    22.0400   997.7913 0.0000e+00
      2.268      0.054     0.0492      0.870     39.411  36.773063    15.9114     14.959   223.7874 1.6802e+01     5.3628      2.225      3.227    21.9184   997.8192 0.0000e+00
      2.285      0.051     0.0513      0.863     39.429  36.749282    17.3182     14.960   223.3847 1.6482e+01     5.4389      2.243      3.253    21.8060   997.8446 0.0000e+00
      2.298      0.045     0.0527      0.842     39.457  36.740595    17.5923     14.961   223.0770 1.6212e+01     5.4509      2.253      3.268    21.7183   997.8643 0.0000e+00
      2.308      0.038     0.0542      0.819     39.474  36.731430    19.0833     14.961   222.8196 1.6009e+01     5.5077      2.263      3.282    21.6841   997.8721 0.0000e+00
      2.315      0.031     0.0532      0.799     39.472  36.701895    21.7743     14.962   222.4238 1.5905e+01     5.6101      2.273      3.296    21.6586   997.8778 0.0000e+00
      2.320      0.026     0.0540      0.774     39.507  36.700759    23.2546     14.963   222.0783 1.5818e+01     5.6255      2.275      3.300    21.5924   997.8926 0.0000e+00
      2.325      0.026     0.0519      0.753     39.637  36.781110    23.6016     14.965   221.9115 1.5724e+01     5.6246      2.280      3.307    21.5434   997.9035 0.0000e+00
      2.330      0.030     0.0502      0.748     39.904  36.975291    25.9406     14.968   221.7834 1.5643e+01     5.7356      2.286      3.314    21.5266   997.9073 0.0000e+00
      2.335      0.036     0.0499      0.763     40.226  37.208139    30.1912     14.969   221.4762 1.5491e+01     5.8704      2.288      3.319    21.4877   997.9160 0.0000e+00
      2.344      0.041     0.0475      0.774     40.466  37.375214    32.4993     14.970   221.1224 1.5226e+01     5.9159      2.297      3.331    21.4434   997.9258 0.0000e+00
      2.358      0.046     0.0467      0.775     40.676  37.535677    32.7049     14.971   220.8614 1.4876e+01     5.9074      2.311      3.352    21.4004   997.9354 0.0000e+00
      2.376      0.048     0.0453      0.767     40.873  37.688589    32.8000     14.973   220.4705 1.4535e+01     5.8022      2.331      3.381    21.3323   997.9505 0.0000e+00
      2.392      0.048     0.0479      0.760     40.931  37.700903    32.9623     14.975   220.0101 1.4314e+01     5.6050      2.348      3.406    21.2405   997.9710 0.0000e+00
      2.402      0.046     0.0483      0.771     40.805  37.557583    33.0556     14.975   219.6832 1.4121e+01     5.4799      2.355      3.416    21.1590   997.9888 0.0000e+00
      2.412      0.043     0.0483      0.783     40.711  37.478794    33.0520     14.975   219.2702 1.3914e+01     5.4225      2.365      3.430    21.1342   997.9944 0.0000e+00
      2.421      0.040     0.0481      0.781     40.925  37.700232    32.8991     14.974   218.8029 1.3764e+01     5.3579      2.375      3.445    21.1135   997.9990 0.0000e+00
      2.430      0.039     0.0463      0.768     41.400  38.140707    31.2071     14.974   218.6791 1.3589e+01     5.2471      2.381      3.454    21.0408   998.0149 0.0000e+00
      2.440      0.039     0.0482      0.759     41.900  38.552436    28.1011     14.976   218.7192 1.3363e+01     5.1135      2.392      3.469    20.9960   998.0246 0.0000e+00
      2.451      0.038     0.0492      0.771     42.336  38.870406    26.3968     14.978   218.5134 1.3150e+01     5.0466      2.404      3.487    21.0169   998.0201 0.0000e+00
      2.461      0.038     0.0489      0.786     42.784  39.192605    26.2313     14.980   218.1702 1.2952e+01     4.9884      2.413      3.501    21.0645   998.0098 0.0000e+00
      2.471      0.038     0.0479      0.781     43.179  39.465001    26.2809     14.983   217.7537 1.2775e+01     4.7530      2.424      3.516    21.0849   998.0056 0.0000e+00
      2.480      0.036     0.0467      0.776     43.386  39.561601    26.4345     14.987   217.4355 1.2606e+01     4.3980      2.433      3.528    21.0175   998.0206 0.0000e+00
      2.489      0.033     0.0479      0.779     43.510  39.598829    26.5335     14.990   217.2482 1.2392e+01     4.2312      2.439      3.536    20.8975   998.0466 0.0000e+00
      2.499      0.030     0.0503      0.770     43.844  39.851547    26.5154     14.990   216.7793 1.2180e+01     4.2468      2.451      3.555    20.7993   998.0679 0.0000e+00
      2.508      0.030     0.0486      0.749     44.564  40.459125    26.1957     14.991   216.2401 1.2061e+01     4.2095      2.461      3.570    20.7010   998.0892 0.0000e+00
      2.512      0.032     0.0485      0.726     45.489  41.232469    25.6153     14.992   216.0630 1.2012e+01     4.1581      2.464      3.573    20.5786   998.1153 0.0000e+00
      2.515      0.037     0.0496      0.722     46.262  41.838955    25.3060     14.996   215.8422 1.1938e+01     4.2088      2.466      3.575    20.4866   998.1348 0.0000e+00
      2.522      0.041     0.0488      0.737     46.720  42.142656    25.2219     15.000   215.2047 1.1725e+01     4.2383      2.470      3.582    20.4397   998.1447 0.0000e+00
      2.536      0.044     0.0474      0.744     46.940  42.238314    24.4164     15.003   214.6367 1.1357e+01     4.1378      2.484      3.603    20.3985   998.1538 0.0000e+00
      2.555      0.046     0.0453      0.743     47.024  42.233677    22.9392     15.006   214.2229 1.1006e+01     4.0232      2.506      3.635    20.3302   998.1686 0.0000e+00
      2.571      0.046     0.0451      0.748     46.981  42.149958    22.1432     15.007   213.7285 1.0772e+01     3.9854      2.522      3.660    20.2224   998.1915 0.0000e+00
      2.581      0.041     0.0472      0.742     46.888  42.051228    22.0600     15.008   213.3064 1.0586e+01     3.9899      2.532      3.672    20.0937   998.2184 0.0000e+00
      2.589      0.034     0.0480      0.731     46.836  41.992082    21.6745     15.009   212.8185 1.0414e+01     3.9066      2.539      3.682    19.9789   998.2422 0.0000e+00
      2.596      0.028     0.0467      0.727     46.803  41.942641    20.9446     15.009   212.1315 1.0278e+01     3.6649      2.546      3.693    19.8884   998.2609 0.0000e+00
      2.601      0.023     0.0485      0.722     46.833  41.961226    20.5301     15.009   211.5383 1.0171e+01     3.4706      2.551      3.699    19.8372   998.2714 0.0000e+00
      2.605      0.022     0.0474      0.710     46.895  42.026349    20.4492     15.009   210.9806 1.0077e+01     3.4453      2.555      3.705    19.8395   998.2709 0.0000e+00
      2.610      0.023     0.0462      0.705     46.877  42.031807    20.0621     15.008   210.2924 9.9719e+00     3.4273      2.558      3.710    19.8333   998.2722 0.0000e+00
      2.615      0.023     0.0467      0.704     46.835  42.027247    19.3600     15.006   209.6702 9.8120e+00     3.2880      2.563      3.717    19.7943   998.2801 0.0000e+00
      2.622      0.023     0.0465      0.693     46.802  42.034730    18.9700     15.006   208.9648 9.6500e+00     3.1348      2.572      3.730    19.7858   998.2819 0.0000e+00
      2.630      0.023     0.0451      0.696     46.732  41.995384    18.9127     15.005   208.2168 9.5562e+00     3.0503      2.581      3.743    19.8032   998.2784 0.0000e+00
      2.635      0.024     0.0444      0.694     46.721  41.995880    18.8771     15.004   207.6809 9.4889e+00     2.9875      2.585      3.749    19.8205   998.2749 0.0000e+00
      2.639      0.026     0.0461      0.678     46.975  42.231180    18.6437     15.004   207.3029 9.4180e+00     2.9596      2.589      3.754    19.8586   998.2670 0.0000e+00
      2.644      0.029     0.0429      0.678     47.358  42.555165    18.2078     15.005   207.0883 9.3238e+00     2.9527      2.592      3.759    19.9111   998.2563 0.0000e+00
      2.650      0.034     0.0447      0.685     47.463  42.548771    17.9559     15.008   206.8070 9.1503e+00     2.9046      2.597      3.766    19.9344   998.2516 0.0000e+00
      2.660      0.040     0.0451      0.696     47.232  42.153744    17.9157     15.014   206.4830 8.9094e+00     2.8237      2.608      3.782    19.9343   998.2515 0.0000e+00
      2.674      0.045     0.0420      0.719     46.902  41.650853    17.7981     15.020   206.2679 8.6520e+00     2.7302      2.622      3.803    19.9515   998.2482 0.0000e+00
      2.688      0.049     0.0435      0.748     46.696  41.292335    17.5825     15.025   205.7556 8.4098e+00     2.6325      2.637      3.825    19.9576   998.2473 0.0000e+00
      2.701      0.049     0.0434      0.760     46.724  41.182944    17.4744     15.029   205.0202 8.1962e+00     2.6037      2.650      3.842    19.8613   998.2670 0.0000e+00
      2.714      0.048     0.0445      0.753     46.806  41.153228    17.4827     15.033   204.3456 7.9717e+00     2.6226      2.661      3.858    19.6223   998.3156 0.0000e+00
      2.727      0.045     0.0459      0.740     46.661  40.932911    17.6442     15.036   203.6218 7.7548e+00     2.6209      2.675      3.880    19.3778   998.3648 0.0000e+00
      2.738      0.043     0.0490      0.718     46.262  40.486689    17.9393     15.038   202.8937 7.5922e+00     2.6175      2.686      3.896    19.1949   998.4010 0.0000e+00
      2.747      0.041     0.0500      0.713     45.897  40.074047    18.0954     15.042   202.1673 7.4470e+00     2.6497      2.693      3.906    19.0511   998.4295 0.0000e+00
      2.757      0.039     0.0483      0.712     45.851  39.942338    18.1099     15.045   201.3786 7.3057e+00     2.7010      2.703      3.921    18.9571   998.4479 0.0000e+00
      2.767      0.036     0.0494      0.690     46.055  40.036591    17.9715     15.047   200.6714 7.1566e+00     2.7232      2.712      3.934    18.8608   998.4667 0.0000e+00
      2.777      0.033     0.0457      0.672     46.390  40.261472    17.6909     15.048   200.0692 6.9848e+00     2.7466      2.722      3.949    18.7500   998.4880 0.0000e+00
      2.787      0.031     0.0464      0.678     46.951  40.693634    17.5308     15.049   199.6900 6.8651e+00     2.8115      2.735      3.967    18.6517   998.5067 0.0000e+00
      2.793      0.029     0.0478      0.697     47.596  41.199458    17.4847     15.051   199.4415 6.8074e+00     2.8904      2.740      3.974    18.5512   998.5261 0.0000e+00
      2.798      0.026     0.0448      0.699     47.911  41.426281    17.1525     15.053   198.9580 6.7418e+00     2.8773      2.741      3.978    18.4540   998.5447 0.0000e+00
      2.803      0.023     0.0436      0.682     47.915  41.404885    16.5280     15.053   198.5760 6.6441e+00     2.7209      2.747      3.984    18.3855   998.5577 0.0000e+00
      2.810      0.020     0.0438      0.659     47.899  41.385064    16.1801     15.054   198.1781 6.5429e+00     2.5797      2.756      3.997    18.3328   998.5679 0.0000e+00
      2.817      0.018     0.0469      0.657     47.959  41.440520    16.1506     15.054   197.4165 6.4936e+00     2.5428      2.765      4.010    18.2761   998.5789 0.0000e+00
      2.821      0.016     0.0462      0.676     48.087  41.567600    16.1144     15.054   196.8526 6.4842e+00     2.5489      2.768      4.014    18.2181   998.5899 0.0000e+00
      2.823      0.014     0.0454      0.670     48.224  41.715545    15.7519     15.052   196.6095 6.4645e+00     2.5858      2.769      4.016    18.1938   998.5944 0.0000e+00
      2.826      0.014     0.0430      0.643     48.331  41.832868    15.0968     15.052   196.4556 6.4390e+00     2.6105      2.772      4.019    18.1963   998.5939 0.0000e+00
      2.828      0.015     0.0422      0.634     48.479  41.970547    14.7348     15.053   196.1965 6.4127e+00     2.6076      2.773      4.022    18.1948   998.5942 0.0000e+00
      2.831      0.018     0.0460      0.645     48.721  42.174146    14.7128     15.053   195.5410 6.3654e+00     2.6191      2.776      4.026    18.2099   998.5915 0.0000e+00
      2.836      0.021     0.0447      0.650     49.144  42.517173    14.8412     15.053   194.8971 6.2948e+00     2.6812      2.781      4.032    18.2500   998.5840 0.0000e+00
      2.844      0.026     0.0416      0.651     49.771  43.007538    15.0667     15.056   194.6927 6.2086e+00     2.8096      2.788      4.045    18.2810   998.5783 0.0000e+00
      2.851      0.029     0.0409      0.656     50.252  43.342036    15.1697     15.059   194.7900 6.1262e+00     2.8661      2.797      4.057    18.2888   998.5769 0.0000e+00
      2.858      0.030     0.0431      0.664     50.398  43.387415    15.1222     15.061   194.8686 6.0358e+00     2.8143      2.801      4.063    18.2821   998.5782 0.0000e+00
      2.868      0.029     0.0429      0.679     50.424  43.365647    14.7216     15.061   194.6107 5.9208e+00     2.8358      2.811      4.077    18.2633   998.5819 0.0000e+00
      2.878      0.026     0.0425      0.689     50.531  43.459675    14.0172     15.060   194.1668 5.8280e+00     2.9546      2.824      4.096    18.2164   998.5910 0.0000e+00
