Data/DataNotYetUploadedToEDI/Raw_CTD/RawDownloads/090219_fcr50.cnv
* Sea-Bird SBE19plus  Data File:
* FileName = C:\Users\CareyLab\Documents\DATA_moored\090219_fcr50_0001.hex
* Software version 2.8.0.119 SB_Terminal.dll
* Temperature SN = 7809
* Conductivity SN = 7809
* System UpLoad Time = Sep 02 2019 09:36:55
* <ApplicationData>
* <Seaterm232>
# nquan = 15
# nvalues = 861                         
# units = specified
# name 0 = depFM: Depth [fresh water, m]
# name 1 = dz/dtM: Descent Rate [m/s]
# name 2 = sbeox0ML/L: Oxygen, SBE 43 [ml/l]
# name 3 = sbeox0PS: Oxygen, SBE 43 [% saturation]
# name 4 = specc: Specific Conductance [uS/cm]
# name 5 = c0uS/cm: Conductivity [uS/cm]
# name 6 = flECO-AFL: Fluorescence, WET Labs ECO-AFL/FL [mg/m^3]
# name 7 = ph: pH
# name 8 = orp: Oxidation Reduction Potential [mV]
# name 9 = par/sat/log: PAR/Logarithmic, Satlantic
# name 10 = turbWETntu0: Turbidity, WET Labs ECO [NTU]
# name 11 = prdM: Pressure, Strain Gauge [db]
# name 12 = prdE: Pressure, Strain Gauge [psi]
# name 13 = tv290C: Temperature [ITS-90, deg C]
# name 14 = flag:  0.000e+00
# span 0 =     -0.552,      9.647       
# span 1 =     -0.166,      4.275       
# span 2 =     0.0087,     6.0160       
# span 3 =      0.574,    100.251       
# span 4 =      1.577,    275.624       
# span 5 =   1.475674, 202.480005       
# span 6 =    -0.6964,    16.6462       
# span 7 =      5.177,      7.718       
# span 8 = -1240.7455,   432.2340       
# span 9 = 1.2359e-01, 1.1747e+03       
# span 10 =    -0.5294,   323.6334      
# span 11 =     -0.542,      9.461      
# span 12 =     -0.786,     13.722      
# span 13 =    11.5248,    24.4566      
# span 14 = 0.0000e+00, 0.0000e+00      
# interval = seconds: 0.25
# start_time = Sep 02 2019 09:26:25 [Instrument's time stamp, header]
# bad_flag = -9.990e-29
*END*
[from data line 386]
     -0.167     -0.151     5.1257     83.315     37.663  37.210214     1.1496      6.464   218.2002 9.0009e+02     7.5837     -0.171     -0.247    24.4143 0.0000e+00
     -0.192     -0.124     5.0601     82.910     37.669  37.211605     1.1404      6.464   218.4555 9.0286e+02     7.6271     -0.187     -0.272    24.4175 0.0000e+00
     -0.214     -0.094     4.9848     82.759     37.675  37.214394     1.1255      6.466   218.4772 9.0034e+02     7.6745     -0.209     -0.303    24.4124 0.0000e+00
     -0.236     -0.069     4.9089     82.695     37.710  37.243927     1.1077      6.466   218.5482 9.0173e+02     7.6000     -0.234     -0.341    24.4021 0.0000e+00
     -0.251     -0.050     4.8615     82.643     37.787  37.314782     1.0991      6.465   218.7979 9.0244e+02     7.4799     -0.248     -0.360    24.3939 0.0000e+00
     -0.261     -0.035     4.8431     82.562     37.914  37.436351     1.0899      6.464   219.0010 8.9428e+02     7.4019     -0.257     -0.373    24.3874 0.0000e+00
     -0.268     -0.021     4.8381     82.363     38.122  37.634718     1.0835      6.461   219.1118 7.8050e+02     7.3789     -0.264     -0.383    24.3831 0.0000e+00
     -0.270     -0.011     4.8367     82.003     38.375  37.872433     1.0743      6.461   219.2771 6.4812e+02     7.4954     -0.265     -0.385    24.3760 0.0000e+00
     -0.268     -0.004     4.8335     81.636     38.615  38.088875     1.0476      6.461   219.5365 7.2104e+02     7.7295     -0.262     -0.381    24.3693 0.0000e+00
     -0.266      0.000     4.8328     81.835     38.835  38.283891     1.0213      6.460   219.8393 8.5741e+02     7.8502     -0.260     -0.377    24.3646 0.0000e+00
     -0.265      0.003     4.8221     83.260     39.028  38.452958     1.0161      6.460   220.0129 8.9797e+02     7.8393     -0.260     -0.377    24.3576 0.0000e+00
     -0.265      0.003     4.8017     85.830     39.143  38.546082     1.0366      6.460   220.0868 9.0182e+02     7.8606     -0.260     -0.377    24.3424 0.0000e+00
     -0.265      0.003     4.7707     88.849     39.135  38.521119     1.0698      6.460   220.2170 9.0136e+02     7.8782     -0.260     -0.377    24.3147 0.0000e+00
     -0.264      0.003     4.7632     91.719     38.966  38.341544     1.0876      6.460   220.2960 9.0079e+02     7.8556     -0.259     -0.376    24.2849 0.0000e+00
     -0.263      0.004     4.8535     94.153     38.717  38.088732     1.0880      6.459   220.4405 9.0064e+02     7.8492     -0.259     -0.375    24.2564 0.0000e+00
     -0.262      0.005     5.0259     95.990     38.567  37.940002     1.0839      6.458   220.7587 9.0261e+02     7.8011     -0.257     -0.372    24.2308 0.0000e+00
     -0.260      0.007     5.2174     97.109     38.567  37.939753     1.0811      6.457   220.9606 9.0570e+02     7.7001     -0.255     -0.370    24.2084 0.0000e+00
     -0.258      0.010     5.3919     97.485     38.649  38.022240     1.0876      6.456   220.9886 9.0744e+02     7.6445     -0.254     -0.367    24.1907 0.0000e+00
     -0.257      0.014     5.5384     97.256     38.739  38.112159     1.0934      6.455   220.9248 9.0813e+02     7.6521     -0.252     -0.365    24.1812 0.0000e+00
     -0.253      0.016     5.6498     96.713     38.764  38.138273     1.1088      6.454   220.8773 9.0913e+02     7.7273     -0.250     -0.362    24.1791 0.0000e+00
     -0.248      0.018     5.7156     96.128     38.707  38.084078     1.1431      6.452   221.1031 9.1027e+02     7.8323     -0.244     -0.354    24.1811 0.0000e+00
     -0.240      0.019     5.7355     95.628     38.647  38.028195     1.1606      6.451   221.5898 9.1029e+02     7.8728     -0.236     -0.342    24.1824 0.0000e+00
     -0.234      0.020     5.7144     95.245     38.652  38.033886     1.1556      6.448   221.9435 9.1028e+02     7.8891     -0.228     -0.331    24.1840 0.0000e+00
     -0.230      0.020     5.6761     94.978     38.707  38.089414     1.1437      6.445   221.9394 9.1107e+02     7.8662     -0.225     -0.327    24.1861 0.0000e+00
     -0.227      0.020     5.6395     94.827     38.746  38.128293     1.1388      6.444   221.7977 9.0954e+02     7.7595     -0.224     -0.324    24.1894 0.0000e+00
     -0.222      0.019     5.6091     94.744     38.741  38.123106     1.1488      6.444   221.6930 9.0242e+02     7.6810     -0.219     -0.317    24.1934 0.0000e+00
     -0.216      0.019     5.5869     94.664     38.708  38.090175     1.1595      6.444   221.7054 8.9346e+02     7.6706     -0.212     -0.307    24.1959 0.0000e+00
     -0.210      0.020     5.5705     94.609     38.664  38.047502     1.1647      6.444   221.9479 8.8949e+02     7.6661     -0.206     -0.299    24.1967 0.0000e+00
     -0.205      0.020     5.5625     94.623     38.668  38.051495     1.1770      6.443   222.3018 8.8958e+02     7.6269     -0.201     -0.292    24.1970 0.0000e+00
     -0.201      0.019     5.5604     94.664     38.691  38.074983     1.2038      6.443   222.6287 8.9056e+02     7.5895     -0.197     -0.286    24.1967 0.0000e+00
     -0.196      0.018     5.5545     94.706     38.694  38.077584     1.2196      6.443   222.7166 8.9184e+02     7.6077     -0.192     -0.279    24.1962 0.0000e+00
     -0.191      0.018     5.5492     94.768     38.699  38.082940     1.2210      6.442   222.0742 8.9374e+02     7.6497     -0.187     -0.272    24.1967 0.0000e+00
     -0.187      0.018     5.5523     94.828     38.692  38.076271     1.2205      6.440   221.2289 8.9505e+02     7.7043     -0.183     -0.267    24.1973 0.0000e+00
     -0.183      0.018     5.5553     94.887     38.677  38.060423     1.2139      6.438   221.3581 8.9109e+02     7.7773     -0.180     -0.261    24.1976 0.0000e+00
     -0.178      0.016     5.5560     94.962     38.700  38.081756     1.2104      6.434   222.2598 8.8409e+02     7.8109     -0.175     -0.254    24.1984 0.0000e+00
     -0.173      0.010     5.5614     95.026     38.763  38.143775     1.2223      6.430   223.0110 8.8047e+02     7.8150     -0.170     -0.246    24.1985 0.0000e+00
     -0.168     -0.002     5.5646     95.061     38.795  38.175518     1.2445      6.429   222.7826 8.6638e+02     7.8275     -0.164     -0.237    24.1979 0.0000e+00
     -0.165     -0.017     5.5670     95.040     38.766  38.148164     1.2624      6.429   221.9079 7.4393e+02     7.7980     -0.160     -0.233    24.1966 0.0000e+00
     -0.168     -0.033     5.5732     94.950     38.747  38.130439     1.2729      6.430   221.6413 5.4979e+02     7.7199     -0.160     -0.233    24.1953 0.0000e+00
     -0.180     -0.046     5.5767     94.832     38.769  38.151631     1.2772      6.431   221.8823 5.6229e+02     7.6694     -0.172     -0.250    24.1944 0.0000e+00
     -0.202     -0.055     5.5795     94.710     38.833  38.213965     1.2793      6.430   222.3263 7.5630e+02     7.6142     -0.199     -0.287    24.1948 0.0000e+00
     -0.226     -0.058     5.5788     94.560     38.933  38.312823     1.2803      6.429   222.7081 8.5987e+02     7.5774     -0.224     -0.325    24.1979 0.0000e+00
     -0.243     -0.054     5.5717     94.392     39.015  38.394748     1.2724      6.429   222.4547 8.4424e+02     8.1745     -0.240     -0.348    24.1990 0.0000e+00
     -0.255     -0.045     5.5644     94.249     39.064  38.442787     1.2705      6.429   222.1013 7.3472e+02    15.3906     -0.251     -0.364    24.1972 0.0000e+00
     -0.262     -0.032     5.5586     94.129     39.074  38.449314     1.3274      6.429   222.1358 5.2893e+02    95.2192     -0.258     -0.374    24.1963 0.0000e+00
     -0.267     -0.021     5.5494     94.006     39.038  38.410184     1.4220      6.428   222.3556 3.5593e+02   241.5720     -0.262     -0.380    24.1976 0.0000e+00
     -0.272     -0.011     5.5375     93.874     38.979  38.350519     1.4615      6.428   222.6074 3.4218e+02   320.9939     -0.267     -0.388    24.2003 0.0000e+00
     -0.274     -0.003     5.5297     93.753     38.927  38.299214     1.4580      6.427   222.9437 4.7921e+02   323.6334     -0.269     -0.391    24.1997 0.0000e+00
     -0.273      0.004     5.5238     93.657     38.926  38.297686     1.4565      6.425   223.2383 6.6868e+02   273.3877     -0.268     -0.389    24.1944 0.0000e+00
     -0.270      0.012     5.5173     93.586     38.961  38.332048     1.4269      6.421   223.0716 8.0393e+02   153.7392     -0.266     -0.384    24.1900 0.0000e+00
     -0.266      0.022     5.5091     93.544     38.962  38.333806     1.3686      6.413   222.4770 8.5418e+02    47.6963     -0.261     -0.379    24.1881 0.0000e+00
     -0.261      0.034     5.5017     93.534     38.947  38.318936     1.3331      6.399   221.7272 8.6277e+02    11.6941     -0.257     -0.373    24.1872 0.0000e+00
     -0.253      0.047     5.4965     93.582     38.971  38.342697     1.3266      6.387   221.5773 8.6516e+02     8.4411     -0.251     -0.363    24.1871 0.0000e+00
     -0.241      0.061     5.4916     93.710     38.996  38.367189     1.3422      6.381   221.9561 8.6654e+02     8.2015     -0.237     -0.344    24.1874 0.0000e+00
     -0.223      0.072     5.4899     93.909     38.991  38.361159     1.3750      6.378   221.4883 8.6722e+02     8.2727     -0.220     -0.319    24.1880 0.0000e+00
     -0.200      0.079     5.4882     94.159     38.964  38.333262     1.3936      6.377   220.3090 8.6995e+02     8.3183     -0.197     -0.285    24.1883 0.0000e+00
     -0.174      0.082     5.4903     94.445     38.914  38.283790     1.3936      6.377   219.3986 8.7362e+02     8.3260     -0.171     -0.248    24.1878 0.0000e+00
     -0.148      0.079     5.4988     94.749     38.901  38.270822     1.3924      6.377   219.0844 8.7670e+02     8.3002     -0.144     -0.209    24.1872 0.0000e+00
     -0.127      0.071     5.5103     95.020     38.931  38.303425     1.3958      6.374   219.6935 8.7889e+02     8.2034     -0.122     -0.177    24.1865 0.0000e+00
     -0.110      0.059     5.5258     95.228     38.846  38.233649     1.4005      6.369   220.7414 8.7948e+02     8.1390     -0.107     -0.154    24.1857 0.0000e+00
     -0.098      0.046     5.5425     95.378     38.580  37.998473     1.4053      6.362   221.0858 8.7911e+02     8.1113     -0.095     -0.136    24.1847 0.0000e+00
     -0.089      0.035     5.5620     95.455     38.291  37.745136     1.4189      6.358   220.9318 8.7791e+02     8.0326     -0.087     -0.125    24.1840 0.0000e+00
     -0.083      0.026     5.5789     95.439     38.097  37.582722     1.4439      6.358   220.6865 8.7693e+02     7.9410     -0.081     -0.117    24.1838 0.0000e+00
     -0.079      0.021     5.5885     95.308     37.986  37.494736     1.4560      6.360   220.7011 8.7715e+02     7.9214     -0.077     -0.111    24.1981 0.0000e+00
     -0.076      0.018     5.5941     94.998     37.916  37.443041     1.4521      6.359   221.2798 8.7685e+02     7.9264     -0.074     -0.108    24.2384 0.0000e+00
     -0.073      0.017     5.5941     94.392     37.861  37.402030     1.4499      6.355   221.5744 8.7714e+02     7.7714     -0.072     -0.104    24.2843 0.0000e+00
     -0.068      0.014     5.5895     93.402     37.828  37.379739     1.4466      6.358   221.5104 8.7848e+02     7.5230     -0.068     -0.098    24.3209 0.0000e+00
     -0.061      0.012     5.5800     92.034     37.803  37.363967     1.4461      6.368   221.6240 8.7840e+02     7.4465     -0.059     -0.086    24.3496 0.0000e+00
     -0.056      0.011     5.5625     90.414     37.772  37.338288     1.4450      6.381   221.6577 8.8008e+02     7.4692     -0.052     -0.075    24.3719 0.0000e+00
     -0.056      0.009     5.5274     88.738     37.754  37.323163     1.4150      6.395   221.4014 8.8224e+02     7.4363     -0.053     -0.077    24.3894 0.0000e+00
     -0.058      0.006     5.4680     87.170     37.736  37.308044     1.3610      6.404   221.1915 8.8123e+02     7.4092     -0.060     -0.087    24.4038 0.0000e+00
     -0.056      0.003     5.3843     85.835     37.707  37.282435     1.3297      6.404   221.2720 8.8175e+02     7.4034     -0.056     -0.081    24.4146 0.0000e+00
     -0.052      0.001     5.2841     84.807     37.689  37.267431     1.3321      6.403   221.5135 8.8304e+02     7.3994     -0.049     -0.070    24.4207 0.0000e+00
     -0.052      0.001     5.1829     84.079     37.673  37.253580     1.3466      6.404   221.7030 8.8255e+02     7.4259     -0.050     -0.073    24.4246 0.0000e+00
     -0.053      0.000     5.0880     83.597     37.659  37.241924     1.3576      6.407   221.4122 8.8364e+02     7.5604     -0.052     -0.076    24.4280 0.0000e+00
     -0.054     -0.001     5.0085     83.382     37.669  37.253454     1.3519      6.412   220.7503 8.8584e+02     7.7813     -0.054     -0.078    24.4306 0.0000e+00
     -0.055     -0.002     4.9477     83.422     37.681  37.266033     1.3387      6.419   220.5834 8.8666e+02     7.9006     -0.055     -0.079    24.4342 0.0000e+00
     -0.054     -0.001     4.9077     83.546     37.682  37.267073     1.3366      6.425   220.9428 8.8448e+02     7.8881     -0.053     -0.077    24.4382 0.0000e+00
     -0.054      0.000     4.8778     83.580     37.680  37.266022     1.3265      6.428   221.3108 8.8009e+02     7.8604     -0.053     -0.077    24.4402 0.0000e+00
     -0.055      0.003     4.8636     83.394     37.666  37.253327     1.2938      6.431   221.5053 8.7718e+02     7.8607     -0.054     -0.079    24.4424 0.0000e+00
     -0.055      0.006     4.8720     82.947     37.653  37.240528     1.2711      6.435   221.3152 8.7523e+02     7.8582     -0.054     -0.078    24.4441 0.0000e+00
     -0.054      0.009     4.8814     82.342     37.651  37.238221     1.2689      6.438   220.9046 8.7372e+02     7.8637     -0.054     -0.078    24.4444 0.0000e+00
     -0.051      0.013     4.8869     81.742     37.640  37.225431     1.2419      6.440   220.9294 8.7302e+02     7.9589     -0.051     -0.075    24.4453 0.0000e+00
     -0.046      0.016     4.8770     81.203     37.629  37.212831     1.1869      6.441   221.2711 8.7310e+02     8.0584     -0.045     -0.066    24.4470 0.0000e+00
     -0.041      0.018     4.8483     80.689     37.629  37.212831     1.1582      6.442   221.4224 8.7460e+02     8.0512     -0.040     -0.058    24.4467 0.0000e+00
     -0.035      0.019     4.8086     80.186     37.642  37.225420     1.1556      6.444   221.4676 8.7536e+02     8.0364     -0.034     -0.049    24.4456 0.0000e+00
     -0.030      0.019     4.7726     79.697     37.656  37.238095     1.1985      6.445   221.4740 8.7555e+02     8.0109     -0.029     -0.042    24.4445 0.0000e+00
     -0.026      0.018     4.7436     79.246     37.658  37.239143     1.2870      6.446   221.4140 8.7565e+02     7.9387     -0.025     -0.036    24.4410 0.0000e+00
     -0.022      0.016     4.7130     78.880     37.659  37.238084     1.3328      6.449   221.4300 8.7433e+02     7.8850     -0.021     -0.030    24.4401 0.0000e+00
     -0.018      0.014     4.6840     78.685     37.647  37.225285     1.3358      6.450   221.5807 8.7281e+02     7.8204     -0.017     -0.025    24.4408 0.0000e+00
     -0.014      0.013     4.6548     78.780     37.633  37.211333     1.3661      6.451   221.6879 8.7020e+02     7.7149     -0.013     -0.019    24.4397 0.0000e+00
     -0.010      0.013     4.6279     79.210     37.617  37.196339     1.4225      6.452   221.6936 8.5940e+02     7.5927     -0.010     -0.015    24.4378 0.0000e+00
     -0.008      0.013     4.6053     79.917     37.592  37.170950     1.4543      6.452   221.8215 8.1586e+02     7.4900     -0.008     -0.012    24.4351 0.0000e+00
     -0.005      0.013     4.5905     80.789     37.579  37.158245     1.4551      6.453   222.0298 7.0871e+02     7.4231     -0.005     -0.007    24.4336 0.0000e+00
     -0.002      0.013     4.5951     81.724     37.590  37.169679     1.4498      6.454   222.1483 5.4494e+02     7.4058     -0.002     -0.003    24.4340 0.0000e+00
