Data/DataNotYetUploadedToEDI/Raw_CTD/RawDownloads/090220_fcr50.cnv
* Sea-Bird SBE19plus  Data File:
* FileName = C:\DATA\090220_fcr50_0002.hex
* Software version 2.8.0.119
* Temperature SN = 7809
* Conductivity SN = 7809
* System UpLoad Time = Sep 02 2020 11:02:31
* <ApplicationData>
* <Seaterm232>
# nquan = 16
# nvalues = 3497                        
# units = specified
# name 0 = depFM: Depth [fresh water, m]
# name 1 = dz/dtM: Descent Rate [m/s]
# name 2 = sbeox0ML/L: Oxygen, SBE 43 [ml/l]
# name 3 = sbeox0PS: Oxygen, SBE 43 [% saturation]
# name 4 = specc: Specific Conductance [uS/cm]
# name 5 = c0uS/cm: Conductivity [uS/cm]
# name 6 = flECO-AFL: Fluorescence, WET Labs ECO-AFL/FL [mg/m^3]
# name 7 = ph: pH
# name 8 = orp: Oxidation Reduction Potential [mV]
# name 9 = par/sat/log: PAR/Logarithmic, Satlantic
# name 10 = turbWETntu0: Turbidity, WET Labs ECO [NTU]
# name 11 = prdM: Pressure, Strain Gauge [db]
# name 12 = prdE: Pressure, Strain Gauge [psi]
# name 13 = tv290C: Temperature [ITS-90, deg C]
# name 14 = density00: Density [density, kg/m^3]
# name 15 = flag:  0.000e+00
# span 0 =     -0.666,      8.586       
# span 1 =     -0.222,      4.381       
# span 2 =     0.0361,     5.7632       
# span 3 =      0.521,     97.786       
# span 4 =      1.061,     78.011       
# span 5 =   1.070698,  61.946270       
# span 6 =    -1.0183,    33.0556       
# span 7 =     14.863,     15.342       
# span 8 = -1240.7455,   355.3354       
# span 9 = 1.2345e-01, 4.8888e+02       
# span 10 =    -0.3269,    52.1508      
# span 11 =     -0.653,      8.420      
# span 12 =     -0.947,     12.212      
# span 13 =    11.9138,    25.4466      
# span 14 =   996.9375,   999.5697      
# span 15 = 0.0000e+00, 0.0000e+00      
# interval = seconds: 0.25
# start_time = Sep 01 2020 20:40:29 [Instrument's time stamp, header]
# bad_flag = -9.990e-29
*END*
[from data line 2170]
      8.583      0.003     2.0917     27.639     52.659  38.909188    -0.1765     15.332   214.8139 1.2369e-01    13.3421      8.417     12.208    11.9419   999.5668 0.0000e+00
      8.582      0.000     2.0924     27.634     52.626  38.885063    -0.2065     15.332   214.9224 1.2366e-01    13.3297      8.416     12.207    11.9414   999.5669 0.0000e+00
      8.582      0.000     2.0899     27.659     52.593  38.860996    -0.2357     15.332   214.9428 1.2370e-01    13.3350      8.416     12.207    11.9415   999.5668 0.0000e+00
      8.582      0.000     2.0860     27.698     52.608  38.872067    -0.2337     15.332   214.9753 1.2373e-01    13.3717      8.416     12.207    11.9417   999.5668 0.0000e+00
      8.583 1.9791e-07     2.0880     27.724     52.635  38.891991    -0.2204     15.332   214.9704 1.2373e-01    13.3617      8.417     12.208    11.9415   999.5669 0.0000e+00
      8.583 1.7992e-08     2.0845     27.753     52.660  38.911484    -0.1989     15.332   214.7976 1.2368e-01    13.3166      8.417     12.208    11.9415   999.5669 0.0000e+00
      8.583 1.6356e-09     2.0880     27.775     52.668  38.917358    -0.1541     15.332   214.6076 1.2360e-01    13.2728      8.417     12.208    11.9418   999.5668 0.0000e+00
      8.583 1.4869e-10     2.0923     27.780     52.644  38.899543    -0.1089     15.332   214.4794 1.2360e-01    13.2785      8.417     12.208    11.9421   999.5668 0.0000e+00
      8.582 1.3517e-11     2.0923     27.774     52.626  38.886487    -0.0810     15.332   214.3658 1.2365e-01    13.3171      8.416     12.207    11.9427   999.5667 0.0000e+00
      8.582 1.2289e-12     2.0958     27.776     52.626  38.886444    -0.0366     15.331   214.2664 1.2368e-01    13.3953      8.416     12.207    11.9429   999.5667 0.0000e+00
      8.583 1.1171e-13     2.0973     27.793     52.642  38.899019     0.0276     15.331   214.1381 1.2369e-01    13.5032      8.417     12.207    11.9431   999.5667 0.0000e+00
      8.583 1.0156e-14     2.0980     27.808     52.659  38.911588     0.0559     15.331   213.9332 1.2364e-01    13.5232      8.417     12.207    11.9431   999.5667 0.0000e+00
      8.583 9.2325e-16     2.0964     27.813     52.660  38.911483     0.0581     15.331   213.5949 1.2358e-01    13.5343      8.417     12.207    11.9427   999.5667 0.0000e+00
      8.583 8.3930e-17     2.0964     27.820     52.642  38.897741     0.0063     15.331   213.2323 1.2358e-01    13.5690      8.417     12.207    11.9433   999.5666 0.0000e+00
      8.583 7.6300e-18     2.0986     27.849     52.608  38.872372    -0.1035     15.331   212.9898 1.2363e-01    13.5645      8.417     12.207    11.9441   999.5665 0.0000e+00
      8.583 6.9365e-19     2.0997     27.883     52.590  38.858629    -0.1635     15.331   212.7284 1.2364e-01    13.5488      8.416     12.207    11.9442   999.5666 0.0000e+00
      8.583 6.3060e-20     2.1001     27.916     52.590  38.858516    -0.1753     15.331   212.3946 1.2366e-01    13.5170      8.417     12.208    11.9435   999.5666 0.0000e+00
      8.583 5.7325e-21     2.0991     27.946     52.607  38.870996    -0.1506     15.332   212.0514 1.2370e-01    13.4550      8.416     12.207    11.9428   999.5667 0.0000e+00
      8.583 5.2115e-22     2.1029     27.947     52.624  38.882587    -0.0843     15.332   211.6762 1.2370e-01    13.3823      8.417     12.208    11.9427   999.5667 0.0000e+00
      8.583 4.7377e-23     2.1053     27.932     52.609  38.871723    -0.0512     15.332   211.3858 1.2367e-01    13.3238      8.417     12.207    11.9428   999.5667 0.0000e+00
      8.583 4.3070e-24     2.1070     27.921     52.603  38.866583    -0.0555     15.332   211.2077 1.2368e-01    13.2630      8.417     12.207    11.9423   999.5667 0.0000e+00
      8.583 3.9155e-25     2.1114     27.920     52.627  38.883903    -0.0596     15.332   210.9852 1.2365e-01    13.2312      8.416     12.207    11.9417   999.5668 0.0000e+00
      8.583 3.5595e-26     2.1103     27.928     52.636  38.890728    -0.0530     15.332   210.6740 1.2359e-01    13.3860      8.417     12.208    11.9413   999.5669 0.0000e+00
      8.583 3.2359e-27     2.1088     27.938     52.630  38.885641    -0.0422     15.332   210.3708 1.2358e-01    13.6929      8.417     12.208    11.9412   999.5669 0.0000e+00
      8.583 2.9417e-28     2.1078     27.943     52.630  38.885858    -0.0436     15.332   210.0722 1.2361e-01    13.8174      8.417     12.208    11.9407   999.5669 0.0000e+00
      8.583 2.6743e-29     2.1078     27.941     52.641  38.893357    -0.0509     15.332   209.8175 1.2363e-01    13.7582      8.417     12.208    11.9399   999.5671 0.0000e+00
      8.583 2.4312e-30     2.1088     27.949     52.667  38.912847    -0.0545     15.333   209.6997 1.2363e-01    13.8353      8.417     12.207    11.9395   999.5671 0.0000e+00
      8.583 2.2102e-31     2.1093     27.962     52.692  38.931102    -0.0494     15.333   209.5091 1.2364e-01    14.0626      8.417     12.208    11.9397   999.5670 0.0000e+00
      8.583 2.0093e-32     2.1105     27.953     52.681  38.923663    -0.0365     15.332   209.1468 1.2369e-01    14.2408      8.417     12.208    11.9398   999.5670 0.0000e+00
      8.583 1.8266e-33     2.1089     27.918     52.630  38.886373    -0.0319     15.332   208.7605 1.2376e-01    14.2738      8.417     12.208    11.9394   999.5671 0.0000e+00
      8.583 1.6606e-34     2.1101     27.892     52.595  38.861048    -0.0415     15.332   208.4524 1.2380e-01    14.1180      8.417     12.208    11.9392   999.5671 0.0000e+00
      8.583 1.5096e-35     2.1120     27.897     52.608  38.871334    -0.0478     15.333   208.1745 1.2375e-01    13.8665      8.417     12.207    11.9392   999.5671 0.0000e+00
      8.583 1.3724e-36     2.1116     27.908     52.624  38.883809    -0.0416     15.333   207.8957 1.2365e-01    13.7390      8.417     12.208    11.9396   999.5671 0.0000e+00
      8.583 1.2476e-37     2.1079     27.923     52.625  38.884943    -0.0332     15.332   207.7491 1.2361e-01    13.7447      8.417     12.208    11.9400   999.5670 0.0000e+00
      8.583 1.1342e-38     2.1042     27.944     52.624  38.885045    -0.0313     15.332   207.6923 1.2363e-01    13.7981      8.417     12.207    11.9405   999.5669 0.0000e+00
      8.583 1.0311e-39     2.1065     27.940     52.623  38.885045    -0.0279     15.332   207.5537 1.2360e-01    13.9031      8.417     12.208    11.9414   999.5669 0.0000e+00
      8.583 9.3735e-41     2.1073     27.929     52.622  38.884942    -0.0212     15.332   207.2775 1.2355e-01    13.9847      8.417     12.208    11.9420   999.5668 0.0000e+00
      8.583 8.5210e-42     2.1072     27.954     52.620  38.883798    -0.0176     15.332   206.9333 1.2360e-01    13.9959      8.417     12.208    11.9426   999.5667 0.0000e+00
      8.583 7.7465e-43     2.1110     27.978     52.602  38.871213    -0.0695     15.332   206.6620 1.2366e-01    13.8670      8.418     12.209    11.9435   999.5666 0.0000e+00
      8.583 7.0425e-44     2.1102     27.967     52.586  38.859725    -0.1911     15.331   206.4930 1.2371e-01    13.5925      8.417     12.208    11.9442   999.5666 0.0000e+00
      8.583 6.4020e-45     2.1062     27.958     52.603  38.871837    -0.2674     15.330   206.3523 1.2370e-01    13.4588      8.417     12.208    11.9450   999.5665 0.0000e+00
      8.583 5.8200e-46     2.1105     27.968     52.629  38.890721    -0.2764     15.330   206.1644 1.2361e-01    13.4522      8.417     12.208    11.9453   999.5664 0.0000e+00
      8.583 5.2910e-47     2.1141     27.985     52.638  38.897635    -0.2809     15.331   205.8564 1.2359e-01    13.4083      8.417     12.208    11.9454   999.5664 0.0000e+00
      8.583 4.8138e-48     2.1107     27.996     52.630  38.891960    -0.2741     15.331   205.5539 1.2363e-01    13.3059      8.417     12.208    11.9455   999.5664 0.0000e+00
      8.583 4.7951e-49     2.1101     28.002     52.621  38.885575    -0.2521     15.331   205.3463 1.2365e-01    13.1084      8.417     12.208    11.9454   999.5664 0.0000e+00
      8.583 5.0433e-49     2.1111     28.010     52.618  38.883910    -0.2432     15.331   205.1524 1.2365e-01    13.0104      8.417     12.208    11.9455   999.5664 0.0000e+00
      8.583 5.1140e-48     2.1130     28.019     52.602  38.871833    -0.2428     15.331   205.0165 1.2365e-01    13.0486      8.417     12.208    11.9458   999.5664 0.0000e+00
      8.583 5.6214e-47     2.1134     28.015     52.596  38.866489    -0.1995     15.331   204.9084 1.2366e-01    13.0893      8.417     12.208    11.9459   999.5664 0.0000e+00
      8.583 6.1835e-46     2.1139     28.009     52.618  38.882768    -0.1210     15.331   204.7063 1.2366e-01    13.0913      8.417     12.208    11.9458   999.5664 0.0000e+00
      8.584 6.8019e-45     2.1145     28.029     52.613  38.878246    -0.0846     15.330   204.4653 1.2366e-01    13.0030      8.418     12.209    11.9459   999.5664 0.0000e+00
      8.584 7.4821e-44     2.1154     28.050     52.609  38.875290    -0.1030     15.330   204.3177 1.2373e-01    12.9492      8.418     12.209    11.9456   999.5664 0.0000e+00
      8.584 8.2303e-43     2.1159     28.059     52.657  38.910491    -0.1327     15.331   204.1258 1.2376e-01    13.0587      8.418     12.209    11.9453   999.5664 0.0000e+00
      8.583 9.0533e-42     2.1127     28.079     52.675  38.923038    -0.1490     15.331   203.8658 1.2371e-01    13.2282      8.417     12.208    11.9451   999.5664 0.0000e+00
      8.583 9.9586e-41     2.1165     28.093     52.645  38.900059    -0.1475     15.331   203.7556 1.2368e-01    13.3160      8.417     12.208    11.9450   999.5665 0.0000e+00
      8.583 1.0954e-39     2.1186     28.086     52.628  38.886539    -0.1526     15.331   203.6534 1.2363e-01    13.3308      8.417     12.208    11.9449   999.5664 0.0000e+00
      8.583 1.2050e-38     2.1173     28.075     52.628  38.886498    -0.1529     15.331   203.4909 1.2359e-01    13.3383      8.417     12.208    11.9443   999.5665 0.0000e+00
      8.583 1.3255e-37     2.1204     28.056     52.646  38.899556    -0.1220     15.331   203.3397 1.2367e-01    13.3384      8.417     12.208    11.9435   999.5667 0.0000e+00
      8.583 1.4580e-36     2.1220     28.009     52.672  38.917484    -0.0941     15.330   203.2007 1.2372e-01    13.3322      8.417     12.209    11.9426   999.5667 0.0000e+00
      8.583 1.6038e-35     2.1203     27.954     52.667  38.912858    -0.0925     15.330   203.1007 1.2368e-01    13.3313      8.417     12.208    11.9420   999.5668 0.0000e+00
      8.583 1.7642e-34     2.1195     27.919     52.660  38.907098    -0.1209     15.330   202.9059 1.2364e-01    13.2938      8.417     12.209    11.9418   999.5668 0.0000e+00
      8.583 1.9407e-33     2.1197     27.891     52.667  38.911308    -0.1606     15.330   202.6523 1.2368e-01    13.2558      8.417     12.208    11.9414   999.5669 0.0000e+00
      8.583 2.1347e-32     2.1150     27.864     52.652  38.900289    -0.1729     15.331   202.4430 1.2377e-01    13.2840      8.417     12.208    11.9407   999.5670 0.0000e+00
      8.583 2.3482e-31     2.1096     27.854     52.653  38.900799    -0.1749     15.331   202.2690 1.2379e-01    13.2918      8.417     12.208    11.9397   999.5671 0.0000e+00
      8.583 2.5830e-30     2.1079     27.851     52.675  38.917484    -0.1839     15.330   202.1832 1.2370e-01    13.2474      8.417     12.208    11.9385   999.5672 0.0000e+00
      8.583 2.8413e-29     2.1064     27.858     52.668  38.911610    -0.1485     15.330   202.0929 1.2365e-01    13.3309      8.418     12.209    11.9379   999.5673 0.0000e+00
      8.583 3.1254e-28     2.1028     27.881     52.643  38.893240    -0.0714     15.330   201.9514 1.2371e-01    13.5807      8.417     12.208    11.9378   999.5673 0.0000e+00
      8.583 3.4380e-27     2.1034     27.896     52.634  38.885790    -0.0242     15.330   201.8497 1.2371e-01    13.7609      8.417     12.208    11.9376   999.5673 0.0000e+00
      8.583 3.7818e-26     2.1029     27.894     52.634  38.885010    -0.0158     15.330   201.7236 1.2365e-01    13.7588      8.418     12.209    11.9377   999.5673 0.0000e+00
      8.583 4.1600e-25     2.1023     27.878     52.632  38.883804    -0.0752     15.330   201.5448 1.2366e-01    13.5896      8.417     12.208    11.9377   999.5673 0.0000e+00
      8.583 4.5760e-24     2.1062     27.858     52.615  38.871209    -0.1889     15.330   201.3226 1.2374e-01    13.3629      8.417     12.208    11.9374   999.5673 0.0000e+00
      8.583 5.0336e-23     2.1066     27.862     52.599  38.859669    -0.2460     15.330   201.1025 1.2379e-01    13.2847      8.417     12.208    11.9368   999.5674 0.0000e+00
      8.583 5.5369e-22     2.1067     27.872     52.614  38.871209    -0.2318     15.331   200.9476 1.2375e-01    13.3305      8.417     12.208    11.9365   999.5674 0.0000e+00
      8.584 6.0906e-21     2.1057     27.856     52.631  38.883797    -0.1607     15.331   200.8271 1.2366e-01    13.4013      8.418     12.209    11.9365   999.5674 0.0000e+00
      8.584 6.6997e-20     2.1023     27.837     52.632  38.884932    -0.0532     15.331   200.6773 1.2364e-01    13.4538      8.418     12.208    11.9368   999.5674 0.0000e+00
      8.583 7.3696e-19     2.1031     27.827     52.632  38.884932    -0.0001     15.330   200.5141 1.2367e-01    13.4500      8.417     12.207    11.9372   999.5673 0.0000e+00
      8.583 8.1066e-18     2.1063     27.808     52.631  38.883798    -0.0058     15.330   200.4888 1.2367e-01    13.5274      8.417     12.208    11.9377   999.5673 0.0000e+00
      8.583 8.9172e-17     2.1030     27.800     52.614  38.871214    -0.0264     15.330   200.4568 1.2364e-01    13.9772      8.417     12.208    11.9380   999.5673 0.0000e+00
      8.583 9.8090e-16     2.1013     27.829     52.599  38.859726    -0.0682     15.329   200.3854 1.2362e-01    14.5971      8.417     12.208    11.9378   999.5673 0.0000e+00
      8.583 1.0790e-14     2.1018     27.854     52.616  38.871839    -0.1106     15.329   200.4003 1.2364e-01    14.8430      8.417     12.208    11.9376   999.5673 0.0000e+00
      8.583 1.1869e-13     2.0996     27.851     52.641  38.890732    -0.1289     15.330   200.2926 1.2370e-01    14.8564      8.417     12.208    11.9370   999.5674 0.0000e+00
      8.583 1.3056e-12     2.0974     27.848     52.650  38.897751    -0.1082     15.331   200.1161 1.2371e-01    14.8279      8.417     12.208    11.9366   999.5674 0.0000e+00
      8.584 1.4361e-11     2.1014     27.848     52.644  38.893235    -0.0609     15.331   200.0721 1.2369e-01    14.6690      8.418     12.209    11.9368   999.5674 0.0000e+00
      8.584 1.5797e-10     2.1051     27.859     52.652  38.899591    -0.0429     15.331   200.1048 1.2366e-01    14.5145      8.418     12.209    11.9368   999.5674 0.0000e+00
      8.584 1.7377e-09     2.1017     27.860     52.668  38.911131    -0.0529     15.330   200.1676 1.2364e-01    14.4370      8.418     12.209    11.9370   999.5674 0.0000e+00
      8.584 1.9115e-08     2.1036     27.827     52.661  38.905834    -0.0581     15.329   200.2295 1.2363e-01    14.3833      8.418     12.209    11.9369   999.5674 0.0000e+00
      8.584 2.1026e-07     2.1019     27.809     52.651  38.899012    -0.0491     15.329   200.2505 1.2367e-01    14.1053      8.417     12.208    11.9370   999.5674 0.0000e+00
      8.584      0.000     2.1034     27.826     52.642  38.892111    -0.0296     15.329   200.2495 1.2372e-01    13.6168      8.418     12.209    11.9374   999.5673 0.0000e+00
      8.584      0.000     2.1059     27.849     52.634  38.885870    -0.0311     15.329   200.2180 1.2366e-01    13.3179      8.418     12.209    11.9373   999.5674 0.0000e+00
      8.583      0.000     2.1000     27.870     52.636  38.887015    -0.0591     15.330   200.2128 1.2359e-01    13.2033      8.417     12.208    11.9374   999.5673 0.0000e+00
