Data/DataNotYetUploadedToEDI/Raw_CTD/RawDownloads/090219_fcr30.cnv
* Sea-Bird SBE19plus  Data File:
* FileName = C:\DATA\SBE19plus_01907809_2019_09_02_0003.hex
* Software version 2.8.0.119 SB_Terminal.dll
* Temperature SN = 7809
* Conductivity SN = 7809
* System UpLoad Time = Sep 02 2019 11:49:47
* <ApplicationData>
* <Seaterm232>
# nquan = 15
# nvalues = 356                         
# units = specified
# name 0 = depFM: Depth [fresh water, m]
# name 1 = dz/dtM: Descent Rate [m/s]
# name 2 = sbeox0ML/L: Oxygen, SBE 43 [ml/l]
# name 3 = sbeox0PS: Oxygen, SBE 43 [% saturation]
# name 4 = specc: Specific Conductance [uS/cm]
# name 5 = c0uS/cm: Conductivity [uS/cm]
# name 6 = flECO-AFL: Fluorescence, WET Labs ECO-AFL/FL [mg/m^3]
# name 7 = ph: pH
# name 8 = orp: Oxidation Reduction Potential [mV]
# name 9 = par/sat/log: PAR/Logarithmic, Satlantic
# name 10 = turbWETntu0: Turbidity, WET Labs ECO [NTU]
# name 11 = prdM: Pressure, Strain Gauge [db]
# name 12 = prdE: Pressure, Strain Gauge [psi]
# name 13 = tv290C: Temperature [ITS-90, deg C]
# name 14 = flag:  0.000e+00
# span 0 =     -0.550,      5.095       
# span 1 =     -0.284,      0.263       
# span 2 =    -0.3332,     6.7989       
# span 3 =     -5.109,    113.638       
# span 4 =     27.866,     95.046       
# span 5 =  27.548904,  76.411082       
# span 6 =    -0.1831,     7.8763       
# span 7 =      6.256,      7.611       
# span 8 =   174.2644,   349.3088       
# span 9 = 1.7265e-01, 1.5128e+03       
# span 10 =    -5.3761,    56.9198      
# span 11 =     -0.539,      4.997      
# span 12 =     -0.783,      7.248      
# span 13 =    12.4207,    25.0753      
# span 14 = 0.0000e+00, 0.0000e+00      
# interval = seconds: 0.25
# start_time = Sep 02 2019 11:24:38 [Instrument's time stamp, header]
# bad_flag = -9.990e-29
*END*
[from data line 97]
      0.243      0.007     3.7889     64.197     37.009  36.603943     1.3366      7.040   201.1054 7.2714e+01     7.4312      0.239      0.347    24.4539 0.0000e+00
      0.238      0.001     3.7864     63.929     37.005  36.597546     1.3272      7.039   201.2924 7.4179e+01     7.4282      0.233      0.337    24.4511 0.0000e+00
      0.233     -0.001     3.7787     63.630     37.006  36.595872     1.3199      7.036   201.5509 7.5593e+01     7.4241      0.228      0.331    24.4506 0.0000e+00
      0.232      0.001     3.7655     63.280     36.996  36.583699     1.3256      7.033   201.7361 7.6605e+01     7.4138      0.226      0.329    24.4499 0.0000e+00
      0.233      0.004     3.7491     62.917     36.992  36.577294     1.3352      7.029   201.8108 7.6976e+01     7.4343      0.229      0.331    24.4476 0.0000e+00
      0.236      0.006     3.7347     62.576     37.000  36.581910     1.3414      7.025   201.7654 7.7144e+01     7.4429      0.232      0.336    24.4442 0.0000e+00
      0.241      0.006     3.7186     62.262     36.996  36.576036     1.3573      7.021   201.7034 7.7359e+01     7.4198      0.237      0.343    24.4403 0.0000e+00
      0.246      0.005     3.6966     61.980     36.992  36.569732     1.3880      7.018   201.7504 7.7382e+01     7.4163      0.242      0.352    24.4364 0.0000e+00
      0.247      0.003     3.6754     61.752     36.993  36.569159     1.4097      7.016   201.8168 7.7277e+01     7.4009      0.243      0.353    24.4331 0.0000e+00
      0.245      0.001     3.6552     61.567     36.995  36.569106     1.4107      7.014   201.8173 7.7218e+01     7.3983      0.240      0.348    24.4300 0.0000e+00
      0.241      0.000     3.6378     61.404     36.997  36.569091     1.4008      7.011   201.9289 7.7465e+01     7.4175      0.236      0.342    24.4271 0.0000e+00
      0.240      0.000     3.6200     61.254     36.998  36.568977     1.3941      7.008   202.1338 7.7935e+01     7.4038      0.234      0.339    24.4243 0.0000e+00
      0.242      0.000     3.6076     61.091     36.998  36.567728     1.3994      7.003   202.3158 7.8273e+01     7.3963      0.238      0.345    24.4214 0.0000e+00
      0.245      0.001     3.5978     60.920     36.986  36.553984     1.4048      6.998   202.4088 7.8579e+01     7.3923      0.241      0.350    24.4188 0.0000e+00
      0.246      0.001     3.5877     60.755     36.963  36.529741     1.3981      6.993   202.3981 7.9095e+01     7.3882      0.242      0.350    24.4165 0.0000e+00
      0.245      0.000     3.5808     60.595     36.964  36.528496     1.3795      6.988   202.5301 7.9845e+01     7.3132      0.241      0.350    24.4141 0.0000e+00
      0.244     -0.002     3.5705     60.444     36.976  36.538926     1.3523      6.983   202.6289 8.0454e+01     7.1082      0.239      0.347    24.4119 0.0000e+00
      0.242     -0.002     3.5605     60.310     36.967  36.528906     1.3296      6.979   202.4743 8.0717e+01     6.9742      0.237      0.344    24.4100 0.0000e+00
      0.242     -0.001     3.5508     60.189     36.974  36.534291     1.3213      6.977   202.3812 8.0932e+01     6.9388      0.236      0.343    24.4084 0.0000e+00
      0.242      0.000     3.5420     60.074     37.046  36.604030     1.3398      6.976   202.4502 8.1114e+01     7.0740      0.237      0.344    24.4061 0.0000e+00
      0.243      0.001     3.5325     60.114     37.182  36.737385     1.3798      6.974   202.5334 8.1264e+01     7.4290      0.238      0.345    24.4038 0.0000e+00
      0.245      0.002     3.5256     61.289     37.320  36.877224     1.4057      6.972   202.6130 8.1664e+01     7.6585      0.240      0.347    24.4018 0.0000e+00
      0.245      0.002     3.5184     65.355     37.398  36.961889     1.4102      6.968   202.7242 8.2191e+01     7.6852      0.240      0.348    24.3995 0.0000e+00
      0.244      0.003     3.5119     72.763     37.426  36.999390     1.3905      6.965   202.8449 8.2766e+01     7.5559      0.239      0.347    24.3978 0.0000e+00
      0.244      0.004     3.5017     81.998     37.432  37.013297     1.3502      6.961   202.9544 8.3476e+01     7.3070      0.239      0.346    24.3952 0.0000e+00
      0.245      0.005     3.5145     91.313     37.415  37.003105     1.3306      6.958   203.0153 8.4032e+01     7.1671      0.241      0.349    24.3982 0.0000e+00
      0.247      0.006     3.7380     99.646     37.410  37.003108     1.3347      6.955   203.0651 8.4337e+01     7.1425      0.242      0.351    24.4115 0.0000e+00
      0.249      0.008     4.2171    106.320     37.416  37.013348     1.3222      6.952   203.1263 8.4574e+01     7.2066      0.245      0.354    24.4252 0.0000e+00
      0.251      0.008     4.7930    110.815     37.399  36.999972     1.2922      6.949   203.1533 8.4498e+01     7.3851      0.247      0.358    24.4355 0.0000e+00
      0.254      0.007     5.3552    112.943     37.364  36.968331     1.2748      6.947   203.2198 8.4362e+01     7.4974      0.250      0.361    24.4441 0.0000e+00
      0.256      0.005     5.8527    112.950     37.343  36.948158     1.2772      6.944   203.3280 8.4517e+01     7.4835      0.252      0.364    24.4507 0.0000e+00
      0.258      0.002     6.2553    111.555     37.342  36.946480     1.2943      6.941   203.4293 8.4843e+01     7.4463      0.253      0.368    24.4562 0.0000e+00
      0.258      0.000     6.5201    109.712     37.345  36.948045     1.3172      6.938   203.4979 8.5476e+01     7.4084      0.254      0.369    24.4614 0.0000e+00
      0.257     -0.001     6.6400    108.055     37.366  36.967072     1.3286      6.935   203.5546 8.6136e+01     7.3853      0.253      0.365    24.4654 0.0000e+00
      0.255     -0.001     6.6247    106.736     37.387  36.986113     1.3286      6.933   203.6851 8.6761e+01     7.3967      0.250      0.362    24.4668 0.0000e+00
      0.254      0.000     6.5202    105.707     37.390  36.987845     1.3167      6.930   203.7856 8.7412e+01     7.3813      0.249      0.360    24.4657 0.0000e+00
      0.254      0.003     6.3992    104.897     37.391  36.988012     1.2968      6.927   203.7369 8.7929e+01     7.2979      0.249      0.361    24.4626 0.0000e+00
      0.255      0.005     6.3026    104.216     37.391  36.988131     1.2878      6.923   203.6986 8.8211e+01     7.2077      0.250      0.363    24.4592 0.0000e+00
      0.258      0.006     6.2273    103.637     37.393  36.989277     1.2774      6.919   203.7531 8.8542e+01     7.1761      0.254      0.366    24.4573 0.0000e+00
      0.261      0.005     6.1680    103.179     37.406  37.001866     1.2661      6.917   203.8793 8.8924e+01     7.2098      0.256      0.371    24.4566 0.0000e+00
      0.263      0.004     6.1239    102.802     37.416  37.013406     1.2995      6.916   204.0198 8.9134e+01     7.4189      0.259      0.375    24.4558 0.0000e+00
      0.264      0.002     6.0842    102.452     37.402  37.001851     1.3601      6.916   204.0754 8.9344e+01     7.7384      0.261      0.378    24.4556 0.0000e+00
      0.264     -0.000     6.0493    102.159     37.388  36.989115     1.3827      6.916   204.1211 8.9540e+01     7.8606      0.260      0.377    24.4545 0.0000e+00
      0.262     -0.002     6.0239    102.006     37.384  36.986358     1.3823      6.915   204.1420 9.0150e+01     7.8477      0.257      0.372    24.4533 0.0000e+00
      0.260     -0.003     6.0038    102.038     37.367  36.968514     1.3897      6.912   204.1553 9.0962e+01     7.9109      0.255      0.370    24.4556 0.0000e+00
      0.260     -0.002     5.9815    102.204     37.364  36.963784     1.3945      6.908   204.1962 9.1944e+01     8.0349      0.255      0.370    24.4598 0.0000e+00
      0.259     -0.001     5.9624    102.405     37.394  36.992644     1.3973      6.906   204.2067 9.3245e+01     8.1004      0.254      0.369    24.4619 0.0000e+00
      0.259      0.001     5.9518    102.558     37.403  37.000092     1.3978      6.906   204.2826 9.4333e+01     8.0810      0.254      0.368    24.4612 0.0000e+00
      0.260      0.003     5.9555    102.597     37.393  36.990365     1.3922      6.907   204.5113 9.5275e+01     8.0621      0.254      0.368    24.4603 0.0000e+00
      0.261      0.004     5.9678    102.549     37.404  37.001975     1.3898      6.908   204.8210 9.6098e+01     8.0687      0.256      0.371    24.4592 0.0000e+00
      0.263      0.004     5.9807    102.468     37.414  37.013530     1.3946      6.909   205.1023 9.7099e+01     8.0954      0.258      0.375    24.4575 0.0000e+00
      0.265      0.004     5.9923    102.340     37.401  37.003125     1.3981      6.909   205.2449 9.8083e+01     8.0901      0.260      0.377    24.4562 0.0000e+00
      0.266      0.003     5.9935    102.177     37.398  37.003122     1.3980      6.908   205.1689 9.8563e+01     7.9396      0.261      0.378    24.4555 0.0000e+00
      0.266      0.001     5.9883    102.027     37.406  37.013502     1.4013      6.908   205.0433 9.8983e+01     7.7172      0.261      0.378    24.4564 0.0000e+00
      0.266      0.001     5.9852    101.905     37.392  37.001687     1.4121      6.908   205.0167 9.9488e+01     7.6293      0.260      0.377    24.4582 0.0000e+00
      0.265      0.003     5.9767    101.809     37.378  36.987216     1.4157      6.908   205.0196 1.0020e+02     7.6636      0.261      0.378    24.4613 0.0000e+00
      0.264      0.007     5.9652    101.725     37.358  36.965480     1.4021      6.908   204.9920 1.0142e+02     7.7396      0.259      0.375    24.4662 0.0000e+00
      0.264      0.012     5.9558    101.666     37.325  36.929285     1.3947      6.907   205.0269 1.0392e+02     7.8263      0.257      0.373    24.4710 0.0000e+00
      0.268      0.017     5.9484    101.679     37.330  36.930420     1.4038      6.904   205.2702 1.0790e+02     7.8601      0.262      0.380    24.4737 0.0000e+00
      0.276      0.022     5.9433    101.764     37.382  36.979205     1.4083      6.899   205.4378 1.1170e+02     7.8526      0.271      0.393    24.4729 0.0000e+00
      0.285      0.024     5.9388    101.860     37.417  37.011347     1.3970      6.894   205.4189 1.1505e+02     7.8346      0.279      0.405    24.4699 0.0000e+00
      0.292      0.023     5.9344    101.944     37.407  37.001680     1.3892      6.891   205.5580 1.1739e+02     7.7736      0.287      0.416    24.4646 0.0000e+00
      0.300      0.019     5.9355    102.041     37.392  36.989270     1.4003      6.891   205.8294 1.1754e+02     7.6718      0.294      0.426    24.4587 0.0000e+00
      0.305      0.013     5.9432    102.125     37.387  36.988244     1.4108      6.891   206.0339 1.1652e+02     7.5864      0.302      0.437    24.4551 0.0000e+00
      0.306      0.007     5.9496    102.143     37.384  36.989284     1.4116      6.891   206.0508 1.1556e+02     7.5609      0.301      0.437    24.4525 0.0000e+00
      0.304      0.002     5.9531    102.139     37.394  37.001848     1.4010      6.893   205.9477 1.1671e+02     7.4944      0.297      0.431    24.4513 0.0000e+00
      0.304     -0.001     5.9588    102.166     37.404  37.013218     1.3865      6.896   205.9057 1.1986e+02     7.3069      0.298      0.432    24.4542 0.0000e+00
      0.303     -0.002     5.9659    102.194     37.391  36.999804     1.3929      6.896   205.9734 1.2398e+02     7.1950      0.298      0.433    24.4608 0.0000e+00
      0.301     -0.001     5.9641    102.205     37.362  36.966614     1.4005      6.896   206.1635 1.2950e+02     7.2227      0.294      0.428    24.4657 0.0000e+00
      0.299      0.002     5.9618    102.194     37.331  36.929275     1.3913      6.895   206.3120 1.3526e+02     7.2817      0.291      0.423    24.4681 0.0000e+00
      0.301      0.004     5.9649    102.157     37.336  36.929172     1.3862      6.892   206.3916 1.3938e+02     7.3512      0.296      0.429    24.4723 0.0000e+00
      0.305      0.007     5.9662    102.124     37.375  36.965357     1.3899      6.888   206.5237 1.4108e+02     7.3745      0.299      0.434    24.4733 0.0000e+00
      0.307      0.009     5.9677    102.112     37.398  36.985944     1.3924      6.887   206.6190 1.4292e+02     7.3665      0.301      0.436    24.4653 0.0000e+00
      0.309      0.009     5.9691    102.105     37.400  36.987669     1.3826      6.886   206.6835 1.4524e+02     7.3200      0.303      0.440    24.4542 0.0000e+00
      0.312      0.009     5.9663    102.096     37.398  36.986212     1.3579      6.885   206.7878 1.4479e+02     7.2060      0.305      0.443    24.4480 0.0000e+00
      0.314      0.009     5.9643    102.100     37.379  36.968332     1.3365      6.885   206.9328 1.4341e+02     7.1345      0.308      0.446    24.4458 0.0000e+00
      0.316      0.010     5.9645    102.109     37.372  36.961895     1.3313      6.887   207.1459 1.4567e+02     7.1114      0.310      0.449    24.4439 0.0000e+00
      0.318      0.010     5.9643    102.093     37.382  36.971862     1.3308      6.890   207.3852 1.5101e+02     7.0902      0.312      0.452    24.4431 0.0000e+00
      0.321      0.009     5.9632    102.092     37.372  36.961895     1.3303      6.892   207.5034 1.5628e+02     7.1085      0.314      0.456    24.4439 0.0000e+00
      0.325      0.007     5.9630    102.115     37.380  36.968333     1.3344      6.894   207.5429 1.6029e+02     7.1350      0.318      0.462    24.4450 0.0000e+00
      0.327      0.004     5.9657    102.083     37.399  36.986230     1.3373      6.897   207.6911 1.6376e+02     7.1491      0.321      0.466    24.4459 0.0000e+00
      0.327      0.002     5.9625    101.994     37.400  36.987855     1.3387      6.899   207.9189 1.6637e+02     7.1805      0.321      0.466    24.4463 0.0000e+00
      0.326     -0.001     5.9616    101.888     37.399  36.987988     1.3430      6.899   208.0589 1.7061e+02     7.2529      0.320      0.465    24.4454 0.0000e+00
      0.325     -0.004     5.9669    101.773     37.398  36.987846     1.3457      6.900   208.0075 1.7540e+02     7.3681      0.319      0.462    24.4432 0.0000e+00
      0.324     -0.006     5.9643    101.686     37.395  36.986131     1.3366      6.901   207.9008 1.7510e+02     7.4266      0.317      0.460    24.4417 0.0000e+00
      0.323     -0.006     5.9575    101.647     37.375  36.967255     1.3273      6.903   207.8864 1.7644e+02     7.4040      0.316      0.459    24.4418 0.0000e+00
      0.321     -0.005     5.9523    101.639     37.356  36.950033     1.3293      6.904   207.9189 1.7966e+02     7.3898      0.314      0.456    24.4440 0.0000e+00
      0.319     -0.004     5.9435    101.670     37.372  36.968332     1.3353      6.907   207.9504 1.7951e+02     7.4178      0.312      0.452    24.4464 0.0000e+00
      0.318     -0.001     5.9380    101.772     37.399  36.998090     1.3387      6.908   208.0094 1.8449e+02     7.4478      0.311      0.451    24.4472 0.0000e+00
      0.318      0.004     5.9364    101.962     37.393  36.992474     1.3358      6.907   208.2014 1.9207e+02     7.4243      0.312      0.452    24.4486 0.0000e+00
      0.318      0.013     5.9353    102.197     37.367  36.963903     1.3525      6.902   208.5513 2.0441e+02     7.3961      0.312      0.452    24.4507 0.0000e+00
      0.319      0.023     5.9361    102.388     37.379  36.970002     1.3925      6.896   208.7982 2.9586e+02     7.4023      0.311      0.452    24.4541 0.0000e+00
      0.324      0.025     5.9407    102.461     37.416  37.002737     1.4200      6.891   209.3801 4.0329e+02     7.4012      0.314      0.456    24.4590 0.0000e+00
      0.337      0.014     5.9528    102.406     37.455  37.042319     1.4257      6.893   217.2223 3.7635e+02     7.3829      0.327      0.475    24.4608 0.0000e+00
      0.354     -0.011     5.9688    102.261     37.474  37.067752     1.4014      6.896   231.6021 2.9862e+02     7.3110      0.349      0.506    24.4556 0.0000e+00
