Data/DataNotYetUploadedToEDI/Raw_CTD/RawDownloads/090220_fcr50.cnv
* Sea-Bird SBE19plus  Data File:
* FileName = C:\DATA\090220_fcr50_0002.hex
* Software version 2.8.0.119
* Temperature SN = 7809
* Conductivity SN = 7809
* System UpLoad Time = Sep 02 2020 11:02:31
* <ApplicationData>
* <Seaterm232>
# nquan = 16
# nvalues = 3497                        
# units = specified
# name 0 = depFM: Depth [fresh water, m]
# name 1 = dz/dtM: Descent Rate [m/s]
# name 2 = sbeox0ML/L: Oxygen, SBE 43 [ml/l]
# name 3 = sbeox0PS: Oxygen, SBE 43 [% saturation]
# name 4 = specc: Specific Conductance [uS/cm]
# name 5 = c0uS/cm: Conductivity [uS/cm]
# name 6 = flECO-AFL: Fluorescence, WET Labs ECO-AFL/FL [mg/m^3]
# name 7 = ph: pH
# name 8 = orp: Oxidation Reduction Potential [mV]
# name 9 = par/sat/log: PAR/Logarithmic, Satlantic
# name 10 = turbWETntu0: Turbidity, WET Labs ECO [NTU]
# name 11 = prdM: Pressure, Strain Gauge [db]
# name 12 = prdE: Pressure, Strain Gauge [psi]
# name 13 = tv290C: Temperature [ITS-90, deg C]
# name 14 = density00: Density [density, kg/m^3]
# name 15 = flag:  0.000e+00
# span 0 =     -0.666,      8.586       
# span 1 =     -0.222,      4.381       
# span 2 =     0.0361,     5.7632       
# span 3 =      0.521,     97.786       
# span 4 =      1.061,     78.011       
# span 5 =   1.070698,  61.946270       
# span 6 =    -1.0183,    33.0556       
# span 7 =     14.863,     15.342       
# span 8 = -1240.7455,   355.3354       
# span 9 = 1.2345e-01, 4.8888e+02       
# span 10 =    -0.3269,    52.1508      
# span 11 =     -0.653,      8.420      
# span 12 =     -0.947,     12.212      
# span 13 =    11.9138,    25.4466      
# span 14 =   996.9375,   999.5697      
# span 15 = 0.0000e+00, 0.0000e+00      
# interval = seconds: 0.25
# start_time = Sep 01 2020 20:40:29 [Instrument's time stamp, header]
# bad_flag = -9.990e-29
*END*
[from data line 1447]
      8.570 1.1566e-12     2.1086     28.002     52.658  38.938472     0.0274     15.337   214.1169 1.2366e-01    13.4768      8.404     12.189    11.9749   999.5630 0.0000e+00
      8.570 1.2723e-11     2.1103     27.994     52.636  38.922217     0.0156     15.337   214.0223 1.2369e-01    13.4324      8.404     12.189    11.9737   999.5631 0.0000e+00
      8.570 1.3995e-10     2.1126     28.003     52.641  38.926474    -0.0264     15.338   213.7453 1.2370e-01    13.3436      8.404     12.189    11.9721   999.5633 0.0000e+00
      8.570 1.5395e-09     2.1128     28.015     52.640  38.926474    -0.0984     15.338   213.4343 1.2369e-01    13.1925      8.404     12.188    11.9707   999.5635 0.0000e+00
      8.570 1.6934e-08     2.1138     28.015     52.634  38.922208    -0.1404     15.337   213.1004 1.2370e-01    13.0824      8.404     12.189    11.9701   999.5636 0.0000e+00
      8.570 1.8627e-07     2.1109     28.014     52.654  38.938369    -0.1528     15.337   212.7209 1.2371e-01    13.0764      8.404     12.189    11.9700   999.5635 0.0000e+00
      8.570 1.8627e-07     2.1130     28.017     52.644  38.931467    -0.1719     15.338   212.2870 1.2366e-01    13.0855      8.405     12.190    11.9702   999.5636 0.0000e+00
      8.570 1.6934e-08     2.1145     28.022     52.604  38.902231    -0.1895     15.338   211.7250 1.2364e-01    13.1229      8.404     12.189    11.9710   999.5635 0.0000e+00
      8.570 1.5395e-09     2.1132     28.012     52.604  38.902230    -0.2040     15.338   211.0890 1.2369e-01    13.1855      8.404     12.189    11.9721   999.5633 0.0000e+00
      8.570 1.3995e-10     2.1140     27.997     52.644  38.931456    -0.2139     15.338   210.6194 1.2373e-01    13.2588      8.404     12.189    11.9730   999.5632 0.0000e+00
      8.570 1.2723e-11     2.1130     27.985     52.654  38.938254    -0.2226     15.337   210.3492 1.2367e-01    13.3226      8.405     12.190    11.9735   999.5632 0.0000e+00
      8.570 1.1566e-12     2.1151     27.969     52.631  38.920944    -0.2239     15.337   210.0600 1.2362e-01    13.3056      8.404     12.189    11.9738   999.5631 0.0000e+00
      8.570 1.0515e-13     2.1134     27.965     52.620  38.912574    -0.2011     15.337   209.6176 1.2363e-01    13.2581      8.404     12.189    11.9739   999.5631 0.0000e+00
      8.570 9.5590e-15     2.1118     27.979     52.604  38.900524    -0.1763     15.337   209.0440 1.2362e-01    13.2286      8.404     12.189    11.9735   999.5632 0.0000e+00
      8.570 8.6900e-16     2.1121     27.984     52.606  38.902179    -0.1713     15.337   208.5450 1.2358e-01    13.2245      8.404     12.189    11.9729   999.5632 0.0000e+00
      8.570 7.9000e-17     2.1097     27.977     52.647  38.932587    -0.1983     15.337   208.1445 1.2358e-01    13.2083      8.404     12.189    11.9723   999.5633 0.0000e+00
      8.570 7.1820e-18     2.1091     27.986     52.672  38.950841    -0.2351     15.337   207.7288 1.2364e-01    13.2049      8.404     12.189    11.9718   999.5634 0.0000e+00
      8.570 6.5290e-19     2.1112     27.997     52.647  38.932477    -0.2446     15.336   207.3052 1.2370e-01    13.2862      8.404     12.190    11.9717   999.5633 0.0000e+00
      8.570 5.9355e-20     2.1123     27.981     52.603  38.900960    -0.2373     15.336   206.8078 1.2368e-01    13.3326      8.405     12.190    11.9718   999.5633 0.0000e+00
      8.570 5.3960e-21     2.1099     27.951     52.583  38.887122    -0.2323     15.336   206.1897 1.2367e-01    13.2860      8.404     12.189    11.9717   999.5634 0.0000e+00
      8.570 4.9052e-22     2.1111     27.932     52.590  38.892107    -0.2414     15.336   205.4242 1.2371e-01    13.2377      8.404     12.189    11.9719   999.5634 0.0000e+00
      8.570 4.4593e-23     2.1139     27.919     52.598  38.897759    -0.2518     15.336   204.6068 1.2370e-01    13.2292      8.404     12.189    11.9725   999.5633 0.0000e+00
      8.570 4.0539e-24     2.1113     27.901     52.592  38.891983    -0.2441     15.337   203.8779 1.2368e-01    13.2520      8.404     12.190    11.9735   999.5631 0.0000e+00
      8.570 3.6854e-25     2.1082     27.896     52.585  38.885739    -0.2437     15.337   203.1499 1.2366e-01    13.2035      8.404     12.189    11.9743   999.5630 0.0000e+00
      8.570 3.3503e-26     2.1070     27.908     52.588  38.885739    -0.2558     15.337   202.4301 1.2363e-01    13.0541      8.404     12.190    11.9740   999.5631 0.0000e+00
      8.570 3.0458e-27     2.1068     27.927     52.600  38.891982    -0.2577     15.337   201.7140 1.2360e-01    12.9566      8.404     12.190    11.9734   999.5632 0.0000e+00
      8.570 2.7689e-28     2.1045     27.949     52.610  38.897749    -0.2563     15.337   200.8582 1.2359e-01    12.9867      8.405     12.191    11.9729   999.5632 0.0000e+00
      8.570 2.5172e-29     2.1040     27.967     52.605  38.891990    -0.2483     15.337   200.0844 1.2362e-01    13.0400      8.404     12.190    11.9713   999.5634 0.0000e+00
      8.570 2.2883e-30     2.1059     27.969     52.599  38.885813    -0.1136     15.337   199.5855 1.2365e-01    13.1204      8.405     12.190    11.9691   999.5636 0.0000e+00
      8.570 2.0803e-31     2.1071     27.957     52.601  38.886541     0.1319     15.338   199.2135 1.2367e-01    13.3066      8.404     12.189    11.9668   999.5639 0.0000e+00
      8.570 1.8912e-32     2.1091     27.952     52.621  38.900796     0.2596     15.338   198.8569 1.2366e-01    13.4721      8.404     12.190    11.9646   999.5642 0.0000e+00
      8.570 1.7192e-33     2.1111     27.985     52.661  38.931225     0.2580     15.338   198.4569 1.2363e-01    13.5418      8.405     12.190    11.9628   999.5644 0.0000e+00
      8.570 1.5629e-34     2.1111     28.028     52.666  38.937108     0.1692     15.338   198.1624 1.2362e-01    13.7716      8.404     12.190    11.9612   999.5646 0.0000e+00
      8.570 1.4209e-35     2.1100     28.032     52.624  38.908463     0.0063     15.338   197.9642 1.2364e-01    14.1912      8.405     12.190    11.9599   999.5647 0.0000e+00
      8.570 1.2917e-36     2.1081     28.016     52.611  38.902220    -0.0894     15.337   197.7805 1.2367e-01    14.3920      8.405     12.190    11.9599   999.5647 0.0000e+00
      8.570 1.1744e-37     2.1110     27.985     52.638  38.925100    -0.1012     15.337   197.7480 1.2368e-01    14.3790      8.405     12.190    11.9611   999.5646 0.0000e+00
      8.570 1.0763e-38     2.1176     27.946     52.643  38.931230    -0.1182     15.337   197.7444 1.2366e-01    14.1375      8.405     12.190    11.9632   999.5644 0.0000e+00
      8.570 1.9410e-39     2.1148     27.937     52.616  38.912865    -0.1513     15.337   197.7364 1.2367e-01    13.6688      8.405     12.190    11.9659   999.5640 0.0000e+00
      8.570 1.0763e-38     2.1147     27.934     52.589  38.893469    -0.1582     15.337   197.7379 1.2368e-01    13.3814      8.404     12.190    11.9687   999.5637 0.0000e+00
      8.570 1.1743e-37     2.1123     27.902     52.582  38.887122    -0.1542     15.337   197.7622 1.2364e-01    13.2724      8.404     12.189    11.9711   999.5634 0.0000e+00
      8.570 1.2917e-36     2.1068     27.871     52.601  38.899597    -0.1602     15.337   197.8592 1.2362e-01    13.3465      8.405     12.190    11.9735   999.5632 0.0000e+00
      8.570 1.4209e-35     2.1073     27.884     52.626  38.917360    -0.1542     15.337   197.9629 1.2363e-01    13.6252      8.404     12.189    11.9758   999.5629 0.0000e+00
      8.571 1.5629e-34     2.1090     27.926     52.620  38.911480    -0.1490     15.338   198.1556 1.2364e-01    13.7923      8.405     12.190    11.9764   999.5628 0.0000e+00
      8.571 1.7192e-33     2.1051     27.956     52.594  38.891977    -0.1537     15.338   198.2968 1.2362e-01    13.7532      8.405     12.191    11.9752   999.5630 0.0000e+00
      8.571 1.8912e-32     2.1007     27.944     52.567  38.871950    -0.1444     15.338   198.2929 1.2357e-01    13.5646      8.405     12.190    11.9736   999.5631 0.0000e+00
      8.571 2.0803e-31     2.1033     27.924     52.551  38.859744    -0.1132     15.338   198.3677 1.2360e-01    13.3660      8.405     12.191    11.9722   999.5633 0.0000e+00
      8.571 2.2883e-30     2.1067     27.903     52.566  38.871326    -0.0910     15.338   198.5978 1.2370e-01    13.3432      8.405     12.190    11.9711   999.5634 0.0000e+00
      8.571 2.5171e-29     2.1119     27.895     52.584  38.885054    -0.0854     15.338   198.9239 1.2378e-01    13.3919      8.405     12.191    11.9705   999.5635 0.0000e+00
      8.571 2.7689e-28     2.1076     27.931     52.602  38.898798    -0.0929     15.338   199.2139 1.2372e-01    13.3705      8.405     12.190    11.9707   999.5635 0.0000e+00
      8.571 3.0457e-27     2.1070     27.964     52.619  38.910561    -0.1259     15.337   199.3508 1.2360e-01    13.2562      8.405     12.190    11.9713   999.5634 0.0000e+00
      8.571 3.3503e-26     2.1059     27.961     52.606  38.900331    -0.1499     15.337   199.4605 1.2357e-01    13.1082      8.405     12.191    11.9715   999.5634 0.0000e+00
      8.571 3.6854e-25     2.1018     27.951     52.609  38.902048    -0.1445     15.337   199.6800 1.2363e-01    13.0580      8.405     12.190    11.9713   999.5634 0.0000e+00
      8.571 4.0539e-24     2.1083     27.976     52.650  38.931327    -0.1461     15.337   199.9397 1.2364e-01    13.0957      8.406     12.191    11.9717   999.5634 0.0000e+00
      8.571 4.4593e-23     2.1110     28.007     52.660  38.936994    -0.1608     15.337   200.1052 1.2357e-01    13.1519      8.406     12.191    11.9717   999.5634 0.0000e+00
      8.571 4.9052e-22     2.1101     28.007     52.622  38.907096    -0.1698     15.338   200.2182 1.2350e-01    13.1889      8.405     12.191    11.9709   999.5634 0.0000e+00
      8.571 5.3957e-21     2.1073     28.009     52.599  38.887176    -0.1687     15.338   200.4458 1.2351e-01    13.2338      8.405     12.191    11.9702   999.5635 0.0000e+00
      8.571 5.9353e-20     2.1105     28.028     52.601  38.886552    -0.1563     15.339   200.7062 1.2360e-01    13.3175      8.406     12.192    11.9690   999.5637 0.0000e+00
      8.571 6.5288e-19     2.1153     28.048     52.621  38.899549    -0.1726     15.339   200.8722 1.2364e-01    13.3078      8.406     12.191    11.9677   999.5639 0.0000e+00
      8.571 7.1817e-18     2.1127     28.071     52.647  38.917379    -0.2236     15.338   200.9902 1.2360e-01    13.2189      8.406     12.191    11.9660   999.5640 0.0000e+00
      8.571 7.8999e-17     2.1129     28.080     52.641  38.911723    -0.2485     15.338   201.1001 1.2358e-01    13.2044      8.406     12.191    11.9632   999.5642 0.0000e+00
      8.571 8.6899e-16     2.1156     28.057     52.618  38.894628    -0.2345     15.339   201.2539 1.2362e-01    13.2356      8.406     12.191    11.9606   999.5647 0.0000e+00
      8.571 9.5589e-15     2.1165     28.041     52.626  38.901089    -0.1984     15.339   201.5590 1.2363e-01    13.2529      8.405     12.191    11.9586   999.5649 0.0000e+00
      8.571 1.0515e-13     2.1188     28.056     52.658  38.926371    -0.1642     15.339   201.8637 1.2363e-01    13.2421      8.405     12.190    11.9574   999.5650 0.0000e+00
      8.571 1.1566e-12     2.1209     28.068     52.684  38.946441    -0.1632     15.338   201.9272 1.2362e-01    13.2072      8.405     12.191    11.9568   999.5651 0.0000e+00
      8.571 1.2723e-11     2.1174     28.066     52.693  38.953350    -0.1772     15.338   201.8970 1.2360e-01    13.2091      8.405     12.191    11.9568   999.5651 0.0000e+00
      8.571 1.3995e-10     2.1146     28.083     52.683  38.946435    -0.1436     15.338   202.0147 1.2362e-01    13.3331      8.406     12.191    11.9575   999.5650 0.0000e+00
      8.571 1.5395e-09     2.1181     28.125     52.656  38.926302    -0.0614     15.338   202.2316 1.2365e-01    13.5398      8.406     12.191    11.9585   999.5649 0.0000e+00
      8.572 1.6934e-08     2.1191     28.162     52.622  38.900334    -0.0234     15.339   202.3688 1.2365e-01    13.6136      8.406     12.192    11.9595   999.5648 0.0000e+00
      8.572 1.8627e-07     2.1172     28.184     52.605  38.886330    -0.0455     15.339   202.3826 1.2366e-01    13.5388      8.406     12.192    11.9602   999.5647 0.0000e+00
      8.572 1.8627e-07     2.1184     28.195     52.602  38.883923    -0.0615     15.338   202.3986 1.2366e-01    13.4940      8.406     12.192    11.9604   999.5647 0.0000e+00
      8.572 1.6934e-08     2.1229     28.198     52.586  38.871219    -0.0939     15.338   202.4765 1.2364e-01    13.5183      8.406     12.191    11.9600   999.5647 0.0000e+00
      8.572 1.5395e-09     2.1260     28.212     52.572  38.859673    -0.1700     15.338   202.5490 1.2363e-01    13.5582      8.406     12.192    11.9592   999.5648 0.0000e+00
      8.572 1.3995e-10     2.1269     28.220     52.589  38.871265    -0.2281     15.339   202.5871 1.2363e-01    13.5633      8.406     12.192    11.9578   999.5650 0.0000e+00
      8.572 1.2723e-11     2.1287     28.185     52.608  38.884436    -0.2430     15.339   202.5927 1.2364e-01    13.5121      8.406     12.192    11.9570   999.5650 0.0000e+00
      8.572 1.1566e-12     2.1275     28.139     52.619  38.891979    -0.2270     15.338   202.6180 1.2366e-01    13.3853      8.407     12.193    11.9565   999.5651 0.0000e+00
      8.572 1.0515e-13     2.1290     28.121     52.628  38.898997    -0.1962     15.338   202.6348 1.2365e-01    13.2998      8.406     12.192    11.9554   999.5652 0.0000e+00
      8.572 9.5590e-15     2.1323     28.123     52.634  38.905827    -0.1760     15.338   202.5364 1.2364e-01    13.3371      8.406     12.192    11.9542   999.5654 0.0000e+00
      8.572 8.6900e-16     2.1276     28.126     52.636  38.911082    -0.1726     15.338   202.4610 1.2363e-01    13.3219      8.406     12.192    11.9540   999.5654 0.0000e+00
      8.572 7.9000e-17     2.1227     28.116     52.615  38.899073    -0.1750     15.338   202.5844 1.2361e-01    13.2529      8.406     12.193    11.9536   999.5654 0.0000e+00
      8.572 7.1820e-18     2.1223     28.111     52.597  38.887577    -0.1765     15.338   202.7383 1.2358e-01    13.2582      8.406     12.192    11.9533   999.5655 0.0000e+00
      8.572 6.5290e-19     2.1225     28.127     52.611  38.899017    -0.1805     15.338   202.7724 1.2356e-01    13.3177      8.406     12.192    11.9556   999.5652 0.0000e+00
      8.572 5.9355e-20     2.1233     28.134     52.627  38.910457    -0.1666     15.338   202.7389 1.2359e-01    13.4230      8.406     12.192    11.9597   999.5647 0.0000e+00
      8.572 5.3960e-21     2.1219     28.119     52.612  38.898960    -0.0848     15.338   202.6773 1.2364e-01    14.1876      8.406     12.192    11.9630   999.5644 0.0000e+00
      8.572 4.9052e-22     2.1198     28.122     52.598  38.886943     0.0462     15.338   202.6290 1.2368e-01    15.6268      8.406     12.193    11.9652   999.5641 0.0000e+00
      8.572 4.4593e-23     2.1227     28.135     52.608  38.892103     0.1202     15.338   202.6718 1.2365e-01    16.4397      8.406     12.192    11.9661   999.5640 0.0000e+00
      8.572 4.0539e-24     2.1243     28.130     52.619  38.897873     0.1333     15.338   202.8504 1.2360e-01    16.4629      8.407     12.193    11.9658   999.5641 0.0000e+00
      8.572 3.6854e-25     2.1207     28.122     52.614  38.893239     0.0712     15.338   202.9821 1.2358e-01    15.7358      8.406     12.192    11.9650   999.5641 0.0000e+00
      8.572 3.3506e-26     2.1216     28.120     52.624  38.899537    -0.0784     15.339   202.8874 1.2359e-01    14.3424      8.407     12.193    11.9635   999.5643 0.0000e+00
      8.572 3.0709e-27     2.1244     28.117     52.640  38.910547    -0.1691     15.339   202.7380 1.2360e-01    13.5554      8.406     12.192    11.9615   999.5645 0.0000e+00
