Data/DataNotYetUploadedToEDI/Raw_CTD/RawDownloads/090219_fcr10.cnv
* Sea-Bird SBE19plus  Data File:
* FileName = C:\DATA\SBE19plus_01907809_2019_09_02_0001.hex
* Software version 2.8.0.119 SB_Terminal.dll
* Temperature SN = 7809
* Conductivity SN = 7809
* System UpLoad Time = Sep 02 2019 11:49:20
* <ApplicationData>
* <Seaterm232>
# nquan = 15
# nvalues = 393                         
# units = specified
# name 0 = depFM: Depth [fresh water, m]
# name 1 = dz/dtM: Descent Rate [m/s]
# name 2 = sbeox0ML/L: Oxygen, SBE 43 [ml/l]
# name 3 = sbeox0PS: Oxygen, SBE 43 [% saturation]
# name 4 = specc: Specific Conductance [uS/cm]
# name 5 = c0uS/cm: Conductivity [uS/cm]
# name 6 = flECO-AFL: Fluorescence, WET Labs ECO-AFL/FL [mg/m^3]
# name 7 = ph: pH
# name 8 = orp: Oxidation Reduction Potential [mV]
# name 9 = par/sat/log: PAR/Logarithmic, Satlantic
# name 10 = turbWETntu0: Turbidity, WET Labs ECO [NTU]
# name 11 = prdM: Pressure, Strain Gauge [db]
# name 12 = prdE: Pressure, Strain Gauge [psi]
# name 13 = tv290C: Temperature [ITS-90, deg C]
# name 14 = flag:  0.000e+00
# span 0 =     -0.556,      2.936       
# span 1 =     -0.174,      0.268       
# span 2 =    -0.0027,     6.2174       
# span 3 =      0.045,    106.330       
# span 4 =      0.556,    271.058       
# span 5 =   0.562008, 249.217976       
# span 6 =    -0.1182,     2.8046       
# span 7 =      5.943,      7.930       
# span 8 = -1240.7455,   447.0469       
# span 9 = 1.1892e+01, 1.8085e+03       
# span 10 =    -5.9636,    40.0712      
# span 11 =     -0.546,      2.879      
# span 12 =     -0.791,      4.176      
# span 13 =    20.9572,    25.6268      
# span 14 = 0.0000e+00, 0.0000e+00      
# interval = seconds: 0.25
# start_time = Sep 02 2019 11:05:27 [Instrument's time stamp, header]
# bad_flag = -9.990e-29
*END*
[from data line 193]
      0.485     -0.002     5.6690     95.822     37.860  37.318790     1.5612      6.636   200.3136 4.7581e+02     7.1884      0.477      0.690    24.2907 0.0000e+00
      0.487     -0.004     5.6494     95.897     37.848  37.329202     1.5679      6.627   200.4051 4.8201e+02     7.1626      0.479      0.695    24.2967 0.0000e+00
      0.486     -0.004     5.6338     96.072     37.778  37.267432     1.5538      6.616   200.5897 5.3522e+02     7.2767      0.479      0.694    24.2599 0.0000e+00
      0.481     -0.003     5.6203     96.232     37.731  37.206690     1.5029      6.591   200.6525 5.2778e+02     7.5189      0.473      0.685    24.2452 0.0000e+00
      0.476     -0.002     5.6106     96.307     37.773  37.229486     1.4642      6.566   200.5615 5.0364e+02     7.6668      0.463      0.673    24.2755 0.0000e+00
      0.476     -0.001     5.6122     96.321     37.837  37.289127     1.4584      6.554   200.6081 4.8756e+02     7.6876      0.465      0.675    24.3177 0.0000e+00
      0.481      0.001     5.6238     96.319     37.827  37.293064     1.4593      6.546   200.8722 4.9989e+02     7.6722      0.475      0.688    24.3326 0.0000e+00
      0.484      0.001     5.6381     96.302     37.799  37.277113     1.4578      6.536   200.7429 5.3139e+02     7.6123      0.477      0.691    24.3030 0.0000e+00
      0.483     -0.007     5.6456     96.255     37.869  37.350173     1.4569      6.541   199.9918 5.3269e+02     7.5207      0.473      0.687    24.2643 0.0000e+00
      0.483     -0.027     5.6454     96.206     37.984  37.478208     1.4582      6.564   199.1908 5.1996e+02     7.4822      0.471      0.684    24.2591 0.0000e+00
      0.484     -0.059     5.6424     96.186     38.025  37.555706     1.4566      6.587   198.8865 5.3154e+02     7.4744      0.476      0.691    24.2907 0.0000e+00
      0.477     -0.097     5.6400     96.204     38.013  37.589031     1.4116      6.607   202.2500 5.7956e+02     7.3606      0.475      0.690    24.3107 0.0000e+00
      0.449     -0.134     5.6375     96.273     38.012  37.627301     1.3294      6.620   205.7867 6.5115e+02     7.1543      0.448      0.650    24.3002 0.0000e+00
      0.401     -0.159     5.6318     96.391     37.991  37.637626     1.2781      6.625   202.5871 6.9384e+02     7.0126      0.398      0.577    24.3159 0.0000e+00
      0.339     -0.164     5.6255     96.578     37.914  37.586971     1.2586      6.622   198.8398 6.5408e+02     6.9911      0.335      0.486    24.3727 0.0000e+00
      0.271     -0.148     5.6181     96.839     37.836  37.522676     1.2418      6.618   199.7974 6.6720e+02     7.0586      0.261      0.379    24.4413 0.0000e+00
      0.220     -0.115     5.6176     97.122     37.809  37.495008     1.2308      6.611   201.5175 8.1725e+02     7.1727      0.202      0.292    24.4933 0.0000e+00
      0.202     -0.079     5.6200     97.407     37.827  37.506343     1.2294      6.602   201.5694 9.7471e+02     7.2233      0.190      0.274    24.5295 0.0000e+00
      0.208     -0.055     5.6256     97.686     37.857  37.532764     1.2252      6.599   200.7695 9.8701e+02     7.1792      0.204      0.295    24.5698 0.0000e+00
      0.222     -0.050     5.6415     97.916     37.884  37.560554     1.1977      6.603   199.0728 1.0302e+03     6.9667      0.219      0.317    24.5897 0.0000e+00
      0.227     -0.066     5.6586     98.079     37.910  37.588458     1.1651      6.607   197.4878 1.1684e+03     6.6536      0.230      0.333    24.5792 0.0000e+00
      0.210     -0.096     5.6763     98.193     37.936  37.616249     1.1608      6.607   197.0074 1.1218e+03     6.5393      0.219      0.317    24.5693 0.0000e+00
      0.167     -0.131     5.6943     98.273     37.954  37.642678     1.1715      6.606   196.7061 1.1807e+03     6.5688      0.167      0.244    24.5648 0.0000e+00
      0.112     -0.159     5.7080     98.351     37.948  37.654123     1.1559      6.602   196.5121 1.4358e+03     6.6498      0.105      0.154    24.5661 0.0000e+00
      0.060     -0.174     5.7161     98.446     37.898  37.627712     1.1104      6.597   197.4147 1.5078e+03     6.8302      0.059      0.086    24.5713 0.0000e+00
      0.014     -0.174     5.7230     98.534     37.832  37.577275     1.0813      6.592   208.3939 1.4795e+03     6.9476      0.012      0.018    24.5700 0.0000e+00
     -0.030     -0.166     5.7262     98.602     37.801  37.552125     1.0809      6.585   228.5941 1.4386e+03     6.9548     -0.032     -0.046    24.5772 0.0000e+00
     -0.070     -0.156     5.7264     98.637     37.824  37.577534     1.0793      6.578   239.7206 1.3909e+03     6.9496     -0.070     -0.101    24.6057 0.0000e+00
     -0.105     -0.146     5.7300     98.650     37.867  37.630590     1.0277      6.576   240.8799 1.4187e+03     6.8518     -0.105     -0.152    24.6417 0.0000e+00
     -0.139     -0.134     5.7322     98.709     37.902  37.685839     0.9425      6.574   240.8899 1.4455e+03     6.6568     -0.134     -0.195    24.6626 0.0000e+00
     -0.175     -0.117     5.7365     98.816     37.922  37.737766     0.9072      6.571   240.3583 1.4584e+03     6.5590     -0.169     -0.246    24.6655 0.0000e+00
     -0.212     -0.099     5.7391     98.915     37.896  37.750673     0.9141      6.566   239.8730 1.4799e+03     6.5865     -0.213     -0.308    24.6647 0.0000e+00
     -0.240     -0.080     5.7359     98.981     37.822  37.715016     0.9303      6.561   239.3243 1.4851e+03     6.8912     -0.243     -0.352    24.6748 0.0000e+00
     -0.252     -0.060     5.7365     98.990     37.771  37.687543     0.9469      6.551   238.7147 1.4789e+03     7.4575     -0.251     -0.364    24.7036 0.0000e+00
     -0.256     -0.040     5.7405     98.899     37.750  37.672436     0.9499      6.538   238.3532 1.4641e+03     7.7971     -0.250     -0.363    24.7453 0.0000e+00
     -0.261     -0.020     5.7401     98.749     37.746  37.659320     0.9581      6.527   237.8784 1.4632e+03     7.8513     -0.255     -0.370    24.8031 0.0000e+00
     -0.267     -0.005     5.7376     98.544     37.750  37.655896     0.9596      6.518   237.1029 1.4620e+03     7.6534     -0.263     -0.382    24.8595 0.0000e+00
     -0.270      0.010     5.7378     98.253     37.725  37.631027     0.9324      6.510   235.5154 1.4510e+03     7.2404     -0.267     -0.388    24.8918 0.0000e+00
     -0.268      0.028     5.7287     97.952     37.713  37.612536     0.9067      6.503   232.9669 1.4525e+03     6.9864     -0.265     -0.384    24.9015 0.0000e+00
     -0.260      0.051     5.7222     97.717     37.805  37.686207     0.9009      6.501   230.2094 1.4585e+03     6.9751     -0.257     -0.372    24.8769 0.0000e+00
     -0.245      0.073     5.7148     97.512     37.942  37.823515     0.9144      6.504   226.1787 1.4605e+03     7.1367     -0.243     -0.353    24.8629 0.0000e+00
     -0.222      0.091     5.6934     97.303     37.949  37.876243     0.9393      6.508   217.5290 1.4631e+03     7.3338     -0.222     -0.322    24.8737 0.0000e+00
     -0.190      0.104     5.6743     97.161     37.832  37.815998     0.9504      6.510   207.0203 1.4614e+03     7.3924     -0.188     -0.272    24.8704 0.0000e+00
     -0.154      0.116     5.6664     97.120     37.728  37.729951     0.9615      6.512   201.5917 1.4479e+03     7.4184     -0.148     -0.215    24.8303 0.0000e+00
     -0.123      0.127     5.6588     97.067     37.679  37.661067     1.0222      6.518   200.1605 1.4489e+03     7.5826     -0.117     -0.171    24.8054 0.0000e+00
     -0.098      0.139     5.6350     96.873     37.665  37.617843     1.1122      6.527   199.1803 1.4675e+03     7.8049     -0.098     -0.142    24.8919 0.0000e+00
     -0.068      0.153     5.6140     96.593     37.656  37.588139     1.1564      6.534   198.4298 1.4580e+03     7.8774     -0.072     -0.103    24.9997 0.0000e+00
     -0.028      0.168     5.6131     96.375     37.651  37.555797     1.1584      6.538   197.8828 1.4245e+03     7.8698     -0.029     -0.042    25.0165 0.0000e+00
      0.020      0.182     5.6189     96.243     37.635  37.480652     1.1538      6.541   197.6437 1.3346e+03     7.8768      0.019      0.026    24.9717 0.0000e+00
      0.074      0.192     5.6110     96.123     37.622  37.377711     1.1696      6.543   197.6038 1.0174e+03     7.7663      0.071      0.103    24.9223 0.0000e+00
      0.132      0.195     5.5919     95.987     37.662  37.326602     1.2106      6.544   197.6580 5.8952e+02     7.5818      0.131      0.190    24.9038 0.0000e+00
      0.187      0.192     5.5810     95.894     37.708  37.306879     1.2248      6.544   197.9552 4.1028e+02     7.4817      0.187      0.272    24.8863 0.0000e+00
      0.233      0.185     5.5846     95.929     37.706  37.266091     1.2113      6.543   198.4436 4.1599e+02     7.4403      0.230      0.334    24.8050 0.0000e+00
      0.274      0.175     5.5917     96.057     37.679  37.214228     1.2295      6.540   198.9170 4.3499e+02     7.5075      0.269      0.390    24.6701 0.0000e+00
      0.315      0.160     5.5969     96.193     37.674  37.187570     1.2807      6.535   199.2046 4.5122e+02     7.6710      0.307      0.445    24.5352 0.0000e+00
      0.358      0.142     5.5974     96.334     37.702  37.197636     1.3093      6.532   199.3403 4.2257e+02     7.7130      0.350      0.507    24.4461 0.0000e+00
      0.400      0.124     5.6047     96.459     37.727  37.208959     1.3153      6.532   199.5255 3.8690e+02     7.6551      0.396      0.575    24.4073 0.0000e+00
      0.433      0.106     5.6192     96.569     37.726  37.197514     1.3273      6.533   199.8091 4.2346e+02     7.5935      0.431      0.625    24.3756 0.0000e+00
      0.453      0.087     5.6277     96.675     37.721  37.186181     1.3421      6.534   200.1013 4.9304e+02     7.5245      0.447      0.648    24.3454 0.0000e+00
      0.464      0.067     5.6405     96.682     37.736  37.198877     1.3465      6.537   200.3063 5.3991e+02     7.4773      0.452      0.656    24.3230 0.0000e+00
      0.477      0.051     5.6493     96.512     37.761  37.224069     1.3460      6.540   200.4810 5.7156e+02     7.4479      0.466      0.676    24.3062 0.0000e+00
      0.492      0.042     5.6556     96.231     37.772  37.236869     1.3620      6.542   200.7509 6.2559e+02     7.3339      0.486      0.705    24.2924 0.0000e+00
      0.502      0.042     5.6661     95.992     37.759  37.226701     1.3838      6.538   201.0736 6.9279e+02     7.1145      0.496      0.720    24.2826 0.0000e+00
      0.504      0.050     5.6690     95.886     37.759  37.228082     1.3938      6.531   201.3711 6.8866e+02     6.9910      0.495      0.718    24.2798 0.0000e+00
      0.507      0.062     5.6572     95.887     37.780  37.253577     1.3955      6.522   201.5950 6.2481e+02     6.9885      0.491      0.713    24.2817 0.0000e+00
      0.522      0.077     5.6360     95.908     37.800  37.281055     1.3867      6.512   201.8020 4.9647e+02     7.0835      0.506      0.735    24.2862 0.0000e+00
      0.550      0.091     5.6198     95.926     37.817  37.306434     1.3822      6.504   202.0669 3.8636e+02     7.2875      0.537      0.779    24.2892 0.0000e+00
      0.584      0.101     5.6141     95.978     37.809  37.306546     1.3932      6.497   202.3033 3.8256e+02     7.4235      0.573      0.833    24.2908 0.0000e+00
      0.618      0.099     5.6167     96.060     37.783  37.282425     1.3993      6.496   202.4236 3.9752e+02     7.4818      0.608      0.882    24.2951 0.0000e+00
      0.648      0.084     5.6169     96.084     37.775  37.268682     1.3948      6.502   202.4892 3.8742e+02     7.5012      0.637      0.924    24.3072 0.0000e+00
      0.672      0.063     5.6150     95.952     37.778  37.267319     1.3909      6.511   202.6655 3.7915e+02     7.3635      0.663      0.961    24.3198 0.0000e+00
      0.685      0.044     5.6168     95.680     37.778  37.265948     1.3862      6.518   203.0062 3.7720e+02     7.1271      0.679      0.983    24.3326 0.0000e+00
      0.684      0.033     5.6229     95.373     37.769  37.252099     1.3819      6.518   203.3402 3.8198e+02     7.0022      0.675      0.979    24.3377 0.0000e+00
      0.677      0.028     5.6292     95.087     37.760  37.226814     1.3908      6.513   203.6053 3.9704e+02     7.0012      0.660      0.957    24.3216 0.0000e+00
      0.677      0.027     5.6218     94.826     37.769  37.214103     1.4243      6.511   203.8886 4.1801e+02     7.1142      0.657      0.952    24.3126 0.0000e+00
      0.692      0.030     5.6019     94.611     37.799  37.225321     1.4753      6.512   204.0991 4.0820e+02     7.3212      0.676      0.982    24.3201 0.0000e+00
      0.712      0.035     5.5829     94.402     37.821  37.235479     1.5047      6.514   204.3432 3.6803e+02     7.4392      0.702      1.018    24.3173 0.0000e+00
      0.725      0.041     5.5702     94.117     37.802  37.209955     1.5109      6.514   204.6883 3.6736e+02     7.4591      0.715      1.035    24.2904 0.0000e+00
      0.730      0.047     5.5568     93.776     37.773  37.170604     1.5067      6.514   204.9158 3.9780e+02     7.4959      0.717      1.040    24.2560 0.0000e+00
      0.732      0.056     5.5474     93.446     37.763  37.140515     1.4800      6.513   205.1162 4.1022e+02     7.5569      0.716      1.039    24.2332 0.0000e+00
      0.740      0.068     5.5400     93.137     37.745  37.100023     1.4569      6.512   205.3906 3.9072e+02     7.6061      0.721      1.045    24.2175 0.0000e+00
      0.760      0.083     5.5224     92.804     37.728  37.061818     1.4612      6.512   205.6525 3.5165e+02     7.6321      0.742      1.075    24.2127 0.0000e+00
      0.791      0.096     5.5014     92.409     37.742  37.059396     1.4722      6.513   205.8735 3.2580e+02     7.6419      0.774      1.122    24.2031 0.0000e+00
      0.826      0.104     5.4854     91.957     37.764  37.070709     1.4678      6.514   206.0825 3.1905e+02     7.6592      0.812      1.177    24.1711 0.0000e+00
      0.859      0.107     5.4719     91.495     37.771  37.071645     1.4595      6.514   206.2878 3.0065e+02     7.6774      0.844      1.225    24.1378 0.0000e+00
      0.885      0.105     5.4560     91.054     37.776  37.070701     1.4591      6.512   206.4621 2.8027e+02     7.6651      0.870      1.262    24.1085 0.0000e+00
      0.907      0.101     5.4353     90.634     37.771  37.059291     1.4630      6.507   206.6415 2.7254e+02     7.6421      0.891      1.292    24.0861 0.0000e+00
      0.928      0.096     5.4082     90.265     37.780  37.060622     1.4635      6.502   206.9085 2.5654e+02     7.6605      0.909      1.319    24.0753 0.0000e+00
      0.952      0.090     5.3812     89.998     37.814  37.086776     1.4568      6.497   207.1950 2.3714e+02     7.6914      0.931      1.351    24.0688 0.0000e+00
      0.980      0.083     5.3563     89.848     37.857  37.121610     1.4504      6.494   207.3527 2.2826e+02     7.6555      0.962      1.395    24.0618 0.0000e+00
      1.005      0.076     5.3320     89.788     37.975  37.227898     1.4641      6.494   207.5250 2.2462e+02     7.5215      0.989      1.435    24.0517 0.0000e+00
      1.023      0.070     5.3098     89.758     38.181  37.419767     1.5012      6.496   207.8145 2.1880e+02     7.3495      1.006      1.458    24.0419 0.0000e+00
      1.035      0.064     5.2945     89.622     38.316  37.537223     1.5174      6.496   208.1003 2.1177e+02     7.2467      1.016      1.472    24.0326 0.0000e+00
      1.045      0.059     5.2878     89.291     38.367  37.568961     1.5127      6.497   208.3997 2.0669e+02     7.1958      1.024      1.485    24.0222 0.0000e+00
      1.059      0.057     5.2855     88.723     38.498  37.676526     1.5141      6.497   208.6809 2.0224e+02     7.1929      1.037      1.505    24.0106 0.0000e+00
      1.075      0.059     5.2891     87.758     38.665  37.822140     1.5169      6.496   208.9199 1.9673e+02     7.3429      1.055      1.530    23.9984 0.0000e+00
