Data/DataNotYetUploadedToEDI/Raw_CTD/RawDownloads/090219_fcr30.cnv
* Sea-Bird SBE19plus  Data File:
* FileName = C:\DATA\SBE19plus_01907809_2019_09_02_0003.hex
* Software version 2.8.0.119 SB_Terminal.dll
* Temperature SN = 7809
* Conductivity SN = 7809
* System UpLoad Time = Sep 02 2019 11:49:47
* <ApplicationData>
* <Seaterm232>
# nquan = 15
# nvalues = 356                         
# units = specified
# name 0 = depFM: Depth [fresh water, m]
# name 1 = dz/dtM: Descent Rate [m/s]
# name 2 = sbeox0ML/L: Oxygen, SBE 43 [ml/l]
# name 3 = sbeox0PS: Oxygen, SBE 43 [% saturation]
# name 4 = specc: Specific Conductance [uS/cm]
# name 5 = c0uS/cm: Conductivity [uS/cm]
# name 6 = flECO-AFL: Fluorescence, WET Labs ECO-AFL/FL [mg/m^3]
# name 7 = ph: pH
# name 8 = orp: Oxidation Reduction Potential [mV]
# name 9 = par/sat/log: PAR/Logarithmic, Satlantic
# name 10 = turbWETntu0: Turbidity, WET Labs ECO [NTU]
# name 11 = prdM: Pressure, Strain Gauge [db]
# name 12 = prdE: Pressure, Strain Gauge [psi]
# name 13 = tv290C: Temperature [ITS-90, deg C]
# name 14 = flag:  0.000e+00
# span 0 =     -0.550,      5.095       
# span 1 =     -0.284,      0.263       
# span 2 =    -0.3332,     6.7989       
# span 3 =     -5.109,    113.638       
# span 4 =     27.866,     95.046       
# span 5 =  27.548904,  76.411082       
# span 6 =    -0.1831,     7.8763       
# span 7 =      6.256,      7.611       
# span 8 =   174.2644,   349.3088       
# span 9 = 1.7265e-01, 1.5128e+03       
# span 10 =    -5.3761,    56.9198      
# span 11 =     -0.539,      4.997      
# span 12 =     -0.783,      7.248      
# span 13 =    12.4207,    25.0753      
# span 14 = 0.0000e+00, 0.0000e+00      
# interval = seconds: 0.25
# start_time = Sep 02 2019 11:24:38 [Instrument's time stamp, header]
# bad_flag = -9.990e-29
*END*
[from data line 193]
      0.353     -0.091     5.9880    102.045     37.413  37.031525     1.3540      6.897   226.2686 4.4391e+02     7.2076      0.360      0.521    24.4395 0.0000e+00
      0.313     -0.139     5.9842    102.070     37.392  37.021401     1.3415      6.898   227.0728 8.7751e+02     7.2188      0.312      0.452    24.4396 0.0000e+00
      0.257     -0.185     5.9729    102.191     37.422  37.060924     1.2789      6.898   231.5593 1.1682e+03     7.1928      0.250      0.363    24.4490 0.0000e+00
      0.199     -0.222     5.9593    102.395     37.478  37.128563     1.1599      6.898   224.6749 1.0276e+03     7.1546      0.195      0.283    24.4676 0.0000e+00
      0.139     -0.249     5.9545    102.647     37.534  37.204498     1.0913      6.901   225.3125 8.1440e+02     7.1511      0.139      0.202    24.4852 0.0000e+00
      0.074     -0.269     5.9537    102.920     37.639  37.344345     1.0904      6.905   238.7528 6.8738e+02     7.2808      0.076      0.110    24.5001 0.0000e+00
      0.003     -0.281     5.9600    103.200     37.718  37.486525     1.0709      6.903   243.9243 5.4049e+02     8.4286      0.004      0.005    24.5101 0.0000e+00
     -0.072     -0.284     5.9713    103.459     37.675  37.527251     0.8381      6.898   241.8105 4.1951e+02    20.8646     -0.067     -0.096    24.5245 0.0000e+00
     -0.154     -0.269     5.9832    103.552     37.593  37.519515     0.4261      6.892   242.1044 3.5675e+02    43.6948     -0.149     -0.216    24.5499 0.0000e+00
     -0.238     -0.232     5.9961    103.347     37.547  37.520043     0.2162      6.885   244.5529 3.2169e+02    56.1418     -0.240     -0.347    24.5862 0.0000e+00
     -0.308     -0.177     6.0015    102.842     37.538  37.533708     0.2077      6.877   247.0656 2.9695e+02    56.9198     -0.310     -0.450    24.6747 0.0000e+00
     -0.354     -0.108     6.0062    102.027     37.551  37.557820     0.1410      6.873   248.5658 2.9926e+02    53.1342     -0.358     -0.519    24.8048 0.0000e+00
     -0.369     -0.036     6.0039    100.937     37.537  37.557686     0.0088      6.873   249.0121 3.2997e+02    46.0597     -0.372     -0.540    24.9110 0.0000e+00
     -0.355      0.032     5.9834     99.848     37.495  37.532109    -0.0560      6.875   247.3848 3.2845e+02    42.1377     -0.356     -0.515    24.9692 0.0000e+00
     -0.323      0.089     5.9524     99.073     37.458  37.502499    -0.0270      6.875   238.6128 2.8735e+02    40.9771     -0.319     -0.462    24.9928 0.0000e+00
     -0.286      0.134     5.9058     98.704     37.418  37.453580     0.2462      6.879   224.8603 2.7884e+02    32.4203     -0.279     -0.404    25.0022 0.0000e+00
     -0.249      0.165     5.8338     98.677     37.374  37.384940     0.7329      6.885   216.9596 2.8397e+02    16.8722     -0.245     -0.355    25.0183 0.0000e+00
     -0.207      0.186     5.7592     98.816     37.331  37.307286     0.9941      6.889   215.1009 2.5612e+02     8.4255     -0.208     -0.303    25.0471 0.0000e+00
     -0.155      0.204     5.7128     98.942     37.281  37.212839     1.0294      6.893   214.0892 2.3168e+02     7.7000     -0.154     -0.223    25.0630 0.0000e+00
     -0.096      0.219     5.6935     99.016     37.254  37.131566     1.0638      6.898   213.2446 2.3449e+02     7.6733     -0.093     -0.134    25.0495 0.0000e+00
     -0.038      0.233     5.7000     99.078     37.268  37.086225     1.0890      6.902   212.5461 2.5179e+02     7.6775     -0.038     -0.056    25.0122 0.0000e+00
      0.024      0.240     5.7179     99.144     37.283  37.045371     1.1005      6.906   212.0977 3.6179e+02     7.6190      0.022      0.032    24.9653 0.0000e+00
      0.089      0.240     5.7310     99.233     37.304  37.018360     1.1075      6.908   212.0392 5.8434e+02     7.5560      0.087      0.126    24.9102 0.0000e+00
      0.154      0.237     5.7420     99.401     37.338  37.013461     1.1385      6.909   212.3540 7.2792e+02     7.5710      0.152      0.221    24.8324 0.0000e+00
      0.217      0.232     5.7546     99.652     37.339  36.986073     1.1989      6.911   212.8067 8.3004e+02     7.6041      0.216      0.313    24.7476 0.0000e+00
      0.274      0.225     5.7669     99.943     37.314  36.941064     1.2209      6.913   213.1257 8.9495e+02     7.5963      0.271      0.392    24.6711 0.0000e+00
      0.326      0.215     5.7768    100.252     37.305  36.913550     1.2149      6.914   213.2849 7.0395e+02     7.5745      0.319      0.462    24.6048 0.0000e+00
      0.379      0.204     5.7923    100.560     37.316  36.907267     1.2648      6.914   213.4409 4.1286e+02     7.5380      0.371      0.537    24.5539 0.0000e+00
      0.433      0.194     5.8122    100.768     37.351  36.928548     1.3562      6.913   213.7211 2.3054e+02     7.4819      0.427      0.619    24.5184 0.0000e+00
      0.483      0.184     5.8323    100.762     37.415  36.980413     1.4007      6.912   214.1774 1.5049e+02     7.4210      0.477      0.692    24.4932 0.0000e+00
      0.528      0.174     5.8523    100.552     37.470  37.026557     1.4041      6.908   214.8287 1.2642e+02     7.3589      0.518      0.751    24.4694 0.0000e+00
      0.570      0.165     5.8754    100.220     37.495  37.042142     1.4142      6.902   215.5733 1.1302e+02     7.3535      0.559      0.811    24.4457 0.0000e+00
      0.609      0.158     5.8932     99.781     37.503  37.041897     1.4279      6.897   216.0386 1.0598e+02     7.4539      0.599      0.868    24.4267 0.0000e+00
      0.645      0.153     5.8935     99.221     37.493  37.023587     1.4486      6.894   216.0669 1.0218e+02     7.5898      0.632      0.916    24.4134 0.0000e+00
      0.683      0.149     5.8796     98.533     37.425  36.947691     1.4646      6.892   216.2599 9.9298e+01     7.6532      0.667      0.967    24.4019 0.0000e+00
      0.723      0.145     5.8619     97.704     37.310  36.822432     1.4666      6.891   216.9091 9.6068e+01     7.6298      0.711      1.031    24.3903 0.0000e+00
      0.763      0.141     5.8381     96.781     37.225  36.715060     1.4976      6.893   217.4627 9.3683e+01     7.6023      0.751      1.089    24.3795 0.0000e+00
      0.798      0.138     5.8056     95.825     37.211  36.665001     1.5625      6.898   217.6192 9.2922e+01     7.6151      0.784      1.137    24.3686 0.0000e+00
      0.829      0.137     5.7682     94.915     37.251  36.661422     1.6009      6.904   217.4255 9.2718e+01     7.6201      0.814      1.181    24.3582 0.0000e+00
      0.860      0.140     5.7192     94.372     37.242  36.608250     1.5972      6.911   217.0129 9.2523e+01     7.6303      0.843      1.223    24.3467 0.0000e+00
      0.893      0.146     5.6665     94.708     37.148  36.466338     1.5693      6.920   216.5880 9.2316e+01     7.7068      0.876      1.270    24.3176 0.0000e+00
      0.929      0.155     5.6167     96.224     37.089  36.341889     1.5418      6.930   215.9020 9.0753e+01     7.8239      0.908      1.318    24.2648 0.0000e+00
      0.971      0.164     5.5630     98.766     37.077  36.245944     1.5340      6.943   214.7414 8.7427e+01     7.8984      0.950      1.378    24.2030 0.0000e+00
      1.019      0.171     5.5238    101.911     37.052  36.131281     1.5437      6.955   213.4825 8.3560e+01     7.9201      0.999      1.450    24.1465 0.0000e+00
      1.067      0.173     5.5420    105.242     37.037  36.034386     1.6336      6.965   212.5539 7.9567e+01     7.9548      1.046      1.519    24.0861 0.0000e+00
      1.114      0.170     5.6454    108.391     37.034  35.962860     1.7886      6.971   212.0314 7.5404e+01     8.0237      1.093      1.584    23.9966 0.0000e+00
      1.159      0.162     5.8188    111.029     37.029  35.901069     1.8736      6.976   211.4674 7.1789e+01     8.0968      1.138      1.651    23.8752 0.0000e+00
      1.199      0.150     6.0269    112.858     37.034  35.858427     1.8908      6.981   210.9831 6.8669e+01     8.1173      1.177      1.707    23.7474 0.0000e+00
      1.235      0.136     6.2449    113.638     37.044  35.828035     1.9264      6.983   211.2515 6.5751e+01     8.0752      1.212      1.757    23.6342 0.0000e+00
      1.269      0.125     6.4499    113.369     37.037  35.787434     1.9834      6.982   211.9591 6.3627e+01     8.0470      1.248      1.810    23.5410 0.0000e+00
      1.298      0.118     6.6212    112.329     37.026  35.748294     2.0168      6.980   212.5702 6.1964e+01     8.0712      1.275      1.849    23.4683 0.0000e+00
      1.322      0.115     6.7444    110.775     37.038  35.735573     2.0273      6.976   213.1340 6.0334e+01     8.1053      1.296      1.880    23.4058 0.0000e+00
      1.347      0.114     6.7989    108.868     37.088  35.760525     2.0318      6.972   213.5269 5.8896e+01     8.0994      1.320      1.914    23.3502 0.0000e+00
      1.375      0.116     6.7800    106.800     37.147  35.796073     2.0538      6.967   213.7931 5.7421e+01     7.9666      1.346      1.954    23.3047 0.0000e+00
      1.408      0.121     6.7170    104.744     37.156  35.784526     2.1024      6.962   214.4610 5.5886e+01     7.7459      1.380      2.002    23.2676 0.0000e+00
      1.442      0.126     6.6269    102.733     37.139  35.747821     2.1337      6.958   215.5788 5.4449e+01     7.6267      1.416      2.053    23.2350 0.0000e+00
      1.475      0.131     6.5116    100.678     37.149  35.733062     2.1464      6.953   216.6388 5.2930e+01     7.6382      1.447      2.099    23.2042 0.0000e+00
      1.508      0.134     6.3875     98.471     37.177  35.732985     2.1952      6.948   217.6421 5.1259e+01     7.8194      1.477      2.143    23.1744 0.0000e+00
      1.542      0.139     6.2669     96.061     37.222  35.746852     2.2726      6.942   218.9327 4.9547e+01     8.1471      1.511      2.192    23.1472 0.0000e+00
      1.578      0.150     6.1523     93.583     37.280  35.773745     2.3111      6.935   220.2841 4.7772e+01     8.3236      1.547      2.244    23.1228 0.0000e+00
      1.613      0.166     6.0350     91.243     37.340  35.804223     2.3567      6.927   221.4193 4.6035e+01     8.2820      1.582      2.295    23.0921 0.0000e+00
      1.651      0.185     5.9090     89.007     37.430  35.861435     2.8067      6.920   222.4205 4.4183e+01     7.8409      1.616      2.344    23.0533 0.0000e+00
      1.698      0.203     5.7667     86.776     37.562  35.957689     3.6086      6.915   223.3552 4.1638e+01     7.0207      1.658      2.406    23.0134 0.0000e+00
      1.759      0.218     5.6134     84.534     37.656  36.015926     4.0322      6.909   224.1171 3.8461e+01     6.5249      1.722      2.497    22.9745 0.0000e+00
      1.827      0.229     5.4802     82.132     37.666  35.994295     4.0873      6.904   224.6631 3.5374e+01     6.4019      1.793      2.601    22.9379 0.0000e+00
      1.891      0.232     5.3533     79.382     37.721  36.013450     4.3528      6.899   225.1382 3.2779e+01     5.7959      1.857      2.694    22.9011 0.0000e+00
      1.949      0.227     5.2203     76.224     37.873  36.120541     4.8244      6.896   225.7321 3.0495e+01     4.6709      1.912      2.774    22.8594 0.0000e+00
      2.006      0.216     5.0940     72.672     38.075  36.273530     5.0719      6.893   226.5095 2.8296e+01     4.0402      1.966      2.852    22.8170 0.0000e+00
      2.062      0.204     4.9591     68.894     38.321  36.466795     5.0829      6.888   227.1385 2.6389e+01     3.9707      2.024      2.937    22.7773 0.0000e+00
      2.113      0.194     4.7957     65.022     38.587  36.680027     5.0614      6.882   227.5730 2.4970e+01     3.8965      2.076      3.010    22.7336 0.0000e+00
      2.156      0.185     4.6125     61.019     38.910  36.947457     5.0280      6.877   228.1480 2.3806e+01     3.7980      2.114      3.067    22.6824 0.0000e+00
      2.199      0.178     4.3969     56.899     39.312  37.288223     5.0178      6.873   228.9288 2.2683e+01     3.7957      2.154      3.124    22.6289 0.0000e+00
      2.244      0.172     4.1679     52.635     39.718  37.626428     5.0254      6.869   229.6144 2.1654e+01     3.8360      2.201      3.192    22.5750 0.0000e+00
      2.290      0.166     3.9424     48.063     40.094  37.926314     4.9728      6.865   229.8992 2.0791e+01     3.7935      2.248      3.261    22.5241 0.0000e+00
      2.333      0.158     3.7007     43.013     40.431  38.184554     4.4246      6.861   230.0489 2.0038e+01     3.5768      2.289      3.319    22.4734 0.0000e+00
      2.374      0.148     3.4543     37.248     40.655  38.336564     3.4512      6.856   230.3056 1.9351e+01     3.2804      2.328      3.376    22.4233 0.0000e+00
      2.412      0.139     3.2044     30.645     40.945  38.558098     2.9308      6.851   230.5938 1.8792e+01     3.1264      2.368      3.435    22.3689 0.0000e+00
      2.445      0.134     2.9331     23.551     41.628  39.149087     2.8581      6.843   231.0393 1.8407e+01     3.0592      2.401      3.483    22.2936 0.0000e+00
      2.470      0.134     2.6342     16.444     42.835  40.213228     2.5556      6.833   231.5616 1.8111e+01     2.8933      2.423      3.515    22.2148 0.0000e+00
      2.496      0.137     2.2956      9.788     44.335  41.521058     2.0213      6.825   231.9191 1.7691e+01     2.6612      2.443      3.543    22.1401 0.0000e+00
      2.532      0.142     1.8810      4.064     45.534  42.518504     1.7383      6.818   232.1781 1.7066e+01     2.5463      2.479      3.595    22.0762 0.0000e+00
      2.577      0.147     1.4401     -0.343     46.198  43.003721     1.7270      6.811   232.2831 1.6408e+01     2.5200      2.528      3.666    22.0271 0.0000e+00
      2.622      0.149     0.9984     -3.208     46.477  43.133650     1.8842      6.804   232.2427 1.5855e+01     2.4091      2.573      3.732    21.9508 0.0000e+00
      2.662      0.147     0.5791     -4.685     46.544  43.073398     2.1995      6.796   232.2925 1.5397e+01     2.2861      2.612      3.788    21.8340 0.0000e+00
      2.697      0.141     0.2232     -5.109     46.634  43.036964     2.3830      6.789   232.6269 1.4978e+01     2.2789      2.646      3.837    21.6878 0.0000e+00
      2.730      0.134    -0.0582     -4.815     46.732  43.010429     2.4297      6.782   233.7041 1.4558e+01     2.2893      2.677      3.882    21.5338 0.0000e+00
      2.763      0.129    -0.2281     -4.085     46.782  42.942884     2.8079      6.773   235.2502 1.4164e+01     2.3792      2.709      3.929    21.3965 0.0000e+00
      2.794      0.130    -0.3133     -3.130     46.882  42.918549     3.4971      6.763   236.2638 1.3822e+01     2.6117      2.741      3.975    21.2662 0.0000e+00
      2.823      0.135    -0.3332     -2.149     47.149  43.033514     3.8777      6.754   237.0981 1.3485e+01     2.7741      2.768      4.015    21.1362 0.0000e+00
      2.854      0.141    -0.3085     -1.245     47.761  43.443819     4.0117      6.746   238.3680 1.3083e+01     2.8680      2.796      4.054    21.0111 0.0000e+00
      2.892      0.148    -0.2612     -0.455     48.826  44.260154     5.0124      6.739   239.5728 1.2628e+01     3.5175      2.835      4.110    20.8922 0.0000e+00
      2.935      0.154    -0.1952      0.238     49.901  45.093427     6.8222      6.732   240.3085 1.2185e+01     4.6957      2.879      4.175    20.7736 0.0000e+00
      2.978      0.158    -0.1335      0.869     50.661  45.644885     7.7998      6.726   240.7241 1.1764e+01     5.3150      2.920      4.235    20.6408 0.0000e+00
      3.020      0.157    -0.0755      1.406     51.613  46.355602     7.8763      6.720   241.0696 1.1360e+01     5.3691      2.961      4.294    20.4786 0.0000e+00
      3.061      0.150    -0.0263      1.821     53.092  47.526658     7.8344      6.715   241.3030 1.0978e+01     5.5140      3.002      4.354    20.3124 0.0000e+00
      3.101      0.142     0.0155      2.132     56.818  50.722531     7.3017      6.708   241.3086 1.0625e+01     6.8703      3.043      4.414    20.1783 0.0000e+00
