Data/DataNotYetUploadedToEDI/Raw_CTD/RawDownloads/090219_fcr50.cnv
* Sea-Bird SBE19plus  Data File:
* FileName = C:\Users\CareyLab\Documents\DATA_moored\090219_fcr50_0001.hex
* Software version 2.8.0.119 SB_Terminal.dll
* Temperature SN = 7809
* Conductivity SN = 7809
* System UpLoad Time = Sep 02 2019 09:36:55
* <ApplicationData>
* <Seaterm232>
# nquan = 15
# nvalues = 861                         
# units = specified
# name 0 = depFM: Depth [fresh water, m]
# name 1 = dz/dtM: Descent Rate [m/s]
# name 2 = sbeox0ML/L: Oxygen, SBE 43 [ml/l]
# name 3 = sbeox0PS: Oxygen, SBE 43 [% saturation]
# name 4 = specc: Specific Conductance [uS/cm]
# name 5 = c0uS/cm: Conductivity [uS/cm]
# name 6 = flECO-AFL: Fluorescence, WET Labs ECO-AFL/FL [mg/m^3]
# name 7 = ph: pH
# name 8 = orp: Oxidation Reduction Potential [mV]
# name 9 = par/sat/log: PAR/Logarithmic, Satlantic
# name 10 = turbWETntu0: Turbidity, WET Labs ECO [NTU]
# name 11 = prdM: Pressure, Strain Gauge [db]
# name 12 = prdE: Pressure, Strain Gauge [psi]
# name 13 = tv290C: Temperature [ITS-90, deg C]
# name 14 = flag:  0.000e+00
# span 0 =     -0.552,      9.647       
# span 1 =     -0.166,      4.275       
# span 2 =     0.0087,     6.0160       
# span 3 =      0.574,    100.251       
# span 4 =      1.577,    275.624       
# span 5 =   1.475674, 202.480005       
# span 6 =    -0.6964,    16.6462       
# span 7 =      5.177,      7.718       
# span 8 = -1240.7455,   432.2340       
# span 9 = 1.2359e-01, 1.1747e+03       
# span 10 =    -0.5294,   323.6334      
# span 11 =     -0.542,      9.461      
# span 12 =     -0.786,     13.722      
# span 13 =    11.5248,    24.4566      
# span 14 = 0.0000e+00, 0.0000e+00      
# interval = seconds: 0.25
# start_time = Sep 02 2019 09:26:25 [Instrument's time stamp, header]
# bad_flag = -9.990e-29
*END*
[from data line 97]
     -0.114 5.0033e-49     4.5185     76.773     37.707  37.212726     1.0795      7.110   189.8584 6.7100e+02     7.4047     -0.112     -0.162    24.3465 0.0000e+00
     -0.114 5.2619e-49     4.5116     76.622     37.722  37.226671     1.0807      7.110   189.4946 9.0598e+02     7.4153     -0.112     -0.163    24.3452 0.0000e+00
     -0.114 5.3356e-48     4.5058     76.451     37.749  37.251967     1.0882      7.111   188.8104 1.0732e+03     7.5367     -0.112     -0.162    24.3443 0.0000e+00
     -0.114 5.8651e-47     4.4993     76.306     37.762  37.264674     1.0828      7.113   188.7277 1.1010e+03     7.7254     -0.112     -0.162    24.3428 0.0000e+00
     -0.114 6.4515e-46     4.4942     76.192     37.751  37.253362     1.0766      7.115   189.2683 1.1066e+03     7.7966     -0.112     -0.162    24.3401 0.0000e+00
     -0.114 7.0967e-45     4.4853     76.126     37.739  37.242145     1.0827      7.118   189.8406 1.1119e+03     7.8076     -0.112     -0.162    24.3377 0.0000e+00
     -0.114 7.8064e-44     4.4734     76.106     37.753  37.255996     1.0697      7.122   190.1411 1.1175e+03     7.7590     -0.112     -0.162    24.3361 0.0000e+00
     -0.114 8.5870e-43     4.4658     76.067     37.792  37.293881     1.0322      7.130   189.9760 1.1212e+03     7.5703     -0.112     -0.162    24.3352 0.0000e+00
     -0.114 9.4457e-42     4.4586     75.985     37.818  37.319367     1.0103      7.142   189.3923 1.1224e+03     7.4272     -0.112     -0.162    24.3352 0.0000e+00
     -0.114 1.0390e-40     4.4537     75.879     37.809  37.310249     1.0132      7.154   189.0211 1.1224e+03     7.4052     -0.112     -0.162    24.3358 0.0000e+00
     -0.114 1.1429e-39     4.4553     75.781     37.809  37.310582     1.0152      7.167   189.1006 1.1221e+03     7.4021     -0.112     -0.162    24.3362 0.0000e+00
     -0.114 1.2572e-38     4.4530     75.741     37.823  37.323392     1.0174      7.179   189.5800 1.1224e+03     7.3237     -0.112     -0.162    24.3358 0.0000e+00
     -0.114 1.3829e-37     4.4478     75.797     37.838  37.338187     1.0225      7.190   190.1714 1.1226e+03     7.2108     -0.112     -0.162    24.3351 0.0000e+00
     -0.114 1.5212e-36     4.4412     75.937     37.864  37.362517     1.0164      7.197   190.3144 1.1223e+03     7.1847     -0.112     -0.162    24.3349 0.0000e+00
     -0.114 1.6734e-35     4.4343     76.132     37.866  37.363673     1.0217      7.202   190.2766 1.1223e+03     7.2045     -0.112     -0.162    24.3350 0.0000e+00
     -0.114 1.8407e-34     4.4309     76.376     37.855  37.352162     1.0342      7.206   190.3170 1.1223e+03     7.2531     -0.112     -0.162    24.3341 0.0000e+00
     -0.114 2.0248e-33     4.4345     76.619     37.854  37.350284     1.0296      7.209   190.1996 1.1215e+03     7.3462     -0.112     -0.162    24.3329 0.0000e+00
     -0.114 2.2272e-32     4.4443     76.805     37.846  37.340954     1.0258      7.209   190.0616 1.1207e+03     7.4128     -0.112     -0.162    24.3319 0.0000e+00
     -0.114 2.4500e-31     4.4546     76.913     37.873  37.366306     1.0231      7.208   190.4558 1.1205e+03     7.4363     -0.112     -0.162    24.3307 0.0000e+00
     -0.114 2.6950e-30     4.4707     76.946     37.975  37.466396     1.0230      7.207   191.0934 1.1209e+03     7.4987     -0.112     -0.162    24.3298 0.0000e+00
     -0.114 2.9645e-29     4.4863     77.033     38.044  37.535535     1.0249      7.206   191.2320 1.1211e+03     7.6100     -0.112     -0.162    24.3283 0.0000e+00
     -0.114 3.2609e-28     4.4976     77.681     37.999  37.504034     1.0202      7.205   190.9266 1.1206e+03     7.6683     -0.111     -0.161    24.3270 0.0000e+00
     -0.114 3.5870e-27     4.5041     79.682     37.936  37.466388     1.0186      7.204   190.4994 1.1202e+03     7.6790     -0.111     -0.160    24.3255 0.0000e+00
     -0.114 3.9457e-26     4.5053     83.287     37.905  37.461245     1.0221      7.202   190.7127 1.1204e+03     7.6415     -0.112     -0.162    24.3245 0.0000e+00
     -0.114 4.3403e-25     4.5015     87.747     37.868  37.441891     1.0276      7.199   191.6127 1.1208e+03     7.5423     -0.112     -0.163    24.3222 0.0000e+00
     -0.114 4.7743e-24     4.5162     92.017     37.839  37.422832     1.0248      7.195   192.2610 1.1215e+03     7.4623     -0.111     -0.161    24.3342 0.0000e+00
     -0.114 5.2517e-23     4.6207     95.519     37.833  37.421243     1.0148      7.191   192.4421 1.1227e+03     7.4278     -0.111     -0.161    24.3748 0.0000e+00
     -0.114 5.7769e-22     4.8491     98.011     37.832  37.422686     1.0022      7.187   192.4259 1.1244e+03     7.3880     -0.111     -0.161    24.4134 0.0000e+00
     -0.114 6.3546e-21     5.1343     99.336     37.848  37.440284     0.9851      7.183   192.4954 1.1263e+03     7.3090     -0.112     -0.162    24.4348 0.0000e+00
     -0.114 6.9901e-20     5.3913     99.446     37.851  37.443586     0.9723      7.177   192.7664 1.1276e+03     7.2585     -0.111     -0.161    24.4463 0.0000e+00
     -0.114 7.6891e-19     5.5988     98.503     37.807  37.399133     0.9681      7.172   193.2074 1.1276e+03     7.2368     -0.111     -0.161    24.4513 0.0000e+00
     -0.114 8.4580e-18     5.7480     96.951     37.757  37.347137     0.9687      7.167   193.6114 1.1261e+03     7.2107     -0.112     -0.162    24.4541 0.0000e+00
     -0.114 9.3038e-17     5.8262     95.318     37.736  37.322695     0.9804      7.161   193.8659 1.1236e+03     7.2701     -0.112     -0.162    24.4558 0.0000e+00
     -0.114 1.0234e-15     5.8304     93.861     37.711  37.294026     1.0056      7.155   194.0471 1.1206e+03     7.3985     -0.112     -0.162    24.4566 0.0000e+00
     -0.114 1.1258e-14     5.7656     92.560     37.673  37.254396     1.0218      7.149   193.9095 1.1176e+03     7.4850     -0.111     -0.161    24.4551 0.0000e+00
     -0.114 1.2383e-13     5.6618     91.369     37.645  37.224383     1.0206      7.143   193.5782 1.1139e+03     7.4965     -0.112     -0.162    24.4512 0.0000e+00
     -0.114 1.3622e-12     5.5621     90.322     37.607  37.185038     1.0167      7.136   193.5692 1.1098e+03     7.4387     -0.111     -0.161    24.4459 0.0000e+00
     -0.114 1.4984e-11     5.4799     89.514     37.582  37.159515     1.0178      7.129   193.7142 1.1069e+03     7.4088     -0.112     -0.162    24.4412 0.0000e+00
     -0.114 1.6482e-10     5.4054     89.033     37.593  37.169670     1.0168      7.123   193.9558 1.1049e+03     7.4300     -0.112     -0.162    24.4381 0.0000e+00
     -0.114 1.8130e-09     5.3351     88.783     37.606  37.180875     1.0131      7.116   194.3393 1.1033e+03     7.4331     -0.111     -0.161    24.4355 0.0000e+00
     -0.114 1.9943e-08     5.2723     88.493     37.595  37.168045     1.0338      7.108   193.9631 1.0999e+03     7.5445     -0.112     -0.162    24.4327 0.0000e+00
     -0.114 2.1938e-07     5.2223     88.050     37.571  37.141491     1.0682      7.098   193.0211 1.0723e+03     7.7607     -0.112     -0.162    24.4316 0.0000e+00
     -0.114      0.000     5.1953     87.529     37.544  37.113709     1.0735      7.088   192.8439 9.6610e+02     7.8845     -0.112     -0.162    24.4302 0.0000e+00
     -0.114      0.000     5.1897     86.911     37.516  37.086021     1.0712      7.078   193.3693 7.6160e+02     7.8940     -0.111     -0.161    24.4286 0.0000e+00
     -0.114      0.000     5.1755     86.131     37.490  37.060611     1.0665      7.067   193.9531 5.4276e+02     7.8103     -0.111     -0.161    24.4266 0.0000e+00
     -0.114      0.003     5.1451     85.194     37.490  37.060382     1.0434      7.055   193.9658 4.3945e+02     7.6920     -0.112     -0.162    24.4222 0.0000e+00
     -0.114      0.035     5.1169     84.157     37.515  37.083253     1.0258      7.041   193.3511 5.1060e+02     7.6433     -0.112     -0.162    24.4204 0.0000e+00
     -0.114      0.389     5.0827     83.106     37.520  37.083242     1.0182      7.027   192.9731 7.0010e+02     7.6471     -0.111     -0.161    24.4206 0.0000e+00
     -0.114      4.275     5.0361     82.046     37.506  37.060247     1.0213      7.015   193.0958 9.0112e+02     7.7055     -0.112     -0.162    24.4220 0.0000e+00
     -0.113      4.272     4.9810     80.973     37.517  37.059104     1.0280      7.003   193.3717 1.0382e+03     7.8245     -0.111     -0.161    24.4225 0.0000e+00
     -0.113      0.353     4.9173     79.950     37.538  37.069399     1.0296      6.989   193.5560 1.0981e+03     7.9072     -0.111     -0.161    24.4191 0.0000e+00
     -0.114 2.4204e-13     4.8571     78.990     37.534  37.057755     1.0324      6.973   193.8605 1.1135e+03     7.9195     -0.112     -0.162    24.4138 0.0000e+00
     -0.114 1.4125e-13     4.7974     78.089     37.529  37.045261     1.0354      6.957   194.2151 1.1155e+03     7.8088     -0.112     -0.162    24.4020 0.0000e+00
     -0.113 1.1878e-13     4.7333     77.299     37.536  37.045272     1.0312      6.940   194.2297 1.1158e+03     7.5835     -0.111     -0.161    24.3836 0.0000e+00
     -0.113 1.1762e-12     4.6749     76.640     37.557  37.057872     1.0163      6.923   194.0365 1.1167e+03     7.4241     -0.111     -0.161    24.3688 0.0000e+00
     -0.113 1.2926e-11     4.6210     76.050     37.579  37.070653     1.0024      6.908   193.9441 1.1171e+03     7.3900     -0.111     -0.161    24.3585 0.0000e+00
     -0.113 1.4218e-10     4.5662     75.448     37.590  37.072848     1.0019      6.896   194.6614 1.1176e+03     7.4325     -0.111     -0.160    24.3504 0.0000e+00
     -0.113 1.5640e-09     4.5207     74.812     37.609  37.084390     1.0191      6.886   196.0847 1.1196e+03     7.6760     -0.112     -0.162    24.3415 0.0000e+00
     -0.113 1.7204e-08     4.4847     74.169     37.613  37.083247     1.0464      6.879   196.6981 1.1218e+03     8.0733     -0.111     -0.161    24.3300 0.0000e+00
     -0.114 1.8925e-07     4.4530     73.499     37.593  37.059023     1.0632      6.874   196.3986 1.1226e+03     8.2709     -0.111     -0.160    24.3186 0.0000e+00
     -0.114 3.4695e-07     4.4198     72.808     37.584  37.045383     1.0661      6.869   195.9916 1.1231e+03     8.2627     -0.111     -0.161    24.3057 0.0000e+00
     -0.114 1.8925e-07     4.3812     72.159     37.589  37.045279     1.0728      6.866   195.6493 1.1231e+03     8.1704     -0.111     -0.160    24.2945 0.0000e+00
     -0.114 1.7205e-08     4.3458     71.564     37.608  37.057757     1.0826      6.864   196.1309 1.1236e+03     8.0069     -0.111     -0.161    24.2881 0.0000e+00
     -0.113 1.5640e-09     4.3071     71.002     37.625  37.069298     1.0816      6.861   197.3404 1.1241e+03     7.8920     -0.111     -0.161    24.2840 0.0000e+00
     -0.113 1.4219e-10     4.2643     70.474     37.618  37.057861     1.0772      6.859   198.1427 1.1238e+03     7.8617     -0.111     -0.161    24.2788 0.0000e+00
     -0.114 1.2926e-11     4.2273     69.989     37.611  37.046415     1.0813      6.856   198.5174 1.1236e+03     7.7725     -0.111     -0.161    24.2711 0.0000e+00
     -0.114 1.1751e-12     4.1938     69.552     37.627  37.057850     1.0888      6.852   198.4303 1.1226e+03     7.5667     -0.112     -0.162    24.2631 0.0000e+00
     -0.114 1.0683e-13     4.1610     69.145     37.643  37.069174     1.0901      6.847   198.0358 1.1222e+03     7.4384     -0.111     -0.161    24.2561 0.0000e+00
     -0.114 9.7115e-15     4.1305     68.743     37.635  37.056377     1.0791      6.838   198.2212 1.1230e+03     7.4334     -0.111     -0.161    24.2501 0.0000e+00
     -0.114 8.8285e-16     4.1021     68.331     37.613  37.030053     1.0686      6.827   198.7788 1.1221e+03     7.3762     -0.112     -0.162    24.2442 0.0000e+00
     -0.114 8.0260e-17     4.0775     67.923     37.592  37.004788     1.0751      6.814   199.0989 1.1215e+03     7.2709     -0.112     -0.162    24.2391 0.0000e+00
     -0.114 7.2965e-18     4.0546     67.543     37.596  37.004779     1.0887      6.797   199.2523 1.1220e+03     7.2093     -0.111     -0.161    24.2338 0.0000e+00
     -0.114 6.6330e-19     4.0319     67.163     37.625  37.029941     1.0941      6.779   199.3434 1.1215e+03     7.1888     -0.112     -0.162    24.2258 0.0000e+00
     -0.113 6.0305e-20     4.0083     66.751     37.654  37.055120     1.1061      6.760   198.9098 1.1219e+03     7.1859     -0.111     -0.161    24.2179 0.0000e+00
     -0.113 5.5389e-21     3.9834     66.322     37.657  37.055311     1.1304      6.739   198.1393 1.1239e+03     7.2077     -0.111     -0.161    24.2118 0.0000e+00
     -0.113 1.1248e-21     3.9627     65.898     37.637  37.032248     1.1449      6.719   198.0293 1.1257e+03     7.2550     -0.111     -0.161    24.2068 0.0000e+00
     -0.113 6.9359e-21     3.9418     65.483     37.639  37.030158     1.1513      6.702   198.5256 1.1262e+03     7.2338     -0.112     -0.162    24.2027 0.0000e+00
     -0.113 7.5801e-20     3.9169     65.084     37.642  37.030047     1.1558      6.687   199.1503 1.1267e+03     7.1802     -0.111     -0.161    24.1988 0.0000e+00
     -0.113 8.3377e-19     3.8918     64.695     37.646  37.030888     1.1559      6.674   199.6460 1.1272e+03     7.1962     -0.111     -0.161    24.1952 0.0000e+00
     -0.113 9.1714e-18     3.8671     64.307     37.659  37.040320     1.1527      6.663   199.2705 1.1276e+03     7.1987     -0.110     -0.160    24.1906 0.0000e+00
     -0.113 1.0089e-16     3.8430     63.929     37.639  37.017144     1.1425      6.653   198.1374 1.1275e+03     7.1778     -0.111     -0.161    24.1855 0.0000e+00
     -0.113 1.1097e-15     3.8199     63.579     37.630  37.004555     1.1365      6.644   197.8190 1.1255e+03     7.2067     -0.111     -0.161    24.1816 0.0000e+00
     -0.113 1.2207e-14     3.7980     63.266     37.644  37.015055     1.1402      6.635   198.3475 1.1236e+03     7.4491     -0.111     -0.161    24.1780 0.0000e+00
     -0.113 1.3428e-13     3.7749     62.957     37.649  37.017144     1.1445      6.625   198.6757 1.1240e+03     7.8804     -0.111     -0.161    24.1729 0.0000e+00
     -0.113 1.4771e-12     3.7530     62.608     37.665  37.029812     1.1550      6.615   198.6902 1.1251e+03     8.1281     -0.111     -0.161    24.1677 0.0000e+00
     -0.113 1.6248e-11     3.7323     62.258     37.681  37.041265     1.1624      6.606   198.4358 1.1251e+03     8.1496     -0.111     -0.160    24.1629 0.0000e+00
     -0.113 1.7873e-10     3.7144     61.939     37.672  37.028677     1.1383      6.598   198.1820 1.1237e+03     8.0092     -0.111     -0.161    24.1583 0.0000e+00
     -0.113 1.9660e-09     3.6992     61.648     37.652  37.004548     1.0982      6.589   198.2027 1.1229e+03     7.7745     -0.111     -0.161    24.1547 0.0000e+00
     -0.113 2.1626e-08     3.6765     61.367     37.653  37.003403     1.0851      6.580   198.3418 1.1231e+03     7.6711     -0.111     -0.160    24.1510 0.0000e+00
     -0.113 2.3788e-07     3.6558     61.070     37.668  37.014840     1.0925      6.571   198.5729 1.1233e+03     7.6760     -0.111     -0.161    24.1458 0.0000e+00
     -0.113 4.3612e-07     3.6380     60.778     37.672  37.015880     1.1099      6.564   199.1039 1.1239e+03     7.6380     -0.111     -0.160    24.1403 0.0000e+00
     -0.113 2.3789e-07     3.6211     60.521     37.675  37.015966     1.1396      6.559   199.6861 1.1249e+03     7.5392     -0.111     -0.161    24.1354 0.0000e+00
     -0.113 2.1626e-08     3.6064     60.300     37.679  37.015878     1.1478      6.556   199.9340 1.1250e+03     7.4639     -0.111     -0.161    24.1311 0.0000e+00
     -0.113 1.9660e-09     3.5880     60.085     37.680  37.014815     1.1402      6.555   199.8639 1.1244e+03     7.4159     -0.111     -0.161    24.1274 0.0000e+00
     -0.113 1.7873e-10     3.5707     59.870     37.671  37.003109     1.1598      6.554   199.6991 1.1233e+03     7.3202     -0.111     -0.161    24.1236 0.0000e+00
