Data/DataNotYetUploadedToEDI/Raw_CTD/RawDownloads/090219_fcr10.cnv
* Sea-Bird SBE19plus  Data File:
* FileName = C:\DATA\SBE19plus_01907809_2019_09_02_0001.hex
* Software version 2.8.0.119 SB_Terminal.dll
* Temperature SN = 7809
* Conductivity SN = 7809
* System UpLoad Time = Sep 02 2019 11:49:20
* <ApplicationData>
* <Seaterm232>
# nquan = 15
# nvalues = 393                         
# units = specified
# name 0 = depFM: Depth [fresh water, m]
# name 1 = dz/dtM: Descent Rate [m/s]
# name 2 = sbeox0ML/L: Oxygen, SBE 43 [ml/l]
# name 3 = sbeox0PS: Oxygen, SBE 43 [% saturation]
# name 4 = specc: Specific Conductance [uS/cm]
# name 5 = c0uS/cm: Conductivity [uS/cm]
# name 6 = flECO-AFL: Fluorescence, WET Labs ECO-AFL/FL [mg/m^3]
# name 7 = ph: pH
# name 8 = orp: Oxidation Reduction Potential [mV]
# name 9 = par/sat/log: PAR/Logarithmic, Satlantic
# name 10 = turbWETntu0: Turbidity, WET Labs ECO [NTU]
# name 11 = prdM: Pressure, Strain Gauge [db]
# name 12 = prdE: Pressure, Strain Gauge [psi]
# name 13 = tv290C: Temperature [ITS-90, deg C]
# name 14 = flag:  0.000e+00
# span 0 =     -0.556,      2.936       
# span 1 =     -0.174,      0.268       
# span 2 =    -0.0027,     6.2174       
# span 3 =      0.045,    106.330       
# span 4 =      0.556,    271.058       
# span 5 =   0.562008, 249.217976       
# span 6 =    -0.1182,     2.8046       
# span 7 =      5.943,      7.930       
# span 8 = -1240.7455,   447.0469       
# span 9 = 1.1892e+01, 1.8085e+03       
# span 10 =    -5.9636,    40.0712      
# span 11 =     -0.546,      2.879      
# span 12 =     -0.791,      4.176      
# span 13 =    20.9572,    25.6268      
# span 14 = 0.0000e+00, 0.0000e+00      
# interval = seconds: 0.25
# start_time = Sep 02 2019 11:05:27 [Instrument's time stamp, header]
# bad_flag = -9.990e-29
*END*
[from data line 290]
      1.108      0.065     5.2660     84.938     38.669  37.805918     1.5131      6.488   209.2524 1.8679e+02     7.6730      1.087      1.576    23.9563 0.0000e+00
      1.124      0.065     5.2414     83.743     38.616  37.750483     1.5068      6.483   209.3571 1.8207e+02     7.6762      1.101      1.597    23.9273 0.0000e+00
      1.141      0.063     5.1898     82.903     38.637  37.770617     1.5046      6.481   209.5439 1.7526e+02     7.6056      1.119      1.622    23.9001 0.0000e+00
      1.159      0.059     5.0991     82.433     38.665  37.795454     1.4875      6.479   209.7896 1.6887e+02     7.4743      1.138      1.650    23.8862 0.0000e+00
      1.176      0.055     5.0075     82.308     38.671  37.796883     1.4735      6.479   210.0909 1.6578e+02     7.4002      1.155      1.675    23.8758 0.0000e+00
      1.189      0.051     4.9369     82.457     38.670  37.787886     1.4652      6.481   210.4339 1.6498e+02     7.3974      1.168      1.693    23.8702 0.0000e+00
      1.199      0.049     4.8862     82.772     38.704  37.813610     1.4647      6.482   210.7534 1.6477e+02     7.4737      1.177      1.707    23.8743 0.0000e+00
      1.208      0.048     4.8594     83.125     38.820  37.917467     1.4847      6.482   211.0283 1.6240e+02     7.6016      1.184      1.718    23.8715 0.0000e+00
      1.218      0.050     4.8542     83.412     38.885  37.964492     1.5067      6.481   211.2630 1.5624e+02     7.6659      1.194      1.731    23.8641 0.0000e+00
      1.231      0.055     4.8661     83.580     38.687  37.747406     1.5236      6.480   211.4401 1.5114e+02     7.6938      1.207      1.750    23.8542 0.0000e+00
      1.247      0.060     4.8886     83.599     38.345  37.387353     1.5326      6.477   211.6210 1.4685e+02     7.7091      1.223      1.774    23.8435 0.0000e+00
      1.265      0.065     4.9123     83.400     38.213  37.229183     1.5296      6.474   211.8143 1.4154e+02     7.6872      1.242      1.800    23.8370 0.0000e+00
      1.284      0.068     4.9323     82.954     38.376  37.358356     1.5211      6.472   212.0573 1.3682e+02     7.6585      1.260      1.827    23.8145 0.0000e+00
      1.302      0.069     4.9457     82.440     38.664  37.616157     1.5252      6.472   212.3217 1.3276e+02     7.6571      1.277      1.852    23.7792 0.0000e+00
      1.320      0.068     4.9513     82.238     38.873  37.807190     1.5357      6.475   212.5163 1.2859e+02     7.6049      1.295      1.878    23.7484 0.0000e+00
      1.338      0.065     4.9451     82.582     38.964  37.890788     1.5272      6.479   212.6891 1.2481e+02     7.4532      1.312      1.903    23.7089 0.0000e+00
      1.355      0.063     4.9194     83.297     39.074  37.992166     1.5173      6.480   212.9488 1.2127e+02     7.3624      1.329      1.928    23.6640 0.0000e+00
      1.370      0.062     4.8818     84.031     39.051  37.953829     1.5206      6.479   213.2463 1.1794e+02     7.3927      1.344      1.950    23.6326 0.0000e+00
      1.384      0.063     4.8638     84.575     38.741  37.617644     1.5232      6.477   213.4476 1.1504e+02     7.4260      1.357      1.969    23.6199 0.0000e+00
      1.398      0.066     4.8903     84.845     38.453  37.291558     1.5312      6.475   213.5757 1.1206e+02     7.4703      1.370      1.986    23.6165 0.0000e+00
      1.414      0.069     4.9426     84.765     38.324  37.121385     1.5488      6.474   213.6767 1.0879e+02     7.6001      1.385      2.009    23.6137 0.0000e+00
      1.434      0.073     4.9906     84.278     38.256  37.019947     1.5619      6.474   213.8090 1.0471e+02     7.6855      1.406      2.039    23.6006 0.0000e+00
      1.455      0.076     5.0289     83.420     38.216  36.953663     1.5690      6.473   213.9705 1.0097e+02     7.6502      1.427      2.070    23.5510 0.0000e+00
      1.477      0.076     5.0531     82.317     38.173  36.891169     1.5386      6.472   214.0808 9.8173e+01     7.5016      1.448      2.101    23.4808 0.0000e+00
      1.497      0.072     5.0558     81.107     38.198  36.899044     1.4721      6.472   214.2813 9.5530e+01     7.2969      1.468      2.129    23.4212 0.0000e+00
      1.516      0.067     5.0307     79.991     38.369  37.048855     1.4416      6.474   214.6745 9.3480e+01     7.2078      1.487      2.156    23.3740 0.0000e+00
      1.532      0.062     4.9792     79.207     38.654  37.306075     1.4638      6.478   214.9636 9.2128e+01     7.2107      1.504      2.182    23.3395 0.0000e+00
      1.546      0.058     4.9136     78.910     38.974  37.597021     1.5673      6.481   215.0231 9.1211e+01     7.2667      1.517      2.200    23.3135 0.0000e+00
      1.558      0.055     4.8393     79.125     39.241  37.837202     1.7224      6.481   215.1361 8.9980e+01     7.3606      1.527      2.215    23.2946 0.0000e+00
      1.570      0.055     4.7678     79.664     39.414  37.988397     1.8041      6.481   215.3830 8.8277e+01     7.3951      1.540      2.233    23.2769 0.0000e+00
      1.583      0.059     4.7206     80.109     39.473  38.028607     1.8275      6.480   215.5992 8.6135e+01     7.3889      1.552      2.251    23.2519 0.0000e+00
      1.597      0.066     4.7041     80.000     39.205  37.752054     1.9098      6.476   215.7713 8.3564e+01     7.4168      1.565      2.271    23.2261 0.0000e+00
      1.613      0.074     4.7219     79.028     38.704  37.247092     2.0533      6.471   215.9153 8.1488e+01     7.4706      1.581      2.293    23.2045 0.0000e+00
      1.633      0.081     4.7664     77.129     38.476  37.001151     2.1320      6.467   215.9628 7.9525e+01     7.4822      1.599      2.320    23.1853 0.0000e+00
      1.658      0.087     4.8050     74.526     38.636  37.126937     2.1336      6.464   216.0882 7.7186e+01     7.4583      1.625      2.357    23.1657 0.0000e+00
      1.683      0.093     4.8072     71.729     38.986  37.434972     2.1681      6.462   216.4852 7.4688e+01     7.4773      1.651      2.393    23.1435 0.0000e+00
      1.708      0.098     4.7533     69.470     39.401  37.805696     2.2544      6.458   216.8915 7.2057e+01     7.5143      1.675      2.429    23.1145 0.0000e+00
      1.731      0.100     4.6378     68.235     39.756  38.118118     2.3101      6.455   217.0423 6.9441e+01     7.4803      1.698      2.464    23.0786 0.0000e+00
      1.755      0.099     4.4751     67.864     39.966  38.292479     2.3121      6.452   217.1041 6.6676e+01     7.4263      1.718      2.493    23.0417 0.0000e+00
      1.783      0.094     4.2923     67.762     40.026  38.326903     2.3132      6.451   217.2948 6.3416e+01     7.4189      1.748      2.534    23.0057 0.0000e+00
      1.813      0.089     4.1454     67.204     39.998  38.280398     2.3927      6.451   217.5413 6.0576e+01     7.3253      1.782      2.584    22.9702 0.0000e+00
      1.838      0.087     4.0810     65.710     39.971  38.237978     2.5365      6.450   217.8469 5.9021e+01     7.1136      1.805      2.618    22.9344 0.0000e+00
      1.854      0.089     4.0738     63.255     40.010  38.258332     2.6129      6.448   218.2374 5.8035e+01     6.9894      1.818      2.637    22.9002 0.0000e+00
      1.867      0.091     4.0873     60.055     40.112  38.336036     2.6224      6.446   218.4766 5.6958e+01     6.9707      1.829      2.655    22.8706 0.0000e+00
      1.885      0.094     4.0682     56.446     40.220  38.415722     2.6429      6.445   218.6740 5.5067e+01     6.9211      1.843      2.675    22.8457 0.0000e+00
      1.915      0.098     3.9769     52.797     40.356  38.523518     2.6706      6.445   218.9896 5.1972e+01     6.8480      1.873      2.717    22.8259 0.0000e+00
      1.952      0.103     3.8265     49.393     40.615  38.750655     2.6791      6.445   219.2812 4.9215e+01     6.8081      1.919      2.782    22.8087 0.0000e+00
      1.982      0.105     3.6279     46.458     40.904  39.003690     2.6767      6.444   219.6183 4.7643e+01     6.7333      1.949      2.826    22.7825 0.0000e+00
      2.004      0.103     3.4039     44.090     41.038  39.107209     2.7021      6.443   219.9678 4.6213e+01     6.4355      1.964      2.848    22.7496 0.0000e+00
      2.026      0.097     3.1800     42.100     41.068  39.113543     2.7611      6.443   220.2383 4.4416e+01     6.0263      1.985      2.879    22.7226 0.0000e+00
      2.051      0.090     2.9715     40.085     41.119  39.143725     2.8004      6.442   220.4792 4.2561e+01     5.8486      2.011      2.918    22.6998 0.0000e+00
      2.077      0.089     2.7914     37.605     41.213  39.218181     2.8046      6.440   220.7293 4.1023e+01     5.8605      2.038      2.958    22.6732 0.0000e+00
      2.098      0.093     2.6556     34.620     41.330  39.315466     2.7863      6.435   221.0253 3.9875e+01     5.7768      2.061      2.989    22.6425 0.0000e+00
      2.116      0.097     2.5448     31.560     41.469  39.431238     2.7527      6.430   221.3053 3.8751e+01     5.5569      2.074      3.008    22.6139 0.0000e+00
      2.137      0.098     2.4363     28.745     41.600  39.538765     2.7360      6.426   221.6190 3.7323e+01     5.3976      2.092      3.034    22.5905 0.0000e+00
      2.166      0.097     2.2906     26.285     41.682  39.599832     2.7320      6.424   221.9795 3.5535e+01     5.3586      2.122      3.078    22.5727 0.0000e+00
      2.201      0.096     2.0939     24.168     41.760  39.661712     2.5740      6.423   222.3082 3.3855e+01     5.3150      2.160      3.133    22.5576 0.0000e+00
      2.230      0.098     1.9050     22.325     41.894  39.779086     2.2561      6.421   222.5827 3.2814e+01     5.2300      2.192      3.179    22.5392 0.0000e+00
      2.249      0.099     1.7333     20.799     42.077  39.939772     2.0787      6.417   222.8024 3.2170e+01     5.1830      2.208      3.202    22.5168 0.0000e+00
      2.264      0.099     1.5844     19.610     42.248  40.080947     2.0667      6.413   222.8997 3.1313e+01     5.1736      2.216      3.215    22.4953 0.0000e+00
      2.286      0.097     1.4608     18.645     42.351  40.152832     2.0505      6.409   222.8128 2.9942e+01     5.1493      2.237      3.244    22.4798 0.0000e+00
      2.319      0.095     1.3461     17.743     42.398  40.174064     1.8752      6.408   222.7845 2.8398e+01     5.0848      2.273      3.297    22.4718 0.0000e+00
      2.354      0.091     1.2530     16.695     42.454  40.210662     1.5684      6.408   222.9883 2.7283e+01     4.9845      2.312      3.355    22.4599 0.0000e+00
      2.379      0.086     1.1851     15.334     42.605  40.341369     1.4105      6.409   223.2970 2.6636e+01     4.9196      2.336      3.388    22.4324 0.0000e+00
      2.395      0.079     1.1302     13.694     42.972  40.675178     1.3961      6.409   223.5058 2.6201e+01     4.9223      2.350      3.408    22.3972 0.0000e+00
      2.408      0.073     1.0805     11.917     43.680  41.326369     1.3504      6.405   223.5347 2.5808e+01     4.9194      2.361      3.424    22.3679 0.0000e+00
      2.421      0.069     1.0231     10.143     44.343  41.929613     1.2657      6.400   223.6461 2.5292e+01     4.8841      2.373      3.440    22.3506 0.0000e+00
      2.438      0.065     0.9377      8.394     44.512  42.064518     1.2127      6.398   223.9057 2.4579e+01     4.8895      2.388      3.463    22.3388 0.0000e+00
      2.460      0.064     0.8357      6.631     44.668  42.195633     1.1962      6.399   224.0062 2.3756e+01     4.9181      2.410      3.496    22.3233 0.0000e+00
      2.482      0.064     0.7239      4.923     45.198  42.689496     1.1781      6.400   223.9149 2.3176e+01     4.8695      2.437      3.536    22.3018 0.0000e+00
      2.497      0.065     0.6156      3.364     46.093  43.527886     1.1587      6.399   223.8341 2.2995e+01     4.7602      2.453      3.559    22.2739 0.0000e+00
      2.505      0.066     0.5131      2.049     47.561  44.903743     1.1524      6.398   223.8896 2.2783e+01     4.7108      2.455      3.560    22.2405 0.0000e+00
      2.516      0.069     0.4020      1.038     49.739  46.942865     1.1541      6.394   223.9844 2.2259e+01     4.7313      2.464      3.574    22.2224 0.0000e+00
      2.536      0.076     0.2972      0.367     53.837  50.783066     1.1185      6.388   223.8621 2.1609e+01     4.8446      2.487      3.607    22.2203 0.0000e+00
      2.560      0.090     0.1994      0.056     59.772  56.337384     1.0604      6.375   223.6148 2.1020e+01     5.0643      2.511      3.643    22.2132 0.0000e+00
      2.583      0.108     0.1183      0.045     65.131  61.309095     1.0400      6.355   223.8342 2.0467e+01     5.1922      2.532      3.673    22.2039 0.0000e+00
      2.608      0.125     0.0565      0.234     71.434  67.117684     1.0627      6.331   224.6213 1.9697e+01     5.2119      2.554      3.704    22.1864 0.0000e+00
      2.642      0.138     0.0138      0.514     80.627  75.588027     1.2830      6.310   225.3884 1.8649e+01     5.5312      2.588      3.753    22.1631 0.0000e+00
      2.684      0.143    -0.0027      0.824     89.597  83.797081     1.6920      6.293   225.7966 1.7501e+01     6.1363      2.631      3.815    22.1347 0.0000e+00
      2.730      0.142    -0.0019      1.110     95.283  88.902291     1.9166      6.279   225.9425 1.6319e+01     6.4655      2.677      3.883    22.0728 0.0000e+00
      2.774      0.133     0.0130      1.319     98.232  91.441235     1.9439      6.266   226.0340 1.5320e+01     6.5289      2.725      3.952    21.9863 0.0000e+00
      2.809      0.116     0.0309      1.441    100.108  92.984968     2.0479      6.255   225.9570 1.4675e+01     6.6081      2.759      4.002    21.8857 0.0000e+00
      2.834      0.095     0.0508      1.502    100.968  93.628285     2.2200      6.245   225.5269 1.4239e+01     6.7026      2.780      4.033    21.7649 0.0000e+00
      2.851      0.074     0.0705      1.539    109.965 101.892555     2.3085      6.237   224.9640 1.3892e+01     6.7532      2.798      4.056    21.6467 0.0000e+00
      2.866      0.055     0.0831      1.582    141.109 130.728717     2.3202      6.231   224.4860 1.3650e+01     6.7291      2.812      4.078    21.5394 0.0000e+00
      2.876      0.042     0.0906      1.625    186.380 172.522969     2.2658      6.225   224.1341 1.3528e+01     6.6072      2.822      4.093    21.4312 0.0000e+00
      2.883      0.032     0.0935      1.663    207.619 191.873329     2.1536      6.220   223.6342 1.3436e+01     6.3930      2.827      4.100    21.3430 0.0000e+00
      2.889      0.026     0.0949      1.727    191.449 176.638330     2.0910      6.216   222.5718 1.3306e+01     6.2698      2.833      4.109    21.3072 0.0000e+00
      2.895      0.022     0.0978      1.790    180.474 166.381217     2.0820      6.213   221.1838 1.3206e+01     6.2982      2.840      4.119    21.3292 0.0000e+00
      2.899      0.019     0.1016      1.812    198.465 183.042759     2.0784      6.210   220.4465 1.3128e+01     6.3425      2.845      4.125    21.3163 0.0000e+00
      2.903      0.018     0.1019      1.819    224.102 206.827115     2.0738      6.207   220.6265 1.2999e+01     6.5437      2.847      4.130    21.1993 0.0000e+00
      2.907      0.018     0.1071      1.814    238.382 220.059530     2.0692      6.203   220.4339 1.2834e+01     6.9609      2.851      4.134    21.0966 0.0000e+00
      2.912      0.018     0.1134      1.788    249.872 230.590868     2.0661      6.198   219.4949 1.2635e+01     7.1924      2.855      4.140    21.0696 0.0000e+00
      2.917      0.018     0.1123      1.747    265.869 245.194654     2.0802      6.194   218.6520 1.2377e+01     6.9825      2.860      4.149    21.0996 0.0000e+00
      2.923      0.017     0.1134      1.693    266.081 245.213744     2.2136      6.192   218.3299 1.2117e+01     6.5533      2.866      4.157    21.1489 0.0000e+00
