Data/DataNotYetUploadedToEDI/Raw_CTD/RawDownloads/090219_fcr10.cnv
* Sea-Bird SBE19plus  Data File:
* FileName = C:\DATA\SBE19plus_01907809_2019_09_02_0001.hex
* Software version 2.8.0.119 SB_Terminal.dll
* Temperature SN = 7809
* Conductivity SN = 7809
* System UpLoad Time = Sep 02 2019 11:49:20
* <ApplicationData>
* <Seaterm232>
# nquan = 15
# nvalues = 393                         
# units = specified
# name 0 = depFM: Depth [fresh water, m]
# name 1 = dz/dtM: Descent Rate [m/s]
# name 2 = sbeox0ML/L: Oxygen, SBE 43 [ml/l]
# name 3 = sbeox0PS: Oxygen, SBE 43 [% saturation]
# name 4 = specc: Specific Conductance [uS/cm]
# name 5 = c0uS/cm: Conductivity [uS/cm]
# name 6 = flECO-AFL: Fluorescence, WET Labs ECO-AFL/FL [mg/m^3]
# name 7 = ph: pH
# name 8 = orp: Oxidation Reduction Potential [mV]
# name 9 = par/sat/log: PAR/Logarithmic, Satlantic
# name 10 = turbWETntu0: Turbidity, WET Labs ECO [NTU]
# name 11 = prdM: Pressure, Strain Gauge [db]
# name 12 = prdE: Pressure, Strain Gauge [psi]
# name 13 = tv290C: Temperature [ITS-90, deg C]
# name 14 = flag:  0.000e+00
# span 0 =     -0.556,      2.936       
# span 1 =     -0.174,      0.268       
# span 2 =    -0.0027,     6.2174       
# span 3 =      0.045,    106.330       
# span 4 =      0.556,    271.058       
# span 5 =   0.562008, 249.217976       
# span 6 =    -0.1182,     2.8046       
# span 7 =      5.943,      7.930       
# span 8 = -1240.7455,   447.0469       
# span 9 = 1.1892e+01, 1.8085e+03       
# span 10 =    -5.9636,    40.0712      
# span 11 =     -0.546,      2.879      
# span 12 =     -0.791,      4.176      
# span 13 =    20.9572,    25.6268      
# span 14 = 0.0000e+00, 0.0000e+00      
# interval = seconds: 0.25
# start_time = Sep 02 2019 11:05:27 [Instrument's time stamp, header]
# bad_flag = -9.990e-29
*END*
[from data line 97]
      0.424      0.001     4.6852     77.460     38.796  38.748780     1.4029      7.290   186.5900 5.5151e+02     7.4581      0.414      0.602    24.9170 0.0000e+00
      0.426     -0.004     4.6330     76.784     38.777  38.732444     1.4064      7.285   186.6360 6.3726e+02     7.4463      0.417      0.605    24.9212 0.0000e+00
      0.427     -0.007     4.5765     76.153     38.749  38.706044     1.4028      7.284   186.8743 6.8771e+02     7.3685      0.421      0.611    24.9256 0.0000e+00
      0.422     -0.008     4.5243     75.594     38.725  38.683496     1.3939      7.282   187.1477 6.0896e+02     7.2707      0.415      0.603    24.9300 0.0000e+00
      0.415     -0.007     4.4823     75.119     38.691  38.650254     1.3944      7.274   187.5330 5.5756e+02     7.2145      0.405      0.588    24.9339 0.0000e+00
      0.410     -0.003     4.4441     74.750     38.661  38.621510     1.4095      7.258   188.0053 5.3405e+02     7.2129      0.401      0.582    24.9365 0.0000e+00
      0.410      0.002     4.4056     74.461     38.691  38.653355     1.4284      7.233   188.2985 4.7608e+02     7.3170      0.401      0.582    24.9385 0.0000e+00
      0.413      0.007     4.3738     74.145     38.753  38.717904     1.4405      7.199   188.3248 4.6783e+02     7.5226      0.404      0.586    24.9403 0.0000e+00
      0.419      0.010     4.3453     73.770     38.801  38.767175     1.4435      7.168   188.0650 5.3608e+02     7.6346      0.410      0.595    24.9420 0.0000e+00
      0.425      0.009     4.3234     73.374     38.837  38.804731     1.4478      7.149   187.7388 6.0815e+02     7.6222      0.417      0.604    24.9439 0.0000e+00
      0.430      0.006     4.3103     72.868     38.823  38.791131     1.4580      7.145   187.7354 6.6159e+02     7.5038      0.423      0.614    24.9462 0.0000e+00
      0.431      0.003     4.2928     72.215     38.761  38.729692     1.4626      7.147   188.1106 6.8662e+02     7.2838      0.424      0.615    24.9488 0.0000e+00
      0.427      0.001     4.2672     71.523     38.726  38.696670     1.4600      7.147   188.5758 6.5349e+02     7.1585      0.420      0.608    24.9506 0.0000e+00
      0.422      0.001     4.2487     70.856     38.737  38.709260     1.4612      7.146   188.8002 6.7181e+02     7.1685      0.413      0.599    24.9519 0.0000e+00
      0.421      0.001     4.2208     70.205     38.782  38.754959     1.4594      7.143   188.7577 6.7056e+02     7.2089      0.409      0.594    24.9530 0.0000e+00
      0.425      0.002     4.1784     69.565     38.831  38.804869     1.4385      7.139   188.6650 6.0212e+02     7.2859      0.416      0.604    24.9541 0.0000e+00
      0.430      0.002     4.1376     68.955     38.830  38.804879     1.4080      7.135   188.7117 5.7407e+02     7.3784      0.424      0.614    24.9557 0.0000e+00
      0.432      0.001     4.0991     68.367     38.780  38.755083     1.3942      7.129   188.8926 5.7993e+02     7.4096      0.426      0.617    24.9573 0.0000e+00
      0.431     -0.001     4.0623     67.794     38.735  38.710623     1.3925      7.114   189.1311 6.2553e+02     7.4013      0.425      0.615    24.9584 0.0000e+00
      0.427     -0.004     4.0235     67.251     38.610  38.584713     1.3880      7.089   189.3586 6.5340e+02     7.3429      0.419      0.607    24.9598 0.0000e+00
      0.422     -0.006     3.9891     66.886     38.345  38.311840     1.3911      7.066   189.4920 6.8980e+02     7.2276      0.412      0.597    24.9611 0.0000e+00
      0.422     -0.006     3.9552     67.438     38.140  38.077391     1.3965      7.051   189.5393 7.2365e+02     7.1555      0.413      0.598    24.9622 0.0000e+00
      0.424     -0.004     3.9213     70.202     38.082  37.971688     1.3925      7.042   189.5863 7.1179e+02     7.1595      0.417      0.606    24.9628 0.0000e+00
      0.423     -0.001     3.8899     75.667     38.078  37.922389     1.3768      7.034   189.7168 7.0299e+02     7.2090      0.416      0.603    24.9644 0.0000e+00
      0.420      0.002     3.8566     82.743     38.050  37.862111     1.3543      7.023   189.9128 7.1746e+02     7.2299      0.410      0.594    24.9621 0.0000e+00
      0.420      0.003     3.8561     89.999     38.030  37.814106     1.3450      7.006   190.0620 7.2464e+02     7.1838      0.411      0.596    24.9224 0.0000e+00
      0.422      0.002     4.0031     96.454     38.093  37.849732     1.3430      6.991   190.0583 6.1477e+02     7.1430      0.414      0.601    24.8487 0.0000e+00
      0.426      0.001     4.3608    101.449     38.168  37.911968     1.3388      6.986   190.1266 5.3979e+02     7.1624      0.418      0.606    24.7804 0.0000e+00
      0.429      0.001     4.8066    104.755     38.179  37.931814     1.3382      6.982   190.4574 5.6869e+02     7.2215      0.423      0.613    24.7443 0.0000e+00
      0.428      0.005     5.2458    106.330     38.134  37.899278     1.3360      6.964   190.8746 6.3554e+02     7.2347      0.422      0.611    24.7158 0.0000e+00
      0.421      0.013     5.6447    106.285     38.070  37.835983     1.3372      6.938   191.2127 6.7945e+02     7.1916      0.413      0.599    24.6638 0.0000e+00
      0.417      0.022     5.9373    105.109     38.048  37.801275     1.3705      6.920   191.4483 6.3944e+02     7.3228      0.404      0.588    24.6452 0.0000e+00
      0.425      0.028     6.1282    103.515     38.058  37.796987     1.4263      6.914   191.6585 5.9984e+02     7.6417      0.411      0.596    24.6704 0.0000e+00
      0.445      0.033     6.2174    102.055     38.057  37.784112     1.4566      6.914   191.7753 5.2369e+02     7.8359      0.439      0.637    24.6947 0.0000e+00
      0.464      0.034     6.2032    100.954     38.053  37.772547     1.4596      6.915   191.8277 5.1673e+02     7.8685      0.461      0.669    24.6952 0.0000e+00
      0.473      0.030     6.1215    100.235     38.068  37.784085     1.4625      6.916   191.9482 5.8671e+02     7.8711      0.464      0.673    24.6690 0.0000e+00
      0.477      0.021     6.0185     99.803     38.080  37.796665     1.4482      6.916   192.1133 5.7591e+02     7.7693      0.468      0.679    24.6482 0.0000e+00
      0.477      0.012     5.9324     99.545     38.080  37.797705     1.4085      6.915   192.3616 5.6734e+02     7.5552      0.468      0.680    24.6362 0.0000e+00
      0.474      0.007     5.8687     99.385     38.079  37.796663     1.3895      6.912   192.6280 5.7620e+02     7.4455      0.465      0.673    24.6227 0.0000e+00
      0.474      0.007     5.8302     99.234     38.068  37.784062     1.3928      6.909   192.8383 5.4618e+02     7.4590      0.464      0.672    24.6186 0.0000e+00
      0.477      0.008     5.8073     99.041     38.057  37.772293     1.3964      6.905   193.0978 4.9837e+02     7.4893      0.468      0.678    24.6210 0.0000e+00
      0.482      0.009     5.7928     98.808     38.067  37.781327     1.3979      6.902   193.3559 5.1886e+02     7.5164      0.473      0.686    24.6233 0.0000e+00
      0.486      0.010     5.7859     98.556     38.053  37.766334     1.4021      6.899   193.4651 5.6371e+02     7.5247      0.476      0.691    24.6237 0.0000e+00
      0.489      0.009     5.7786     98.350     38.008  37.717958     1.4130      6.895   193.5568 5.1172e+02     7.5246      0.481      0.697    24.6217 0.0000e+00
      0.490      0.006     5.7667     98.204     38.003  37.704223     1.4078      6.890   193.7761 4.8972e+02     7.3839      0.482      0.699    24.6189 0.0000e+00
      0.490      0.002     5.7540     98.075     38.034  37.727201     1.3911      6.885   193.9660 5.1060e+02     7.1010      0.481      0.697    24.6181 0.0000e+00
      0.491     -0.003     5.7365     97.992     38.051  37.741861     1.3843      6.880   194.0458 5.2224e+02     6.9549      0.482      0.698    24.6205 0.0000e+00
      0.491     -0.007     5.7245     97.980     38.058  37.754533     1.3952      6.876   194.0526 5.5754e+02     6.9610      0.482      0.700    24.6144 0.0000e+00
      0.489     -0.011     5.7203     97.993     38.048  37.753471     1.4104      6.873   194.0489 5.8614e+02     6.9789      0.480      0.696    24.5995 0.0000e+00
      0.484     -0.013     5.7123     97.997     38.018  37.729032     1.4026      6.870   194.2584 6.2597e+02     6.9739      0.476      0.690    24.5875 0.0000e+00
      0.478     -0.013     5.7069     97.983     38.006  37.712960     1.3872      6.865   194.5217 6.3990e+02     6.9666      0.470      0.681    24.5832 0.0000e+00
      0.473     -0.012     5.7071     97.918     37.993  37.686085     1.3898      6.859   194.6505 5.9614e+02     6.9891      0.463      0.671    24.5927 0.0000e+00
      0.470     -0.009     5.7070     97.793     37.980  37.657969     1.3997      6.849   194.8693 5.4144e+02     7.0493      0.460      0.667    24.6083 0.0000e+00
      0.469     -0.006     5.7054     97.647     37.961  37.626896     1.4025      6.838   195.1025 5.2255e+02     7.1368      0.459      0.666    24.6183 0.0000e+00
      0.471     -0.001     5.7065     97.530     37.907  37.564262     1.3973      6.828   195.2329 5.2085e+02     7.1950      0.462      0.670    24.6142 0.0000e+00
      0.472      0.003     5.7054     97.458     37.889  37.535411     1.3976      6.819   195.3274 5.0106e+02     7.2291      0.464      0.672    24.5907 0.0000e+00
      0.471      0.004     5.6996     97.388     37.898  37.531949     1.4068      6.809   195.3848 4.7269e+02     7.2210      0.461      0.669    24.5675 0.0000e+00
      0.471      0.004     5.6914     97.311     37.896  37.522374     1.4043      6.800   195.4110 4.7355e+02     7.1955      0.461      0.667    24.5534 0.0000e+00
      0.475      0.003     5.6847     97.282     37.925  37.546580     1.3937      6.792   195.3861 4.8435e+02     7.2159      0.467      0.677    24.5429 0.0000e+00
      0.477      0.002     5.6839     97.335     37.950  37.570717     1.3908      6.784   195.3416 4.9713e+02     7.2051      0.470      0.681    24.5280 0.0000e+00
      0.477      0.002     5.6825     97.444     37.937  37.560310     1.3959      6.778   195.3895 5.7300e+02     7.1957      0.468      0.678    24.5081 0.0000e+00
      0.476      0.001     5.6770     97.552     37.922  37.547710     1.4034      6.773   195.5349 6.2251e+02     7.2343      0.468      0.679    24.4991 0.0000e+00
      0.475      0.000     5.6749     97.619     37.920  37.545317     1.4025      6.767   195.7222 5.8607e+02     7.2131      0.465      0.675    24.4941 0.0000e+00
      0.474      0.000     5.6792     97.663     37.905  37.531383     1.3950      6.761   195.9339 5.4566e+02     7.1678      0.463      0.671    24.4912 0.0000e+00
      0.476      0.001     5.6860     97.706     37.878  37.506193     1.3898      6.756   196.1156 5.5102e+02     7.1787      0.467      0.677    24.4988 0.0000e+00
      0.478      0.003     5.6933     97.717     37.871  37.494653     1.3917      6.750   196.2842 5.7396e+02     7.2137      0.470      0.682    24.5022 0.0000e+00
      0.477      0.003     5.6970     97.713     37.902  37.518794     1.4005      6.745   196.4237 5.3763e+02     7.2300      0.468      0.677    24.4969 0.0000e+00
      0.477      0.003     5.6979     97.770     37.931  37.544167     1.4008      6.742   196.5119 4.8375e+02     7.2125      0.467      0.677    24.5007 0.0000e+00
      0.480      0.002     5.7015     97.903     37.932  37.547525     1.3960      6.742   196.6624 4.7736e+02     7.1988      0.470      0.682    24.5076 0.0000e+00
      0.481      0.002     5.7026     98.062     37.939  37.559397     1.4115      6.742   196.8665 4.7777e+02     7.2608      0.473      0.687    24.5003 0.0000e+00
      0.481      0.002     5.7009     98.172     37.933  37.560768     1.4403      6.741   197.0005 4.9937e+02     7.4048      0.472      0.685    24.4874 0.0000e+00
      0.481      0.002     5.7050     98.179     37.928  37.564115     1.4578      6.738   197.0785 5.3952e+02     7.4978      0.470      0.682    24.4821 0.0000e+00
      0.481      0.002     5.7134     98.084     37.955  37.599881     1.4507      6.735   197.2080 5.6805e+02     7.5008      0.471      0.684    24.4857 0.0000e+00
      0.481      0.002     5.7237     97.927     37.957  37.612375     1.4230      6.733   197.3614 5.6863e+02     7.6373      0.472      0.685    24.4929 0.0000e+00
      0.482      0.003     5.7304     97.747     37.924  37.588243     1.4008      6.730   197.5559 5.4653e+02     7.9368      0.473      0.686    24.5040 0.0000e+00
      0.484      0.003     5.7294     97.565     37.898  37.562012     1.3911      6.727   197.7524 5.4922e+02     8.1060      0.474      0.688    24.5150 0.0000e+00
      0.485      0.002     5.7222     97.440     37.892  37.549119     1.3833      6.724   197.8452 5.3293e+02     8.1101      0.475      0.689    24.5232 0.0000e+00
      0.486      0.001     5.7099     97.436     37.910  37.559298     1.3839      6.721   197.9042 4.9781e+02     8.0851      0.477      0.691    24.5402 0.0000e+00
      0.486     -0.001     5.6980     97.543     37.913  37.558124     1.4070      6.718   198.0347 4.7961e+02     7.9347      0.478      0.693    24.5575 0.0000e+00
      0.485     -0.003     5.6862     97.690     37.889  37.534916     1.4375      6.716   198.2182 4.7841e+02     7.6678      0.476      0.690    24.5540 0.0000e+00
      0.483     -0.004     5.6783     97.786     37.884  37.532591     1.4500      6.713   198.3172 4.9646e+02     7.5124      0.474      0.688    24.5406 0.0000e+00
      0.481     -0.004     5.6800     97.780     37.879  37.530020     1.4537      6.709   198.4567 4.9994e+02     7.4659      0.472      0.685    24.5296 0.0000e+00
      0.480     -0.003     5.6882     97.679     37.854  37.503839     1.4554      6.707   198.7004 4.8494e+02     7.4981      0.470      0.682    24.5226 0.0000e+00
      0.480     -0.001     5.6988     97.531     37.824  37.469926     1.4544      6.704   198.8546 5.2163e+02     7.6069      0.471      0.683    24.5249 0.0000e+00
      0.480      0.000     5.7050     97.416     37.796  37.437353     1.4580      6.702   198.9450 5.7773e+02     7.6670      0.471      0.684    24.5314 0.0000e+00
      0.480      0.001     5.7037     97.351     37.791  37.427366     1.4647      6.699   199.1050 5.8326e+02     7.7002      0.471      0.683    24.5343 0.0000e+00
      0.481      0.002     5.6977     97.308     37.786  37.412649     1.4916      6.695   199.2398 5.5612e+02     7.8122      0.472      0.684    24.5313 0.0000e+00
      0.482      0.002     5.6870     97.308     37.780  37.386345     1.5407      6.690   199.2840 5.3009e+02     7.9726      0.473      0.686    24.5260 0.0000e+00
      0.482      0.002     5.6805     97.350     37.786  37.363194     1.5730      6.685   199.3816 5.3466e+02     8.0671      0.473      0.686    24.5197 0.0000e+00
      0.483      0.002     5.6791     97.350     37.776  37.323116     1.5788      6.680   199.5598 5.4574e+02     8.1020      0.473      0.687    24.5145 0.0000e+00
      0.484      0.002     5.6762     97.238     37.771  37.282558     1.5408      6.675   199.7187 5.4362e+02     8.0339      0.475      0.689    24.5067 0.0000e+00
      0.484      0.001     5.6787     97.029     37.772  37.253611     1.4778      6.670   199.8402 5.3447e+02     7.8332      0.474      0.688    24.4778 0.0000e+00
      0.484      0.001     5.6885     96.760     37.756  37.226975     1.4598      6.667   199.9951 5.2412e+02     7.6747      0.474      0.687    24.4333 0.0000e+00
      0.484      0.002     5.6941     96.452     37.749  37.214384     1.4701      6.666   200.2151 4.7990e+02     7.6576      0.475      0.689    24.3978 0.0000e+00
      0.484      0.002     5.6917     96.146     37.778  37.228315     1.4976      6.661   200.4361 4.7100e+02     7.5936      0.475      0.689    24.3491 0.0000e+00
