Data/DataNotYetUploadedToEDI/Raw_CTD/RawDownloads/090219_fcr20.cnv
* Sea-Bird SBE19plus  Data File:
* FileName = C:\DATA\SBE19plus_01907809_2019_09_02_0002.hex
* Software version 2.8.0.119 SB_Terminal.dll
* Temperature SN = 7809
* Conductivity SN = 7809
* System UpLoad Time = Sep 02 2019 11:49:34
* <ApplicationData>
* <Seaterm232>
# nquan = 15
# nvalues = 396                         
# units = specified
# name 0 = depFM: Depth [fresh water, m]
# name 1 = dz/dtM: Descent Rate [m/s]
# name 2 = sbeox0ML/L: Oxygen, SBE 43 [ml/l]
# name 3 = sbeox0PS: Oxygen, SBE 43 [% saturation]
# name 4 = specc: Specific Conductance [uS/cm]
# name 5 = c0uS/cm: Conductivity [uS/cm]
# name 6 = flECO-AFL: Fluorescence, WET Labs ECO-AFL/FL [mg/m^3]
# name 7 = ph: pH
# name 8 = orp: Oxidation Reduction Potential [mV]
# name 9 = par/sat/log: PAR/Logarithmic, Satlantic
# name 10 = turbWETntu0: Turbidity, WET Labs ECO [NTU]
# name 11 = prdM: Pressure, Strain Gauge [db]
# name 12 = prdE: Pressure, Strain Gauge [psi]
# name 13 = tv290C: Temperature [ITS-90, deg C]
# name 14 = flag:  0.000e+00
# span 0 =     -0.553,      3.222       
# span 1 =     -0.185,      0.313       
# span 2 =    -0.3260,     6.7084       
# span 3 =     -5.005,    114.388       
# span 4 =      1.224,    109.051       
# span 5 =   1.211530,  94.713801       
# span 6 =    -2.0747,     3.6598       
# span 7 =      6.129,      8.305       
# span 8 =   157.6525,  1240.2295       
# span 9 = 7.9290e+00, 2.2657e+03       
# span 10 =    -2.0663,    54.3178      
# span 11 =     -0.543,      3.162      
# span 12 =     -0.788,      4.586      
# span 13 =    18.1911,    25.2073      
# span 14 = 0.0000e+00, 0.0000e+00      
# interval = seconds: 0.25
# start_time = Sep 02 2019 11:19:13 [Instrument's time stamp, header]
# bad_flag = -9.990e-29
*END*
     -0.553 8.3192e-16     5.7099     97.804      1.224   1.211530    -0.1116      6.232  1240.2295 7.8372e+02    -0.4621     -0.542     -0.786    24.4963 0.0000e+00
     -0.553 9.1511e-15     5.7086     97.800      1.261   1.248601    -0.1089      6.139  1240.2295 1.7012e+03    -0.4286     -0.543     -0.787    24.4964 0.0000e+00
     -0.553 1.0066e-13     5.7081     97.800      1.280   1.267551    -0.1207      6.129  1240.2295 2.1482e+03    -0.4443     -0.543     -0.787    24.4967 0.0000e+00
     -0.552 1.1073e-12     5.7079     97.814      1.263   1.250579    -0.1247      6.157  1240.2295 1.7708e+03    -0.4558     -0.542     -0.786    24.4965 0.0000e+00
     -0.552 1.2180e-11     5.7076     97.826      1.246   1.233469    -0.1050      6.182  1240.2295 9.8352e+02    -0.4691     -0.542     -0.786    24.4966 0.0000e+00
     -0.553 1.3398e-10     5.7075     97.826      1.263   1.250766    -0.0982      6.196  1240.2295 6.1016e+02    -0.5066     -0.542     -0.786    24.4964 0.0000e+00
     -0.553 1.4738e-09     5.7068     97.829      1.282   1.269631    -0.1117      6.202  1240.2295 1.0215e+03    -0.5486     -0.542     -0.786    24.4964 0.0000e+00
     -0.553 1.6212e-08     5.7083     97.837      1.284   1.271479    -0.1304      6.205  1240.2293 1.6673e+03    -0.5510     -0.542     -0.787    24.4963 0.0000e+00
     -0.553 1.7833e-07     5.7096     97.831      1.286   1.273105    -0.1598      6.208  1240.2278 2.0060e+03    -0.5025     -0.542     -0.786    24.4958 0.0000e+00
     -0.553      0.000     5.7088     97.814      1.302   1.289293    -0.1720      6.211  1240.2103 2.0832e+03    -0.4869     -0.542     -0.787    24.4956 0.0000e+00
     -0.553      0.000     5.7089     97.811      1.354   1.340487    -0.1566      6.216  1240.0181 2.1052e+03    -0.4937     -0.542     -0.787    24.4952 0.0000e+00
     -0.553      0.000     5.7103     97.825      1.655   1.638638    -0.1382      6.227  1237.9043 2.1099e+03    -0.4537     -0.542     -0.787    24.4950 0.0000e+00
     -0.553      0.003     5.7101     97.845      4.814   4.767493    -0.1230      6.298  1214.6523 2.1301e+03    -0.4285     -0.542     -0.786    24.4941 0.0000e+00
     -0.553      0.014     5.7079     97.865     15.219  15.087656    -0.1201      6.519   958.8807 2.1800e+03    -0.4514     -0.542     -0.787    24.4939 0.0000e+00
     -0.553      0.041     5.7081     97.876     28.664  28.460062    -0.1642      6.904   486.8641 2.2346e+03    -0.5011     -0.543     -0.787    24.4924 0.0000e+00
     -0.552      0.085     5.7092     97.878     35.791  35.613273    -0.6643      7.347   223.9531 2.2654e+03    -0.9320     -0.542     -0.786    24.4932 0.0000e+00
     -0.543      0.142     5.7106     97.884     37.154  37.060219    -1.5810      7.727   194.8247 2.2657e+03    -1.6957     -0.543     -0.788    24.4904 0.0000e+00
     -0.508      0.203     5.7111     97.947     37.344  37.323267    -2.0747      7.991   189.8265 2.2119e+03    -2.0663     -0.514     -0.745    24.4982 0.0000e+00
     -0.435      0.258     5.7017     98.157     37.316  37.333967    -2.0559      8.160   183.1365 1.8032e+03    -1.8079     -0.434     -0.629    24.5902 0.0000e+00
     -0.340      0.298     5.6857     98.583     37.240  37.253130    -1.3195      8.257   171.1528 1.3862e+03     1.6582     -0.335     -0.486    24.7425 0.0000e+00
     -0.240      0.313     5.6712     99.183     37.195  37.171022     0.0403      8.297   170.7223 1.6337e+03     8.0866     -0.233     -0.339    24.8738 0.0000e+00
     -0.145      0.301     5.6616     99.849     37.170  37.102833     0.7746      8.305   184.2123 1.9276e+03    11.6171     -0.136     -0.198    24.9819 0.0000e+00
     -0.065      0.266     5.6651    100.524     37.166  37.063341     0.8308      8.301   191.7788 1.4946e+03    11.9345     -0.058     -0.083    25.0430 0.0000e+00
     -0.003      0.220     5.6927    101.170     37.202  37.074311     0.8410      8.287   191.9998 6.5244e+02    11.8252      0.003      0.004    25.0256 0.0000e+00
      0.042      0.172     5.7374    101.746     37.254  37.108486     0.9064      8.262   192.2187 1.8424e+02    10.6227      0.046      0.066    24.9633 0.0000e+00
      0.072      0.127     5.7830    102.197     37.254  37.095677     1.0233      8.239   192.6191 1.2442e+02     8.4730      0.073      0.106    24.8993 0.0000e+00
      0.096      0.088     5.8282    102.457     37.215  37.046367     1.0930      8.225   192.8821 1.1125e+02     7.2994      0.095      0.137    24.8508 0.0000e+00
      0.116      0.056     5.8698    102.508     37.199  37.020063     1.0985      8.214   192.9898 1.0545e+02     7.1811      0.116      0.170    24.8199 0.0000e+00
      0.126      0.031     5.9065    102.399     37.222  37.031522     1.1075      8.199   193.4052 1.0043e+02     7.2074      0.127      0.185    24.7975 0.0000e+00
      0.126      0.013     5.9368    102.219     37.263  37.057954     1.1326      8.183   193.8611 9.8501e+01     7.2899      0.127      0.182    24.7789 0.0000e+00
      0.121     -0.001     5.9533    101.990     37.304  37.085729     1.1511      8.171   193.7692 9.9796e+01     7.3259      0.120      0.173    24.7661 0.0000e+00
      0.115     -0.009     5.9568    101.589     37.344  37.113432     1.1656      8.163   193.3277 1.0086e+02     7.2829      0.111      0.162    24.7552 0.0000e+00
      0.112     -0.010     5.9495    100.746     37.379  37.139007     1.1688      8.157   192.9969 1.0060e+02     7.2606      0.109      0.158    24.7400 0.0000e+00
      0.110     -0.008     5.9405     99.246     37.391  37.141042     1.1553      8.152   192.9524 1.0038e+02     7.3190      0.109      0.159    24.7190 0.0000e+00
      0.108     -0.006     5.9319     97.180     37.397  37.138016     1.1499      8.143   193.2194 1.0254e+02     7.3990      0.106      0.153    24.6991 0.0000e+00
      0.106     -0.009     5.9158     94.768     37.494  37.229355     1.1551      8.133   193.4724 1.0461e+02     7.4409      0.101      0.148    24.6853 0.0000e+00
      0.109     -0.014     5.8757     92.234     37.686  37.420240     1.1403      8.125   193.6888 1.0309e+02     7.4003      0.107      0.156    24.6733 0.0000e+00
      0.111     -0.018     5.7856     89.962     37.802  37.541759     1.1106      8.117   194.0288 1.0198e+02     7.3009      0.114      0.165    24.6599 0.0000e+00
      0.102     -0.018     5.6612     88.364     37.745  37.492616     1.0987      8.105   194.2273 1.0593e+02     7.2216      0.104      0.151    24.6475 0.0000e+00
      0.087     -0.016     5.5198     87.613     37.644  37.397351     1.1002      8.088   194.3678 1.1122e+02     7.1953      0.084      0.122    24.6383 0.0000e+00
      0.077     -0.012     5.3627     87.493     37.650  37.405513     1.0852      8.063   194.5240 1.1078e+02     7.2453      0.069      0.100    24.6380 0.0000e+00
      0.077     -0.006     5.2202     87.638     37.709  37.464361     1.0474      8.037   194.4809 1.0717e+02     7.3358      0.074      0.107    24.6490 0.0000e+00
      0.084      0.000     5.1210     87.798     37.719  37.474136     1.0246      8.020   194.2766 1.0543e+02     7.4038      0.083      0.121    24.6614 0.0000e+00
      0.089      0.005     5.0828     87.798     37.706  37.460229     1.0266      8.011   193.8603 1.0458e+02     7.4457      0.088      0.128    24.6675 0.0000e+00
      0.092      0.007     5.0855     87.491     37.671  37.423153     1.0286      8.006   190.3086 1.0432e+02     7.4480      0.090      0.131    24.6693 0.0000e+00
      0.092      0.009     5.0972     86.769     37.595  37.343223     1.0399      7.997   181.0168 1.0433e+02     7.3660      0.091      0.132    24.6699 0.0000e+00
      0.090      0.019     5.1104     85.631     37.513  37.255497     1.0684      7.978   171.3389 1.0419e+02     7.2410      0.089      0.129    24.6701 0.0000e+00
      0.088      0.036     5.1133     84.389     37.450  37.187619     1.0867      7.959   166.8188 1.0384e+02     7.1824      0.086      0.124    24.6692 0.0000e+00
      0.091      0.055     5.0978     83.629     37.422  37.157243     1.0962      7.945   165.2542 1.0244e+02     7.2136      0.083      0.121    24.6661 0.0000e+00
      0.107      0.069     5.0581     83.748     37.409  37.142108     1.1322      7.935   163.9499 9.7762e+01     7.3567      0.096      0.139    24.6603 0.0000e+00
      0.142      0.073     4.9867     84.573     37.399  37.131574     1.1837      7.928   163.0085 9.0577e+01     7.5688      0.140      0.202    24.6513 0.0000e+00
      0.180      0.067     4.9006     85.636     37.425  37.156827     1.2065      7.924   162.4760 8.6127e+01     7.6809      0.182      0.263    24.6429 0.0000e+00
      0.205      0.054     4.8454     86.634     37.462  37.193545     1.2089      7.920   162.1570 8.4823e+01     7.6637      0.207      0.299    24.6393 0.0000e+00
      0.212      0.035     4.8584     87.428     37.464  37.194690     1.2127      7.910   161.9913 8.4976e+01     7.5900      0.214      0.311    24.6383 0.0000e+00
      0.202      0.014     4.9193     87.892     37.441  37.170662     1.2087      7.895   161.8497 8.6107e+01     7.4779      0.197      0.286    24.6372 0.0000e+00
      0.192     -0.001     4.9865     87.934     37.430  37.156927     1.2050      7.882   161.6497 8.7046e+01     7.3902      0.182      0.263    24.6360 0.0000e+00
      0.194     -0.006     5.0461     87.616     37.430  37.155566     1.2104      7.872   161.2936 8.7890e+01     7.3814      0.190      0.275    24.6358 0.0000e+00
      0.199      0.000     5.0954     87.186     37.430  37.154194     1.1958      7.859   160.8131 8.9522e+01     7.4044      0.200      0.290    24.6354 0.0000e+00
      0.194      0.013     5.1252     86.862     37.420  37.140334     1.1586      7.839   160.2282 9.1005e+01     7.4393      0.189      0.274    24.6325 0.0000e+00
      0.189      0.022     5.1271     86.571     37.400  37.114933     1.1421      7.815   159.4703 9.0940e+01     7.4743      0.179      0.260    24.6292 0.0000e+00
      0.197      0.026     5.1028     86.129     37.391  37.100961     1.1527      7.799   158.8766 8.9936e+01     7.4683      0.190      0.275    24.6273 0.0000e+00
      0.216      0.029     5.0709     85.571     37.393  37.098340     1.1909      7.792   158.5560 8.8851e+01     7.4977      0.212      0.309    24.6256 0.0000e+00
      0.234      0.034     5.0557     85.101     37.382  37.083232     1.2488      7.780   158.3471 8.7967e+01     7.6001      0.234      0.340    24.6208 0.0000e+00
      0.239      0.036     5.0457     84.860     37.350  37.045233     1.2808      7.755   158.3298 8.7055e+01     7.6575      0.238      0.345    24.6130 0.0000e+00
      0.238      0.031     5.0190     84.804     37.331  37.019730     1.2829      7.731   158.4331 8.5722e+01     7.6335      0.230      0.334    24.6058 0.0000e+00
      0.242      0.023     4.9817     84.829     37.346  37.028761     1.2741      7.717   158.3056 8.4272e+01     7.5074      0.231      0.336    24.6003 0.0000e+00
      0.257      0.017     4.9510     84.957     37.351  37.027478     1.2695      7.709   157.9066 8.3415e+01     7.3128      0.253      0.368    24.5948 0.0000e+00
      0.268      0.013     4.9395     85.282     37.334  37.004213     1.2800      7.701   157.6525 8.3205e+01     7.2148      0.270      0.392    24.5870 0.0000e+00
      0.266      0.008     4.9405     85.729     37.338  37.001340     1.2880      7.694   157.7282 8.3035e+01     7.2068      0.262      0.380    24.5773 0.0000e+00
      0.260     -0.002     4.9421     85.999     37.336  36.992734     1.2802      7.689   158.1346 8.2333e+01     7.2157      0.252      0.365    24.5694 0.0000e+00
      0.261     -0.015     4.9466     85.849     37.312  36.963612     1.2719      7.686   158.6085 8.1170e+01     7.3225      0.255      0.370    24.5622 0.0000e+00
      0.262     -0.022     4.9670     85.342     37.321  36.966591     1.2827      7.680   158.8978 8.0777e+01     7.5160      0.260      0.379    24.5533 0.0000e+00
      0.255     -0.022     5.0024     84.758     37.325  36.965274     1.2973      7.671   159.2233 8.2357e+01     7.6214      0.254      0.369    24.5434 0.0000e+00
      0.239     -0.020     5.0251     84.288     37.313  36.947678     1.3023      7.661   159.6183 8.4762e+01     7.6125      0.233      0.337    24.5340 0.0000e+00
      0.227     -0.017     5.0154     83.858     37.315  36.944249     1.2997      7.650   159.9740 8.6255e+01     7.5397      0.218      0.316    24.5266 0.0000e+00
      0.227     -0.013     4.9789     83.322     37.299  36.923806     1.2913      7.638   160.3406 8.6780e+01     7.4623      0.222      0.322    24.5194 0.0000e+00
      0.231     -0.008     4.9405     82.730     37.270  36.890917     1.2869      7.626   160.6948 8.6710e+01     7.4634      0.228      0.330    24.5120 0.0000e+00
      0.233     -0.003     4.9165     82.270     37.246  36.863962     1.2816      7.615   160.9879 8.6128e+01     7.4546      0.228      0.331    24.5044 0.0000e+00
      0.232     -0.002     4.8972     82.062     37.237  36.851778     1.2711      7.606   161.3030 8.5378e+01     7.3885      0.227      0.329    24.4964 0.0000e+00
      0.231     -0.003     4.8648     82.097     37.260  36.870534     1.2634      7.600   161.4071 8.4951e+01     7.3525      0.227      0.329    24.4905 0.0000e+00
      0.229     -0.004     4.8251     82.223     37.292  36.900319     1.2670      7.590   161.0417 8.4826e+01     7.3804      0.224      0.325    24.4864 0.0000e+00
      0.225     -0.003     4.7968     82.241     37.288  36.894543     1.2797      7.580   160.7574 8.4806e+01     7.4312      0.220      0.319    24.4815 0.0000e+00
      0.223     -0.002     4.7846     82.044     37.258  36.864169     1.2958      7.570   160.8079 8.4463e+01     7.4423      0.218      0.316    24.4763 0.0000e+00
      0.225     -0.002     4.7907     81.627     37.245  36.850435     1.3146      7.560   160.7924 8.4138e+01     7.4159      0.221      0.320    24.4715 0.0000e+00
      0.228     -0.002     4.8036     81.025     37.251  36.855430     1.3245      7.550   160.7426 8.4428e+01     7.4071      0.224      0.325    24.4678 0.0000e+00
      0.228     -0.002     4.8067     80.283     37.257  36.861082     1.3288      7.541   160.8943 8.4842e+01     7.4337      0.224      0.325    24.4659 0.0000e+00
      0.226     -0.003     4.7950     79.522     37.252  36.855302     1.3404      7.533   161.1639 8.5054e+01     7.4422      0.222      0.322    24.4650 0.0000e+00
      0.223     -0.003     4.7696     78.884     37.246  36.849010     1.3438      7.523   161.3352 8.5249e+01     7.4117      0.219      0.317    24.4637 0.0000e+00
      0.221     -0.002     4.7346     78.446     37.246  36.848490     1.3347      7.513   161.5021 8.5361e+01     7.3935      0.216      0.313    24.4625 0.0000e+00
      0.221      0.000     4.6884     78.199     37.247  36.849010     1.3342      7.505   161.8919 8.5025e+01     7.4185      0.216      0.313    24.4614 0.0000e+00
      0.222      0.004     4.6405     78.083     37.253  36.855300     1.3379      7.497   162.2621 8.4523e+01     7.4525      0.218      0.316    24.4606 0.0000e+00
      0.223      0.006     4.6019     78.013     37.259  36.861061     1.3365      7.484   162.4509 8.4114e+01     7.4102      0.219      0.317    24.4603 0.0000e+00
      0.226      0.007     4.5765     77.898     37.253  36.855189     1.3347      7.467   162.7115 8.3945e+01     7.3012      0.220      0.320    24.4600 0.0000e+00
      0.229      0.007     4.5637     77.673     37.245  36.847783     1.3332      7.452   162.9188 8.3836e+01     7.2152      0.225      0.326    24.4599 0.0000e+00
      0.232      0.006     4.5584     77.323     37.232  36.834984     1.3352      7.439   162.9782 8.3349e+01     7.1897      0.229      0.331    24.4604 0.0000e+00
      0.234      0.003     4.5565     76.831     37.224  36.827387     1.3508      7.429   163.1714 8.3088e+01     7.1899      0.230      0.333    24.4606 0.0000e+00
