Data/DataNotYetUploadedToEDI/Raw_CTD/RawDownloads/090219_fcr20.cnv
* Sea-Bird SBE19plus  Data File:
* FileName = C:\DATA\SBE19plus_01907809_2019_09_02_0002.hex
* Software version 2.8.0.119 SB_Terminal.dll
* Temperature SN = 7809
* Conductivity SN = 7809
* System UpLoad Time = Sep 02 2019 11:49:34
* <ApplicationData>
* <Seaterm232>
# nquan = 15
# nvalues = 396                         
# units = specified
# name 0 = depFM: Depth [fresh water, m]
# name 1 = dz/dtM: Descent Rate [m/s]
# name 2 = sbeox0ML/L: Oxygen, SBE 43 [ml/l]
# name 3 = sbeox0PS: Oxygen, SBE 43 [% saturation]
# name 4 = specc: Specific Conductance [uS/cm]
# name 5 = c0uS/cm: Conductivity [uS/cm]
# name 6 = flECO-AFL: Fluorescence, WET Labs ECO-AFL/FL [mg/m^3]
# name 7 = ph: pH
# name 8 = orp: Oxidation Reduction Potential [mV]
# name 9 = par/sat/log: PAR/Logarithmic, Satlantic
# name 10 = turbWETntu0: Turbidity, WET Labs ECO [NTU]
# name 11 = prdM: Pressure, Strain Gauge [db]
# name 12 = prdE: Pressure, Strain Gauge [psi]
# name 13 = tv290C: Temperature [ITS-90, deg C]
# name 14 = flag:  0.000e+00
# span 0 =     -0.553,      3.222       
# span 1 =     -0.185,      0.313       
# span 2 =    -0.3260,     6.7084       
# span 3 =     -5.005,    114.388       
# span 4 =      1.224,    109.051       
# span 5 =   1.211530,  94.713801       
# span 6 =    -2.0747,     3.6598       
# span 7 =      6.129,      8.305       
# span 8 =   157.6525,  1240.2295       
# span 9 = 7.9290e+00, 2.2657e+03       
# span 10 =    -2.0663,    54.3178      
# span 11 =     -0.543,      3.162      
# span 12 =     -0.788,      4.586      
# span 13 =    18.1911,    25.2073      
# span 14 = 0.0000e+00, 0.0000e+00      
# interval = seconds: 0.25
# start_time = Sep 02 2019 11:19:13 [Instrument's time stamp, header]
# bad_flag = -9.990e-29
*END*
[from data line 290]
      0.452      0.231     5.7658    100.840     37.301  36.794983     1.3345      6.769   196.1730 6.1229e+01     7.4299      0.452      0.655    24.5194 0.0000e+00
      0.512      0.209     5.7859    101.609     37.305  36.771910     1.3423      6.773   196.5032 5.6283e+01     7.4817      0.505      0.734    24.4585 0.0000e+00
      0.561      0.182     5.8129    102.244     37.305  36.751676     1.3591      6.776   197.0744 5.2383e+01     7.3949      0.552      0.800    24.4066 0.0000e+00
      0.601      0.154     5.8528    102.683     37.306  36.740732     1.3809      6.779   197.6590 4.9530e+01     7.2334      0.593      0.860    24.3581 0.0000e+00
      0.634      0.133     5.9036    103.041     37.341  36.766516     1.3981      6.778   197.9799 4.7520e+01     7.1675      0.624      0.906    24.3124 0.0000e+00
      0.658      0.122     5.9569    103.431     37.391  36.809518     1.4025      6.775   197.9423 4.6039e+01     7.1879      0.647      0.938    24.2747 0.0000e+00
      0.679      0.113     5.9993    103.791     37.405  36.816348     1.3997      6.773   197.8067 4.5211e+01     7.2502      0.663      0.962    24.2492 0.0000e+00
      0.708      0.105     6.0230    104.019     37.379  36.785621     1.3991      6.775   197.8033 4.4867e+01     7.3308      0.690      1.001    24.2338 0.0000e+00
      0.744      0.095     6.0413    104.114     37.351  36.755353     1.3944      6.778   197.9013 4.4795e+01     7.3765      0.731      1.060    24.2243 0.0000e+00
      0.776      0.086     6.0677    104.139     37.362  36.767734     1.3957      6.782   198.0452 4.4934e+01     7.4092      0.766      1.109    24.2160 0.0000e+00
      0.796      0.077     6.0929    104.140     37.401  36.808380     1.4228      6.786   198.1666 4.5051e+01     7.4314      0.783      1.136    24.2061 0.0000e+00
      0.806      0.067     6.1066    104.110     37.393  36.802490     1.4620      6.788   198.2492 4.5058e+01     7.4482      0.791      1.146    24.1983 0.0000e+00
      0.813      0.057     6.1109    104.010     37.350  36.759991     1.4805      6.789   198.3562 4.5037e+01     7.4492      0.796      1.153    24.1959 0.0000e+00
      0.825      0.051     6.1107    103.835     37.332  36.738843     1.4720      6.792   198.5998 4.4993e+01     7.4432      0.807      1.170    24.1982 0.0000e+00
      0.843      0.051     6.1108    103.633     37.336  36.737210     1.4550      6.792   199.0434 4.4923e+01     7.5067      0.827      1.199    24.2018 0.0000e+00
      0.860      0.057     6.1098    103.485     37.346  36.740239     1.4306      6.790   199.5049 4.4807e+01     7.5936      0.846      1.228    24.2070 0.0000e+00
      0.870      0.067     6.1037    103.462     37.396  36.775445     1.4119      6.786   199.8771 4.4537e+01     7.6091      0.856      1.241    24.2080 0.0000e+00
      0.879      0.077     6.0936    103.531     37.493  36.845500     1.4107      6.783   200.1890 4.4112e+01     7.5964      0.858      1.244    24.1999 0.0000e+00
      0.898      0.085     6.0807    103.605     37.569  36.889033     1.4069      6.783   200.4368 4.3872e+01     7.6033      0.874      1.267    24.1920 0.0000e+00
      0.928      0.093     6.0702    103.606     37.567  36.857437     1.4436      6.782   200.7215 4.4123e+01     7.6601      0.910      1.319    24.1880 0.0000e+00
      0.961      0.103     6.0717    103.409     37.515  36.780790     1.5338      6.779   201.0496 4.4565e+01     7.7587      0.946      1.372    24.1722 0.0000e+00
      0.990      0.113     6.0827    102.834     37.478  36.723936     1.5883      6.775   201.3071 4.4686e+01     7.8124      0.973      1.411    24.1342 0.0000e+00
      1.013      0.122     6.0928    101.759     37.452  36.677776     1.5988      6.770   201.4253 4.4710e+01     7.8507      0.994      1.441    24.0888 0.0000e+00
      1.038      0.129     6.1005    100.309     37.465  36.666952     1.6442      6.768   201.4467 4.5088e+01     7.9925      1.015      1.472    24.0469 0.0000e+00
      1.071      0.136     6.0965     98.878     37.615  36.783453     1.7296      6.769   201.4798 4.5588e+01     8.2165      1.046      1.517    24.0138 0.0000e+00
      1.113      0.141     6.0694     97.880     37.816  36.943813     1.7811      6.770   201.5674 4.5807e+01     8.3295      1.090      1.581    23.9878 0.0000e+00
      1.159      0.144     6.0070     97.556     37.929  37.018974     1.7814      6.771   201.8175 4.5854e+01     8.3108      1.139      1.652    23.9625 0.0000e+00
      1.199      0.143     5.9144     97.863     38.060  37.120911     1.7853      6.773   202.2670 4.5990e+01     8.1864      1.178      1.709    23.9336 0.0000e+00
      1.233      0.138     5.8255     98.436     38.191  37.224176     1.8194      6.773   202.7863 4.6196e+01     7.9724      1.211      1.756    23.8925 0.0000e+00
      1.263      0.132     5.7669     98.859     38.057  37.061496     1.8468      6.769   203.2773 4.6363e+01     7.8874      1.240      1.797    23.8408 0.0000e+00
      1.293      0.127     5.7533     98.906     37.702  36.677277     1.8485      6.764   203.7306 4.6452e+01     7.9122      1.268      1.837    23.7886 0.0000e+00
      1.325      0.124     5.7843     98.485     37.443  36.386949     1.8831      6.759   204.3088 4.6523e+01     7.8783      1.300      1.885    23.7576 0.0000e+00
      1.358      0.124     5.8310     97.594     37.368  36.280434     1.9623      6.754   204.7613 4.6541e+01     7.8700      1.332      1.932    23.7360 0.0000e+00
      1.391      0.124     5.8642     96.348     37.327  36.214496     2.0079      6.749   204.8141 4.6365e+01     7.9106      1.364      1.979    23.6899 0.0000e+00
      1.423      0.123     5.8755     95.102     37.295  36.160896     2.0184      6.746   204.9473 4.6099e+01     7.9097      1.397      2.026    23.6337 0.0000e+00
      1.453      0.122     5.8558     94.328     37.363  36.203568     2.0638      6.745   205.3401 4.5747e+01     7.9579      1.425      2.066    23.5815 0.0000e+00
      1.485      0.120     5.8071     94.232     37.474  36.286105     2.1397      6.746   205.6914 4.5243e+01     8.0680      1.455      2.110    23.5353 0.0000e+00
      1.516      0.119     5.7292     94.706     37.549  36.333679     2.1827      6.746   205.9244 4.4740e+01     8.1260      1.488      2.158    23.5031 0.0000e+00
      1.544      0.117     5.6445     95.538     37.640  36.397915     2.1930      6.747   206.1785 4.4158e+01     8.1354      1.514      2.195    23.4756 0.0000e+00
      1.574      0.114     5.5982     96.440     37.760  36.491497     2.2030      6.748   206.4408 4.3423e+01     8.1164      1.542      2.236    23.4430 0.0000e+00
      1.605      0.109     5.6000     97.046     37.868  36.576535     2.2437      6.748   206.6871 4.2711e+01     8.0931      1.576      2.286    23.4087 0.0000e+00
      1.635      0.102     5.6361     97.102     37.913  36.600934     2.3208      6.748   207.0046 4.2069e+01     8.0828      1.604      2.327    23.3762 0.0000e+00
      1.661      0.094     5.6938     96.532     37.859  36.532589     2.3720      6.747   207.2693 4.1474e+01     8.0900      1.629      2.362    23.3441 0.0000e+00
      1.684      0.087     5.7610     95.383     37.785  36.448359     2.3861      6.746   207.4787 4.0958e+01     8.1138      1.653      2.397    23.3136 0.0000e+00
      1.703      0.083     5.8050     93.825     37.820  36.471106     2.3784      6.744   207.8148 4.0612e+01     8.1085      1.672      2.424    23.2877 0.0000e+00
      1.718      0.085     5.8117     92.093     37.988  36.617186     2.3481      6.741   208.3219 4.0348e+01     8.0927      1.683      2.442    23.2627 0.0000e+00
      1.735      0.093     5.7803     90.396     38.154  36.754706     2.3318      6.736   209.1362 3.9850e+01     8.0862      1.700      2.465    23.2394 0.0000e+00
      1.757      0.104     5.7084     88.864     38.165  36.737414     2.3466      6.731   210.1747 3.9056e+01     8.0619      1.722      2.497    23.2255 0.0000e+00
      1.786      0.117     5.6119     87.543     38.053  36.598490     2.4926      6.724   210.8119 3.8066e+01     8.0615      1.749      2.537    23.2145 0.0000e+00
      1.821      0.129     5.5050     86.258     38.023  36.534816     2.7701      6.717   210.9900 3.6901e+01     8.0816      1.785      2.589    23.1940 0.0000e+00
      1.859      0.135     5.4055     84.759     38.132  36.602207     2.9279      6.713   211.2100 3.5681e+01     8.0752      1.822      2.645    23.1625 0.0000e+00
      1.898      0.135     5.3144     83.052     38.218  36.651592     2.9431      6.712   211.5787 3.4457e+01     8.0496      1.861      2.700    23.1252 0.0000e+00
      1.936      0.128     5.2435     81.277     38.215  36.624093     3.0317      6.711   211.9201 3.3272e+01     7.9035      1.900      2.755    23.0859 0.0000e+00
      1.970      0.118     5.1802     79.474     38.192  36.587050     3.2019      6.711   212.0690 3.2327e+01     7.6190      1.935      2.806    23.0389 0.0000e+00
      1.998      0.107     5.0926     77.584     38.196  36.584524     3.2848      6.711   212.0881 3.1592e+01     7.4289      1.962      2.845    22.9873 0.0000e+00
      2.021      0.098     4.9906     75.598     38.204  36.593532     3.2801      6.710   212.2368 3.0945e+01     7.3754      1.982      2.875    22.9416 0.0000e+00
      2.041      0.093     4.8863     73.715     38.174  36.569031     3.2573      6.708   212.5761 3.0398e+01     7.2663      2.001      2.903    22.9077 0.0000e+00
      2.060      0.093     4.7817     72.276     38.147  36.542178     3.2090      6.705   212.8356 2.9829e+01     7.0924      2.019      2.929    22.8886 0.0000e+00
      2.082      0.096     4.6700     71.457     38.137  36.522742     3.1722      6.704   213.0512 2.9071e+01     6.9770      2.039      2.958    22.8820 0.0000e+00
      2.109      0.101     4.5462     71.169     38.165  36.524437     3.1685      6.703   213.3754 2.8093e+01     6.9204      2.066      2.998    22.8859 0.0000e+00
      2.139      0.106     4.4220     71.165     38.314  36.626109     3.1811      6.702   213.7440 2.7039e+01     6.8670      2.097      3.043    22.8949 0.0000e+00
      2.168      0.111     4.3321     71.198     38.544  36.799898     3.2731      6.699   214.2386 2.6133e+01     6.5600      2.128      3.086    22.8957 0.0000e+00
      2.195      0.116     4.2860     71.004     38.777  36.975342     3.4393      6.696   214.7959 2.5304e+01     5.9940      2.154      3.123    22.8849 0.0000e+00
      2.223      0.122     4.2774     70.201     38.952  37.097012     3.5348      6.693   215.4059 2.4348e+01     5.6611      2.178      3.158    22.8538 0.0000e+00
      2.253      0.128     4.2874     68.510     39.098  37.191882     3.5517      6.689   215.9356 2.3310e+01     5.6155      2.208      3.202    22.7953 0.0000e+00
      2.287      0.134     4.2981     65.911     39.326  37.360646     3.5828      6.685   216.1242 2.2267e+01     5.5414      2.242      3.252    22.7309 0.0000e+00
      2.323      0.136     4.3014     62.463     39.582  37.550586     3.6340      6.683   216.0507 2.1161e+01     5.4205      2.278      3.302    22.6705 0.0000e+00
      2.363      0.133     4.2653     58.390     39.807  37.711051     3.6598      6.681   215.9084 2.0042e+01     5.3990      2.318      3.361    22.6137 0.0000e+00
      2.403      0.128     4.1647     54.270     40.062  37.904264     3.6509      6.680   215.9527 1.9110e+01     5.4123      2.359      3.421    22.5593 0.0000e+00
      2.437      0.120     4.0119     50.848     40.320  38.109304     3.5701      6.677   216.1556 1.8473e+01     5.3179      2.393      3.471    22.4984 0.0000e+00
      2.462      0.111     3.8058     48.678     40.474  38.222322     3.4281      6.675   216.3818 1.8043e+01     5.1763      2.416      3.504    22.4304 0.0000e+00
      2.483      0.105     3.5485     47.612     40.537  38.255070     3.3556      6.672   216.6231 1.7582e+01     5.1091      2.433      3.529    22.3602 0.0000e+00
      2.507      0.102     3.2863     46.656     40.695  38.378265     3.3362      6.668   216.8363 1.7025e+01     5.0959      2.458      3.564    22.2982 0.0000e+00
      2.533      0.103     3.0652     44.709     41.200  38.823120     3.0628      6.664   217.0666 1.6504e+01     5.0490      2.485      3.603    22.2503 0.0000e+00
      2.559      0.108     2.9368     41.273     42.375  39.888442     2.5553      6.660   217.3428 1.6004e+01     4.9680      2.509      3.639    22.2115 0.0000e+00
      2.588      0.112     2.8994     36.379     44.199  41.546086     2.2813      6.656   217.5090 1.5481e+01     4.9360      2.538      3.679    22.1786 0.0000e+00
      2.618      0.113     2.8721     30.335     45.753  42.930393     2.2463      6.653   217.5272 1.4949e+01     4.9241      2.567      3.723    22.1491 0.0000e+00
      2.650      0.110     2.7620     23.460     46.297  43.356616     2.0808      6.650   217.6491 1.4423e+01     4.6933      2.598      3.768    22.1156 0.0000e+00
      2.681      0.105     2.5542     16.207     46.428  43.397874     1.7713      6.646   217.8636 1.3956e+01     4.2761      2.631      3.816    22.0696 0.0000e+00
      2.709      0.100     2.2492      9.422     47.080  43.937071     1.5988      6.641   218.0564 1.3595e+01     4.0411      2.659      3.856    22.0027 0.0000e+00
      2.730      0.094     1.8755      3.812     48.275  44.986682     1.5813      6.634   218.5182 1.3296e+01     4.0141      2.678      3.884    21.9151 0.0000e+00
      2.749      0.089     1.4533     -0.347     49.370  45.928896     1.5782      6.628   219.3171 1.2975e+01     4.0164      2.694      3.908    21.8185 0.0000e+00
      2.771      0.085     0.9840     -3.093     50.433  46.820221     1.5611      6.622   219.9720 1.2649e+01     4.0686      2.717      3.941    21.7254 0.0000e+00
      2.793      0.087     0.5532     -4.582     52.455  48.587520     1.5308      6.614   220.1548 1.2374e+01     4.1537      2.741      3.974    21.6531 0.0000e+00
      2.814      0.092     0.2022     -5.005     56.065  51.800613     1.5157      6.604   220.0650 1.2124e+01     4.1941      2.760      4.003    21.5945 0.0000e+00
      2.834      0.097    -0.0521     -4.694     60.010  55.244061     1.5251      6.595   220.0060 1.1858e+01     4.2287      2.778      4.030    21.5194 0.0000e+00
      2.859      0.101    -0.2174     -3.983     63.137  57.824113     1.6097      6.586   220.1287 1.1527e+01     4.3092      2.800      4.062    21.4164 0.0000e+00
      2.890      0.105    -0.3088     -3.074     67.081  61.076294     1.7586      6.576   220.4299 1.1159e+01     4.4152      2.834      4.110    21.3109 0.0000e+00
      2.922      0.106    -0.3260     -2.057     72.926  66.032269     1.8342      6.565   220.8949 1.0850e+01     4.4604      2.867      4.158    21.2203 0.0000e+00
      2.949      0.106    -0.3006     -1.035     79.116  71.283657     1.8307      6.553   221.7926 1.0594e+01     4.4301      2.892      4.195    21.0635 0.0000e+00
      2.975      0.102    -0.2525     -0.128     83.956  75.300982     1.8019      6.539   222.7657 1.0341e+01     4.4093      2.917      4.231    20.8047 0.0000e+00
      3.000      0.097    -0.1963      0.609     87.948  78.551881     1.7554      6.525   222.9386 1.0086e+01     4.4384      2.943      4.269    20.5254 0.0000e+00
      3.025      0.094    -0.1304      1.182     92.987  82.732610     1.7274      6.508   222.3347 9.8587e+00     4.4873      2.967      4.304    20.2746 0.0000e+00
      3.046      0.092    -0.0624      1.631     99.001  87.744155     1.7237      6.487   221.7452 9.6469e+00     4.5092      2.987      4.332    20.0523 0.0000e+00
      3.067      0.090    -0.0044      1.989    103.357  91.234865     1.8234      6.468   222.0051 9.4074e+00     4.6037      3.005      4.359    19.8397 0.0000e+00
