Data/DataNotYetUploadedToEDI/Raw_CTD/RawDownloads/090219_fcr45.cnv
* Sea-Bird SBE19plus  Data File:
* FileName = C:\DATA\SBE19plus_01907809_2019_09_02_0004.hex
* Software version 2.8.0.119 SB_Terminal.dll
* Temperature SN = 7809
* Conductivity SN = 7809
* System UpLoad Time = Sep 02 2019 11:50:02
* <ApplicationData>
* <Seaterm232>
# nquan = 15
# nvalues = 425                         
# units = specified
# name 0 = depFM: Depth [fresh water, m]
# name 1 = dz/dtM: Descent Rate [m/s]
# name 2 = sbeox0ML/L: Oxygen, SBE 43 [ml/l]
# name 3 = sbeox0PS: Oxygen, SBE 43 [% saturation]
# name 4 = specc: Specific Conductance [uS/cm]
# name 5 = c0uS/cm: Conductivity [uS/cm]
# name 6 = flECO-AFL: Fluorescence, WET Labs ECO-AFL/FL [mg/m^3]
# name 7 = ph: pH
# name 8 = orp: Oxidation Reduction Potential [mV]
# name 9 = par/sat/log: PAR/Logarithmic, Satlantic
# name 10 = turbWETntu0: Turbidity, WET Labs ECO [NTU]
# name 11 = prdM: Pressure, Strain Gauge [db]
# name 12 = prdE: Pressure, Strain Gauge [psi]
# name 13 = tv290C: Temperature [ITS-90, deg C]
# name 14 = flag:  0.000e+00
# span 0 =     -0.548,      7.518       
# span 1 =     -0.207,      0.311       
# span 2 =    -0.2508,     6.6955       
# span 3 =     -3.809,    112.107       
# span 4 =      6.560,    110.282       
# span 5 =   6.162976,  81.145120       
# span 6 =    -0.2769,     8.0337       
# span 7 =      6.243,      7.336       
# span 8 =   113.2572,   416.2673       
# span 9 = 1.2350e-01, 1.7961e+03       
# span 10 =    -6.1809,    80.1440      
# span 11 =     -0.539,      7.373      
# span 12 =     -0.781,     10.694      
# span 13 =    11.7474,    25.1787      
# span 14 = 0.0000e+00, 0.0000e+00      
# interval = seconds: 0.25
# start_time = Sep 02 2019 11:28:23 [Instrument's time stamp, header]
# bad_flag = -9.990e-29
*END*
[from data line 193]
      0.590      0.193     5.8608     97.584     37.215  36.567636     1.5372      6.969   180.1477 1.2672e+02     8.1197      0.576      0.835    24.4378 0.0000e+00
      0.651      0.209     5.8416     96.450     37.196  36.451252     1.5385      6.984   177.4497 1.1489e+02     8.1043      0.642      0.931    24.4192 0.0000e+00
      0.708      0.223     5.8145     95.574     37.176  36.342044     1.5382      6.997   175.5783 1.0791e+02     8.1058      0.694      1.007    24.3822 0.0000e+00
      0.766      0.232     5.7818     95.609     37.175  36.262631     1.6370      7.007   174.9005 9.9992e+01     8.2028      0.749      1.085    24.2690 0.0000e+00
      0.827      0.237     5.7389     97.039     37.165  36.189141     1.8316      7.016   174.9330 9.1667e+01     8.2941      0.812      1.178    24.1227 0.0000e+00
      0.887      0.238     5.6779     99.652     37.115  36.088097     1.9408      7.024   175.3694 8.6456e+01     8.3241      0.871      1.264    23.9889 0.0000e+00
      0.946      0.236     5.6244    102.796     37.068  35.992914     1.9599      7.029   176.0472 8.1209e+01     8.3364      0.926      1.343    23.8667 0.0000e+00
      1.011      0.231     5.6227    105.913     37.052  35.926806     2.1069      7.032   176.8478 7.4613e+01     8.5419      0.991      1.437    23.7601 0.0000e+00
      1.077      0.220     5.7233    108.603     37.032  35.859946     2.3907      7.036   177.4782 6.9213e+01     8.9400      1.059      1.536    23.6734 0.0000e+00
      1.134      0.204     5.9035    110.590     37.031  35.819148     2.5560      7.040   178.0758 6.5305e+01     9.1850      1.115      1.617    23.6099 0.0000e+00
      1.183      0.185     6.1064    111.692     37.060  35.814290     2.5705      7.042   178.9112 6.2013e+01     9.2093      1.160      1.683    23.5473 0.0000e+00
      1.227      0.165     6.3097    111.889     37.073  35.801160     2.5746      7.041   179.7495 5.8968e+01     9.0709      1.206      1.749    23.4747 0.0000e+00
      1.264      0.148     6.4821    111.338     37.079  35.787294     2.5972      7.039   180.3810 5.6421e+01     8.8553      1.244      1.805    23.4079 0.0000e+00
      1.294      0.135     6.6118    110.261     37.085  35.773552     2.6097      7.036   181.0400 5.4344e+01     8.7314      1.269      1.840    23.3561 0.0000e+00
      1.324      0.128     6.6838    108.863     37.091  35.761919     2.6137      7.033   181.8670 5.2425e+01     8.7209      1.297      1.881    23.3101 0.0000e+00
      1.355      0.126     6.6955    107.281     37.117  35.773555     2.6188      7.031   182.6375 5.0903e+01     8.7609      1.331      1.930    23.2761 0.0000e+00
      1.386      0.126     6.6610    105.577     37.143  35.787278     2.6197      7.027   183.0434 4.9519e+01     8.7889      1.359      1.972    23.2538 0.0000e+00
      1.418      0.128     6.5951    103.683     37.168  35.800889     2.6248      7.023   183.3324 4.7958e+01     8.7969      1.390      2.016    23.2251 0.0000e+00
      1.453      0.128     6.5127    101.563     37.194  35.811173     2.6279      7.019   184.1531 4.6441e+01     8.7920      1.424      2.066    23.2008 0.0000e+00
      1.488      0.130     6.4174     99.373     37.183  35.784653     2.6221      7.014   185.3949 4.5004e+01     8.7308      1.461      2.119    23.1840 0.0000e+00
      1.521      0.133     6.3198     97.305     37.146  35.734096     2.6161      7.009   186.2155 4.3705e+01     8.6138      1.494      2.168    23.1698 0.0000e+00
      1.551      0.135     6.2106     95.444     37.136  35.707629     2.6160      7.006   186.6750 4.2460e+01     8.5566      1.520      2.205    23.1585 0.0000e+00
      1.583      0.135     6.0806     93.729     37.170  35.718499     2.6214      7.003   187.5090 4.0803e+01     8.5632      1.548      2.246    23.1366 0.0000e+00
      1.622      0.133     5.9483     92.064     37.219  35.738554     2.6381      6.999   188.6428 3.8822e+01     8.3995      1.589      2.306    23.1117 0.0000e+00
      1.662      0.131     5.8241     90.505     37.272  35.759654     2.6620      6.995   189.5422 3.7076e+01     8.0514      1.634      2.370    23.0951 0.0000e+00
      1.697      0.131     5.7166     89.173     37.327  35.783170     2.6758      6.990   190.1233 3.5694e+01     7.8613      1.666      2.416    23.0741 0.0000e+00
      1.725      0.132     5.6209     88.043     37.407  35.832425     2.6834      6.984   190.5924 3.4461e+01     7.8704      1.692      2.455    23.0433 0.0000e+00
      1.753      0.136     5.5229     86.901     37.517  35.910860     2.6936      6.976   191.1700 3.3205e+01     7.8660      1.718      2.492    23.0067 0.0000e+00
      1.784      0.142     5.4294     85.454     37.608  35.969847     2.7551      6.970   191.9450 3.1867e+01     7.8085      1.747      2.534    22.9666 0.0000e+00
      1.822      0.151     5.3541     83.539     37.713  36.037822     2.8642      6.965   192.7367 3.0412e+01     7.7331      1.785      2.588    22.9256 0.0000e+00
      1.866      0.160     5.2946     81.127     37.880  36.161465     2.9205      6.962   193.5152 2.8886e+01     7.6754      1.828      2.651    22.8881 0.0000e+00
      1.913      0.167     5.2372     78.200     38.087  36.322267     2.9329      6.958   194.2158 2.7475e+01     7.6024      1.876      2.720    22.8553 0.0000e+00
      1.958      0.171     5.1570     74.790     38.269  36.458694     3.0131      6.955   194.5828 2.6265e+01     7.0474      1.922      2.786    22.8197 0.0000e+00
      2.001      0.169     5.0450     70.962     38.395  36.541504     3.1447      6.953   194.7688 2.5126e+01     6.0104      1.962      2.845    22.7750 0.0000e+00
      2.044      0.163     4.9053     66.637     38.518  36.625265     3.2060      6.950   195.0881 2.3972e+01     5.3881      2.004      2.907    22.7262 0.0000e+00
      2.088      0.155     4.7330     61.828     38.703  36.773193     3.2168      6.947   195.4317 2.2937e+01     5.2582      2.048      2.971    22.6784 0.0000e+00
      2.128      0.148     4.5270     56.817     39.032  37.060584     3.2583      6.944   195.5685 2.2094e+01     4.7678      2.087      3.028    22.6312 0.0000e+00
      2.163      0.143     4.3037     51.774     39.457  37.434158     3.3179      6.940   195.7097 2.1357e+01     3.8835      2.122      3.078    22.5788 0.0000e+00
      2.195      0.138     4.0485     46.747     39.824  37.735419     3.3475      6.934   196.1919 2.0659e+01     3.3819      2.152      3.122    22.5332 0.0000e+00
      2.228      0.137     3.7482     41.841     40.206  38.037064     3.3211      6.927   197.0966 2.0001e+01     3.2582      2.184      3.168    22.4994 0.0000e+00
      2.261      0.140     3.4439     37.017     40.742  38.478690     2.9825      6.919   198.3021 1.9405e+01     3.0756      2.218      3.217    22.4717 0.0000e+00
      2.296      0.146     3.1419     32.102     41.377  39.012383     2.3660      6.911   199.3253 1.8800e+01     2.8128      2.250      3.262    22.4413 0.0000e+00
      2.333      0.151     2.8347     26.931     42.007  39.538410     2.0399      6.906   199.9175 1.8119e+01     2.6368      2.285      3.314    22.3784 0.0000e+00
      2.375      0.154     2.5422     21.345     42.586  40.014181     2.0127      6.901   200.2998 1.7435e+01     2.5866      2.328      3.377    22.2978 0.0000e+00
      2.420      0.154     2.2582     15.508     43.121  40.447974     1.9502      6.895   200.7642 1.6831e+01     2.5008      2.375      3.444    22.2182 0.0000e+00
      2.462      0.153     1.9620      9.878     43.758  40.974219     1.8397      6.888   201.4029 1.6316e+01     2.3529      2.416      3.503    22.1370 0.0000e+00
      2.499      0.150     1.6575      4.930     44.523  41.615404     1.7779      6.880   201.9132 1.5907e+01     2.2728      2.451      3.555    22.0563 0.0000e+00
      2.533      0.146     1.3135      1.060     45.133  42.105576     1.7754      6.871   202.2019 1.5604e+01     2.2537      2.485      3.605    21.9757 0.0000e+00
      2.568      0.145     0.9449     -1.624     45.467  42.329537     1.8175      6.860   202.5699 1.5340e+01     2.2202      2.517      3.652    21.8965 0.0000e+00
      2.604      0.146     0.5932     -3.194     45.602  42.354990     2.2958      6.849   203.1795 1.5060e+01     2.2613      2.552      3.701    21.8163 0.0000e+00
      2.642      0.149     0.2769     -3.809     45.649  42.286205     3.1795      6.838   204.1523 1.4754e+01     2.3893      2.590      3.756    21.7304 0.0000e+00
      2.682      0.151     0.0400     -3.716     45.686  42.196105     3.6768      6.830   205.3840 1.4447e+01     2.4573      2.629      3.813    21.6431 0.0000e+00
      2.722      0.152    -0.1243     -3.166     45.785  42.154297     3.8255      6.823   206.4560 1.4148e+01     2.4604      2.670      3.872    21.5501 0.0000e+00
      2.761      0.152    -0.2189     -2.402     46.080  42.288447     4.9004      6.816   207.3058 1.3844e+01     2.4926      2.708      3.928    21.4395 0.0000e+00
      2.800      0.151    -0.2508     -1.618     46.440  42.484602     6.8675      6.810   208.0015 1.3542e+01     2.5517      2.746      3.982    21.3171 0.0000e+00
      2.838      0.150    -0.2412     -0.938     46.876  42.748065     7.9462      6.803   208.5001 1.3222e+01     2.5845      2.783      4.037    21.1798 0.0000e+00
      2.877      0.152    -0.2011     -0.340     47.373  43.061049     8.0337      6.796   208.8611 1.2890e+01     2.6275      2.822      4.092    21.0304 0.0000e+00
      2.913      0.155    -0.1509      0.250     47.575  43.094033     7.8650      6.790   209.2691 1.2553e+01     3.0716      2.857      4.143    20.8808 0.0000e+00
      2.949      0.160    -0.0978      0.843     47.951  43.273674     7.5365      6.785   209.9046 1.2166e+01     3.8903      2.889      4.191    20.7356 0.0000e+00
      2.991      0.165    -0.0569      1.390     49.682  44.661370     7.3560      6.779   210.6941 1.1709e+01     4.3658      2.931      4.251    20.5951 0.0000e+00
      3.037      0.170    -0.0220      1.824     52.474  46.981948     7.2940      6.771   211.5026 1.1224e+01     4.5603      2.980      4.322    20.4490 0.0000e+00
      3.082      0.176     0.0158      2.150     55.081  49.105580     6.7529      6.762   212.2803 1.0744e+01     6.2100      3.024      4.386    20.2891 0.0000e+00
      3.127      0.182     0.0538      2.405     57.644  51.158373     5.7553      6.751   213.4725 1.0251e+01     9.2368      3.066      4.447    20.1204 0.0000e+00
      3.173      0.184     0.0919      2.575     60.362  53.318413     5.2019      6.740   214.9039 9.7512e+00    10.8760      3.110      4.513    19.9519 0.0000e+00
      3.219      0.184     0.1192      2.666     62.747  55.149109     5.1427      6.728   215.3052 9.2419e+00    11.1172      3.155      4.577    19.7748 0.0000e+00
      3.269      0.181     0.1389      2.724     64.497  56.394293     5.1089      6.716   214.7972 8.6952e+00    12.3504      3.204      4.648    19.5788 0.0000e+00
      3.321      0.176     0.1570      2.761     65.384  56.873982     5.0624      6.704   214.4400 8.1716e+00    14.6112      3.260      4.728    19.3789 0.0000e+00
      3.367      0.169     0.1689      2.781     65.651  56.818834     5.0401      6.692   214.6863 7.7235e+00    15.8725      3.305      4.793    19.1729 0.0000e+00
      3.407      0.160     0.1732      2.803     65.723  56.616648     5.0295      6.681   215.2796 7.3098e+00    15.9989      3.340      4.845    18.9490 0.0000e+00
      3.444      0.151     0.1783      2.816     65.733  56.398676     5.0130      6.670   215.5909 6.8913e+00    15.9764      3.377      4.900    18.7174 0.0000e+00
      3.480      0.146     0.1818      2.816     65.811  56.279754     4.9793      6.660   215.6966 6.4728e+00    15.6979      3.413      4.952    18.4861 0.0000e+00
      3.513      0.147     0.1826      2.814     66.289  56.512783     4.9343      6.648   216.0417 6.0575e+00    15.1877      3.447      4.999    18.2632 0.0000e+00
      3.546      0.152     0.1858      2.805     67.329  57.182817     4.9102      6.637   216.3218 5.5799e+00    14.8874      3.477      5.043    18.0572 0.0000e+00
      3.583      0.157     0.1877      2.800     68.515  57.899947     4.8959      6.628   216.1580 4.9476e+00    14.8199      3.511      5.093    17.8813 0.0000e+00
      3.628      0.161     0.1870      2.816     69.516  58.384492     4.8494      6.621   215.4377 4.2440e+00    14.4379      3.557      5.159    17.7507 0.0000e+00
      3.676      0.163     0.1881      2.829     70.454  58.783694     4.7729      6.614   213.8934 3.6309e+00    13.7094      3.608      5.231    17.6339 0.0000e+00
      3.721      0.162     0.1881      2.830     71.197  59.040683     4.7244      6.610   212.1127 3.1215e+00    13.2871      3.651      5.294    17.4845 0.0000e+00
      3.761      0.157     0.1869      2.844     71.693  59.140159     4.7141      6.608   210.6849 2.6671e+00    13.1331      3.688      5.350    17.2725 0.0000e+00
      3.799      0.149     0.1908      2.850     72.341  59.414165     4.6912      6.603   209.2783 2.2698e+00    11.9456      3.725      5.403    16.9973 0.0000e+00
      3.837      0.141     0.1932      2.836     73.329  60.002157     4.6473      6.598   207.7536 1.9645e+00     9.7774      3.765      5.460    16.7076 0.0000e+00
      3.871      0.135     0.1926      2.811     74.704  60.911312     4.6253      6.593   206.2745 1.7490e+00     8.6124      3.799      5.509    16.4460 0.0000e+00
      3.901      0.130     0.1958      2.760     76.342  62.017857     4.6155      6.584   204.7302 1.5741e+00     8.4453      3.824      5.546    16.2292 0.0000e+00
      3.934      0.126     0.1973      2.700     77.391  62.640647     4.5385      6.574   202.7619 1.4147e+00     7.3957      3.857      5.594    16.0522 0.0000e+00
      3.968      0.124     0.1959      2.656     77.525  62.530637     4.4045      6.570   200.5442 1.2817e+00     5.5246      3.894      5.647    15.9080 0.0000e+00
      3.998      0.124     0.1960      2.601     77.645  62.403498     4.3297      6.560   198.5652 1.1693e+00     4.5680      3.922      5.688    15.7722 0.0000e+00
      4.028      0.123     0.1927      2.529     77.895  62.374296     4.3194      6.542   196.9032 1.0593e+00     4.5142      3.948      5.726    15.6160 0.0000e+00
      4.059      0.123     0.1874      2.472     77.519  61.859497     4.2889      6.532   195.3333 9.5534e-01     4.5457      3.980      5.773    15.4621 0.0000e+00
      4.093      0.124     0.1867      2.428     76.290  60.691145     4.2299      6.529   193.5220 8.7450e-01     4.6216      4.015      5.824    15.3268 0.0000e+00
      4.123      0.128     0.1836      2.387     74.856  59.369053     4.1950      6.527   191.7805 8.1794e-01     4.6457      4.046      5.868    15.1863 0.0000e+00
      4.152      0.130     0.1773      2.342     74.108  58.583648     4.1890      6.525   190.3669 7.5909e-01     4.6397      4.070      5.905    15.0299 0.0000e+00
      4.185      0.130     0.1746      2.281     74.323  58.565985     4.1224      6.525   188.7339 6.9334e-01     4.3859      4.100      5.947    14.8869 0.0000e+00
      4.224      0.131     0.1721      2.217     75.769  59.536525     3.9875      6.530   186.9206 6.4729e-01     3.8384      4.144      6.010    14.7712 0.0000e+00
      4.261      0.131     0.1696      2.176     78.047  61.167366     3.9107      6.536   185.2199 6.2142e-01     3.5244      4.182      6.066    14.6560 0.0000e+00
      4.291      0.128     0.1676      2.137     79.651  62.269777     3.9043      6.539   183.4857 5.9816e-01     3.5067      4.207      6.101    14.5205 0.0000e+00
      4.322      0.121     0.1636      2.089     80.133  62.506635     3.8935      6.539   181.8695 5.7069e-01     3.4936      4.236      6.143    14.3894 0.0000e+00
      4.356      0.112     0.1576      2.049     80.032  62.315056     3.8056      6.534   180.3910 5.4368e-01     3.2351      4.272      6.196    14.2845 0.0000e+00
