Data/DataNotYetUploadedToEDI/Raw_CTD/RawDownloads/090219_fcr10.cnv
* Sea-Bird SBE19plus  Data File:
* FileName = C:\DATA\SBE19plus_01907809_2019_09_02_0001.hex
* Software version 2.8.0.119 SB_Terminal.dll
* Temperature SN = 7809
* Conductivity SN = 7809
* System UpLoad Time = Sep 02 2019 11:49:20
* <ApplicationData>
* <Seaterm232>
# nquan = 15
# nvalues = 393                         
# units = specified
# name 0 = depFM: Depth [fresh water, m]
# name 1 = dz/dtM: Descent Rate [m/s]
# name 2 = sbeox0ML/L: Oxygen, SBE 43 [ml/l]
# name 3 = sbeox0PS: Oxygen, SBE 43 [% saturation]
# name 4 = specc: Specific Conductance [uS/cm]
# name 5 = c0uS/cm: Conductivity [uS/cm]
# name 6 = flECO-AFL: Fluorescence, WET Labs ECO-AFL/FL [mg/m^3]
# name 7 = ph: pH
# name 8 = orp: Oxidation Reduction Potential [mV]
# name 9 = par/sat/log: PAR/Logarithmic, Satlantic
# name 10 = turbWETntu0: Turbidity, WET Labs ECO [NTU]
# name 11 = prdM: Pressure, Strain Gauge [db]
# name 12 = prdE: Pressure, Strain Gauge [psi]
# name 13 = tv290C: Temperature [ITS-90, deg C]
# name 14 = flag:  0.000e+00
# span 0 =     -0.556,      2.936       
# span 1 =     -0.174,      0.268       
# span 2 =    -0.0027,     6.2174       
# span 3 =      0.045,    106.330       
# span 4 =      0.556,    271.058       
# span 5 =   0.562008, 249.217976       
# span 6 =    -0.1182,     2.8046       
# span 7 =      5.943,      7.930       
# span 8 = -1240.7455,   447.0469       
# span 9 = 1.1892e+01, 1.8085e+03       
# span 10 =    -5.9636,    40.0712      
# span 11 =     -0.546,      2.879      
# span 12 =     -0.791,      4.176      
# span 13 =    20.9572,    25.6268      
# span 14 = 0.0000e+00, 0.0000e+00      
# interval = seconds: 0.25
# start_time = Sep 02 2019 11:05:27 [Instrument's time stamp, header]
# bad_flag = -9.990e-29
*END*
     -0.555 6.1557e-28     5.5965     97.908      0.595   0.602372     0.4835      5.976 -1240.7455 1.4576e+02    -0.0284     -0.545     -0.790    25.6256 0.0000e+00
     -0.555 6.7713e-27     5.5965     97.916      0.570   0.576972     0.4777      5.970 -1240.7455 1.4145e+02    -0.0399     -0.545     -0.790    25.6258 0.0000e+00
     -0.556 7.4484e-26     5.5960     97.921      0.567   0.573633     0.3202      5.952 -1240.7455 1.3838e+02    -0.0744     -0.545     -0.790    25.6260 0.0000e+00
     -0.556 8.1933e-25     5.5960     97.927      0.556   0.562008     0.0522      5.943 -1240.7455 1.3920e+02    -0.1171     -0.545     -0.791    25.6262 0.0000e+00
     -0.556 9.0126e-24     5.5958     97.946      0.557   0.563131    -0.0917      5.943 -1240.7455 1.4145e+02    -0.1954     -0.545     -0.791    25.6261 0.0000e+00
     -0.555 9.9138e-23     5.5968     97.953      0.581   0.587207    -0.1109      5.945 -1240.7455 1.3965e+02    -0.3006     -0.545     -0.790    25.6268 0.0000e+00
     -0.555 1.0905e-21     5.5972     97.943      0.593   0.599679    -0.1105      5.947 -1240.7455 1.3338e+02    -0.3403     -0.544     -0.789    25.6233 0.0000e+00
     -0.555 1.1996e-20     5.5986     97.942      0.582   0.587218    -0.1125      5.948 -1240.7455 1.2828e+02    -0.3153     -0.544     -0.790    25.6053 0.0000e+00
     -0.555 1.3195e-19     5.6041     97.943      0.559   0.563250    -0.1171      5.950 -1240.7455 1.2579e+02    -0.2935     -0.544     -0.789    25.5751 0.0000e+00
     -0.556 1.4515e-18     5.6083     97.924      0.559   0.563312    -0.1154      5.953 -1240.7455 1.2279e+02    -0.2725     -0.545     -0.791    25.5384 0.0000e+00
     -0.556 1.5966e-17     5.6109     97.911      0.584   0.587972    -0.1182      5.956 -1240.7455 1.1919e+02    -0.2575     -0.545     -0.790    25.4969 0.0000e+00
     -0.555 1.7563e-16     5.6152     97.916      0.604   0.607975    -0.1154      5.959 -1240.7455 1.1667e+02    -0.2771     -0.544     -0.789    25.4558 0.0000e+00
     -0.555 1.9319e-15     5.6208     97.921      0.612   0.615085    -0.1080      5.960 -1240.7455 1.1412e+02    -0.3781     -0.544     -0.790    25.4157 0.0000e+00
     -0.555 2.1251e-14     5.6226     97.921      0.608   0.610580    -0.1070      5.960 -1240.7455 1.1110e+02    -0.4951     -0.544     -0.789    25.3733 0.0000e+00
     -0.555 2.3376e-13     5.6262     97.916      0.615   0.616875    -0.1035      5.960 -1240.7455 1.1036e+02    -0.5449     -0.544     -0.789    25.3280 0.0000e+00
     -0.555 2.5714e-12     5.6325     97.904      0.626   0.627825    -0.0995      5.959 -1240.7455 1.1272e+02    -0.5542     -0.544     -0.789    25.2808 0.0000e+00
     -0.555 2.8285e-11     5.6372     97.898      0.614   0.616265    -0.1029      5.957 -1240.7455 1.1591e+02    -0.5421     -0.544     -0.790    25.2331 0.0000e+00
     -0.555 3.1114e-10     5.6421     97.906      0.603   0.603823    -0.1099      5.957 -1240.7455 1.1830e+02    -0.5292     -0.544     -0.790    25.1887 0.0000e+00
     -0.555 3.4225e-09     5.6455     97.918      0.604   0.604113    -0.1144      5.956 -1240.7451 1.1839e+02    -0.5292     -0.544     -0.790    25.1526 0.0000e+00
     -0.555 3.7648e-08     5.6474     97.927      0.619   0.619763    -0.1134      5.952 -1240.7415 1.1660e+02    -0.5096     -0.544     -0.790    25.1238 0.0000e+00
     -0.555 4.1413e-07     5.6496     97.928      0.666   0.666330    -0.1066      5.948 -1240.7010 1.1617e+02    -0.4896     -0.545     -0.791    25.0978 0.0000e+00
     -0.555      0.000     5.6531     97.922      0.724   0.723630    -0.1017      5.950 -1240.2559 1.1787e+02    -0.4839     -0.544     -0.790    25.0730 0.0000e+00
     -0.555      0.000     5.6566     97.917      0.807   0.805705    -0.1062      5.957 -1235.3599 1.3783e+02    -0.4729     -0.544     -0.789    25.0481 0.0000e+00
     -0.555      0.001     5.6597     97.922      1.344   1.341890    -0.1088      5.972 -1181.5035 3.1908e+02    -0.6197     -0.545     -0.790    25.0220 0.0000e+00
     -0.555      0.006     5.6630     97.927      6.837   6.826441    -0.0899      6.108  -589.0836 6.8208e+02    -2.0938     -0.544     -0.790    24.9923 0.0000e+00
     -0.555      0.027     5.6653     97.920     20.352  20.336115    -0.0602      6.491   288.9556 9.7871e+02    -4.6961     -0.545     -0.791    24.9652 0.0000e+00
     -0.555      0.069     5.6671     97.910     33.094  33.112756    -0.0445      6.985   447.0469 1.1531e+03    -5.9636     -0.544     -0.789    24.9415 0.0000e+00
     -0.554      0.125     5.6694     97.918     37.661  37.749254    -0.0291      7.373   254.3794 1.2829e+03    -4.9990     -0.546     -0.791    24.9244 0.0000e+00
     -0.535      0.182     5.6724     97.989     37.985  38.135188     0.1167      7.613   235.9421 1.1936e+03     6.6393     -0.542     -0.788    24.9043 0.0000e+00
     -0.470      0.227     5.6709     98.188     37.970  38.160001     0.3920      7.758   230.9198 8.9185e+02    28.0807     -0.478     -0.695    24.9060 0.0000e+00
     -0.367      0.257     5.6605     98.513     37.965  38.176274     0.5509      7.845   226.5233 9.3897e+02    39.7524     -0.356     -0.516    24.9969 0.0000e+00
     -0.266      0.268     5.6475     98.934     37.981  38.205016     0.5725      7.896   223.1360 1.4064e+03    40.0712     -0.248     -0.359    25.1203 0.0000e+00
     -0.194      0.257     5.6406     99.427     38.022  38.253631     0.6364      7.923   220.5076 1.7200e+03    31.8694     -0.182     -0.264    25.2031 0.0000e+00
     -0.144      0.224     5.6479     99.949     38.084  38.319744     0.7594      7.930   217.9742 1.7864e+03    16.6174     -0.139     -0.204    25.2523 0.0000e+00
     -0.101      0.184     5.6647    100.456     38.130  38.369606     0.8379      7.927   212.4669 1.8019e+03     8.2804     -0.099     -0.144    25.2762 0.0000e+00
     -0.060      0.150     5.6875    100.904     38.168  38.412179     0.8566      7.916   207.8652 1.8071e+03     7.5248     -0.057     -0.082    25.2900 0.0000e+00
     -0.023      0.127     5.7164    101.292     38.203  38.453627     0.8727      7.885   210.9480 1.8085e+03     7.3511     -0.020     -0.029    25.2998 0.0000e+00
      0.005      0.109     5.7459    101.617     38.171  38.426413     0.8947      7.843   214.3780 1.8032e+03     7.1304      0.007      0.011    25.3044 0.0000e+00
      0.027      0.090     5.7767    101.851     38.078  38.337056     0.8971      7.821   213.8039 1.7875e+03     6.9872      0.025      0.036    25.3068 0.0000e+00
      0.048      0.070     5.8013    101.976     38.065  38.325396     0.8933      7.821   212.6962 1.6200e+03     6.9624      0.047      0.067    25.3134 0.0000e+00
      0.067      0.050     5.8223    101.979     38.344  38.602825     0.9004      7.826   211.9985 1.3065e+03     6.9299      0.070      0.101    25.3216 0.0000e+00
      0.079      0.030     5.8418    101.868     39.086  39.342704     0.9047      7.825   211.6476 1.2348e+03     6.8224      0.080      0.116    25.3274 0.0000e+00
      0.084      0.014     5.8540    101.560     40.223  40.478819     0.9019      7.818   211.4655 1.3318e+03     6.7117      0.085      0.123    25.3345 0.0000e+00
      0.080      0.000     5.8617    100.831     41.481  41.737858     0.8919      7.811   211.5184 1.2966e+03     6.6731      0.080      0.117    25.3388 0.0000e+00
      0.072     -0.007     5.8618     99.580     42.308  42.566714     0.8976      7.812   211.0824 1.2828e+03     6.7164      0.069      0.100    25.3343 0.0000e+00
      0.065     -0.006     5.8566     97.841     42.182  42.437389     0.9191      7.824   209.4631 1.3140e+03     6.7432      0.063      0.091    25.3228 0.0000e+00
      0.061      0.010     5.8475     95.574     41.329  41.570973     0.9259      7.839   202.9529 1.3377e+03     6.7023      0.061      0.088    25.3102 0.0000e+00
      0.060      0.042     5.8090     92.913     40.506  40.725390     0.9184      7.851   191.9068 1.3607e+03     6.6815      0.057      0.083    25.3019 0.0000e+00
      0.065      0.083     5.7331     90.351     40.142  40.339825     0.9073      7.854   184.8308 1.2808e+03     6.7207      0.062      0.090    25.2992 0.0000e+00
      0.082      0.125     5.6368     88.390     40.092  40.273829     0.9308      7.848   182.7882 1.1307e+03     6.9132      0.071      0.103    25.3006 0.0000e+00
      0.123      0.160     5.5063     87.145     40.077  40.244834     0.9937      7.835   181.8359 9.2605e+02     7.2071      0.107      0.156    25.2925 0.0000e+00
      0.191      0.182     5.3432     86.336     40.025  40.179676     1.0257      7.822   181.4041 7.2637e+02     7.3565      0.188      0.273    25.2651 0.0000e+00
      0.261      0.188     5.1865     85.671     39.976  40.120820     1.0229      7.812   181.0089 7.0499e+02     7.3762      0.261      0.380    25.2390 0.0000e+00
      0.316      0.175     5.0722     85.047     39.843  39.977587     1.0207      7.802   180.3276 7.0321e+02     7.2826      0.313      0.455    25.2221 0.0000e+00
      0.358      0.143     5.0112     84.477     39.539  39.654010     1.0254      7.790   179.7057 7.2794e+02     7.1086      0.353      0.512    25.2028 0.0000e+00
      0.389      0.102     4.9728     83.978     39.119  39.192101     1.0361      7.776   179.4265 7.9980e+02     7.0423      0.385      0.558    25.1856 0.0000e+00
      0.409      0.064     4.9365     83.466     38.702  38.709327     1.0378      7.762   179.4469 6.8764e+02     7.0385      0.407      0.589    25.1745 0.0000e+00
      0.414      0.036     4.9010     82.819     38.461  38.387259     1.0285      7.748   179.6079 5.6886e+02     6.9963      0.409      0.592    25.1656 0.0000e+00
      0.411      0.017     4.8682     82.010     38.433  38.281372     1.0186      7.734   179.6529 6.2707e+02     6.9584      0.403      0.585    25.1485 0.0000e+00
      0.406      0.004     4.8461     81.139     38.466  38.254156     1.0141      7.720   179.7320 6.9017e+02     6.9743      0.395      0.575    25.1006 0.0000e+00
      0.406     -0.003     4.8274     80.300     38.439  38.185060     1.0181      7.708   180.1346 6.4756e+02     6.9915      0.396      0.574    25.0118 0.0000e+00
      0.410     -0.004     4.8016     79.571     38.366  38.080648     1.0236      7.696   180.6483 6.1445e+02     6.9701      0.403      0.584    24.8962 0.0000e+00
      0.411     -0.002     4.7608     79.082     38.316  38.007308     1.0282      7.682   180.9529 5.8113e+02     6.9768      0.405      0.587    24.7865 0.0000e+00
      0.407     -0.001     4.7149     78.888     38.319  37.996514     1.0305      7.664   181.0646 5.3013e+02     7.0075      0.398      0.577    24.7108 0.0000e+00
      0.403     -0.001     4.6703     78.919     38.338  38.013599     1.0247      7.646   181.2251 5.1764e+02     7.0138      0.393      0.570    24.6597 0.0000e+00
      0.404      0.000     4.6272     79.173     38.339  38.023450     1.0186      7.636   181.5164 5.2584e+02     6.9877      0.395      0.574    24.6184 0.0000e+00
      0.407      0.002     4.6000     79.717     38.351  38.052161     1.0167      7.628   181.7471 5.1629e+02     6.9538      0.400      0.580    24.5864 0.0000e+00
      0.407      0.006     4.5936     80.490     38.386  38.106855     1.0201      7.619   181.6916 5.3803e+02     6.9639      0.401      0.581    24.5665 0.0000e+00
      0.407      0.006     4.5957     81.317     38.435  38.176966     1.0251      7.610   181.6200 6.0330e+02     6.9792      0.398      0.577    24.5656 0.0000e+00
      0.410      0.004     4.6059     82.110     38.500  38.265127     1.0249      7.600   181.9137 6.0560e+02     6.9422      0.401      0.582    24.5800 0.0000e+00
      0.415      0.002     4.6373     82.900     38.558  38.347636     1.0267      7.587   182.2308 6.2358e+02     6.8757      0.408      0.592    24.6023 0.0000e+00
      0.415      0.001     4.6848     83.637     38.598  38.412871     1.0298      7.575   182.2715 1.0820e+03     6.7983      0.409      0.593    24.6307 0.0000e+00
      0.412     -0.000     4.7328     84.119     38.648  38.482623     1.0282      7.563   182.3198 1.5761e+03     6.7606      0.403      0.584    24.6580 0.0000e+00
      0.410     -0.002     4.7739     84.163     38.707  38.556249     1.0323      7.552   182.6420 1.2566e+03     6.7807      0.402      0.582    24.6867 0.0000e+00
      0.410     -0.002     4.8173     83.799     38.746  38.604844     1.0451      7.541   183.0697 7.4153e+02     6.8446      0.404      0.586    24.7220 0.0000e+00
      0.410     -0.001     4.8626     83.289     38.762  38.625844     1.0436      7.530   183.3616 5.9694e+02     6.9432      0.403      0.584    24.7556 0.0000e+00
      0.410      0.000     4.8923     82.809     38.756  38.619726     1.0322      7.520   183.5045 5.6185e+02     6.9893      0.400      0.581    24.7820 0.0000e+00
      0.410      0.000     4.8940     82.424     38.732  38.594355     1.0283      7.511   183.5926 5.2050e+02     7.0088      0.402      0.583    24.8021 0.0000e+00
      0.411     -0.001     4.8628     82.230     38.712  38.573005     1.0401      7.502   183.7382 4.9179e+02     7.0484      0.405      0.587    24.8152 0.0000e+00
      0.411     -0.001     4.8296     82.225     38.692  38.552017     1.0705      7.494   183.9752 5.3294e+02     7.0089      0.404      0.587    24.8192 0.0000e+00
      0.410     -0.002     4.8033     82.343     38.671  38.531025     1.0844      7.486   184.2205 6.4997e+02     6.9248      0.402      0.585    24.8181 0.0000e+00
      0.410     -0.004     4.7756     82.499     38.650  38.509625     1.0863      7.476   184.3802 6.9748e+02     6.9159      0.402      0.583    24.8166 0.0000e+00
      0.409     -0.004     4.7668     82.621     38.623  38.483702     1.1456      7.466   184.6162 6.2882e+02     6.9998      0.401      0.581    24.8150 0.0000e+00
      0.407     -0.003     4.7672     82.682     38.608  38.471506     1.2371      7.456   184.9231 5.9882e+02     7.1201      0.399      0.578    24.8130 0.0000e+00
      0.405     -0.001     4.7765     82.709     38.623  38.489127     1.2739      7.448   185.1653 6.2365e+02     7.1906      0.397      0.575    24.8123 0.0000e+00
      0.405      0.000     4.7871     82.743     38.634  38.506325     1.2695      7.441   185.3937 6.3665e+02     7.1975      0.396      0.574    24.8127 0.0000e+00
      0.406      0.003     4.7942     82.775     38.606  38.489016     1.2627      7.432   185.6192 5.7305e+02     7.1372      0.397      0.576    24.8134 0.0000e+00
      0.407      0.005     4.7976     82.820     38.576  38.470295     1.2689      7.422   185.9997 5.3349e+02     7.0508      0.400      0.580    24.8161 0.0000e+00
      0.409      0.006     4.7966     82.873     38.566  38.470418     1.2841      7.411   186.4664 5.5635e+02     7.0058      0.401      0.581    24.8191 0.0000e+00
      0.411      0.006     4.7995     82.858     38.576  38.490518     1.2906      7.394   186.7023 5.3592e+02     6.9856      0.404      0.584    24.8270 0.0000e+00
      0.413      0.006     4.7992     82.698     38.599  38.522915     1.2870      7.377   186.7872 6.1141e+02     6.9706      0.406      0.589    24.8417 0.0000e+00
      0.415      0.007     4.7997     82.321     38.614  38.544740     1.2922      7.366   186.8907 7.3191e+02     7.0211      0.406      0.590    24.8573 0.0000e+00
      0.416      0.007     4.8043     81.692     38.628  38.563986     1.3191      7.357   186.9210 6.5281e+02     7.1702      0.407      0.591    24.8714 0.0000e+00
      0.417      0.007     4.8034     80.891     38.625  38.565182     1.3345      7.345   186.9818 5.7642e+02     7.2332      0.409      0.593    24.8843 0.0000e+00
      0.420      0.007     4.7944     80.001     38.615  38.559206     1.3392      7.331   187.1950 6.1913e+02     7.1936      0.411      0.596    24.8953 0.0000e+00
      0.423      0.007     4.7740     79.076     38.672  38.618692     1.3593      7.315   187.1756 5.8578e+02     7.2491      0.416      0.603    24.9045 0.0000e+00
