Data/DataNotYetUploadedToEDI/Raw_CTD/RawDownloads/090219_fcr45.cnv
* Sea-Bird SBE19plus  Data File:
* FileName = C:\DATA\SBE19plus_01907809_2019_09_02_0004.hex
* Software version 2.8.0.119 SB_Terminal.dll
* Temperature SN = 7809
* Conductivity SN = 7809
* System UpLoad Time = Sep 02 2019 11:50:02
* <ApplicationData>
* <Seaterm232>
# nquan = 15
# nvalues = 425                         
# units = specified
# name 0 = depFM: Depth [fresh water, m]
# name 1 = dz/dtM: Descent Rate [m/s]
# name 2 = sbeox0ML/L: Oxygen, SBE 43 [ml/l]
# name 3 = sbeox0PS: Oxygen, SBE 43 [% saturation]
# name 4 = specc: Specific Conductance [uS/cm]
# name 5 = c0uS/cm: Conductivity [uS/cm]
# name 6 = flECO-AFL: Fluorescence, WET Labs ECO-AFL/FL [mg/m^3]
# name 7 = ph: pH
# name 8 = orp: Oxidation Reduction Potential [mV]
# name 9 = par/sat/log: PAR/Logarithmic, Satlantic
# name 10 = turbWETntu0: Turbidity, WET Labs ECO [NTU]
# name 11 = prdM: Pressure, Strain Gauge [db]
# name 12 = prdE: Pressure, Strain Gauge [psi]
# name 13 = tv290C: Temperature [ITS-90, deg C]
# name 14 = flag:  0.000e+00
# span 0 =     -0.548,      7.518       
# span 1 =     -0.207,      0.311       
# span 2 =    -0.2508,     6.6955       
# span 3 =     -3.809,    112.107       
# span 4 =      6.560,    110.282       
# span 5 =   6.162976,  81.145120       
# span 6 =    -0.2769,     8.0337       
# span 7 =      6.243,      7.336       
# span 8 =   113.2572,   416.2673       
# span 9 = 1.2350e-01, 1.7961e+03       
# span 10 =    -6.1809,    80.1440      
# span 11 =     -0.539,      7.373      
# span 12 =     -0.781,     10.694      
# span 13 =    11.7474,    25.1787      
# span 14 = 0.0000e+00, 0.0000e+00      
# interval = seconds: 0.25
# start_time = Sep 02 2019 11:28:23 [Instrument's time stamp, header]
# bad_flag = -9.990e-29
*END*
[from data line 97]
      0.152      0.009     4.2175     71.156     36.739  36.389265     1.1395      7.004   192.5595 7.8304e+01     7.6145      0.149      0.217    24.5442 0.0000e+00
      0.155      0.013     4.2029     70.877     36.768  36.413384     1.1466      7.001   185.2194 7.9003e+01     7.6645      0.151      0.220    24.5397 0.0000e+00
      0.158      0.018     4.1847     70.633     36.778  36.418369     1.1864      6.999   180.8528 8.0262e+01     7.7966      0.154      0.224    24.5332 0.0000e+00
      0.163      0.022     4.1687     70.419     36.748  36.386063     1.2479      6.997   179.2557 8.2273e+01     7.9992      0.159      0.231    24.5253 0.0000e+00
      0.169      0.024     4.1496     70.223     36.704  36.340130     1.2750      6.995   178.2987 8.4974e+01     8.1147      0.165      0.239    24.5179 0.0000e+00
      0.178      0.023     4.1341     69.989     36.672  36.307299     1.2714      6.992   177.6273 8.9053e+01     8.1116      0.173      0.251    24.5112 0.0000e+00
      0.188      0.020     4.1208     69.693     36.673  36.306455     1.2908      6.991   177.0745 9.4948e+01     7.9950      0.187      0.270    24.5055 0.0000e+00
      0.195      0.015     4.1078     69.365     36.701  36.329922     1.3277      6.990   176.6046 1.0149e+02     7.7859      0.194      0.281    24.5013 0.0000e+00
      0.196      0.009     4.0990     69.070     36.713  36.337146     1.3362      6.987   176.2473 1.0668e+02     7.6804      0.193      0.280    24.4981 0.0000e+00
      0.194      0.003     4.0855     68.844     36.711  36.330317     1.3329      6.985   175.9380 1.0979e+02     7.6698      0.190      0.275    24.4976 0.0000e+00
      0.193     -0.002     4.0680     68.662     36.698  36.310819     1.3404      6.985   175.5327 1.1109e+02     7.6909      0.189      0.274    24.4954 0.0000e+00
      0.193     -0.005     4.0473     68.476     36.684  36.291797     1.3489      6.984   175.0465 1.1066e+02     7.7724      0.190      0.275    24.4880 0.0000e+00
      0.192     -0.005     4.0298     68.246     36.689  36.290729     1.3489      6.984   174.6189 1.0922e+02     7.8350      0.189      0.274    24.4831 0.0000e+00
      0.190     -0.004     4.0178     67.984     36.701  36.297906     1.3399      6.983   174.3211 1.0814e+02     7.8585      0.186      0.270    24.4771 0.0000e+00
      0.188     -0.004     4.0090     67.728     36.724  36.315090     1.3358      6.982   174.1131 1.0800e+02     7.8600      0.184      0.266    24.4666 0.0000e+00
      0.186     -0.003     4.0000     67.470     36.722  36.308082     1.3505      6.981   173.9970 1.0859e+02     7.8517      0.182      0.264    24.4587 0.0000e+00
      0.186     -0.001     3.9866     67.185     36.696  36.276642     1.3794      6.980   174.0358 1.0938e+02     7.8570      0.183      0.265    24.4525 0.0000e+00
      0.187      0.001     3.9704     66.891     36.676  36.252289     1.3902      6.980   174.0653 1.0969e+02     7.8588      0.184      0.266    24.4452 0.0000e+00
      0.187      0.002     3.9562     66.613     36.696  36.267509     1.3853      6.978   174.0096 1.0926e+02     7.8413      0.184      0.266    24.4374 0.0000e+00
      0.188      0.002     3.9432     66.383     36.896  36.460650     1.3724      6.976   173.9646 1.0841e+02     7.8422      0.185      0.268    24.4297 0.0000e+00
      0.189      0.001     3.9256     66.355     37.246  36.810315     1.3474      6.975   173.8655 1.0755e+02     7.8687      0.186      0.269    24.4227 0.0000e+00
      0.189      0.001     3.9091     67.300     37.478  37.067788     1.3345      6.974   173.6717 1.0699e+02     7.8672      0.186      0.270    24.4162 0.0000e+00
      0.189      0.001     3.8924     70.610     37.521  37.161799     1.3295      6.973   173.6005 1.0700e+02     7.8562      0.185      0.269    24.4098 0.0000e+00
      0.189      0.000     3.8787     76.860     37.495  37.185397     1.3385      6.972   173.7794 1.0737e+02     7.9661      0.186      0.269    24.4030 0.0000e+00
      0.189 1.8644e-08     3.8670     85.050     37.502  37.226234     1.3739      6.972   173.9416 1.0779e+02     8.1797      0.185      0.269    24.3949 0.0000e+00
      0.189 2.0509e-07     3.8784     93.485     37.531  37.274763     1.4014      6.972   173.9267 1.0835e+02     8.3087      0.185      0.269    24.4309 0.0000e+00
      0.189 2.0539e-07     4.0485    100.765     37.510  37.264390     1.4026      6.972   173.9433 1.0908e+02     8.3457      0.186      0.270    24.5198 0.0000e+00
      0.189 2.2336e-08     4.4365    106.324     37.467  37.227785     1.3882      6.972   174.0558 1.0949e+02     8.2669      0.186      0.269    24.5910 0.0000e+00
      0.188 4.2337e-08     4.9463    110.074     37.449  37.213020     1.3840      6.971   174.0828 1.0919e+02     8.1095      0.185      0.268    24.6321 0.0000e+00
      0.188 4.4722e-07     5.4683    111.956     37.445  37.212823     1.3954      6.971   174.0974 1.0869e+02     8.0806      0.185      0.268    24.6573 0.0000e+00
      0.188      0.000     5.8981    112.107     37.453  37.225403     1.3949      6.970   174.2333 1.0834e+02     8.1145      0.185      0.268    24.6694 0.0000e+00
      0.189      0.000     6.2187    111.021     37.461  37.238191     1.3609      6.970   174.3488 1.0798e+02     7.9946      0.185      0.268    24.6754 0.0000e+00
      0.189      0.001     6.4407    109.383     37.458  37.240498     1.3047      6.970   174.4618 1.0768e+02     7.7455      0.185      0.268    24.6785 0.0000e+00
      0.189      0.002     6.5472    107.796     37.466  37.253307     1.2712      6.970   174.6529 1.0768e+02     7.5931      0.185      0.268    24.6833 0.0000e+00
      0.189      0.002     6.5444    106.565     37.474  37.266114     1.2762      6.971   174.7664 1.0799e+02     7.5946      0.185      0.269    24.6905 0.0000e+00
      0.190      0.002     6.4651    105.691     37.473  37.268412     1.2872      6.971   174.8011 1.0844e+02     7.6322      0.187      0.271    24.6971 0.0000e+00
      0.191      0.002     6.3560    105.038     37.484  37.281097     1.2920      6.970   174.8142 1.0884e+02     7.6543      0.187      0.271    24.7023 0.0000e+00
      0.191      0.002     6.2565    104.508     37.499  37.292533     1.3084      6.970   174.8392 1.0911e+02     7.6655      0.188      0.272    24.7101 0.0000e+00
      0.192      0.003     6.1853    104.051     37.491  37.279735     1.3287      6.970   174.9321 1.0917e+02     7.6687      0.188      0.272    24.7170 0.0000e+00
      0.192      0.003     6.1377    103.641     37.471  37.253297     1.3386      6.969   174.9044 1.0886e+02     7.6605      0.189      0.273    24.7223 0.0000e+00
      0.193      0.004     6.1014    103.307     37.449  37.226764     1.3233      6.968   174.7619 1.0837e+02     7.5670      0.189      0.274    24.7253 0.0000e+00
      0.194      0.005     6.0714    103.075     37.438  37.212812     1.2824      6.967   174.6728 1.0804e+02     7.4232      0.190      0.276    24.7212 0.0000e+00
      0.196      0.007     6.0473    102.930     37.439  37.211545     1.2514      6.966   174.6015 1.0798e+02     7.3635      0.192      0.278    24.7121 0.0000e+00
      0.197      0.008     6.0230    102.862     37.444  37.211440     1.2530      6.965   174.6744 1.0829e+02     7.4029      0.193      0.280    24.7034 0.0000e+00
      0.200      0.011     6.0037    102.846     37.451  37.211544     1.2844      6.963   174.8652 1.0906e+02     7.6044      0.196      0.284    24.6970 0.0000e+00
      0.203      0.014     5.9914    102.844     37.460  37.212793     1.3187      6.962   174.9299 1.0995e+02     7.8981      0.199      0.289    24.6930 0.0000e+00
      0.206      0.017     5.9831    102.841     37.477  37.226528     1.3297      6.962   174.8539 1.1093e+02     8.0701      0.201      0.292    24.6906 0.0000e+00
      0.211      0.020     5.9802    102.836     37.501  37.250659     1.3299      6.958   174.7204 1.1256e+02     8.1115      0.206      0.298    24.6864 0.0000e+00
      0.217      0.025     5.9817    102.832     37.497  37.250658     1.3476      6.948   174.6928 1.1415e+02     8.1026      0.214      0.309    24.6746 0.0000e+00
      0.223      0.029     5.9829    102.796     37.469  37.226526     1.3874      6.932   174.7781 1.1492e+02     8.0943      0.219      0.318    24.6625 0.0000e+00
      0.229      0.032     5.9837    102.712     37.454  37.212782     1.4127      6.921   174.8060 1.1593e+02     8.0770      0.224      0.325    24.6570 0.0000e+00
      0.239      0.034     5.9824    102.616     37.453  37.211431     1.4102      6.920   174.8582 1.1756e+02     8.0576      0.233      0.338    24.6579 0.0000e+00
      0.251      0.036     5.9826    102.519     37.452  37.210185     1.4352      6.923   174.9783 1.1791e+02     8.0885      0.248      0.360    24.6655 0.0000e+00
      0.260      0.033     5.9808    102.454     37.440  37.197719     1.4902      6.927   175.0533 1.1700e+02     8.1231      0.257      0.372    24.6719 0.0000e+00
      0.268      0.022     5.9736    102.445     37.433  37.187658     1.5192      6.930   175.0763 1.1681e+02     8.1151      0.261      0.378    24.6719 0.0000e+00
      0.278      0.000     5.9693    102.449     37.464  37.215479     1.5261      6.934   174.9988 1.1701e+02     8.0901      0.273      0.396    24.6707 0.0000e+00
      0.288     -0.031     5.9623    102.456     37.524  37.280194     1.5226      6.937   174.9776 1.2638e+02     8.0837      0.288      0.417    24.6729 0.0000e+00
      0.283     -0.065     5.9570    102.504     37.554  37.335387     1.4683      6.939   175.1640 2.0653e+02     7.9396      0.286      0.416    24.6723 0.0000e+00
      0.258     -0.098     5.9595    102.629     37.553  37.375057     1.3803      6.939   175.2738 5.4112e+02     7.6255      0.259      0.377    24.6679 0.0000e+00
      0.216     -0.132     5.9606    102.818     37.579  37.442541     1.3435      6.939   175.2725 1.1672e+03     7.4317      0.214      0.310    24.6581 0.0000e+00
      0.170     -0.162     5.9600    102.988     37.619  37.516647     1.3440      6.939   175.4055 1.6664e+03     7.3988      0.163      0.237    24.6576 0.0000e+00
      0.127     -0.184     5.9580    103.070     37.640  37.572889     1.3090      6.940   176.1079 1.7636e+03     7.4245      0.124      0.181    24.6943 0.0000e+00
      0.082     -0.199     5.9578    103.089     37.644  37.614813     1.2494      6.943   184.1094 1.7009e+03     7.4472      0.085      0.124    24.7589 0.0000e+00
      0.029     -0.206     5.9648    103.096     37.629  37.642748     1.2214      6.939   192.9093 1.6603e+03     7.4439      0.030      0.044    24.8178 0.0000e+00
     -0.030     -0.207     5.9721    103.108     37.604  37.656814     1.2223      6.926   193.1109 1.6260e+03     7.4834     -0.029     -0.041    24.8588 0.0000e+00
     -0.090     -0.202     5.9709    103.117     37.574  37.657994     1.2333      6.916   198.2489 1.6029e+03     7.8259     -0.086     -0.126    24.9016 0.0000e+00
     -0.149     -0.190     5.9650    103.122     37.551  37.657066     1.2598      6.915   206.9371 1.5916e+03     8.4389     -0.151     -0.221    24.9539 0.0000e+00
     -0.197     -0.166     5.9586    103.126     37.524  37.645628     1.2742      6.916   209.6247 1.6289e+03     8.8989     -0.199     -0.288    25.0129 0.0000e+00
     -0.232     -0.131     5.9532    103.051     37.515  37.646668     1.2765      6.913   210.0949 1.7278e+03    10.5687     -0.225     -0.326    25.0710 0.0000e+00
     -0.267     -0.090     5.9499    102.810     37.533  37.669654     1.4095      6.911   210.5572 1.7944e+03    28.7260     -0.264     -0.381    25.1109 0.0000e+00
     -0.292     -0.049     5.9459    102.394     37.532  37.669650     1.6600      6.912   210.9121 1.7961e+03    62.0203     -0.295     -0.428    25.1369 0.0000e+00
     -0.298     -0.013     5.9462    101.789     37.511  37.646623     1.7989      6.915   210.8581 1.7856e+03    80.0964     -0.298     -0.433    25.1594 0.0000e+00
     -0.286      0.018     5.9430    100.992     37.514  37.645134     1.8056      6.916   209.9911 1.7885e+03    80.1440     -0.282     -0.410    25.1718 0.0000e+00
     -0.267      0.047     5.9278    100.137     37.526  37.651647     1.6203      6.911   207.3114 1.7944e+03    61.8741     -0.260     -0.379    25.1769 0.0000e+00
     -0.250      0.073     5.9036     99.401     37.478  37.598412     1.2836      6.907   199.7109 1.7938e+03    28.0724     -0.246     -0.356    25.1787 0.0000e+00
     -0.235      0.096     5.8708     98.876     37.406  37.509263     1.1072      6.913   188.7320 1.7928e+03     9.6594     -0.233     -0.338    25.1763 0.0000e+00
     -0.215      0.117     5.8216     98.583     37.396  37.462378     1.0912      6.924   182.3732 1.7941e+03     8.0209     -0.215     -0.312    25.1707 0.0000e+00
     -0.184      0.138     5.7691     98.498     37.390  37.412319     1.0901      6.935   180.7320 1.7858e+03     7.8687     -0.186     -0.268    25.1589 0.0000e+00
     -0.141      0.154     5.7259     98.567     37.366  37.348268     1.1114      6.943   179.6420 1.7698e+03     7.8844     -0.142     -0.204    25.1580 0.0000e+00
     -0.090      0.163     5.6958     98.785     37.381  37.322625     1.1667      6.949   178.7452 1.7579e+03     7.9820     -0.091     -0.130    25.1474 0.0000e+00
     -0.038      0.166     5.6865     99.201     37.389  37.292632     1.2037      6.951   178.2345 1.7386e+03     8.0653     -0.035     -0.050    25.0834 0.0000e+00
      0.006      0.161     5.6895     99.745     37.372  37.239462     1.2035      6.950   178.0275 1.6431e+03     8.0722      0.011      0.016    25.0191 0.0000e+00
      0.041      0.153     5.6994    100.244     37.354  37.187497     1.2076      6.948   177.9630 1.4726e+03     7.9997      0.041      0.060    24.9723 0.0000e+00
      0.073      0.147     5.7150    100.612     37.366  37.172068     1.2176      6.948   178.0575 1.2580e+03     7.8772      0.070      0.101    24.9135 0.0000e+00
      0.108      0.149     5.7461    100.899     37.393  37.179816     1.2216      6.947   178.2240 1.1734e+03     7.8365      0.106      0.153    24.8653 0.0000e+00
      0.143      0.157     5.7877    101.154     37.385  37.154199     1.2294      6.946   178.4270 1.1590e+03     7.8677      0.141      0.204    24.8170 0.0000e+00
      0.180      0.167     5.8237    101.331     37.372  37.116202     1.2595      6.946   178.7045 9.2075e+02     7.8614      0.172      0.248    24.7672 0.0000e+00
      0.226      0.172     5.8474    101.377     37.390  37.101203     1.3081      6.947   179.0850 6.9853e+02     7.8592      0.216      0.314    24.7313 0.0000e+00
      0.282      0.172     5.8644    101.292     37.421  37.099749     1.3402      6.949   179.5852 5.4888e+02     7.8736      0.278      0.403    24.7067 0.0000e+00
      0.335      0.167     5.8836    101.114     37.447  37.098573     1.3442      6.949   180.1067 4.0111e+02     7.8720      0.334      0.485    24.6896 0.0000e+00
      0.375      0.158     5.8983    100.880     37.459  37.086948     1.3662      6.947   180.6581 3.3308e+02     7.8728      0.371      0.539    24.6581 0.0000e+00
      0.407      0.147     5.9064    100.610     37.481  37.086099     1.4227      6.945   181.3480 2.5763e+02     7.8824      0.397      0.577    24.6076 0.0000e+00
      0.440      0.141     5.9055    100.300     37.504  37.088273     1.4559      6.941   182.1675 1.9932e+02     7.8570      0.431      0.625    24.5621 0.0000e+00
      0.472      0.146     5.8977     99.905     37.422  36.986257     1.4550      6.939   182.7370 1.7734e+02     7.8279      0.467      0.676    24.5295 0.0000e+00
      0.502      0.159     5.8874     99.351     37.279  36.804707     1.4733      6.944   182.6414 1.6010e+02     7.8909      0.490      0.711    24.4968 0.0000e+00
