Data/DataNotYetUploadedToEDI/Raw_CTD/RawDownloads/090219_fcr30.cnv
* Sea-Bird SBE19plus  Data File:
* FileName = C:\DATA\SBE19plus_01907809_2019_09_02_0003.hex
* Software version 2.8.0.119 SB_Terminal.dll
* Temperature SN = 7809
* Conductivity SN = 7809
* System UpLoad Time = Sep 02 2019 11:49:47
* <ApplicationData>
* <Seaterm232>
# nquan = 15
# nvalues = 356                         
# units = specified
# name 0 = depFM: Depth [fresh water, m]
# name 1 = dz/dtM: Descent Rate [m/s]
# name 2 = sbeox0ML/L: Oxygen, SBE 43 [ml/l]
# name 3 = sbeox0PS: Oxygen, SBE 43 [% saturation]
# name 4 = specc: Specific Conductance [uS/cm]
# name 5 = c0uS/cm: Conductivity [uS/cm]
# name 6 = flECO-AFL: Fluorescence, WET Labs ECO-AFL/FL [mg/m^3]
# name 7 = ph: pH
# name 8 = orp: Oxidation Reduction Potential [mV]
# name 9 = par/sat/log: PAR/Logarithmic, Satlantic
# name 10 = turbWETntu0: Turbidity, WET Labs ECO [NTU]
# name 11 = prdM: Pressure, Strain Gauge [db]
# name 12 = prdE: Pressure, Strain Gauge [psi]
# name 13 = tv290C: Temperature [ITS-90, deg C]
# name 14 = flag:  0.000e+00
# span 0 =     -0.550,      5.095       
# span 1 =     -0.284,      0.263       
# span 2 =    -0.3332,     6.7989       
# span 3 =     -5.109,    113.638       
# span 4 =     27.866,     95.046       
# span 5 =  27.548904,  76.411082       
# span 6 =    -0.1831,     7.8763       
# span 7 =      6.256,      7.611       
# span 8 =   174.2644,   349.3088       
# span 9 = 1.7265e-01, 1.5128e+03       
# span 10 =    -5.3761,    56.9198      
# span 11 =     -0.539,      4.997      
# span 12 =     -0.783,      7.248      
# span 13 =    12.4207,    25.0753      
# span 14 = 0.0000e+00, 0.0000e+00      
# interval = seconds: 0.25
# start_time = Sep 02 2019 11:24:38 [Instrument's time stamp, header]
# bad_flag = -9.990e-29
*END*
[from data line 290]
      3.164      0.133     0.0925      2.512     64.006  56.814260     5.7912      6.686   241.4820 1.0089e+01    10.7113      3.103      4.500    19.9133 0.0000e+00
      3.191      0.133     0.1185      2.605     63.631  56.266743     5.7254      6.672   241.8504 9.7396e+00    10.9832      3.127      4.534    19.7452 0.0000e+00
      3.225      0.135     0.1383      2.645     64.235  56.590529     5.5809      6.657   242.8377 9.3496e+00    12.6673      3.162      4.586    19.6184 0.0000e+00
      3.263      0.138     0.1533      2.653     65.464  57.425017     5.3364      6.642   244.0411 8.9443e+00    15.7685      3.200      4.641    19.5631 0.0000e+00
      3.301      0.140     0.1629      2.672     66.158  57.778652     5.2136      6.629   244.4411 8.5013e+00    17.5104      3.237      4.695    19.3806 0.0000e+00
      3.341      0.140     0.1697      2.700     66.243  57.625503     5.2060      6.617   244.5769 8.0507e+00    17.7352      3.277      4.753    19.1896 0.0000e+00
      3.377      0.137     0.1727      2.709     66.213  57.352118     5.1585      6.606   244.8225 7.6584e+00    18.0940      3.314      4.807    19.0754 0.0000e+00
      3.410      0.135     0.1718      2.715     66.180  57.077973     5.0718      6.596   244.5712 7.3090e+00    18.7019      3.345      4.851    18.8577 0.0000e+00
      3.440      0.133     0.1742      2.734     65.989  56.724954     5.0243      6.587   243.8617 6.9314e+00    19.0222      3.374      4.893    18.6429 0.0000e+00
      3.471      0.131     0.1781      2.753     66.010  56.578115     5.0272      6.580   243.0408 6.5080e+00    18.9184      3.403      4.936    18.5066 0.0000e+00
      3.506      0.130     0.1781      2.753     66.420  56.700198     5.0634      6.572   242.3889 6.0795e+00    17.2176      3.438      4.986    18.3086 0.0000e+00
      3.543      0.132     0.1790      2.737     67.055  56.930033     5.1151      6.563   241.9174 5.6985e+00    14.0582      3.477      5.042    18.0929 0.0000e+00
      3.577      0.134     0.1811      2.724     67.751  57.196356     5.1411      6.556   241.4689 5.3462e+00    12.3107      3.509      5.089    17.9661 0.0000e+00
      3.608      0.134     0.1833      2.705     68.289  57.378348     5.1433      6.551   241.0107 4.9652e+00    12.0161      3.538      5.132    17.8740 0.0000e+00
      3.641      0.132     0.1841      2.669     68.821  57.605213     5.1168      6.545   240.4208 4.5180e+00    10.4633      3.569      5.176    17.7094 0.0000e+00
      3.679      0.131     0.1830      2.635     69.497  57.969357     5.0630      6.539   239.4128 4.0413e+00     7.5959      3.606      5.230    17.4495 0.0000e+00
      3.716      0.131     0.1834      2.610     70.280  58.413296     5.0303      6.533   238.0291 3.6675e+00     5.9897      3.648      5.290    17.1879 0.0000e+00
      3.746      0.134     0.1838      2.571     71.297  59.032974     5.0075      6.527   236.6827 3.4005e+00     5.7237      3.676      5.331    16.9918 0.0000e+00
      3.774      0.136     0.1809      2.522     72.527  59.806157     4.8310      6.519   235.4371 3.0834e+00     5.0036      3.697      5.364    16.8459 0.0000e+00
      3.807      0.137     0.1787      2.487     74.475  61.152757     4.5168      6.511   234.1534 2.6729e+00     3.8036      3.731      5.412    16.7059 0.0000e+00
      3.846      0.139     0.1788      2.470     77.021  62.985272     4.3468      6.504   232.7774 2.2645e+00     3.1769      3.772      5.471    16.5582 0.0000e+00
      3.886      0.141     0.1765      2.462     79.631  64.866679     4.3275      6.498   231.1043 1.9317e+00     3.1283      3.812      5.529    16.4018 0.0000e+00
      3.923      0.141     0.1724      2.443     84.124  68.264713     4.3092      6.491   228.5506 1.6691e+00     3.0853      3.848      5.581    16.2307 0.0000e+00
      3.958      0.138     0.1713      2.406     90.099  72.855783     4.1871      6.484   225.2180 1.4486e+00     2.9194      3.882      5.630    16.0540 0.0000e+00
      3.992      0.133     0.1705      2.376     94.038  75.806774     3.9700      6.476   222.1270 1.2640e+00     2.6957      3.915      5.679    15.8844 0.0000e+00
      4.027      0.130     0.1711      2.361     95.046  76.411082     3.8510      6.467   219.6574 1.1095e+00     2.6083      3.949      5.728    15.7285 0.0000e+00
      4.059      0.129     0.1713      2.346     94.109  75.456057     3.8321      6.456   217.7277 9.8670e-01     2.6172      3.982      5.775    15.5759 0.0000e+00
      4.088      0.129     0.1676      2.305     92.225  73.735278     3.7587      6.444   216.2607 8.8895e-01     2.5402      4.009      5.814    15.4265 0.0000e+00
      4.119      0.128     0.1661      2.238     90.261  71.948584     3.6315      6.433   214.8267 7.9309e-01     2.3666      4.037      5.855    15.2974 0.0000e+00
      4.154      0.128     0.1657      2.176     88.413  70.258858     3.5590      6.423   213.0367 7.0265e-01     2.2551      4.073      5.908    15.1930 0.0000e+00
      4.190      0.127     0.1660      2.136     87.266  69.136758     3.5420      6.415   211.2240 6.3264e-01     2.2399      4.110      5.962    15.0883 0.0000e+00
      4.223      0.123     0.1636      2.105     87.151  68.871741     3.5039      6.410   209.8593 5.8274e-01     2.2484      4.142      6.007    14.9719 0.0000e+00
      4.254      0.118     0.1581      2.065     87.581  69.088881     3.4453      6.406   208.7539 5.4754e-01     2.2590      4.172      6.051    14.8515 0.0000e+00
      4.284      0.111     0.1534      2.023     88.536  69.727583     3.4225      6.404   207.2367 5.2445e-01     2.2702      4.202      6.094    14.7291 0.0000e+00
      4.311      0.105     0.1517      1.978     89.446  70.299868     3.4275      6.402   204.9375 5.0820e-01     2.2862      4.229      6.134    14.6021 0.0000e+00
      4.335      0.103     0.1508      1.939     89.389  70.095340     3.3848      6.399   202.3785 4.8668e-01     2.2875      4.252      6.168    14.4942 0.0000e+00
      4.357      0.104     0.1472      1.905     88.400  69.161841     3.2968      6.395   199.9570 4.5012e-01     2.2535      4.272      6.196    14.4394 0.0000e+00
      4.382      0.106     0.1450      1.856     87.000  67.913680     3.2469      6.393   197.7700 4.1293e-01     2.2360      4.295      6.230    14.3854 0.0000e+00
      4.410      0.109     0.1415      1.808     85.475  66.574388     3.2329      6.391   195.8115 3.9684e-01     2.2719      4.325      6.272    14.2956 0.0000e+00
      4.440      0.114     0.1387      1.782     83.460  64.856140     3.1530      6.388   193.8286 3.8264e-01     2.2948      4.353      6.315    14.2034 0.0000e+00
      4.471      0.118     0.1378      1.762     81.391  63.093075     3.0179      6.385   191.8632 3.5499e-01     2.2831      4.385      6.361    14.1137 0.0000e+00
      4.502      0.120     0.1338      1.747     80.567  62.291534     2.9519      6.384   190.1162 3.4164e-01     2.2619      4.416      6.405    14.0259 0.0000e+00
      4.533      0.120     0.1295      1.740     80.433  62.028987     2.9368      6.384   188.7097 3.5013e-01     2.2357      4.444      6.446    13.9399 0.0000e+00
      4.564      0.119     0.1291      1.710     79.788  61.380162     2.8867      6.385   187.4184 3.4903e-01     2.1626      4.475      6.491    13.8516 0.0000e+00
      4.596      0.116     0.1277      1.686     78.982  60.611131     2.8312      6.386   186.0333 3.2710e-01     2.0654      4.508      6.538    13.7570 0.0000e+00
      4.626      0.114     0.1258      1.697     77.932  59.657705     2.8124      6.386   184.6097 3.1437e-01     2.0442      4.538      6.580    13.6545 0.0000e+00
      4.653      0.112     0.1283      1.699     76.352  58.303996     2.8067      6.387   183.1116 3.1806e-01     2.0371      4.563      6.619    13.5537 0.0000e+00
      4.680      0.112     0.1247      1.677     74.769  56.952350     2.7887      6.389   181.6862 3.0830e-01     2.0129      4.590      6.659    13.4602 0.0000e+00
      4.707      0.113     0.1211      1.646     73.399  55.768971     2.7067      6.391   180.6250 2.8967e-01     2.0138      4.616      6.695    13.3666 0.0000e+00
      4.735      0.118     0.1253      1.625     72.292  54.796966     2.5693      6.393   179.9171 2.8023e-01     2.0155      4.642      6.732    13.2707 0.0000e+00
      4.765      0.125     0.1254      1.624     71.264  53.903918     2.4987      6.395   179.1506 2.7181e-01     2.0339      4.673      6.778    13.1769 0.0000e+00
      4.798      0.133     0.1236      1.628     70.168  52.975878     2.4943      6.400   178.0681 2.5916e-01     2.0389      4.705      6.824    13.0820 0.0000e+00
      4.832      0.140     0.1213      1.614     69.280  52.215773     2.4121      6.407   176.9806 2.5059e-01     1.9114      4.736      6.870    12.9842 0.0000e+00
      4.870      0.146     0.1191      1.575     68.957  51.891812     2.2503      6.410   176.2414 2.3760e-01     1.7059      4.773      6.923    12.8912 0.0000e+00
      4.910      0.148     0.1204      1.548     68.664  51.599752     2.1594      6.409   175.8410 2.2065e-01     1.6181      4.815      6.983    12.8126 0.0000e+00
      4.952      0.143     0.1210      1.554     67.917  50.971090     2.1362      6.407   175.5814 2.1379e-01     1.6045      4.857      7.044    12.7438 0.0000e+00
      4.992      0.131     0.1210      1.562     67.817  50.833275     2.0557      6.408   175.2537 1.9581e-01     1.5075      4.896      7.100    12.6786 0.0000e+00
      5.027      0.112     0.1168      1.543     68.458  51.267420     1.9232      6.412   174.9753 1.7265e-01     1.3634      4.931      7.153    12.6209 0.0000e+00
      5.057      0.089     0.1135      1.500     68.904  51.583295     1.8440      6.414   174.8829 1.7505e-01     1.2713      4.963      7.200    12.5698 0.0000e+00
      5.075      0.065     0.1161      1.466     69.095  51.730514     1.8178      6.414   174.7389 1.8988e-01     1.2786      4.982      7.225    12.5197 0.0000e+00
      5.084      0.045     0.1170      1.447     69.236  51.840510     1.7632      6.414   174.4387 1.8879e-01     1.3539      4.987      7.233    12.4718 0.0000e+00
      5.088      0.036     0.1166      1.435     69.311  51.896891     1.7207      6.414   174.2644 1.7694e-01     1.3954      4.989      7.236    12.4334 0.0000e+00
      5.090 -9.990e-29     0.1112 -9.990e-29 -9.990e-29 -9.990e-29 -9.990e-29 -9.990e-29 -9.990e-29 1.7583e-01 -9.990e-29      4.992      7.240    12.4207 0.0000e+00
      5.092 -9.990e-29     0.1088 -9.990e-29 -9.990e-29 -9.990e-29 -9.990e-29 -9.990e-29 -9.990e-29 1.8155e-01 -9.990e-29      4.994      7.243    12.4331 0.0000e+00
      5.094 -9.990e-29     0.1088 -9.990e-29 -9.990e-29 -9.990e-29 -9.990e-29 -9.990e-29 -9.990e-29 1.8742e-01 -9.990e-29      4.996      7.246    12.4372 0.0000e+00
      5.095 -9.990e-29     0.1053 -9.990e-29 -9.990e-29 -9.990e-29 -9.990e-29 -9.990e-29 -9.990e-29 1.9130e-01 -9.990e-29      4.997      7.248    12.4324 0.0000e+00
