Data/DataNotYetUploadedToEDI/Raw_CTD/RawDownloads/090219_fcr50.cnv
* Sea-Bird SBE19plus  Data File:
* FileName = C:\Users\CareyLab\Documents\DATA_moored\090219_fcr50_0001.hex
* Software version 2.8.0.119 SB_Terminal.dll
* Temperature SN = 7809
* Conductivity SN = 7809
* System UpLoad Time = Sep 02 2019 09:36:55
* <ApplicationData>
* <Seaterm232>
# nquan = 15
# nvalues = 861                         
# units = specified
# name 0 = depFM: Depth [fresh water, m]
# name 1 = dz/dtM: Descent Rate [m/s]
# name 2 = sbeox0ML/L: Oxygen, SBE 43 [ml/l]
# name 3 = sbeox0PS: Oxygen, SBE 43 [% saturation]
# name 4 = specc: Specific Conductance [uS/cm]
# name 5 = c0uS/cm: Conductivity [uS/cm]
# name 6 = flECO-AFL: Fluorescence, WET Labs ECO-AFL/FL [mg/m^3]
# name 7 = ph: pH
# name 8 = orp: Oxidation Reduction Potential [mV]
# name 9 = par/sat/log: PAR/Logarithmic, Satlantic
# name 10 = turbWETntu0: Turbidity, WET Labs ECO [NTU]
# name 11 = prdM: Pressure, Strain Gauge [db]
# name 12 = prdE: Pressure, Strain Gauge [psi]
# name 13 = tv290C: Temperature [ITS-90, deg C]
# name 14 = flag:  0.000e+00
# span 0 =     -0.552,      9.647       
# span 1 =     -0.166,      4.275       
# span 2 =     0.0087,     6.0160       
# span 3 =      0.574,    100.251       
# span 4 =      1.577,    275.624       
# span 5 =   1.475674, 202.480005       
# span 6 =    -0.6964,    16.6462       
# span 7 =      5.177,      7.718       
# span 8 = -1240.7455,   432.2340       
# span 9 = 1.2359e-01, 1.1747e+03       
# span 10 =    -0.5294,   323.6334      
# span 11 =     -0.542,      9.461      
# span 12 =     -0.786,     13.722      
# span 13 =    11.5248,    24.4566      
# span 14 = 0.0000e+00, 0.0000e+00      
# interval = seconds: 0.25
# start_time = Sep 02 2019 09:26:25 [Instrument's time stamp, header]
# bad_flag = -9.990e-29
*END*
[from data line 482]
      0.005      0.014     4.6654     83.566     37.604  37.183299     1.4613      6.453   222.1433 3.1866e+02     7.7431      0.005      0.007    24.4346 0.0000e+00
      0.009      0.015     4.7190     84.262     37.604  37.182353     1.4706      6.453   221.9738 3.9391e+02     7.9195      0.009      0.013    24.4352 0.0000e+00
      0.013      0.017     4.7740     84.686     37.591  37.170813     1.4668      6.452   221.9797 5.6580e+02     7.9390      0.012      0.018    24.4355 0.0000e+00
      0.016      0.018     4.8301     84.900     37.590  37.170718     1.4419      6.452   222.1281 7.3522e+02     7.9473      0.016      0.023    24.4358 0.0000e+00
      0.021      0.019     4.8866     84.980     37.601  37.181209     1.4030      6.452   222.3907 8.3412e+02     8.0192      0.021      0.030    24.4341 0.0000e+00
      0.027      0.020     4.9292     84.915     37.591  37.170709     1.3871      6.451   222.6599 8.6494e+02     8.0881      0.026      0.038    24.4334 0.0000e+00
      0.033      0.020     4.9516     84.647     37.592  37.170699     1.3883      6.450   222.4583 8.6988e+02     8.1244      0.032      0.047    24.4354 0.0000e+00
      0.038      0.021     4.9619     84.211     37.603  37.181096     1.3752      6.450   221.8463 8.7260e+02     8.0645      0.038      0.054    24.4368 0.0000e+00
      0.043      0.021     4.9668     83.715     37.592  37.169470     1.3578      6.449   221.4549 8.5327e+02     7.9545      0.044      0.062    24.4367 0.0000e+00
      0.048      0.021     4.9655     83.225     37.580  37.157078     1.3513      6.447   221.5969 8.1378e+02     7.9408      0.047      0.069    24.4354 0.0000e+00
      0.053      0.019     4.9492     82.719     37.581  37.158213     1.3483      6.445   222.0149 7.7845e+02     7.9327      0.052      0.075    24.4330 0.0000e+00
      0.059      0.013     4.9207     82.115     37.606  37.183194     1.3487      6.440   222.1206 7.4009e+02     7.8228      0.058      0.083    24.4319 0.0000e+00
      0.064     -0.003     4.8904     81.366     37.628  37.205226     1.3476      6.430   221.9287 7.1855e+02     7.6936      0.063      0.091    24.4322 0.0000e+00
      0.069     -0.030     4.8622     80.533     37.594  37.170698     1.3430      6.418   221.8454 7.2950e+02     7.6159      0.068      0.099    24.4319 0.0000e+00
      0.070     -0.064     4.8349     79.740     37.572  37.146568     1.3444      6.409   221.9740 7.9578e+02     7.6034      0.073      0.105    24.4315 0.0000e+00
      0.055     -0.097     4.8013     79.099     37.594  37.167370     1.3127      6.405   222.4520 8.7506e+02     7.5757      0.066      0.095    24.4321 0.0000e+00
      0.015     -0.125     4.7554     78.634     37.597  37.168315     1.2457      6.404   223.1504 8.8187e+02     7.4775      0.022      0.032    24.4335 0.0000e+00
     -0.040     -0.144     4.7044     78.303     37.589  37.157996     1.2111      6.407   223.7062 8.6351e+02     7.4321     -0.042     -0.061    24.4323 0.0000e+00
     -0.091     -0.149     4.6554     78.103     37.603  37.169545     1.2071      6.412   224.0099 8.6480e+02     7.4532     -0.094     -0.136    24.4275 0.0000e+00
     -0.131     -0.140     4.6176     78.029     37.617  37.181001     1.1965      6.416   224.1556 8.6877e+02     7.4704     -0.132     -0.191    24.4258 0.0000e+00
     -0.162     -0.120     4.5927     78.010     37.607  37.169566     1.1610      6.419   224.3491 8.6861e+02     7.5096     -0.160     -0.233    24.4257 0.0000e+00
     -0.186     -0.096     4.5728     77.915     37.597  37.158224     1.1159      6.424   224.4573 8.8085e+02     7.5661     -0.183     -0.266    24.4211 0.0000e+00
     -0.206     -0.075     4.5616     77.651     37.611  37.170814     1.0934      6.428   224.9469 8.8918e+02     7.5969     -0.203     -0.295    24.4168 0.0000e+00
     -0.222     -0.058     4.5588     77.254     37.636  37.194841     1.0802      6.430   225.9670 8.8002e+02     7.6198     -0.220     -0.318    24.4142 0.0000e+00
     -0.233     -0.044     4.5609     76.780     37.638  37.194832     1.0767      6.430   226.3801 8.7698e+02     7.6455     -0.230     -0.333    24.4126 0.0000e+00
     -0.242     -0.032     4.5585     76.245     37.614  37.170710     1.0857      6.429   226.3286 8.7509e+02     7.6450     -0.237     -0.345    24.4114 0.0000e+00
     -0.248     -0.021     4.5411     75.668     37.602  37.157070     1.0854      6.425   226.1190 8.6701e+02     7.6469     -0.245     -0.355    24.4095 0.0000e+00
     -0.253     -0.013     4.5168     75.078     37.603  37.156863     1.0814      6.421   225.6523 8.5753e+02     7.6687     -0.249     -0.362    24.4079 0.0000e+00
     -0.253     -0.008     4.4894     74.495     37.616  37.168194     1.0898      6.417   226.1928 8.5083e+02     7.7456     -0.249     -0.361    24.4064 0.0000e+00
     -0.253     -0.005     4.4575     73.903     37.616  37.167134     1.1011      6.414   227.6636 8.4755e+02     7.8549     -0.247     -0.357    24.4048 0.0000e+00
     -0.253     -0.003     4.4237     73.296     37.595  37.144043     1.0969      6.413   228.3789 8.4690e+02     7.8757     -0.247     -0.359    24.4030 0.0000e+00
     -0.254     -0.002     4.3883     72.697     37.596  37.142900     1.0820      6.414   228.1297 8.4720e+02     7.8335     -0.249     -0.362    24.4015 0.0000e+00
     -0.255     -0.002     4.3551     72.093     37.608  37.153306     1.0938      6.417   227.6626 8.4788e+02     7.8364     -0.249     -0.361    24.3993 0.0000e+00
     -0.256     -0.002     4.3214     71.475     37.598  37.142911     1.1263      6.420   227.2913 8.5135e+02     7.8781     -0.251     -0.364    24.3970 0.0000e+00
     -0.257     -0.001     4.2842     70.833     37.601  37.144159     1.1373      6.423   227.4254 8.5537e+02     7.8791     -0.253     -0.367    24.3950 0.0000e+00
     -0.257     -0.000     4.2509     70.168     37.627  37.168395     1.1408      6.424   228.2516 8.5436e+02     7.8481     -0.252     -0.365    24.3926 0.0000e+00
     -0.256      0.001     4.2154     69.526     37.642  37.182044     1.1333      6.423   228.9360 8.2754e+02     7.8643     -0.251     -0.363    24.3904 0.0000e+00
     -0.255      0.002     4.1795     68.920     37.642  37.182244     1.1070      6.420   229.1609 7.2553e+02     7.9105     -0.250     -0.363    24.3883 0.0000e+00
     -0.255      0.002     4.1432     68.370     37.631  37.170807     1.0925      6.419   229.1643 5.3725e+02     7.9151     -0.250     -0.363    24.3863 0.0000e+00
     -0.254      0.001     4.1017     67.883     37.632  37.170712     1.0957      6.419   228.7183 3.6655e+02     7.8867     -0.249     -0.361    24.3849 0.0000e+00
     -0.252     -0.000     4.0654     67.455     37.643  37.181100     1.1027      6.420   228.2424 3.6267e+02     7.8629     -0.247     -0.358    24.3840 0.0000e+00
     -0.252     -0.002     4.0289     67.112     37.632  37.169456     1.0997      6.423   228.4006 5.3882e+02     7.8566     -0.246     -0.357    24.3835 0.0000e+00
     -0.254     -0.003     3.9965     66.867     37.621  37.156867     1.0936      6.426   228.7386 7.3708e+02     7.8762     -0.249     -0.361    24.3829 0.0000e+00
     -0.256     -0.003     3.9691     66.725     37.621  37.155836     1.0978      6.429   228.9731 8.3554e+02     7.8700     -0.252     -0.365    24.3820 0.0000e+00
     -0.257     -0.002     3.9426     66.658     37.622  37.156991     1.0987      6.430   229.2570 8.5974e+02     7.8142     -0.252     -0.365    24.3804 0.0000e+00
     -0.258     -0.002     3.9230     66.599     37.637  37.170822     1.1044      6.430   228.9018 8.6489e+02     7.6932     -0.253     -0.367    24.3791 0.0000e+00
     -0.258     -0.002     3.9082     66.548     37.664  37.196121     1.1319      6.430   228.1201 8.6070e+02     7.5218     -0.254     -0.368    24.3778 0.0000e+00
     -0.256     -0.002     3.9004     66.573     37.679  37.208985     1.1546      6.430   228.0651 7.8747e+02     7.4463     -0.251     -0.364    24.3760 0.0000e+00
     -0.255     -0.003     3.8987     66.703     37.670  37.199406     1.1611      6.431   228.5808 6.2447e+02     7.4675     -0.249     -0.362    24.3751 0.0000e+00
     -0.257     -0.005     3.8956     66.917     37.679  37.207250     1.1586      6.432   229.0212 5.8791e+02     7.5165     -0.251     -0.365    24.3744 0.0000e+00
     -0.259     -0.007     3.8902     67.247     37.778  37.303820     1.1507      6.432   228.9158 7.4809e+02     7.5791     -0.254     -0.369    24.3729 0.0000e+00
     -0.262     -0.007     3.8915     67.899     38.018  37.541858     1.1447      6.433   228.3391 8.6096e+02     7.6353     -0.256     -0.371    24.3702 0.0000e+00
     -0.265     -0.004     3.9002     69.278     38.346  37.863720     1.1464      6.434   227.9855 8.7516e+02     7.7041     -0.260     -0.377    24.3682 0.0000e+00
     -0.268      0.003     3.9128     71.718     38.580  38.085116     1.1368      6.432   227.9957 8.7921e+02     7.7557     -0.264     -0.383    24.3675 0.0000e+00
     -0.268      0.012     3.9285     75.093     38.634  38.124011     1.1064      6.423   228.1175 8.7863e+02     7.8012     -0.265     -0.384    24.3671 0.0000e+00
     -0.265      0.023     3.9567     78.797     38.604  38.080069     1.0914      6.411   228.1682 8.7490e+02     7.8599     -0.261     -0.379    24.3696 0.0000e+00
     -0.257      0.033     4.0280     82.091     38.594  38.061609     1.0938      6.398   228.0917 8.7395e+02     7.9084     -0.254     -0.369    24.3692 0.0000e+00
     -0.246      0.043     4.1742     84.455     38.629  38.091227     1.0918      6.388   227.7952 8.7622e+02     8.0933     -0.242     -0.351    24.3555 0.0000e+00
     -0.231      0.050     4.3881     85.753     38.662  38.120797     1.0840      6.382   227.3375 8.8232e+02     8.3909     -0.226     -0.328    24.3324 0.0000e+00
     -0.216      0.054     4.6232     86.086     38.643  38.101744     1.0776      6.382   227.0315 8.9097e+02     8.5244     -0.211     -0.308    24.3136 0.0000e+00
     -0.200      0.055     4.8288     85.586     38.592  38.051285     1.0751      6.384   227.0198 8.9504e+02     8.5276     -0.196     -0.285    24.3028 0.0000e+00
     -0.185      0.054     4.9695     84.439     38.559  38.018517     1.0624      6.387   227.0241 8.9601e+02     8.4299     -0.180     -0.261    24.2969 0.0000e+00
     -0.172      0.052     5.0419     82.914     38.564  38.022928     1.0458      6.389   226.7394 8.9782e+02     8.2280     -0.168     -0.243    24.2943 0.0000e+00
     -0.160      0.051     5.0597     81.290     38.582  38.041146     1.0389      6.391   226.4173 8.9987e+02     8.1182     -0.157     -0.227    24.2933 0.0000e+00
     -0.148      0.049     5.0269     79.791     38.587  38.048358     1.0316      6.393   226.3992 8.9222e+02     8.0854     -0.145     -0.210    24.2930 0.0000e+00
     -0.137      0.048     4.9535     78.465     38.582  38.046655     1.0265      6.393   226.4341 7.8630e+02     8.0929     -0.134     -0.194    24.2930 0.0000e+00
     -0.124      0.049     4.8587     77.213     38.551  38.020551     1.0554      6.391   226.2373 6.5907e+02     8.1443     -0.121     -0.176    24.2931 0.0000e+00
     -0.111      0.050     4.7579     75.990     38.446  37.923177     1.1111      6.386   226.0847 7.2416e+02     8.1496     -0.108     -0.157    24.2942 0.0000e+00
     -0.099      0.052     4.6687     74.840     38.270  37.757987     1.1366      6.381   226.1371 8.6039e+02     8.1237     -0.098     -0.141    24.2964 0.0000e+00
     -0.086      0.054     4.5949     73.868     38.110  37.610164     1.1387      6.376   226.1828 9.0487e+02     8.1272     -0.085     -0.124    24.2983 0.0000e+00
     -0.071      0.057     4.5217     73.218     38.019  37.532350     1.1453      6.371   226.2070 9.0851e+02     8.0929     -0.070     -0.102    24.3035 0.0000e+00
     -0.056      0.059     4.4481     72.938     37.925  37.451917     1.1478      6.371   226.2578 9.1063e+02     7.9705     -0.054     -0.080    24.3134 0.0000e+00
     -0.041      0.061     4.3784     73.089     37.797  37.335901     1.1505      6.375   226.1955 9.1314e+02     7.8933     -0.041     -0.060    24.3236 0.0000e+00
     -0.025      0.063     4.3157     73.854     37.723  37.272171     1.1528      6.380   226.0550 9.1566e+02     7.8803     -0.025     -0.036    24.3375 0.0000e+00
     -0.008      0.063     4.2760     75.307     37.696  37.252642     1.1666      6.383   225.9360 9.2050e+02     7.8138     -0.007     -0.010    24.3557 0.0000e+00
      0.009      0.063     4.2592     77.364     37.664  37.226735     1.1956      6.385   225.5317 9.2712e+02     7.7116      0.008      0.012    24.3721 0.0000e+00
      0.025      0.063     4.2600     79.928     37.646  37.212838     1.2086      6.387   224.7801 9.5428e+02     7.6603      0.024      0.035    24.3859 0.0000e+00
      0.041      0.064     4.3027     82.875     37.641  37.211574     1.2115      6.389   224.1613 1.0030e+03     7.6524      0.041      0.059    24.3973 0.0000e+00
      0.057      0.068     4.3900     85.965     37.638  37.211458     1.2307      6.393   223.7288 9.4892e+02     7.7801      0.057      0.082    24.4069 0.0000e+00
      0.071      0.075     4.5108     88.802     37.635  37.211438     1.2589      6.405   223.2499 7.5355e+02     8.0905      0.070      0.101    24.4146 0.0000e+00
      0.087      0.084     4.6628     91.035     37.633  37.211332     1.2747      6.423   222.8457 5.7898e+02     8.2915      0.082      0.120    24.4199 0.0000e+00
      0.110      0.093     4.8381     92.429     37.630  37.210177     1.2741      6.442   222.7129 4.9583e+02     8.3096      0.105      0.153    24.4242 0.0000e+00
      0.140      0.100     5.0288     92.895     37.617  37.197472     1.2780      6.457   222.8491 4.7426e+02     8.3106      0.136      0.197    24.4278 0.0000e+00
      0.171      0.105     5.2009     92.560     37.603  37.184672     1.3303      6.465   223.4595 4.5320e+02     8.3022      0.168      0.243    24.4312 0.0000e+00
      0.201      0.108     5.3357     91.637     37.601  37.182365     1.4124      6.465   224.4155 4.0763e+02     8.3070      0.197      0.286    24.4347 0.0000e+00
      0.228      0.108     5.4201     90.339     37.588  37.169575     1.4557      6.465   225.1155 4.1077e+02     8.3351      0.225      0.327    24.4365 0.0000e+00
      0.252      0.110     5.4429     88.812     37.575  37.156975     1.4635      6.468   225.6413 4.4077e+02     8.3475      0.248      0.360    24.4363 0.0000e+00
      0.276      0.113     5.4193     87.127     37.575  37.156955     1.4550      6.472   226.2996 4.2326e+02     8.4239      0.268      0.389    24.4372 0.0000e+00
      0.303      0.117     5.3601     85.335     37.588  37.169335     1.4471      6.477   227.4822 3.8781e+02     8.5375      0.295      0.428    24.4380 0.0000e+00
      0.336      0.122     5.2818     83.567     37.598  37.179711     1.4555      6.481   229.0994 3.5926e+02     8.5738      0.329      0.477    24.4370 0.0000e+00
      0.372      0.127     5.1912     82.000     37.574  37.155466     1.4613      6.483   230.1938 3.2883e+02     8.5679      0.366      0.530    24.4368 0.0000e+00
      0.407      0.131     5.0924     80.695     37.549  37.130087     1.4573      6.483   230.4754 3.2112e+02     8.5003      0.400      0.580    24.4377 0.0000e+00
      0.439      0.135     4.9853     79.641     37.546  37.126748     1.4500      6.481   230.5258 3.2336e+02     8.4114      0.431      0.625    24.4380 0.0000e+00
      0.472      0.138     4.8764     78.790     37.535  37.115095     1.4517      6.476   230.8891 3.0752e+02     8.4100      0.463      0.672    24.4378 0.0000e+00
      0.507      0.142     4.7847     78.070     37.536  37.116125     1.4602      6.470   231.6850 2.9106e+02     8.4180      0.496      0.720    24.4373 0.0000e+00
      0.542      0.147     4.7090     77.511     37.561  37.139205     1.4748      6.466   232.6632 2.8309e+02     8.3450      0.531      0.769    24.4366 0.0000e+00
