Data/DataNotYetUploadedToEDI/Raw_CTD/RawDownloads/090219_fcr50.cnv
* Sea-Bird SBE19plus  Data File:
* FileName = C:\Users\CareyLab\Documents\DATA_moored\090219_fcr50_0001.hex
* Software version 2.8.0.119 SB_Terminal.dll
* Temperature SN = 7809
* Conductivity SN = 7809
* System UpLoad Time = Sep 02 2019 09:36:55
* <ApplicationData>
* <Seaterm232>
# nquan = 15
# nvalues = 861                         
# units = specified
# name 0 = depFM: Depth [fresh water, m]
# name 1 = dz/dtM: Descent Rate [m/s]
# name 2 = sbeox0ML/L: Oxygen, SBE 43 [ml/l]
# name 3 = sbeox0PS: Oxygen, SBE 43 [% saturation]
# name 4 = specc: Specific Conductance [uS/cm]
# name 5 = c0uS/cm: Conductivity [uS/cm]
# name 6 = flECO-AFL: Fluorescence, WET Labs ECO-AFL/FL [mg/m^3]
# name 7 = ph: pH
# name 8 = orp: Oxidation Reduction Potential [mV]
# name 9 = par/sat/log: PAR/Logarithmic, Satlantic
# name 10 = turbWETntu0: Turbidity, WET Labs ECO [NTU]
# name 11 = prdM: Pressure, Strain Gauge [db]
# name 12 = prdE: Pressure, Strain Gauge [psi]
# name 13 = tv290C: Temperature [ITS-90, deg C]
# name 14 = flag:  0.000e+00
# span 0 =     -0.552,      9.647       
# span 1 =     -0.166,      4.275       
# span 2 =     0.0087,     6.0160       
# span 3 =      0.574,    100.251       
# span 4 =      1.577,    275.624       
# span 5 =   1.475674, 202.480005       
# span 6 =    -0.6964,    16.6462       
# span 7 =      5.177,      7.718       
# span 8 = -1240.7455,   432.2340       
# span 9 = 1.2359e-01, 1.1747e+03       
# span 10 =    -0.5294,   323.6334      
# span 11 =     -0.542,      9.461      
# span 12 =     -0.786,     13.722      
# span 13 =    11.5248,    24.4566      
# span 14 = 0.0000e+00, 0.0000e+00      
# interval = seconds: 0.25
# start_time = Sep 02 2019 09:26:25 [Instrument's time stamp, header]
# bad_flag = -9.990e-29
*END*
[from data line 772]
      7.272      0.142     0.0821      1.059     88.096  64.893212     2.6316      6.009   181.8716 1.2370e-01     0.8621      7.132     10.344    11.8474 0.0000e+00
      7.309      0.143     0.0832      1.065     89.437  65.868802     2.6266      6.006   180.8160 1.2374e-01     0.9186      7.167     10.395    11.8498 0.0000e+00
      7.345      0.144     0.0802      1.054     91.302  67.229968     2.6616      6.004   180.9045 1.2379e-01     0.9171      7.203     10.447    11.8440 0.0000e+00
      7.381      0.146     0.0778      1.042     94.860  69.844823     2.7438      6.001   181.5640 1.2374e-01     0.8760      7.239     10.500    11.8350 0.0000e+00
      7.416      0.150     0.0808      1.047     99.660  73.388372     2.7958      5.996   181.1334 1.2372e-01     0.8473      7.272     10.547    11.8282 0.0000e+00
      7.451      0.155     0.0809      1.055    103.254  76.056770     2.8050      5.991   180.4303 1.2376e-01     0.8650      7.305     10.595    11.8211 0.0000e+00
      7.492      0.158     0.0802      1.056    105.357  77.625512     2.8040      5.986   180.6340 1.2376e-01     0.9915      7.344     10.651    11.8133 0.0000e+00
      7.537      0.160     0.0777      1.036    107.127  78.936097     2.8088      5.980   180.6715 1.2373e-01     1.1976      7.391     10.720    11.8084 0.0000e+00
      7.583      0.160     0.0797      1.000    108.501  79.944981     2.8198      5.974   180.0226 1.2369e-01     1.2925      7.438     10.787    11.8129 0.0000e+00
      7.625      0.159     0.0797      0.988    108.971  80.282479     2.8160      5.969   179.4991 1.2368e-01     1.2868      7.479     10.846    11.8279 0.0000e+00
      7.662      0.157     0.0805      1.000    108.729  80.090679     2.7714      5.965   179.1601 1.2374e-01     1.1286      7.515     10.899    11.8395 0.0000e+00
      7.697      0.156     0.0795      0.996    108.436  79.852331     2.7054      5.962   178.4191 1.2377e-01     0.8221      7.548     10.948    11.8410 0.0000e+00
      7.735      0.157     0.0744      0.979    108.776  80.072291     2.6853      5.959   177.4228 1.2376e-01     0.6605      7.583     10.999    11.8381 0.0000e+00
      7.775      0.161     0.0738      0.977    110.037  80.969002     2.7013      5.957   176.5780 1.2379e-01     0.6501      7.624     11.059    11.8348 0.0000e+00
      7.818      0.165     0.0767      0.992    111.872  82.297346     2.7258      5.955   175.5190 1.2375e-01     0.6961      7.667     11.120    11.8289 0.0000e+00
      7.862      0.167     0.0761      1.007    113.746  83.664257     2.7652      5.953   173.9104 1.2365e-01     0.7905      7.708     11.179    11.8188 0.0000e+00
      7.907      0.167     0.0733      1.004    115.351  84.835721     2.7867      5.951   172.1862 1.2360e-01     0.8411      7.753     11.244    11.8038 0.0000e+00
      7.953      0.163     0.0736      0.991    117.159  86.154281     2.7871      5.950   170.3305 1.2362e-01     0.8496      7.800     11.314    11.7869 0.0000e+00
      7.995      0.158     0.0750      0.986    119.455  87.835345     2.7359      5.949   168.2501 1.2367e-01     0.9255      7.843     11.375    11.7770 0.0000e+00
      8.032      0.153     0.0772      0.989    121.032  88.998315     2.6264      5.947   166.9086 1.2373e-01     1.0377      7.878     11.426    11.7735 0.0000e+00
      8.067      0.149     0.0765      0.993    121.392  89.270223     2.5634      5.944   166.2421 1.2373e-01     1.0927      7.910     11.474    11.7705 0.0000e+00
      8.103      0.148     0.0745      0.995    121.580  89.404761     2.5640      5.941   165.3533 1.2366e-01     1.1313      7.945     11.523    11.7650 0.0000e+00
      8.140      0.151     0.0745      0.986    122.137  89.797679     2.5824      5.939   164.2503 1.2363e-01     1.1441      7.982     11.576    11.7600 0.0000e+00
      8.178      0.157     0.0751      0.976    123.322  90.647909     2.6037      5.938   163.1441 1.2372e-01     1.1158      8.019     11.632    11.7627 0.0000e+00
      8.218      0.163     0.0749      0.976    125.074  91.920171     2.6142      5.936   162.0448 1.2379e-01     1.0839      8.058     11.687    11.7691 0.0000e+00
      8.261      0.168     0.0760      0.981    126.758  93.151181     2.6224      5.935   160.9393 1.2377e-01     1.1191      8.099     11.747    11.7675 0.0000e+00
      8.306      0.171     0.0749      0.991    128.189  94.202179     2.6159      5.932   160.0160 1.2376e-01     1.2470      8.145     11.813    11.7585 0.0000e+00
      8.353      0.171     0.0731      0.989    129.729  95.334188     2.5793      5.930   159.0550 1.2376e-01     1.3194      8.191     11.881    11.7488 0.0000e+00
      8.399      0.170     0.0745      0.978    132.049  97.034853     2.5520      5.930   157.5800 1.2370e-01     1.3055      8.238     11.948    11.7422 0.0000e+00
      8.441      0.168     0.0737      0.969    137.035 100.695243     2.5547      5.930   155.8619 1.2368e-01     1.3087      8.279     12.008    11.7400 0.0000e+00
      8.481      0.163     0.0759      0.969    147.581 108.454565     2.5605      5.929   154.3705 1.2371e-01     1.3257      8.317     12.063    11.7408 0.0000e+00
      8.522      0.159     0.0753      0.974    161.100 118.428315     2.5608      5.926   152.9708 1.2370e-01     1.3141      8.358     12.122    11.7415 0.0000e+00
      8.563      0.156     0.0738      0.964    169.974 125.012806     2.5583      5.921   151.4993 1.2370e-01     1.2993      8.398     12.181    11.7398 0.0000e+00
      8.602      0.154     0.0735      0.950    172.540 126.948063     2.5475      5.915   150.1730 1.2375e-01     1.3109      8.436     12.235    11.7366 0.0000e+00
      8.641      0.153     0.0727      0.938    171.443 126.144694     2.5430      5.908   149.0666 1.2382e-01     1.3233      8.475     12.291    11.7369 0.0000e+00
      8.680      0.151     0.0751      0.917    168.648 124.033555     2.6077      5.901   148.2746 1.2384e-01     1.3184      8.512     12.345    11.7492 0.0000e+00
      8.718      0.151     0.0728      0.902    166.737 122.524515     2.7321      5.896   147.6521 1.2382e-01     1.3166      8.549     12.399    11.7728 0.0000e+00
      8.756      0.152     0.0716      0.908    166.692 122.370203     2.7991      5.894   147.2186 1.2381e-01     1.3349      8.586     12.454    11.7900 0.0000e+00
      8.794      0.155     0.0717      0.926    168.308 123.442562     2.8018      5.895   146.9056 1.2376e-01     1.3750      8.624     12.509    11.7922 0.0000e+00
      8.834      0.158     0.0692      0.936    171.664 125.800500     2.8002      5.895   146.3623 1.2370e-01     1.5065      8.662     12.564    11.7762 0.0000e+00
      8.874      0.162     0.0677      0.938    175.563 128.566048     2.7966      5.895   145.9837 1.2370e-01     1.7130      8.701     12.620    11.7401 0.0000e+00
      8.916      0.166     0.0685      0.947    178.283 130.484265     2.8014      5.896   145.5119 1.2373e-01     1.8403      8.743     12.681    11.7013 0.0000e+00
      8.959      0.168     0.0706      0.970    180.036 131.713216     2.8054      5.896   144.8735 1.2375e-01     1.8655      8.786     12.743    11.6682 0.0000e+00
      9.004      0.168     0.0715      0.990    182.671 133.604307     2.7846      5.896   144.2008 1.2374e-01     2.0496      8.829     12.806    11.6379 0.0000e+00
      9.048      0.166     0.0711      0.987    187.110 136.830417     2.7579      5.897   143.2292 1.2374e-01     2.4286      8.873     12.869    11.6112 0.0000e+00
      9.091      0.163     0.0713      0.968    191.590 140.102234     2.7430      5.898   141.9882 1.2376e-01     2.6135      8.915     12.930    11.5897 0.0000e+00
      9.131      0.159     0.0739      0.946    194.054 141.904853     2.7340      5.898   140.8971 1.2373e-01     2.6130      8.955     12.988    11.5752 0.0000e+00
      9.171      0.158     0.0763      0.936    194.687 142.356771     2.7110      5.898   140.0179 1.2371e-01     2.6851      8.994     13.045    11.5654 0.0000e+00
      9.209      0.159     0.0755      0.943    194.753 142.376049     2.6810      5.899   138.7570 1.2373e-01     2.7973      9.031     13.099    11.5597 0.0000e+00
      9.246      0.163     0.0737      0.953    195.792 143.095012     2.6748      5.901   137.6975 1.2375e-01     2.8551      9.066     13.149    11.5594 0.0000e+00
      9.286      0.168     0.0718      0.959    198.429 144.987611     2.6793      5.901   136.8438 1.2375e-01     2.9253      9.105     13.206    11.5618 0.0000e+00
      9.331      0.171     0.0705      0.964    203.049 148.348797     2.6751      5.901   136.0065 1.2372e-01     3.0565      9.150     13.270    11.5596 0.0000e+00
      9.380      0.171     0.0720      0.962    208.826 152.588472     2.6591      5.903   134.9734 1.2368e-01     3.1626      9.198     13.341    11.5516 0.0000e+00
      9.428      0.164     0.0727      0.972    212.420 155.268721     2.6420      5.906   133.6439 1.2369e-01     3.1927      9.247     13.411    11.5394 0.0000e+00
      9.473      0.149     0.0727      0.979    213.403 156.050339     2.6330      5.909   133.2680 1.2374e-01     3.1587      9.291     13.475    11.5291 0.0000e+00
      9.513      0.128     0.0743      0.961    213.766 156.356583     2.6367      5.913   133.0960 1.2373e-01     3.0791      9.331     13.534    11.5248 0.0000e+00
      9.545      0.105     0.0724      0.938    214.267 156.736762     2.6611      5.916   132.1667 1.2367e-01     2.9838      9.365     13.583    11.5281 0.0000e+00
      9.566      0.082     0.0740      0.918    216.198 158.156857     2.6849      5.918   131.4102 1.2367e-01     2.9235      9.384     13.610    11.5440 0.0000e+00
      9.577      0.062     0.0759      0.903    219.178 160.371967     2.6989      5.921   130.6601 1.2373e-01     2.9077      9.393     13.622    11.5624 0.0000e+00
      9.586      0.047     0.0729      0.900    221.895 162.445873     2.7424      5.925   129.6363 1.2376e-01     2.9557      9.400     13.635    11.5716 0.0000e+00
      9.596      0.037     0.0715      0.905    226.067 165.605363     2.8219      5.928   128.0653 1.2373e-01     3.0783      9.410     13.649    11.5734 0.0000e+00
      9.605      0.030     0.0697      0.907    233.621 171.233668     2.8705      5.930   124.9156 1.2377e-01     3.1457      9.420     13.664    11.5719 0.0000e+00
      9.613      0.026     0.0685      0.895    245.050 179.702743     2.8708      5.934   121.6667 1.2382e-01     3.1138      9.428     13.674    11.5762 0.0000e+00
      9.619      0.023     0.0680      0.868    257.952 189.260974     2.8080      5.938   119.6718 1.2375e-01     3.1518      9.433     13.682    11.6002 0.0000e+00
      9.623      0.019     0.0689      0.850    268.297 196.969123     2.6930      5.941   118.0894 1.2364e-01     3.2447      9.438     13.689    11.6268 0.0000e+00
      9.627      0.016     0.0691      0.850    275.624 202.480005     2.6329      5.944   117.2474 1.2364e-01     3.2869      9.440     13.692    11.6439 0.0000e+00
      9.630      0.014     0.0689      0.854    275.459 202.463462     2.6274      5.948   116.3740 1.2366e-01     3.3349      9.442     13.696    11.6637 0.0000e+00
      9.634      0.012     0.0653      0.858    264.140 194.202152     2.6267      5.950   114.9280 1.2369e-01     3.4317      9.448     13.703    11.6805 0.0000e+00
      9.638      0.010     0.0636      0.865    252.560 185.698719     2.6243      5.953   114.3909 1.2369e-01     3.5396      9.452     13.708    11.7020 0.0000e+00
      9.640      0.008     0.0648      0.904    247.626 182.039803     2.6162      5.956   114.1822 1.2369e-01     3.5905      9.454     13.711    11.7307 0.0000e+00
      9.642      0.006     0.0641      0.937    243.726 179.120787     2.6242      5.960   113.3508 1.2373e-01     3.5882      9.455     13.713    11.7503 0.0000e+00
      9.642      0.004     0.0660      0.920    239.174 175.718267     2.6766      5.963   111.7380 1.2372e-01     3.5120      9.455     13.714    11.7620 0.0000e+00
      9.643      0.003     0.0635      0.898    236.924 174.009477     2.7551      5.965   110.0833 1.2367e-01     3.3895      9.456     13.715    11.7641 0.0000e+00
      9.643      0.003     0.0683      0.881    239.312 175.716523     2.7935      5.968   109.1743 1.2368e-01     3.3530      9.457     13.716    11.7553 0.0000e+00
      9.644      0.003     0.0742      0.860    243.258 178.587721     2.7940      5.972   108.3189 1.2378e-01     3.3659      9.458     13.717    11.7434 0.0000e+00
      9.645      0.003     0.0686      0.837    245.564 180.282111     2.7707      5.975   107.2265 1.2384e-01     3.1847      9.458     13.717    11.7312 0.0000e+00
      9.646      0.002     0.0683      0.819    249.374 183.099691     2.7201      5.977   105.7751 1.2379e-01     2.8333      9.460     13.719    11.7192 0.0000e+00
      9.647      0.002     0.0672      0.827    251.279 184.525325     2.6941      5.980   104.6217 1.2374e-01     2.6571      9.461     13.721    11.7087 0.0000e+00
      9.647      0.001     0.0650      0.854    248.397 182.432775     2.6990      5.985   104.2944 1.2374e-01     2.6594      9.461     13.722    11.7025 0.0000e+00
      9.647      0.001     0.0641      0.866    243.734 179.025516     2.6838      5.989   104.8284 1.2367e-01     2.5659      9.461     13.720    11.7035 0.0000e+00
      9.647      0.000     0.0609      0.862    238.119 174.907583     2.6480      5.992   105.4001 1.2359e-01     2.3793      9.460     13.721    11.7089 0.0000e+00
      9.647 1.8627e-08     0.0620      0.860    232.279 170.608806     2.6308      5.995   105.0986 1.2365e-01     2.3037      9.461     13.722    11.7146 0.0000e+00
      9.647 2.0490e-07     0.0655      0.851    227.382 166.988115     2.6318      5.999   104.7958 1.2375e-01     2.3077      9.460     13.721    11.7198 0.0000e+00
      9.647 1.8783e-07     0.0665      0.851    225.396 165.503180     2.6601      6.002   104.6641 1.2374e-01     2.2634      9.461     13.722    11.7234 0.0000e+00
      9.647      0.000     0.0646      0.859    225.402 165.496596     2.6876      6.003   104.5394 1.2372e-01     2.2272      9.461     13.721    11.7256 0.0000e+00
      9.647 -9.990e-29     0.0661 -9.990e-29 -9.990e-29 -9.990e-29 -9.990e-29 -9.990e-29 -9.990e-29 1.2373e-01 -9.990e-29      9.461     13.721    11.7236 0.0000e+00
      9.647 -9.990e-29     0.0643 -9.990e-29 -9.990e-29 -9.990e-29 -9.990e-29 -9.990e-29 -9.990e-29 1.2373e-01 -9.990e-29      9.461     13.722    11.7169 0.0000e+00
      9.647 -9.990e-29     0.0634 -9.990e-29 -9.990e-29 -9.990e-29 -9.990e-29 -9.990e-29 -9.990e-29 1.2372e-01 -9.990e-29      9.461     13.722    11.7099 0.0000e+00
      9.647 -9.990e-29     0.0669 -9.990e-29 -9.990e-29 -9.990e-29 -9.990e-29 -9.990e-29 -9.990e-29 1.2372e-01 -9.990e-29      9.461     13.722    11.7065 0.0000e+00
