Data/DataNotYetUploadedToEDI/Raw_CTD/RawDownloads/090219_fcr20.cnv
* Sea-Bird SBE19plus  Data File:
* FileName = C:\DATA\SBE19plus_01907809_2019_09_02_0002.hex
* Software version 2.8.0.119 SB_Terminal.dll
* Temperature SN = 7809
* Conductivity SN = 7809
* System UpLoad Time = Sep 02 2019 11:49:34
* <ApplicationData>
* <Seaterm232>
# nquan = 15
# nvalues = 396                         
# units = specified
# name 0 = depFM: Depth [fresh water, m]
# name 1 = dz/dtM: Descent Rate [m/s]
# name 2 = sbeox0ML/L: Oxygen, SBE 43 [ml/l]
# name 3 = sbeox0PS: Oxygen, SBE 43 [% saturation]
# name 4 = specc: Specific Conductance [uS/cm]
# name 5 = c0uS/cm: Conductivity [uS/cm]
# name 6 = flECO-AFL: Fluorescence, WET Labs ECO-AFL/FL [mg/m^3]
# name 7 = ph: pH
# name 8 = orp: Oxidation Reduction Potential [mV]
# name 9 = par/sat/log: PAR/Logarithmic, Satlantic
# name 10 = turbWETntu0: Turbidity, WET Labs ECO [NTU]
# name 11 = prdM: Pressure, Strain Gauge [db]
# name 12 = prdE: Pressure, Strain Gauge [psi]
# name 13 = tv290C: Temperature [ITS-90, deg C]
# name 14 = flag:  0.000e+00
# span 0 =     -0.553,      3.222       
# span 1 =     -0.185,      0.313       
# span 2 =    -0.3260,     6.7084       
# span 3 =     -5.005,    114.388       
# span 4 =      1.224,    109.051       
# span 5 =   1.211530,  94.713801       
# span 6 =    -2.0747,     3.6598       
# span 7 =      6.129,      8.305       
# span 8 =   157.6525,  1240.2295       
# span 9 = 7.9290e+00, 2.2657e+03       
# span 10 =    -2.0663,    54.3178      
# span 11 =     -0.543,      3.162      
# span 12 =     -0.788,      4.586      
# span 13 =    18.1911,    25.2073      
# span 14 = 0.0000e+00, 0.0000e+00      
# interval = seconds: 0.25
# start_time = Sep 02 2019 11:19:13 [Instrument's time stamp, header]
# bad_flag = -9.990e-29
*END*
[from data line 193]
      0.210      0.004     6.1123    103.989     37.467  37.057839     1.3386      6.906   184.6259 7.5820e+01     7.4584      0.206      0.298    24.4646 0.0000e+00
      0.211      0.006     6.0992    104.011     37.481  37.070534     1.3343      6.902   184.7780 7.5681e+01     7.4304      0.207      0.300    24.4586 0.0000e+00
      0.212      0.006     6.0829    104.067     37.483  37.071688     1.3183      6.897   184.9227 7.6017e+01     7.3551      0.207      0.301    24.4544 0.0000e+00
      0.214      0.005     6.0734    104.103     37.485  37.071783     1.2920      6.893   185.1713 7.6317e+01     7.2689      0.210      0.305    24.4502 0.0000e+00
      0.219      0.003     6.0728    104.084     37.485  37.071689     1.2773      6.891   185.3748 7.6387e+01     7.2399      0.215      0.312    24.4475 0.0000e+00
      0.221      0.001     6.0739    104.067     37.483  37.070545     1.2792      6.889   185.5753 7.6416e+01     7.2341      0.218      0.316    24.4473 0.0000e+00
      0.219     -0.001     6.0788    104.104     37.468  37.057953     1.2796      6.887   185.8758 7.6485e+01     7.1982      0.215      0.312    24.4449 0.0000e+00
      0.215     -0.003     6.0829    104.184     37.454  37.046393     1.2649      6.886   186.1685 7.6431e+01     7.2318      0.211      0.306    24.4425 0.0000e+00
      0.213     -0.005     6.0794    104.269     37.463  37.057724     1.2316      6.884   186.3614 7.6277e+01     7.3462      0.209      0.303    24.4430 0.0000e+00
      0.213     -0.005     6.0770    104.327     37.470  37.068014     1.2067      6.881   186.4018 7.6159e+01     7.4014      0.209      0.303    24.4445 0.0000e+00
      0.213     -0.005     6.0799    104.365     37.445  37.043874     1.2071      6.878   186.3980 7.6231e+01     7.4085      0.210      0.304    24.4460 0.0000e+00
      0.212     -0.004     6.0847    104.387     37.420  37.019743     1.2274      6.876   186.4877 7.6721e+01     7.3995      0.209      0.303    24.4484 0.0000e+00
      0.211     -0.003     6.0902    104.372     37.431  37.030140     1.2615      6.875   186.7124 7.7148e+01     7.3900      0.207      0.301    24.4533 0.0000e+00
      0.209     -0.001     6.0928    104.365     37.444  37.042625     1.2814      6.874   186.9640 7.7618e+01     7.4248      0.204      0.298    24.4586 0.0000e+00
      0.208      0.002     6.0938    104.386     37.447  37.043750     1.2767      6.873   187.1215 7.8280e+01     7.4596      0.202      0.294    24.4601 0.0000e+00
      0.208      0.005     6.0974    104.385     37.451  37.043750     1.2565      6.872   187.3250 7.8181e+01     7.4178      0.203      0.293    24.4591 0.0000e+00
      0.210      0.007     6.0943    104.368     37.454  37.042615     1.2277      6.869   187.6184 7.7416e+01     7.2800      0.206      0.299    24.4590 0.0000e+00
      0.215      0.008     6.0928    104.357     37.444  37.030026     1.2150      6.865   187.7429 7.7104e+01     7.1701      0.211      0.306    24.4592 0.0000e+00
      0.219      0.008     6.0973    104.343     37.434  37.018486     1.2244      6.862   187.7124 7.7333e+01     7.1702      0.215      0.311    24.4564 0.0000e+00
      0.221      0.007     6.0966    104.315     37.447  37.030027     1.2290      6.857   187.7650 7.7195e+01     7.1824      0.217      0.314    24.4510 0.0000e+00
      0.221      0.004     6.0955    104.237     37.458  37.042618     1.2186      6.851   187.9490 7.6797e+01     7.1538      0.218      0.316    24.4454 0.0000e+00
      0.221      0.002     6.0962    104.083     37.457  37.043772     1.2107      6.845   188.2164 7.6848e+01     7.1525      0.217      0.314    24.4411 0.0000e+00
      0.221      0.000     6.0953    103.913     37.454  37.043979     1.2120      6.840   188.5023 7.6843e+01     7.1670      0.216      0.313    24.4384 0.0000e+00
      0.221     -0.001     6.0948    103.811     37.453  37.045133     1.2170      6.836   188.7395 7.6614e+01     7.2301      0.216      0.314    24.4376 0.0000e+00
      0.221     -0.001     6.0913    103.781     37.464  37.057723     1.2187      6.833   188.8473 7.6750e+01     7.3586      0.217      0.314    24.4383 0.0000e+00
      0.221     -0.001     6.0804    103.769     37.475  37.069264     1.2154      6.830   188.8593 7.6959e+01     7.4099      0.217      0.315    24.4414 0.0000e+00
      0.220     -0.002     6.0673    103.733     37.463  37.057724     1.2124      6.830   188.9704 7.7149e+01     7.3918      0.216      0.314    24.4463 0.0000e+00
      0.220     -0.003     6.0612    103.657     37.452  37.045144     1.2077      6.827   189.1579 7.7571e+01     7.4011      0.216      0.313    24.4503 0.0000e+00
      0.220     -0.003     6.0607    103.555     37.453  37.044104     1.2111      6.822   189.3199 7.8206e+01     7.4241      0.216      0.314    24.4531 0.0000e+00
      0.219     -0.002     6.0605    103.434     37.455  37.045145     1.2184      6.819   189.5523 7.8276e+01     7.4071      0.215      0.312    24.4543 0.0000e+00
      0.217     -0.001     6.0593    103.340     37.469  37.057726     1.2090      6.814   189.7305 7.7572e+01     7.3611      0.213      0.309    24.4531 0.0000e+00
      0.216     -0.001     6.0539    103.327     37.481  37.069275     1.2016      6.808   189.7545 7.7126e+01     7.3593      0.211      0.306    24.4513 0.0000e+00
      0.216     -0.002     6.0491    103.411     37.470  37.057838     1.2074      6.807   189.7565 7.6846e+01     7.3518      0.210      0.305    24.4490 0.0000e+00
      0.218     -0.003     6.0407    103.556     37.456  37.046392     1.2091      6.810   189.7543 7.6695e+01     7.2703      0.213      0.310    24.4467 0.0000e+00
      0.220     -0.003     6.0342    103.711     37.464  37.057837     1.2047      6.814   189.8135 7.7317e+01     7.1928      0.217      0.316    24.4456 0.0000e+00
      0.217     -0.003     6.0334    103.855     37.472  37.069273     1.2063      6.817   190.0415 7.7789e+01     7.1697      0.213      0.310    24.4441 0.0000e+00
      0.212     -0.002     6.0385    103.913     37.458  37.057723     1.2116      6.821   190.3609 7.7433e+01     7.1875      0.206      0.299    24.4436 0.0000e+00
      0.210     -0.000     6.0494    103.831     37.445  37.045132     1.2083      6.823   190.5781 7.7791e+01     7.2112      0.204      0.296    24.4463 0.0000e+00
      0.210      0.001     6.0562    103.638     37.445  37.043988     1.2090      6.823   190.6887 7.8701e+01     7.1947      0.205      0.298    24.4513 0.0000e+00
      0.214      0.003     6.0669    103.388     37.448  37.043884     1.2124      6.823   190.8382 7.8669e+01     7.1510      0.210      0.305    24.4568 0.0000e+00
      0.218      0.005     6.0713    103.143     37.451  37.043865     1.2225      6.824   191.0082 7.8376e+01     7.2065      0.215      0.313    24.4609 0.0000e+00
      0.219      0.007     6.0649    102.977     37.455  37.043761     1.2537      6.825   191.1095 7.8820e+01     7.3422      0.216      0.313    24.4611 0.0000e+00
      0.217      0.009     6.0534    102.914     37.457  37.042616     1.2773      6.823   191.2023 7.9250e+01     7.3817      0.212      0.308    24.4585 0.0000e+00
      0.217      0.010     6.0377    102.898     37.446  37.030018     1.2825      6.821   191.3563 7.8715e+01     7.3894      0.211      0.306    24.4553 0.0000e+00
      0.221      0.011     6.0222    102.901     37.437  37.018383     1.3074      6.821   191.5086 7.7698e+01     7.5990      0.216      0.313    24.4503 0.0000e+00
      0.227      0.012     6.0119    102.976     37.450  37.028883     1.3614      6.821   191.6670 7.7205e+01     7.9503      0.223      0.324    24.4446 0.0000e+00
      0.232      0.012     6.0110    103.146     37.451  37.030018     1.3981      6.820   191.8087 7.6938e+01     8.1307      0.229      0.332    24.4409 0.0000e+00
      0.235      0.010     6.0111    103.357     37.451  37.032108     1.4044      6.817   191.9317 7.6493e+01     8.1416      0.231      0.335    24.4390 0.0000e+00
      0.237      0.006     6.0100    103.535     37.471  37.054148     1.4037      6.814   192.1222 7.6543e+01     8.1144      0.232      0.337    24.4352 0.0000e+00
      0.237      0.001     6.0136    103.654     37.458  37.042615     1.3978      6.811   192.3057 7.6527e+01     8.0637      0.233      0.338    24.4311 0.0000e+00
      0.237     -0.002     6.0257    103.756     37.435  37.019619     1.3930      6.810   192.4288 7.6208e+01     8.0540      0.232      0.337    24.4303 0.0000e+00
      0.236     -0.003     6.0392    103.900     37.446  37.030006     1.4062      6.810   192.5774 7.6549e+01     8.0948      0.232      0.337    24.4331 0.0000e+00
      0.234     -0.002     6.0499    104.089     37.457  37.041252     1.4197      6.808   192.7267 7.6955e+01     8.1313      0.231      0.335    24.4383 0.0000e+00
      0.231      0.002     6.0555    104.270     37.444  37.028645     1.4000      6.805   192.6848 7.7154e+01     8.1339      0.227      0.329    24.4407 0.0000e+00
      0.229      0.009     6.0595    104.369     37.422  37.004515     1.3581      6.801   192.5869 7.7292e+01     8.1268      0.223      0.324    24.4396 0.0000e+00
      0.232      0.017     6.0685    104.384     37.424  37.003390     1.3384      6.795   192.7481 7.7221e+01     8.1112      0.225      0.327    24.4393 0.0000e+00
      0.239      0.022     6.0799    104.355     37.439  37.015036     1.3439      6.785   192.9987 7.7042e+01     8.0762      0.234      0.339    24.4404 0.0000e+00
      0.248      0.021     6.0932    104.261     37.445  37.018374     1.3388      6.778   193.0357 7.6546e+01     8.0638      0.242      0.351    24.4398 0.0000e+00
      0.261      0.011     6.0994    104.124     37.470  37.043753     1.3286      6.779   192.9378 7.6114e+01     8.0601      0.255      0.370    24.4365 0.0000e+00
      0.271     -0.001     6.0983    104.055     37.486  37.067995     1.3250      6.784   193.0193 7.5694e+01     8.0642      0.270      0.391    24.4319 0.0000e+00
      0.270     -0.009     6.0991    104.125     37.462  37.057607     1.3205      6.782   193.3333 7.5421e+01     8.0810      0.271      0.392    24.4278 0.0000e+00
      0.254     -0.009     6.0941    104.265     37.440  37.045121     1.3255      6.771   194.1528 7.5550e+01     7.9684      0.252      0.365    24.4230 0.0000e+00
      0.234     -0.005     6.0827    104.339     37.436  37.043987     1.3345      6.759   201.4648 7.5438e+01     7.7509      0.222      0.324    24.4219 0.0000e+00
      0.226     -0.004     6.0755    104.294     37.439  37.043896     1.3330      6.754   210.0718 7.5001e+01     7.6473      0.212      0.308    24.4341 0.0000e+00
      0.240     -0.009     6.0788    104.159     37.444  37.044012     1.3255      6.759   213.0407 7.4644e+01     7.6330      0.232      0.336    24.4556 0.0000e+00
      0.262     -0.023     6.0892    103.957     37.447  37.045387     1.3130      6.769   213.5285 7.5320e+01     7.5118      0.263      0.380    24.4707 0.0000e+00
      0.269     -0.046     6.0942    103.742     37.457  37.060513     1.2943      6.775   206.4194 7.8957e+01     7.2964      0.274      0.397    24.4726 0.0000e+00
      0.249     -0.078     6.0907    103.594     37.484  37.099970     1.2821      6.779   198.8419 8.6017e+01     7.1916      0.253      0.367    24.4666 0.0000e+00
      0.209     -0.116     6.0839    103.480     37.512  37.141632     1.2864      6.783   198.3118 9.7182e+01     7.1952      0.207      0.300    24.4585 0.0000e+00
      0.164     -0.151     6.0720    103.318     37.538  37.183432     1.2768      6.784   205.4304 1.4186e+02     7.1442      0.157      0.229    24.4535 0.0000e+00
      0.122     -0.175     6.0552    103.136     37.561  37.224550     1.2440      6.783   212.9834 4.9077e+02     7.0330      0.120      0.175    24.4606 0.0000e+00
      0.077     -0.185     6.0458    103.022     37.575  37.257970     1.2281      6.783   216.3299 1.1413e+03     6.9648      0.079      0.114    24.4811 0.0000e+00
      0.026     -0.185     6.0396    102.945     37.634  37.333641     1.2237      6.787   227.3071 1.5161e+03     6.9425      0.027      0.039    24.5021 0.0000e+00
     -0.027     -0.180     6.0275    102.855     37.712  37.441282     1.2167      6.790   237.2125 1.5231e+03     6.9268     -0.028     -0.040    24.5192 0.0000e+00
     -0.077     -0.170     6.0106    102.848     37.758  37.543894     1.1954      6.786   238.7855 1.2322e+03     6.9713     -0.078     -0.114    24.5458 0.0000e+00
     -0.122     -0.155     6.0013    102.949     37.764  37.622277     1.1481      6.778   238.5825 6.7947e+02     7.0219     -0.121     -0.176    24.5774 0.0000e+00
     -0.159     -0.139     5.9994    103.044     37.702  37.627410     1.1039      6.771   237.7690 6.5322e+02     7.0805     -0.160     -0.232    24.5890 0.0000e+00
     -0.188     -0.123     5.9858    103.054     37.628  37.606065     1.0772      6.765   237.4670 1.2385e+03     8.1388     -0.188     -0.272    24.6178 0.0000e+00
     -0.212     -0.103     5.9751    102.904     37.605  37.618165     0.9902      6.759   237.5992 1.5803e+03    20.2110     -0.206     -0.298    24.7056 0.0000e+00
     -0.237     -0.079     5.9737    102.522     37.612  37.646819     0.8317      6.749   237.9044 1.5909e+03    42.3393     -0.231     -0.335    24.8098 0.0000e+00
     -0.265     -0.052     5.9695    101.945     37.647  37.698646     0.7481      6.734   237.8874 1.5823e+03    54.3134     -0.263     -0.380    24.9015 0.0000e+00
     -0.284     -0.025     5.9636    101.288     37.662  37.737028     0.7512      6.719   233.6088 1.5860e+03    54.3178     -0.285     -0.414    24.9752 0.0000e+00
     -0.286      0.004     5.9527    100.667     37.628  37.730074     0.8337      6.710   221.6201 1.4930e+03    42.4251     -0.287     -0.417    25.0192 0.0000e+00
     -0.270      0.036     5.9270    100.175     37.614  37.741554     1.0009      6.706   208.2256 1.3892e+03    20.4375     -0.267     -0.387    25.0401 0.0000e+00
     -0.249      0.070     5.8889     99.823     37.603  37.748911     1.0993      6.711   201.5770 1.4742e+03     8.4352     -0.242     -0.351    25.0585 0.0000e+00
     -0.231      0.102     5.8454     99.561     37.538  37.692111     1.1045      6.724   199.8247 1.5705e+03     7.3551     -0.228     -0.331    25.0904 0.0000e+00
     -0.210      0.129     5.8027     99.398     37.417  37.562606     1.1164      6.735   198.9975 1.5644e+03     7.2801     -0.212     -0.307    25.1316 0.0000e+00
     -0.175      0.154     5.7703     99.364     37.275  37.389086     1.1385      6.739   198.3730 1.5516e+03     7.3320     -0.176     -0.256    25.1663 0.0000e+00
     -0.127      0.181     5.7493     99.408     37.191  37.244398     1.1468      6.739   197.7799 1.5446e+03     7.4255     -0.125     -0.183    25.1941 0.0000e+00
     -0.072      0.206     5.7323     99.428     37.180  37.146064     1.1557      6.741   197.2472 1.5326e+03     7.4923     -0.070     -0.102    25.2073 0.0000e+00
     -0.016      0.226     5.7224     99.331     37.216  37.088644     1.1597      6.746   196.7508 1.5066e+03     7.4839     -0.017     -0.025    25.1957 0.0000e+00
      0.044      0.238     5.7258     99.126     37.272  37.057783     1.1680      6.751   196.5956 1.1753e+03     7.4558      0.040      0.058    25.1634 0.0000e+00
      0.111      0.248     5.7389     98.942     37.316  37.026694     1.1959      6.753   196.6616 5.2437e+02     7.4469      0.108      0.157    25.0800 0.0000e+00
      0.179      0.257     5.7566     98.932     37.316  36.966531     1.2107      6.756   196.3446 1.4588e+02     7.4091      0.179      0.261    24.9510 0.0000e+00
      0.241      0.261     5.7646     99.134     37.298  36.901522     1.2169      6.760   195.9457 9.5085e+01     7.3596      0.236      0.344    24.8201 0.0000e+00
      0.305      0.258     5.7622     99.523     37.313  36.875336     1.2536      6.763   195.8823 7.9358e+01     7.3391      0.292      0.424    24.7015 0.0000e+00
