Data/DataNotYetUploadedToEDI/Raw_CTD/RawDownloads/090318_fcr45.cnv
* Sea-Bird SBE19plus  Data File:
* FileName = C:\DATA\090318_FCR50_0005.hex
* Software version 2.6.3.104 SB_Terminal.dll
* Temperature SN = 7809
* Conductivity SN = 7809
* System UpLoad Time = Sep 03 2018 15:40:46
* <ApplicationData>
* <Seaterm232>
# nquan = 15
# nvalues = 1872                        
# units = specified
# name 0 = depFM: Depth [fresh water, m]
# name 1 = dz/dtM: Descent Rate [m/s]
# name 2 = sbeox0Mg/L: Oxygen, SBE 43 [mg/l]
# name 3 = sbeox0PS: Oxygen, SBE 43 [% saturation]
# name 4 = specc: Specific Conductance [uS/cm]
# name 5 = c0uS/cm: Conductivity [uS/cm]
# name 6 = flECO-AFL: Fluorescence, WET Labs ECO-AFL/FL [mg/m^3]
# name 7 = ph: pH
# name 8 = orp: Oxidation Reduction Potential [mV]
# name 9 = par/sat/log: PAR/Logarithmic, Satlantic
# name 10 = turbWETntu0: Turbidity, WET Labs ECO [NTU]
# name 11 = prdM: Pressure, Strain Gauge [db]
# name 12 = prdE: Pressure, Strain Gauge [psi]
# name 13 = tv290C: Temperature [ITS-90, deg C]
# name 14 = flag:  0.000e+00
# span 0 =     -0.459,      7.648       
# span 1 =     -0.105,      0.174       
# span 2 =     0.0456,    10.1757       
# span 3 =      0.423,    123.470       
# span 4 =      1.159,     99.149       
# span 5 =   1.294083,  73.300821       
# span 6 =    -0.4852,   256.9436       
# span 7 =      6.259,      8.474       
# span 8 =    75.4285,   324.4668       
# span 9 = 2.2221e-01, 2.6078e+03       
# span 10 =    -0.8679,   832.0950      
# span 11 =     -0.450,      7.500      
# span 12 =     -0.653,     10.878      
# span 13 =    11.9451,    30.8059      
# span 14 = 0.0000e+00, 0.0000e+00      
# interval = seconds: 0.25
# start_time = Sep 03 2018 16:27:28 [Instrument's time stamp, header]
# bad_flag = -9.990e-29
*END*
[from data line 1639]
      6.599      0.034     0.0571      0.530     86.514  63.997529     0.8318      6.342   210.5401 7.2743e-01     5.1743      6.470      9.385    11.9992 0.0000e+00
      6.611      0.033     0.0582      0.539     86.400  63.912213     0.8356      6.342   210.3572 7.1556e-01     5.1096      6.481      9.402    11.9926 0.0000e+00
      6.622      0.028     0.0573      0.532     86.290  63.830269     0.8440      6.342   210.2282 7.0520e-01     5.0413      6.495      9.421    11.9881 0.0000e+00
      6.631      0.021     0.0574      0.532     86.295  63.833733     0.8418      6.342   210.0985 7.0348e-01     5.0206      6.505      9.434    11.9853 0.0000e+00
      6.634      0.015     0.0582      0.540     86.370  63.890483     0.8639      6.342   209.9933 7.0706e-01     5.0727      6.507      9.438    11.9840 0.0000e+00
      6.634      0.011     0.0592      0.549     86.437  63.943903     0.9279      6.342   209.9031 7.0320e-01     5.1524      6.506      9.435    11.9833 0.0000e+00
      6.632      0.010     0.0595      0.552     86.464  63.970734     0.9634      6.342   209.6959 6.9838e-01     5.1907      6.504      9.432    11.9831 0.0000e+00
      6.632      0.012     0.0585      0.544     86.443  63.960441     0.9614      6.342   209.3815 6.9539e-01     5.1997      6.502      9.430    11.9831 0.0000e+00
      6.636      0.017     0.0568      0.527     86.422  63.946688     0.9134      6.343   209.1986 6.9252e-01     5.2006      6.506      9.435    11.9833 0.0000e+00
      6.643      0.020     0.0563      0.523     86.402  63.931672     0.8239      6.344   209.1196 6.8502e-01     5.2016      6.514      9.448    11.9852 0.0000e+00
      6.653      0.021     0.0576      0.534     86.366  63.906114     0.7805      6.344   208.9422 6.7822e-01     5.2121      6.524      9.463    11.9899 0.0000e+00
      6.661      0.019     0.0590      0.547     86.345  63.892123     0.7826      6.344   208.6878 6.8846e-01     5.2357      6.533      9.476    11.9939 0.0000e+00
      6.666      0.016     0.0587      0.545     86.343  63.889723     0.8316      6.344   208.4530 7.0208e-01     5.3041      6.538      9.482    11.9940 0.0000e+00
      6.667      0.014     0.0560      0.520     86.332  63.877106     0.9224      6.344   208.2543 7.0379e-01     5.3979      6.538      9.483    11.9934 0.0000e+00
      6.667      0.013     0.0541      0.502     86.324  63.866792     0.9622      6.345   208.0062 6.9790e-01     5.4236      6.537      9.481    11.9942 0.0000e+00
      6.667      0.014     0.0548      0.508     86.364  63.892247     0.9633      6.345   207.7766 6.8479e-01     5.4013      6.537      9.481    11.9952 0.0000e+00
      6.671      0.016     0.0568      0.527     86.419  63.930425     0.9820      6.345   207.6294 6.7728e-01     5.3419      6.540      9.487    11.9952 0.0000e+00
      6.677      0.019     0.0586      0.543     86.443  63.946704     1.0140      6.345   207.5166 6.8093e-01     5.2552      6.547      9.496    11.9926 0.0000e+00
      6.685      0.021     0.0588      0.546     86.463  63.961844     1.0375      6.345   207.3598 6.7703e-01     5.2067      6.556      9.508    11.9892 0.0000e+00
      6.691      0.021     0.0581      0.539     86.493  63.986255     1.0356      6.345   207.1955 6.6668e-01     5.2134      6.562      9.518    11.9870 0.0000e+00
      6.695      0.020     0.0582      0.539     86.492  63.987412     1.0189      6.345   207.1647 6.6295e-01     5.2449      6.567      9.524    11.9855 0.0000e+00
      6.699      0.019     0.0587      0.544     86.475  63.975837     0.9644      6.346   207.0741 6.6206e-01     5.2522      6.569      9.529    11.9846 0.0000e+00
      6.703      0.019     0.0587      0.544     86.472  63.973524     0.8817      6.347   206.7875 6.5566e-01     5.2400      6.573      9.534    11.9848 0.0000e+00
      6.707      0.020     0.0580      0.537     86.454  63.959445     0.8461      6.347   206.5385 6.4847e-01     5.2191      6.577      9.540    11.9861 0.0000e+00
      6.712      0.021     0.0568      0.527     86.420  63.932845     0.8556      6.347   206.3865 6.4112e-01     5.2141      6.582      9.547    11.9877 0.0000e+00
      6.718      0.023     0.0560      0.520     86.388  63.906358     0.8680      6.348   206.2407 6.4020e-01     5.2091      6.588      9.555    11.9880 0.0000e+00
      6.724      0.024     0.0564      0.524     86.374  63.893636     0.8767      6.348   206.1523 6.4466e-01     5.1892      6.594      9.564    11.9882 0.0000e+00
      6.732      0.024     0.0569      0.529     86.393  63.906246     0.8873      6.348   206.0064 6.3961e-01     5.1879      6.602      9.576    11.9882 0.0000e+00
      6.739      0.024     0.0571      0.530     86.427  63.931599     0.9039      6.348   205.7677 6.3760e-01     5.1932      6.609      9.586    11.9870 0.0000e+00
      6.745      0.023     0.0558      0.517     86.447  63.945718     0.9128      6.348   205.5883 6.3185e-01     5.1926      6.614      9.593    11.9852 0.0000e+00
      6.750      0.023     0.0523      0.485     86.454  63.949732     0.9121      6.349   204.5260 6.1011e-01     5.1808      6.619      9.600    11.9834 0.0000e+00
      6.755      0.024     0.0502      0.466     86.496  63.980128     0.9132      6.350   202.6465 5.9939e-01     5.1730      6.624      9.607    11.9826 0.0000e+00
      6.760      0.025     0.0506      0.470     86.603  64.058777     0.9086      6.349   201.7914 6.0824e-01     5.1890      6.629      9.614    11.9828 0.0000e+00
      6.766      0.028     0.0514      0.478     86.711  64.137302     0.8921      6.348   201.7580 6.1189e-01     5.2210      6.635      9.624    11.9826 0.0000e+00
      6.774      0.029     0.0532      0.494     86.751  64.166209     0.8699      6.348   201.6412 6.0032e-01     5.2245      6.643      9.634    11.9822 0.0000e+00
      6.783      0.028     0.0557      0.518     86.734  64.153832     0.8521      6.347   201.5833 5.8357e-01     5.2005      6.651      9.647    11.9820 0.0000e+00
      6.793      0.026     0.0569      0.528     86.681  64.114872     0.8422      6.346   201.5745 5.6547e-01     5.2062      6.661      9.663    11.9813 0.0000e+00
      6.801      0.021     0.0564      0.523     86.629  64.076842     0.8241      6.347   201.4495 5.5326e-01     5.1407      6.671      9.676    11.9803 0.0000e+00
      6.806      0.015     0.0559      0.518     86.628  64.075697     0.7888      6.348   201.1896 5.6113e-01     4.9883      6.675      9.682    11.9799 0.0000e+00
      6.807      0.010     0.0573      0.531     86.662  64.101021     0.7654      6.348   201.0128 5.8258e-01     4.9203      6.676      9.683    11.9802 0.0000e+00
      6.806      0.007     0.0599      0.556     86.699  64.128578     0.7706      6.348   200.8610 5.9225e-01     4.9588      6.675      9.681    11.9805 0.0000e+00
      6.806      0.007     0.0594      0.551     86.734  64.154436     0.8332      6.348   200.6447 5.8635e-01     4.9658      6.673      9.679    11.9806 0.0000e+00
      6.806      0.010     0.0583      0.540     86.740  64.159210     0.9345      6.348   200.5482 5.8075e-01     4.8526      6.673      9.679    11.9804 0.0000e+00
      6.809      0.015     0.0599      0.555     86.775  64.186294     0.9757      6.348   200.5554 5.7645e-01     4.7494      6.677      9.683    11.9803 0.0000e+00
      6.815      0.020     0.0599      0.556     86.916  64.291068     0.9631      6.348   200.5595 5.6162e-01     4.7567      6.683      9.692    11.9804 0.0000e+00
      6.821      0.024     0.0577      0.535     87.076  64.408194     0.9378      6.349   200.5976 5.3671e-01     4.7879      6.690      9.702    11.9803 0.0000e+00
      6.829      0.026     0.0568      0.527     87.144  64.457394     0.8908      6.349   200.6723 5.2316e-01     4.7901      6.697      9.713    11.9807 0.0000e+00
      6.837      0.025     0.0572      0.531     87.122  64.440624     0.8458      6.349   200.6874 5.3276e-01     4.7835      6.705      9.725    11.9813 0.0000e+00
      6.844      0.024     0.0583      0.541     87.062  64.396279     0.8340      6.349   200.6088 5.5105e-01     4.7693      6.713      9.736    11.9817 0.0000e+00
      6.850      0.022     0.0597      0.554     87.021  64.366521     0.8409      6.350   200.4959 5.4690e-01     4.7404      6.719      9.745    11.9811 0.0000e+00
      6.855      0.021     0.0587      0.545     87.064  64.398901     0.8366      6.351   200.4413 5.2900e-01     4.6789      6.723      9.751    11.9801 0.0000e+00
      6.859      0.019     0.0580      0.538     87.160  64.469703     0.8283      6.351   200.5507 5.2564e-01     4.6046      6.726      9.755    11.9799 0.0000e+00
      6.863      0.019     0.0594      0.552     87.232  64.522815     0.8322      6.351   200.6135 5.2828e-01     4.5753      6.730      9.761    11.9801 0.0000e+00
      6.868      0.018     0.0604      0.561     87.245  64.532158     0.8379      6.351   200.5126 5.2546e-01     4.5684      6.735      9.769    11.9805 0.0000e+00
      6.874      0.017     0.0606      0.562     87.228  64.519055     0.8328      6.352   200.4493 5.1140e-01     4.5519      6.742      9.778    11.9809 0.0000e+00
      6.879      0.017     0.0600      0.556     87.277  64.555231     0.8254      6.352   200.4503 5.0352e-01     4.5279      6.747      9.785    11.9809 0.0000e+00
      6.883      0.017     0.0567      0.526     87.407  64.651482     0.8225      6.352   200.4389 5.1937e-01     4.5232      6.751      9.792    11.9805 0.0000e+00
      6.886      0.017     0.0518      0.481     87.597  64.792206     0.8253      6.352   200.2253 5.3637e-01     4.5242      6.754      9.795    11.9800 0.0000e+00
      6.889      0.017     0.0491      0.456     87.771  64.920767     0.8220      6.352   199.9324 5.2681e-01     4.4795      6.755      9.797    11.9798 0.0000e+00
      6.893      0.018     0.0492      0.456     87.788  64.933587     0.8011      6.352   199.8224 5.0346e-01     4.4105      6.759      9.803    11.9800 0.0000e+00
      6.899      0.019     0.0495      0.459     87.718  64.883589     0.7841      6.351   199.7556 4.9314e-01     4.3620      6.765      9.812    11.9803 0.0000e+00
      6.906      0.019     0.0495      0.459     87.723  64.888791     0.7814      6.351   199.6414 4.9117e-01     4.3500      6.773      9.823    11.9804 0.0000e+00
      6.912      0.019     0.0524      0.486     87.780  64.932871     0.7784      6.351   199.5606 4.8683e-01     4.3565      6.779      9.832    11.9804 0.0000e+00
      6.916      0.019     0.0579      0.537     87.832  64.971246     0.7748      6.352   199.4671 4.8390e-01     4.3485      6.782      9.837    11.9805 0.0000e+00
      6.919      0.019     0.0614      0.569     87.918  65.034698     0.7748      6.353   199.2847 4.8821e-01     4.3456      6.784      9.839    11.9809 0.0000e+00
      6.923      0.019     0.0613      0.569     88.045  65.127503     0.7687      6.353   199.1626 4.9126e-01     4.3518      6.788      9.845    11.9824 0.0000e+00
      6.928      0.020     0.0590      0.547     88.148  65.202704     0.7662      6.353   199.1095 4.8951e-01     4.3323      6.794      9.854    11.9834 0.0000e+00
      6.934      0.022     0.0541      0.502     88.204  65.244164     0.7716      6.353   199.0720 4.8439e-01     4.3238      6.800      9.861    11.9834 0.0000e+00
      6.940      0.023     0.0494      0.458     88.208  65.247089     0.7694      6.354   199.0536 4.7281e-01     4.3407      6.806      9.870    11.9831 0.0000e+00
      6.946      0.023     0.0477      0.442     88.195  65.238073     0.7674      6.354   198.8869 4.6786e-01     4.3531      6.812      9.880    11.9822 0.0000e+00
      6.953      0.022     0.0463      0.430     88.226  65.262384     0.7660      6.353   198.6047 4.6774e-01     4.3517      6.819      9.890    11.9819 0.0000e+00
      6.958      0.021     0.0473      0.438     88.258  65.286554     0.7708      6.353   198.3948 4.6509e-01     4.3235      6.824      9.898    11.9819 0.0000e+00
      6.964      0.020     0.0511      0.473     88.242  65.275843     0.7802      6.353   198.2423 4.6644e-01     4.3174      6.829      9.905    11.9818 0.0000e+00
      6.969      0.018     0.0531      0.493     88.218  65.260112     0.7683      6.354   198.0520 4.6923e-01     4.3390      6.834      9.912    11.9823 0.0000e+00
      6.973      0.018     0.0554      0.515     88.168  65.223587     0.7565      6.354   197.9014 4.6975e-01     4.3404      6.838      9.918    11.9830 0.0000e+00
      6.976      0.017     0.0588      0.545     88.071  65.152311     0.7848      6.354   197.7109 4.6734e-01     4.3653      6.841      9.922    11.9831 0.0000e+00
      6.980      0.017     0.0604      0.560     87.996  65.098120     0.8342      6.354   197.3838 4.6243e-01     4.3950      6.845      9.928    11.9837 0.0000e+00
      6.985      0.018     0.0625      0.580     87.966  65.077309     0.8483      6.354   197.1298 4.5770e-01     4.3645      6.849      9.935    11.9850 0.0000e+00
      6.990      0.019     0.0636      0.590     87.983  65.091533     0.8361      6.354   196.9624 4.4812e-01     4.3312      6.855      9.942    11.9854 0.0000e+00
      6.995      0.019     0.0597      0.554     88.051  65.142866     0.8331      6.355   196.8229 4.3979e-01     4.3291      6.859      9.948    11.9855 0.0000e+00
      7.000      0.018     0.0559      0.518     88.114  65.189044     0.8305      6.356   196.6475 4.4525e-01     4.3387      6.864      9.955    11.9862 0.0000e+00
      7.005      0.017     0.0567      0.526     88.134  65.204534     0.8328      6.356   196.3909 4.5223e-01     4.3562      6.871      9.964    11.9871 0.0000e+00
      7.010      0.016     0.0591      0.549     88.130  65.202928     0.8425      6.356   196.2158 4.5529e-01     4.3573      6.874      9.970    11.9879 0.0000e+00
      7.014      0.015     0.0601      0.558     88.082  65.169625     0.8375      6.356   196.0785 4.6057e-01     4.3210      6.878      9.976    11.9889 0.0000e+00
      7.016      0.015     0.0602      0.558     88.012  65.119968     0.8267      6.356   195.8487 4.5887e-01     4.2836      6.881      9.979    11.9888 0.0000e+00
      7.019      0.014     0.0606      0.562     88.001  65.111461     0.8314      6.357   195.6743 4.5303e-01     4.3022      6.883      9.983    11.9885 0.0000e+00
      7.023      0.014     0.0621      0.576     88.027  65.130387     0.8394      6.357   195.6057 4.5930e-01     4.3324      6.887      9.988    11.9891 0.0000e+00
      7.027      0.014     0.0617      0.572     88.066  65.157951     0.8310      6.357   195.5347 4.6430e-01     4.2820      6.891      9.994    11.9904 0.0000e+00
      7.032      0.013     0.0575      0.533     88.114  65.190256     0.8042      6.358   195.4179 4.5723e-01     4.1815      6.896     10.001    11.9923 0.0000e+00
      7.036      0.011     0.0516      0.478     88.137  65.202898     0.7822      6.360   195.2269 4.5083e-01     4.1242      6.900     10.007    11.9923 0.0000e+00
      7.038      0.009     0.0468      0.433     88.116  65.183570     0.7758      6.360   195.1182 4.4764e-01     4.1077      6.902     10.011    11.9911 0.0000e+00
      7.039      0.008     0.0456      0.423     88.070  65.147411     0.7821      6.359   195.1354 4.3956e-01     4.1045      6.903     10.012    11.9914 0.0000e+00
      7.039      0.008     0.0461      0.427     88.070  65.147406     0.7951      6.359   195.0046 4.2901e-01     4.1164      6.903     10.012    11.9898 0.0000e+00
      7.040      0.009     0.0478      0.443     88.118  65.183501     0.7946      6.360   194.7415 4.2990e-01     4.1290      6.904     10.013    11.9860 0.0000e+00
      7.042      0.012     0.0508      0.471     88.142  65.202135     0.7848      6.360   194.5364 4.3911e-01     4.1354      6.905     10.015    11.9839 0.0000e+00
