Data/DataNotYetUploadedToEDI/Raw_CTD/RawDownloads/090318_fcr10.cnv
* Sea-Bird SBE19plus  Data File:
* FileName = C:\DATA\090318_FCR50_0002.hex
* Software version 2.6.3.104 SB_Terminal.dll
* Temperature SN = 7809
* Conductivity SN = 7809
* System UpLoad Time = Sep 03 2018 15:38:10
* <ApplicationData>
* <Seaterm232>
# nquan = 15
# nvalues = 648                         
# units = specified
# name 0 = depFM: Depth [fresh water, m]
# name 1 = dz/dtM: Descent Rate [m/s]
# name 2 = sbeox0Mg/L: Oxygen, SBE 43 [mg/l]
# name 3 = sbeox0PS: Oxygen, SBE 43 [% saturation]
# name 4 = specc: Specific Conductance [uS/cm]
# name 5 = c0uS/cm: Conductivity [uS/cm]
# name 6 = flECO-AFL: Fluorescence, WET Labs ECO-AFL/FL [mg/m^3]
# name 7 = ph: pH
# name 8 = orp: Oxidation Reduction Potential [mV]
# name 9 = par/sat/log: PAR/Logarithmic, Satlantic
# name 10 = turbWETntu0: Turbidity, WET Labs ECO [NTU]
# name 11 = prdM: Pressure, Strain Gauge [db]
# name 12 = prdE: Pressure, Strain Gauge [psi]
# name 13 = tv290C: Temperature [ITS-90, deg C]
# name 14 = flag:  0.000e+00
# span 0 =     -0.458,      2.520       
# span 1 =     -0.110,      0.114       
# span 2 =     0.3630,     9.3811       
# span 3 =      4.255,    115.531       
# span 4 =      1.060,     60.609       
# span 5 =   1.122320,  58.533949       
# span 6 =    -0.9141,    13.2187       
# span 7 =      6.487,      8.082       
# span 8 =    96.9480,   345.0482       
# span 9 = 3.9306e+01, 1.8120e+03       
# span 10 =    -0.3783,    32.5772      
# span 11 =     -0.450,      2.472      
# span 12 =     -0.652,      3.586      
# span 13 =    23.2458,    27.9199      
# span 14 = 0.0000e+00, 0.0000e+00      
# interval = seconds: 0.25
# start_time = Sep 03 2018 14:44:31 [Instrument's time stamp, header]
# bad_flag = -9.990e-29
*END*
     -0.456     -0.001     7.5573     96.414      1.060   1.122320    -0.1430      6.487   345.0482 5.6550e+02    -0.1920     -0.448     -0.649    27.9187 0.0000e+00
     -0.457     -0.001     7.5588     96.434      1.064   1.126163    -0.1449      6.491   338.5063 9.1936e+02    -0.2142     -0.448     -0.650    27.9192 0.0000e+00
     -0.457     -0.001     7.5595     96.444      1.092   1.155858    -0.1502      6.492   334.4483 1.0701e+03    -0.2053     -0.448     -0.650    27.9197 0.0000e+00
     -0.458     -0.000     7.5599     96.449      1.160   1.227705    -0.1516      6.495   329.8819 8.9429e+02    -0.2065     -0.449     -0.651    27.9197 0.0000e+00
     -0.458 -1.863e-08     7.5607     96.458      1.285   1.360732    -0.1526      6.497   317.7965 8.6430e+02    -0.1982     -0.449     -0.651    27.9194 0.0000e+00
     -0.458 -2.049e-07     7.5617     96.469      1.473   1.559438    -0.1534      6.499   298.7134 1.2474e+03    -0.1968     -0.449     -0.651    27.9193 0.0000e+00
     -0.457 -2.048e-07     7.5625     96.478      1.632   1.727834    -0.1522      6.500   288.3493 1.5391e+03    -0.1898     -0.448     -0.650    27.9198 0.0000e+00
     -0.457 -1.748e-08     7.5627     96.478      1.711   1.811455    -0.1566      6.501   284.5474 1.5693e+03    -0.1438     -0.448     -0.650    27.9199 0.0000e+00
     -0.458 1.0945e-08     7.5626     96.476      1.770   1.872939    -0.1609      6.501   275.5458 1.5581e+03    -0.0680     -0.449     -0.651    27.9191 0.0000e+00
     -0.458 1.3887e-07     7.5630     96.479      1.856   1.963911    -0.1577      6.501   268.6480 1.5577e+03    -0.0064     -0.449     -0.651    27.9182 0.0000e+00
     -0.458      0.000     7.5637     96.488      1.972   2.086995    -0.1460      6.501   267.6550 1.6031e+03    -0.0087     -0.449     -0.651    27.9171 0.0000e+00
     -0.457      0.000     7.5642     96.493      2.097   2.219670    -0.1203      6.501   269.2180 1.6705e+03     0.0268     -0.449     -0.651    27.9165 0.0000e+00
     -0.457      0.000     7.5649     96.498      2.173   2.299761    -0.0952      6.501   269.9075 1.7337e+03     0.1481     -0.448     -0.650    27.9154 0.0000e+00
     -0.457      0.002     7.5680     96.505      2.168   2.294375    -0.0905      6.502   267.0449 1.7659e+03     0.2368     -0.449     -0.651    27.9153 0.0000e+00
     -0.457      0.007     7.5828     96.550      2.643   2.788709    -0.1093      6.506   248.3728 1.7480e+03     0.2443     -0.449     -0.651    27.9136 0.0000e+00
     -0.457      0.016     7.6153     96.691      5.643   5.930206    -0.3138      6.544   212.9528 1.7169e+03     0.1472     -0.448     -0.650    27.9147 0.0000e+00
     -0.456      0.029     7.6531     96.888     12.098  12.685598    -0.6973      6.671   187.9327 1.7083e+03     0.0399     -0.450     -0.652    27.9113 0.0000e+00
     -0.450      0.045     7.6821     97.053     21.298  22.295522    -0.9051      6.891   167.4075 1.6998e+03     0.0454     -0.447     -0.648    27.9149 0.0000e+00
     -0.435      0.062     7.7020     97.171     30.600  31.996637    -0.9141      7.166   139.9602 1.6874e+03     0.0604     -0.428     -0.620    27.8500 0.0000e+00
     -0.415      0.079     7.7169     97.262     35.444  37.028334    -0.9077      7.455   124.6845 1.6944e+03     0.0088     -0.408     -0.592    27.6456 0.0000e+00
     -0.390      0.093     7.7299     97.347     36.326  37.918994    -0.7904      7.713   123.7294 1.7002e+03    -0.1212     -0.385     -0.558    27.4603 0.0000e+00
     -0.362      0.101     7.7441     97.454     36.433  38.001077    -0.5528      7.901   130.5629 1.6942e+03    -0.2910     -0.355     -0.513    27.3563 0.0000e+00
     -0.333      0.101     7.7651     97.633     36.425  37.957213    -0.4147      7.999   137.8738 1.7032e+03    -0.3653     -0.327     -0.474    27.2805 0.0000e+00
     -0.304      0.095     7.7998     97.944     36.416  37.896815    -0.3982      8.028   133.5714 1.7291e+03    -0.3783     -0.297     -0.431    27.2296 0.0000e+00
     -0.277      0.084     7.8470     98.384     36.486  37.906015    -0.3442      8.038   120.0132 1.7401e+03    -0.3267     -0.271     -0.391    27.1848 0.0000e+00
     -0.255      0.071     7.8979     98.876     36.578  37.941304    -0.2311      8.061   120.2095 1.7248e+03    -0.1379     -0.249     -0.363    27.1479 0.0000e+00
     -0.239      0.061     7.9459     99.351     36.628  37.942221    -0.1604      8.082   136.1170 1.6979e+03     0.0733     -0.231     -0.337    27.1082 0.0000e+00
     -0.230      0.055     7.9864     99.748     36.647  37.917023    -0.1141      8.074   137.9479 1.6720e+03     0.8540     -0.224     -0.324    27.0328 0.0000e+00
     -0.225      0.055     8.0171    100.043     36.657  37.890680     0.2544      8.049   124.4512 1.6656e+03     9.1489     -0.223     -0.323    26.9351 0.0000e+00
     -0.216      0.061     8.0417    100.270     36.676  37.877772     0.9227      8.045   122.8952 1.6926e+03    24.3449     -0.216     -0.313    26.8525 0.0000e+00
     -0.199      0.073     8.0613    100.439     36.716  37.887954     1.2942      8.056   124.7278 1.7418e+03    32.5472     -0.198     -0.287    26.7844 0.0000e+00
     -0.176      0.090     8.0745    100.544     36.737  37.886688     1.3466      8.060   111.1613 1.7799e+03    32.5772     -0.172     -0.249    26.7209 0.0000e+00
     -0.151      0.106     8.0820    100.609     36.725  37.862435     1.5648      8.060    99.1930 1.7806e+03    24.7674     -0.148     -0.215    26.6747 0.0000e+00
     -0.122      0.114     8.0840    100.627     36.715  37.848803     1.9748      8.060    96.9480 1.7665e+03    10.2644     -0.124     -0.180    26.6341 0.0000e+00
     -0.087      0.113     8.0849    100.634     36.717  37.848917     2.2051      8.060    98.0409 1.7828e+03     2.3053     -0.086     -0.126    26.5863 0.0000e+00
     -0.047      0.104     8.0894    100.683     36.733  37.863809     2.2360      8.058   100.4480 1.8120e+03     1.5643     -0.042     -0.062    26.5511 0.0000e+00
     -0.017      0.091     8.0928    100.722     36.771  37.901809     2.2660      8.054   101.6166 1.7246e+03     1.5794     -0.011     -0.016    26.5376 0.0000e+00
      0.002      0.074     8.0920    100.713     36.795  37.927197     2.2914      8.046   102.3614 1.3373e+03     1.6953      0.005      0.007    26.5385 0.0000e+00
      0.013      0.056     8.0885    100.674     36.784  37.916656     2.2858      8.029   103.6026 9.2105e+02     1.7143      0.013      0.019    26.5368 0.0000e+00
      0.020      0.041     8.0725    100.473     36.770  37.901420     2.2813      8.006   104.4924 1.0210e+03     1.6871      0.019      0.028    26.5314 0.0000e+00
      0.027      0.031     8.0219     99.824     36.747  37.870035     2.3384      7.992   105.1188 1.4343e+03     1.6414      0.026      0.038    26.5288 0.0000e+00
      0.035      0.027     7.9155     98.450     36.691  37.791276     2.4434      7.985   105.8423 1.6113e+03     1.5582      0.034      0.050    26.5313 0.0000e+00
      0.042      0.028     7.7535     96.356     36.646  37.711468     2.5025      7.966   106.6152 1.4951e+03     1.5355      0.044      0.063    26.5339 0.0000e+00
      0.046      0.031     7.5685     93.958     36.644  37.667373     2.5013      7.931   107.8389 1.3132e+03     1.5501      0.046      0.066    26.5350 0.0000e+00
      0.048      0.034     7.3874     91.604     36.663  37.639220     2.4935      7.896   109.1943 1.2464e+03     1.5514      0.044      0.064    26.5297 0.0000e+00
      0.058      0.034     7.2227     89.467     36.691  37.625117     2.5554      7.880   109.9251 1.2575e+03     1.5509      0.053      0.077    26.4995 0.0000e+00
      0.075      0.035     7.1074     87.965     36.723  37.623841     2.6798      7.880   110.4801 1.1139e+03     1.5141      0.076      0.111    26.4509 0.0000e+00
      0.089      0.039     7.0787     87.558     36.746  37.623728     2.7473      7.881   111.1716 8.1670e+02     1.4725      0.093      0.134    26.3923 0.0000e+00
      0.094      0.045     7.1406     88.288     36.761  37.623719     2.7473      7.877   111.6617 6.1541e+02     1.4747      0.094      0.135    26.3234 0.0000e+00
      0.097      0.051     7.2637     89.788     36.771  37.623709     2.7251      7.867   112.2759 6.1133e+02     1.5409      0.093      0.134    26.2612 0.0000e+00
      0.107      0.059     7.4021     91.479     36.780  37.623589     2.7002      7.849   113.2634 6.2045e+02     1.6627      0.102      0.148    26.2164 0.0000e+00
      0.126      0.067     7.5157     92.863     36.787  37.622263     2.6845      7.826   114.3094 6.6681e+02     1.7263      0.123      0.177    26.1838 0.0000e+00
      0.151      0.072     7.5792     93.625     36.782  37.607660     2.6827      7.808   116.0612 9.2966e+02     1.7302      0.147      0.212    26.1636 0.0000e+00
      0.177      0.069     7.5747     93.546     36.760  37.574061     2.7341      7.805   120.5917 1.2085e+03     1.7412      0.175      0.253    26.1531 0.0000e+00
      0.201      0.061     7.5001     92.597     36.732  37.533648     2.8185      7.810   126.8422 1.3295e+03     1.7365      0.201      0.292    26.1412 0.0000e+00
      0.216      0.054     7.3810     91.097     36.712  37.500178     2.8668      7.815   131.1499 1.2495e+03     1.7348      0.216      0.315    26.1282 0.0000e+00
      0.220      0.050     7.2581     89.558     36.709  37.486990     2.8862      7.814   133.2704 1.1372e+03     1.7507      0.219      0.318    26.1164 0.0000e+00
      0.220      0.052     7.1589     88.322     36.728  37.501233     2.9702      7.805   134.0677 1.1084e+03     1.8065      0.212      0.308    26.1029 0.0000e+00
      0.228      0.057     7.0893     87.463     36.772  37.545319     3.1187      7.795   131.8426 1.0714e+03     1.9219      0.216      0.315    26.0854 0.0000e+00
      0.248      0.064     7.0515     86.999     36.800  37.575339     3.1941      7.790   129.2525 1.0681e+03     1.9857      0.241      0.349    26.0668 0.0000e+00
      0.276      0.070     7.0520     87.009     36.770  37.546571     3.2019      7.791   132.1766 1.0786e+03     1.9673      0.272      0.392    26.0513 0.0000e+00
      0.302      0.071     7.0885     87.466     36.735  37.515130     3.2676      7.795   134.5026 1.1156e+03     1.9443      0.299      0.434    26.0431 0.0000e+00
      0.322      0.068     7.1469     88.194     36.730  37.512830     3.3826      7.799   130.6184 1.1188e+03     1.9217      0.319      0.462    26.0447 0.0000e+00
      0.333      0.063     7.2063     88.923     36.737  37.518764     3.4435      7.801   127.4576 9.8777e+02     1.9072      0.329      0.477    26.0483 0.0000e+00
      0.341      0.058     7.2403     89.323     36.751  37.523353     3.4528      7.800   127.0873 8.6113e+02     1.9215      0.333      0.483    26.0498 0.0000e+00
      0.352      0.052     7.2328     89.201     36.745  37.504769     3.4669      7.795   128.1203 8.0970e+02     1.9417      0.342      0.495    26.0534 0.0000e+00
      0.370      0.046     7.1853     88.586     36.739  37.484629     3.5779      7.790   132.2045 8.5593e+02     1.9374      0.361      0.523    26.0624 0.0000e+00
      0.390      0.040     7.1104     87.635     36.737  37.470406     3.7825      7.785   138.5257 9.2102e+02     1.9312      0.386      0.560    26.0621 0.0000e+00
      0.404      0.033     7.0300     86.623     36.737  37.459836     3.9013      7.779   144.3212 8.7013e+02     1.9578      0.403      0.584    26.0460 0.0000e+00
      0.405      0.021     6.9640     85.794     36.768  37.483859     3.9111      7.774   147.3853 8.1524e+02     1.9853      0.399      0.578    26.0272 0.0000e+00
      0.402      0.002     6.9154     85.179     36.797  37.506750     3.8456      7.772   146.3197 7.9467e+02     1.9272      0.390      0.565    26.0081 0.0000e+00
      0.405     -0.021     6.8797     84.723     36.782  37.482485     3.7253      7.773   144.8597 7.9777e+02     1.8042      0.396      0.574    25.9903 0.0000e+00
      0.407     -0.046     6.8608     84.475     36.752  37.444579     3.6611      7.779   143.7570 8.4416e+02     1.7500      0.405      0.588    25.9758 0.0000e+00
      0.397     -0.069     6.8699     84.576     36.742  37.429584     3.6574      7.788   138.6659 8.9529e+02     1.7596      0.396      0.575    25.9669 0.0000e+00
      0.371     -0.089     6.9084     85.044     36.743  37.428221     3.6432      7.795   134.5822 9.8531e+02     1.7377      0.368      0.533    25.9582 0.0000e+00
      0.335     -0.104     6.9549     85.619     36.742  37.428096     3.6092      7.800   134.3037 1.0549e+03     1.6990      0.329      0.478    25.9458 0.0000e+00
      0.296     -0.110     6.9809     85.948     36.738  37.428086     3.5866      7.804   134.6104 1.0458e+03     1.6890      0.288      0.419    25.9355 0.0000e+00
      0.263     -0.105     6.9740     85.871     36.734  37.428105     3.5631      7.807   135.0211 1.0607e+03     1.7072      0.254      0.369    25.9283 0.0000e+00
      0.239     -0.092     6.9358     85.406     36.732  37.428333     3.3531      7.811   135.2252 1.0345e+03     1.7363      0.233      0.338    25.9235 0.0000e+00
      0.221     -0.076     6.8748     84.667     36.730  37.430843     2.9773      7.815   135.2721 1.0243e+03     1.7665      0.216      0.313    25.9250 0.0000e+00
      0.205     -0.060     6.8087     83.880     36.743  37.458458     2.7678      7.819   135.5020 1.1448e+03     1.7669      0.200      0.291    25.9345 0.0000e+00
      0.192     -0.045     6.7484     83.180     36.771  37.508132     2.7418      7.822   135.8537 1.2217e+03     1.7109      0.189      0.273    25.9400 0.0000e+00
      0.182     -0.034     6.6980     82.606     36.764  37.523264     2.7732      7.824   136.1688 1.2468e+03     1.6996      0.178      0.257    25.9395 0.0000e+00
      0.175     -0.025     6.6607     82.188     36.735  37.514403     2.8429      7.826   136.6447 1.3931e+03     1.7521      0.171      0.248    25.9429 0.0000e+00
      0.172     -0.019     6.6327     81.874     36.733  37.528080     2.8864      7.827   137.2191 1.5466e+03     1.7666      0.169      0.244    25.9632 0.0000e+00
      0.170     -0.017     6.6142     81.670     36.754  37.561605     2.8863      7.831   137.6944 1.4724e+03     1.7530      0.167      0.242    25.9960 0.0000e+00
      0.169     -0.018     6.6109     81.646     36.786  37.602128     2.8782      7.837   138.0892 1.3199e+03     1.7400      0.165      0.241    26.0271 0.0000e+00
      0.165     -0.021     6.6262     81.852     36.812  37.636882     2.9267      7.844   138.4654 1.2790e+03     1.7314      0.163      0.236    26.0569 0.0000e+00
      0.160     -0.022     6.6626     82.322     36.828  37.664191     3.0218      7.850   138.9730 1.3230e+03     1.7400      0.159      0.230    26.0789 0.0000e+00
      0.151     -0.019     6.7197     83.054     36.828  37.678213     3.0719      7.855   139.4942 1.3881e+03     1.7523      0.150      0.218    26.0931 0.0000e+00
      0.140     -0.014     6.7835     83.869     36.818  37.679392     3.0735      7.858   139.9487 1.4001e+03     1.7282      0.136      0.197    26.1034 0.0000e+00
      0.133     -0.005     6.8329     84.499     36.808  37.678465     3.0508      7.858   140.5116 1.3642e+03     1.6923      0.127      0.184    26.1134 0.0000e+00
      0.135      0.005     6.8593     84.841     36.789  37.667019     3.0176      7.855   140.9654 1.2657e+03     1.7148      0.131      0.190    26.1281 0.0000e+00
      0.142      0.012     6.8557     84.810     36.783  37.668069     3.0035      7.853   141.2197 9.2117e+02     1.7560      0.139      0.201    26.1470 0.0000e+00
      0.151      0.014     6.8167     84.335     36.802  37.691169     2.9993      7.853   141.5217 4.5931e+02     1.7640      0.148      0.214    26.1659 0.0000e+00
      0.161      0.011     6.7502     83.515     36.802  37.692219     3.0308      7.856   141.7768 2.4684e+02     1.7503      0.160      0.233    26.1766 0.0000e+00
