Data/DataNotYetUploadedToEDI/Raw_CTD/RawDownloads/090320_bvr50.cnv
* Sea-Bird SBE19plus  Data File:
* FileName = C:\DATA\090320_bvr50_0002.hex
* Software version 2.8.0.119
* Temperature SN = 7809
* Conductivity SN = 7809
* System UpLoad Time = Sep 03 2020 15:20:17
* <ApplicationData>
* <Seaterm232>
# nquan = 16
# nvalues = 1869                        
# units = specified
# name 0 = depFM: Depth [fresh water, m]
# name 1 = dz/dtM: Descent Rate [m/s]
# name 2 = sbeox0ML/L: Oxygen, SBE 43 [ml/l]
# name 3 = sbeox0PS: Oxygen, SBE 43 [% saturation]
# name 4 = specc: Specific Conductance [uS/cm]
# name 5 = c0uS/cm: Conductivity [uS/cm]
# name 6 = flECO-AFL: Fluorescence, WET Labs ECO-AFL/FL [mg/m^3]
# name 7 = ph: pH
# name 8 = orp: Oxidation Reduction Potential [mV]
# name 9 = par/sat/log: PAR/Logarithmic, Satlantic
# name 10 = turbWETntu0: Turbidity, WET Labs ECO [NTU]
# name 11 = prdM: Pressure, Strain Gauge [db]
# name 12 = prdE: Pressure, Strain Gauge [psi]
# name 13 = tv290C: Temperature [ITS-90, deg C]
# name 14 = density00: Density [density, kg/m^3]
# name 15 = flag:  0.000e+00
# span 0 =     -0.759,     10.413       
# span 1 =     -0.308,      0.275       
# span 2 =     0.0229,     6.1697       
# span 3 =      0.353,    108.950       
# span 4 =      1.492,    162.636       
# span 5 =   1.602431, 113.305062       
# span 6 =    -3.2580,   259.8180       
# span 7 =     14.927,     15.499       
# span 8 =  -772.4779,   377.6123       
# span 9 = 1.2340e-01, 2.2642e+03       
# span 10 =   -12.0259,    15.2114      
# span 11 =     -0.745,     10.212      
# span 12 =     -1.080,     14.811      
# span 13 =     9.7685,    29.1015      
# span 14 =   995.9234,   999.8255      
# span 15 = 0.0000e+00, 0.0000e+00      
# interval = seconds: 0.25
# start_time = Sep 02 2020 22:49:16 [Instrument's time stamp, header]
# bad_flag = -9.990e-29
*END*
[from data line 1176]
     10.073     -0.142     0.0401      0.468    142.975 100.024926     1.5281     15.490   -48.5424 1.2348e-01     2.1201      9.873     14.319     9.9256   999.8088 0.0000e+00
     10.042     -0.127     0.0385      0.483    142.678  99.841429     1.5706     15.490   -48.7591 1.2355e-01     2.1837      9.846     14.280     9.9409   999.8073 0.0000e+00
     10.019     -0.102     0.0360      0.511    142.453  99.703150     1.6528     15.490   -48.9438 1.2360e-01     2.2875      9.827     14.252     9.9553   999.8058 0.0000e+00
      9.996     -0.074     0.0374      0.526    142.051  99.435265     1.6921     15.491   -49.0550 1.2355e-01     2.3796      9.804     14.219     9.9679   999.8045 0.0000e+00
      9.974     -0.049     0.0364      0.527    141.264  98.894251     1.6924     15.491   -49.1572 1.2352e-01     2.4041      9.778     14.180     9.9783   999.8033 0.0000e+00
      9.961     -0.028     0.0373      0.535    140.243  98.190851     1.7042     15.490   -49.3190 1.2353e-01     2.3784      9.761     14.158     9.9866   999.8023 0.0000e+00
      9.961     -0.011     0.0411      0.543    139.668  97.805546     1.7298     15.489   -49.4630 1.2350e-01     2.3434      9.766     14.164     9.9935   999.8017 0.0000e+00
      9.969      0.001     0.0422      0.544    139.633  97.800357     1.7350     15.488   -49.5212 1.2346e-01     2.3247      9.777     14.180     9.9982   999.8012 0.0000e+00
      9.978      0.007     0.0409      0.551    139.716  97.873521     1.7294     15.488   -49.5925 1.2347e-01     2.3232      9.787     14.195    10.0009   999.8007 0.0000e+00
      9.982      0.008     0.0421      0.533    139.868  97.989976     1.7470     15.487   -49.6362 1.2348e-01     2.2915      9.792     14.201    10.0040   999.8000 0.0000e+00
      9.981      0.006     0.0437      0.504    139.964  98.062608     1.7673     15.487   -49.6192 1.2348e-01     2.2156      9.788     14.197    10.0104   999.7992 0.0000e+00
      9.977      0.003     0.0415      0.506    139.947  98.051500     1.7643     15.487   -49.6460 1.2348e-01     2.1612      9.782     14.189    10.0189   999.7985 0.0000e+00
      9.975      0.002     0.0449      0.499    140.130  98.173947     1.7490     15.488   -49.7015 1.2350e-01     2.1492      9.780     14.185    10.0243   999.7980 0.0000e+00
      9.977      0.003     0.0431      0.485    140.466  98.397285     1.7161     15.488   -49.7745 1.2353e-01     2.1736      9.784     14.190    10.0274   999.7978 0.0000e+00
      9.980      0.006     0.0371      0.495    140.667  98.523858     1.6716     15.488   -49.8408 1.2355e-01     2.2153      9.787     14.196    10.0295   999.7977 0.0000e+00
      9.984      0.008     0.0414      0.503    140.829  98.622157     1.6593     15.489   -49.9002 1.2357e-01     2.2416      9.791     14.201    10.0304   999.7976 0.0000e+00
      9.986      0.009     0.0400      0.508    141.136  98.821895     1.6638     15.489   -49.9768 1.2354e-01     2.2859      9.793     14.204    10.0281   999.7979 0.0000e+00
      9.987      0.008     0.0364      0.515    141.547  99.092768     1.6683     15.489   -49.9918 1.2349e-01     2.3389      9.793     14.204    10.0230   999.7985 0.0000e+00
      9.989      0.005     0.0402      0.515    142.036  99.414553     1.6846     15.488   -49.9098 1.2345e-01     2.3668      9.796     14.207    10.0180   999.7990 0.0000e+00
      9.992      0.002     0.0393      0.514    142.510  99.720524     1.6985     15.488   -49.9324 1.2346e-01     2.3829      9.799     14.213    10.0126   999.7995 0.0000e+00
      9.992     -0.002     0.0401      0.524    142.756  99.863827     1.7033     15.488   -50.0920 1.2358e-01     2.3627      9.800     14.214    10.0074   999.8001 0.0000e+00
      9.991     -0.008     0.0410      0.551    142.718  99.810299     1.6856     15.488   -50.2915 1.2364e-01     2.2935      9.798     14.211    10.0018   999.8008 0.0000e+00
      9.988     -0.021     0.0408      0.568    142.602  99.709908     1.6374     15.490   -50.7953 1.2354e-01     2.1647      9.796     14.207     9.9945   999.8016 0.0000e+00
      9.986     -0.041     0.0404      0.549    142.638  99.732230     1.5970     15.490   -51.4513 1.2347e-01     2.0407      9.793     14.204     9.9854   999.8026 0.0000e+00
      9.981     -0.067     0.0403      0.509    142.758  99.825547     1.5972     15.490   -51.8571 1.2349e-01     2.0309      9.792     14.202     9.9745   999.8036 0.0000e+00
      9.966     -0.095     0.0439      0.491    142.826  99.883302     1.6020     15.490   -52.0879 1.2351e-01     2.0804      9.780     14.185     9.9642   999.8045 0.0000e+00
      9.935     -0.122     0.0461      0.498    142.868  99.921260     1.5783     15.490   -52.2625 1.2351e-01     2.1233      9.748     14.138     9.9563   999.8048 0.0000e+00
      9.891     -0.144     0.0443      0.494    142.916  99.966198     1.5492     15.490   -52.3335 1.2356e-01     2.1378      9.701     14.070     9.9555   999.8048 0.0000e+00
      9.842     -0.159     0.0391      0.468    142.914  99.981026     1.5365     15.490   -52.4298 1.2363e-01     2.1189      9.650     13.996     9.9613   999.8041 0.0000e+00
      9.796     -0.161     0.0379      0.456    142.874  99.973235     1.5389     15.490   -52.6524 1.2366e-01     2.1006      9.605     13.931     9.9651   999.8036 0.0000e+00
      9.754     -0.146     0.0397      0.466    142.889  99.999345     1.5683     15.490   -52.7888 1.2362e-01     2.1222      9.566     13.873     9.9668   999.8032 0.0000e+00
      9.713     -0.117     0.0407      0.474    142.945 100.042081     1.6246     15.490   -52.8740 1.2358e-01     2.2092      9.525     13.815     9.9705   999.8026 0.0000e+00
      9.676     -0.083     0.0362      0.488    143.054 100.107986     1.6578     15.491   -53.0810 1.2357e-01     2.2939      9.482     13.754     9.9766   999.8020 0.0000e+00
      9.657     -0.050     0.0350      0.504    143.155 100.159564     1.6557     15.491   -53.3124 1.2351e-01     2.3221      9.461     13.722     9.9845   999.8011 0.0000e+00
      9.659     -0.022     0.0376      0.519    143.184 100.156381     1.6653     15.491   -53.5208 1.2345e-01     2.2757      9.470     13.734     9.9913   999.8006 0.0000e+00
      9.670     -0.001     0.0367      0.537    143.275 100.196802     1.6877     15.490   -53.7074 1.2346e-01     2.1788      9.485     13.757     9.9927   999.8006 0.0000e+00
      9.680      0.012     0.0386      0.534    143.402 100.266287     1.6889     15.490   -53.9337 1.2349e-01     2.1113      9.494     13.770     9.9882   999.8010 0.0000e+00
      9.685      0.016     0.0400      0.514    143.560 100.359876     1.6801     15.491   -54.1922 1.2354e-01     2.0781      9.501     13.780     9.9810   999.8018 0.0000e+00
      9.685      0.013     0.0402      0.513    143.788 100.500740     1.6860     15.491   -54.3376 1.2357e-01     2.0862      9.500     13.779     9.9720   999.8025 0.0000e+00
      9.682      0.006     0.0435      0.539    143.826 100.505180     1.7031     15.491   -54.4866 1.2357e-01     2.1754      9.492     13.768     9.9637   999.8033 0.0000e+00
      9.684     -0.004     0.0428      0.539    143.633 100.349879     1.7145     15.492   -54.8756 1.2357e-01     2.2642      9.493     13.770     9.9573   999.8039 0.0000e+00
      9.690     -0.020     0.0400      0.502    143.456 100.214565     1.7091     15.492   -55.5140 1.2359e-01     2.3012      9.504     13.785     9.9518   999.8044 0.0000e+00
      9.693     -0.044     0.0392      0.491    143.353 100.142367     1.6382     15.491   -56.1823 1.2358e-01     2.2102      9.510     13.793     9.9460   999.8051 0.0000e+00
      9.685     -0.074     0.0432      0.495    143.300 100.113574     1.5067     15.490   -56.7612 1.2353e-01     1.9544      9.503     13.783     9.9374   999.8059 0.0000e+00
      9.661     -0.108     0.0454      0.477    143.294 100.121086     1.4249     15.490   -57.1787 1.2351e-01     1.8171      9.479     13.748     9.9289   999.8064 0.0000e+00
      9.622     -0.139     0.0374      0.469    143.249 100.105893     1.4122     15.490   -57.3592 1.2349e-01     1.8559      9.438     13.690     9.9245   999.8065 0.0000e+00
      9.573     -0.163     0.0383      0.480    143.152 100.057221     1.4575     15.490   -57.3943 1.2348e-01     1.9080      9.389     13.617     9.9252   999.8062 0.0000e+00
      9.523     -0.175     0.0409      0.489    143.100 100.041921     1.5439     15.490   -57.4314 1.2352e-01     2.0001      9.338     13.545     9.9287   999.8056 0.0000e+00
      9.473     -0.173     0.0366      0.497    143.081 100.048246     1.5889     15.489   -57.4637 1.2357e-01     2.0766      9.290     13.475     9.9328   999.8050 0.0000e+00
      9.426     -0.158     0.0364      0.502    142.999 100.006405     1.5910     15.489   -57.4403 1.2358e-01     2.0784      9.240     13.403     9.9381   999.8043 0.0000e+00
      9.383     -0.132     0.0383      0.494    142.857  99.918006     1.6081     15.490   -57.6650 1.2356e-01     2.1252      9.199     13.342     9.9453   999.8034 0.0000e+00
      9.346     -0.099     0.0386      0.483    142.697  99.807041     1.6522     15.491   -58.1150 1.2352e-01     2.2299      9.161     13.288     9.9532   999.8026 0.0000e+00
      9.322     -0.065     0.0392      0.501    142.532  99.683318     1.6861     15.491   -58.3221 1.2353e-01     2.2799      9.134     13.248     9.9601   999.8018 0.0000e+00
      9.316     -0.034     0.0403      0.536    142.478  99.631643     1.6835     15.490   -58.3616 1.2359e-01     2.2833      9.132     13.245     9.9658   999.8013 0.0000e+00
      9.321     -0.010     0.0394      0.539    142.587  99.691521     1.6680     15.489   -58.4210 1.2355e-01     2.3058      9.142     13.259     9.9701   999.8009 0.0000e+00
      9.328      0.005     0.0372      0.516    142.726  99.770675     1.6802     15.489   -58.4379 1.2347e-01     2.3463      9.149     13.268     9.9705   999.8008 0.0000e+00
      9.334      0.014     0.0384      0.497    142.830  99.824722     1.7174     15.490   -58.4795 1.2349e-01     2.3605      9.155     13.278     9.9669   999.8011 0.0000e+00
      9.338      0.016     0.0443      0.496    142.868  99.835690     1.7359     15.490   -58.5798 1.2354e-01     2.3397      9.160     13.285     9.9618   999.8016 0.0000e+00
      9.339      0.016     0.0431      0.497    142.799  99.775942     1.7314     15.490   -58.7038 1.2352e-01     2.3353      9.158     13.283     9.9559   999.8021 0.0000e+00
      9.341      0.013     0.0406      0.483    142.759  99.738926     1.7204     15.490   -58.8608 1.2348e-01     2.3762      9.158     13.282     9.9494   999.8027 0.0000e+00
      9.346      0.006     0.0387      0.484    142.812  99.770092     1.6985     15.491   -59.1878 1.2353e-01     2.3887      9.165     13.292     9.9427   999.8034 0.0000e+00
      9.354     -0.007     0.0388      0.498    142.819  99.770801     1.6773     15.491   -59.7318 1.2361e-01     2.3483      9.175     13.307     9.9371   999.8040 0.0000e+00
      9.358     -0.024     0.0410      0.499    142.789  99.747491     1.6633     15.490   -60.1899 1.2363e-01     2.2993      9.180     13.316     9.9328   999.8043 0.0000e+00
      9.351     -0.044     0.0367      0.474    142.778  99.742895     1.6253     15.490   -60.4253 1.2360e-01     2.1399      9.175     13.309     9.9300   999.8045 0.0000e+00
      9.332     -0.065     0.0382      0.456    142.726  99.715237     1.5617     15.489   -60.5986 1.2357e-01     1.8979      9.155     13.278     9.9284   999.8046 0.0000e+00
      9.306     -0.085     0.0395      0.470    142.644  99.667727     1.5237     15.489   -60.7361 1.2356e-01     1.8106      9.126     13.237     9.9265   999.8046 0.0000e+00
      9.279     -0.102     0.0406      0.487    142.459  99.550444     1.5282     15.489   -60.8840 1.2359e-01     1.8733      9.099     13.197     9.9250   999.8046 0.0000e+00
      9.253     -0.114     0.0374      0.501    142.193  99.379429     1.5769     15.490   -61.1812 1.2361e-01     2.0386      9.074     13.161     9.9262   999.8044 0.0000e+00
      9.225     -0.121     0.0341      0.509    142.079  99.318851     1.6459     15.491   -61.4909 1.2361e-01     2.2642      9.050     13.126     9.9297   999.8039 0.0000e+00
      9.193     -0.126     0.0381      0.519    142.060  99.327310     1.6758     15.491   -61.6178 1.2362e-01     2.3348      9.017     13.078     9.9334   999.8035 0.0000e+00
      9.157     -0.127     0.0381      0.529    141.976  99.290745     1.6716     15.490   -61.6827 1.2361e-01     2.2750      8.979     13.023     9.9371   999.8029 0.0000e+00
      9.121     -0.120     0.0401      0.516    141.901  99.258729     1.6526     15.490   -61.7590 1.2362e-01     2.2960      8.944     12.972     9.9423   999.8021 0.0000e+00
      9.086     -0.105     0.0403      0.489    141.877  99.258527     1.6169     15.489   -61.8516 1.2362e-01     2.3829      8.909     12.922     9.9494   999.8013 0.0000e+00
      9.053     -0.082     0.0403      0.457    141.908  99.288321     1.5929     15.488   -62.0284 1.2358e-01     2.4333      8.874     12.871     9.9570   999.8005 0.0000e+00
      9.032     -0.056     0.0434      0.446    142.017  99.364341     1.6005     15.488   -62.1767 1.2358e-01     2.4931      8.850     12.836     9.9647   999.7996 0.0000e+00
      9.026     -0.030     0.0406      0.476    142.010  99.350093     1.6519     15.488   -62.2676 1.2362e-01     2.5214      8.848     12.833     9.9727   999.7989 0.0000e+00
      9.031     -0.009     0.0392      0.516    141.698  99.116041     1.7278     15.488   -62.3531 1.2368e-01     2.4332      8.857     12.845     9.9793   999.7984 0.0000e+00
      9.037      0.005     0.0355      0.540    141.307  98.826159     1.7653     15.488   -62.3497 1.2370e-01     2.3540      8.862     12.854     9.9821   999.7981 0.0000e+00
      9.042      0.011     0.0334      0.544    141.248  98.773449     1.7622     15.488   -62.3985 1.2361e-01     2.3531      8.867     12.860     9.9816   999.7983 0.0000e+00
      9.046      0.011     0.0376      0.535    141.473  98.924326     1.7285     15.488   -62.5132 1.2357e-01     2.3533      8.872     12.867     9.9785   999.7986 0.0000e+00
      9.048      0.008     0.0413      0.540    141.676  99.058931     1.6716     15.488   -62.4465 1.2360e-01     2.3570      8.874     12.870     9.9720   999.7990 0.0000e+00
      9.048      0.006     0.0433      0.563    141.880  99.191422     1.6468     15.489   -62.3657 1.2356e-01     2.3626      8.874     12.870     9.9652   999.7994 0.0000e+00
      9.048      0.006     0.0432      0.537    142.071  99.316724     1.6574     15.489   -62.4828 1.2352e-01     2.3530      8.873     12.869     9.9615   999.7998 0.0000e+00
      9.049      0.008     0.0425      0.490    142.241  99.428063     1.6573     15.489   -62.6582 1.2356e-01     2.4125      8.873     12.869     9.9602   999.8000 0.0000e+00
      9.050      0.011     0.0403      0.489    142.385  99.519039     1.6360     15.490   -62.7655 1.2361e-01     2.5318      8.875     12.872     9.9576   999.8003 0.0000e+00
      9.053      0.011     0.0476      0.496    142.318  99.461788     1.6188     15.490   -62.8340 1.2364e-01     2.5941      8.877     12.876     9.9535   999.8008 0.0000e+00
      9.058      0.006     0.0437      0.477    142.022  99.245125     1.6118     15.490   -63.0555 1.2359e-01     2.5824      8.882     12.882     9.9507   999.8011 0.0000e+00
      9.065     -0.010     0.0357      0.454    141.679  99.000151     1.5986     15.490   -63.4660 1.2353e-01     2.5274      8.890     12.894     9.9484   999.8013 0.0000e+00
      9.070     -0.037     0.0391      0.457    141.468  98.855230     1.5641     15.490   -63.8386 1.2356e-01     2.3757      8.897     12.905     9.9451   999.8018 0.0000e+00
