Data/DataNotYetUploadedToEDI/Raw_CTD/RawDownloads/090318_fcr50_b.cnv
* Sea-Bird SBE19plus  Data File:
* FileName = C:\DATA\090318_FCR50_0006.hex
* Software version 2.6.3.104 SB_Terminal.dll
* Temperature SN = 7809
* Conductivity SN = 7809
* System UpLoad Time = Sep 03 2018 15:41:09
* <ApplicationData>
* <Seaterm232>
# nquan = 15
# nvalues = 740                         
# units = specified
# name 0 = depFM: Depth [fresh water, m]
# name 1 = dz/dtM: Descent Rate [m/s]
# name 2 = sbeox0Mg/L: Oxygen, SBE 43 [mg/l]
# name 3 = sbeox0PS: Oxygen, SBE 43 [% saturation]
# name 4 = specc: Specific Conductance [uS/cm]
# name 5 = c0uS/cm: Conductivity [uS/cm]
# name 6 = flECO-AFL: Fluorescence, WET Labs ECO-AFL/FL [mg/m^3]
# name 7 = ph: pH
# name 8 = orp: Oxidation Reduction Potential [mV]
# name 9 = par/sat/log: PAR/Logarithmic, Satlantic
# name 10 = turbWETntu0: Turbidity, WET Labs ECO [NTU]
# name 11 = prdM: Pressure, Strain Gauge [db]
# name 12 = prdE: Pressure, Strain Gauge [psi]
# name 13 = tv290C: Temperature [ITS-90, deg C]
# name 14 = flag:  0.000e+00
# span 0 =     -0.464,      9.710       
# span 1 =     -0.072,      0.195       
# span 2 =     0.0648,     9.9880       
# span 3 =      0.602,    120.681       
# span 4 =      0.636,    167.003       
# span 5 =   0.683200, 123.436685       
# span 6 =    -0.2216,    16.9619       
# span 7 =      6.400,      8.896       
# span 8 = -1240.7455,   263.6454       
# span 9 = 1.2534e-01, 2.4660e+03       
# span 10 =    -0.4703,    39.4331      
# span 11 =     -0.455,      9.523      
# span 12 =     -0.659,     13.812      
# span 13 =    11.9316,    28.6840      
# span 14 = 0.0000e+00, 0.0000e+00      
# interval = seconds: 0.25
# start_time = Sep 03 2018 17:21:31 [Instrument's time stamp, header]
# bad_flag = -9.990e-29
*END*
[from data line 290]
      1.809      0.070     9.9036    119.489     37.008  36.885114     4.3080      8.061   241.5007 1.1257e+02     1.4712      1.773      2.572    24.9957 0.0000e+00
      1.824      0.071     9.9403    119.841     37.015  36.862271     4.3096      8.070   241.8012 1.1312e+02     1.4535      1.788      2.593    24.9438 0.0000e+00
      1.841      0.073     9.9726    120.131     37.026  36.839992     4.3398      8.080   242.7887 1.1346e+02     1.4299      1.805      2.618    24.9018 0.0000e+00
      1.860      0.076     9.9880    120.209     37.028  36.806273     4.3975      8.093   243.2887 1.1358e+02     1.4292      1.824      2.646    24.8663 0.0000e+00
      1.880      0.081     9.9776    119.971     37.032  36.772143     4.4275      8.107   243.0292 1.1331e+02     1.4755      1.844      2.674    24.8298 0.0000e+00
      1.902      0.085     9.9413    119.421     37.043  36.744905     4.4274      8.118   242.4039 1.1238e+02     1.5018      1.863      2.703    24.7890 0.0000e+00
      1.926      0.089     9.8855    118.635     37.068  36.730988     4.5243      8.127   241.7513 1.1082e+02     1.4726      1.889      2.739    24.7441 0.0000e+00
      1.949      0.090     9.8150    117.668     37.110  36.730865     4.7258      8.134   241.5913 1.0877e+02     1.4583      1.912      2.773    24.6957 0.0000e+00
      1.971      0.089     9.7343    116.585     37.163  36.743355     4.8426      8.138   241.8462 1.0606e+02     1.4503      1.931      2.802    24.6438 0.0000e+00
      1.996      0.087     9.6501    115.488     37.205  36.754905     4.8710      8.140   241.9072 1.0282e+02     1.4370      1.957      2.838    24.5920 0.0000e+00
      2.021      0.084     9.5687    114.453     37.215  36.743410     5.0130      8.139   241.7268 9.9642e+01     1.4509      1.984      2.877    24.5402 0.0000e+00
      2.042      0.081     9.4966    113.524     37.226  36.731396     5.2647      8.139   241.6436 9.6590e+01     1.4656      2.004      2.906    24.4842 0.0000e+00
      2.059      0.079     9.4341    112.696     37.261  36.736661     5.4048      8.139   241.5899 9.3351e+01     1.4620      2.019      2.929    24.4252 0.0000e+00
      2.076      0.075     9.3755    111.915     37.297  36.743492     5.4298      8.140   241.5935 9.0044e+01     1.4682      2.036      2.952    24.3819 0.0000e+00
      2.095      0.071     9.3180    111.147     37.334  36.750428     5.5669      8.142   241.8600 8.6840e+01     1.4802      2.053      2.978    24.3653 0.0000e+00
      2.116      0.069     9.2567    110.360     37.361  36.756958     5.8214      8.145   242.2300 8.3791e+01     1.4849      2.074      3.009    24.3330 0.0000e+00
      2.136      0.069     9.1832    109.476     37.366  36.758883     5.9617      8.149   242.5395 8.1263e+01     1.4938      2.097      3.042    24.2879 0.0000e+00
      2.151      0.069     9.1009    108.494     37.381  36.773703     5.9858      8.151   242.6772 7.9368e+01     1.4961      2.112      3.062    24.2556 0.0000e+00
      2.163      0.070     9.0233    107.534     37.431  36.809098     6.0111      8.149   242.5188 7.7469e+01     1.4832      2.118      3.071    24.2082 0.0000e+00
      2.180      0.075     8.9576    106.660     37.527  36.869187     6.1668      8.139   242.4306 7.5445e+01     1.5204      2.135      3.097    24.1714 0.0000e+00
      2.200      0.084     8.9062    105.860     37.661  36.928455     6.4533      8.125   242.7292 7.3877e+01     1.6405      2.161      3.134    24.1805 0.0000e+00
      2.220      0.094     8.8634    105.069     37.797  36.953865     6.6080      8.110   243.0319 7.2570e+01     1.7146      2.176      3.156    24.1908 0.0000e+00
      2.244      0.101     8.7995    104.039     37.938  36.985683     6.6402      8.098   243.4226 7.0843e+01     1.6845      2.196      3.184    24.1689 0.0000e+00
      2.277      0.102     8.6779    102.404     38.093  37.058901     6.8342      8.088   244.1847 6.8998e+01     1.5818      2.233      3.240    24.1377 0.0000e+00
      2.312      0.098     8.4788     99.899     38.243  37.140230     7.1705      8.078   244.5029 6.7819e+01     1.4800      2.271      3.294    24.0473 0.0000e+00
      2.338      0.093     8.2139     96.624     38.378  37.206615     7.3520      8.068   244.1715 6.7253e+01     1.4601      2.295      3.330    23.8745 0.0000e+00
      2.357      0.086     7.9150     92.956     38.533  37.289727     7.3832      8.057   244.2216 6.6928e+01     1.4628      2.313      3.354    23.7201 0.0000e+00
      2.373      0.078     7.5986     89.101     38.696  37.382709     7.5564      8.046   244.8513 6.6642e+01     1.5136      2.327      3.375    23.6293 0.0000e+00
      2.390      0.070     7.2634     85.047     38.818  37.441376     7.8839      8.033   245.5042 6.6242e+01     1.6466      2.343      3.398    23.5566 0.0000e+00
      2.408      0.065     6.8972     80.657     38.923  37.490760     8.0718      8.020   245.9215 6.5692e+01     1.7282      2.362      3.426    23.4694 0.0000e+00
      2.427      0.060     6.4993     75.926     39.013  37.535040     8.1091      8.007   246.1969 6.5111e+01     1.7368      2.381      3.454    23.3791 0.0000e+00
      2.444      0.055     6.0938     71.136     39.041  37.532008     8.3901      7.996   246.5099 6.4738e+01     1.7202      2.399      3.478    23.2963 0.0000e+00
      2.457      0.050     5.7002     66.508     39.048  37.517587     8.9232      7.986   246.7814 6.4498e+01     1.6805      2.410      3.496    23.2173 0.0000e+00
      2.468      0.045     5.3259     62.118     39.098  37.551228     9.2251      7.975   246.8983 6.4226e+01     1.6840      2.420      3.511    23.1501 0.0000e+00
      2.476      0.043     4.9834     58.113     39.178  37.621091     9.2562      7.961   247.0630 6.3931e+01     1.7016      2.428      3.523    23.0954 0.0000e+00
      2.483      0.046     4.6877     54.662     39.290  37.727002     9.2625      7.946   247.6545 6.3435e+01     1.6794      2.434      3.531    23.0563 0.0000e+00
      2.492      0.051     4.4515     51.885     39.467  37.878866     9.2820      7.928   248.4565 6.2558e+01     1.6603      2.442      3.542    23.0347 0.0000e+00
      2.506      0.058     4.2795     49.823     39.640  37.996067     9.2994      7.909   248.8446 6.1434e+01     1.6531      2.456      3.563    23.0123 0.0000e+00
      2.524      0.063     4.1545     48.298     39.708  38.000473     9.3069      7.894   248.8195 6.0135e+01     1.6843      2.473      3.587    23.0022 0.0000e+00
      2.544      0.066     4.0368     46.886     39.677  37.932051     9.3180      7.882   248.7553 5.8695e+01     1.7320      2.494      3.619    23.0127 0.0000e+00
      2.565      0.067     3.8787     45.042     39.682  37.931086     9.4152      7.868   249.1011 5.7451e+01     1.7117      2.519      3.653    23.0005 0.0000e+00
      2.583      0.066     3.6681     42.606     39.797  38.052316     9.5905      7.853   249.8167 5.6568e+01     1.6519      2.535      3.676    22.9284 0.0000e+00
      2.596      0.063     3.4481     40.047     39.946  38.190793     9.6920      7.838   250.3523 5.5891e+01     1.6501      2.546      3.693    22.8302 0.0000e+00
      2.609      0.058     3.2656     37.910     40.118  38.334800     9.7513      7.824   250.6728 5.5079e+01     1.6904      2.556      3.708    22.7794 0.0000e+00
      2.625      0.054     3.1261     36.267     40.346  38.522847    10.2330      7.810   251.0256 5.4059e+01     1.7110      2.573      3.732    22.7785 0.0000e+00
      2.641      0.051     2.9985     34.738     40.581  38.685553    11.1051      7.797   251.4342 5.3326e+01     1.7160      2.593      3.761    22.8137 0.0000e+00
      2.653      0.050     2.8560     33.014     40.780  38.777224    11.5843      7.784   251.8275 5.2942e+01     1.7200      2.602      3.775    22.8088 0.0000e+00
      2.664      0.047     2.6920     31.044     40.915  38.805183    11.6798      7.771   252.0815 5.2595e+01     1.7291      2.612      3.788    22.7643 0.0000e+00
      2.675      0.043     2.4947     28.712     41.034  38.832854    12.1949      7.759   252.1816 5.2281e+01     1.7046      2.624      3.806    22.7562 0.0000e+00
      2.686      0.042     2.2531     25.892     41.195  38.921074    13.1069      7.746   252.3498 5.2057e+01     1.6676      2.634      3.821    22.6796 0.0000e+00
      2.696      0.043     1.9702     22.614     41.385  39.045830    13.5809      7.732   252.6531 5.1901e+01     1.6787      2.645      3.836    22.5377 0.0000e+00
      2.706      0.046     1.6608     19.038     41.609  39.197605    13.5977      7.717   252.8372 5.1726e+01     1.6862      2.654      3.850    22.4091 0.0000e+00
      2.716      0.051     1.3559     15.519     41.854  39.358366    13.3749      7.701   252.8548 5.1451e+01     1.6664      2.663      3.861    22.3014 0.0000e+00
      2.729      0.056     1.0934     12.493     42.045  39.464662    12.9449      7.686   253.1235 5.0981e+01     1.6529      2.674      3.877    22.2308 0.0000e+00
      2.745      0.061     0.8898     10.151     42.183  39.529709    12.7090      7.670   253.8499 5.0279e+01     1.6453      2.691      3.903    22.1721 0.0000e+00
      2.765      0.067     0.7389      8.419     42.357  39.636470    12.7015      7.651   254.8396 4.9528e+01     1.6657      2.711      3.933    22.1022 0.0000e+00
      2.783      0.073     0.6269      7.133     42.665  39.865949    12.9639      7.628   255.5401 4.8862e+01     1.7162      2.730      3.960    22.0158 0.0000e+00
      2.800      0.080     0.5470      6.213     43.115  40.207565    13.4740      7.604   255.7802 4.8266e+01     1.7377      2.746      3.984    21.9218 0.0000e+00
      2.817      0.085     0.5011      5.679     43.564  40.526455    13.7600      7.581   256.0215 4.7482e+01     1.7123      2.762      4.006    21.8440 0.0000e+00
      2.839      0.090     0.4807      5.435     43.901  40.735240    13.7930      7.559   256.3060 4.6266e+01     1.6835      2.782      4.034    21.7842 0.0000e+00
      2.866      0.094     0.4708      5.312     44.102  40.825682    13.8631      7.537   256.6391 4.4898e+01     1.6644      2.811      4.078    21.7246 0.0000e+00
      2.895      0.097     0.4606      5.188     44.284  40.920920    14.6633      7.514   257.1247 4.3589e+01     1.6637      2.839      4.118    21.6345 0.0000e+00
      2.922      0.100     0.4464      5.021     44.634  41.187726    16.1441      7.490   257.5309 4.2319e+01     1.7061      2.865      4.157    21.5078 0.0000e+00
      2.947      0.101     0.4345      4.878     45.008  41.446407    16.9619      7.467   257.6794 4.1328e+01     1.7499      2.893      4.196    21.3878 0.0000e+00
      2.967      0.097     0.4311      4.827     45.203  41.506885    16.9598      7.447   257.7154 4.0400e+01     1.7358      2.908      4.218    21.2700 0.0000e+00
      2.991      0.092     0.4359      4.871     45.346  41.537553    15.9722      7.430   257.9654 3.8976e+01     1.6871      2.928      4.246    21.1833 0.0000e+00
      3.022      0.090     0.4460      4.977     45.581  41.689995    14.1649      7.410   258.5512 3.7512e+01     1.6805      2.965      4.302    21.1519 0.0000e+00
      3.048      0.092     0.4604      5.131     46.007  42.015597    13.1930      7.389   259.0342 3.6781e+01     1.7167      2.996      4.345    21.0614 0.0000e+00
      3.062      0.094     0.4800      5.337     46.496  42.360704    13.0997      7.372   258.9875 3.6314e+01     1.7292      3.003      4.355    20.8929 0.0000e+00
      3.077      0.091     0.5053      5.604     46.772  42.494735    13.0003      7.358   258.6747 3.5203e+01     1.7087      3.010      4.366    20.7748 0.0000e+00
      3.106      0.085     0.5359      5.933     46.930  42.555751    12.8360      7.344   258.3490 3.3585e+01     1.7132      3.042      4.412    20.7286 0.0000e+00
      3.140      0.079     0.5719      6.326     47.162  42.717068    12.7398      7.330   258.0612 3.2405e+01     1.7226      3.086      4.475    20.6779 0.0000e+00
      3.164      0.073     0.6136      6.779     47.519  42.983614    12.7113      7.317   257.9475 3.1901e+01     1.7000      3.109      4.508    20.5608 0.0000e+00
      3.175      0.066     0.6590      7.270     48.025  43.363744    12.5732      7.306   257.8345 3.1536e+01     1.6848      3.115      4.517    20.4009 0.0000e+00
      3.183      0.060     0.7035      7.746     48.767  43.945112    12.3194      7.293   257.6421 3.1109e+01     1.6909      3.121      4.527    20.3174 0.0000e+00
      3.193      0.060     0.7394      8.125     49.684  44.674706    12.1704      7.278   257.6855 3.0651e+01     1.7133      3.130      4.541    20.2913 0.0000e+00
      3.206      0.069     0.7628      8.366     50.450  45.258112    12.1042      7.261   258.0155 3.0089e+01     1.7112      3.142      4.557    20.2327 0.0000e+00
      3.224      0.083     0.7743      8.473     50.960  45.596997    11.5652      7.243   258.3632 2.9330e+01     1.6958      3.159      4.582    20.1452 0.0000e+00
      3.248      0.097     0.7747      8.456     51.317  45.784977    10.5787      7.227   258.8779 2.8404e+01     1.7103      3.183      4.619    20.0541 0.0000e+00
      3.278      0.108     0.7647      8.323     51.510  45.814832    10.0293      7.210   259.5062 2.7442e+01     1.7032      3.213      4.660    19.9592 0.0000e+00
      3.310      0.118     0.7385      8.014     51.561  45.703560     9.9676      7.190   259.8508 2.6526e+01     1.6711      3.245      4.707    19.8530 0.0000e+00
      3.343      0.123     0.6873      7.434     51.631  45.583380     9.9333      7.169   260.1195 2.5714e+01     1.6271      3.279      4.756    19.7404 0.0000e+00
      3.373      0.123     0.6136      6.610     51.778  45.505479     9.5323      7.149   260.6044 2.4942e+01     1.5682      3.307      4.797    19.6092 0.0000e+00
      3.405      0.118     0.5269      5.655     51.953  45.460488     8.7854      7.134   261.1535 2.4140e+01     1.5087      3.338      4.842    19.4707 0.0000e+00
      3.440      0.108     0.4337      4.641     52.068  45.420458     8.3740      7.120   261.3384 2.3395e+01     1.4570      3.373      4.893    19.3250 0.0000e+00
      3.472      0.095     0.3425      3.659     52.060  45.339058     8.3365      7.107   261.2919 2.2848e+01     1.4612      3.408      4.943    19.1517 0.0000e+00
      3.495      0.083     0.2625      2.803     51.968  45.238846     8.4506      7.096   261.4504 2.2583e+01     1.4686      3.432      4.977    18.9367 0.0000e+00
      3.508      0.072     0.1984      2.118     51.866  45.162077     8.6869      7.086   261.7059 2.2470e+01     1.4542      3.442      4.991    18.7240 0.0000e+00
      3.518      0.065     0.1535      1.638     51.823  45.109959     8.8315      7.075   261.9721 2.2320e+01     1.4710      3.449      5.002    18.5881 0.0000e+00
      3.531      0.064     0.1296      1.382     51.857  45.053547     8.9595      7.062   262.0880 2.2048e+01     1.4878      3.462      5.020    18.5238 0.0000e+00
      3.546      0.068     0.1229      1.306     51.922  44.988304    10.2714      7.050   261.9030 2.1652e+01     1.5963      3.477      5.042    18.5045 0.0000e+00
      3.566      0.072     0.1264      1.340     52.042  44.956484    12.6904      7.039   261.7142 2.1196e+01     1.8068      3.496      5.070    18.5407 0.0000e+00
      3.589      0.073     0.1357      1.434     52.248  44.986403    14.0202      7.028   261.6119 2.0699e+01     1.9265      3.519      5.104    18.5563 0.0000e+00
      3.613      0.069     0.1461      1.541     52.411  45.032093    14.1266      7.017   261.6986 2.0211e+01     1.9450      3.544      5.141    18.4418 0.0000e+00
      3.634      0.064     0.1539      1.624     52.390  45.000376    13.8670      7.007   262.0740 1.9867e+01     1.9390      3.566      5.173    18.3154 0.0000e+00
