Data/DataNotYetUploadedToEDI/Raw_CTD/RawDownloads/090318_fcr30.cnv
* Sea-Bird SBE19plus  Data File:
* FileName = C:\DATA\090318_FCR50_0004.hex
* Software version 2.6.3.104 SB_Terminal.dll
* Temperature SN = 7809
* Conductivity SN = 7809
* System UpLoad Time = Sep 03 2018 15:39:54
* <ApplicationData>
* <Seaterm232>
# nquan = 15
# nvalues = 1176                        
# units = specified
# name 0 = depFM: Depth [fresh water, m]
# name 1 = dz/dtM: Descent Rate [m/s]
# name 2 = sbeox0Mg/L: Oxygen, SBE 43 [mg/l]
# name 3 = sbeox0PS: Oxygen, SBE 43 [% saturation]
# name 4 = specc: Specific Conductance [uS/cm]
# name 5 = c0uS/cm: Conductivity [uS/cm]
# name 6 = flECO-AFL: Fluorescence, WET Labs ECO-AFL/FL [mg/m^3]
# name 7 = ph: pH
# name 8 = orp: Oxidation Reduction Potential [mV]
# name 9 = par/sat/log: PAR/Logarithmic, Satlantic
# name 10 = turbWETntu0: Turbidity, WET Labs ECO [NTU]
# name 11 = prdM: Pressure, Strain Gauge [db]
# name 12 = prdE: Pressure, Strain Gauge [psi]
# name 13 = tv290C: Temperature [ITS-90, deg C]
# name 14 = flag:  0.000e+00
# span 0 =     -0.451,      5.479       
# span 1 =     -0.101,      0.222       
# span 2 =     0.0630,    10.2856       
# span 3 =      0.595,    125.769       
# span 4 =      1.093,     99.843       
# span 5 =   1.197906,  76.408524       
# span 6 =    -0.1676,   251.2420       
# span 7 =      6.309,      8.605       
# span 8 =    58.3656,   265.3197       
# span 9 = 1.0313e+00, 2.2634e+03       
# span 10 =   -10.2013,    21.5608      
# span 11 =     -0.443,      5.374      
# span 12 =     -0.642,      7.794      
# span 13 =    12.6835,    29.9903      
# span 14 = 0.0000e+00, 0.0000e+00      
# interval = seconds: 0.25
# start_time = Sep 03 2018 15:53:13 [Instrument's time stamp, header]
# bad_flag = -9.990e-29
*END*
[from data line 290]
      0.456      0.046     8.7413    108.409     36.859  37.847568     1.8264      8.249   210.1314 9.0874e+02     1.2670      0.446      0.647    26.3094 0.0000e+00
      0.472      0.047     8.7483    108.485     36.864  37.848704     1.8277      8.250   209.2412 7.9626e+02     1.2671      0.463      0.671    26.3243 0.0000e+00
      0.487      0.046     8.7576    108.596     36.879  37.862431     1.8376      8.252   206.4327 6.9941e+02     1.2756      0.478      0.694    26.3395 0.0000e+00
      0.499      0.044     8.7626    108.656     36.904  37.886476     1.8723      8.252   203.1041 6.8226e+02     1.2782      0.491      0.712    26.3410 0.0000e+00
      0.507      0.042     8.7586    108.601     36.904  37.885319     1.8984      8.252   201.4331 7.6201e+02     1.2672      0.498      0.722    26.3333 0.0000e+00
      0.514      0.042     8.7453    108.421     36.873  37.848442     1.9052      8.251   200.7690 7.5441e+02     1.2352      0.504      0.730    26.3283 0.0000e+00
      0.523      0.043     8.7284    108.194     36.853  37.821761     1.9177      8.251   200.2370 7.0326e+02     1.2263      0.511      0.741    26.3256 0.0000e+00
      0.534      0.045     8.7116    107.977     36.853  37.816827     1.9393      8.251   199.9902 7.2176e+02     1.2512      0.522      0.757    26.3257 0.0000e+00
      0.549      0.046     8.6928    107.737     36.828  37.788772     1.9553      8.252   199.5054 7.6147e+02     1.2619      0.538      0.780    26.3252 0.0000e+00
      0.564      0.045     8.6753    107.502     36.784  37.736662     1.9629      8.254   198.5052 8.0396e+02     1.2641      0.555      0.805    26.3164 0.0000e+00
      0.578      0.043     8.6693    107.387     36.758  37.694985     1.9769      8.257   198.1361 8.6327e+02     1.2781      0.569      0.825    26.3044 0.0000e+00
      0.587      0.039     8.6805    107.465     36.753  37.666008     2.0045      8.260   199.0862 8.8227e+02     1.3082      0.577      0.837    26.3009 0.0000e+00
      0.594      0.037     8.7028    107.666     36.755  37.640373     2.0212      8.262   199.6692 9.8240e+02     1.3230      0.582      0.844    26.3002 0.0000e+00
      0.600      0.035     8.7243    107.856     36.782  37.639107     2.0226      8.262   199.3339 1.0600e+03     1.2735      0.587      0.852    26.2936 0.0000e+00
      0.608      0.034     8.7367    107.960     36.812  37.650648     2.0678      8.263   199.5923 9.5106e+02     1.1990      0.594      0.862    26.2720 0.0000e+00
      0.619      0.033     8.7365    107.945     36.818  37.652832     2.1533      8.264   200.2119 1.0851e+03     1.1847      0.606      0.879    26.2380 0.0000e+00
      0.631      0.032     8.7274    107.840     36.827  37.665502     2.1926      8.266   200.3734 1.3018e+03     1.2227      0.621      0.900    26.2008 0.0000e+00
      0.640      0.032     8.7157    107.707     36.834  37.676798     2.1939      8.269   200.4255 1.0600e+03     1.2623      0.628      0.912    26.1543 0.0000e+00
      0.645      0.033     8.7068    107.606     36.816  37.662364     2.2062      8.271   200.6701 7.3270e+02     1.2659      0.632      0.917    26.1246 0.0000e+00
      0.650      0.037     8.7068    107.596     36.776  37.618038     2.2312      8.271   201.3518 7.0062e+02     1.2369      0.636      0.923    26.1254 0.0000e+00
      0.656      0.043     8.7159    107.667     36.760  37.585546     2.2658      8.271   201.6982 7.4219e+02     1.2467      0.642      0.931    26.1316 0.0000e+00
      0.668      0.048     8.7292    107.775     36.783  37.587127     2.2851      8.270   199.9543 7.6271e+02     1.2928      0.653      0.946    26.1365 0.0000e+00
      0.684      0.052     8.7401    107.866     36.786  37.573590     2.2805      8.268   196.0988 8.6587e+02     1.3056      0.671      0.973    26.1450 0.0000e+00
      0.703      0.052     8.7443    107.896     36.769  37.548894     2.2461      8.267   192.0777 8.6688e+02     1.2798      0.691      1.002    26.1451 0.0000e+00
      0.720      0.050     8.7439    107.878     36.768  37.542629     2.1827      8.266   189.7084 8.5604e+02     1.2552      0.708      1.026    26.1201 0.0000e+00
      0.732      0.047     8.7432    107.859     36.790  37.561374     2.1474      8.266   189.9948 9.2152e+02     1.2525      0.720      1.044    26.0825 0.0000e+00
      0.740      0.046     8.7439    107.864     36.815  37.584934     2.1504      8.267   192.2703 7.7856e+02     1.2780      0.726      1.053    26.0593 0.0000e+00
      0.746      0.046     8.7450    107.877     36.804  37.573378     2.1827      8.267   194.1635 6.8639e+02     1.3497      0.731      1.060    26.0536 0.0000e+00
      0.756      0.048     8.7478    107.903     36.783  37.548703     2.2429      8.267   194.2147 8.1112e+02     1.4175      0.740      1.073    26.0481 0.0000e+00
      0.770      0.052     8.7534    107.954     36.782  37.540700     2.2729      8.268   193.4921 8.6561e+02     1.4264      0.754      1.093    26.0401 0.0000e+00
      0.787      0.053     8.7608    108.025     36.788  37.540128     2.2695      8.269   192.7396 7.8956e+02     1.4263      0.771      1.119    26.0376 0.0000e+00
      0.806      0.053     8.7708    108.138     36.793  37.541780     2.3213      8.270   191.0538 6.6990e+02     1.3859      0.791      1.147    26.0404 0.0000e+00
      0.821      0.049     8.7812    108.268     36.811  37.560674     2.4298      8.271   189.6278 6.0794e+02     1.3041      0.807      1.170    26.0379 0.0000e+00
      0.832      0.044     8.7860    108.339     36.824  37.577989     2.4796      8.273   193.4807 6.2804e+02     1.2611      0.817      1.185    26.0259 0.0000e+00
      0.840      0.040     8.7838    108.332     36.799  37.560558     2.4634      8.276   201.9321 6.5028e+02     1.2327      0.824      1.196    26.0136 0.0000e+00
      0.845      0.040     8.7791    108.294     36.773  37.540511     2.4727      8.279   205.2579 6.2991e+02     1.2967      0.829      1.202    26.0086 0.0000e+00
      0.852      0.042     8.7759    108.255     36.759  37.526192     2.5097      8.280   200.8264 6.0674e+02     1.4246      0.833      1.208    26.0099 0.0000e+00
      0.863      0.046     8.7730    108.200     36.754  37.514487     2.5243      8.280   196.1884 6.0163e+02     1.4667      0.844      1.225    26.0148 0.0000e+00
      0.879      0.050     8.7693    108.124     36.777  37.526024     2.5211      8.280   195.9850 6.0649e+02     1.4702      0.862      1.250    26.0273 0.0000e+00
      0.895      0.053     8.7663    108.060     36.799  37.538614     2.5439      8.280   197.5932 6.2063e+02     1.4660      0.879      1.275    26.0412 0.0000e+00
      0.910      0.053     8.7658    108.036     36.807  37.539645     2.5797      8.281   198.4244 5.9339e+02     1.4775      0.894      1.296    26.0427 0.0000e+00
      0.923      0.050     8.7647    108.016     36.807  37.538481     2.5870      8.283   198.8944 5.3000e+02     1.4879      0.906      1.313    26.0301 0.0000e+00
      0.935      0.047     8.7592    107.951     36.792  37.524535     2.5853      8.285   199.3169 4.9740e+02     1.4381      0.918      1.331    26.0118 0.0000e+00
      0.946      0.045     8.7515    107.862     36.765  37.498084     2.5863      8.285   199.8334 5.1090e+02     1.3950      0.929      1.347    25.9963 0.0000e+00
      0.955      0.045     8.7474    107.805     36.743  37.472770     2.5721      8.285   201.5263 5.3651e+02     1.4239      0.938      1.360    25.9880 0.0000e+00
      0.965      0.043     8.7488    107.807     36.749  37.472571     2.5515      8.286   204.4705 5.2361e+02     1.4827      0.945      1.371    25.9856 0.0000e+00
      0.977      0.039     8.7523    107.839     36.775  37.495661     2.5397      8.287   206.7813 4.7145e+02     1.4950      0.957      1.388    25.9877 0.0000e+00
      0.992      0.033     8.7533    107.859     36.774  37.497846     2.5300      8.289   208.2139 4.3152e+02     1.4810      0.974      1.412    25.9933 0.0000e+00
      1.003      0.028     8.7497    107.834     36.768  37.498988     2.5540      8.291   208.7137 4.3002e+02     1.4666      0.987      1.432    25.9907 0.0000e+00
      1.008      0.024     8.7417    107.752     36.772  37.509487     2.6277      8.293   207.4906 4.4381e+02     1.4726      0.992      1.438    25.9783 0.0000e+00
      1.008      0.022     8.7320    107.638     36.758  37.497738     2.6764      8.294   206.7611 4.4797e+02     1.5231      0.988      1.434    25.9702 0.0000e+00
      1.007      0.023     8.7244    107.538     36.747  37.483983     2.6749      8.294   208.5822 4.3327e+02     1.5283      0.985      1.430    25.9756 0.0000e+00
      1.011      0.026     8.7198    107.459     36.742  37.470237     2.6639      8.294   210.3240 4.0340e+02     1.4751      0.989      1.434    25.9894 0.0000e+00
      1.021      0.031     8.7164    107.396     36.738  37.458575     2.6638      8.294   210.3543 3.9246e+02     1.4587      1.000      1.450    25.9976 0.0000e+00
      1.035      0.033     8.7122    107.334     36.753  37.470011     2.6728      8.291   210.1528 3.9691e+02     1.4823      1.015      1.472    26.0020 0.0000e+00
      1.048      0.033     8.7071    107.264     36.767  37.481456     2.6813      8.290   209.6097 3.8971e+02     1.4858      1.030      1.493    25.9996 0.0000e+00
      1.058      0.030     8.7034    107.212     36.758  37.469897     2.6926      8.289   207.6588 3.8079e+02     1.4709      1.039      1.506    25.9842 0.0000e+00
      1.063      0.026     8.7033    107.208     36.747  37.457305     2.7090      8.288   205.4072 3.7739e+02     1.4548      1.043      1.513    25.9720 0.0000e+00
      1.065      0.023     8.7057    107.238     36.746  37.456264     2.7229      8.287   204.2402 3.7880e+02     1.4433      1.045      1.516    25.9692 0.0000e+00
      1.066      0.022     8.7076    107.263     36.746  37.457306     2.7328      8.287   203.5290 3.9695e+02     1.4545      1.044      1.514    25.9658 0.0000e+00
      1.071      0.023     8.7095    107.285     36.759  37.469897     2.7182      8.286   203.4337 4.1790e+02     1.4080      1.048      1.521    25.9606 0.0000e+00
      1.080      0.026     8.7126    107.318     36.772  37.481457     2.6837      8.284   204.0340 4.1161e+02     1.3083      1.060      1.538    25.9593 0.0000e+00
      1.090      0.029     8.7145    107.331     36.764  37.470013     2.6655      8.283   204.6780 3.9171e+02     1.2562      1.070      1.552    25.9610 0.0000e+00
      1.098      0.032     8.7132    107.300     36.759  37.458578     2.6630      8.283   205.4558 3.7595e+02     1.2349      1.077      1.561    25.9625 0.0000e+00
      1.105      0.035     8.7111    107.257     36.777  37.470243     2.6721      8.282   206.2973 3.7963e+02     1.2344      1.083      1.571    25.9619 0.0000e+00
      1.111      0.037     8.7120    107.254     36.796  37.483991     2.7290      8.281   207.5381 4.0039e+02     1.2809      1.089      1.579    25.9592 0.0000e+00
      1.120      0.039     8.7190    107.329     36.814  37.497738     2.8180      8.281   209.2736 4.0352e+02     1.3702      1.098      1.592    25.9547 0.0000e+00
      1.132      0.040     8.7334    107.493     36.830  37.509393     2.8563      8.281   210.5891 3.9406e+02     1.4285      1.110      1.609    25.9454 0.0000e+00
      1.146      0.039     8.7547    107.744     36.822  37.497854     2.8619      8.280   211.0550 3.9114e+02     1.4365      1.124      1.631    25.9346 0.0000e+00
      1.158      0.035     8.7803    108.055     36.812  37.485264     2.9135      8.280   211.1202 3.8829e+02     1.4050      1.137      1.650    25.9290 0.0000e+00
      1.168      0.030     8.8055    108.366     36.811  37.484224     3.0015      8.281   210.3455 3.8413e+02     1.3231      1.147      1.663    25.9240 0.0000e+00
      1.173      0.025     8.8274    108.644     36.808  37.485274     3.0530      8.281   208.7442 3.8723e+02     1.2701      1.152      1.671    25.9159 0.0000e+00
      1.176      0.023     8.8469    108.902     36.815  37.497979     3.0497      8.280   208.3641 4.0024e+02     1.2531      1.153      1.673    25.9093 0.0000e+00
      1.177      0.025     8.8639    109.122     36.823  37.510787     3.0251      8.280   208.8472 4.0527e+02     1.2396      1.153      1.672    25.9072 0.0000e+00
      1.181      0.028     8.8732    109.238     36.825  37.513087     2.9947      8.278   208.4757 3.9525e+02     1.2293      1.156      1.675    25.9079 0.0000e+00
      1.191      0.030     8.8732    109.236     36.838  37.525783     2.9764      8.276   208.0892 4.1057e+02     1.2198      1.167      1.693    25.9118 0.0000e+00
      1.204      0.031     8.8725    109.219     36.852  37.537239     2.9789      8.275   208.4752 4.4119e+02     1.2161      1.182      1.714    25.9228 0.0000e+00
      1.216      0.030     8.8835    109.341     36.845  37.524546     2.9880      8.274   208.4972 4.3382e+02     1.2149      1.194      1.732    25.9299 0.0000e+00
      1.224      0.027     8.9150    109.706     36.828  37.499361     2.9856      8.274   206.6343 4.2118e+02     1.2357      1.203      1.744    25.9287 0.0000e+00
      1.228      0.024     8.9630    110.270     36.825  37.486824     2.9773      8.274   203.2449 4.3325e+02     1.2541      1.206      1.749    25.9277 0.0000e+00
      1.229      0.023     9.0182    110.919     36.849  37.499999     2.9802      8.273   200.8999 4.3370e+02     1.2545      1.204      1.748    25.9251 0.0000e+00
      1.232      0.025     9.0738    111.571     36.891  37.531588     2.9832      8.272   201.1671 4.1559e+02     1.2700      1.207      1.750    25.9172 0.0000e+00
      1.240      0.028     9.1194    112.106     36.919  37.551113     2.9852      8.272   202.0881 4.1470e+02     1.2897      1.214      1.761    25.9057 0.0000e+00
      1.250      0.032     9.1458    112.416     36.919  37.545468     2.9869      8.272   201.5391 4.1817e+02     1.2784      1.224      1.776    25.8936 0.0000e+00
      1.261      0.034     9.1556    112.528     36.904  37.526855     2.9769      8.272   200.1213 3.9837e+02     1.2254      1.237      1.794    25.8788 0.0000e+00
      1.271      0.034     9.1597    112.570     36.897  37.516642     2.9742      8.272   198.8843 3.8487e+02     1.1982      1.248      1.810    25.8601 0.0000e+00
      1.281      0.033     9.1672    112.650     36.933  37.549037     2.9995      8.273   198.7136 3.8498e+02     1.2547      1.257      1.823    25.8462 0.0000e+00
      1.286      0.032     9.1822    112.814     36.992  37.600895     3.0346      8.275   199.1759 3.8403e+02     1.2984      1.262      1.830    25.8409 0.0000e+00
      1.291      0.032     9.2042    113.050     37.037  37.635418     3.0501      8.279   200.8599 3.9089e+02     1.2685      1.265      1.835    25.8381 0.0000e+00
      1.299      0.032     9.2342    113.374     37.066  37.648800     3.0490      8.286   205.6521 4.0241e+02     1.2294      1.271      1.844    25.8343 0.0000e+00
      1.309      0.032     9.2806    113.899     37.069  37.635611     3.0484      8.295   210.1411 3.9818e+02     1.2220      1.284      1.862    25.8290 0.0000e+00
      1.320      0.031     9.3488    114.699     37.050  37.602984     3.0521      8.304   211.7723 3.8565e+02     1.2404      1.295      1.878    25.8197 0.0000e+00
      1.330      0.029     9.4308    115.678     37.029  37.571925     3.0575      8.312   212.2112 3.8283e+02     1.2685      1.304      1.892    25.8029 0.0000e+00
      1.337      0.026     9.5091    116.620     37.040  37.577712     3.0672      8.318   212.5223 3.7998e+02     1.2877      1.312      1.904    25.7802 0.0000e+00
      1.341      0.024     9.5709    117.369     37.075  37.609415     3.0864      8.322   212.8671 3.7464e+02     1.2586      1.315      1.908    25.7569 0.0000e+00
