Data/DataNotYetUploadedToEDI/Raw_CTD/RawDownloads/090320_bvr50.cnv
* Sea-Bird SBE19plus  Data File:
* FileName = C:\DATA\090320_bvr50_0002.hex
* Software version 2.8.0.119
* Temperature SN = 7809
* Conductivity SN = 7809
* System UpLoad Time = Sep 03 2020 15:20:17
* <ApplicationData>
* <Seaterm232>
# nquan = 16
# nvalues = 1869                        
# units = specified
# name 0 = depFM: Depth [fresh water, m]
# name 1 = dz/dtM: Descent Rate [m/s]
# name 2 = sbeox0ML/L: Oxygen, SBE 43 [ml/l]
# name 3 = sbeox0PS: Oxygen, SBE 43 [% saturation]
# name 4 = specc: Specific Conductance [uS/cm]
# name 5 = c0uS/cm: Conductivity [uS/cm]
# name 6 = flECO-AFL: Fluorescence, WET Labs ECO-AFL/FL [mg/m^3]
# name 7 = ph: pH
# name 8 = orp: Oxidation Reduction Potential [mV]
# name 9 = par/sat/log: PAR/Logarithmic, Satlantic
# name 10 = turbWETntu0: Turbidity, WET Labs ECO [NTU]
# name 11 = prdM: Pressure, Strain Gauge [db]
# name 12 = prdE: Pressure, Strain Gauge [psi]
# name 13 = tv290C: Temperature [ITS-90, deg C]
# name 14 = density00: Density [density, kg/m^3]
# name 15 = flag:  0.000e+00
# span 0 =     -0.759,     10.413       
# span 1 =     -0.308,      0.275       
# span 2 =     0.0229,     6.1697       
# span 3 =      0.353,    108.950       
# span 4 =      1.492,    162.636       
# span 5 =   1.602431, 113.305062       
# span 6 =    -3.2580,   259.8180       
# span 7 =     14.927,     15.499       
# span 8 =  -772.4779,   377.6123       
# span 9 = 1.2340e-01, 2.2642e+03       
# span 10 =   -12.0259,    15.2114      
# span 11 =     -0.745,     10.212      
# span 12 =     -1.080,     14.811      
# span 13 =     9.7685,    29.1015      
# span 14 =   995.9234,   999.8255      
# span 15 = 0.0000e+00, 0.0000e+00      
# interval = seconds: 0.25
# start_time = Sep 02 2020 22:49:16 [Instrument's time stamp, header]
# bad_flag = -9.990e-29
*END*
[from data line 362]
      2.527      0.031     5.5219     95.034     27.690  27.451304     5.2655     15.048   245.6757 4.1211e+01     2.1897      2.479      3.596    24.5963   997.1759 0.0000e+00
      2.534      0.026     5.5153     95.095     27.678  27.438713     5.2696     15.048   245.8006 4.0639e+01     2.1877      2.486      3.605    24.5835   997.1792 0.0000e+00
      2.539      0.022     5.5227     95.123     27.678  27.438692     5.2948     15.048   245.6311 4.0156e+01     2.1944      2.490      3.612    24.5717   997.1822 0.0000e+00
      2.543      0.021     5.5343     95.055     27.692  27.451054     5.3413     15.048   245.4331 3.9740e+01     2.2011      2.494      3.617    24.5662   997.1836 0.0000e+00
      2.547      0.022     5.5396     94.870     27.704  27.461319     5.3640     15.048   245.4714 3.9315e+01     2.1662      2.498      3.623    24.5636   997.1844 0.0000e+00
      2.551      0.027     5.5425     94.638     27.683  27.435948     5.3597     15.048   245.4919 3.8905e+01     2.1162      2.501      3.628    24.5617   997.1848 0.0000e+00
      2.555      0.031     5.5465     94.413     27.652  27.398007     5.4228     15.048   245.3369 3.8415e+01     2.1112      2.504      3.631    24.5607   997.1850 0.0000e+00
      2.564      0.035     5.5437     94.214     27.646  27.383139     5.5642     15.050   245.3181 3.7729e+01     2.1402      2.511      3.642    24.5591   997.1855 0.0000e+00
      2.578      0.040     5.5306     94.070     27.652  27.383035     5.6383     15.052   245.4361 3.6899e+01     2.1231      2.530      3.669    24.5567   997.1862 0.0000e+00
      2.592      0.045     5.5164     93.960     27.671  27.396741     5.6322     15.052   245.5593 3.6360e+01     2.0757      2.546      3.693    24.5514   997.1876 0.0000e+00
      2.601      0.049     5.5054     93.824     27.706  27.421991     5.6233     15.052   245.6892 3.5777e+01     2.0480      2.551      3.700    24.5357   997.1916 0.0000e+00
      2.611      0.050     5.4944     93.654     27.736  27.434583     5.5693     15.052   245.8021 3.4975e+01     2.0632      2.559      3.711    24.5160   997.1966 0.0000e+00
      2.626      0.048     5.4874     93.442     27.736  27.422109     5.4658     15.053   245.8916 3.4446e+01     2.1212      2.574      3.734    24.5059   997.1991 0.0000e+00
      2.641      0.046     5.4832     93.013     27.716  27.398006     5.4018     15.053   245.8259 3.3771e+01     2.1318      2.591      3.759    24.5043   997.1997 0.0000e+00
      2.656      0.044     5.4774     92.238     27.717  27.396872     5.3876     15.053   245.7818 3.3083e+01     2.0884      2.605      3.779    24.4861   997.2043 0.0000e+00
      2.666      0.043     5.4693     91.249     27.730  27.408406     5.4563     15.053   246.0461 3.2688e+01     2.1119      2.615      3.793    24.4469   997.2142 0.0000e+00
      2.674      0.043     5.4647     90.277     27.735  27.410600     5.5932     15.054   246.3536 3.2303e+01     2.1758      2.623      3.805    24.4228   997.2203 0.0000e+00
      2.680      0.044     5.4450     89.483     27.753  27.423391     5.6592     15.054   246.4034 3.2108e+01     2.1744      2.628      3.812    24.4193   997.2212 0.0000e+00
      2.690      0.044     5.3947     88.933     27.773  27.436191     5.6723     15.054   246.3034 3.1769e+01     2.1284      2.635      3.822    24.4179   997.2216 0.0000e+00
      2.706      0.044     5.3324     88.588     27.780  27.438492     5.8474     15.053   246.2636 3.1091e+01     2.1000      2.653      3.848    24.4151   997.2223 0.0000e+00
      2.723      0.042     5.2722     88.301     27.798  27.451198     6.1738     15.053   246.3524 3.0704e+01     2.1061      2.673      3.877    24.4118   997.2232 0.0000e+00
      2.736      0.038     5.2259     87.964     27.813  27.462960     6.3577     15.053   246.4309 3.0637e+01     2.1336      2.685      3.894    24.4011   997.2260 0.0000e+00
      2.743      0.032     5.1951     87.524     27.807  27.453831     6.3635     15.054   246.4377 3.0600e+01     2.1577      2.692      3.904    24.3863   997.2298 0.0000e+00
      2.747      0.025     5.1803     86.914     27.825  27.467682     6.1777     15.054   246.5213 3.0459e+01     2.1581      2.695      3.909    24.3790   997.2316 0.0000e+00
      2.750      0.020     5.1663     86.150     27.868  27.503560     5.8369     15.055   246.6673 2.9927e+01     2.1385      2.696      3.910    24.3726   997.2332 0.0000e+00
      2.754      0.018     5.1470     85.312     27.879  27.507032     5.6664     15.056   246.7399 2.9591e+01     2.1265      2.700      3.916    24.3652   997.2350 0.0000e+00
      2.759      0.021     5.1248     84.487     27.886  27.509654     5.6901     15.055   246.7970 2.9600e+01     2.1500      2.706      3.925    24.3591   997.2366 0.0000e+00
      2.764      0.027     5.0889     83.768     27.912  27.535265     5.9234     15.055   247.0138 2.9294e+01     2.2164      2.711      3.931    24.3524   997.2384 0.0000e+00
      2.769      0.034     5.0430     83.180     27.945  27.562968     6.3412     15.056   247.2966 2.8857e+01     2.3120      2.715      3.937    24.3413   997.2411 0.0000e+00
      2.777      0.041     4.9947     82.716     27.984  27.590870     6.5743     15.056   247.4621 2.8295e+01     2.3788      2.722      3.948    24.3239   997.2455 0.0000e+00
      2.790      0.046     4.9438     82.321     28.023  27.618892     6.6048     15.056   247.5522 2.7689e+01     2.4055      2.735      3.967    24.3170   997.2473 0.0000e+00
      2.806      0.050     4.9012     81.724     28.058  27.648041     6.6150     15.057   247.6982 2.7320e+01     2.3948      2.751      3.991    24.3221   997.2462 0.0000e+00
      2.822      0.054     4.8684     80.712     28.105  27.689572     6.8029     15.057   248.0227 2.7037e+01     2.3527      2.769      4.016    24.3176   997.2473 0.0000e+00
      2.837      0.056     4.8413     79.368     28.165  27.740448     7.1883     15.057   248.2920 2.6914e+01     2.3425      2.783      4.037    24.2913   997.2540 0.0000e+00
      2.848      0.055     4.8294     77.884     28.193  27.755715     7.4123     15.057   248.2867 2.6902e+01     2.3737      2.793      4.050    24.2661   997.2604 0.0000e+00
      2.860      0.052     4.8002     76.272     28.194  27.747284     7.4606     15.058   248.3030 2.6732e+01     2.3869      2.801      4.062    24.2619   997.2614 0.0000e+00
      2.879      0.050     4.7383     74.372     28.218  27.765354     7.7251     15.058   248.5754 2.6519e+01     2.3308      2.823      4.095    24.2597   997.2621 0.0000e+00
      2.895      0.048     4.6549     72.175     28.243  27.783896     8.2065     15.058   248.9985 2.6381e+01     2.2784      2.844      4.125    24.2434   997.2662 0.0000e+00
      2.902      0.045     4.5698     69.945     28.247  27.781162     8.4842     15.059   249.3751 2.6274e+01     2.3024      2.845      4.127    24.2158   997.2731 0.0000e+00
      2.909      0.041     4.4826     67.959     28.267  27.795721     8.5657     15.060   249.5160 2.6205e+01     2.3819      2.849      4.134    24.1987   997.2774 0.0000e+00
      2.921      0.036     4.3722     66.235     28.309  27.833051     8.9824     15.060   249.4973 2.6048e+01     2.4838      2.865      4.156    24.1921   997.2791 0.0000e+00
      2.933      0.031     4.2378     64.703     28.330  27.851924     9.7266     15.059   249.5783 2.5814e+01     2.5390      2.878      4.174    24.1810   997.2819 0.0000e+00
      2.942      0.028     4.0989     63.365     28.312  27.833621    10.1438     15.059   249.7211 2.5609e+01     2.5341      2.886      4.186    24.1717   997.2843 0.0000e+00
      2.947      0.025     3.9853     62.274     28.279  27.802039    10.2028     15.059   249.8480 2.5410e+01     2.5615      2.891      4.192    24.1616   997.2869 0.0000e+00
      2.951      0.021     3.8866     61.515     28.262  27.787233    10.2586     15.059   249.9936 2.5264e+01     2.6305      2.892      4.196    24.1529   997.2890 0.0000e+00
      2.955      0.021     3.7961     61.142     28.254  27.781468    10.3318     15.059   250.1051 2.5188e+01     2.6479      2.898      4.202    24.1493   997.2899 0.0000e+00
      2.959      0.023     3.7171     61.150     28.269  27.795776    10.3629     15.060   250.2497 2.5078e+01     2.6009      2.902      4.209    24.1480   997.2902 0.0000e+00
      2.964      0.028     3.6504     61.482     28.308  27.833363    10.3672     15.060   250.3652 2.4873e+01     2.5769      2.906      4.215    24.1504   997.2896 0.0000e+00
      2.970      0.031     3.6045     62.041     28.333  27.855328    10.2597     15.060   250.3842 2.4647e+01     2.5280      2.912      4.223    24.1544   997.2887 0.0000e+00
      2.980      0.033     3.5827     62.693     28.353  27.871060    10.0181     15.061   250.4792 2.4327e+01     2.4221      2.922      4.237    24.1562   997.2882 0.0000e+00
      2.993      0.035     3.5842     63.260     28.383  27.896711     9.8680     15.061   250.6530 2.4081e+01     2.3607      2.937      4.259    24.1573   997.2881 0.0000e+00
      3.004      0.038     3.6059     63.575     28.405  27.911733     9.8469     15.061   250.8503 2.3991e+01     2.3008      2.948      4.276    24.1574   997.2882 0.0000e+00
      3.011      0.041     3.6416     63.589     28.431  27.925817     9.8204     15.061   251.1444 2.3819e+01     2.2472      2.952      4.282    24.1511   997.2897 0.0000e+00
      3.018      0.045     3.6842     63.334     28.461  27.940118     9.5468     15.061   251.4552 2.3619e+01     2.2627      2.957      4.288    24.1439   997.2915 0.0000e+00
      3.028      0.048     3.7221     62.801     28.497  27.957754     9.0660     15.062   251.5968 2.3364e+01     2.2812      2.968      4.305    24.1395   997.2926 0.0000e+00
      3.044      0.052     3.7422     61.939     28.565  28.012174     8.8145     15.064   251.6531 2.3082e+01     2.2992      2.984      4.328    24.1276   997.2957 0.0000e+00
      3.061      0.054     3.7425     60.751     28.655  28.090623     8.8042     15.064   251.7049 2.2861e+01     2.3434      3.003      4.355    24.1100   997.3002 0.0000e+00
      3.077      0.054     3.7298     59.341     28.725  28.145069     8.9502     15.064   251.7934 2.2593e+01     2.3696      3.019      4.378    24.0820   997.3072 0.0000e+00
      3.091      0.051     3.7030     57.816     28.760  28.162991     9.2258     15.065   251.9479 2.2383e+01     2.3746      3.031      4.396    24.0421   997.3171 0.0000e+00
      3.102      0.046     3.6535     56.095     28.797  28.180429     9.3703     15.065   252.0253 2.2312e+01     2.3706      3.042      4.413    24.0247   997.3215 0.0000e+00
      3.113      0.040     3.5822     54.043     28.867  28.229011     9.3731     15.066   252.0406 2.2233e+01     2.3547      3.052      4.427    24.0153   997.3239 0.0000e+00
      3.124      0.033     3.4964     51.704     28.966  28.306334     9.3261     15.068   252.0461 2.2198e+01     2.3548      3.064      4.443    23.9873   997.3309 0.0000e+00
      3.134      0.026     3.4116     49.220     29.029  28.354110     9.2309     15.069   252.0068 2.2232e+01     2.3714      3.075      4.459    23.9572   997.3383 0.0000e+00
      3.139      0.020     3.3169     46.646     29.047  28.362616     9.1667     15.071   251.9950 2.2279e+01     2.3495      3.079      4.466    23.9249   997.3463 0.0000e+00
      3.141      0.015     3.1959     44.059     29.035  28.345732     9.1592     15.071   251.9896 2.2331e+01     2.3305      3.081      4.468    23.8880   997.3554 0.0000e+00
      3.142      0.010     3.0557     41.709     28.967  28.276831     9.1690     15.071   251.8551 2.2353e+01     2.3824      3.080      4.468    23.8534   997.3639 0.0000e+00
      3.143      0.007     2.9097     39.830     28.917  28.227300     9.1800     15.070   251.7458 2.2375e+01     2.4269      3.083      4.471    23.8280   997.3702 0.0000e+00
      3.146      0.006     2.7592     38.526     28.946  28.254319     9.1788     15.070   251.7869 2.2437e+01     2.3887      3.086      4.475    23.8135   997.3737 0.0000e+00
      3.148      0.007     2.5989     37.781     28.983  28.286347     9.1547     15.070   251.8357 2.2528e+01     2.3322      3.087      4.477    23.8051   997.3758 0.0000e+00
      3.148      0.008     2.4555     37.552     29.002  28.297371     8.9637     15.070   251.9055 2.2562e+01     2.3276      3.087      4.477    23.7998   997.3771 0.0000e+00
      3.149      0.011     2.3423     37.805     29.037  28.324163     8.6245     15.070   251.9422 2.2601e+01     2.3663      3.088      4.480    23.8009   997.3767 0.0000e+00
      3.152      0.015     2.2656     38.314     29.077  28.356550     8.4487     15.070   251.9354 2.2657e+01     2.4231      3.091      4.483    23.8033   997.3762 0.0000e+00
      3.156      0.021     2.2244     38.771     29.164  28.435210     8.4217     15.070   252.0819 2.2598e+01     2.4310      3.094      4.488    23.7941   997.3785 0.0000e+00
      3.161      0.029     2.2091     38.973     29.319  28.577460     8.3735     15.071   252.4231 2.2508e+01     2.3933      3.099      4.495    23.7781   997.3823 0.0000e+00
      3.169      0.039     2.2306     38.844     29.574  28.807785     8.1432     15.072   252.8774 2.2344e+01     2.3791      3.106      4.504    23.7660   997.3854 0.0000e+00
      3.180      0.048     2.2695     38.453     29.871  29.063239     7.7450     15.074   253.1860 2.2076e+01     2.3625      3.118      4.522    23.7534   997.3886 0.0000e+00
      3.194      0.054     2.2992     37.754     30.053  29.192101     7.5258     15.077   253.3155 2.1821e+01     2.3639      3.132      4.542    23.7473   997.3901 0.0000e+00
      3.211      0.056     2.3157     36.559     30.267  29.350802     7.4482     15.079   253.4970 2.1521e+01     2.3960      3.148      4.567    23.7327   997.3939 0.0000e+00
      3.230      0.055     2.3045     34.758     30.559  29.586411     6.8547     15.080   253.6595 2.1231e+01     2.3381      3.169      4.595    23.7082   997.4000 0.0000e+00
      3.246      0.050     2.2842     32.339     30.725  29.693595     5.8052     15.082   253.5590 2.1015e+01     2.2136      3.185      4.619    23.6581   997.4124 0.0000e+00
      3.259      0.043     2.2538     29.424     30.846  29.758555     5.2579     15.084   253.3146 2.0830e+01     2.1266      3.198      4.638    23.5579   997.4368 0.0000e+00
      3.268      0.034     2.1866     26.165     31.133  29.991122     5.1969     15.086   253.2856 2.0739e+01     2.0758      3.206      4.651    23.4773   997.4563 0.0000e+00
      3.273      0.027     2.0836     22.611     31.418  30.221685     4.9909     15.089   253.5530 2.0704e+01     2.0800      3.210      4.656    23.4118   997.4723 0.0000e+00
      3.277      0.021     1.9400     18.923     31.447  30.198975     4.6362     15.091   254.2240 2.0641e+01     2.1425      3.213      4.661    23.3145   997.4958 0.0000e+00
      3.281      0.018     1.7641     15.498     31.386  30.097098     4.4375     15.093   255.2044 2.0587e+01     2.2139      3.218      4.667    23.2245   997.5174 0.0000e+00
      3.286      0.018     1.5718     12.506     31.446  30.131748     4.4097     15.094   256.0279 2.0550e+01     2.2222      3.222      4.673    23.1630   997.5322 0.0000e+00
      3.290      0.021     1.3603      9.888     31.565  30.237254     4.3478     15.094   256.6098 2.0510e+01     2.1397      3.226      4.679    23.0982   997.5477 0.0000e+00
      3.295      0.026     1.1278      7.719     31.697  30.357724     4.2325     15.094   257.0776 2.0459e+01     2.0749      3.230      4.685    23.0049   997.5699 0.0000e+00
      3.300      0.032     0.9202      6.044     31.869  30.509858     4.1702     15.095   257.4677 2.0367e+01     2.0919      3.235      4.692    22.9232   997.5892 0.0000e+00
