Data/DataNotYetUploadedToEDI/Raw_CTD/RawDownloads/090318_fcr10.cnv
* Sea-Bird SBE19plus  Data File:
* FileName = C:\DATA\090318_FCR50_0002.hex
* Software version 2.6.3.104 SB_Terminal.dll
* Temperature SN = 7809
* Conductivity SN = 7809
* System UpLoad Time = Sep 03 2018 15:38:10
* <ApplicationData>
* <Seaterm232>
# nquan = 15
# nvalues = 648                         
# units = specified
# name 0 = depFM: Depth [fresh water, m]
# name 1 = dz/dtM: Descent Rate [m/s]
# name 2 = sbeox0Mg/L: Oxygen, SBE 43 [mg/l]
# name 3 = sbeox0PS: Oxygen, SBE 43 [% saturation]
# name 4 = specc: Specific Conductance [uS/cm]
# name 5 = c0uS/cm: Conductivity [uS/cm]
# name 6 = flECO-AFL: Fluorescence, WET Labs ECO-AFL/FL [mg/m^3]
# name 7 = ph: pH
# name 8 = orp: Oxidation Reduction Potential [mV]
# name 9 = par/sat/log: PAR/Logarithmic, Satlantic
# name 10 = turbWETntu0: Turbidity, WET Labs ECO [NTU]
# name 11 = prdM: Pressure, Strain Gauge [db]
# name 12 = prdE: Pressure, Strain Gauge [psi]
# name 13 = tv290C: Temperature [ITS-90, deg C]
# name 14 = flag:  0.000e+00
# span 0 =     -0.458,      2.520       
# span 1 =     -0.110,      0.114       
# span 2 =     0.3630,     9.3811       
# span 3 =      4.255,    115.531       
# span 4 =      1.060,     60.609       
# span 5 =   1.122320,  58.533949       
# span 6 =    -0.9141,    13.2187       
# span 7 =      6.487,      8.082       
# span 8 =    96.9480,   345.0482       
# span 9 = 3.9306e+01, 1.8120e+03       
# span 10 =    -0.3783,    32.5772      
# span 11 =     -0.450,      2.472      
# span 12 =     -0.652,      3.586      
# span 13 =    23.2458,    27.9199      
# span 14 = 0.0000e+00, 0.0000e+00      
# interval = seconds: 0.25
# start_time = Sep 03 2018 14:44:31 [Instrument's time stamp, header]
# bad_flag = -9.990e-29
*END*
[from data line 482]
      1.846      0.015     7.9776     96.732     39.747  39.829478     4.2022      7.545   228.4612 1.3679e+02     1.9314      1.810      2.626    25.2636 0.0000e+00
      1.849      0.016     7.9047     95.838     39.977  40.055319     4.1827      7.545   228.3066 1.3648e+02     1.9302      1.813      2.631    25.2381 0.0000e+00
      1.851      0.017     7.8129     94.646     40.171  40.212798     4.1772      7.545   228.4241 1.3617e+02     1.9225      1.815      2.633    25.1499 0.0000e+00
      1.853      0.018     7.6967     93.095     40.298  40.272176     4.1638      7.546   228.6761 1.3554e+02     1.9906      1.816      2.634    25.0862 0.0000e+00
      1.857      0.020     7.5453     91.109     40.365  40.264860     4.1400      7.547   228.8596 1.3450e+02     2.1134      1.820      2.640    25.0973 0.0000e+00
      1.864      0.022     7.3538     88.672     40.412  40.251298     4.1281      7.548   228.9213 1.3316e+02     2.1563      1.828      2.651    25.1113 0.0000e+00
      1.872      0.024     7.1350     85.944     40.442  40.235179     4.1214      7.549   228.9064 1.3206e+02     2.1431      1.836      2.663    25.0634 0.0000e+00
      1.879      0.024     6.9199     83.288     40.437  40.196982     4.0955      7.550   228.9366 1.3128e+02     2.1364      1.843      2.673    24.9642 0.0000e+00
      1.885      0.024     6.7370     81.039     40.437  40.170626     4.0716      7.552   229.1151 1.3050e+02     2.1665      1.848      2.681    24.8612 0.0000e+00
      1.890      0.023     6.6011     79.368     40.457  40.170619     4.0625      7.552   229.3436 1.2964e+02     2.2015      1.854      2.688    24.7867 0.0000e+00
      1.896      0.022     6.5112     78.257     40.501  40.196855     4.0592      7.552   229.4619 1.2870e+02     2.1940      1.859      2.697    24.7337 0.0000e+00
      1.901      0.022     6.4595     77.610     40.552  40.233680     4.0876      7.552   229.5992 1.2777e+02     2.1984      1.864      2.704    24.6933 0.0000e+00
      1.907      0.021     6.4427     77.386     40.565  40.234635     4.1384      7.551   229.7987 1.2702e+02     2.2548      1.870      2.712    24.6625 0.0000e+00
      1.913      0.021     6.4482     77.436     40.549  40.208375     4.1682      7.550   229.8962 1.2628e+02     2.2956      1.876      2.721    24.6379 0.0000e+00
      1.918      0.021     6.4582     77.539     40.521  40.170310     4.1808      7.549   230.0027 1.2550e+02     2.2947      1.880      2.729    24.6181 0.0000e+00
      1.923      0.020     6.4614     77.559     40.516  40.155594     4.1812      7.547   230.2263 1.2485e+02     2.2750      1.886      2.735    24.6007 0.0000e+00
      1.927      0.017     6.4517     77.427     40.526  40.157499     4.1448      7.543   230.4485 1.2423e+02     2.2395      1.890      2.742    24.5863 0.0000e+00
      1.932      0.012     6.4289     77.158     40.432  40.066267     4.0811      7.539   230.6253 1.2344e+02     2.2318      1.893      2.747    24.5743 0.0000e+00
      1.938      0.005     6.3962     76.826     40.208  39.878479     4.0457      7.536   230.7292 1.2263e+02     2.2740      1.900      2.756    24.5628 0.0000e+00
      1.942     -0.002     6.3642     76.565     40.051  39.793078     4.0559      7.536   230.6720 1.2257e+02     2.2917      1.908      2.767    24.5501 0.0000e+00
      1.940     -0.006     6.3529     76.547     40.115  39.923289     4.0674      7.534   230.7075 1.2365e+02     2.2319      1.905      2.762    24.5369 0.0000e+00
      1.931     -0.004     6.3828     76.927     40.235  40.055189     4.0559      7.529   231.0731 1.2514e+02     2.1615      1.894      2.747    24.5277 0.0000e+00
      1.922      0.002     6.4628     77.804     40.282  40.053640     4.0447      7.523   231.4781 1.2603e+02     2.1427      1.883      2.731    24.5621 0.0000e+00
      1.919      0.012     6.5749     79.028     40.330  40.031552     4.0425      7.517   231.7328 1.2543e+02     2.1575      1.877      2.723    24.6720 0.0000e+00
      1.926      0.023     6.6767     80.148     40.398  40.042164     4.0569      7.513   231.8296 1.2338e+02     2.1873      1.885      2.734    24.7861 0.0000e+00
      1.941      0.033     6.7325     80.750     40.448  40.054790     4.0903      7.508   231.7022 1.2093e+02     2.2284      1.903      2.760    24.8033 0.0000e+00
      1.957      0.039     6.7326     80.710     40.473  40.057085     4.1068      7.503   231.6552 1.1902e+02     2.2579      1.921      2.786    24.7170 0.0000e+00
      1.969      0.040     6.6863     80.128     40.501  40.069890     4.1087      7.500   231.8638 1.1783e+02     2.2692      1.932      2.803    24.6147 0.0000e+00
      1.977      0.036     6.6104     79.201     40.523  40.082512     4.1415      7.498   232.0738 1.1705e+02     2.2732      1.940      2.814    24.5455 0.0000e+00
      1.984      0.030     6.5175     78.074     40.531  40.082617     4.1997      7.493   232.1292 1.1635e+02     2.2771      1.946      2.823    24.5028 0.0000e+00
      1.990      0.023     6.4165     76.859     40.522  40.071150     4.2328      7.486   232.0171 1.1547e+02     2.2852      1.951      2.830    24.4770 0.0000e+00
      1.996      0.018     6.3211     75.723     40.518  40.070939     4.2393      7.480   232.0943 1.1448e+02     2.2792      1.957      2.838    24.4599 0.0000e+00
      2.001      0.014     6.2441     74.816     40.517  40.080063     4.2596      7.476   232.5473 1.1392e+02     2.2662      1.964      2.848    24.4497 0.0000e+00
      2.005      0.011     6.1930     74.220     40.482  40.054412     4.2945      7.475   232.9342 1.1388e+02     2.2800      1.967      2.853    24.4407 0.0000e+00
      2.005      0.011     6.1689     73.931     40.442  40.014943     4.3034      7.475   233.2445 1.1400e+02     2.2940      1.967      2.853    24.4343 0.0000e+00
      2.005      0.016     6.1664     73.876     40.427  39.984070     4.2929      7.472   233.6320 1.1406e+02     2.2829      1.965      2.850    24.4398 0.0000e+00
      2.005      0.022     6.1722     73.901     40.404  39.935250     4.2960      7.467   233.8329 1.1362e+02     2.2677      1.964      2.849    24.4536 0.0000e+00
      2.010      0.029     6.1590     73.691     40.368  39.869378     4.3140      7.462   233.7802 1.1218e+02     2.3228      1.969      2.857    24.4690 0.0000e+00
      2.022      0.035     6.0823     72.725     40.350  39.822923     4.3453      7.454   233.5978 1.1009e+02     2.4615      1.981      2.874    24.4734 0.0000e+00
      2.037      0.037     5.8944     70.444     40.367  39.818265     4.3712      7.444   233.4353 1.0818e+02     2.5408      1.999      2.898    24.4518 0.0000e+00
      2.052      0.036     5.5795     66.664     40.372  39.813024     4.3787      7.435   233.7073 1.0687e+02     2.5502      2.013      2.920    24.4159 0.0000e+00
      2.062      0.031     5.1706     61.782     40.314  39.759536     4.4175      7.428   234.9079 1.0618e+02     2.6053      2.023      2.933    24.3761 0.0000e+00
      2.067      0.026     4.7278     56.500     40.228  39.679827     4.5007      7.425   236.5950 1.0593e+02     2.6885      2.029      2.941    24.3381 0.0000e+00
      2.069      0.023     4.3212     51.630     40.170  39.611699     4.5570      7.425   238.2747 1.0581e+02     2.7324      2.029      2.943    24.3104 0.0000e+00
      2.070      0.023     4.0081     47.861     40.155  39.571138     4.5655      7.422   240.1596 1.0551e+02     2.7082      2.029      2.942    24.2937 0.0000e+00
      2.073      0.025     3.8038     45.397     40.177  39.570567     4.5118      7.417   241.7468 1.0473e+02     2.6705      2.031      2.946    24.3019 0.0000e+00
      2.082      0.027     3.6980     44.125     40.221  39.604760     4.4131      7.412   242.4951 1.0341e+02     2.7034      2.041      2.960    24.3243 0.0000e+00
      2.095      0.027     3.6779     43.882     40.222  39.603345     4.3644      7.407   242.6685 1.0202e+02     2.7404      2.054      2.979    24.3089 0.0000e+00
      2.106      0.027     3.7218     44.404     40.172  39.553459     4.3640      7.406   242.5524 1.0116e+02     2.7211      2.067      2.998    24.2629 0.0000e+00
      2.112      0.026     3.7994     45.324     40.133  39.509864     4.3525      7.405   241.6071 1.0094e+02     2.6840      2.073      3.007    24.2332 0.0000e+00
      2.114      0.026     3.8853     46.337     40.092  39.457440     4.3264      7.403   241.3056 1.0087e+02     2.6570      2.073      3.006    24.2252 0.0000e+00
      2.116      0.026     3.9636     47.254     40.013  39.364335     4.3066      7.399   242.9519 1.0038e+02     2.6697      2.074      3.008    24.2266 0.0000e+00
      2.121      0.027     4.0261     47.978     39.938  39.273585     4.3061      7.393   243.0996 9.9303e+01     2.7153      2.079      3.016    24.2259 0.0000e+00
      2.131      0.029     4.0746     48.531     39.937  39.249633     4.4033      7.385   241.4559 9.7908e+01     2.7506      2.089      3.030    24.2195 0.0000e+00
      2.143      0.030     4.1157     48.995     39.976  39.265301     4.5816      7.377   240.1144 9.6613e+01     2.7311      2.102      3.048    24.2050 0.0000e+00
      2.154      0.029     4.1499     49.391     39.993  39.272385     4.6787      7.371   238.4947 9.5731e+01     2.6616      2.113      3.065    24.1835 0.0000e+00
      2.161      0.028     4.1735     49.671     39.993  39.271736     4.6948      7.366   237.3598 9.5301e+01     2.6731      2.122      3.077    24.1652 0.0000e+00
      2.165      0.027     4.1854     49.811     39.980  39.257455     4.7023      7.359   237.1471 9.5056e+01     2.7482      2.125      3.081    24.1350 0.0000e+00
      2.168      0.028     4.1861     49.809     39.958  39.226780     4.8328      7.351   237.0408 9.4700e+01     2.8068      2.125      3.082    24.0969 0.0000e+00
      2.172      0.029     4.1763     49.668     39.971  39.218497     5.0877      7.342   236.9357 9.3988e+01     2.8933      2.129      3.088    24.0882 0.0000e+00
      2.180      0.031     4.1553     49.383     40.005  39.220811     5.2203      7.332   236.9948 9.2771e+01     2.9404      2.137      3.099    24.0931 0.0000e+00
      2.193      0.032     4.1176     48.906     40.001  39.191172     5.2421      7.321   236.9813 9.1397e+01     2.9493      2.150      3.118    24.0932 0.0000e+00
      2.206      0.031     4.0570     48.174     39.997  39.177771     5.3872      7.311   236.7714 9.0358e+01     3.0005      2.165      3.140    24.0859 0.0000e+00
      2.215      0.028     3.9731     47.180     40.003  39.185831     5.6423      7.305   236.8669 8.9716e+01     3.0707      2.173      3.153    24.0581 0.0000e+00
      2.220      0.024     3.8799     46.067     39.985  39.161569     5.7810      7.298   237.1896 8.9470e+01     3.1271      2.178      3.160    24.0139 0.0000e+00
      2.222      0.019     3.7949     45.036     39.982  39.138543     5.8052      7.290   237.3167 8.9424e+01     3.1639      2.180      3.162    23.9721 0.0000e+00
      2.223      0.014     3.7239     44.174     40.024  39.161519     5.9351      7.284   237.3717 8.9023e+01     3.2710      2.179      3.161    23.9643 0.0000e+00
      2.228      0.009     3.6631     43.452     40.050  39.185209     6.1757      7.280   237.3385 8.8308e+01     3.4751      2.184      3.168    23.9781 0.0000e+00
      2.234      0.007     3.6050     42.771     40.027  39.170840     6.3067      7.276   237.2600 8.7976e+01     3.5880      2.193      3.181    23.9751 0.0000e+00
      2.236      0.008     3.5525     42.147     39.970  39.114867     6.3239      7.272   237.3685 8.8240e+01     3.5674      2.194      3.183    23.9391 0.0000e+00
      2.233      0.010     3.5200     41.745     39.888  39.016703     6.4295      7.267   237.6179 8.8623e+01     3.6229      2.189      3.175    23.9047 0.0000e+00
      2.231      0.013     3.5089     41.583     39.839  38.936917     6.6275      7.262   238.2964 8.8509e+01     3.8321      2.186      3.171    23.9108 0.0000e+00
      2.234      0.017     3.4999     41.442     39.851  38.912522     6.7427      7.257   239.2056 8.7675e+01     3.9905      2.189      3.175    23.9299 0.0000e+00
      2.242      0.022     3.4634     40.982     39.879  38.912296     6.7654      7.253   239.6626 8.6620e+01     3.9823      2.199      3.189    23.9323 0.0000e+00
      2.251      0.027     3.3739     39.906     39.919  38.934139     6.8920      7.250   240.0366 8.5805e+01     3.9763      2.209      3.203    23.9100 0.0000e+00
      2.260      0.030     3.2305     38.203     39.979  38.986002     7.1247      7.246   240.5433 8.5077e+01     4.0713      2.217      3.216    23.8646 0.0000e+00
      2.268      0.030     3.0536     36.110     40.028  39.031101     7.2451      7.241   240.8853 8.4309e+01     4.1539      2.224      3.226    23.8130 0.0000e+00
      2.275      0.029     2.8606     33.827     40.032  39.034696     7.2551      7.236   241.0743 8.3677e+01     4.1817      2.231      3.237    23.7762 0.0000e+00
      2.282      0.028     2.6657     31.519     40.032  39.029466     7.2628      7.231   241.1941 8.3055e+01     4.1941      2.238      3.246    23.7573 0.0000e+00
      2.288      0.028     2.4837     29.355     40.116  39.094923     7.3379      7.227   241.3010 8.2251e+01     4.2428      2.244      3.253    23.7497 0.0000e+00
      2.295      0.029     2.3243     27.455     40.307  39.254314     7.4748      7.222   241.5062 8.1467e+01     4.3123      2.251      3.264    23.7476 0.0000e+00
      2.302      0.031     2.1938     25.893     40.525  39.431817     7.5479      7.216   241.9545 8.0713e+01     4.3324      2.258      3.275    23.7495 0.0000e+00
      2.310      0.031     2.0834     24.569     40.660  39.525641     7.5600      7.209   242.4192 7.9824e+01     4.3635      2.265      3.285    23.7471 0.0000e+00
      2.319      0.030     1.9650     23.155     40.665  39.499200     7.5113      7.202   242.6510 7.8843e+01     4.4140      2.274      3.298    23.7271 0.0000e+00
      2.329      0.029     1.8048     21.256     40.616  39.429750     7.3917      7.197   242.7785 7.7898e+01     4.4244      2.284      3.313    23.6927 0.0000e+00
      2.337      0.027     1.5944     18.774     40.578  39.384763     7.3172      7.192   242.9278 7.7159e+01     4.3976      2.293      3.326    23.6465 0.0000e+00
      2.343      0.026     1.3619     16.037     40.526  39.336462     7.3266      7.186   243.1662 7.6708e+01     4.3653      2.299      3.334    23.5967 0.0000e+00
      2.347      0.025     1.1475     13.516     40.469  39.290483     7.4791      7.179   243.3372 7.6331e+01     4.3695      2.302      3.338    23.5564 0.0000e+00
      2.352      0.026     0.9844     11.601     40.431  39.273581     7.7461      7.173   243.3608 7.5766e+01     4.3867      2.305      3.344    23.5271 0.0000e+00
      2.358      0.027     0.8912     10.509     40.389  39.259194     7.8887      7.166   243.5380 7.4946e+01     4.3906      2.311      3.352    23.5193 0.0000e+00
      2.366      0.027     0.8735     10.304     40.354  39.243641     7.9260      7.159   243.8447 7.3928e+01     4.3855      2.320      3.365    23.5262 0.0000e+00
      2.374      0.027     0.9286     10.956     40.380  39.276166     8.3628      7.153   244.1432 7.2838e+01     4.4780      2.328      3.377    23.5311 0.0000e+00
      2.384      0.026     1.0390     12.258     40.440  39.334781     9.1815      7.146   244.4810 7.1944e+01     4.7155      2.338      3.391    23.5563 0.0000e+00
      2.391      0.023     1.1713     13.818     40.492  39.380555     9.6183      7.141   244.7455 7.1507e+01     4.8765      2.347      3.404    23.6020 0.0000e+00
      2.395      0.021     1.2979     15.306     40.575  39.448409     9.6462      7.135   244.9320 7.1297e+01     4.8681      2.349      3.407    23.6258 0.0000e+00
      2.397      0.020     1.4019     16.524     40.674  39.519831     9.7111      7.127   245.1873 7.0937e+01     4.8281      2.350      3.408    23.6284 0.0000e+00
