Data/DataNotYetUploadedToEDI/Raw_CTD/RawDownloads/090320_fcr50.cnv
* Sea-Bird SBE19plus  Data File:
* FileName = C:\DATA\090320_fcr50_0001.hex
* Software version 2.8.0.119
* Temperature SN = 7809
* Conductivity SN = 7809
* System UpLoad Time = Sep 03 2020 09:31:20
* <ApplicationData>
* <Seaterm232>
# nquan = 16
# nvalues = 2148                        
# units = specified
# name 0 = depFM: Depth [fresh water, m]
# name 1 = dz/dtM: Descent Rate [m/s]
# name 2 = sbeox0ML/L: Oxygen, SBE 43 [ml/l]
# name 3 = sbeox0PS: Oxygen, SBE 43 [% saturation]
# name 4 = specc: Specific Conductance [uS/cm]
# name 5 = c0uS/cm: Conductivity [uS/cm]
# name 6 = flECO-AFL: Fluorescence, WET Labs ECO-AFL/FL [mg/m^3]
# name 7 = ph: pH
# name 8 = orp: Oxidation Reduction Potential [mV]
# name 9 = par/sat/log: PAR/Logarithmic, Satlantic
# name 10 = turbWETntu0: Turbidity, WET Labs ECO [NTU]
# name 11 = prdM: Pressure, Strain Gauge [db]
# name 12 = prdE: Pressure, Strain Gauge [psi]
# name 13 = tv290C: Temperature [ITS-90, deg C]
# name 14 = density00: Density [density, kg/m^3]
# name 15 = flag:  0.000e+00
# span 0 =     -0.682,      9.546       
# span 1 =     -0.287,      4.239       
# span 2 =    -0.0147,     6.5593       
# span 3 =     -0.182,    113.471       
# span 4 =      1.155,     77.485       
# span 5 =   1.160805,  61.090438       
# span 6 =    -1.8150,    33.8124       
# span 7 =     15.035,     15.436       
# span 8 = -1240.7454,   292.1891       
# span 9 = 1.2345e-01, 1.1962e+03       
# span 10 =    -7.7554,    44.2188      
# span 11 =     -0.670,      9.362      
# span 12 =     -0.971,     13.578      
# span 13 =    11.9209,    25.2544      
# span 14 =   996.9869,   999.5736      
# span 15 = 0.0000e+00, 0.0000e+00      
# interval = seconds: 0.25
# start_time = Sep 02 2020 20:10:45 [Instrument's time stamp, header]
# bad_flag = -9.990e-29
*END*
[from data line 2080]
     -0.369     -0.000     4.1920     78.917     34.597  34.280212     3.4744     15.061   173.2987 8.0694e+02     5.6252     -0.362     -0.525    24.1568   997.2754 0.0000e+00
     -0.369      0.001     4.2670     81.413     34.570  34.291107     3.4909     15.062   173.6655 8.0754e+02     5.6731     -0.363     -0.526    24.2831   997.2439 0.0000e+00
     -0.369      0.005     4.3582     84.018     34.560  34.309871     3.5319     15.062   174.4433 8.0522e+02     5.6919     -0.362     -0.525    24.3950   997.2159 0.0000e+00
     -0.369      0.010     4.4667     86.540     34.545  34.316770     3.5899     15.061   175.3883 8.0370e+02     5.6807     -0.362     -0.525    24.4710   997.1969 0.0000e+00
     -0.368      0.014     4.5975     88.680     34.520  34.311096     3.6092     15.060   175.8863 8.0641e+02     5.6746     -0.362     -0.524    24.5415   997.1791 0.0000e+00
     -0.364      0.016     4.7397     90.318     34.495  34.304757     3.6130     15.058   176.1628 8.0807e+02     5.6861     -0.359     -0.521    24.5970   997.1651 0.0000e+00
     -0.356      0.015     4.8901     91.498     34.477  34.303601     3.7115     15.057   176.4083 8.0520e+02     5.6826     -0.348     -0.505    24.6334   997.1559 0.0000e+00
     -0.348      0.001     5.0441     92.258     34.457  34.297140     3.8758     15.056   176.4448 8.0286e+02     5.6670     -0.337     -0.489    24.6653   997.1479 0.0000e+00
     -0.344     -0.035     5.1669     92.628     34.446  34.290108     3.9492     15.056   176.4326 8.0343e+02     5.6691     -0.338     -0.489    24.6916   997.1413 0.0000e+00
     -0.341     -0.090     5.2575     92.643     34.448  34.282045     3.9321     15.056   178.1536 8.0187e+02     5.6398     -0.335     -0.486    24.7188   997.1344 0.0000e+00
     -0.348     -0.145     5.3233     92.338     34.458  34.263090     3.8308     15.057   182.3681 7.8529e+02     5.6215     -0.328     -0.475    24.7463   997.1274 0.0000e+00
     -0.393     -0.182     5.3646     91.806     34.493  34.251250     2.8102     15.060   186.3501 7.5949e+02     5.8598     -0.363     -0.526    24.7663   997.1221 0.0000e+00
     -0.487     -0.197     5.3843     91.181     34.572  34.265715     0.9385     15.062   188.0974 7.4502e+02     6.2887     -0.474     -0.686    24.7757   997.1192 0.0000e+00
     -0.587     -0.191     5.3862     90.495     34.687  34.310992    -0.0977     15.063   188.6104 7.4965e+02     6.4818     -0.597     -0.867    24.7620   997.1222 0.0000e+00
     -0.645     -0.162     5.3713     89.721     34.800  34.354419    -0.2112     15.066   189.1107 7.6949e+02     6.1693     -0.650     -0.944    24.7215   997.1323 0.0000e+00
     -0.660     -0.115     5.3423     88.829     34.859  34.346520    -0.3083     15.070   189.5007 7.8888e+02     2.5779     -0.649     -0.942    24.6545   997.1492 0.0000e+00
     -0.661     -0.062     5.3162     87.813     34.399  33.834675    -0.4709     15.073   189.3677 7.5268e+02    -4.0159     -0.648     -0.940    24.5538   997.1747 0.0000e+00
     -0.661     -0.022     5.2872     86.829     28.284  27.784940    -0.5660     15.075   188.4487 6.5275e+02    -7.6022     -0.649     -0.941    24.4492   997.2009 0.0000e+00
     -0.661     -0.004     5.2514     86.139     15.904  15.609590    -0.5815     15.076   187.3367 5.8020e+02    -7.7554     -0.648     -0.940    24.3544   997.2249 0.0000e+00
     -0.661 -1.009e-09     5.2104     85.894      7.374   7.230179    -0.4578     15.077   187.0223 4.5017e+02    -6.2456     -0.648     -0.940    24.2577   997.2487 0.0000e+00
     -0.661 -1.110e-08     5.1560     86.122      5.451   5.340341    -0.2143     15.078   187.2285 2.1604e+02    -3.5268     -0.648     -0.940    24.1672   997.2718 0.0000e+00
     -0.661 -1.221e-07     5.0981     86.804      5.290   5.179927    -0.0878     15.079   187.3348 8.2889e+01    -2.1091     -0.648     -0.941    24.0894   997.2902 0.0000e+00
     -0.661 -1.221e-07     5.0608     87.899      5.146   5.037178    -0.1118     15.079   187.6191 6.5474e+01    -2.0471     -0.648     -0.940    24.0346   997.2978 0.0000e+00
     -0.661 -1.110e-08     5.0494     89.317      5.054   4.944942    -0.5518     15.080   188.1710 5.9992e+01    -2.1941     -0.649     -0.941    24.0000   997.3042 0.0000e+00
     -0.661 -1.009e-09     5.0655     90.877      5.129   5.015119    -1.3636     15.081   188.3286 5.8936e+01    -2.4782     -0.649     -0.941    23.9764   997.3105 0.0000e+00
     -0.662 -9.170e-11     5.1085     92.392      5.179   5.061989    -1.8025     15.083   187.9763 6.1538e+01    -2.6669     -0.649     -0.941    23.9575   997.3149 0.0000e+00
     -0.662 -8.340e-12     5.1759     93.737      5.188   5.068121    -1.8150     15.084   196.4734 6.5908e+01    -2.6569     -0.649     -0.941    23.9364   997.3202 0.0000e+00
     -0.661 -7.580e-13     5.2667     94.851      5.213   5.089259    -1.4474     15.087   221.2889 7.3700e+01    -2.0476     -0.648     -0.940    23.9128   997.3258 0.0000e+00
     -0.661 -6.892e-14     5.3650     95.699      5.061   4.937403    -0.7714     15.094   238.8479 1.0470e+02    -0.9301     -0.649     -0.941    23.8872   997.3321 0.0000e+00
     -0.662 -6.439e-15     5.4596     96.258      5.007   4.879374    -0.4232     15.122   260.3600 1.5715e+02    -0.3389     -0.649     -0.941    23.8647   997.3377 0.0000e+00
     -0.662 -2.481e-15     5.5423     96.575      5.354   5.211281    -0.3947     15.159   292.1891 3.9100e+02    -0.2900     -0.650     -0.942    23.8421   997.3433 0.0000e+00
     -0.661 -2.108e-14     5.6117     96.740      5.621   5.465658    -0.3783     15.141   268.5212 8.0493e+02    -0.2353     -0.649     -0.941    23.8109   997.3509 0.0000e+00
     -0.661 -2.313e-13     5.6664     96.780      5.580   5.420625    -0.4448     15.078   208.5647 8.5503e+02    -0.0900     -0.648     -0.940    23.7800   997.3584 0.0000e+00
     -0.661 -2.544e-12     5.7034     96.704      5.594   5.427118    -0.5793     15.050   183.3013 7.2714e+02     0.0933     -0.649     -0.941    23.7331   997.3698 0.0000e+00
     -0.661 -2.799e-11     5.7262     96.567      5.525   5.354040    -0.6500     15.060   185.5610 9.6135e+02     0.1960     -0.649     -0.942    23.6676   997.3859 0.0000e+00
     -0.661 -3.079e-10     5.7418     96.408      5.015   4.853778    -0.6695     15.075   184.4345 1.1839e+03     0.1564     -0.649     -0.941    23.6130   997.3993 0.0000e+00
     -0.661 -3.387e-09     5.7503     96.249      4.535   4.383942    -0.7773     15.088   173.2952 1.1962e+03    -0.7290     -0.650     -0.942    23.5637   997.4111 0.0000e+00
     -0.661 -3.725e-08     5.7503     96.023      4.320   4.171840    -0.9706     15.098   165.5667 9.8459e+02    -2.4065     -0.649     -0.941    23.5000   997.4265 0.0000e+00
     -0.661 -4.098e-07     5.7485     95.454      4.145   3.999913    -1.0701     15.104   166.1027 7.5837e+02    -3.3032     -0.648     -0.940    23.4384   997.4415 0.0000e+00
     -0.661     -0.000     5.7452     94.279      3.965   3.825756    -1.0750     15.104   167.9884 9.3783e+02    -3.1937     -0.649     -0.941    23.3786   997.4556 0.0000e+00
     -0.661     -0.000     5.7427     92.555      3.785   3.650022    -1.1544     15.103   170.2115 1.1571e+03    -1.8037     -0.648     -0.940    23.3075   997.4726 0.0000e+00
     -0.662     -0.001     5.7409     90.613      3.720   3.585738    -1.3144     15.103   173.0217 1.1531e+03     0.6628     -0.649     -0.941    23.2700   997.4816 0.0000e+00
     -0.662     -0.001     5.7165     88.821      3.756   3.618703    -1.3981     15.104   174.9498 1.1008e+03     2.0124     -0.650     -0.942    23.2548   997.4851 0.0000e+00
     -0.662     -0.001     5.6461     87.465      3.678   3.541755    -1.3839     15.105   176.2294 1.0304e+03     2.1202     -0.649     -0.942    23.2351   997.4899 0.0000e+00
     -0.662     -0.001     5.5373     86.750      3.483   3.352271    -1.2382     15.105   177.1369 8.0687e+02     1.9660     -0.650     -0.942    23.2136   997.4950 0.0000e+00
     -0.662     -0.000     5.4156     86.765      3.289   3.164970    -0.9629     15.105   177.7489 5.8035e+02     1.7265     -0.650     -0.942    23.1853   997.5017 0.0000e+00
     -0.662 -1.863e-08     5.3057     87.440      3.106   2.987675    -0.8011     15.104   178.2943 6.7708e+02     1.6629     -0.650     -0.942    23.1612   997.5075 0.0000e+00
     -0.663 -2.049e-07     5.2217     88.622      2.970   2.855813    -0.7884     15.104   178.6547 8.5731e+02     1.6780     -0.650     -0.943    23.1427   997.5119 0.0000e+00
     -0.663 -2.049e-07     5.1780     90.121      2.886   2.774350    -0.7997     15.105   178.7510 8.9433e+02     1.5997     -0.651     -0.944    23.1271   997.5155 0.0000e+00
     -0.663 -1.863e-08     5.1827     91.690      2.809   2.699593    -0.8332     15.106   179.2005 8.8539e+02     1.2316     -0.650     -0.943    23.1110   997.5193 0.0000e+00
     -0.662 -1.693e-09     5.2283     93.111      2.757   2.648821    -0.8883     15.107   180.1322 8.7172e+02     0.6261     -0.650     -0.942    23.0937   997.5234 0.0000e+00
     -0.662 -1.539e-10     5.3043     94.287      2.712   2.603940    -0.9135     15.107   181.1537 8.6108e+02     0.2870     -0.649     -0.942    23.0756   997.5277 0.0000e+00
     -0.662 -1.399e-11     5.4018     95.184      2.644   2.537044    -0.8614     15.107   181.9148 8.6064e+02     0.2901     -0.650     -0.942    23.0569   997.5321 0.0000e+00
     -0.662 -1.272e-12     5.5035     95.820      2.579   2.473503    -0.2009     15.108   182.1943 8.7257e+02     1.1439     -0.650     -0.942    23.0364   997.5369 0.0000e+00
     -0.663 -1.157e-13     5.5921     96.279      2.509   2.405839     1.0268     15.110   182.3808 8.8415e+02     2.7825     -0.650     -0.943    23.0151   997.5420 0.0000e+00
     -0.663 -1.052e-14     5.6656     96.596      2.455   2.352443     1.6799     15.110   182.7932 8.8785e+02     3.6560     -0.650     -0.943    22.9948   997.5468 0.0000e+00
     -0.663 -9.560e-16     5.7219     96.761      2.437   2.334710     1.6680     15.110   183.3090 8.8801e+02     3.6383     -0.650     -0.942    22.9743   997.5516 0.0000e+00
     -0.663 -8.690e-17     5.7593     96.813      2.421   2.318134     1.2071     15.110   183.4553 8.8565e+02     3.0144     -0.650     -0.942    22.9541   997.5564 0.0000e+00
     -0.663 -7.900e-18     5.7883     96.800      2.381   2.278721     0.3803     15.108   180.6046 8.8105e+02     1.8459     -0.650     -0.943    22.9339   997.5612 0.0000e+00
     -0.663 -7.180e-19     5.8112     96.749      2.340   2.238285    -0.0790     15.088   144.7976 8.7732e+02     1.1831     -0.650     -0.943    22.9135   997.5659 0.0000e+00
     -0.663 -6.530e-20     5.8215     96.698      2.311   2.209332    -0.1405     15.057    85.4663 8.7541e+02     1.1456     -0.650     -0.943    22.8933   997.5707 0.0000e+00
     -0.663 -5.935e-21     5.8259     96.653      2.282   2.182050    -0.3162     15.057    67.9189 8.7508e+02     0.9468     -0.650     -0.943    22.8731   997.5754 0.0000e+00
     -0.663 -5.440e-22     5.8275     96.598      2.262   2.161831    -0.6391     15.078    84.4924 8.7592e+02     0.4962     -0.650     -0.943    22.8525   997.5803 0.0000e+00
     -0.663 -9.810e-23     5.8249     96.567      2.255   2.154920    -0.8031     15.088    92.3529 8.7868e+02     0.2630     -0.650     -0.942    22.8331   997.5849 0.0000e+00
     -0.663 -9.990e-29     5.8240 -9.990e-29 -9.990e-29 -9.990e-29 -9.990e-29 -9.990e-29 -9.990e-29 8.8263e+02 -9.990e-29     -0.650     -0.943    22.8121   997.5897 0.0000e+00
     -0.663 -9.990e-29     5.8247 -9.990e-29 -9.990e-29 -9.990e-29 -9.990e-29 -9.990e-29 -9.990e-29 8.8625e+02 -9.990e-29     -0.650     -0.943    22.7938   997.5941 0.0000e+00
     -0.663 -9.990e-29     5.8226 -9.990e-29 -9.990e-29 -9.990e-29 -9.990e-29 -9.990e-29 -9.990e-29 8.9130e+02 -9.990e-29     -0.650     -0.943    22.7718   997.5993 0.0000e+00
     -0.663 -9.990e-29     5.8208 -9.990e-29 -9.990e-29 -9.990e-29 -9.990e-29 -9.990e-29 -9.990e-29 8.9449e+02 -9.990e-29     -0.649     -0.942    22.7557   997.6030 0.0000e+00
