Data/DataNotYetUploadedToEDI/Raw_CTD/RawDownloads/090318_fcr30.cnv
* Sea-Bird SBE19plus  Data File:
* FileName = C:\DATA\090318_FCR50_0004.hex
* Software version 2.6.3.104 SB_Terminal.dll
* Temperature SN = 7809
* Conductivity SN = 7809
* System UpLoad Time = Sep 03 2018 15:39:54
* <ApplicationData>
* <Seaterm232>
# nquan = 15
# nvalues = 1176                        
# units = specified
# name 0 = depFM: Depth [fresh water, m]
# name 1 = dz/dtM: Descent Rate [m/s]
# name 2 = sbeox0Mg/L: Oxygen, SBE 43 [mg/l]
# name 3 = sbeox0PS: Oxygen, SBE 43 [% saturation]
# name 4 = specc: Specific Conductance [uS/cm]
# name 5 = c0uS/cm: Conductivity [uS/cm]
# name 6 = flECO-AFL: Fluorescence, WET Labs ECO-AFL/FL [mg/m^3]
# name 7 = ph: pH
# name 8 = orp: Oxidation Reduction Potential [mV]
# name 9 = par/sat/log: PAR/Logarithmic, Satlantic
# name 10 = turbWETntu0: Turbidity, WET Labs ECO [NTU]
# name 11 = prdM: Pressure, Strain Gauge [db]
# name 12 = prdE: Pressure, Strain Gauge [psi]
# name 13 = tv290C: Temperature [ITS-90, deg C]
# name 14 = flag:  0.000e+00
# span 0 =     -0.451,      5.479       
# span 1 =     -0.101,      0.222       
# span 2 =     0.0630,    10.2856       
# span 3 =      0.595,    125.769       
# span 4 =      1.093,     99.843       
# span 5 =   1.197906,  76.408524       
# span 6 =    -0.1676,   251.2420       
# span 7 =      6.309,      8.605       
# span 8 =    58.3656,   265.3197       
# span 9 = 1.0313e+00, 2.2634e+03       
# span 10 =   -10.2013,    21.5608      
# span 11 =     -0.443,      5.374      
# span 12 =     -0.642,      7.794      
# span 13 =    12.6835,    29.9903      
# span 14 = 0.0000e+00, 0.0000e+00      
# interval = seconds: 0.25
# start_time = Sep 03 2018 15:53:13 [Instrument's time stamp, header]
# bad_flag = -9.990e-29
*END*
[from data line 386]
      1.349      0.025     9.6560    118.418     37.127  37.664306     3.1170      8.327   213.3056 3.7824e+02     1.2374      1.322      1.918    25.7264 0.0000e+00
      1.354      0.028     9.6912    118.849     37.141  37.678284     3.1224      8.329   213.7717 3.8641e+02     1.2657      1.327      1.924    25.7171 0.0000e+00
      1.363      0.032     9.7268    119.264     37.150  37.679545     3.1249      8.329   214.0993 3.8876e+02     1.3204      1.335      1.937    25.7124 0.0000e+00
      1.374      0.034     9.7632    119.660     37.166  37.679549     3.1293      8.329   214.3422 3.7241e+02     1.4102      1.348      1.955    25.7138 0.0000e+00
      1.385      0.034     9.8018    120.089     37.180  37.678302     3.1294      8.330   214.5570 3.5590e+02     1.4657      1.359      1.972    25.7178 0.0000e+00
      1.395      0.033     9.8543    120.721     37.170  37.664443     3.1264      8.330   214.7180 3.5438e+02     1.4727      1.368      1.984    25.7208 0.0000e+00
      1.403      0.031     9.9314    121.675     37.142  37.639031     3.1571      8.331   214.9119 3.6087e+02     1.4033      1.377      1.997    25.7123 0.0000e+00
      1.409      0.029    10.0266    122.839     37.129  37.625170     3.2151      8.333   215.0949 3.6482e+02     1.2985      1.382      2.005    25.6836 0.0000e+00
      1.414      0.027    10.1185    123.942     37.136  37.623897     3.2398      8.336   215.2100 3.6258e+02     1.2735      1.387      2.011    25.6545 0.0000e+00
      1.420      0.027    10.1907    124.780     37.151  37.623627     3.2358      8.338   215.3567 3.5463e+02     1.2845      1.392      2.019    25.6559 0.0000e+00
      1.427      0.028    10.2426    125.345     37.171  37.621892     3.2395      8.342   215.4919 3.4684e+02     1.2484      1.400      2.030    25.6665 0.0000e+00
      1.436      0.029    10.2747    125.672     37.173  37.602875     3.3130      8.345   215.4675 3.4035e+02     1.2643      1.409      2.042    25.6637 0.0000e+00
      1.444      0.029    10.2856    125.769     37.166  37.584247     3.4434      8.347   215.4067 3.3539e+02     1.3543      1.416      2.054    25.6563 0.0000e+00
      1.453      0.028    10.2791    125.689     37.169  37.587229     3.5019      8.350   215.5309 3.3674e+02     1.3904      1.425      2.067    25.6355 0.0000e+00
      1.460      0.026    10.2612    125.492     37.150  37.575402     3.5056      8.353   215.6784 3.4300e+02     1.3962      1.432      2.077    25.5999 0.0000e+00
      1.466      0.024    10.2363    125.206     37.138  37.568314     3.5621      8.355   215.7275 3.4633e+02     1.3632      1.438      2.086    25.5676 0.0000e+00
      1.470      0.023    10.2101    124.872     37.139  37.565072     3.6523      8.358   215.7805 3.4173e+02     1.2666      1.442      2.092    25.5487 0.0000e+00
      1.475      0.023    10.1877    124.545     37.127  37.536199     3.6957      8.363   215.6309 3.3848e+02     1.2047      1.446      2.097    25.5530 0.0000e+00
      1.481      0.023    10.1705    124.268     37.150  37.536820     3.7094      8.369   215.2949 3.3891e+02     1.1938      1.452      2.106    25.5674 0.0000e+00
      1.488      0.023    10.1620    124.114     37.201  37.572546     3.8267      8.375   214.7295 3.4120e+02     1.2268      1.459      2.116    25.5775 0.0000e+00
      1.495      0.024    10.1624    124.100     37.221  37.586961     4.0302      8.381   214.0436 3.3918e+02     1.3282      1.466      2.127    25.5767 0.0000e+00
      1.500      0.026    10.1653    124.150     37.213  37.584047     4.1394      8.389   213.7990 3.2745e+02     1.4129      1.471      2.134    25.5459 0.0000e+00
      1.505      0.028    10.1673    124.205     37.221  37.600848     4.1719      8.396   213.6654 3.2467e+02     1.4271      1.476      2.140    25.5103 0.0000e+00
      1.512      0.029    10.1715    124.267     37.216  37.599536     4.4334      8.402   213.3741 3.2708e+02     1.4392      1.482      2.150    25.4888 0.0000e+00
      1.520      0.031    10.1819    124.385     37.188  37.568190     4.9208      8.406   213.1166 3.1631e+02     1.4681      1.490      2.162    25.4780 0.0000e+00
      1.530      0.031    10.1957    124.535     37.166  37.539472     5.1935      8.410   212.7021 3.0481e+02     1.4706      1.500      2.176    25.4886 0.0000e+00
      1.539      0.031    10.2032    124.595     37.143  37.506420     5.2309      8.413   212.3205 3.0022e+02     1.4391      1.510      2.189    25.5087 0.0000e+00
      1.548      0.030    10.1979    124.487     37.137  37.486185     5.3266      8.415   212.2027 3.0328e+02     1.4537      1.518      2.202    25.5135 0.0000e+00
      1.555      0.029    10.1859    124.287     37.154  37.485371     5.4967      8.418   212.1382 3.1014e+02     1.5554      1.526      2.213    25.5058 0.0000e+00
      1.561      0.029    10.1768    124.097     37.190  37.496557     5.5869      8.422   212.1423 3.0563e+02     1.6613      1.531      2.221    25.4989 0.0000e+00
      1.566      0.029    10.1719    123.939     37.219  37.494342     5.5903      8.428   212.2532 2.9894e+02     1.6967      1.536      2.227    25.4854 0.0000e+00
      1.573      0.028    10.1684    123.819     37.209  37.458528     5.5930      8.434   212.4463 2.9752e+02     1.6777      1.541      2.235    25.4646 0.0000e+00
      1.582      0.026    10.1659    123.770     37.202  37.444665     5.6376      8.439   212.7558 2.9298e+02     1.6467      1.551      2.249    25.4444 0.0000e+00
      1.592      0.023    10.1690    123.848     37.198  37.453767     5.7256      8.443   212.9840 2.8731e+02     1.6568      1.562      2.264    25.4112 0.0000e+00
      1.599      0.020    10.1826    124.066     37.169  37.441547     5.7841      8.448   212.8823 2.8307e+02     1.7081      1.569      2.275    25.3590 0.0000e+00
      1.602      0.019    10.2060    124.361     37.149  37.423989     5.7938      8.457   212.4731 2.8397e+02     1.7181      1.572      2.280    25.3180 0.0000e+00
      1.603      0.020    10.2324    124.626     37.111  37.368538     5.7145      8.469   212.3379 2.9121e+02     1.6864      1.572      2.280    25.3098 0.0000e+00
      1.604      0.024    10.2528    124.770     37.056  37.279282     5.5597      8.480   212.7100 2.9668e+02     1.6597      1.572      2.280    25.3353 0.0000e+00
      1.608      0.030    10.2553    124.681     37.049  37.234127     5.4757      8.490   213.1003 2.9948e+02     1.6699      1.574      2.284    25.3695 0.0000e+00
      1.618      0.036    10.2328    124.303     37.053  37.203681     5.4613      8.498   213.3577 2.9823e+02     1.6876      1.585      2.299    25.3768 0.0000e+00
      1.633      0.041    10.1869    123.675     37.038  37.165215     5.3393      8.504   213.4994 2.8782e+02     1.6293      1.602      2.324    25.3491 0.0000e+00
      1.648      0.041    10.1237    122.886     37.030  37.150154     5.1040      8.510   213.3501 2.7439e+02     1.5145      1.617      2.346    25.2976 0.0000e+00
      1.659      0.038    10.0548    122.071     37.021  37.148628     4.9776      8.515   213.2736 2.6588e+02     1.4600      1.628      2.361    25.2403 0.0000e+00
      1.669      0.033     9.9916    121.323     37.013  37.146773     4.9878      8.520   213.9512 2.6302e+02     1.4882      1.638      2.375    25.1935 0.0000e+00
      1.675      0.030     9.9409    120.689     37.000  37.127743     5.1726      8.529   215.6057 2.6110e+02     1.4899      1.644      2.383    25.1574 0.0000e+00
      1.678      0.029     9.9068    120.207     37.005  37.109102     5.5111      8.539   217.0173 2.5873e+02     1.4498      1.645      2.386    25.1477 0.0000e+00
      1.683      0.030     9.8838    119.828     37.041  37.111933     5.6983      8.548   216.8217 2.5866e+02     1.4312      1.648      2.391    25.1671 0.0000e+00
      1.691      0.033     9.8648    119.498     37.061  37.098395     5.7363      8.554   214.1871 2.5809e+02     1.4477      1.657      2.403    25.1811 0.0000e+00
      1.702      0.034     9.8479    119.210     37.063  37.072411     5.8883      8.559   209.0817 2.5664e+02     1.5273      1.669      2.421    25.1754 0.0000e+00
      1.714      0.034     9.8283    118.910     37.063  37.051832     6.1483      8.562   204.6507 2.5699e+02     1.6307      1.682      2.438    25.1405 0.0000e+00
      1.725      0.031     9.8052    118.593     37.064  37.040127     6.2785      8.565   202.6857 2.5487e+02     1.6600      1.693      2.456    25.0894 0.0000e+00
      1.732      0.026     9.7846    118.326     37.088  37.057913     6.2775      8.568   201.7569 2.5007e+02     1.6677      1.701      2.467    25.0425 0.0000e+00
      1.737      0.022     9.7696    118.137     37.109  37.076297     6.2833      8.571   200.9929 2.4968e+02     1.6939      1.704      2.472    25.0032 0.0000e+00
      1.739      0.019     9.7577    117.988     37.107  37.071824     6.3118      8.575   200.2454 2.5351e+02     1.7016      1.706      2.474    24.9748 0.0000e+00
      1.742      0.018     9.7474    117.842     37.109  37.067352     6.3456      8.578   199.6018 2.5200e+02     1.7003      1.707      2.477    24.9584 0.0000e+00
      1.746      0.018     9.7413    117.720     37.144  37.085745     6.3522      8.578   199.0618 2.4524e+02     1.6776      1.710      2.482    24.9514 0.0000e+00
      1.751      0.019     9.7413    117.665     37.181  37.103612     6.3374      8.577   198.5348 2.4194e+02     1.6414      1.716      2.489    24.9486 0.0000e+00
      1.759      0.020     9.7487    117.720     37.182  37.092767     6.2769      8.577   198.0474 2.4072e+02     1.6280      1.725      2.502    24.9508 0.0000e+00
      1.765      0.020     9.7607    117.870     37.169  37.081657     6.1621      8.578   197.7295 2.3801e+02     1.6382      1.731      2.512    24.9430 0.0000e+00
      1.769      0.020     9.7730    118.046     37.174  37.096327     6.0977      8.580   197.7015 2.3406e+02     1.6432      1.736      2.518    24.9166 0.0000e+00
      1.773      0.021     9.7819    118.164     37.218  37.143116     6.0963      8.581   197.7960 2.3060e+02     1.6276      1.739      2.522    24.8870 0.0000e+00
      1.777      0.022     9.7817    118.139     37.286  37.202696     6.1087      8.582   197.7533 2.3015e+02     1.6621      1.741      2.527    24.8673 0.0000e+00
      1.782      0.025     9.7662    117.926     37.337  37.244950     6.1362      8.583   197.7883 2.3052e+02     1.7858      1.747      2.533    24.8705 0.0000e+00
      1.789      0.028     9.7362    117.538     37.373  37.272838     6.1624      8.583   200.1110 2.2933e+02     1.8728      1.755      2.545    24.8932 0.0000e+00
      1.798      0.030     9.6998    117.055     37.401  37.285771     6.1774      8.583   204.9292 2.2773e+02     1.8896      1.764      2.558    24.9018 0.0000e+00
      1.807      0.030     9.6638    116.577     37.405  37.274245     6.1621      8.584   208.0354 2.2615e+02     1.8363      1.772      2.569    24.8827 0.0000e+00
      1.815      0.028     9.6304    116.157     37.397  37.260502     6.1246      8.586   209.2742 2.2360e+02     1.7168      1.780      2.582    24.8684 0.0000e+00
      1.824      0.025     9.6030    115.829     37.382  37.246643     6.1097      8.588   211.0459 2.2159e+02     1.6651      1.790      2.596    24.8671 0.0000e+00
      1.830      0.022     9.5865    115.642     37.364  37.233737     6.1102      8.590   212.5935 2.2029e+02     1.6687      1.796      2.604    24.8406 0.0000e+00
      1.833      0.020     9.5823    115.616     37.354  37.231522     6.1127      8.592   213.4445 2.1702e+02     1.6696      1.797      2.607    24.8117 0.0000e+00
      1.836      0.018     9.5881    115.716     37.332  37.219864     6.1119      8.593   214.0215 2.1330e+02     1.6755      1.800      2.611    24.8106 0.0000e+00
      1.840      0.017     9.6014    115.895     37.326  37.219852     6.1014      8.595   214.4084 2.1149e+02     1.6790      1.805      2.617    24.8114 0.0000e+00
      1.845      0.017     9.6179    116.095     37.337  37.231391     6.0955      8.596   214.5092 2.1114e+02     1.6822      1.810      2.625    24.8165 0.0000e+00
      1.850      0.016     9.6319    116.276     37.334  37.232336     6.1136      8.596   214.4651 2.1211e+02     1.6829      1.816      2.633    24.8290 0.0000e+00
      1.855      0.016     9.6420    116.429     37.321  37.231275     6.1465      8.596   214.5636 2.1264e+02     1.6876      1.820      2.640    24.8446 0.0000e+00
      1.859      0.016     9.6482    116.514     37.305  37.218576     6.1622      8.597   214.8401 2.1076e+02     1.6784      1.823      2.644    24.8576 0.0000e+00
      1.861      0.016     9.6494    116.503     37.301  37.205864     6.1658      8.599   215.1414 2.0896e+02     1.6619      1.825      2.648    24.8500 0.0000e+00
      1.864      0.016     9.6468    116.455     37.306  37.204606     6.1718      8.600   215.2804 2.0857e+02     1.6719      1.829      2.652    24.8515 0.0000e+00
      1.869      0.017     9.6445    116.440     37.300  37.203355     6.1976      8.600   215.3166 2.0770e+02     1.6778      1.832      2.657    24.8793 0.0000e+00
      1.875      0.018     9.6443    116.449     37.284  37.190744     6.2478      8.601   215.4068 2.0549e+02     1.6715      1.838      2.666    24.8871 0.0000e+00
      1.880      0.018     9.6458    116.449     37.279  37.179184     6.2832      8.602   215.5978 2.0390e+02     1.6877      1.845      2.676    24.8633 0.0000e+00
      1.885      0.018     9.6483    116.444     37.303  37.190631     6.2848      8.603   215.8188 2.0329e+02     1.6901      1.849      2.682    24.8489 0.0000e+00
      1.889      0.018     9.6495    116.411     37.331  37.202079     6.2674      8.603   216.0128 2.0102e+02     1.6699      1.853      2.688    24.8653 0.0000e+00
      1.893      0.017     9.6479    116.328     37.341  37.190524     6.2477      8.603   216.2236 1.9813e+02     1.6579      1.856      2.692    24.8773 0.0000e+00
      1.897      0.017     9.6419    116.188     37.352  37.177936     6.2301      8.603   216.3885 1.9827e+02     1.6661      1.859      2.697    24.8628 0.0000e+00
      1.902      0.018     9.6279    115.964     37.370  37.176898     6.2209      8.604   216.4582 1.9982e+02     1.6776      1.865      2.705    24.8447 0.0000e+00
      1.907      0.019     9.6056    115.662     37.383  37.177941     6.2640      8.605   216.7222 1.9847e+02     1.6755      1.870      2.712    24.8272 0.0000e+00
      1.912      0.020     9.5791    115.338     37.397  37.190532     6.3466      8.605   217.1715 1.9528e+02     1.7012      1.875      2.719    24.7927 0.0000e+00
      1.917      0.020     9.5535    115.027     37.409  37.202079     6.3931      8.603   217.4158 1.9251e+02     1.7134      1.879      2.725    24.7590 0.0000e+00
      1.922      0.019     9.5287    114.722     37.401  37.190505     6.4122      8.601   217.4393 1.9145e+02     1.7019      1.884      2.732    24.7341 0.0000e+00
      1.927      0.018     9.5022    114.393     37.391  37.177644     6.4952      8.598   217.5423 1.9170e+02     1.7148      1.889      2.741    24.7118 0.0000e+00
      1.932      0.018     9.4748    114.028     37.400  37.173626     6.6346      8.592   217.9720 1.9042e+02     1.7166      1.895      2.748    24.7185 0.0000e+00
      1.936      0.019     9.4498    113.661     37.391  37.141906     6.7098      8.586   218.5054 1.8857e+02     1.6922      1.899      2.754    24.7201 0.0000e+00
      1.940      0.020     9.4313    113.361     37.389  37.111714     6.7234      8.578   218.7423 1.8747e+02     1.6646      1.903      2.759    24.7091 0.0000e+00
      1.944      0.021     9.4196    113.148     37.430  37.126169     6.7352      8.569   218.7716 1.8747e+02     1.6575      1.906      2.764    24.7152 0.0000e+00
