Data/DataNotYetUploadedToEDI/Raw_CTD/RawDownloads/090320_fcr50.cnv
* Sea-Bird SBE19plus  Data File:
* FileName = C:\DATA\090320_fcr50_0001.hex
* Software version 2.8.0.119
* Temperature SN = 7809
* Conductivity SN = 7809
* System UpLoad Time = Sep 03 2020 09:31:20
* <ApplicationData>
* <Seaterm232>
# nquan = 16
# nvalues = 2148                        
# units = specified
# name 0 = depFM: Depth [fresh water, m]
# name 1 = dz/dtM: Descent Rate [m/s]
# name 2 = sbeox0ML/L: Oxygen, SBE 43 [ml/l]
# name 3 = sbeox0PS: Oxygen, SBE 43 [% saturation]
# name 4 = specc: Specific Conductance [uS/cm]
# name 5 = c0uS/cm: Conductivity [uS/cm]
# name 6 = flECO-AFL: Fluorescence, WET Labs ECO-AFL/FL [mg/m^3]
# name 7 = ph: pH
# name 8 = orp: Oxidation Reduction Potential [mV]
# name 9 = par/sat/log: PAR/Logarithmic, Satlantic
# name 10 = turbWETntu0: Turbidity, WET Labs ECO [NTU]
# name 11 = prdM: Pressure, Strain Gauge [db]
# name 12 = prdE: Pressure, Strain Gauge [psi]
# name 13 = tv290C: Temperature [ITS-90, deg C]
# name 14 = density00: Density [density, kg/m^3]
# name 15 = flag:  0.000e+00
# span 0 =     -0.682,      9.546       
# span 1 =     -0.287,      4.239       
# span 2 =    -0.0147,     6.5593       
# span 3 =     -0.182,    113.471       
# span 4 =      1.155,     77.485       
# span 5 =   1.160805,  61.090438       
# span 6 =    -1.8150,    33.8124       
# span 7 =     15.035,     15.436       
# span 8 = -1240.7454,   292.1891       
# span 9 = 1.2345e-01, 1.1962e+03       
# span 10 =    -7.7554,    44.2188      
# span 11 =     -0.670,      9.362      
# span 12 =     -0.971,     13.578      
# span 13 =    11.9209,    25.2544      
# span 14 =   996.9869,   999.5736      
# span 15 = 0.0000e+00, 0.0000e+00      
# interval = seconds: 0.25
# start_time = Sep 02 2020 20:10:45 [Instrument's time stamp, header]
# bad_flag = -9.990e-29
*END*
[from data line 1628]
      9.226      0.001     2.2450     29.714     52.857  39.046166     0.5227     15.419   218.2327 1.2361e-01    15.8392      9.047     13.122    11.9395   999.5701 0.0000e+00
      9.226     -0.001     2.2440     29.711     52.876  39.058781     0.3948     15.419   217.5538 1.2361e-01    15.1399      9.048     13.123    11.9384   999.5703 0.0000e+00
      9.226     -0.009     2.2453     29.721     52.969  39.127408     0.1459     15.419   217.3918 1.2360e-01    13.9543      9.048     13.123    11.9369   999.5704 0.0000e+00
      9.226     -0.031     2.2456     29.737     53.117  39.241233     0.0120     15.419   217.6506 1.2362e-01    13.3484      9.047     13.122    11.9348   999.5706 0.0000e+00
      9.225     -0.069     2.2431     29.755     53.255  39.356041     0.0059     15.418   218.1874 1.2364e-01    13.3070      9.047     13.122    11.9325   999.5709 0.0000e+00
      9.220     -0.117     2.2434     29.760     53.330  39.436556    -0.0136     15.417   218.7199 1.2364e-01    13.2824      9.049     13.124    11.9312   999.5711 0.0000e+00
      9.193     -0.169     2.2445     29.767     53.299  39.453113    -0.0905     15.417   218.5834 1.2361e-01    13.2573      9.030     13.097    11.9299   999.5712 0.0000e+00
      9.133     -0.217     2.2450     29.791     53.202  39.429338    -0.1994     15.417   218.2579 1.2359e-01    13.2432      8.966     13.004    11.9325   999.5706 0.0000e+00
      9.049     -0.256     2.2473     29.821     53.111  39.403030    -0.2517     15.416   218.2250 1.2360e-01    13.2494      8.873     12.870    11.9446   999.5688 0.0000e+00
      8.964     -0.281     2.2456     29.842     53.056  39.388970    -0.2464     15.414   218.2724 1.2357e-01    13.2984      8.788     12.746    11.9651   999.5661 0.0000e+00
      8.887     -0.287     2.2432     29.824     53.031  39.386307    -0.2413     15.412   218.3146 1.2352e-01    13.3892      8.713     12.637    12.0046   999.5613 0.0000e+00
      8.815     -0.274     2.2437     29.783     52.996  39.370850    -0.2467     15.412   218.5638 1.2358e-01    13.4880      8.643     12.536    12.0573   999.5549 0.0000e+00
      8.746     -0.246     2.2430     29.752     52.931  39.329033    -0.2544     15.413   219.0479 1.2368e-01    13.5316      8.577     12.440    12.0972   999.5500 0.0000e+00
      8.680     -0.211     2.2458     29.728     52.852  39.261538    -0.2487     15.414   219.4357 1.2369e-01    13.5391      8.509     12.342    12.1220   999.5468 0.0000e+00
      8.623     -0.172     2.2426     29.711     52.788  39.189468    -0.2160     15.415   219.5532 1.2369e-01    13.5102      8.450     12.256    12.1331   999.5452 0.0000e+00
      8.583     -0.132     2.2375     29.680     52.782  39.155786    -0.1830     15.416   219.4362 1.2372e-01    13.3880      8.410     12.198    12.1421   999.5440 0.0000e+00
      8.559     -0.101     2.2356     29.630     52.839  39.171611    -0.1832     15.416   219.7415 1.2371e-01    13.2633      8.388     12.166    12.1549   999.5424 0.0000e+00
      8.550     -0.082     2.2335     29.599     52.891  39.190362    -0.1900     15.416   220.5772 1.2362e-01    13.2387      8.382     12.157    12.1462   999.5432 0.0000e+00
      8.548     -0.077     2.2348     29.606     52.907  39.192067    -0.1975     15.415   221.1091 1.2358e-01    13.2971      8.385     12.162    12.1170   999.5467 0.0000e+00
      8.539     -0.082     2.2344     29.629     52.910  39.192222    -0.2267     15.415   221.0095 1.2363e-01    13.3507      8.380     12.156    12.0888   999.5499 0.0000e+00
      8.513     -0.095     2.2303     29.662     52.910  39.192237    -0.2487     15.415   220.5780 1.2366e-01    13.3035      8.353     12.115    12.0621   999.5528 0.0000e+00
      8.474     -0.111     2.2281     29.708     52.911  39.192248    -0.2536     15.416   220.7963 1.2365e-01    13.2065      8.309     12.051    12.0407   999.5552 0.0000e+00
      8.436     -0.126     2.2306     29.748     52.913  39.192360    -0.2471     15.416   221.6699 1.2362e-01    13.1392      8.270     11.995    12.0331   999.5558 0.0000e+00
      8.406     -0.138     2.2323     29.776     52.914  39.193595    -0.2172     15.415   222.1066 1.2362e-01    13.0746      8.242     11.955    12.0334   999.5557 0.0000e+00
      8.377     -0.144     2.2339     29.805     52.929  39.207172    -0.1791     15.415   221.9468 1.2368e-01    13.0436      8.217     11.918    12.0343   999.5555 0.0000e+00
      8.342     -0.146     2.2387     29.830     52.953  39.229584    -0.1585     15.415   221.6307 1.2372e-01    13.0383      8.185     11.871    12.0329   999.5554 0.0000e+00
      8.300     -0.145     2.2419     29.829     52.922  39.210698    -0.1685     15.415   221.5541 1.2373e-01    13.0099      8.141     11.807    12.0319   999.5553 0.0000e+00
      8.253     -0.143     2.2432     29.811     52.864  39.169242    -0.2040     15.416   221.7091 1.2371e-01    13.0440      8.091     11.735    12.0320   999.5551 0.0000e+00
      8.212     -0.139     2.2456     29.803     52.873  39.172637    -0.2347     15.416   221.8701 1.2365e-01    13.1763      8.049     11.674    12.0338   999.5547 0.0000e+00
      8.181     -0.131     2.2480     29.793     52.902  39.188285    -0.2439     15.416   222.0379 1.2361e-01    13.2702      8.019     11.631    12.0393   999.5539 0.0000e+00
      8.155     -0.121     2.2478     29.793     52.884  39.168014    -0.2489     15.415   222.1892 1.2361e-01    13.2518      7.998     11.601    12.0439   999.5533 0.0000e+00
      8.128     -0.112     2.2440     29.828     52.829  39.117948    -0.2383     15.415   222.2364 1.2361e-01    13.2297      7.973     11.565    12.0458   999.5529 0.0000e+00
      8.098     -0.109     2.2457     29.857     52.803  39.090696    -0.2012     15.416   222.0063 1.2361e-01    13.2432      7.941     11.517    12.0424   999.5532 0.0000e+00
      8.069     -0.112     2.2445     29.856     52.813  39.092386    -0.1717     15.417   221.6438 1.2363e-01    13.2427      7.911     11.475    12.0362   999.5537 0.0000e+00
      8.044     -0.116     2.2430     29.853     52.795  39.074900    -0.1587     15.417   221.6391 1.2364e-01    13.2583      7.890     11.443    12.0300   999.5544 0.0000e+00
      8.018     -0.119     2.2485     29.860     52.791  39.069671    -0.1490     15.417   221.9496 1.2367e-01    13.2603      7.865     11.407    12.0201   999.5554 0.0000e+00
      7.986     -0.119     2.2520     29.871     52.825  39.092644    -0.1404     15.417   222.2141 1.2376e-01    13.2319      7.833     11.361    12.0116   999.5562 0.0000e+00
      7.950     -0.118     2.2506     29.894     52.837  39.098783    -0.1307     15.417   221.9121 1.2380e-01    13.2252      7.795     11.306    12.0066   999.5567 0.0000e+00
      7.915     -0.114     2.2501     29.897     52.818  39.080420    -0.1182     15.417   221.1383 1.2380e-01    13.2476      7.759     11.253    12.0025   999.5569 0.0000e+00
      7.885     -0.107     2.2520     29.862     52.799  39.061021    -0.1218     15.417   220.8592 1.2379e-01    13.3307      7.731     11.213    12.0005   999.5569 0.0000e+00
      7.861     -0.100     2.2513     29.829     52.800  39.054637    -0.1548     15.418   221.2049 1.2369e-01    13.4402      7.708     11.180    11.9993   999.5570 0.0000e+00
      7.840     -0.096     2.2549     29.822     52.825  39.066697    -0.1846     15.418   221.7041 1.2358e-01    13.4726      7.689     11.152    11.9967   999.5572 0.0000e+00
      7.820     -0.097     2.2565     29.819     52.849  39.079892    -0.1860     15.418   221.9909 1.2354e-01    13.4824      7.670     11.125    11.9929   999.5575 0.0000e+00
      7.799     -0.102     2.2517     29.807     52.859  39.087230    -0.1520     15.418   221.6609 1.2357e-01    13.5591      7.650     11.095    11.9877   999.5580 0.0000e+00
      7.772     -0.110     2.2489     29.792     52.864  39.091950    -0.1076     15.418   220.8982 1.2366e-01    13.6099      7.624     11.058    11.9811   999.5587 0.0000e+00
      7.741     -0.117     2.2501     29.802     52.837  39.073500    -0.1069     15.418   220.5122 1.2372e-01    13.5820      7.593     11.013    11.9744   999.5593 0.0000e+00
      7.706     -0.122     2.2502     29.842     52.808  39.054563    -0.1336     15.418   220.6939 1.2370e-01    13.5305      7.556     10.959    11.9691   999.5598 0.0000e+00
      7.672     -0.121     2.2492     29.867     52.804  39.053399    -0.1351     15.418   221.1164 1.2370e-01    13.4679      7.523     10.911    11.9689   999.5596 0.0000e+00
      7.639     -0.116     2.2472     29.872     52.812  39.059433    -0.1159     15.418   221.4043 1.2371e-01    13.4093      7.493     10.866    11.9712   999.5592 0.0000e+00
      7.607     -0.110     2.2467     29.884     52.822  39.064046    -0.1109     15.418   221.2491 1.2371e-01    13.3712      7.459     10.817    11.9730   999.5588 0.0000e+00
      7.581     -0.106     2.2524     29.903     52.801  39.045700    -0.1225     15.418   220.9610 1.2370e-01    13.3160      7.431     10.776    11.9754   999.5584 0.0000e+00
      7.563     -0.105     2.2538     29.912     52.777  39.028024    -0.1327     15.417   220.9324 1.2367e-01    13.2562      7.416     10.756    11.9777   999.5581 0.0000e+00
      7.544     -0.106     2.2529     29.897     52.792  39.040732    -0.1581     15.416   221.1615 1.2363e-01    13.2667      7.403     10.737    11.9781   999.5579 0.0000e+00
      7.515     -0.110     2.2546     29.898     52.834  39.072412    -0.2002     15.416   221.6658 1.2363e-01    13.3047      7.373     10.693    11.9747   999.5582 0.0000e+00
      7.479     -0.115     2.2559     29.905     52.862  39.093722    -0.2215     15.416   222.0391 1.2369e-01    13.3038      7.331     10.633    11.9706   999.5585 0.0000e+00
      7.446     -0.121     2.2586     29.885     52.877  39.107979    -0.2344     15.417   221.8899 1.2373e-01    13.2562      7.300     10.587    11.9710   999.5582 0.0000e+00
      7.417     -0.125     2.2543     29.881     52.883  39.117854    -0.2518     15.418   221.7549 1.2374e-01    13.2095      7.276     10.552    11.9737   999.5579 0.0000e+00
      7.387     -0.124     2.2549     29.888     52.833  39.086195    -0.2505     15.417   221.7833 1.2374e-01    13.2546      7.247     10.510    11.9734   999.5578 0.0000e+00
      7.353     -0.119     2.2588     29.870     52.769  39.042548    -0.2383     15.417   221.8043 1.2369e-01    13.2867      7.211     10.458    11.9728   999.5577 0.0000e+00
      7.319     -0.115     2.2528     29.854     52.758  39.034417    -0.2278     15.417   222.3519 1.2364e-01    13.2540      7.176     10.409    11.9765   999.5571 0.0000e+00
      7.289     -0.112     2.2534     29.852     52.787  39.051353    -0.2001     15.417   223.2417 1.2362e-01    13.2710      7.147     10.365    11.9822   999.5563 0.0000e+00
      7.263     -0.109     2.2559     29.858     52.800  39.056906    -0.1513     15.417   223.5291 1.2363e-01    13.3214      7.121     10.327    11.9879   999.5555 0.0000e+00
      7.240     -0.106     2.2520     29.876     52.776  39.038081    -0.1152     15.417   223.2455 1.2368e-01    13.3481      7.100     10.298    11.9929   999.5548 0.0000e+00
      7.216     -0.101     2.2508     29.879     52.743  39.014161    -0.0968     15.417   222.9968 1.2368e-01    13.3192      7.080     10.268    11.9920   999.5549 0.0000e+00
      7.188     -0.099     2.2518     29.859     52.754  39.021567    -0.0904     15.416   223.4465 1.2363e-01    13.3149      7.049     10.224    11.9865   999.5553 0.0000e+00
      7.158     -0.100     2.2513     29.869     52.814  39.064156    -0.1050     15.416   224.2952 1.2356e-01    13.3991      7.017     10.177    11.9822   999.5556 0.0000e+00
      7.134     -0.105     2.2539     29.901     52.842  39.084808    -0.1210     15.417   224.5686 1.2354e-01    13.5140      6.994     10.144    11.9815   999.5557 0.0000e+00
      7.114     -0.109     2.2555     29.914     52.832  39.080862    -0.1121     15.418   224.3431 1.2364e-01    13.6050      6.978     10.121    11.9828   999.5555 0.0000e+00
      7.089     -0.112     2.2505     29.905     52.825  39.079926    -0.1019     15.418   224.1494 1.2372e-01    13.5728      6.956     10.089    11.9816   999.5554 0.0000e+00
      7.056     -0.116     2.2524     29.875     52.813  39.073495    -0.1222     15.417   224.2918 1.2367e-01    13.3652      6.920     10.037    11.9789   999.5556 0.0000e+00
      7.020     -0.121     2.2571     29.853     52.803  39.066577    -0.1570     15.417   224.6016 1.2362e-01    13.1204      6.883      9.982    11.9787   999.5554 0.0000e+00
      6.988     -0.127     2.2562     29.866     52.793  39.059757    -0.1885     15.418   224.7980 1.2366e-01    13.0166      6.852      9.938    11.9826   999.5548 0.0000e+00
      6.958     -0.131     2.2567     29.880     52.786  39.054507    -0.1982     15.418   224.9456 1.2374e-01    13.0361      6.824      9.897    11.9881   999.5541 0.0000e+00
      6.927     -0.131     2.2528     29.862     52.803  39.066566    -0.1885     15.417   225.0103 1.2372e-01    13.0473      6.795      9.857    11.9909   999.5537 0.0000e+00
      6.892     -0.131     2.2497     29.826     52.818  39.078626    -0.1958     15.416   224.9778 1.2364e-01    13.0148      6.760      9.803    11.9908   999.5535 0.0000e+00
      6.855     -0.129     2.2526     29.822     52.807  39.073375    -0.2100     15.416   224.9821 1.2364e-01    13.0209      6.720      9.747    11.9903   999.5533 0.0000e+00
      6.820     -0.126     2.2545     29.853     52.794  39.066545    -0.2066     15.417   225.1481 1.2368e-01    13.0527      6.688      9.701    11.9906   999.5532 0.0000e+00
      6.788     -0.122     2.2532     29.861     52.785  39.059521    -0.2024     15.417   225.3507 1.2368e-01    13.1246      6.656      9.654    11.9903   999.5530 0.0000e+00
      6.758     -0.118     2.2481     29.856     52.778  39.051926    -0.2264     15.417   225.3677 1.2365e-01    13.2379      6.625      9.609    11.9894   999.5530 0.0000e+00
      6.733     -0.115     2.2470     29.862     52.760  39.038183    -0.2589     15.416   225.5249 1.2363e-01    13.2550      6.603      9.577    11.9931   999.5525 0.0000e+00
      6.707     -0.111     2.2529     29.856     52.736  39.020296    -0.2606     15.416   225.6168 1.2364e-01    13.2289      6.581      9.544    11.9978   999.5518 0.0000e+00
      6.676     -0.105     2.2522     29.851     52.747  39.026062    -0.2476     15.417   225.3599 1.2366e-01    13.2654      6.548      9.498    11.9960   999.5519 0.0000e+00
      6.642     -0.101     2.2503     29.869     52.779  39.044426    -0.2353     15.417   225.2589 1.2368e-01    13.3184      6.511      9.444    11.9928   999.5521 0.0000e+00
      6.615     -0.101     2.2532     29.884     52.794  39.051917    -0.2366     15.417   225.1698 1.2367e-01    13.3198      6.483      9.403    11.9926   999.5520 0.0000e+00
      6.598     -0.104     2.2515     29.871     52.796  39.053164    -0.2528     15.416   225.0573 1.2362e-01    13.2827      6.470      9.385    11.9934   999.5518 0.0000e+00
      6.583     -0.106     2.2503     29.849     52.801  39.059511    -0.2598     15.416   224.9305 1.2363e-01    13.2469      6.460      9.370    11.9915   999.5519 0.0000e+00
      6.557     -0.108     2.2529     29.840     52.806  39.065182    -0.2547     15.417   224.4968 1.2368e-01    13.2313      6.435      9.333    11.9858   999.5525 0.0000e+00
      6.520     -0.110     2.2557     29.843     52.797  39.058267    -0.2391     15.417   224.4591 1.2369e-01    13.2660      6.393      9.272    11.9802   999.5529 0.0000e+00
      6.481     -0.110     2.2533     29.845     52.775  39.039378    -0.2328     15.417   224.9052 1.2371e-01    13.2888      6.352      9.213    11.9802   999.5527 0.0000e+00
