Data/DataNotYetUploadedToEDI/Raw_CTD/RawDownloads/090320_bvr50.cnv
* Sea-Bird SBE19plus  Data File:
* FileName = C:\DATA\090320_bvr50_0002.hex
* Software version 2.8.0.119
* Temperature SN = 7809
* Conductivity SN = 7809
* System UpLoad Time = Sep 03 2020 15:20:17
* <ApplicationData>
* <Seaterm232>
# nquan = 16
# nvalues = 1869                        
# units = specified
# name 0 = depFM: Depth [fresh water, m]
# name 1 = dz/dtM: Descent Rate [m/s]
# name 2 = sbeox0ML/L: Oxygen, SBE 43 [ml/l]
# name 3 = sbeox0PS: Oxygen, SBE 43 [% saturation]
# name 4 = specc: Specific Conductance [uS/cm]
# name 5 = c0uS/cm: Conductivity [uS/cm]
# name 6 = flECO-AFL: Fluorescence, WET Labs ECO-AFL/FL [mg/m^3]
# name 7 = ph: pH
# name 8 = orp: Oxidation Reduction Potential [mV]
# name 9 = par/sat/log: PAR/Logarithmic, Satlantic
# name 10 = turbWETntu0: Turbidity, WET Labs ECO [NTU]
# name 11 = prdM: Pressure, Strain Gauge [db]
# name 12 = prdE: Pressure, Strain Gauge [psi]
# name 13 = tv290C: Temperature [ITS-90, deg C]
# name 14 = density00: Density [density, kg/m^3]
# name 15 = flag:  0.000e+00
# span 0 =     -0.759,     10.413       
# span 1 =     -0.308,      0.275       
# span 2 =     0.0229,     6.1697       
# span 3 =      0.353,    108.950       
# span 4 =      1.492,    162.636       
# span 5 =   1.602431, 113.305062       
# span 6 =    -3.2580,   259.8180       
# span 7 =     14.927,     15.499       
# span 8 =  -772.4779,   377.6123       
# span 9 = 1.2340e-01, 2.2642e+03       
# span 10 =   -12.0259,    15.2114      
# span 11 =     -0.745,     10.212      
# span 12 =     -1.080,     14.811      
# span 13 =     9.7685,    29.1015      
# span 14 =   995.9234,   999.8255      
# span 15 = 0.0000e+00, 0.0000e+00      
# interval = seconds: 0.25
# start_time = Sep 02 2020 22:49:16 [Instrument's time stamp, header]
# bad_flag = -9.990e-29
*END*
[from data line 1085]
     10.374      0.021     0.0385      0.483    155.161 108.144679     1.8174     15.496   -16.3428 1.2349e-01     2.8271     10.174     14.754     9.8642   999.8168 0.0000e+00
     10.380      0.021     0.0394      0.473    158.865 110.708232     1.8210     15.496   -16.7845 1.2347e-01     2.7151     10.179     14.764     9.8651   999.8173 0.0000e+00
     10.386      0.020     0.0416      0.477    157.910 110.026054     1.8138     15.496   -17.3275 1.2351e-01     2.4617     10.185     14.772     9.8603   999.8197 0.0000e+00
     10.392      0.017     0.0399      0.498    153.066 106.647341     1.8067     15.497   -18.0904 1.2355e-01     2.3041     10.192     14.783     9.8517   999.8199 0.0000e+00
     10.397      0.013     0.0380      0.505    150.608 104.949278     1.8107     15.497   -19.0404 1.2358e-01     2.3198     10.197     14.790     9.8465   999.8203 0.0000e+00
     10.400      0.009     0.0372      0.478    150.250 104.716662     1.8149     15.497   -19.8650 1.2358e-01     2.3774     10.199     14.792     9.8421   999.8240 0.0000e+00
     10.400      0.005     0.0370      0.464    149.978 104.535273     1.8190     15.496   -20.4892 1.2356e-01     2.3827     10.200     14.793     9.8339   999.8241 0.0000e+00
     10.400      0.003     0.0396      0.486    149.883 104.475409     1.8225     15.495   -21.0817 1.2354e-01     2.3492     10.199     14.792     9.8315   999.8209 0.0000e+00
     10.400      0.001     0.0422      0.505    149.904 104.502261     1.8187     15.495   -21.5221 1.2358e-01     2.3161     10.199     14.792     9.8396   999.8200 0.0000e+00
     10.400      0.001     0.0370      0.496    149.844 104.477896     1.7923     15.495   -21.7705 1.2366e-01     2.2224     10.199     14.792     9.8466   999.8195 0.0000e+00
     10.400      0.001     0.0351      0.451    149.569 104.308186     1.7505     15.495   -22.0203 1.2367e-01     2.0747     10.199     14.793     9.8482   999.8190 0.0000e+00
     10.401      0.002     0.0391      0.397    149.053 103.978552     1.7330     15.495   -22.3055 1.2360e-01     2.0069     10.200     14.793     9.8487   999.8191 0.0000e+00
     10.402      0.003     0.0407      0.393    148.569 103.676104     1.7438     15.494   -22.6375 1.2354e-01     2.0546     10.200     14.795     9.8535   999.8187 0.0000e+00
     10.402      0.004     0.0403      0.418    148.389 103.580374     1.7663     15.494   -22.9366 1.2352e-01     2.2401     10.200     14.795     9.8600   999.8181 0.0000e+00
     10.403      0.004     0.0369      0.454    148.464 103.648884     1.8239     15.494   -23.1691 1.2359e-01     2.4985     10.202     14.797     9.8654   999.8175 0.0000e+00
     10.405      0.004     0.0287      0.511    149.056 104.058747     1.9064     15.494   -23.5553 1.2368e-01     2.6376     10.204     14.799     9.8770   999.8164 0.0000e+00
     10.406      0.004     0.0305      0.563    150.208 104.842808     1.9433     15.494   -24.0783 1.2363e-01     2.6523     10.205     14.802     9.8900   999.8150 0.0000e+00
     10.408      0.004     0.0337      0.614    151.271 105.551406     1.9360     15.495   -24.5024 1.2353e-01     2.6069     10.207     14.804     9.9010   999.8141 0.0000e+00
     10.408      0.003     0.0341      0.646    151.615 105.749086     1.9135     15.495   -24.8115 1.2351e-01     2.6037     10.207     14.804     9.9073   999.8134 0.0000e+00
     10.409      0.002     0.0420      0.625    153.072 106.723400     1.8810     15.496   -25.0624 1.2355e-01     2.6827     10.207     14.805     9.9054   999.8139 0.0000e+00
     10.409      0.001     0.0440      0.587    155.909 108.669621     1.8670     15.496   -25.3850 1.2357e-01     2.7382     10.207     14.805     9.8984   999.8150 0.0000e+00
     10.409      0.000     0.0487      0.557    155.539 108.391464     1.8688     15.496   -25.7874 1.2355e-01     2.7597     10.208     14.805     9.8872   999.8165 0.0000e+00
     10.409 2.0797e-08     0.0539      0.529    152.358 106.163082     1.8168     15.497   -26.1409 1.2349e-01     2.7014     10.208     14.806     9.8717   999.8177 0.0000e+00
     10.409 2.2877e-07     0.0493      0.507    150.932 105.162802     1.7241     15.497   -26.5625 1.2348e-01     2.5824     10.208     14.805     9.8566   999.8189 0.0000e+00
     10.409 2.6264e-07     0.0459      0.498    153.660 107.059656     1.6831     15.496   -27.0128 1.2361e-01     2.5573     10.208     14.805     9.8468   999.8223 0.0000e+00
     10.409 4.3030e-07     0.0445      0.513    156.678 109.162696     1.6841     15.496   -27.3691 1.2367e-01     2.5693     10.207     14.805     9.8405   999.8222 0.0000e+00
     10.409      0.000     0.0416      0.540    154.423 107.598745     1.7161     15.497   -27.7734 1.2358e-01     2.4196     10.208     14.805     9.8367   999.8207 0.0000e+00
     10.409      0.000     0.0400      0.552    150.626 104.964831     1.7749     15.497   -28.1155 1.2356e-01     2.1887     10.208     14.806     9.8354   999.8199 0.0000e+00
     10.409      0.001     0.0387      0.539    148.861 103.746488     1.8036     15.496   -28.2360 1.2359e-01     2.0781     10.208     14.806     9.8339   999.8213 0.0000e+00
     10.409      0.001     0.0400      0.516    148.133 103.247148     1.8063     15.495   -28.4555 1.2359e-01     2.0431     10.208     14.806     9.8335   999.8244 0.0000e+00
     10.409      0.001     0.0436      0.511    147.953 103.129874     1.8168     15.495   -28.9631 1.2360e-01     2.0403     10.208     14.805     9.8359   999.8218 0.0000e+00
     10.410      0.001     0.0444      0.516    147.887 103.092616     1.8448     15.495   -29.4700 1.2359e-01     2.0792     10.209     14.806     9.8403   999.8196 0.0000e+00
     10.411      0.001     0.0434      0.508    147.819 103.051360     1.8673     15.495   -29.9373 1.2354e-01     2.1356     10.209     14.807     9.8451   999.8190 0.0000e+00
     10.411      0.001     0.0398      0.486    147.764 103.013080     1.8699     15.496   -30.5692 1.2355e-01     2.1722     10.210     14.808     9.8473   999.8184 0.0000e+00
     10.411      0.001     0.0401      0.469    147.766 103.011811     1.8386     15.496   -31.1739 1.2354e-01     2.1446     10.210     14.808     9.8493   999.8185 0.0000e+00
     10.411      0.000     0.0415      0.477    147.805 103.036014     1.7749     15.496   -31.6556 1.2349e-01     2.0763     10.210     14.808     9.8534   999.8179 0.0000e+00
     10.411 1.8936e-08     0.0408      0.501    147.835 103.051024     1.7382     15.496   -32.0914 1.2352e-01     2.0331     10.210     14.808     9.8557   999.8179 0.0000e+00
     10.411 2.0829e-07     0.0386      0.525    147.867 103.065939     1.7292     15.496   -32.4857 1.2353e-01     2.0341     10.210     14.808     9.8550   999.8178 0.0000e+00
     10.411 2.4216e-07     0.0359      0.537    147.909 103.089006     1.7128     15.496   -32.8955 1.2351e-01     2.0888     10.210     14.809     9.8542   999.8179 0.0000e+00
     10.411 4.2843e-07     0.0376      0.526    147.895 103.075239     1.6929     15.496   -33.3466 1.2351e-01     2.2136     10.210     14.808     9.8533   999.8180 0.0000e+00
     10.411      0.000     0.0397      0.507    147.826 103.026818     1.6899     15.496   -33.8105 1.2352e-01     2.3073     10.209     14.807     9.8510   999.8182 0.0000e+00
     10.411      0.000     0.0417      0.501    147.807 103.012929     1.6951     15.496   -34.1164 1.2353e-01     2.3293     10.210     14.809     9.8485   999.8184 0.0000e+00
     10.411      0.001     0.0436      0.497    147.844 103.034654     1.6883     15.496   -34.2914 1.2353e-01     2.3076     10.211     14.808     9.8462   999.8186 0.0000e+00
     10.411      0.001     0.0419      0.487    147.852 103.034797     1.6846     15.496   -34.6359 1.2358e-01     2.2852     10.210     14.808     9.8446   999.8188 0.0000e+00
     10.412      0.001     0.0395      0.487    147.829 103.014646     1.6895     15.496   -35.2700 1.2363e-01     2.2988     10.210     14.809     9.8451   999.8187 0.0000e+00
     10.413      0.001     0.0397      0.492    147.874 103.045699     1.6800     15.496   -35.9355 1.2358e-01     2.3005     10.211     14.810     9.8453   999.8186 0.0000e+00
     10.413      0.001     0.0398      0.494    148.029 103.155559     1.6655     15.496   -36.4012 1.2349e-01     2.3057     10.211     14.810     9.8437   999.8188 0.0000e+00
     10.413      0.000     0.0382      0.511    148.268 103.324204     1.6857     15.496   -36.7715 1.2348e-01     2.3274     10.211     14.810     9.8412   999.8190 0.0000e+00
     10.413     -0.003     0.0383      0.531    148.693 103.620318     1.7331     15.496   -37.0574 1.2351e-01     2.3568     10.211     14.810     9.8398   999.8191 0.0000e+00
     10.413     -0.006     0.0398      0.531    150.157 104.634637     1.7615     15.496   -37.1906 1.2356e-01     2.3522     10.212     14.811     9.8399   999.8191 0.0000e+00
     10.412     -0.008     0.0380      0.521    154.648 107.755959     1.7528     15.496   -37.4350 1.2361e-01     2.3058     10.212     14.811     9.8406   999.8191 0.0000e+00
     10.409     -0.010     0.0404      0.524    160.203 111.617873     1.7422     15.496   -37.8624 1.2362e-01     2.3105     10.208     14.807     9.8417   999.8190 0.0000e+00
     10.404     -0.010     0.0430      0.529    162.636 113.305062     1.7476     15.496   -38.1423 1.2360e-01     2.3401     10.203     14.798     9.8419   999.8193 0.0000e+00
     10.399     -0.009     0.0423      0.508    162.389 113.124118     1.7423     15.496   -38.2378 1.2359e-01     2.3211     10.197     14.790     9.8398   999.8194 0.0000e+00
     10.397     -0.006     0.0409      0.497    160.572 111.850710     1.7346     15.497   -38.3290 1.2356e-01     2.2867     10.194     14.786     9.8365   999.8214 0.0000e+00
     10.397     -0.003     0.0406      0.509    157.571 109.756657     1.7503     15.497   -38.4698 1.2356e-01     2.1990     10.196     14.788     9.8341   999.8249 0.0000e+00
     10.399     -0.002     0.0441      0.499    154.491 107.614489     1.7793     15.496   -38.7368 1.2359e-01     2.0854     10.198     14.791     9.8319   999.8254 0.0000e+00
     10.399     -0.004     0.0396      0.486    151.811 105.757478     1.7995     15.495   -39.3201 1.2351e-01     2.0455     10.198     14.791     9.8287   999.8255 0.0000e+00
     10.399     -0.009     0.0375      0.496    149.529 104.179907     1.8036     15.495   -40.1871 1.2341e-01     2.0597     10.198     14.791     9.8260   999.8252 0.0000e+00
     10.398     -0.018     0.0425      0.503    148.090 103.186125     1.7616     15.495   -41.0470 1.2345e-01     2.1197     10.198     14.792     9.8247   999.8239 0.0000e+00
     10.395     -0.028     0.0392      0.483    147.591 102.847329     1.6735     15.495   -41.7151 1.2355e-01     2.1540     10.195     14.787     9.8253   999.8227 0.0000e+00
     10.386     -0.037     0.0376      0.462    147.351 102.694125     1.6157     15.495   -42.1561 1.2359e-01     2.1306     10.187     14.775     9.8290   999.8214 0.0000e+00
     10.371     -0.042     0.0393      0.477    147.016 102.479844     1.6157     15.495   -42.4209 1.2360e-01     2.1114     10.172     14.753     9.8344   999.8199 0.0000e+00
     10.355     -0.042     0.0411      0.510    146.355 102.039257     1.6451     15.495   -42.5937 1.2358e-01     2.0928     10.154     14.727     9.8369   999.8191 0.0000e+00
     10.341     -0.037     0.0385      0.516    145.832 101.696510     1.6663     15.494   -42.7836 1.2355e-01     2.0782     10.139     14.706     9.8385   999.8188 0.0000e+00
     10.331     -0.028     0.0349      0.502    147.828 103.110840     1.6623     15.494   -42.9959 1.2354e-01     2.0718     10.129     14.691     9.8441   999.8182 0.0000e+00
     10.326     -0.018     0.0371      0.491    150.608 105.067051     1.6628     15.494   -43.1818 1.2360e-01     2.0842     10.125     14.684     9.8509   999.8174 0.0000e+00
     10.326     -0.009     0.0416      0.483    150.009 104.654490     1.6720     15.494   -43.3102 1.2366e-01     2.1247     10.126     14.686     9.8576   999.8168 0.0000e+00
     10.328     -0.003     0.0417      0.483    148.863 103.854581     1.6786     15.494   -43.4293 1.2363e-01     2.1502     10.128     14.690     9.8651   999.8153 0.0000e+00
     10.330     -0.001     0.0388      0.476    149.606 104.374452     1.6866     15.494   -43.7616 1.2362e-01     2.1522     10.130     14.693     9.8735   999.8154 0.0000e+00
     10.330     -0.002     0.0396      0.473    150.526 105.018402     1.6915     15.494   -44.2307 1.2362e-01     2.1483     10.130     14.692     9.8803   999.8174 0.0000e+00
     10.329     -0.006     0.0371      0.483    150.157 104.763466     1.6712     15.494   -44.6279 1.2358e-01     2.1030     10.129     14.691     9.8811   999.8158 0.0000e+00
     10.328     -0.012     0.0391      0.508    148.279 103.456861     1.6317     15.494   -45.0355 1.2354e-01     2.0171     10.129     14.692     9.8796   999.8152 0.0000e+00
     10.325     -0.020     0.0373      0.545    146.481 102.209980     1.6148     15.494   -45.3731 1.2353e-01     2.0026     10.126     14.687     9.8805   999.8159 0.0000e+00
     10.319     -0.028     0.0368      0.536    145.583 101.594329     1.6102     15.494   -45.5271 1.2352e-01     2.0982     10.120     14.678     9.8817   999.8161 0.0000e+00
     10.311     -0.037     0.0387      0.503    145.323 101.424927     1.5952     15.493   -45.6065 1.2349e-01     2.1779     10.112     14.666     9.8822   999.8162 0.0000e+00
     10.301     -0.042     0.0380      0.502    145.413 101.498797     1.5761     15.493   -45.7305 1.2354e-01     2.1422     10.103     14.653     9.8831   999.8149 0.0000e+00
     10.287     -0.042     0.0463      0.504    145.443 101.532487     1.5607     15.493   -45.9940 1.2357e-01     2.0782     10.090     14.635     9.8855   999.8140 0.0000e+00
     10.270     -0.036     0.0430      0.474    145.396 101.513943     1.5512     15.493   -46.2975 1.2351e-01     2.0907     10.071     14.606     9.8900   999.8133 0.0000e+00
     10.255     -0.027     0.0380      0.455    146.039 101.974935     1.5482     15.493   -46.4751 1.2348e-01     2.1212     10.054     14.582     9.8941   999.8128 0.0000e+00
     10.249     -0.016     0.0396      0.474    146.816 102.522095     1.5718     15.493   -46.5923 1.2352e-01     2.1384     10.048     14.574     9.8972   999.8125 0.0000e+00
     10.251     -0.006     0.0414      0.483    146.642 102.399387     1.6260     15.493   -46.7684 1.2349e-01     2.1969     10.051     14.578     9.9020   999.8122 0.0000e+00
     10.258      0.002     0.0378      0.508    146.469 102.274110     1.6698     15.493   -46.9689 1.2346e-01     2.2788     10.061     14.592     9.9075   999.8115 0.0000e+00
     10.263      0.003     0.0327      0.542    146.397 102.217168     1.6814     15.494   -47.2109 1.2351e-01     2.3048     10.068     14.601     9.9123   999.8114 0.0000e+00
     10.263     -0.007     0.0402      0.532    145.863 101.838218     1.6810     15.494   -47.5428 1.2356e-01     2.2359     10.065     14.598     9.9135   999.8120 0.0000e+00
     10.262     -0.030     0.0369      0.519    145.301 101.448698     1.6843     15.493   -47.8845 1.2358e-01     2.1333     10.063     14.596     9.9124   999.8116 0.0000e+00
     10.261     -0.061     0.0388      0.515    144.826 101.136582     1.6829     15.492   -48.0724 1.2358e-01     2.0590     10.067     14.601     9.9114   999.8118 0.0000e+00
     10.250     -0.093     0.0464      0.504    144.479 100.929450     1.6737     15.492   -48.0940 1.2360e-01     2.0243     10.061     14.591     9.9087   999.8121 0.0000e+00
     10.220     -0.119     0.0407      0.485    144.221 100.790633     1.6399     15.492   -48.1459 1.2360e-01     2.0220     10.029     14.546     9.9055   999.8118 0.0000e+00
     10.171     -0.137     0.0412      0.469    143.897 100.604166     1.5790     15.491   -48.2699 1.2355e-01     2.0312      9.976     14.468     9.9050   999.8114 0.0000e+00
