Data/DataNotYetUploadedToEDI/Raw_CTD/RawDownloads/090318_fcr20.cnv
* Sea-Bird SBE19plus  Data File:
* FileName = C:\DATA\090318_FCR50_0003.hex
* Software version 2.6.3.104 SB_Terminal.dll
* Temperature SN = 7809
* Conductivity SN = 7809
* System UpLoad Time = Sep 03 2018 15:38:33
* <ApplicationData>
* <Seaterm232>
# nquan = 15
# nvalues = 687                         
# units = specified
# name 0 = depFM: Depth [fresh water, m]
# name 1 = dz/dtM: Descent Rate [m/s]
# name 2 = sbeox0Mg/L: Oxygen, SBE 43 [mg/l]
# name 3 = sbeox0PS: Oxygen, SBE 43 [% saturation]
# name 4 = specc: Specific Conductance [uS/cm]
# name 5 = c0uS/cm: Conductivity [uS/cm]
# name 6 = flECO-AFL: Fluorescence, WET Labs ECO-AFL/FL [mg/m^3]
# name 7 = ph: pH
# name 8 = orp: Oxidation Reduction Potential [mV]
# name 9 = par/sat/log: PAR/Logarithmic, Satlantic
# name 10 = turbWETntu0: Turbidity, WET Labs ECO [NTU]
# name 11 = prdM: Pressure, Strain Gauge [db]
# name 12 = prdE: Pressure, Strain Gauge [psi]
# name 13 = tv290C: Temperature [ITS-90, deg C]
# name 14 = flag:  0.000e+00
# span 0 =     -0.456,      3.228       
# span 1 =     -0.166,      0.158       
# span 2 =     0.0740,     9.8807       
# span 3 =      0.853,    122.004       
# span 4 =      2.033,     71.822       
# span 5 =   2.168455,  64.447505       
# span 6 =    -0.1339,    17.2307       
# span 7 =      6.607,      8.588       
# span 8 =   129.8565,   256.1397       
# span 9 = 2.0661e+01, 2.0912e+03       
# span 10 =    -0.5279,    38.3990      
# span 11 =     -0.448,      3.166      
# span 12 =     -0.649,      4.592      
# span 13 =    19.8207,    28.3244      
# span 14 = 0.0000e+00, 0.0000e+00      
# interval = seconds: 0.25
# start_time = Sep 03 2018 15:10:11 [Instrument's time stamp, header]
# bad_flag = -9.990e-29
*END*
     -0.456 8.3266e-11     7.7008     98.946      2.033   2.168455    -0.1339      6.684   161.8478 1.8326e+03    -0.5232     -0.447     -0.648    28.3193 0.0000e+00
     -0.456 9.1592e-10     7.7007     98.945      2.187   2.332504    -0.1290      6.684   161.6450 1.7235e+03    -0.5279     -0.447     -0.648    28.3195 0.0000e+00
     -0.456 1.0075e-08     7.7009     98.948      2.362   2.518514    -0.1302      6.674   160.1248 1.5102e+03    -0.1185     -0.446     -0.647    28.3198 0.0000e+00
     -0.456 1.1083e-07     7.7019     98.963      2.477   2.641838    -0.1024      6.667   157.2336 1.1924e+03     0.8250     -0.447     -0.648    28.3205 0.0000e+00
     -0.456      0.000     7.7020     98.965      2.693   2.872356    -0.0499      6.668   156.0274 1.0311e+03     1.5411     -0.447     -0.649    28.3216 0.0000e+00
     -0.456      0.000     7.7014     98.952      3.191   3.403131    -0.0195      6.669   158.1015 1.2775e+03     1.7047     -0.447     -0.648    28.3219 0.0000e+00
     -0.456      0.000     7.7025     98.954      3.560   3.795625     0.0175      6.673   160.6303 1.5862e+03     1.7658     -0.447     -0.648    28.3224 0.0000e+00
     -0.456      0.002     7.7044     98.951      3.517   3.749399     0.3236      6.688   165.6089 1.6991e+03     2.4020     -0.447     -0.649    28.3229 0.0000e+00
     -0.456      0.008     7.7079     98.943      3.443   3.668683     0.8694      6.726   170.9756 1.7127e+03     3.5070     -0.447     -0.648    28.3244 0.0000e+00
     -0.456      0.021     7.7186     98.950      4.383   4.658873     1.1667      6.837   172.4322 1.6740e+03     4.1089     -0.447     -0.649    28.3220 0.0000e+00
     -0.456      0.040     7.7389     98.952      8.736   9.252373     1.2807      7.052   172.2080 1.6169e+03     4.1859     -0.446     -0.647    28.3173 0.0000e+00
     -0.451      0.057     7.7629     98.947     14.787  15.623675     2.2301      7.322   170.7602 1.5628e+03     4.1934     -0.448     -0.649    28.3005 0.0000e+00
     -0.431      0.068     7.7835     98.950     18.090  19.072370     3.9514      7.597   174.8882 1.5387e+03     4.2002     -0.432     -0.626    28.2801 0.0000e+00
     -0.396      0.076     7.7978     98.954     22.434  23.603835     4.8798      7.859   187.0148 1.5997e+03     4.2072     -0.387     -0.560    28.2288 0.0000e+00
     -0.363      0.082     7.8068     98.951     29.968  31.493275     4.8529      8.104   193.3135 1.6992e+03     4.1862     -0.348     -0.505    28.0591 0.0000e+00
     -0.346      0.086     7.8134     98.951     34.930  36.680106     3.6631      8.305   183.3319 1.6606e+03     3.7942     -0.336     -0.486    27.8473 0.0000e+00
     -0.337      0.085     7.8191     98.958     36.202  37.990600     1.4759      8.435   172.2423 1.6037e+03     3.0068     -0.335     -0.485    27.7018 0.0000e+00
     -0.322      0.080     7.8238     98.972     36.471  38.254384     0.2899      8.507   167.4681 1.7573e+03     2.6317     -0.322     -0.466    27.6062 0.0000e+00
     -0.296      0.077     7.8268     98.984     36.568  38.344768     0.2138      8.544   155.6349 1.9337e+03     3.4392     -0.291     -0.421    27.5414 0.0000e+00
     -0.267      0.074     7.8296     99.000     36.613  38.384584     0.4813      8.569   156.8501 2.0016e+03    12.4038     -0.259     -0.375    27.4982 0.0000e+00
     -0.243      0.067     7.8333     99.024     36.655  38.418142     0.9968      8.587   168.9971 2.0345e+03    28.7768     -0.235     -0.341    27.4612 0.0000e+00
     -0.228      0.056     7.8362     99.035     36.679  38.432848     1.3004      8.588   172.0677 2.0339e+03    37.6735     -0.222     -0.322    27.4327 0.0000e+00
     -0.219      0.043     7.8387     99.045     36.689  38.435323     1.3409      8.578   180.1243 1.9970e+03    38.3990     -0.214     -0.310    27.4226 0.0000e+00
     -0.214      0.033     7.8411     99.059     36.708  38.448046     1.3390      8.564   187.4249 1.9496e+03    37.6399     -0.209     -0.304    27.4154 0.0000e+00
     -0.210      0.029     7.8426     99.063     36.725  38.459608     1.4705      8.545   184.0216 1.9214e+03    28.4037     -0.206     -0.299    27.3996 0.0000e+00
     -0.206      0.033     7.8449     99.070     36.722  38.448050     1.7453      8.514   169.0888 1.9274e+03    11.4740     -0.204     -0.296    27.3832 0.0000e+00
     -0.199      0.044     7.8489     99.090     36.722  38.435346     1.8950      8.460   156.1524 1.9514e+03     2.2285     -0.195     -0.283    27.3712 0.0000e+00
     -0.189      0.064     7.8565     99.141     36.738  38.433048     1.9030      8.390   151.9347 1.9667e+03     1.3653     -0.184     -0.268    27.3630 0.0000e+00
     -0.174      0.089     7.8728     99.284     36.750  38.420243     1.9157      8.316   140.6353 2.0051e+03     1.3419     -0.175     -0.254    27.3566 0.0000e+00
     -0.151      0.115     7.8985     99.545     36.763  38.407533     1.9473      8.251   131.0385 2.0802e+03     1.4579     -0.151     -0.220    27.3446 0.0000e+00
     -0.117      0.139     7.9293     99.883     36.782  38.406380     1.9715      8.201   129.8565 2.0912e+03     1.5160     -0.118     -0.173    27.3287 0.0000e+00
     -0.071      0.154     7.9594    100.225     36.797  38.406275     1.9790      8.161   130.1290 1.6261e+03     1.4949     -0.073     -0.105    27.3054 0.0000e+00
     -0.020      0.158     7.9847    100.517     36.807  38.406236     1.9920      8.128   132.4412 7.8767e+02     1.4780     -0.017     -0.024    27.2647 0.0000e+00
      0.028      0.149     8.0012    100.697     36.817  38.405881     2.0185      8.103   135.0985 6.7257e+02     1.4952      0.028      0.041    27.2250 0.0000e+00
      0.071      0.129     7.9949    100.571     36.832  38.401976     2.0334      8.087   134.9830 1.3486e+03     1.5188      0.073      0.107    27.1988 0.0000e+00
      0.102      0.105     7.9596    100.037     36.827  38.358999     2.0436      8.076   134.0568 1.7004e+03     1.5193      0.107      0.156    27.1781 0.0000e+00
      0.120      0.080     7.9079     99.247     36.795  38.267367     2.1502      8.069   134.3108 1.5327e+03     1.5319      0.119      0.173    27.1642 0.0000e+00
      0.130      0.058     7.8476     98.316     36.784  38.183389     2.3480      8.064   135.5587 1.4018e+03     1.5492      0.128      0.186    27.1539 0.0000e+00
      0.137      0.039     7.7781     97.269     36.780  38.105860     2.4685      8.062   142.9504 1.2039e+03     1.5450      0.134      0.194    27.1334 0.0000e+00
      0.146      0.025     7.7017     96.158     36.769  38.028683     2.4863      8.062   151.8405 7.5188e+02     1.5732      0.143      0.206    27.0851 0.0000e+00
      0.155      0.015     7.6318     95.171     36.801  38.012488     2.3988      8.064   157.6972 4.5698e+02     1.6148      0.154      0.224    27.0020 0.0000e+00
      0.159      0.006     7.5828     94.504     36.849  38.037026     2.2188      8.067   171.3463 6.2739e+02     1.5903      0.159      0.229    26.8964 0.0000e+00
      0.157      0.000     7.5570     94.189     36.879  38.071223     2.1108      8.072   184.8868 1.1220e+03     1.5223      0.154      0.223    26.7907 0.0000e+00
      0.152     -0.005     7.5603     94.275     36.895  38.108328     2.1031      8.075   179.7929 1.4784e+03     1.4942      0.149      0.217    26.6991 0.0000e+00
      0.148     -0.005     7.5982     94.800     36.870  38.104515     2.1077      8.076   162.4974 1.5056e+03     1.5242      0.145      0.210    26.6271 0.0000e+00
      0.144     -0.001     7.6498     95.484     36.838  38.088682     2.1031      8.077   160.6669 1.4245e+03     1.5500      0.141      0.204    26.5914 0.0000e+00
      0.143      0.005     7.6811     95.903     36.844  38.107505     2.1019      8.079   167.5557 1.3845e+03     1.5311      0.139      0.202    26.6013 0.0000e+00
      0.146      0.010     7.6762     95.866     36.867  38.141532     2.1022      8.081   158.8899 1.3671e+03     1.5093      0.142      0.205    26.6370 0.0000e+00
      0.153      0.014     7.6359     95.388     36.897  38.182468     2.1159      8.082   149.4997 1.3721e+03     1.5006      0.150      0.217    26.6705 0.0000e+00
      0.161      0.016     7.5682     94.563     36.925  38.221304     2.2489      8.085   147.7163 1.4174e+03     1.4862      0.160      0.231    26.6932 0.0000e+00
      0.165      0.017     7.4783     93.448     36.930  38.229926     2.4784      8.090   146.2754 1.4733e+03     1.4883      0.163      0.236    26.7085 0.0000e+00
      0.167      0.019     7.3679     92.060     36.927  38.223206     2.6028      8.095   148.0808 1.4641e+03     1.4959      0.164      0.239    26.7212 0.0000e+00
      0.168      0.021     7.2629     90.729     36.917  38.203567     2.6226      8.101   151.4772 1.3282e+03     1.4855      0.166      0.241    26.7357 0.0000e+00
      0.171      0.024     7.2048     89.975     36.910  38.183052     2.6449      8.108   157.5718 1.2194e+03     1.4849      0.165      0.240    26.7515 0.0000e+00
      0.179      0.029     7.2109     90.013     36.910  38.165719     2.6704      8.117   162.8327 1.1643e+03     1.4894      0.172      0.251    26.7571 0.0000e+00
      0.192      0.032     7.2654     90.652     36.885  38.121031     2.6823      8.126   156.0634 1.0914e+03     1.4789      0.189      0.275    26.7487 0.0000e+00
      0.204      0.033     7.3353     91.481     36.871  38.087418     2.6785      8.136   148.3424 1.0264e+03     1.4795      0.201      0.292    26.7381 0.0000e+00
      0.212      0.032     7.3919     92.141     36.880  38.076921     2.6251      8.146   148.2048 8.4973e+02     1.4960      0.209      0.302    26.7223 0.0000e+00
      0.219      0.028     7.4233     92.490     36.880  38.057599     2.5330      8.158   150.7853 6.9687e+02     1.5260      0.215      0.311    26.6963 0.0000e+00
      0.225      0.023     7.4269     92.500     36.882  38.044354     2.4839      8.169   153.9035 6.4797e+02     1.5374      0.222      0.322    26.6689 0.0000e+00
      0.230      0.018     7.4088     92.253     36.890  38.043824     2.4812      8.178   154.8463 5.0244e+02     1.5117      0.226      0.329    26.6445 0.0000e+00
      0.233      0.013     7.3885     91.989     36.902  38.051170     2.5459      8.184   154.1833 3.7715e+02     1.4901      0.228      0.331    26.6154 0.0000e+00
      0.236      0.008     7.3850     91.938     36.923  38.069641     2.6686      8.189   155.6955 4.6925e+02     1.4901      0.230      0.334    26.5874 0.0000e+00
      0.239      0.004     7.4051     92.179     36.934  38.076566     2.7334      8.196   161.0848 6.6238e+02     1.5112      0.235      0.340    26.5672 0.0000e+00
      0.241      0.001     7.4425     92.634     36.933  38.071369     2.7327      8.205   172.5394 6.4661e+02     1.5011      0.238      0.345    26.5540 0.0000e+00
      0.238      0.001     7.4830     93.128     36.937  38.070320     2.7237      8.211   187.5900 4.6294e+02     1.4905      0.233      0.339    26.5502 0.0000e+00
      0.234      0.001     7.5073     93.418     36.936  38.063872     2.6625      8.215   186.9850 4.0089e+02     1.5352      0.228      0.331    26.5470 0.0000e+00
      0.234      0.001     7.4961     93.269     36.933  38.056922     2.5527      8.217   171.5910 5.2883e+02     1.5528      0.230      0.332    26.5406 0.0000e+00
      0.237      0.002     7.4413     92.582     36.929  38.049821     2.4988      8.219   170.9593 7.1141e+02     1.5207      0.233      0.338    26.5341 0.0000e+00
      0.239      0.005     7.3473     91.413     36.920  38.041535     2.4981      8.222   180.1218 7.3646e+02     1.5136      0.235      0.341    26.5276 0.0000e+00
      0.239      0.006     7.2277     89.934     36.896  38.020266     2.5445      8.224   182.8264 6.9262e+02     1.5278      0.235      0.341    26.5206 0.0000e+00
      0.240      0.005     7.1002     88.360     36.854  37.983256     2.6370      8.227   190.1522 8.6543e+02     1.5400      0.234      0.340    26.5140 0.0000e+00
      0.243      0.003     6.9874     86.969     36.841  37.975232     2.6877      8.232   197.0273 1.1540e+03     1.5391      0.238      0.346    26.5103 0.0000e+00
      0.246      0.001     6.9152     86.081     36.846  37.986783     2.6887      8.237   189.5499 1.2532e+03     1.5165      0.243      0.352    26.5100 0.0000e+00
      0.246      0.000     6.8969     85.866     36.849  37.995864     2.6857      8.239   174.2532 1.1302e+03     1.5111      0.241      0.351    26.5162 0.0000e+00
      0.244     -0.002     6.9250     86.230     36.868  38.021520     2.6892      8.240   174.0877 9.6371e+02     1.5355      0.238      0.347    26.5263 0.0000e+00
      0.242     -0.005     6.9799     86.925     36.884  38.042882     2.6942      8.244   190.0449 8.5571e+02     1.5672      0.237      0.344    26.5330 0.0000e+00
      0.240     -0.008     7.0354     87.625     36.900  38.063569     2.6906      8.249   199.4139 7.7396e+02     1.5582      0.236      0.342    26.5397 0.0000e+00
      0.239     -0.010     7.0726     88.092     36.916  38.081057     2.6460      8.254   200.3808 6.9777e+02     1.5181      0.235      0.341    26.5496 0.0000e+00
      0.238     -0.011     7.0927     88.337     36.901  38.063746     2.5599      8.260   200.5313 5.5016e+02     1.4785      0.234      0.340    26.5581 0.0000e+00
      0.234     -0.010     7.1077     88.513     36.887  38.044841     2.5033      8.265   200.0293 4.9605e+02     1.4768      0.230      0.334    26.5649 0.0000e+00
      0.228     -0.008     7.1259     88.736     36.888  38.043070     2.4939      8.269   192.0738 7.0561e+02     1.5281      0.223      0.324    26.5716 0.0000e+00
      0.223     -0.005     7.1423     88.947     36.884  38.042325     2.4747      8.270   176.7018 7.6386e+02     1.5499      0.217      0.314    26.5748 0.0000e+00
      0.222     -0.003     7.1493     89.045     36.873  38.035838     2.4363      8.270   167.8335 5.2790e+02     1.5268      0.216      0.314    26.5706 0.0000e+00
      0.226     -0.001     7.1516     89.078     36.863  38.028173     2.4252      8.271   166.3277 4.1964e+02     1.5234      0.222      0.322    26.5621 0.0000e+00
      0.230      0.001     7.1601     89.184     36.849  38.013177     2.4419      8.272   165.0338 4.7327e+02     1.5392      0.226      0.328    26.5568 0.0000e+00
      0.230      0.003     7.1804     89.437     36.818  37.981584     2.5089      8.274   165.7830 5.2272e+02     1.5341      0.226      0.328    26.5628 0.0000e+00
      0.227      0.003     7.2047     89.747     36.797  37.963826     2.6196      8.276   168.1599 5.6254e+02     1.5221      0.222      0.323    26.5739 0.0000e+00
      0.226      0.003     7.2172     89.915     36.816  37.989065     2.6776      8.276   174.3272 5.6256e+02     1.5165      0.220      0.319    26.5755 0.0000e+00
      0.226      0.003     7.2058     89.779     36.855  38.032634     2.6862      8.279   187.4363 5.1285e+02     1.4965      0.221      0.321    26.5732 0.0000e+00
      0.229      0.004     7.1669     89.290     36.870  38.045916     2.6866      8.284   198.0324 4.2084e+02     1.4635      0.225      0.326    26.5723 0.0000e+00
      0.233      0.005     7.1010     88.466     36.850  38.022597     2.7007      8.289   201.5208 3.9149e+02     1.4538      0.230      0.332    26.5762 0.0000e+00
      0.234      0.005     7.0135     87.379     36.831  38.004802     2.7287      8.292   201.8236 3.9950e+02     1.4715      0.231      0.335    26.5895 0.0000e+00
      0.234      0.004     6.9120     86.121     36.844  38.021348     2.7402      8.293   194.1218 3.6078e+02     1.4640      0.229      0.333    26.5940 0.0000e+00
      0.234      0.004     6.8019     84.756     36.851  38.032070     2.7571      8.292   178.8643 3.7067e+02     1.4536      0.228      0.331    26.5860 0.0000e+00
      0.235      0.004     6.6907     83.375     36.825  38.007394     2.8503      8.291   170.4968 4.9578e+02     1.4986      0.229      0.333    26.5828 0.0000e+00
