Data/DataNotYetUploadedToEDI/Raw_CTD/RawDownloads/090320_fcr50.cnv
* Sea-Bird SBE19plus  Data File:
* FileName = C:\DATA\090320_fcr50_0001.hex
* Software version 2.8.0.119
* Temperature SN = 7809
* Conductivity SN = 7809
* System UpLoad Time = Sep 03 2020 09:31:20
* <ApplicationData>
* <Seaterm232>
# nquan = 16
# nvalues = 2148                        
# units = specified
# name 0 = depFM: Depth [fresh water, m]
# name 1 = dz/dtM: Descent Rate [m/s]
# name 2 = sbeox0ML/L: Oxygen, SBE 43 [ml/l]
# name 3 = sbeox0PS: Oxygen, SBE 43 [% saturation]
# name 4 = specc: Specific Conductance [uS/cm]
# name 5 = c0uS/cm: Conductivity [uS/cm]
# name 6 = flECO-AFL: Fluorescence, WET Labs ECO-AFL/FL [mg/m^3]
# name 7 = ph: pH
# name 8 = orp: Oxidation Reduction Potential [mV]
# name 9 = par/sat/log: PAR/Logarithmic, Satlantic
# name 10 = turbWETntu0: Turbidity, WET Labs ECO [NTU]
# name 11 = prdM: Pressure, Strain Gauge [db]
# name 12 = prdE: Pressure, Strain Gauge [psi]
# name 13 = tv290C: Temperature [ITS-90, deg C]
# name 14 = density00: Density [density, kg/m^3]
# name 15 = flag:  0.000e+00
# span 0 =     -0.682,      9.546       
# span 1 =     -0.287,      4.239       
# span 2 =    -0.0147,     6.5593       
# span 3 =     -0.182,    113.471       
# span 4 =      1.155,     77.485       
# span 5 =   1.160805,  61.090438       
# span 6 =    -1.8150,    33.8124       
# span 7 =     15.035,     15.436       
# span 8 = -1240.7454,   292.1891       
# span 9 = 1.2345e-01, 1.1962e+03       
# span 10 =    -7.7554,    44.2188      
# span 11 =     -0.670,      9.362      
# span 12 =     -0.971,     13.578      
# span 13 =    11.9209,    25.2544      
# span 14 =   996.9869,   999.5736      
# span 15 = 0.0000e+00, 0.0000e+00      
# interval = seconds: 0.25
# start_time = Sep 02 2020 20:10:45 [Instrument's time stamp, header]
# bad_flag = -9.990e-29
*END*
[from data line 181]
      1.058      0.063     4.7395     68.830     35.418  34.554175     4.9192     15.088   225.7650 7.2820e+01     6.1320      1.038      1.507    23.8497   997.3575 0.0000e+00
      1.073      0.060     4.6277     65.434     35.415  34.540342     4.9311     15.088   225.9010 7.1647e+01     6.1333      1.053      1.528    23.8215   997.3645 0.0000e+00
      1.087      0.058     4.4705     62.329     35.392  34.514962     4.9471     15.087   226.1217 7.0397e+01     6.1346      1.065      1.545    23.8074   997.3681 0.0000e+00
      1.101      0.055     4.2803     59.698     35.374  34.501116     4.9693     15.086   226.6263 6.9115e+01     6.1477      1.080      1.567    23.7942   997.3713 0.0000e+00
      1.116      0.051     4.0690     57.808     35.369  34.499843     4.9807     15.086   227.1836 6.7991e+01     6.1539      1.095      1.588    23.7756   997.3760 0.0000e+00
      1.129      0.048     3.8645     56.764     35.369  34.499583     4.9897     15.087   227.5256 6.7077e+01     6.1067      1.108      1.607    23.7562   997.3808 0.0000e+00
      1.140      0.044     3.6807     56.470     35.371  34.497960     5.0018     15.087   227.4923 6.6202e+01     6.0580      1.118      1.621    23.7502   997.3823 0.0000e+00
      1.151      0.042     3.5145     56.714     35.360  34.480211     5.0321     15.086   227.2972 6.5390e+01     6.0800      1.130      1.637    23.7600   997.3799 0.0000e+00
      1.161      0.041     3.4017     57.192     35.360  34.475337     5.0596     15.086   227.2316 6.4798e+01     6.1325      1.140      1.652    23.7673   997.3781 0.0000e+00
      1.169      0.042     3.3419     57.663     35.391  34.502474     5.0583     15.087   227.5587 6.4218e+01     6.1778      1.147      1.662    23.7678   997.3781 0.0000e+00
      1.178      0.044     3.3293     58.124     35.383  34.491052     5.0548     15.087   228.2412 6.3444e+01     6.1818      1.154      1.674    23.7612   997.3797 0.0000e+00
      1.189      0.045     3.3512     58.661     35.358  34.464137     5.1222     15.087   228.4286 6.2419e+01     6.2486      1.165      1.690    23.7487   997.3828 0.0000e+00
      1.203      0.045     3.3867     59.227     35.390  34.494299     5.2523     15.088   228.1037 6.1126e+01     6.4365      1.179      1.709    23.7409   997.3848 0.0000e+00
      1.218      0.043     3.4137     59.720     35.433  34.538479     5.3217     15.089   228.0984 5.9900e+01     6.5302      1.195      1.733    23.7396   997.3852 0.0000e+00
      1.231      0.039     3.4369     60.029     35.445  34.554145     5.3220     15.088   227.8487 5.9165e+01     6.5574      1.210      1.755    23.7352   997.3863 0.0000e+00
      1.240      0.035     3.4724     60.154     35.445  34.556818     5.2470     15.088   227.2349 5.8712e+01     6.6285      1.217      1.764    23.7295   997.3877 0.0000e+00
      1.245      0.032     3.5070     60.261     35.459  34.570801     5.0917     15.087   227.3022 5.8222e+01     6.6693      1.221      1.770    23.7275   997.3883 0.0000e+00
      1.251      0.030     3.5392     60.431     35.490  34.596311     4.9989     15.087   227.6298 5.7809e+01     6.6723      1.227      1.779    23.7318   997.3872 0.0000e+00
      1.256      0.030     3.5586     60.589     35.517  34.611426     5.0021     15.087   227.7553 5.7339e+01     6.6310      1.231      1.786    23.7388   997.3855 0.0000e+00
      1.264      0.030     3.5592     60.607     35.544  34.626646     5.0536     15.087   227.8728 5.6403e+01     6.5126      1.237      1.795    23.7419   997.3848 0.0000e+00
      1.275      0.030     3.5638     60.320     35.579  34.653403     5.1261     15.088   227.5869 5.5341e+01     6.3736      1.251      1.814    23.7447   997.3842 0.0000e+00
      1.286      0.030     3.5772     59.630     35.617  34.681125     5.1639     15.089   227.1387 5.4717e+01     6.3584      1.263      1.832    23.7380   997.3859 0.0000e+00
      1.292      0.030     3.5894     58.585     35.665  34.707999     5.1767     15.090   227.1855 5.4384e+01     6.4312      1.268      1.839    23.7196   997.3904 0.0000e+00
      1.297      0.029     3.5962     57.278     35.712  34.724485     5.1944     15.091   227.7230 5.3960e+01     6.4646      1.271      1.844    23.7024   997.3946 0.0000e+00
      1.303      0.029     3.5823     55.781     35.772  34.753510     5.2163     15.092   228.4749 5.3258e+01     6.5216      1.277      1.853    23.6943   997.3967 0.0000e+00
      1.310      0.030     3.5401     54.136     35.851  34.805079     5.2410     15.093   229.0499 5.2415e+01     6.6059      1.285      1.864    23.6861   997.3987 0.0000e+00
      1.320      0.033     3.4775     52.266     35.907  34.840334     5.2642     15.093   229.2541 5.1619e+01     6.6599      1.295      1.878    23.6582   997.4056 0.0000e+00
      1.328      0.037     3.4024     50.152     35.946  34.862484     5.3350     15.094   229.3091 5.0862e+01     6.7975      1.303      1.891    23.6118   997.4169 0.0000e+00
      1.337      0.040     3.3139     48.003     35.981  34.882509     5.4489     15.094   229.4571 4.9982e+01     6.9989      1.309      1.899    23.5671   997.4278 0.0000e+00
      1.347      0.043     3.2207     45.906     36.003  34.892077     5.5055     15.094   229.6668 4.8917e+01     7.0693      1.320      1.914    23.5332   997.4360 0.0000e+00
      1.360      0.048     3.1148     43.782     36.039  34.914689     5.5052     15.094   229.6935 4.7845e+01     7.0650      1.334      1.934    23.5076   997.4423 0.0000e+00
      1.373      0.053     2.9812     41.625     36.107  34.965527     5.4737     15.094   229.6075 4.6870e+01     7.0500      1.346      1.953    23.4860   997.4477 0.0000e+00
      1.385      0.057     2.8532     39.508     36.158  34.999099     5.4199     15.095   229.9170 4.5796e+01     6.9569      1.357      1.969    23.4675   997.4522 0.0000e+00
      1.401      0.059     2.7334     37.533     36.179  35.003308     5.3892     15.096   230.3385 4.4475e+01     6.8665      1.372      1.991    23.4518   997.4560 0.0000e+00
      1.419      0.058     2.6065     35.682     36.207  35.016391     5.3788     15.097   230.2305 4.3262e+01     6.8150      1.392      2.020    23.4358   997.4600 0.0000e+00
      1.436      0.056     2.4787     33.870     36.233  35.030357     5.3707     15.097   229.9880 4.2223e+01     6.7801      1.408      2.043    23.4154   997.4650 0.0000e+00
      1.451      0.051     2.3494     32.057     36.258  35.045244     5.3383     15.097   230.0725 4.1223e+01     6.6505      1.423      2.064    23.3907   997.4711 0.0000e+00
      1.464      0.045     2.2339     30.226     36.292  35.069466     5.2830     15.097   230.2201 4.0561e+01     6.3814      1.439      2.086    23.3686   997.4764 0.0000e+00
      1.473      0.040     2.1275     28.464     36.300  35.069381     5.2465     15.097   230.3963 4.0150e+01     6.1700      1.446      2.097    23.3496   997.4809 0.0000e+00
      1.480      0.036     2.0192     26.905     36.281  35.044220     5.2305     15.097   230.8269 3.9670e+01     6.0508      1.451      2.104    23.3341   997.4848 0.0000e+00
      1.488      0.032     1.9136     25.584     36.263  35.019050     5.2315     15.098   231.2102 3.9116e+01     5.9711      1.459      2.116    23.3215   997.4879 0.0000e+00
      1.496      0.030     1.8025     24.504     36.268  35.018861     5.2402     15.099   231.4177 3.8612e+01     5.9271      1.467      2.128    23.3090   997.4909 0.0000e+00
      1.504      0.028     1.6932     23.689     36.292  35.041927     5.2404     15.099   231.5277 3.8163e+01     5.8956      1.475      2.139    23.2989   997.4933 0.0000e+00
      1.512      0.028     1.6009     23.128     36.291  35.044120     5.2340     15.098   231.3363 3.7759e+01     5.8651      1.483      2.151    23.2916   997.4951 0.0000e+00
      1.518      0.028     1.5227     22.814     36.294  35.045379     5.2198     15.098   231.0822 3.7425e+01     5.7991      1.490      2.161    23.2789   997.4982 0.0000e+00
      1.524      0.028     1.4572     22.769     36.315  35.057145     5.2025     15.099   231.0372 3.7052e+01     5.7158      1.494      2.167    23.2667   997.5011 0.0000e+00
      1.530      0.028     1.4092     22.937     36.334  35.059464     5.1966     15.099   231.1354 3.6631e+01     5.7160      1.500      2.176    23.2715   997.5000 0.0000e+00
      1.538      0.028     1.3760     23.174     36.366  35.073398     5.1952     15.100   231.4095 3.6172e+01     5.7328      1.508      2.187    23.2780   997.4985 0.0000e+00
      1.546      0.029     1.3559     23.324     36.405  35.098687     5.2436     15.100   231.2545 3.5648e+01     5.6793      1.516      2.199    23.2770   997.4988 0.0000e+00
      1.555      0.031     1.3545     23.252     36.426  35.111389     5.3523     15.100   230.6374 3.5192e+01     5.6525      1.526      2.212    23.2667   997.5013 0.0000e+00
      1.562      0.031     1.3693     22.940     36.419  35.100063     5.4220     15.101   230.4014 3.4781e+01     5.6825      1.531      2.220    23.2395   997.5078 0.0000e+00
      1.569      0.031     1.3866     22.455     36.410  35.088642     5.4380     15.101   230.2938 3.4261e+01     5.6990      1.537      2.230    23.2138   997.5140 0.0000e+00
      1.578      0.031     1.4000     21.830     36.425  35.100200     5.4220     15.101   230.3692 3.3719e+01     5.6805      1.547      2.244    23.1993   997.5175 0.0000e+00
      1.587      0.032     1.3963     21.107     36.442  35.112903     5.3137     15.100   230.7105 3.3257e+01     5.6652      1.556      2.257    23.1898   997.5198 0.0000e+00
      1.594      0.033     1.3744     20.358     36.449  35.115318     5.1495     15.100   230.4630 3.2816e+01     5.6514      1.563      2.267    23.1836   997.5214 0.0000e+00
      1.601      0.033     1.3468     19.697     36.467  35.129382     5.0680     15.101   229.8710 3.2276e+01     5.6505      1.569      2.275    23.1800   997.5222 0.0000e+00
      1.610      0.032     1.3075     19.210     36.498  35.156043     5.0623     15.101   229.5763 3.1686e+01     5.6542      1.580      2.290    23.1762   997.5232 0.0000e+00
      1.620      0.032     1.2636     18.852     36.536  35.183848     5.0715     15.100   229.5669 3.1240e+01     5.5242      1.591      2.306    23.1714   997.5244 0.0000e+00
      1.628      0.032     1.2164     18.552     36.576  35.211739     5.0933     15.100   229.8430 3.0867e+01     5.3151      1.596      2.314    23.1643   997.5261 0.0000e+00
      1.635      0.032     1.1735     18.222     36.614  35.239430     5.1153     15.101   230.2474 3.0421e+01     5.2549      1.602      2.324    23.1596   997.5273 0.0000e+00
      1.643      0.031     1.1472     17.733     36.649  35.264825     5.1187     15.102   230.2408 2.9963e+01     5.2767      1.611      2.337    23.1594   997.5274 0.0000e+00
      1.651      0.031     1.1270     16.986     36.660  35.264952     5.0199     15.103   229.6772 2.9505e+01     5.2355      1.619      2.348    23.1454   997.5308 0.0000e+00
      1.659      0.032     1.1109     15.976     36.647  35.240955     4.8373     15.104   229.2830 2.9023e+01     5.1685      1.627      2.360    23.1261   997.5354 0.0000e+00
      1.668      0.033     1.0947     14.750     36.643  35.228475     4.7416     15.104   229.2608 2.8609e+01     5.1535      1.637      2.374    23.1159   997.5379 0.0000e+00
      1.675      0.035     1.0680     13.394     36.663  35.240958     4.7392     15.104   229.3228 2.8232e+01     5.1918      1.643      2.384    23.1084   997.5397 0.0000e+00
      1.684      0.037     1.0235     12.071     36.698  35.264970     4.7708     15.104   229.5160 2.7727e+01     5.1858      1.649      2.392    23.0939   997.5432 0.0000e+00
      1.694      0.039     0.9619     10.923     36.710  35.264970     4.8283     15.105   229.7043 2.7134e+01     5.1147      1.660      2.407    23.0727   997.5482 0.0000e+00
      1.705      0.042     0.8876     10.015     36.699  35.240940     4.8513     15.106   229.7925 2.6579e+01     5.0869      1.672      2.425    23.0657   997.5500 0.0000e+00
      1.716      0.043     0.8020      9.387     36.702  35.228230     4.8298     15.106   229.6360 2.6016e+01     5.1247      1.682      2.440    23.0581   997.5519 0.0000e+00
      1.727      0.043     0.7195      8.998     36.729  35.238176     4.7316     15.107   229.1027 2.5449e+01     5.1256      1.694      2.457    23.0428   997.5555 0.0000e+00
      1.740      0.042     0.6506      8.719     36.741  35.234270     4.5597     15.108   228.5064 2.4921e+01     5.0291      1.706      2.475    23.0283   997.5590 0.0000e+00
      1.751      0.041     0.5944      8.402     36.700  35.180971     4.4685     15.108   228.4499 2.4456e+01     4.9186      1.718      2.492    23.0072   997.5641 0.0000e+00
      1.761      0.041     0.5582      7.982     36.639  35.101367     4.4682     15.108   228.8497 2.4120e+01     4.8877      1.729      2.506    22.9877   997.5688 0.0000e+00
      1.769      0.041     0.5380      7.492     36.608  35.033218     4.4415     15.109   228.9519 2.3824e+01     4.8971      1.735      2.515    22.9638   997.5744 0.0000e+00
      1.778      0.042     0.5251      6.917     36.624  34.991485     4.3835     15.111   228.8253 2.3449e+01     4.9286      1.742      2.527    22.9418   997.5796 0.0000e+00
      1.788      0.043     0.5082      6.207     36.673  34.977420     4.3491     15.113   228.6097 2.2977e+01     4.9596      1.753      2.542    22.9263   997.5834 0.0000e+00
      1.802      0.044     0.4806      5.342     36.738  34.989982     4.3308     15.115   228.2378 2.2465e+01     4.9290      1.767      2.563    22.9046   997.5886 0.0000e+00
      1.815      0.044     0.4524      4.315     36.807  35.016398     4.3145     15.116   228.2862 2.2045e+01     4.9021      1.781      2.584    22.8565   997.5998 0.0000e+00
      1.826      0.044     0.4203      3.207     36.868  35.042937     4.3047     15.117   228.7644 2.1707e+01     4.9083      1.791      2.597    22.7673   997.6209 0.0000e+00
      1.836      0.043     0.3776      2.194     36.912  35.056996     4.2883     15.118   229.0296 2.1357e+01     4.9009      1.800      2.611    22.6764   997.6422 0.0000e+00
      1.846      0.043     0.3268      1.354     36.939  35.059431     4.2793     15.119   228.9112 2.0992e+01     4.8814      1.811      2.626    22.6099   997.6578 0.0000e+00
      1.857      0.042     0.2641      0.675     36.975  35.072354     4.2714     15.120   228.4513 2.0670e+01     4.8444      1.822      2.642    22.5587   997.6698 0.0000e+00
      1.868      0.040     0.1910      0.190     37.011  35.086308     4.2408     15.121   227.9438 2.0359e+01     4.7969      1.832      2.657    22.5171   997.6795 0.0000e+00
      1.879      0.038     0.1287     -0.088     37.044  35.101206     4.1955     15.121   228.0234 2.0002e+01     4.7539      1.843      2.672    22.4802   997.6882 0.0000e+00
      1.890      0.036     0.0796     -0.182     37.084  35.125551     4.1719     15.121   228.4664 1.9711e+01     4.7357      1.855      2.690    22.4499   997.6952 0.0000e+00
      1.898      0.034     0.0365     -0.106     37.101  35.126824     4.1646     15.122   228.5689 1.9554e+01     4.6807      1.864      2.702    22.4227   997.7016 0.0000e+00
      1.905      0.032     0.0069      0.087     37.107  35.116569     4.1168     15.123   228.4022 1.9391e+01     4.5345      1.867      2.709    22.3925   997.7086 0.0000e+00
      1.912      0.032    -0.0088      0.292     37.136  35.128452     4.0519     15.123   228.0857 1.9154e+01     4.4441      1.874      2.718    22.3695   997.7139 0.0000e+00
      1.920      0.032    -0.0147      0.473     37.167  35.143569     4.0298     15.124   227.8387 1.8912e+01     4.4801      1.883      2.730    22.3548   997.7174 0.0000e+00
      1.928      0.033    -0.0099      0.641     37.211  35.172418     4.0300     15.125   227.7388 1.8676e+01     4.5244      1.890      2.743    22.3338   997.7222 0.0000e+00
