Data/DataNotYetUploadedToEDI/Raw_CTD/RawDownloads/090318_fcr30.cnv
* Sea-Bird SBE19plus  Data File:
* FileName = C:\DATA\090318_FCR50_0004.hex
* Software version 2.6.3.104 SB_Terminal.dll
* Temperature SN = 7809
* Conductivity SN = 7809
* System UpLoad Time = Sep 03 2018 15:39:54
* <ApplicationData>
* <Seaterm232>
# nquan = 15
# nvalues = 1176                        
# units = specified
# name 0 = depFM: Depth [fresh water, m]
# name 1 = dz/dtM: Descent Rate [m/s]
# name 2 = sbeox0Mg/L: Oxygen, SBE 43 [mg/l]
# name 3 = sbeox0PS: Oxygen, SBE 43 [% saturation]
# name 4 = specc: Specific Conductance [uS/cm]
# name 5 = c0uS/cm: Conductivity [uS/cm]
# name 6 = flECO-AFL: Fluorescence, WET Labs ECO-AFL/FL [mg/m^3]
# name 7 = ph: pH
# name 8 = orp: Oxidation Reduction Potential [mV]
# name 9 = par/sat/log: PAR/Logarithmic, Satlantic
# name 10 = turbWETntu0: Turbidity, WET Labs ECO [NTU]
# name 11 = prdM: Pressure, Strain Gauge [db]
# name 12 = prdE: Pressure, Strain Gauge [psi]
# name 13 = tv290C: Temperature [ITS-90, deg C]
# name 14 = flag:  0.000e+00
# span 0 =     -0.451,      5.479       
# span 1 =     -0.101,      0.222       
# span 2 =     0.0630,    10.2856       
# span 3 =      0.595,    125.769       
# span 4 =      1.093,     99.843       
# span 5 =   1.197906,  76.408524       
# span 6 =    -0.1676,   251.2420       
# span 7 =      6.309,      8.605       
# span 8 =    58.3656,   265.3197       
# span 9 = 1.0313e+00, 2.2634e+03       
# span 10 =   -10.2013,    21.5608      
# span 11 =     -0.443,      5.374      
# span 12 =     -0.642,      7.794      
# span 13 =    12.6835,    29.9903      
# span 14 = 0.0000e+00, 0.0000e+00      
# interval = seconds: 0.25
# start_time = Sep 03 2018 15:53:13 [Instrument's time stamp, header]
# bad_flag = -9.990e-29
*END*
[from data line 97]
      0.115      0.004     5.7683     73.022     37.017  38.856061     1.8266      8.137   141.1764 2.0846e+03     1.2684      0.113      0.164    27.5390 0.0000e+00
      0.115      0.003     5.8288     73.738     37.033  38.845464     1.8233      8.137   141.2169 2.0858e+03     1.2280      0.113      0.164    27.5410 0.0000e+00
      0.116      0.003     5.8935     74.489     37.049  38.825433     1.8433      8.137   142.6549 2.0975e+03     1.1760      0.113      0.164    27.5322 0.0000e+00
      0.117      0.004     5.9497     75.113     37.075  38.804398     1.8763      8.137   152.3688 2.0962e+03     1.1884      0.115      0.166    27.5102 0.0000e+00
      0.118      0.005     5.9951     75.598     37.100  38.781659     1.8904      8.137   161.0122 2.0732e+03     1.2260      0.116      0.168    27.4793 0.0000e+00
      0.118      0.007     6.0351     76.028     37.100  38.741017     1.8859      8.138   153.1209 2.0296e+03     1.2349      0.116      0.168    27.4460 0.0000e+00
      0.119      0.008     6.0726     76.442     37.085  38.694115     1.8674      8.139   144.3712 1.9480e+03     1.2344      0.116      0.168    27.3972 0.0000e+00
      0.122      0.007     6.1120     76.892     37.075  38.659240     1.8419      8.139   143.4966 1.8110e+03     1.2501      0.120      0.173    27.3261 0.0000e+00
      0.126      0.005     6.1626     77.501     37.068  38.636970     1.8344      8.139   143.3203 1.7325e+03     1.2722      0.125      0.181    27.2544 0.0000e+00
      0.130      0.002     6.2391     78.436     37.061  38.615419     1.8417      8.140   143.3585 1.7461e+03     1.2882      0.128      0.185    27.2019 0.0000e+00
      0.131     -0.002     6.3510     79.804     37.055  38.589235     1.8377      8.140   143.5285 1.7524e+03     1.2903      0.130      0.188    27.1600 0.0000e+00
      0.128     -0.006     6.4915     81.524     37.063  38.574470     1.8229      8.140   143.7407 1.7984e+03     1.2673      0.127      0.185    27.1229 0.0000e+00
      0.123     -0.007     6.6448     83.397     37.078  38.563930     1.8189      8.140   143.9457 1.8685e+03     1.2543      0.120      0.174    27.1092 0.0000e+00
      0.119     -0.006     6.7861     85.110     37.069  38.525281     1.8262      8.141   144.2002 1.8975e+03     1.2556      0.116      0.168    27.0956 0.0000e+00
      0.116     -0.002     6.8869     86.319     37.059  38.488306     1.8285      8.144   144.4946 1.9439e+03     1.2518      0.114      0.166    27.0630 0.0000e+00
      0.116      0.003     6.9371     86.919     37.082  38.498005     1.8199      8.145   144.7521 2.0123e+03     1.2389      0.113      0.164    27.0346 0.0000e+00
      0.119      0.008     6.9442     87.008     37.099  38.515465     1.8141      8.145   145.0771 1.9658e+03     1.2224      0.116      0.169    26.9996 0.0000e+00
      0.124      0.010     6.9216     86.730     37.089  38.508825     1.8135      8.146   145.2399 1.7558e+03     1.2354      0.122      0.177    26.9562 0.0000e+00
      0.129      0.008     6.8876     86.295     37.067  38.481265     1.8210      8.148   145.2585 1.5856e+03     1.2738      0.128      0.185    26.9165 0.0000e+00
      0.134      0.005     6.8638     85.970     37.037  38.436352     1.8497      8.150   145.4740 1.5491e+03     1.2894      0.132      0.192    26.8950 0.0000e+00
      0.134      0.003     6.8641     85.947     37.025  38.410479     1.8754      8.152   145.7807 1.5755e+03     1.2715      0.133      0.193    26.9008 0.0000e+00
      0.131      0.001     6.8848     86.208     37.035  38.422534     1.8838      8.154   146.1275 1.5848e+03     1.2710      0.129      0.187    26.9123 0.0000e+00
      0.127      0.001     6.9103     86.553     37.055  38.455039     1.8872      8.157   146.4833 1.6221e+03     1.2835      0.123      0.179    26.9066 0.0000e+00
      0.127      0.002     6.9206     86.689     37.081  38.485872     1.8890      8.158   146.7273 1.7201e+03     1.2696      0.124      0.179    26.8832 0.0000e+00
      0.131      0.002     6.9013     86.428     37.082  38.477682     1.8875      8.158   146.9261 1.7001e+03     1.2254      0.129      0.186    26.8572 0.0000e+00
      0.135      0.001     6.8510     85.783     37.033  38.419529     1.8874      8.160   147.0807 1.6154e+03     1.1768      0.133      0.193    26.8571 0.0000e+00
      0.137     -0.001     6.7785     84.872     36.971  38.354512     1.8959      8.163   147.2200 1.6032e+03     1.2007      0.135      0.196    26.8910 0.0000e+00
      0.135     -0.002     6.7016     83.910     36.945  38.326863     1.9173      8.165   147.5780 1.6363e+03     1.2698      0.133      0.193    26.8979 0.0000e+00
      0.130     -0.004     6.6392     83.136     36.953  38.339343     1.9532      8.167   148.0535 1.6748e+03     1.2798      0.127      0.185    26.8720 0.0000e+00
      0.126     -0.007     6.5953     82.602     36.983  38.378365     1.9715      8.168   148.3235 1.6589e+03     1.2607      0.123      0.179    26.8598 0.0000e+00
      0.126     -0.011     6.5612     82.188     37.015  38.417501     1.9553      8.170   148.5188 1.6823e+03     1.2837      0.123      0.178    26.8665 0.0000e+00
      0.128     -0.014     6.5305     81.819     37.020  38.431369     1.9133      8.170   148.8659 1.7849e+03     1.3137      0.126      0.183    26.8623 0.0000e+00
      0.126     -0.015     6.5004     81.466     36.996  38.418994     1.8588      8.169   149.2508 1.8511e+03     1.2875      0.127      0.184    26.8636 0.0000e+00
      0.117     -0.016     6.4661     81.057     36.963  38.394955     1.8285      8.169   149.5595 1.8962e+03     1.2405      0.116      0.168    26.8847 0.0000e+00
      0.108     -0.018     6.4224     80.521     36.958  38.394851     1.8233      8.169   149.9308 1.9311e+03     1.2341      0.102      0.148    26.8863 0.0000e+00
      0.104     -0.023     6.3661     79.828     36.973  38.417744     1.8233      8.169   150.6432 1.9207e+03     1.2409      0.101      0.146    26.8951 0.0000e+00
      0.104     -0.028     6.2988     79.023     36.953  38.417646     1.8103      8.167   151.4622 1.8842e+03     1.2312      0.102      0.148    26.9182 0.0000e+00
      0.101     -0.031     6.2290     78.209     36.899  38.393696     1.7858      8.163   151.9167 1.8509e+03     1.2079      0.101      0.146    26.9332 0.0000e+00
      0.092     -0.031     6.1714     77.528     36.866  38.382340     1.7755      8.159   152.1817 1.9009e+03     1.2039      0.094      0.137    26.9411 0.0000e+00
      0.075     -0.028     6.1414     77.160     36.886  38.407437     1.7683      8.157   152.4290 1.9609e+03     1.2435      0.074      0.108    26.9382 0.0000e+00
      0.059     -0.021     6.1467     77.218     36.924  38.443027     1.6983      8.156   152.4975 1.8862e+03     1.2896      0.053      0.077    26.9654 0.0000e+00
      0.052     -0.011     6.1793     77.620     36.917  38.431466     1.5723      8.158   152.4071 1.7967e+03     1.3037      0.047      0.068    27.0281 0.0000e+00
      0.057     -0.001     6.2270     78.231     36.876  38.394712     1.5045      8.163   152.3685 1.7795e+03     1.2625      0.054      0.078    27.0596 0.0000e+00
      0.066      0.008     6.2840     78.980     36.846  38.379827     1.5028      8.168   152.3747 1.7885e+03     1.2176      0.064      0.094    27.0581 0.0000e+00
      0.075      0.011     6.3476     79.810     36.829  38.378576     1.5793      8.174   152.3971 1.8105e+03     1.2196      0.075      0.109    27.0511 0.0000e+00
      0.078      0.009     6.4139     80.662     36.821  38.379607     1.7316      8.179   152.7246 1.8390e+03     1.2559      0.078      0.112    27.0376 0.0000e+00
      0.077      0.004     6.4737     81.422     36.830  38.392311     1.8182      8.181   153.3241 1.8713e+03     1.2905      0.075      0.109    27.0449 0.0000e+00
      0.076     -0.002     6.5170     81.969     36.840  38.405120     1.8274      8.181   153.7946 1.8936e+03     1.2712      0.075      0.108    27.0774 0.0000e+00
      0.073     -0.006     6.5387     82.249     36.839  38.407419     1.8147      8.181   153.9397 1.8958e+03     1.2064      0.072      0.104    27.1000 0.0000e+00
      0.070     -0.006     6.5376     82.249     36.845  38.420115     1.7846      8.183   153.8728 1.8827e+03     1.1174      0.069      0.100    27.1126 0.0000e+00
      0.068     -0.004     6.5165     81.997     36.849  38.431579     1.7663      8.187   153.8458 1.8649e+03     1.0494      0.067      0.097    27.1172 0.0000e+00
      0.066     -0.001     6.4795     81.546     36.830  38.418977     1.7675      8.191   153.9582 1.8488e+03     1.0547      0.064      0.094    27.1149 0.0000e+00
      0.066      0.002     6.4304     80.941     36.801  38.394825     1.7996      8.195   154.1133 1.8341e+03     1.1206      0.064      0.093    27.1208 0.0000e+00
      0.068      0.004     6.3727     80.226     36.794  38.393688     1.8514      8.199   154.1733 1.8234e+03     1.2057      0.068      0.097    27.1317 0.0000e+00
      0.071      0.005     6.3114     79.465     36.800  38.405238     1.8785      8.203   154.1671 1.8210e+03     1.2588      0.070      0.101    27.1411 0.0000e+00
      0.073      0.006     6.2504     78.705     36.798  38.407433     1.8889      8.207   154.2105 1.8259e+03     1.2743      0.072      0.105    27.1500 0.0000e+00
      0.075      0.006     6.1895     77.945     36.806  38.420223     1.8944      8.210   154.2669 1.8349e+03     1.2718      0.074      0.107    27.1597 0.0000e+00
      0.075      0.005     6.1292     77.192     36.816  38.432833     1.8902      8.214   154.3327 1.8432e+03     1.2593      0.073      0.106    27.1678 0.0000e+00
      0.076      0.005     6.0716     76.472     36.813  38.432843     1.8835      8.218   154.5765 1.8440e+03     1.2456      0.075      0.108    27.1746 0.0000e+00
      0.078      0.004     6.0175     75.797     36.798  38.420347     1.8875      8.219   154.8911 1.8376e+03     1.2277      0.077      0.111    27.1807 0.0000e+00
      0.079      0.003     5.9657     75.151     36.783  38.408806     1.9016      8.220   155.0399 1.8297e+03     1.2270      0.077      0.112    27.1853 0.0000e+00
      0.080      0.002     5.9145     74.513     36.791  38.420371     1.9248      8.221   155.1703 1.8245e+03     1.2367      0.079      0.114    27.1892 0.0000e+00
      0.080      0.002     5.8654     73.903     36.799  38.433129     1.9482      8.221   155.4351 1.8222e+03     1.2227      0.080      0.115    27.1934 0.0000e+00
      0.080      0.002     5.8207     73.347     36.798  38.436002     1.9538      8.223   155.7469 1.8217e+03     1.2103      0.079      0.114    27.1983 0.0000e+00
      0.080      0.003     5.7796     72.835     36.813  38.455111     1.9566      8.226   155.9286 1.8204e+03     1.2087      0.078      0.112    27.2034 0.0000e+00
      0.081      0.004     5.7409     72.351     36.827  38.473591     1.9452      8.228   155.9973 1.8165e+03     1.2027      0.079      0.114    27.2086 0.0000e+00
      0.082      0.004     5.7024     71.872     36.820  38.468866     1.9175      8.228   156.1469 1.8125e+03     1.1988      0.082      0.117    27.2148 0.0000e+00
      0.084      0.004     5.6650     71.406     36.810  38.461516     1.8970      8.229   156.2750 1.8108e+03     1.1923      0.084      0.121    27.2201 0.0000e+00
      0.086      0.004     5.6311     70.986     36.793  38.448256     1.8817      8.231   156.3425 1.8121e+03     1.1854      0.085      0.123    27.2244 0.0000e+00
      0.087      0.003     5.5995     70.595     36.778  38.435603     1.8508      8.231   156.5325 1.8141e+03     1.2061      0.086      0.124    27.2292 0.0000e+00
      0.087      0.002     5.5683     70.209     36.773  38.435588     1.8002      8.232   156.7649 1.8118e+03     1.2295      0.085      0.124    27.2329 0.0000e+00
      0.087      0.002     5.5362     69.810     36.781  38.448084     1.7755      8.232   157.0018 1.8057e+03     1.2242      0.084      0.122    27.2365 0.0000e+00
      0.087      0.002     5.5046     69.417     36.789  38.459639     1.7716      8.233   157.2453 1.8025e+03     1.2036      0.085      0.123    27.2419 0.0000e+00
      0.088      0.001     5.4752     69.051     36.776  38.448243     1.7810      8.233   157.3861 1.8095e+03     1.1931      0.086      0.125    27.2485 0.0000e+00
      0.089      0.001     5.4474     68.706     36.763  38.437359     1.8158      8.234   157.5000 1.8171e+03     1.2198      0.087      0.127    27.2540 0.0000e+00
      0.089      0.001     5.4216     68.387     36.776  38.455110     1.8250      8.235   157.6763 1.8143e+03     1.2215      0.088      0.127    27.2588 0.0000e+00
      0.089      0.000     5.3974     68.087     36.788  38.472279     1.8089      8.235   157.8822 1.8086e+03     1.1827      0.088      0.127    27.2636 0.0000e+00
      0.088 1.8152e-08     5.3722     67.775     36.767  38.454359     1.8049      8.235   158.0975 1.8046e+03     1.1792      0.087      0.126    27.2674 0.0000e+00
      0.088 1.9967e-07     5.3462     67.454     36.740  38.429040     1.8130      8.236   158.3864 1.8006e+03     1.2083      0.086      0.125    27.2709 0.0000e+00
      0.088 1.4578e-07     5.3243     67.178     36.671  38.356751     1.8246      8.236   158.7936 1.7972e+03     1.2303      0.086      0.125    27.2764 0.0000e+00
      0.088 -4.470e-07     5.3195     67.082     36.556  38.215617     1.8258      8.236   159.1491 1.7954e+03     1.2314      0.086      0.125    27.2820 0.0000e+00
      0.089      0.000     5.3995     67.954     36.541  38.120223     1.8185      8.236   159.3304 1.7980e+03     1.2216      0.087      0.127    27.2874 0.0000e+00
      0.090      0.000     5.7020     71.525     36.640  38.092637     1.8190      8.236   159.5234 1.8046e+03     1.2335      0.089      0.128    27.2920 0.0000e+00
      0.090     -0.001     6.2730     78.456     36.737  38.072448     1.8228      8.237   159.8473 1.8099e+03     1.2528      0.088      0.128    27.2967 0.0000e+00
      0.089     -0.002     6.9868     87.222     36.807  38.066519     1.8272      8.238   160.1495 1.8099e+03     1.2713      0.087      0.127    27.2981 0.0000e+00
      0.087     -0.002     7.7033     96.069     36.866  38.084368     1.8355      8.238   160.4231 1.8077e+03     1.2743      0.086      0.124    27.1902 0.0000e+00
      0.086     -0.002     8.3388    103.944     36.900  38.097596     1.8498      8.238   160.6609 1.8068e+03     1.2290      0.085      0.123    26.9637 0.0000e+00
      0.086     -0.001     8.8413    110.183     36.911  38.099366     1.8798      8.238   160.7874 1.8056e+03     1.2116      0.085      0.123    26.7861 0.0000e+00
      0.086     -0.001     9.1926    114.543     36.924  38.105766     1.9052      8.238   160.9202 1.8039e+03     1.2470      0.084      0.122    26.6897 0.0000e+00
      0.086      0.000     9.3826    116.894     36.935  38.111439     1.9095      8.239   161.0620 1.8010e+03     1.2915      0.084      0.122    26.6343 0.0000e+00
      0.087      0.000     9.4169    117.313     36.931  38.104420     1.9133      8.239   161.2980 1.7985e+03     1.3219      0.085      0.123    26.6115 0.0000e+00
      0.087      0.000     9.3471    116.438     36.913  38.084425     1.9318      8.239   161.7083 1.8000e+03     1.3088      0.085      0.123    26.6032 0.0000e+00
      0.087      0.001     9.2372    115.062     36.892  38.060273     1.9498      8.239   162.0643 1.8033e+03     1.2858      0.085      0.123    26.5949 0.0000e+00
      0.086      0.001     9.1238    113.639     36.901  38.066513     1.9471      8.240   162.2476 1.8039e+03     1.2884      0.084      0.122    26.5848 0.0000e+00
      0.086      0.001     9.0219    112.363     36.933  38.096332     1.9261      8.240   162.3752 1.8009e+03     1.2794      0.085      0.123    26.5820 0.0000e+00
