Data/DataNotYetUploadedToEDI/Raw_CTD/RawDownloads/090318_fcr10.cnv
* Sea-Bird SBE19plus  Data File:
* FileName = C:\DATA\090318_FCR50_0002.hex
* Software version 2.6.3.104 SB_Terminal.dll
* Temperature SN = 7809
* Conductivity SN = 7809
* System UpLoad Time = Sep 03 2018 15:38:10
* <ApplicationData>
* <Seaterm232>
# nquan = 15
# nvalues = 648                         
# units = specified
# name 0 = depFM: Depth [fresh water, m]
# name 1 = dz/dtM: Descent Rate [m/s]
# name 2 = sbeox0Mg/L: Oxygen, SBE 43 [mg/l]
# name 3 = sbeox0PS: Oxygen, SBE 43 [% saturation]
# name 4 = specc: Specific Conductance [uS/cm]
# name 5 = c0uS/cm: Conductivity [uS/cm]
# name 6 = flECO-AFL: Fluorescence, WET Labs ECO-AFL/FL [mg/m^3]
# name 7 = ph: pH
# name 8 = orp: Oxidation Reduction Potential [mV]
# name 9 = par/sat/log: PAR/Logarithmic, Satlantic
# name 10 = turbWETntu0: Turbidity, WET Labs ECO [NTU]
# name 11 = prdM: Pressure, Strain Gauge [db]
# name 12 = prdE: Pressure, Strain Gauge [psi]
# name 13 = tv290C: Temperature [ITS-90, deg C]
# name 14 = flag:  0.000e+00
# span 0 =     -0.458,      2.520       
# span 1 =     -0.110,      0.114       
# span 2 =     0.3630,     9.3811       
# span 3 =      4.255,    115.531       
# span 4 =      1.060,     60.609       
# span 5 =   1.122320,  58.533949       
# span 6 =    -0.9141,    13.2187       
# span 7 =      6.487,      8.082       
# span 8 =    96.9480,   345.0482       
# span 9 = 3.9306e+01, 1.8120e+03       
# span 10 =    -0.3783,    32.5772      
# span 11 =     -0.450,      2.472      
# span 12 =     -0.652,      3.586      
# span 13 =    23.2458,    27.9199      
# span 14 = 0.0000e+00, 0.0000e+00      
# interval = seconds: 0.25
# start_time = Sep 03 2018 14:44:31 [Instrument's time stamp, header]
# bad_flag = -9.990e-29
*END*
[from data line 579]
      2.406      0.012     1.4936     17.586     40.700  39.500989     9.9087      7.112   245.7312 6.9430e+01     4.8650      2.359      3.421    23.6256 0.0000e+00
      2.413      0.007     1.4774     17.399     40.618  39.429976     9.9069      7.106   245.8014 6.8858e+01     4.8196      2.368      3.434    23.6113 0.0000e+00
      2.417      0.002     1.4298     16.848     40.612  39.449011     9.8954      7.102   245.9277 6.8832e+01     4.6982      2.373      3.441    23.5803 0.0000e+00
      2.415     -0.002     1.3680     16.129     40.877  39.731173     9.8337      7.097   246.5706 6.9357e+01     4.4958      2.371      3.439    23.5335 0.0000e+00
      2.409     -0.002     1.3174     15.536     41.650  40.490817     9.7489      7.091   247.8087 7.0092e+01     4.3859      2.364      3.428    23.5083 0.0000e+00
      2.402      0.002     1.2939     15.253     42.853  41.644760     9.7157      7.084   248.6812 7.0453e+01     4.4074      2.354      3.415    23.5240 0.0000e+00
      2.400      0.009     1.2921     15.222     43.898  42.627520     9.7173      7.075   248.8603 7.0062e+01     4.4203      2.351      3.410    23.5614 0.0000e+00
      2.406      0.016     1.2920     15.211     44.349  43.032611     9.7317      7.067   248.9416 6.9028e+01     4.4803      2.358      3.419    23.5992 0.0000e+00
      2.418      0.022     1.2629     14.862     44.381  43.047732     9.7606      7.057   248.9749 6.7863e+01     4.6144      2.371      3.438    23.6149 0.0000e+00
      2.429      0.024     1.1855     13.952     44.593  43.255138     9.7825      7.048   248.5750 6.7071e+01     4.6683      2.384      3.458    23.5934 0.0000e+00
      2.436      0.022     1.0703     12.599     45.568  44.205856     9.8031      7.039   247.4618 6.6747e+01     4.6441      2.391      3.468    23.5470 0.0000e+00
      2.439      0.018     0.9428     11.096     46.862  45.455297     9.9549      7.032   246.5288 6.6640e+01     4.6572      2.392      3.470    23.5021 0.0000e+00
      2.440      0.013     0.8256      9.714     47.468  46.033211    10.2389      7.025   246.5871 6.6435e+01     4.7347      2.392      3.470    23.4824 0.0000e+00
      2.442      0.010     0.7305      8.594     47.488  46.045651    10.4065      7.018   246.7891 6.6010e+01     4.7885      2.393      3.472    23.4936 0.0000e+00
      2.445      0.008     0.6606      7.771     47.431  45.987036    10.4470      7.012   246.6478 6.5551e+01     4.7895      2.398      3.478    23.5059 0.0000e+00
      2.448      0.007     0.6183      7.274     47.274  45.832937    10.6000      7.007   245.9976 6.5251e+01     4.8075      2.401      3.482    23.4965 0.0000e+00
      2.450      0.007     0.6033      7.096     47.345  45.898408    10.8598      7.003   244.5201 6.5130e+01     4.8220      2.402      3.484    23.4811 0.0000e+00
      2.451      0.006     0.6082      7.153     47.669  46.206616    10.9959      6.999   243.3246 6.5115e+01     4.8135      2.403      3.486    23.4735 0.0000e+00
      2.452      0.006     0.6209      7.302     47.520  46.063923    10.9954      6.994   242.9000 6.5136e+01     4.7955      2.404      3.487    23.4724 0.0000e+00
      2.452      0.006     0.6330      7.447     47.196  45.761998    10.8631      6.989   242.3115 6.5094e+01     4.7878      2.405      3.488    23.4720 0.0000e+00
      2.453      0.007     0.6446      7.587     47.413  45.988029    10.6276      6.984   241.8871 6.4801e+01     4.8427      2.406      3.489    23.4681 0.0000e+00
      2.456      0.009     0.6573      7.738     47.803  46.381814    10.5012      6.980   241.8993 6.4281e+01     4.8791      2.408      3.493    23.4572 0.0000e+00
      2.458      0.010     0.6721      7.913     47.933  46.519289    10.4842      6.977   241.8568 6.3654e+01     4.8315      2.411      3.496    23.4574 0.0000e+00
      2.461      0.012     0.6897      8.119     47.988  46.569808    10.5498      6.974   241.8038 6.2818e+01     4.7551      2.413      3.500    23.4743 0.0000e+00
      2.464      0.013     0.7047      8.293     48.187  46.738401    10.7061      6.970   241.6013 6.1778e+01     4.6571      2.417      3.505    23.4921 0.0000e+00
      2.468      0.013     0.7122      8.376     48.461  46.968773    10.8036      6.965   241.3013 6.0649e+01     4.5928      2.421      3.511    23.5086 0.0000e+00
      2.472      0.013     0.7112      8.358     48.860  47.321328    10.8097      6.960   241.1880 5.9420e+01     4.5886      2.424      3.517    23.5244 0.0000e+00
      2.476      0.013     0.7017      8.241     49.607  48.013807    10.8164      6.956   241.1777 5.8208e+01     4.6057      2.429      3.523    23.5271 0.0000e+00
      2.479      0.014     0.6867      8.062     50.567  48.921827    10.9208      6.951   241.2631 5.7282e+01     4.6172      2.431      3.527    23.4949 0.0000e+00
      2.482      0.014     0.6689      7.853     51.392  49.719167    11.1059      6.946   241.3602 5.6503e+01     4.6042      2.434      3.529    23.4506 0.0000e+00
      2.485      0.014     0.6483      7.612     51.966  50.280872    11.2075      6.942   241.6642 5.5308e+01     4.6015      2.436      3.534    23.4197 0.0000e+00
      2.489      0.014     0.6245      7.332     52.459  50.755159    11.2306      6.937   242.0128 5.3560e+01     4.5855      2.440      3.540    23.3859 0.0000e+00
      2.494      0.013     0.5968      7.006     52.992  51.258174    11.4958      6.932   241.7902 5.1873e+01     4.5016      2.446      3.547    23.3570 0.0000e+00
      2.498      0.011     0.5669      6.654     53.478  51.722123    11.9970      6.927   241.5532 5.0840e+01     4.4114      2.451      3.555    23.3627 0.0000e+00
      2.501      0.010     0.5405      6.346     53.863  52.105405    12.2725      6.923   241.8150 5.0375e+01     4.3793      2.453      3.557    23.3800 0.0000e+00
      2.502      0.008     0.5195      6.103     54.600  52.840910    12.3092      6.919   242.0301 5.0063e+01     4.3878      2.453      3.558    23.3736 0.0000e+00
      2.503      0.006     0.5025      5.903     55.988  54.193825    12.4136      6.915   241.8312 4.9576e+01     4.4225      2.455      3.560    23.3567 0.0000e+00
      2.504      0.005     0.4908      5.763     57.160  55.302581    12.6064      6.910   241.6462 4.8907e+01     4.4332      2.455      3.560    23.3450 0.0000e+00
      2.505      0.004     0.4832      5.670     57.281  55.374442    12.7185      6.905   241.6866 4.8267e+01     4.3951      2.456      3.563    23.3567 0.0000e+00
      2.506      0.004     0.4748      5.568     56.596  54.681132    12.7405      6.900   241.8034 4.7689e+01     4.3893      2.458      3.565    23.3879 0.0000e+00
      2.508      0.004     0.4615      5.411     56.072  54.168202    12.8083      6.895   242.0256 4.7269e+01     4.4243      2.460      3.568    23.4057 0.0000e+00
      2.509      0.004     0.4427      5.191     56.219  54.322785    12.9137      6.890   242.2221 4.7004e+01     4.4218      2.461      3.569    23.3790 0.0000e+00
      2.509      0.003     0.4201      4.929     56.589  54.706364    12.9669      6.886   242.2861 4.6601e+01     4.3891      2.460      3.568    23.3229 0.0000e+00
      2.510      0.003     0.3965      4.654     56.719  54.864034    12.9740      6.882   242.3697 4.6144e+01     4.3655      2.462      3.570    23.2934 0.0000e+00
      2.511      0.002     0.3770      4.428     56.457  54.639657    12.9896      6.878   242.5442 4.5854e+01     4.3490      2.462      3.571    23.2925 0.0000e+00
      2.511      0.002     0.3668      4.309     56.067  54.282411    13.0172      6.874   242.6762 4.5690e+01     4.3429      2.463      3.572    23.3039 0.0000e+00
      2.512      0.002     0.3663      4.305     56.011  54.232357    13.0322      6.870   242.6751 4.5590e+01     4.3522      2.463      3.573    23.3293 0.0000e+00
      2.512      0.001     0.3743      4.397     56.547  54.733862    13.0427      6.866   242.7027 4.5431e+01     4.3699      2.463      3.573    23.3611 0.0000e+00
      2.512      0.001     0.3892      4.569     57.588  55.704513    13.0523      6.863   242.7521 4.5183e+01     4.3744      2.464      3.573    23.3877 0.0000e+00
      2.512      0.001     0.4084      4.791     58.451  56.494358    13.0289      6.860   242.6693 4.5009e+01     4.3754      2.464      3.574    23.4071 0.0000e+00
      2.512      0.001     0.4279      5.016     58.721  56.717073    12.9713      6.856   242.7338 4.4966e+01     4.3821      2.464      3.574    23.4147 0.0000e+00
      2.513      0.001     0.4437      5.200     58.642  56.616854    12.9352      6.853   242.9301 4.4933e+01     4.3942      2.465      3.575    23.3979 0.0000e+00
      2.513      0.001     0.4511      5.286     58.393  56.363580    12.9317      6.850   242.9779 4.4767e+01     4.4302      2.464      3.574    23.3623 0.0000e+00
      2.513      0.002     0.4478      5.246     58.032  56.007484    12.8555      6.847   242.8818 4.4459e+01     4.4512      2.465      3.575    23.3192 0.0000e+00
      2.514      0.002     0.4366      5.115     57.829  55.808566    12.6944      6.844   242.8002 4.4112e+01     4.4346      2.466      3.576    23.2828 0.0000e+00
      2.514      0.002     0.4205      4.926     58.085  56.056821    12.6009      6.841   242.8519 4.3756e+01     4.4123      2.466      3.576    23.2642 0.0000e+00
      2.515      0.002     0.4027      4.718     58.638  56.592820    12.6072      6.838   242.8180 4.3319e+01     4.3956      2.467      3.577    23.2557 0.0000e+00
      2.516      0.002     0.3867      4.531     59.073  57.011556    12.7712      6.835   242.7348 4.2788e+01     4.4154      2.467      3.578    23.2496 0.0000e+00
      2.517      0.002     0.3750      4.394     59.311  57.240852    13.0673      6.832   242.8783 4.2242e+01     4.4384      2.468      3.580    23.2458 0.0000e+00
      2.517      0.002     0.3699      4.334     59.467  57.393936    13.2187      6.828   243.0045 4.1725e+01     4.3984      2.469      3.580    23.2489 0.0000e+00
      2.518      0.002     0.3686      4.318     59.468  57.399911    13.2050      6.825   242.8843 4.1300e+01     4.3601      2.469      3.581    23.2519 0.0000e+00
      2.518      0.002     0.3664      4.293     59.304  57.249514    13.0030      6.822   242.8020 4.1045e+01     4.3723      2.470      3.582    23.2488 0.0000e+00
      2.518      0.002     0.3645      4.271     59.340  57.292437    12.6414      6.819   242.8692 4.0815e+01     4.3925      2.470      3.582    23.2479 0.0000e+00
      2.519      0.002     0.3635      4.261     60.044  57.982478    12.4447      6.816   242.9229 4.0460e+01     4.3909      2.471      3.582    23.2511 0.0000e+00
      2.520      0.002     0.3630      4.255     60.609  58.533949    12.4262      6.815   242.9345 3.9971e+01     4.3832      2.472      3.584    23.2551 0.0000e+00
      2.520 -9.990e-29 -9.990e-29 -9.990e-29 -9.990e-29 -9.990e-29 -9.990e-29 -9.990e-29 -9.990e-29 3.9463e+01 -9.990e-29      2.471      3.585    23.2635 0.0000e+00
      2.520 -9.990e-29 -9.990e-29 -9.990e-29 -9.990e-29 -9.990e-29 -9.990e-29 -9.990e-29 -9.990e-29 3.9306e+01 -9.990e-29      2.472      3.584    23.2681 0.0000e+00
      2.520 -9.990e-29 -9.990e-29 -9.990e-29 -9.990e-29 -9.990e-29 -9.990e-29 -9.990e-29 -9.990e-29 3.9895e+01 -9.990e-29      2.472      3.585    23.2777 0.0000e+00
      2.520 -9.990e-29 -9.990e-29 -9.990e-29 -9.990e-29 -9.990e-29 -9.990e-29 -9.990e-29 -9.990e-29 4.0413e+01 -9.990e-29      2.472      3.586    23.2888 0.0000e+00
