Data/DataNotYetUploadedToEDI/Raw_CTD/RawDownloads/090318_fcr50_a.cnv
* Sea-Bird SBE19plus  Data File:
* FileName = C:\DATA\090318_FCR50_0001.hex
* Software version 2.6.3.104 SB_Terminal.dll
* Temperature SN = 7809
* Conductivity SN = 7809
* System UpLoad Time = Sep 03 2018 15:37:47
* <ApplicationData>
* <Seaterm232>
# nquan = 15
# nvalues = 1281                        
# units = specified
# name 0 = depFM: Depth [fresh water, m]
# name 1 = dz/dtM: Descent Rate [m/s]
# name 2 = sbeox0Mg/L: Oxygen, SBE 43 [mg/l]
# name 3 = sbeox0PS: Oxygen, SBE 43 [% saturation]
# name 4 = specc: Specific Conductance [uS/cm]
# name 5 = c0uS/cm: Conductivity [uS/cm]
# name 6 = flECO-AFL: Fluorescence, WET Labs ECO-AFL/FL [mg/m^3]
# name 7 = ph: pH
# name 8 = orp: Oxidation Reduction Potential [mV]
# name 9 = par/sat/log: PAR/Logarithmic, Satlantic
# name 10 = turbWETntu0: Turbidity, WET Labs ECO [NTU]
# name 11 = prdM: Pressure, Strain Gauge [db]
# name 12 = prdE: Pressure, Strain Gauge [psi]
# name 13 = tv290C: Temperature [ITS-90, deg C]
# name 14 = flag:  0.000e+00
# span 0 =     -0.467,      9.673       
# span 1 =     -0.084,      0.247       
# span 2 =     0.0676,     9.2476       
# span 3 =      0.626,    110.942       
# span 4 =      0.799,    164.059       
# span 5 =   0.801136, 120.980027       
# span 6 =    -0.9174,    18.2242       
# span 7 =      6.228,      8.262       
# span 8 =    91.8023,  1240.2295       
# span 9 = 1.2540e-01, 1.4898e+03       
# span 10 =    -0.2392,    13.7919      
# span 11 =     -0.458,      9.487      
# span 12 =     -0.665,     13.760      
# span 13 =    11.8268,    26.1720      
# span 14 = 0.0000e+00, 0.0000e+00      
# interval = seconds: 0.25
# start_time = Sep 03 2018 13:41:19 [Instrument's time stamp, header]
# bad_flag = -9.990e-29
*END*
[from data line 1061]
      7.160      0.055     0.0735      0.681     86.525  63.994360     0.6814      6.357   164.3056 2.2825e-01     5.7083      7.021     10.184    11.9774 0.0000e+00
      7.175      0.053     0.0754      0.699     86.616  64.062627     0.6850      6.357   163.8572 2.3555e-01     5.7562      7.037     10.207    11.9768 0.0000e+00
      7.188      0.052     0.0769      0.714     86.754  64.165745     0.6842      6.358   163.1015 2.2770e-01     5.8194      7.050     10.226    11.9771 0.0000e+00
      7.200      0.050     0.0776      0.721     86.832  64.223326     0.6903      6.358   162.7396 2.2042e-01     5.8317      7.061     10.242    11.9774 0.0000e+00
      7.212      0.049     0.0781      0.724     86.871  64.249922     0.6858      6.359   162.7512 2.1397e-01     5.8127      7.072     10.257    11.9774 0.0000e+00
      7.224      0.049     0.0787      0.730     86.936  64.296466     0.6753      6.359   162.3817 2.0097e-01     5.7727      7.084     10.274    11.9781 0.0000e+00
      7.237      0.050     0.0791      0.734     86.998  64.340786     0.6741      6.359   161.6262 1.9369e-01     5.6845      7.096     10.293    11.9789 0.0000e+00
      7.250      0.053     0.0779      0.723     87.084  64.404100     0.6806      6.359   161.3613 2.0123e-01     5.6314      7.110     10.312    11.9786 0.0000e+00
      7.263      0.056     0.0776      0.719     87.200  64.489455     0.6895      6.359   161.5022 2.1457e-01     5.6184      7.122     10.330    11.9772 0.0000e+00
      7.277      0.060     0.0786      0.729     87.277  64.545814     0.6899      6.358   161.2637 2.1631e-01     5.5576      7.135     10.349    11.9759 0.0000e+00
      7.292      0.064     0.0777      0.721     87.320  64.576606     0.6848      6.357   160.6297 2.0015e-01     5.4771      7.151     10.371    11.9753 0.0000e+00
      7.308      0.069     0.0764      0.709     87.362  64.607297     0.6925      6.356   160.2031 1.8058e-01     5.4688      7.167     10.395    11.9753 0.0000e+00
      7.327      0.072     0.0769      0.713     87.437  64.662427     0.7095      6.356   160.1494 1.7398e-01     5.4874      7.185     10.421    11.9749 0.0000e+00
      7.348      0.073     0.0769      0.713     87.534  64.734254     0.7150      6.354   159.9806 1.8068e-01     5.4884      7.206     10.451    11.9742 0.0000e+00
      7.368      0.072     0.0764      0.709     87.590  64.775979     0.7048      6.353   159.5388 1.7992e-01     5.4815      7.227     10.482    11.9739 0.0000e+00
      7.388      0.068     0.0773      0.717     87.603  64.785215     0.6871      6.355   159.1097 1.7011e-01     5.4345      7.246     10.510    11.9737 0.0000e+00
      7.405      0.062     0.0773      0.717     87.600  64.782311     0.6749      6.357   159.0945 1.7075e-01     5.4088      7.263     10.533    11.9737 0.0000e+00
      7.420      0.056     0.0760      0.705     87.630  64.804486     0.6771      6.358   159.2682 1.8030e-01     5.4449      7.278     10.555    11.9740 0.0000e+00
      7.433      0.051     0.0750      0.695     87.709  64.862485     0.6857      6.357   158.9735 1.7739e-01     5.4740      7.291     10.574    11.9737 0.0000e+00
      7.444      0.046     0.0750      0.695     87.775  64.911019     0.6874      6.357   158.4563 1.5483e-01     5.4554      7.301     10.589    11.9735 0.0000e+00
      7.454      0.042     0.0763      0.707     87.824  64.945993     0.6791      6.358   158.4347 1.4928e-01     5.4028      7.310     10.601    11.9735 0.0000e+00
      7.464      0.040     0.0773      0.717     87.854  64.967263     0.6773      6.359   158.7125 1.6913e-01     5.3873      7.318     10.615    11.9734 0.0000e+00
      7.474      0.040     0.0773      0.717     87.867  64.977347     0.6842      6.361   158.5457 1.7789e-01     5.3906      7.330     10.631    11.9736 0.0000e+00
      7.484      0.040     0.0768      0.713     87.901  65.004303     0.6796      6.361   158.3109 1.7628e-01     5.3210      7.340     10.646    11.9731 0.0000e+00
      7.494      0.040     0.0758      0.703     87.939  65.038717     0.6681      6.361   158.5407 1.7333e-01     5.2477      7.348     10.658    11.9721 0.0000e+00
      7.505      0.039     0.0753      0.698     87.978  65.075363     0.6733      6.362   158.6575 1.6436e-01     5.2365      7.360     10.674    11.9714 0.0000e+00
      7.516      0.037     0.0753      0.699     88.051  65.129312     0.6882      6.364   158.3458 1.5229e-01     5.2468      7.371     10.692    11.9720 0.0000e+00
      7.526      0.037     0.0753      0.699     88.132  65.182072     0.6912      6.364   157.9561 1.4498e-01     5.2500      7.380     10.704    11.9721 0.0000e+00
      7.533      0.037     0.0747      0.693     88.173  65.204333     0.6907      6.364   157.8168 1.5294e-01     5.2449      7.387     10.714    11.9757 0.0000e+00
      7.541      0.037     0.0741      0.688     88.184  65.207609     0.6920      6.365   157.8667 1.5839e-01     5.2770      7.395     10.725    11.9832 0.0000e+00
      7.551      0.037     0.0754      0.699     88.207  65.221675     0.6892      6.366   157.7846 1.4820e-01     5.3935      7.405     10.739    11.9830 0.0000e+00
      7.561      0.038     0.0759      0.704     88.243  65.247160     0.6930      6.366   157.3402 1.4570e-01     5.5548      7.414     10.754    11.9770 0.0000e+00
      7.571      0.041     0.0765      0.710     88.262  65.261282     0.7007      6.366   156.8822 1.4932e-01     5.6405      7.424     10.769    11.9722 0.0000e+00
      7.581      0.045     0.0777      0.721     88.268  65.265185     0.6992      6.367   156.8062 1.4847e-01     5.6360      7.434     10.782    11.9690 0.0000e+00
      7.591      0.048     0.0769      0.713     88.308  65.294344     0.7033      6.367   156.7660 1.4758e-01     5.5921      7.443     10.795    11.9675 0.0000e+00
      7.604      0.050     0.0757      0.702     88.397  65.359365     0.7230      6.367   156.3965 1.3723e-01     5.5056      7.456     10.814    11.9669 0.0000e+00
      7.619      0.052     0.0757      0.702     88.474  65.415178     0.7355      6.367   155.9518 1.2929e-01     5.4449      7.472     10.837    11.9675 0.0000e+00
      7.634      0.052     0.0767      0.711     88.535  65.460225     0.7345      6.368   155.9493 1.3380e-01     5.4380      7.487     10.858    11.9674 0.0000e+00
      7.648      0.052     0.0769      0.713     88.620  65.522316     0.7387      6.369   155.7652 1.3825e-01     5.3610      7.500     10.878    11.9666 0.0000e+00
      7.661      0.051     0.0759      0.703     88.717  65.593348     0.7402      6.368   154.9302 1.3873e-01     5.1856      7.512     10.897    11.9663 0.0000e+00
      7.673      0.048     0.0746      0.692     88.839  65.682880     0.7344      6.367   154.5419 1.3506e-01     5.0563      7.524     10.913    11.9661 0.0000e+00
      7.684      0.046     0.0740      0.687     88.968  65.777785     0.7326      6.367   154.6842 1.2978e-01     5.0183      7.535     10.929    11.9658 0.0000e+00
      7.696      0.044     0.0755      0.700     89.066  65.850183     0.7188      6.368   154.3280 1.2697e-01     5.0016      7.548     10.947    11.9653 0.0000e+00
      7.708      0.042     0.0759      0.704     89.164  65.922046     0.6965      6.369   153.5055 1.3098e-01     4.9768      7.560     10.964    11.9647 0.0000e+00
      7.718      0.041     0.0743      0.690     89.284  66.010474     0.6835      6.369   152.9129 1.3553e-01     4.9626      7.569     10.978    11.9641 0.0000e+00
      7.727      0.040     0.0733      0.680     89.395  66.092295     0.6809      6.370   152.6689 1.3352e-01     4.9825      7.577     10.990    11.9639 0.0000e+00
      7.737      0.040     0.0728      0.675     89.470  66.147899     0.6832      6.371   152.4484 1.3142e-01     5.0031      7.586     11.003    11.9642 0.0000e+00
      7.748      0.040     0.0728      0.675     89.506  66.173819     0.6749      6.372   152.0536 1.3507e-01     4.9374      7.598     11.020    11.9642 0.0000e+00
      7.758      0.041     0.0737      0.684     89.561  66.214822     0.6629      6.373   151.5955 1.3841e-01     4.7981      7.608     11.034    11.9638 0.0000e+00
      7.768      0.044     0.0745      0.691     89.711  66.325564     0.6579      6.373   151.4694 1.3245e-01     4.7223      7.616     11.047    11.9637 0.0000e+00
      7.778      0.048     0.0749      0.695     89.854  66.431237     0.6603      6.373   151.5611 1.2621e-01     4.7542      7.626     11.061    11.9635 0.0000e+00
      7.790      0.052     0.0766      0.710     89.913  66.474564     0.6737      6.373   151.4131 1.2564e-01     4.8174      7.640     11.080    11.9630 0.0000e+00
      7.804      0.056     0.0772      0.716     89.989  66.531317     0.6912      6.372   151.0572 1.2558e-01     4.8454      7.653     11.100    11.9632 0.0000e+00
      7.819      0.060     0.0751      0.696     90.094  66.608464     0.6972      6.372   150.9574 1.2556e-01     4.8494      7.667     11.121    11.9638 0.0000e+00
      7.836      0.061     0.0744      0.690     90.144  66.643875     0.6903      6.372   151.1527 1.2552e-01     4.8656      7.685     11.145    11.9635 0.0000e+00
      7.854      0.059     0.0754      0.700     90.141  66.641352     0.6909      6.372   150.9233 1.2547e-01     4.9492      7.703     11.172    11.9631 0.0000e+00
      7.870      0.056     0.0744      0.690     90.142  66.641588     0.7045      6.373   150.7651 1.2546e-01     5.0977      7.719     11.196    11.9636 0.0000e+00
      7.885      0.053     0.0731      0.678     90.151  66.646731     0.7168      6.373   151.1321 1.2548e-01     5.1958      7.734     11.217    11.9631 0.0000e+00
      7.896      0.051     0.0728      0.675     90.144  66.639906     0.7204      6.372   151.2315 1.2550e-01     5.2206      7.744     11.232    11.9624 0.0000e+00
      7.906      0.051     0.0735      0.681     90.121  66.622684     0.7203      6.371   150.9343 1.2555e-01     5.1528      7.752     11.243    11.9625 0.0000e+00
      7.916      0.051     0.0760      0.705     90.131  66.629368     0.7252      6.372   150.6363 1.2557e-01     5.0468      7.761     11.256    11.9618 0.0000e+00
      7.930      0.053     0.0776      0.720     90.169  66.657103     0.7335      6.374   150.6406 1.2552e-01     5.0073      7.776     11.278    11.9608 0.0000e+00
      7.947      0.055     0.0781      0.725     90.146  66.639917     0.7372      6.374   150.5553 1.2550e-01     4.9812      7.794     11.304    11.9601 0.0000e+00
      7.962      0.056     0.0776      0.720     90.109  66.612435     0.7339      6.374   150.0353 1.2555e-01     4.9442      7.808     11.325    11.9597 0.0000e+00
      7.976      0.055     0.0761      0.707     90.151  66.642929     0.7300      6.374   149.6014 1.2558e-01     4.8957      7.822     11.344    11.9598 0.0000e+00
      7.991      0.054     0.0751      0.697     90.216  66.690502     0.7273      6.374   149.5256 1.2569e-01     4.8531      7.837     11.366    11.9599 0.0000e+00
      8.004      0.052     0.0730      0.677     90.288  66.742278     0.7191      6.375   149.4621 1.2740e-01     4.8251      7.850     11.386    11.9590 0.0000e+00
      8.016      0.052     0.0700      0.649     90.402  66.823594     0.7136      6.375   149.0061 1.2904e-01     4.7402      7.861     11.402    11.9590 0.0000e+00
      8.028      0.053     0.0693      0.643     90.522  66.910219     0.7152      6.375   148.4004 1.2748e-01     4.6208      7.873     11.419    11.9593 0.0000e+00
      8.041      0.055     0.0706      0.655     90.682  67.026171     0.7202      6.375   148.1616 1.2574e-01     4.5717      7.884     11.435    11.9587 0.0000e+00
      8.055      0.058     0.0716      0.664     90.844  67.143970     0.7284      6.375   148.1831 1.2564e-01     4.6043      7.898     11.456    11.9579 0.0000e+00
      8.071      0.061     0.0729      0.676     90.908  67.189290     0.7315      6.375   147.8001 1.2565e-01     4.6176      7.915     11.480    11.9565 0.0000e+00
      8.088      0.063     0.0733      0.680     90.915  67.192393     0.7301      6.375   146.9725 1.2560e-01     4.5796      7.932     11.504    11.9546 0.0000e+00
      8.106      0.064     0.0730      0.677     90.902  67.181485     0.7303      6.376   146.6942 1.2556e-01     4.5727      7.949     11.529    11.9534 0.0000e+00
      8.123      0.064     0.0749      0.694     90.907  67.184653     0.7256      6.378   146.9312 1.2556e-01     4.5949      7.966     11.553    11.9531 0.0000e+00
      8.139      0.061     0.0774      0.717     90.973  67.230690     0.7182      6.379   146.3960 1.2556e-01     4.6349      7.982     11.577    11.9521 0.0000e+00
      8.155      0.058     0.0784      0.727     91.063  67.292739     0.7325      6.379   145.2134 1.2557e-01     4.6292      7.998     11.601    11.9503 0.0000e+00
      8.170      0.053     0.0775      0.719     91.163  67.362267     0.7615      6.379   144.7640 1.2557e-01     4.5250      8.013     11.622    11.9499 0.0000e+00
      8.183      0.048     0.0763      0.708     91.265  67.435094     0.7748      6.380   144.7485 1.2553e-01     4.4436      8.026     11.640    11.9503 0.0000e+00
      8.193      0.044     0.0769      0.713     91.319  67.473420     0.7829      6.381   144.3366 1.2552e-01     4.4083      8.035     11.655    11.9487 0.0000e+00
      8.203      0.041     0.0779      0.722     91.366  67.507537     0.7944      6.380   143.9149 1.2552e-01     4.3421      8.045     11.669    11.9457 0.0000e+00
      8.212      0.040     0.0764      0.708     91.481  67.593105     0.7946      6.380   143.6072 1.2553e-01     4.2536      8.054     11.682    11.9431 0.0000e+00
      8.221      0.040     0.0724      0.671     91.686  67.744512     0.7851      6.381   143.3696 1.2588e-01     4.2232      8.062     11.692    11.9416 0.0000e+00
      8.231      0.041     0.0704      0.653     91.949  67.938431     0.7812      6.382   143.3646 1.2979e-01     4.2191      8.071     11.706    11.9408 0.0000e+00
      8.242      0.043     0.0717      0.665     92.159  68.092613     0.7933      6.383   143.2889 1.3336e-01     4.1422      8.084     11.724    11.9404 0.0000e+00
      8.254      0.045     0.0727      0.674     92.317  68.208932     0.8211      6.384   143.2285 1.2981e-01     4.0262      8.094     11.740    11.9410 0.0000e+00
      8.266      0.047     0.0749      0.694     92.562  68.390433     0.8421      6.385   143.4085 1.2596e-01     3.9453      8.106     11.757    11.9412 0.0000e+00
      8.279      0.048     0.0772      0.716     92.979  68.696439     0.8442      6.386   143.3143 1.2565e-01     3.9279      8.119     11.776    11.9407 0.0000e+00
      8.291      0.048     0.0782      0.725     93.454  69.045564     0.8463      6.386   142.8647 1.2563e-01     3.9072      8.131     11.794    11.9401 0.0000e+00
      8.303      0.047     0.0796      0.737     93.804  69.302974     0.8494      6.386   142.7903 1.2558e-01     3.8168      8.143     11.810    11.9397 0.0000e+00
      8.316      0.046     0.0792      0.734     94.009  69.454457     0.8452      6.386   143.1885 1.2556e-01     3.7198      8.156     11.828    11.9403 0.0000e+00
      8.328      0.046     0.0773      0.717     94.126  69.540884     0.8409      6.387   143.0335 1.2556e-01     3.6805      8.167     11.845    11.9395 0.0000e+00
      8.338      0.046     0.0753      0.698     94.186  69.584389     0.8434      6.387   142.6375 1.2556e-01     3.7383      8.177     11.860    11.9379 0.0000e+00
      8.349      0.047     0.0743      0.688     94.207  69.598685     0.8486      6.386   142.7880 1.2561e-01     3.8694      8.187     11.874    11.9374 0.0000e+00
      8.360      0.048     0.0736      0.682     94.193  69.586470     0.8486      6.386   142.7880 1.2560e-01     3.9534      8.199     11.891    11.9374 0.0000e+00
