Data/DataNotYetUploadedToEDI/Raw_CTD/RawDownloads/090318_fcr50_a.cnv
* Sea-Bird SBE19plus  Data File:
* FileName = C:\DATA\090318_FCR50_0001.hex
* Software version 2.6.3.104 SB_Terminal.dll
* Temperature SN = 7809
* Conductivity SN = 7809
* System UpLoad Time = Sep 03 2018 15:37:47
* <ApplicationData>
* <Seaterm232>
# nquan = 15
# nvalues = 1281                        
# units = specified
# name 0 = depFM: Depth [fresh water, m]
# name 1 = dz/dtM: Descent Rate [m/s]
# name 2 = sbeox0Mg/L: Oxygen, SBE 43 [mg/l]
# name 3 = sbeox0PS: Oxygen, SBE 43 [% saturation]
# name 4 = specc: Specific Conductance [uS/cm]
# name 5 = c0uS/cm: Conductivity [uS/cm]
# name 6 = flECO-AFL: Fluorescence, WET Labs ECO-AFL/FL [mg/m^3]
# name 7 = ph: pH
# name 8 = orp: Oxidation Reduction Potential [mV]
# name 9 = par/sat/log: PAR/Logarithmic, Satlantic
# name 10 = turbWETntu0: Turbidity, WET Labs ECO [NTU]
# name 11 = prdM: Pressure, Strain Gauge [db]
# name 12 = prdE: Pressure, Strain Gauge [psi]
# name 13 = tv290C: Temperature [ITS-90, deg C]
# name 14 = flag:  0.000e+00
# span 0 =     -0.467,      9.673       
# span 1 =     -0.084,      0.247       
# span 2 =     0.0676,     9.2476       
# span 3 =      0.626,    110.942       
# span 4 =      0.799,    164.059       
# span 5 =   0.801136, 120.980027       
# span 6 =    -0.9174,    18.2242       
# span 7 =      6.228,      8.262       
# span 8 =    91.8023,  1240.2295       
# span 9 = 1.2540e-01, 1.4898e+03       
# span 10 =    -0.2392,    13.7919      
# span 11 =     -0.458,      9.487      
# span 12 =     -0.665,     13.760      
# span 13 =    11.8268,    26.1720      
# span 14 = 0.0000e+00, 0.0000e+00      
# interval = seconds: 0.25
# start_time = Sep 03 2018 13:41:19 [Instrument's time stamp, header]
# bad_flag = -9.990e-29
*END*
[from data line 97]
      0.247 -1.138e-10     6.6213     81.865     39.049  39.962710     2.0208      7.516   219.1395 7.7067e+02     1.2776      0.242      0.350    26.1702 0.0000e+00
      0.247 -1.252e-09     6.5827     81.381     39.009  39.919730     2.0214      7.517   219.5590 7.7971e+02     1.2836      0.242      0.351    26.1696 0.0000e+00
      0.247 -1.377e-08     6.5410     80.859     38.943  39.847782     2.0362      7.519   219.8816 7.7970e+02     1.2949      0.243      0.352    26.1682 0.0000e+00
      0.247 -1.514e-07     6.4955     80.288     38.892  39.791673     2.0716      7.521   220.2866 7.5602e+02     1.3224      0.242      0.351    26.1664 0.0000e+00
      0.247     -0.000     6.4441     79.646     38.855  39.749588     2.0903      7.522   220.8428 7.5710e+02     1.3418      0.242      0.351    26.1641 0.0000e+00
      0.247     -0.000     6.3873     78.937     38.830  39.720143     2.0881      7.525   221.3593 7.6454e+02     1.3157      0.242      0.351    26.1603 0.0000e+00
      0.247     -0.000     6.3283     78.202     38.803  39.689784     2.1465      7.529   221.8844 7.4381e+02     1.2812      0.242      0.351    26.1554 0.0000e+00
      0.247     -0.002     6.2712     77.492     38.629  39.509579     2.2633      7.530   222.2014 7.2801e+02     1.2912      0.242      0.351    26.1499 0.0000e+00
      0.247     -0.009     6.2155     76.801     38.260  39.129643     2.3327      7.526   221.9227 7.3641e+02     1.3157      0.242      0.351    26.1448 0.0000e+00
      0.247     -0.023     6.1617     76.125     37.988  38.844441     2.3430      7.515   221.4399 7.4901e+02     1.3018      0.242      0.351    26.1400 0.0000e+00
      0.246     -0.041     6.1166     75.535     38.079  38.920172     2.2952      7.501   221.3542 7.5778e+02     1.2758      0.242      0.351    26.1365 0.0000e+00
      0.239     -0.058     6.0937     75.213     38.330  39.155828     2.2047      7.493   221.7464 7.6620e+02     1.2765      0.241      0.348    26.1325 0.0000e+00
      0.218     -0.070     6.1072     75.353     38.404  39.215958     2.1587      7.486   222.2249 7.5645e+02     1.2791      0.220      0.320    26.1311 0.0000e+00
      0.183     -0.079     6.1593     75.983     38.336  39.138918     2.1618      7.479   222.3215 7.9718e+02     1.2765      0.177      0.257    26.1295 0.0000e+00
      0.153     -0.084     6.2363     76.927     38.377  39.177320     2.1598      7.482   222.3988 9.0111e+02     1.2759      0.144      0.209    26.1024 0.0000e+00
      0.137     -0.081     6.3165     77.917     38.558  39.362608     2.1342      7.493   222.9006 9.7332e+02     1.2716      0.134      0.193    26.0651 0.0000e+00
      0.123     -0.070     6.3861     78.786     38.723  39.536763     2.1005      7.506   223.3984 1.0469e+03     1.2851      0.124      0.179    26.0467 0.0000e+00
      0.104     -0.055     6.4378     79.442     38.806  39.631155     2.0830      7.519   223.5997 1.1029e+03     1.3171      0.102      0.147    26.0398 0.0000e+00
      0.086     -0.041     6.4643     79.788     38.842  39.677968     2.0879      7.532   223.7852 1.0834e+03     1.3236      0.079      0.114    26.0357 0.0000e+00
      0.077     -0.030     6.4614     79.769     38.875  39.721588     2.0951      7.544   224.0931 1.0614e+03     1.3022      0.072      0.105    26.0354 0.0000e+00
      0.075     -0.019     6.4296     79.391     38.921  39.777372     2.0876      7.554   224.3969 1.0788e+03     1.3030      0.073      0.107    26.0433 0.0000e+00
      0.076     -0.007     6.3745     78.725     38.979  39.844184     2.0798      7.562   224.8773 1.0888e+03     1.3022      0.074      0.108    26.0569 0.0000e+00
      0.076      0.003     6.3085     77.922     39.021  39.894067     2.0844      7.562   225.5134 1.0818e+03     1.2933      0.075      0.108    26.0705 0.0000e+00
      0.076      0.010     6.2487     77.192     38.996  39.872235     2.1063      7.549   225.8072 1.0768e+03     1.3473      0.074      0.108    26.0823 0.0000e+00
      0.077      0.014     6.2081     76.691     38.959  39.834364     2.1337      7.531   225.8489 1.0732e+03     1.4370      0.075      0.109    26.0937 0.0000e+00
      0.081      0.016     6.1871     76.431     38.942  39.817381     2.1484      7.519   226.0177 1.0760e+03     1.4927      0.078      0.112    26.1032 0.0000e+00
      0.090      0.017     6.1775     76.316     38.917  39.793964     2.1551      7.515   226.3852 1.0763e+03     1.5322      0.089      0.129    26.1128 0.0000e+00
      0.098      0.016     6.1705     76.235     38.926  39.805372     2.1140      7.519   226.8503 1.0746e+03     1.5492      0.099      0.145    26.1200 0.0000e+00
      0.102      0.013     6.1622     76.136     38.946  39.828251     2.0195      7.529   227.3403 1.0770e+03     1.5147      0.100      0.146    26.1170 0.0000e+00
      0.103      0.009     6.1495     75.980     38.934  39.816459     1.9591      7.542   227.8352 1.0771e+03     1.4810      0.101      0.145    26.1159 0.0000e+00
      0.103      0.005     6.1295     75.735     38.908  39.789859     1.9531      7.557   228.2742 1.0754e+03     1.4776      0.101      0.147    26.1205 0.0000e+00
      0.103      0.002     6.1030     75.406     38.879  39.760775     1.9377      7.572   228.6904 1.0719e+03     1.4432      0.101      0.147    26.1241 0.0000e+00
      0.103      0.001     6.0715     75.015     38.839  39.718950     1.9018      7.585   228.9951 1.0675e+03     1.3700      0.101      0.147    26.1267 0.0000e+00
      0.103      0.000     6.0375     74.595     38.787  39.665365     1.8869      7.596   229.1192 1.0661e+03     1.3254      0.101      0.147    26.1278 0.0000e+00
      0.104 1.9166e-08     6.0050     74.192     38.744  39.621153     1.8951      7.606   229.2445 1.0653e+03     1.3005      0.102      0.147    26.1279 0.0000e+00
      0.104 2.1083e-07     5.9737     73.805     38.690  39.565590     1.9096      7.615   229.4774 1.0645e+03     1.2829      0.102      0.148    26.1276 0.0000e+00
      0.104 2.1083e-07     5.9438     73.435     38.628  39.501815     1.9884      7.621   229.7846 1.0645e+03     1.3257      0.102      0.148    26.1270 0.0000e+00
      0.104 1.9194e-08     5.9151     73.080     38.613  39.485398     2.1307      7.626   230.0332 1.0653e+03     1.4212      0.101      0.147    26.1260 0.0000e+00
      0.104 2.0502e-09     5.8854     72.710     38.622  39.494157     2.2052      7.631   230.1604 1.0668e+03     1.4907      0.102      0.148    26.1251 0.0000e+00
      0.104 3.5452e-09     5.8550     72.333     38.610  39.480658     2.2095      7.636   230.3754 1.0684e+03     1.4953      0.102      0.148    26.1246 0.0000e+00
      0.104 3.7270e-08     5.8252     71.963     38.580  39.449247     2.2474      7.640   230.8262 1.0704e+03     1.4468      0.102      0.148    26.1241 0.0000e+00
      0.104 4.0981e-07     5.7969     71.610     38.565  39.432032     2.3219      7.641   231.3095 1.0729e+03     1.3614      0.102      0.147    26.1234 0.0000e+00
      0.104      0.000     5.7686     71.258     38.598  39.463107     2.3570      7.641   231.6590 1.0744e+03     1.2873      0.102      0.148    26.1224 0.0000e+00
      0.104      0.000     5.7390     70.889     38.643  39.507309     2.3410      7.641   231.9541 1.0736e+03     1.2525      0.102      0.148    26.1210 0.0000e+00
      0.104      0.001     5.7103     70.530     38.660  39.521733     2.3133      7.641   232.2106 1.0722e+03     1.3071      0.102      0.148    26.1193 0.0000e+00
      0.105      0.001     5.6854     70.220     38.650  39.510433     2.2882      7.641   232.4371 1.0715e+03     1.4586      0.103      0.149    26.1173 0.0000e+00
      0.105      0.001     5.6644     69.956     38.640  39.497749     2.2852      7.642   232.7144 1.0712e+03     1.5283      0.103      0.149    26.1150 0.0000e+00
      0.105      0.001     5.6454     69.718     38.640  39.495434     2.2869      7.643   232.9821 1.0694e+03     1.5083      0.103      0.150    26.1124 0.0000e+00
      0.106      0.001     5.6268     69.484     38.629  39.482441     2.2169      7.644   233.1778 1.0662e+03     1.5233      0.104      0.151    26.1093 0.0000e+00
      0.106      0.001     5.6073     69.241     38.617  39.467721     2.0911      7.645   233.3600 1.0631e+03     1.5253      0.104      0.151    26.1062 0.0000e+00
      0.106      0.000     5.5878     68.997     38.596  39.444517     2.0255      7.648   233.4647 1.0608e+03     1.5018      0.104      0.151    26.1034 0.0000e+00
      0.106 1.8628e-08     5.5679     68.749     38.546  39.392472     2.0207      7.650   233.4970 1.0597e+03     1.4842      0.104      0.150    26.1006 0.0000e+00
      0.106 2.0490e-07     5.5454     68.469     38.502  39.346726     2.0511      7.651   233.5783 1.0584e+03     1.4340      0.104      0.151    26.0980 0.0000e+00
      0.106 2.0490e-07     5.5187     68.138     38.493  39.336127     2.1082      7.653   233.8460 1.0570e+03     1.3528      0.104      0.150    26.0956 0.0000e+00
      0.106 1.8627e-08     5.4894     67.775     38.486  39.327860     2.1327      7.656   234.2382 1.0573e+03     1.2955      0.104      0.151    26.0935 0.0000e+00
      0.106 1.6934e-09     5.4595     67.405     38.470  39.310298     2.1357      7.659   234.4492 1.0588e+03     1.2906      0.104      0.150    26.0917 0.0000e+00
      0.106 1.5395e-10     5.4286     67.022     38.475  39.314386     2.1444      7.660   234.6753 1.0605e+03     1.2932      0.104      0.150    26.0900 0.0000e+00
      0.106 1.3995e-11     5.3981     66.643     38.476  39.313750     2.1914      7.661   235.1663 1.0624e+03     1.2664      0.104      0.150    26.0882 0.0000e+00
      0.106 1.2723e-12     5.3689     66.281     38.466  39.302615     2.2818      7.663   235.6528 1.0642e+03     1.2718      0.104      0.151    26.0868 0.0000e+00
      0.106 1.1566e-13     5.3403     65.925     38.472  39.306809     2.3368      7.663   235.9113 1.0657e+03     1.2978      0.104      0.150    26.0858 0.0000e+00
      0.106 1.0515e-14     5.3150     65.610     38.467  39.300929     2.3510      7.664   235.9691 1.0669e+03     1.3057      0.104      0.151    26.0847 0.0000e+00
      0.106 9.5590e-16     5.2926     65.331     38.463  39.295046     2.3708      7.664   236.0936 1.0680e+03     1.3371      0.104      0.150    26.0833 0.0000e+00
      0.106 8.6900e-17     5.2693     65.041     38.469  39.299202     2.3924      7.664   236.3848 1.0688e+03     1.4030      0.104      0.151    26.0818 0.0000e+00
      0.106 7.9000e-18     5.2474     64.768     38.459  39.287649     2.4009      7.664   236.6501 1.0686e+03     1.4916      0.104      0.151    26.0800 0.0000e+00
      0.106 7.1820e-19     5.2284     64.530     38.456  39.282433     2.4091      7.664   236.8916 1.0675e+03     1.5536      0.105      0.152    26.0778 0.0000e+00
      0.106 6.5290e-20     5.2106     64.309     38.474  39.299659     2.3907      7.664   237.1543 1.0659e+03     1.5726      0.104      0.151    26.0754 0.0000e+00
      0.106 5.9355e-21     5.1945     64.108     38.481  39.305325     2.3258      7.665   237.4169 1.0648e+03     1.5694      0.104      0.151    26.0731 0.0000e+00
      0.106 5.3960e-22     5.1804     63.931     38.465  39.287401     2.2856      7.667   237.6588 1.0638e+03     1.5451      0.104      0.150    26.0709 0.0000e+00
      0.106 4.9052e-23     5.1667     63.760     38.453  39.273539     2.2903      7.667   237.8422 1.0622e+03     1.5536      0.104      0.151    26.0685 0.0000e+00
      0.106 4.4593e-24     5.1517     63.573     38.446  39.264780     2.2722      7.668   237.9126 1.0612e+03     1.5503      0.104      0.151    26.0665 0.0000e+00
      0.106 4.0539e-25     5.1353     63.368     38.428  39.245034     2.2227      7.670   237.9075 1.0606e+03     1.4446      0.104      0.151    26.0645 0.0000e+00
      0.106 3.6854e-26     5.1183     63.157     38.409  39.225387     2.1983      7.671   238.0393 1.0604e+03     1.3126      0.104      0.151    26.0625 0.0000e+00
      0.106 3.3503e-27     5.1011     62.944     38.403  39.217830     2.2071      7.672   238.3008 1.0611e+03     1.2666      0.104      0.151    26.0607 0.0000e+00
      0.106 3.0458e-28     5.0829     62.719     38.404  39.217195     2.2645      7.673   238.5743 1.0626e+03     1.3457      0.104      0.150    26.0592 0.0000e+00
      0.106 2.7689e-29     5.0629     62.469     38.405  39.217706     2.3588      7.674   238.8516 1.0643e+03     1.4453      0.104      0.151    26.0573 0.0000e+00
      0.106 2.5172e-30     5.0419     62.208     38.413  39.224014     2.4003      7.674   239.1576 1.0655e+03     1.4636      0.105      0.152    26.0558 0.0000e+00
      0.106 2.2883e-31     5.0214     61.953     38.420  39.229928     2.3988      7.674   239.4358 1.0669e+03     1.4762      0.104      0.151    26.0547 0.0000e+00
      0.106 2.0803e-32     5.0024     61.717     38.417  39.225668     2.4054      7.674   239.6339 1.0679e+03     1.5065      0.104      0.151    26.0531 0.0000e+00
      0.106 1.8912e-33     4.9855     61.507     38.428  39.236040     2.4155      7.674   239.8322 1.0686e+03     1.5235      0.105      0.152    26.0516 0.0000e+00
      0.106 1.7192e-34     4.9719     61.337     38.359  39.164737     2.4199      7.675   240.1125 1.0699e+03     1.5299      0.104      0.151    26.0501 0.0000e+00
      0.106 1.5629e-35     4.9754     61.384     38.008  38.808269     2.4129      7.675   240.5272 1.0706e+03     1.4919      0.104      0.151    26.0483 0.0000e+00
      0.106 1.4209e-36     5.0635     62.491     37.553  38.356710     2.4049      7.675   240.8883 1.0709e+03     1.4302      0.104      0.151    26.0464 0.0000e+00
      0.106 1.2917e-37     5.3520     66.087     37.332  38.152163     2.3781      7.674   241.0377 1.0714e+03     1.3950      0.104      0.151    26.0446 0.0000e+00
      0.106 1.1742e-38     5.8796     72.638     37.274  38.114000     2.3274      7.674   241.1290 1.0710e+03     1.3710      0.104      0.151    26.0427 0.0000e+00
      0.106 1.0675e-39     6.5500     80.948     37.233  38.085904     2.2974      7.675   241.2173 1.0696e+03     1.3235      0.104      0.151    26.0411 0.0000e+00
      0.106 9.7045e-41     7.2402     89.496     37.205  38.066589     2.2910      7.676   241.3317 1.0679e+03     1.2776      0.104      0.151    26.0580 0.0000e+00
      0.106 8.8225e-42     7.8637     97.214     37.205  38.071069     2.2408      7.677   241.4802 1.0661e+03     1.2749      0.104      0.151    26.0950 0.0000e+00
      0.106 8.0205e-43     8.3627    103.390     37.208  38.076547     2.1401      7.678   241.5499 1.0658e+03     1.2907      0.104      0.151    26.1236 0.0000e+00
      0.106 7.2915e-44     8.7165    107.764     37.200  38.069301     2.0850      7.678   241.5723 1.0663e+03     1.3147      0.104      0.150    26.1407 0.0000e+00
      0.106 6.6285e-45     8.9185    110.258     37.180  38.046980     2.0886      7.678   241.5783 1.0664e+03     1.3217      0.104      0.151    26.1525 0.0000e+00
      0.106 6.0268e-46     8.9743    110.942     37.133  37.997260     2.1380      7.679   241.6233 1.0669e+03     1.3437      0.104      0.151    26.1593 0.0000e+00
      0.106 5.5685e-47     8.9240    110.316     37.114  37.976360     2.2230      7.680   241.7710 1.0678e+03     1.4288      0.104      0.151    26.1626 0.0000e+00
      0.107 1.4933e-47     8.8208    109.037     37.123  37.984867     2.2708      7.680   242.0739 1.0688e+03     1.4970      0.105      0.152    26.1631 0.0000e+00
      0.107 1.0993e-46     8.7006    107.550     37.113  37.973060     2.2848      7.680   242.5327 1.0697e+03     1.5268      0.104      0.151    26.1612 0.0000e+00
      0.107 1.2043e-45     8.5876    106.150     37.101  37.960658     2.2999      7.681   242.9292 1.0702e+03     1.4847      0.105      0.152    26.1576 0.0000e+00
