Data/DataNotYetUploadedToEDI/Raw_CTD/RawDownloads/090318_fcr20.cnv
* Sea-Bird SBE19plus  Data File:
* FileName = C:\DATA\090318_FCR50_0003.hex
* Software version 2.6.3.104 SB_Terminal.dll
* Temperature SN = 7809
* Conductivity SN = 7809
* System UpLoad Time = Sep 03 2018 15:38:33
* <ApplicationData>
* <Seaterm232>
# nquan = 15
# nvalues = 687                         
# units = specified
# name 0 = depFM: Depth [fresh water, m]
# name 1 = dz/dtM: Descent Rate [m/s]
# name 2 = sbeox0Mg/L: Oxygen, SBE 43 [mg/l]
# name 3 = sbeox0PS: Oxygen, SBE 43 [% saturation]
# name 4 = specc: Specific Conductance [uS/cm]
# name 5 = c0uS/cm: Conductivity [uS/cm]
# name 6 = flECO-AFL: Fluorescence, WET Labs ECO-AFL/FL [mg/m^3]
# name 7 = ph: pH
# name 8 = orp: Oxidation Reduction Potential [mV]
# name 9 = par/sat/log: PAR/Logarithmic, Satlantic
# name 10 = turbWETntu0: Turbidity, WET Labs ECO [NTU]
# name 11 = prdM: Pressure, Strain Gauge [db]
# name 12 = prdE: Pressure, Strain Gauge [psi]
# name 13 = tv290C: Temperature [ITS-90, deg C]
# name 14 = flag:  0.000e+00
# span 0 =     -0.456,      3.228       
# span 1 =     -0.166,      0.158       
# span 2 =     0.0740,     9.8807       
# span 3 =      0.853,    122.004       
# span 4 =      2.033,     71.822       
# span 5 =   2.168455,  64.447505       
# span 6 =    -0.1339,    17.2307       
# span 7 =      6.607,      8.588       
# span 8 =   129.8565,   256.1397       
# span 9 = 2.0661e+01, 2.0912e+03       
# span 10 =    -0.5279,    38.3990      
# span 11 =     -0.448,      3.166      
# span 12 =     -0.649,      4.592      
# span 13 =    19.8207,    28.3244      
# span 14 = 0.0000e+00, 0.0000e+00      
# interval = seconds: 0.25
# start_time = Sep 03 2018 15:10:11 [Instrument's time stamp, header]
# bad_flag = -9.990e-29
*END*
[from data line 290]
      0.237     -0.074     9.0077    111.416     36.845  37.725708     2.8270      8.385   192.9040 1.0514e+03     1.5448      0.228      0.331    26.1222 0.0000e+00
      0.219     -0.045     8.9927    111.199     36.855  37.724365     2.8142      8.378   192.7703 9.4439e+02     1.4948      0.208      0.301    26.1454 0.0000e+00
      0.218     -0.022     8.9797    110.995     36.895  37.748603     2.8180      8.372   192.7560 6.6750e+02     1.4777      0.211      0.305    26.1687 0.0000e+00
      0.226     -0.009     8.9708    110.858     36.920  37.764630     2.8270      8.367   192.7312 4.3030e+02     1.4909      0.222      0.321    26.1906 0.0000e+00
      0.234     -0.005     8.9685    110.832     36.946  37.791070     2.8224      8.365   192.6422 3.8699e+02     1.5022      0.230      0.335    26.1956 0.0000e+00
      0.238     -0.008     8.9716    110.892     36.961  37.814180     2.8173      8.365   192.7127 4.1063e+02     1.4920      0.238      0.345    26.1738 0.0000e+00
      0.233     -0.013     8.9754    110.962     36.928  37.789941     2.8755      8.361   193.0673 3.9031e+02     1.4905      0.232      0.337    26.1473 0.0000e+00
      0.219     -0.012     8.9771    110.992     36.888  37.752140     2.9935      8.354   193.4879 4.8626e+02     1.5142      0.214      0.311    26.1322 0.0000e+00
      0.204     -0.005     8.9747    110.947     36.880  37.738300     3.0580      8.345   193.6680 7.4901e+02     1.5337      0.197      0.287    26.1333 0.0000e+00
      0.199      0.005     8.9667    110.816     36.903  37.749654     3.0675      8.339   193.6101 1.1394e+03     1.5439      0.190      0.276    26.1487 0.0000e+00
      0.207      0.015     8.9557    110.652     36.925  37.762342     3.0981      8.336   193.4760 1.4844e+03     1.5765      0.200      0.290    26.1632 0.0000e+00
      0.224      0.019     8.9481    110.539     36.934  37.764632     3.1529      8.336   193.3376 1.4886e+03     1.6532      0.222      0.321    26.1705 0.0000e+00
      0.240      0.016     8.9436    110.483     36.947  37.777338     3.1874      8.337   193.3132 1.3244e+03     1.7075      0.237      0.344    26.1603 0.0000e+00
      0.248      0.007     8.9398    110.453     36.953  37.788906     3.1946      8.338   193.4393 1.2812e+03     1.7144      0.247      0.358    26.1396 0.0000e+00
      0.244     -0.002     8.9405    110.482     36.934  37.777458     3.1656      8.337   193.5715 1.3378e+03     1.7060      0.243      0.352    26.1258 0.0000e+00
      0.230     -0.007     8.9494    110.600     36.920  37.765992     3.1040      8.334   193.6206 1.4213e+03     1.6982      0.225      0.326    26.1151 0.0000e+00
      0.216     -0.006     8.9628    110.759     36.933  37.777325     3.0741      8.330   193.6026 1.4107e+03     1.7111      0.208      0.301    26.1132 0.0000e+00
      0.213     -0.002     8.9739    110.894     36.943  37.787426     3.0710      8.327   193.6121 1.3230e+03     1.7406      0.205      0.296    26.1243 0.0000e+00
      0.222      0.002     8.9823    111.003     36.916  37.761070     3.0569      8.325   193.7366 1.2515e+03     1.7499      0.217      0.315    26.1398 0.0000e+00
      0.234      0.004     8.9900    111.099     36.868  37.712767     2.9958      8.327   194.1604 1.0109e+03     1.6703      0.232      0.336    26.1434 0.0000e+00
      0.240      0.002     8.9978    111.190     36.869  37.711632     2.8924      8.330   197.7039 8.9222e+02     1.5404      0.239      0.348    26.1347 0.0000e+00
      0.238     -0.002     9.0052    111.272     36.908  37.747335     2.8369      8.332   202.0790 1.1760e+03     1.4917      0.236      0.342    26.1346 0.0000e+00
      0.228     -0.006     9.0090    111.313     36.925  37.763277     2.8388      8.331   200.9434 1.3533e+03     1.5097      0.224      0.323    26.1392 0.0000e+00
      0.219     -0.009     9.0071    111.292     36.938  37.777317     2.9340      8.330   198.0832 1.3703e+03     1.5140      0.212      0.306    26.1407 0.0000e+00
      0.217     -0.009     8.9991    111.207     36.946  37.790039     3.1142      8.331   197.3522 1.4073e+03     1.5127      0.210      0.305    26.1366 0.0000e+00
      0.221     -0.009     8.9886    111.095     36.939  37.790059     3.2077      8.333   197.0096 1.2753e+03     1.4944      0.218      0.317    26.1301 0.0000e+00
      0.224     -0.010     8.9796    111.000     36.920  37.777572     3.2006      8.333   196.7798 1.0303e+03     1.4757      0.222      0.322    26.1275 0.0000e+00
      0.224     -0.011     8.9731    110.935     36.905  37.766125     3.1387      8.332   196.8118 7.8823e+02     1.5003      0.221      0.321    26.1270 0.0000e+00
      0.218     -0.012     8.9695    110.901     36.914  37.778717     3.0289      8.331   197.2242 5.5391e+02     1.5172      0.217      0.314    26.1354 0.0000e+00
      0.207     -0.010     8.9685    110.896     36.934  37.802772     2.9584      8.330   199.9584 4.2993e+02     1.4967      0.203      0.294    26.1472 0.0000e+00
      0.199     -0.005     8.9699    110.918     36.932  37.802858     2.9290      8.329   205.0914 3.9903e+02     1.4654      0.193      0.278    26.1549 0.0000e+00
      0.199      0.001     8.9737    110.962     36.910  37.779767     2.8111      8.330   210.5025 4.6954e+02     1.4754      0.192      0.279    26.1618 0.0000e+00
      0.204      0.006     8.9789    111.021     36.910  37.777684     2.6072      8.331   211.0934 7.1851e+02     1.5254      0.199      0.289    26.1657 0.0000e+00
      0.214      0.010     8.9854    111.101     36.911  37.777675     2.4954      8.331   204.4921 9.7315e+02     1.5202      0.210      0.304    26.1699 0.0000e+00
      0.221      0.014     8.9939    111.206     36.913  37.779651     2.4885      8.329   201.0666 1.0699e+03     1.4742      0.220      0.318    26.1746 0.0000e+00
      0.221      0.018     9.0001    111.285     36.933  37.801577     2.5516      8.327   204.8657 1.0808e+03     1.5177      0.219      0.317    26.1716 0.0000e+00
      0.218      0.025     8.9997    111.285     36.919  37.788670     2.6796      8.325   209.5590 1.1546e+03     1.6498      0.211      0.306    26.1668 0.0000e+00
      0.219      0.034     8.9967    111.243     36.884  37.750650     2.7586      8.324   212.1250 1.2946e+03     1.7290      0.212      0.307    26.1679 0.0000e+00
      0.229      0.044     8.9948    111.192     36.866  37.723055     2.7618      8.327   212.4024 1.3155e+03     1.7120      0.222      0.321    26.1680 0.0000e+00
      0.247      0.053     8.9917    111.110     36.868  37.709110     2.7460      8.333   211.2784 1.2573e+03     1.6886      0.241      0.349    26.1677 0.0000e+00
      0.270      0.058     8.9865    111.003     36.884  37.709074     2.7421      8.339   209.0328 1.2865e+03     1.6896      0.267      0.387    26.1725 0.0000e+00
      0.290      0.058     8.9833    110.923     36.912  37.722591     2.7512      8.344   205.5555 1.2947e+03     1.6944      0.287      0.415    26.1742 0.0000e+00
      0.303      0.054     8.9838    110.904     36.943  37.745463     2.7562      8.349   202.0155 1.2580e+03     1.7162      0.299      0.434    26.1597 0.0000e+00
      0.313      0.051     8.9870    110.941     36.930  37.731497     2.7472      8.352   200.1301 1.2054e+03     1.7086      0.308      0.447    26.1329 0.0000e+00
      0.321      0.051     8.9939    111.030     36.879  37.680779     2.6780      8.351   199.9672 1.1396e+03     1.6332      0.315      0.458    26.1118 0.0000e+00
      0.330      0.056     9.0043    111.138     36.847  37.640468     2.5539      8.350   204.1760 1.1066e+03     1.5675      0.323      0.468    26.0901 0.0000e+00
      0.343      0.061     9.0131    111.192     36.852  37.625257     2.4874      8.351   213.8496 1.0283e+03     1.5557      0.334      0.484    26.0746 0.0000e+00
      0.362      0.066     9.0182    111.191     36.874  37.623886     2.4907      8.352   220.6516 9.3909e+02     1.5513      0.353      0.512    26.0775 0.0000e+00
      0.386      0.066     9.0227    111.201     36.890  37.623854     2.5378      8.353   222.4915 9.0795e+02     1.5450      0.379      0.550    26.0848 0.0000e+00
      0.409      0.063     9.0287    111.256     36.897  37.624842     2.6256      8.356   225.1680 8.8746e+02     1.5406      0.405      0.587    26.0798 0.0000e+00
      0.426      0.057     9.0344    111.335     36.905  37.635827     2.6790      8.363   227.6323 8.4923e+02     1.5290      0.420      0.609    26.0455 0.0000e+00
      0.436      0.051     9.0353    111.368     36.891  37.629621     2.6865      8.371   228.3677 8.1063e+02     1.5260      0.429      0.621    26.0057 0.0000e+00
      0.442      0.048     9.0300    111.313     36.871  37.613345     2.6980      8.379   228.7256 7.6627e+02     1.5345      0.433      0.628    25.9841 0.0000e+00
      0.449      0.048     9.0195    111.178     36.889  37.629619     2.7265      8.384   228.8624 6.7014e+02     1.5408      0.438      0.635    25.9760 0.0000e+00
      0.461      0.052     9.0055    111.001     36.897  37.635808     2.7461      8.388   228.9024 5.6406e+02     1.5406      0.449      0.652    25.9820 0.0000e+00
      0.477      0.058     8.9938    110.856     36.886  37.624639     2.7520      8.392   229.0378 5.0265e+02     1.5627      0.467      0.677    25.9973 0.0000e+00
      0.497      0.063     8.9893    110.791     36.886  37.621636     2.7610      8.395   229.2079 4.7668e+02     1.5941      0.487      0.707    26.0051 0.0000e+00
      0.516      0.067     8.9911    110.800     36.870  37.599494     2.7620      8.397   229.4114 4.7490e+02     1.5540      0.506      0.735    25.9960 0.0000e+00
      0.532      0.069     8.9978    110.863     36.826  37.547499     2.7468      8.396   229.7768 4.8574e+02     1.4755      0.523      0.758    25.9933 0.0000e+00
      0.547      0.073     9.0086    110.964     36.791  37.501172     2.7329      8.393   230.2709 5.0392e+02     1.4688      0.536      0.778    25.9972 0.0000e+00
      0.563      0.078     9.0211    111.084     36.787  37.484040     2.7402      8.391   230.5677 5.3201e+02     1.5033      0.551      0.799    25.9906 0.0000e+00
      0.582      0.086     9.0317    111.177     36.784  37.467387     2.7523      8.390   230.5262 5.5506e+02     1.4953      0.569      0.826    25.9848 0.0000e+00
      0.605      0.092     9.0344    111.162     36.762  37.426852     2.7518      8.390   230.4572 5.6310e+02     1.4633      0.592      0.859    25.9764 0.0000e+00
      0.632      0.094     9.0239    110.972     36.733  37.375077     2.7514      8.392   230.2494 5.6935e+02     1.4530      0.618      0.897    25.9593 0.0000e+00
      0.662      0.091     9.0007    110.630     36.728  37.349554     2.7660      8.397   229.6481 5.7537e+02     1.4629      0.650      0.942    25.9412 0.0000e+00
      0.690      0.084     8.9704    110.223     36.763  37.372330     2.8180      8.402   228.9522 5.8262e+02     1.4602      0.681      0.988    25.9257 0.0000e+00
      0.711      0.074     8.9389    109.823     36.791  37.396337     2.8932      8.406   225.1044 5.8750e+02     1.4507      0.700      1.015    25.9019 0.0000e+00
      0.726      0.064     8.9083    109.444     36.781  37.385702     2.9313      8.409   216.6802 5.8260e+02     1.4705      0.713      1.035    25.8670 0.0000e+00
      0.736      0.058     8.8837    109.131     36.771  37.370800     2.9378      8.410   209.8654 5.8267e+02     1.4865      0.723      1.049    25.8369 0.0000e+00
      0.745      0.057     8.8681    108.922     36.750  37.343205     2.9726      8.408   207.4090 5.8712e+02     1.4908      0.729      1.057    25.8183 0.0000e+00
      0.756      0.060     8.8593    108.799     36.719  37.306141     3.0396      8.407   206.5968 5.8194e+02     1.4920      0.739      1.073    25.8150 0.0000e+00
      0.773      0.064     8.8572    108.763     36.720  37.303811     3.0768      8.408   207.1864 5.7124e+02     1.4704      0.756      1.097    25.8178 0.0000e+00
      0.795      0.067     8.8571    108.756     36.733  37.315036     3.0737      8.409   210.5799 5.5841e+02     1.4732      0.779      1.130    25.8110 0.0000e+00
      0.817      0.067     8.8539    108.713     36.734  37.314808     3.1028      8.410   214.2453 5.4547e+02     1.4961      0.802      1.165    25.8003 0.0000e+00
      0.836      0.063     8.8429    108.577     36.721  37.301052     3.1713      8.411   215.1097 5.3563e+02     1.5028      0.821      1.191    25.7932 0.0000e+00
      0.850      0.057     8.8205    108.302     36.696  37.275765     3.2127      8.411   215.0077 5.3109e+02     1.4934      0.835      1.211    25.7876 0.0000e+00
      0.861      0.052     8.7906    107.936     36.684  37.263165     3.2169      8.408   215.4222 5.3126e+02     1.4747      0.845      1.225    25.7846 0.0000e+00
      0.871      0.049     8.7616    107.578     36.696  37.275765     3.2410      8.404   215.9051 5.2936e+02     1.4899      0.853      1.238    25.7833 0.0000e+00
      0.882      0.047     8.7416    107.331     36.722  37.301052     3.2927      8.399   216.1996 5.2572e+02     1.5251      0.864      1.254    25.7826 0.0000e+00
      0.894      0.045     8.7309    107.199     36.737  37.314797     3.3181      8.394   216.2296 5.2338e+02     1.5341      0.876      1.271    25.7835 0.0000e+00
      0.909      0.044     8.7278    107.159     36.737  37.314910     3.3274      8.390   216.1827 5.1734e+02     1.5071      0.892      1.294    25.7841 0.0000e+00
      0.922      0.043     8.7335    107.228     36.725  37.302415     3.3409      8.387   216.1478 5.0515e+02     1.4724      0.906      1.313    25.7836 0.0000e+00
      0.932      0.042     8.7425    107.337     36.714  37.290770     3.3711      8.386   216.1516 4.9624e+02     1.4813      0.914      1.325    25.7826 0.0000e+00
      0.939      0.042     8.7470    107.392     36.724  37.301165     3.4264      8.382   216.3143 4.9352e+02     1.5226      0.921      1.336    25.7813 0.0000e+00
      0.948      0.044     8.7463    107.385     36.724  37.301052     3.4582      8.378   216.5666 4.9281e+02     1.5448      0.928      1.346    25.7803 0.0000e+00
      0.958      0.049     8.7443    107.360     36.712  37.289398     3.4608      8.375   216.7072 4.9225e+02     1.5356      0.938      1.360    25.7801 0.0000e+00
      0.971      0.054     8.7449    107.367     36.710  37.287317     3.4585      8.370   216.9818 4.8529e+02     1.5033      0.951      1.379    25.7798 0.0000e+00
      0.987      0.057     8.7499    107.426     36.699  37.275880     3.4578      8.366   218.4243 4.7238e+02     1.4902      0.966      1.402    25.7791 0.0000e+00
      1.006      0.058     8.7561    107.500     36.702  37.278171     3.4614      8.364   220.8128 4.6360e+02     1.4988      0.988      1.433    25.7793 0.0000e+00
      1.023      0.056     8.7582    107.525     36.738  37.315016     3.4650      8.362   221.5974 4.6012e+02     1.4860      1.005      1.458    25.7807 0.0000e+00
      1.038      0.053     8.7537    107.471     36.763  37.340208     3.4832      8.359   220.5979 4.5235e+02     1.4879      1.018      1.477    25.7805 0.0000e+00
      1.049      0.051     8.7417    107.322     36.752  37.328658     3.5152      8.355   219.9986 4.4082e+02     1.4911      1.029      1.492    25.7789 0.0000e+00
      1.059      0.052     8.7253    107.121     36.727  37.302426     3.5306      8.349   220.0310 4.3388e+02     1.4634      1.037      1.505    25.7778 0.0000e+00
      1.069      0.057     8.7113    106.949     36.703  37.277140     3.5231      8.342   220.2142 4.2878e+02     1.4575      1.047      1.520    25.7774 0.0000e+00
      1.081      0.064     8.7053    106.874     36.703  37.277026     3.4971      8.333   221.3529 4.2006e+02     1.4809      1.058      1.536    25.7777 0.0000e+00
