Data/DataNotYetUploadedToEDI/Raw_CTD/RawDownloads/090318_fcr50_b.cnv
* Sea-Bird SBE19plus  Data File:
* FileName = C:\DATA\090318_FCR50_0006.hex
* Software version 2.6.3.104 SB_Terminal.dll
* Temperature SN = 7809
* Conductivity SN = 7809
* System UpLoad Time = Sep 03 2018 15:41:09
* <ApplicationData>
* <Seaterm232>
# nquan = 15
# nvalues = 740                         
# units = specified
# name 0 = depFM: Depth [fresh water, m]
# name 1 = dz/dtM: Descent Rate [m/s]
# name 2 = sbeox0Mg/L: Oxygen, SBE 43 [mg/l]
# name 3 = sbeox0PS: Oxygen, SBE 43 [% saturation]
# name 4 = specc: Specific Conductance [uS/cm]
# name 5 = c0uS/cm: Conductivity [uS/cm]
# name 6 = flECO-AFL: Fluorescence, WET Labs ECO-AFL/FL [mg/m^3]
# name 7 = ph: pH
# name 8 = orp: Oxidation Reduction Potential [mV]
# name 9 = par/sat/log: PAR/Logarithmic, Satlantic
# name 10 = turbWETntu0: Turbidity, WET Labs ECO [NTU]
# name 11 = prdM: Pressure, Strain Gauge [db]
# name 12 = prdE: Pressure, Strain Gauge [psi]
# name 13 = tv290C: Temperature [ITS-90, deg C]
# name 14 = flag:  0.000e+00
# span 0 =     -0.464,      9.710       
# span 1 =     -0.072,      0.195       
# span 2 =     0.0648,     9.9880       
# span 3 =      0.602,    120.681       
# span 4 =      0.636,    167.003       
# span 5 =   0.683200, 123.436685       
# span 6 =    -0.2216,    16.9619       
# span 7 =      6.400,      8.896       
# span 8 = -1240.7455,   263.6454       
# span 9 = 1.2534e-01, 2.4660e+03       
# span 10 =    -0.4703,    39.4331      
# span 11 =     -0.455,      9.523      
# span 12 =     -0.659,     13.812      
# span 13 =    11.9316,    28.6840      
# span 14 = 0.0000e+00, 0.0000e+00      
# interval = seconds: 0.25
# start_time = Sep 03 2018 17:21:31 [Instrument's time stamp, header]
# bad_flag = -9.990e-29
*END*
[from data line 97]
      0.219 1.8781e-08     6.3458     80.133     38.237  40.030141     2.0862      8.152   218.5720 1.3609e+02     1.2409      0.215      0.312    27.3281 0.0000e+00
      0.219 1.7074e-09     6.2918     79.452     38.247  40.041803     2.0900      8.152   219.1163 1.3617e+02     1.2506      0.215      0.312    27.3310 0.0000e+00
      0.220 1.5524e-10     6.2375     78.768     38.259  40.055560     2.0889      8.153   219.4111 1.3675e+02     1.2704      0.216      0.313    27.3337 0.0000e+00
      0.220 1.4334e-11     6.1830     78.082     38.271  40.069402     2.0914      8.153   219.3833 1.3801e+02     1.2676      0.216      0.313    27.3358 0.0000e+00
      0.220 3.7330e-12     6.1295     77.409     38.282  40.082099     2.0915      8.154   219.2973 1.3781e+02     1.2473      0.216      0.313    27.3377 0.0000e+00
      0.220 2.7069e-11     6.0763     76.739     38.282  40.082014     2.0903      8.154   219.1452 1.3656e+02     1.2389      0.216      0.313    27.3395 0.0000e+00
      0.220 2.9648e-10     6.0238     76.076     38.268  40.068372     2.1141      8.154   219.0075 1.3580e+02     1.3187      0.215      0.312    27.3412 0.0000e+00
      0.220 3.2612e-09     5.9740     75.449     38.244  40.044226     2.1495      8.155   219.1806 1.3599e+02     1.4489      0.216      0.313    27.3425 0.0000e+00
      0.220 3.5873e-08     5.9267     74.854     38.243  40.044213     2.1596      8.155   219.5172 1.3633e+02     1.5009      0.216      0.313    27.3438 0.0000e+00
      0.220 3.9461e-07     5.8812     74.279     38.265  40.068208     2.1537      8.156   219.8072 1.3670e+02     1.4892      0.215      0.312    27.3448 0.0000e+00
      0.220      0.000     5.8369     73.722     38.276  40.080218     2.1431      8.157   220.0207 1.3695e+02     1.4294      0.216      0.313    27.3456 0.0000e+00
      0.220      0.000     5.7925     73.162     38.259  40.062343     2.1234      8.158   219.8609 1.3665e+02     1.3275      0.216      0.313    27.3467 0.0000e+00
      0.220      0.001     5.7480     72.602     38.239  40.042703     2.1083      8.158   219.4240 1.3619e+02     1.2638      0.215      0.312    27.3478 0.0000e+00
      0.220      0.001     5.7061     72.075     38.229  40.033361     2.0974      8.158   219.2988 1.3613e+02     1.2701      0.216      0.313    27.3490 0.0000e+00
      0.220     -0.001     5.6685     71.600     38.209  40.012922     2.0930      8.158   219.5517 1.3667e+02     1.2821      0.216      0.313    27.3501 0.0000e+00
      0.221     -0.006     5.6364     71.197     38.182  39.986177     2.1107      8.158   219.9010 1.3671e+02     1.2856      0.216      0.314    27.3515 0.0000e+00
      0.222     -0.010     5.6125     70.902     38.157  39.964136     2.1458      8.156   219.9942 1.3605e+02     1.3130      0.218      0.318    27.3527 0.0000e+00
      0.220     -0.012     5.5989     70.737     38.127  39.937035     2.1680      8.153   219.9036 1.3686e+02     1.3382      0.220      0.319    27.3534 0.0000e+00
      0.213     -0.012     5.5919     70.653     38.102  39.912655     2.1593      8.150   219.9242 1.3891e+02     1.3472      0.210      0.304    27.3541 0.0000e+00
      0.203     -0.008     5.5869     70.587     38.114  39.923497     2.1499      8.145   219.7263 1.3997e+02     1.3299      0.196      0.284    27.3544 0.0000e+00
      0.198     -0.002     5.5816     70.517     38.132  39.941051     2.1558      8.140   219.5766 1.4065e+02     1.3119      0.192      0.278    27.3603 0.0000e+00
      0.200      0.005     5.5731     70.412     38.124  39.934286     2.1573      8.134   220.0926 1.3994e+02     1.3128      0.193      0.281    27.3697 0.0000e+00
      0.207      0.011     5.5604     70.252     38.096  39.905244     2.1586      8.129   220.6310 1.3719e+02     1.2794      0.202      0.293    27.3722 0.0000e+00
      0.215      0.012     5.5422     70.019     38.040  39.844045     2.1621      8.125   220.4070 1.3515e+02     1.2441      0.213      0.308    27.3677 0.0000e+00
      0.221      0.004     5.5201     69.740     37.965  39.766135     2.1543      8.125   219.6220 1.3432e+02     1.2525      0.217      0.315    27.3644 0.0000e+00
      0.224     -0.012     5.5037     69.567     37.906  39.725653     2.1556      8.127   219.1416 1.3454e+02     1.2582      0.221      0.320    27.3688 0.0000e+00
      0.223     -0.027     5.5080     69.694     37.873  39.735818     2.1694      8.127   219.5024 1.3640e+02     1.2522      0.223      0.323    27.3691 0.0000e+00
      0.213     -0.037     5.5419     70.192     37.859  39.762044     2.1370      8.124   220.3705 1.4129e+02     1.2403      0.215      0.311    27.3662 0.0000e+00
      0.191     -0.040     5.6016     70.974     37.869  39.788694     2.0661      8.118   221.2063 1.4761e+02     1.2365      0.187      0.273    27.3568 0.0000e+00
      0.168     -0.038     5.6780     71.934     37.889  39.803919     2.0296      8.113   221.5200 1.5218e+02     1.2675      0.159      0.230    27.3752 0.0000e+00
      0.158     -0.031     5.7625     72.982     37.915  39.819053     2.0261      8.109   221.4101 1.5611e+02     1.3104      0.150      0.218    27.4563 0.0000e+00
      0.158     -0.021     5.8462     74.019     37.952  39.844584     2.0425      8.109   221.3416 1.5702e+02     1.3585      0.156      0.226    27.5226 0.0000e+00
      0.160     -0.010     5.9207     74.938     37.979  39.858458     2.0719      8.111   221.4652 1.5273e+02     1.4220      0.159      0.230    27.5370 0.0000e+00
      0.160     -0.002     5.9813     75.676     37.996  39.859713     2.0783      8.113   221.8726 1.4840e+02     1.4670      0.157      0.228    27.5242 0.0000e+00
      0.159      0.002     6.0273     76.225     38.013  39.859727     2.0735      8.115   222.3089 1.4841e+02     1.5056      0.156      0.226    27.5035 0.0000e+00
      0.159      0.002     6.0592     76.598     38.028  39.858595     2.0788      8.118   222.4388 1.4976e+02     1.5231      0.155      0.225    27.4869 0.0000e+00
      0.160      0.002     6.0795     76.833     38.027  39.845996     2.1051      8.122   222.4112 1.4926e+02     1.4347      0.156      0.226    27.4692 0.0000e+00
      0.162      0.003     6.0917     76.971     38.025  39.834447     2.1529      8.126   222.4047 1.4820e+02     1.2915      0.158      0.230    27.4475 0.0000e+00
      0.164      0.004     6.0967     77.018     38.045  39.846014     2.1782      8.129   222.4466 1.4691e+02     1.2258      0.161      0.233    27.4212 0.0000e+00
      0.164      0.004     6.0941     76.970     38.065  39.858774     2.1731      8.130   222.5734 1.4734e+02     1.2504      0.162      0.235    27.3985 0.0000e+00
      0.164      0.003     6.0834     76.822     38.074  39.861639     2.1554      8.131   222.6478 1.4836e+02     1.2836      0.161      0.234    27.3835 0.0000e+00
      0.165      0.002     6.0648     76.577     38.098  39.880647     2.1289      8.132   222.5712 1.4928e+02     1.2606      0.162      0.235    27.3725 0.0000e+00
      0.166      0.002     6.0401     76.258     38.118  39.897984     2.1107      8.135   222.2491 1.5363e+02     1.2170      0.163      0.236    27.3605 0.0000e+00
      0.166      0.002     6.0106     75.880     38.104  39.880658     2.1092      8.138   221.7649 1.5607e+02     1.2140      0.163      0.236    27.3487 0.0000e+00
      0.166      0.002     5.9777     75.462     38.088  39.861758     2.1292      8.141   221.6213 1.5356e+02     1.2254      0.163      0.237    27.3394 0.0000e+00
      0.167      0.002     5.9432     75.027     38.087  39.860059     2.1600      8.143   221.8893 1.5369e+02     1.2329      0.164      0.237    27.3324 0.0000e+00
      0.168      0.002     5.9076     74.577     38.087  39.860110     2.1690      8.145   222.3378 1.6736e+02     1.2434      0.165      0.239    27.3275 0.0000e+00
      0.168      0.002     5.8706     74.112     38.088  39.862386     2.1647      8.146   222.7418 1.8259e+02     1.2603      0.166      0.240    27.3235 0.0000e+00
      0.168      0.002     5.8323     73.630     38.111  39.887580     2.1637      8.146   222.7303 1.7467e+02     1.2848      0.165      0.240    27.3211 0.0000e+00
      0.169      0.001     5.7936     73.142     38.133  39.910595     2.1569      8.146   222.4571 1.5673e+02     1.2954      0.165      0.240    27.3211 0.0000e+00
      0.170      0.001     5.7563     72.672     38.109  39.886513     2.1558      8.147   222.3638 1.4828e+02     1.2974      0.167      0.242    27.3222 0.0000e+00
      0.170      0.001     5.7216     72.233     38.075  39.850544     2.1590      8.147   222.3768 1.4659e+02     1.2781      0.167      0.242    27.3232 0.0000e+00
      0.170      0.001     5.6879     71.806     38.082  39.856906     2.1591      8.147   222.5285 1.4657e+02     1.2752      0.167      0.242    27.3242 0.0000e+00
      0.170      0.000     5.6556     71.396     38.125  39.899898     2.1661      8.146   222.9937 1.4619e+02     1.3239      0.167      0.242    27.3252 0.0000e+00
      0.170 2.2016e-08     5.6268     71.027     38.152  39.925609     2.1702      8.146   223.3549 1.4615e+02     1.3473      0.167      0.242    27.3257 0.0000e+00
      0.170 2.4218e-07     5.5983     70.663     38.143  39.913636     2.1719      8.147   223.3685 1.4491e+02     1.3449      0.167      0.242    27.3254 0.0000e+00
      0.170 6.1473e-07     5.5709     70.313     38.115  39.882196     2.1694      8.148   223.4161 1.4406e+02     1.3249      0.167      0.242    27.3240 0.0000e+00
      0.170      0.000     5.5501     70.046     38.100  39.863147     2.1574      8.148   223.5859 1.4600e+02     1.2895      0.167      0.242    27.3219 0.0000e+00
      0.170      0.000     5.5315     69.807     38.112  39.873914     2.1559      8.149   223.8727 1.4742e+02     1.2825      0.167      0.242    27.3187 0.0000e+00
      0.170      0.001     5.5108     69.542     38.126  39.885300     2.1595      8.150   224.2170 1.4689e+02     1.3017      0.168      0.243    27.3150 0.0000e+00
      0.170      0.001     5.4909     69.288     38.117  39.873749     2.1554      8.150   224.3073 1.4938e+02     1.3078      0.167      0.242    27.3111 0.0000e+00
      0.171      0.001     5.4709     69.033     38.107  39.861312     2.1334      8.152   224.2764 1.5381e+02     1.2950      0.167      0.243    27.3074 0.0000e+00
      0.171      0.001     5.4498     68.767     38.108  39.861989     2.0958      8.153   224.1870 1.5701e+02     1.3002      0.168      0.244    27.3039 0.0000e+00
      0.172      0.001     5.4282     68.494     38.126  39.881934     2.0779      8.153   224.0875 1.6369e+02     1.3089      0.169      0.245    27.3003 0.0000e+00
      0.172      0.001     5.4034     68.182     38.153  39.911868     2.0910      8.154   224.4491 1.6579e+02     1.3093      0.169      0.245    27.2973 0.0000e+00
      0.172      0.001     5.3756     67.833     38.147  39.906248     2.1172      8.155   225.1178 1.5934e+02     1.3048      0.169      0.245    27.2957 0.0000e+00
      0.172      0.000     5.3471     67.476     38.118  39.877520     2.1471      8.156   225.4613 1.5336e+02     1.2856      0.169      0.245    27.2953 0.0000e+00
      0.172      0.000     5.3198     67.133     38.122  39.882197     2.1673      8.156   225.5058 1.4785e+02     1.2599      0.168      0.244    27.2962 0.0000e+00
      0.172      0.000     5.2938     66.805     38.138  39.899265     2.1676      8.156   225.5695 1.4513e+02     1.2389      0.169      0.245    27.2974 0.0000e+00
      0.172      0.001     5.2675     66.474     38.132  39.893275     2.1515      8.156   225.5430 1.4554e+02     1.2445      0.169      0.245    27.2989 0.0000e+00
      0.172      0.002     5.2430     66.165     38.113  39.873312     2.1195      8.155   225.3576 1.4476e+02     1.2669      0.168      0.244    27.3006 0.0000e+00
      0.172      0.004     5.2238     65.921     38.090  39.848498     2.0935      8.154   225.3926 1.4299e+02     1.2657      0.169      0.245    27.3020 0.0000e+00
      0.173      0.004     5.2070     65.709     38.090  39.847384     2.0942      8.154   225.7937 1.4260e+02     1.2597      0.170      0.246    27.3030 0.0000e+00
      0.175      0.004     5.1904     65.502     38.100  39.859846     2.1183      8.154   226.1636 1.4464e+02     1.2867      0.170      0.248    27.3037 0.0000e+00
      0.178      0.001     5.1755     65.314     38.111  39.872101     2.1465      8.153   225.7353 1.4439e+02     1.3170      0.175      0.254    27.3034 0.0000e+00
      0.179     -0.007     5.1617     65.143     38.106  39.868500     2.1586      8.153   224.6591 1.4279e+02     1.3212      0.177      0.256    27.3006 0.0000e+00
      0.179     -0.020     5.1521     65.048     38.040  39.816304     2.1551      8.152   223.9058 1.4418e+02     1.3068      0.176      0.255    27.3006 0.0000e+00
      0.176     -0.037     5.1538     65.144     37.930  39.749296     2.1218      8.151   223.6833 1.4728e+02     1.2949      0.175      0.254    27.3026 0.0000e+00
      0.166     -0.054     5.1749     65.516     37.812  39.693731     2.0694      8.149   223.8609 1.5680e+02     1.3002      0.167      0.242    27.3058 0.0000e+00
      0.146     -0.067     5.2219     66.199     37.597  39.525797     2.0455      8.146   223.9885 1.6929e+02     1.3095      0.146      0.211    27.3005 0.0000e+00
      0.121     -0.072     5.3146     67.377     37.265  39.180180     2.0437      8.143   223.8499 1.7170e+02     1.3150      0.120      0.174    27.3080 0.0000e+00
      0.094     -0.071     5.5206     69.844     37.060  38.882149     2.0382      8.139   223.8193 1.6793e+02     1.3062      0.091      0.133    27.3821 0.0000e+00
      0.071     -0.061     5.9288     74.761     37.092  38.781143     2.0157      8.134   223.9638 1.6706e+02     1.2955      0.066      0.094    27.4872 0.0000e+00
      0.057     -0.047     6.5418     82.259     37.208  38.784621     1.9826      8.129   224.0481 1.6719e+02     1.3071      0.053      0.076    27.5795 0.0000e+00
      0.052     -0.032     7.2503     91.010     37.293  38.796943     1.9688      8.123   224.0636 1.6663e+02     1.3238      0.051      0.074    27.6135 0.0000e+00
      0.050     -0.022     7.9403     99.575     37.339  38.802956     1.9687      8.120   224.3235 1.6683e+02     1.3149      0.049      0.071    27.4828 0.0000e+00
      0.050     -0.015     8.5376    107.010     37.352  38.793723     1.9721      8.120   224.6954 1.6674e+02     1.2905      0.048      0.071    27.2526 0.0000e+00
      0.048     -0.011     8.9935    112.688     37.322  38.748805     1.9736      8.121   224.8607 1.6645e+02     1.2740      0.050      0.073    27.0882 0.0000e+00
      0.042     -0.008     9.2930    116.406     37.292  38.704556     1.9677      8.122   224.8597 1.6643e+02     1.2670      0.042      0.061    26.9964 0.0000e+00
      0.035     -0.005     9.4385    118.191     37.303  38.703412     1.9562      8.124   224.8545 1.6657e+02     1.2679      0.033      0.047    26.9439 0.0000e+00
      0.035     -0.001     9.4479    118.286     37.341  38.734961     1.9461      8.126   225.2289 1.6678e+02     1.3144      0.032      0.048    26.9208 0.0000e+00
      0.038      0.004     9.3639    117.244     37.371  38.768338     1.9547      8.129   225.8584 1.6709e+02     1.4027      0.038      0.055    26.9047 0.0000e+00
      0.042      0.009     9.2388    115.696     37.385  38.789328     1.9689      8.132   226.0124 1.6788e+02     1.4505      0.042      0.060    26.8886 0.0000e+00
      0.045      0.014     9.1145    114.133     37.395  38.798162     1.9707      8.135   225.8003 1.6858e+02     1.4652      0.043      0.063    26.8683 0.0000e+00
      0.049      0.018     9.0097    112.792     37.418  38.811608     1.9674      8.137   225.6169 1.6941e+02     1.4581      0.048      0.070    26.8518 0.0000e+00
