Data/DataNotYetUploadedToEDI/Raw_CTD/RawDownloads/090318_fcr30.cnv
* Sea-Bird SBE19plus  Data File:
* FileName = C:\DATA\090318_FCR50_0004.hex
* Software version 2.6.3.104 SB_Terminal.dll
* Temperature SN = 7809
* Conductivity SN = 7809
* System UpLoad Time = Sep 03 2018 15:39:54
* <ApplicationData>
* <Seaterm232>
# nquan = 15
# nvalues = 1176                        
# units = specified
# name 0 = depFM: Depth [fresh water, m]
# name 1 = dz/dtM: Descent Rate [m/s]
# name 2 = sbeox0Mg/L: Oxygen, SBE 43 [mg/l]
# name 3 = sbeox0PS: Oxygen, SBE 43 [% saturation]
# name 4 = specc: Specific Conductance [uS/cm]
# name 5 = c0uS/cm: Conductivity [uS/cm]
# name 6 = flECO-AFL: Fluorescence, WET Labs ECO-AFL/FL [mg/m^3]
# name 7 = ph: pH
# name 8 = orp: Oxidation Reduction Potential [mV]
# name 9 = par/sat/log: PAR/Logarithmic, Satlantic
# name 10 = turbWETntu0: Turbidity, WET Labs ECO [NTU]
# name 11 = prdM: Pressure, Strain Gauge [db]
# name 12 = prdE: Pressure, Strain Gauge [psi]
# name 13 = tv290C: Temperature [ITS-90, deg C]
# name 14 = flag:  0.000e+00
# span 0 =     -0.451,      5.479       
# span 1 =     -0.101,      0.222       
# span 2 =     0.0630,    10.2856       
# span 3 =      0.595,    125.769       
# span 4 =      1.093,     99.843       
# span 5 =   1.197906,  76.408524       
# span 6 =    -0.1676,   251.2420       
# span 7 =      6.309,      8.605       
# span 8 =    58.3656,   265.3197       
# span 9 = 1.0313e+00, 2.2634e+03       
# span 10 =   -10.2013,    21.5608      
# span 11 =     -0.443,      5.374      
# span 12 =     -0.642,      7.794      
# span 13 =    12.6835,    29.9903      
# span 14 = 0.0000e+00, 0.0000e+00      
# interval = seconds: 0.25
# start_time = Sep 03 2018 15:53:13 [Instrument's time stamp, header]
# bad_flag = -9.990e-29
*END*
     -0.451 5.1974e-09     7.5038     99.247      1.112   1.222540    -0.1536      6.713   233.7939 1.9064e+03     0.1830     -0.442     -0.641    29.9814 0.0000e+00
     -0.451 5.7171e-08     7.5029     99.235      1.172   1.289032    -0.1574      6.739   218.0280 1.5704e+03     0.2983     -0.442     -0.641    29.9811 0.0000e+00
     -0.451 6.2888e-07     7.5025     99.231      1.219   1.340182    -0.1676      6.740   213.5437 1.2228e+03     1.3793     -0.442     -0.641    29.9814 0.0000e+00
     -0.451      0.000     7.5023     99.231      1.270   1.397105    -0.1400      6.722   204.3532 7.2881e+02     3.7632     -0.442     -0.641    29.9810 0.0000e+00
     -0.451      0.000     7.5022     99.230      1.336   1.469970    -0.0713      6.707   201.8084 6.8712e+02     5.6842     -0.443     -0.642    29.9818 0.0000e+00
     -0.451      0.001     7.5028     99.235      1.385   1.523648    -0.0262      6.703   204.5423 1.2437e+03     6.2642     -0.442     -0.641    29.9819 0.0000e+00
     -0.451      0.004     7.5072     99.243      1.284   1.411988     0.0475      6.714   211.2526 1.6754e+03     6.6562     -0.442     -0.641    29.9835 0.0000e+00
     -0.451      0.011     7.5262     99.254      1.093   1.197906     0.8291      6.740   207.1411 1.8616e+03    10.5759     -0.442     -0.641    29.9828 0.0000e+00
     -0.451      0.019     7.5649     99.263      1.118   1.218041     2.3020      6.769   179.6958 1.9429e+03    17.7376     -0.442     -0.640    29.9865 0.0000e+00
     -0.448      0.025     7.6086     99.267      1.825   1.972505     3.6018      6.794   153.5349 1.9734e+03    21.5608     -0.443     -0.642    29.9821 0.0000e+00
     -0.437      0.032     7.6421     99.262      6.528   7.022544     9.4219      6.851   123.9987 2.0257e+03    21.1562     -0.433     -0.628    29.9903 0.0000e+00
     -0.421      0.042     7.6649     99.250     17.173  18.440954    72.6538      7.050    72.5206 2.0605e+03    13.0289     -0.408     -0.592    29.8920 0.0000e+00
     -0.410      0.057     7.6812     99.237     28.987  31.079865   188.5323      7.438    58.3656 2.0505e+03    -1.9368     -0.400     -0.579    29.5326 0.0000e+00
     -0.404      0.079     7.6924     99.221     36.454  39.032225   251.2420      7.863    95.6776 1.9353e+03   -10.0698     -0.399     -0.579    29.1529 0.0000e+00
     -0.391      0.104     7.7001     99.207     38.376  41.046010   251.1880      8.175   121.9389 1.5383e+03   -10.2013     -0.387     -0.561    28.9142 0.0000e+00
     -0.365      0.132     7.7093     99.227     37.846  40.437918   187.8696      8.366   129.6441 1.0935e+03    -3.2829     -0.364     -0.527    28.7443 0.0000e+00
     -0.323      0.160     7.7261     99.324     37.487  40.003295    70.8714      8.466   122.7631 1.1885e+03     9.5219     -0.324     -0.469    28.6198 0.0000e+00
     -0.268      0.186     7.7539     99.551     37.343  39.793695     7.0243      8.499   105.3359 1.6726e+03    16.4445     -0.263     -0.381    28.5252 0.0000e+00
     -0.209      0.206     7.7927     99.931     37.286  39.682547     1.2258      8.500    96.6040 1.9802e+03    16.6651     -0.202     -0.293    28.4681 0.0000e+00
     -0.154      0.218     7.8376    100.406     37.260  39.612342     0.9090      8.486    95.4824 2.0905e+03    12.7691     -0.150     -0.217    28.4247 0.0000e+00
     -0.101      0.222     7.8861    100.932     37.267  39.580115     1.2739      8.466    96.2484 2.1670e+03     5.5939     -0.101     -0.146    28.3502 0.0000e+00
     -0.046      0.218     7.9402    101.517     37.278  39.546961     1.5021      8.446    96.0579 2.2286e+03     1.6891     -0.048     -0.070    28.2696 0.0000e+00
      0.016      0.212     7.9977    102.115     37.254  39.465541     1.5171      8.425    95.5883 2.2634e+03     1.3232      0.015      0.022    28.2026 0.0000e+00
      0.076      0.204     8.0545    102.668     37.280  39.421524     1.5203      8.401    95.3886 2.1065e+03     1.2614      0.079      0.115    28.1473 0.0000e+00
      0.127      0.189     8.1104    103.173     37.395  39.459383     1.6235      8.377    95.1914 1.6989e+03     1.3094      0.129      0.186    28.1000 0.0000e+00
      0.171      0.165     8.1612    103.619     37.490  39.478413     1.8270      8.359    95.0966 1.3122e+03     1.4454      0.167      0.242    28.0412 0.0000e+00
      0.215      0.134     8.1988    103.964     37.525  39.460893     1.9510      8.344    95.1887 1.2177e+03     1.5005      0.211      0.307    27.9689 0.0000e+00
      0.253      0.100     8.2237    104.211     37.469  39.374524     1.9641      8.330    95.7031 1.2172e+03     1.4580      0.255      0.370    27.8750 0.0000e+00
      0.275      0.066     8.2479    104.433     37.272  39.132950     1.9579      8.315    96.4982 1.0407e+03     1.3895      0.275      0.399    27.7538 0.0000e+00
      0.282      0.035     8.2642    104.468     37.046  38.827164     1.9493      8.300    97.4029 9.4847e+02     1.3121      0.278      0.404    27.6277 0.0000e+00
      0.281      0.008     8.2438    103.968     36.921  38.599649     1.9424      8.285    98.9836 1.1210e+03     1.2854      0.277      0.403    27.5556 0.0000e+00
      0.275     -0.012     8.1789    102.909     36.897  38.478445     1.9398      8.271   107.7809 1.3669e+03     1.2810      0.270      0.392    27.5391 0.0000e+00
      0.266     -0.025     8.0809    101.484     36.937  38.441570     1.9264      8.256   116.9564 1.4005e+03     1.2587      0.260      0.377    27.5115 0.0000e+00
      0.258     -0.030     7.9545     99.771     37.015  38.471333     1.8998      8.239   112.6144 1.4599e+03     1.2601      0.252      0.366    27.4142 0.0000e+00
      0.251     -0.028     7.8054     97.860     37.140  38.584101     1.8844      8.218   106.3033 1.7575e+03     1.2662      0.246      0.357    27.2633 0.0000e+00
      0.241     -0.019     7.6588     96.057     37.261  38.724989     1.8880      8.197   105.7806 1.7955e+03     1.2727      0.239      0.346    27.1258 0.0000e+00
      0.230     -0.010     7.5427     94.656     37.288  38.777156     1.8881      8.181   105.9511 1.4439e+03     1.2767      0.223      0.323    27.0203 0.0000e+00
      0.225     -0.003     7.4578     93.633     37.263  38.770169     1.8854      8.170   106.3846 1.1469e+03     1.2542      0.212      0.308    26.9426 0.0000e+00
      0.234     -0.003     7.3918     92.838     37.246  38.767602     1.8919      8.161   106.8922 1.3123e+03     1.2448      0.229      0.332    26.9183 0.0000e+00
      0.246     -0.011     7.3317     92.113     37.212  38.746142     1.8937      8.152   107.5289 1.5112e+03     1.2544      0.245      0.356    26.9570 0.0000e+00
      0.249     -0.025     7.2688     91.352     37.157  38.701305     1.8605      8.145   108.2319 1.4211e+03     1.2488      0.246      0.356    26.9966 0.0000e+00
      0.242     -0.045     7.2055     90.589     37.112  38.670223     1.7943      8.140   108.9395 1.4626e+03     1.2377      0.243      0.353    27.0156 0.0000e+00
      0.222     -0.065     7.1400     89.807     37.110  38.688020     1.7550      8.138   110.9222 1.4652e+03     1.2427      0.223      0.323    27.0374 0.0000e+00
      0.192     -0.079     7.0662     88.927     37.125  38.725916     1.7620      8.138   121.7076 1.4599e+03     1.2778      0.186      0.270    27.0557 0.0000e+00
      0.163     -0.081     6.9842     87.953     37.119  38.747270     1.7782      8.138   132.4844 1.6497e+03     1.2967      0.158      0.229    27.0705 0.0000e+00
      0.140     -0.074     6.9052     87.029     37.096  38.755660     1.7759      8.138   126.8778 1.7668e+03     1.2875      0.137      0.198    27.0905 0.0000e+00
      0.120     -0.059     6.8537     86.443     37.075  38.763875     1.7619      8.133   118.5334 1.7750e+03     1.2887      0.116      0.167    27.1185 0.0000e+00
      0.107     -0.043     6.8486     86.423     37.073  38.783123     1.7554      8.126   117.2029 1.7835e+03     1.2807      0.102      0.148    27.1467 0.0000e+00
      0.102     -0.028     6.8850     86.910     37.073  38.797827     1.7519      8.121   116.9847 1.8060e+03     1.2820      0.099      0.143    27.1811 0.0000e+00
      0.101     -0.018     6.9420     87.652     37.079  38.814613     1.7200      8.117   117.1001 1.7834e+03     1.2739      0.099      0.143    27.2325 0.0000e+00
      0.101     -0.010     7.0006     88.414     37.112  38.859035     1.6641      8.113   117.3935 1.7315e+03     1.2436      0.100      0.144    27.2780 0.0000e+00
      0.100     -0.005     7.0491     89.046     37.134  38.890222     1.6362      8.110   117.6931 1.7201e+03     1.2518      0.099      0.144    27.3036 0.0000e+00
      0.096     -0.001     7.0797     89.451     37.110  38.874056     1.6309      8.108   117.9692 1.7339e+03     1.2821      0.095      0.137    27.3203 0.0000e+00
      0.094      0.001     7.0824     89.506     37.082  38.854173     1.6461      8.108   118.3218 1.7486e+03     1.2736      0.091      0.131    27.3329 0.0000e+00
      0.094      0.002     7.0458     89.068     37.058  38.840436     1.6822      8.108   118.7731 1.7748e+03     1.2403      0.091      0.133    27.3462 0.0000e+00
      0.098      0.003     6.9707     88.141     37.043  38.835038     1.7000      8.109   119.2960 1.7957e+03     1.2162      0.096      0.140    27.3593 0.0000e+00
      0.102      0.005     6.8754     86.954     37.051  38.852453     1.7059      8.109   119.9120 1.7937e+03     1.2265      0.101      0.147    27.3693 0.0000e+00
      0.104      0.007     6.7869     85.848     37.052  38.860427     1.7259      8.109   120.4563 1.7832e+03     1.2731      0.103      0.149    27.3816 0.0000e+00
      0.103      0.007     6.7259     85.085     37.055  38.867925     1.7571      8.109   120.9734 1.7774e+03     1.2908      0.101      0.145    27.3995 0.0000e+00
      0.103      0.006     6.6951     84.694     37.067  38.879580     1.7713      8.109   121.6043 1.7787e+03     1.2581      0.099      0.143    27.4143 0.0000e+00
      0.105      0.002     6.6841     84.553     37.063  38.874286     1.7685      8.108   122.2329 1.7866e+03     1.2133      0.103      0.149    27.4247 0.0000e+00
      0.108     -0.003     6.6868     84.592     37.054  38.867455     1.7509      8.107   122.8958 1.7971e+03     1.2065      0.106      0.154    27.4346 0.0000e+00
      0.110     -0.009     6.7047     84.815     37.049  38.860525     1.7154      8.106   123.5109 1.8121e+03     1.2366      0.109      0.158    27.4430 0.0000e+00
      0.110     -0.014     6.7426     85.281     37.049  38.854012     1.6971      8.106   123.9052 1.8289e+03     1.2719      0.111      0.161    27.4396 0.0000e+00
      0.102     -0.019     6.7969     85.957     37.053  38.852232     1.6949      8.107   124.2210 1.8367e+03     1.2678      0.102      0.148    27.4329 0.0000e+00
      0.090     -0.020     6.8468     86.573     37.047  38.838997     1.6890      8.108   124.5760 1.8220e+03     1.2173      0.085      0.125    27.4428 0.0000e+00
      0.081     -0.017     6.8724     86.869     37.042  38.821038     1.6997      8.108   125.5311 1.7884e+03     1.1801      0.076      0.111    27.4427 0.0000e+00
      0.078     -0.011     6.8661     86.758     37.061  38.825660     1.7322      8.109   130.9511 1.7726e+03     1.1837      0.075      0.108    27.4266 0.0000e+00
      0.078     -0.003     6.8281     86.268     37.071  38.831327     1.7597      8.110   136.4199 1.7863e+03     1.2308      0.075      0.109    27.4214 0.0000e+00
      0.081      0.004     6.7632     85.466     37.057  38.826013     1.7662      8.110   133.6630 1.8095e+03     1.2618      0.079      0.115    27.4174 0.0000e+00
      0.084      0.008     6.6822     84.465     37.046  38.824959     1.7737      8.110   129.6248 1.8461e+03     1.2528      0.083      0.120    27.3970 0.0000e+00
      0.087      0.008     6.5977     83.408     37.035  38.818614     1.7949      8.110   129.0643 1.8730e+03     1.2441      0.085      0.124    27.3682 0.0000e+00
      0.091      0.007     6.5182     82.406     37.027  38.812825     1.8021      8.111   129.0373 1.8642e+03     1.2478      0.089      0.130    27.3586 0.0000e+00
      0.092      0.004     6.4519     81.572     37.031  38.818500     1.7968      8.113   129.2986 1.8539e+03     1.2675      0.091      0.132    27.3789 0.0000e+00
      0.092      0.000     6.4008     80.933     37.032  38.823697     1.7668      8.115   129.7289 1.8534e+03     1.2686      0.089      0.130    27.3987 0.0000e+00
      0.092     -0.002     6.3584     80.409     37.015  38.812146     1.7151      8.117   130.1954 1.8549e+03     1.2606      0.090      0.131    27.4032 0.0000e+00
      0.090     -0.002     6.3219     79.964     37.001  38.805906     1.6951      8.119   130.5517 1.8623e+03     1.2627      0.089      0.129    27.4042 0.0000e+00
      0.087     -0.001     6.2909     79.586     37.001  38.811790     1.7000      8.121   130.7673 1.8709e+03     1.2635      0.086      0.124    27.4053 0.0000e+00
      0.086      0.000     6.2624     79.236     37.003  38.819760     1.7289      8.122   130.9102 1.8812e+03     1.2706      0.084      0.122    27.4104 0.0000e+00
      0.087      0.000     6.2335     78.881     37.016  38.838751     1.7780      8.123   131.1608 1.8847e+03     1.2572      0.084      0.121    27.4209 0.0000e+00
      0.089      0.001     6.2020     78.490     37.022  38.850830     1.7971      8.126   131.6464 1.8740e+03     1.2539      0.088      0.127    27.4325 0.0000e+00
      0.091      0.001     6.1676     78.063     37.007  38.838760     1.8041      8.128   132.1344 1.8556e+03     1.2914      0.090      0.131    27.4421 0.0000e+00
      0.091      0.000     6.1323     77.624     36.985  38.819870     1.8257      8.129   132.5872 1.8412e+03     1.3143      0.090      0.131    27.4495 0.0000e+00
      0.090     -0.001     6.0974     77.190     36.975  38.813045     1.8377      8.129   133.1639 1.8346e+03     1.2860      0.088      0.128    27.4560 0.0000e+00
      0.088     -0.001     6.0634     76.767     36.977  38.819770     1.8300      8.129   133.6000 1.8231e+03     1.2543      0.087      0.126    27.4621 0.0000e+00
      0.087     -0.000     6.0295     76.347     36.989  38.837664     1.8159      8.130   133.8164 1.8123e+03     1.2665      0.085      0.125    27.4685 0.0000e+00
      0.087      0.002     5.9953     75.923     36.986  38.838809     1.8135      8.130   134.1457 1.8215e+03     1.2811      0.083      0.122    27.4742 0.0000e+00
      0.088      0.005     5.9604     75.489     36.976  38.833610     1.8200      8.131   134.6565 1.8333e+03     1.2785      0.086      0.125    27.4795 0.0000e+00
      0.090      0.008     5.9257     75.059     36.976  38.838341     1.8201      8.133   135.3462 1.8286e+03     1.2652      0.088      0.128    27.4856 0.0000e+00
      0.092      0.011     5.8921     74.641     36.966  38.832490     1.8152      8.135   136.0318 1.8259e+03     1.2426      0.089      0.130    27.4921 0.0000e+00
      0.095      0.013     5.8570     74.205     36.956  38.826405     1.8157      8.135   136.4937 1.8321e+03     1.2498      0.094      0.136    27.4987 0.0000e+00
      0.099      0.014     5.8208     73.753     36.954  38.828311     1.8264      8.135   137.2310 1.8283e+03     1.2905      0.097      0.141    27.5051 0.0000e+00
      0.104      0.013     5.7843     73.296     36.977  38.855544     1.8345      8.136   138.3212 1.8248e+03     1.3073      0.101      0.147    27.5112 0.0000e+00
      0.109      0.012     5.7469     72.828     37.018  38.901562     1.8303      8.136   139.2637 1.8771e+03     1.2701      0.107      0.156    27.5179 0.0000e+00
      0.112      0.010     5.7173     72.452     37.055  38.939996     1.8216      8.137   142.9488 1.9838e+03     1.2376      0.110      0.160    27.5248 0.0000e+00
      0.113      0.007     5.7080     72.322     37.060  38.939046     1.8215      8.138   146.6543 2.0725e+03     1.2500      0.110      0.159    27.5294 0.0000e+00
