Data/DataNotYetUploadedToEDI/Raw_CTD/RawDownloads/090318_fcr20.cnv
* Sea-Bird SBE19plus  Data File:
* FileName = C:\DATA\090318_FCR50_0003.hex
* Software version 2.6.3.104 SB_Terminal.dll
* Temperature SN = 7809
* Conductivity SN = 7809
* System UpLoad Time = Sep 03 2018 15:38:33
* <ApplicationData>
* <Seaterm232>
# nquan = 15
# nvalues = 687                         
# units = specified
# name 0 = depFM: Depth [fresh water, m]
# name 1 = dz/dtM: Descent Rate [m/s]
# name 2 = sbeox0Mg/L: Oxygen, SBE 43 [mg/l]
# name 3 = sbeox0PS: Oxygen, SBE 43 [% saturation]
# name 4 = specc: Specific Conductance [uS/cm]
# name 5 = c0uS/cm: Conductivity [uS/cm]
# name 6 = flECO-AFL: Fluorescence, WET Labs ECO-AFL/FL [mg/m^3]
# name 7 = ph: pH
# name 8 = orp: Oxidation Reduction Potential [mV]
# name 9 = par/sat/log: PAR/Logarithmic, Satlantic
# name 10 = turbWETntu0: Turbidity, WET Labs ECO [NTU]
# name 11 = prdM: Pressure, Strain Gauge [db]
# name 12 = prdE: Pressure, Strain Gauge [psi]
# name 13 = tv290C: Temperature [ITS-90, deg C]
# name 14 = flag:  0.000e+00
# span 0 =     -0.456,      3.228       
# span 1 =     -0.166,      0.158       
# span 2 =     0.0740,     9.8807       
# span 3 =      0.853,    122.004       
# span 4 =      2.033,     71.822       
# span 5 =   2.168455,  64.447505       
# span 6 =    -0.1339,    17.2307       
# span 7 =      6.607,      8.588       
# span 8 =   129.8565,   256.1397       
# span 9 = 2.0661e+01, 2.0912e+03       
# span 10 =    -0.5279,    38.3990      
# span 11 =     -0.448,      3.166      
# span 12 =     -0.649,      4.592      
# span 13 =    19.8207,    28.3244      
# span 14 = 0.0000e+00, 0.0000e+00      
# interval = seconds: 0.25
# start_time = Sep 03 2018 15:10:11 [Instrument's time stamp, header]
# bad_flag = -9.990e-29
*END*
[from data line 579]
      2.708      0.023     0.1405      1.622     46.058  43.736991    16.8758      7.201   237.9903 5.9464e+01     2.5290      2.655      3.851    22.4042 0.0000e+00
      2.709      0.024     0.1473      1.700     48.354  45.902298    16.8642      7.192   238.5468 5.9178e+01     2.5122      2.655      3.851    22.3874 0.0000e+00
      2.714      0.028     0.1577      1.818     50.192  47.581079    16.8542      7.181   239.2008 5.8410e+01     2.4699      2.660      3.858    22.4034 0.0000e+00
      2.724      0.031     0.1745      2.008     50.675  47.955323    16.8381      7.170   240.1329 5.7225e+01     2.4449      2.671      3.873    22.4490 0.0000e+00
      2.737      0.032     0.1916      2.203     50.052  47.312712    16.8248      7.159   243.4497 5.6100e+01     2.4544      2.685      3.893    22.4925 0.0000e+00
      2.749      0.030     0.2026      2.330     49.642  46.929943    16.8221      7.149   248.6750 5.5254e+01     2.4629      2.697      3.911    22.4833 0.0000e+00
      2.758      0.026     0.2066      2.377     50.020  47.331601    16.8326      7.142   252.0323 5.4768e+01     2.4554      2.707      3.925    22.4016 0.0000e+00
      2.762      0.022     0.2050      2.361     51.261  48.546358    16.8601      7.134   252.9820 5.4684e+01     2.4245      2.711      3.931    22.2982 0.0000e+00
      2.763      0.020     0.2009      2.314     53.584  50.748243    16.8891      7.125   253.3602 5.4601e+01     2.4250      2.709      3.929    22.2326 0.0000e+00
      2.764      0.020     0.1992      2.292     55.316  52.341345    16.8888      7.117   253.7657 5.4306e+01     2.4621      2.710      3.931    22.2468 0.0000e+00
      2.768      0.022     0.2006      2.306     55.274  52.233689    16.8651      7.107   254.0136 5.3775e+01     2.4760      2.713      3.935    22.3110 0.0000e+00
      2.775      0.026     0.2016      2.316     54.734  51.671789    16.8513      7.098   254.0341 5.2885e+01     2.5017      2.719      3.944    22.3608 0.0000e+00
      2.786      0.028     0.2032      2.333     54.341  51.269160    16.8601      7.088   254.0998 5.1927e+01     2.5291      2.732      3.963    22.3696 0.0000e+00
      2.797      0.027     0.2056      2.359     54.130  51.052665    16.8796      7.079   254.2057 5.1208e+01     2.5012      2.744      3.980    22.3128 0.0000e+00
      2.805      0.025     0.2058      2.361     54.248  51.152008    16.8934      7.071   254.1964 5.0707e+01     2.4701      2.752      3.991    22.2341 0.0000e+00
      2.810      0.022     0.2041      2.340     54.451  51.326010    16.9720      7.064   254.2456 5.0457e+01     2.4574      2.757      3.999    22.1913 0.0000e+00
      2.813      0.021     0.2020      2.315     54.663  51.503635    17.1311      7.056   254.4556 5.0391e+01     2.4708      2.758      4.001    22.1645 0.0000e+00
      2.814      0.021     0.1993      2.283     54.839  51.646751    17.2278      7.048   254.6707 5.0231e+01     2.5094      2.759      4.002    22.1492 0.0000e+00
      2.817      0.022     0.1971      2.257     54.808  51.594224    17.2307      7.040   254.7814 4.9762e+01     2.4970      2.763      4.006    22.1436 0.0000e+00
      2.824      0.024     0.1959      2.243     54.599  51.377078    17.1662      7.032   254.9343 4.9035e+01     2.4740      2.769      4.016    22.1276 0.0000e+00
      2.834      0.025     0.1938      2.218     54.337  51.119102    17.0551      7.022   255.2285 4.8275e+01     2.4755      2.779      4.031    22.1037 0.0000e+00
      2.844      0.025     0.1903      2.179     54.028  50.827182    16.9897      7.012   255.3270 4.7689e+01     2.4533      2.790      4.047    22.0834 0.0000e+00
      2.851      0.024     0.1848      2.116     53.830  50.644601    16.9555      7.003   255.0927 4.7365e+01     2.4508      2.798      4.058    22.0634 0.0000e+00
      2.855      0.024     0.1763      2.018     54.216  51.009348    16.6502      6.994   254.8050 4.7188e+01     2.5365      2.801      4.063    22.0416 0.0000e+00
      2.858      0.024     0.1680      1.922     55.087  51.804424    16.0832      6.986   254.6879 4.6971e+01     2.6658      2.802      4.064    22.0285 0.0000e+00
      2.862      0.025     0.1627      1.859     55.695  52.311283    15.7705      6.976   254.7958 4.6513e+01     2.7314      2.804      4.069    22.0328 0.0000e+00
      2.869      0.026     0.1612      1.840     55.901  52.433266    15.7269      6.967   254.9043 4.5767e+01     2.7190      2.811      4.078    22.0339 0.0000e+00
      2.879      0.026     0.1629      1.857     55.912  52.389161    15.5925      6.958   254.8806 4.5002e+01     2.7909      2.824      4.094    22.0454 0.0000e+00
      2.890      0.024     0.1644      1.873     55.838  52.286535    15.3676      6.950   254.8533 4.4433e+01     2.9905      2.835      4.112    22.0364 0.0000e+00
      2.897      0.021     0.1633      1.861     56.038  52.463870    15.2500      6.943   254.9193 4.4137e+01     3.1183      2.843      4.123    21.9538 0.0000e+00
      2.901      0.017     0.1600      1.825     56.681  53.071035    15.2365      6.936   254.9903 4.4094e+01     3.1455      2.846      4.127    21.8856 0.0000e+00
      2.902      0.016     0.1565      1.785     57.299  53.651521    15.2515      6.927   255.1950 4.4114e+01     3.1363      2.846      4.128    21.8413 0.0000e+00
      2.902      0.016     0.1522      1.735     57.561  53.887654    15.5316      6.917   255.7597 4.4011e+01     3.1599      2.845      4.126    21.8032 0.0000e+00
      2.905      0.018     0.1467      1.672     57.702  54.018728    16.0502      6.908   256.1397 4.3678e+01     3.2479      2.846      4.129    21.8014 0.0000e+00
      2.910      0.021     0.1440      1.641     57.761  54.091881    16.3293      6.900   255.9175 4.3115e+01     3.3151      2.853      4.138    21.8122 0.0000e+00
      2.919      0.022     0.1435      1.636     57.647  54.009202    16.3789      6.892   255.4824 4.2486e+01     3.3611      2.863      4.152    21.8186 0.0000e+00
      2.929      0.021     0.1420      1.620     57.515  53.909224    16.5403      6.885   254.4929 4.1983e+01     3.4388      2.873      4.167    21.8002 0.0000e+00
      2.936      0.018     0.1409      1.607     57.622  54.027528    16.8010      6.878   253.0735 4.1718e+01     3.5223      2.880      4.178    21.7933 0.0000e+00
      2.938      0.014     0.1409      1.607     58.379  54.740238    16.9301      6.871   252.4304 4.1684e+01     3.5460      2.883      4.182    21.8208 0.0000e+00
      2.938      0.013     0.1406      1.604     59.949  56.168290    16.9064      6.862   252.2242 4.1734e+01     3.5430      2.882      4.180    21.8387 0.0000e+00
      2.938      0.014     0.1425      1.622     61.509  57.495849    16.5879      6.854   251.8705 4.1674e+01     3.5165      2.880      4.178    21.8618 0.0000e+00
      2.940      0.016     0.1475      1.673     62.060  57.819481    15.9920      6.845   251.4240 4.1342e+01     3.4389      2.881      4.179    21.8788 0.0000e+00
      2.946      0.020     0.1516      1.716     61.795  57.410296    15.6566      6.837   250.6107 4.0829e+01     3.3678      2.888      4.188    21.8877 0.0000e+00
      2.954      0.021     0.1535      1.735     61.370  56.936001    15.6400      6.831   249.5226 4.0298e+01     3.3592      2.897      4.201    21.8763 0.0000e+00
      2.963      0.021     0.1528      1.727     61.007  56.599636    15.9469      6.826   248.5063 3.9814e+01     3.3645      2.906      4.215    21.7569 0.0000e+00
      2.970      0.020     0.1490      1.685     60.947  56.586390    16.5462      6.821   247.8737 3.9565e+01     3.3408      2.915      4.227    21.5659 0.0000e+00
      2.974      0.018     0.1425      1.612     61.682  57.284613    16.8939      6.815   247.8103 3.9558e+01     3.3473      2.917      4.231    21.4183 0.0000e+00
      2.975      0.018     0.1346      1.522     63.188  58.619111    16.9344      6.809   248.0838 3.9537e+01     3.3520      2.917      4.231    21.3596 0.0000e+00
      2.976      0.020     0.1275      1.439     64.473  59.685025    16.8344      6.802   248.3413 3.9355e+01     3.3369      2.917      4.231    21.3683 0.0000e+00
      2.980      0.023     0.1220      1.373     64.878  59.933489    16.6310      6.797   248.5142 3.8925e+01     3.3476      2.920      4.235    21.4236 0.0000e+00
      2.988      0.028     0.1180      1.327     64.806  59.778794    16.5148      6.792   248.7120 3.8306e+01     3.3591      2.930      4.249    21.4608 0.0000e+00
      2.999      0.031     0.1156      1.299     64.794  59.722464    16.4867      6.788   249.1837 3.7714e+01     3.3545      2.941      4.266    21.4003 0.0000e+00
      3.009      0.032     0.1146      1.288     65.130  60.015532    16.3737      6.784   250.0876 3.7208e+01     3.2915      2.951      4.281    21.2804 0.0000e+00
      3.018      0.032     0.1163      1.306     66.036  60.841859    16.1782      6.779   251.1231 3.6813e+01     3.1765      2.961      4.294    21.1713 0.0000e+00
      3.026      0.031     0.1175      1.320     67.200  61.890522    16.0701      6.775   251.7245 3.6533e+01     3.1244      2.968      4.304    21.1031 0.0000e+00
      3.031      0.031     0.1158      1.299     67.791  62.391061    16.0587      6.770   251.8520 3.6234e+01     3.1186      2.973      4.311    21.0741 0.0000e+00
      3.037      0.031     0.1137      1.274     67.689  62.250641    16.0408      6.765   251.6317 3.5847e+01     3.1067      2.979      4.319    21.0664 0.0000e+00
      3.045      0.032     0.1123      1.259     67.505  62.037237    15.8271      6.760   250.8681 3.5386e+01     3.1642      2.986      4.331    21.0670 0.0000e+00
      3.055      0.032     0.1119      1.254     67.499  61.973372    15.4321      6.754   250.1054 3.4906e+01     3.2644      2.996      4.345    21.0535 0.0000e+00
      3.065      0.031     0.1116      1.249     67.591  61.987225    15.2073      6.747   249.7230 3.4450e+01     3.3114      3.007      4.361    21.0110 0.0000e+00
      3.074      0.028     0.1105      1.235     67.760  62.077416    15.1588      6.742   248.9974 3.4060e+01     3.3356      3.016      4.374    20.9740 0.0000e+00
      3.081      0.025     0.1090      1.217     68.061  62.300513    14.9645      6.738   246.2365 3.3778e+01     3.3731      3.022      4.384    20.9522 0.0000e+00
      3.085      0.022     0.1081      1.206     68.496  62.649197    14.6229      6.734   241.6372 3.3583e+01     3.3994      3.027      4.391    20.9063 0.0000e+00
      3.089      0.020     0.1085      1.210     68.857  62.922084    14.4379      6.729   238.3857 3.3415e+01     3.4086      3.030      4.394    20.8461 0.0000e+00
      3.094      0.018     0.1097      1.223     68.999  62.991970    14.4379      6.724   237.0371 3.3201e+01     3.3927      3.033      4.399    20.7978 0.0000e+00
      3.099      0.017     0.1095      1.219     69.038  62.985237    14.6586      6.719   236.2581 3.2927e+01     3.2988      3.038      4.407    20.7627 0.0000e+00
      3.105      0.016     0.1090      1.212     69.108  63.031440    15.0566      6.714   235.9357 3.2704e+01     3.1589      3.045      4.416    20.7316 0.0000e+00
      3.110      0.014     0.1095      1.218     69.201  63.105322    15.2628      6.710   235.8069 3.2564e+01     3.1053      3.050      4.424    20.6872 0.0000e+00
      3.113      0.012     0.1099      1.222     69.235  63.115223    15.2491      6.707   235.4754 3.2438e+01     3.1082      3.052      4.427    20.6362 0.0000e+00
      3.114      0.009     0.1088      1.210     69.238  63.087509    14.8820      6.703   234.6806 3.2318e+01     3.1023      3.053      4.429    20.6037 0.0000e+00
      3.115      0.007     0.1072      1.190     69.275  63.088246    14.2050      6.699   233.5100 3.2237e+01     3.1263      3.055      4.431    20.5968 0.0000e+00
      3.116      0.006     0.1057      1.174     69.281  63.060483    13.8279      6.696   232.1624 3.2166e+01     3.1535      3.056      4.432    20.5949 0.0000e+00
      3.118      0.006     0.1039      1.155     69.190  62.942607    13.7411      6.691   230.7766 3.2048e+01     3.1573      3.058      4.436    20.5781 0.0000e+00
      3.120      0.007     0.1018      1.130     69.075  62.807922    13.2660      6.687   229.7463 3.1893e+01     3.1113      3.059      4.437    20.5532 0.0000e+00
      3.121      0.007     0.1003      1.113     69.049  62.767755    12.4124      6.683   229.1697 3.1742e+01     3.0238      3.061      4.439    20.5301 0.0000e+00
      3.124      0.007     0.1010      1.122     69.125  62.838570    11.9485      6.680   228.5371 3.1607e+01     2.9533      3.063      4.443    20.5066 0.0000e+00
      3.126      0.008     0.1012      1.123     69.329  63.028070    11.8934      6.677   227.5179 3.1455e+01     2.8999      3.065      4.446    20.4799 0.0000e+00
      3.127      0.009     0.0993      1.102     69.620  63.277936    11.7186      6.675   226.5695 3.1278e+01     2.9281      3.066      4.447    20.4549 0.0000e+00
      3.129      0.010     0.0990      1.097     69.837  63.442513    11.3981      6.672   225.9315 3.1101e+01     3.0492      3.068      4.450    20.4405 0.0000e+00
      3.131      0.011     0.1001      1.110     69.926  63.491292    11.2156      6.669   225.1395 3.0890e+01     3.1129      3.071      4.454    20.4468 0.0000e+00
      3.134      0.013     0.1008      1.118     69.923  63.486002    11.1945      6.666   224.3067 3.0602e+01     3.0886      3.074      4.458    20.4571 0.0000e+00
      3.139      0.014     0.1006      1.116     69.904  63.505777    11.1793      6.663   224.1213 3.0268e+01     3.0596      3.078      4.464    20.4457 0.0000e+00
      3.143      0.014     0.0989      1.098     69.969  63.603220    10.9758      6.660   224.8767 2.9948e+01     3.0366      3.082      4.470    20.4179 0.0000e+00
      3.146      0.015     0.0968      1.075     70.165  63.773690    10.6097      6.656   225.8686 2.9639e+01     3.0548      3.085      4.475    20.3860 0.0000e+00
      3.150      0.015     0.0960      1.065     70.468  63.976634    10.4193      6.651   225.4456 2.9284e+01     3.1274      3.089      4.480    20.3781 0.0000e+00
      3.154      0.016     0.0962      1.065     70.782  64.148544    10.3558      6.647   224.1504 2.8869e+01     3.1523      3.093      4.486    20.4174 0.0000e+00
      3.157      0.017     0.0964      1.066     70.965  64.198178     9.7597      6.643   224.2322 2.8436e+01     3.0808      3.096      4.492    20.4611 0.0000e+00
      3.161      0.020     0.0961      1.061     70.860  64.004073     8.6707      6.639   224.7144 2.7927e+01     2.9961      3.100      4.497    20.4592 0.0000e+00
      3.166      0.022     0.0958      1.056     70.622  63.709854     8.0797      6.636   223.7858 2.7245e+01     2.9521      3.105      4.503    20.4008 0.0000e+00
      3.172      0.024     0.0968      1.066     70.608  63.630444     8.0258      6.632   222.3827 2.6440e+01     2.9142      3.111      4.512    20.3087 0.0000e+00
      3.180      0.025     0.0979      1.078     70.800  63.743579     7.9827      6.629   221.5155 2.5645e+01     2.9039      3.118      4.523    20.2225 0.0000e+00
      3.187      0.025     0.0986      1.084     70.995  63.869066     7.9177      6.624   220.9588 2.4950e+01     2.9191      3.126      4.533    20.1526 0.0000e+00
      3.194      0.024     0.0997      1.096     71.181  64.002631     7.8920      6.620   220.3842 2.4362e+01     2.9155      3.133      4.544    20.0979 0.0000e+00
      3.200      0.022     0.1002      1.101     71.364  64.149827     7.8925      6.617   219.8160 2.3854e+01     2.9211      3.139      4.553    20.0536 0.0000e+00
      3.205      0.019     0.1011      1.111     71.480  64.249308     7.9507      6.615   219.3379 2.3423e+01     2.9252      3.143      4.559    20.0104 0.0000e+00
