Data/DataNotYetUploadedToEDI/Raw_CTD/RawDownloads/090318_fcr50_a.cnv
* Sea-Bird SBE19plus  Data File:
* FileName = C:\DATA\090318_FCR50_0001.hex
* Software version 2.6.3.104 SB_Terminal.dll
* Temperature SN = 7809
* Conductivity SN = 7809
* System UpLoad Time = Sep 03 2018 15:37:47
* <ApplicationData>
* <Seaterm232>
# nquan = 15
# nvalues = 1281                        
# units = specified
# name 0 = depFM: Depth [fresh water, m]
# name 1 = dz/dtM: Descent Rate [m/s]
# name 2 = sbeox0Mg/L: Oxygen, SBE 43 [mg/l]
# name 3 = sbeox0PS: Oxygen, SBE 43 [% saturation]
# name 4 = specc: Specific Conductance [uS/cm]
# name 5 = c0uS/cm: Conductivity [uS/cm]
# name 6 = flECO-AFL: Fluorescence, WET Labs ECO-AFL/FL [mg/m^3]
# name 7 = ph: pH
# name 8 = orp: Oxidation Reduction Potential [mV]
# name 9 = par/sat/log: PAR/Logarithmic, Satlantic
# name 10 = turbWETntu0: Turbidity, WET Labs ECO [NTU]
# name 11 = prdM: Pressure, Strain Gauge [db]
# name 12 = prdE: Pressure, Strain Gauge [psi]
# name 13 = tv290C: Temperature [ITS-90, deg C]
# name 14 = flag:  0.000e+00
# span 0 =     -0.467,      9.673       
# span 1 =     -0.084,      0.247       
# span 2 =     0.0676,     9.2476       
# span 3 =      0.626,    110.942       
# span 4 =      0.799,    164.059       
# span 5 =   0.801136, 120.980027       
# span 6 =    -0.9174,    18.2242       
# span 7 =      6.228,      8.262       
# span 8 =    91.8023,  1240.2295       
# span 9 = 1.2540e-01, 1.4898e+03       
# span 10 =    -0.2392,    13.7919      
# span 11 =     -0.458,      9.487      
# span 12 =     -0.665,     13.760      
# span 13 =    11.8268,    26.1720      
# span 14 = 0.0000e+00, 0.0000e+00      
# interval = seconds: 0.25
# start_time = Sep 03 2018 13:41:19 [Instrument's time stamp, header]
# bad_flag = -9.990e-29
*END*
[from data line 193]
      0.107 1.4572e-43     8.4265    104.157     37.130  37.988960     2.3246      7.682   243.2810 1.0724e+03     1.3188      0.104      0.152    26.1534 0.0000e+00
      0.107 1.6029e-42     8.3767    103.542     37.173  38.032843     2.3289      7.683   243.3367 1.0737e+03     1.3046      0.104      0.152    26.1521 0.0000e+00
      0.107 1.7632e-41     8.3452    103.156     37.186  38.047858     2.3217      7.683   243.4122 1.0733e+03     1.3645      0.104      0.152    26.1513 0.0000e+00
      0.107 1.9395e-40     8.3278    102.947     37.180  38.043443     2.2922      7.683   243.5058 1.0723e+03     1.4633      0.104      0.151    26.1510 0.0000e+00
      0.107 2.1334e-39     8.3208    102.862     37.178  38.042988     2.2666      7.684   243.6944 1.0718e+03     1.5230      0.104      0.152    26.1502 0.0000e+00
      0.107 2.3468e-38     8.3202    102.855     37.177  38.042364     2.2605      7.685   243.8860 1.0709e+03     1.5666      0.105      0.152    26.1498 0.0000e+00
      0.107 2.5815e-37     8.3207    102.862     37.171  38.035903     2.2638      7.685   243.9298 1.0693e+03     1.5936      0.104      0.152    26.1521 0.0000e+00
      0.107 2.8396e-36     8.3127    102.767     37.162  38.028395     2.2611      7.684   243.9653 1.0685e+03     1.5454      0.104      0.152    26.1558 0.0000e+00
      0.107 3.1236e-35     8.2916    102.511     37.148  38.015106     2.2458      7.683   244.1431 1.0684e+03     1.4724      0.105      0.152    26.1569 0.0000e+00
      0.107 3.4359e-34     8.2646    102.181     37.134  38.002294     2.2262      7.682   244.3591 1.0681e+03     1.4730      0.104      0.151    26.1566 0.0000e+00
      0.107 3.7795e-33     8.2437    101.926     37.131  38.000548     2.2167      7.682   244.5121 1.0671e+03     1.5229      0.105      0.152    26.1571 0.0000e+00
      0.107 4.1575e-32     8.2350    101.819     37.124  37.994000     2.2329      7.683   244.6163 1.0661e+03     1.4947      0.104      0.153    26.1587 0.0000e+00
      0.106 4.5732e-31     8.2362    101.834     37.116  37.986653     2.2654      7.683   244.7579 1.0668e+03     1.3766      0.104      0.151    26.1614 0.0000e+00
      0.106 5.0305e-30     8.2422    101.909     37.105  37.975245     2.2787      7.683   245.0197 1.0679e+03     1.2860      0.104      0.151    26.1642 0.0000e+00
      0.106 5.5336e-29     8.2514    102.021     37.113  37.983124     2.2749      7.683   245.2004 1.0684e+03     1.2843      0.104      0.151    26.1654 0.0000e+00
      0.107 6.0870e-28     8.2651    102.190     37.148  38.018390     2.3021      7.683   245.2224 1.0692e+03     1.3563      0.105      0.152    26.1658 0.0000e+00
      0.107 6.6957e-27     8.2832    102.412     37.151  38.020474     2.3593      7.684   245.2855 1.0704e+03     1.4547      0.105      0.152    26.1667 0.0000e+00
      0.107 7.3652e-26     8.3012    102.630     37.141  38.008307     2.3958      7.684   245.4465 1.0716e+03     1.4976      0.105      0.152    26.1673 0.0000e+00
      0.107 8.1017e-25     8.3155    102.803     37.132  37.998335     2.4042      7.684   245.6205 1.0725e+03     1.4772      0.104      0.152    26.1667 0.0000e+00
      0.107 8.9119e-24     8.3249    102.918     37.098  37.963432     2.4054      7.683   245.7551 1.0729e+03     1.4824      0.105      0.152    26.1656 0.0000e+00
      0.107 9.8031e-23     8.3275    102.951     37.102  37.967469     2.4100      7.683   245.8696 1.0722e+03     1.5004      0.104      0.152    26.1642 0.0000e+00
      0.107 1.0783e-21     8.3231    102.898     37.117  37.983625     2.4149      7.683   246.0579 1.0716e+03     1.4807      0.104      0.152    26.1616 0.0000e+00
      0.107 1.1862e-20     8.3136    102.782     37.102  37.968180     2.4090      7.682   246.3973 1.0717e+03     1.4884      0.105      0.152    26.1589 0.0000e+00
      0.107 1.3048e-19     8.3007    102.624     37.104  37.971319     2.3940      7.681   246.7036 1.0710e+03     1.5319      0.105      0.153    26.1585 0.0000e+00
      0.107 1.4353e-18     8.2828    102.403     37.091  37.958048     2.3710      7.681   246.8370 1.0696e+03     1.5499      0.105      0.152    26.1597 0.0000e+00
      0.107 1.5788e-17     8.2648    102.181     37.068  37.934783     2.3513      7.681   246.8912 1.0689e+03     1.5533      0.105      0.152    26.1611 0.0000e+00
      0.107 1.7367e-16     8.2564    102.077     37.078  37.944132     2.3393      7.681   247.0149 1.0683e+03     1.5421      0.105      0.153    26.1617 0.0000e+00
      0.107 1.9103e-15     8.2564    102.077     37.078  37.944025     2.3369      7.681   247.3002 1.0676e+03     1.5056      0.105      0.152    26.1625 0.0000e+00
      0.107 2.1014e-14     8.2625    102.150     37.068  37.933497     2.3306      7.682   247.5012 1.0672e+03     1.5092      0.105      0.152    26.1628 0.0000e+00
      0.107 2.3115e-13     8.2740    102.290     37.078  37.943891     2.3097      7.683   247.5520 1.0673e+03     1.5550      0.105      0.152    26.1625 0.0000e+00
      0.107 2.5427e-12     8.2856    102.432     37.078  37.942640     2.2962      7.683   247.6565 1.0673e+03     1.5414      0.105      0.152    26.1626 0.0000e+00
      0.107 2.7969e-11     8.2947    102.545     37.055  37.918376     2.2858      7.683   247.7326 1.0673e+03     1.4970      0.105      0.152    26.1623 0.0000e+00
      0.107 3.0766e-10     8.3013    102.627     37.041  37.904630     2.3227      7.682   247.7834 1.0689e+03     1.5061      0.105      0.152    26.1617 0.0000e+00
      0.107 3.3843e-09     8.3052    102.675     37.040  37.903493     2.4202      7.681   247.8409 1.0704e+03     1.5292      0.106      0.153    26.1607 0.0000e+00
      0.107 3.7227e-08     8.3047    102.668     37.041  37.904629     2.4812      7.680   247.8255 1.0708e+03     1.5324      0.105      0.152    26.1595 0.0000e+00
      0.107 4.0950e-07     8.2975    102.579     37.055  37.918365     2.4903      7.678   247.8550 1.0718e+03     1.5136      0.105      0.152    26.1593 0.0000e+00
      0.107      0.000     8.2866    102.446     37.078  37.942515     2.4937      7.676   248.0256 1.0731e+03     1.4847      0.104      0.151    26.1595 0.0000e+00
      0.107      0.000     8.2782    102.344     37.077  37.942515     2.4944      7.673   248.2533 1.0742e+03     1.4888      0.105      0.152    26.1594 0.0000e+00
      0.108      0.001     8.2745    102.300     37.053  37.918365     2.4899      7.671   248.4571 1.0750e+03     1.5326      0.106      0.153    26.1590 0.0000e+00
      0.108      0.001     8.2741    102.296     37.038  37.904629     2.4845      7.669   248.6832 1.0747e+03     1.5571      0.106      0.153    26.1591 0.0000e+00
      0.108      0.001     8.2758    102.319     37.037  37.903494     2.4478      7.667   248.8359 1.0732e+03     1.5407      0.106      0.154    26.1596 0.0000e+00
      0.108      0.000     8.2778    102.342     37.038  37.904650     2.3783      7.665   248.8399 1.0719e+03     1.5173      0.106      0.153    26.1606 0.0000e+00
      0.108 1.8614e-08     8.2769    102.332     37.052  37.918605     2.3427      7.663   248.9905 1.0718e+03     1.4878      0.106      0.154    26.1625 0.0000e+00
      0.108 2.0475e-07     8.2723    102.276     37.078  37.945151     2.3468      7.660   249.1940 1.0716e+03     1.4887      0.106      0.153    26.1638 0.0000e+00
      0.108 2.0475e-07     8.2638    102.173     37.103  37.971508     2.3269      7.658   249.1500 1.0709e+03     1.5291      0.106      0.153    26.1637 0.0000e+00
      0.107 1.8614e-08     8.2547    102.063     37.113  37.983173     2.2687      7.656   249.0599 1.0710e+03     1.5487      0.105      0.153    26.1634 0.0000e+00
      0.107 1.6921e-09     8.2498    102.005     37.089  37.959136     2.2212      7.655   249.1370 1.0710e+03     1.5417      0.105      0.153    26.1636 0.0000e+00
      0.108 1.5383e-10     8.2516    102.028     37.064  37.934995     2.2123      7.654   249.3084 1.0704e+03     1.5365      0.106      0.154    26.1639 0.0000e+00
      0.108 1.3985e-11     8.2595    102.128     37.074  37.945401     2.2254      7.653   249.4972 1.0702e+03     1.5465      0.106      0.154    26.1644 0.0000e+00
      0.108 1.2713e-12     8.2708    102.268     37.085  37.957896     2.2972      7.653   249.6990 1.0707e+03     1.5410      0.106      0.154    26.1656 0.0000e+00
      0.108 1.1558e-13     8.2805    102.387     37.087  37.959011     2.4181      7.652   249.8554 1.0712e+03     1.5001      0.106      0.154    26.1674 0.0000e+00
      0.107 1.0507e-14     8.2832    102.419     37.087  37.958896     2.4737      7.652   249.9261 1.0719e+03     1.4794      0.105      0.153    26.1685 0.0000e+00
      0.107 9.5515e-16     8.2784    102.360     37.085  37.956500     2.4736      7.652   249.9519 1.0727e+03     1.5042      0.105      0.153    26.1695 0.0000e+00
      0.108 8.6835e-17     8.2682    102.235     37.059  37.930039     2.4626      7.651   250.0814 1.0733e+03     1.5254      0.106      0.153    26.1702 0.0000e+00
      0.108 7.8940e-18     8.2562    102.085     37.023  37.893078     2.4327      7.650   250.2865 1.0740e+03     1.5219      0.106      0.154    26.1695 0.0000e+00
      0.108 7.1765e-19     8.2458    101.956     37.022  37.890778     2.4158      7.650   250.4535 1.0741e+03     1.5236      0.106      0.154    26.1687 0.0000e+00
      0.108 6.5240e-20     8.2383    101.861     37.033  37.902223     2.4143      7.649   250.5518 1.0734e+03     1.5148      0.106      0.153    26.1683 0.0000e+00
      0.108 5.9310e-21     8.2330    101.796     37.035  37.904400     2.3959      7.648   250.6144 1.0731e+03     1.4771      0.105      0.153    26.1681 0.0000e+00
      0.108 5.3915e-22     8.2307    101.767     37.048  37.917104     2.3682      7.647   250.7802 1.0731e+03     1.4644      0.106      0.154    26.1682 0.0000e+00
      0.108 4.9015e-23     8.2320    101.783     37.059  37.928767     2.3556      7.644   250.9217 1.0719e+03     1.4838      0.106      0.153    26.1677 0.0000e+00
      0.108 4.4559e-24     8.2337    101.806     37.048  37.918363     2.3534      7.642   251.0350 1.0707e+03     1.4987      0.106      0.153    26.1670 0.0000e+00
      0.108 4.0509e-25     8.2326    101.794     37.048  37.918363     2.3243      7.640   251.1176 1.0708e+03     1.5219      0.106      0.154    26.1665 0.0000e+00
      0.108 3.6826e-26     8.2285    101.744     37.057  37.928769     2.2611      7.638   250.9738 1.0706e+03     1.5194      0.106      0.153    26.1666 0.0000e+00
      0.108 3.3479e-27     8.2257    101.711     37.045  37.917124     2.2225      7.637   250.8447 1.0691e+03     1.4688      0.106      0.153    26.1672 0.0000e+00
      0.108 3.0435e-28     8.2291    101.753     37.033  37.904628     2.2157      7.634   250.9339 1.0686e+03     1.4590      0.106      0.154    26.1679 0.0000e+00
      0.108 2.7709e-29     8.2394    101.881     37.033  37.904732     2.2350      7.631   251.1057 1.0698e+03     1.5238      0.106      0.154    26.1688 0.0000e+00
      0.108 2.9691e-30     8.2564    102.090     37.047  37.918384     2.2717      7.630   251.2005 1.0707e+03     1.5805      0.105      0.153    26.1695 0.0000e+00
      0.108 5.2213e-30     8.2765    102.337     37.071  37.942630     2.2820      7.628   251.3065 1.0710e+03     1.5640      0.106      0.154    26.1697 0.0000e+00
      0.108 5.4940e-29     8.2945    102.559     37.073  37.943785     2.2770      7.626   251.5259 1.0713e+03     1.5082      0.106      0.153    26.1701 0.0000e+00
      0.108 6.0411e-28     8.3088    102.734     37.062  37.932338     2.2750      7.625   251.6167 1.0713e+03     1.4861      0.106      0.153    26.1704 0.0000e+00
      0.108 6.6452e-27     8.3183    102.851     37.062  37.931288     2.3135      7.624   251.6301 1.0715e+03     1.5106      0.106      0.154    26.1697 0.0000e+00
      0.108 7.3097e-26     8.3222    102.896     37.062  37.931089     2.3839      7.623   251.7746 1.0730e+03     1.5596      0.106      0.153    26.1687 0.0000e+00
      0.108 8.0407e-25     8.3209    102.878     37.062  37.929925     2.4099      7.622   251.9006 1.0740e+03     1.5896      0.106      0.154    26.1680 0.0000e+00
      0.108 8.8448e-24     8.3156    102.812     37.049  37.917219     2.4077      7.620   252.0353 1.0740e+03     1.5683      0.106      0.153    26.1677 0.0000e+00
      0.108 9.7293e-23     8.3062    102.697     37.037  37.904522     2.3936      7.618   252.1987 1.0735e+03     1.5473      0.106      0.154    26.1671 0.0000e+00
      0.108 1.0702e-21     8.2927    102.531     37.036  37.903462     2.3592      7.617   252.2417 1.0732e+03     1.5490      0.106      0.154    26.1657 0.0000e+00
      0.108 1.1772e-20     8.2774    102.343     37.036  37.904397     2.3402      7.616   252.2964 1.0732e+03     1.5579      0.106      0.153    26.1645 0.0000e+00
      0.108 1.2950e-19     8.2653    102.193     37.047  37.915834     2.3379      7.615   252.4304 1.0729e+03     1.5629      0.106      0.154    26.1640 0.0000e+00
      0.108 1.4245e-18     8.2593    102.120     37.046  37.914679     2.3047      7.613   252.5713 1.0722e+03     1.5492      0.106      0.154    26.1646 0.0000e+00
      0.108 1.5669e-17     8.2587    102.113     37.022  37.890442     2.2412      7.612   252.7093 1.0716e+03     1.5457      0.106      0.154    26.1655 0.0000e+00
      0.108 1.7236e-16     8.2622    102.157     37.009  37.876895     2.2138      7.611   252.8084 1.0716e+03     1.5498      0.106      0.154    26.1658 0.0000e+00
      0.108 1.8960e-15     8.2660    102.203     37.009  37.877945     2.2219      7.610   252.9086 1.0719e+03     1.5378      0.106      0.154    26.1661 0.0000e+00
      0.108 2.0856e-14     8.2676    102.222     37.034  37.903138     2.2382      7.609   253.0609 1.0720e+03     1.5230      0.106      0.154    26.1666 0.0000e+00
      0.108 2.2941e-13     8.2677    102.222     37.059  37.927384     2.2641      7.609   253.1872 1.0719e+03     1.5239      0.106      0.154    26.1669 0.0000e+00
      0.108 2.5235e-12     8.2613    102.142     37.049  37.916987     2.2772      7.608   253.2310 1.0716e+03     1.5183      0.106      0.154    26.1669 0.0000e+00
      0.108 2.7759e-11     8.2485    101.982     37.038  37.904491     2.2770      7.608   253.3324 1.0716e+03     1.5162      0.106      0.154    26.1665 0.0000e+00
      0.108 3.0535e-10     8.2365    101.833     37.037  37.903346     2.2898      7.609   253.4667 1.0725e+03     1.5281      0.106      0.154    26.1658 0.0000e+00
      0.108 3.3588e-09     8.2300    101.749     37.037  37.903139     2.3121      7.611   253.5642 1.0736e+03     1.5098      0.106      0.154    26.1651 0.0000e+00
      0.108 3.6947e-08     8.2290    101.733     37.037  37.901984     2.3262      7.612   253.7367 1.0738e+03     1.5093      0.107      0.155    26.1645 0.0000e+00
      0.108 4.0642e-07     8.2311    101.758     37.027  37.889382     2.3417      7.613   253.8317 1.0733e+03     1.5217      0.106      0.154    26.1637 0.0000e+00
      0.108      0.000     8.2349    101.803     37.017  37.877832     2.3798      7.612   253.8529 1.0738e+03     1.5073      0.106      0.154    26.1628 0.0000e+00
      0.109      0.000     8.2413    101.880     37.029  37.889383     2.4375      7.610   253.9930 1.0743e+03     1.5183      0.107      0.155    26.1613 0.0000e+00
      0.109      0.001     8.2516    102.006     37.041  37.901983     2.4785      7.607   254.1491 1.0734e+03     1.5322      0.107      0.155    26.1600 0.0000e+00
      0.109      0.001     8.2636    102.156     37.041  37.903127     2.4892      7.604   254.1906 1.0727e+03     1.5232      0.107      0.155    26.1588 0.0000e+00
      0.109      0.000     8.2742    102.290     37.040  37.903222     2.4846      7.600   254.1508 1.0727e+03     1.5310      0.107      0.155    26.1574 0.0000e+00
      0.109      0.000     8.2835    102.407     37.039  37.903127     2.4593      7.596   254.1846 1.0727e+03     1.5346      0.107      0.156    26.1564 0.0000e+00
