Data/DataNotYetUploadedToEDI/Raw_CTD/RawDownloads/090318_fcr50_a.cnv
* Sea-Bird SBE19plus  Data File:
* FileName = C:\DATA\090318_FCR50_0001.hex
* Software version 2.6.3.104 SB_Terminal.dll
* Temperature SN = 7809
* Conductivity SN = 7809
* System UpLoad Time = Sep 03 2018 15:37:47
* <ApplicationData>
* <Seaterm232>
# nquan = 15
# nvalues = 1281                        
# units = specified
# name 0 = depFM: Depth [fresh water, m]
# name 1 = dz/dtM: Descent Rate [m/s]
# name 2 = sbeox0Mg/L: Oxygen, SBE 43 [mg/l]
# name 3 = sbeox0PS: Oxygen, SBE 43 [% saturation]
# name 4 = specc: Specific Conductance [uS/cm]
# name 5 = c0uS/cm: Conductivity [uS/cm]
# name 6 = flECO-AFL: Fluorescence, WET Labs ECO-AFL/FL [mg/m^3]
# name 7 = ph: pH
# name 8 = orp: Oxidation Reduction Potential [mV]
# name 9 = par/sat/log: PAR/Logarithmic, Satlantic
# name 10 = turbWETntu0: Turbidity, WET Labs ECO [NTU]
# name 11 = prdM: Pressure, Strain Gauge [db]
# name 12 = prdE: Pressure, Strain Gauge [psi]
# name 13 = tv290C: Temperature [ITS-90, deg C]
# name 14 = flag:  0.000e+00
# span 0 =     -0.467,      9.673       
# span 1 =     -0.084,      0.247       
# span 2 =     0.0676,     9.2476       
# span 3 =      0.626,    110.942       
# span 4 =      0.799,    164.059       
# span 5 =   0.801136, 120.980027       
# span 6 =    -0.9174,    18.2242       
# span 7 =      6.228,      8.262       
# span 8 =    91.8023,  1240.2295       
# span 9 = 1.2540e-01, 1.4898e+03       
# span 10 =    -0.2392,    13.7919      
# span 11 =     -0.458,      9.487      
# span 12 =     -0.665,     13.760      
# span 13 =    11.8268,    26.1720      
# span 14 = 0.0000e+00, 0.0000e+00      
# interval = seconds: 0.25
# start_time = Sep 03 2018 13:41:19 [Instrument's time stamp, header]
# bad_flag = -9.990e-29
*END*
[from data line 772]
      3.895      0.012     0.1177      1.214     54.320  45.486619     5.6151      6.397   250.1006 8.5108e+00     4.1140      3.819      5.540    16.8152 0.0000e+00
      3.895      0.011     0.1143      1.179     54.357  45.497069     5.6007      6.396   249.9770 8.5125e+00     4.1108      3.820      5.540    16.8723 0.0000e+00
      3.896      0.012     0.1108      1.141     54.361  45.461145     5.5979      6.395   249.4100 8.4992e+00     4.1488      3.820      5.541    16.8750 0.0000e+00
      3.899      0.015     0.1088      1.120     54.364  45.433550     5.5997      6.394   248.9242 8.4592e+00     4.1773      3.822      5.545    16.8673 0.0000e+00
      3.904      0.020     0.1089      1.121     54.428  45.481142     5.5948      6.393   249.0072 8.3968e+00     4.1802      3.828      5.552    16.8714 0.0000e+00
      3.908      0.028     0.1099      1.132     54.568  45.591690     5.5755      6.391   249.5532 8.3583e+00     4.1835      3.834      5.560    16.8567 0.0000e+00
      3.913      0.036     0.1110      1.142     54.823  45.753303     5.4117      6.390   249.5034 8.2928e+00     4.3400      3.837      5.564    16.8058 0.0000e+00
      3.923      0.041     0.1115      1.144     55.141  45.909809     5.1035      6.387   248.9209 8.1338e+00     4.6679      3.844      5.575    16.7693 0.0000e+00
      3.940      0.045     0.1118      1.145     55.428  46.022083     4.9189      6.383   248.7054 7.9557e+00     4.8824      3.863      5.602    16.7761 0.0000e+00
      3.957      0.046     0.1141      1.166     55.649  46.093733     4.8894      6.380   248.8764 7.8425e+00     4.9209      3.883      5.632    16.7873 0.0000e+00
      3.969      0.043     0.1169      1.192     55.742  46.076864     4.8375      6.376   248.9232 7.7808e+00     4.9806      3.895      5.649    16.7499 0.0000e+00
      3.978      0.038     0.1184      1.206     55.723  46.008680     4.7418      6.374   248.7552 7.7047e+00     5.1466      3.901      5.657    16.6292 0.0000e+00
      3.987      0.032     0.1188      1.210     55.674  45.968378     4.6886      6.373   248.4799 7.6154e+00     5.2792      3.910      5.671    16.5005 0.0000e+00
      3.994      0.031     0.1184      1.207     55.972  46.225139     4.6725      6.370   248.1762 7.5770e+00     5.3029      3.918      5.684    16.4116 0.0000e+00
      3.997      0.033     0.1176      1.197     56.690  46.761543     4.5557      6.365   248.0946 7.5735e+00     5.2808      3.921      5.687    16.3104 0.0000e+00
      4.001      0.035     0.1167      1.184     57.234  47.051527     4.3421      6.360   248.0947 7.5240e+00     5.2558      3.921      5.687    16.2578 0.0000e+00
      4.012      0.036     0.1163      1.177     57.488  47.061687     4.2223      6.356   247.9192 7.4076e+00     5.2433      3.929      5.701    16.2735 0.0000e+00
      4.029      0.035     0.1176      1.187     57.703  47.074818     4.2100      6.355   247.6079 7.2994e+00     5.2528      3.955      5.736    16.3103 0.0000e+00
      4.043      0.032     0.1204      1.212     57.838  47.082975     4.2031      6.355   246.9116 7.2383e+00     5.2798      3.969      5.756    16.2842 0.0000e+00
      4.048      0.029     0.1225      1.232     57.913  47.096626     4.1206      6.355   246.0400 7.1909e+00     5.2642      3.969      5.757    16.1126 0.0000e+00
      4.051      0.024     0.1240      1.247     58.037  47.176259     3.9747      6.354   245.5872 7.1542e+00     5.2166      3.973      5.762    15.9106 0.0000e+00
      4.054      0.020     0.1258      1.264     58.115  47.219510     3.9005      6.353   245.4809 7.1358e+00     5.2231      3.976      5.767    15.7670 0.0000e+00
      4.058      0.020     0.1273      1.279     58.070  47.174623     3.9032      6.352   245.5290 7.1063e+00     5.2814      3.977      5.769    15.6815 0.0000e+00
      4.064      0.023     0.1274      1.281     58.004  47.142008     3.9249      6.352   245.2221 7.0533e+00     5.3114      3.984      5.779    15.6487 0.0000e+00
      4.071      0.029     0.1264      1.271     58.003  47.142983     3.9509      6.351   244.5227 7.0027e+00     5.3114      3.994      5.792    15.6423 0.0000e+00
      4.077      0.035     0.1256      1.261     58.072  47.122870     3.9609      6.350   244.2139 6.9365e+00     5.3115      3.998      5.798    15.6228 0.0000e+00
      4.085      0.041     0.1259      1.260     58.187  47.089402     3.9632      6.349   244.1559 6.8321e+00     5.2817      4.003      5.807    15.5959 0.0000e+00
      4.097      0.046     0.1274      1.273     58.301  47.055970     4.0145      6.346   243.8224 6.7155e+00     5.2565      4.017      5.827    15.6361 0.0000e+00
      4.111      0.051     0.1284      1.281     58.413  47.036286     4.1036      6.341   243.1919 6.6051e+00     5.2817      4.032      5.849    15.6694 0.0000e+00
      4.126      0.053     0.1287      1.282     58.526  47.041961     4.1491      6.337   242.4692 6.4891e+00     5.2820      4.045      5.866    15.5851 0.0000e+00
      4.141      0.050     0.1295      1.289     58.598  47.060918     4.1516      6.334   241.8825 6.3405e+00     5.2292      4.060      5.888    15.4537 0.0000e+00
      4.158      0.045     0.1303      1.296     58.615  47.074765     4.1516      6.332   241.5190 6.1876e+00     5.2232      4.078      5.915    15.3490 0.0000e+00
      4.171      0.038     0.1311      1.304     58.627  47.082277     4.1589      6.331   241.6012 6.1141e+00     5.2701      4.092      5.936    15.2538 0.0000e+00
      4.178      0.032     0.1310      1.303     58.668  47.088181     4.1659      6.331   241.6714 6.1006e+00     5.2774      4.098      5.944    15.1688 0.0000e+00
      4.181      0.029     0.1294      1.286     58.708  47.082559     4.1709      6.331   240.9920 6.0665e+00     5.2502      4.100      5.947    15.1367 0.0000e+00
      4.182      0.028     0.1269      1.260     58.748  47.077814     4.1095      6.331   240.0113 6.0234e+00     5.2470      4.101      5.948    15.1546 0.0000e+00
      4.187      0.030     0.1244      1.235     58.831  47.094326     3.9752      6.332   239.2773 5.9636e+00     5.2687      4.103      5.951    15.1623 0.0000e+00
      4.197      0.035     0.1227      1.215     58.999  47.155022     3.8984      6.332   239.0866 5.8571e+00     5.2687      4.115      5.968    15.1307 0.0000e+00
      4.211      0.040     0.1207      1.195     59.212  47.239559     3.8976      6.332   239.4270 5.7459e+00     5.2166      4.131      5.991    15.0914 0.0000e+00
      4.223      0.044     0.1190      1.176     59.380  47.290077     3.9019      6.332   239.6066 5.6624e+00     5.1578      4.142      6.007    15.0675 0.0000e+00
      4.233      0.045     0.1187      1.172     59.518  47.320804     3.8670      6.330   239.2803 5.5937e+00     5.1682      4.151      6.021    15.0314 0.0000e+00
      4.244      0.043     0.1185      1.168     59.655  47.356737     3.8068      6.328   238.9224 5.5221e+00     5.2201      4.162      6.037    14.9624 0.0000e+00
      4.256      0.039     0.1166      1.148     59.710  47.343090     3.7717      6.328   238.7205 5.4387e+00     5.2356      4.174      6.054    14.8846 0.0000e+00
      4.267      0.037     0.1158      1.139     59.666  47.282853     3.7638      6.328   238.2163 5.3666e+00     5.2340      4.187      6.072    14.8153 0.0000e+00
      4.276      0.037     0.1163      1.144     59.634  47.263995     3.7386      6.327   237.4728 5.3247e+00     5.2002      4.194      6.085    14.7492 0.0000e+00
      4.281      0.038     0.1157      1.139     59.677  47.305766     3.6789      6.326   236.7848 5.2793e+00     5.1015      4.197      6.088    14.6849 0.0000e+00
      4.289      0.041     0.1157      1.138     59.742  47.342988     3.6401      6.324   236.1794 5.2130e+00     5.0177      4.204      6.098    14.6305 0.0000e+00
      4.301      0.044     0.1152      1.132     59.772  47.332672     3.6367      6.322   235.8314 5.1343e+00     5.0108      4.218      6.117    14.6067 0.0000e+00
      4.315      0.048     0.1135      1.114     59.801  47.308116     3.5909      6.321   235.7606 5.0457e+00     4.9883      4.231      6.137    14.6256 0.0000e+00
      4.328      0.052     0.1134      1.112     59.862  47.300265     3.5003      6.320   235.4963 4.9512e+00     4.8970      4.244      6.156    14.6408 0.0000e+00
      4.343      0.055     0.1140      1.117     59.930  47.301239     3.4511      6.319   235.0444 4.8573e+00     4.8225      4.258      6.176    14.6232 0.0000e+00
      4.357      0.055     0.1138      1.114     60.003  47.319826     3.4368      6.319   234.6849 4.7741e+00     4.7898      4.274      6.198    14.5953 0.0000e+00
      4.371      0.054     0.1131      1.107     60.055  47.334273     3.3373      6.319   234.3325 4.7002e+00     4.6844      4.287      6.217    14.5548 0.0000e+00
      4.384      0.052     0.1118      1.094     60.016  47.285208     3.1571      6.319   234.1393 4.6302e+00     4.4941      4.299      6.236    14.5028 0.0000e+00
      4.398      0.049     0.1101      1.076     59.906  47.171488     3.0595      6.319   233.9843 4.5497e+00     4.4121      4.314      6.257    14.4555 0.0000e+00
      4.411      0.044     0.1096      1.071     59.814  47.039786     3.0481      6.319   233.5767 4.4734e+00     4.3953      4.328      6.275    14.4241 0.0000e+00
      4.422      0.038     0.1097      1.070     59.831  46.963944     3.0296      6.319   232.7387 4.4379e+00     4.3215      4.338      6.292    14.4027 0.0000e+00
      4.431      0.031     0.1087      1.059     59.931  46.953543     3.0016      6.319   231.5954 4.4175e+00     4.2516      4.346      6.303    14.3901 0.0000e+00
      4.439      0.024     0.1087      1.057     60.040  46.977474     2.9946      6.320   230.7663 4.3883e+00     4.2220      4.354      6.315    14.3797 0.0000e+00
      4.444      0.016     0.1096      1.066     60.168  47.062539     2.9999      6.320   230.3716 4.3699e+00     4.2375      4.359      6.323    14.3298 0.0000e+00
      4.446      0.010     0.1111      1.082     60.229  47.155761     3.0014      6.319   229.8348 4.3564e+00     4.1948      4.360      6.324    14.2437 0.0000e+00
      4.447      0.005     0.1127      1.099     60.094  47.151273     3.0019      6.319   228.9221 4.3432e+00     4.0419      4.362      6.327    14.1606 0.0000e+00
      4.447      0.004     0.1109      1.083     59.888  47.071954     2.9884      6.319   228.1979 4.3530e+00     3.9457      4.363      6.326    14.1047 0.0000e+00
      4.444      0.006     0.1073      1.048     59.827  47.023109     2.9854      6.318   227.8759 4.3730e+00     3.9470      4.357      6.319    14.0898 0.0000e+00
      4.444      0.011     0.1057      1.031     59.866  47.005606     3.0017      6.317   227.6098 4.3603e+00     3.9658      4.356      6.318    14.1195 0.0000e+00
      4.449      0.018     0.1048      1.022     59.898  46.987379     3.0021      6.316   227.2170 4.3203e+00     4.0206      4.363      6.326    14.2318 0.0000e+00
      4.454      0.026     0.1044      1.018     59.950  46.993356     2.9901      6.316   226.7400 4.2794e+00     4.1215      4.368      6.335    14.3350 0.0000e+00
      4.462      0.034     0.1041      1.014     60.026  47.014280     2.9858      6.316   226.3168 4.2219e+00     4.2082      4.373      6.344    14.3071 0.0000e+00
      4.474      0.040     0.1025      0.997     60.131  47.049646     2.9862      6.316   225.9715 4.1530e+00     4.2148      4.386      6.362    14.2490 0.0000e+00
      4.486      0.044     0.1015      0.987     60.254  47.103105     2.9397      6.315   225.6634 4.1032e+00     4.0792      4.400      6.382    14.2177 0.0000e+00
      4.498      0.046     0.1020      0.991     60.351  47.152120     2.8474      6.314   225.6880 4.0550e+00     3.8504      4.410      6.396    14.1914 0.0000e+00
      4.510      0.043     0.1026      0.997     60.420  47.197327     2.7982      6.313   226.0118 3.9780e+00     3.7372      4.421      6.414    14.1630 0.0000e+00
      4.524      0.037     0.1028      1.000     60.403  47.204772     2.7943      6.313   225.9638 3.8930e+00     3.7480      4.437      6.436    14.1181 0.0000e+00
      4.535      0.032     0.1027      0.999     60.298  47.178594     2.7728      6.313   225.4520 3.8535e+00     3.7065      4.450      6.454    14.0784 0.0000e+00
      4.541      0.028     0.1022      0.995     60.249  47.198684     2.7224      6.312   225.2445 3.8515e+00     3.6023      4.455      6.461    14.0568 0.0000e+00
      4.544      0.024     0.1027      1.000     60.311  47.257073     2.6899      6.312   225.4337 3.8442e+00     3.5557      4.456      6.463    14.0475 0.0000e+00
      4.546      0.021     0.1042      1.014     60.427  47.312535     2.6833      6.313   225.2444 3.8203e+00     3.5706      4.458      6.465    14.0568 0.0000e+00
      4.551      0.021     0.1036      1.008     60.543  47.360741     2.7074      6.314   224.8479 3.7783e+00     3.5690      4.462      6.470    14.1142 0.0000e+00
      4.558      0.022     0.1024      0.995     60.634  47.394949     2.7692      6.312   224.5119 3.7348e+00     3.5659      4.471      6.485    14.1863 0.0000e+00
      4.566      0.025     0.1017      0.987     60.710  47.408293     2.8053      6.311   224.1941 3.7060e+00     3.5642      4.478      6.495    14.1921 0.0000e+00
      4.571      0.027     0.1007      0.978     60.767  47.394906     2.8046      6.312   224.1023 3.6877e+00     3.5480      4.482      6.500    14.1425 0.0000e+00
      4.578      0.027     0.1010      0.979     60.793  47.360146     2.7696      6.312   224.0904 3.6619e+00     3.5530      4.489      6.509    14.1059 0.0000e+00
      4.586      0.027     0.1016      0.984     60.796  47.305754     2.7128      6.312   224.0505 3.6295e+00     3.5649      4.498      6.523    14.0832 0.0000e+00
      4.592      0.027     0.1022      0.989     60.818  47.245682     2.6879      6.312   223.8775 3.6075e+00     3.5697      4.504      6.532    14.0470 0.0000e+00
      4.599      0.026     0.1045      1.010     60.868  47.205778     2.6797      6.312   223.5476 3.5796e+00     3.5797      4.509      6.539    13.9911 0.0000e+00
      4.607      0.024     0.1070      1.032     60.866  47.140978     2.6600      6.312   223.2453 3.5330e+00     3.5640      4.519      6.553    13.9460 0.0000e+00
      4.614      0.024     0.1082      1.042     60.807  47.034168     2.6062      6.312   222.9754 3.4979e+00     3.4715      4.526      6.564    13.9139 0.0000e+00
      4.617      0.025     0.1092      1.051     60.843  46.994798     2.5255      6.310   222.6077 3.4847e+00     3.3465      4.527      6.566    13.8392 0.0000e+00
      4.621      0.027     0.1106      1.063     61.076  47.109797     2.4839      6.308   222.0689 3.4574e+00     3.3036      4.531      6.571    13.7641 0.0000e+00
      4.628      0.029     0.1123      1.078     61.454  47.344014     2.4793      6.308   221.5374 3.4116e+00     3.3186      4.538      6.581    13.7235 0.0000e+00
      4.638      0.031     0.1135      1.088     61.776  47.538454     2.4425      6.307   221.1714 3.3772e+00     3.2842      4.548      6.597    13.6757 0.0000e+00
      4.648      0.031     0.1130      1.083     61.938  47.617424     2.3792      6.306   220.9138 3.3556e+00     3.1924      4.558      6.611    13.6153 0.0000e+00
      4.657      0.031     0.1118      1.071     62.041  47.663166     2.3483      6.306   220.7447 3.3269e+00     3.1556      4.567      6.623    13.5606 0.0000e+00
      4.666      0.030     0.1111      1.064     62.134  47.710100     2.3443      6.306   220.5036 3.2998e+00     3.1752      4.577      6.638    13.5161 0.0000e+00
      4.671      0.029     0.1106      1.059     62.203  47.739943     2.4048      6.307   220.1495 3.2842e+00     3.1546      4.582      6.645    13.4717 0.0000e+00
