Data/DataNotYetUploadedToEDI/Raw_CTD/RawDownloads/090318_fcr45.cnv
* Sea-Bird SBE19plus  Data File:
* FileName = C:\DATA\090318_FCR50_0005.hex
* Software version 2.6.3.104 SB_Terminal.dll
* Temperature SN = 7809
* Conductivity SN = 7809
* System UpLoad Time = Sep 03 2018 15:40:46
* <ApplicationData>
* <Seaterm232>
# nquan = 15
# nvalues = 1872                        
# units = specified
# name 0 = depFM: Depth [fresh water, m]
# name 1 = dz/dtM: Descent Rate [m/s]
# name 2 = sbeox0Mg/L: Oxygen, SBE 43 [mg/l]
# name 3 = sbeox0PS: Oxygen, SBE 43 [% saturation]
# name 4 = specc: Specific Conductance [uS/cm]
# name 5 = c0uS/cm: Conductivity [uS/cm]
# name 6 = flECO-AFL: Fluorescence, WET Labs ECO-AFL/FL [mg/m^3]
# name 7 = ph: pH
# name 8 = orp: Oxidation Reduction Potential [mV]
# name 9 = par/sat/log: PAR/Logarithmic, Satlantic
# name 10 = turbWETntu0: Turbidity, WET Labs ECO [NTU]
# name 11 = prdM: Pressure, Strain Gauge [db]
# name 12 = prdE: Pressure, Strain Gauge [psi]
# name 13 = tv290C: Temperature [ITS-90, deg C]
# name 14 = flag:  0.000e+00
# span 0 =     -0.459,      7.648       
# span 1 =     -0.105,      0.174       
# span 2 =     0.0456,    10.1757       
# span 3 =      0.423,    123.470       
# span 4 =      1.159,     99.149       
# span 5 =   1.294083,  73.300821       
# span 6 =    -0.4852,   256.9436       
# span 7 =      6.259,      8.474       
# span 8 =    75.4285,   324.4668       
# span 9 = 2.2221e-01, 2.6078e+03       
# span 10 =    -0.8679,   832.0950      
# span 11 =     -0.450,      7.500      
# span 12 =     -0.653,     10.878      
# span 13 =    11.9451,    30.8059      
# span 14 = 0.0000e+00, 0.0000e+00      
# interval = seconds: 0.25
# start_time = Sep 03 2018 16:27:28 [Instrument's time stamp, header]
# bad_flag = -9.990e-29
*END*
[from data line 1350]
      5.396      0.015     0.0628      0.589     80.713  60.462833     1.6772      6.271   257.9992 2.7432e+00     4.5915      5.291      7.674    12.4709 0.0000e+00
      5.399      0.015     0.0643      0.603     80.791  60.523774     1.6791      6.271   258.1635 2.7269e+00     4.5839      5.295      7.680    12.4633 0.0000e+00
      5.402      0.015     0.0649      0.609     80.946  60.634878     1.6798      6.271   258.1412 2.7089e+00     4.5852      5.297      7.683    12.4500 0.0000e+00
      5.405      0.016     0.0656      0.615     81.086  60.724920     1.6770      6.271   258.1598 2.7008e+00     4.5771      5.301      7.688    12.4485 0.0000e+00
      5.410      0.017     0.0673      0.630     81.099  60.722010     1.6822      6.271   258.1309 2.6969e+00     4.5163      5.306      7.695    12.4529 0.0000e+00
      5.415      0.017     0.0681      0.638     81.024  60.663277     1.7155      6.271   257.9639 2.6892e+00     4.3996      5.309      7.701    12.4559 0.0000e+00
      5.420      0.017     0.0678      0.635     80.908  60.587210     1.7755      6.271   257.7751 2.6680e+00     4.2341      5.315      7.709    12.4536 0.0000e+00
      5.425      0.016     0.0661      0.620     80.853  60.565537     1.8192      6.271   257.7411 2.6460e+00     4.1323      5.320      7.717    12.4410 0.0000e+00
      5.429      0.015     0.0635      0.595     80.956  60.655671     1.8213      6.272   257.8115 2.6414e+00     4.1151      5.323      7.721    12.4313 0.0000e+00
      5.432      0.015     0.0621      0.582     81.140  60.786582     1.7646      6.273   257.8514 2.6480e+00     4.0569      5.327      7.726    12.4297 0.0000e+00
      5.434      0.016     0.0616      0.577     81.281  60.876293     1.6753      6.273   257.8792 2.6414e+00     3.9473      5.329      7.730    12.4357 0.0000e+00
      5.437      0.017     0.0615      0.577     81.345  60.913493     1.6338      6.273   257.8033 2.6068e+00     3.8887      5.332      7.734    12.4532 0.0000e+00
      5.442      0.018     0.0622      0.583     81.359  60.918337     1.6296      6.273   257.6220 2.5767e+00     3.8975      5.337      7.740    12.4649 0.0000e+00
      5.448      0.018     0.0627      0.588     81.297  60.871256     1.6254      6.274   257.5809 2.5708e+00     3.9005      5.343      7.749    12.4572 0.0000e+00
      5.455      0.016     0.0628      0.589     81.176  60.789460     1.6752      6.274   257.6507 2.5591e+00     3.8337      5.350      7.760    12.4422 0.0000e+00
      5.461      0.013     0.0642      0.602     81.118  60.756202     1.7721      6.274   257.5183 2.5403e+00     3.7313      5.356      7.768    12.4375 0.0000e+00
      5.464      0.010     0.0650      0.609     81.169  60.787172     1.8221      6.275   257.2713 2.5350e+00     3.6996      5.359      7.772    12.4349 0.0000e+00
      5.464      0.008     0.0645      0.604     81.288  60.845887     1.8211      6.275   257.1588 2.5365e+00     3.6947      5.359      7.773    12.4313 0.0000e+00
      5.463      0.008     0.0641      0.600     81.398  60.893655     1.8421      6.274   257.1048 2.5395e+00     3.6420      5.357      7.770    12.4385 0.0000e+00
      5.463      0.010     0.0638      0.598     81.452  60.919469     1.9107      6.274   257.0485 2.5261e+00     3.5812      5.357      7.769    12.4504 0.0000e+00
      5.466      0.013     0.0641      0.601     81.509  60.967171     1.9622      6.275   256.9944 2.5001e+00     3.5390      5.359      7.773    12.4491 0.0000e+00
      5.471      0.017     0.0646      0.606     81.572  61.025191     1.9673      6.276   256.7954 2.4880e+00     3.4978      5.365      7.781    12.4237 0.0000e+00
      5.478      0.019     0.0647      0.606     81.597  61.048568     1.9817      6.277   256.5354 2.4842e+00     3.3574      5.372      7.791    12.3962 0.0000e+00
      5.485      0.020     0.0648      0.606     81.612  61.059012     2.0266      6.278   256.3455 2.4756e+00     3.1539      5.379      7.801    12.3881 0.0000e+00
      5.490      0.019     0.0656      0.614     81.660  61.087854     2.0598      6.278   256.1345 2.4584e+00     3.0821      5.384      7.809    12.3946 0.0000e+00
      5.494      0.019     0.0664      0.622     81.756  61.142875     2.0699      6.278   255.9627 2.4431e+00     3.0991      5.388      7.815    12.4048 0.0000e+00
      5.497      0.019     0.0654      0.612     81.981  61.279020     2.0758      6.279   255.8166 2.4329e+00     3.0555      5.391      7.819    12.4072 0.0000e+00
      5.500      0.020     0.0627      0.586     82.371  61.525438     2.0755      6.280   255.5726 2.4215e+00     2.9513      5.393      7.822    12.4057 0.0000e+00
      5.505      0.021     0.0608      0.568     82.763  61.768840     2.0664      6.280   255.3365 2.4031e+00     2.8765      5.397      7.828    12.4029 0.0000e+00
      5.512      0.021     0.0617      0.576     83.043  61.932101     2.0577      6.281   255.1987 2.3767e+00     2.8533      5.405      7.839    12.3932 0.0000e+00
      5.520      0.020     0.0639      0.596     83.230  62.036410     2.0069      6.283   255.1106 2.3558e+00     2.8238      5.414      7.851    12.3752 0.0000e+00
      5.526      0.018     0.0640      0.597     83.394  62.139481     1.8938      6.283   255.0452 2.3405e+00     2.7636      5.420      7.861    12.3445 0.0000e+00
      5.531      0.015     0.0626      0.584     83.861  62.478626     1.8199      6.283   254.9243 2.3275e+00     2.7050      5.425      7.869    12.3127 0.0000e+00
      5.534      0.012     0.0629      0.587     84.941  63.274567     1.8122      6.284   254.6814 2.3212e+00     2.6648      5.427      7.871    12.2844 0.0000e+00
      5.534      0.011     0.0645      0.602     86.282  64.257067     1.8202      6.284   254.4314 2.3180e+00     2.6430      5.427      7.871    12.2607 0.0000e+00
      5.534      0.012     0.0643      0.600     87.229  64.943256     1.8418      6.283   254.3104 2.3091e+00     2.5630      5.426      7.870    12.2507 0.0000e+00
      5.536      0.014     0.0629      0.587     87.521  65.146111     1.8708      6.283   254.3373 2.2961e+00     2.4009      5.428      7.873    12.2491 0.0000e+00
      5.541      0.018     0.0624      0.583     87.321  64.992110     1.8871      6.284   254.4123 2.2870e+00     2.2997      5.433      7.880    12.2455 0.0000e+00
      5.547      0.020     0.0615      0.574     86.969  64.735281     1.8911      6.285   254.5297 2.2728e+00     2.2546      5.440      7.890    12.2345 0.0000e+00
      5.555      0.021     0.0597      0.557     86.667  64.521855     1.8919      6.285   254.7235 2.2517e+00     2.1616      5.448      7.901    12.2219 0.0000e+00
      5.561      0.020     0.0592      0.552     86.466  64.383685     1.8876      6.286   254.9485 2.2377e+00     2.0602      5.455      7.912    12.2126 0.0000e+00
      5.566      0.019     0.0598      0.558     86.391  64.337000     1.8853      6.288   255.2714 2.2302e+00     2.0360      5.459      7.918    12.2086 0.0000e+00
      5.570      0.018     0.0610      0.569     86.471  64.402706     1.8915      6.289   255.5303 2.2236e+00     2.0514      5.462      7.923    12.2133 0.0000e+00
      5.574      0.018     0.0626      0.584     86.569  64.478366     1.8890      6.288   255.4988 2.2219e+00     1.9715      5.465      7.927    12.2215 0.0000e+00
      5.577      0.019     0.0635      0.592     86.499  64.424814     1.8821      6.288   255.3208 2.2229e+00     1.7730      5.468      7.930    12.2285 0.0000e+00
      5.581      0.020     0.0632      0.589     86.373  64.327744     1.8910      6.288   255.1842 2.2107e+00     1.6346      5.472      7.937    12.2337 0.0000e+00
      5.587      0.020     0.0632      0.589     86.288  64.258923     1.8960      6.287   255.1374 2.1805e+00     1.6416      5.479      7.947    12.2372 0.0000e+00
      5.594      0.020     0.0640      0.598     86.086  64.101619     1.8871      6.287   255.0999 2.1556e+00     1.6435      5.487      7.957    12.2388 0.0000e+00
      5.601      0.018     0.0635      0.593     85.798  63.888897     1.8849      6.288   254.9880 2.1538e+00     1.5663      5.493      7.966    12.2370 0.0000e+00
      5.606      0.015     0.0610      0.569     85.732  63.849782     1.8874      6.288   254.8175 2.1587e+00     1.5018      5.498      7.974    12.2361 0.0000e+00
      5.609      0.014     0.0598      0.558     85.852  63.946759     1.8813      6.288   254.5002 2.1527e+00     1.4736      5.501      7.979    12.2334 0.0000e+00
      5.610      0.015     0.0604      0.563     85.895  63.980023     1.8573      6.288   254.1635 2.1390e+00     1.4390      5.502      7.980    12.2259 0.0000e+00
      5.611      0.017     0.0607      0.566     86.007  64.061140     1.8264      6.287   254.1012 2.1276e+00     1.4185      5.501      7.979    12.2261 0.0000e+00
      5.614      0.020     0.0612      0.571     86.238  64.227778     1.8204      6.287   254.0919 2.1088e+00     1.4402      5.504      7.982    12.2360 0.0000e+00
      5.620      0.022     0.0602      0.562     86.227  64.213628     1.8295      6.288   253.8786 2.0778e+00     1.4571      5.511      7.993    12.2415 0.0000e+00
      5.630      0.022     0.0595      0.556     85.966  64.017277     1.8271      6.289   253.6734 2.0588e+00     1.4089      5.522      8.008    12.2409 0.0000e+00
      5.639      0.021     0.0624      0.582     85.785  63.889362     1.8188      6.291   253.5889 2.0474e+00     1.3150      5.532      8.024    12.2393 0.0000e+00
      5.645      0.019     0.0639      0.597     85.754  63.875688     1.8210      6.291   253.4596 2.0389e+00     1.2376      5.538      8.032    12.2363 0.0000e+00
      5.647      0.016     0.0633      0.591     85.714  63.851950     1.8358      6.292   253.3145 2.0438e+00     1.2058      5.539      8.033    12.2316 0.0000e+00
      5.647      0.014     0.0641      0.598     85.633  63.793200     1.8593      6.293   253.2111 2.0445e+00     1.1742      5.537      8.031    12.2278 0.0000e+00
      5.649      0.014     0.0643      0.599     85.575  63.737855     1.8852      6.293   253.0710 2.0345e+00     1.0993      5.538      8.033    12.2347 0.0000e+00
      5.653      0.015     0.0624      0.581     85.537  63.691676     1.8912      6.294   252.9108 2.0194e+00     1.0329      5.544      8.041    12.2417 0.0000e+00
      5.659      0.015     0.0614      0.572     85.529  63.680118     1.8859      6.295   252.7363 1.9946e+00     1.0122      5.550      8.049    12.2435 0.0000e+00
      5.666      0.014     0.0614      0.572     85.494  63.661716     1.8855      6.296   252.5955 1.9677e+00     1.0022      5.556      8.058    12.2494 0.0000e+00
      5.671      0.012     0.0618      0.577     85.385  63.596416     1.8682      6.297   252.4998 1.9554e+00     1.0036      5.561      8.067    12.2404 0.0000e+00
      5.673      0.008     0.0620      0.579     85.258  63.526715     1.8415      6.298   252.3543 1.9564e+00     1.0286      5.564      8.070    12.2225 0.0000e+00
      5.673      0.006     0.0607      0.566     85.134  63.455116     1.8298      6.299   252.1261 1.9548e+00     1.0601      5.564      8.069    12.2225 0.0000e+00
      5.672      0.005     0.0587      0.548     85.007  63.366864     1.8187      6.299   251.8912 1.9564e+00     1.0488      5.562      8.067    12.2279 0.0000e+00
      5.672      0.006     0.0573      0.535     84.909  63.286629     1.8087      6.300   251.6657 1.9643e+00     1.0138      5.561      8.065    12.2343 0.0000e+00
      5.673      0.008     0.0563      0.526     84.888  63.248325     1.8180      6.302   251.4644 1.9589e+00     1.0340      5.562      8.067    12.2544 0.0000e+00
      5.675      0.010     0.0558      0.521     84.903  63.221770     1.8306      6.302   251.3501 1.9551e+00     1.0494      5.565      8.072    12.2690 0.0000e+00
      5.680      0.010     0.0571      0.532     84.866  63.156346     1.8320      6.303   251.2297 1.9656e+00     1.0159      5.570      8.079    12.2704 0.0000e+00
      5.685      0.009     0.0598      0.557     84.731  63.029754     1.7985      6.304   251.1274 1.9629e+00     0.9959      5.576      8.088    12.2673 0.0000e+00
      5.688      0.007     0.0622      0.579     84.492  62.836110     1.7284      6.306   250.9732 1.9468e+00     0.9912      5.579      8.091    12.2545 0.0000e+00
      5.688      0.005     0.0641      0.597     84.278  62.659691     1.6833      6.307   250.7424 1.9338e+00     0.9892      5.579      8.091    12.2294 0.0000e+00
      5.687      0.003     0.0660      0.615     84.157  62.550522     1.6754      6.307   250.5742 1.9297e+00     1.0026      5.577      8.089    12.2024 0.0000e+00
      5.687      0.003     0.0665      0.620     84.073  62.470276     1.6883      6.307   250.4018 1.9362e+00     1.0004      5.576      8.087    12.1884 0.0000e+00
      5.687      0.004     0.0660      0.615     84.070  62.452735     1.7200      6.309   250.2928 1.9458e+00     0.9921      5.577      8.088    12.1830 0.0000e+00
      5.688      0.007     0.0654      0.609     84.187  62.529242     1.7468      6.311   250.2024 1.9425e+00     1.0245      5.578      8.090    12.1719 0.0000e+00
      5.691      0.009     0.0644      0.599     84.327  62.631988     1.7545      6.311   249.9972 1.9264e+00     1.0574      5.581      8.095    12.1594 0.0000e+00
      5.694      0.010     0.0640      0.596     84.376  62.677283     1.7394      6.312   249.8766 1.9140e+00     1.0540      5.584      8.099    12.1492 0.0000e+00
      5.698      0.010     0.0641      0.598     84.296  62.631644     1.7113      6.313   249.8626 1.9045e+00     1.0444      5.588      8.104    12.1396 0.0000e+00
      5.700      0.010     0.0631      0.588     84.139  62.525454     1.6997      6.314   249.7425 1.8940e+00     1.0322      5.591      8.108    12.1328 0.0000e+00
      5.702      0.010     0.0618      0.576     83.978  62.411101     1.7007      6.314   249.6288 1.8794e+00     1.0294      5.592      8.110    12.1304 0.0000e+00
      5.704      0.009     0.0618      0.576     83.863  62.330368     1.6957      6.315   249.6059 1.8658e+00     1.0413      5.594      8.114    12.1366 0.0000e+00
      5.707      0.009     0.0612      0.570     83.838  62.312631     1.7214      6.316   249.5520 1.8612e+00     0.9920      5.596      8.117    12.1485 0.0000e+00
      5.710      0.008     0.0585      0.545     83.857  62.323864     1.7815      6.317   249.4934 1.8632e+00     0.8913      5.599      8.121    12.1544 0.0000e+00
      5.712      0.008     0.0566      0.527     83.708  62.211748     1.8165      6.318   249.4130 1.8729e+00     0.8313      5.601      8.124    12.1559 0.0000e+00
      5.714      0.008     0.0564      0.525     83.308  61.911165     1.8228      6.319   249.2690 1.8796e+00     0.8162      5.603      8.127    12.1607 0.0000e+00
      5.715      0.009     0.0575      0.535     83.013  61.679078     1.7750      6.320   249.1286 1.8731e+00     0.8607      5.605      8.129    12.1602 0.0000e+00
      5.716      0.011     0.0598      0.556     83.058  61.695438     1.6803      6.320   249.0061 1.8578e+00     0.9419      5.605      8.130    12.1570 0.0000e+00
      5.719      0.014     0.0618      0.575     83.189  61.790917     1.6323      6.320   248.8203 1.8434e+00     0.9736      5.607      8.133    12.1568 0.0000e+00
      5.723      0.016     0.0622      0.579     83.284  61.879410     1.6270      6.321   248.6033 1.8308e+00     0.9997      5.612      8.140    12.1584 0.0000e+00
      5.729      0.019     0.0628      0.585     83.327  61.938535     1.6264      6.322   248.4473 1.8171e+00     1.0443      5.619      8.149    12.1503 0.0000e+00
      5.735      0.021     0.0649      0.605     83.286  61.933365     1.6244      6.322   248.2244 1.8155e+00     1.0548      5.625      8.157    12.1322 0.0000e+00
