Data/DataNotYetUploadedToEDI/Raw_CTD/RawDownloads/090318_fcr45.cnv
* Sea-Bird SBE19plus  Data File:
* FileName = C:\DATA\090318_FCR50_0005.hex
* Software version 2.6.3.104 SB_Terminal.dll
* Temperature SN = 7809
* Conductivity SN = 7809
* System UpLoad Time = Sep 03 2018 15:40:46
* <ApplicationData>
* <Seaterm232>
# nquan = 15
# nvalues = 1872                        
# units = specified
# name 0 = depFM: Depth [fresh water, m]
# name 1 = dz/dtM: Descent Rate [m/s]
# name 2 = sbeox0Mg/L: Oxygen, SBE 43 [mg/l]
# name 3 = sbeox0PS: Oxygen, SBE 43 [% saturation]
# name 4 = specc: Specific Conductance [uS/cm]
# name 5 = c0uS/cm: Conductivity [uS/cm]
# name 6 = flECO-AFL: Fluorescence, WET Labs ECO-AFL/FL [mg/m^3]
# name 7 = ph: pH
# name 8 = orp: Oxidation Reduction Potential [mV]
# name 9 = par/sat/log: PAR/Logarithmic, Satlantic
# name 10 = turbWETntu0: Turbidity, WET Labs ECO [NTU]
# name 11 = prdM: Pressure, Strain Gauge [db]
# name 12 = prdE: Pressure, Strain Gauge [psi]
# name 13 = tv290C: Temperature [ITS-90, deg C]
# name 14 = flag:  0.000e+00
# span 0 =     -0.459,      7.648       
# span 1 =     -0.105,      0.174       
# span 2 =     0.0456,    10.1757       
# span 3 =      0.423,    123.470       
# span 4 =      1.159,     99.149       
# span 5 =   1.294083,  73.300821       
# span 6 =    -0.4852,   256.9436       
# span 7 =      6.259,      8.474       
# span 8 =    75.4285,   324.4668       
# span 9 = 2.2221e-01, 2.6078e+03       
# span 10 =    -0.8679,   832.0950      
# span 11 =     -0.450,      7.500      
# span 12 =     -0.653,     10.878      
# span 13 =    11.9451,    30.8059      
# span 14 = 0.0000e+00, 0.0000e+00      
# interval = seconds: 0.25
# start_time = Sep 03 2018 16:27:28 [Instrument's time stamp, header]
# bad_flag = -9.990e-29
*END*
[from data line 868]
      3.389      0.017     0.1120      1.207     52.941  46.584195    10.6329      6.534   262.7859 4.1434e+01     1.4981      3.323      4.820    19.1475 0.0000e+00
      3.394      0.017     0.1104      1.191     52.930  46.584191    10.6726      6.532   262.8890 4.1209e+01     1.5165      3.328      4.827    19.1063 0.0000e+00
      3.399      0.017     0.1064      1.149     52.892  46.572533    11.0008      6.530   263.0043 4.0990e+01     1.5516      3.332      4.834    19.0491 0.0000e+00
      3.403      0.018     0.1024      1.105     52.879  46.570388    11.5954      6.528   263.0607 4.0751e+01     1.6181      3.338      4.841    18.9981 0.0000e+00
      3.407      0.018     0.0992      1.070     52.881  46.558270    11.9158      6.525   263.0543 4.0544e+01     1.6487      3.342      4.847    18.9807 0.0000e+00
      3.412      0.019     0.0968      1.043     52.914  46.553110    11.9522      6.521   263.0997 4.0384e+01     1.6468      3.346      4.853    18.9972 0.0000e+00
      3.416      0.020     0.0957      1.030     52.988  46.571500    12.0087      6.518   263.1795 4.0172e+01     1.6567      3.350      4.858    19.0264 0.0000e+00
      3.421      0.020     0.0952      1.023     53.073  46.589897    12.5529      6.515   263.1586 3.9897e+01     1.7071      3.355      4.865    19.0395 0.0000e+00
      3.427      0.020     0.0950      1.021     53.126  46.584799    13.5423      6.512   263.1043 3.9612e+01     1.7987      3.361      4.875    19.0234 0.0000e+00
      3.434      0.019     0.0950      1.021     53.155  46.573353    14.0911      6.510   263.1253 3.9350e+01     1.8788      3.367      4.884    18.9882 0.0000e+00
      3.439      0.017     0.0960      1.031     53.182  46.578566    14.2260      6.508   263.2418 3.9160e+01     1.9123      3.373      4.892    18.9444 0.0000e+00
      3.443      0.016     0.0966      1.038     53.195  46.584250    15.0901      6.505   263.3080 3.9035e+01     1.9299      3.377      4.897    18.8875 0.0000e+00
      3.446      0.015     0.0951      1.022     53.190  46.578505    16.6643      6.503   263.3227 3.8944e+01     1.9998      3.379      4.902    18.8323 0.0000e+00
      3.448      0.015     0.0933      1.002     53.188  46.572669    17.5258      6.501   263.4193 3.8832e+01     2.0554      3.381      4.904    18.7988 0.0000e+00
      3.451      0.015     0.0922      0.990     53.207  46.577234    17.6678      6.499   263.4441 3.8617e+01     2.0839      3.383      4.908    18.7825 0.0000e+00
      3.455      0.016     0.0918      0.985     53.235  46.570138    18.4636      6.498   263.3642 3.8352e+01     2.2211      3.389      4.915    18.7802 0.0000e+00
      3.461      0.017     0.0918      0.983     53.266  46.550385    19.9237      6.495   263.3992 3.8146e+01     2.4022      3.394      4.922    18.7812 0.0000e+00
      3.466      0.019     0.0921      0.985     53.297  46.529014    20.7276      6.492   263.6097 3.7957e+01     2.4737      3.399      4.929    18.7774 0.0000e+00
      3.470      0.021     0.0918      0.981     53.322  46.502346    20.8223      6.489   263.8446 3.7736e+01     2.4754      3.403      4.936    18.7728 0.0000e+00
      3.475      0.021     0.0906      0.968     53.362  46.482111    21.0138      6.486   263.9163 3.7509e+01     2.5134      3.406      4.942    18.7436 0.0000e+00
      3.481      0.020     0.0911      0.973     53.414  46.474959    21.3434      6.484   263.8738 3.7255e+01     2.5983      3.412      4.949    18.6891 0.0000e+00
      3.487      0.019     0.0928      0.990     53.469  46.479362    21.5255      6.483   263.8472 3.6995e+01     2.6769      3.420      4.959    18.6451 0.0000e+00
      3.493      0.019     0.0935      0.996     53.502  46.471740    21.5344      6.482   263.7667 3.6808e+01     2.7319      3.426      4.969    18.6042 0.0000e+00
      3.497      0.018     0.0925      0.985     53.512  46.446306    21.3503      6.480   263.7612 3.6658e+01     2.7454      3.430      4.974    18.5478 0.0000e+00
      3.500      0.018     0.0912      0.971     53.530  46.426021    21.0087      6.478   263.9537 3.6506e+01     2.7174      3.432      4.979    18.4952 0.0000e+00
      3.503      0.018     0.0920      0.979     53.566  46.417102    20.8229      6.476   264.0278 3.6359e+01     2.6984      3.435      4.982    18.4585 0.0000e+00
      3.508      0.019     0.0922      0.979     53.598  46.401981    20.7945      6.473   263.9683 3.6160e+01     2.6989      3.439      4.988    18.4252 0.0000e+00
      3.514      0.021     0.0906      0.961     53.609  46.370251    20.6561      6.471   264.0096 3.5901e+01     2.6926      3.445      4.997    18.3940 0.0000e+00
      3.520      0.021     0.0905      0.960     53.629  46.351190    19.1864      6.470   264.0109 3.5633e+01     2.6836      3.452      5.007    18.3626 0.0000e+00
      3.526      0.021     0.0919      0.974     53.679  46.362134    16.5065      6.468   263.9843 3.5367e+01     2.6813      3.458      5.016    18.3232 0.0000e+00
      3.533      0.020     0.0921      0.976     53.726  46.375421    15.0429      6.465   264.0321 3.5122e+01     2.6650      3.465      5.026    18.2815 0.0000e+00
      3.538      0.017     0.0908      0.963     53.764  46.384690    14.9166      6.463   263.9857 3.4941e+01     2.6388      3.470      5.033    18.2428 0.0000e+00
      3.542      0.015     0.0895      0.949     53.816  46.410618    15.0532      6.461   263.8544 3.4836e+01     2.6393      3.473      5.038    18.2089 0.0000e+00
      3.544      0.014     0.0895      0.948     53.866  46.434665    15.3246      6.459   263.7354 3.4755e+01     2.6714      3.475      5.040    18.1794 0.0000e+00
      3.546      0.015     0.0906      0.959     53.885  46.421185    15.4593      6.457   263.5790 3.4630e+01     2.6908      3.478      5.044    18.1535 0.0000e+00
      3.548      0.016     0.0897      0.949     53.877  46.374709    15.4325      6.455   263.4256 3.4477e+01     2.6909      3.480      5.047    18.1305 0.0000e+00
      3.552      0.018     0.0880      0.929     53.857  46.317580    15.1562      6.453   263.4293 3.4285e+01     2.7024      3.482      5.051    18.1147 0.0000e+00
      3.558      0.020     0.0890      0.939     53.809  46.238844    14.6461      6.452   263.6239 3.4015e+01     2.7085      3.489      5.060    18.1023 0.0000e+00
      3.565      0.022     0.0909      0.959     53.786  46.185352    14.3560      6.449   263.8851 3.3733e+01     2.7039      3.497      5.071    18.0736 0.0000e+00
      3.572      0.022     0.0896      0.945     53.801  46.179222    14.3327      6.446   264.0923 3.3492e+01     2.7069      3.503      5.080    18.0328 0.0000e+00
      3.578      0.021     0.0863      0.911     53.764  46.164691    14.4559      6.445   264.3223 3.3254e+01     2.7459      3.509      5.089    17.9954 0.0000e+00
      3.583      0.018     0.0829      0.876     53.678  46.136796    14.6970      6.443   264.7743 3.3057e+01     2.8394      3.515      5.098    17.9608 0.0000e+00
      3.587      0.016     0.0791      0.836     53.586  46.096238    14.8306      6.442   265.2545 3.2946e+01     2.9218      3.519      5.103    17.9273 0.0000e+00
      3.589      0.016     0.0791      0.837     53.527  46.055697    14.8301      6.441   265.3964 3.2867e+01     2.9486      3.520      5.105    17.8982 0.0000e+00
      3.592      0.017     0.0816      0.863     53.518  46.027966    14.6913      6.438   265.4575 3.2760e+01     2.9504      3.523      5.109    17.9150 0.0000e+00
      3.596      0.019     0.0817      0.863     53.552  46.015144    14.4212      6.435   265.6500 3.2566e+01     2.9428      3.526      5.114    17.9764 0.0000e+00
      3.601      0.019     0.0811      0.856     53.618  46.027729    14.2661      6.433   265.7450 3.2281e+01     2.9179      3.531      5.121    18.0185 0.0000e+00
      3.608      0.019     0.0827      0.873     53.680  46.052957    14.2224      6.431   265.8315 3.1963e+01     2.8939      3.538      5.132    18.0262 0.0000e+00
      3.616      0.018     0.0861      0.908     53.719  46.065910    13.7731      6.429   265.9206 3.1717e+01     2.9262      3.547      5.144    18.0061 0.0000e+00
      3.621      0.017     0.0872      0.918     53.748  46.057214    12.9233      6.426   265.8767 3.1622e+01     3.0036      3.553      5.154    17.9602 0.0000e+00
      3.623      0.017     0.0860      0.905     53.834  46.074877    12.4493      6.425   265.9037 3.1591e+01     3.0366      3.553      5.154    17.9086 0.0000e+00
      3.624      0.018     0.0858      0.901     54.014  46.152292    12.4065      6.424   266.0745 3.1501e+01     3.0503      3.553      5.153    17.8884 0.0000e+00
      3.627      0.019     0.0867      0.908     54.202  46.230455    12.3689      6.423   266.2209 3.1280e+01     3.1089      3.555      5.156    17.8786 0.0000e+00
      3.632      0.022     0.0857      0.898     54.318  46.257160    11.9214      6.421   266.2110 3.0944e+01     3.3478      3.561      5.165    17.8483 0.0000e+00
      3.640      0.025     0.0850      0.889     54.336  46.220857    11.1032      6.418   266.1274 3.0567e+01     3.7415      3.571      5.179    17.7983 0.0000e+00
      3.649      0.027     0.0871      0.911     54.308  46.172787    10.6465      6.416   266.1559 3.0202e+01     3.9622      3.579      5.191    17.7189 0.0000e+00
      3.657      0.027     0.0883      0.923     54.331  46.184367    10.5629      6.416   266.2975 2.9918e+01     4.0330      3.587      5.203    17.6393 0.0000e+00
      3.663      0.027     0.0871      0.910     54.404  46.233755    10.1198      6.415   266.5488 2.9693e+01     4.3844      3.594      5.212    17.5696 0.0000e+00
      3.668      0.026     0.0873      0.912     54.478  46.261466     9.3045      6.414   266.6999 2.9418e+01     5.0060      3.597      5.217    17.5179 0.0000e+00
      3.674      0.026     0.0878      0.916     54.560  46.265150     8.8575      6.414   266.6612 2.9058e+01     5.3533      3.602      5.225    17.4999 0.0000e+00
      3.682      0.025     0.0855      0.891     54.664  46.278213     8.7952      6.413   266.6831 2.8690e+01     5.4101      3.611      5.237    17.5001 0.0000e+00
      3.689      0.024     0.0840      0.875     54.741  46.292202     8.5512      6.412   266.7922 2.8356e+01     5.5099      3.618      5.248    17.4943 0.0000e+00
      3.696      0.022     0.0848      0.883     54.780  46.307115     8.1045      6.411   266.9487 2.8032e+01     5.6449      3.625      5.257    17.4680 0.0000e+00
      3.701      0.019     0.0848      0.883     54.790  46.331381     7.8511      6.409   267.0266 2.7761e+01     5.6687      3.631      5.266    17.4000 0.0000e+00
      3.705      0.016     0.0832      0.867     54.731  46.331392     7.8126      6.407   267.0446 2.7573e+01     5.6145      3.634      5.271    17.3123 0.0000e+00
      3.709      0.014     0.0819      0.856     54.614  46.307316     7.7861      6.407   267.2528 2.7403e+01     5.6918      3.637      5.275    17.2700 0.0000e+00
      3.712      0.014     0.0823      0.861     54.522  46.294597     7.7600      6.405   267.4790 2.7247e+01     5.9015      3.640      5.280    17.2503 0.0000e+00
      3.714      0.015     0.0830      0.867     54.542  46.304817     7.7452      6.403   267.6288 2.7110e+01     6.0437      3.642      5.283    17.2658 0.0000e+00
      3.717      0.016     0.0836      0.871     54.645  46.303770     7.7264      6.402   267.7741 2.6907e+01     6.0683      3.645      5.285    17.3138 0.0000e+00
      3.721      0.019     0.0844      0.878     54.753  46.281820     7.5689      6.402   267.7721 2.6607e+01     6.1683      3.648      5.291    17.3872 0.0000e+00
      3.727      0.021     0.0847      0.879     54.860  46.293492     7.2753      6.401   267.7774 2.6252e+01     6.3682      3.654      5.300    17.4800 0.0000e+00
      3.733      0.021     0.0840      0.872     54.926  46.317685     7.1078      6.399   267.9244 2.5879e+01     6.4700      3.661      5.310    17.4778 0.0000e+00
      3.740      0.021     0.0839      0.872     54.937  46.320067     7.0971      6.397   268.0860 2.5549e+01     6.4841      3.668      5.320    17.3713 0.0000e+00
      3.746      0.020     0.0854      0.887     54.946  46.322292     7.1005      6.395   268.2685 2.5305e+01     6.5081      3.675      5.330    17.2439 0.0000e+00
      3.751      0.019     0.0864      0.897     55.000  46.344587     7.0107      6.394   268.4965 2.5119e+01     6.5784      3.679      5.335    17.1695 0.0000e+00
      3.755      0.018     0.0862      0.894     55.124  46.398932     6.8293      6.393   268.6925 2.4957e+01     6.6627      3.682      5.340    17.1545 0.0000e+00
      3.757      0.018     0.0865      0.896     55.282  46.470852     6.7262      6.390   268.8309 2.4786e+01     6.7024      3.685      5.344    17.1516 0.0000e+00
      3.761      0.018     0.0870      0.900     55.468  46.578506     6.7106      6.387   268.9656 2.4560e+01     6.7228      3.689      5.349    17.1534 0.0000e+00
      3.767      0.018     0.0869      0.898     55.705  46.747151     6.6505      6.384   269.0310 2.4281e+01     6.7871      3.694      5.357    17.1392 0.0000e+00
      3.773      0.019     0.0877      0.906     56.024  46.984491     6.5415      6.382   269.0194 2.4029e+01     6.8693      3.700      5.367    17.0847 0.0000e+00
      3.778      0.020     0.0873      0.901     56.371  47.223562     6.4777      6.381   269.0832 2.3849e+01     6.8936      3.706      5.375    17.0211 0.0000e+00
      3.782      0.020     0.0848      0.875     56.598  47.349547     6.4490      6.379   269.1987 2.3667e+01     6.8971      3.709      5.379    16.9754 0.0000e+00
      3.787      0.019     0.0835      0.861     56.672  47.363603     6.2124      6.377   269.2985 2.3436e+01     7.0037      3.713      5.385    16.9538 0.0000e+00
      3.793      0.018     0.0829      0.854     56.731  47.393447     5.7861      6.375   269.4297 2.3201e+01     7.2359      3.719      5.394    16.9398 0.0000e+00
      3.798      0.016     0.0822      0.847     56.882  47.519681     5.5588      6.374   269.5798 2.3009e+01     7.3858      3.725      5.403    16.8889 0.0000e+00
      3.803      0.015     0.0824      0.849     57.073  47.682237     5.5411      6.372   269.6509 2.2868e+01     7.3809      3.729      5.410    16.8174 0.0000e+00
      3.805      0.015     0.0815      0.839     57.262  47.833450     5.6085      6.371   269.6874 2.2746e+01     7.3909      3.732      5.412    16.7734 0.0000e+00
      3.807      0.015     0.0805      0.828     57.431  47.949615     5.7580      6.370   269.7634 2.2623e+01     7.4452      3.734      5.415    16.7598 0.0000e+00
      3.810      0.016     0.0819      0.842     57.548  48.006197     5.8506      6.368   269.7947 2.2480e+01     7.4879      3.737      5.419    16.7664 0.0000e+00
      3.815      0.018     0.0833      0.856     57.597  48.009025     5.8461      6.367   269.8072 2.2305e+01     7.5418      3.740      5.425    16.7726 0.0000e+00
      3.821      0.020     0.0828      0.850     57.598  47.983768     5.7403      6.366   269.9152 2.2076e+01     7.6694      3.746      5.433    16.7687 0.0000e+00
      3.827      0.020     0.0813      0.835     57.588  47.955028     5.5637      6.364   270.0683 2.1825e+01     7.8712      3.753      5.443    16.7500 0.0000e+00
      3.834      0.019     0.0803      0.824     57.552  47.915759     5.4752      6.362   270.1091 2.1658e+01     7.9972      3.760      5.454    16.7027 0.0000e+00
      3.839      0.018     0.0798      0.819     57.519  47.890325     5.4792      6.361   270.1504 2.1585e+01     8.0028      3.765      5.461    16.6676 0.0000e+00
      3.843      0.015     0.0801      0.822     57.531  47.901767     5.5019      6.360   270.3962 2.1540e+01     7.9702      3.768      5.466    16.6515 0.0000e+00
