Data/DataNotYetUploadedToEDI/Raw_CTD/RawDownloads/090318_fcr10.cnv
* Sea-Bird SBE19plus  Data File:
* FileName = C:\DATA\090318_FCR50_0002.hex
* Software version 2.6.3.104 SB_Terminal.dll
* Temperature SN = 7809
* Conductivity SN = 7809
* System UpLoad Time = Sep 03 2018 15:38:10
* <ApplicationData>
* <Seaterm232>
# nquan = 15
# nvalues = 648                         
# units = specified
# name 0 = depFM: Depth [fresh water, m]
# name 1 = dz/dtM: Descent Rate [m/s]
# name 2 = sbeox0Mg/L: Oxygen, SBE 43 [mg/l]
# name 3 = sbeox0PS: Oxygen, SBE 43 [% saturation]
# name 4 = specc: Specific Conductance [uS/cm]
# name 5 = c0uS/cm: Conductivity [uS/cm]
# name 6 = flECO-AFL: Fluorescence, WET Labs ECO-AFL/FL [mg/m^3]
# name 7 = ph: pH
# name 8 = orp: Oxidation Reduction Potential [mV]
# name 9 = par/sat/log: PAR/Logarithmic, Satlantic
# name 10 = turbWETntu0: Turbidity, WET Labs ECO [NTU]
# name 11 = prdM: Pressure, Strain Gauge [db]
# name 12 = prdE: Pressure, Strain Gauge [psi]
# name 13 = tv290C: Temperature [ITS-90, deg C]
# name 14 = flag:  0.000e+00
# span 0 =     -0.458,      2.520       
# span 1 =     -0.110,      0.114       
# span 2 =     0.3630,     9.3811       
# span 3 =      4.255,    115.531       
# span 4 =      1.060,     60.609       
# span 5 =   1.122320,  58.533949       
# span 6 =    -0.9141,    13.2187       
# span 7 =      6.487,      8.082       
# span 8 =    96.9480,   345.0482       
# span 9 = 3.9306e+01, 1.8120e+03       
# span 10 =    -0.3783,    32.5772      
# span 11 =     -0.450,      2.472      
# span 12 =     -0.652,      3.586      
# span 13 =    23.2458,    27.9199      
# span 14 = 0.0000e+00, 0.0000e+00      
# interval = seconds: 0.25
# start_time = Sep 03 2018 14:44:31 [Instrument's time stamp, header]
# bad_flag = -9.990e-29
*END*
[from data line 386]
      1.308      0.028     8.1452     99.746     36.866  37.341738     4.5524      7.721   223.8020 2.5612e+02     1.7584      1.279      1.855    25.6398 0.0000e+00
      1.322      0.033     8.1589     99.907     36.820  37.292395     4.5579      7.716   223.5610 2.4943e+02     1.7199      1.294      1.877    25.6438 0.0000e+00
      1.341      0.034     8.1768    100.124     36.808  37.279690     4.5601      7.716   222.6940 2.4398e+02     1.6858      1.316      1.909    25.6468 0.0000e+00
      1.358      0.029     8.1923    100.315     36.843  37.315182     4.5420      7.718   221.4082 2.4111e+02     1.6816      1.335      1.937    25.6440 0.0000e+00
      1.365      0.019     8.2019    100.436     36.867  37.340365     4.5138      7.721   221.5225 2.4161e+02     1.7004      1.343      1.946    25.6384 0.0000e+00
      1.363      0.008     8.2053    100.484     36.855  37.330063     4.4952      7.723   223.1300 2.4419e+02     1.7292      1.338      1.940    25.6334 0.0000e+00
      1.358     -0.001     8.2022    100.451     36.840  37.317679     4.4824      7.725   225.0989 2.4696e+02     1.7250      1.332      1.932    25.6325 0.0000e+00
      1.353     -0.005     8.1952    100.368     36.839  37.317689     4.4510      7.727   226.7432 2.4812e+02     1.7108      1.326      1.924    25.6338 0.0000e+00
      1.350     -0.002     8.1858    100.253     36.852  37.330186     4.4009      7.728   227.6964 2.4729e+02     1.7404      1.322      1.918    25.6354 0.0000e+00
      1.350      0.005     8.1735    100.105     36.862  37.341728     4.3719      7.729   228.1059 2.4746e+02     1.7776      1.323      1.919    25.6391 0.0000e+00
      1.352      0.012     8.1654    100.007     36.850  37.330187     4.3581      7.728   228.2533 2.4723e+02     1.7952      1.325      1.921    25.6427 0.0000e+00
      1.357      0.018     8.1659    100.011     36.839  37.317700     4.3445      7.727   228.3597 2.4450e+02     1.8302      1.329      1.928    25.6437 0.0000e+00
      1.365      0.021     8.1651     99.999     36.839  37.317804     4.3460      7.727   228.3600 2.4137e+02     1.8958      1.339      1.942    25.6430 0.0000e+00
      1.374      0.022     8.1591     99.924     36.854  37.331446     4.3573      7.727   228.3423 2.3863e+02     1.9173      1.349      1.957    25.6439 0.0000e+00
      1.380      0.020     8.1594     99.922     36.879  37.355589     4.3616      7.727   228.3182 2.3631e+02     1.9072      1.354      1.964    25.6452 0.0000e+00
      1.383      0.017     8.1681    100.025     36.881  37.355603     4.3427      7.727   228.1551 2.3468e+02     1.9259      1.356      1.966    25.6443 0.0000e+00
      1.386      0.015     8.1743    100.100     36.858  37.331611     4.3131      7.728   228.0910 2.3314e+02     1.9300      1.359      1.971    25.6432 0.0000e+00
      1.390      0.015     8.1748    100.108     36.846  37.319614     4.2976      7.729   228.2305 2.3213e+02     1.9255      1.363      1.977    25.6427 0.0000e+00
      1.392      0.020     8.1708    100.060     36.863  37.337599     4.2927      7.729   228.5512 2.3266e+02     1.9331      1.365      1.980    25.6403 0.0000e+00
      1.394      0.026     8.1633     99.962     36.948  37.422006     4.2911      7.728   228.9573 2.3187e+02     1.9297      1.366      1.981    25.6362 0.0000e+00
      1.400      0.031     8.1546     99.835     37.047  37.514318     4.2873      7.723   229.1831 2.2773e+02     1.9154      1.371      1.988    25.6348 0.0000e+00
      1.412      0.032     8.1415     99.646     37.045  37.500811     4.2832      7.719   229.1304 2.2321e+02     1.9131      1.383      2.006    25.6377 0.0000e+00
      1.427      0.029     8.1164     99.326     37.000  37.449258     4.2965      7.719   229.0081 2.2041e+02     1.9326      1.400      2.031    25.6389 0.0000e+00
      1.440      0.024     8.0747     98.821     37.011  37.462736     4.3115      7.720   228.9951 2.1929e+02     1.9373      1.414      2.052    25.6382 0.0000e+00
      1.445      0.018     8.0219     98.180     37.082  37.536724     4.2891      7.722   229.0599 2.1914e+02     1.8779      1.420      2.060    25.6276 0.0000e+00
      1.443      0.013     7.9723     97.567     37.191  37.645039     4.2470      7.724   229.2748 2.1970e+02     1.7944      1.416      2.054    25.6033 0.0000e+00
      1.439      0.011     7.9341     97.086     37.307  37.755925     4.2247      7.724   229.6146 2.2003e+02     1.7517      1.411      2.045    25.5956 0.0000e+00
      1.439      0.012     7.8992     96.641     37.356  37.797450     4.2218      7.723   229.8128 2.1860e+02     1.7276      1.409      2.044    25.6052 0.0000e+00
      1.443      0.015     7.8514     96.041     37.331  37.765931     4.2118      7.722   229.6919 2.1612e+02     1.7478      1.414      2.051    25.6091 0.0000e+00
      1.452      0.019     7.7802     95.166     37.322  37.755992     4.1853      7.722   229.5299 2.1354e+02     1.8429      1.424      2.066    25.6053 0.0000e+00
      1.462      0.023     7.6849     93.999     37.371  37.804336     4.1684      7.721   229.7469 2.1123e+02     1.9313      1.435      2.082    25.5972 0.0000e+00
      1.468      0.024     7.5803     92.710     37.412  37.842218     4.1647      7.720   230.0787 2.0980e+02     1.9619      1.441      2.090    25.5838 0.0000e+00
      1.470      0.024     7.4892     91.584     37.408  37.832844     4.1491      7.720   230.1864 2.0890e+02     1.9680      1.441      2.091    25.5732 0.0000e+00
      1.475      0.023     7.4174     90.702     37.396  37.818047     4.1267      7.720   230.2749 2.0713e+02     1.9755      1.445      2.095    25.5743 0.0000e+00
      1.483      0.021     7.3540     89.928     37.367  37.790364     4.1143      7.719   230.3749 2.0482e+02     1.9610      1.454      2.108    25.5766 0.0000e+00
      1.491      0.018     7.2906     89.153     37.330  37.752249     4.1099      7.718   230.3628 2.0350e+02     1.9152      1.464      2.122    25.5698 0.0000e+00
      1.497      0.015     7.2391     88.520     37.318  37.738372     4.1103      7.719   230.3008 2.0290e+02     1.8497      1.468      2.130    25.5588 0.0000e+00
      1.500      0.012     7.2173     88.252     37.329  37.749629     4.1099      7.719   230.3129 2.0260e+02     1.7788      1.472      2.135    25.5570 0.0000e+00
      1.501      0.010     7.2207     88.301     37.338  37.761297     4.1044      7.719   230.4224 2.0299e+02     1.7296      1.473      2.136    25.5607 0.0000e+00
      1.500      0.010     7.2360     88.496     37.324  37.752395     4.0993      7.719   230.5070 2.0344e+02     1.7126      1.470      2.132    25.5608 0.0000e+00
      1.500      0.011     7.2581     88.775     37.337  37.769062     4.0759      7.719   229.5285 2.0289e+02     1.7857      1.469      2.130    25.5568 0.0000e+00
      1.504      0.013     7.2879     89.143     37.402  37.835770     4.0240      7.719   226.6802 2.0115e+02     1.9122      1.473      2.136    25.5551 0.0000e+00
      1.510      0.016     7.3270     89.619     37.491  37.923669     3.9864      7.719   223.7727 1.9885e+02     1.9608      1.481      2.148    25.5606 0.0000e+00
      1.516      0.021     7.3706     90.141     37.577  38.005964     3.9794      7.718   222.5951 1.9694e+02     1.9459      1.488      2.158    25.5678 0.0000e+00
      1.521      0.025     7.4058     90.552     37.647  38.068446     3.9855      7.717   222.4230 1.9578e+02     1.9144      1.493      2.165    25.5728 0.0000e+00
      1.525      0.027     7.4233     90.743     37.695  38.107358     3.9875      7.714   222.3794 1.9437e+02     1.8855      1.495      2.168    25.5756 0.0000e+00
      1.531      0.027     7.4223     90.717     37.690  38.095250     3.9842      7.710   222.3260 1.9180e+02     1.9022      1.499      2.174    25.5740 0.0000e+00
      1.541      0.025     7.4073     90.531     37.645  38.049103     3.9822      7.705   221.9489 1.8886e+02     1.9323      1.511      2.191    25.5673 0.0000e+00
      1.552      0.021     7.3842     90.256     37.588  37.994096     3.9731      7.701   221.4340 1.8672e+02     1.9146      1.523      2.209    25.5544 0.0000e+00
      1.559      0.016     7.3600     89.971     37.528  37.938401     3.9374      7.698   221.2623 1.8562e+02     1.8403      1.531      2.221    25.5383 0.0000e+00
      1.562      0.012     7.3410     89.747     37.534  37.947470     3.8814      7.696   221.3359 1.8570e+02     1.7670      1.535      2.226    25.5288 0.0000e+00
      1.560      0.012     7.3314     89.630     37.625  38.040223     3.8575      7.692   221.4638 1.8685e+02     1.7908      1.531      2.220    25.5284 0.0000e+00
      1.555      0.016     7.3331     89.643     37.758  38.170471     3.8595      7.686   222.3784 1.8749e+02     1.8236      1.522      2.208    25.5341 0.0000e+00
      1.556      0.023     7.3406     89.722     37.843  38.251691     3.8687      7.676   223.7907 1.8601e+02     1.8271      1.521      2.206    25.5422 0.0000e+00
      1.566      0.030     7.3477     89.802     37.791  38.196348     3.8952      7.663   224.2567 1.8288e+02     1.8948      1.533      2.224    25.5472 0.0000e+00
      1.582      0.035     7.3564     89.910     37.668  38.073090     3.9132      7.652   224.3127 1.7972e+02     1.9396      1.551      2.250    25.5483 0.0000e+00
      1.597      0.037     7.3699     90.085     37.623  38.031975     3.9219      7.647   224.5540 1.7743e+02     1.9412      1.567      2.273    25.5424 0.0000e+00
      1.608      0.037     7.3881     90.318     37.729  38.143939     3.9454      7.646   225.0239 1.7628e+02     1.9447      1.580      2.291    25.5325 0.0000e+00
      1.614      0.036     7.4079     90.558     37.930  38.346847     3.9662      7.646   225.3477 1.7570e+02     1.9216      1.583      2.297    25.5275 0.0000e+00
      1.617      0.034     7.4250     90.752     38.105  38.515900     3.9713      7.645   224.5115 1.7466e+02     1.9060      1.584      2.298    25.5290 0.0000e+00
      1.623      0.034     7.4367     90.870     38.199  38.599667     3.9799      7.643   223.4310 1.7281e+02     1.9087      1.589      2.305    25.5367 0.0000e+00
      1.633      0.035     7.4439     90.935     38.207  38.597284     4.0156      7.639   222.9530 1.7021e+02     1.9232      1.600      2.321    25.5455 0.0000e+00
      1.647      0.035     7.4506     91.007     38.165  38.550594     4.0712      7.636   222.7752 1.6757e+02     1.9592      1.616      2.344    25.5464 0.0000e+00
      1.660      0.033     7.4566     91.078     38.160  38.543391     4.1011      7.634   222.9168 1.6587e+02     1.9777      1.630      2.364    25.5354 0.0000e+00
      1.668      0.029     7.4586     91.103     38.190  38.573730     4.0930      7.634   223.4602 1.6502e+02     1.9639      1.638      2.376    25.5168 0.0000e+00
      1.673      0.024     7.4574     91.088     38.216  38.599768     4.0278      7.635   223.7522 1.6468e+02     1.9445      1.642      2.381    25.5014 0.0000e+00
      1.676      0.019     7.4548     91.050     38.285  38.667619     3.9283      7.636   223.4366 1.6454e+02     1.9271      1.643      2.383    25.4962 0.0000e+00
      1.679      0.017     7.4530     91.015     38.445  38.822323     3.8736      7.638   223.5152 1.6423e+02     1.9056      1.646      2.388    25.4967 0.0000e+00
      1.682      0.020     7.4559     91.021     38.643  39.009041     3.8537      7.639   224.0152 1.6366e+02     1.8985      1.650      2.393    25.4972 0.0000e+00
      1.686      0.025     7.4664     91.111     38.796  39.146299     3.8439      7.639   224.1475 1.6258e+02     1.9025      1.652      2.395    25.4971 0.0000e+00
      1.692      0.029     7.4899     91.356     38.880  39.211228     3.8468      7.637   223.9098 1.6091e+02     1.9237      1.657      2.404    25.4947 0.0000e+00
      1.702      0.032     7.5382     91.909     38.908  39.222268     3.8528      7.634   223.6367 1.5898e+02     1.9713      1.668      2.420    25.4870 0.0000e+00
      1.715      0.032     7.6158     92.829     38.914  39.216228     3.8609      7.633   223.5121 1.5713e+02     1.9892      1.682      2.439    25.4706 0.0000e+00
      1.725      0.031     7.7064     93.923     38.904  39.201706     3.8620      7.633   223.6080 1.5580e+02     1.9877      1.693      2.456    25.4451 0.0000e+00
      1.732      0.029     7.7925     94.979     38.873  39.173743     3.8841      7.633   223.7643 1.5513e+02     2.0447      1.699      2.464    25.4189 0.0000e+00
      1.736      0.027     7.8644     95.877     38.822  39.132278     3.9441      7.633   223.9393 1.5458e+02     2.1288      1.702      2.468    25.3969 0.0000e+00
      1.740      0.027     7.9155     96.523     38.762  39.081563     3.9814      7.630   224.2610 1.5375e+02     2.1507      1.705      2.474    25.3798 0.0000e+00
      1.746      0.027     7.9452     96.892     38.746  39.068827     3.9852      7.625   224.3843 1.5257e+02     2.1266      1.711      2.482    25.3725 0.0000e+00
      1.754      0.027     7.9578     97.029     38.790  39.105352     3.9808      7.620   224.1399 1.5087e+02     2.0816      1.719      2.494    25.3765 0.0000e+00
      1.765      0.024     7.9602     97.025     38.841  39.141980     3.9740      7.617   223.9725 1.4904e+02     2.0034      1.731      2.512    25.3925 0.0000e+00
      1.775      0.019     7.9587     96.977     38.842  39.130480     3.9765      7.616   224.1679 1.4792e+02     1.9438      1.743      2.529    25.4104 0.0000e+00
      1.780      0.014     7.9586     96.960     38.812  39.093343     3.9842      7.616   224.4367 1.4772e+02     1.9405      1.748      2.535    25.4163 0.0000e+00
      1.779      0.012     7.9636     97.007     38.799  39.074152     4.0024      7.615   224.5561 1.4833e+02     1.9631      1.746      2.533    25.4037 0.0000e+00
      1.775      0.014     7.9731     97.089     38.765  39.025492     4.0310      7.612   224.7511 1.4893e+02     1.9728      1.740      2.523    25.3798 0.0000e+00
      1.774      0.019     7.9849     97.164     38.719  38.949708     4.0455      7.607   225.0735 1.4811e+02     1.9660      1.736      2.519    25.3616 0.0000e+00
      1.781      0.024     7.9985     97.251     38.724  38.920193     4.0398      7.602   225.3566 1.4614e+02     1.9421      1.744      2.530    25.3547 0.0000e+00
      1.793      0.029     8.0149     97.400     38.748  38.922707     3.9996      7.596   226.1954 1.4403e+02     1.9588      1.759      2.551    25.3531 0.0000e+00
      1.807      0.031     8.0351     97.626     38.750  38.916529     3.9352      7.588   228.0738 1.4204e+02     2.0459      1.773      2.571    25.3386 0.0000e+00
      1.818      0.028     8.0561     97.877     38.745  38.909025     3.9042      7.582   229.6562 1.4075e+02     2.1104      1.784      2.587    25.2943 0.0000e+00
      1.824      0.023     8.0703     98.057     38.728  38.895505     3.9101      7.578   229.8411 1.4028e+02     2.1284      1.790      2.597    25.2387 0.0000e+00
      1.827      0.017     8.0753     98.142     38.703  38.880128     3.9237      7.574   229.8791 1.4025e+02     2.1118      1.792      2.599    25.2119 0.0000e+00
      1.827      0.012     8.0762     98.185     38.723  38.913720     4.0044      7.570   229.8568 1.4037e+02     2.0615      1.792      2.599    25.2078 0.0000e+00
      1.827      0.011     8.0762     98.198     38.850  39.047551     4.1512      7.565   229.0558 1.4016e+02     2.0086      1.792      2.599    25.2017 0.0000e+00
      1.829      0.012     8.0727     98.104     39.115  39.291168     4.2272      7.559   228.6263 1.3956e+02     1.9909      1.793      2.600    25.2069 0.0000e+00
      1.834      0.014     8.0600     97.838     39.380  39.508518     4.2344      7.553   228.7073 1.3860e+02     2.0001      1.797      2.605    25.2221 0.0000e+00
