Data/DataNotYetUploadedToEDI/Raw_CTD/RawDownloads/090320_fcr50.cnv
* Sea-Bird SBE19plus  Data File:
* FileName = C:\DATA\090320_fcr50_0001.hex
* Software version 2.8.0.119
* Temperature SN = 7809
* Conductivity SN = 7809
* System UpLoad Time = Sep 03 2020 09:31:20
* <ApplicationData>
* <Seaterm232>
# nquan = 16
# nvalues = 2148                        
# units = specified
# name 0 = depFM: Depth [fresh water, m]
# name 1 = dz/dtM: Descent Rate [m/s]
# name 2 = sbeox0ML/L: Oxygen, SBE 43 [ml/l]
# name 3 = sbeox0PS: Oxygen, SBE 43 [% saturation]
# name 4 = specc: Specific Conductance [uS/cm]
# name 5 = c0uS/cm: Conductivity [uS/cm]
# name 6 = flECO-AFL: Fluorescence, WET Labs ECO-AFL/FL [mg/m^3]
# name 7 = ph: pH
# name 8 = orp: Oxidation Reduction Potential [mV]
# name 9 = par/sat/log: PAR/Logarithmic, Satlantic
# name 10 = turbWETntu0: Turbidity, WET Labs ECO [NTU]
# name 11 = prdM: Pressure, Strain Gauge [db]
# name 12 = prdE: Pressure, Strain Gauge [psi]
# name 13 = tv290C: Temperature [ITS-90, deg C]
# name 14 = density00: Density [density, kg/m^3]
# name 15 = flag:  0.000e+00
# span 0 =     -0.682,      9.546       
# span 1 =     -0.287,      4.239       
# span 2 =    -0.0147,     6.5593       
# span 3 =     -0.182,    113.471       
# span 4 =      1.155,     77.485       
# span 5 =   1.160805,  61.090438       
# span 6 =    -1.8150,    33.8124       
# span 7 =     15.035,     15.436       
# span 8 = -1240.7454,   292.1891       
# span 9 = 1.2345e-01, 1.1962e+03       
# span 10 =    -7.7554,    44.2188      
# span 11 =     -0.670,      9.362      
# span 12 =     -0.971,     13.578      
# span 13 =    11.9209,    25.2544      
# span 14 =   996.9869,   999.5736      
# span 15 = 0.0000e+00, 0.0000e+00      
# interval = seconds: 0.25
# start_time = Sep 02 2020 20:10:45 [Instrument's time stamp, header]
# bad_flag = -9.990e-29
*END*
[from data line 452]
      3.851      0.043     0.0411      0.601     75.347  58.997005     3.7843     15.355    99.4282 7.5328e-01     9.0294      3.776      5.476    14.2216   999.2625 0.0000e+00
      3.861      0.048     0.0438      0.601     74.235  58.080639     3.7118     15.356    97.5325 7.3865e-01     8.7855      3.784      5.489    14.2138   999.2636 0.0000e+00
      3.875      0.052     0.0421      0.626     73.137  57.113338     3.7179     15.358    95.9422 7.1049e-01     8.7569      3.799      5.511    14.2041   999.2648 0.0000e+00
      3.891      0.056     0.0440      0.653     72.507  56.449393     3.7044     15.361    94.9137 6.7948e-01     8.7519      3.816      5.535    14.1613   999.2709 0.0000e+00
      3.908      0.058     0.0434      0.677     72.148  55.960630     3.5969     15.366    93.9586 6.5418e-01     8.5531      3.832      5.559    14.1464   999.2730 0.0000e+00
      3.923      0.058     0.0417      0.700     71.853  55.523086     3.4297     15.371    92.9122 6.3138e-01     8.1731      3.847      5.579    14.1379   999.2737 0.0000e+00
      3.938      0.058     0.0457      0.710     71.513  55.097221     3.3511     15.373    91.8983 6.0999e-01     8.0023      3.862      5.601    14.0550   999.2849 0.0000e+00
      3.952      0.059     0.0469      0.700     70.868  54.495531     3.3521     15.374    91.0779 5.9422e-01     7.9991      3.876      5.622    13.9332   999.3017 0.0000e+00
      3.964      0.060     0.0493      0.714     69.870  53.647075     3.2521     15.376    90.3064 5.7619e-01     7.7222      3.887      5.637    13.7805   999.3226 0.0000e+00
      3.979      0.061     0.0507      0.736     68.859  52.778084     3.0570     15.379    89.7107 5.5053e-01     7.2294      3.901      5.658    13.6191   999.3444 0.0000e+00
      3.996      0.061     0.0532      0.713     67.962  51.991337     2.9579     15.381    89.3814 5.2449e-01     6.9847      3.919      5.684    13.5022   999.3600 0.0000e+00
      4.014      0.061     0.0498      0.673     66.927  51.120741     2.9404     15.381    88.6476 4.8742e-01     6.9951      3.937      5.710    13.4384   999.3683 0.0000e+00
      4.030      0.061     0.0510      0.620     65.867  50.253760     2.8258     15.382    87.6362 4.5834e-01     6.6001      3.954      5.735    13.3943   999.3739 0.0000e+00
      4.045      0.060     0.0569      0.564     65.044  49.574000     2.6215     15.384    87.3910 4.5222e-01     5.7436      3.968      5.755    13.3228   999.3829 0.0000e+00
      4.059      0.058     0.0515      0.563     64.353  48.998159     2.5113     15.386    87.4904 4.4236e-01     5.2235      3.981      5.774    13.2394   999.3936 0.0000e+00
      4.074      0.055     0.0498      0.573     63.832  48.561901     2.5038     15.387    86.7724 4.3233e-01     5.1184      3.995      5.795    13.1803   999.4009 0.0000e+00
      4.088      0.052     0.0468      0.542     63.527  48.299737     2.5697     15.388    85.6799 4.2412e-01     5.1941      4.008      5.814    13.1450   999.4050 0.0000e+00
      4.102      0.050     0.0385      0.508     63.143  47.987298     2.6982     15.388    85.0358 4.1267e-01     5.3829      4.022      5.834    13.1042   999.4101 0.0000e+00
      4.116      0.048     0.0412      0.520     62.552  47.514603     2.7688     15.388    84.9210 4.0192e-01     5.4440      4.037      5.855    13.0629   999.4151 0.0000e+00
      4.127      0.046     0.0445      0.563     61.969  47.029181     2.7749     15.389    85.1525 3.8893e-01     5.3839      4.048      5.871    13.0334   999.4187 0.0000e+00
      4.137      0.043     0.0397      0.587     61.505  46.626244     2.7630     15.391    85.1668 3.7847e-01     5.3419      4.055      5.882    13.0082   999.4219 0.0000e+00
      4.147      0.038     0.0359      0.585     61.074  46.261826     2.7584     15.392    84.6643 3.6810e-01     5.3830      4.065      5.896    12.9952   999.4235 0.0000e+00
      4.159      0.034     0.0370      0.575     60.662  45.924624     2.7759     15.393    84.2386 3.5781e-01     5.4348      4.079      5.916    12.9851   999.4246 0.0000e+00
      4.169      0.030     0.0429      0.548     60.341  45.660228     2.7850     15.394    84.2366 3.5106e-01     5.4533      4.090      5.932    12.9459   999.4294 0.0000e+00
      4.174      0.028     0.0442      0.518     60.293  45.604652     2.7436     15.393    84.1235 3.4785e-01     5.5380      4.094      5.938    12.8945   999.4358 0.0000e+00
      4.178      0.025     0.0429      0.524     60.604  45.824048     2.6663     15.393    83.7319 3.5235e-01     5.6348      4.096      5.941    12.8670   999.4390 0.0000e+00
      4.183      0.024     0.0435      0.562     60.717  45.900254     2.6332     15.394    83.2866 3.5680e-01     5.6629      4.101      5.947    12.8498   999.4411 0.0000e+00
      4.190      0.024     0.0408      0.589     60.115  45.446682     2.6384     15.394    82.7840 3.4260e-01     5.6714      4.109      5.959    12.8311   999.4433 0.0000e+00
      4.197      0.026     0.0372      0.601     59.908  45.292147     2.6237     15.394    82.3006 3.2078e-01     5.6345      4.115      5.969    12.8157   999.4452 0.0000e+00
      4.203      0.028     0.0373      0.604     60.843  45.999887     2.5413     15.394    82.0021 3.2162e-01     5.4569      4.121      5.976    12.8019   999.4471 0.0000e+00
      4.210      0.031     0.0427      0.615     61.320  46.385033     2.4054     15.393    81.8421 3.2673e-01     5.2406      4.128      5.987    12.7901   999.4488 0.0000e+00
      4.218      0.033     0.0438      0.643     60.352  45.695125     2.3357     15.392    81.7424 3.1198e-01     5.1824      4.136      5.999    12.7973   999.4476 0.0000e+00
      4.226      0.036     0.0447      0.650     58.930  44.642267     2.3181     15.392    81.3132 3.0097e-01     5.1999      4.145      6.010    12.8033   999.4465 0.0000e+00
      4.235      0.040     0.0451      0.637     57.937  43.876807     2.0588     15.392    80.3527 3.0256e-01     4.8676      4.152      6.022    12.7890   999.4490 0.0000e+00
      4.246      0.042     0.0438      0.616     57.140  43.233090     1.5752     15.393    79.6789 2.9086e-01     4.1857      4.164      6.038    12.8105   999.4468 0.0000e+00
      4.259      0.043     0.0493      0.594     56.341  42.572599     1.3064     15.395    79.6193 2.6643e-01     3.7882      4.176      6.057    12.8623   999.4398 0.0000e+00
      4.271      0.043     0.0483      0.584     55.567  41.921586     1.2691     15.397    79.5468 2.6246e-01     3.7690      4.187      6.074    12.8878   999.4360 0.0000e+00
      4.284      0.042     0.0473      0.579     54.449  41.011349     1.1621     15.398    78.8875 2.7054e-01     3.9191      4.201      6.094    12.8713   999.4379 0.0000e+00
      4.294      0.041     0.0462      0.591     53.202  40.009293     0.9569     15.399    77.9292 2.5904e-01     4.1619      4.213      6.109    12.8305   999.4428 0.0000e+00
      4.302      0.040     0.0427      0.628     52.555  39.453856     0.8384     15.402    77.3383 2.4239e-01     4.2672      4.219      6.118    12.7830   999.4484 0.0000e+00
      4.311      0.040     0.0441      0.699     52.546  39.373362     0.8165     15.404    76.9918 2.4297e-01     4.2303      4.226      6.129    12.7175   999.4563 0.0000e+00
      4.321      0.041     0.0419      0.855     52.692  39.416802     0.8072     15.406    76.7508 2.4414e-01     4.3684      4.237      6.146    12.6530   999.4639 0.0000e+00
      4.333      0.042     0.0435      1.183     52.669  39.344300     0.8212     15.408    76.4892 2.4000e-01     4.7347      4.249      6.165    12.6006   999.4699 0.0000e+00
      4.344      0.045     0.0462      1.771     52.617  39.258329     0.8336     15.410    76.1518 2.3969e-01     4.9860      4.260      6.178    12.5355   999.4776 0.0000e+00
      4.354      0.047     0.0500      2.675     52.851  39.392809     0.8327     15.410    76.1126 2.2635e-01     5.0038      4.269      6.192    12.4593   999.4868 0.0000e+00
      4.366      0.048     0.0597      3.953     53.220  39.637353     0.9054     15.411    76.1869 2.0249e-01     4.8810      4.281      6.210    12.3953   999.4946 0.0000e+00
      4.380      0.048     0.0810      5.586     53.291  39.676218     1.0551     15.412    76.1903 1.8623e-01     4.7718      4.295      6.229    12.3464   999.5005 0.0000e+00
      4.394      0.048     0.1250      7.459     53.030  39.481879     1.1454     15.411    76.2403 1.8600e-01     4.7472      4.309      6.249    12.3009   999.5058 0.0000e+00
      4.406      0.047     0.1903      9.492     52.812  39.318694     1.1669     15.411    76.0167 1.9273e-01     4.7210      4.321      6.267    12.2625   999.5105 0.0000e+00
      4.417      0.045     0.2860     11.554     52.785  39.289944     1.1722     15.412    75.3798 1.9469e-01     4.6959      4.331      6.282    12.2307   999.5145 0.0000e+00
      4.428      0.043     0.4138     13.382     52.759  39.261196     1.1616     15.412    74.7342 1.9645e-01     4.6497      4.342      6.298    12.2158   999.5163 0.0000e+00
      4.439      0.041     0.5556     14.837     52.717  39.224968     1.1527     15.413    74.4056 1.8701e-01     4.5737      4.354      6.314    12.2256   999.5150 0.0000e+00
      4.449      0.039     0.7085     15.924     52.737  39.232732     1.1605     15.413    74.4185 1.7717e-01     4.4986      4.364      6.329    12.2262   999.5149 0.0000e+00
      4.458      0.037     0.8753     16.688     52.748  39.228126     1.1795     15.413    74.7172 1.8225e-01     4.4625      4.371      6.340    12.2132   999.5165 0.0000e+00
      4.467      0.037     1.0151     17.206     52.692  39.169256     1.1822     15.414    75.1779 1.8600e-01     4.5830      4.381      6.354    12.2038   999.5176 0.0000e+00
      4.476      0.036     1.1227     17.524     52.612  39.092161     1.1642     15.414    75.6018 1.8829e-01     4.7892      4.391      6.368    12.2002   999.5181 0.0000e+00
      4.485      0.034     1.2049     17.737     52.586  39.057595     1.1537     15.415    75.7977 1.8723e-01     4.8955      4.398      6.379    12.1961   999.5186 0.0000e+00
      4.495      0.032     1.2582     18.000     52.615  39.068640     1.1506     15.415    75.6533 1.7595e-01     4.9405      4.407      6.392    12.1826   999.5203 0.0000e+00
      4.504      0.030     1.2987     18.422     52.655  39.098767     1.1171     15.415    75.5773 1.6367e-01     5.1964      4.418      6.409    12.1652   999.5223 0.0000e+00
      4.511      0.029     1.3201     19.003     52.640  39.104508     1.0527     15.415    75.9111 1.6278e-01     5.6214      4.425      6.418    12.1474   999.5243 0.0000e+00
      4.516      0.030     1.3315     19.658     52.573  39.074604     1.0214     15.415    76.2482 1.6797e-01     5.8215      4.429      6.423    12.1328   999.5261 0.0000e+00
      4.521      0.032     1.3488     20.338     52.543  39.054570     1.0245     15.416    76.3837 1.6214e-01     5.8985      4.432      6.429    12.1223   999.5273 0.0000e+00
      4.527      0.035     1.3802     21.025     52.552  39.052687     0.9852     15.416    76.4310 1.5411e-01     6.3464      4.438      6.436    12.1159   999.5280 0.0000e+00
      4.538      0.038     1.4271     21.666     52.559  39.051825     0.9091     15.415    76.3892 1.5663e-01     7.0829      4.449      6.453    12.1381   999.5256 0.0000e+00
      4.552      0.043     1.4764     22.210     52.559  39.044143     0.8661     15.414    76.4810 1.6018e-01     7.4914      4.465      6.476    12.1700   999.5220 0.0000e+00
      4.564      0.048     1.5267     22.596     52.549  39.023267     0.8476     15.415    76.9385 1.6088e-01     7.6105      4.478      6.493    12.1646   999.5226 0.0000e+00
      4.574      0.052     1.5815     22.795     52.529  38.989808     0.7424     15.416    77.6185 1.7058e-01     8.3522      4.485      6.505    12.1498   999.5243 0.0000e+00
      4.587      0.056     1.6303     22.869     52.517  38.956922     0.5382     15.416    78.2496 1.7923e-01     9.6265      4.497      6.522    12.1493   999.5245 0.0000e+00
      4.602      0.060     1.6732     22.861     52.533  38.942963     0.4112     15.417    78.8056 1.6682e-01    10.2800      4.512      6.545    12.1432   999.5253 0.0000e+00
      4.619      0.064     1.7049     22.804     52.573  38.947940     0.3891     15.418    79.4357 1.5566e-01    10.4185      4.530      6.571    12.1285   999.5270 0.0000e+00
      4.637      0.068     1.7169     22.775     52.608  38.953602     0.2984     15.420    80.1905 1.5920e-01    11.1292      4.547      6.595    12.1117   999.5291 0.0000e+00
      4.655      0.070     1.7228     22.822     52.621  38.947932     0.1249     15.420    80.8768 1.5230e-01    12.3487      4.565      6.621    12.0884   999.5318 0.0000e+00
      4.674      0.070     1.7239     23.033     52.628  38.942835     0.0182     15.420    81.3664 1.3639e-01    12.9760      4.584      6.648    12.0611   999.5350 0.0000e+00
      4.691      0.071     1.7158     23.478     52.655  38.955425     0.0001     15.421    81.9801 1.2879e-01    12.9796      4.600      6.672    12.0369   999.5379 0.0000e+00
      4.709      0.073     1.7156     24.108     52.686  38.973208     0.0017     15.421    82.8761 1.2737e-01    12.9770      4.619      6.697    12.0171   999.5402 0.0000e+00
      4.727      0.077     1.7165     24.843     52.684  38.967434    -0.0196     15.421    83.9401 1.2549e-01    13.2533      4.637      6.724    12.0034   999.5419 0.0000e+00
      4.745      0.079     1.7290     25.591     52.663  38.949075    -0.0665     15.421    85.0370 1.2378e-01    13.7444      4.652      6.746    11.9942   999.5430 0.0000e+00
      4.766      0.077     1.7668     26.286     52.656  38.941641    -0.0989     15.421    86.0716 1.2365e-01    13.9710      4.671      6.774    11.9878   999.5439 0.0000e+00
      4.791      0.072     1.8149     26.879     52.656  38.941018    -0.1152     15.421    87.1581 1.2366e-01    13.9334      4.699      6.816    11.9828   999.5446 0.0000e+00
      4.816      0.064     1.8743     27.313     52.655  38.941539    -0.1484     15.421    88.2791 1.2368e-01    13.7706      4.727      6.855    11.9793   999.5451 0.0000e+00
      4.832      0.053     1.9320     27.600     52.655  38.947941    -0.1956     15.421    89.4720 1.2369e-01    13.4788      4.741      6.876    11.9767   999.5455 0.0000e+00
      4.840      0.043     1.9852     27.784     52.655  38.954968    -0.2186     15.421    90.7407 1.2369e-01    13.2898      4.748      6.886    11.9745   999.5458 0.0000e+00
      4.844      0.034     2.0332     27.875     52.660  38.963040    -0.2270     15.421    91.8312 1.2368e-01    13.2708      4.751      6.890    11.9731   999.5459 0.0000e+00
      4.849      0.030     2.0647     27.899     52.677  38.982070    -0.2113     15.421    92.7628 1.2365e-01    13.4204      4.755      6.896    11.9734   999.5459 0.0000e+00
      4.854      0.031     2.0840     27.887     52.677  38.994657    -0.1525     15.422    93.6589 1.2364e-01    13.6907      4.760      6.903    11.9807   999.5451 0.0000e+00
      4.862      0.035     2.0983     27.874     52.651  38.988300    -0.1066     15.422    94.7494 1.2365e-01    13.8270      4.766      6.913    11.9902   999.5440 0.0000e+00
      4.873      0.040     2.1038     27.852     52.620  38.968686    -0.0954     15.421    96.1396 1.2370e-01    13.7975      4.777      6.929    11.9910   999.5440 0.0000e+00
      4.886      0.044     2.1051     27.774     52.607  38.947930    -0.1219     15.421    97.3898 1.2369e-01    13.6776      4.791      6.949    11.9952   999.5435 0.0000e+00
      4.898      0.047     2.1019     27.630     52.602  38.927740    -0.1691     15.422    98.3368 1.2359e-01    13.5102      4.804      6.969    12.0095   999.5420 0.0000e+00
      4.910      0.047     2.1000     27.434     52.603  38.914952    -0.1806     15.423    99.1578 1.2356e-01    13.4558      4.814      6.982    12.0260   999.5402 0.0000e+00
