Data/DataNotYetUploadedToEDI/Raw_CTD/RawDownloads/090320_bvr50.cnv
* Sea-Bird SBE19plus  Data File:
* FileName = C:\DATA\090320_bvr50_0002.hex
* Software version 2.8.0.119
* Temperature SN = 7809
* Conductivity SN = 7809
* System UpLoad Time = Sep 03 2020 15:20:17
* <ApplicationData>
* <Seaterm232>
# nquan = 16
# nvalues = 1869                        
# units = specified
# name 0 = depFM: Depth [fresh water, m]
# name 1 = dz/dtM: Descent Rate [m/s]
# name 2 = sbeox0ML/L: Oxygen, SBE 43 [ml/l]
# name 3 = sbeox0PS: Oxygen, SBE 43 [% saturation]
# name 4 = specc: Specific Conductance [uS/cm]
# name 5 = c0uS/cm: Conductivity [uS/cm]
# name 6 = flECO-AFL: Fluorescence, WET Labs ECO-AFL/FL [mg/m^3]
# name 7 = ph: pH
# name 8 = orp: Oxidation Reduction Potential [mV]
# name 9 = par/sat/log: PAR/Logarithmic, Satlantic
# name 10 = turbWETntu0: Turbidity, WET Labs ECO [NTU]
# name 11 = prdM: Pressure, Strain Gauge [db]
# name 12 = prdE: Pressure, Strain Gauge [psi]
# name 13 = tv290C: Temperature [ITS-90, deg C]
# name 14 = density00: Density [density, kg/m^3]
# name 15 = flag:  0.000e+00
# span 0 =     -0.759,     10.413       
# span 1 =     -0.308,      0.275       
# span 2 =     0.0229,     6.1697       
# span 3 =      0.353,    108.950       
# span 4 =      1.492,    162.636       
# span 5 =   1.602431, 113.305062       
# span 6 =    -3.2580,   259.8180       
# span 7 =     14.927,     15.499       
# span 8 =  -772.4779,   377.6123       
# span 9 = 1.2340e-01, 2.2642e+03       
# span 10 =   -12.0259,    15.2114      
# span 11 =     -0.745,     10.212      
# span 12 =     -1.080,     14.811      
# span 13 =     9.7685,    29.1015      
# span 14 =   995.9234,   999.8255      
# span 15 = 0.0000e+00, 0.0000e+00      
# interval = seconds: 0.25
# start_time = Sep 02 2020 22:49:16 [Instrument's time stamp, header]
# bad_flag = -9.990e-29
*END*
[from data line 904]
      8.339      0.003     0.0356      0.499    131.405  92.791799     2.1528     15.483    44.5159 1.3286e-01     2.1504      8.178     11.861    10.2403   999.7681 0.0000e+00
      8.339      0.003     0.0391      0.486    131.320  92.754709     2.1648     15.483    44.0301 1.3750e-01     2.1753      8.178     11.860    10.2533   999.7668 0.0000e+00
      8.339      0.003     0.0392      0.471    131.183  92.689753     2.1631     15.483    43.5865 1.3791e-01     2.1639      8.178     11.861    10.2713   999.7652 0.0000e+00
      8.339      0.003     0.0381      0.473    131.050  92.642844     2.1609     15.482    43.1965 1.3818e-01     2.1161      8.178     11.860    10.2936   999.7631 0.0000e+00
      8.340      0.003     0.0404      0.474    130.973  92.633058     2.1569     15.481    42.6696 1.3848e-01     2.0779      8.179     11.862    10.3083   999.7617 0.0000e+00
      8.341      0.003     0.0382      0.480    130.925  92.635112     2.1146     15.481    42.1197 1.3357e-01     2.1137      8.180     11.864    10.3117   999.7614 0.0000e+00
      8.342      0.003     0.0357      0.501    130.924  92.667717     2.0497     15.480    41.7106 1.3220e-01     2.2404      8.181     11.865    10.3225   999.7603 0.0000e+00
      8.343      0.004     0.0378      0.526    130.955  92.709126     2.0212     15.480    41.3367 1.3642e-01     2.3739      8.182     11.867    10.3455   999.7581 0.0000e+00
      8.344      0.006     0.0368      0.547    131.025  92.753975     2.0177     15.480    40.9544 1.3836e-01     2.4229      8.183     11.868    10.3630   999.7565 0.0000e+00
      8.345      0.010     0.0369      0.550    131.150  92.828136     2.0651     15.481    40.6154 1.3701e-01     2.3872      8.184     11.869    10.3736   999.7555 0.0000e+00
      8.346      0.016     0.0393      0.551    131.281  92.905748     2.1656     15.481    40.1636 1.3936e-01     2.3539      8.184     11.869    10.3891   999.7540 0.0000e+00
      8.349      0.022     0.0409      0.564    131.435  92.992327     2.2215     15.481    39.6225 1.4292e-01     2.3293      8.187     11.874    10.3996   999.7531 0.0000e+00
      8.356      0.026     0.0440      0.571    131.555  93.047610     2.2255     15.481    39.1480 1.4165e-01     2.2958      8.193     11.882    10.3939   999.7536 0.0000e+00
      8.367      0.028     0.0427      0.568    131.618  93.065019     2.2241     15.481    38.5569 1.3956e-01     2.4288      8.205     11.900    10.3872   999.7544 0.0000e+00
      8.380      0.028     0.0426      0.577    131.737  93.139144     2.2226     15.481    37.9825 1.3931e-01     2.7010      8.220     11.922    10.3833   999.7549 0.0000e+00
      8.388      0.027     0.0443      0.583    131.874  93.243799     2.2171     15.482    37.5371 1.3746e-01     2.8410      8.228     11.933    10.3747   999.7558 0.0000e+00
      8.390      0.027     0.0455      0.564    131.966  93.312148     2.2149     15.482    36.9572 1.3248e-01     2.8520      8.228     11.934    10.3620   999.7571 0.0000e+00
      8.392      0.027     0.0437      0.544    132.128  93.392789     2.2058     15.482    36.3052 1.3281e-01     2.8331      8.228     11.933    10.3488   999.7582 0.0000e+00
      8.397      0.028     0.0450      0.529    132.318  93.455086     2.1738     15.483    35.8483 1.3369e-01     2.8196      8.233     11.941    10.3445   999.7587 0.0000e+00
      8.408      0.031     0.0474      0.502    132.472  93.492523     2.1519     15.483    35.5631 1.2794e-01     2.8258      8.244     11.957    10.3507   999.7583 0.0000e+00
      8.420      0.035     0.0436      0.478    132.684  93.590791     2.1517     15.484    35.3522 1.2403e-01     2.8050      8.258     11.977    10.3578   999.7576 0.0000e+00
      8.430      0.039     0.0422      0.467    132.893  93.688552     2.1717     15.485    35.1902 1.2383e-01     2.6702      8.268     11.992    10.3470   999.7587 0.0000e+00
      8.437      0.041     0.0424      0.460    133.008  93.719865     2.2121     15.486    34.8948 1.2526e-01     2.4661      8.274     12.001    10.3108   999.7623 0.0000e+00
      8.446      0.043     0.0390      0.460    133.047  93.714770     2.2293     15.486    34.5339 1.2656e-01     2.3971      8.281     12.012    10.2805   999.7651 0.0000e+00
      8.458      0.046     0.0368      0.462    133.117  93.754201     2.2277     15.486    34.3544 1.2511e-01     2.4200      8.293     12.028    10.2671   999.7665 0.0000e+00
      8.471      0.049     0.0370      0.475    133.389  93.942051     2.2601     15.486    34.1883 1.2361e-01     2.3992      8.307     12.048    10.2480   999.7684 0.0000e+00
      8.485      0.054     0.0355      0.489    133.876  94.267677     2.3152     15.486    33.8160 1.2352e-01     2.3519      8.321     12.069    10.2255   999.7705 0.0000e+00
      8.499      0.059     0.0365      0.483    134.361  94.572759     2.3405     15.487    33.4670 1.2355e-01     2.2950      8.335     12.090    10.2126   999.7719 0.0000e+00
      8.514      0.063     0.0357      0.483    134.605  94.703088     2.3374     15.488    33.3230 1.2354e-01     2.2603      8.349     12.109    10.2118   999.7719 0.0000e+00
      8.529      0.065     0.0368      0.513    134.649  94.697827     2.2782     15.488    33.1077 1.2351e-01     2.3446      8.363     12.130    10.2137   999.7719 0.0000e+00
      8.548      0.067     0.0399      0.543    134.693  94.700040     2.1678     15.488    32.8427 1.2351e-01     2.5241      8.382     12.157    10.2074   999.7729 0.0000e+00
      8.567      0.068     0.0374      0.545    134.769  94.729818     2.1084     15.488    32.7866 1.2354e-01     2.6118      8.402     12.186    10.1918   999.7745 0.0000e+00
      8.586      0.067     0.0368      0.540    134.813  94.739616     2.1033     15.488    32.7740 1.2354e-01     2.5802      8.420     12.212    10.1744   999.7763 0.0000e+00
      8.603      0.063     0.0399      0.531    134.860  94.754841     2.1155     15.489    32.6903 1.2351e-01     2.6224      8.437     12.236    10.1614   999.7775 0.0000e+00
      8.619      0.058     0.0445      0.497    134.925  94.786583     2.1418     15.489    32.5485 1.2351e-01     2.7453      8.452     12.259    10.1513   999.7785 0.0000e+00
      8.634      0.053     0.0426      0.463    134.969  94.805166     2.1551     15.489    32.3494 1.2347e-01     2.7609      8.468     12.282    10.1424   999.7794 0.0000e+00
      8.646      0.049     0.0420      0.452    135.050  94.852218     2.1521     15.489    32.1762 1.2345e-01     2.7419      8.481     12.300    10.1346   999.7802 0.0000e+00
      8.655      0.047     0.0435      0.463    135.236  94.973607     2.1432     15.490    31.9163 1.2351e-01     2.7568      8.488     12.310    10.1282   999.7808 0.0000e+00
      8.664      0.047     0.0387      0.482    135.465  95.127219     2.1050     15.490    31.4443 1.2356e-01     2.7004      8.496     12.322    10.1229   999.7814 0.0000e+00
      8.675      0.049     0.0360      0.497    135.551  95.182000     2.0440     15.490    30.9440 1.2353e-01     2.6086      8.507     12.339    10.1186   999.7818 0.0000e+00
      8.689      0.052     0.0346      0.498    135.476  95.126776     2.0160     15.490    30.5990 1.2348e-01     2.5745      8.520     12.356    10.1150   999.7822 0.0000e+00
      8.704      0.056     0.0366      0.506    135.515  95.159627     2.0237     15.490    30.1986 1.2346e-01     2.5968      8.535     12.378    10.1115   999.7827 0.0000e+00
      8.720      0.058     0.0377      0.528    135.736  95.324618     2.0125     15.490    29.7170 1.2346e-01     2.5358      8.552     12.404    10.1088   999.7831 0.0000e+00
      8.736      0.059     0.0399      0.512    135.929  95.466849     1.9759     15.490    29.4219 1.2350e-01     2.3853      8.567     12.425    10.1067   999.7834 0.0000e+00
      8.750      0.057     0.0392      0.456    136.031  95.542738     1.9530     15.489    29.2108 1.2357e-01     2.3230      8.580     12.445    10.1045   999.7836 0.0000e+00
      8.765      0.054     0.0382      0.427    136.111  95.605713     1.9556     15.489    28.8856 1.2357e-01     2.3316      8.595     12.467    10.1073   999.7834 0.0000e+00
      8.780      0.050     0.0436      0.447    136.175  95.655440     1.9690     15.489    28.5015 1.2349e-01     2.3520      8.612     12.490    10.1124   999.7831 0.0000e+00
      8.792      0.047     0.0419      0.477    136.241  95.698451     1.9714     15.489    28.1801 1.2347e-01     2.3640      8.624     12.508    10.1145   999.7831 0.0000e+00
      8.802      0.047     0.0347      0.496    136.327  95.743866     1.9656     15.489    27.9244 1.2345e-01     2.3389      8.632     12.519    10.1151   999.7831 0.0000e+00
      8.811      0.049     0.0315      0.509    136.385  95.758989     1.9653     15.489    27.7334 1.2341e-01     2.3579      8.641     12.533    10.1176   999.7830 0.0000e+00
      8.821      0.052     0.0354      0.525    136.422  95.753976     1.9585     15.489    27.5061 1.2346e-01     2.3871      8.650     12.546    10.1216   999.7827 0.0000e+00
      8.834      0.055     0.0381      0.549    136.446  95.746874     1.9415     15.490    27.2413 1.2352e-01     2.3491      8.661     12.562    10.1201   999.7829 0.0000e+00
      8.852      0.056     0.0390      0.553    136.444  95.736739     1.9307     15.491    27.0273 1.2352e-01     2.3437      8.680     12.590    10.1144   999.7835 0.0000e+00
      8.872      0.055     0.0403      0.528    136.472  95.758723     1.9423     15.491    26.7244 1.2351e-01     2.3910      8.702     12.622    10.1049   999.7845 0.0000e+00
      8.888      0.051     0.0405      0.511    136.559  95.821729     1.9768     15.491    26.4187 1.2351e-01     2.4060      8.718     12.646    10.0913   999.7858 0.0000e+00
      8.899      0.046     0.0441      0.511    136.618  95.862056     2.0140     15.491    26.1696 1.2349e-01     2.3883      8.728     12.659    10.0807   999.7868 0.0000e+00
      8.906      0.041     0.0449      0.513    136.618  95.864420     2.0300     15.491    25.7780 1.2354e-01     2.3486      8.733     12.668    10.0790   999.7869 0.0000e+00
      8.914      0.039     0.0410      0.508    136.675  95.913956     2.0280     15.489    25.2970 1.2362e-01     2.3376      8.741     12.679    10.0822   999.7867 0.0000e+00
      8.923      0.042     0.0396      0.496    136.807  96.015458     1.9894     15.488    24.8281 1.2365e-01     2.3933      8.751     12.692    10.0823   999.7868 0.0000e+00
      8.933      0.047     0.0406      0.482    136.899  96.073290     1.9155     15.489    24.4109 1.2365e-01     2.4727      8.759     12.704    10.0807   999.7870 0.0000e+00
      8.945      0.054     0.0405      0.486    136.977  96.103997     1.8786     15.490    23.9519 1.2364e-01     2.5418      8.769     12.719    10.0810   999.7870 0.0000e+00
      8.960      0.061     0.0402      0.495    137.063  96.132097     1.8771     15.490    23.4950 1.2357e-01     2.5766      8.784     12.741    10.0856   999.7867 0.0000e+00
      8.979      0.067     0.0395      0.502    137.149  96.158412     1.8981     15.490    23.2753 1.2352e-01     2.5494      8.806     12.772    10.0921   999.7863 0.0000e+00
      8.998      0.071     0.0368      0.504    137.300  96.231191     1.9402     15.491    23.0154 1.2359e-01     2.4544      8.824     12.798    10.0894   999.7866 0.0000e+00
      9.016      0.072     0.0385      0.494    137.458  96.311862     1.9477     15.491    22.6758 1.2364e-01     2.3542      8.840     12.822    10.0784   999.7877 0.0000e+00
      9.036      0.070     0.0392      0.497    137.575  96.369969     1.9411     15.492    22.4380 1.2354e-01     2.3341      8.862     12.854    10.0666   999.7889 0.0000e+00
      9.056      0.065     0.0393      0.527    137.680  96.424528     1.9466     15.493    22.0329 1.2345e-01     2.3487      8.883     12.883    10.0538   999.7901 0.0000e+00
      9.072      0.059     0.0408      0.542    137.756  96.462307     1.9094     15.493    21.5638 1.2351e-01     2.3246      8.897     12.903    10.0412   999.7914 0.0000e+00
      9.086      0.051     0.0384      0.514    137.840  96.508474     1.8446     15.493    21.2403 1.2358e-01     2.3170      8.911     12.923    10.0301   999.7925 0.0000e+00
      9.097      0.045     0.0381      0.493    137.987  96.600808     1.8209     15.492    20.8744 1.2354e-01     2.3601      8.923     12.941    10.0214   999.7934 0.0000e+00
      9.107      0.042     0.0417      0.491    138.124  96.687586     1.8329     15.492    20.4962 1.2351e-01     2.3995      8.932     12.955    10.0150   999.7940 0.0000e+00
      9.114      0.043     0.0454      0.487    138.199  96.730213     1.9039     15.492    20.1942 1.2349e-01     2.3803      8.937     12.964    10.0094   999.7946 0.0000e+00
      9.121      0.047     0.0394      0.507    138.222  96.734293     2.0206     15.492    19.8904 1.2346e-01     2.3346      8.943     12.971    10.0047   999.7950 0.0000e+00
      9.133      0.052     0.0379      0.541    138.242  96.736893     2.0711     15.493    19.5766 1.2351e-01     2.3283      8.954     12.986    10.0010   999.7955 0.0000e+00
      9.149      0.057     0.0399      0.535    138.290  96.761636     2.0668     15.493    19.3253 1.2359e-01     2.3381      8.971     13.011     9.9980   999.7959 0.0000e+00
      9.168      0.061     0.0371      0.513    138.318  96.778839     1.9963     15.493    19.0892 1.2360e-01     2.3154      8.991     13.042     9.9946   999.7962 0.0000e+00
      9.186      0.063     0.0390      0.518    138.362  96.817587     1.8488     15.493    18.7003 1.2357e-01     2.2939      9.009     13.067     9.9902   999.7968 0.0000e+00
      9.202      0.062     0.0448      0.506    138.478  96.911886     1.7612     15.493    18.2372 1.2353e-01     2.3185      9.024     13.088     9.9858   999.7972 0.0000e+00
      9.217      0.060     0.0434      0.476    138.638  97.027872     1.7577     15.493    17.7922 1.2350e-01     2.3730      9.040     13.111     9.9818   999.7977 0.0000e+00
      9.231      0.058     0.0378      0.449    138.811  97.137878     1.7868     15.493    17.3629 1.2354e-01     2.4037      9.054     13.131     9.9798   999.7980 0.0000e+00
      9.245      0.055     0.0428      0.425    138.966  97.223499     1.8184     15.493    17.0905 1.2360e-01     2.3808      9.066     13.149     9.9836   999.7977 0.0000e+00
      9.260      0.052     0.0404      0.429    139.108  97.299253     1.8252     15.493    16.8225 1.2358e-01     2.3365      9.080     13.169     9.9904   999.7973 0.0000e+00
      9.274      0.049     0.0368      0.459    139.303  97.417251     1.8204     15.494    16.4455 1.2354e-01     2.3144      9.096     13.193     9.9931   999.7971 0.0000e+00
      9.286      0.045     0.0364      0.480    139.539  97.568058     1.8086     15.494    16.2312 1.2356e-01     2.3184      9.109     13.211     9.9884   999.7976 0.0000e+00
      9.296      0.043     0.0320      0.479    139.778  97.722240     1.7976     15.494    16.1247 1.2358e-01     2.3169      9.117     13.224     9.9785   999.7986 0.0000e+00
      9.305      0.040     0.0330      0.483    139.929  97.817380     1.8010     15.494    15.8463 1.2360e-01     2.3305      9.125     13.235     9.9697   999.7995 0.0000e+00
      9.315      0.038     0.0368      0.514    139.955  97.827213     1.8022     15.494    15.5323 1.2363e-01     2.3802      9.135     13.249     9.9633   999.8002 0.0000e+00
      9.325      0.037     0.0388      0.547    139.980  97.841116     1.7840     15.494    15.3390 1.2363e-01     2.4027      9.144     13.263     9.9582   999.8007 0.0000e+00
      9.334      0.037     0.0380      0.554    140.095  97.921824     1.7620     15.495    15.0582 1.2362e-01     2.3628      9.154     13.276     9.9538   999.8013 0.0000e+00
      9.343      0.037     0.0367      0.550    140.262  98.039173     1.7545     15.495    14.7182 1.2359e-01     2.3097      9.163     13.290     9.9500   999.8017 0.0000e+00
