Data/DataNotYetUploadedToEDI/Raw_CTD/RawDownloads/090318_fcr50_b.cnv
* Sea-Bird SBE19plus  Data File:
* FileName = C:\DATA\090318_FCR50_0006.hex
* Software version 2.6.3.104 SB_Terminal.dll
* Temperature SN = 7809
* Conductivity SN = 7809
* System UpLoad Time = Sep 03 2018 15:41:09
* <ApplicationData>
* <Seaterm232>
# nquan = 15
# nvalues = 740                         
# units = specified
# name 0 = depFM: Depth [fresh water, m]
# name 1 = dz/dtM: Descent Rate [m/s]
# name 2 = sbeox0Mg/L: Oxygen, SBE 43 [mg/l]
# name 3 = sbeox0PS: Oxygen, SBE 43 [% saturation]
# name 4 = specc: Specific Conductance [uS/cm]
# name 5 = c0uS/cm: Conductivity [uS/cm]
# name 6 = flECO-AFL: Fluorescence, WET Labs ECO-AFL/FL [mg/m^3]
# name 7 = ph: pH
# name 8 = orp: Oxidation Reduction Potential [mV]
# name 9 = par/sat/log: PAR/Logarithmic, Satlantic
# name 10 = turbWETntu0: Turbidity, WET Labs ECO [NTU]
# name 11 = prdM: Pressure, Strain Gauge [db]
# name 12 = prdE: Pressure, Strain Gauge [psi]
# name 13 = tv290C: Temperature [ITS-90, deg C]
# name 14 = flag:  0.000e+00
# span 0 =     -0.464,      9.710       
# span 1 =     -0.072,      0.195       
# span 2 =     0.0648,     9.9880       
# span 3 =      0.602,    120.681       
# span 4 =      0.636,    167.003       
# span 5 =   0.683200, 123.436685       
# span 6 =    -0.2216,    16.9619       
# span 7 =      6.400,      8.896       
# span 8 = -1240.7455,   263.6454       
# span 9 = 1.2534e-01, 2.4660e+03       
# span 10 =    -0.4703,    39.4331      
# span 11 =     -0.455,      9.523      
# span 12 =     -0.659,     13.812      
# span 13 =    11.9316,    28.6840      
# span 14 = 0.0000e+00, 0.0000e+00      
# interval = seconds: 0.25
# start_time = Sep 03 2018 17:21:31 [Instrument's time stamp, header]
# bad_flag = -9.990e-29
*END*
[from data line 579]
      6.893      0.046     0.0802      0.744     84.844  62.809521     0.7931      6.440   113.7322 4.6714e-01     5.8717      6.759      9.804    12.0139 0.0000e+00
      6.901      0.048     0.0800      0.742     85.338  63.164611     0.8201      6.441   113.4209 4.4867e-01     5.9199      6.766      9.814    12.0143 0.0000e+00
      6.913      0.053     0.0815      0.756     85.763  63.469586     0.8489      6.441   113.4816 4.2941e-01     6.0066      6.778      9.831    12.0189 0.0000e+00
      6.928      0.061     0.0830      0.770     86.083  63.698049     0.8477      6.441   113.3483 4.1891e-01     6.0651      6.793      9.853    12.0174 0.0000e+00
      6.946      0.072     0.0823      0.764     86.351  63.891329     0.8415      6.441   113.0991 4.2272e-01     6.0783      6.811      9.878    12.0117 0.0000e+00
      6.964      0.082     0.0816      0.757     86.536  64.025344     0.8482      6.441   112.9641 4.2927e-01     6.0440      6.829      9.904    12.0060 0.0000e+00
      6.985      0.090     0.0807      0.749     86.652  64.109758     0.8362      6.439   113.0924 4.0958e-01     6.0166      6.847      9.931    11.9994 0.0000e+00
      7.011      0.095     0.0799      0.741     86.707  64.148607     0.8076      6.438   113.5311 3.9328e-01     6.0529      6.875      9.972    11.9944 0.0000e+00
      7.040      0.097     0.0795      0.738     86.833  64.240608     0.7965      6.438   113.4509 4.0078e-01     6.0861      6.905     10.015    11.9916 0.0000e+00
      7.067      0.097     0.0778      0.723     87.044  64.395135     0.8026      6.438   112.8965 3.9408e-01     6.0821      6.930     10.052    11.9909 0.0000e+00
      7.093      0.092     0.0764      0.710     87.174  64.490234     0.8073      6.438   113.0232 3.7328e-01     6.0351      6.957     10.091    11.9900 0.0000e+00
      7.116      0.085     0.0774      0.719     87.186  64.499827     0.7989      6.437   113.6924 3.5253e-01     5.9151      6.980     10.124    11.9889 0.0000e+00
      7.136      0.076     0.0785      0.728     87.113  64.447516     0.7839      6.436   113.8455 3.3743e-01     5.8511      6.998     10.149    11.9881 0.0000e+00
      7.156      0.071     0.0781      0.724     87.085  64.430272     0.7816      6.436   113.4988 3.3053e-01     5.9021      7.018     10.179    11.9870 0.0000e+00
      7.171      0.070     0.0777      0.721     87.149  64.482187     0.7898      6.435   113.4582 3.2269e-01     5.9831      7.034     10.203    11.9860 0.0000e+00
      7.183      0.070     0.0777      0.721     87.175  64.502681     0.8007      6.435   113.7844 3.1645e-01     6.0672      7.043     10.214    11.9872 0.0000e+00
      7.198      0.070     0.0785      0.728     87.157  64.487215     0.8026      6.435   113.8293 3.1517e-01     6.0944      7.055     10.232    11.9879 0.0000e+00
      7.221      0.070     0.0796      0.738     87.160  64.486036     0.7944      6.436   113.2269 3.1408e-01     6.0377      7.081     10.271    11.9889 0.0000e+00
      7.245      0.070     0.0800      0.742     87.167  64.488417     0.7749      6.437   112.4373 3.1148e-01     5.9627      7.108     10.310    11.9934 0.0000e+00
      7.263      0.070     0.0803      0.745     87.122  64.452394     0.7508      6.436   112.1126 3.0807e-01     5.9190      7.124     10.333    11.9942 0.0000e+00
      7.277      0.068     0.0805      0.746     87.010  64.368555     0.7426      6.436   112.1400 3.0681e-01     5.9064      7.135     10.349    11.9915 0.0000e+00
      7.292      0.064     0.0799      0.740     87.005  64.365326     0.7398      6.435   111.5633 3.0186e-01     5.9010      7.150     10.370    11.9904 0.0000e+00
      7.309      0.064     0.0784      0.727     87.157  64.476963     0.7618      6.435   110.3027 2.8923e-01     5.8845      7.169     10.398    11.9883 0.0000e+00
      7.325      0.068     0.0769      0.713     87.206  64.509666     0.8158      6.437   109.9759 2.7797e-01     5.8590      7.183     10.419    11.9863 0.0000e+00
      7.340      0.072     0.0765      0.710     87.120  64.442653     0.8508      6.438   110.5377 2.7084e-01     5.8370      7.197     10.438    11.9865 0.0000e+00
      7.359      0.074     0.0772      0.716     87.106  64.430097     0.8544      6.438   110.2975 2.7215e-01     5.8325      7.215     10.464    11.9867 0.0000e+00
      7.382      0.074     0.0776      0.720     87.266  64.548686     0.8410      6.439   109.3090 2.6688e-01     5.8652      7.238     10.498    11.9864 0.0000e+00
      7.404      0.074     0.0774      0.718     87.513  64.731427     0.8172      6.439   108.7390 2.4677e-01     5.8970      7.264     10.535    11.9842 0.0000e+00
      7.423      0.074     0.0764      0.708     87.601  64.794748     0.7963      6.438   108.6532 2.3562e-01     5.8812      7.281     10.559    11.9817 0.0000e+00
      7.438      0.072     0.0767      0.712     87.532  64.741746     0.7906      6.438   108.5305 2.3339e-01     5.8574      7.295     10.580    11.9809 0.0000e+00
      7.455      0.067     0.0779      0.722     87.513  64.726748     0.7941      6.438   108.5460 2.3166e-01     5.8535      7.310     10.603    11.9809 0.0000e+00
      7.473      0.065     0.0773      0.717     87.532  64.740634     0.8023      6.439   108.6675 2.3610e-01     5.8649      7.329     10.630    11.9812 0.0000e+00
      7.490      0.065     0.0757      0.702     87.589  64.782414     0.8064      6.439   109.1401 2.4301e-01     5.8728      7.347     10.656    11.9804 0.0000e+00
      7.505      0.067     0.0748      0.694     87.682  64.850206     0.7983      6.440   110.0446 2.4141e-01     5.8582      7.361     10.676    11.9787 0.0000e+00
      7.520      0.068     0.0755      0.700     87.697  64.860524     0.7961      6.440   110.3111 2.2513e-01     5.8410      7.374     10.695    11.9779 0.0000e+00
      7.537      0.068     0.0769      0.714     87.675  64.843544     0.7981      6.440   109.7808 2.1515e-01     5.8779      7.389     10.717    11.9782 0.0000e+00
      7.557      0.065     0.0776      0.721     87.666  64.835754     0.7950      6.440   109.7420 2.2300e-01     5.9693      7.410     10.748    11.9780 0.0000e+00
      7.579      0.060     0.0772      0.717     87.661  64.829956     0.7957      6.440   110.7023 2.1824e-01     6.0293      7.434     10.782    11.9773 0.0000e+00
      7.597      0.055     0.0762      0.707     87.673  64.837052     0.7970      6.440   111.0671 2.0790e-01     6.0540      7.453     10.808    11.9770 0.0000e+00
      7.608      0.051     0.0746      0.692     87.703  64.857928     0.7925      6.441   110.3675 2.1301e-01     6.0544      7.462     10.822    11.9768 0.0000e+00
      7.614      0.050     0.0738      0.685     87.749  64.891513     0.7881      6.442   109.9001 2.1529e-01     6.0341      7.467     10.830    11.9765 0.0000e+00
      7.621      0.053     0.0726      0.673     87.794  64.925047     0.7897      6.442   109.8899 2.0839e-01     6.0231      7.472     10.838    11.9751 0.0000e+00
      7.633      0.060     0.0701      0.650     87.821  64.945300     0.7923      6.442   109.9862 2.0211e-01     6.0431      7.482     10.851    11.9734 0.0000e+00
      7.651      0.069     0.0714      0.663     87.820  64.945541     0.8104      6.442   109.5158 2.0207e-01     6.0926      7.502     10.880    11.9728 0.0000e+00
      7.674      0.075     0.0747      0.693     87.795  64.927957     0.8430      6.443   108.4185 2.0483e-01     6.1035      7.526     10.916    11.9731 0.0000e+00
      7.698      0.079     0.0753      0.698     87.789  64.923552     0.8567      6.443   108.1619 2.0126e-01     6.0827      7.549     10.950    11.9731 0.0000e+00
      7.720      0.079     0.0774      0.718     87.833  64.955890     0.8565      6.443   108.6509 1.9177e-01     6.0553      7.573     10.984    11.9732 0.0000e+00
      7.739      0.075     0.0823      0.763     87.894  65.000873     0.8675      6.442   108.0497 1.7998e-01     6.0162      7.589     11.009    11.9738 0.0000e+00
      7.756      0.071     0.0833      0.773     87.923  65.022118     0.8974      6.442   106.6571 1.7117e-01     6.0367      7.605     11.030    11.9743 0.0000e+00
      7.774      0.070     0.0802      0.744     87.921  65.021912     0.9240      6.442   106.0954 1.7515e-01     6.0897      7.624     11.058    11.9744 0.0000e+00
      7.790      0.072     0.0768      0.713     87.972  65.062002     0.9319      6.442   106.3348 1.7598e-01     6.0770      7.640     11.081    11.9739 0.0000e+00
      7.805      0.076     0.0736      0.683     88.056  65.125142     0.9285      6.443   106.2826 1.6282e-01     6.0362      7.654     11.100    11.9736 0.0000e+00
      7.823      0.081     0.0734      0.681     88.091  65.149162     0.9200      6.443   105.5492 1.4897e-01     6.0235      7.670     11.124    11.9736 0.0000e+00
      7.846      0.087     0.0741      0.687     88.111  65.161567     0.9206      6.442   104.9537 1.4379e-01     6.0459      7.694     11.158    11.9743 0.0000e+00
      7.872      0.094     0.0714      0.662     88.181  65.211497     0.9271      6.442   104.8471 1.4781e-01     6.0938      7.721     11.198    11.9759 0.0000e+00
      7.897      0.099     0.0707      0.657     88.313  65.307539     0.9158      6.443   105.0336 1.5303e-01     6.1135      7.744     11.231    11.9770 0.0000e+00
      7.923      0.099     0.0762      0.707     88.398  65.368538     0.8845      6.444   105.3168 1.5830e-01     6.0701      7.768     11.267    11.9756 0.0000e+00
      7.952      0.094     0.0795      0.737     88.410  65.376474     0.8615      6.444   105.2594 1.5307e-01     6.0268      7.798     11.310    11.9738 0.0000e+00
      7.979      0.088     0.0765      0.710     88.448  65.403485     0.8578      6.444   105.4577 1.3715e-01     6.0183      7.827     11.352    11.9728 0.0000e+00
      8.002      0.083     0.0739      0.685     88.499  65.440659     0.8593      6.445   106.0806 1.3260e-01     6.0276      7.850     11.385    11.9719 0.0000e+00
      8.018      0.079     0.0744      0.691     88.504  65.444227     0.8796      6.446   106.0794 1.3696e-01     6.1088      7.864     11.405    11.9713 0.0000e+00
      8.032      0.074     0.0772      0.716     88.506  65.446626     0.9186      6.446   105.6147 1.3428e-01     6.2374      7.875     11.422    11.9702 0.0000e+00
      8.049      0.070     0.0789      0.732     88.536  65.469666     0.9358      6.446   105.7962 1.2903e-01     6.3001      7.891     11.445    11.9697 0.0000e+00
      8.071      0.068     0.0768      0.712     88.534  65.468321     0.9318      6.446   106.4681 1.2776e-01     6.2873      7.915     11.479    11.9697 0.0000e+00
      8.093      0.068     0.0731      0.677     88.484  65.430371     0.9249      6.445   106.6834 1.2678e-01     6.2348      7.938     11.514    11.9696 0.0000e+00
      8.108      0.070     0.0717      0.664     88.434  65.392519     0.9169      6.445   106.3343 1.2787e-01     6.1538      7.952     11.533    11.9701 0.0000e+00
      8.119      0.071     0.0725      0.672     88.435  65.392364     0.9179      6.445   105.9473 1.2971e-01     6.1027      7.961     11.547    11.9704 0.0000e+00
      8.134      0.069     0.0735      0.681     88.485  65.428491     0.9275      6.445   105.8756 1.2781e-01     6.1045      7.974     11.566    11.9707 0.0000e+00
      8.156      0.069     0.0750      0.696     88.511  65.447620     0.9328      6.446   105.8973 1.2591e-01     6.0844      7.998     11.598    11.9705 0.0000e+00
      8.180      0.072     0.0773      0.717     88.577  65.496410     0.9267      6.446   105.6078 1.2587e-01     6.0428      8.025     11.639    11.9696 0.0000e+00
      8.199      0.076     0.0783      0.726     88.854  65.700322     0.9179      6.447   105.1282 1.2567e-01     6.0287      8.043     11.667    11.9689 0.0000e+00
      8.212      0.078     0.0777      0.720     89.266  66.004533     0.9177      6.447   105.0893 1.2549e-01     6.0351      8.050     11.676    11.9688 0.0000e+00
      8.227      0.078     0.0772      0.716     89.598  66.248098     0.9065      6.446   105.3093 1.2548e-01     6.0596      8.064     11.696    11.9688 0.0000e+00
      8.252      0.080     0.0774      0.718     89.747  66.354918     0.8742      6.446   104.8618 1.2546e-01     6.0806      8.092     11.736    11.9686 0.0000e+00
      8.277      0.085     0.0752      0.697     89.820  66.405397     0.8491      6.447   103.9816 1.2544e-01     6.0761      8.120     11.776    11.9681 0.0000e+00
      8.298      0.091     0.0714      0.662     89.920  66.476695     0.8421      6.448   103.7002 1.2549e-01     6.0652      8.138     11.803    11.9678 0.0000e+00
      8.318      0.096     0.0697      0.646     89.977  66.517140     0.8618      6.448   103.8690 1.2555e-01     6.1326      8.156     11.829    11.9675 0.0000e+00
      8.341      0.098     0.0701      0.650     89.973  66.512681     0.8949      6.448   103.6131 1.2555e-01     6.2499      8.178     11.861    11.9652 0.0000e+00
      8.369      0.100     0.0713      0.661     89.939  66.486394     0.9119      6.448   103.0152 1.2550e-01     6.2931      8.206     11.902    11.9622 0.0000e+00
      8.399      0.103     0.0724      0.671     89.896  66.453797     0.9196      6.447   102.6625 1.2550e-01     6.2886      8.238     11.948    11.9612 0.0000e+00
      8.426      0.103     0.0743      0.689     89.873  66.436661     0.9243      6.446   102.6186 1.2554e-01     6.2876      8.264     11.984    11.9606 0.0000e+00
      8.452      0.102     0.0760      0.705     89.832  66.406435     0.9319      6.446   102.5707 1.2551e-01     6.3113      8.287     12.019    11.9596 0.0000e+00
      8.478      0.102     0.0758      0.702     89.746  66.342820     0.9379      6.446   102.3422 1.2542e-01     6.3305      8.316     12.061    11.9592 0.0000e+00
      8.502      0.103     0.0751      0.696     89.693  66.303713     0.9322      6.445   102.0920 1.2541e-01     6.3069      8.340     12.095    11.9587 0.0000e+00
      8.525      0.106     0.0747      0.693     89.708  66.315315     0.9187      6.445   102.1270 1.2542e-01     6.2697      8.358     12.123    11.9581 0.0000e+00
      8.552      0.113     0.0745      0.691     89.678  66.292232     0.8934      6.446   102.2480 1.2538e-01     6.2472      8.384     12.160    11.9584 0.0000e+00
      8.582      0.121     0.0752      0.697     89.574  66.215474     0.8660      6.446   101.9208 1.2534e-01     6.2473      8.416     12.205    11.9588 0.0000e+00
      8.613      0.129     0.0757      0.701     89.572  66.214313     0.8544      6.446   101.5268 1.2534e-01     6.2410      8.445     12.249    11.9586 0.0000e+00
      8.648      0.134     0.0739      0.686     89.658  66.278193     0.8535      6.447   101.5280 1.2535e-01     6.2321      8.479     12.296    11.9587 0.0000e+00
      8.687      0.135     0.0724      0.672     89.671  66.288022     0.8553      6.448   101.5055 1.2539e-01     6.1095      8.520     12.357    11.9586 0.0000e+00
      8.726      0.130     0.0730      0.677     89.646  66.269527     0.8575      6.448   101.1690 1.2545e-01     5.8261      8.560     12.416    11.9584 0.0000e+00
      8.760      0.123     0.0730      0.677     89.612  66.245433     0.8616      6.448   100.7275 1.2549e-01     5.6446      8.592     12.461    11.9589 0.0000e+00
      8.790      0.115     0.0721      0.669     89.532  66.187560     0.8689      6.448   100.4697 1.2546e-01     5.6237      8.622     12.504    11.9591 0.0000e+00
      8.816      0.109     0.0719      0.667     89.470  66.142383     0.8813      6.449   100.2889 1.2543e-01     5.5732      8.648     12.541    11.9586 0.0000e+00
      8.838      0.106     0.0713      0.661     89.472  66.144543     0.9005      6.449   100.0899 1.2548e-01     5.4927      8.667     12.570    11.9589 0.0000e+00
