Data/DataNotYetUploadedToEDI/Raw_CTD/RawDownloads/090318_fcr45.cnv
* Sea-Bird SBE19plus  Data File:
* FileName = C:\DATA\090318_FCR50_0005.hex
* Software version 2.6.3.104 SB_Terminal.dll
* Temperature SN = 7809
* Conductivity SN = 7809
* System UpLoad Time = Sep 03 2018 15:40:46
* <ApplicationData>
* <Seaterm232>
# nquan = 15
# nvalues = 1872                        
# units = specified
# name 0 = depFM: Depth [fresh water, m]
# name 1 = dz/dtM: Descent Rate [m/s]
# name 2 = sbeox0Mg/L: Oxygen, SBE 43 [mg/l]
# name 3 = sbeox0PS: Oxygen, SBE 43 [% saturation]
# name 4 = specc: Specific Conductance [uS/cm]
# name 5 = c0uS/cm: Conductivity [uS/cm]
# name 6 = flECO-AFL: Fluorescence, WET Labs ECO-AFL/FL [mg/m^3]
# name 7 = ph: pH
# name 8 = orp: Oxidation Reduction Potential [mV]
# name 9 = par/sat/log: PAR/Logarithmic, Satlantic
# name 10 = turbWETntu0: Turbidity, WET Labs ECO [NTU]
# name 11 = prdM: Pressure, Strain Gauge [db]
# name 12 = prdE: Pressure, Strain Gauge [psi]
# name 13 = tv290C: Temperature [ITS-90, deg C]
# name 14 = flag:  0.000e+00
# span 0 =     -0.459,      7.648       
# span 1 =     -0.105,      0.174       
# span 2 =     0.0456,    10.1757       
# span 3 =      0.423,    123.470       
# span 4 =      1.159,     99.149       
# span 5 =   1.294083,  73.300821       
# span 6 =    -0.4852,   256.9436       
# span 7 =      6.259,      8.474       
# span 8 =    75.4285,   324.4668       
# span 9 = 2.2221e-01, 2.6078e+03       
# span 10 =    -0.8679,   832.0950      
# span 11 =     -0.450,      7.500      
# span 12 =     -0.653,     10.878      
# span 13 =    11.9451,    30.8059      
# span 14 = 0.0000e+00, 0.0000e+00      
# interval = seconds: 0.25
# start_time = Sep 03 2018 16:27:28 [Instrument's time stamp, header]
# bad_flag = -9.990e-29
*END*
[from data line 1157]
      4.725      0.018     0.0684      0.651     68.387  52.167196     2.4040      6.259   266.7778 5.7940e+00     3.0514      4.634      6.722    13.2039 0.0000e+00
      4.729      0.018     0.0698      0.664     68.362  52.125699     2.4070      6.259   266.6955 5.7625e+00     3.0820      4.638      6.727    13.1848 0.0000e+00
      4.734      0.017     0.0708      0.673     68.349  52.096471     2.3914      6.259   266.5555 5.7259e+00     3.1704      4.642      6.732    13.1693 0.0000e+00
      4.739      0.017     0.0712      0.677     68.333  52.068089     2.3621      6.259   266.5479 5.6863e+00     3.2663      4.648      6.741    13.1543 0.0000e+00
      4.743      0.017     0.0716      0.680     68.310  52.036815     2.3475      6.259   266.6034 5.6475e+00     3.2952      4.653      6.748    13.1379 0.0000e+00
      4.747      0.017     0.0703      0.668     68.246  51.972637     2.3516      6.260   266.6240 5.6181e+00     3.3066      4.655      6.753    13.1212 0.0000e+00
      4.751      0.017     0.0698      0.663     68.128  51.864274     2.4492      6.260   266.7110 5.5963e+00     3.3428      4.658      6.758    13.1067 0.0000e+00
      4.756      0.017     0.0713      0.678     67.996  51.743790     2.6270      6.261   266.7957 5.5661e+00     3.3673      4.664      6.764    13.0954 0.0000e+00
      4.760      0.017     0.0710      0.675     67.826  51.596628     2.7188      6.262   266.7876 5.5287e+00     3.3583      4.668      6.770    13.0864 0.0000e+00
      4.764      0.017     0.0684      0.650     67.615  51.420002     2.7228      6.262   266.7846 5.5008e+00     3.3252      4.672      6.776    13.0754 0.0000e+00
      4.769      0.017     0.0671      0.637     67.423  51.261132     2.7390      6.263   266.6735 5.4739e+00     3.3638      4.676      6.783    13.0607 0.0000e+00
      4.773      0.016     0.0669      0.635     67.273  51.137918     2.7771      6.265   266.5631 5.4417e+00     3.4584      4.681      6.789    13.0458 0.0000e+00
      4.778      0.015     0.0673      0.638     67.114  51.010968     2.7980      6.265   266.6546 5.4191e+00     3.4925      4.686      6.796    13.0321 0.0000e+00
      4.782      0.015     0.0678      0.643     66.939  50.870484     2.7989      6.266   266.6611 5.3995e+00     3.5016      4.689      6.801    13.0201 0.0000e+00
      4.785      0.014     0.0680      0.645     66.824  50.774352     2.7964      6.268   266.5556 5.3836e+00     3.5384      4.693      6.806    13.0104 0.0000e+00
      4.787      0.014     0.0690      0.654     66.790  50.738641     2.7589      6.271   266.5830 5.3739e+00     3.6019      4.695      6.809    13.0040 0.0000e+00
      4.790      0.013     0.0706      0.670     66.825  50.756555     2.6952      6.272   266.6483 5.3484e+00     3.6591      4.698      6.814    13.0002 0.0000e+00
      4.795      0.012     0.0708      0.671     66.892  50.800228     2.6691      6.272   266.6564 5.3179e+00     3.6808      4.703      6.820    12.9954 0.0000e+00
      4.799      0.011     0.0685      0.650     66.927  50.821674     2.6733      6.272   266.6819 5.2979e+00     3.6812      4.706      6.826    12.9879 0.0000e+00
      4.802      0.010     0.0672      0.637     66.936  50.825128     2.6997      6.274   266.6984 5.2906e+00     3.6323      4.710      6.830    12.9807 0.0000e+00
      4.804      0.010     0.0674      0.639     66.964  50.841983     2.7495      6.276   266.7704 5.2970e+00     3.5477      4.711      6.832    12.9740 0.0000e+00
      4.805      0.011     0.0673      0.638     67.046  50.898328     2.7795      6.276   266.8629 5.2916e+00     3.5125      4.711      6.833    12.9680 0.0000e+00
      4.806      0.012     0.0672      0.638     67.186  50.997798     2.7860      6.276   266.7847 5.2795e+00     3.5420      4.713      6.835    12.9645 0.0000e+00
      4.809      0.013     0.0667      0.633     67.316  51.091075     2.7086      6.278   266.5992 5.2711e+00     3.5996      4.715      6.840    12.9624 0.0000e+00
      4.814      0.013     0.0673      0.638     67.378  51.136116     2.5521      6.280   266.5129 5.2495e+00     3.6597      4.721      6.847    12.9596 0.0000e+00
      4.819      0.012     0.0696      0.660     67.401  51.160938     2.4739      6.280   266.6869 5.2311e+00     3.6592      4.727      6.855    12.9551 0.0000e+00
      4.823      0.011     0.0701      0.665     67.435  51.200484     2.4799      6.280   266.9829 5.2321e+00     3.6533      4.730      6.862    12.9499 0.0000e+00
      4.826      0.009     0.0682      0.647     67.547  51.296424     2.4954      6.280   267.2532 5.2387e+00     3.7113      4.733      6.865    12.9449 0.0000e+00
      4.827      0.007     0.0659      0.625     67.797  51.494499     2.5148      6.280   267.6314 5.2341e+00     3.7496      4.734      6.865    12.9413 0.0000e+00
      4.827      0.007     0.0650      0.617     68.122  51.751751     2.5208      6.281   268.1143 5.2116e+00     3.7206      4.733      6.865    12.9472 0.0000e+00
      4.828      0.008     0.0645      0.613     68.337  51.927446     2.5129      6.281   268.4460 5.1906e+00     3.6959      4.734      6.866    12.9613 0.0000e+00
      4.829      0.010     0.0639      0.607     68.295  51.902297     2.4749      6.282   268.5442 5.1817e+00     3.7258      4.736      6.868    12.9696 0.0000e+00
      4.833      0.013     0.0642      0.610     68.038  51.701985     2.4016      6.282   268.5272 5.1661e+00     3.7463      4.739      6.873    12.9734 0.0000e+00
      4.838      0.015     0.0649      0.615     67.765  51.476311     2.3523      6.282   268.3267 5.1391e+00     3.7302      4.743      6.881    12.9803 0.0000e+00
      4.843      0.015     0.0655      0.621     67.617  51.335202     2.3385      6.282   268.0126 5.1222e+00     3.7138      4.749      6.888    12.9919 0.0000e+00
      4.847      0.015     0.0664      0.629     67.565  51.267291     2.3354      6.282   267.8270 5.1071e+00     3.7008      4.753      6.894    12.9992 0.0000e+00
      4.850      0.014     0.0671      0.636     67.538  51.227334     2.3695      6.283   267.7179 5.0781e+00     3.7564      4.757      6.899    12.9951 0.0000e+00
      4.854      0.012     0.0654      0.620     67.473  51.169934     2.4390      6.283   267.5538 5.0578e+00     3.8971      4.760      6.904    12.9816 0.0000e+00
      4.857      0.010     0.0640      0.606     67.358  51.081837     2.4772      6.282   267.3911 5.0502e+00     3.9683      4.763      6.908    12.9573 0.0000e+00
      4.859      0.009     0.0658      0.623     67.231  50.988610     2.4737      6.281   267.2140 5.0453e+00     3.9459      4.765      6.911    12.9330 0.0000e+00
      4.861      0.009     0.0667      0.632     67.161  50.932757     2.4517      6.282   266.9609 5.0434e+00     3.8704      4.767      6.913    12.9189 0.0000e+00
      4.862      0.008     0.0661      0.626     67.231  50.978681     2.4222      6.282   266.7390 5.0381e+00     3.7566      4.767      6.914    12.9132 0.0000e+00
      4.864      0.006     0.0666      0.630     67.391  51.098848     2.4114      6.282   266.5963 5.0163e+00     3.6993      4.769      6.917    12.9142 0.0000e+00
      4.867      0.004     0.0676      0.640     67.482  51.177807     2.4215      6.282   266.5260 4.9907e+00     3.7278      4.773      6.923    12.9186 0.0000e+00
      4.869      0.001     0.0678      0.642     67.452  51.170512     2.4987      6.282   266.4919 4.9849e+00     3.7652      4.777      6.929    12.9181 0.0000e+00
      4.869      0.000     0.0675      0.640     67.309  51.074227     2.6380      6.282   266.3554 4.9944e+00     3.7547      4.776      6.927    12.9087 0.0000e+00
      4.867      0.000     0.0665      0.631     67.079  50.903665     2.7173      6.282   266.1659 5.0169e+00     3.7231      4.773      6.922    12.9047 0.0000e+00
      4.863      0.002     0.0654      0.620     66.824  50.697573     2.7315      6.282   266.0088 5.0338e+00     3.7181      4.769      6.917    12.9152 0.0000e+00
      4.862      0.007     0.0656      0.621     66.668  50.553108     2.7279      6.282   265.9183 5.0249e+00     3.7854      4.766      6.913    12.9288 0.0000e+00
      4.864      0.013     0.0658      0.623     66.706  50.555494     2.7005      6.282   265.9313 5.0004e+00     3.8961      4.768      6.916    12.9395 0.0000e+00
      4.869      0.018     0.0642      0.608     66.782  50.599246     2.6757      6.281   265.9084 4.9562e+00     3.9585      4.774      6.925    12.9443 0.0000e+00
      4.878      0.020     0.0614      0.581     66.836  50.637103     2.6673      6.281   265.8137 4.8973e+00     3.9599      4.784      6.939    12.9354 0.0000e+00
      4.888      0.019     0.0609      0.576     66.915  50.695348     2.6915      6.281   265.7324 4.8553e+00     3.9734      4.795      6.954    12.9114 0.0000e+00
      4.894      0.015     0.0627      0.592     66.960  50.731347     2.7478      6.281   265.6137 4.8497e+00     4.0000      4.801      6.964    12.8856 0.0000e+00
      4.896      0.010     0.0652      0.617     66.979  50.754512     2.7774      6.282   265.4977 4.8682e+00     3.9767      4.802      6.965    12.8776 0.0000e+00
      4.895      0.007     0.0670      0.634     67.001  50.784725     2.7831      6.282   265.3621 4.8844e+00     3.9361      4.799      6.962    12.8795 0.0000e+00
      4.893      0.006     0.0660      0.625     67.053  50.842379     2.8626      6.283   265.0923 4.8899e+00     3.9666      4.797      6.959    12.8755 0.0000e+00
      4.893      0.008     0.0649      0.615     67.169  50.943035     3.0134      6.283   264.8167 4.8810e+00     4.0702      4.798      6.958    12.8765 0.0000e+00
      4.895      0.011     0.0662      0.628     67.308  51.048178     3.0986      6.283   264.6973 4.8523e+00     4.1518      4.800      6.962    12.8843 0.0000e+00
      4.900      0.015     0.0682      0.647     67.375  51.096498     3.1022      6.283   264.6816 4.8138e+00     4.1595      4.805      6.969    12.8932 0.0000e+00
      4.906      0.017     0.0680      0.644     67.335  51.082254     3.0935      6.283   264.5408 4.7863e+00     4.1325      4.811      6.978    12.9098 0.0000e+00
      4.912      0.017     0.0666      0.632     67.260  51.066695     2.9659      6.283   264.2853 4.7692e+00     4.1315      4.818      6.988    12.9239 0.0000e+00
      4.917      0.016     0.0676      0.642     67.241  51.099143     2.7088      6.283   264.1728 4.7478e+00     4.1467      4.823      6.995    12.9197 0.0000e+00
      4.920      0.014     0.0686      0.652     67.292  51.156763     2.5579      6.283   264.2133 4.7252e+00     4.1331      4.826      6.999    12.9113 0.0000e+00
      4.922      0.014     0.0673      0.638     67.366  51.191251     2.5386      6.283   264.1733 4.7109e+00     4.1193      4.827      7.001    12.9202 0.0000e+00
      4.924      0.014     0.0652      0.618     67.440  51.198244     2.5207      6.283   264.0336 4.7018e+00     4.1325      4.828      7.003    12.9561 0.0000e+00
      4.927      0.015     0.0636      0.602     67.485  51.177683     2.4889      6.283   263.9011 4.6844e+00     4.1408      4.831      7.007    13.0030 0.0000e+00
      4.931      0.017     0.0630      0.596     67.486  51.133300     2.4754      6.284   263.6893 4.6585e+00     4.1280      4.836      7.014    13.0206 0.0000e+00
      4.937      0.017     0.0630      0.597     67.491  51.106579     2.4770      6.284   263.4517 4.6306e+00     4.1300      4.842      7.023    12.9987 0.0000e+00
      4.943      0.017     0.0638      0.604     67.513  51.108849     2.4444      6.283   263.3508 4.6076e+00     4.1654      4.848      7.031    12.9559 0.0000e+00
      4.949      0.016     0.0633      0.599     67.498  51.097159     2.3752      6.283   263.3302 4.6015e+00     4.1896      4.854      7.040    12.9114 0.0000e+00
      4.952      0.014     0.0630      0.597     67.398  51.028818     2.3287      6.283   263.2019 4.6037e+00     4.1784      4.857      7.044    12.8767 0.0000e+00
      4.954      0.012     0.0652      0.617     67.250  50.918274     2.3233      6.283   262.9182 4.5980e+00     4.1523      4.859      7.047    12.8552 0.0000e+00
      4.956      0.011     0.0667      0.631     67.163  50.841318     2.3380      6.283   262.8260 4.5835e+00     4.0881      4.860      7.048    12.8443 0.0000e+00
      4.958      0.012     0.0662      0.626     67.133  50.797632     2.3496      6.282   262.9467 4.5686e+00     4.0125      4.861      7.051    12.8449 0.0000e+00
      4.961      0.013     0.0657      0.621     67.132  50.771471     2.3441      6.282   262.9150 4.5552e+00     4.0007      4.865      7.056    12.8560 0.0000e+00
      4.964      0.014     0.0659      0.622     67.171  50.779268     2.3366      6.282   262.7014 4.5321e+00     4.0062      4.868      7.060    12.8579 0.0000e+00
      4.969      0.015     0.0667      0.630     67.168  50.764730     2.3506      6.282   262.4289 4.5028e+00     4.0796      4.872      7.067    12.8480 0.0000e+00
      4.974      0.016     0.0672      0.635     67.118  50.722828     2.3845      6.282   262.2874 4.4754e+00     4.2773      4.878      7.075    12.8320 0.0000e+00
      4.978      0.016     0.0660      0.623     67.117  50.717636     2.4068      6.282   262.2808 4.4549e+00     4.4135      4.882      7.080    12.8107 0.0000e+00
      4.981      0.017     0.0646      0.611     67.191  50.765518     2.4090      6.282   262.2630 4.4445e+00     4.4140      4.884      7.085    12.7924 0.0000e+00
      4.984      0.017     0.0644      0.609     67.325  50.856752     2.4110      6.281   262.2446 4.4307e+00     4.3743      4.888      7.090    12.7845 0.0000e+00
      4.989      0.018     0.0644      0.609     67.519  50.994295     2.4125      6.281   262.2300 4.4108e+00     4.3610      4.892      7.096    12.7838 0.0000e+00
      4.994      0.021     0.0641      0.605     67.751  51.157076     2.3996      6.282   262.1723 4.4024e+00     4.4063      4.898      7.104    12.7812 0.0000e+00
      4.999      0.026     0.0645      0.608     68.050  51.362743     2.3927      6.283   262.1500 4.3973e+00     4.4334      4.902      7.111    12.7746 0.0000e+00
      5.005      0.030     0.0653      0.616     68.447  51.637336     2.4026      6.283   262.2186 4.3682e+00     4.3832      4.907      7.118    12.7658 0.0000e+00
      5.013      0.033     0.0658      0.620     68.702  51.807007     2.4363      6.282   262.3131 4.3160e+00     4.3187      4.915      7.129    12.7601 0.0000e+00
      5.024      0.033     0.0666      0.627     68.652  51.761261     2.4968      6.281   262.3459 4.2515e+00     4.2934      4.925      7.144    12.7532 0.0000e+00
      5.036      0.030     0.0671      0.632     68.488  51.656384     2.5376      6.280   262.2717 4.1845e+00     4.3218      4.939      7.163    12.7372 0.0000e+00
      5.046      0.025     0.0667      0.629     68.388  51.619749     2.5428      6.280   262.1896 4.1420e+00     4.3570      4.951      7.181    12.7171 0.0000e+00
      5.052      0.019     0.0651      0.614     68.444  51.699797     2.5604      6.281   262.1275 4.1336e+00     4.3521      4.956      7.188    12.6975 0.0000e+00
      5.054      0.014     0.0638      0.602     68.633  51.861382     2.6126      6.282   262.0370 4.1456e+00     4.3244      4.956      7.188    12.6874 0.0000e+00
      5.053      0.009     0.0639      0.603     68.795  51.984107     2.6497      6.281   261.9557 4.1615e+00     4.3265      4.955      7.186    12.7025 0.0000e+00
      5.053      0.007     0.0628      0.592     68.880  52.039307     2.6514      6.280   261.9186 4.1551e+00     4.3779      4.955      7.186    12.7388 0.0000e+00
      5.054      0.007     0.0615      0.580     68.951  52.083753     2.6237      6.279   261.8468 4.1280e+00     4.3965      4.957      7.189    12.7707 0.0000e+00
      5.057      0.009     0.0614      0.579     69.018  52.140037     2.5719      6.279   261.6901 4.1175e+00     4.3689      4.960      7.193    12.7833 0.0000e+00
