Data/DataNotYetUploadedToEDI/Raw_CTD/RawDownloads/090318_fcr20.cnv
* Sea-Bird SBE19plus  Data File:
* FileName = C:\DATA\090318_FCR50_0003.hex
* Software version 2.6.3.104 SB_Terminal.dll
* Temperature SN = 7809
* Conductivity SN = 7809
* System UpLoad Time = Sep 03 2018 15:38:33
* <ApplicationData>
* <Seaterm232>
# nquan = 15
# nvalues = 687                         
# units = specified
# name 0 = depFM: Depth [fresh water, m]
# name 1 = dz/dtM: Descent Rate [m/s]
# name 2 = sbeox0Mg/L: Oxygen, SBE 43 [mg/l]
# name 3 = sbeox0PS: Oxygen, SBE 43 [% saturation]
# name 4 = specc: Specific Conductance [uS/cm]
# name 5 = c0uS/cm: Conductivity [uS/cm]
# name 6 = flECO-AFL: Fluorescence, WET Labs ECO-AFL/FL [mg/m^3]
# name 7 = ph: pH
# name 8 = orp: Oxidation Reduction Potential [mV]
# name 9 = par/sat/log: PAR/Logarithmic, Satlantic
# name 10 = turbWETntu0: Turbidity, WET Labs ECO [NTU]
# name 11 = prdM: Pressure, Strain Gauge [db]
# name 12 = prdE: Pressure, Strain Gauge [psi]
# name 13 = tv290C: Temperature [ITS-90, deg C]
# name 14 = flag:  0.000e+00
# span 0 =     -0.456,      3.228       
# span 1 =     -0.166,      0.158       
# span 2 =     0.0740,     9.8807       
# span 3 =      0.853,    122.004       
# span 4 =      2.033,     71.822       
# span 5 =   2.168455,  64.447505       
# span 6 =    -0.1339,    17.2307       
# span 7 =      6.607,      8.588       
# span 8 =   129.8565,   256.1397       
# span 9 = 2.0661e+01, 2.0912e+03       
# span 10 =    -0.5279,    38.3990      
# span 11 =     -0.448,      3.166      
# span 12 =     -0.649,      4.592      
# span 13 =    19.8207,    28.3244      
# span 14 = 0.0000e+00, 0.0000e+00      
# interval = seconds: 0.25
# start_time = Sep 03 2018 15:10:11 [Instrument's time stamp, header]
# bad_flag = -9.990e-29
*END*
[from data line 482]
      1.982      0.023     7.1590     85.937     38.752  38.410723     5.1647      7.918   229.7820 1.5180e+02     1.8398      1.943      2.819    24.5867 0.0000e+00
      1.986      0.022     7.1037     85.297     38.782  38.451928     5.2289      7.913   228.8366 1.5100e+02     1.8785      1.947      2.825    24.5479 0.0000e+00
      1.991      0.021     7.0697     84.906     38.846  38.524016     5.2334      7.906   229.6253 1.5009e+02     1.8982      1.953      2.832    24.5363 0.0000e+00
      1.997      0.021     7.0580     84.769     38.904  38.583509     5.2839      7.901   232.4351 1.4910e+02     1.9862      1.959      2.840    24.5388 0.0000e+00
      2.003      0.022     7.0628     84.825     38.986  38.663002     5.3703      7.896   234.0717 1.4808e+02     2.0888      1.965      2.850    24.5525 0.0000e+00
      2.009      0.022     7.0748     84.965     39.112  38.786322     5.4142      7.892   233.7546 1.4722e+02     2.1316      1.972      2.859    24.5702 0.0000e+00
      2.014      0.022     7.0830     85.040     39.269  38.930990     5.4291      7.888   232.9030 1.4650e+02     2.1381      1.976      2.865    24.5831 0.0000e+00
      2.019      0.022     7.0791     84.932     39.448  39.077981     5.4947      7.883   232.0353 1.4563e+02     2.1356      1.981      2.873    24.5830 0.0000e+00
      2.024      0.023     7.0558     84.569     39.580  39.165818     5.6092      7.878   231.4369 1.4464e+02     2.1329      1.985      2.880    24.5790 0.0000e+00
      2.029      0.025     7.0052     83.888     39.620  39.167033     5.6746      7.873   231.1734 1.4344e+02     2.1355      1.990      2.887    24.5817 0.0000e+00
      2.036      0.027     6.9219     82.838     39.572  39.092628     5.6789      7.867   231.0868 1.4184e+02     2.1367      1.996      2.894    24.5746 0.0000e+00
      2.045      0.029     6.8056     81.415     39.459  38.964998     5.6887      7.862   230.9922 1.4020e+02     2.1474      2.005      2.908    24.5313 0.0000e+00
      2.054      0.029     6.6641     79.705     39.396  38.894501     5.7195      7.857   230.6325 1.3879e+02     2.1726      2.014      2.922    24.4670 0.0000e+00
      2.062      0.030     6.5172     77.942     39.381  38.875565     5.7394      7.852   230.2651 1.3743e+02     2.1672      2.022      2.933    24.4177 0.0000e+00
      2.069      0.033     6.3878     76.405     39.297  38.799570     5.7358      7.844   230.2495 1.3633e+02     2.1124      2.030      2.944    24.3841 0.0000e+00
      2.075      0.035     6.2893     75.254     39.156  38.674513     5.6582      7.833   230.1001 1.3534e+02     2.0295      2.035      2.952    24.3646 0.0000e+00
      2.082      0.037     6.2304     74.556     39.047  38.570629     5.5084      7.822   230.0066 1.3371e+02     1.9884      2.040      2.958    24.3559 0.0000e+00
      2.093      0.038     6.2153     74.347     39.052  38.560023     5.4316      7.810   230.5823 1.3141e+02     2.0120      2.051      2.975    24.3488 0.0000e+00
      2.107      0.036     6.2387     74.599     39.119  38.609785     5.4372      7.799   231.1237 1.2916e+02     2.0102      2.067      2.998    24.3530 0.0000e+00
      2.119      0.032     6.2892     75.184     39.119  38.600487     5.4383      7.788   231.3897 1.2737e+02     1.9668      2.080      3.017    24.3868 0.0000e+00
      2.129      0.027     6.3491     75.881     39.039  38.511124     5.4451      7.780   232.0781 1.2631e+02     1.9451      2.089      3.029    24.3992 0.0000e+00
      2.134      0.022     6.3996     76.461     38.959  38.418723     5.4728      7.774   231.8762 1.2605e+02     1.9609      2.094      3.036    24.3606 0.0000e+00
      2.134      0.018     6.4305     76.796     38.931  38.372692     5.4976      7.766   229.9810 1.2608e+02     1.9750      2.094      3.037    24.3381 0.0000e+00
      2.134      0.018     6.4445     76.904     38.926  38.335714     5.5160      7.758   228.5224 1.2574e+02     1.9930      2.092      3.034    24.3337 0.0000e+00
      2.137      0.019     6.4468     76.856     38.921  38.289230     5.6487      7.751   228.0065 1.2477e+02     2.0569      2.095      3.038    24.3167 0.0000e+00
      2.144      0.022     6.4345     76.635     38.927  38.255310     5.8978      7.744   227.6150 1.2343e+02     2.1369      2.102      3.049    24.3037 0.0000e+00
      2.153      0.024     6.4084     76.270     38.945  38.243175     6.0371      7.737   227.4034 1.2210e+02     2.1677      2.112      3.063    24.2850 0.0000e+00
      2.162      0.024     6.3754     75.864     38.980  38.269534     6.0651      7.729   227.3402 1.2100e+02     2.1546      2.121      3.076    24.2394 0.0000e+00
      2.169      0.023     6.3402     75.460     39.023  38.319877     6.1815      7.723   227.2813 1.2015e+02     2.1616      2.128      3.086    24.1819 0.0000e+00
      2.173      0.020     6.3061     75.064     39.041  38.343645     6.3789      7.717   227.2072 1.1944e+02     2.2213      2.132      3.093    24.1265 0.0000e+00
      2.177      0.019     6.2762     74.693     39.008  38.302796     6.4848      7.711   227.2184 1.1893e+02     2.2655      2.135      3.098    24.0819 0.0000e+00
      2.179      0.019     6.2506     74.351     38.931  38.207146     6.4967      7.705   227.3299 1.1858e+02     2.2696      2.137      3.100    24.0725 0.0000e+00
      2.183      0.020     6.2291     74.043     38.829  38.076541     6.4675      7.699   227.5243 1.1808e+02     2.3012      2.141      3.104    24.0978 0.0000e+00
      2.189      0.023     6.2125     73.785     38.715  37.930686     6.4078      7.694   227.6751 1.1717e+02     2.3117      2.146      3.112    24.1094 0.0000e+00
      2.196      0.027     6.1993     73.572     38.656  37.841207     6.3720      7.688   227.6905 1.1596e+02     2.2752      2.152      3.121    24.0944 0.0000e+00
      2.204      0.032     6.1957     73.479     38.664  37.820492     6.3656      7.682   227.7968 1.1474e+02     2.2869      2.161      3.135    24.0685 0.0000e+00
      2.213      0.036     6.2129     73.642     38.674  37.807252     6.4499      7.677   228.0138 1.1360e+02     2.4226      2.170      3.148    24.0271 0.0000e+00
      2.222      0.038     6.2519     74.068     38.695  37.808134     6.6098      7.671   228.1623 1.1247e+02     2.6030      2.179      3.159    23.9803 0.0000e+00
      2.232      0.039     6.3018     74.628     38.736  37.831128     6.6912      7.664   228.3023 1.1107e+02     2.6676      2.188      3.173    23.9377 0.0000e+00
      2.243      0.039     6.3433     75.093     38.751  37.831128     6.7076      7.656   228.8464 1.0950e+02     2.6556      2.199      3.190    23.9016 0.0000e+00
      2.254      0.038     6.3569     75.232     38.740  37.808126     6.8910      7.649   231.1274 1.0809e+02     2.6709      2.211      3.208    23.8724 0.0000e+00
      2.264      0.037     6.3366     74.972     38.751  37.807106     7.3555      7.644   235.2327 1.0694e+02     2.6999      2.221      3.221    23.8469 0.0000e+00
      2.273      0.035     6.2900     74.401     38.774  37.818782     7.7932      7.637   238.8192 1.0600e+02     2.7309      2.229      3.233    23.8247 0.0000e+00
      2.281      0.034     6.2260     73.625     38.788  37.822229     7.9463      7.630   240.9357 1.0503e+02     2.7410      2.237      3.244    23.8060 0.0000e+00
      2.289      0.032     6.1498     72.704     38.827  37.848767     7.9574      7.624   242.7552 1.0397e+02     2.6996      2.244      3.255    23.7904 0.0000e+00
      2.297      0.031     6.0699     71.741     38.877  37.885521     8.0464      7.618   244.4709 1.0288e+02     2.7189      2.253      3.267    23.7772 0.0000e+00
      2.305      0.030     5.9959     70.846     38.888  37.885431     8.2237      7.613   245.4194 1.0183e+02     2.8518      2.260      3.278    23.7637 0.0000e+00
      2.314      0.028     5.9309     70.062     38.859  37.847659     8.3264      7.608   245.8767 1.0090e+02     2.9336      2.269      3.291    23.7493 0.0000e+00
      2.322      0.026     5.8744     69.381     38.829  37.809981     8.3328      7.603   246.3862 1.0020e+02     2.9155      2.278      3.304    23.7353 0.0000e+00
      2.328      0.025     5.8227     68.755     38.839  37.811025     8.3102      7.598   246.9340 9.9624e+01     2.9075      2.283      3.311    23.7198 0.0000e+00
      2.332      0.025     5.7707     68.123     38.900  37.860266     8.2829      7.593   247.3377 9.9076e+01     2.9279      2.287      3.317    23.7052 0.0000e+00
      2.337      0.026     5.7166     67.462     38.952  37.897106     8.2789      7.587   247.5674 9.8491e+01     2.9485      2.292      3.324    23.6933 0.0000e+00
      2.343      0.027     5.6602     66.770     38.947  37.875258     8.3449      7.581   247.6473 9.7667e+01     2.9429      2.297      3.331    23.6824 0.0000e+00
      2.350      0.028     5.5997     66.029     38.939  37.850194     9.0437      7.575   247.7008 9.6671e+01     2.9523      2.304      3.342    23.6718 0.0000e+00
      2.360      0.028     5.5289     65.174     38.950  37.848162    10.3212      7.569   247.8703 9.5712e+01     3.0312      2.314      3.357    23.6594 0.0000e+00
      2.369      0.028     5.4404     64.124     38.957  37.850658    11.0180      7.564   248.0626 9.4912e+01     3.1031      2.323      3.369    23.6415 0.0000e+00
      2.375      0.028     5.3383     62.925     38.984  37.880365    11.1367      7.558   248.2183 9.4362e+01     3.1194      2.330      3.380    23.6189 0.0000e+00
      2.380      0.029     5.2372     61.732     39.060  37.953249    11.8762      7.551   248.2898 9.3888e+01     3.1062      2.334      3.385    23.5957 0.0000e+00
      2.385      0.031     5.1474     60.643     39.164  38.033073    13.2322      7.545   248.0669 9.3182e+01     3.0958      2.338      3.391    23.5760 0.0000e+00
      2.392      0.035     5.0716     59.692     39.257  38.083126    13.9760      7.539   247.6743 9.2150e+01     3.1165      2.346      3.402    23.5691 0.0000e+00
      2.402      0.040     4.9997     58.783     39.335  38.113663    14.0963      7.531   247.3293 9.0828e+01     3.1427      2.355      3.415    23.5804 0.0000e+00
      2.414      0.043     4.9031     57.591     39.412  38.148105    14.6688      7.522   246.9061 8.9211e+01     3.2910      2.365      3.432    23.5890 0.0000e+00
      2.428      0.043     4.7531     55.787     39.481  38.181855    15.7044      7.514   246.5155 8.7474e+01     3.5968      2.380      3.453    23.5606 0.0000e+00
      2.442      0.041     4.5425     53.285     39.527  38.204032    16.2604      7.504   246.6502 8.5974e+01     3.7573      2.396      3.475    23.4995 0.0000e+00
      2.454      0.038     4.2816     50.205     39.566  38.225625    16.3007      7.496   247.0720 8.4998e+01     3.7667      2.407      3.491    23.4381 0.0000e+00
      2.462      0.033     3.9930     46.807     39.607  38.252320    16.2839      7.491   247.2270 8.4446e+01     3.7713      2.415      3.502    23.3863 0.0000e+00
      2.467      0.029     3.7018     43.381     39.642  38.272662    15.9647      7.484   247.4062 8.3917e+01     3.5996      2.419      3.508    23.3444 0.0000e+00
      2.472      0.026     3.4329     40.217     39.665  38.280976    15.3544      7.477   247.6044 8.3341e+01     3.2777      2.424      3.515    23.3175 0.0000e+00
      2.477      0.026     3.2112     37.604     39.691  38.289289    15.0162      7.470   247.6445 8.2726e+01     3.1152      2.429      3.524    23.2997 0.0000e+00
      2.483      0.026     3.0433     35.624     39.729  38.309612    14.9916      7.463   247.5468 8.1858e+01     3.1293      2.434      3.531    23.2833 0.0000e+00
      2.491      0.026     2.9163     34.125     39.773  38.336089    15.0847      7.455   246.1655 8.0882e+01     3.0822      2.443      3.543    23.2687 0.0000e+00
      2.500      0.026     2.8064     32.827     39.809  38.355276    15.2601      7.447   243.3325 8.0134e+01     2.9730      2.453      3.556    23.2511 0.0000e+00
      2.507      0.026     2.6974     31.540     39.819  38.350990    15.3566      7.440   241.7723 7.9519e+01     2.9377      2.459      3.566    23.2281 0.0000e+00
      2.513      0.027     2.5925     30.301     39.834  38.347775    15.3876      7.431   242.3583 7.8934e+01     2.9312      2.465      3.574    23.2073 0.0000e+00
      2.518      0.030     2.4939     29.132     39.894  38.379914    15.6248      7.422   243.1040 7.8462e+01     2.9239      2.469      3.581    23.1886 0.0000e+00
      2.523      0.034     2.4008     28.022     39.971  38.421887    16.0646      7.413   243.4750 7.7748e+01     2.9418      2.473      3.587    23.1684 0.0000e+00
      2.532      0.036     2.3160     27.010     40.062  38.474033    16.3031      7.404   243.5746 7.6403e+01     2.9340      2.481      3.599    23.1505 0.0000e+00
      2.545      0.037     2.2398     26.101     40.191  38.565634    16.3308      7.394   243.3626 7.4801e+01     2.8897      2.495      3.619    23.1317 0.0000e+00
      2.559      0.037     2.1664     25.229     40.363  38.703482    16.4915      7.385   244.0091 7.3560e+01     2.8342      2.512      3.643    23.1019 0.0000e+00
      2.570      0.036     2.0897     24.324     40.693  38.997135    16.7765      7.376   245.4543 7.2810e+01     2.7812      2.522      3.658    23.0584 0.0000e+00
      2.577      0.033     2.0045     23.322     41.250  39.511300    16.9279      7.367   246.1241 7.2295e+01     2.7368      2.528      3.667    23.0109 0.0000e+00
      2.582      0.032     1.9035     22.136     41.748  39.964537    16.9250      7.359   247.0311 7.1770e+01     2.7253      2.532      3.672    22.9699 0.0000e+00
      2.588      0.034     1.7787     20.667     41.986  40.156807    16.7315      7.350   247.9888 7.1092e+01     2.7338      2.537      3.680    22.9358 0.0000e+00
      2.595      0.038     1.6197     18.800     42.132  40.247581    16.3814      7.338   247.3784 7.0131e+01     2.7173      2.544      3.690    22.9102 0.0000e+00
      2.605      0.041     1.4197     16.460     42.241  40.299570    16.1925      7.325   246.4477 6.8787e+01     2.7093      2.553      3.703    22.8895 0.0000e+00
      2.619      0.042     1.1822     13.694     42.260  40.277029    16.1850      7.311   244.7376 6.7200e+01     2.7278      2.568      3.725    22.8640 0.0000e+00
      2.634      0.039     0.9257     10.717     42.234  40.229133    16.2173      7.299   242.0171 6.5779e+01     2.7277      2.585      3.749    22.8238 0.0000e+00
      2.647      0.033     0.6725      7.783     42.247  40.228719    16.4628      7.288   239.8824 6.4813e+01     2.6471      2.598      3.768    22.7616 0.0000e+00
      2.655      0.028     0.4440      5.138     42.435  40.399081    16.9023      7.279   238.8021 6.4368e+01     2.5160      2.606      3.779    22.6904 0.0000e+00
      2.658      0.024     0.2644      3.059     42.900  40.827592    17.1382      7.272   238.5055 6.4336e+01     2.4545      2.608      3.782    22.6405 0.0000e+00
      2.658      0.023     0.1459      1.687     43.607  41.470426    17.1557      7.264   238.3615 6.4299e+01     2.4835      2.606      3.780    22.6177 0.0000e+00
      2.660      0.025     0.0869      1.003     44.219  42.008130    17.1501      7.256   238.0926 6.3732e+01     2.5617      2.606      3.779    22.6041 0.0000e+00
      2.668      0.029     0.0740      0.853     44.314  42.054952    17.1352      7.246   237.8366 6.2542e+01     2.6370      2.614      3.791    22.5968 0.0000e+00
      2.680      0.030     0.0853      0.983     43.992  41.718791    17.1230      7.236   237.7615 6.1199e+01     2.6613      2.629      3.813    22.5873 0.0000e+00
      2.693      0.029     0.1032      1.190     43.708  41.438390    17.1120      7.226   237.7861 6.0206e+01     2.6733      2.642      3.832    22.5522 0.0000e+00
      2.702      0.027     0.1195      1.377     43.785  41.523981    17.0489      7.218   237.7898 5.9689e+01     2.6591      2.651      3.845    22.4941 0.0000e+00
