Data/DataNotYetUploadedToEDI/Raw_CTD/RawDownloads/090318_fcr50_b.cnv
* Sea-Bird SBE19plus  Data File:
* FileName = C:\DATA\090318_FCR50_0006.hex
* Software version 2.6.3.104 SB_Terminal.dll
* Temperature SN = 7809
* Conductivity SN = 7809
* System UpLoad Time = Sep 03 2018 15:41:09
* <ApplicationData>
* <Seaterm232>
# nquan = 15
# nvalues = 740                         
# units = specified
# name 0 = depFM: Depth [fresh water, m]
# name 1 = dz/dtM: Descent Rate [m/s]
# name 2 = sbeox0Mg/L: Oxygen, SBE 43 [mg/l]
# name 3 = sbeox0PS: Oxygen, SBE 43 [% saturation]
# name 4 = specc: Specific Conductance [uS/cm]
# name 5 = c0uS/cm: Conductivity [uS/cm]
# name 6 = flECO-AFL: Fluorescence, WET Labs ECO-AFL/FL [mg/m^3]
# name 7 = ph: pH
# name 8 = orp: Oxidation Reduction Potential [mV]
# name 9 = par/sat/log: PAR/Logarithmic, Satlantic
# name 10 = turbWETntu0: Turbidity, WET Labs ECO [NTU]
# name 11 = prdM: Pressure, Strain Gauge [db]
# name 12 = prdE: Pressure, Strain Gauge [psi]
# name 13 = tv290C: Temperature [ITS-90, deg C]
# name 14 = flag:  0.000e+00
# span 0 =     -0.464,      9.710       
# span 1 =     -0.072,      0.195       
# span 2 =     0.0648,     9.9880       
# span 3 =      0.602,    120.681       
# span 4 =      0.636,    167.003       
# span 5 =   0.683200, 123.436685       
# span 6 =    -0.2216,    16.9619       
# span 7 =      6.400,      8.896       
# span 8 = -1240.7455,   263.6454       
# span 9 = 1.2534e-01, 2.4660e+03       
# span 10 =    -0.4703,    39.4331      
# span 11 =     -0.455,      9.523      
# span 12 =     -0.659,     13.812      
# span 13 =    11.9316,    28.6840      
# span 14 = 0.0000e+00, 0.0000e+00      
# interval = seconds: 0.25
# start_time = Sep 03 2018 17:21:31 [Instrument's time stamp, header]
# bad_flag = -9.990e-29
*END*
[from data line 193]
      0.058      0.027     8.8523    110.805     37.443  38.830924     1.9667      8.136   225.6983 1.9054e+02     1.5007      0.056      0.080    26.8802 0.0000e+00
      0.065      0.032     8.7889    110.015     37.433  38.821789     1.9710      8.133   226.1866 2.8924e+02     1.5097      0.062      0.090    26.8739 0.0000e+00
      0.075      0.038     8.7349    109.339     37.390  38.777909     1.9909      8.129   226.6882 4.5648e+02     1.4741      0.072      0.105    26.8521 0.0000e+00
      0.086      0.043     8.6909    108.794     37.356  38.745092     2.0145      8.124   226.8584 5.4664e+02     1.4669      0.084      0.123    26.8431 0.0000e+00
      0.096      0.046     8.6582    108.395     37.351  38.742667     2.0264      8.121   226.7822 4.9947e+02     1.4839      0.095      0.138    26.8473 0.0000e+00
      0.109      0.047     8.6381    108.155     37.352  38.748591     2.0337      8.119   226.6273 3.5919e+02     1.4959      0.105      0.153    26.8498 0.0000e+00
      0.125      0.045     8.6343    108.106     37.357  38.753196     2.0389      8.115   226.4489 2.1981e+02     1.4598      0.124      0.179    26.8484 0.0000e+00
      0.139      0.042     8.6475    108.243     37.350  38.734812     2.0894      8.113   226.4314 1.6534e+02     1.4138      0.140      0.202    26.8505 0.0000e+00
      0.148      0.037     8.6700    108.478     37.350  38.716887     2.2026      8.115   226.4160 1.5995e+02     1.4288      0.144      0.209    26.8561 0.0000e+00
      0.156      0.032     8.6916    108.708     37.374  38.727027     2.2861      8.117   226.2626 1.5489e+02     1.4573      0.152      0.221    26.8652 0.0000e+00
      0.162      0.030     8.7076    108.879     37.388  38.730335     2.3086      8.120   225.9529 1.5162e+02     1.4836      0.160      0.232    26.8691 0.0000e+00
      0.166      0.031     8.7180    108.974     37.365  38.693332     2.3554      8.122   225.5964 1.5261e+02     1.5024      0.163      0.237    26.8518 0.0000e+00
      0.171      0.036     8.7212    108.972     37.288  38.597263     2.4392      8.121   225.5669 1.5182e+02     1.5017      0.167      0.242    26.8218 0.0000e+00
      0.180      0.043     8.7168    108.867     37.172  38.458178     2.4762      8.118   225.6818 1.4590e+02     1.5058      0.176      0.253    26.8003 0.0000e+00
      0.194      0.053     8.7082    108.696     37.087  38.345777     2.4809      8.116   225.8669 1.4109e+02     1.5214      0.191      0.276    26.7911 0.0000e+00
      0.209      0.065     8.6976    108.497     37.085  38.318200     2.4957      8.114   226.2563 1.3970e+02     1.5371      0.204      0.295    26.7730 0.0000e+00
      0.226      0.076     8.6860    108.305     37.161  38.378823     2.4997      8.114   226.2603 1.3685e+02     1.5432      0.220      0.318    26.7478 0.0000e+00
      0.247      0.083     8.6759    108.163     37.229  38.443428     2.4913      8.116   225.8290 1.3213e+02     1.5337      0.240      0.350    26.7284 0.0000e+00
      0.272      0.086     8.6697    108.088     37.248  38.464036     2.4861      8.120   225.7745 1.2798e+02     1.4845      0.264      0.384    26.6919 0.0000e+00
      0.298      0.086     8.6648    108.028     37.222  38.437396     2.5196      8.123   226.2028 1.2389e+02     1.4058      0.293      0.425    26.6523 0.0000e+00
      0.323      0.086     8.6589    107.952     37.101  38.311924     2.5851      8.124   226.7055 1.2011e+02     1.3444      0.319      0.462    26.6259 0.0000e+00
      0.343      0.085     8.6554    107.880     36.959  38.154024     2.6152      8.126   227.2066 1.1730e+02     1.3228      0.337      0.489    26.6189 0.0000e+00
      0.360      0.084     8.6547    107.779     36.894  38.052939     2.6084      8.128   227.7006 1.1485e+02     1.2978      0.352      0.510    26.6295 0.0000e+00
      0.379      0.084     8.6543    107.650     36.869  37.979065     2.6037      8.128   228.0336 1.1236e+02     1.2850      0.370      0.536    26.6252 0.0000e+00
      0.401      0.086     8.6567    107.566     36.892  37.959569     2.6133      8.126   228.2207 1.0998e+02     1.2903      0.393      0.570    26.6271 0.0000e+00
      0.424      0.087     8.6659    107.581     36.975  38.007734     2.6242      8.126   228.4151 1.0787e+02     1.2709      0.415      0.602    26.6286 0.0000e+00
      0.449      0.087     8.6800    107.680     37.048  38.053129     2.6242      8.130   228.5767 1.0588e+02     1.2636      0.438      0.636    26.5686 0.0000e+00
      0.475      0.086     8.6913    107.767     37.078  38.063686     2.6140      8.131   228.8837 1.0413e+02     1.2635      0.468      0.678    26.4933 0.0000e+00
      0.498      0.084     8.6903    107.716     37.100  38.071825     2.6011      8.132   229.4594 1.0294e+02     1.2690      0.491      0.712    26.4397 0.0000e+00
      0.515      0.082     8.6732    107.471     37.128  38.087976     2.6066      8.132   230.0310 1.0225e+02     1.2991      0.506      0.733    26.3855 0.0000e+00
      0.531      0.082     8.6424    107.057     37.121  38.068366     2.6160      8.131   230.3752 1.0166e+02     1.2922      0.520      0.753    26.3447 0.0000e+00
      0.550      0.084     8.6038    106.551     37.090  38.025292     2.6136      8.129   230.6091 1.0098e+02     1.2466      0.539      0.781    26.3204 0.0000e+00
      0.574      0.089     8.5671    106.074     37.085  38.011847     2.6231      8.123   231.2244 1.0038e+02     1.2368      0.563      0.816    26.3028 0.0000e+00
      0.599      0.094     8.5400    105.723     37.111  38.032855     2.6494      8.113   232.0508 9.9805e+01     1.2651      0.587      0.853    26.2860 0.0000e+00
      0.624      0.098     8.5229    105.498     37.108  38.025172     2.6742      8.106   232.4267 9.9245e+01     1.2835      0.613      0.889    26.2691 0.0000e+00
      0.650      0.098     8.5105    105.333     37.071  37.982472     2.6931      8.102   232.4141 9.8955e+01     1.2764      0.635      0.922    26.2538 0.0000e+00
      0.677      0.094     8.4997    105.186     37.055  37.961264     2.7671      8.100   232.4152 9.8944e+01     1.3315      0.663      0.962    26.2427 0.0000e+00
      0.704      0.088     8.4927    105.090     37.057  37.959337     2.9167      8.099   232.5254 9.8772e+01     1.4614      0.693      1.005    26.2350 0.0000e+00
      0.727      0.082     8.4900    105.048     37.061  37.959162     3.0128      8.099   232.6277 9.8444e+01     1.5348      0.714      1.035    26.2288 0.0000e+00
      0.745      0.076     8.4900    105.042     37.063  37.959146     3.0098      8.099   232.7923 9.8246e+01     1.5164      0.731      1.060    26.2229 0.0000e+00
      0.760      0.071     8.4923    105.070     37.063  37.959144     2.9628      8.099   233.0532 9.8123e+01     1.4228      0.746      1.082    26.2160 0.0000e+00
      0.776      0.066     8.4939    105.088     37.064  37.959133     2.9048      8.099   233.2000 9.8265e+01     1.2882      0.761      1.104    26.2096 0.0000e+00
      0.792      0.062     8.4950    105.091     37.068  37.959009     2.8788      8.099   233.2772 9.8985e+01     1.2319      0.776      1.127    26.2054 0.0000e+00
      0.809      0.061     8.4998    105.133     37.074  37.957649     2.8774      8.099   233.2987 1.0014e+02     1.2909      0.793      1.151    26.2017 0.0000e+00
      0.825      0.062     8.5083    105.210     37.069  37.942671     2.9064      8.099   233.2870 1.0168e+02     1.3306      0.811      1.177    26.2024 0.0000e+00
      0.839      0.064     8.5168    105.272     37.048  37.904949     2.9727      8.096   233.6529 1.0392e+02     1.2849      0.824      1.194    26.2041 0.0000e+00
      0.853      0.068     8.5238    105.306     37.047  37.882694     3.0081      8.088   234.6254 1.0711e+02     1.2567      0.835      1.210    26.1976 0.0000e+00
      0.869      0.076     8.5276    105.302     37.110  37.927675     3.0118      8.072   235.9244 1.1142e+02     1.2644      0.850      1.233    26.1876 0.0000e+00
      0.889      0.086     8.5268    105.251     37.200  38.004071     3.0175      8.054   236.7972 1.1676e+02     1.2559      0.871      1.263    26.1757 0.0000e+00
      0.911      0.096     8.5240    105.181     37.253  38.044032     3.0317      8.040   236.8334 1.2358e+02     1.2761      0.892      1.296    26.1531 0.0000e+00
      0.938      0.102     8.5225    105.127     37.252  38.029648     3.0634      8.030   236.5334 1.3526e+02     1.3261      0.917      1.330    26.1205 0.0000e+00
      0.971      0.104     8.5234    105.100     37.196  37.957185     3.0792      8.023   236.4402 1.4644e+02     1.3100      0.953      1.382    26.0933 0.0000e+00
      1.004      0.103     8.5235    105.058     37.124  37.866690     3.0763      8.016   236.5666 1.4967e+02     1.2644      0.988      1.433    26.0739 0.0000e+00
      1.029      0.100     8.5180    104.943     37.100  37.824847     3.1112      8.009   236.8566 1.4979e+02     1.3248      1.009      1.464    26.0550 0.0000e+00
      1.049      0.095     8.5101    104.806     37.124  37.832407     3.1699      8.001   237.1932 1.4762e+02     1.4301      1.029      1.493    26.0369 0.0000e+00
      1.070      0.090     8.5100    104.771     37.135  37.831024     3.1884      7.993   237.3673 1.4346e+02     1.4686      1.049      1.522    26.0184 0.0000e+00
      1.093      0.086     8.5233    104.910     37.122  37.808102     3.1883      7.987   237.3271 1.3930e+02     1.4857      1.071      1.553    25.9955 0.0000e+00
      1.116      0.082     8.5483    105.200     37.130  37.809351     3.2147      7.982   237.2240 1.3340e+02     1.5144      1.095      1.588    25.9692 0.0000e+00
      1.140      0.076     8.5787    105.568     37.168  37.846124     3.2495      7.978   237.2393 1.2749e+02     1.5113      1.119      1.623    25.9466 0.0000e+00
      1.162      0.069     8.6124    105.986     37.192  37.871547     3.2605      7.976   237.3398 1.2294e+02     1.4787      1.140      1.654    25.9309 0.0000e+00
      1.178      0.064     8.6505    106.465     37.179  37.862620     3.2646      7.975   237.8367 1.1924e+02     1.4865      1.157      1.678    25.9165 0.0000e+00
      1.188      0.059     8.6855    106.905     37.178  37.865253     3.3359      7.973   238.5143 1.1624e+02     1.5130      1.165      1.691    25.9058 0.0000e+00
      1.198      0.057     8.7052    107.136     37.220  37.903389     3.4607      7.970   238.7363 1.1433e+02     1.4942      1.174      1.702    25.9039 0.0000e+00
      1.211      0.060     8.7064    107.106     37.275  37.942539     3.5240      7.966   238.7988 1.1344e+02     1.4731      1.188      1.723    25.9066 0.0000e+00
      1.227      0.065     8.6919    106.855     37.318  37.957412     3.5226      7.961   239.0128 1.1314e+02     1.4713      1.203      1.745    25.9125 0.0000e+00
      1.245      0.074     8.6640    106.429     37.348  37.956122     3.5360      7.953   239.6896 1.1366e+02     1.5033      1.220      1.770    25.9210 0.0000e+00
      1.264      0.083     8.6271    105.899     37.348  37.926891     3.5660      7.943   240.7001 1.1526e+02     1.6157      1.239      1.797    25.9188 0.0000e+00
      1.287      0.090     8.5884    105.350     37.309  37.858041     3.5827      7.934   241.4224 1.1777e+02     1.7310      1.261      1.829    25.8947 0.0000e+00
      1.312      0.095     8.5546    104.858     37.241  37.758910     3.5905      7.924   241.8845 1.2140e+02     1.7386      1.286      1.865    25.8525 0.0000e+00
      1.339      0.098     8.5313    104.494     37.131  37.617665     3.5869      7.914   242.0720 1.2708e+02     1.6772      1.312      1.903    25.8057 0.0000e+00
      1.366      0.099     8.5236    104.320     37.030  37.484285     3.5932      7.905   242.2256 1.3337e+02     1.5991      1.340      1.945    25.7681 0.0000e+00
      1.392      0.098     8.5347    104.377     36.994  37.416731     3.6210      7.897   242.7098 1.3720e+02     1.5256      1.366      1.981    25.7320 0.0000e+00
      1.416      0.097     8.5707    104.739     36.979  37.372585     3.6385      7.891   243.1939 1.3960e+02     1.5215      1.389      2.014    25.6899 0.0000e+00
      1.440      0.094     8.6401    105.510     36.968  37.331625     3.6485      7.885   243.5181 1.4322e+02     1.5194      1.414      2.050    25.6478 0.0000e+00
      1.464      0.092     8.7500    106.769     36.971  37.302610     3.7242      7.880   243.7049 1.4782e+02     1.4692      1.436      2.082    25.6074 0.0000e+00
      1.487      0.089     8.9028    108.540     36.979  37.275826     3.8645      7.876   243.6449 1.5238e+02     1.4642      1.457      2.113    25.5654 0.0000e+00
      1.510      0.085     9.0913    110.741     37.000  37.261836     3.9478      7.875   243.3089 1.5614e+02     1.4897      1.482      2.148    25.5243 0.0000e+00
      1.533      0.079     9.2957    113.147     37.029  37.260465     3.9680      7.878   242.8261 1.5860e+02     1.4721      1.504      2.180    25.4863 0.0000e+00
      1.555      0.072     9.4947    115.506     37.049  37.259196     4.0075      7.883   242.5397 1.5940e+02     1.4641      1.527      2.213    25.4443 0.0000e+00
      1.573      0.064     9.6734    117.620     37.057  37.246464     4.0665      7.890   242.5996 1.5832e+02     1.4853      1.546      2.240    25.3970 0.0000e+00
      1.587      0.055     9.8154    119.290     37.063  37.233552     4.0942      7.901   242.8619 1.5574e+02     1.4843      1.557      2.258    25.3444 0.0000e+00
      1.599      0.049     9.9036    120.328     37.071  37.230097     4.1029      7.916   243.2157 1.5211e+02     1.4822      1.568      2.275    25.3022 0.0000e+00
      1.609      0.047     9.9341    120.681     37.052  37.204677     4.1261      7.932   243.1773 1.4777e+02     1.4597      1.579      2.290    25.2782 0.0000e+00
      1.617      0.048     9.9210    120.504     37.034  37.180299     4.1537      7.950   242.5705 1.4293e+02     1.4257      1.585      2.298    25.2508 0.0000e+00
      1.626      0.050     9.8836    120.035     37.048  37.189444     4.1707      7.966   242.3314 1.3778e+02     1.4381      1.591      2.308    25.2187 0.0000e+00
      1.641      0.052     9.8355    119.449     37.047  37.188182     4.1753      7.978   242.6091 1.3279e+02     1.4568      1.608      2.332    25.2051 0.0000e+00
      1.661      0.052     9.7847    118.845     37.020  37.165036     4.1813      7.987   242.7456 1.2831e+02     1.4689      1.629      2.364    25.2022 0.0000e+00
      1.677      0.052     9.7422    118.351     37.011  37.163706     4.1887      7.995   242.6052 1.2435e+02     1.4929      1.647      2.389    25.1910 0.0000e+00
      1.689      0.048     9.7197    118.088     37.016  37.172104     4.1909      8.001   242.2886 1.2110e+02     1.5032      1.657      2.404    25.1833 0.0000e+00
      1.698      0.043     9.7202    118.072     36.991  37.139536     4.1895      8.007   242.1011 1.1858e+02     1.5007      1.664      2.413    25.1823 0.0000e+00
      1.708      0.041     9.7365    118.212     36.959  37.087548     4.2275      8.013   242.2310 1.1658e+02     1.4936      1.675      2.429    25.1877 0.0000e+00
      1.716      0.044     9.7604    118.402     36.957  37.051703     4.3193      8.019   242.5675 1.1513e+02     1.4789      1.685      2.443    25.2038 0.0000e+00
      1.724      0.050     9.7868    118.587     36.974  37.023712     4.3712      8.025   242.5565 1.1393e+02     1.4751      1.689      2.450    25.2124 0.0000e+00
      1.735      0.055     9.8122    118.760     36.999  37.003148     4.3582      8.031   242.0123 1.1288e+02     1.4787      1.699      2.464    25.1993 0.0000e+00
      1.753      0.060     9.8347    118.918     37.029  36.993573     4.3465      8.036   241.6663 1.1213e+02     1.4610      1.717      2.491    25.1762 0.0000e+00
      1.774      0.065     9.8535    119.050     37.039  36.971406     4.3395      8.043   241.7289 1.1182e+02     1.4443      1.740      2.524    25.1300 0.0000e+00
