Data/DataNotYetUploadedToEDI/Raw_CTD/RawDownloads/090419_fcr50.cnv
* Sea-Bird SBE19plus  Data File:
* FileName = C:\DATA\090419_bvr50_0001.hex
* Software version 2.8.0.119 SB_Terminal.dll
* Temperature SN = 7809
* Conductivity SN = 7809
* System UpLoad Time = Sep 04 2019 11:44:02
* <ApplicationData>
* <Seaterm232>
# nquan = 16
# nvalues = 496                         
# units = specified
# name 0 = depFM: Depth [fresh water, m]
# name 1 = dz/dtM: Descent Rate [m/s]
# name 2 = sbeox0Mg/L: Oxygen, SBE 43 [mg/l]
# name 3 = sbeox0PS: Oxygen, SBE 43 [% saturation]
# name 4 = specc: Specific Conductance [uS/cm]
# name 5 = c0uS/cm: Conductivity [uS/cm]
# name 6 = flECO-AFL: Fluorescence, WET Labs ECO-AFL/FL [mg/m^3]
# name 7 = ph: pH
# name 8 = orp: Oxidation Reduction Potential [mV]
# name 9 = par/sat/log: PAR/Logarithmic, Satlantic
# name 10 = turbWETntu0: Turbidity, WET Labs ECO [NTU]
# name 11 = prdM: Pressure, Strain Gauge [db]
# name 12 = prdE: Pressure, Strain Gauge [psi]
# name 13 = tv290C: Temperature [ITS-90, deg C]
# name 14 = density00: Density [density, kg/m^3]
# name 15 = flag:  0.000e+00
# span 0 =     -0.577,      9.543       
# span 1 =     -0.005,      0.225       
# span 2 =     2.9376,     8.6465       
# span 3 =     27.517,    104.700       
# span 4 =      0.889,     69.106       
# span 5 =   0.872106,  55.617656       
# span 6 =    -0.6576,    15.3082       
# span 7 =     -2.356,      7.968       
# span 8 =  -516.3619,   147.6590       
# span 9 = 1.2355e-01, 1.3887e+03       
# span 10 =    -1.5867,    27.4839      
# span 11 =     -0.566,      9.359      
# span 12 =     -0.821,     13.573      
# span 13 =    12.3984,    25.0652      
# span 14 =   997.0509,   999.5213      
# span 15 = 0.0000e+00, 0.0000e+00      
# interval = seconds: 0.25
# start_time = Sep 04 2019 10:12:19 [Instrument's time stamp, header]
# bad_flag = -9.990e-29
*END*
[from data line 272]
      2.931      0.144     5.8452     68.059     38.256  36.674667    12.5228      6.885    97.3656 1.2675e+01     2.8427      2.876      4.171    23.1696   997.5311 0.0000e+00
      2.970      0.143     5.8477     67.999     38.307  36.671312    11.5554      6.879    96.9625 1.2021e+01     3.0962      2.915      4.228    23.1095   997.5455 0.0000e+00
      3.004      0.142     5.8601     68.038     38.409  36.706747    11.4125      6.874    96.8457 1.1441e+01     3.1622      2.947      4.274    23.0532   997.5591 0.0000e+00
      3.035      0.142     5.8782     68.122     38.570  36.785662    10.8125      6.868    97.3306 1.0880e+01     3.5417      2.975      4.315    22.9973   997.5726 0.0000e+00
      3.068      0.144     5.8955     68.197     38.664  36.800204     9.7355      6.862    97.7489 1.0286e+01     4.2436      3.006      4.360    22.9276   997.5892 0.0000e+00
      3.104      0.146     5.9084     68.242     38.749  36.818989     9.1503      6.856    97.8596 9.6529e+00     4.6356      3.042      4.412    22.8618   997.6050 0.0000e+00
      3.145      0.146     5.9177     68.261     39.008  37.012707     9.0870      6.850    97.7229 8.9999e+00     4.7092      3.082      4.471    22.7909   997.6218 0.0000e+00
      3.189      0.144     5.9274     68.283     39.303  37.238141     9.0223      6.845    97.3001 8.3844e+00     4.7724      3.128      4.536    22.6794   997.6483 0.0000e+00
      3.229      0.141     5.9457     68.394     39.456  37.323026     8.4884      6.838    97.1350 7.9098e+00     5.2037      3.169      4.597    22.5768   997.6724 0.0000e+00
      3.262      0.137     5.9765     68.634     39.614  37.404213     7.5220      6.829    97.4477 7.5840e+00     6.0239      3.200      4.642    22.5000   997.6903 0.0000e+00
      3.290      0.136     6.0133     68.931     39.954  37.648392     6.9955      6.817    97.8975 7.2794e+00     6.4969      3.226      4.680    22.4387   997.7048 0.0000e+00
      3.319      0.136     6.0483     69.202     40.332  37.926642     6.9093      6.802    98.0996 6.9194e+00     6.6945      3.253      4.719    22.3709   997.7206 0.0000e+00
      3.353      0.140     6.0796     69.434     40.397  37.911970     6.4449      6.787    97.8267 6.5208e+00     8.1182      3.285      4.765    22.2945   997.7383 0.0000e+00
      3.393      0.144     6.1111     69.653     40.423  37.851750     5.6020      6.772    96.9211 6.1234e+00    10.6675      3.327      4.825    22.2108   997.7578 0.0000e+00
      3.435      0.146     6.1433     69.862     40.913  38.214026     5.1454      6.758    95.0652 5.7510e+00    12.0538      3.368      4.886    22.1103   997.7810 0.0000e+00
      3.475      0.143     6.1710     70.028     41.571  38.737332     5.0941      6.745    92.3364 5.3875e+00    12.2623      3.408      4.943    22.0101   997.8042 0.0000e+00
      3.514      0.137     6.1945     70.159     41.777  38.846676     4.9475      6.735    89.7389 5.0383e+00    13.1887      3.447      5.000    21.9216   997.8244 0.0000e+00
      3.548      0.131     6.2256     70.366     41.521  38.520310     4.6822      6.725    87.8371 4.7550e+00    14.8318      3.482      5.050    21.8265   997.8459 0.0000e+00
      3.576      0.127     6.2674     70.673     41.510  38.409472     4.5303      6.715    86.2054 4.5415e+00    15.7113      3.508      5.089    21.6896   997.8770 0.0000e+00
      3.601      0.123     6.3046     70.938     42.077  38.839470     4.5154      6.706    83.9480 4.3119e+00    15.6945      3.530      5.120    21.5842   997.9009 0.0000e+00
      3.631      0.122     6.3296     71.121     42.613  39.275658     4.5460      6.699    79.0420 4.0170e+00    14.7279      3.558      5.160    21.4908   997.9219 0.0000e+00
      3.667      0.122     6.3513     71.306     42.613  39.239691     4.5969      6.692    71.2827 3.7065e+00    13.0030      3.596      5.215    21.3874   997.9448 0.0000e+00
      3.702      0.124     6.3791     71.528     42.662  39.229811     4.6195      6.685    63.6094 3.4375e+00    12.0771      3.632      5.268    21.2638   997.9720 0.0000e+00
      3.732      0.128     6.4093     71.722     43.162  39.600451     4.6196      6.679    58.0212 3.1964e+00    11.8571      3.661      5.310    21.1261   998.0026 0.0000e+00
      3.762      0.133     6.4324     71.807     43.341  39.658114     4.6243      6.671    53.9627 2.9255e+00    10.3101      3.688      5.348    21.0680   998.0156 0.0000e+00
      3.792      0.138     6.4522     71.809     43.296  39.482509     4.6324      6.662    49.9876 2.6225e+00     7.5301      3.718      5.392    21.0471   998.0201 0.0000e+00
      3.826      0.142     6.4700     71.772     43.903  39.889360     4.6399      6.653    45.4056 2.3151e+00     6.0356      3.750      5.439    20.9944   998.0316 0.0000e+00
      3.866      0.146     6.4750     71.667     44.560  40.387192     4.6373      6.646    40.3776 1.9930e+00     5.8397      3.790      5.496    20.8682   998.0594 0.0000e+00
      3.911      0.148     6.4751     71.517     44.565  40.295968     4.6091      6.639    35.9143 1.6848e+00     5.4246      3.837      5.564    20.7592   998.0832 0.0000e+00
      3.952      0.148     6.4883     71.404     44.763  40.309916     4.3942      6.633    32.3952 1.4507e+00     4.6208      3.879      5.625    20.6102   998.1147 0.0000e+00
      3.987      0.148     6.5103     71.354     45.454  40.746055     4.0162      6.626    29.4045 1.2819e+00     3.9863      3.910      5.672    20.3865   998.1627 0.0000e+00
      4.019      0.145     6.5268     71.342     45.944  41.061556     3.8183      6.620    27.1150 1.1302e+00     3.8162      3.939      5.713    20.3058   998.1801 0.0000e+00
      4.054      0.140     6.5345     71.336     46.169  41.204107     3.7960      6.615    25.2763 9.7760e-01     3.7766      3.973      5.762    20.2537   998.1909 0.0000e+00
      4.094      0.134     6.5365     71.315     46.266  41.263287     3.6863      6.611    23.6920 8.4901e-01     3.3763      4.014      5.821    20.0336   998.2368 0.0000e+00
      4.134      0.126     6.5383     71.312     46.573  41.523111     3.4881      6.609    22.6720 7.6770e-01     2.6798      4.058      5.886    19.7820   998.2891 0.0000e+00
      4.167      0.118     6.5446     71.337     47.422  42.250416     3.3769      6.607    21.7196 7.1936e-01     2.3354      4.091      5.934    19.6547   998.3153 0.0000e+00
      4.192      0.112     6.5598     71.366     47.805  42.501675     3.3645      6.607    20.2653 6.8276e-01     2.3260      4.111      5.962    19.6127   998.3239 0.0000e+00
      4.214      0.110     6.5938     71.441     47.411  41.957791     3.3731      6.605    18.5959 6.5205e-01     2.3045      4.132      5.993    19.5805   998.3306 0.0000e+00
      4.236      0.112     6.6375     71.582     47.881  42.150170     3.3768      6.601    16.9358 6.1897e-01     2.2712      4.152      6.022    19.5798   998.3308 0.0000e+00
      4.262      0.118     6.6612     71.711     49.216  43.240035     3.3662      6.600    15.7667 5.7709e-01     2.2508      4.176      6.056    19.5595   998.3354 0.0000e+00
      4.297      0.125     6.6686     71.782     49.681  43.643006     3.3659      6.599    15.2146 5.3884e-01     2.2554      4.213      6.109    19.4973   998.3484 0.0000e+00
      4.335      0.130     6.6894     71.869     49.733  43.593941     3.3211      6.597    14.4771 5.0769e-01     2.2616      4.252      6.168    19.2760   998.3921 0.0000e+00
      4.372      0.131     6.7245     71.977     50.898  44.424483     3.2065      6.596    13.3883 4.7393e-01     2.2601      4.288      6.220    18.9260   998.4614 0.0000e+00
      4.406      0.129     6.7523     72.015     52.333  45.493513     3.1330      6.596    12.3750 4.4354e-01     2.2692      4.322      6.269    18.8821   998.4710 0.0000e+00
      4.438      0.124     6.7631     71.933     52.759  45.724462     3.1179      6.597    11.9477 4.2948e-01     2.2740      4.352      6.313    18.9775   998.4526 0.0000e+00
      4.466      0.121     6.7628     71.750     53.168  45.946754     3.0139      6.597    11.8351 4.2078e-01     2.1871      4.380      6.353    18.8623   998.4747 0.0000e+00
      4.493      0.120     6.7611     71.524     54.094  46.593361     2.8211      6.597    11.4443 4.0323e-01     2.0041      4.405      6.389    18.6303   998.5201 0.0000e+00
      4.523      0.121     6.7649     71.329     54.846  47.064937     2.7210      6.598    11.1798 3.8488e-01     1.8645      4.433      6.431    18.4409   998.5573 0.0000e+00
      4.555      0.123     6.7764     71.219     55.581  47.520517     2.6960      6.600    11.1316 3.6724e-01     1.7771      4.467      6.479    18.3276   998.5787 0.0000e+00
      4.589      0.125     6.7921     71.169     56.228  47.910032     2.5795      6.602    11.1201 3.4739e-01     1.6357      4.500      6.528    18.2148   998.6001 0.0000e+00
      4.622      0.125     6.8090     71.161     56.982  48.408442     2.3879      6.603    11.5574 3.3612e-01     1.4656      4.533      6.575    18.0749   998.6269 0.0000e+00
      4.654      0.126     6.8282     71.218     57.929  49.100751     2.2779      6.605    12.2890 3.3327e-01     1.3926      4.564      6.620    17.8986   998.6596 0.0000e+00
      4.685      0.127     6.8515     71.334     58.199  49.230726     2.2638      6.606    12.8250 3.2300e-01     1.3752      4.594      6.663    17.7432   998.6885 0.0000e+00
      4.715      0.128     6.8800     71.469     58.560  49.408282     2.2519      6.606    13.1325 3.0357e-01     1.3208      4.623      6.706    17.5951   998.7156 0.0000e+00
      4.746      0.131     6.9102     71.568     59.436  49.976963     2.1420      6.606    13.4263 2.8778e-01     1.2258      4.654      6.751    17.4590   998.7403 0.0000e+00
      4.781      0.133     6.9361     71.603     59.543  49.881898     1.9587      6.607    14.1406 2.8704e-01     1.1443      4.688      6.799    17.3731   998.7565 0.0000e+00
      4.817      0.133     6.9561     71.588     60.173  50.227721     1.8650      6.608    15.2297 2.8706e-01     1.1226      4.724      6.851    17.2982   998.7699 0.0000e+00
      4.854      0.132     6.9677     71.511     62.414  51.934592     1.8508      6.608    16.0978 2.7003e-01     1.0939      4.760      6.904    17.2029   998.7868 0.0000e+00
      4.889      0.130     6.9659     71.340     63.295  52.543093     1.7429      6.609    16.5488 2.4709e-01     0.9949      4.795      6.955    17.0422   998.8158 0.0000e+00
      4.921      0.128     6.9611     71.128     62.339  51.613987     1.5395      6.611    16.8116 2.3017e-01     0.8759      4.828      7.001    16.8754   998.8446 0.0000e+00
      4.950      0.126     6.9663     70.947     62.981  51.944189     1.4290      6.611    17.2099 2.2277e-01     0.8348      4.855      7.041    16.7355   998.8684 0.0000e+00
      4.979      0.126     6.9653     70.734     64.986  53.422717     1.4224      6.612    18.0092 2.2226e-01     0.8586      4.882      7.079    16.5866   998.8954 0.0000e+00
      5.012      0.126     6.9407     70.442     65.410  53.736557     1.4072      6.613    18.9907 2.1991e-01     0.9008      4.914      7.128    16.4991   998.9107 0.0000e+00
      5.047      0.126     6.9043     70.132     64.922  53.388475     1.3748      6.613    19.7847 2.0605e-01     0.9194      4.949      7.179    16.4279   998.9217 0.0000e+00
      5.081      0.127     6.8763     69.858     65.784  54.105747     1.3602      6.613    20.3815 1.8068e-01     0.8869      4.983      7.227    16.2347   998.9542 0.0000e+00
      5.114      0.130     6.8638     69.655     66.770  54.849037     1.3610      6.612    21.0441 1.6810e-01     0.9008      5.016      7.274    16.0478   998.9865 0.0000e+00
      5.144      0.133     6.8693     69.584     65.780  53.926037     1.3156      6.609    21.9463 1.7423e-01     1.0551      5.045      7.317    16.0418   998.9874 0.0000e+00
      5.174      0.137     6.8910     69.716     64.803  53.046606     1.2267      6.606    22.8577 1.7618e-01     1.2444      5.073      7.358    16.1407   998.9708 0.0000e+00
      5.208      0.139     6.9120     70.026     65.705  53.872015     1.1788      6.603    23.5462 1.6806e-01     1.3215      5.103      7.402    16.1422   998.9712 0.0000e+00
      5.248      0.139     6.9343     70.445     66.578  54.758254     1.1707      6.602    24.1620 1.6214e-01     1.3650      5.145      7.462    16.0778   998.9830 0.0000e+00
      5.290      0.138     6.9898     71.026     66.460  54.677953     1.1369      6.601    24.7967 1.6481e-01     1.5732      5.191      7.528    15.9936   998.9959 0.0000e+00
      5.327      0.137     7.0974     71.891     66.472  54.489397     1.0826      6.599    25.2839 1.6001e-01     1.9057      5.226      7.580    15.8546   999.0178 0.0000e+00
      5.358      0.134     7.2408     73.003     67.247  54.828809     1.0599      6.597    25.8368 1.4599e-01     2.0751      5.256      7.622    15.9494   999.0035 0.0000e+00
      5.388      0.132     7.3831     74.168     68.172  55.350674     1.0625      6.595    26.7494 1.4209e-01     2.0816      5.283      7.663    16.1845   998.9657 0.0000e+00
      5.418      0.133     7.4981     75.173     68.623  55.589330     1.0538      6.594    27.7143 1.4664e-01     2.2134      5.312      7.704    16.1959   998.9637 0.0000e+00
      5.452      0.138     7.5810     75.848     68.822  55.617656     1.0151      6.591    28.2106 1.4346e-01     2.4884      5.346      7.753    16.0116   998.9938 0.0000e+00
      5.489      0.144     7.6345     76.123     68.872  55.438873     0.9580      6.588    28.4482 1.3431e-01     2.6541      5.382      7.807    15.7417   999.0378 0.0000e+00
      5.527      0.148     7.6493     75.962     68.987  55.269879     0.9280      6.587    29.1243 1.3200e-01     2.6767      5.419      7.860    15.5515   999.0687 0.0000e+00
      5.567      0.147     7.6103     75.335     69.106  55.162384     0.9215      6.587    30.1053 1.3711e-01     2.6955      5.458      7.916    15.5045   999.0762 0.0000e+00
      5.611      0.142     7.5258     74.349     69.020  54.964816     0.8877      6.586    30.5860 1.3931e-01     2.9141      5.503      7.982    15.4375   999.0870 0.0000e+00
      5.651      0.138     7.4375     73.307     69.062  54.850466     0.8307      6.585    30.7212 1.3332e-01     3.3215      5.546      8.044    15.2551   999.1154 0.0000e+00
      5.681      0.136     7.3669     72.507     68.787  54.542002     0.8049      6.583    31.4821 1.3135e-01     3.5566      5.573      8.082    15.0396   999.1484 0.0000e+00
      5.707      0.136     7.3131     72.072     68.198  54.157462     0.8104      6.582    32.6445 1.3224e-01     3.6268      5.594      8.112    14.8701   999.1741 0.0000e+00
      5.737      0.139     7.2988     72.007     68.172  54.203559     0.8009      6.580    33.2463 1.2847e-01     4.2036      5.624      8.157    14.8376   999.1789 0.0000e+00
      5.774      0.143     7.3206     72.213     68.191  54.210049     0.7680      6.577    33.3381 1.2594e-01     5.2533      5.662      8.210    14.7130   999.1977 0.0000e+00
      5.815      0.145     7.3426     72.526     67.324  53.600628     0.7427      6.577    33.5826 1.2472e-01     5.7993      5.701      8.267    14.5456   999.2224 0.0000e+00
      5.860      0.143     7.3611     72.841     66.344  52.933812     0.7367      6.577    34.0507 1.2375e-01     5.9218      5.747      8.335    14.7331   999.1946 0.0000e+00
      5.902      0.138     7.3960     73.136     66.570  53.072222     0.7052      6.577    34.6967 1.2367e-01     6.8985      5.793      8.401    14.7993   999.1852 0.0000e+00
      5.935      0.131     7.4441     73.436     67.125  53.368345     0.6388      6.576    35.5419 1.2366e-01     8.6622      5.824      8.447    14.6879   999.2019 0.0000e+00
