Data/DataNotYetUploadedToEDI/Raw_CTD/RawDownloads/090419_fcr50.cnv
* Sea-Bird SBE19plus  Data File:
* FileName = C:\DATA\090419_bvr50_0001.hex
* Software version 2.8.0.119 SB_Terminal.dll
* Temperature SN = 7809
* Conductivity SN = 7809
* System UpLoad Time = Sep 04 2019 11:44:02
* <ApplicationData>
* <Seaterm232>
# nquan = 16
# nvalues = 496                         
# units = specified
# name 0 = depFM: Depth [fresh water, m]
# name 1 = dz/dtM: Descent Rate [m/s]
# name 2 = sbeox0Mg/L: Oxygen, SBE 43 [mg/l]
# name 3 = sbeox0PS: Oxygen, SBE 43 [% saturation]
# name 4 = specc: Specific Conductance [uS/cm]
# name 5 = c0uS/cm: Conductivity [uS/cm]
# name 6 = flECO-AFL: Fluorescence, WET Labs ECO-AFL/FL [mg/m^3]
# name 7 = ph: pH
# name 8 = orp: Oxidation Reduction Potential [mV]
# name 9 = par/sat/log: PAR/Logarithmic, Satlantic
# name 10 = turbWETntu0: Turbidity, WET Labs ECO [NTU]
# name 11 = prdM: Pressure, Strain Gauge [db]
# name 12 = prdE: Pressure, Strain Gauge [psi]
# name 13 = tv290C: Temperature [ITS-90, deg C]
# name 14 = density00: Density [density, kg/m^3]
# name 15 = flag:  0.000e+00
# span 0 =     -0.577,      9.543       
# span 1 =     -0.005,      0.225       
# span 2 =     2.9376,     8.6465       
# span 3 =     27.517,    104.700       
# span 4 =      0.889,     69.106       
# span 5 =   0.872106,  55.617656       
# span 6 =    -0.6576,    15.3082       
# span 7 =     -2.356,      7.968       
# span 8 =  -516.3619,   147.6590       
# span 9 = 1.2355e-01, 1.3887e+03       
# span 10 =    -1.5867,    27.4839      
# span 11 =     -0.566,      9.359      
# span 12 =     -0.821,     13.573      
# span 13 =    12.3984,    25.0652      
# span 14 =   997.0509,   999.5213      
# span 15 = 0.0000e+00, 0.0000e+00      
# interval = seconds: 0.25
# start_time = Sep 04 2019 10:12:19 [Instrument's time stamp, header]
# bad_flag = -9.990e-29
*END*
[from data line 181]
      0.054      0.054     8.0436     97.059     36.319  36.202864     0.9815      7.392    92.6170 1.0847e+03     8.1443      0.053      0.076    24.7833   997.1203 0.0000e+00
      0.069      0.070     8.0532     97.211     36.325  36.224386     0.9785      7.378    93.0632 1.1580e+03     8.1692      0.066      0.096    24.7960   997.1171 0.0000e+00
      0.088      0.086     8.0662     97.404     36.309  36.222692     0.9810      7.366    93.3653 1.0462e+03     8.2099      0.084      0.122    24.8065   997.1145 0.0000e+00
      0.112      0.098     8.0823     97.628     36.321  36.245878     0.9851      7.358    93.6028 8.7486e+02     8.3094      0.109      0.158    24.8166   997.1122 0.0000e+00
      0.142      0.108     8.1016     97.883     36.444  36.377809     0.9849      7.351    94.3854 7.5117e+02     8.3563      0.138      0.201    24.8333   997.1080 0.0000e+00
      0.174      0.118     8.1257     98.208     36.601  36.548434     0.9865      7.344    95.6012 6.2335e+02     8.3188      0.171      0.248    24.8547   997.1027 0.0000e+00
      0.206      0.128     8.1528     98.581     36.629  36.595183     1.0050      7.336    96.2576 5.4256e+02     8.2490      0.203      0.294    24.8764   997.0973 0.0000e+00
      0.236      0.134     8.1811     98.966     36.579  36.562239     1.0435      7.330    96.5565 5.2318e+02     8.1671      0.230      0.334    24.8940   997.0929 0.0000e+00
      0.269      0.139     8.2128     99.389     36.596  36.594446     1.0615      7.325    96.6343 5.5394e+02     8.1155      0.261      0.379    24.9007   997.0913 0.0000e+00
      0.309      0.142     8.2475     99.845     36.717  36.730721     1.0493      7.320    96.5964 5.8868e+02     8.1156      0.303      0.439    24.9183   997.0872 0.0000e+00
      0.350      0.143     8.2803    100.274     36.850  36.877027     1.0525      7.315    97.3883 5.4573e+02     8.0054      0.345      0.500    24.9496   997.0793 0.0000e+00
      0.387      0.143     8.3129    100.691     36.805  36.840101     1.0834      7.309    98.6374 4.7353e+02     7.7664      0.381      0.553    24.9711   997.0740 0.0000e+00
      0.422      0.139     8.3461    101.107     36.625  36.665092     1.1102      7.303    99.1384 4.3928e+02     7.6506      0.415      0.601    24.9930   997.0685 0.0000e+00
      0.457      0.132     8.3762    101.485     36.620  36.665196     1.1162      7.298    99.0566 4.2548e+02     7.6541      0.447      0.649    25.0136   997.0634 0.0000e+00
      0.492      0.123     8.4046    101.840     36.791  36.841365     1.1132      7.292    98.8535 4.3875e+02     7.6448      0.483      0.700    25.0306   997.0593 0.0000e+00
      0.524      0.114     8.4335    102.189     36.905  36.954437     1.1254      7.287    99.0058 4.4235e+02     7.6358      0.517      0.749    25.0442   997.0559 0.0000e+00
      0.552      0.107     8.4622    102.524     36.973  37.016772     1.1513      7.282    99.7795 4.0043e+02     7.6438      0.544      0.788    25.0475   997.0551 0.0000e+00
      0.576      0.102     8.4899    102.849     36.984  37.023777     1.1666      7.275   100.2929 3.7023e+02     7.6759      0.565      0.819    25.0553   997.0532 0.0000e+00
      0.598      0.102     8.5158    103.157     36.874  36.912184     1.1716      7.268   100.3948 3.5928e+02     7.7304      0.587      0.851    25.0652   997.0509 0.0000e+00
      0.619      0.105     8.5406    103.453     36.774  36.810028     1.1847      7.261   100.3230 3.4185e+02     7.7783      0.607      0.880    25.0635   997.0515 0.0000e+00
      0.644      0.109     8.5675    103.775     36.833  36.867655     1.2044      7.256   100.0270 3.2065e+02     7.8280      0.627      0.911    25.0526   997.0543 0.0000e+00
      0.677      0.113     8.6076    104.252     37.006  37.037687     1.2190      7.252   100.0000 3.0354e+02     7.9054      0.663      0.961    25.0472   997.0558 0.0000e+00
      0.713      0.117     8.6465    104.700     37.066  37.088614     1.2317      7.248   100.3401 2.9229e+02     7.9604      0.701      1.017    25.0458   997.0564 0.0000e+00
      0.744      0.119     8.6194    104.337     36.967  36.975607     1.2454      7.243   100.6118 2.7942e+02     8.0018      0.732      1.062    25.0418   997.0575 0.0000e+00
      0.771      0.120     8.4843    102.663     36.948  36.940775     1.2634      7.238   100.7032 2.6777e+02     8.0780      0.756      1.098    25.0414   997.0577 0.0000e+00
      0.798      0.121     8.2613     99.932     37.068  37.048277     1.2847      7.234   100.6712 2.6204e+02     8.1278      0.780      1.133    25.0395   997.0584 0.0000e+00
      0.828      0.123     7.9799     96.505     37.162  37.132867     1.2938      7.231   100.3116 2.5421e+02     8.1450      0.812      1.178    25.0277   997.0616 0.0000e+00
      0.860      0.126     7.6654     92.682     37.176  37.138375     1.2863      7.231    99.7105 2.3589e+02     8.1229      0.844      1.225    25.0064   997.0672 0.0000e+00
      0.894      0.128     7.3504     88.857     37.160  37.114856     1.2813      7.231    99.1683 2.1774e+02     8.0248      0.875      1.270    24.9831   997.0732 0.0000e+00
      0.931      0.128     7.0579     85.308     37.154  37.102396     1.2850      7.231    98.6596 2.0559e+02     7.9417      0.914      1.324    24.9661   997.0778 0.0000e+00
      0.966      0.124     6.8019     82.201     37.172  37.114661     1.2971      7.232    98.2063 1.9595e+02     7.9046      0.949      1.376    24.9546   997.0809 0.0000e+00
      0.996      0.119     6.5968     79.710     37.199  37.136189     1.3231      7.233    97.9031 1.8785e+02     7.8053      0.977      1.417    24.9429   997.0840 0.0000e+00
      1.025      0.113     6.4403     77.805     37.179  37.108780     1.3491      7.234    97.4887 1.7954e+02     7.6906      1.006      1.459    24.9332   997.0867 0.0000e+00
      1.053      0.106     6.3186     76.317     37.117  37.037150     1.3592      7.235    96.7240 1.7184e+02     7.6980      1.033      1.498    24.9250   997.0889 0.0000e+00
      1.078      0.097     6.2290     75.215     37.122  37.031781     1.3592      7.239    96.0560 1.6536e+02     7.7312      1.056      1.531    24.9167   997.0911 0.0000e+00
      1.103      0.090     6.1685     74.464     37.146  37.043847     1.3570      7.244    95.7790 1.5960e+02     7.6986      1.082      1.568    24.9097   997.0930 0.0000e+00
      1.127      0.086     6.1279     73.947     37.109  36.992601     1.3846      7.248    95.6985 1.5541e+02     7.8289      1.109      1.609    24.9009   997.0955 0.0000e+00
      1.145      0.088     6.1054     73.642     37.118  36.983415     1.4418      7.250    95.6844 1.5251e+02     8.1589      1.124      1.630    24.8874   997.0989 0.0000e+00
      1.159      0.095     6.1055     73.604     37.152  36.996224     1.4675      7.249    95.2641 1.4891e+02     8.3463      1.134      1.644    24.8716   997.1029 0.0000e+00
      1.179      0.106     6.1295     73.852     37.135  36.957016     1.4781      7.247    94.4031 1.4386e+02     8.3576      1.155      1.676    24.8586   997.1064 0.0000e+00
      1.207      0.118     6.1691     74.286     37.155  36.953637     1.6047      7.245    93.8778 1.3675e+02     8.4260      1.180      1.711    24.8395   997.1113 0.0000e+00
      1.243      0.130     6.2131     74.773     37.244  37.018802     1.8287      7.243    93.9892 1.2800e+02     8.5506      1.215      1.762    24.8125   997.1183 0.0000e+00
      1.287      0.140     6.2528     75.197     37.301  37.046682     1.9492      7.239    94.4593 1.2006e+02     8.5862      1.265      1.834    24.7869   997.1251 0.0000e+00
      1.328      0.145     6.2807     75.457     37.268  36.973327     1.9596      7.234    94.9148 1.1409e+02     8.5619      1.306      1.893    24.7543   997.1335 0.0000e+00
      1.362      0.145     6.2966     75.553     37.238  36.893487     2.0153      7.230    95.1958 1.0879e+02     8.4862      1.334      1.936    24.7200   997.1424 0.0000e+00
      1.396      0.140     6.3022     75.530     37.300  36.906427     2.1295      7.226    95.5330 1.0312e+02     8.3592      1.367      1.983    24.6962   997.1486 0.0000e+00
      1.434      0.134     6.2961     75.388     37.370  36.939279     2.1952      7.222    96.2381 9.7609e+01     8.3051      1.407      2.040    24.6589   997.1583 0.0000e+00
      1.470      0.132     6.2811     75.148     37.373  36.909805     2.2022      7.216    97.1823 9.3100e+01     8.2896      1.445      2.095    24.6045   997.1721 0.0000e+00
      1.500      0.132     6.2612     74.836     37.371  36.867383     2.1889      7.210    97.9162 8.9290e+01     7.9422      1.472      2.135    24.5322   997.1905 0.0000e+00
      1.529      0.133     6.2402     74.499     37.421  36.870606     2.1643      7.202    98.4004 8.5138e+01     7.2512      1.498      2.171    24.4569   997.2096 0.0000e+00
      1.562      0.134     6.2200     74.184     37.476  36.885240     2.1567      7.194    98.9060 8.0303e+01     6.8507      1.530      2.219    24.4150   997.2202 0.0000e+00
      1.599      0.136     6.1965     73.851     37.473  36.853836     2.1577      7.188    99.3832 7.5364e+01     6.7699      1.568      2.274    24.3801   997.2291 0.0000e+00
      1.636      0.137     6.1712     73.505     37.451  36.808233     2.1326      7.183    99.6967 7.0809e+01     6.4051      1.605      2.328    24.3249   997.2431 0.0000e+00
      1.673      0.134     6.1479     73.188     37.443  36.778125     2.0962      7.178    99.9440 6.6426e+01     5.7830      1.641      2.380    24.2540   997.2610 0.0000e+00
      1.709      0.127     6.1271     72.905     37.427  36.743666     2.0904      7.174   100.2218 6.2227e+01     5.4420      1.677      2.433    24.1979   997.2751 0.0000e+00
      1.742      0.119     6.1123     72.685     37.417  36.708928     2.0974      7.169   100.6464 5.8703e+01     5.3948      1.711      2.481    24.1676   997.2828 0.0000e+00
      1.771      0.114     6.1061     72.557     37.413  36.675433     2.0936      7.162   101.1199 5.6127e+01     5.3763      1.739      2.522    24.1348   997.2911 0.0000e+00
      1.793      0.113     6.1067     72.504     37.427  36.655999     2.1052      7.154   101.4726 5.3996e+01     5.1862      1.759      2.552    24.1023   997.2992 0.0000e+00
      1.816      0.114     6.1098     72.474     37.474  36.664320     2.1344      7.148   101.8139 5.1446e+01     4.8666      1.778      2.579    24.0847   997.3036 0.0000e+00
      1.844      0.117     6.1073     72.379     37.495  36.649040     2.1520      7.142   102.1490 4.8279e+01     4.7226      1.806      2.619    24.0522   997.3118 0.0000e+00
      1.879      0.120     6.0929     72.153     37.475  36.598147     2.1439      7.135   102.3415 4.4959e+01     4.6905      1.843      2.672    24.0069   997.3232 0.0000e+00
      1.917      0.123     6.0705     71.834     37.463  36.556709     2.0444      7.128   102.5063 4.2078e+01     4.2817      1.881      2.728    23.9686   997.3327 0.0000e+00
      1.950      0.124     6.0494     71.532     37.464  36.528816     1.8779      7.122   102.8511 3.9858e+01     3.5493      1.915      2.776    23.9141   997.3464 0.0000e+00
      1.979      0.123     6.0321     71.295     37.468  36.514741     1.7949      7.115   103.2403 3.8037e+01     3.1758      1.942      2.816    23.8597   997.3599 0.0000e+00
      2.006      0.123     6.0201     71.135     37.477  36.513448     1.7866      7.107   103.5991 3.6222e+01     3.1410      1.966      2.852    23.8259   997.3682 0.0000e+00
      2.036      0.124     6.0152     71.051     37.492  36.513162     1.7950      7.100   103.7471 3.4350e+01     3.0301      1.995      2.894    23.7864   997.3780 0.0000e+00
      2.068      0.127     6.0138     71.001     37.510  36.511266     1.8177      7.092   103.5681 3.2583e+01     2.8185      2.028      2.941    23.7395   997.3896 0.0000e+00
      2.102      0.128     6.0113     70.937     37.508  36.490487     1.8277      7.084   103.5848 3.0877e+01     2.6804      2.061      2.989    23.7169   997.3953 0.0000e+00
      2.138      0.128     6.0050     70.824     37.491  36.452318     1.8205      7.077   103.8636 2.9247e+01     2.6711      2.096      3.040    23.7141   997.3962 0.0000e+00
      2.174      0.127     5.9946     70.655     37.495  36.430560     1.6790      7.071   104.1853 2.7875e+01     2.5420      2.133      3.093    23.6932   997.4014 0.0000e+00
      2.206      0.127     5.9809     70.454     37.505  36.417793     1.3998      7.064   104.6358 2.6793e+01     2.2332      2.165      3.140    23.6608   997.4095 0.0000e+00
      2.234      0.127     5.9644     70.239     37.525  36.424863     1.2451      7.056   104.8354 2.5873e+01     2.0508      2.191      3.178    23.6403   997.4145 0.0000e+00
      2.262      0.129     5.9458     70.008     37.561  36.452554     1.2386      7.047   104.6198 2.4883e+01     2.0409      2.216      3.215    23.6129   997.4213 0.0000e+00
      2.294      0.134     5.9288     69.783     37.557  36.435235     1.3038      7.038   104.5239 2.3774e+01     2.0489      2.248      3.261    23.5725   997.4313 0.0000e+00
      2.330      0.139     5.9169     69.614     37.544  36.405848     1.4181      7.029   104.9669 2.2709e+01     2.0484      2.284      3.314    23.5371   997.4400 0.0000e+00
      2.369      0.141     5.9090     69.504     37.563  36.414570     1.4676      7.021   105.8459 2.1733e+01     2.0350      2.323      3.368    23.5259   997.4428 0.0000e+00
      2.409      0.141     5.9027     69.421     37.567  36.413737     1.4866      7.013   106.3760 2.0832e+01     2.0510      2.363      3.428    23.5252   997.4433 0.0000e+00
      2.448      0.137     5.8942     69.304     37.559  36.395776     1.7507      7.003   106.3864 2.0081e+01     2.0445      2.403      3.485    23.5024   997.4489 0.0000e+00
      2.482      0.132     5.8807     69.118     37.567  36.387804     2.2339      6.992   106.4881 1.9521e+01     1.9569      2.437      3.533    23.4735   997.4561 0.0000e+00
      2.511      0.128     5.8664     68.924     37.575  36.380802     2.4996      6.982   106.6587 1.9037e+01     1.8763      2.464      3.573    23.4613   997.4592 0.0000e+00
      2.539      0.126     5.8564     68.782     37.583  36.374563     2.5441      6.971   106.5571 1.8527e+01     1.8240      2.489      3.611    23.4638   997.4587 0.0000e+00
      2.569      0.128     5.8489     68.671     37.598  36.375813     2.7899      6.960   106.1201 1.7992e+01     1.8169      2.518      3.653    23.4494   997.4623 0.0000e+00
      2.602      0.132     5.8403     68.550     37.632  36.395906     5.4718      6.949   105.8481 1.7458e+01     1.9529      2.551      3.699    23.4223   997.4690 0.0000e+00
      2.638      0.136     5.8328     68.429     37.683  36.427063    10.3915      6.940   105.5919 1.6918e+01     2.1909      2.587      3.752    23.4062   997.4730 0.0000e+00
      2.676      0.138     5.8293     68.338     37.722  36.435148    13.0796      6.933   104.2266 1.6357e+01     2.3352      2.624      3.807    23.3846   997.4784 0.0000e+00
      2.714      0.138     5.8304     68.295     37.751  36.430135    13.3691      6.926   101.9018 1.5850e+01     2.3536      2.663      3.863    23.3680   997.4825 0.0000e+00
      2.749      0.139     5.8362     68.313     37.781  36.429876    13.9003      6.917    99.9390 1.5444e+01     2.3484      2.698      3.913    23.3552   997.4857 0.0000e+00
      2.780      0.140     5.8439     68.348     37.817  36.431976    14.8200      6.909    98.8212 1.5038e+01     2.3375      2.726      3.954    23.3335   997.4912 0.0000e+00
      2.813      0.142     5.8495     68.345     37.884  36.455478    15.3082      6.902    98.3673 1.4577e+01     2.3200      2.757      3.998    23.2915   997.5014 0.0000e+00
      2.849      0.144     5.8509     68.287     38.000  36.523567    15.2688      6.897    98.2370 1.4042e+01     2.3000      2.792      4.050    23.2390   997.5141 0.0000e+00
