Data/DataNotYetUploadedToEDI/Raw_CTD/RawDownloads/090419_bvr50.cnv
* Sea-Bird SBE19plus  Data File:
* FileName = C:\DATA\090419_bvr50_0002.hex
* Software version 2.8.0.119 SB_Terminal.dll
* Temperature SN = 7809
* Conductivity SN = 7809
* System UpLoad Time = Sep 04 2019 11:44:29
* <ApplicationData>
* <Seaterm232>
# nquan = 16
# nvalues = 835                         
# units = specified
# name 0 = depFM: Depth [fresh water, m]
# name 1 = dz/dtM: Descent Rate [m/s]
# name 2 = sbeox0Mg/L: Oxygen, SBE 43 [mg/l]
# name 3 = sbeox0PS: Oxygen, SBE 43 [% saturation]
# name 4 = specc: Specific Conductance [uS/cm]
# name 5 = c0uS/cm: Conductivity [uS/cm]
# name 6 = flECO-AFL: Fluorescence, WET Labs ECO-AFL/FL [mg/m^3]
# name 7 = ph: pH
# name 8 = orp: Oxidation Reduction Potential [mV]
# name 9 = par/sat/log: PAR/Logarithmic, Satlantic
# name 10 = turbWETntu0: Turbidity, WET Labs ECO [NTU]
# name 11 = prdM: Pressure, Strain Gauge [db]
# name 12 = prdE: Pressure, Strain Gauge [psi]
# name 13 = tv290C: Temperature [ITS-90, deg C]
# name 14 = density00: Density [density, kg/m^3]
# name 15 = flag:  0.000e+00
# span 0 =     -0.661,     10.262       
# span 1 =     -0.062,      0.322       
# span 2 =     0.0663,     8.5934       
# span 3 =      0.589,     95.277       
# span 4 =      1.926,    190.244       
# span 5 =   1.994179, 129.864874       
# span 6 =    -2.2829,    22.7942       
# span 7 =      6.064,      8.416       
# span 8 =   -57.8115,   940.7404       
# span 9 = 1.2349e-01, 1.9854e+03       
# span 10 =    -0.8905,    26.3730      
# span 11 =     -0.649,     10.064      
# span 12 =     -0.941,     14.596      
# span 13 =     9.0647,    26.7680      
# span 14 =   996.5850,   999.8927      
# span 15 = 0.0000e+00, 0.0000e+00      
# interval = seconds: 0.25
# start_time = Sep 04 2019 11:33:00 [Instrument's time stamp, header]
# bad_flag = -9.990e-29
*END*
[from data line 362]
      2.637      0.054     5.7906     70.589     27.318  27.535290     6.4850      6.878   148.2219 1.6810e+02     1.8978      2.586      3.751    25.3970   996.9712 0.0000e+00
      2.651      0.055     5.8422     71.208     27.322  27.534050     6.4895      6.874   148.3089 1.6560e+02     1.8950      2.599      3.770    25.3975   996.9712 0.0000e+00
      2.666      0.058     5.8975     71.870     27.304  27.511161     6.5644      6.871   148.3608 1.6341e+02     1.8938      2.613      3.791    25.4001   996.9707 0.0000e+00
      2.682      0.060     5.9528     72.518     27.315  27.512305     6.7144      6.867   148.5050 1.6169e+02     1.8501      2.631      3.816    25.4002   996.9706 0.0000e+00
      2.699      0.061     6.0097     73.163     27.370  27.547865     6.7958      6.862   148.6757 1.5946e+02     1.8582      2.647      3.840    25.3906   996.9732 0.0000e+00
      2.714      0.063     6.0567     73.677     27.406  27.560434     6.7943      6.857   148.7895 1.5697e+02     1.8937      2.662      3.861    25.3819   996.9755 0.0000e+00
      2.729      0.065     6.0817     73.934     27.402  27.537342     6.7651      6.852   148.9347 1.5438e+02     1.8207      2.676      3.880    25.3764   996.9769 0.0000e+00
      2.745      0.067     6.0884     73.988     27.398  27.522410     6.7110      6.848   149.1412 1.5118e+02     1.6972      2.691      3.903    25.3596   996.9814 0.0000e+00
      2.762      0.067     6.0836     73.907     27.392  27.506769     6.6698      6.847   149.3067 1.4846e+02     1.6130      2.708      3.928    25.3238   996.9908 0.0000e+00
      2.781      0.066     6.0649     73.656     27.370  27.475092     6.6565      6.847   149.3882 1.4601e+02     1.5884      2.727      3.956    25.2704   997.0047 0.0000e+00
      2.801      0.064     6.0329     73.248     27.359  27.456611     6.6536      6.848   149.4382 1.4298e+02     1.6951      2.747      3.985    25.2332   997.0144 0.0000e+00
      2.818      0.061     5.9955     72.782     27.381  27.473637     6.6347      6.850   149.5667 1.4056e+02     1.8538      2.764      4.009    25.2206   997.0178 0.0000e+00
      2.832      0.057     5.9566     72.302     27.402  27.490616     6.5936      6.852   149.8233 1.3906e+02     1.9019      2.777      4.028    25.2039   997.0221 0.0000e+00
      2.844      0.052     5.9163     71.806     27.386  27.471570     6.5631      6.854   150.1314 1.3746e+02     1.8836      2.790      4.046    25.1836   997.0274 0.0000e+00
      2.856      0.049     5.8780     71.334     27.351  27.433675     6.5528      6.854   150.3672 1.3543e+02     1.8612      2.801      4.062    25.1709   997.0307 0.0000e+00
      2.868      0.048     5.8526     71.009     27.336  27.413082     6.5120      6.854   150.5229 1.3397e+02     1.8617      2.812      4.079    25.1618   997.0331 0.0000e+00
      2.880      0.049     5.8479     70.929     27.346  27.412903     6.4263      6.851   150.7235 1.3320e+02     1.8897      2.824      4.096    25.1549   997.0350 0.0000e+00
      2.891      0.053     5.8604     71.057     27.375  27.431495     6.3752      6.849   150.9859 1.3226e+02     1.8713      2.835      4.113    25.1509   997.0360 0.0000e+00
      2.902      0.058     5.8797     71.273     27.399  27.447535     6.3787      6.846   151.2004 1.3058e+02     1.8358      2.845      4.127    25.1475   997.0369 0.0000e+00
      2.917      0.064     5.8977     71.473     27.375  27.416503     6.4261      6.842   151.2519 1.2756e+02     1.8213      2.859      4.146    25.1380   997.0395 0.0000e+00
      2.935      0.069     5.9121     71.624     27.342  27.373490     6.5055      6.839   151.2647 1.2410e+02     1.8270      2.878      4.173    25.1153   997.0454 0.0000e+00
      2.956      0.073     5.9259     71.757     27.354  27.371564     6.5499      6.837   151.4413 1.2147e+02     1.8383      2.899      4.204    25.0950   997.0507 0.0000e+00
      2.977      0.076     5.9416     71.904     27.393  27.393188     6.5629      6.834   151.7523 1.1932e+02     1.8605      2.920      4.236    25.0839   997.0537 0.0000e+00
      2.997      0.077     5.9521     71.983     27.401  27.381145     6.6899      6.832   152.0137 1.1715e+02     1.8995      2.939      4.263    25.0703   997.0572 0.0000e+00
      3.015      0.077     5.9499     71.910     27.392  27.352805     6.9324      6.829   152.1070 1.1495e+02     1.8834      2.956      4.287    25.0545   997.0614 0.0000e+00
      3.034      0.076     5.9392     71.739     27.424  27.367717     7.0673      6.825   152.1915 1.1289e+02     1.8619      2.976      4.316    25.0301   997.0678 0.0000e+00
      3.055      0.073     5.9262     71.543     27.443  27.371095     7.0894      6.823   152.3479 1.1119e+02     1.8687      2.996      4.346    24.9936   997.0772 0.0000e+00
      3.075      0.070     5.9105     71.315     27.418  27.330177     7.2262      6.823   152.4491 1.0934e+02     1.8680      3.016      4.374    24.9564   997.0868 0.0000e+00
      3.094      0.065     5.8916     71.048     27.421  27.317056     7.4816      6.822   152.4680 1.0727e+02     1.8865      3.035      4.401    24.9200   997.0963 0.0000e+00
      3.110      0.060     5.8721     70.773     27.461  27.339312     7.6193      6.819   152.4901 1.0577e+02     1.8948      3.052      4.427    24.8897   997.1041 0.0000e+00
      3.124      0.056     5.8501     70.465     27.486  27.345478     7.6258      6.815   152.6307 1.0467e+02     1.8700      3.064      4.444    24.8631   997.1109 0.0000e+00
      3.135      0.054     5.8230     70.104     27.483  27.328139     7.6293      6.812   152.7916 1.0352e+02     1.8497      3.074      4.458    24.8318   997.1188 0.0000e+00
      3.147      0.054     5.7970     69.769     27.484  27.319980     7.7221      6.809   152.8869 1.0244e+02     1.8455      3.086      4.476    24.8035   997.1261 0.0000e+00
      3.160      0.055     5.7763     69.497     27.484  27.310260     7.9061      6.804   153.0947 1.0132e+02     1.8522      3.098      4.494    24.7731   997.1339 0.0000e+00
      3.175      0.058     5.7577     69.242     27.460  27.274030     8.0169      6.800   153.4111 9.9803e+01     1.8650      3.112      4.514    24.7367   997.1433 0.0000e+00
      3.191      0.061     5.7370     68.967     27.460  27.262569     8.0298      6.798   153.6152 9.8185e+01     1.8685      3.129      4.539    24.7068   997.1509 0.0000e+00
      3.208      0.063     5.7147     68.682     27.505  27.298561     8.0015      6.796   153.7554 9.6827e+01     1.8623      3.146      4.562    24.6958   997.1538 0.0000e+00
      3.224      0.065     5.6947     68.424     27.542  27.328539     7.9445      6.794   153.9884 9.5558e+01     1.8549      3.162      4.585    24.6823   997.1573 0.0000e+00
      3.241      0.065     5.6746     68.161     27.530  27.307795     7.9123      6.792   154.1953 9.4079e+01     1.8453      3.178      4.608    24.6519   997.1651 0.0000e+00
      3.257      0.064     5.6542     67.896     27.469  27.238067     7.9066      6.792   154.3635 9.2639e+01     1.8448      3.194      4.632    24.6293   997.1708 0.0000e+00
      3.275      0.063     5.6452     67.771     27.422  27.183312     7.7976      6.793   154.4732 9.1594e+01     1.8487      3.211      4.658    24.6185   997.1736 0.0000e+00
      3.293      0.061     5.6618     67.951     27.465  27.216735     7.5825      6.793   154.5755 9.0387e+01     1.8597      3.229      4.683    24.6086   997.1763 0.0000e+00
      3.309      0.060     5.7043     68.433     27.521  27.261512     7.4647      6.791   154.7400 8.8981e+01     1.8796      3.246      4.708    24.5879   997.1815 0.0000e+00
      3.322      0.058     5.7563     69.042     27.483  27.217148     7.4483      6.789   154.7415 8.8073e+01     1.8592      3.258      4.726    24.5714   997.1857 0.0000e+00
      3.334      0.058     5.8088     69.680     27.450  27.187870     7.3416      6.787   154.6790 8.7248e+01     1.8097      3.269      4.741    24.5614   997.1883 0.0000e+00
      3.348      0.058     5.8697     70.414     27.486  27.224734     7.1447      6.785   154.7587 8.5916e+01     1.8057      3.283      4.762    24.5464   997.1921 0.0000e+00
      3.363      0.059     5.9372     71.202     27.489  27.218769     7.0362      6.782   154.9317 8.4592e+01     1.8434      3.298      4.784    24.5206   997.1988 0.0000e+00
      3.379      0.061     5.9891     71.797     27.460  27.179184     7.0179      6.779   155.1352 8.3580e+01     1.8724      3.314      4.806    24.4992   997.2041 0.0000e+00
      3.396      0.063     6.0151     72.092     27.478  27.190187     6.9410      6.775   155.3264 8.2577e+01     1.8623      3.330      4.830    24.5204   997.1988 0.0000e+00
      3.412      0.063     6.0226     72.171     27.517  27.224915     6.7992      6.772   155.4365 8.1392e+01     1.8197      3.346      4.853    24.5298   997.1966 0.0000e+00
      3.428      0.063     6.0179     72.100     27.517  27.218411     6.7174      6.770   155.4344 8.0026e+01     1.8158      3.361      4.875    24.5024   997.2036 0.0000e+00
      3.444      0.062     6.0041     71.921     27.479  27.174985     6.7147      6.768   155.4725 7.8795e+01     1.8478      3.378      4.899    24.4789   997.2095 0.0000e+00
      3.461      0.061     5.9877     71.720     27.450  27.143935     6.7317      6.765   155.6390 7.7756e+01     1.8783      3.394      4.923    24.4688   997.2121 0.0000e+00
      3.476      0.060     5.9790     71.617     27.466  27.160211     6.8448      6.763   155.7276 7.6606e+01     1.8894      3.409      4.944    24.4655   997.2131 0.0000e+00
      3.491      0.058     5.9834     71.666     27.488  27.181446     7.0596      6.761   155.6834 7.5485e+01     1.8842      3.425      4.967    24.4508   997.2168 0.0000e+00
      3.506      0.058     5.9985     71.839     27.457  27.146906     7.1876      6.759   155.7925 7.4494e+01     1.9133      3.439      4.988    24.4376   997.2201 0.0000e+00
      3.520      0.059     6.0249     72.143     27.438  27.123241     7.2040      6.757   156.1000 7.3413e+01     1.9133      3.451      5.005    24.4358   997.2207 0.0000e+00
      3.534      0.060     6.0680     72.636     27.474  27.149078     7.1891      6.755   156.3904 7.2276e+01     1.8190      3.464      5.025    24.4382   997.2201 0.0000e+00
      3.549      0.061     6.1224     73.256     27.479  27.142073     7.1553      6.752   156.6368 7.1126e+01     1.6906      3.479      5.046    24.4389   997.2201 0.0000e+00
      3.566      0.062     6.1712     73.822     27.445  27.101966     7.1336      6.749   156.8421 6.9950e+01     1.6069      3.496      5.070    24.4267   997.2232 0.0000e+00
      3.583      0.064     6.2094     74.271     27.455  27.108237     7.1341      6.747   156.8935 6.8854e+01     1.5926      3.515      5.098    24.4244   997.2237 0.0000e+00
      3.599      0.066     6.2462     74.696     27.509  27.154452     7.1095      6.744   157.0007 6.7751e+01     1.6171      3.530      5.120    24.4094   997.2277 0.0000e+00
      3.614      0.066     6.2823     75.118     27.511  27.153194     7.0354      6.741   157.2771 6.6629e+01     1.6402      3.544      5.140    24.3733   997.2368 0.0000e+00
      3.630      0.065     6.3104     75.467     27.445  27.093023     6.9746      6.740   157.4824 6.5605e+01     1.6422      3.560      5.163    24.3650   997.2388 0.0000e+00
      3.648      0.064     6.3407     75.839     27.409  27.061355     6.9467      6.737   157.6764 6.4567e+01     1.6416      3.577      5.189    24.3670   997.2385 0.0000e+00
      3.667      0.061     6.3950     76.463     27.445  27.087517     6.8539      6.735   157.8159 6.3548e+01     1.6334      3.596      5.217    24.3498   997.2429 0.0000e+00
      3.684      0.059     6.4635     77.256     27.460  27.092123     6.6937      6.734   157.8777 6.2841e+01     1.6091      3.614      5.243    24.3351   997.2467 0.0000e+00
      3.698      0.058     6.5179     77.923     27.414  27.053578     6.6048      6.734   157.9940 6.2435e+01     1.6098      3.627      5.262    24.3507   997.2428 0.0000e+00
      3.708      0.058     6.5605     78.453     27.419  27.065591     6.5939      6.733   158.1038 6.2020e+01     1.6413      3.636      5.274    24.3744   997.2369 0.0000e+00
      3.721      0.059     6.6011     78.930     27.468  27.110501     6.5449      6.730   158.2584 6.1415e+01     1.7282      3.647      5.290    24.3455   997.2442 0.0000e+00
      3.736      0.061     6.6330     79.322     27.442  27.089029     6.4384      6.728   158.4861 6.0625e+01     1.8408      3.663      5.313    24.3019   997.2551 0.0000e+00
      3.755      0.063     6.6585     79.670     27.397  27.059741     6.3630      6.727   158.7063 5.9741e+01     1.8888      3.681      5.339    24.3382   997.2461 0.0000e+00
      3.775      0.063     6.6970     80.150     27.403  27.073619     6.3525      6.726   158.8566 5.8877e+01     1.9145      3.702      5.369    24.3668   997.2391 0.0000e+00
      3.792      0.062     6.7520     80.794     27.401  27.066510     6.3558      6.724   159.0126 5.8193e+01     1.9220      3.721      5.396    24.3324   997.2479 0.0000e+00
      3.807      0.061     6.8038     81.393     27.379  27.037222     6.2982      6.721   159.2146 5.7697e+01     1.8817      3.733      5.415    24.3379   997.2465 0.0000e+00
      3.820      0.058     6.8392     81.804     27.383  27.036701     6.1932      6.718   159.3204 5.7182e+01     1.8541      3.746      5.433    24.3900   997.2335 0.0000e+00
      3.833      0.056     6.8537     81.973     27.409  27.060205     6.1357      6.715   159.4324 5.6604e+01     1.8499      3.758      5.451    24.4036   997.2301 0.0000e+00
      3.847      0.056     6.8417     81.818     27.420  27.067636     6.1237      6.714   159.7083 5.6020e+01     1.8305      3.772      5.470    24.3840   997.2351 0.0000e+00
      3.862      0.056     6.8021     81.326     27.422  27.063108     6.1342      6.712   159.9886 5.5435e+01     1.8169      3.788      5.493    24.3667   997.2395 0.0000e+00
      3.877      0.057     6.7401     80.565     27.435  27.068887     6.1671      6.708   160.0677 5.4871e+01     1.8490      3.803      5.516    24.3591   997.2414 0.0000e+00
      3.892      0.058     6.6599     79.586     27.448  27.074055     6.1835      6.705   160.0627 5.4326e+01     1.8577      3.817      5.535    24.3607   997.2411 0.0000e+00
      3.906      0.058     6.5658     78.446     27.442  27.062145     6.1767      6.703   160.1866 5.3785e+01     1.8245      3.830      5.555    24.3538   997.2429 0.0000e+00
      3.920      0.057     6.4664     77.249     27.436  27.051755     6.1370      6.700   160.3616 5.3195e+01     1.8079      3.844      5.576    24.3405   997.2463 0.0000e+00
      3.936      0.054     6.3699     76.092     27.461  27.075306     6.0585      6.698   160.5429 5.2578e+01     1.7558      3.860      5.598    24.3252   997.2502 0.0000e+00
      3.951      0.051     6.2785     74.997     27.480  27.093131     6.0084      6.696   160.7446 5.2045e+01     1.6851      3.875      5.621    24.3116   997.2537 0.0000e+00
      3.965      0.048     6.1915     73.956     27.465  27.076949     5.9999      6.696   160.8212 5.1610e+01     1.6751      3.889      5.640    24.2995   997.2568 0.0000e+00
      3.976      0.046     6.1121     73.007     27.458  27.069967     5.9639      6.696   160.7810 5.1279e+01     1.7003      3.900      5.656    24.2926   997.2585 0.0000e+00
      3.984      0.045     6.0451     72.207     27.460  27.072160     5.9027      6.694   160.8610 5.0990e+01     1.7270      3.907      5.667    24.2918   997.2587 0.0000e+00
      3.993      0.046     5.9896     71.540     27.429  27.040021     5.8744      6.691   161.0997 5.0642e+01     1.7033      3.915      5.679    24.2906   997.2591 0.0000e+00
