Data/DataNotYetUploadedToEDI/Raw_CTD/RawDownloads/090419_bvr50b.cnv
* Sea-Bird SBE19plus  Data File:
* FileName = C:\DATA\090419_bvr50_0003.hex
* Software version 2.8.0.119 SB_Terminal.dll
* Temperature SN = 7809
* Conductivity SN = 7809
* System UpLoad Time = Sep 04 2019 17:00:34
* <ApplicationData>
* <Seaterm232>
# nquan = 16
# nvalues = 908                         
# units = specified
# name 0 = depFM: Depth [fresh water, m]
# name 1 = dz/dtM: Descent Rate [m/s]
# name 2 = sbeox0Mg/L: Oxygen, SBE 43 [mg/l]
# name 3 = sbeox0PS: Oxygen, SBE 43 [% saturation]
# name 4 = specc: Specific Conductance [uS/cm]
# name 5 = c0uS/cm: Conductivity [uS/cm]
# name 6 = flECO-AFL: Fluorescence, WET Labs ECO-AFL/FL [mg/m^3]
# name 7 = ph: pH
# name 8 = orp: Oxidation Reduction Potential [mV]
# name 9 = par/sat/log: PAR/Logarithmic, Satlantic
# name 10 = turbWETntu0: Turbidity, WET Labs ECO [NTU]
# name 11 = prdM: Pressure, Strain Gauge [db]
# name 12 = prdE: Pressure, Strain Gauge [psi]
# name 13 = tv290C: Temperature [ITS-90, deg C]
# name 14 = density00: Density [density, kg/m^3]
# name 15 = flag:  0.000e+00
# span 0 =     -0.664,     10.491       
# span 1 =     -0.023,      0.209       
# span 2 =    -0.0756,     7.9155       
# span 3 =     -0.789,     99.188       
# span 4 =      1.017,    268.417       
# span 5 =   1.212542, 183.575070       
# span 6 =    -0.1462,    27.9354       
# span 7 =      6.040,      8.238       
# span 8 =  -114.4193,   219.5486       
# span 9 = 1.2326e-01, 1.7005e+03       
# span 10 =    -1.0462,    30.7416      
# span 11 =     -0.652,     10.288      
# span 12 =     -0.945,     14.921      
# span 13 =     8.9366,    34.6160      
# span 14 =   994.1725,   999.9251      
# span 15 = 0.0000e+00, 0.0000e+00      
# interval = seconds: 0.25
# start_time = Sep 04 2019 12:58:53 [Instrument's time stamp, header]
# bad_flag = -9.990e-29
*END*
[from data line 91]
      0.003      0.003     7.1685     94.599     27.810  30.510659     0.8940      7.795   197.8164 1.4288e+03     0.3855      0.002      0.003    29.7986   995.7262 0.0000e+00
      0.003      0.007     7.0532     93.104     27.836  30.548270     0.9274      7.783   198.3297 1.4343e+03     0.4098      0.001      0.002    29.8737   995.7036 0.0000e+00
      0.008      0.008     6.9742     92.213     27.799  30.560721     0.9430      7.772   198.7394 1.4113e+03     0.4037      0.006      0.009    29.8887   995.6991 0.0000e+00
      0.017      0.008     6.9491     92.128     27.696  30.534390     0.9441      7.770   198.7263 1.3935e+03     0.4100      0.018      0.026    29.8683   995.7053 0.0000e+00
      0.023      0.006     6.9569     92.441     27.584  30.483864     0.9584      7.770   198.5149 1.3323e+03     0.4197      0.027      0.039    29.8398   995.7139 0.0000e+00
      0.023      0.002     6.9746     92.770     27.532  30.457555     0.9858      7.762   198.2483 1.2657e+03     0.4237      0.025      0.036    29.8302   995.7168 0.0000e+00
      0.018     -0.003     6.9785     92.818     27.545  30.470140     0.9983      7.751   197.9979 1.2787e+03     0.4250      0.017      0.025    29.9308   995.6865 0.0000e+00
      0.013     -0.006     6.9439     92.313     27.594  30.509129     0.9959      7.743   197.9824 1.3346e+03     0.4029      0.012      0.017    30.1311   995.6260 0.0000e+00
      0.011     -0.006     6.8710     91.289     27.646  30.548233     0.9659      7.735   198.3204 1.3324e+03     0.3860      0.010      0.015    30.2801   995.5807 0.0000e+00
      0.011     -0.004     6.8082     90.390     27.680  30.562194     0.9046      7.726   198.8143 1.2862e+03     0.3846      0.011      0.016    30.3280   995.5660 0.0000e+00
      0.012      0.000     6.8222     90.506     27.692  30.550986     0.8698      7.718   199.3075 1.2978e+03     0.3862      0.012      0.017    30.3106   995.5713 0.0000e+00
      0.012      0.002     6.9251     91.811     27.701  30.539577     0.8752      7.710   199.6379 1.3543e+03     0.4056      0.012      0.018    30.2760   995.5819 0.0000e+00
      0.012      0.002     7.0720     93.718     27.724  30.551119     0.9171      7.701   199.7119 1.3951e+03     0.4213      0.012      0.018    30.2445   995.5915 0.0000e+00
      0.013      0.002     7.2202     95.663     27.741  30.563612     0.9776      7.695   199.6859 1.4124e+03     0.4128      0.013      0.018    30.2001   995.6049 0.0000e+00
      0.014      0.002     7.3486     97.361     27.743  30.563717     1.0002      7.691   199.5817 1.4040e+03     0.4005      0.013      0.020    30.1522   995.6195 0.0000e+00
      0.015      0.002     7.4441     98.630     27.731  30.552389     0.9913      7.686   199.4847 1.3850e+03     0.4043      0.015      0.022    30.1125   995.6315 0.0000e+00
      0.016      0.001     7.4859     99.188     27.730  30.553551     0.9909      7.681   199.5455 1.3861e+03     0.4267      0.016      0.023    30.0873   995.6391 0.0000e+00
      0.016      0.001     7.4479     98.683     27.753  30.577781     0.9860      7.676   199.6275 1.3968e+03     0.4409      0.016      0.023    30.0768   995.6423 0.0000e+00
      0.016      0.000     7.3264     97.073     27.765  30.591529     0.9680      7.671   199.7880 1.4021e+03     0.4457      0.015      0.022    30.0757   995.6428 0.0000e+00
      0.015 -3.912e-07     7.1735     95.060     27.762  30.592871     0.9549      7.665   200.1958 1.4054e+03     0.4509      0.015      0.021    30.0809   995.6411 0.0000e+00
      0.015      0.000     7.0730     93.757     27.754  30.594021     0.9492      7.660   200.6864 1.3923e+03     0.4389      0.014      0.020    30.0842   995.6401 0.0000e+00
      0.015      0.000     7.0631     93.666     27.753  30.605441     0.9679      7.653   201.1608 1.3608e+03     0.4312      0.015      0.022    30.0827   995.6406 0.0000e+00
      0.015     -0.001     7.1181     94.436     27.739  30.604068     0.9996      7.644   201.4570 1.3447e+03     0.4238      0.014      0.021    30.0791   995.6418 0.0000e+00
      0.015     -0.001     7.1926     95.452     27.706  30.577443     1.0115      7.637   201.3430 1.3598e+03     0.3819      0.015      0.023    30.0860   995.6396 0.0000e+00
      0.015     -0.001     7.2439     96.138     27.668  30.537356     1.0241      7.632   200.9005 1.3776e+03     0.3507      0.016      0.022    30.1055   995.6338 0.0000e+00
      0.014     -0.001     7.2249     95.854     27.413  30.246286     1.0223      7.630   200.4080 1.3770e+03     0.3744      0.013      0.019    30.1332   995.6253 0.0000e+00
      0.013     -0.001     7.1112     94.119     26.951  29.659586     0.9803      7.628   200.1207 1.3695e+03     0.4054      0.012      0.017    30.1588   995.6175 0.0000e+00
      0.013     -0.001     6.9945     91.888     26.819  29.280915     0.9413      7.626   200.0936 1.3608e+03     0.4312      0.013      0.018    30.1818   995.6105 0.0000e+00
      0.014      0.000     7.0267     91.241     27.152  29.284053     0.9325      7.624   200.2526 1.3413e+03     0.4562      0.013      0.019    30.1805   995.6110 0.0000e+00
      0.014 1.8627e-08     7.2040     92.541     27.551  29.379683     0.9348      7.619   200.4945 1.3270e+03     0.4461      0.014      0.021    30.1805   995.6109 0.0000e+00
      0.014 2.0489e-07     7.3963     94.360     27.795  29.421458     0.9174      7.610   200.6953 1.3478e+03     0.4396      0.014      0.020    30.1431   995.6221 0.0000e+00
      0.014      0.000     7.5309     95.741     27.948  29.471567     0.8865      7.601   200.7883 1.3996e+03     0.4436      0.013      0.019    29.6966   995.7563 0.0000e+00
      0.014      0.000     7.6032     96.486     28.068  29.541229     0.8736      7.595   200.8435 1.4236e+03     0.4295      0.014      0.020    28.8877   995.9956 0.0000e+00
      0.014      0.001     7.6140     96.531     28.120  29.565709     0.8912      7.591   201.0189 1.4173e+03     0.4330      0.013      0.018    28.2248   996.1874 0.0000e+00
      0.014      0.001     7.5608     95.840     28.136  29.577159     0.9262      7.588   201.3612 1.4171e+03     0.4530      0.012      0.019    27.8478   996.2946 0.0000e+00
      0.015      0.001     7.4497     94.444     28.170  29.616215     0.9420      7.585   201.6263 1.3947e+03     0.4412      0.014      0.021    27.6916   996.3387 0.0000e+00
      0.016      0.001     7.2955     92.483     28.211  29.657249     0.9340      7.581   201.6425 1.3554e+03     0.3891      0.016      0.023    27.6077   996.3623 0.0000e+00
      0.016      0.000     7.1257     90.311     28.251  29.692602     0.9336      7.579   201.4714 1.3345e+03     0.3480      0.016      0.023    27.5412   996.3810 0.0000e+00
      0.016 8.7904e-07     6.9690     88.316     28.286  29.726397     0.9283      7.579   201.3646 1.3462e+03     0.3368      0.015      0.022    27.5502   996.3786 0.0000e+00
      0.015      0.000     6.8302     86.565     28.305  29.748612     0.9047      7.576   201.7271 1.3817e+03     0.3520      0.014      0.021    27.5676   996.3735 0.0000e+00
      0.014      0.000     6.7006     84.939     28.320  29.770857     0.8915      7.571   202.4126 1.3960e+03     0.3680      0.013      0.019    27.5614   996.3754 0.0000e+00
      0.014      0.001     6.5755     83.372     28.345  29.805018     0.8909      7.565   202.9421 1.3750e+03     0.3660      0.014      0.020    27.5434   996.3804 0.0000e+00
      0.015      0.003     6.4507     81.816     28.373  29.844418     0.9049      7.558   203.2256 1.3705e+03     0.3947      0.015      0.022    27.5336   996.3832 0.0000e+00
      0.016      0.004     6.3244     80.245     28.382  29.866551     0.9305      7.552   203.2596 1.3956e+03     0.4199      0.015      0.022    27.5433   996.3805 0.0000e+00
      0.017      0.005     6.1981     78.670     28.386  29.882292     0.9404      7.548   203.0089 1.3986e+03     0.4076      0.017      0.024    27.5557   996.3770 0.0000e+00
      0.019      0.005     6.0765     77.153     28.400  29.907853     0.9387      7.545   202.6038 1.3691e+03     0.4104      0.018      0.027    27.5660   996.3742 0.0000e+00
      0.020      0.005     5.9670     75.786     28.404  29.921826     0.9530      7.543   202.2329 1.3392e+03     0.4209      0.020      0.029    27.5850   996.3688 0.0000e+00
      0.021      0.004     5.8711     74.588     28.398  29.924354     0.9827      7.542   202.1374 1.3584e+03     0.4360      0.021      0.030    27.6083   996.3623 0.0000e+00
      0.023      0.003     5.7876     73.548     28.403  29.938425     1.0027      7.540   202.3969 1.3986e+03     0.4620      0.023      0.032    27.6277   996.3569 0.0000e+00
      0.024      0.001     5.7141     72.635     28.420  29.965073     1.0052      7.535   202.7028 1.4102e+03     0.4405      0.023      0.034    27.6474   996.3513 0.0000e+00
      0.024      0.000     5.6454     71.781     28.438  29.992761     0.9865      7.529   202.6519 1.4311e+03     0.3735      0.024      0.035    27.6651   996.3464 0.0000e+00
      0.023     -0.001     5.5813     70.984     28.455  30.019408     0.9590      7.526   202.2975 1.4267e+03     0.3396      0.024      0.034    27.6798   996.3422 0.0000e+00
      0.022     -0.001     5.5249     70.287     28.460  30.033468     0.9490      7.525   202.0319 1.3732e+03     0.3586      0.021      0.031    27.6949   996.3379 0.0000e+00
      0.021     -0.002     5.4749     69.668     28.455  30.035882     0.9447      7.524   202.1080 1.3482e+03     0.3733      0.020      0.030    27.7119   996.3332 0.0000e+00
      0.022     -0.003     5.4291     69.103     28.459  30.048601     0.9498      7.520   202.7020 1.3701e+03     0.3862      0.021      0.030    27.7267   996.3290 0.0000e+00
      0.022     -0.004     5.3880     68.599     28.462  30.060365     0.9845      7.512   203.7927 1.3950e+03     0.4152      0.022      0.031    27.7414   996.3249 0.0000e+00
      0.022     -0.006     5.3501     68.134     28.446  30.051231     1.0094      7.500   204.7123 1.3813e+03     0.4302      0.022      0.032    27.7573   996.3205 0.0000e+00
      0.020     -0.007     5.3134     67.685     28.451  30.065082     1.0084      7.486   204.7869 1.3492e+03     0.4364      0.020      0.030    27.7713   996.3165 0.0000e+00
      0.016     -0.007     5.2775     67.246     28.476  30.100948     1.0067      7.475   204.1785 1.3612e+03     0.4243      0.016      0.024    27.7857   996.3124 0.0000e+00
      0.011     -0.006     5.2421     66.812     28.471  30.104190     0.9896      7.467   203.3785 1.3903e+03     0.4145      0.010      0.015    27.8013   996.3080 0.0000e+00
      0.009     -0.003     5.2081     66.393     28.465  30.104294     0.9576      7.463   202.9439 1.3767e+03     0.4175      0.007      0.011    27.8159   996.3039 0.0000e+00
      0.010     -0.001     5.1770     66.008     28.457  30.102214     0.9492      7.458   203.2268 1.3437e+03     0.3948      0.009      0.013    27.8299   996.2999 0.0000e+00
      0.013      0.001     5.1471     65.641     28.429  30.079046     0.9566      7.451   203.8736 1.3472e+03     0.3692      0.013      0.018    27.8467   996.2952 0.0000e+00
      0.015      0.002     5.1160     65.257     28.422  30.077986     0.9771      7.442   204.3967 1.3643e+03     0.3696      0.016      0.023    27.8634   996.2905 0.0000e+00
      0.015      0.002     5.0852     64.874     28.428  30.089418     1.0246      7.433   204.6466 1.3728e+03     0.3998      0.015      0.022    27.8733   996.2877 0.0000e+00
      0.014      0.001     5.0572     64.526     28.425  30.090363     1.0622      7.428   204.4866 1.3805e+03     0.4396      0.013      0.019    27.8823   996.2852 0.0000e+00
      0.013      0.001     5.0317     64.211     28.420  30.089426     1.0759      7.425   204.1831 1.3789e+03     0.4578      0.012      0.018    27.8962   996.2812 0.0000e+00
      0.013      0.000     5.0089     63.927     28.405  30.078097     1.1043      7.424   204.2466 1.3792e+03     0.4229      0.012      0.017    27.9079   996.2778 0.0000e+00
      0.014      0.000     4.9886     63.677     28.403  30.080290     1.1543      7.419   204.5655 1.3824e+03     0.3781      0.014      0.020    27.9148   996.2759 0.0000e+00
      0.016      0.000     4.9694     63.446     28.430  30.115947     1.1854      7.414   204.6835 1.4004e+03     0.4077      0.015      0.022    27.9235   996.2734 0.0000e+00
      0.016      0.001     4.9497     63.209     28.435  30.128531     1.1863      7.411   204.3826 1.4236e+03     0.4525      0.016      0.023    27.9325   996.2709 0.0000e+00
      0.015      0.001     4.9300     62.972     28.406  30.105554     1.1651      7.410   204.0247 1.4329e+03     0.4281      0.014      0.021    27.9372   996.2695 0.0000e+00
      0.014      0.001     4.9110     62.744     28.386  30.091941     1.1368      7.409   204.0564 1.4296e+03     0.3755      0.011      0.017    27.9431   996.2679 0.0000e+00
      0.014      0.001     4.8899     62.491     28.377  30.090858     1.1308      7.407   204.4218 1.4001e+03     0.3738      0.012      0.018    27.9573   996.2639 0.0000e+00
      0.015      0.000     4.8648     62.188     28.370  30.092469     1.1348      7.404   204.8288 1.3722e+03     0.4078      0.015      0.023    27.9722   996.2596 0.0000e+00
      0.016 -3.913e-07     4.8364     61.843     28.379  30.111439     1.1427      7.399   204.9330 1.3687e+03     0.4256      0.016      0.024    27.9832   996.2565 0.0000e+00
      0.016      0.000     4.8065     61.478     28.387  30.129886     1.1656      7.394   204.6501 1.3727e+03     0.4251      0.016      0.023    27.9972   996.2525 0.0000e+00
      0.015      0.000     4.7772     61.120     28.375  30.125166     1.1778      7.390   204.3341 1.3789e+03     0.4021      0.015      0.022    28.0128   996.2481 0.0000e+00
      0.013     -0.001     4.7489     60.774     28.361  30.117833     1.1770      7.389   204.1222 1.3871e+03     0.3775      0.013      0.019    28.0274   996.2439 0.0000e+00
      0.013     -0.001     4.7223     60.448     28.341  30.104693     1.1820      7.388   204.0672 1.3867e+03     0.3889      0.013      0.018    28.0452   996.2388 0.0000e+00
      0.014     -0.001     4.6971     60.140     28.322  30.093199     1.1867      7.386   204.2715 1.3717e+03     0.4094      0.014      0.020    28.0637   996.2335 0.0000e+00
      0.015     -0.001     4.6736     59.855     28.326  30.105779     1.1827      7.382   204.4415 1.3633e+03     0.3950      0.015      0.022    28.0774   996.2296 0.0000e+00
      0.015      0.000     4.6527     59.600     28.342  30.129909     1.1759      7.378   204.4883 1.3661e+03     0.3795      0.015      0.022    28.0914   996.2257 0.0000e+00
      0.014      0.000     4.6324     59.349     28.339  30.131157     1.1819      7.374   204.5790 1.3696e+03     0.3860      0.013      0.020    28.1061   996.2215 0.0000e+00
      0.013      0.000     4.6120     59.096     28.325  30.120877     1.2034      7.370   204.7644 1.3753e+03     0.3745      0.012      0.018    28.1193   996.2177 0.0000e+00
      0.013      0.001     4.5947     58.883     28.331  30.132527     1.2282      7.365   205.0079 1.3799e+03     0.3387      0.013      0.018    28.1354   996.2132 0.0000e+00
      0.014      0.001     4.5797     58.700     28.339  30.145122     1.2474      7.359   205.2009 1.3843e+03     0.3464      0.014      0.021    28.1491   996.2092 0.0000e+00
      0.016      0.001     4.5633     58.500     28.334  30.146267     1.2629      7.354   205.2045 1.3891e+03     0.4024      0.016      0.023    28.1559   996.2074 0.0000e+00
      0.016      0.001     4.5456     58.286     28.328  30.146369     1.2674      7.350   204.7945 1.3912e+03     0.4266      0.016      0.023    28.1625   996.2055 0.0000e+00
