Data/DataNotYetUploadedToEDI/Raw_CTD/RawDownloads/090419_fcr50.cnv
* Sea-Bird SBE19plus  Data File:
* FileName = C:\DATA\090419_bvr50_0001.hex
* Software version 2.8.0.119 SB_Terminal.dll
* Temperature SN = 7809
* Conductivity SN = 7809
* System UpLoad Time = Sep 04 2019 11:44:02
* <ApplicationData>
* <Seaterm232>
# nquan = 16
# nvalues = 496                         
# units = specified
# name 0 = depFM: Depth [fresh water, m]
# name 1 = dz/dtM: Descent Rate [m/s]
# name 2 = sbeox0Mg/L: Oxygen, SBE 43 [mg/l]
# name 3 = sbeox0PS: Oxygen, SBE 43 [% saturation]
# name 4 = specc: Specific Conductance [uS/cm]
# name 5 = c0uS/cm: Conductivity [uS/cm]
# name 6 = flECO-AFL: Fluorescence, WET Labs ECO-AFL/FL [mg/m^3]
# name 7 = ph: pH
# name 8 = orp: Oxidation Reduction Potential [mV]
# name 9 = par/sat/log: PAR/Logarithmic, Satlantic
# name 10 = turbWETntu0: Turbidity, WET Labs ECO [NTU]
# name 11 = prdM: Pressure, Strain Gauge [db]
# name 12 = prdE: Pressure, Strain Gauge [psi]
# name 13 = tv290C: Temperature [ITS-90, deg C]
# name 14 = density00: Density [density, kg/m^3]
# name 15 = flag:  0.000e+00
# span 0 =     -0.577,      9.543       
# span 1 =     -0.005,      0.225       
# span 2 =     2.9376,     8.6465       
# span 3 =     27.517,    104.700       
# span 4 =      0.889,     69.106       
# span 5 =   0.872106,  55.617656       
# span 6 =    -0.6576,    15.3082       
# span 7 =     -2.356,      7.968       
# span 8 =  -516.3619,   147.6590       
# span 9 = 1.2355e-01, 1.3887e+03       
# span 10 =    -1.5867,    27.4839      
# span 11 =     -0.566,      9.359      
# span 12 =     -0.821,     13.573      
# span 13 =    12.3984,    25.0652      
# span 14 =   997.0509,   999.5213      
# span 15 = 0.0000e+00, 0.0000e+00      
# interval = seconds: 0.25
# start_time = Sep 04 2019 10:12:19 [Instrument's time stamp, header]
# bad_flag = -9.990e-29
*END*
[from data line 362]
      5.984      0.124     7.5229     74.299     66.322  52.800025     0.5937      6.573    36.2396 1.2374e-01     9.7058      5.865      8.508    14.9507   999.1620 0.0000e+00
      6.014      0.125     7.5871     74.941     66.637  53.058211     0.6052      6.572    36.4117 1.2369e-01     9.8858      5.897      8.553    14.9128   999.1681 0.0000e+00
      6.049      0.127     7.6583     75.611     66.397  52.838461     0.6350      6.570    37.2304 1.2356e-01    10.2193      5.930      8.602    14.6879   999.2022 0.0000e+00
      6.087      0.130     7.7131     76.183     65.614  52.239306     0.6507      6.569    38.3951 1.2355e-01    10.3958      5.967      8.655    14.6843   999.2024 0.0000e+00
      6.125      0.133     7.7583     76.575     65.736  52.293433     0.6478      6.567    38.9647 1.2366e-01    10.4138      6.010      8.715    14.8612   999.1761 0.0000e+00
      6.157      0.135     7.7946     76.717     66.422  52.667073     0.6345      6.565    39.2139 1.2371e-01    10.5674      6.041      8.761    14.8178   999.1832 0.0000e+00
      6.184      0.136     7.7909     76.529     66.363  52.500623     0.6116      6.563    40.0313 1.2371e-01    10.8437      6.063      8.792    14.7467   999.1938 0.0000e+00
      6.215      0.136     7.7376     76.025     65.867  52.122951     0.5875      6.561    41.3624 1.2368e-01    11.0013      6.091      8.835    14.8287   999.1811 0.0000e+00
      6.255      0.135     7.6673     75.328     66.008  52.229782     0.5765      6.559    42.2298 1.2363e-01    11.0633      6.134      8.896    14.8358   999.1804 0.0000e+00
      6.297      0.134     7.5967     74.533     66.401  52.458311     0.5827      6.556    42.2597 1.2364e-01    11.1021      6.178      8.960    14.6229   999.2126 0.0000e+00
      6.333      0.132     7.5262     73.711     66.070  52.090916     0.5933      6.555    42.0680 1.2363e-01    11.1105      6.211      9.010    14.4800   999.2334 0.0000e+00
      6.365      0.129     7.4581     72.921     65.738  51.725922     0.5916      6.555    42.8370 1.2361e-01    11.1660      6.242      9.053    14.5968   999.2161 0.0000e+00
      6.393      0.125     7.4004     72.230     66.202  51.983491     0.5802      6.553    44.3303 1.2364e-01    11.2475      6.270      9.093    14.5831   999.2184 0.0000e+00
      6.420      0.124     7.3554     71.696     66.442  52.092451     0.5767      6.551    44.9816 1.2369e-01    11.3091      6.294      9.129    14.5009   999.2309 0.0000e+00
      6.450      0.124     7.3118     71.302     66.162  51.899866     0.5662      6.551    44.9461 1.2370e-01    11.3217      6.323      9.171    14.4146   999.2432 0.0000e+00
      6.485      0.122     7.2692     70.957     65.978  51.814785     0.5326      6.550    45.1915 1.2372e-01    11.2691      6.359      9.223    14.3367   999.2541 0.0000e+00
      6.520      0.117     7.2336     70.586     65.369  51.317921     0.5080      6.549    45.7978 1.2370e-01    11.2299      6.396      9.277    14.2695   999.2643 0.0000e+00
      6.554      0.112     7.2104     70.240     64.655  50.656285     0.5114      6.548    46.5122 1.2366e-01    11.2409      6.428      9.325    14.1442   999.2824 0.0000e+00
      6.582      0.110     7.2087     70.032     65.295  50.992627     0.5387      6.546    47.1180 1.2367e-01    11.2054      6.458      9.367    14.2114   999.2727 0.0000e+00
      6.602      0.111     7.2292     70.088     66.359  51.700195     0.5701      6.544    47.5307 1.2366e-01    11.0955      6.477      9.393    14.2984   999.2607 0.0000e+00
      6.620      0.116     7.2558     70.464     65.845  51.398257     0.5783      6.543    47.5447 1.2365e-01    11.0266      6.488      9.410    14.2654   999.2651 0.0000e+00
      6.646      0.124     7.2926     71.153     64.768  50.835712     0.5772      6.544    47.2866 1.2368e-01    11.0281      6.512      9.446    14.1911   999.2751 0.0000e+00
      6.685      0.133     7.3649     72.072     64.744  50.996875     0.5822      6.545    47.5078 1.2372e-01    11.0470      6.554      9.506    14.0530   999.2950 0.0000e+00
      6.728      0.138     7.4617     73.001     64.844  51.060419     0.5872      6.544    48.1541 1.2369e-01    11.0588      6.599      9.571    13.8749   999.3208 0.0000e+00
      6.770      0.138     7.5439     73.711     64.420  50.651177     0.5854      6.542    48.1325 1.2365e-01    11.0727      6.641      9.632    13.9516   999.3099 0.0000e+00
      6.807      0.136     7.5896     74.083     64.540  50.685562     0.5774      6.540    47.5902 1.2368e-01    11.0836      6.679      9.688    14.2972   999.2608 0.0000e+00
      6.837      0.132     7.5972     74.084     65.136  51.094972     0.5864      6.538    47.7060 1.2369e-01    11.0600      6.708      9.730    14.4482   999.2397 0.0000e+00
      6.862      0.131     7.5664     73.776     64.978  50.964343     0.6159      6.536    48.3284 1.2369e-01    11.0486      6.728      9.758    14.3757   999.2503 0.0000e+00
      6.891      0.132     7.5085     73.301     64.380  50.567091     0.6396      6.534    48.5767 1.2374e-01    11.0774      6.754      9.795    14.2914   999.2621 0.0000e+00
      6.928      0.134     7.4506     72.791     64.298  50.547718     0.6473      6.531    48.2989 1.2377e-01    11.0803      6.792      9.853    14.2764   999.2644 0.0000e+00
      6.968      0.136     7.4103     72.354     64.333  50.539626     0.6226      6.532    48.2388 1.2373e-01    11.1494      6.835      9.913    14.2060   999.2752 0.0000e+00
      7.008      0.136     7.3887     72.044     64.264  50.405666     0.5837      6.535    48.7957 1.2368e-01    11.3230      6.873      9.969    14.1692   999.2804 0.0000e+00
      7.043      0.134     7.3815     71.859     64.608  50.579390     0.5758      6.538    49.5259 1.2370e-01    11.4426      6.909     10.020    14.2920   999.2627 0.0000e+00
      7.074      0.129     7.3870     71.779     64.783  50.607419     0.5882      6.543    49.9264 1.2372e-01    11.4815      6.938     10.063    14.3297   999.2576 0.0000e+00
      7.103      0.127     7.3963     71.714     64.224  50.045704     0.5946      6.543    49.9392 1.2368e-01    11.4652      6.963     10.100    14.2859   999.2640 0.0000e+00
      7.133      0.130     7.4007     71.612     64.089  49.821717     0.6191      6.529    49.9379 1.2364e-01    11.3762      6.994     10.144    14.2167   999.2738 0.0000e+00
      7.166      0.135     7.4077     71.549     64.942  50.376220     0.6761      6.514    50.1689 1.2367e-01    11.2904      7.028     10.193    14.1403   999.2850 0.0000e+00
      7.199      0.141     7.4111     71.567     65.070  50.461816     0.7110      6.510    50.6671 1.2369e-01    11.2803      7.058     10.237    14.0701   999.2952 0.0000e+00
      7.236      0.144     7.3978     71.619     63.917  49.713293     0.7118      6.516    51.2303 1.2365e-01    11.2872      7.092     10.287    13.9438   999.3125 0.0000e+00
      7.279      0.146     7.3944     71.710     63.536  49.519736     0.6947      6.519    51.5580 1.2364e-01    11.3410      7.139     10.354    13.8729   999.3222 0.0000e+00
      7.322      0.146     7.4264     71.924     64.206  49.963669     0.6689      6.515    51.6174 1.2369e-01    11.4385      7.184     10.418    13.7701   999.3371 0.0000e+00
      7.357      0.145     7.4736     72.304     64.088  49.808929     0.6598      6.514    51.6900 1.2372e-01    11.4833      7.215     10.465    13.6903   999.3484 0.0000e+00
      7.388      0.144     7.5136     72.768     63.436  49.363652     0.6541      6.519    52.1782 1.2368e-01    11.4898      7.243     10.506    13.9068   999.3180 0.0000e+00
      7.423      0.145     7.5505     73.177     63.683  49.597701     0.6428      6.520    52.8745 1.2366e-01    11.4846      7.279     10.557    14.0605   999.2967 0.0000e+00
      7.459      0.148     7.5780     73.414     64.276  50.034709     0.6358      6.512    53.3110 1.2369e-01    11.4859      7.315     10.609    13.8864   999.3216 0.0000e+00
      7.497      0.149     7.5734     73.436     63.852  49.756728     0.6398      6.508    53.4989 1.2367e-01    11.5376      7.350     10.660    13.7927   999.3346 0.0000e+00
      7.538      0.149     7.5407     73.303     62.818  49.094893     0.6471      6.509    53.5109 1.2367e-01    11.6174      7.390     10.719    13.9269   999.3157 0.0000e+00
      7.583      0.146     7.5091     73.073     62.723  49.082861     0.6633      6.509    53.6294 1.2369e-01    11.7309      7.438     10.788    13.9778   999.3092 0.0000e+00
      7.623      0.143     7.4816     72.712     63.495  49.611336     0.6972      6.509    54.0709 1.2374e-01    11.8935      7.480     10.849    13.8829   999.3230 0.0000e+00
      7.654      0.141     7.4340     72.225     63.558  49.641187     0.7190      6.510    54.4610 1.2379e-01    11.9773      7.506     10.888    13.9144   999.3184 0.0000e+00
      7.681      0.140     7.3732     71.796     62.814  49.189716     0.7187      6.512    54.6462 1.2376e-01    11.9908      7.529     10.921    14.1106   999.2906 0.0000e+00
      7.713      0.137     7.3400     71.599     62.578  49.106957     0.7197      6.512    54.8475 1.2371e-01    12.1218      7.560     10.965    14.1896   999.2797 0.0000e+00
      7.753      0.136     7.3491     71.625     62.938  49.339367     0.7307      6.512    55.0879 1.2370e-01    12.3493      7.603     11.027    14.0412   999.3013 0.0000e+00
      7.795      0.136     7.3794     71.742     63.029  49.268595     0.7390      6.517    55.2301 1.2368e-01    12.4478      7.647     11.091    13.9724   999.3111 0.0000e+00
      7.832      0.135     7.4044     71.805     62.969  49.076766     0.7427      6.520    55.1039 1.2363e-01    12.4277      7.683     11.143    14.1762   999.2821 0.0000e+00
      7.862      0.132     7.4099     71.734     63.229  49.179284     0.7404      6.513    55.0240 1.2365e-01    12.4011      7.711     11.184    14.2914   999.2660 0.0000e+00
      7.890      0.131     7.3899     71.455     63.310  49.174229     0.7369      6.499    55.3825 1.2373e-01    12.1907      7.736     11.222    14.2147   999.2772 0.0000e+00
      7.920      0.132     7.3411     70.906     63.268  49.079070     0.7358      6.492    55.7389 1.2377e-01    11.7853      7.765     11.262    14.0824   999.2960 0.0000e+00
      7.955      0.136     7.2723     70.155     63.725  49.362417     0.7264      6.490    55.8917 1.2377e-01    11.5303      7.801     11.313    13.9428   999.3155 0.0000e+00
      7.992      0.138     7.1909     69.322     63.857  49.424360     0.7273      6.490    55.9398 1.2373e-01    11.4994      7.837     11.367    13.8829   999.3241 0.0000e+00
      8.031      0.136     7.0981     68.475     63.096  48.875258     0.7471      6.492    56.0621 1.2367e-01    11.5758      7.874     11.420    13.8295   999.3317 0.0000e+00
      8.072      0.131     7.0129     67.690     62.659  48.566571     0.7662      6.492    56.4237 1.2367e-01    11.7007      7.917     11.482    13.7886   999.3372 0.0000e+00
      8.108      0.127     6.9599     67.067     63.252  48.931282     0.7671      6.493    56.6120 1.2369e-01    11.7633      7.956     11.538    13.7282   999.3460 0.0000e+00
      8.133      0.125     6.9354     66.681     63.711  49.156478     0.7497      6.493    56.6181 1.2368e-01    11.7761      7.978     11.571    13.6549   999.3562 0.0000e+00
      8.155      0.125     6.9233     66.566     63.262  48.812216     0.7550      6.493    56.6697 1.2368e-01    11.7911      7.994     11.594    13.7271   999.3459 0.0000e+00
      8.183      0.129     6.9289     66.736     62.996  48.706670     0.7875      6.492    56.9785 1.2371e-01    11.7800      8.020     11.632    13.8082   999.3348 0.0000e+00
      8.219      0.136     6.9595     67.101     63.410  49.087203     0.8048      6.491    57.5121 1.2367e-01    11.7396      8.059     11.688    13.6972   999.3505 0.0000e+00
      8.259      0.143     6.9933     67.479     63.364  49.094378     0.8085      6.490    57.7876 1.2362e-01    11.6968      8.100     11.747    13.5157   999.3754 0.0000e+00
      8.300      0.146     7.0065     67.698     62.630  48.602925     0.8238      6.488    57.9005 1.2369e-01    11.6880      8.139     11.804    13.5377   999.3721 0.0000e+00
      8.342      0.144     6.9976     67.658     62.420  48.480266     0.8505      6.488    58.1030 1.2376e-01    11.7320      8.183     11.867    13.6909   999.3516 0.0000e+00
      8.380      0.141     6.9698     67.334     62.835  48.754592     0.8712      6.488    58.4288 1.2377e-01    11.7694      8.222     11.924    13.7066   999.3501 0.0000e+00
      8.410      0.139     6.9201     66.790     62.809  48.680594     0.8745      6.487    58.8288 1.2372e-01    11.8126      8.249     11.964    13.7114   999.3496 0.0000e+00
      8.439      0.139     6.8572     66.177     62.631  48.538195     0.8386      6.485    59.0673 1.2363e-01    12.1557      8.275     12.001    13.8139   999.3352 0.0000e+00
      8.473      0.138     6.8054     65.652     62.930  48.747680     0.7752      6.484    59.1614 1.2361e-01    12.7389      8.307     12.048    13.8685   999.3279 0.0000e+00
      8.512      0.137     6.7704     65.271     62.964  48.736461     0.7416      6.483    59.1055 1.2363e-01    13.0640      8.347     12.107    13.7949   999.3385 0.0000e+00
      8.553      0.136     6.7442     65.039     62.510  48.402495     0.7431      6.483    58.9943 1.2368e-01    13.1365      8.390     12.169    13.7142   999.3496 0.0000e+00
      8.591      0.135     6.7278     64.921     62.453  48.393448     0.7502      6.483    59.2792 1.2374e-01    12.9936      8.428     12.223    13.7643   999.3427 0.0000e+00
      8.622      0.134     6.7186     64.811     62.778  48.627119     0.7500      6.482    59.7969 1.2374e-01    12.6466      8.458     12.266    13.7424   999.3461 0.0000e+00
      8.650      0.133     6.7044     64.620     62.590  48.433254     0.7497      6.481    59.5746 1.2375e-01    12.4475      8.481     12.301    13.6655   999.3567 0.0000e+00
      8.680      0.134     6.6739     64.284     62.266  48.145248     0.7547      6.480    58.9146 1.2375e-01    12.4217      8.509     12.342    13.7085   999.3506 0.0000e+00
      8.716      0.138     6.6389     63.861     62.673  48.383903     0.7502      6.478    58.9583 1.2372e-01    12.3999      8.548     12.397    13.7634   999.3433 0.0000e+00
      8.754      0.141     6.6102     63.472     62.903  48.460718     0.7386      6.476    59.2431 1.2375e-01    12.2174      8.585     12.452    13.7411   999.3469 0.0000e+00
      8.792      0.141     6.5863     63.212     62.168  47.867148     0.7358      6.475    59.5184 1.2377e-01    11.9186      8.621     12.504    13.6671   999.3570 0.0000e+00
      8.832      0.139     6.5907     63.230     61.712  47.494607     0.7428      6.475    59.6194 1.2370e-01    11.7699      8.662     12.563    13.6754   999.3556 0.0000e+00
      8.870      0.138     6.6528     63.645     62.105  47.639961     0.7448      6.474    59.0880 1.2366e-01    11.7627      8.701     12.620    13.6227   999.3633 0.0000e+00
      8.900      0.138     6.7642     64.412     62.294  47.528632     0.7421      6.474    58.6859 1.2368e-01    11.6350      8.730     12.662    13.4717   999.3839 0.0000e+00
      8.928      0.140     6.8792     65.246     62.195  47.227888     0.7532      6.474    58.8878 1.2371e-01    11.3070      8.754     12.696    13.4854   999.3816 0.0000e+00
      8.962      0.143     6.9631     65.869     62.491  47.305898     0.7587      6.473    59.3775 1.2378e-01    11.0749      8.785     12.742    13.5391   999.3744 0.0000e+00
      9.002      0.146     7.0126     66.202     62.840  47.455548     0.7482      6.472    59.4444 1.2383e-01    11.0896      8.827     12.803    13.3868   999.3951 0.0000e+00
