Data/DataNotYetUploadedToEDI/Raw_CTD/RawDownloads/090419_bvr50b.cnv
* Sea-Bird SBE19plus  Data File:
* FileName = C:\DATA\090419_bvr50_0003.hex
* Software version 2.8.0.119 SB_Terminal.dll
* Temperature SN = 7809
* Conductivity SN = 7809
* System UpLoad Time = Sep 04 2019 17:00:34
* <ApplicationData>
* <Seaterm232>
# nquan = 16
# nvalues = 908                         
# units = specified
# name 0 = depFM: Depth [fresh water, m]
# name 1 = dz/dtM: Descent Rate [m/s]
# name 2 = sbeox0Mg/L: Oxygen, SBE 43 [mg/l]
# name 3 = sbeox0PS: Oxygen, SBE 43 [% saturation]
# name 4 = specc: Specific Conductance [uS/cm]
# name 5 = c0uS/cm: Conductivity [uS/cm]
# name 6 = flECO-AFL: Fluorescence, WET Labs ECO-AFL/FL [mg/m^3]
# name 7 = ph: pH
# name 8 = orp: Oxidation Reduction Potential [mV]
# name 9 = par/sat/log: PAR/Logarithmic, Satlantic
# name 10 = turbWETntu0: Turbidity, WET Labs ECO [NTU]
# name 11 = prdM: Pressure, Strain Gauge [db]
# name 12 = prdE: Pressure, Strain Gauge [psi]
# name 13 = tv290C: Temperature [ITS-90, deg C]
# name 14 = density00: Density [density, kg/m^3]
# name 15 = flag:  0.000e+00
# span 0 =     -0.664,     10.491       
# span 1 =     -0.023,      0.209       
# span 2 =    -0.0756,     7.9155       
# span 3 =     -0.789,     99.188       
# span 4 =      1.017,    268.417       
# span 5 =   1.212542, 183.575070       
# span 6 =    -0.1462,    27.9354       
# span 7 =      6.040,      8.238       
# span 8 =  -114.4193,   219.5486       
# span 9 = 1.2326e-01, 1.7005e+03       
# span 10 =    -1.0462,    30.7416      
# span 11 =     -0.652,     10.288      
# span 12 =     -0.945,     14.921      
# span 13 =     8.9366,    34.6160      
# span 14 =   994.1725,   999.9251      
# span 15 = 0.0000e+00, 0.0000e+00      
# interval = seconds: 0.25
# start_time = Sep 04 2019 12:58:53 [Instrument's time stamp, header]
# bad_flag = -9.990e-29
*END*
[from data line 633]
      7.111      0.055     0.0959      0.878     91.085  66.300348     4.2139      6.124    36.8401 1.1667e+00     3.8871      6.972     10.113    11.5236   999.6179 0.0000e+00
      7.121      0.058     0.0951      0.870     92.914  67.571539     4.1935      6.119    35.8036 1.1378e+00     3.8352      6.981     10.124    11.4847   999.6223 0.0000e+00
      7.137      0.062     0.0949      0.867     94.990  69.005120     4.1882      6.115    34.5329 1.0807e+00     3.7920      6.998     10.148    11.4494   999.6263 0.0000e+00
      7.158      0.064     0.0947      0.865     97.045  70.409825     4.1665      6.111    33.1773 1.0264e+00     3.7253      7.020     10.181    11.4194   999.6303 0.0000e+00
      7.178      0.065     0.0944      0.861     98.445  71.331335     4.0438      6.110    31.6298 9.8193e-01     3.5199      7.040     10.211    11.3939   999.6341 0.0000e+00
      7.197      0.064     0.0939      0.856     99.774  72.199166     3.8228      6.108    29.6758 9.5625e-01     3.2094      7.059     10.238    11.3637   999.6378 0.0000e+00
      7.212      0.063     0.0953      0.868    100.851  72.890726     3.7057      6.103    27.7056 9.5042e-01     3.0844      7.074     10.260    11.3229   999.6430 0.0000e+00
      7.223      0.063     0.0972      0.884    101.404  73.206938     3.7031      6.099    26.1356 9.4189e-01     3.1228      7.083     10.273    11.2758   999.6490 0.0000e+00
      7.235      0.063     0.0974      0.884    102.262  73.733156     3.7140      6.095    24.9742 9.0675e-01     3.1501      7.094     10.288    11.2264   999.6543 0.0000e+00
      7.252      0.063     0.0949      0.862    103.456  74.483707     3.7326      6.092    23.9022 8.6141e-01     3.1193      7.110     10.314    11.1773   999.6601 0.0000e+00
      7.272      0.063     0.0908      0.823    104.474  75.095686     3.7380      6.090    22.7243 8.3591e-01     3.0455      7.133     10.345    11.1340   999.6653 0.0000e+00
      7.292      0.064     0.0905      0.819    105.337  75.599653     3.7439      6.087    21.5736 8.1189e-01     3.0113      7.153     10.374    11.0961   999.6692 0.0000e+00
      7.308      0.065     0.0930      0.841    106.564  76.379613     3.7954      6.084    20.3996 7.8508e-01     3.0008      7.168     10.397    11.0525   999.6741 0.0000e+00
      7.320      0.067     0.0945      0.853    108.558  77.720794     3.8578      6.080    19.3697 7.7385e-01     2.9504      7.179     10.412    10.9971   999.6803 0.0000e+00
      7.332      0.070     0.0961      0.866    110.701  79.158666     3.8748      6.077    18.7586 7.6365e-01     2.8947      7.188     10.426    10.9369   999.6867 0.0000e+00
      7.349      0.073     0.0985      0.887    112.349  80.216608     3.8533      6.074    18.1737 7.3057e-01     2.8839      7.205     10.450    10.8794   999.6928 0.0000e+00
      7.373      0.074     0.1003      0.902    113.502  80.907039     3.6672      6.072    17.1156 6.8695e-01     2.9836      7.230     10.487    10.8316   999.6980 0.0000e+00
      7.398      0.074     0.0996      0.895    114.102  81.208766     3.3324      6.071    15.6879 6.6360e-01     3.1492      7.257     10.525    10.7967   999.7024 0.0000e+00
      7.420      0.072     0.0971      0.871    114.122  81.129212     3.1515      6.069    14.3328 6.4975e-01     3.2149      7.278     10.556    10.7562   999.7074 0.0000e+00
      7.436      0.067     0.0949      0.851    114.213  81.153745     3.1362      6.067    13.3795 6.2426e-01     3.2215      7.294     10.579    10.6995   999.7135 0.0000e+00
      7.449      0.063     0.0937      0.841    115.604  82.141489     3.0866      6.065    12.6800 6.0023e-01     3.0980      7.305     10.595    10.6379   999.7200 0.0000e+00
      7.460      0.062     0.0915      0.822    118.227  83.974360     2.9769      6.064    11.8108 5.8778e-01     2.7382      7.314     10.609    10.5795   999.7258 0.0000e+00
      7.475      0.064     0.0873      0.782    120.438  85.437155     2.9107      6.063    10.7860 5.8266e-01     2.4761      7.328     10.629    10.5326   999.7304 0.0000e+00
      7.493      0.067     0.0848      0.758    121.202  85.830453     2.9009      6.060     9.7535 5.7627e-01     2.4517      7.348     10.658    10.5154   999.7319 0.0000e+00
      7.513      0.070     0.0846      0.756    120.883  85.484486     2.8325      6.058     8.8777 5.5883e-01     2.4107      7.368     10.686    10.5300   999.7311 0.0000e+00
      7.533      0.070     0.0863      0.771    120.834  85.389872     2.6912      6.057     8.2839 5.3576e-01     2.2748      7.388     10.714    10.5276   999.7327 0.0000e+00
      7.552      0.067     0.0883      0.789    121.693  85.959028     2.5972      6.056     7.5641 5.1666e-01     2.1846      7.407     10.743    10.4740   999.7387 0.0000e+00
      7.569      0.063     0.0868      0.775    123.118  86.893895     2.5800      6.055     6.7146 5.0570e-01     2.1723      7.424     10.768    10.4003   999.7460 0.0000e+00
      7.584      0.061     0.0855      0.763    124.879  88.039214     2.5872      6.053     6.0996 5.0843e-01     2.1922      7.438     10.788    10.3441   999.7510 0.0000e+00
      7.596      0.059     0.0868      0.773    126.161  88.861559     2.5450      6.052     5.6347 5.0918e-01     2.1954      7.449     10.803    10.3263   999.7525 0.0000e+00
      7.609      0.059     0.0875      0.779    126.454  89.009339     2.4340      6.051     5.2232 4.9087e-01     2.1131      7.459     10.818    10.3243   999.7533 0.0000e+00
      7.625      0.058     0.0870      0.774    126.502  88.998675     2.3558      6.051     4.9106 4.6761e-01     1.9837      7.476     10.844    10.2916   999.7568 0.0000e+00
      7.643      0.057     0.0856      0.761    126.793  89.178060     2.3268      6.051     4.3494 4.4712e-01     1.9086      7.496     10.872    10.2426   999.7621 0.0000e+00
      7.659      0.056     0.0842      0.748    127.212  89.459942     2.2487      6.051     3.1699 4.2605e-01     1.8927      7.512     10.895    10.2119   999.7656 0.0000e+00
      7.673      0.056     0.0834      0.742    127.980  89.988522     2.1218      6.050     1.7486 4.0678e-01     1.8577      7.526     10.915    10.1914   999.7674 0.0000e+00
      7.685      0.058     0.0831      0.740    129.412  90.986762     2.0587      6.048     0.5875 3.9168e-01     1.8127      7.537     10.931    10.1707   999.7694 0.0000e+00
      7.695      0.061     0.0821      0.730    131.215  92.237345     2.0494      6.047    -0.1140 3.8356e-01     1.8080      7.545     10.942    10.1621   999.7704 0.0000e+00
      7.708      0.062     0.0808      0.718    132.655  93.206985     1.9659      6.046    -0.7111 3.7676e-01     1.8004      7.556     10.959    10.1605   999.7707 0.0000e+00
      7.728      0.062     0.0809      0.719    133.131  93.481152     1.8211      6.046    -1.6415 3.6551e-01     1.7540      7.576     10.988    10.1537   999.7715 0.0000e+00
      7.752      0.059     0.0803      0.713    133.075  93.388042     1.7468      6.045    -2.5875 3.5349e-01     1.7387      7.603     11.027    10.1516   999.7725 0.0000e+00
      7.772      0.055     0.0780      0.693    133.263  93.481522     1.7349      6.044    -3.4589 3.5112e-01     1.7463      7.626     11.061    10.1500   999.7734 0.0000e+00
      7.782      0.051     0.0772      0.686    133.365  93.529257     1.6857      6.044    -4.5198 3.5819e-01     1.6815      7.635     11.073    10.1322   999.7757 0.0000e+00
      7.786      0.050     0.0777      0.690    133.361  93.519597     1.6026      6.044    -5.5201 3.6060e-01     1.5784      7.634     11.072    10.1041   999.7783 0.0000e+00
      7.792      0.052     0.0782      0.694    134.146  94.064902     1.5629      6.043    -6.0891 3.5238e-01     1.5487      7.638     11.079    10.0842   999.7800 0.0000e+00
      7.804      0.057     0.0787      0.698    135.572  95.029981     1.5618      6.042    -6.2378 3.3530e-01     1.5845      7.652     11.099    10.0701   999.7815 0.0000e+00
      7.822      0.065     0.0782      0.694    136.637  95.703298     1.5623      6.041    -6.2856 3.0884e-01     1.6515      7.671     11.125    10.0600   999.7825 0.0000e+00
      7.844      0.072     0.0765      0.678    137.133  95.967253     1.5775      6.041    -6.5805 2.7634e-01     1.7354      7.693     11.157    10.0588   999.7826 0.0000e+00
      7.868      0.072     0.0741      0.656    137.451  96.120542     1.5978      6.041    -7.0504 2.5174e-01     1.7799      7.717     11.193    10.0628   999.7825 0.0000e+00
      7.888      0.067     0.0740      0.654    137.663  96.219715     1.6093      6.042    -7.6644 2.4313e-01     1.7951      7.738     11.223    10.0526   999.7843 0.0000e+00
      7.905      0.058     0.0762      0.674    137.704  96.211363     1.6031      6.043    -8.6702 2.4018e-01     1.7886      7.752     11.244    10.0194   999.7877 0.0000e+00
      7.919      0.051     0.0778      0.688    137.754  96.210508     1.5834      6.042    -9.7474 2.3322e-01     1.7669      7.767     11.265     9.9856   999.7908 0.0000e+00
      7.930      0.049     0.0783      0.692    138.079  96.400328     1.5707      6.041   -10.6220 2.2959e-01     1.7621      7.780     11.283     9.9602   999.7933 0.0000e+00
      7.935      0.053     0.0781      0.691    138.773  96.851169     1.5630      6.041   -11.3293 2.3094e-01     1.7637      7.781     11.285     9.9434   999.7949 0.0000e+00
      7.941      0.058     0.0770      0.681    139.599  97.396043     1.5418      6.041   -12.0184 2.2633e-01     1.7529      7.783     11.289     9.9320   999.7958 0.0000e+00
      7.957      0.061     0.0769      0.680    140.010  97.640411     1.5048      6.042   -13.1896 2.1475e-01     1.7299      7.800     11.313     9.9196   999.7969 0.0000e+00
      7.983      0.061     0.0778      0.688    139.806  97.450100     1.4804      6.042   -14.6487 1.9758e-01     1.7145      7.828     11.353     9.9047   999.7985 0.0000e+00
      8.010      0.062     0.0783      0.691    139.583  97.259629     1.4803      6.042   -15.7223 1.8150e-01     1.6988      7.859     11.398     9.8920   999.8000 0.0000e+00
      8.027      0.066     0.0787      0.695    140.135  97.629418     1.4773      6.041   -16.4483 1.8401e-01     1.6383      7.879     11.426     9.8841   999.8012 0.0000e+00
      8.031      0.071     0.0786      0.695    141.641  98.674066     1.4531      6.040   -17.0593 1.9190e-01     1.5723      7.876     11.424     9.8679   999.8028 0.0000e+00
      8.035      0.075     0.0793      0.700    143.052  99.639591     1.4307      6.041   -17.6046 1.7656e-01     1.5566      7.872     11.417     9.8468   999.8045 0.0000e+00
      8.054      0.079     0.0812      0.717    143.476  99.880182     1.4317      6.042   -18.5669 1.4746e-01     1.5470      7.892     11.447     9.8344   999.8055 0.0000e+00
      8.089      0.082     0.0821      0.724    143.395  99.736485     1.4307      6.042   -20.0043 1.3027e-01     1.5217      7.933     11.506     9.8299   999.8061 0.0000e+00
      8.124      0.084     0.0806      0.710    143.531  99.748624     1.4017      6.042   -21.1308 1.2646e-01     1.5134      7.972     11.562     9.8315   999.8069 0.0000e+00
      8.148      0.083     0.0788      0.693    144.001 100.026859     1.3670      6.044   -21.8636 1.2873e-01     1.5123      7.996     11.597     9.8298   999.8079 0.0000e+00
      8.160      0.078     0.0770      0.678    144.591 100.426222     1.3578      6.046   -22.6699 1.3298e-01     1.5076      8.003     11.608     9.8101   999.8096 0.0000e+00
      8.169      0.072     0.0747      0.657    145.053 100.756746     1.3593      6.047   -23.4797 1.3107e-01     1.5226      8.007     11.614     9.7736   999.8126 0.0000e+00
      8.184      0.070     0.0729      0.642    145.441 101.030430     1.3602      6.049   -23.9982 1.2569e-01     1.5951      8.023     11.637     9.7408   999.8156 0.0000e+00
      8.206      0.070     0.0718      0.632    145.860 101.315559     1.3686      6.051   -24.5497 1.2356e-01     1.7291      8.048     11.672     9.7244   999.8172 0.0000e+00
      8.229      0.071     0.0720      0.634    145.896 101.338681     1.3732      6.051   -25.6739 1.2337e-01     1.8307      8.070     11.706     9.7221   999.8177 0.0000e+00
      8.251      0.075     0.0741      0.653    145.576 101.118962     1.3723      6.052   -26.9220 1.2343e-01     1.8409      8.092     11.737     9.7301   999.8174 0.0000e+00
      8.268      0.081     0.0755      0.665    145.702 101.206099     1.3749      6.053   -27.5947 1.2346e-01     1.7874      8.112     11.765     9.7323   999.8174 0.0000e+00
      8.280      0.086     0.0760      0.670    146.407 101.691751     1.3797      6.054   -27.8715 1.2343e-01     1.7410      8.119     11.776     9.7264   999.8182 0.0000e+00
      8.296      0.088     0.0763      0.671    146.905 102.023941     1.3785      6.054   -28.8055 1.2336e-01     1.7381      8.129     11.791     9.7271   999.8182 0.0000e+00
      8.325      0.086     0.0744      0.654    146.958 102.038602     1.3775      6.054   -30.8002 1.2330e-01     1.7528      8.160     11.836     9.7292   999.8178 0.0000e+00
      8.361      0.081     0.0725      0.638    146.933 101.996360     1.3846      6.055   -32.6312 1.2330e-01     1.7874      8.203     11.897     9.7281   999.8182 0.0000e+00
      8.391      0.075     0.0709      0.624    146.995 102.022615     1.3870      6.058   -33.7352 1.2332e-01     1.8289      8.236     11.944     9.7284   999.8188 0.0000e+00
      8.404      0.067     0.0699      0.615    147.110 102.101305     1.3886      6.059   -34.6843 1.2337e-01     1.8283      8.246     11.959     9.7234   999.8194 0.0000e+00
      8.407      0.058     0.0725      0.638    147.220 102.183610     1.3863      6.060   -35.6749 1.2342e-01     1.8128      8.244     11.955     9.7149   999.8201 0.0000e+00
      8.413      0.052     0.0754      0.663    147.317 102.253590     1.3499      6.061   -36.6788 1.2341e-01     1.8384      8.247     11.961     9.7051   999.8209 0.0000e+00
      8.428      0.053     0.0757      0.665    147.327 102.246935     1.3044      6.063   -37.7020 1.2339e-01     1.9086      8.265     11.988     9.6979   999.8216 0.0000e+00
      8.446      0.058     0.0754      0.663    147.076 102.039449     1.2954      6.065   -38.8404 1.2344e-01     1.9734      8.284     12.014     9.6990   999.8216 0.0000e+00
      8.462      0.064     0.0756      0.664    146.599 101.655283     1.3031      6.067   -40.1175 1.2349e-01     1.9984      8.298     12.035     9.7025   999.8214 0.0000e+00
      8.479      0.066     0.0753      0.661    146.365 101.422774     1.2755      6.068   -41.3563 1.2346e-01     2.0153      8.315     12.060     9.7052   999.8213 0.0000e+00
      8.498      0.064     0.0744      0.653    146.415 101.393249     1.2214      6.069   -42.4616 1.2342e-01     2.0130      8.335     12.088     9.7009   999.8218 0.0000e+00
      8.516      0.060     0.0727      0.638    146.336 101.298230     1.1954      6.069   -43.4155 1.2339e-01     2.0033      8.353     12.115     9.6891   999.8228 0.0000e+00
      8.531      0.054     0.0716      0.628    146.278 101.229054     1.1954      6.070   -44.4578 1.2334e-01     1.9963      8.367     12.135     9.6721   999.8240 0.0000e+00
      8.544      0.049     0.0725      0.636    146.453 101.320964     1.2039      6.072   -45.6858 1.2333e-01     1.9289      8.379     12.152     9.6443   999.8263 0.0000e+00
      8.556      0.047     0.0737      0.648    146.584 101.390617     1.2197      6.074   -46.6475 1.2336e-01     1.8104      8.392     12.171     9.6186   999.8287 0.0000e+00
      8.565      0.047     0.0745      0.654    146.377 101.243367     1.2308      6.075   -47.2230 1.2340e-01     1.7434      8.401     12.184     9.6084   999.8294 0.0000e+00
      8.571      0.051     0.0745      0.654    145.940 100.941505     1.2344      6.077   -47.8268 1.2342e-01     1.7420      8.404     12.188     9.6000   999.8301 0.0000e+00
