Data/DataNotYetUploadedToEDI/Raw_CTD/RawDownloads/090419_bvr50.cnv
* Sea-Bird SBE19plus  Data File:
* FileName = C:\DATA\090419_bvr50_0002.hex
* Software version 2.8.0.119 SB_Terminal.dll
* Temperature SN = 7809
* Conductivity SN = 7809
* System UpLoad Time = Sep 04 2019 11:44:29
* <ApplicationData>
* <Seaterm232>
# nquan = 16
# nvalues = 835                         
# units = specified
# name 0 = depFM: Depth [fresh water, m]
# name 1 = dz/dtM: Descent Rate [m/s]
# name 2 = sbeox0Mg/L: Oxygen, SBE 43 [mg/l]
# name 3 = sbeox0PS: Oxygen, SBE 43 [% saturation]
# name 4 = specc: Specific Conductance [uS/cm]
# name 5 = c0uS/cm: Conductivity [uS/cm]
# name 6 = flECO-AFL: Fluorescence, WET Labs ECO-AFL/FL [mg/m^3]
# name 7 = ph: pH
# name 8 = orp: Oxidation Reduction Potential [mV]
# name 9 = par/sat/log: PAR/Logarithmic, Satlantic
# name 10 = turbWETntu0: Turbidity, WET Labs ECO [NTU]
# name 11 = prdM: Pressure, Strain Gauge [db]
# name 12 = prdE: Pressure, Strain Gauge [psi]
# name 13 = tv290C: Temperature [ITS-90, deg C]
# name 14 = density00: Density [density, kg/m^3]
# name 15 = flag:  0.000e+00
# span 0 =     -0.661,     10.262       
# span 1 =     -0.062,      0.322       
# span 2 =     0.0663,     8.5934       
# span 3 =      0.589,     95.277       
# span 4 =      1.926,    190.244       
# span 5 =   1.994179, 129.864874       
# span 6 =    -2.2829,    22.7942       
# span 7 =      6.064,      8.416       
# span 8 =   -57.8115,   940.7404       
# span 9 = 1.2349e-01, 1.9854e+03       
# span 10 =    -0.8905,    26.3730      
# span 11 =     -0.649,     10.064      
# span 12 =     -0.941,     14.596      
# span 13 =     9.0647,    26.7680      
# span 14 =   996.5850,   999.8927      
# span 15 = 0.0000e+00, 0.0000e+00      
# interval = seconds: 0.25
# start_time = Sep 04 2019 11:33:00 [Instrument's time stamp, header]
# bad_flag = -9.990e-29
*END*
[from data line 724]
      8.924      0.091     0.3368      2.955    145.974 100.943317     1.3536      6.103    -0.1802 1.2361e-01     2.4792      8.753     12.694     9.6211   999.8298 0.0000e+00
      8.947      0.087     0.3354      2.941    146.129 101.019291     1.3431      6.105    -0.8940 1.2359e-01     2.4255      8.774     12.726     9.6097   999.8309 0.0000e+00
      8.967      0.083     0.3278      2.875    146.334 101.132251     1.3231      6.108    -1.2804 1.2365e-01     2.3783      8.794     12.755     9.5969   999.8321 0.0000e+00
      8.987      0.081     0.3172      2.782    146.501 101.226542     1.3018      6.109    -1.4108 1.2368e-01     2.3677      8.814     12.783     9.5845   999.8332 0.0000e+00
      9.007      0.078     0.3078      2.698    146.576 101.267841     1.2941      6.111    -1.6964 1.2362e-01     2.3305      8.832     12.810     9.5732   999.8342 0.0000e+00
      9.027      0.074     0.2975      2.608    146.649 101.313193     1.2818      6.113    -2.2381 1.2359e-01     2.2225      8.852     12.838     9.5623   999.8353 0.0000e+00
      9.048      0.068     0.2867      2.513    146.784 101.392809     1.2575      6.114    -2.7981 1.2359e-01     2.1109      8.873     12.869     9.5520   999.8363 0.0000e+00
      9.068      0.061     0.2782      2.438    146.928 101.466311     1.2421      6.116    -3.2189 1.2356e-01     2.0625      8.893     12.899     9.5441   999.8372 0.0000e+00
      9.084      0.055     0.2715      2.379    147.010 101.501396     1.2435      6.118    -3.7980 1.2351e-01     2.0644      8.910     12.923     9.5411   999.8375 0.0000e+00
      9.094      0.050     0.2675      2.344    147.105 101.562283     1.2488      6.119    -4.8105 1.2349e-01     2.0999      8.919     12.936     9.5414   999.8376 0.0000e+00
      9.101      0.050     0.2657      2.329    147.299 101.693053     1.2448      6.121    -5.9095 1.2355e-01     2.1318      8.925     12.944     9.5381   999.8379 0.0000e+00
      9.109      0.054     0.2632      2.306    147.491 101.808920     1.2393      6.121    -6.7621 1.2361e-01     2.1224      8.931     12.954     9.5262   999.8390 0.0000e+00
      9.121      0.060     0.2593      2.271    147.633 101.880644     1.2425      6.121    -7.7197 1.2361e-01     2.0853      8.942     12.970     9.5166   999.8398 0.0000e+00
      9.141      0.067     0.2550      2.233    147.823 101.987105     1.2742      6.121    -9.1413 1.2357e-01     2.0426      8.963     12.999     9.5177   999.8399 0.0000e+00
      9.164      0.072     0.2509      2.196    148.170 102.204576     1.3284      6.121   -10.4428 1.2357e-01     2.0319      8.987     13.035     9.5196   999.8399 0.0000e+00
      9.187      0.075     0.2463      2.156    148.590 102.472228     1.3594      6.122   -11.2381 1.2363e-01     2.0553      9.011     13.070     9.5125   999.8407 0.0000e+00
      9.206      0.076     0.2404      2.104    148.735 102.548601     1.3721      6.122   -11.9603 1.2367e-01     2.0637      9.029     13.095     9.5016   999.8417 0.0000e+00
      9.222      0.075     0.2325      2.034    148.508 102.363777     1.3692      6.123   -12.6363 1.2364e-01     2.0673      9.044     13.117     9.4940   999.8424 0.0000e+00
      9.238      0.074     0.2251      1.969    148.241 102.147982     1.3504      6.125   -13.2172 1.2365e-01     2.0990      9.059     13.140     9.4871   999.8432 0.0000e+00
      9.257      0.074     0.2218      1.939    148.129 102.040908     1.3357      6.127   -13.9933 1.2371e-01     2.1192      9.076     13.164     9.4797   999.8441 0.0000e+00
      9.278      0.075     0.2206      1.929    148.146 102.024346     1.3221      6.127   -14.9652 1.2373e-01     2.1155      9.099     13.196     9.4722   999.8449 0.0000e+00
      9.299      0.077     0.2185      1.910    148.258 102.075063     1.3075      6.128   -15.8485 1.2370e-01     2.1520      9.121     13.227     9.4623   999.8456 0.0000e+00
      9.318      0.078     0.2155      1.884    148.387 102.144641     1.2978      6.130   -16.7572 1.2369e-01     2.2322      9.138     13.254     9.4503   999.8466 0.0000e+00
      9.337      0.079     0.2130      1.861    148.528 102.228773     1.3002      6.131   -17.7779 1.2366e-01     2.2661      9.156     13.281     9.4406   999.8474 0.0000e+00
      9.357      0.080     0.2100      1.835    148.694 102.328101     1.3099      6.132   -18.4682 1.2361e-01     2.2676      9.175     13.308     9.4315   999.8483 0.0000e+00
      9.377      0.080     0.2052      1.792    148.813 102.390358     1.3463      6.132   -19.0798 1.2360e-01     2.2830      9.196     13.338     9.4215   999.8492 0.0000e+00
      9.398      0.078     0.1990      1.738    148.873 102.408360     1.4107      6.134   -20.0963 1.2360e-01     2.2883      9.216     13.368     9.4151   999.8499 0.0000e+00
      9.421      0.075     0.1930      1.687    148.925 102.418379     1.4463      6.136   -21.1226 1.2360e-01     2.2987      9.239     13.399     9.4124   999.8502 0.0000e+00
      9.442      0.070     0.1874      1.637    148.999 102.447789     1.4481      6.136   -21.8528 1.2360e-01     2.3106      9.261     13.431     9.4075   999.8508 0.0000e+00
      9.459      0.065     0.1816      1.586    149.100 102.509193     1.4406      6.138   -22.5580 1.2358e-01     2.3010      9.278     13.456     9.3998   999.8516 0.0000e+00
      9.472      0.060     0.1769      1.545    149.213 102.587662     1.4337      6.140   -23.5404 1.2354e-01     2.3134      9.290     13.474     9.3931   999.8522 0.0000e+00
      9.484      0.055     0.1763      1.539    149.276 102.632352     1.4338      6.141   -24.6106 1.2357e-01     2.3297      9.301     13.490     9.3828   999.8531 0.0000e+00
      9.497      0.052     0.1801      1.573    149.340 102.667443     1.4245      6.142   -25.4308 1.2366e-01     2.3012      9.314     13.508     9.3743   999.8538 0.0000e+00
      9.510      0.052     0.1834      1.602    149.497 102.757208     1.4078      6.143   -26.1438 1.2369e-01     2.2958      9.326     13.527     9.3727   999.8540 0.0000e+00
      9.523      0.054     0.1829      1.597    149.720 102.889787     1.3712      6.144   -26.8653 1.2362e-01     2.2980      9.338     13.544     9.3738   999.8541 0.0000e+00
      9.537      0.057     0.1802      1.573    149.996 103.060441     1.3198      6.144   -27.4432 1.2356e-01     2.2954      9.353     13.565     9.3757   999.8540 0.0000e+00
      9.552      0.061     0.1773      1.547    150.266 103.228436     1.3070      6.145   -27.7963 1.2354e-01     2.3291      9.367     13.586     9.3731   999.8543 0.0000e+00
      9.567      0.066     0.1739      1.517    150.529 103.392566     1.3201      6.146   -28.2955 1.2353e-01     2.3447      9.381     13.606     9.3658   999.8550 0.0000e+00
      9.584      0.070     0.1709      1.490    150.923 103.643817     1.3226      6.146   -29.1770 1.2353e-01     2.2882      9.397     13.629     9.3584   999.8558 0.0000e+00
      9.604      0.074     0.1679      1.465    151.354 103.909897     1.3194      6.146   -30.1093 1.2358e-01     2.1702      9.417     13.658     9.3525   999.8564 0.0000e+00
      9.625      0.076     0.1639      1.430    151.717 104.125902     1.3163      6.147   -31.0494 1.2363e-01     2.0968      9.440     13.691     9.3459   999.8572 0.0000e+00
      9.646      0.076     0.1612      1.405    152.260 104.472242     1.3111      6.148   -32.0255 1.2366e-01     2.0903      9.460     13.721     9.3408   999.8577 0.0000e+00
      9.665      0.076     0.1592      1.388    153.028 104.976688     1.3090      6.149   -32.8766 1.2363e-01     2.1570      9.478     13.746     9.3367   999.8583 0.0000e+00
      9.684      0.075     0.1568      1.367    153.662 105.384683     1.3085      6.149   -33.5969 1.2356e-01     2.2806      9.496     13.773     9.3251   999.8595 0.0000e+00
      9.702      0.074     0.1553      1.353    153.996 105.583811     1.3050      6.150   -34.2810 1.2352e-01     2.3390      9.514     13.800     9.3119   999.8607 0.0000e+00
      9.720      0.073     0.1536      1.338    154.247 105.728309     1.3009      6.151   -34.9535 1.2352e-01     2.3385      9.533     13.826     9.3046   999.8616 0.0000e+00
      9.740      0.072     0.1505      1.311    154.654 105.985309     1.2846      6.151   -35.6204 1.2351e-01     2.2748      9.552     13.855     9.2982   999.8625 0.0000e+00
      9.759      0.072     0.1491      1.298    155.098 106.270801     1.2559      6.152   -36.2352 1.2352e-01     2.1590      9.570     13.881     9.2890   999.8636 0.0000e+00
      9.776      0.071     0.1496      1.303    155.380 106.441316     1.2398      6.152   -36.5359 1.2357e-01     2.0857      9.587     13.905     9.2791   999.8645 0.0000e+00
      9.794      0.070     0.1499      1.305    155.808 106.709386     1.2377      6.153   -36.4179 1.2359e-01     2.0762      9.604     13.930     9.2690   999.8654 0.0000e+00
      9.812      0.068     0.1486      1.294    156.302 107.027818     1.2390      6.154   -36.0984 1.2357e-01     2.1426      9.622     13.955     9.2626   999.8662 0.0000e+00
      9.829      0.065     0.1454      1.266    156.340 107.042919     1.2469      6.155   -35.7703 1.2356e-01     2.2329      9.640     13.981     9.2576   999.8669 0.0000e+00
      9.846      0.061     0.1422      1.237    156.225 106.955684     1.2546      6.155   -35.6343 1.2360e-01     2.2832      9.655     14.005     9.2503   999.8675 0.0000e+00
      9.863      0.056     0.1382      1.202    156.202 106.928520     1.2536      6.156   -36.0026 1.2364e-01     2.3247      9.672     14.029     9.2414   999.8685 0.0000e+00
      9.878      0.051     0.1327      1.154    156.084 106.841870     1.2352      6.157   -36.8676 1.2362e-01     2.3421      9.689     14.053     9.2334   999.8696 0.0000e+00
      9.890      0.046     0.1277      1.111    155.911 106.736037     1.2056      6.158   -37.8334 1.2355e-01     2.3290      9.700     14.068     9.2317   999.8696 0.0000e+00
      9.899      0.045     0.1249      1.087    155.872 106.731744     1.1903      6.160   -38.5604 1.2353e-01     2.3301      9.708     14.079     9.2300   999.8697 0.0000e+00
      9.906      0.048     0.1255      1.093    156.302 107.044773     1.1889      6.160   -38.9457 1.2354e-01     2.3233      9.715     14.090     9.2251   999.8702 0.0000e+00
      9.915      0.056     0.1279      1.113    157.558 107.909278     1.1980      6.160   -39.1362 1.2354e-01     2.2795      9.722     14.100     9.2205   999.8705 0.0000e+00
      9.928      0.066     0.1288      1.121    159.511 109.222017     1.2217      6.160   -39.3156 1.2359e-01     2.2597      9.733     14.117     9.2261   999.8701 0.0000e+00
      9.949      0.075     0.1273      1.107    161.634 110.622496     1.2415      6.159   -39.5662 1.2364e-01     2.2801      9.753     14.147     9.2361   999.8693 0.0000e+00
      9.974      0.082     0.1253      1.089    164.366 112.419729     1.2467      6.159   -40.0149 1.2364e-01     2.2967      9.781     14.187     9.2413   999.8691 0.0000e+00
     10.000      0.085     0.1251      1.087    167.835 114.705401     1.2506      6.159   -40.6973 1.2368e-01     2.3620      9.807     14.224     9.2460   999.8693 0.0000e+00
     10.023      0.085     0.1259      1.093    170.344 116.339418     1.2536      6.160   -41.3641 1.2368e-01     2.4799      9.830     14.257     9.2381   999.8709 0.0000e+00
     10.044      0.081     0.1254      1.088    171.311 116.947071     1.2490      6.160   -41.8826 1.2361e-01     2.5415      9.851     14.288     9.2188   999.8732 0.0000e+00
     10.063      0.076     0.1230      1.067    171.733 117.209260     1.2461      6.160   -42.4066 1.2362e-01     2.5503      9.869     14.314     9.1982   999.8757 0.0000e+00
     10.080      0.072     0.1213      1.052    172.039 117.406461     1.2445      6.160   -42.9676 1.2365e-01     2.5541      9.885     14.337     9.1698   999.8798 0.0000e+00
     10.097      0.069     0.1208      1.048    172.719 117.865627     1.2121      6.159   -43.4166 1.2361e-01     2.4235      9.902     14.362     9.1421   999.8830 0.0000e+00
     10.114      0.068     0.1188      1.031    174.489 119.064574     1.1492      6.159   -43.6194 1.2356e-01     2.1827      9.919     14.386     9.1280   999.8841 0.0000e+00
     10.131      0.064     0.1169      1.014    176.611 120.494411     1.1087      6.159   -43.6994 1.2356e-01     2.0680      9.935     14.409     9.1220   999.8849 0.0000e+00
     10.149      0.058     0.1167      1.013    177.867 121.322884     1.1036      6.160   -43.9524 1.2360e-01     2.0533      9.953     14.435     9.1191   999.8852 0.0000e+00
     10.166      0.051     0.1167      1.013    178.271 121.560358     1.1387      6.160   -44.4422 1.2366e-01     2.0705      9.971     14.461     9.1190   999.8854 0.0000e+00
     10.180      0.043     0.1158      1.004    178.163 121.453392     1.2043      6.160   -45.1478 1.2368e-01     2.1771      9.986     14.483     9.1168   999.8864 0.0000e+00
     10.188      0.034     0.1146      0.994    177.974 121.304385     1.2381      6.161   -46.0305 1.2363e-01     2.2936      9.993     14.493     9.1116   999.8879 0.0000e+00
     10.193      0.025     0.1159      1.005    177.964 121.288511     1.2353      6.163   -46.8555 1.2358e-01     2.3322      9.997     14.499     9.1045   999.8888 0.0000e+00
     10.197      0.019     0.1195      1.036    177.645 121.070227     1.2221      6.165   -47.4651 1.2357e-01     2.2510     10.000     14.503     9.0915   999.8899 0.0000e+00
     10.200      0.015     0.1216      1.054    177.104 120.704818     1.1996      6.165   -47.8943 1.2360e-01     2.1303     10.002     14.507     9.0809   999.8906 0.0000e+00
     10.203      0.013     0.1204      1.044    177.094 120.694808     1.1808      6.166   -48.2597 1.2360e-01     2.1178     10.006     14.513     9.0764   999.8908 0.0000e+00
     10.207      0.013     0.1175      1.019    177.394 120.885472     1.1766      6.169   -48.6995 1.2358e-01     2.1329     10.010     14.519     9.0734   999.8913 0.0000e+00
     10.211      0.013     0.1152      0.999    177.258 120.779208     1.1916      6.170   -49.3404 1.2358e-01     2.1491     10.014     14.524     9.0735   999.8911 0.0000e+00
     10.214      0.012     0.1135      0.983    176.649 120.366056     1.2161      6.170   -50.0718 1.2357e-01     2.2158     10.016     14.527     9.0760   999.8905 0.0000e+00
     10.217      0.012     0.1122      0.973    175.948 119.905657     1.2294      6.172   -50.6592 1.2360e-01     2.2517     10.019     14.532     9.0762   999.8907 0.0000e+00
     10.220      0.012     0.1123      0.974    175.293 119.483047     1.2307      6.174   -51.1942 1.2368e-01     2.2550     10.022     14.536     9.0706   999.8914 0.0000e+00
     10.223      0.012     0.1114      0.966    174.583 119.016797     1.2153      6.176   -51.8944 1.2368e-01     2.2225     10.024     14.539     9.0647   999.8917 0.0000e+00
     10.226      0.013     0.1102      0.956    173.865 118.538526     1.1906      6.177   -52.7585 1.2359e-01     2.1541     10.028     14.544     9.0651   999.8914 0.0000e+00
     10.228      0.014     0.1111      0.963    173.565 118.352878     1.1834      6.178   -53.4682 1.2355e-01     2.1164     10.030     14.549     9.0714   999.8907 0.0000e+00
     10.231      0.016     0.1133      0.982    174.473 119.002819     1.1975      6.180   -53.7646 1.2360e-01     2.0935     10.034     14.552     9.0796   999.8898 0.0000e+00
     10.236      0.017     0.1153      1.001    177.709 121.234391     1.2215      6.180   -53.6749 1.2368e-01     2.1401     10.038     14.558     9.0854   999.8892 0.0000e+00
     10.241      0.017     0.1138      0.988    182.935 124.810017     1.2391      6.182   -53.5021 1.2366e-01     2.2539     10.043     14.566     9.0856   999.8889 0.0000e+00
