Data/DataNotYetUploadedToEDI/Raw_CTD/RawDownloads/090419_fcr50.cnv
* Sea-Bird SBE19plus  Data File:
* FileName = C:\DATA\090419_bvr50_0001.hex
* Software version 2.8.0.119 SB_Terminal.dll
* Temperature SN = 7809
* Conductivity SN = 7809
* System UpLoad Time = Sep 04 2019 11:44:02
* <ApplicationData>
* <Seaterm232>
# nquan = 16
# nvalues = 496                         
# units = specified
# name 0 = depFM: Depth [fresh water, m]
# name 1 = dz/dtM: Descent Rate [m/s]
# name 2 = sbeox0Mg/L: Oxygen, SBE 43 [mg/l]
# name 3 = sbeox0PS: Oxygen, SBE 43 [% saturation]
# name 4 = specc: Specific Conductance [uS/cm]
# name 5 = c0uS/cm: Conductivity [uS/cm]
# name 6 = flECO-AFL: Fluorescence, WET Labs ECO-AFL/FL [mg/m^3]
# name 7 = ph: pH
# name 8 = orp: Oxidation Reduction Potential [mV]
# name 9 = par/sat/log: PAR/Logarithmic, Satlantic
# name 10 = turbWETntu0: Turbidity, WET Labs ECO [NTU]
# name 11 = prdM: Pressure, Strain Gauge [db]
# name 12 = prdE: Pressure, Strain Gauge [psi]
# name 13 = tv290C: Temperature [ITS-90, deg C]
# name 14 = density00: Density [density, kg/m^3]
# name 15 = flag:  0.000e+00
# span 0 =     -0.577,      9.543       
# span 1 =     -0.005,      0.225       
# span 2 =     2.9376,     8.6465       
# span 3 =     27.517,    104.700       
# span 4 =      0.889,     69.106       
# span 5 =   0.872106,  55.617656       
# span 6 =    -0.6576,    15.3082       
# span 7 =     -2.356,      7.968       
# span 8 =  -516.3619,   147.6590       
# span 9 = 1.2355e-01, 1.3887e+03       
# span 10 =    -1.5867,    27.4839      
# span 11 =     -0.566,      9.359      
# span 12 =     -0.821,     13.573      
# span 13 =    12.3984,    25.0652      
# span 14 =   997.0509,   999.5213      
# span 15 = 0.0000e+00, 0.0000e+00      
# interval = seconds: 0.25
# start_time = Sep 04 2019 10:12:19 [Instrument's time stamp, header]
# bad_flag = -9.990e-29
*END*
[from data line 91]
     -0.034 7.1820e-18     7.9636     96.060     36.532  36.401386     0.9245      7.715    77.5851 1.3661e+03     7.2672     -0.034     -0.049    24.8239   997.1097 0.0000e+00
     -0.034 6.5290e-19     7.9656     96.080     36.526  36.394474     0.9277      7.712    78.3236 1.3661e+03     7.3886     -0.033     -0.049    24.8217   997.1102 0.0000e+00
     -0.034 5.9355e-20     7.9657     96.078     36.521  36.387266     0.9252      7.708    78.4542 1.3661e+03     7.4432     -0.033     -0.049    24.8195   997.1108 0.0000e+00
     -0.034 5.3960e-21     7.9648     96.063     36.512  36.377701     0.9193      7.704    78.4762 1.3644e+03     7.4353     -0.033     -0.049    24.8172   997.1114 0.0000e+00
     -0.034 4.9052e-22     7.9650     96.063     36.542  36.405767     0.9173      7.701    78.6754 1.3608e+03     7.4576     -0.033     -0.049    24.8152   997.1119 0.0000e+00
     -0.034 4.4593e-23     7.9654     96.064     36.547  36.409243     0.9272      7.697    79.0564 1.3538e+03     7.4835     -0.034     -0.049    24.8133   997.1124 0.0000e+00
     -0.034 4.0539e-24     7.9648     96.052     36.495  36.356253     0.9347      7.693    79.5552 1.3410e+03     7.4857     -0.033     -0.049    24.8112   997.1129 0.0000e+00
     -0.034 3.6854e-25     7.9650     96.052     36.477  36.336323     0.9306      7.688    79.9740 1.3216e+03     7.4846     -0.034     -0.049    24.8094   997.1133 0.0000e+00
     -0.034 3.3503e-26     7.9668     96.069     36.501  36.358683     0.9286      7.684    80.2488 1.2967e+03     7.5026     -0.034     -0.050    24.8074   997.1139 0.0000e+00
     -0.034 3.0458e-27     7.9689     96.090     36.517  36.372710     0.9282      7.681    80.3821 1.2671e+03     7.5066     -0.033     -0.049    24.8053   997.1144 0.0000e+00
     -0.034 2.7689e-28     7.9706     96.108     36.524  36.378980     0.9259      7.678    80.1226 1.2353e+03     7.4679     -0.033     -0.048    24.8035   997.1148 0.0000e+00
     -0.034 2.5172e-29     7.9722     96.123     36.518  36.371024     0.9273      7.674    79.6926 1.2057e+03     7.4602     -0.033     -0.049    24.8016   997.1153 0.0000e+00
     -0.034 2.2922e-30     7.9735     96.135     36.488  36.339985     0.9194      7.672    79.6572 1.1812e+03     7.4798     -0.033     -0.048    24.7993   997.1159 0.0000e+00
     -0.034 2.5009e-31     7.9735     96.132     36.471  36.321040     0.9081      7.670    80.1253 1.1618e+03     7.4756     -0.033     -0.049    24.7972   997.1164 0.0000e+00
     -0.034 4.8157e-31     7.9731     96.124     36.484  36.332371     0.9117      7.668    80.7918 1.1479e+03     7.4746     -0.033     -0.048    24.7950   997.1170 0.0000e+00
     -0.034 5.0909e-30     7.9734     96.124     36.503  36.350039     0.9192      7.666    80.7466 1.1417e+03     7.4678     -0.033     -0.049    24.7929   997.1175 0.0000e+00
     -0.034 5.5981e-29     7.9738     96.126     36.498  36.344254     0.9217      7.664    80.0096 1.1406e+03     7.4588     -0.033     -0.049    24.7908   997.1181 0.0000e+00
     -0.034 6.1579e-28     7.9741     96.125     36.481  36.325894     0.9153      7.659    79.9679 1.1442e+03     7.4644     -0.034     -0.049    24.7887   997.1186 0.0000e+00
     -0.034 6.7737e-27     7.9749     96.132     36.475  36.318459     0.9118      7.655    80.6724 1.1527e+03     7.4694     -0.034     -0.049    24.7868   997.1191 0.0000e+00
     -0.034 7.4511e-26     7.9767     96.151     36.475  36.317825     0.9224      7.651    81.3862 1.1632e+03     7.4864     -0.033     -0.048    24.7849   997.1196 0.0000e+00
     -0.034 8.1962e-25     7.9772     96.155     36.477  36.318232     0.9309      7.648    81.9737 1.1764e+03     7.5062     -0.033     -0.049    24.7832   997.1200 0.0000e+00
     -0.034 9.0158e-24     7.9766     96.144     36.483  36.323381     0.9276      7.644    81.7529 1.1890e+03     7.5126     -0.033     -0.048    24.7812   997.1205 0.0000e+00
     -0.034 9.9174e-23     7.9774     96.152     36.478  36.316602     0.9169      7.640    80.8680 1.2004e+03     7.4985     -0.033     -0.048    24.7794   997.1210 0.0000e+00
     -0.034 1.0909e-21     7.9786     96.163     36.462  36.299733     0.9147      7.636    80.5664 1.2142e+03     7.4665     -0.033     -0.049    24.7779   997.1213 0.0000e+00
     -0.034 1.2000e-20     7.9788     96.162     36.473  36.309833     0.9273      7.631    80.7743 1.2286e+03     7.4530     -0.033     -0.049    24.7764   997.1217 0.0000e+00
     -0.034 1.3200e-19     7.9796     96.169     36.540  36.375244     0.9307      7.627    81.2307 1.2433e+03     7.4010     -0.033     -0.049    24.7748   997.1221 0.0000e+00
     -0.034 1.4520e-18     7.9791     96.165     36.684  36.519366     0.9205      7.624    81.8681 1.2598e+03     7.2965     -0.033     -0.048    24.7732   997.1224 0.0000e+00
     -0.034 1.5972e-17     7.9755     96.138     36.814  36.656021     0.9171      7.621    81.8571 1.2778e+03     7.2389     -0.033     -0.048    24.7714   997.1230 0.0000e+00
     -0.034 1.7569e-16     7.9702     96.113     36.773  36.631156     0.9234      7.618    81.2691 1.2960e+03     7.2294     -0.033     -0.049    24.7697   997.1234 0.0000e+00
     -0.034 1.9326e-15     7.9643     96.100     36.591  36.472636     0.9446      7.616    81.0387 1.3110e+03     7.2141     -0.033     -0.048    24.7682   997.1238 0.0000e+00
     -0.034 2.1259e-14     7.9592     96.092     36.421  36.326207     0.9654      7.614    81.3087 1.3234e+03     7.2180     -0.033     -0.049    24.7668   997.1242 0.0000e+00
     -0.034 2.3385e-13     7.9575     96.084     36.346  36.257103     0.9666      7.611    81.6939 1.3365e+03     7.2759     -0.033     -0.049    24.7730   997.1227 0.0000e+00
     -0.034 2.5723e-12     7.9608     96.069     36.384  36.271829     0.9686      7.609    82.0832 1.3492e+03     7.2913     -0.033     -0.048    24.7976   997.1164 0.0000e+00
     -0.034 2.8296e-11     7.9678     96.058     36.466  36.313814     0.9806      7.606    82.4022 1.3582e+03     7.2404     -0.033     -0.048    24.8319   997.1077 0.0000e+00
     -0.034 3.1125e-10     7.9741     96.060     36.503  36.320383     0.9909      7.603    82.5390 1.3636e+03     7.2178     -0.033     -0.049    24.8710   997.0976 0.0000e+00
     -0.034 3.4238e-09     7.9765     96.060     36.482  36.287740     0.9888      7.601    82.6182 1.3668e+03     7.2147     -0.033     -0.048    24.8891   997.0930 0.0000e+00
     -0.034 3.7661e-08     7.9762     96.052     36.432  36.236462     0.9803      7.598    82.7583 1.3681e+03     7.2357     -0.033     -0.049    24.8489   997.1033 0.0000e+00
     -0.034 4.1428e-07     7.9765     96.051     36.405  36.208152     0.9760      7.595    82.9419 1.3684e+03     7.2743     -0.034     -0.049    24.7791   997.1210 0.0000e+00
     -0.034      0.000     7.9780     96.066     36.399  36.199337     0.9628      7.592    83.4614 1.3683e+03     7.3864     -0.033     -0.049    24.7325   997.1328 0.0000e+00
     -0.034      0.000     7.9789     96.075     36.393  36.193348     0.9417      7.589    84.2216 1.3676e+03     7.6077     -0.033     -0.049    24.7243   997.1350 0.0000e+00
     -0.034      0.001     7.9781     96.071     36.396  36.199204     0.9292      7.587    84.4759 1.3674e+03     7.7216     -0.033     -0.048    24.7264   997.1344 0.0000e+00
     -0.034      0.001     7.9778     96.078     36.399  36.206682     0.9240      7.587    84.2126 1.3683e+03     7.7154     -0.033     -0.049    24.7236   997.1351 0.0000e+00
     -0.033      0.002     7.9783     96.098     36.407  36.220301     0.9398      7.586    83.9639 1.3692e+03     7.6314     -0.033     -0.048    24.7202   997.1360 0.0000e+00
     -0.033      0.004     7.9782     96.106     36.420  36.236929     0.9728      7.585    84.6520 1.3692e+03     7.4261     -0.032     -0.047    24.7185   997.1365 0.0000e+00
     -0.033      0.008     7.9777     96.109     36.397  36.217326     0.9841      7.576    86.1669 1.3692e+03     7.2657     -0.032     -0.047    24.7228   997.1354 0.0000e+00
     -0.032      0.014     7.9786     96.129     36.349  36.173692     0.9812      7.551    86.7928 1.3701e+03     7.2322     -0.032     -0.046    24.7304   997.1334 0.0000e+00
     -0.029      0.019     7.9812     96.170     36.325  36.153657     0.9725      7.516    86.4552 1.3717e+03     7.4138     -0.030     -0.043    24.7378   997.1315 0.0000e+00
     -0.022      0.023     7.9854     96.224     36.336  36.165507     0.9489      7.487    86.0425 1.3742e+03     7.7581     -0.024     -0.035    24.7432   997.1302 0.0000e+00
     -0.012      0.025     7.9911     96.294     36.360  36.190032     0.9301      7.466    85.7604 1.3751e+03     7.9216     -0.011     -0.016    24.7464   997.1294 0.0000e+00
     -0.003      0.026     7.9971     96.369     36.365  36.196301     0.9179      7.449    86.2283 1.3731e+03     7.8827     -0.001     -0.001    24.7531   997.1277 0.0000e+00
      0.002      0.024     8.0035     96.446     36.346  36.177837     0.9144      7.436    87.3111 1.3717e+03     7.7464      0.001      0.002    24.7594   997.1262 0.0000e+00
      0.008      0.019     8.0100     96.524     36.326  36.157198     0.9226      7.430    87.9258 1.3717e+03     7.5511      0.008      0.012    24.7597   997.1261 0.0000e+00
      0.014      0.014     8.0141     96.572     36.306  36.137164     0.9309      7.430    88.0679 1.3713e+03     7.4557      0.015      0.023    24.7611   997.1257 0.0000e+00
      0.016      0.010     8.0166     96.602     36.295  36.126020     0.9362      7.431    87.9110 1.3701e+03     7.4456      0.016      0.024    24.7631   997.1253 0.0000e+00
      0.017      0.008     8.0205     96.650     36.318  36.149410     0.9348      7.434    87.5777 1.3687e+03     7.4610      0.016      0.023    24.7629   997.1253 0.0000e+00
      0.017      0.007     8.0237     96.690     36.334  36.166085     0.9315      7.437    87.9095 1.3672e+03     7.5110      0.017      0.024    24.7621   997.1255 0.0000e+00
      0.018      0.007     8.0244     96.702     36.304  36.137216     0.9310      7.437    88.6532 1.3448e+03     7.5254      0.018      0.026    24.7611   997.1258 0.0000e+00
      0.020      0.008     8.0252     96.715     36.283  36.117706     0.9282      7.436    88.9990 1.2473e+03     7.5039      0.020      0.030    24.7610   997.1258 0.0000e+00
      0.023      0.008     8.0258     96.724     36.285  36.120609     0.9240      7.435    88.9922 1.0823e+03     7.4805      0.022      0.033    24.7618   997.1256 0.0000e+00
      0.027      0.007     8.0250     96.718     36.272  36.108851     0.9407      7.435    88.9155 9.6115e+02     7.4385      0.027      0.039    24.7625   997.1255 0.0000e+00
      0.030      0.006     8.0254     96.727     36.264  36.102484     0.9739      7.435    88.8457 9.1350e+02     7.4234      0.030      0.043    24.7646   997.1249 0.0000e+00
      0.030      0.005     8.0263     96.742     36.267  36.107103     0.9879      7.435    88.8371 8.5849e+02     7.4618      0.030      0.043    24.7668   997.1244 0.0000e+00
      0.030      0.003     8.0267     96.751     36.259  36.101229     0.9875      7.435    89.1551 7.7768e+02     7.4760      0.030      0.044    24.7675   997.1242 0.0000e+00
      0.030      0.001     8.0277     96.762     36.253  36.094929     0.9875      7.432    89.7657 7.0053e+02     7.4311      0.030      0.043    24.7685   997.1239 0.0000e+00
      0.030      0.000     8.0289     96.776     36.253  36.094397     0.9877      7.427    90.3690 6.2081e+02     7.4115      0.030      0.043    24.7715   997.1232 0.0000e+00
      0.030 2.2339e-08     8.0289     96.774     36.254  36.094802     0.9898      7.422    90.6848 5.2389e+02     7.4679      0.030      0.044    24.7747   997.1224 0.0000e+00
      0.030 2.4573e-07     8.0269     96.749     36.259  36.099832     0.9872      7.420    90.1421 4.1029e+02     7.5232      0.030      0.043    24.7765   997.1220 0.0000e+00
      0.030 2.4573e-07     8.0248     96.726     36.250  36.091740     0.9645      7.419    89.2279 3.1836e+02     7.4567      0.030      0.043    24.7766   997.1219 0.0000e+00
      0.030 2.2339e-08     8.0237     96.716     36.218  36.060436     0.9315      7.420    89.1816 2.8002e+02     7.2869      0.029      0.043    24.7754   997.1222 0.0000e+00
      0.031 2.0308e-09     8.0233     96.712     36.195  36.038696     0.9184      7.422    89.5829 2.5219e+02     7.2074      0.030      0.044    24.7740   997.1225 0.0000e+00
      0.031 1.8462e-10     8.0240     96.718     36.177  36.019281     0.9179      7.422    89.8634 2.2308e+02     7.2486      0.030      0.044    24.7740   997.1226 0.0000e+00
      0.030 1.6784e-11     8.0247     96.723     36.175  36.016109     0.9178      7.423    90.1643 2.1595e+02     7.4249      0.030      0.043    24.7756   997.1221 0.0000e+00
      0.030 1.5260e-12     8.0243     96.718     36.223  36.063814     0.9167      7.423    89.7788 2.1959e+02     7.7006      0.030      0.043    24.7777   997.1216 0.0000e+00
      0.030 1.4142e-13     8.0237     96.715     36.246  36.088310     0.9134      7.423    88.9023 2.3509e+02     7.8286      0.030      0.044    24.7784   997.1214 0.0000e+00
      0.030 4.2488e-14     8.0240     96.723     36.214  36.058405     0.9215      7.423    88.7738 2.9110e+02     7.8582      0.029      0.043    24.7765   997.1219 0.0000e+00
      0.030 3.2981e-13     8.0249     96.736     36.175  36.019597     0.9283      7.422    89.0845 3.8513e+02     7.6987      0.029      0.043    24.7736   997.1226 0.0000e+00
      0.030 3.6154e-12     8.0263     96.751     36.156  35.999908     0.9166      7.422    89.4765 5.1566e+02     7.2760      0.030      0.043    24.7728   997.1229 0.0000e+00
      0.030 3.9768e-11     8.0275     96.762     36.167  36.010760     0.9102      7.422    89.6411 6.7952e+02     7.0080      0.030      0.044    24.7757   997.1221 0.0000e+00
      0.030 4.3745e-10     8.0273     96.759     36.181  36.023858     0.9201      7.422    89.0959 8.1322e+02     6.9824      0.030      0.043    24.7800   997.1209 0.0000e+00
      0.030 4.8119e-09     8.0266     96.753     36.188  36.031343     0.9237      7.421    88.7344 9.0797e+02     7.0644      0.030      0.043    24.7811   997.1207 0.0000e+00
      0.030 5.2931e-08     8.0259     96.748     36.193  36.037790     0.9196      7.420    88.8842 9.8578e+02     7.1796      0.029      0.043    24.7792   997.1212 0.0000e+00
      0.031 5.8224e-07     8.0249     96.738     36.193  36.038334     0.9224      7.419    89.3585 1.0227e+03     7.2291      0.030      0.044    24.7772   997.1218 0.0000e+00
      0.031      0.000     8.0242     96.729     36.193  36.037928     0.9226      7.417    89.9960 1.0310e+03     7.2363      0.030      0.044    24.7765   997.1219 0.0000e+00
      0.030      0.000     8.0237     96.721     36.188  36.032873     0.9141      7.415    89.9670 1.0427e+03     7.2344      0.029      0.043    24.7781   997.1215 0.0000e+00
      0.030      0.001     8.0225     96.704     36.196  36.040683     0.9311      7.415    89.4374 1.0425e+03     7.3034      0.030      0.043    24.7801   997.1210 0.0000e+00
      0.030      0.004     8.0230     96.712     36.224  36.068897     0.9728      7.415    89.3577 1.0253e+03     7.4159      0.029      0.043    24.7811   997.1207 0.0000e+00
      0.030      0.009     8.0256     96.753     36.208  36.056647     0.9846      7.416    89.8629 1.0202e+03     7.4472      0.030      0.043    24.7812   997.1207 0.0000e+00
      0.031      0.016     8.0271     96.789     36.163  36.019513     0.9781      7.417    90.6417 1.0227e+03     7.4532      0.030      0.044    24.7800   997.1210 0.0000e+00
      0.034      0.026     8.0295     96.838     36.200  36.064217     0.9808      7.414    91.3748 1.0155e+03     7.6187      0.032      0.045    24.7781   997.1215 0.0000e+00
