Data/DataNotYetUploadedToEDI/Raw_CTD/RawDownloads/090419_bvr50.cnv
* Sea-Bird SBE19plus  Data File:
* FileName = C:\DATA\090419_bvr50_0002.hex
* Software version 2.8.0.119 SB_Terminal.dll
* Temperature SN = 7809
* Conductivity SN = 7809
* System UpLoad Time = Sep 04 2019 11:44:29
* <ApplicationData>
* <Seaterm232>
# nquan = 16
# nvalues = 835                         
# units = specified
# name 0 = depFM: Depth [fresh water, m]
# name 1 = dz/dtM: Descent Rate [m/s]
# name 2 = sbeox0Mg/L: Oxygen, SBE 43 [mg/l]
# name 3 = sbeox0PS: Oxygen, SBE 43 [% saturation]
# name 4 = specc: Specific Conductance [uS/cm]
# name 5 = c0uS/cm: Conductivity [uS/cm]
# name 6 = flECO-AFL: Fluorescence, WET Labs ECO-AFL/FL [mg/m^3]
# name 7 = ph: pH
# name 8 = orp: Oxidation Reduction Potential [mV]
# name 9 = par/sat/log: PAR/Logarithmic, Satlantic
# name 10 = turbWETntu0: Turbidity, WET Labs ECO [NTU]
# name 11 = prdM: Pressure, Strain Gauge [db]
# name 12 = prdE: Pressure, Strain Gauge [psi]
# name 13 = tv290C: Temperature [ITS-90, deg C]
# name 14 = density00: Density [density, kg/m^3]
# name 15 = flag:  0.000e+00
# span 0 =     -0.661,     10.262       
# span 1 =     -0.062,      0.322       
# span 2 =     0.0663,     8.5934       
# span 3 =      0.589,     95.277       
# span 4 =      1.926,    190.244       
# span 5 =   1.994179, 129.864874       
# span 6 =    -2.2829,    22.7942       
# span 7 =      6.064,      8.416       
# span 8 =   -57.8115,   940.7404       
# span 9 = 1.2349e-01, 1.9854e+03       
# span 10 =    -0.8905,    26.3730      
# span 11 =     -0.649,     10.064      
# span 12 =     -0.941,     14.596      
# span 13 =     9.0647,    26.7680      
# span 14 =   996.5850,   999.8927      
# span 15 = 0.0000e+00, 0.0000e+00      
# interval = seconds: 0.25
# start_time = Sep 04 2019 11:33:00 [Instrument's time stamp, header]
# bad_flag = -9.990e-29
*END*
[from data line 181]
      0.010 2.0558e-08     7.5226     93.689     27.424  28.287625     1.6724      7.387   153.3855 1.1820e+03     1.6163      0.010      0.014    26.5775   996.6462 0.0000e+00
      0.010 2.2614e-07     7.5209     93.666     27.425  28.288778     1.6756      7.385   153.3133 1.2608e+03     1.6301      0.011      0.015    26.5741   996.6471 0.0000e+00
      0.010 2.2606e-07     7.5206     93.662     27.415  28.278492     1.6666      7.381   153.2716 1.2534e+03     1.6619      0.010      0.014    26.5711   996.6479 0.0000e+00
      0.009 1.9617e-08     7.5213     93.671     27.427  28.290141     1.6416      7.378   153.1396 1.1989e+03     1.6738      0.009      0.012    26.5696   996.6483 0.0000e+00
      0.009 -8.487e-09     7.5208     93.663     27.440  28.302735     1.6241      7.378   152.9223 1.1996e+03     1.6438      0.008      0.011    26.5686   996.6486 0.0000e+00
      0.009 -1.137e-07     7.5195     93.647     27.441  28.303879     1.6201      7.377   152.6223 1.2049e+03     1.6259      0.009      0.013    26.5680   996.6488 0.0000e+00
      0.009 -1.044e-07     7.5192     93.643     27.441  28.303974     1.6181      7.375   152.4378 1.2008e+03     1.6543      0.010      0.014    26.5675   996.6489 0.0000e+00
      0.009 5.2695e-10     7.5202     93.655     27.441  28.303880     1.5836      7.370   152.4988 1.2080e+03     1.6596      0.009      0.013    26.5671   996.6490 0.0000e+00
      0.009 5.7964e-09     7.5220     93.675     27.440  28.302736     1.5149      7.364   152.5848 1.2159e+03     1.6241      0.009      0.013    26.5668   996.6491 0.0000e+00
      0.009 6.3761e-08     7.5227     93.683     27.428  28.290141     1.4812      7.356   152.6176 1.2174e+03     1.6184      0.009      0.012    26.5667   996.6492 0.0000e+00
      0.009 7.0137e-07     7.5218     93.672     27.416  28.278490     1.4795      7.346   152.6371 1.2007e+03     1.6560      0.009      0.014    26.5666   996.6492 0.0000e+00
      0.009      0.000     7.5204     93.654     27.426  28.288756     1.3897      7.338   152.6485 1.1650e+03     1.6528      0.010      0.015    26.5663   996.6493 0.0000e+00
      0.009      0.000     7.5199     93.648     27.425  28.287374     1.2196      7.331   152.4978 1.1506e+03     1.6132      0.009      0.013    26.5656   996.6495 0.0000e+00
      0.009      0.001     7.5196     93.645     27.400  28.261788     1.1301      7.325   151.6743 1.1729e+03     1.6356      0.009      0.013    26.5651   996.6496 0.0000e+00
      0.009      0.003     7.5189     93.636     27.373  28.233176     1.1224      7.318   151.1241 1.2015e+03     1.6936      0.009      0.013    26.5652   996.6495 0.0000e+00
      0.009      0.008     7.5201     93.646     27.337  28.195203     1.1095      7.301   151.8691 1.2083e+03     1.6923      0.009      0.013    26.5654   996.6495 0.0000e+00
      0.010      0.018     7.5246     93.684     27.332  28.183336     1.0872      7.268   152.4215 1.2204e+03     1.6201      0.010      0.016    26.5652   996.6495 0.0000e+00
      0.011      0.028     7.5335     93.760     27.375  28.216572     1.0696      7.231   151.0922 1.3084e+03     1.5746      0.011      0.014    26.5651   996.6496 0.0000e+00
      0.018      0.038     7.5441     93.870     27.382  28.216363     1.0619      7.209   147.4978 1.4288e+03     1.6010      0.013      0.018    26.5648   996.6497 0.0000e+00
      0.034      0.049     7.5536     93.996     27.345  28.180800     1.0195      7.207   143.8081 1.4083e+03     1.6435      0.031      0.046    26.5649   996.6497 0.0000e+00
      0.054      0.062     7.5655     94.152     27.329  28.167260     0.9389      7.213   142.1864 1.2764e+03     1.6298      0.057      0.082    26.5577   996.6517 0.0000e+00
      0.069      0.073     7.5834     94.361     27.345  28.179540     0.8935      7.214   141.8288 1.2307e+03     1.5666      0.070      0.102    26.5280   996.6599 0.0000e+00
      0.083      0.079     7.6055     94.613     27.375  28.202387     0.8870      7.203   141.4629 1.1765e+03     1.5667      0.076      0.111    26.5068   996.6656 0.0000e+00
      0.105      0.077     7.6250     94.854     27.363  28.189699     0.9819      7.188   140.8594 1.0338e+03     1.6317      0.100      0.145    26.5235   996.6612 0.0000e+00
      0.135      0.070     7.6385     95.045     27.320  28.153022     1.1824      7.186   140.3827 9.1695e+02     1.6322      0.133      0.193    26.5347   996.6583 0.0000e+00
      0.161      0.063     7.6496     95.191     27.305  28.139615     1.2989      7.197   140.2600 8.1672e+02     1.5724      0.163      0.236    26.5208   996.6622 0.0000e+00
      0.176      0.058     7.6591     95.275     27.330  28.154488     1.3078      7.211   140.3219 9.1663e+02     1.5636      0.178      0.259    26.4995   996.6681 0.0000e+00
      0.178      0.055     7.6553     95.164     27.400  28.205946     1.3070      7.218   140.3564 1.1060e+03     1.5915      0.175      0.255    26.4953   996.6692 0.0000e+00
      0.178      0.055     7.6280     94.775     27.461  28.254187     1.3583      7.217   140.5048 1.1554e+03     1.6147      0.171      0.248    26.5232   996.6616 0.0000e+00
      0.188      0.060     7.5926     94.348     27.434  28.230180     1.4511      7.212   140.6533 1.6034e+03     1.6480      0.179      0.259    26.5350   996.6584 0.0000e+00
      0.212      0.067     7.5715     94.144     27.357  28.169465     1.5013      7.205   140.6900 1.9854e+03     1.6665      0.207      0.301    26.5086   996.6657 0.0000e+00
      0.242      0.073     7.5675     94.133     27.330  28.154581     1.5060      7.195   140.7759 1.4570e+03     1.6737      0.240      0.349    26.4645   996.6778 0.0000e+00
      0.266      0.073     7.5734     94.203     27.353  28.177122     1.5170      7.178   140.8315 8.9599e+02     1.6699      0.263      0.381    26.4204   996.6898 0.0000e+00
      0.283      0.067     7.5856     94.328     27.373  28.188222     1.5468      7.158   140.8462 7.9070e+02     1.6534      0.279      0.405    26.4305   996.6872 0.0000e+00
      0.296      0.054     7.6061     94.559     27.354  28.161890     1.5634      7.141   140.7814 7.1040e+02     1.6386      0.290      0.421    26.4867   996.6720 0.0000e+00
      0.309      0.040     7.6354     94.913     27.309  28.112515     1.5619      7.133   140.7370 6.1308e+02     1.5894      0.303      0.439    26.5128   996.6650 0.0000e+00
      0.319      0.030     7.6618     95.236     27.298  28.098787     1.5802      7.134   140.8251 5.6686e+02     1.5493      0.315      0.457    26.5040   996.6675 0.0000e+00
      0.324      0.024     7.6657     95.277     27.324  28.122794     1.6112      7.139   140.9001 6.0182e+02     1.5795      0.319      0.463    26.4820   996.6735 0.0000e+00
      0.325      0.020     7.6430     94.988     27.352  28.148991     1.6161      7.144   140.8706 6.5956e+02     1.6271      0.318      0.461    26.4651   996.6780 0.0000e+00
      0.326      0.016     7.6152     94.648     27.362  28.161754     1.6132      7.147   140.8117 6.9280e+02     1.6336      0.317      0.460    26.4652   996.6779 0.0000e+00
      0.331      0.014     7.6054     94.546     27.345  28.150215     1.6201      7.147   140.8763 7.6673e+02     1.6255      0.323      0.469    26.4612   996.6790 0.0000e+00
      0.338      0.014     7.6118     94.636     27.328  28.136384     1.6213      7.148   140.8776 8.8728e+02     1.6596      0.333      0.484    26.4557   996.6806 0.0000e+00
      0.343      0.015     7.6133     94.652     27.313  28.121409     1.6184      7.152   140.6542 9.5723e+02     1.6848      0.339      0.491    26.4496   996.6822 0.0000e+00
      0.344      0.020     7.6059     94.552     27.291  28.096050     1.6117      7.158   140.5843 9.2696e+02     1.6353      0.338      0.490    26.4508   996.6819 0.0000e+00
      0.346      0.031     7.6079     94.564     27.283  28.083550     1.4963      7.158   140.8930 8.9938e+02     1.5860      0.338      0.491    26.4701   996.6768 0.0000e+00
      0.350      0.047     7.6113     94.580     27.305  28.097155     1.2730      7.148   141.2897 9.3104e+02     1.6138      0.343      0.498    26.4766   996.6750 0.0000e+00
      0.358      0.067     7.5779     94.124     27.354  28.133644     1.1478      7.135   141.5086 9.4138e+02     1.6759      0.347      0.503    26.4722   996.6762 0.0000e+00
      0.376      0.084     7.5103     93.251     27.374  28.144037     1.1269      7.125   141.4753 8.2330e+02     1.6820      0.361      0.523    26.4681   996.6774 0.0000e+00
      0.410      0.094     7.4540     92.535     27.332  28.095912     1.1158      7.120   141.3176 6.1444e+02     1.6218      0.400      0.582    26.4624   996.6791 0.0000e+00
      0.450      0.098     7.4131     92.011     27.302  28.059323     1.0915      7.122   141.2368 4.5054e+02     1.6036      0.445      0.645    26.4499   996.6826 0.0000e+00
      0.480      0.097     7.3498     91.196     27.334  28.082300     1.0419      7.126   141.2726 3.7054e+02     1.6591      0.475      0.690    26.4173   996.6916 0.0000e+00
      0.500      0.090     7.2529     89.956     27.383  28.119933     1.0109      7.128   141.3197 3.7032e+02     1.6694      0.492      0.714    26.3944   996.6979 0.0000e+00
      0.514      0.081     7.1432     88.560     27.408  28.133643     1.0024      7.128   141.2045 4.5406e+02     1.6298      0.502      0.728    26.3922   996.6985 0.0000e+00
      0.529      0.076     7.0402     87.257     27.405  28.121162     0.9991      7.127   141.1696 5.6859e+02     1.6391      0.518      0.751    26.3832   996.7009 0.0000e+00
      0.549      0.077     6.9452     86.058     27.387  28.095898     1.0057      7.122   141.4151 6.1789e+02     1.6513      0.541      0.783    26.3656   996.7058 0.0000e+00
      0.569      0.082     6.8461     84.807     27.382  28.081954     1.0127      7.115   141.5912 6.0413e+02     1.6129      0.559      0.811    26.3385   996.7132 0.0000e+00
      0.589      0.085     6.7403     83.473     27.387  28.079440     1.0157      7.108   141.4920 5.9201e+02     1.5675      0.575      0.835    26.3135   996.7200 0.0000e+00
      0.614      0.085     6.6422     82.238     27.381  28.065494     1.0405      7.105   141.4199 5.9226e+02     1.5625      0.600      0.872    26.2995   996.7239 0.0000e+00
      0.641      0.084     6.5620     81.228     27.363  28.040211     1.0875      7.102   141.4942 6.3302e+02     1.6171      0.630      0.915    26.2861   996.7276 0.0000e+00
      0.664      0.083     6.4936     80.362     27.358  28.027513     1.1156      7.099   141.5302 6.9569e+02     1.6704      0.654      0.948    26.2728   996.7312 0.0000e+00
      0.681      0.083     6.4291     79.537     27.378  28.038841     1.1290      7.095   141.5969 6.8510e+02     1.6826      0.668      0.969    26.2559   996.7359 0.0000e+00
      0.697      0.082     6.3672     78.742     27.401  28.050264     1.1276      7.090   141.6989 6.2715e+02     1.6667      0.681      0.988    26.2416   996.7398 0.0000e+00
      0.717      0.081     6.3082     77.990     27.398  28.038719     1.0994      7.086   141.6449 6.1918e+02     1.6420      0.702      1.017    26.2324   996.7422 0.0000e+00
      0.741      0.079     6.2547     77.312     27.392  28.026135     1.0743      7.085   141.4590 6.9740e+02     1.6457      0.726      1.053    26.2207   996.7455 0.0000e+00
      0.766      0.079     6.2070     76.707     27.397  28.024992     1.0749      7.084   141.4301 7.3766e+02     1.6466      0.752      1.092    26.2011   996.7508 0.0000e+00
      0.788      0.078     6.1608     76.117     27.404  28.024889     1.0981      7.079   141.6401 6.5688e+02     1.6197      0.776      1.125    26.1769   996.7574 0.0000e+00
      0.803      0.077     6.1154     75.530     27.414  28.024881     1.1211      7.070   141.8474 5.9296e+02     1.6152      0.789      1.143    26.1604   996.7619 0.0000e+00
      0.817      0.076     6.0771     75.025     27.427  28.024883     1.1273      7.059   141.8718 5.8021e+02     1.6253      0.799      1.158    26.1520   996.7642 0.0000e+00
      0.836      0.075     6.0491     74.653     27.438  28.024885     1.1297      7.049   141.7619 5.7111e+02     1.6110      0.818      1.186    26.1414   996.7672 0.0000e+00
      0.859      0.073     6.0281     74.376     27.444  28.024886     1.1330      7.044   141.6378 5.4821e+02     1.5735      0.842      1.222    26.1288   996.7706 0.0000e+00
      0.882      0.071     6.0082     74.119     27.449  28.024887     1.1504      7.044   141.5755 5.2336e+02     1.4986      0.866      1.256    26.1102   996.7757 0.0000e+00
      0.902      0.068     5.9838     73.805     27.454  28.024887     1.1831      7.045   141.5251 5.3488e+02     1.4264      0.887      1.286    26.0811   996.7835 0.0000e+00
      0.917      0.064     5.9542     73.429     27.458  28.024887     1.1987      7.044   141.4591 5.6327e+02     1.4211      0.901      1.307    26.0611   996.7890 0.0000e+00
      0.928      0.061     5.9233     73.041     27.460  28.024877     1.2004      7.043   141.4652 5.7897e+02     1.4348      0.910      1.320    26.0515   996.7915 0.0000e+00
      0.940      0.060     5.8912     72.646     27.460  28.024764     1.2127      7.041   141.5132 5.6982e+02     1.4623      0.921      1.335    26.0426   996.7939 0.0000e+00
      0.955      0.061     5.8576     72.236     27.458  28.023516     1.2348      7.038   141.5233 5.4715e+02     1.5567      0.935      1.356    26.0338   996.7964 0.0000e+00
      0.973      0.064     5.8240     71.825     27.443  28.009787     1.2499      7.036   141.5868 5.3533e+02     1.6586      0.954      1.383    26.0240   996.7991 0.0000e+00
      0.992      0.065     5.7902     71.405     27.421  27.985657     1.2566      7.033   141.6785 5.4708e+02     1.6784      0.974      1.412    26.0188   996.8005 0.0000e+00
      1.010      0.064     5.7568     70.988     27.423  27.985544     1.2731      7.031   141.5995 5.6108e+02     1.6319      0.992      1.438    26.0202   996.8002 0.0000e+00
      1.026      0.062     5.7253     70.591     27.449  28.008415     1.2934      7.032   141.4065 5.5708e+02     1.5880      1.006      1.460    26.0246   996.7992 0.0000e+00
      1.041      0.059     5.6951     70.210     27.453  28.008405     1.3026      7.033   141.3240 5.3939e+02     1.6065      1.021      1.481    26.0274   996.7985 0.0000e+00
      1.055      0.058     5.6656     69.839     27.433  27.985419     1.3153      7.031   141.3765 5.1556e+02     1.6588      1.036      1.503    26.0253   996.7991 0.0000e+00
      1.068      0.058     5.6390     69.503     27.435  27.984264     1.3518      7.026   141.3532 5.0264e+02     1.6301      1.047      1.519    26.0204   996.8004 0.0000e+00
      1.082      0.059     5.6146     69.195     27.448  27.994433     1.4049      7.020   141.2997 5.0581e+02     1.5873      1.060      1.537    26.0137   996.8022 0.0000e+00
      1.097      0.059     5.5883     68.867     27.437  27.981484     1.4373      7.018   141.3321 5.0826e+02     1.6330      1.075      1.559    26.0059   996.8044 0.0000e+00
      1.115      0.058     5.5593     68.507     27.412  27.954589     1.4489      7.019   141.3142 4.9662e+02     1.6587      1.094      1.587    25.9995   996.8062 0.0000e+00
      1.132      0.058     5.5291     68.132     27.382  27.923017     1.4847      7.019   141.3424 4.8856e+02     1.5705      1.111      1.613    25.9939   996.8078 0.0000e+00
      1.145      0.058     5.5007     67.778     27.377  27.916976     1.5407      7.018   141.5005 4.9121e+02     1.4183      1.124      1.629    25.9887   996.8093 0.0000e+00
      1.157      0.057     5.4737     67.443     27.406  27.944982     1.5625      7.015   141.5910 4.8043e+02     1.3263      1.135      1.646    25.9845   996.8104 0.0000e+00
      1.171      0.056     5.4452     67.091     27.407  27.944409     1.5572      7.012   141.5767 4.7104e+02     1.3422      1.146      1.663    25.9836   996.8106 0.0000e+00
