Data/DataNotYetUploadedToEDI/Raw_CTD/RawDownloads/090419_bvr50.cnv
* Sea-Bird SBE19plus  Data File:
* FileName = C:\DATA\090419_bvr50_0002.hex
* Software version 2.8.0.119 SB_Terminal.dll
* Temperature SN = 7809
* Conductivity SN = 7809
* System UpLoad Time = Sep 04 2019 11:44:29
* <ApplicationData>
* <Seaterm232>
# nquan = 16
# nvalues = 835                         
# units = specified
# name 0 = depFM: Depth [fresh water, m]
# name 1 = dz/dtM: Descent Rate [m/s]
# name 2 = sbeox0Mg/L: Oxygen, SBE 43 [mg/l]
# name 3 = sbeox0PS: Oxygen, SBE 43 [% saturation]
# name 4 = specc: Specific Conductance [uS/cm]
# name 5 = c0uS/cm: Conductivity [uS/cm]
# name 6 = flECO-AFL: Fluorescence, WET Labs ECO-AFL/FL [mg/m^3]
# name 7 = ph: pH
# name 8 = orp: Oxidation Reduction Potential [mV]
# name 9 = par/sat/log: PAR/Logarithmic, Satlantic
# name 10 = turbWETntu0: Turbidity, WET Labs ECO [NTU]
# name 11 = prdM: Pressure, Strain Gauge [db]
# name 12 = prdE: Pressure, Strain Gauge [psi]
# name 13 = tv290C: Temperature [ITS-90, deg C]
# name 14 = density00: Density [density, kg/m^3]
# name 15 = flag:  0.000e+00
# span 0 =     -0.661,     10.262       
# span 1 =     -0.062,      0.322       
# span 2 =     0.0663,     8.5934       
# span 3 =      0.589,     95.277       
# span 4 =      1.926,    190.244       
# span 5 =   1.994179, 129.864874       
# span 6 =    -2.2829,    22.7942       
# span 7 =      6.064,      8.416       
# span 8 =   -57.8115,   940.7404       
# span 9 = 1.2349e-01, 1.9854e+03       
# span 10 =    -0.8905,    26.3730      
# span 11 =     -0.649,     10.064      
# span 12 =     -0.941,     14.596      
# span 13 =     9.0647,    26.7680      
# span 14 =   996.5850,   999.8927      
# span 15 = 0.0000e+00, 0.0000e+00      
# interval = seconds: 0.25
# start_time = Sep 04 2019 11:33:00 [Instrument's time stamp, header]
# bad_flag = -9.990e-29
*END*
[from data line 452]
      4.019      0.054     5.9049     70.492     27.419  27.015215     5.6547      6.687   161.4119 4.9577e+01     1.6825      3.940      5.714    24.2868   997.2601 0.0000e+00
      4.035      0.059     5.8795     70.151     27.472  27.050785     5.2778      6.686   161.3982 4.8982e+01     1.8237      3.957      5.739    24.2902   997.2594 0.0000e+00
      4.050      0.063     5.8625     69.905     27.487  27.047983     5.0714      6.683   161.5222 4.8441e+01     1.9084      3.971      5.760    24.2868   997.2602 0.0000e+00
      4.066      0.066     5.8516     69.743     27.498  27.044756     5.0579      6.680   161.6213 4.7846e+01     1.8871      3.987      5.782    24.2779   997.2625 0.0000e+00
      4.084      0.068     5.8509     69.710     27.540  27.075182     5.0450      6.677   161.6499 4.7272e+01     1.8286      4.006      5.810    24.2626   997.2664 0.0000e+00
      4.101      0.068     5.8602     69.788     27.578  27.098633     4.9333      6.676   161.6963 4.6697e+01     1.7585      4.022      5.833    24.2310   997.2744 0.0000e+00
      4.119      0.067     5.8722     69.894     27.569  27.074518     4.7477      6.674   161.8375 4.6031e+01     1.6955      4.038      5.858    24.1914   997.2843 0.0000e+00
      4.137      0.065     5.8854     70.021     27.544  27.037344     4.6562      6.672   162.0669 4.5424e+01     1.6555      4.058      5.886    24.1677   997.2903 0.0000e+00
      4.155      0.064     5.9089     70.277     27.546  27.029805     4.6496      6.669   162.2334 4.4961e+01     1.6352      4.076      5.911    24.1555   997.2934 0.0000e+00
      4.170      0.064     5.9494     70.734     27.573  27.046797     4.6684      6.665   162.3874 4.4551e+01     1.6470      4.090      5.932    24.1277   997.3005 0.0000e+00
      4.184      0.064     6.0006     71.310     27.593  27.052453     4.7189      6.663   162.5526 4.4114e+01     1.6671      4.103      5.950    24.0955   997.3085 0.0000e+00
      4.199      0.064     6.0541     71.916     27.588  27.034726     4.7564      6.662   162.6822 4.3598e+01     1.6811      4.116      5.970    24.0728   997.3141 0.0000e+00
      4.217      0.063     6.1116     72.580     27.583  27.022767     4.7667      6.659   162.7500 4.3000e+01     1.6534      4.134      5.995    24.0570   997.3181 0.0000e+00
      4.236      0.060     6.1742     73.308     27.602  27.034727     4.7912      6.655   162.7696 4.2392e+01     1.5946      4.155      6.026    24.0433   997.3216 0.0000e+00
      4.253      0.057     6.2345     74.001     27.629  27.052446     4.8371      6.653   162.8335 4.1886e+01     1.5923      4.173      6.053    24.0148   997.3287 0.0000e+00
      4.268      0.052     6.2814     74.535     27.633  27.046671     4.8621      6.653   162.9202 4.1575e+01     1.6259      4.186      6.072    23.9868   997.3357 0.0000e+00
      4.278      0.049     6.3104     74.864     27.620  27.028321     4.8674      6.652   162.9571 4.1365e+01     1.6394      4.196      6.085    23.9761   997.3384 0.0000e+00
      4.286      0.048     6.3245     75.021     27.616  27.020896     4.8059      6.650   163.0212 4.1116e+01     1.6252      4.203      6.095    23.9693   997.3401 0.0000e+00
      4.296      0.048     6.3270     75.039     27.620  27.020330     4.6734      6.647   163.1799 4.0760e+01     1.6172      4.212      6.108    23.9501   997.3448 0.0000e+00
      4.309      0.051     6.3170     74.904     27.628  27.021476     4.6004      6.644   163.4129 4.0311e+01     1.6417      4.225      6.128    23.9304   997.3497 0.0000e+00
      4.324      0.057     6.2953     74.622     27.652  27.034742     4.5911      6.640   163.6877 3.9875e+01     1.6587      4.241      6.151    23.9226   997.3517 0.0000e+00
      4.340      0.062     6.2703     74.291     27.685  27.053828     4.4912      6.636   164.0069 3.9469e+01     1.6271      4.256      6.173    23.9170   997.3532 0.0000e+00
      4.355      0.067     6.2493     73.993     27.713  27.061895     4.2947      6.633   164.3469 3.9028e+01     1.5875      4.270      6.193    23.9086   997.3553 0.0000e+00
      4.372      0.070     6.2277     73.685     27.743  27.068810     4.1834      6.632   164.5291 3.8463e+01     1.6059      4.285      6.216    23.8987   997.3578 0.0000e+00
      4.392      0.070     6.2002     73.323     27.763  27.073960     4.1773      6.635   164.5746 3.7817e+01     1.6523      4.306      6.246    23.8803   997.3624 0.0000e+00
      4.413      0.069     6.1720     72.971     27.757  27.060707     4.1863      6.640   164.5535 3.7256e+01     1.6570      4.328      6.278    23.8572   997.3682 0.0000e+00
      4.432      0.067     6.1513     72.711     27.737  27.035436     4.1960      6.642   164.5315 3.6831e+01     1.6299      4.347      6.305    23.8208   997.3772 0.0000e+00
      4.448      0.063     6.1376     72.529     27.732  27.022173     4.2085      6.642   164.6526 3.6477e+01     1.6524      4.362      6.327    23.7731   997.3890 0.0000e+00
      4.461      0.058     6.1226     72.329     27.747  27.027218     4.2240      6.638   164.8141 3.6090e+01     1.7000      4.374      6.345    23.7483   997.3951 0.0000e+00
      4.475      0.053     6.1086     72.142     27.762  27.032987     4.2706      6.634   164.8492 3.5680e+01     1.6812      4.388      6.364    23.7391   997.3974 0.0000e+00
      4.489      0.049     6.1060     72.081     27.770  27.028469     4.6864      6.627   164.8192 3.5339e+01     1.7192      4.403      6.387    23.7306   997.3996 0.0000e+00
      4.502      0.047     6.1093     72.077     27.796  27.036012     5.4365      6.617   164.9664 3.5085e+01     1.8982      4.415      6.405    23.7164   997.4031 0.0000e+00
      4.512      0.047     6.1057     71.994     27.839  27.060720     5.8492      6.598   165.3394 3.4881e+01     2.0761      4.425      6.418    23.6934   997.4087 0.0000e+00
      4.522      0.047     6.0937     71.830     27.861  27.073419     5.9128      6.573   165.8017 3.4623e+01     2.1653      4.433      6.431    23.6824   997.4115 0.0000e+00
      4.534      0.047     6.0801     71.657     27.855  27.062653     6.1190      6.554   166.2535 3.4283e+01     2.1575      4.446      6.448    23.6661   997.4155 0.0000e+00
      4.547      0.048     6.0675     71.497     27.855  27.057420     6.4875      6.553   166.6725 3.3952e+01     2.1126      4.460      6.467    23.6251   997.4255 0.0000e+00
      4.561      0.050     6.0500     71.278     27.877  27.073590     6.6918      6.568   167.1686 3.3664e+01     2.0813      4.473      6.488    23.5908   997.4339 0.0000e+00
      4.573      0.054     6.0237     70.960     27.875  27.067825     6.7083      6.583   168.0351 3.3380e+01     2.0734      4.484      6.504    23.5773   997.4373 0.0000e+00
      4.584      0.060     5.9954     70.622     27.860  27.051158     6.7124      6.575   169.1476 3.3079e+01     2.0831      4.494      6.518    23.5723   997.4385 0.0000e+00
      4.597      0.067     5.9731     70.347     27.876  27.062391     6.7239      6.553   169.8650 3.2718e+01     2.0679      4.506      6.536    23.5620   997.4411 0.0000e+00
      4.615      0.072     5.9566     70.133     27.900  27.076754     6.7266      6.548   170.4278 3.2205e+01     2.0534      4.524      6.562    23.5512   997.4438 0.0000e+00
      4.638      0.076     5.9440     69.960     27.933  27.097916     6.7801      6.560   171.3071 3.1584e+01     2.0719      4.547      6.596    23.5460   997.4452 0.0000e+00
      4.662      0.078     5.9417     69.906     27.976  27.127918     7.4828      6.561   171.9788 3.0997e+01     2.1595      4.573      6.632    23.5449   997.4455 0.0000e+00
      4.684      0.077     5.9593     70.072     27.988  27.122277     8.7719      6.544   172.1820 3.0538e+01     2.2934      4.596      6.665    23.5388   997.4471 0.0000e+00
      4.703      0.075     5.9911     70.389     27.983  27.093131     9.4654      6.534   172.2156 3.0192e+01     2.3470      4.614      6.692    23.5192   997.4519 0.0000e+00
      4.719      0.070     6.0251     70.739     28.003  27.092681     9.5221      6.540   172.2990 2.9841e+01     2.3162      4.628      6.712    23.4982   997.4570 0.0000e+00
      4.735      0.065     6.0624     71.140     28.044  27.116814     9.6483      6.551   172.5872 2.9449e+01     2.3146      4.643      6.734    23.4847   997.4604 0.0000e+00
      4.751      0.061     6.1050     71.595     28.078  27.131123    11.0602      6.560   172.9475 2.9058e+01     2.3936      4.660      6.758    23.4558   997.4675 0.0000e+00
      4.768      0.059     6.1430     71.985     28.110  27.138779    13.6495      6.555   173.2140 2.8678e+01     2.4844      4.676      6.782    23.4000   997.4810 0.0000e+00
      4.783      0.057     6.1688     72.233     28.140  27.145911    15.0754      6.543   173.4001 2.8303e+01     2.5284      4.691      6.804    23.3629   997.4900 0.0000e+00
      4.797      0.055     6.1851     72.372     28.170  27.153885    15.2870      6.536   173.4774 2.7963e+01     2.5319      4.705      6.824    23.3458   997.4942 0.0000e+00
      4.810      0.055     6.1966     72.458     28.210  27.171717    16.2344      6.529   173.5462 2.7668e+01     2.6248      4.717      6.842    23.3128   997.5022 0.0000e+00
      4.823      0.056     6.2131     72.613     28.225  27.171154    17.9644      6.527   173.7149 2.7347e+01     2.8327      4.729      6.859    23.2651   997.5137 0.0000e+00
      4.836      0.060     6.2525     73.052     28.210  27.147057    18.9084      6.528   173.8824 2.6962e+01     2.9145      4.741      6.877    23.2267   997.5229 0.0000e+00
      4.850      0.066     6.3220     73.833     28.209  27.134117    19.0300      6.528   174.0219 2.6532e+01     2.8937      4.755      6.896    23.1912   997.5314 0.0000e+00
      4.867      0.072     6.4052     74.757     28.236  27.141567    19.5731      6.533   174.1979 2.6039e+01     2.9744      4.771      6.919    23.1495   997.5415 0.0000e+00
      4.887      0.076     6.4809     75.606     28.284  27.173660    20.5768      6.539   174.3759 2.5449e+01     3.1038      4.791      6.949    23.1204   997.5486 0.0000e+00
      4.911      0.078     6.5458     76.338     28.327  27.204920    21.1253      6.535   174.4529 2.4828e+01     3.1469      4.816      6.986    23.1126   997.5504 0.0000e+00
      4.934      0.078     6.6052     76.975     28.347  27.202305    21.2030      6.522   174.4413 2.4293e+01     3.1353      4.841      7.021    23.0975   997.5542 0.0000e+00
      4.954      0.077     6.6490     77.397     28.385  27.205452    21.6113      6.515   174.4942 2.3851e+01     3.2258      4.859      7.048    23.0499   997.5656 0.0000e+00
      4.970      0.075     6.6640     77.489     28.458  27.242918    22.3598      6.513   174.6612 2.3419e+01     3.3890      4.874      7.069    23.0236   997.5719 0.0000e+00
      4.986      0.075     6.6576     77.338     28.523  27.274608    22.7632      6.518   174.8262 2.2931e+01     3.4704      4.889      7.090    23.0260   997.5715 0.0000e+00
      5.004      0.075     6.6436     77.093     28.553  27.271345    22.7942      6.524   174.8540 2.2368e+01     3.4553      4.907      7.117    22.9863   997.5809 0.0000e+00
      5.025      0.075     6.6272     76.831     28.577  27.266862    22.7614      6.519   174.7399 2.1777e+01     3.4032      4.927      7.147    22.9107   997.5989 0.0000e+00
      5.046      0.075     6.6143     76.640     28.612  27.283811    22.3838      6.509   174.7364 2.1204e+01     3.4298      4.949      7.178    22.8577   997.6115 0.0000e+00
      5.068      0.074     6.6168     76.647     28.623  27.285928    21.7054      6.501   174.9845 2.0642e+01     3.5474      4.971      7.210    22.8121   997.6224 0.0000e+00
      5.088      0.071     6.6405     76.883     28.646  27.292453    21.3223      6.501   175.3305 2.0121e+01     3.6130      4.991      7.238    22.7483   997.6374 0.0000e+00
      5.104      0.067     6.6753     77.220     28.747  27.362681    21.1411      6.504   175.6509 1.9666e+01     3.6002      5.006      7.261    22.6919   997.6507 0.0000e+00
      5.118      0.063     6.7055     77.491     28.857  27.437131    19.6272      6.504   175.7604 1.9181e+01     3.6874      5.018      7.278    22.6684   997.6563 0.0000e+00
      5.133      0.061     6.7285     77.680     28.882  27.431255    16.8640      6.504   175.7082 1.8617e+01     3.9141      5.033      7.299    22.6633   997.6575 0.0000e+00
      5.148      0.061     6.7465     77.803     28.903  27.418478    15.3533      6.507   175.7079 1.8036e+01     4.0469      5.049      7.324    22.6418   997.6626 0.0000e+00
      5.163      0.064     6.7535     77.797     28.997  27.472922    15.1722      6.508   175.7568 1.7454e+01     4.0159      5.063      7.344    22.5888   997.6751 0.0000e+00
      5.179      0.069     6.7461     77.642     29.073  27.518497    14.6746      6.508   175.9555 1.6857e+01     3.9314      5.078      7.366    22.5320   997.6884 0.0000e+00
      5.195      0.075     6.7267     77.356     29.106  27.525364    13.7850      6.505   176.2176 1.6264e+01     3.8782      5.095      7.389    22.4869   997.6988 0.0000e+00
      5.214      0.080     6.6965     76.938     29.168  27.555914    13.3029      6.501   176.3438 1.5688e+01     3.8637      5.113      7.416    22.4291   997.7123 0.0000e+00
      5.237      0.085     6.6546     76.393     29.278  27.634062    13.2230      6.499   176.5354 1.5135e+01     3.8539      5.135      7.448    22.3609   997.7282 0.0000e+00
      5.262      0.089     6.6062     75.792     29.377  27.708881    12.7236      6.497   176.8989 1.4625e+01     3.8588      5.160      7.485    22.3177   997.7384 0.0000e+00
      5.287      0.091     6.5630     75.242     29.390  27.699178    11.8167      6.494   177.1257 1.4133e+01     3.8574      5.185      7.521    22.2858   997.7458 0.0000e+00
      5.310      0.091     6.5312     74.793     29.368  27.643612    11.3271      6.491   177.2131 1.3672e+01     3.8696      5.208      7.554    22.2290   997.7589 0.0000e+00
      5.332      0.089     6.5072     74.423     29.438  27.671434    11.2594      6.491   177.4396 1.3245e+01     3.8759      5.229      7.584    22.1785   997.7706 0.0000e+00
      5.355      0.086     6.4860     74.085     29.598  27.781739    10.9548      6.490   177.7125 1.2781e+01     3.7686      5.251      7.616    22.1592   997.7752 0.0000e+00
      5.379      0.081     6.4719     73.817     29.702  27.835239    10.4009      6.488   177.9315 1.2338e+01     3.6208      5.276      7.653    22.1307   997.7818 0.0000e+00
      5.400      0.076     6.4713     73.696     29.727  27.810673    10.0941      6.488   178.1092 1.1992e+01     3.5641      5.297      7.683    22.0598   997.7980 0.0000e+00
      5.418      0.070     6.4801     73.682     29.836  27.865316    10.0631      6.487   178.3123 1.1702e+01     3.5751      5.313      7.706    21.9918   997.8135 0.0000e+00
      5.434      0.064     6.4898     73.684     30.085  28.051744    10.0426      6.487   178.4942 1.1429e+01     3.5899      5.329      7.729    21.9324   997.8272 0.0000e+00
      5.449      0.058     6.5033     73.719     30.256  28.161329     9.7598      6.487   178.5015 1.1177e+01     3.5789      5.344      7.751    21.8521   997.8454 0.0000e+00
      5.464      0.053     6.5263     73.837     30.267  28.111643     9.2359      6.487   178.4869 1.0961e+01     3.6057      5.359      7.772    21.7722   997.8634 0.0000e+00
      5.476      0.053     6.5557     74.015     30.447  28.212266     8.9543      6.486   178.4888 1.0786e+01     3.6518      5.371      7.790    21.6882   997.8823 0.0000e+00
      5.486      0.056     6.5819     74.155     30.749  28.426143     8.9209      6.484   178.5245 1.0624e+01     3.6449      5.380      7.802    21.6166   997.8984 0.0000e+00
      5.497      0.063     6.5994     74.185     30.743  28.349989     8.7714      6.480   178.6613 1.0410e+01     3.6204      5.389      7.816    21.5444   997.9147 0.0000e+00
