Data/DataNotYetUploadedToEDI/Raw_CTD/RawDownloads/090419_bvr50b.cnv
* Sea-Bird SBE19plus  Data File:
* FileName = C:\DATA\090419_bvr50_0003.hex
* Software version 2.8.0.119 SB_Terminal.dll
* Temperature SN = 7809
* Conductivity SN = 7809
* System UpLoad Time = Sep 04 2019 17:00:34
* <ApplicationData>
* <Seaterm232>
# nquan = 16
# nvalues = 908                         
# units = specified
# name 0 = depFM: Depth [fresh water, m]
# name 1 = dz/dtM: Descent Rate [m/s]
# name 2 = sbeox0Mg/L: Oxygen, SBE 43 [mg/l]
# name 3 = sbeox0PS: Oxygen, SBE 43 [% saturation]
# name 4 = specc: Specific Conductance [uS/cm]
# name 5 = c0uS/cm: Conductivity [uS/cm]
# name 6 = flECO-AFL: Fluorescence, WET Labs ECO-AFL/FL [mg/m^3]
# name 7 = ph: pH
# name 8 = orp: Oxidation Reduction Potential [mV]
# name 9 = par/sat/log: PAR/Logarithmic, Satlantic
# name 10 = turbWETntu0: Turbidity, WET Labs ECO [NTU]
# name 11 = prdM: Pressure, Strain Gauge [db]
# name 12 = prdE: Pressure, Strain Gauge [psi]
# name 13 = tv290C: Temperature [ITS-90, deg C]
# name 14 = density00: Density [density, kg/m^3]
# name 15 = flag:  0.000e+00
# span 0 =     -0.664,     10.491       
# span 1 =     -0.023,      0.209       
# span 2 =    -0.0756,     7.9155       
# span 3 =     -0.789,     99.188       
# span 4 =      1.017,    268.417       
# span 5 =   1.212542, 183.575070       
# span 6 =    -0.1462,    27.9354       
# span 7 =      6.040,      8.238       
# span 8 =  -114.4193,   219.5486       
# span 9 = 1.2326e-01, 1.7005e+03       
# span 10 =    -1.0462,    30.7416      
# span 11 =     -0.652,     10.288      
# span 12 =     -0.945,     14.921      
# span 13 =     8.9366,    34.6160      
# span 14 =   994.1725,   999.9251      
# span 15 = 0.0000e+00, 0.0000e+00      
# interval = seconds: 0.25
# start_time = Sep 04 2019 12:58:53 [Instrument's time stamp, header]
# bad_flag = -9.990e-29
*END*
[from data line 272]
      1.401      0.061     6.0680     75.261     28.099  28.855100     2.3005      6.982   164.3257 4.5923e+02     0.6183      1.374      1.992    26.3344   996.7182 0.0000e+00
      1.420      0.061     6.0070     74.517     28.047  28.807602     2.3162      6.983   164.4234 4.5281e+02     0.6251      1.393      2.021    26.3200   996.7221 0.0000e+00
      1.436      0.061     5.9437     73.740     28.007  28.769980     2.3163      6.983   164.5425 4.4267e+02     0.6251      1.409      2.044    26.3197   996.7223 0.0000e+00
      1.449      0.060     5.8875     73.044     28.017  28.780906     2.3196      6.982   164.6481 4.3507e+02     0.6509      1.422      2.063    26.3278   996.7202 0.0000e+00
      1.461      0.058     5.8437     72.495     28.050  28.812822     2.3565      6.979   164.6669 4.2892e+02     0.6748      1.433      2.078    26.3394   996.7172 0.0000e+00
      1.475      0.056     5.8109     72.075     28.019  28.775192     2.4062      6.977   164.7697 4.2417e+02     0.6524      1.446      2.097    26.3507   996.7141 0.0000e+00
      1.492      0.056     5.7874     71.767     27.959  28.706588     2.4259      6.976   165.1171 4.1688e+02     0.6098      1.462      2.121    26.3570   996.7124 0.0000e+00
      1.508      0.056     5.7798     71.656     28.003  28.744689     2.4216      6.974   165.4255 4.1307e+02     0.6182      1.481      2.147    26.3584   996.7122 0.0000e+00
      1.522      0.055     5.7909     71.766     28.062  28.791732     2.4155      6.970   165.4874 4.1556e+02     0.6551      1.494      2.166    26.3550   996.7132 0.0000e+00
      1.535      0.052     5.8073     71.927     27.994  28.704327     2.4125      6.968   165.4352 4.1279e+02     0.6301      1.504      2.182    26.3441   996.7161 0.0000e+00
      1.548      0.050     5.8220     72.083     27.942  28.639563     2.4112      6.967   165.4826 4.0622e+02     0.5780      1.518      2.202    26.3272   996.7207 0.0000e+00
      1.560      0.049     5.8452     72.360     28.012  28.706586     2.4087      6.965   165.6311 4.0122e+02     0.5825      1.531      2.221    26.3200   996.7227 0.0000e+00
      1.571      0.050     5.8741     72.690     28.068  28.753321     2.3815      6.962   165.6815 3.9762e+02     0.6188      1.540      2.234    26.3022   996.7276 0.0000e+00
      1.582      0.051     5.8891     72.835     28.030  28.697039     2.3337      6.959   165.6611 3.9380e+02     0.6241      1.550      2.248    26.2547   996.7403 0.0000e+00
      1.595      0.053     5.8821     72.727     28.004  28.660520     2.3075      6.956   165.7283 3.9214e+02     0.6133      1.563      2.268    26.2349   996.7456 0.0000e+00
      1.611      0.056     5.8645     72.507     28.036  28.692441     2.2987      6.952   165.8927 3.9297e+02     0.6188      1.581      2.292    26.2421   996.7438 0.0000e+00
      1.626      0.058     5.8442     72.254     28.046  28.702312     2.2278      6.949   166.0139 3.9120e+02     0.6252      1.595      2.314    26.2204   996.7497 0.0000e+00
      1.640      0.059     5.8177     71.916     28.002  28.652984     2.1092      6.949   166.0749 3.8635e+02     0.6259      1.607      2.330    26.1748   996.7620 0.0000e+00
      1.656      0.059     5.7879     71.540     27.957  28.603587     2.0622      6.950   166.2004 3.8109e+02     0.6269      1.624      2.356    26.1568   996.7668 0.0000e+00
      1.673      0.059     5.7657     71.267     27.965  28.612616     2.0744      6.950   166.3274 3.7424e+02     0.6380      1.642      2.381    26.1690   996.7637 0.0000e+00
      1.688      0.059     5.7618     71.228     27.984  28.635261     2.1793      6.949   166.4057 3.6730e+02     0.6611      1.656      2.401    26.1673   996.7642 0.0000e+00
      1.702      0.060     5.7823     71.492     27.968  28.623609     2.3772      6.945   166.4591 3.6417e+02     0.6767      1.669      2.420    26.1538   996.7678 0.0000e+00
      1.715      0.061     5.8249     72.026     27.940  28.598635     2.4814      6.943   166.5424 3.5924e+02     0.6637      1.681      2.438    26.1483   996.7694 0.0000e+00
      1.730      0.062     5.8864     72.794     27.925  28.587098     2.4856      6.939   166.7242 3.5434e+02     0.6341      1.695      2.459    26.1484   996.7694 0.0000e+00
      1.748      0.063     5.9629     73.750     27.945  28.611011     2.4886      6.935   166.9369 3.5454e+02     0.6136      1.714      2.486    26.1578   996.7670 0.0000e+00
      1.766      0.062     6.0420     74.743     27.962  28.633976     2.5341      6.932   167.1345 3.5279e+02     0.6127      1.732      2.512    26.1681   996.7643 0.0000e+00
      1.783      0.061     6.1074     75.567     27.934  28.610993     2.6197      6.931   167.2208 3.4872e+02     0.6233      1.748      2.536    26.1723   996.7632 0.0000e+00
      1.799      0.058     6.1508     76.112     27.907  28.586923     2.6662      6.932   167.1199 3.4524e+02     0.6104      1.765      2.560    26.1775   996.7619 0.0000e+00
      1.813      0.055     6.1754     76.409     27.919  28.596742     2.6626      6.933   167.1189 3.4089e+02     0.5884      1.779      2.580    26.1841   996.7603 0.0000e+00
      1.824      0.052     6.1821     76.476     27.931  28.602816     2.6541      6.936   167.2951 3.3762e+02     0.5859      1.789      2.594    26.1937   996.7577 0.0000e+00
      1.836      0.050     6.1649     76.243     27.934  28.596906     2.6592      6.940   167.4434 3.3514e+02     0.6129      1.801      2.611    26.2082   996.7538 0.0000e+00
      1.850      0.048     6.1249     75.733     27.931  28.588708     2.6720      6.942   167.5355 3.3105e+02     0.6529      1.815      2.632    26.2160   996.7518 0.0000e+00
      1.863      0.048     6.0736     75.098     27.911  28.567136     2.6785      6.943   167.5485 3.2799e+02     0.6445      1.827      2.650    26.2103   996.7534 0.0000e+00
      1.875      0.048     6.0216     74.459     27.870  28.526418     2.7034      6.946   167.5147 3.2599e+02     0.6097      1.839      2.667    26.1981   996.7567 0.0000e+00
      1.887      0.049     5.9731     73.863     27.820  28.477074     2.7559      6.947   167.5567 3.2241e+02     0.5916      1.851      2.684    26.1787   996.7619 0.0000e+00
      1.898      0.051     5.9332     73.369     27.821  28.478096     2.7853      6.946   167.7125 3.1881e+02     0.5894      1.861      2.699    26.1664   996.7652 0.0000e+00
      1.910      0.054     5.9025     72.988     27.881  28.538773     2.7893      6.944   167.9353 3.1585e+02     0.6167      1.872      2.717    26.1670   996.7653 0.0000e+00
      1.924      0.058     5.8752     72.645     27.920  28.576256     2.8479      6.941   168.1855 3.1252e+02     0.6587      1.886      2.737    26.1725   996.7638 0.0000e+00
      1.940      0.060     5.8481     72.295     27.901  28.550617     2.9565      6.938   168.3282 3.0799e+02     0.6709      1.903      2.760    26.1772   996.7626 0.0000e+00
      1.958      0.061     5.8201     71.930     27.843  28.482552     3.0189      6.937   168.4562 3.0334e+02     0.6664      1.920      2.785    26.1736   996.7636 0.0000e+00
      1.976      0.060     5.7928     71.577     27.818  28.451175     3.0466      6.934   168.7005 2.9902e+02     0.6699      1.938      2.811    26.1737   996.7637 0.0000e+00
      1.992      0.056     5.7695     71.277     27.860  28.488464     3.2055      6.929   168.7869 2.9628e+02     0.7139      1.954      2.835    26.1735   996.7639 0.0000e+00
      2.006      0.050     5.7480     71.001     27.865  28.489276     3.4754      6.925   168.6404 2.9383e+02     0.8039      1.968      2.855    26.1588   996.7678 0.0000e+00
      2.018      0.045     5.7248     70.702     27.843  28.460989     3.6134      6.926   168.5642 2.8889e+02     0.8737      1.979      2.870    26.1422   996.7723 0.0000e+00
      2.028      0.043     5.7045     70.441     27.850  28.463668     3.6250      6.928   168.7263 2.8723e+02     0.9024      1.990      2.887    26.1303   996.7755 0.0000e+00
      2.035      0.046     5.6920     70.271     27.851  28.458216     3.6413      6.928   168.9655 2.8603e+02     0.8885      1.997      2.896    26.1217   996.7779 0.0000e+00
      2.042      0.051     5.6829     70.136     27.861  28.458505     3.7847      6.924   169.1333 2.8019e+02     0.8369      2.001      2.901    26.1150   996.7796 0.0000e+00
      2.053      0.057     5.6727     69.983     27.881  28.467147     4.0407      6.920   169.2062 2.7189e+02     0.8027      2.011      2.917    26.1037   996.7827 0.0000e+00
      2.072      0.062     5.6574     69.769     27.861  28.435790     4.1789      6.918   169.2451 2.6189e+02     0.8358      2.031      2.946    26.0967   996.7847 0.0000e+00
      2.095      0.067     5.6380     69.513     27.830  28.396584     4.2070      6.918   169.3452 2.5579e+02     0.8767      2.054      2.979    26.0877   996.7872 0.0000e+00
      2.116      0.070     5.6232     69.323     27.811  28.373781     4.3375      6.918   169.4695 2.5364e+02     0.8711      2.077      3.012    26.0677   996.7926 0.0000e+00
      2.133      0.071     5.6136     69.198     27.791  28.350415     4.5690      6.916   169.6292 2.5349e+02     0.8669      2.093      3.036    26.0452   996.7987 0.0000e+00
      2.148      0.070     5.6013     69.035     27.813  28.367846     4.7005      6.912   169.8998 2.5531e+02     0.8906      2.106      3.055    26.0229   996.8047 0.0000e+00
      2.164      0.069     5.5845     68.811     27.846  28.394191     4.7219      6.907   170.0747 2.5479e+02     0.8959      2.121      3.077    26.0086   996.8085 0.0000e+00
      2.181      0.069     5.5650     68.555     27.811  28.351707     4.7939      6.903   170.1090 2.5134e+02     0.8650      2.138      3.101    26.0043   996.8097 0.0000e+00
      2.201      0.069     5.5457     68.303     27.765  28.298289     4.9206      6.902   170.2285 2.4847e+02     0.8445      2.158      3.130    26.0036   996.8100 0.0000e+00
      2.220      0.068     5.5381     68.184     27.797  28.319323     4.9875      6.902   170.4005 2.4725e+02     0.8452      2.178      3.159    25.9933   996.8129 0.0000e+00
      2.238      0.065     5.5447     68.209     27.854  28.352227     5.0216      6.902   170.5547 2.4445e+02     0.8733      2.196      3.185    25.9772   996.8172 0.0000e+00
      2.254      0.062     5.5509     68.215     27.849  28.315416     5.1762      6.902   170.7157 2.4089e+02     0.8888      2.210      3.205    25.9646   996.8205 0.0000e+00
      2.268      0.058     5.5507     68.160     27.812  28.254867     5.4098      6.902   170.8852 2.3944e+02     0.8695      2.224      3.225    25.9539   996.8235 0.0000e+00
      2.281      0.056     5.5524     68.149     27.826  28.254554     5.5222      6.902   171.0551 2.3775e+02     0.8693      2.237      3.244    25.9451   996.8259 0.0000e+00
      2.295      0.056     5.5623     68.235     27.898  28.311619     5.5379      6.900   171.3071 2.3465e+02     0.8866      2.250      3.264    25.8946   996.8393 0.0000e+00
      2.308      0.056     5.5720     68.300     27.920  28.310346     5.5911      6.896   171.6949 2.3183e+02     0.9150      2.264      3.283    25.8219   996.8586 0.0000e+00
      2.323      0.056     5.5725     68.258     27.872  28.239131     5.6714      6.895   172.0454 2.2836e+02     0.9173      2.278      3.303    25.7822   996.8691 0.0000e+00
      2.340      0.056     5.5775     68.299     27.854  28.211874     5.7119      6.896   172.1886 2.2410e+02     0.8814      2.294      3.329    25.7645   996.8738 0.0000e+00
      2.355      0.057     5.6063     68.648     27.878  28.234558     5.7162      6.897   172.2216 2.2132e+02     0.8737      2.310      3.352    25.7436   996.8795 0.0000e+00
      2.367      0.058     5.6575     69.255     27.911  28.259614     5.7064      6.897   172.2728 2.1960e+02     0.8901      2.321      3.366    25.6920   996.8932 0.0000e+00
      2.378      0.059     5.7143     69.915     27.927  28.261024     5.6104      6.896   172.4630 2.1656e+02     0.8833      2.331      3.381    25.6388   996.9071 0.0000e+00
      2.393      0.061     5.7613     70.460     27.931  28.251587     5.4476      6.893   172.7155 2.1368e+02     0.8578      2.346      3.402    25.6293   996.9096 0.0000e+00
      2.412      0.062     5.7973     70.876     27.962  28.272382     5.3601      6.888   172.7437 2.1128e+02     0.8433      2.366      3.430    25.6412   996.9066 0.0000e+00
      2.430      0.062     5.8259     71.198     27.960  28.258655     5.3502      6.884   172.7185 2.0759e+02     0.8393      2.384      3.458    25.6234   996.9114 0.0000e+00
      2.447      0.060     5.8430     71.383     27.925  28.212485     5.3623      6.883   172.8402 2.0411e+02     0.8426      2.400      3.482    25.5864   996.9212 0.0000e+00
      2.463      0.057     5.8505     71.464     27.939  28.221693     5.3849      6.884   173.0116 2.0093e+02     0.8496      2.417      3.506    25.5651   996.9268 0.0000e+00
      2.476      0.055     5.8575     71.549     27.960  28.243097     5.3989      6.885   173.1552 1.9777e+02     0.8260      2.430      3.524    25.5507   996.9306 0.0000e+00
      2.486      0.054     5.8639     71.619     27.937  28.217494     5.4091      6.885   173.2862 1.9533e+02     0.8192      2.437      3.535    25.5292   996.9363 0.0000e+00
      2.498      0.054     5.8675     71.653     27.891  28.165915     5.3965      6.884   173.4769 1.9318e+02     0.8659      2.448      3.551    25.5027   996.9432 0.0000e+00
      2.513      0.055     5.8775     71.770     27.855  28.127005     5.3502      6.884   173.6549 1.9054e+02     0.8995      2.464      3.573    25.4973   996.9448 0.0000e+00
      2.529      0.058     5.9039     72.087     27.858  28.127705     5.3169      6.883   173.8030 1.8688e+02     0.8977      2.480      3.597    25.5058   996.9426 0.0000e+00
      2.545      0.059     5.9425     72.549     27.908  28.174374     5.3060      6.882   173.9770 1.8335e+02     0.8768      2.497      3.621    25.4956   996.9453 0.0000e+00
      2.560      0.059     5.9769     72.949     27.925  28.183714     5.3313      6.880   174.0383 1.8075e+02     0.8762      2.511      3.642    25.4838   996.9485 0.0000e+00
      2.575      0.057     5.9934     73.120     27.869  28.113727     5.3975      6.880   173.9418 1.7784e+02     0.8896      2.525      3.662    25.4821   996.9490 0.0000e+00
      2.590      0.055     5.9951     73.116     27.854  28.089486     5.4304      6.881   173.9288 1.7465e+02     0.8749      2.541      3.685    25.4789   996.9498 0.0000e+00
      2.605      0.053     5.9966     73.111     27.918  28.144384     5.4258      6.881   174.0526 1.7233e+02     0.8620      2.556      3.707    25.4745   996.9511 0.0000e+00
      2.617      0.053     5.9969     73.085     27.929  28.143025     5.4888      6.881   174.2343 1.7058e+02     0.8650      2.568      3.723    25.4623   996.9543 0.0000e+00
      2.628      0.054     5.9815     72.890     27.863  28.073037     5.6291      6.879   174.4904 1.6858e+02     0.8792      2.576      3.737    25.4287   996.9631 0.0000e+00
      2.641      0.056     5.9585     72.615     27.847  28.059512     5.7176      6.878   174.7412 1.6662e+02     0.9027      2.589      3.756    25.4139   996.9670 0.0000e+00
      2.656      0.058     5.9444     72.423     27.902  28.106389     5.7269      6.877   175.0289 1.6462e+02     0.8870      2.605      3.777    25.4061   996.9692 0.0000e+00
      2.672      0.061     5.9322     72.228     27.947  28.132251     5.7154      6.875   175.3874 1.6232e+02     0.8529      2.620      3.800    25.3664   996.9795 0.0000e+00
      2.690      0.062     5.9114     71.936     27.949  28.118400     5.6738      6.871   175.6344 1.6037e+02     0.8511      2.638      3.826    25.3612   996.9809 0.0000e+00
