Data/DataNotYetUploadedToEDI/Raw_CTD/RawDownloads/090419_bvr50b.cnv
* Sea-Bird SBE19plus  Data File:
* FileName = C:\DATA\090419_bvr50_0003.hex
* Software version 2.8.0.119 SB_Terminal.dll
* Temperature SN = 7809
* Conductivity SN = 7809
* System UpLoad Time = Sep 04 2019 17:00:34
* <ApplicationData>
* <Seaterm232>
# nquan = 16
# nvalues = 908                         
# units = specified
# name 0 = depFM: Depth [fresh water, m]
# name 1 = dz/dtM: Descent Rate [m/s]
# name 2 = sbeox0Mg/L: Oxygen, SBE 43 [mg/l]
# name 3 = sbeox0PS: Oxygen, SBE 43 [% saturation]
# name 4 = specc: Specific Conductance [uS/cm]
# name 5 = c0uS/cm: Conductivity [uS/cm]
# name 6 = flECO-AFL: Fluorescence, WET Labs ECO-AFL/FL [mg/m^3]
# name 7 = ph: pH
# name 8 = orp: Oxidation Reduction Potential [mV]
# name 9 = par/sat/log: PAR/Logarithmic, Satlantic
# name 10 = turbWETntu0: Turbidity, WET Labs ECO [NTU]
# name 11 = prdM: Pressure, Strain Gauge [db]
# name 12 = prdE: Pressure, Strain Gauge [psi]
# name 13 = tv290C: Temperature [ITS-90, deg C]
# name 14 = density00: Density [density, kg/m^3]
# name 15 = flag:  0.000e+00
# span 0 =     -0.664,     10.491       
# span 1 =     -0.023,      0.209       
# span 2 =    -0.0756,     7.9155       
# span 3 =     -0.789,     99.188       
# span 4 =      1.017,    268.417       
# span 5 =   1.212542, 183.575070       
# span 6 =    -0.1462,    27.9354       
# span 7 =      6.040,      8.238       
# span 8 =  -114.4193,   219.5486       
# span 9 = 1.2326e-01, 1.7005e+03       
# span 10 =    -1.0462,    30.7416      
# span 11 =     -0.652,     10.288      
# span 12 =     -0.945,     14.921      
# span 13 =     8.9366,    34.6160      
# span 14 =   994.1725,   999.9251      
# span 15 = 0.0000e+00, 0.0000e+00      
# interval = seconds: 0.25
# start_time = Sep 04 2019 12:58:53 [Instrument's time stamp, header]
# bad_flag = -9.990e-29
*END*
[from data line 181]
      0.015      0.000     4.5074     57.824     28.314  30.146366     1.2589      7.354   203.6120 1.3594e+03     0.3849      0.014      0.021    28.1802   996.2004 0.0000e+00
      0.014      0.000     4.4879     57.588     28.306  30.146260     1.2643      7.356   203.6183 1.3569e+03     0.3991      0.014      0.020    28.1894   996.1977 0.0000e+00
      0.014      0.001     4.4684     57.353     28.297  30.145107     1.2632      7.356   204.1903 1.3802e+03     0.4489      0.014      0.020    28.2023   996.1940 0.0000e+00
      0.015      0.002     4.4484     57.110     28.278  30.132433     1.2637      7.353   204.8504 1.4017e+03     0.4634      0.015      0.021    28.2155   996.1902 0.0000e+00
      0.016      0.005     4.4288     56.871     28.259  30.119933     1.2604      7.347   205.0608 1.4001e+03     0.4425      0.016      0.023    28.2290   996.1864 0.0000e+00
      0.016      0.010     4.4133     56.682     28.255  30.120893     1.2579      7.341   203.9800 1.4009e+03     0.4255      0.016      0.023    28.2448   996.1819 0.0000e+00
      0.018      0.018     4.4048     56.578     28.155  30.017147     1.2594      7.328   195.3961 1.4154e+03     0.4224      0.017      0.026    28.2583   996.1780 0.0000e+00
      0.022      0.032     4.4094     56.635     27.969  29.817301     1.2619      7.293   179.7416 1.4156e+03     0.4379      0.020      0.029    28.2732   996.1738 0.0000e+00
      0.029      0.052     4.4758     57.435     27.917  29.734984     1.2621      7.242   169.6596 1.4080e+03     0.4494      0.026      0.039    28.2840   996.1707 0.0000e+00
      0.039      0.073     4.7021     60.238     27.952  29.719771     1.2526      7.201   166.7627 1.4299e+03     0.4297      0.037      0.054    28.2996   996.1663 0.0000e+00
      0.057      0.089     5.1511     65.943     27.894  29.633272     1.2430      7.181   165.1064 1.5546e+03     0.3961      0.050      0.071    28.2974   996.1670 0.0000e+00
      0.091      0.099     5.7775     73.969     27.839  29.577380     1.1804      7.180   163.8302 1.6758e+03     0.4369      0.085      0.123    28.3132   996.1625 0.0000e+00
      0.133      0.104     6.4467     82.474     27.894  29.615046     1.0508      7.194   162.9471 1.5787e+03     0.5620      0.136      0.198    28.2850   996.1708 0.0000e+00
      0.165      0.107     7.0192     89.630     27.977  29.644517     0.9671      7.208   162.4308 1.3532e+03     0.6314      0.167      0.242    28.1232   996.2173 0.0000e+00
      0.184      0.107     7.4215     94.579     28.012  29.616366     0.9492      7.215   162.2341 1.1161e+03     0.6199      0.182      0.263    28.0781   996.2301 0.0000e+00
      0.201      0.105     7.6338     97.159     28.028  29.591824     0.9822      7.212   162.2036 9.1403e+02     0.6202      0.195      0.282    28.1467   996.2106 0.0000e+00
      0.224      0.101     7.6619     97.471     28.052  29.601508     1.0452      7.198   162.0624 8.3022e+02     0.6342      0.215      0.312    28.1089   996.2215 0.0000e+00
      0.255      0.096     7.5331     95.831     28.057  29.606537     1.0688      7.181   161.6447 8.3277e+02     0.6260      0.249      0.361    27.9745   996.2599 0.0000e+00
      0.289      0.089     7.2975     92.839     28.039  29.589175     1.0688      7.173   161.1113 9.8119e+02     0.6194      0.286      0.415    27.8398   996.2982 0.0000e+00
      0.319      0.077     7.0222     89.329     28.035  29.581938     1.0888      7.176   160.7759 1.1228e+03     0.6529      0.317      0.461    27.7655   996.3194 0.0000e+00
      0.337      0.062     6.7656     86.034     28.045  29.582481     1.1282      7.181   160.6014 1.0853e+03     0.7031      0.335      0.485    27.7465   996.3248 0.0000e+00
      0.343      0.050     6.5569     83.322     28.019  29.532271     1.1453      7.183   160.6358 1.0709e+03     0.7014      0.338      0.491    27.7564   996.3220 0.0000e+00
      0.344      0.045     6.4005     81.263     27.998  29.482409     1.1393      7.175   160.8468 1.0862e+03     0.6319      0.335      0.487    27.7617   996.3204 0.0000e+00
      0.348      0.049     6.3003     79.898     28.037  29.487157     1.1872      7.159   160.7443 1.0275e+03     0.5840      0.339      0.492    27.7557   996.3222 0.0000e+00
      0.359      0.058     6.2582     79.271     28.049  29.462719     1.2734      7.145   160.4279 8.1813e+02     0.6148      0.349      0.505    27.7449   996.3253 0.0000e+00
      0.379      0.067     6.2630     79.291     28.044  29.440670     1.3140      7.135   160.2052 5.2321e+02     0.6428      0.366      0.531    27.6917   996.3403 0.0000e+00
      0.408      0.072     6.3074     79.840     28.081  29.474330     1.3220      7.133   160.0302 3.5766e+02     0.6279      0.402      0.582    27.6490   996.3525 0.0000e+00
      0.434      0.074     6.3870     80.816     28.107  29.489010     1.3539      7.137   160.0322 3.0368e+02     0.6316      0.429      0.623    27.5899   996.3691 0.0000e+00
      0.451      0.073     6.4900     82.077     28.124  29.491240     1.4137      7.141   160.2305 2.9659e+02     0.6543      0.443      0.642    27.4856   996.3984 0.0000e+00
      0.462      0.071     6.5984     83.409     28.148  29.501260     1.4465      7.142   160.3622 3.7537e+02     0.6404      0.454      0.658    27.4782   996.4006 0.0000e+00
      0.474      0.067     6.6906     84.543     28.142  29.483243     1.4466      7.139   160.4204 4.6841e+02     0.5952      0.462      0.671    27.4866   996.3983 0.0000e+00
      0.491      0.064     6.7513     85.290     28.130  29.463729     1.4408      7.131   160.3319 4.7420e+02     0.5665      0.479      0.695    27.4531   996.4077 0.0000e+00
      0.513      0.063     6.7744     85.565     28.129  29.455654     1.4284      7.122   159.9812 5.0285e+02     0.5876      0.504      0.731    27.4224   996.4164 0.0000e+00
      0.534      0.060     6.7592     85.341     28.133  29.449045     1.4276      7.119   159.7927 6.3564e+02     0.6549      0.525      0.762    27.3960   996.4239 0.0000e+00
      0.550      0.057     6.7087     84.659     28.147  29.447258     1.4316      7.121   159.7733 7.5714e+02     0.6917      0.541      0.784    27.3750   996.4297 0.0000e+00
      0.560      0.055     6.6305     83.620     28.153  29.434025     1.4244      7.125   159.6613 8.0885e+02     0.6712      0.549      0.798    27.3617   996.4335 0.0000e+00
      0.568      0.055     6.5340     82.345     28.158  29.415911     1.4177      7.124   159.7288 8.8545e+02     0.6376      0.555      0.805    27.3578   996.4346 0.0000e+00
      0.579      0.059     6.4329     81.000     28.187  29.418552     1.4284      7.118   159.9016 9.5852e+02     0.6131      0.566      0.821    27.3350   996.4410 0.0000e+00
      0.595      0.064     6.3407     79.762     28.200  29.402472     1.4424      7.109   159.9434 9.3301e+02     0.6041      0.582      0.844    27.3042   996.4496 0.0000e+00
      0.615      0.068     6.2636     78.723     28.175  29.348337     1.4391      7.104   159.9759 8.7361e+02     0.5935      0.602      0.873    27.2698   996.4592 0.0000e+00
      0.638      0.071     6.2081     77.971     28.183  29.334997     1.4581      7.101   160.0359 8.3453e+02     0.6163      0.626      0.909    27.2300   996.4704 0.0000e+00
      0.659      0.072     6.1793     77.557     28.236  29.368044     1.5165      7.098   160.1524 8.3193e+02     0.6833      0.648      0.940    27.1815   996.4840 0.0000e+00
      0.674      0.070     6.1692     77.355     28.264  29.367187     1.5637      7.093   160.2659 8.4636e+02     0.6822      0.661      0.959    27.1235   996.5000 0.0000e+00
      0.688      0.067     6.1578     77.129     28.256  29.324591     1.5776      7.085   160.2903 8.1835e+02     0.6365      0.674      0.977    27.0715   996.5144 0.0000e+00
      0.705      0.063     6.1367     76.809     28.251  29.297101     1.5983      7.080   160.3614 7.8604e+02     0.6225      0.691      1.003    27.0354   996.5244 0.0000e+00
      0.724      0.060     6.1150     76.519     28.250  29.288559     1.6408      7.077   160.5242 7.7864e+02     0.6104      0.710      1.031    27.0071   996.5323 0.0000e+00
      0.741      0.059     6.0952     76.258     28.252  29.284752     1.6660      7.076   160.7095 7.9239e+02     0.6223      0.728      1.056    26.9501   996.5481 0.0000e+00
      0.753      0.060     6.0691     75.892     28.297  29.314517     1.6771      7.073   160.7955 8.2777e+02     0.6344      0.739      1.072    26.8750   996.5687 0.0000e+00
      0.764      0.061     6.0315     75.369     28.334  29.331178     1.7239      7.069   160.7891 8.2450e+02     0.6249      0.748      1.085    26.8330   996.5802 0.0000e+00
      0.778      0.063     5.9840     74.736     28.316  29.295816     1.8071      7.063   160.8037 7.9950e+02     0.6069      0.761      1.104    26.8306   996.5809 0.0000e+00
      0.796      0.066     5.9375     74.136     28.296  29.267616     1.8596      7.058   160.8001 8.0649e+02     0.5800      0.779      1.131    26.8336   996.5802 0.0000e+00
      0.816      0.068     5.9030     73.699     28.276  29.244011     1.8643      7.053   160.8311 8.0795e+02     0.5953      0.801      1.162    26.7970   996.5903 0.0000e+00
      0.836      0.068     5.8803     73.409     28.237  29.200741     1.8636      7.050   160.9215 7.6890e+02     0.6278      0.821      1.190    26.7484   996.6037 0.0000e+00
      0.854      0.066     5.8721     73.294     28.231  29.188585     1.9041      7.048   161.0321 7.3076e+02     0.6133      0.839      1.216    26.7184   996.6119 0.0000e+00
      0.870      0.062     5.8870     73.469     28.269  29.223919     1.9891      7.048   161.1364 7.3093e+02     0.6162      0.854      1.238    26.7072   996.6150 0.0000e+00
      0.884      0.058     5.9203     73.879     28.294  29.247262     2.0496      7.049   161.1505 7.4723e+02     0.6624      0.868      1.258    26.7078   996.6149 0.0000e+00
      0.898      0.054     5.9587     74.355     28.266  29.217026     2.0641      7.050   161.2015 7.4956e+02     0.6805      0.881      1.279    26.7026   996.6164 0.0000e+00
      0.911      0.053     6.0008     74.873     28.228  29.175581     2.0858      7.050   161.4093 7.2107e+02     0.6714      0.894      1.297    26.6906   996.6197 0.0000e+00
      0.923      0.054     6.0468     75.436     28.247  29.190287     2.1295      7.046   161.6848 6.7931e+02     0.6503      0.905      1.312    26.6791   996.6229 0.0000e+00
      0.935      0.055     6.0801     75.826     28.271  29.204482     2.1591      7.040   161.8650 6.4530e+02     0.6558      0.917      1.329    26.6794   996.6229 0.0000e+00
      0.950      0.056     6.0882     75.888     28.240  29.156845     2.1751      7.033   161.8674 6.3581e+02     0.7041      0.931      1.350    26.6776   996.6235 0.0000e+00
      0.966      0.057     6.0765     75.712     28.219  29.121878     2.1939      7.028   161.7998 6.5537e+02     0.6770      0.947      1.374    26.6700   996.6255 0.0000e+00
      0.982      0.059     6.0532     75.404     28.266  29.162365     2.2125      7.022   161.8218 6.6615e+02     0.5907      0.963      1.397    26.6691   996.6258 0.0000e+00
      0.997      0.061     6.0224     75.000     28.312  29.202221     2.2265      7.016   161.9616 6.5905e+02     0.5777      0.978      1.419    26.6491   996.6314 0.0000e+00
      1.011      0.061     5.9822     74.475     28.280  29.159621     2.2337      7.012   162.0268 6.4811e+02     0.6185      0.991      1.438    26.6110   996.6418 0.0000e+00
      1.025      0.061     5.9314     73.830     28.220  29.091417     2.2208      7.012   162.0073 6.2847e+02     0.6254      1.004      1.458    26.5891   996.6478 0.0000e+00
      1.042      0.061     5.8799     73.188     28.205  29.075493     2.1838      7.011   162.0699 6.0521e+02     0.5952      1.022      1.482    26.5805   996.6502 0.0000e+00
      1.060      0.061     5.8410     72.698     28.225  29.093978     2.1596      7.010   162.0954 5.9503e+02     0.6143      1.040      1.509    26.5675   996.6538 0.0000e+00
      1.075      0.060     5.8136     72.335     28.203  29.061129     2.1612      7.010   162.0579 6.0373e+02     0.6600      1.055      1.530    26.5433   996.6604 0.0000e+00
      1.090      0.059     5.7924     72.049     28.149  28.995544     2.1516      7.012   162.2194 6.1230e+02     0.6558      1.069      1.549    26.5319   996.6636 0.0000e+00
      1.105      0.057     5.7877     71.981     28.156  28.998899     2.1217      7.012   162.4991 5.9913e+02     0.6291      1.084      1.572    26.5397   996.6615 0.0000e+00
      1.119      0.057     5.8030     72.148     28.204  29.038249     2.1024      7.011   162.6871 5.6864e+02     0.5996      1.099      1.593    26.5402   996.6614 0.0000e+00
      1.132      0.057     5.8223     72.335     28.215  29.027169     2.1011      7.010   162.8574 5.3812e+02     0.5932      1.110      1.610    26.5176   996.6677 0.0000e+00
      1.146      0.057     5.8362     72.465     28.198  28.991788     2.1055      7.011   162.9238 5.2955e+02     0.6176      1.122      1.629    26.4881   996.6755 0.0000e+00
      1.162      0.056     5.8540     72.672     28.203  28.991116     2.1380      7.014   162.8870 5.3741e+02     0.5994      1.140      1.653    26.4967   996.6733 0.0000e+00
      1.177      0.055     5.8824     73.022     28.232  29.019042     2.1990      7.015   163.0155 5.4780e+02     0.5706      1.155      1.676    26.4873   996.6760 0.0000e+00
      1.191      0.054     5.9159     73.425     28.231  29.012207     2.2361      7.015   163.1860 5.6532e+02     0.5971      1.168      1.695    26.4259   996.6927 0.0000e+00
      1.204      0.053     5.9467     73.796     28.196  28.971906     2.2403      7.014   163.2278 5.6322e+02     0.6240      1.181      1.713    26.3898   996.7025 0.0000e+00
      1.217      0.053     5.9735     74.132     28.198  28.975896     2.2331      7.011   163.2635 5.4077e+02     0.6334      1.193      1.731    26.3875   996.7031 0.0000e+00
      1.230      0.054     5.9971     74.435     28.215  28.996997     2.2271      7.007   163.2730 5.3624e+02     0.6462      1.206      1.749    26.3930   996.7017 0.0000e+00
      1.243      0.056     6.0140     74.647     28.191  28.973247     2.2279      7.004   163.2561 5.3834e+02     0.6477      1.219      1.768    26.3789   996.7055 0.0000e+00
      1.257      0.058     6.0218     74.742     28.162  28.942534     2.2341      7.003   163.3174 5.3023e+02     0.6504      1.232      1.786    26.3632   996.7098 0.0000e+00
      1.273      0.058     6.0274     74.815     28.161  28.942891     2.2592      7.001   163.4976 5.2339e+02     0.6791      1.247      1.810    26.3704   996.7079 0.0000e+00
      1.291      0.058     6.0393     74.963     28.133  28.914119     2.2892      7.000   163.7142 5.1411e+02     0.7000      1.266      1.837    26.3822   996.7049 0.0000e+00
      1.307      0.057     6.0574     75.176     28.074  28.848437     2.2927      7.000   163.8718 4.9466e+02     0.6745      1.282      1.859    26.3838   996.7045 0.0000e+00
      1.321      0.054     6.0825     75.470     28.079  28.846655     2.2927      7.001   163.9398 4.7650e+02     0.6657      1.296      1.879    26.3770   996.7063 0.0000e+00
      1.334      0.052     6.1147     75.853     28.130  28.892559     2.3058      7.001   163.9345 4.7372e+02     0.6916      1.308      1.897    26.3820   996.7051 0.0000e+00
      1.344      0.051     6.1450     76.211     28.140  28.895868     2.3048      6.997   163.9799 4.7630e+02     0.6599      1.318      1.912    26.3892   996.7032 0.0000e+00
      1.355      0.053     6.1604     76.386     28.137  28.886650     2.2975      6.991   164.1447 4.7444e+02     0.6094      1.329      1.928    26.3752   996.7069 0.0000e+00
      1.367      0.056     6.1511     76.268     28.159  28.907993     2.2956      6.985   164.2928 4.7031e+02     0.6051      1.340      1.944    26.3593   996.7113 0.0000e+00
