Data/DataNotYetUploadedToEDI/Raw_CTD/RawDownloads/090718_fcr50.cnv
* Sea-Bird SBE19plus  Data File:
* FileName = C:\DATA\090718_BVR_0009.hex
* Software version 2.6.3.104 SB_Terminal.dll
* Temperature SN = 7809
* Conductivity SN = 7809
* System UpLoad Time = Sep 07 2018 18:59:36
* <ApplicationData>
* <Seaterm232>
# nquan = 15
# nvalues = 734                         
# units = specified
# name 0 = depFM: Depth [fresh water, m]
# name 1 = dz/dtM: Descent Rate [m/s]
# name 2 = sbeox0Mg/L: Oxygen, SBE 43 [mg/l]
# name 3 = sbeox0PS: Oxygen, SBE 43 [% saturation]
# name 4 = specc: Specific Conductance [uS/cm]
# name 5 = c0uS/cm: Conductivity [uS/cm]
# name 6 = flECO-AFL: Fluorescence, WET Labs ECO-AFL/FL [mg/m^3]
# name 7 = ph: pH
# name 8 = orp: Oxidation Reduction Potential [mV]
# name 9 = par/sat/log: PAR/Logarithmic, Satlantic
# name 10 = turbWETntu0: Turbidity, WET Labs ECO [NTU]
# name 11 = prdM: Pressure, Strain Gauge [db]
# name 12 = prdE: Pressure, Strain Gauge [psi]
# name 13 = tv290C: Temperature [ITS-90, deg C]
# name 14 = flag:  0.000e+00
# span 0 =     -0.529,      5.296       
# span 1 =     -0.088,      0.228       
# span 2 =     0.0830,    10.1915       
# span 3 =      0.780,    125.140       
# span 4 =      0.301,     77.676       
# span 5 =   0.342012,  59.014992       
# span 6 =    -0.3661,    24.7866       
# span 7 =      5.220,      8.423       
# span 8 = -1240.7455,   402.9748       
# span 9 = 5.7267e-01, 9.3790e+02       
# span 10 =    -0.4558,    11.0916      
# span 11 =     -0.519,      5.194      
# span 12 =     -0.752,      7.534      
# span 13 =    12.4849,    31.9090      
# span 14 = 0.0000e+00, 0.0000e+00      
# interval = seconds: 0.25
# start_time = Sep 07 2018 19:22:22 [Instrument's time stamp, header]
# bad_flag = -9.990e-29
*END*
[from data line 579]
      3.540      0.052     0.1540      1.602     52.758  44.556844    19.5339      6.608   234.3330 6.7590e+00     2.2357      3.468      5.030    17.5120 0.0000e+00
      3.556      0.053     0.1545      1.605     52.830  44.561531    19.7514      6.600   234.5001 6.5774e+00     2.2718      3.485      5.054    17.4543 0.0000e+00
      3.576      0.055     0.1550      1.609     52.995  44.658577    21.0551      6.592   234.9736 6.4116e+00     2.4160      3.508      5.088    17.3892 0.0000e+00
      3.593      0.060     0.1563      1.620     53.740  45.221762    23.4516      6.582   235.0678 6.2935e+00     2.6974      3.526      5.113    17.2969 0.0000e+00
      3.605      0.062     0.1577      1.630     54.992  46.159436    24.7498      6.571   234.6068 6.1777e+00     2.8364      3.536      5.128    17.2114 0.0000e+00
      3.615      0.062     0.1595      1.645     55.673  46.589613    24.7866      6.560   233.9595 6.0116e+00     2.8151      3.542      5.137    17.1660 0.0000e+00
      3.631      0.059     0.1617      1.664     55.534  46.355287    23.8402      6.550   234.0375 5.8000e+00     2.8359      3.557      5.159    17.1353 0.0000e+00
      3.653      0.055     0.1607      1.651     55.409  46.186151    22.0653      6.541   234.6048 5.5989e+00     2.9661      3.583      5.198    17.0939 0.0000e+00
      3.672      0.051     0.1564      1.606     55.587  46.324131    21.1008      6.534   234.3652 5.4841e+00     3.0772      3.605      5.229    16.9793 0.0000e+00
      3.683      0.046     0.1529      1.572     55.685  46.434657    21.0095      6.528   233.7215 5.4376e+00     3.0812      3.614      5.240    16.8264 0.0000e+00
      3.689      0.041     0.1502      1.545     55.509  46.314972    20.9889      6.522   233.3612 5.4010e+00     3.0752      3.617      5.246    16.7146 0.0000e+00
      3.694      0.036     0.1482      1.523     55.569  46.338881    21.0727      6.515   233.6229 5.3575e+00     3.0661      3.622      5.254    16.6541 0.0000e+00
      3.701      0.035     0.1475      1.514     55.997  46.596585    21.2407      6.509   234.3897 5.2803e+00     3.0317      3.628      5.262    16.6514 0.0000e+00
      3.711      0.039     0.1464      1.499     56.193  46.634182    21.3307      6.501   234.6309 5.1753e+00     3.0256      3.639      5.278    16.6865 0.0000e+00
      3.722      0.043     0.1446      1.478     56.112  46.475530    21.2964      6.494   233.9580 5.0691e+00     3.0231      3.650      5.293    16.7354 0.0000e+00
      3.734      0.046     0.1436      1.466     56.076  46.394286    20.7161      6.486   233.1378 4.9533e+00     3.0615      3.660      5.310    16.7201 0.0000e+00
      3.749      0.051     0.1428      1.456     56.193  46.414508    19.6436      6.479   232.8873 4.8291e+00     3.1848      3.676      5.333    16.6133 0.0000e+00
      3.761      0.056     0.1419      1.444     56.411  46.465709    19.0633      6.472   232.6502 4.7184e+00     3.2934      3.689      5.350    16.4758 0.0000e+00
      3.772      0.061     0.1419      1.440     56.613  46.504728    18.9929      6.464   231.7333 4.5950e+00     3.3372      3.697      5.363    16.3858 0.0000e+00
      3.788      0.065     0.1418      1.436     56.818  46.568340    18.6728      6.455   230.5773 4.4218e+00     3.3784      3.712      5.384    16.3764 0.0000e+00
      3.808      0.069     0.1420      1.436     57.157  46.726245    18.0787      6.445   229.5141 4.2257e+00     3.4569      3.734      5.416    16.3214 0.0000e+00
      3.828      0.072     0.1434      1.446     57.534  46.888410    17.7463      6.436   226.4499 4.0543e+00     3.4920      3.756      5.447    16.1748 0.0000e+00
      3.847      0.073     0.1447      1.455     57.610  46.812788    17.6046      6.428   219.2535 3.8792e+00     3.4974      3.772      5.470    16.0558 0.0000e+00
      3.866      0.073     0.1452      1.457     57.526  46.638000    16.3566      6.422   210.9914 3.6800e+00     3.6750      3.791      5.498    15.9850 0.0000e+00
      3.886      0.072     0.1459      1.462     57.599  46.618132    14.0797      6.415   205.5364 3.5238e+00     3.9615      3.812      5.529    15.8858 0.0000e+00
      3.902      0.069     0.1478      1.479     57.690  46.636038    12.8292      6.410   200.9634 3.3887e+00     4.0922      3.826      5.550    15.7409 0.0000e+00
      3.919      0.068     0.1484      1.484     57.924  46.790887    12.7246      6.406   195.4503 3.2191e+00     4.0953      3.842      5.572    15.6125 0.0000e+00
      3.938      0.069     0.1474      1.473     58.809  47.473406    12.9801      6.402   190.8456 3.0691e+00     4.1521      3.864      5.603    15.5258 0.0000e+00
      3.954      0.071     0.1465      1.462     59.648  48.087211    13.4750      6.398   187.1033 2.9818e+00     4.2896      3.880      5.627    15.4578 0.0000e+00
      3.969      0.074     0.1435      1.429     59.573  47.919675    13.7364      6.394   182.2957 2.8978e+00     4.3853      3.890      5.642    15.4085 0.0000e+00
      3.987      0.076     0.1400      1.392     59.258  47.545252    13.6124      6.391   176.1664 2.7671e+00     4.4241      3.908      5.667    15.3824 0.0000e+00
      4.009      0.077     0.1394      1.383     59.100  47.310167    11.9122      6.388   170.1252 2.6325e+00     4.7582      3.932      5.702    15.3696 0.0000e+00
      4.033      0.079     0.1398      1.384     59.058  47.174651     8.7842      6.384   165.1767 2.5344e+00     5.4046      3.956      5.738    15.3226 0.0000e+00
      4.054      0.080     0.1400      1.383     59.196  47.177840     7.0750      6.379   161.4188 2.4589e+00     5.7692      3.976      5.767    15.2182 0.0000e+00
      4.073      0.078     0.1400      1.381     59.386  47.221470     6.9150      6.374   157.8998 2.3801e+00     5.8095      3.994      5.793    15.1056 0.0000e+00
      4.092      0.075     0.1396      1.375     59.548  47.257132     6.8410      6.370   153.7757 2.3039e+00     5.8311      4.013      5.820    15.0205 0.0000e+00
      4.112      0.071     0.1406      1.384     59.672  47.291102     6.1349      6.369   149.9283 2.2490e+00     6.0306      4.034      5.849    14.9394 0.0000e+00
      4.131      0.069     0.1424      1.401     59.830  47.377890     4.8477      6.366   147.1733 2.2058e+00     6.4206      4.052      5.876    14.8456 0.0000e+00
      4.147      0.068     0.1422      1.397     60.008  47.480140     4.1520      6.365   145.3312 2.1581e+00     6.6409      4.067      5.899    14.7520 0.0000e+00
      4.162      0.067     0.1397      1.371     60.352  47.701075     4.0827      6.365   143.4872 2.1144e+00     6.6498      4.081      5.919    14.6663 0.0000e+00
      4.178      0.066     0.1361      1.335     60.897  48.078701     4.0373      6.365   141.1383 2.0799e+00     6.5882      4.096      5.941    14.6118 0.0000e+00
      4.196      0.066     0.1333      1.306     61.228  48.295734     3.9712      6.364   138.8709 2.0345e+00     6.4758      4.116      5.969    14.5925 0.0000e+00
      4.214      0.065     0.1312      1.285     61.261  48.291142     3.9362      6.364   136.8937 1.9760e+00     6.4193      4.134      5.994    14.5630 0.0000e+00
      4.231      0.064     0.1279      1.253     61.269  48.277401     3.9348      6.364   135.3863 1.9186e+00     6.4251      4.149      6.017    14.5146 0.0000e+00
      4.247      0.061     0.1249      1.223     61.271  48.256704     3.9176      6.362   134.1539 1.8787e+00     6.3929      4.167      6.043    14.4699 0.0000e+00
      4.262      0.057     0.1221      1.195     61.283  48.231563     3.8849      6.359   132.4037 1.8589e+00     6.3044      4.181      6.063    14.4323 0.0000e+00
      4.275      0.053     0.1181      1.155     61.404  48.291201     3.8700      6.359   130.3994 1.8357e+00     6.2100      4.193      6.080    14.4053 0.0000e+00
      4.289      0.051     0.1153      1.127     61.589  48.405664     3.8754      6.359   128.5911 1.8090e+00     6.1675      4.208      6.103    14.3962 0.0000e+00
      4.301      0.049     0.1143      1.116     61.709  48.471332     3.8399      6.359   127.8329 1.7816e+00     6.0651      4.219      6.119    14.3823 0.0000e+00
      4.312      0.049     0.1128      1.101     61.787  48.513087     3.7532      6.359   127.9436 1.7501e+00     5.8261      4.228      6.132    14.3473 0.0000e+00
      4.324      0.048     0.1115      1.088     61.977  48.656228     3.7005      6.359   127.0038 1.7210e+00     5.6273      4.240      6.150    14.3170 0.0000e+00
      4.338      0.047     0.1115      1.088     62.251  48.867175     3.6809      6.358   125.1600 1.6900e+00     5.5543      4.254      6.171    14.2945 0.0000e+00
      4.351      0.046     0.1106      1.079     62.486  49.029532     3.5252      6.356   123.6331 1.6684e+00     5.4926      4.267      6.189    14.2676 0.0000e+00
      4.363      0.043     0.1091      1.063     62.708  49.157238     3.2425      6.356   122.8245 1.6572e+00     5.3393      4.279      6.205    14.2489 0.0000e+00
      4.373      0.039     0.1104      1.075     62.923  49.267016     3.0839      6.357   122.5239 1.6252e+00     5.1953      4.290      6.222    14.2495 0.0000e+00
      4.383      0.036     0.1125      1.094     63.163  49.403277     3.0597      6.357   121.8921 1.5862e+00     5.1553      4.299      6.235    14.2519 0.0000e+00
      4.390      0.034     0.1121      1.090     63.454  49.596924     3.0517      6.356   120.6060 1.5809e+00     5.1617      4.305      6.244    14.2373 0.0000e+00
      4.397      0.032     0.1104      1.073     63.695  49.764881     3.0144      6.354   119.2769 1.5849e+00     5.1198      4.311      6.253    14.1974 0.0000e+00
      4.405      0.032     0.1081      1.050     63.896  49.908376     2.9486      6.353   118.4699 1.5617e+00     5.0151      4.320      6.265    14.1409 0.0000e+00
      4.414      0.032     0.1063      1.033     64.026  49.996953     2.9271      6.353   117.8184 1.5301e+00     4.9641      4.330      6.280    14.0983 0.0000e+00
      4.422      0.032     0.1066      1.036     64.063  50.009453     2.9379      6.352   116.9922 1.5096e+00     4.9603      4.336      6.290    14.0753 0.0000e+00
      4.430      0.031     0.1069      1.038     64.068  49.995917     2.9869      6.350   116.1373 1.4907e+00     4.9386      4.343      6.299    14.0590 0.0000e+00
      4.440      0.029     0.1054      1.023     64.037  49.960416     3.0966      6.349   115.0528 1.4814e+00     4.9456      4.356      6.316    14.0509 0.0000e+00
      4.448      0.027     0.1045      1.015     64.031  49.961611     3.1614      6.351   113.8614 1.4719e+00     4.9850      4.363      6.328    14.0426 0.0000e+00
      4.454      0.025     0.1042      1.012     64.074  50.010369     3.1549      6.352   113.0029 1.4427e+00     4.9874      4.368      6.335    14.0284 0.0000e+00
      4.458      0.024     0.1048      1.018     64.110  50.041409     3.0369      6.351   112.4168 1.4190e+00     4.8518      4.374      6.343    14.0143 0.0000e+00
      4.463      0.023     0.1058      1.027     64.175  50.082648     2.8097      6.351   111.5064 1.4079e+00     4.6580      4.376      6.346    13.9995 0.0000e+00
      4.469      0.024     0.1042      1.012     64.332  50.191127     2.6774      6.350   110.0830 1.3989e+00     4.5667      4.381      6.355    14.0054 0.0000e+00
      4.477      0.027     0.1014      0.983     64.566  50.335889     2.6601      6.348   109.0585 1.3877e+00     4.5103      4.391      6.370    14.0288 0.0000e+00
      4.483      0.032     0.1001      0.970     64.862  50.497931     2.6735      6.347   108.6698 1.3737e+00     4.4954      4.396      6.376    14.0297 0.0000e+00
      4.488      0.038     0.0995      0.962     65.195  50.688164     2.7017      6.347   108.2228 1.3660e+00     4.5388      4.398      6.379    14.0138 0.0000e+00
      4.498      0.044     0.0982      0.949     65.481  50.855909     2.7161      6.346   107.6122 1.3627e+00     4.5472      4.410      6.397    14.0135 0.0000e+00
      4.512      0.052     0.0984      0.950     65.650  50.936767     2.7195      6.342   107.2227 1.3560e+00     4.5364      4.426      6.419    13.9906 0.0000e+00
      4.527      0.064     0.0998      0.963     65.673  50.902892     2.7055      6.335   107.1282 1.3338e+00     4.4999      4.440      6.438    13.9209 0.0000e+00
      4.543      0.076     0.1001      0.965     65.651  50.827706     2.6847      6.328   106.9848 1.2943e+00     4.4105      4.455      6.461    13.8645 0.0000e+00
      4.560      0.083     0.1003      0.966     65.686  50.790486     2.6798      6.323   106.6933 1.2469e+00     4.3410      4.469      6.483    13.8306 0.0000e+00
      4.585      0.085     0.1021      0.982     65.733  50.770658     2.6825      6.319   106.5295 1.1873e+00     4.3314      4.491      6.513    13.7901 0.0000e+00
      4.616      0.082     0.1045      1.005     65.791  50.778608     2.7356      6.318   106.6399 1.1328e+00     4.3855      4.528      6.568    13.7525 0.0000e+00
      4.644      0.076     0.1070      1.027     65.878  50.823003     2.8440      6.319   106.6507 1.1035e+00     4.4765      4.560      6.614    13.7114 0.0000e+00
      4.661      0.066     0.1085      1.042     65.949  50.862408     2.9094      6.321   106.2298 1.0889e+00     4.5153      4.573      6.633    13.6553 0.0000e+00
      4.671      0.054     0.1078      1.035     65.981  50.873605     2.9198      6.323   105.5089 1.0864e+00     4.5191      4.582      6.646    13.6097 0.0000e+00
      4.679      0.044     0.1060      1.017     65.938  50.831224     2.9153      6.325   104.8175 1.0748e+00     4.5227      4.590      6.657    13.5841 0.0000e+00
      4.687      0.038     0.1041      1.000     65.798  50.731395     2.8719      6.327   104.4951 1.0460e+00     4.4068      4.596      6.666    13.5686 0.0000e+00
      4.696      0.036     0.1022      0.983     65.707  50.683745     2.8086      6.328   104.3646 1.0254e+00     4.1856      4.605      6.680    13.5584 0.0000e+00
      4.706      0.037     0.0989      0.952     65.781  50.763690     2.7842      6.329   103.5833 1.0176e+00     4.0757      4.614      6.692    13.5487 0.0000e+00
      4.716      0.037     0.0951      0.915     65.990  50.935164     2.7892      6.330   102.2763 1.0167e+00     4.0851      4.624      6.707    13.5363 0.0000e+00
      4.726      0.037     0.0942      0.905     66.310  51.167735     2.8221      6.332   101.5524 1.0107e+00     4.0851      4.636      6.724    13.5424 0.0000e+00
      4.736      0.037     0.0945      0.908     66.688  51.414202     2.8795      6.333   101.6287 9.9205e-01     4.0762      4.645      6.738    13.5660 0.0000e+00
      4.745      0.037     0.0934      0.897     67.049  51.626484     2.9126      6.333   101.3056 9.6775e-01     4.0993      4.653      6.749    13.5847 0.0000e+00
      4.753      0.038     0.0932      0.894     67.315  51.763559     2.9098      6.334    99.9696 9.4833e-01     4.1203      4.660      6.759    13.5973 0.0000e+00
      4.762      0.041     0.0940      0.901     67.435  51.799985     2.7819      6.336    98.8969 9.3278e-01     4.0256      4.669      6.771    13.5881 0.0000e+00
      4.773      0.046     0.0936      0.896     67.426  51.748971     2.5515      6.336    98.6605 9.1434e-01     3.8389      4.679      6.787    13.5520 0.0000e+00
      4.785      0.051     0.0931      0.890     67.267  51.591728     2.4214      6.336    98.7460 9.0304e-01     3.7244      4.691      6.804    13.4951 0.0000e+00
      4.799      0.055     0.0931      0.890     67.004  51.360943     2.3946      6.336    98.3818 8.9908e-01     3.6795      4.705      6.824    13.4410 0.0000e+00
      4.814      0.056     0.0942      0.900     66.809  51.183619     2.3830      6.336    97.3546 8.8991e-01     3.6013      4.720      6.846    13.4019 0.0000e+00
