Data/DataNotYetUploadedToEDI/Raw_CTD/RawDownloads/090718_fcr50.cnv
* Sea-Bird SBE19plus  Data File:
* FileName = C:\DATA\090718_BVR_0009.hex
* Software version 2.6.3.104 SB_Terminal.dll
* Temperature SN = 7809
* Conductivity SN = 7809
* System UpLoad Time = Sep 07 2018 18:59:36
* <ApplicationData>
* <Seaterm232>
# nquan = 15
# nvalues = 734                         
# units = specified
# name 0 = depFM: Depth [fresh water, m]
# name 1 = dz/dtM: Descent Rate [m/s]
# name 2 = sbeox0Mg/L: Oxygen, SBE 43 [mg/l]
# name 3 = sbeox0PS: Oxygen, SBE 43 [% saturation]
# name 4 = specc: Specific Conductance [uS/cm]
# name 5 = c0uS/cm: Conductivity [uS/cm]
# name 6 = flECO-AFL: Fluorescence, WET Labs ECO-AFL/FL [mg/m^3]
# name 7 = ph: pH
# name 8 = orp: Oxidation Reduction Potential [mV]
# name 9 = par/sat/log: PAR/Logarithmic, Satlantic
# name 10 = turbWETntu0: Turbidity, WET Labs ECO [NTU]
# name 11 = prdM: Pressure, Strain Gauge [db]
# name 12 = prdE: Pressure, Strain Gauge [psi]
# name 13 = tv290C: Temperature [ITS-90, deg C]
# name 14 = flag:  0.000e+00
# span 0 =     -0.529,      5.296       
# span 1 =     -0.088,      0.228       
# span 2 =     0.0830,    10.1915       
# span 3 =      0.780,    125.140       
# span 4 =      0.301,     77.676       
# span 5 =   0.342012,  59.014992       
# span 6 =    -0.3661,    24.7866       
# span 7 =      5.220,      8.423       
# span 8 = -1240.7455,   402.9748       
# span 9 = 5.7267e-01, 9.3790e+02       
# span 10 =    -0.4558,    11.0916      
# span 11 =     -0.519,      5.194      
# span 12 =     -0.752,      7.534      
# span 13 =    12.4849,    31.9090      
# span 14 = 0.0000e+00, 0.0000e+00      
# interval = seconds: 0.25
# start_time = Sep 07 2018 19:22:22 [Instrument's time stamp, header]
# bad_flag = -9.990e-29
*END*
[from data line 482]
      2.443      0.032     8.6375    101.912     38.707  37.650210     4.3946      8.143   216.9749 2.6813e+01     2.1157      2.396      3.475    23.7876 0.0000e+00
      2.453      0.032     8.5386    100.641     38.769  37.668343     4.3487      8.137   217.1679 2.6485e+01     2.1505      2.405      3.489    23.7644 0.0000e+00
      2.461      0.033     8.4008     98.917     38.853  37.708019     4.3458      8.128   218.4139 2.6192e+01     2.1673      2.414      3.501    23.7284 0.0000e+00
      2.468      0.034     8.2301     96.821     38.933  37.748709     4.4061      8.117   219.7370 2.5902e+01     2.1667      2.420      3.509    23.6823 0.0000e+00
      2.476      0.035     8.0372     94.475     38.999  37.779084     4.5175      8.106   220.3458 2.5562e+01     2.2049      2.427      3.520    23.6309 0.0000e+00
      2.485      0.036     7.8320     91.988     39.078  37.821127     4.5807      8.095   220.4397 2.5208e+01     2.2327      2.438      3.536    23.5737 0.0000e+00
      2.495      0.037     7.6225     89.452     39.170  37.875823     4.6182      8.084   220.5278 2.4855e+01     2.2275      2.445      3.547    23.5170 0.0000e+00
      2.505      0.038     7.4069     86.849     39.265  37.932133     4.8611      8.072   220.3795 2.4459e+01     2.1726      2.455      3.561    23.4713 0.0000e+00
      2.515      0.038     7.1778     84.097     39.362  37.993685     5.2840      8.059   220.1088 2.4081e+01     2.0874      2.467      3.579    23.4304 0.0000e+00
      2.525      0.037     6.9311     81.150     39.449  38.048235     5.5131      8.047   220.3527 2.3761e+01     2.0516      2.476      3.592    23.3872 0.0000e+00
      2.535      0.036     6.6584     77.907     39.513  38.083405     5.5541      8.036   220.8331 2.3480e+01     2.0760      2.486      3.606    23.3424 0.0000e+00
      2.544      0.033     6.3522     74.283     39.555  38.101235     5.7706      8.025   221.0123 2.3225e+01     2.1071      2.494      3.618    23.2960 0.0000e+00
      2.553      0.031     6.0147     70.308     39.610  38.136725     6.1650      8.014   220.7136 2.2982e+01     2.0921      2.504      3.631    23.2545 0.0000e+00
      2.560      0.029     5.6688     66.239     39.687  38.194835     6.3794      8.002   220.4044 2.2760e+01     2.0778      2.511      3.642    23.2194 0.0000e+00
      2.565      0.028     5.3539     62.528     39.748  38.232054     6.3967      7.988   220.8012 2.2530e+01     2.0867      2.514      3.648    23.1832 0.0000e+00
      2.571      0.028     5.0900     59.410     39.813  38.269048     6.4296      7.976   221.4677 2.2275e+01     2.0779      2.520      3.655    23.1524 0.0000e+00
      2.578      0.028     4.8759     56.874     39.898  38.324443     6.4914      7.965   222.0963 2.1996e+01     2.0632      2.529      3.667    23.1332 0.0000e+00
      2.587      0.029     4.6999     54.784     40.001  38.393543     6.5284      7.953   222.3783 2.1737e+01     2.0616      2.538      3.681    23.1178 0.0000e+00
      2.595      0.030     4.5496     52.987     40.117  38.469193     6.5467      7.940   222.1234 2.1538e+01     2.0587      2.545      3.691    23.0901 0.0000e+00
      2.601      0.032     4.4203     51.430     40.235  38.540228     6.6570      7.926   222.1982 2.1338e+01     2.0586      2.551      3.699    23.0556 0.0000e+00
      2.609      0.033     4.2992     49.968     40.363  38.617046     6.8610      7.912   222.5949 2.1089e+01     2.0597      2.557      3.709    23.0231 0.0000e+00
      2.618      0.034     4.1679     48.389     40.497  38.699081     6.9730      7.897   222.9620 2.0824e+01     2.0413      2.566      3.722    22.9880 0.0000e+00
      2.628      0.036     4.0136     46.548     40.620  38.769652     6.9816      7.882   223.3665 2.0560e+01     2.0498      2.577      3.740    22.9445 0.0000e+00
      2.638      0.039     3.8265     44.329     40.739  38.834929     7.0205      7.865   223.5282 2.0309e+01     2.0711      2.587      3.753    22.8906 0.0000e+00
      2.647      0.041     3.6109     41.782     40.878  38.916490     7.4614      7.847   223.3685 2.0067e+01     2.0554      2.596      3.765    22.8329 0.0000e+00
      2.657      0.041     3.3866     39.137     41.014  38.993342     8.2682      7.830   223.2421 1.9773e+01     2.0423      2.604      3.777    22.7747 0.0000e+00
      2.668      0.040     3.1597     36.471     41.143  39.065202     8.7153      7.814   223.5487 1.9428e+01     2.0344      2.616      3.794    22.7172 0.0000e+00
      2.680      0.040     2.9229     33.701     41.283  39.149939     8.8420      7.796   224.2367 1.9126e+01     2.0518      2.630      3.813    22.6594 0.0000e+00
      2.691      0.041     2.6761     30.819     41.449  39.255427     9.7181      7.777   224.9362 1.8921e+01     2.0387      2.640      3.828    22.5963 0.0000e+00
      2.699      0.042     2.4318     27.967     41.653  39.387579    11.3039      7.756   225.3808 1.8735e+01     1.9369      2.647      3.839    22.5294 0.0000e+00
      2.708      0.043     2.2079     25.352     41.819  39.477015    12.1811      7.732   225.6539 1.8490e+01     1.8594      2.654      3.849    22.4682 0.0000e+00
      2.718      0.043     2.0100     23.046     41.921  39.510752    12.3557      7.710   226.0879 1.8191e+01     1.8341      2.664      3.863    22.4135 0.0000e+00
      2.732      0.042     1.8322     20.983     42.009  39.541261    13.3603      7.690   226.5841 1.7862e+01     1.8436      2.678      3.885    22.3527 0.0000e+00
      2.747      0.042     1.6694     19.098     42.110  39.591688    15.1926      7.671   227.0934 1.7612e+01     1.8840      2.696      3.911    22.2796 0.0000e+00
      2.757      0.041     1.5209     17.383     42.315  39.739184    16.1939      7.651   227.6001 1.7472e+01     1.8955      2.705      3.923    22.1934 0.0000e+00
      2.764      0.040     1.3938     15.911     42.570  39.926786    16.3231      7.624   227.8922 1.7332e+01     1.8602      2.709      3.930    22.1126 0.0000e+00
      2.771      0.038     1.2957     14.771     42.729  40.017374    16.8012      7.595   227.9579 1.7144e+01     1.8236      2.717      3.941    22.0556 0.0000e+00
      2.781      0.035     1.2216     13.909     42.844  40.071963    17.6644      7.572   227.9642 1.6890e+01     1.8188      2.726      3.954    22.0058 0.0000e+00
      2.793      0.033     1.1611     13.209     42.960  40.141984    18.1389      7.552   228.1405 1.6633e+01     1.8337      2.739      3.973    21.9543 0.0000e+00
      2.804      0.032     1.1059     12.573     43.082  40.228575    18.1635      7.533   228.6262 1.6493e+01     1.8502      2.752      3.992    21.8951 0.0000e+00
      2.811      0.032     1.0536     11.971     43.251  40.356458    17.8797      7.513   229.1914 1.6404e+01     1.8355      2.757      3.999    21.8186 0.0000e+00
      2.815      0.032     1.0083     11.445     43.430  40.480963    17.3540      7.492   229.4679 1.6281e+01     1.8087      2.760      4.002    21.7508 0.0000e+00
      2.820      0.032     0.9698     10.996     43.601  40.590220    17.0645      7.473   229.6455 1.6119e+01     1.8308      2.765      4.009    21.7103 0.0000e+00
      2.829      0.034     0.9360     10.604     43.789  40.724336    17.0257      7.454   229.9634 1.5907e+01     1.8898      2.774      4.021    21.6838 0.0000e+00
      2.840      0.038     0.9048     10.245     44.002  40.895256    16.9961      7.435   230.2996 1.5718e+01     1.9413      2.785      4.040    21.6554 0.0000e+00
      2.850      0.042     0.8738      9.888     44.219  41.068304    16.8259      7.415   230.5269 1.5544e+01     1.9352      2.795      4.054    21.6041 0.0000e+00
      2.861      0.045     0.8463      9.570     44.356  41.164580    16.5292      7.395   230.7328 1.5314e+01     1.8766      2.804      4.067    21.5377 0.0000e+00
      2.874      0.048     0.8252      9.322     44.472  41.233275    16.3680      7.376   231.1548 1.5081e+01     1.8431      2.818      4.088    21.4862 0.0000e+00
      2.887      0.052     0.8071      9.102     44.725  41.390513    16.3381      7.352   231.6711 1.4895e+01     1.8359      2.831      4.107    21.4697 0.0000e+00
      2.898      0.054     0.7877      8.862     45.005  41.540648    16.1678      7.325   231.8125 1.4681e+01     1.7892      2.840      4.120    21.4342 0.0000e+00
      2.912      0.054     0.7658      8.597     45.166  41.586960    15.8531      7.302   231.7462 1.4366e+01     1.7059      2.854      4.139    21.3933 0.0000e+00
      2.930      0.054     0.7417      8.314     45.362  41.696168    15.6760      7.284   231.9025 1.4033e+01     1.6520      2.872      4.167    21.3757 0.0000e+00
      2.947      0.054     0.7140      7.996     45.787  42.034927    15.6534      7.265   232.2395 1.3823e+01     1.6571      2.892      4.195    21.2842 0.0000e+00
      2.958      0.056     0.6807      7.612     46.304  42.442140    15.5979      7.244   232.5514 1.3716e+01     1.6765      2.903      4.210    21.1404 0.0000e+00
      2.967      0.057     0.6429      7.174     46.674  42.679982    15.4919      7.219   232.7486 1.3560e+01     1.6720      2.908      4.217    21.0178 0.0000e+00
      2.979      0.057     0.6066      6.753     46.870  42.750014    15.4382      7.197   232.9031 1.3265e+01     1.6650      2.919      4.233    20.9448 0.0000e+00
      2.998      0.058     0.5747      6.388     46.983  42.780386    15.4451      7.179   232.9563 1.2924e+01     1.6828      2.940      4.264    20.9058 0.0000e+00
      3.017      0.058     0.5450      6.055     47.093  42.856467    15.4278      7.160   232.7891 1.2703e+01     1.7035      2.962      4.296    20.8417 0.0000e+00
      3.032      0.058     0.5160      5.733     47.220  42.970886    15.3853      7.141   232.5167 1.2530e+01     1.7017      2.973      4.312    20.7226 0.0000e+00
      3.045      0.054     0.4902      5.445     47.425  43.147081    15.3630      7.123   232.5019 1.2286e+01     1.7219      2.984      4.329    20.5817 0.0000e+00
      3.060      0.049     0.4731      5.250     47.818  43.461714    15.3515      7.107   232.6960 1.2090e+01     1.7345      3.002      4.354    20.4985 0.0000e+00
      3.071      0.046     0.4656      5.158     48.342  43.851864    15.2925      7.089   232.6271 1.1986e+01     1.6406      3.012      4.370    20.4904 0.0000e+00
      3.080      0.045     0.4660      5.150     48.756  44.114901    15.2008      7.070   232.3567 1.1891e+01     1.5020      3.019      4.379    20.5013 0.0000e+00
      3.089      0.044     0.4773      5.263     48.995  44.227076    15.1617      7.052   232.1800 1.1743e+01     1.4315      3.029      4.392    20.4968 0.0000e+00
      3.101      0.044     0.4988      5.493     49.241  44.381879    15.1592      7.035   232.3837 1.1521e+01     1.4292      3.041      4.408    20.4589 0.0000e+00
      3.115      0.044     0.5254      5.781     49.516  44.588418    15.1524      7.018   232.8405 1.1306e+01     1.4440      3.056      4.432    20.3626 0.0000e+00
      3.127      0.045     0.5536      6.089     49.733  44.754199    15.1446      7.003   232.9715 1.1179e+01     1.4270      3.068      4.450    20.2332 0.0000e+00
      3.137      0.046     0.5801      6.379     50.146  45.115279    15.1383      6.987   232.9346 1.1060e+01     1.4066      3.075      4.460    20.1110 0.0000e+00
      3.148      0.046     0.6008      6.601     50.853  45.712997    15.1489      6.970   232.9114 1.0906e+01     1.4415      3.086      4.476    20.0514 0.0000e+00
      3.159      0.046     0.6129      6.718     51.391  46.070626    15.1533      6.952   233.2068 1.0780e+01     1.4831      3.098      4.495    20.0220 0.0000e+00
      3.171      0.045     0.6158      6.727     51.657  46.134365    15.0265      6.936   234.0105 1.0630e+01     1.4821      3.109      4.509    19.9742 0.0000e+00
      3.185      0.042     0.6095      6.640     51.848  46.165637    14.7830      6.921   234.5410 1.0420e+01     1.4599      3.123      4.529    19.9826 0.0000e+00
      3.198      0.039     0.5924      6.443     51.977  46.194317    14.6440      6.908   234.4590 1.0276e+01     1.4290      3.140      4.553    19.9881 0.0000e+00
      3.208      0.036     0.5629      6.116     52.220  46.353915    14.6422      6.897   234.2235 1.0222e+01     1.4136      3.147      4.564    19.8396 0.0000e+00
      3.213      0.034     0.5257      5.707     52.590  46.633442    14.7239      6.883   234.1881 1.0164e+01     1.4870      3.151      4.570    19.6271 0.0000e+00
      3.218      0.034     0.4859      5.270     52.805  46.777485    14.8414      6.869   234.4620 1.0085e+01     1.6142      3.157      4.579    19.4975 0.0000e+00
      3.225      0.035     0.4470      4.845     52.813  46.760765    14.8876      6.856   234.9540 9.9609e+00     1.6697      3.161      4.584    19.4227 0.0000e+00
      3.235      0.039     0.4111      4.455     52.745  46.685490    14.8681      6.843   235.1466 9.7864e+00     1.6698      3.171      4.598    19.3746 0.0000e+00
      3.249      0.046     0.3772      4.083     52.614  46.502900    14.7521      6.829   234.8971 9.6494e+00     1.6762      3.188      4.623    19.3391 0.0000e+00
      3.261      0.054     0.3429      3.702     52.504  46.269045    14.5615      6.814   234.5192 9.5543e+00     1.6860      3.199      4.639    19.2767 0.0000e+00
      3.271      0.060     0.3077      3.311     52.547  46.145828    14.4662      6.801   234.4492 9.3865e+00     1.6669      3.205      4.649    19.2534 0.0000e+00
      3.287      0.064     0.2748      2.949     52.650  46.093337    14.4268      6.787   235.0835 9.1120e+00     1.6288      3.221      4.672    19.2762 0.0000e+00
      3.310      0.068     0.2445      2.618     52.698  46.015528    14.0568      6.773   236.0800 8.8510e+00     1.6223      3.248      4.709    19.2159 0.0000e+00
      3.331      0.072     0.2148      2.294     52.703  45.904005    13.3928      6.758   236.3446 8.6805e+00     1.6179      3.268      4.740    19.0649 0.0000e+00
      3.347      0.074     0.1866      1.989     52.678  45.761659    13.0342      6.743   235.7016 8.5140e+00     1.6062      3.281      4.759    18.8945 0.0000e+00
      3.364      0.074     0.1634      1.738     52.667  45.628930    13.0109      6.729   235.4468 8.3054e+00     1.6335      3.299      4.785    18.7587 0.0000e+00
      3.383      0.071     0.1479      1.569     52.735  45.570128    13.0467      6.716   235.8447 8.0982e+00     1.6429      3.318      4.813    18.6561 0.0000e+00
      3.403      0.068     0.1391      1.474     52.840  45.558979    13.3850      6.705   236.3836 7.9072e+00     1.6293      3.338      4.841    18.5474 0.0000e+00
      3.423      0.066     0.1349      1.426     52.868  45.494000    14.0037      6.695   236.3698 7.7480e+00     1.6510      3.359      4.871    18.4324 0.0000e+00
      3.439      0.064     0.1334      1.408     52.742  45.292792    14.3426      6.685   235.4190 7.6361e+00     1.6613      3.374      4.893    18.3124 0.0000e+00
      3.451      0.062     0.1349      1.421     52.562  45.032680    14.3860      6.675   234.6962 7.5347e+00     1.6623      3.384      4.908    18.1960 0.0000e+00
      3.465      0.059     0.1394      1.464     52.536  44.891000    14.4452      6.664   234.7726 7.4152e+00     1.6625      3.398      4.928    18.1006 0.0000e+00
      3.480      0.055     0.1440      1.509     52.625  44.850645    14.5347      6.654   235.0512 7.2737e+00     1.6339      3.411      4.948    18.0229 0.0000e+00
      3.497      0.051     0.1479      1.548     52.673  44.798825    14.5943      6.645   234.8822 7.1258e+00     1.6204      3.429      4.973    17.9392 0.0000e+00
      3.513      0.050     0.1517      1.585     52.653  44.709198    14.7160      6.637   234.2773 7.0338e+00     1.6524      3.448      5.001    17.8387 0.0000e+00
      3.523      0.051     0.1539      1.605     52.604  44.593058    15.9693      6.628   234.0181 6.9862e+00     1.8084      3.457      5.013    17.7199 0.0000e+00
