Data/DataNotYetUploadedToEDI/Raw_CTD/RawDownloads/090718_bvr50.cnv
* Sea-Bird SBE19plus  Data File:
* FileName = C:\DATA\090718_BVR_0008.hex
* Software version 2.6.3.104 SB_Terminal.dll
* Temperature SN = 7809
* Conductivity SN = 7809
* System UpLoad Time = Sep 07 2018 18:59:14
* <ApplicationData>
* <Seaterm232>
# nquan = 15
# nvalues = 623                         
# units = specified
# name 0 = depFM: Depth [fresh water, m]
# name 1 = dz/dtM: Descent Rate [m/s]
# name 2 = sbeox0Mg/L: Oxygen, SBE 43 [mg/l]
# name 3 = sbeox0PS: Oxygen, SBE 43 [% saturation]
# name 4 = specc: Specific Conductance [uS/cm]
# name 5 = c0uS/cm: Conductivity [uS/cm]
# name 6 = flECO-AFL: Fluorescence, WET Labs ECO-AFL/FL [mg/m^3]
# name 7 = ph: pH
# name 8 = orp: Oxidation Reduction Potential [mV]
# name 9 = par/sat/log: PAR/Logarithmic, Satlantic
# name 10 = turbWETntu0: Turbidity, WET Labs ECO [NTU]
# name 11 = prdM: Pressure, Strain Gauge [db]
# name 12 = prdE: Pressure, Strain Gauge [psi]
# name 13 = tv290C: Temperature [ITS-90, deg C]
# name 14 = flag:  0.000e+00
# span 0 =     -0.593,      9.704       
# span 1 =     -0.160,      0.259       
# span 2 =    -0.0685,     8.7920       
# span 3 =     -0.654,    112.542       
# span 4 =     11.972,    164.312       
# span 5 =  13.344844, 108.753553       
# span 6 =    -2.4584,     8.7285       
# span 7 =      6.509,      7.947       
# span 8 =    -2.2880,   217.1721       
# span 9 = 1.2527e-01, 2.7603e+03       
# span 10 =     0.1469,    21.8534      
# span 11 =     -0.582,      9.517      
# span 12 =     -0.844,     13.803      
# span 13 =     8.0876,    30.7559      
# span 14 = 0.0000e+00, 0.0000e+00      
# interval = seconds: 0.25
# start_time = Sep 07 2018 17:29:21 [Instrument's time stamp, header]
# bad_flag = -9.990e-29
*END*
[from data line 579]
      8.705      0.127     0.0841      0.715    142.851  94.952722     2.0127      6.901    34.8015 1.2538e-01     1.8285      8.533     12.375     8.2517 0.0000e+00
      8.734      0.134     0.0825      0.701    143.434  95.306636     2.0115      6.906    33.9173 1.2538e-01     1.8229      8.556     12.409     8.2512 0.0000e+00
      8.781      0.139     0.0806      0.684    143.812  95.530015     1.9900      6.911    32.9446 1.2542e-01     1.9041      8.610     12.488     8.2518 0.0000e+00
      8.833      0.145     0.0823      0.699    144.253  95.805867     1.9632      6.914    31.8157 1.2542e-01     2.0466      8.668     12.572     8.2464 0.0000e+00
      8.873      0.151     0.0871      0.740    144.893  96.220771     1.9538      6.917    30.7648 1.2539e-01     2.1118      8.707     12.628     8.2329 0.0000e+00
      8.901      0.151     0.0890      0.756    145.573  96.659956     1.9594      6.922    29.7896 1.2539e-01     2.1123      8.729     12.661     8.2202 0.0000e+00
      8.931      0.143     0.0880      0.747    145.974  96.910721     1.9763      6.927    28.5425 1.2539e-01     2.1139      8.754     12.696     8.2103 0.0000e+00
      8.969      0.130     0.0862      0.732    145.780  96.767752     2.0023      6.931    26.8708 1.2537e-01     2.1006      8.793     12.753     8.2044 0.0000e+00
      9.013      0.115     0.0841      0.714    145.415  96.524257     2.0156      6.934    25.3224 1.2538e-01     2.0740      8.841     12.822     8.2026 0.0000e+00
      9.053      0.101     0.0841      0.714    145.671  96.706479     2.0177      6.938    24.2753 1.2538e-01     2.0360      8.886     12.887     8.1984 0.0000e+00
      9.075      0.090     0.0852      0.724    146.577  97.314340     2.0189      6.941    23.5893 1.2536e-01     1.9768      8.909     12.920     8.1928 0.0000e+00
      9.080      0.085     0.0842      0.714    147.651  98.011756     2.0199      6.943    23.1370 1.2537e-01     1.9374      8.906     12.915     8.1860 0.0000e+00
      9.084      0.086     0.0842      0.714    148.642  98.639420     2.0218      6.946    22.6780 1.2539e-01     1.9267      8.903     12.912     8.1846 0.0000e+00
      9.102      0.093     0.0865      0.734    149.292  99.040892     2.0232      6.949    21.9972 1.2539e-01     1.8784      8.919     12.938     8.1928 0.0000e+00
      9.134      0.100     0.0872      0.740    149.326  99.042484     2.0367      6.950    21.1011 1.2539e-01     1.8717      8.955     12.988     8.1969 0.0000e+00
      9.176      0.101     0.0862      0.731    148.956  98.786104     2.0562      6.954    20.1883 1.2539e-01     1.9672      8.998     13.050     8.1902 0.0000e+00
      9.217      0.094     0.0863      0.732    148.607  98.553685     2.0663      6.958    19.3921 1.2536e-01     2.0564      9.043     13.117     8.1779 0.0000e+00
      9.243      0.080     0.0878      0.745    148.651  98.590103     2.0759      6.961    18.7023 1.2535e-01     2.0652      9.073     13.158     8.1669 0.0000e+00
      9.252      0.069     0.0868      0.736    149.215  98.971544     2.0717      6.963    17.9567 1.2537e-01     2.0122      9.075     13.162     8.1597 0.0000e+00
      9.252      0.069     0.0837      0.710    149.976  99.469660     2.0434      6.965    17.0879 1.2537e-01     1.9347      9.072     13.158     8.1562 0.0000e+00
      9.255      0.083     0.0820      0.695    150.661  99.897129     2.0178      6.968    16.2850 1.2537e-01     1.8921      9.073     13.160     8.1560 0.0000e+00
      9.269      0.103     0.0835      0.707    151.252 100.252688     2.0098      6.971    15.4766 1.2540e-01     1.8940      9.081     13.170     8.1594 0.0000e+00
      9.305      0.122     0.0873      0.740    151.511 100.391075     2.0121      6.975    14.3695 1.2545e-01     1.9275      9.117     13.222     8.1638 0.0000e+00
      9.360      0.137     0.0874      0.741    151.771 100.550683     2.0083      6.979    13.1365 1.2542e-01     1.9913      9.181     13.315     8.1627 0.0000e+00
      9.413      0.152     0.0831      0.704    153.073 101.417701     2.0003      6.983    12.0122 1.2533e-01     2.0251      9.240     13.400     8.1519 0.0000e+00
      9.448      0.164     0.0812      0.688    155.239 102.843868     2.0074      6.986    10.8425 1.2530e-01     2.0612      9.274     13.450     8.1386 0.0000e+00
      9.469      0.167     0.0840      0.711    156.790 103.836505     2.0491      6.991     9.6630 1.2535e-01     2.1535      9.281     13.461     8.1256 0.0000e+00
      9.500      0.159     0.0860      0.727    157.078 103.986524     2.1085      6.995     8.4194 1.2541e-01     2.2255      9.301     13.491     8.1201 0.0000e+00
      9.560      0.148     0.0839      0.709    158.321 104.785194     2.1375      6.998     7.0784 1.2542e-01     2.2295      9.373     13.594     8.1279 0.0000e+00
      9.624      0.134     0.0808      0.683    162.140 107.309523     2.1430      7.002     5.8374 1.2538e-01     2.2319      9.451     13.708     8.1268 0.0000e+00
      9.661      0.116     0.0808      0.684    164.312 108.753553     2.1475      7.005     4.6857 1.2539e-01     2.2246      9.485     13.755     8.1120 0.0000e+00
      9.675      0.089     0.0845      0.715    162.336 107.454910     2.1639      7.008     3.5640 1.2541e-01     2.1719      9.488     13.761     8.0960 0.0000e+00
      9.682      0.058     0.0878      0.744    159.458 105.569682     2.1944      7.011     2.4283 1.2536e-01     2.1130      9.495     13.771     8.0876 0.0000e+00
      9.690      0.033     0.0874      0.741    157.410 104.255716     2.2041      7.014     1.3647 1.2531e-01     2.0617      9.504     13.783     8.0892 0.0000e+00
      9.696      0.019     0.0832      0.706    156.065 103.424133     2.1985      7.016     0.5121 1.2529e-01     2.0400      9.509     13.792     8.0915 0.0000e+00
      9.700      0.014     0.0782      0.663    154.829 102.654133     2.1724      7.017    -0.2220 1.2531e-01     2.0031      9.513     13.798     8.0936 0.0000e+00
      9.702      0.009     0.0757      0.642    153.541 101.829268     2.1174      7.018    -0.8866 1.2533e-01     1.9208      9.515     13.800     8.0983 0.0000e+00
      9.703      0.005     0.0757      0.642    152.692 101.290195     2.0859      7.020    -1.4150 1.2537e-01     1.8690      9.515     13.800     8.1108 0.0000e+00
      9.704      0.003     0.0759      0.644    151.988 100.852506     2.0848      7.021    -1.9650 1.2537e-01     1.8647      9.516     13.801     8.1353 0.0000e+00
      9.704      0.003     0.0758      0.643    151.607 100.616010     2.0862      7.021    -2.2880 1.2532e-01     1.8694      9.516     13.802     8.1523 0.0000e+00
      9.704 -9.990e-29 -9.990e-29 -9.990e-29 -9.990e-29 -9.990e-29 -9.990e-29 -9.990e-29 -9.990e-29 1.2531e-01 -9.990e-29      9.516     13.802     8.1587 0.0000e+00
      9.704 -9.990e-29 -9.990e-29 -9.990e-29 -9.990e-29 -9.990e-29 -9.990e-29 -9.990e-29 -9.990e-29 1.2533e-01 -9.990e-29      9.516     13.802     8.1645 0.0000e+00
      9.704 -9.990e-29 -9.990e-29 -9.990e-29 -9.990e-29 -9.990e-29 -9.990e-29 -9.990e-29 -9.990e-29 1.2533e-01 -9.990e-29      9.516     13.802     8.1768 0.0000e+00
      9.704 -9.990e-29 -9.990e-29 -9.990e-29 -9.990e-29 -9.990e-29 -9.990e-29 -9.990e-29 -9.990e-29 1.2533e-01 -9.990e-29      9.517     13.803     8.1874 0.0000e+00
