Data/DataNotYetUploadedToEDI/Raw_CTD/RawDownloads/090718_bvr50.cnv
* Sea-Bird SBE19plus  Data File:
* FileName = C:\DATA\090718_BVR_0008.hex
* Software version 2.6.3.104 SB_Terminal.dll
* Temperature SN = 7809
* Conductivity SN = 7809
* System UpLoad Time = Sep 07 2018 18:59:14
* <ApplicationData>
* <Seaterm232>
# nquan = 15
# nvalues = 623                         
# units = specified
# name 0 = depFM: Depth [fresh water, m]
# name 1 = dz/dtM: Descent Rate [m/s]
# name 2 = sbeox0Mg/L: Oxygen, SBE 43 [mg/l]
# name 3 = sbeox0PS: Oxygen, SBE 43 [% saturation]
# name 4 = specc: Specific Conductance [uS/cm]
# name 5 = c0uS/cm: Conductivity [uS/cm]
# name 6 = flECO-AFL: Fluorescence, WET Labs ECO-AFL/FL [mg/m^3]
# name 7 = ph: pH
# name 8 = orp: Oxidation Reduction Potential [mV]
# name 9 = par/sat/log: PAR/Logarithmic, Satlantic
# name 10 = turbWETntu0: Turbidity, WET Labs ECO [NTU]
# name 11 = prdM: Pressure, Strain Gauge [db]
# name 12 = prdE: Pressure, Strain Gauge [psi]
# name 13 = tv290C: Temperature [ITS-90, deg C]
# name 14 = flag:  0.000e+00
# span 0 =     -0.593,      9.704       
# span 1 =     -0.160,      0.259       
# span 2 =    -0.0685,     8.7920       
# span 3 =     -0.654,    112.542       
# span 4 =     11.972,    164.312       
# span 5 =  13.344844, 108.753553       
# span 6 =    -2.4584,     8.7285       
# span 7 =      6.509,      7.947       
# span 8 =    -2.2880,   217.1721       
# span 9 = 1.2527e-01, 2.7603e+03       
# span 10 =     0.1469,    21.8534      
# span 11 =     -0.582,      9.517      
# span 12 =     -0.844,     13.803      
# span 13 =     8.0876,    30.7559      
# span 14 = 0.0000e+00, 0.0000e+00      
# interval = seconds: 0.25
# start_time = Sep 07 2018 17:29:21 [Instrument's time stamp, header]
# bad_flag = -9.990e-29
*END*
[from data line 97]
     -0.054     -0.013     5.7146     73.624     30.538  32.662551     1.4176      7.839   163.4439 7.9297e+02     1.0055     -0.052     -0.076    28.4480 0.0000e+00
     -0.064     -0.015     5.6423     72.698     30.576  32.705510     1.4150      7.839   163.6692 7.7988e+02     1.0179     -0.065     -0.094    28.4529 0.0000e+00
     -0.072     -0.015     5.5757     71.843     30.623  32.757711     1.4373      7.839   163.8575 7.7102e+02     1.0010     -0.073     -0.106    28.4596 0.0000e+00
     -0.074     -0.014     5.5143     71.057     30.647  32.785616     1.4758      7.839   163.9131 7.6374e+02     0.9839     -0.074     -0.107    28.4663 0.0000e+00
     -0.071     -0.012     5.4578     70.336     30.647  32.788876     1.4945      7.841   163.9108 7.5475e+02     0.9943     -0.068     -0.099    28.4718 0.0000e+00
     -0.071     -0.010     5.4062     69.681     30.650  32.797121     1.4977      7.844   164.0025 7.4660e+02     1.0048     -0.067     -0.096    28.4761 0.0000e+00
     -0.076     -0.008     5.3607     69.106     30.667  32.821802     1.4959      7.846   164.2470 7.5429e+02     1.0194     -0.073     -0.106    28.4788 0.0000e+00
     -0.082     -0.008     5.3227     68.627     30.673  32.833262     1.4906      7.849   164.5441 7.7722e+02     1.0180     -0.082     -0.119    28.4811 0.0000e+00
     -0.086     -0.007     5.2907     68.225     30.645  32.808657     1.4898      7.851   164.7559 7.9287e+02     0.9882     -0.087     -0.126    28.4865 0.0000e+00
     -0.086     -0.005     5.2619     67.865     30.611  32.778374     1.4950      7.851   164.9152 7.9929e+02     0.9942     -0.086     -0.124    28.4954 0.0000e+00
     -0.085     -0.001     5.2339     67.513     30.612  32.784681     1.5169      7.852   165.0932 8.0752e+02     0.9988     -0.083     -0.120    28.5054 0.0000e+00
     -0.083      0.001     5.2060     67.162     30.642  32.821407     1.5522      7.853   165.2735 8.1996e+02     0.9835     -0.081     -0.118    28.5145 0.0000e+00
     -0.083      0.003     5.1800     66.837     30.656  32.841353     1.5727      7.854   165.5458 8.3766e+02     0.9927     -0.080     -0.116    28.5236 0.0000e+00
     -0.083      0.003     5.1584     66.569     30.646  32.835319     1.5712      7.854   165.8903 8.6097e+02     0.9882     -0.081     -0.118    28.5332 0.0000e+00
     -0.083      0.002     5.1440     66.393     30.619  32.811974     1.5625      7.853   166.1703 8.8940e+02     0.9897     -0.082     -0.119    28.5409 0.0000e+00
     -0.082      0.002     5.1415     66.372     30.614  32.813142     1.5591      7.852   166.3489 9.2138e+02     1.0099     -0.081     -0.117    28.5483 0.0000e+00
     -0.081      0.002     5.1545     66.547     30.644  32.849448     1.5580      7.852   166.4158 9.5212e+02     0.9892     -0.080     -0.116    28.5570 0.0000e+00
     -0.080      0.002     5.1812     66.900     30.660  32.869889     1.5497      7.853   166.4629 9.7808e+02     0.9532     -0.079     -0.114    28.5664 0.0000e+00
     -0.079      0.003     5.2184     67.389     30.656  32.869769     1.5408      7.854   166.4883 9.9878e+02     0.9703     -0.077     -0.112    28.5759 0.0000e+00
     -0.079      0.004     5.2605     67.940     30.631  32.847998     1.5607      7.855   166.3788 1.0143e+03     1.0129     -0.077     -0.112    28.5844 0.0000e+00
     -0.079      0.007     5.3020     68.483     30.581  32.797199     1.6066      7.857   166.4291 1.0292e+03     1.0412     -0.079     -0.114    28.5914 0.0000e+00
     -0.079      0.011     5.3366     68.936     30.547  32.763670     1.6273      7.856   166.7518 1.0492e+03     1.0377     -0.077     -0.113    28.5977 0.0000e+00
     -0.075      0.013     5.3568     69.199     30.543  32.760158     1.6178      7.849   167.0114 1.0735e+03     1.0323     -0.075     -0.109    28.6042 0.0000e+00
     -0.070      0.013     5.3607     69.249     30.538  32.754738     1.5837      7.838   167.0731 1.0980e+03     1.0368     -0.070     -0.102    28.6111 0.0000e+00
     -0.064      0.013     5.3496     69.105     30.544  32.761658     1.5280      7.833   167.0678 1.1180e+03     1.0012     -0.061     -0.089    28.6179 0.0000e+00
     -0.059      0.013     5.3262     68.804     30.561  32.780303     1.4953      7.836   167.2056 1.1245e+03     0.9676     -0.055     -0.079    28.6224 0.0000e+00
     -0.059      0.013     5.2975     68.436     30.569  32.789646     1.4915      7.841   167.4490 1.1175e+03     0.9964     -0.057     -0.082    28.6239 0.0000e+00
     -0.059      0.012     5.2737     68.132     30.587  32.811109     1.5281      7.846   167.6010 1.1116e+03     1.0439     -0.060     -0.087    28.6244 0.0000e+00
     -0.056      0.010     5.2597     67.956     30.621  32.849277     1.5969      7.848   167.6668 1.1137e+03     1.0540     -0.055     -0.080    28.6234 0.0000e+00
     -0.051      0.008     5.2525     67.866     30.638  32.870068     1.6249      7.848   167.8145 1.1192e+03     1.0575     -0.049     -0.071    28.6231 0.0000e+00
     -0.046      0.005     5.2500     67.838     30.638  32.871958     1.6102      7.848   168.0957 1.1241e+03     1.0563     -0.044     -0.064    28.6262 0.0000e+00
     -0.043      0.002     5.2515     67.863     30.635  32.872129     1.5849      7.847   168.3999 1.1292e+03     1.0398     -0.041     -0.059    28.6294 0.0000e+00
     -0.044     -0.002     5.2532     67.892     30.632  32.872144     1.5668      7.845   168.5668 1.1351e+03     1.0413     -0.041     -0.061    28.6323 0.0000e+00
     -0.048     -0.003     5.2519     67.885     30.627  32.872146     1.5656      7.845   168.6504 1.1405e+03     1.0436     -0.047     -0.068    28.6356 0.0000e+00
     -0.053     -0.002     5.2475     67.837     30.623  32.872155     1.5606      7.846   168.8086 1.1454e+03     1.0371     -0.052     -0.076    28.6392 0.0000e+00
     -0.055     -0.001     5.2386     67.731     30.619  32.872258     1.5528      7.847   168.9316 1.1503e+03     1.0231     -0.055     -0.080    28.6436 0.0000e+00
     -0.053      0.001     5.2259     67.576     30.615  32.873403     1.5634      7.847   168.9334 1.1553e+03     0.9968     -0.053     -0.077    28.6498 0.0000e+00
     -0.048      0.003     5.2119     67.404     30.623  32.886000     1.5874      7.848   168.9164 1.1606e+03     0.9933     -0.046     -0.067    28.6579 0.0000e+00
     -0.046      0.003     5.1963     67.210     30.630  32.897546     1.6043      7.849   169.0702 1.1678e+03     1.0116     -0.043     -0.063    28.6658 0.0000e+00
     -0.046      0.002     5.1798     67.002     30.616  32.885998     1.6123      7.849   169.4160 1.1788e+03     1.0037     -0.044     -0.064    28.6733 0.0000e+00
     -0.047      0.001     5.1628     66.788     30.601  32.873400     1.6374      7.850   169.7423 1.1925e+03     0.9893     -0.046     -0.067    28.6812 0.0000e+00
     -0.048     -0.001     5.1448     66.560     30.598  32.872254     1.6789      7.850   169.9180 1.2052e+03     1.0211     -0.047     -0.069    28.6887 0.0000e+00
     -0.048     -0.001     5.1266     66.328     30.596  32.872150     1.6999      7.850   169.9919 1.2147e+03     1.0521     -0.047     -0.069    28.6953 0.0000e+00
     -0.048     -0.001     5.1086     66.100     30.594  32.872140     1.6988      7.850   170.2049 1.2216e+03     1.0282     -0.048     -0.069    28.7009 0.0000e+00
     -0.048      0.000     5.0905     65.868     30.593  32.872139     1.6929      7.849   170.5148 1.2241e+03     1.0067     -0.047     -0.068    28.7051 0.0000e+00
     -0.048      0.001     5.0717     65.626     30.592  32.872138     1.6928      7.848   170.6408 1.2202e+03     1.0063     -0.047     -0.068    28.7087 0.0000e+00
     -0.048      0.002     5.0529     65.385     30.591  32.872138     1.6976      7.847   170.6972 1.2127e+03     0.9934     -0.048     -0.069    28.7121 0.0000e+00
     -0.048      0.002     5.0348     65.152     30.591  32.872138     1.6950      7.847   170.8519 1.2052e+03     1.0024     -0.047     -0.069    28.7153 0.0000e+00
     -0.047      0.002     5.0173     64.927     30.590  32.872138     1.6701      7.847   171.0480 1.1989e+03     1.0238     -0.046     -0.066    28.7178 0.0000e+00
     -0.045      0.002     5.0009     64.716     30.589  32.872137     1.6356      7.846   171.2629 1.1937e+03     1.0082     -0.044     -0.064    28.7197 0.0000e+00
     -0.045      0.002     4.9851     64.513     30.589  32.872125     1.6276      7.845   171.4706 1.1877e+03     0.9975     -0.044     -0.064    28.7212 0.0000e+00
     -0.046      0.002     4.9689     64.304     30.589  32.871996     1.6379      7.845   171.5806 1.1798e+03     1.0157     -0.045     -0.065    28.7224 0.0000e+00
     -0.046      0.002     4.9531     64.099     30.587  32.870575     1.6500      7.846   171.6463 1.1712e+03     1.0154     -0.045     -0.066    28.7235 0.0000e+00
     -0.045      0.002     4.9380     63.904     30.572  32.854944     1.6636      7.847   171.6622 1.1628e+03     0.9935     -0.044     -0.064    28.7246 0.0000e+00
     -0.044      0.002     4.9216     63.693     30.529  32.810028     1.6732      7.848   171.6875 1.1564e+03     0.9949     -0.043     -0.063    28.7253 0.0000e+00
     -0.043      0.003     4.9040     63.466     30.494  32.772092     1.6831      7.851   171.8662 1.1536e+03     1.0330     -0.042     -0.062    28.7258 0.0000e+00
     -0.042      0.003     4.8859     63.231     30.499  32.777330     1.6917      7.852   172.1012 1.1548e+03     1.0573     -0.041     -0.060    28.7264 0.0000e+00
     -0.042      0.003     4.8662     62.974     30.530  32.809849     1.6762      7.848   172.2925 1.1622e+03     1.0142     -0.042     -0.060    28.7271 0.0000e+00
     -0.041      0.002     4.8461     62.712     30.567  32.847719     1.6437      7.841   172.3724 1.1787e+03     0.9689     -0.041     -0.059    28.7279 0.0000e+00
     -0.040      0.002     4.8261     62.452     30.574  32.854130     1.6287      7.838   172.4641 1.2037e+03     0.9982     -0.039     -0.056    28.7281 0.0000e+00
     -0.038      0.003     4.8085     62.223     30.546  32.823853     1.6326      7.839   172.6269 1.2305e+03     1.0322     -0.037     -0.053    28.7280 0.0000e+00
     -0.039      0.006     4.7965     62.068     30.523  32.799199     1.6366      7.838   172.7926 1.2544e+03     1.0134     -0.036     -0.054    28.7262 0.0000e+00
     -0.041      0.009     4.7886     61.967     30.533  32.810094     1.6306      7.833   173.0048 1.2761e+03     0.9851     -0.042     -0.061    28.7231 0.0000e+00
     -0.041      0.010     4.7834     61.900     30.550  32.828562     1.6248      7.830   173.1274 1.2870e+03     0.9954     -0.043     -0.062    28.7217 0.0000e+00
     -0.034      0.009     4.7811     61.871     30.553  32.831959     1.6305      7.831   173.1561 1.2791e+03     1.0158     -0.033     -0.049    28.7223 0.0000e+00
     -0.025      0.008     4.7808     61.868     30.570  32.851164     1.6531      7.836   173.2665 1.2576e+03     1.0180     -0.022     -0.032    28.7231 0.0000e+00
     -0.021      0.005     4.7820     61.884     30.587  32.870231     1.6778      7.839   173.5156 1.2296e+03     1.0216     -0.018     -0.025    28.7235 0.0000e+00
     -0.024      0.001     4.7838     61.909     30.588  32.871964     1.6806      7.840   173.7587 1.1991e+03     1.0287     -0.022     -0.031    28.7234 0.0000e+00
     -0.029     -0.004     4.7851     61.928     30.587  32.872122     1.6778      7.840   173.7976 1.1702e+03     1.0441     -0.029     -0.041    28.7237 0.0000e+00
     -0.032     -0.007     4.7892     61.983     30.586  32.872136     1.6720      7.841   173.8133 1.1467e+03     1.0550     -0.033     -0.047    28.7246 0.0000e+00
     -0.032     -0.007     4.7987     62.108     30.585  32.872136     1.6468      7.843   173.9488 1.1307e+03     1.0370     -0.031     -0.045    28.7255 0.0000e+00
     -0.032     -0.005     4.8102     62.262     30.582  32.872121     1.6221      7.845   174.1448 1.1225e+03     1.0106     -0.029     -0.043    28.7269 0.0000e+00
     -0.034     -0.001     4.8194     62.385     30.580  32.871963     1.6120      7.846   174.3770 1.1212e+03     1.0103     -0.034     -0.049    28.7286 0.0000e+00
     -0.036      0.004     4.8256     62.470     30.577  32.870231     1.6155      7.847   174.5188 1.1256e+03     1.0330     -0.037     -0.053    28.7304 0.0000e+00
     -0.036      0.008     4.8294     62.520     30.558  32.851177     1.6287      7.847   174.5683 1.1322e+03     1.0410     -0.037     -0.053    28.7326 0.0000e+00
     -0.033      0.010     4.8311     62.544     30.539  32.832119     1.6332      7.847   174.6313 1.1362e+03     1.0156     -0.034     -0.049    28.7367 0.0000e+00
     -0.026      0.011     4.8321     62.558     30.536  32.830343     1.6245      7.848   174.6790 1.1358e+03     1.0015     -0.026     -0.038    28.7412 0.0000e+00
     -0.020      0.010     4.8320     62.559     30.535  32.829711     1.6148      7.847   174.8003 1.1297e+03     1.0220     -0.018     -0.026    28.7444 0.0000e+00
     -0.017      0.007     4.8311     62.551     30.529  32.824472     1.6178      7.846   175.0659 1.1152e+03     1.0506     -0.013     -0.020    28.7465 0.0000e+00
     -0.018      0.003     4.8301     62.537     30.298  32.576467     1.6323      7.844   175.3092 1.0952e+03     1.0412     -0.016     -0.024    28.7479 0.0000e+00
     -0.021     -0.001     4.8406     62.641     29.768  31.990454     1.6348      7.843   175.5045 1.0748e+03     1.0004     -0.021     -0.031    28.7494 0.0000e+00
     -0.022     -0.002     4.9395     63.803     29.384  31.518447     1.6203      7.843   175.6213 1.0553e+03     0.9841     -0.022     -0.032    28.7515 0.0000e+00
     -0.022     -0.002     5.2631     67.778     29.346  31.378541     1.6138      7.843   175.6892 1.0378e+03     0.9974     -0.021     -0.030    28.7538 0.0000e+00
     -0.022     -0.001     5.8589     75.245     29.431  31.378343     1.6198      7.844   175.8949 1.0255e+03     1.0385     -0.022     -0.031    28.7566 0.0000e+00
     -0.022      0.000     6.5992     84.611     29.495  31.388892     1.6282      7.846   176.2152 1.0198e+03     1.0550     -0.021     -0.031    28.7574 0.0000e+00
     -0.021 -4.316e-07     7.3073     93.611     29.514  31.378976     1.6329      7.846   176.4647 1.0183e+03     1.0131     -0.021     -0.030    28.6591 0.0000e+00
     -0.021      0.000     7.8957    101.107     29.534  31.385424     1.6306      7.846   176.5879 1.0177e+03     0.9893     -0.021     -0.030    28.4459 0.0000e+00
     -0.021      0.000     8.3431    106.814     29.558  31.403317     1.6278      7.846   176.5868 1.0152e+03     1.0116     -0.021     -0.030    28.2769 0.0000e+00
     -0.022     -0.001     8.6415    110.623     29.563  31.404788     1.6270      7.846   176.5366 1.0092e+03     1.0383     -0.021     -0.031    28.1892 0.0000e+00
     -0.022     -0.001     8.7883    112.497     29.563  31.403204     1.6300      7.847   176.6692 9.9873e+02     1.0379     -0.021     -0.031    28.1433 0.0000e+00
     -0.022     -0.001     8.7920    112.542     29.546  31.384165     1.6457      7.848   176.8997 9.8436e+02     1.0375     -0.021     -0.030    28.1236 0.0000e+00
     -0.022     -0.001     8.6890    111.221     29.528  31.365115     1.6701      7.848   177.0008 9.6775e+02     1.0642     -0.022     -0.032    28.1127 0.0000e+00
     -0.023      0.000     8.5422    109.341     29.527  31.363392     1.6860      7.849   177.1182 9.4978e+02     1.0859     -0.023     -0.033    28.1087 0.0000e+00
     -0.023      0.001     8.4045    107.577     29.527  31.363339     1.6903      7.850   177.4578 9.3174e+02     1.0553     -0.023     -0.033    28.1062 0.0000e+00
     -0.023      0.001     8.2915    106.132     29.528  31.364472     1.6761      7.850   177.7513 9.1756e+02     0.9998     -0.023     -0.033    28.1046 0.0000e+00
