Data/DataNotYetUploadedToEDI/Raw_CTD/RawDownloads/090718_fcr50.cnv
* Sea-Bird SBE19plus  Data File:
* FileName = C:\DATA\090718_BVR_0009.hex
* Software version 2.6.3.104 SB_Terminal.dll
* Temperature SN = 7809
* Conductivity SN = 7809
* System UpLoad Time = Sep 07 2018 18:59:36
* <ApplicationData>
* <Seaterm232>
# nquan = 15
# nvalues = 734                         
# units = specified
# name 0 = depFM: Depth [fresh water, m]
# name 1 = dz/dtM: Descent Rate [m/s]
# name 2 = sbeox0Mg/L: Oxygen, SBE 43 [mg/l]
# name 3 = sbeox0PS: Oxygen, SBE 43 [% saturation]
# name 4 = specc: Specific Conductance [uS/cm]
# name 5 = c0uS/cm: Conductivity [uS/cm]
# name 6 = flECO-AFL: Fluorescence, WET Labs ECO-AFL/FL [mg/m^3]
# name 7 = ph: pH
# name 8 = orp: Oxidation Reduction Potential [mV]
# name 9 = par/sat/log: PAR/Logarithmic, Satlantic
# name 10 = turbWETntu0: Turbidity, WET Labs ECO [NTU]
# name 11 = prdM: Pressure, Strain Gauge [db]
# name 12 = prdE: Pressure, Strain Gauge [psi]
# name 13 = tv290C: Temperature [ITS-90, deg C]
# name 14 = flag:  0.000e+00
# span 0 =     -0.529,      5.296       
# span 1 =     -0.088,      0.228       
# span 2 =     0.0830,    10.1915       
# span 3 =      0.780,    125.140       
# span 4 =      0.301,     77.676       
# span 5 =   0.342012,  59.014992       
# span 6 =    -0.3661,    24.7866       
# span 7 =      5.220,      8.423       
# span 8 = -1240.7455,   402.9748       
# span 9 = 5.7267e-01, 9.3790e+02       
# span 10 =    -0.4558,    11.0916      
# span 11 =     -0.519,      5.194      
# span 12 =     -0.752,      7.534      
# span 13 =    12.4849,    31.9090      
# span 14 = 0.0000e+00, 0.0000e+00      
# interval = seconds: 0.25
# start_time = Sep 07 2018 19:22:22 [Instrument's time stamp, header]
# bad_flag = -9.990e-29
*END*
[from data line 97]
     -0.005     -0.001     6.5013     82.406     42.637  44.816335     1.5512      7.688   196.9862 7.1849e+02     1.4868     -0.004     -0.007    27.5711 0.0000e+00
     -0.005     -0.001     6.4790     82.150     42.602  44.794746     1.5588      7.691   197.6463 7.1994e+02     1.4826     -0.005     -0.007    27.5580 0.0000e+00
     -0.006     -0.001     6.4476     81.801     42.556  44.775244     1.5656      7.693   198.5278 7.2130e+02     1.5230     -0.006     -0.008    27.5464 0.0000e+00
     -0.008      0.000     6.4002     81.252     42.462  44.707687     1.5688      7.691   197.7501 7.2245e+02     1.6099     -0.008     -0.011    27.5417 0.0000e+00
     -0.008      0.002     6.3397     80.519     42.414  44.677017     1.5707      7.688   195.4713 7.2384e+02     1.6476     -0.009     -0.013    27.5443 0.0000e+00
     -0.007      0.004     6.2726     79.676     42.451  44.722193     1.5605      7.686   194.8081 7.2522e+02     1.6427     -0.008     -0.012    27.5594 0.0000e+00
     -0.004      0.006     6.2042     78.807     42.534  44.809063     1.5377      7.686   196.0113 7.2666e+02     1.6117     -0.004     -0.006    27.5995 0.0000e+00
     -0.002      0.008     6.1382     77.969     42.620  44.901204     1.5341      7.686   197.7162 7.2794e+02     1.5478     -0.001     -0.001    27.6449 0.0000e+00
      0.000      0.009     6.0734     77.147     42.663  44.946572     1.5445      7.686   197.5257 7.2918e+02     1.5108      0.000     -0.000    27.6691 0.0000e+00
      0.002      0.008     6.0117     76.355     42.636  44.912751     1.5430      7.685   195.3433 7.3045e+02     1.5003      0.002      0.003    27.6699 0.0000e+00
      0.005      0.007     5.9602     75.682     42.550  44.810023     1.5437      7.684   194.4735 7.3217e+02     1.4812      0.006      0.007    27.6663 0.0000e+00
      0.007      0.006     5.9177     75.119     42.420  44.657726     1.5720      7.687   195.0104 7.3448e+02     1.4634      0.008      0.010    27.6694 0.0000e+00
      0.009      0.006     5.8815     74.635     42.255  44.469405     1.6098      7.694   195.4677 7.3585e+02     1.4683      0.009      0.013    27.6717 0.0000e+00
      0.009      0.006     5.8598     74.342     42.116  44.312406     1.6236      7.700   195.7868 7.3719e+02     1.4791      0.010      0.014    27.6666 0.0000e+00
      0.009      0.006     5.8547     74.271     42.033  44.221061     1.6290      7.704   195.6858 7.3939e+02     1.4729      0.009      0.013    27.6513 0.0000e+00
      0.010      0.005     5.8566     74.291     41.947  44.127546     1.6470      7.707   195.2781 7.4086e+02     1.4542      0.010      0.015    27.6316 0.0000e+00
      0.013      0.004     5.8571     74.285     41.841  44.007832     1.6665      7.705   195.3321 7.4145e+02     1.4359      0.013      0.020    27.6113 0.0000e+00
      0.016      0.003     5.8519     74.205     41.763  43.917466     1.6814      7.697   195.6505 7.4212e+02     1.4342      0.016      0.024    27.5960 0.0000e+00
      0.017      0.000     5.8417     74.071     41.713  43.861040     1.6984      7.691   196.4599 7.4311e+02     1.4337      0.017      0.025    27.5947 0.0000e+00
      0.017     -0.004     5.8302     73.929     41.685  43.833969     1.7252      7.695   197.7190 7.4379e+02     1.4294      0.017      0.024    27.5959 0.0000e+00
      0.016     -0.006     5.8207     73.817     41.690  43.844339     1.7576      7.705   197.9689 7.4374e+02     1.4431      0.016      0.023    27.5849 0.0000e+00
      0.012     -0.007     5.8139     73.750     41.692  43.859333     1.7683      7.716   197.0714 7.4328e+02     1.4772      0.012      0.017    27.5685 0.0000e+00
      0.007     -0.007     5.8098     73.730     41.701  43.888185     1.7618      7.727   196.1597 7.4268e+02     1.5067      0.006      0.009    27.5662 0.0000e+00
      0.005     -0.006     5.8058     73.706     41.732  43.939026     1.7626      7.734   197.7868 7.4231e+02     1.4949      0.004      0.006    27.5728 0.0000e+00
      0.005     -0.006     5.7976     73.617     41.748  43.965697     1.7677      7.737   201.3443 7.4215e+02     1.4562      0.005      0.007    27.5725 0.0000e+00
      0.005     -0.006     5.7856     73.469     41.736  43.956498     1.7689      7.739   202.3473 7.4150e+02     1.4359      0.004      0.006    27.5870 0.0000e+00
      0.005     -0.011     5.7679     73.243     41.736  43.954903     1.7593      7.747   200.4497 7.4067e+02     1.4324      0.005      0.007    27.6188 0.0000e+00
      0.005     -0.018     5.7412     72.901     41.729  43.946404     1.7433      7.760   198.3618 7.4048e+02     1.4440      0.006      0.008    27.6410 0.0000e+00
      0.002     -0.024     5.7113     72.525     41.639  43.853737     1.7407      7.773   198.9568 7.4036e+02     1.4851      0.004      0.006    27.6512 0.0000e+00
     -0.008     -0.026     5.6925     72.294     41.512  43.724131     1.7562      7.784   201.7932 7.3926e+02     1.5025     -0.006     -0.009    27.6566 0.0000e+00
     -0.022     -0.024     5.6949     72.339     41.433  43.650294     1.7649      7.794   202.8866 7.3840e+02     1.4703     -0.022     -0.033    27.6523 0.0000e+00
     -0.033     -0.019     5.7140     72.601     41.369  43.596454     1.7625      7.801   201.8524 7.3841e+02     1.4616     -0.036     -0.052    27.6453 0.0000e+00
     -0.038     -0.011     5.7361     72.877     41.298  43.518005     1.7642      7.805   201.0763 7.3788e+02     1.4887     -0.040     -0.059    27.6551 0.0000e+00
     -0.036     -0.001     5.7480     73.004     41.262  43.464325     1.7667      7.807   201.3320 7.3713e+02     1.4940     -0.035     -0.052    27.6553 0.0000e+00
     -0.031      0.008     5.7411     72.919     41.253  43.455750     1.7649      7.808   202.2775 7.3631e+02     1.4646     -0.031     -0.044    27.6638 0.0000e+00
     -0.026      0.013     5.7141     72.620     41.246  43.477873     1.7616      7.808   203.5605 7.3553e+02     1.4386     -0.025     -0.037    27.6970 0.0000e+00
     -0.022      0.014     5.6720     72.145     41.270  43.541218     1.7447      7.810   204.4550 7.3502e+02     1.4540     -0.021     -0.030    27.6897 0.0000e+00
     -0.018      0.012     5.6201     71.530     41.285  43.586262     1.7081      7.813   204.6614 7.3414e+02     1.4680     -0.018     -0.025    27.6530 0.0000e+00
     -0.015      0.010     5.5636     70.836     41.260  43.577711     1.6871      7.815   204.3350 7.3367e+02     1.4549     -0.015     -0.022    27.6479 0.0000e+00
     -0.013      0.007     5.5093     70.163     41.238  43.564946     1.6924      7.816   203.7774 7.3407e+02     1.4482     -0.013     -0.020    27.6946 0.0000e+00
     -0.012      0.005     5.4597     69.545     41.223  43.559033     1.6897      7.817   203.7703 7.3382e+02     1.4174     -0.012     -0.018    27.7523 0.0000e+00
     -0.011      0.004     5.4150     68.989     41.225  43.569784     1.6819      7.814   204.5063 7.3286e+02     1.3875     -0.011     -0.016    27.7861 0.0000e+00
     -0.010      0.001     5.3766     68.511     41.216  43.567859     1.6894      7.804   205.2782 7.3254e+02     1.4226     -0.010     -0.014    27.8036 0.0000e+00
     -0.010     -0.004     5.3424     68.084     41.119  43.472221     1.6977      7.796   203.5526 7.3216e+02     1.4758     -0.009     -0.014    27.8152 0.0000e+00
     -0.010     -0.014     5.3115     67.713     41.005  43.366621     1.6808      7.806   199.9041 7.3118e+02     1.4812     -0.009     -0.013    27.8278 0.0000e+00
     -0.010     -0.028     5.2927     67.524     40.976  43.371366     1.6424      7.825   198.5901 7.3073e+02     1.4568     -0.010     -0.014    27.8385 0.0000e+00
     -0.013     -0.041     5.3031     67.717     40.967  43.402552     1.6197      7.840   199.7973 7.2961e+02     1.4563     -0.011     -0.016    27.8467 0.0000e+00
     -0.026     -0.049     5.3588     68.451     40.915  43.362487     1.6173      7.851   201.5083 7.2702e+02     1.4744     -0.018     -0.026    27.8535 0.0000e+00
     -0.052     -0.051     5.4608     69.726     40.842  43.268242     1.6035      7.859   201.0374 7.2531e+02     1.4929     -0.051     -0.074    27.8608 0.0000e+00
     -0.078     -0.048     5.5895     71.315     40.767  43.152643     1.5725      7.866   198.4069 7.2436e+02     1.4974     -0.084     -0.123    27.9084 0.0000e+00
     -0.090     -0.040     5.7240     72.995     40.687  43.044996     1.5465      7.873   197.2345 7.2315e+02     1.4677     -0.091     -0.131    27.9838 0.0000e+00
     -0.092     -0.027     5.8585     74.751     40.606  42.983364     1.5368      7.881   198.0476 7.2207e+02     1.4378     -0.090     -0.131    27.9998 0.0000e+00
     -0.092     -0.013     5.9955     76.607     40.542  42.979390     1.5375      7.888   199.5486 7.2142e+02     1.4116     -0.090     -0.132    27.9704 0.0000e+00
     -0.092     -0.004     6.1352     78.496     40.501  42.997050     1.5455      7.888   200.2387 7.2060e+02     1.3948     -0.091     -0.131    27.9185 0.0000e+00
     -0.092     -0.002     6.2674     80.255     40.472  43.006363     1.5517      7.882   199.5944 7.1918e+02     1.4174     -0.090     -0.131    27.8629 0.0000e+00
     -0.091     -0.004     6.3758     81.685     40.471  43.028511     1.5477      7.875   198.9005 7.1786e+02     1.4413     -0.089     -0.129    27.8971 0.0000e+00
     -0.091     -0.007     6.4541     82.710     40.503  43.074237     1.5524      7.873   198.6457 7.1668e+02     1.4395     -0.088     -0.128    28.0072 0.0000e+00
     -0.092     -0.008     6.5042     83.357     40.538  43.114446     1.5813      7.878   198.5788 7.1523e+02     1.4257     -0.088     -0.128    28.0885 0.0000e+00
     -0.098     -0.006     6.5268     83.633     40.563  43.133406     1.6122      7.889   199.3815 7.1381e+02     1.4274     -0.095     -0.138    28.1285 0.0000e+00
     -0.104     -0.001     6.5200     83.518     40.558  43.112840     1.6223      7.905   200.6076 7.1154e+02     1.4304     -0.103     -0.150    28.1581 0.0000e+00
     -0.106      0.009     6.4841     83.032     40.518  43.056391     1.6211      7.918   199.8959 7.0704e+02     1.4312     -0.105     -0.153    28.1723 0.0000e+00
     -0.103      0.021     6.4238     82.244     40.495  43.022756     1.6521      7.928   197.8320 7.0081e+02     1.5291     -0.102     -0.150    28.1754 0.0000e+00
     -0.095      0.034     6.3463     81.243     40.501  43.023873     1.7217      7.937   196.8182 6.9494e+02     1.6678     -0.095     -0.138    28.1672 0.0000e+00
     -0.082      0.047     6.2608     80.142     40.547  43.069885     1.7644      7.945   197.6192 6.9295e+02     1.7038     -0.081     -0.118    28.1424 0.0000e+00
     -0.066      0.060     6.1756     79.044     40.611  43.134266     1.7648      7.951   199.2572 6.9397e+02     1.6898     -0.065     -0.094    28.1215 0.0000e+00
     -0.050      0.071     6.0969     78.029     40.587  43.103301     1.7900      7.957   199.7594 6.9563e+02     1.6204     -0.049     -0.071    28.1143 0.0000e+00
     -0.033      0.078     6.0286     77.148     40.507  43.013204     1.8584      7.965   198.5285 6.9832e+02     1.5061     -0.033     -0.048    28.1076 0.0000e+00
     -0.012      0.082     5.9704     76.395     40.497  42.998069     1.9014      7.973   196.5059 6.9889e+02     1.4671     -0.015     -0.021    28.1033 0.0000e+00
      0.014      0.084     5.9197     75.739     40.547  43.047392     1.8970      7.980   196.1262 6.7691e+02     1.4836      0.013      0.019    28.1015 0.0000e+00
      0.042      0.086     5.8828     75.249     40.548  43.037664     1.8510      7.985   197.7225 6.2759e+02     1.4925      0.043      0.063    28.0929 0.0000e+00
      0.063      0.087     5.8805     75.161     40.493  42.943969     1.7870      7.986   198.5131 5.9204e+02     1.4840      0.064      0.093    28.0881 0.0000e+00
      0.078      0.086     5.9233     75.606     40.479  42.867639     1.7655      7.985   197.4253 5.7587e+02     1.4719      0.077      0.111    28.0820 0.0000e+00
      0.096      0.081     5.9974     76.437     40.493  42.813649     1.7662      7.987   195.4112 5.3319e+02     1.4674      0.090      0.131    28.0762 0.0000e+00
      0.122      0.074     6.0911     77.519     40.421  42.672342     1.7583      7.994   194.6381 4.7753e+02     1.5223      0.120      0.173    28.0759 0.0000e+00
      0.149      0.068     6.2101     78.924     40.251  42.429872     1.7536      8.002   195.3919 4.4796e+02     1.6163      0.152      0.220    28.0345 0.0000e+00
      0.166      0.063     6.3624     80.754     40.060  42.169395     1.7456      8.008   195.5773 4.4471e+02     1.6577      0.167      0.242    27.9446 0.0000e+00
      0.174      0.058     6.5345     82.844     39.888  41.937444     1.7440      8.015   195.0728 4.6465e+02     1.6569      0.170      0.247    27.8553 0.0000e+00
      0.184      0.054     6.6976     84.834     39.843  41.849248     1.7520      8.019   194.8833 4.8132e+02     1.6379      0.179      0.259    27.7786 0.0000e+00
      0.195      0.054     6.8344     86.512     39.947  41.928990     1.7507      8.018   194.5774 4.9671e+02     1.6110      0.192      0.279    27.6983 0.0000e+00
      0.208      0.056     6.9434     87.850     39.744  41.694280     1.7474      8.015   194.0417 4.9920e+02     1.6055      0.202      0.294    27.6214 0.0000e+00
      0.224      0.056     7.0318     88.913     39.029  40.917508     1.7489      8.014   194.4278 4.5878e+02     1.6331      0.218      0.315    27.5611 0.0000e+00
      0.246      0.053     7.1407     90.197     38.410  40.225232     1.7507      8.017   195.2878 4.3056e+02     1.6703      0.242      0.352    27.5028 0.0000e+00
      0.264      0.046     7.3430     92.616     38.250  39.995413     1.7685      8.021   195.3205 4.2410e+02     1.6885      0.263      0.382    27.4706 0.0000e+00
      0.274      0.037     7.6674     96.574     38.294  39.981233     1.7993      8.025   193.8765 4.2172e+02     1.6695      0.270      0.392    27.4510 0.0000e+00
      0.279      0.027     8.0585    101.409     38.340  39.990148     1.8191      8.030   192.0253 4.4650e+02     1.6542      0.274      0.397    27.4187 0.0000e+00
      0.282      0.019     8.4378    106.135     38.406  40.039612     1.8244      8.034   191.7800 4.8041e+02     1.6868      0.277      0.401    27.3709 0.0000e+00
      0.284      0.014     8.7600    110.173     38.503  40.134518     1.8534      8.036   192.2873 4.7085e+02     1.6671      0.279      0.404    27.2725 0.0000e+00
      0.286      0.013     9.0056    113.269     38.548  40.184617     1.9135      8.038   192.6524 4.0680e+02     1.5385      0.280      0.406    27.1831 0.0000e+00
      0.288      0.014     9.1701    115.347     38.500  40.137078     1.9448      8.038   192.6667 3.4408e+02     1.4435      0.282      0.408    27.1383 0.0000e+00
      0.293      0.017     9.2530    116.380     38.375  40.004477     1.9464      8.038   192.0300 3.0532e+02     1.4337      0.286      0.415    27.1142 0.0000e+00
      0.299      0.019     9.2566    116.396     38.240  39.852048     1.9504      8.039   191.8374 2.7660e+02     1.4205      0.293      0.425    27.1090 0.0000e+00
      0.304      0.021     9.2053    115.711     38.161  39.755355     1.9577      8.039   192.1454 2.5849e+02     1.4062      0.298      0.433    27.1157 0.0000e+00
      0.309      0.022     9.1338    114.776     38.145  39.724825     1.9609      8.039   192.5708 2.5238e+02     1.4135      0.303      0.440    27.1244 0.0000e+00
      0.315      0.022     9.0663    113.903     38.165  39.737034     1.9521      8.040   193.1096 2.5943e+02     1.4174      0.309      0.448    27.1203 0.0000e+00
      0.321      0.021     9.0090    113.175     38.205  39.775884     1.9433      8.040   193.1530 2.7173e+02     1.4221      0.315      0.457    27.1033 0.0000e+00
