Data/DataNotYetUploadedToEDI/Raw_CTD/RawDownloads/090718_bvr50.cnv
* Sea-Bird SBE19plus  Data File:
* FileName = C:\DATA\090718_BVR_0008.hex
* Software version 2.6.3.104 SB_Terminal.dll
* Temperature SN = 7809
* Conductivity SN = 7809
* System UpLoad Time = Sep 07 2018 18:59:14
* <ApplicationData>
* <Seaterm232>
# nquan = 15
# nvalues = 623                         
# units = specified
# name 0 = depFM: Depth [fresh water, m]
# name 1 = dz/dtM: Descent Rate [m/s]
# name 2 = sbeox0Mg/L: Oxygen, SBE 43 [mg/l]
# name 3 = sbeox0PS: Oxygen, SBE 43 [% saturation]
# name 4 = specc: Specific Conductance [uS/cm]
# name 5 = c0uS/cm: Conductivity [uS/cm]
# name 6 = flECO-AFL: Fluorescence, WET Labs ECO-AFL/FL [mg/m^3]
# name 7 = ph: pH
# name 8 = orp: Oxidation Reduction Potential [mV]
# name 9 = par/sat/log: PAR/Logarithmic, Satlantic
# name 10 = turbWETntu0: Turbidity, WET Labs ECO [NTU]
# name 11 = prdM: Pressure, Strain Gauge [db]
# name 12 = prdE: Pressure, Strain Gauge [psi]
# name 13 = tv290C: Temperature [ITS-90, deg C]
# name 14 = flag:  0.000e+00
# span 0 =     -0.593,      9.704       
# span 1 =     -0.160,      0.259       
# span 2 =    -0.0685,     8.7920       
# span 3 =     -0.654,    112.542       
# span 4 =     11.972,    164.312       
# span 5 =  13.344844, 108.753553       
# span 6 =    -2.4584,     8.7285       
# span 7 =      6.509,      7.947       
# span 8 =    -2.2880,   217.1721       
# span 9 = 1.2527e-01, 2.7603e+03       
# span 10 =     0.1469,    21.8534      
# span 11 =     -0.582,      9.517      
# span 12 =     -0.844,     13.803      
# span 13 =     8.0876,    30.7559      
# span 14 = 0.0000e+00, 0.0000e+00      
# interval = seconds: 0.25
# start_time = Sep 07 2018 17:29:21 [Instrument's time stamp, header]
# bad_flag = -9.990e-29
*END*
[from data line 482]
      6.315      0.095     0.1071      0.940     72.688  50.265860     3.7500      6.538   148.3772 2.8578e+00     4.2480      6.189      8.976     9.7135 0.0000e+00
      6.352      0.086     0.1081      0.947     72.653  50.205897     3.7781      6.541   147.1052 2.6961e+00     4.1676      6.234      9.041     9.7100 0.0000e+00
      6.380      0.080     0.1087      0.952     73.549  50.818314     3.7728      6.544   145.7823 2.6127e+00     4.1573      6.263      9.083     9.6884 0.0000e+00
      6.395      0.072     0.1069      0.937     74.745  51.631149     3.7413      6.549   144.5995 2.5681e+00     4.0920      6.275      9.101     9.6225 0.0000e+00
      6.401      0.062     0.1077      0.944     75.640  52.214274     3.6808      6.553   143.4735 2.5307e+00     3.9584      6.277      9.103     9.5631 0.0000e+00
      6.409      0.053     0.1105      0.968     76.245  52.592002     3.6390      6.558   142.4062 2.4743e+00     3.8852      6.280      9.107     9.5398 0.0000e+00
      6.426      0.050     0.1108      0.970     76.630  52.828569     3.6408      6.563   141.5042 2.3980e+00     3.9084      6.302      9.140     9.5485 0.0000e+00
      6.444      0.055     0.1100      0.962     77.327  53.294366     3.6656      6.565   140.7409 2.3336e+00     3.9344      6.322      9.170     9.5447 0.0000e+00
      6.457      0.067     0.1096      0.959     78.600  54.154755     3.6899      6.565   139.9736 2.2926e+00     3.9247      6.333      9.185     9.5121 0.0000e+00
      6.466      0.082     0.1076      0.941     80.120  55.156510     3.6963      6.566   139.1111 2.2615e+00     3.9126      6.342      9.199     9.4844 0.0000e+00
      6.479      0.093     0.1050      0.917     81.157  55.805138     3.6874      6.568   138.2272 2.1866e+00     3.9110      6.348      9.207     9.4629 0.0000e+00
      6.507      0.100     0.1031      0.900     81.461  55.956473     3.6651      6.572   137.2012 2.0299e+00     3.9051      6.375      9.245     9.4571 0.0000e+00
      6.549      0.105     0.1006      0.878     81.993  56.286770     3.5190      6.575   135.8264 1.8648e+00     3.8412      6.424      9.317     9.4571 0.0000e+00
      6.589      0.109     0.1018      0.887     82.880  56.873519     3.2627      6.577   134.3387 1.7657e+00     3.7486      6.470      9.383     9.4245 0.0000e+00
      6.614      0.109     0.1046      0.912     83.471  57.264033     3.1300      6.580   132.8940 1.7249e+00     3.7001      6.493      9.418     9.3760 0.0000e+00
      6.629      0.101     0.1043      0.909     84.206  57.765258     3.1099      6.583   131.4362 1.6881e+00     3.6530      6.497      9.424     9.3366 0.0000e+00
      6.649      0.089     0.1049      0.914     85.171  58.418573     3.0284      6.585   129.8771 1.6128e+00     3.4836      6.515      9.449     9.3200 0.0000e+00
      6.679      0.079     0.1059      0.922     86.145  59.058058     2.8886      6.587   127.9814 1.5322e+00     3.2085      6.552      9.503     9.3089 0.0000e+00
      6.706      0.079     0.1047      0.911     87.715  60.091371     2.8074      6.589   125.8956 1.4918e+00     3.0726      6.581      9.545     9.2938 0.0000e+00
      6.722      0.084     0.1033      0.899     89.943  61.562860     2.7817      6.589   123.9307 1.4848e+00     3.0612      6.596      9.566     9.2991 0.0000e+00
      6.731      0.089     0.1005      0.874     91.743  62.729413     2.6703      6.591   121.9473 1.4771e+00     2.9792      6.600      9.573     9.2990 0.0000e+00
      6.745      0.092     0.0973      0.845     92.319  63.064679     2.4898      6.594   119.9823 1.4315e+00     2.8753      6.606      9.582     9.2783 0.0000e+00
      6.776      0.095     0.0970      0.842     92.752  63.326617     2.4002      6.596   118.2411 1.3452e+00     2.8428      6.642      9.633     9.2533 0.0000e+00
      6.816      0.102     0.0975      0.846     94.682  64.624168     2.3956      6.594   116.5538 1.2604e+00     2.8607      6.690      9.702     9.2254 0.0000e+00
      6.847      0.111     0.0986      0.855     97.541  66.538838     2.3699      6.589   114.9818 1.1987e+00     2.8472      6.719      9.744     9.1849 0.0000e+00
      6.866      0.115     0.1013      0.878     99.350  67.709091     2.3102      6.584   113.4308 1.1496e+00     2.7718      6.734      9.767     9.1464 0.0000e+00
      6.886      0.110     0.1048      0.908    100.187  68.212410     2.2711      6.582   111.3948 1.1010e+00     2.7118      6.746      9.785     9.1316 0.0000e+00
      6.918      0.103     0.1069      0.925    100.843  68.615842     2.2650      6.583   109.2934 1.0412e+00     2.6717      6.780      9.833     9.1282 0.0000e+00
      6.957      0.098     0.1068      0.924    102.031  69.405502     2.2359      6.585   107.6405 9.8772e-01     2.5922      6.829      9.905     9.1134 0.0000e+00
      6.986      0.100     0.1054      0.912    104.976  71.396825     2.1760      6.586   106.1220 9.5309e-01     2.5123      6.856      9.943     9.0747 0.0000e+00
      7.001      0.104     0.1014      0.877    107.889  73.347276     2.1470      6.588   104.6142 9.4197e-01     2.4692      6.867      9.960     9.0349 0.0000e+00
      7.013      0.104     0.0981      0.848    108.680  73.833001     2.1525      6.592   103.0901 9.4013e-01     2.4367      6.875      9.971     9.0143 0.0000e+00
      7.037      0.099     0.0970      0.839    108.373  73.578565     2.1329      6.597   101.3744 8.8799e-01     2.3640      6.892      9.996     9.0076 0.0000e+00
      7.077      0.096     0.0960      0.829    108.216  73.453107     2.0929      6.602    99.6147 8.1955e-01     2.2615      6.941     10.068     9.0082 0.0000e+00
      7.117      0.096     0.0957      0.827    109.728  74.479981     2.0741      6.605    97.9029 7.9535e-01     2.2354      6.988     10.136     8.9958 0.0000e+00
      7.139      0.098     0.0967      0.835    113.108  76.765168     2.0804      6.607    96.2506 7.9206e-01     2.2618      7.006     10.160     8.9638 0.0000e+00
      7.147      0.098     0.0985      0.850    115.799  78.550528     2.0950      6.611    94.8651 7.8721e-01     2.2445      7.007     10.163     8.9391 0.0000e+00
      7.160      0.094     0.0992      0.856    116.559  79.007187     2.1040      6.617    93.6274 7.5475e-01     2.2090      7.012     10.171     8.9321 0.0000e+00
      7.190      0.089     0.0977      0.843    116.207  78.721614     2.1160      6.622    92.2129 7.0487e-01     2.2000      7.047     10.222     8.9377 0.0000e+00
      7.228      0.090     0.0957      0.825    117.091  79.299215     2.1294      6.627    90.4964 6.7367e-01     2.1962      7.094     10.289     8.9400 0.0000e+00
      7.258      0.095     0.0951      0.820    120.592  81.661346     2.1286      6.632    88.7900 6.5777e-01     2.1941      7.122     10.329     8.9176 0.0000e+00
      7.274      0.099     0.0963      0.830    123.962  83.915892     2.0965      6.636    87.4120 6.5300e-01     2.2048      7.137     10.351     8.8867 0.0000e+00
      7.285      0.099     0.0981      0.845    125.037  84.592348     2.0449      6.641    86.0532 6.4630e-01     2.2026      7.139     10.354     8.8643 0.0000e+00
      7.306      0.094     0.0989      0.851    124.771  84.364240     2.0192      6.648    84.5778 6.1167e-01     2.1979      7.155     10.377     8.8567 0.0000e+00
      7.343      0.089     0.0986      0.848    124.308  84.023345     2.0150      6.655    83.2533 5.5780e-01     2.2093      7.202     10.445     8.8608 0.0000e+00
      7.380      0.084     0.0983      0.846    124.338  84.036542     1.9762      6.660    82.0852 5.2264e-01     2.1882      7.243     10.506     8.8500 0.0000e+00
      7.402      0.078     0.0978      0.842    124.967  84.460106     1.9085      6.666    80.9509 5.1182e-01     2.1264      7.265     10.537     8.8234 0.0000e+00
      7.411      0.069     0.0965      0.830    125.521  84.814512     1.8762      6.671    79.8630 5.0656e-01     2.1027      7.269     10.543     8.8021 0.0000e+00
      7.416      0.059     0.0959      0.825    125.690  84.882981     1.8800      6.676    78.7397 5.0429e-01     2.1153      7.269     10.543     8.7914 0.0000e+00
      7.428      0.054     0.0965      0.830    125.707  84.842148     1.9359      6.681    77.5218 4.9450e-01     2.0952      7.282     10.561     8.7899 0.0000e+00
      7.447      0.056     0.0947      0.814    125.762  84.830190     2.0377      6.686    76.3227 4.7440e-01     2.0732      7.305     10.595     8.7940 0.0000e+00
      7.465      0.062     0.0916      0.787    125.892  84.865702     2.0905      6.691    75.3411 4.6299e-01     2.0625      7.323     10.622     8.7881 0.0000e+00
      7.478      0.067     0.0915      0.785    126.192  85.016748     2.0872      6.696    74.4286 4.5975e-01     2.0273      7.333     10.635     8.7650 0.0000e+00
      7.494      0.070     0.0936      0.804    127.084  85.573853     2.1083      6.701    73.2056 4.4855e-01     2.0445      7.346     10.654     8.7422 0.0000e+00
      7.514      0.075     0.0946      0.812    128.618  86.570667     2.1711      6.705    71.9119 4.3541e-01     2.1478      7.370     10.689     8.7257 0.0000e+00
      7.534      0.082     0.0943      0.809    129.978  87.452820     2.2119      6.710    70.8314 4.3325e-01     2.2395      7.392     10.720     8.7040 0.0000e+00
      7.550      0.090     0.0945      0.810    130.593  87.833320     2.2158      6.715    70.0357 4.2880e-01     2.2675      7.402     10.736     8.6814 0.0000e+00
      7.573      0.095     0.0955      0.819    130.687  87.859452     2.2180      6.719    69.3461 4.0099e-01     2.3043      7.422     10.765     8.6654 0.0000e+00
      7.605      0.100     0.0966      0.828    130.609  87.768739     2.2200      6.722    68.3450 3.6265e-01     2.3790      7.457     10.816     8.6514 0.0000e+00
      7.637      0.106     0.0968      0.829    130.556  87.691816     2.2135      6.726    67.2231 3.4405e-01     2.4067      7.492     10.866     8.6396 0.0000e+00
      7.662      0.111     0.0957      0.820    130.631  87.693607     2.2026      6.731    66.2788 3.3763e-01     2.3955      7.515     10.898     8.6274 0.0000e+00
      7.685      0.112     0.0937      0.802    130.859  87.790351     2.1988      6.737    65.5310 3.2973e-01     2.4578      7.534     10.926     8.6124 0.0000e+00
      7.714      0.110     0.0930      0.795    131.109  87.906139     2.2053      6.741    64.8935 3.2024e-01     2.5798      7.563     10.969     8.5982 0.0000e+00
      7.746      0.109     0.0940      0.804    131.324  88.010816     2.2063      6.746    64.0765 3.0734e-01     2.6803      7.597     11.018     8.5833 0.0000e+00
      7.778      0.109     0.0952      0.814    131.602  88.164296     2.2024      6.751    63.0516 2.9026e-01     2.7273      7.630     11.065     8.5646 0.0000e+00
      7.804      0.110     0.0961      0.821    131.949  88.360647     2.2041      6.757    62.0523 2.7323e-01     2.6893      7.656     11.104     8.5416 0.0000e+00
      7.826      0.110     0.0958      0.818    132.274  88.537810     2.1891      6.762    61.1150 2.6230e-01     2.5870      7.675     11.132     8.5194 0.0000e+00
      7.851      0.107     0.0940      0.803    132.595  88.714033     2.1511      6.767    60.0637 2.5338e-01     2.4676      7.696     11.163     8.5057 0.0000e+00
      7.883      0.106     0.0931      0.795    133.012  88.962697     2.1299      6.772    58.8919 2.5323e-01     2.4059      7.730     11.212     8.4954 0.0000e+00
      7.915      0.107     0.0947      0.808    133.573  89.315122     2.1348      6.777    57.8735 2.5233e-01     2.4211      7.766     11.263     8.4818 0.0000e+00
      7.942      0.109     0.0956      0.816    134.508  89.917867     2.1093      6.782    57.1293 2.4151e-01     2.4066      7.791     11.298     8.4657 0.0000e+00
      7.964      0.110     0.0947      0.808    135.729  90.708890     2.0510      6.787    56.5185 2.3364e-01     2.3533      7.809     11.326     8.4492 0.0000e+00
      7.989      0.110     0.0934      0.796    136.555  91.235640     2.0184      6.791    55.9082 2.1719e-01     2.2945      7.833     11.360     8.4387 0.0000e+00
      8.019      0.109     0.0930      0.793    136.808  91.381963     2.0097      6.796    55.0856 1.8522e-01     2.2143      7.863     11.404     8.4313 0.0000e+00
      8.053      0.108     0.0937      0.799    136.857  91.395157     1.9820      6.801    54.0579 1.6151e-01     2.1464      7.896     11.453     8.4231 0.0000e+00
      8.084      0.108     0.0947      0.807    136.878  91.395144     1.9325      6.805    53.2039 1.5964e-01     2.1154      7.932     11.504     8.4137 0.0000e+00
      8.109      0.109     0.0927      0.790    136.877  91.381784     1.8975      6.809    52.5049 1.6319e-01     2.1141      7.955     11.539     8.4036 0.0000e+00
      8.129      0.111     0.0863      0.736    136.873  91.361014     1.8898      6.814    51.8005 1.5735e-01     2.0996      7.969     11.558     8.3953 0.0000e+00
      8.154      0.113     0.0833      0.711    136.972  91.398799     1.8944      6.818    51.0530 1.4995e-01     2.0011      7.993     11.593     8.3881 0.0000e+00
      8.186      0.118     0.0858      0.731    137.297  91.583804     1.8893      6.823    50.2653 1.4329e-01     1.8700      8.026     11.640     8.3831 0.0000e+00
      8.222      0.125     0.0874      0.745    137.781  91.877921     1.8835      6.828    49.5032 1.3483e-01     1.8268      8.062     11.693     8.3800 0.0000e+00
      8.257      0.131     0.0871      0.741    138.136  92.088346     1.8883      6.833    48.7213 1.3067e-01     1.8451      8.101     11.749     8.3738 0.0000e+00
      8.287      0.131     0.0871      0.741    138.268  92.153241     1.9015      6.838    47.9530 1.2882e-01     1.8770      8.126     11.784     8.3623 0.0000e+00
      8.321      0.125     0.0878      0.748    138.387  92.216626     1.9326      6.844    47.2688 1.2722e-01     1.9080      8.156     11.828     8.3495 0.0000e+00
      8.359      0.118     0.0900      0.766    138.596  92.345084     1.9519      6.849    46.5579 1.2628e-01     1.9138      8.201     11.895     8.3397 0.0000e+00
      8.392      0.114     0.0920      0.783    138.843  92.496042     1.9511      6.853    45.7241 1.2544e-01     1.9172      8.235     11.944     8.3307 0.0000e+00
      8.415      0.113     0.0901      0.767    139.087  92.640346     1.9508      6.856    45.0166 1.2533e-01     1.9183      8.253     11.969     8.3208 0.0000e+00
      8.434      0.113     0.0873      0.743    139.284  92.752046     1.9482      6.861    44.3706 1.2533e-01     1.8962      8.269     11.993     8.3152 0.0000e+00
      8.459      0.111     0.0862      0.733    139.424  92.827303     1.9468      6.866    43.5927 1.2535e-01     1.8636      8.292     12.027     8.3134 0.0000e+00
      8.493      0.110     0.0867      0.737    139.578  92.913197     1.9438      6.871    42.8387 1.2530e-01     1.8601      8.326     12.077     8.3085 0.0000e+00
      8.530      0.112     0.0889      0.756    139.778  93.026100     1.9303      6.875    41.9647 1.2527e-01     1.9458      8.368     12.139     8.3013 0.0000e+00
      8.561      0.113     0.0912      0.775    139.942  93.109396     1.9300      6.879    40.9405 1.2530e-01     2.0748      8.399     12.183     8.2939 0.0000e+00
      8.583      0.111     0.0924      0.785    140.046  93.155830     1.9499      6.883    40.0056 1.2535e-01     2.1079      8.417     12.206     8.2870 0.0000e+00
      8.605      0.104     0.0925      0.787    140.138  93.205267     1.9593      6.886    39.0069 1.2538e-01     2.1014      8.436     12.234     8.2823 0.0000e+00
      8.635      0.099     0.0909      0.773    140.419  93.388595     1.9522      6.890    37.8992 1.2533e-01     2.1194      8.467     12.279     8.2758 0.0000e+00
      8.665      0.104     0.0877      0.746    141.110  93.843455     1.9552      6.893    36.8517 1.2530e-01     2.0506      8.502     12.331     8.2643 0.0000e+00
