Data/DataNotYetUploadedToEDI/Raw_CTD/RawDownloads/090718_bvr50.cnv
* Sea-Bird SBE19plus  Data File:
* FileName = C:\DATA\090718_BVR_0008.hex
* Software version 2.6.3.104 SB_Terminal.dll
* Temperature SN = 7809
* Conductivity SN = 7809
* System UpLoad Time = Sep 07 2018 18:59:14
* <ApplicationData>
* <Seaterm232>
# nquan = 15
# nvalues = 623                         
# units = specified
# name 0 = depFM: Depth [fresh water, m]
# name 1 = dz/dtM: Descent Rate [m/s]
# name 2 = sbeox0Mg/L: Oxygen, SBE 43 [mg/l]
# name 3 = sbeox0PS: Oxygen, SBE 43 [% saturation]
# name 4 = specc: Specific Conductance [uS/cm]
# name 5 = c0uS/cm: Conductivity [uS/cm]
# name 6 = flECO-AFL: Fluorescence, WET Labs ECO-AFL/FL [mg/m^3]
# name 7 = ph: pH
# name 8 = orp: Oxidation Reduction Potential [mV]
# name 9 = par/sat/log: PAR/Logarithmic, Satlantic
# name 10 = turbWETntu0: Turbidity, WET Labs ECO [NTU]
# name 11 = prdM: Pressure, Strain Gauge [db]
# name 12 = prdE: Pressure, Strain Gauge [psi]
# name 13 = tv290C: Temperature [ITS-90, deg C]
# name 14 = flag:  0.000e+00
# span 0 =     -0.593,      9.704       
# span 1 =     -0.160,      0.259       
# span 2 =    -0.0685,     8.7920       
# span 3 =     -0.654,    112.542       
# span 4 =     11.972,    164.312       
# span 5 =  13.344844, 108.753553       
# span 6 =    -2.4584,     8.7285       
# span 7 =      6.509,      7.947       
# span 8 =    -2.2880,   217.1721       
# span 9 = 1.2527e-01, 2.7603e+03       
# span 10 =     0.1469,    21.8534      
# span 11 =     -0.582,      9.517      
# span 12 =     -0.844,     13.803      
# span 13 =     8.0876,    30.7559      
# span 14 = 0.0000e+00, 0.0000e+00      
# interval = seconds: 0.25
# start_time = Sep 07 2018 17:29:21 [Instrument's time stamp, header]
# bad_flag = -9.990e-29
*END*
[from data line 290]
      2.106      0.091     7.5914     93.873     29.192  29.881202     3.2779      7.757   195.3938 3.6544e+01     1.1950      2.066      2.996    26.3556 0.0000e+00
      2.128      0.083     7.5897     93.803     29.196  29.867849     3.2999      7.756   195.7432 3.6194e+01     1.1978      2.089      3.030    26.3254 0.0000e+00
      2.147      0.075     7.5848     93.732     29.181  29.848626     3.3610      7.752   196.1359 3.5813e+01     1.2194      2.107      3.056    26.2711 0.0000e+00
      2.163      0.068     7.5736     93.580     29.176  29.839295     3.4559      7.748   196.2701 3.5421e+01     1.2426      2.121      3.076    26.2224 0.0000e+00
      2.179      0.061     7.5556     93.333     29.164  29.818524     3.5004      7.746   196.4192 3.5103e+01     1.2350      2.136      3.099    26.1665 0.0000e+00
      2.195      0.055     7.5323     93.027     29.140  29.787974     3.5133      7.745   196.6481 3.4789e+01     1.2186      2.154      3.124    26.1327 0.0000e+00
      2.209      0.051     7.5061     92.683     29.146  29.787421     3.6120      7.742   196.7144 3.4476e+01     1.2266      2.168      3.145    26.1422 0.0000e+00
      2.219      0.048     7.4795     92.324     29.180  29.811835     3.7844      7.740   196.7912 3.4209e+01     1.2403      2.176      3.157    26.1364 0.0000e+00
      2.229      0.047     7.4547     91.995     29.205  29.829123     3.8795      7.737   196.8882 3.3910e+01     1.2325      2.185      3.168    26.1101 0.0000e+00
      2.241      0.047     7.4337     91.731     29.185  29.805926     3.8978      7.734   197.0262 3.3601e+01     1.2235      2.198      3.187    26.1075 0.0000e+00
      2.253      0.052     7.4191     91.526     29.111  29.721869     3.9693      7.729   197.3419 3.3362e+01     1.2531      2.209      3.205    26.0968 0.0000e+00
      2.264      0.060     7.4101     91.306     29.066  29.638334     4.0911      7.723   197.6940 3.3136e+01     1.2858      2.220      3.221    26.0738 0.0000e+00
      2.277      0.069     7.4001     90.999     29.113  29.621384     4.1479      7.716   197.8423 3.2823e+01     1.2521      2.231      3.237    26.0573 0.0000e+00
      2.296      0.076     7.3776     90.551     29.195  29.643829     4.1413      7.709   197.9305 3.2426e+01     1.2126      2.249      3.262    26.0550 0.0000e+00
      2.320      0.082     7.3315     89.864     29.249  29.655604     4.1397      7.702   198.2443 3.2015e+01     1.2351      2.275      3.300    26.0689 0.0000e+00
      2.346      0.086     7.2575     88.871     29.261  29.636692     4.1472      7.697   198.6247 3.1559e+01     1.2494      2.301      3.338    25.9993 0.0000e+00
      2.371      0.087     7.1621     87.635     29.255  29.605624     4.1497      7.690   198.9160 3.1106e+01     1.2330      2.327      3.374    25.8581 0.0000e+00
      2.392      0.086     7.0635     86.350     29.276  29.597442     4.1505      7.683   199.2706 3.0761e+01     1.2201      2.347      3.404    25.7499 0.0000e+00
      2.411      0.086     6.9736     85.147     29.318  29.601227     4.1663      7.677   199.8149 3.0461e+01     1.2153      2.365      3.430    25.6820 0.0000e+00
      2.431      0.087     6.8934     84.051     29.349  29.587822     4.2767      7.670   200.3349 3.0099e+01     1.2360      2.383      3.456    25.6313 0.0000e+00
      2.453      0.089     6.8246     83.095     29.369  29.562298     4.4749      7.663   200.7396 2.9678e+01     1.2566      2.404      3.487    25.5971 0.0000e+00
      2.476      0.093     6.7661     82.259     29.400  29.546565     4.5865      7.654   201.1806 2.9238e+01     1.2513      2.428      3.521    25.5531 0.0000e+00
      2.501      0.098     6.7087     81.429     29.430  29.524530     4.5965      7.644   201.5371 2.8769e+01     1.2331      2.451      3.556    25.4778 0.0000e+00
      2.527      0.102     6.6418     80.471     29.450  29.486304     4.5958      7.634   201.6947 2.8279e+01     1.2805      2.479      3.596    25.4016 0.0000e+00
      2.553      0.102     6.5580     79.306     29.490  29.465302     4.5966      7.625   201.8819 2.7753e+01     1.3968      2.503      3.630    25.3247 0.0000e+00
      2.581      0.100     6.4535     77.914     29.538  29.461010     4.5963      7.616   202.2517 2.7222e+01     1.4483      2.530      3.670    25.2442 0.0000e+00
      2.611      0.098     6.3291     76.288     29.564  29.434333     4.6016      7.606   202.6377 2.6797e+01     1.4459      2.564      3.717    25.1585 0.0000e+00
      2.635      0.098     6.1883     74.413     29.604  29.396695     4.6613      7.593   202.8492 2.6501e+01     1.4596      2.587      3.752    25.0576 0.0000e+00
      2.654      0.099     6.0326     72.295     29.704  29.386835     4.7662      7.582   203.0032 2.6259e+01     1.4609      2.602      3.774    24.9457 0.0000e+00
      2.675      0.102     5.8652     70.031     29.814  29.378449     4.8224      7.571   203.2946 2.5966e+01     1.4319      2.620      3.799    24.8571 0.0000e+00
      2.703      0.105     5.6887     67.696     29.903  29.358620     4.8263      7.560   203.5330 2.5587e+01     1.4143      2.650      3.843    24.7947 0.0000e+00
      2.734      0.110     5.4978     65.233     29.978  29.337435     4.8315      7.550   203.6481 2.5220e+01     1.4312      2.682      3.892    24.6686 0.0000e+00
      2.764      0.114     5.2923     62.627     30.040  29.312670     4.8670      7.539   203.9124 2.4888e+01     1.4532      2.709      3.928    24.4634 0.0000e+00
      2.794      0.115     5.0764     59.922     30.123  29.313079     4.9259      7.529   204.2339 2.4533e+01     1.4665      2.740      3.974    24.2536 0.0000e+00
      2.824      0.113     4.8489     57.098     30.233  29.342266     4.9643      7.518   204.6963 2.4188e+01     1.4699      2.772      4.021    24.0760 0.0000e+00
      2.852      0.112     4.6166     54.233     30.318  29.347945     4.9815      7.504   205.4586 2.3890e+01     1.4633      2.797      4.056    23.9221 0.0000e+00
      2.880      0.112     4.3903     51.456     30.364  29.318137     5.0793      7.488   206.0512 2.3614e+01     1.4475      2.825      4.097    23.7803 0.0000e+00
      2.908      0.113     4.1643     48.696     30.421  29.299254     5.2636      7.471   206.4416 2.3320e+01     1.4311      2.853      4.138    23.6501 0.0000e+00
      2.933      0.116     3.9356     45.912     30.512  29.310034     5.3724      7.455   206.7369 2.2952e+01     1.4483      2.874      4.169    23.5213 0.0000e+00
      2.962      0.120     3.7099     43.172     30.607  29.321364     5.4206      7.440   206.7822 2.2530e+01     1.4732      2.902      4.209    23.3923 0.0000e+00
      2.997      0.121     3.4853     40.458     30.678  29.309129     5.7724      7.426   206.8182 2.2105e+01     1.5184      2.940      4.262    23.2721 0.0000e+00
      3.032      0.119     3.2537     37.679     30.739  29.288999     6.3999      7.413   206.9132 2.1644e+01     1.5978      2.974      4.313    23.1520 0.0000e+00
      3.065      0.115     3.0146     34.828     30.797  29.268362     6.7310      7.400   206.8127 2.1225e+01     1.6396      3.006      4.360    23.0254 0.0000e+00
      3.094      0.108     2.7804     32.045     30.862  29.250007     6.7714      7.386   206.6356 2.0960e+01     1.6579      3.037      4.404    22.8944 0.0000e+00
      3.118      0.101     2.5602     29.430     30.958  29.257467     6.8414      7.371   206.7509 2.0736e+01     1.6669      3.059      4.436    22.7614 0.0000e+00
      3.140      0.096     2.3594     27.046     31.092  29.294934     6.9339      7.354   207.1737 2.0444e+01     1.6564      3.079      4.465    22.6348 0.0000e+00
      3.163      0.094     2.1784     24.894     31.228  29.321879     6.9802      7.337   207.5323 2.0139e+01     1.6536      3.103      4.500    22.5147 0.0000e+00
      3.185      0.095     2.0050     22.828     31.368  29.329114     6.9702      7.321   207.5587 1.9855e+01     1.6631      3.124      4.531    22.3882 0.0000e+00
      3.207      0.097     1.8364     20.821     31.503  29.318741     6.8677      7.304   207.5783 1.9517e+01     1.6796      3.143      4.558    22.2499 0.0000e+00
      3.234      0.100     1.6863     19.039     31.586  29.259764     6.6964      7.288   207.8553 1.9121e+01     1.6711      3.171      4.599    22.1107 0.0000e+00
      3.263      0.102     1.5581     17.516     31.657  29.187366     6.5996      7.272   208.1549 1.8778e+01     1.6200      3.202      4.646    21.9578 0.0000e+00
      3.288      0.103     1.4502     16.229     31.767  29.141722     6.5881      7.257   208.4480 1.8473e+01     1.6108      3.225      4.677    21.7553 0.0000e+00
      3.314      0.103     1.3711     15.275     31.868  29.088694     6.6135      7.241   208.7329 1.8115e+01     1.6518      3.248      4.710    21.5233 0.0000e+00
      3.342      0.102     1.3285     14.735     31.916  28.990526     6.8510      7.222   208.7592 1.7764e+01     1.6573      3.279      4.757    21.3135 0.0000e+00
      3.368      0.102     1.3270     14.648     31.917  28.843617     7.2819      7.203   208.5937 1.7466e+01     1.6470      3.305      4.793    21.1031 0.0000e+00
      3.392      0.102     1.3708     15.057     31.871  28.645762     7.5218      7.186   208.6257 1.7156e+01     1.6495      3.324      4.822    20.8619 0.0000e+00
      3.417      0.104     1.4526     15.878     31.811  28.439596     7.5376      7.168   208.9742 1.6813e+01     1.6573      3.350      4.859    20.6293 0.0000e+00
      3.445      0.109     1.5620     16.992     31.774  28.255696     7.3714      7.150   209.2788 1.6482e+01     1.6498      3.380      4.902    20.4192 0.0000e+00
      3.471      0.113     1.6988     18.385     31.751  28.073033     7.0476      7.135   209.2114 1.6162e+01     1.6204      3.404      4.937    20.1865 0.0000e+00
      3.498      0.116     1.8626     20.050     31.724  27.881805     6.8663      7.123   209.0202 1.5798e+01     1.6379      3.427      4.970    19.9306 0.0000e+00
      3.532      0.117     2.0503     21.958     31.651  27.657824     6.8333      7.112   209.2034 1.5384e+01     1.6772      3.462      5.022    19.6941 0.0000e+00
      3.568      0.116     2.2564     24.042     31.533  27.396627     6.6678      7.102   209.7056 1.5021e+01     1.6683      3.503      5.081    19.4686 0.0000e+00
      3.598      0.115     2.4692     26.163     31.431  27.136390     6.3720      7.092   210.1025 1.4768e+01     1.6533      3.530      5.119    19.2098 0.0000e+00
      3.623      0.114     2.6766     28.197     31.392  26.923970     6.2066      7.082   210.3019 1.4541e+01     1.6482      3.551      5.150    18.9284 0.0000e+00
      3.648      0.113     2.8723     30.085     31.376  26.732939     6.1848      7.070   210.3096 1.4263e+01     1.6362      3.577      5.188    18.6853 0.0000e+00
      3.677      0.111     3.0514     31.785     31.347  26.540795     6.1262      7.060   210.1100 1.3960e+01     1.5999      3.604      5.228    18.4483 0.0000e+00
      3.707      0.111     3.2105     33.274     31.337  26.378420     6.0135      7.054   209.9535 1.3674e+01     1.5154      3.634      5.270    18.1677 0.0000e+00
      3.738      0.112     3.3481     34.539     31.329  26.229849     5.9517      7.047   210.1384 1.3413e+01     1.4382      3.667      5.318    17.8759 0.0000e+00
      3.768      0.113     3.4619     35.550     31.311  26.077642     5.9124      7.038   210.4528 1.3219e+01     1.4293      3.697      5.361    17.5915 0.0000e+00
      3.794      0.114     3.5488     36.272     31.308  25.934785     5.5387      7.028   210.4858 1.3075e+01     1.4691      3.721      5.396    17.3202 0.0000e+00
      3.819      0.115     3.6059     36.682     31.359  25.835765     4.8693      7.023   210.3647 1.2893e+01     1.4912      3.743      5.429    17.0769 0.0000e+00
      3.848      0.116     3.6275     36.731     31.446  25.769121     4.5095      7.018   210.3650 1.2659e+01     1.4523      3.772      5.471    16.8567 0.0000e+00
      3.881      0.118     3.6002     36.289     31.529  25.700263     4.4690      7.014   210.3170 1.2418e+01     1.3964      3.807      5.521    16.6408 0.0000e+00
      3.913      0.119     3.5066     35.185     31.621  25.637965     4.4543      7.010   210.0434 1.2225e+01     1.3958      3.838      5.567    16.4165 0.0000e+00
      3.944      0.119     3.3361     33.324     31.726  25.587141     4.4418      7.005   209.8104 1.2080e+01     1.4448      3.867      5.608    16.1881 0.0000e+00
      3.974      0.119     3.0878     30.708     31.900  25.593529     4.4193      6.998   209.8223 1.1917e+01     1.4697      3.898      5.653    15.9674 0.0000e+00
      4.004      0.119     2.7683     27.411     32.218  25.715053     4.4023      6.990   209.9288 1.1738e+01     1.4525      3.928      5.697    15.7538 0.0000e+00
      4.030      0.119     2.3927     23.590     32.714  25.976951     4.3921      6.983   209.8941 1.1592e+01     1.4504      3.952      5.734    15.5362 0.0000e+00
      4.059      0.119     1.9859     19.500     33.421  26.410705     4.3602      6.978   209.8328 1.1442e+01     1.4752      3.978      5.769    15.3180 0.0000e+00
      4.093      0.118     1.5773     15.432     34.342  27.022736     4.3103      6.973   209.9620 1.1263e+01     1.4782      4.014      5.822    15.1128 0.0000e+00
      4.127      0.116     1.1915     11.618     35.375  27.725686     4.2768      6.969   210.0800 1.1120e+01     1.4548      4.051      5.875    14.9083 0.0000e+00
      4.157      0.113     0.8432      8.197     36.410  28.433110     4.2576      6.964   209.9684 1.1010e+01     1.4364      4.077      5.913    14.6968 0.0000e+00
      4.183      0.108     0.5471      5.305     37.460  29.162510     4.1520      6.957   209.7314 1.0894e+01     1.3786      4.101      5.949    14.5012 0.0000e+00
      4.209      0.104     0.3185      3.082     38.651  30.003944     3.9563      6.948   209.5370 1.0776e+01     1.2751      4.130      5.990    14.3400 0.0000e+00
      4.234      0.104     0.1560      1.505     39.873  30.859076     3.8482      6.935   209.5114 1.0664e+01     1.2219      4.153      6.023    14.1876 0.0000e+00
      4.257      0.106     0.0466      0.449     40.751  31.436301     3.8374      6.919   209.6796 1.0537e+01     1.2240      4.173      6.053    14.0340 0.0000e+00
      4.283      0.108    -0.0207     -0.198     41.241  31.711744     3.8351      6.902   209.8501 1.0372e+01     1.2393      4.199      6.090    13.9189 0.0000e+00
      4.313      0.110    -0.0568     -0.544     41.532  31.839395     3.8393      6.884   210.1101 1.0177e+01     1.2545      4.229      6.134    13.8202 0.0000e+00
      4.346      0.113    -0.0685     -0.654     41.722  31.899910     3.8414      6.866   210.5861 9.9877e+00     1.2552      4.262      6.182    13.6984 0.0000e+00
      4.376      0.114    -0.0618     -0.589     41.867  31.935234     3.8969      6.847   211.3030 9.8298e+00     1.2480      4.294      6.227    13.5695 0.0000e+00
      4.403      0.114    -0.0453     -0.431     41.973  31.948844     4.6491      6.830   212.2396 9.6913e+00     1.2279      4.319      6.264    13.4422 0.0000e+00
      4.430      0.110    -0.0248     -0.236     42.028  31.937361     6.0526      6.816   212.9625 9.5153e+00     1.2254      4.341      6.296    13.3228 0.0000e+00
      4.460      0.105    -0.0038     -0.036     42.068  31.923362     6.8334      6.805   213.2458 9.3205e+00     1.2489      4.374      6.344    13.2200 0.0000e+00
      4.490      0.098     0.0160      0.152     42.112  31.906561     6.9121      6.795   213.5150 9.1782e+00     1.2379      4.408      6.392    13.1357 0.0000e+00
      4.515      0.090     0.0337      0.318     42.106  31.861186     6.9219      6.786   214.0657 9.0490e+00     1.2134      4.428      6.422    13.0475 0.0000e+00
