Data/DataNotYetUploadedToEDI/Raw_CTD/RawDownloads/090718_fcr50.cnv
* Sea-Bird SBE19plus  Data File:
* FileName = C:\DATA\090718_BVR_0009.hex
* Software version 2.6.3.104 SB_Terminal.dll
* Temperature SN = 7809
* Conductivity SN = 7809
* System UpLoad Time = Sep 07 2018 18:59:36
* <ApplicationData>
* <Seaterm232>
# nquan = 15
# nvalues = 734                         
# units = specified
# name 0 = depFM: Depth [fresh water, m]
# name 1 = dz/dtM: Descent Rate [m/s]
# name 2 = sbeox0Mg/L: Oxygen, SBE 43 [mg/l]
# name 3 = sbeox0PS: Oxygen, SBE 43 [% saturation]
# name 4 = specc: Specific Conductance [uS/cm]
# name 5 = c0uS/cm: Conductivity [uS/cm]
# name 6 = flECO-AFL: Fluorescence, WET Labs ECO-AFL/FL [mg/m^3]
# name 7 = ph: pH
# name 8 = orp: Oxidation Reduction Potential [mV]
# name 9 = par/sat/log: PAR/Logarithmic, Satlantic
# name 10 = turbWETntu0: Turbidity, WET Labs ECO [NTU]
# name 11 = prdM: Pressure, Strain Gauge [db]
# name 12 = prdE: Pressure, Strain Gauge [psi]
# name 13 = tv290C: Temperature [ITS-90, deg C]
# name 14 = flag:  0.000e+00
# span 0 =     -0.529,      5.296       
# span 1 =     -0.088,      0.228       
# span 2 =     0.0830,    10.1915       
# span 3 =      0.780,    125.140       
# span 4 =      0.301,     77.676       
# span 5 =   0.342012,  59.014992       
# span 6 =    -0.3661,    24.7866       
# span 7 =      5.220,      8.423       
# span 8 = -1240.7455,   402.9748       
# span 9 = 5.7267e-01, 9.3790e+02       
# span 10 =    -0.4558,    11.0916      
# span 11 =     -0.519,      5.194      
# span 12 =     -0.752,      7.534      
# span 13 =    12.4849,    31.9090      
# span 14 = 0.0000e+00, 0.0000e+00      
# interval = seconds: 0.25
# start_time = Sep 07 2018 19:22:22 [Instrument's time stamp, header]
# bad_flag = -9.990e-29
*END*
[from data line 290]
      0.860      0.022     8.9885    112.078     37.486  38.715596     2.2112      8.196   207.7684 2.0158e+02     1.6581      0.843      1.223    26.6144 0.0000e+00
      0.866      0.024     8.9870    112.073     37.492  38.726416     2.2171      8.197   207.6769 1.9823e+02     1.7111      0.849      1.231    26.6159 0.0000e+00
      0.872      0.024     8.9810    112.004     37.488  38.724635     2.2064      8.198   207.2766 1.9498e+02     1.6890      0.856      1.241    26.6203 0.0000e+00
      0.880      0.024     8.9749    111.933     37.457  38.694062     2.1729      8.199   207.0592 1.9246e+02     1.6038      0.863      1.252    26.6260 0.0000e+00
      0.887      0.023     8.9727    111.909     37.436  38.674427     2.1523      8.200   206.8549 1.9012e+02     1.5659      0.871      1.263    26.6337 0.0000e+00
      0.892      0.021     8.9733    111.919     37.439  38.677812     2.1409      8.203   206.5276 1.8774e+02     1.5972      0.876      1.271    26.6406 0.0000e+00
      0.896      0.020     8.9760    111.944     37.436  38.671459     2.1369      8.205   206.2856 1.8504e+02     1.6472      0.879      1.276    26.6432 0.0000e+00
      0.900      0.019     8.9821    111.995     37.435  38.661149     2.1408      8.206   206.1653 1.8178e+02     1.6512      0.883      1.281    26.6448 0.0000e+00
      0.905      0.019     8.9908    112.072     37.465  38.680199     2.1418      8.208   206.1057 1.7835e+02     1.6145      0.887      1.287    26.6480 0.0000e+00
      0.910      0.019     8.9992    112.155     37.503  38.711182     2.1488      8.208   205.9950 1.7549e+02     1.6307      0.893      1.295    26.6502 0.0000e+00
      0.916      0.019     9.0041    112.211     37.511  38.718094     2.1893      8.209   205.7732 1.7310e+02     1.6943      0.898      1.303    26.6479 0.0000e+00
      0.921      0.018     9.0031    112.203     37.492  38.700237     2.2541      8.210   205.6616 1.7104e+02     1.7432      0.903      1.310    26.6338 0.0000e+00
      0.925      0.017     8.9957    112.119     37.475  38.685874     2.2795      8.211   205.7636 1.6968e+02     1.7334      0.908      1.317    26.6127 0.0000e+00
      0.929      0.017     8.9857    112.000     37.459  38.671494     2.2765      8.212   205.8881 1.6909e+02     1.6981      0.911      1.322    26.6016 0.0000e+00
      0.933      0.016     8.9798    111.929     37.440  38.653430     2.2909      8.214   206.1340 1.6924e+02     1.6826      0.915      1.327    26.6012 0.0000e+00
      0.937      0.016     8.9804    111.931     37.447  38.658060     2.3155      8.215   206.4145 1.6978e+02     1.6686      0.918      1.332    26.6052 0.0000e+00
      0.941      0.016     8.9809    111.922     37.458  38.663945     2.3353      8.215   206.1814 1.7033e+02     1.6810      0.923      1.338    26.6100 0.0000e+00
      0.945      0.016     8.9749    111.834     37.460  38.661038     2.3380      8.216   205.6393 1.7095e+02     1.6805      0.927      1.345    26.6133 0.0000e+00
      0.950      0.016     8.9633    111.681     37.488  38.686440     2.3294      8.218   205.3663 1.7172e+02     1.6617      0.932      1.351    26.6159 0.0000e+00
      0.954      0.016     8.9488    111.498     37.519  38.716955     2.3136      8.220   205.9787 1.7290e+02     1.6675      0.936      1.357    26.6125 0.0000e+00
      0.958      0.016     8.9351    111.325     37.515  38.712331     2.2937      8.221   207.0198 1.7442e+02     1.6590      0.940      1.363    26.6024 0.0000e+00
      0.961      0.016     8.9251    111.196     37.499  38.694064     2.2918      8.223   207.1137 1.7547e+02     1.6515      0.943      1.368    26.5948 0.0000e+00
      0.965      0.016     8.9224    111.157     37.494  38.686680     2.2905      8.224   206.8553 1.7567e+02     1.6681      0.947      1.374    26.5917 0.0000e+00
      0.969      0.016     8.9271    111.211     37.495  38.686575     2.2772      8.224   206.6492 1.7518e+02     1.7376      0.950      1.378    26.5905 0.0000e+00
      0.974      0.016     8.9367    111.330     37.501  38.692804     2.2699      8.225   206.9443 1.7443e+02     1.8510      0.955      1.385    26.5903 0.0000e+00
      0.979      0.016     8.9512    111.509     37.507  38.698461     2.2663      8.227   208.2731 1.7416e+02     1.9094      0.961      1.393    26.5883 0.0000e+00
      0.983      0.017     8.9691    111.729     37.502  38.691436     2.2698      8.228   209.0347 1.7445e+02     1.8941      0.964      1.398    26.5845 0.0000e+00
      0.987      0.018     8.9876    111.957     37.483  38.671394     2.2759      8.229   208.9258 1.7430e+02     1.8190      0.968      1.403    26.5825 0.0000e+00
      0.991      0.018     9.0015    112.127     37.460  38.646722     2.2758      8.229   208.2464 1.7320e+02     1.7331      0.971      1.408    26.5824 0.0000e+00
      0.996      0.018     9.0070    112.193     37.462  38.647253     2.2783      8.229   207.1021 1.7187e+02     1.7101      0.976      1.415    26.5821 0.0000e+00
      1.001      0.018     9.0079    112.202     37.492  38.677805     2.2878      8.230   207.4793 1.7114e+02     1.6946      0.982      1.425    26.5807 0.0000e+00
      1.006      0.018     9.0070    112.193     37.511  38.698473     2.3163      8.231   209.3657 1.7083e+02     1.6671      0.988      1.432    26.5786 0.0000e+00
      1.010      0.018     9.0020    112.137     37.517  38.706552     2.3566      8.232   210.2936 1.7042e+02     1.6523      0.991      1.437    26.5777 0.0000e+00
      1.014      0.017     8.9911    112.003     37.522  38.711957     2.3797      8.232   209.8370 1.6986e+02     1.6688      0.994      1.442    26.5763 0.0000e+00
      1.018      0.017     8.9758    111.808     37.512  38.700303     2.3932      8.232   209.0067 1.6950e+02     1.7136      0.998      1.448    26.5740 0.0000e+00
      1.023      0.017     8.9614    111.623     37.506  38.692702     2.4103      8.231   208.8586 1.6944e+02     1.7371      1.003      1.455    26.5758 0.0000e+00
      1.027      0.016     8.9547    111.538     37.498  38.683580     2.4208      8.230   209.6806 1.6893e+02     1.7382      1.007      1.461    26.5801 0.0000e+00
      1.032      0.015     8.9576    111.577     37.468  38.653548     2.4183      8.230   210.5140 1.6774e+02     1.6965      1.012      1.468    26.5808 0.0000e+00
      1.036      0.014     8.9647    111.671     37.460  38.647242     2.4081      8.230   210.8475 1.6672e+02     1.6605      1.016      1.474    26.5777 0.0000e+00
      1.039      0.013     8.9723    111.772     37.480  38.670863     2.3982      8.229   210.9590 1.6632e+02     1.6692      1.019      1.478    26.5749 0.0000e+00
      1.043      0.012     8.9835    111.915     37.493  38.685025     2.3910      8.228   210.9163 1.6617e+02     1.6492      1.022      1.483    26.5743 0.0000e+00
      1.045      0.011     8.9959    112.068     37.500  38.691416     2.3856      8.228   210.0737 1.6571e+02     1.6327      1.025      1.486    26.5754 0.0000e+00
      1.047      0.011     9.0014    112.129     37.496  38.684600     2.3881      8.228   208.9446 1.6508e+02     1.6526      1.027      1.489    26.5785 0.0000e+00
      1.050      0.011     8.9976    112.076     37.480  38.666142     2.4016      8.228   209.3095 1.6452e+02     1.6756      1.029      1.494    26.5828 0.0000e+00
      1.053      0.012     8.9895    111.970     37.474  38.658835     2.4215      8.228   210.6140 1.6400e+02     1.7591      1.032      1.497    26.5850 0.0000e+00
      1.056      0.013     8.9833    111.892     37.476  38.659782     2.4445      8.228   211.2095 1.6354e+02     1.8679      1.035      1.502    26.5828 0.0000e+00
      1.059      0.015     8.9811    111.866     37.493  38.677582     2.4585      8.227   209.7982 1.6278e+02     1.8921      1.038      1.506    26.5789 0.0000e+00
      1.063      0.015     8.9788    111.836     37.499  38.683467     2.4630      8.226   207.4884 1.6190e+02     1.8688      1.043      1.512    26.5756 0.0000e+00
      1.068      0.015     8.9739    111.774     37.484  38.667404     2.4885      8.224   207.2003 1.6133e+02     1.8608      1.047      1.519    26.5731 0.0000e+00
      1.072      0.015     8.9685    111.704     37.491  38.673956     2.5283      8.224   207.8640 1.6089e+02     1.8571      1.051      1.525    26.5730 0.0000e+00
      1.076      0.015     8.9664    111.675     37.516  38.699158     2.5403      8.224   208.3723 1.6055e+02     1.8542      1.055      1.531    26.5736 0.0000e+00
      1.079      0.015     8.9696    111.711     37.536  38.718001     2.5327      8.224   207.7532 1.6000e+02     1.8559      1.058      1.534    26.5737 0.0000e+00
      1.083      0.015     8.9763    111.790     37.531  38.711180     2.5466      8.224   205.3693 1.5898e+02     1.8476      1.062      1.540    26.5733 0.0000e+00
      1.087      0.015     8.9818    111.854     37.502  38.680210     2.5800      8.223   204.1556 1.5793e+02     1.8449      1.067      1.547    26.5719 0.0000e+00
      1.091      0.016     8.9835    111.874     37.485  38.661209     2.5958      8.223   204.4354 1.5732e+02     1.8542      1.070      1.551    26.5704 0.0000e+00
      1.094      0.016     8.9845    111.884     37.496  38.672032     2.5905      8.223   205.3970 1.5708e+02     1.8375      1.073      1.557    26.5684 0.0000e+00
      1.099      0.016     8.9863    111.900     37.509  38.683999     2.5716      8.221   207.0058 1.5657e+02     1.8270      1.078      1.563    26.5657 0.0000e+00
      1.103      0.016     8.9861    111.888     37.508  38.678839     2.5417      8.218   206.6797 1.5547e+02     1.8493      1.082      1.569    26.5640 0.0000e+00
      1.108      0.015     8.9813    111.821     37.506  38.673168     2.5238      8.214   204.2936 1.5438e+02     1.8623      1.086      1.576    26.5631 0.0000e+00
      1.112      0.014     8.9718    111.700     37.512  38.678958     2.5297      8.213   202.9355 1.5373e+02     1.8628      1.091      1.582    26.5622 0.0000e+00
      1.116      0.013     8.9603    111.557     37.518  38.685310     2.5389      8.212   203.2503 1.5353e+02     1.8551      1.094      1.587    26.5603 0.0000e+00
      1.118      0.012     8.9530    111.462     37.520  38.686447     2.5519      8.210   204.1422 1.5337e+02     1.8605      1.096      1.590    26.5544 0.0000e+00
      1.119      0.012     8.9545    111.475     37.529  38.692697     2.5773      8.209   204.5988 1.5292e+02     1.8668      1.098      1.592    26.5479 0.0000e+00
      1.122      0.013     8.9638    111.586     37.535  38.697342     2.5982      8.208   204.2110 1.5232e+02     1.8703      1.100      1.595    26.5488 0.0000e+00
      1.126      0.015     8.9770    111.739     37.522  38.679081     2.6107      8.207   203.5832 1.5144e+02     1.8722      1.105      1.602    26.5510 0.0000e+00
      1.129      0.018     8.9923    111.910     37.512  38.662484     2.6273      8.207   203.2029 1.5040e+02     1.8292      1.107      1.606    26.5478 0.0000e+00
      1.134      0.020     9.0089    112.103     37.541  38.687263     2.6525      8.207   202.9687 1.4933e+02     1.8073      1.110      1.610    26.5441 0.0000e+00
      1.141      0.022     9.0243    112.294     37.577  38.724549     2.6675      8.207   202.9023 1.4812e+02     1.8528      1.119      1.623    26.5429 0.0000e+00
      1.148      0.023     9.0361    112.447     37.583  38.732115     2.6708      8.205   204.1208 1.4688e+02     1.8899      1.125      1.633    26.5381 0.0000e+00
      1.153      0.025     9.0444    112.547     37.568  38.715206     2.6557      8.191   205.9148 1.4583e+02     1.8297      1.131      1.641    26.5259 0.0000e+00
      1.159      0.025     9.0519    112.619     37.571  38.710696     2.6229      8.160   205.5776 1.4482e+02     1.7044      1.137      1.649    26.5167 0.0000e+00
      1.165      0.025     9.0639    112.737     37.611  38.741111     2.6042      8.129   204.0016 1.4360e+02     1.6559      1.142      1.657    26.5195 0.0000e+00
      1.171      0.024     9.0820    112.943     37.642  38.765276     2.6041      8.113   203.3800 1.4197e+02     1.6709      1.148      1.666    26.5246 0.0000e+00
      1.179      0.022     9.1050    113.229     37.626  38.748738     2.6397      8.112   205.0300 1.4027e+02     1.7033      1.156      1.677    26.5230 0.0000e+00
      1.186      0.020     9.1337    113.593     37.607  38.731741     2.6953      8.116   207.7765 1.3962e+02     1.7723      1.166      1.690    26.5133 0.0000e+00
      1.190      0.020     9.1662    113.985     37.629  38.750361     2.7153      8.116   208.1960 1.3954e+02     1.8340      1.168      1.693    26.4933 0.0000e+00
      1.192      0.020     9.1984    114.344     37.676  38.783276     2.7165      8.112   207.4346 1.3889e+02     1.8695      1.167      1.694    26.4806 0.0000e+00
      1.195      0.021     9.2267    114.639     37.724  38.812033     2.7375      8.113   206.9160 1.3734e+02     1.8965      1.170      1.697    26.4848 0.0000e+00
      1.201      0.021     9.2495    114.875     37.772  38.843904     2.7760      8.116   207.4323 1.3562e+02     1.9152      1.177      1.707    26.4927 0.0000e+00
      1.210      0.021     9.2698    115.095     37.790  38.850948     2.7965      8.121   209.8051 1.3446e+02     1.8822      1.188      1.722    26.4898 0.0000e+00
      1.218      0.021     9.2905    115.336     37.779  38.833643     2.7924      8.127   211.0837 1.3320e+02     1.8346      1.194      1.732    26.4653 0.0000e+00
      1.223      0.019     9.3113    115.592     37.772  38.825266     2.7907      8.134   210.6744 1.3193e+02     1.8576      1.200      1.740    26.4330 0.0000e+00
      1.227      0.016     9.3287    115.823     37.755  38.813194     2.7950      8.143   209.5885 1.3116e+02     1.8859      1.204      1.746    26.4104 0.0000e+00
      1.229      0.014     9.3389    115.979     37.746  38.814745     2.7974      8.156   208.1925 1.3067e+02     1.8708      1.205      1.748    26.3947 0.0000e+00
      1.231      0.013     9.3413    116.032     37.766  38.844037     2.7917      8.167   208.5951 1.3031e+02     1.8590      1.207      1.751    26.3869 0.0000e+00
      1.233      0.014     9.3371    115.980     37.772  38.849708     2.7813      8.176   210.4979 1.2964e+02     1.8648      1.209      1.753    26.3863 0.0000e+00
      1.237      0.017     9.3269    115.839     37.748  38.819787     2.7825      8.186   211.5824 1.2848e+02     1.9404      1.211      1.757    26.3925 0.0000e+00
      1.242      0.020     9.3183    115.715     37.734  38.799907     2.7968      8.194   211.4679 1.2735e+02     2.0406      1.217      1.765    26.4106 0.0000e+00
      1.248      0.022     9.3173    115.685     37.740  38.799928     2.7985      8.201   210.8359 1.2621e+02     2.0699      1.224      1.775    26.4276 0.0000e+00
      1.254      0.025     9.3201    115.708     37.764  38.820040     2.7838      8.206   210.2210 1.2465e+02     2.0811      1.230      1.784    26.4229 0.0000e+00
      1.261      0.028     9.3264    115.779     37.798  38.852474     2.7752      8.210   210.1423 1.2304e+02     2.1151      1.237      1.794    26.4131 0.0000e+00
      1.268      0.030     9.3384    115.920     37.823  38.874422     2.7767      8.214   210.7447 1.2164e+02     2.1762      1.243      1.804    26.4078 0.0000e+00
      1.276      0.032     9.3536    116.091     37.848  38.894809     2.7845      8.209   211.3953 1.2024e+02     2.2093      1.250      1.813    26.3963 0.0000e+00
      1.284      0.034     9.3661    116.214     37.873  38.908370     2.7958      8.201   211.6421 1.1869e+02     2.1795      1.259      1.826    26.3909 0.0000e+00
      1.293      0.038     9.3726    116.257     37.889  38.911309     2.8034      8.196   211.6639 1.1683e+02     2.1208      1.267      1.839    26.3894 0.0000e+00
