Data/DataNotYetUploadedToEDI/Raw_CTD/RawDownloads/090920_fcr50.cnv
* Sea-Bird SBE19plus  Data File:
* FileName = C:\DATA\090920_fcr50_0001.hex
* Software version 2.8.0.119
* Temperature SN = 7809
* Conductivity SN = 7809
* System UpLoad Time = Sep 09 2020 17:20:40
* <ApplicationData>
* <Seaterm232>
# nquan = 16
# nvalues = 4234                        
# units = specified
# name 0 = depFM: Depth [fresh water, m]
# name 1 = dz/dtM: Descent Rate [m/s]
# name 2 = sbeox0ML/L: Oxygen, SBE 43 [ml/l]
# name 3 = sbeox0PS: Oxygen, SBE 43 [% saturation]
# name 4 = specc: Specific Conductance [uS/cm]
# name 5 = c0uS/cm: Conductivity [uS/cm]
# name 6 = flECO-AFL: Fluorescence, WET Labs ECO-AFL/FL [mg/m^3]
# name 7 = ph: pH
# name 8 = orp: Oxidation Reduction Potential [mV]
# name 9 = par/sat/log: PAR/Logarithmic, Satlantic
# name 10 = turbWETntu0: Turbidity, WET Labs ECO [NTU]
# name 11 = prdM: Pressure, Strain Gauge [db]
# name 12 = prdE: Pressure, Strain Gauge [psi]
# name 13 = tv290C: Temperature [ITS-90, deg C]
# name 14 = density00: Density [density, kg/m^3]
# name 15 = flag:  0.000e+00
# span 0 =     -0.580,      8.778       
# span 1 =     -4.353,      4.239       
# span 2 =    -0.1214,     8.4446       
# span 3 =     -1.788,    142.061       
# span 4 =      0.629,     79.988       
# span 5 =   0.635792,  64.033016       
# span 6 =    -1.0087,    51.4773       
# span 7 =     14.784,     15.416       
# span 8 = -1024.6304,   503.7129       
# span 9 = 1.2342e-01, 1.0212e+03       
# span 10 =    -0.3337,   200.5547      
# span 11 =     -0.569,      8.609      
# span 12 =     -0.826,     12.486      
# span 13 =    12.0575,    25.5385      
# span 14 =   996.9135,   999.5550      
# span 15 = 0.0000e+00, 0.0000e+00      
# interval = seconds: 0.25
# start_time = Sep 09 2020 00:42:23 [Instrument's time stamp, header]
# bad_flag = -9.990e-29
*END*
[from data line 1628]
      8.774      0.000     2.3603     31.353     54.194  40.181238    -0.1627     15.406   274.0805 1.2362e-01    11.4207      8.604     12.479    12.0685   999.5538 0.0000e+00
      8.774      0.003     2.3599     31.373     54.171  40.163923    -0.2700     15.407   273.9590 1.2357e-01    11.3797      8.604     12.479    12.0686   999.5537 0.0000e+00
      8.774      0.034     2.3592     31.393     54.162  40.157575    -0.3231     15.407   273.9919 1.2356e-01    11.3447      8.604     12.479    12.0687   999.5538 0.0000e+00
      8.774      0.372     2.3601     31.404     54.176  40.167962    -0.3185     15.407   274.2197 1.2362e-01    11.3749      8.604     12.479    12.0687   999.5537 0.0000e+00
      8.774      4.097     2.3594     31.406     54.169  40.162560    -0.3195     15.407   274.1315 1.2370e-01    11.3673      8.604     12.478    12.0687   999.5538 0.0000e+00
      8.774      4.097     2.3621     31.414     54.159  40.155736    -0.3263     15.407   273.7866 1.2369e-01    11.3203      8.604     12.479    12.0685   999.5538 0.0000e+00
      8.774      0.372     2.3635     31.422     54.150  40.148929    -0.3248     15.406   273.7495 1.2367e-01    11.3567      8.605     12.480    12.0688   999.5537 0.0000e+00
      8.774      0.034     2.3644     31.401     54.143  40.143726    -0.3198     15.406   273.9411 1.2366e-01    11.3953      8.604     12.479    12.0691   999.5537 0.0000e+00
      8.774      0.003     2.3644     31.367     54.159  40.156306    -0.3135     15.406   274.1240 1.2362e-01    11.3409      8.605     12.480    12.0693   999.5537 0.0000e+00
      8.773      0.000     2.3639     31.342     54.183  40.174089    -0.3054     15.406   274.0676 1.2361e-01    11.3177      8.604     12.479    12.0693   999.5537 0.0000e+00
      8.773      0.000     2.3675     31.332     54.176  40.168313    -0.3074     15.406   273.7754 1.2363e-01    11.3545      8.604     12.479    12.0693   999.5537 0.0000e+00
      8.773      0.000     2.3637     31.320     54.151  40.149948    -0.3196     15.406   273.6887 1.2363e-01    11.3397      8.604     12.479    12.0693   999.5537 0.0000e+00
      8.773 2.1026e-07     2.3611     31.313     54.140  40.142458    -0.3192     15.406   273.7943 1.2365e-01    11.3097      8.604     12.480    12.0694   999.5537 0.0000e+00
      8.773 1.9115e-08     2.3588     31.342     54.138  40.141218    -0.3207     15.406   273.9329 1.2365e-01    11.4045      8.604     12.479    12.0693   999.5537 0.0000e+00
      8.774 1.7377e-09     2.3588     31.391     54.128  40.134966    -0.3479     15.406   273.9882 1.2363e-01    11.5593      8.604     12.479    12.0694   999.5537 0.0000e+00
      8.774 1.5797e-10     2.3584     31.437     54.121  40.130335    -0.3728     15.406   273.8602 1.2365e-01    11.6016      8.604     12.479    12.0696   999.5536 0.0000e+00
      8.774 1.4361e-11     2.3555     31.477     54.144  40.148695    -0.3833     15.406   273.7623 1.2362e-01    11.6070      8.604     12.479    12.0700   999.5536 0.0000e+00
      8.774 1.3056e-12     2.3593     31.505     54.167  40.166535    -0.3693     15.406   273.7510 1.2360e-01    12.0363      8.605     12.480    12.0704   999.5535 0.0000e+00
      8.774 1.1869e-13     2.3632     31.509     54.152  40.155628    -0.3276     15.406   273.8094 1.2365e-01    12.8100      8.604     12.479    12.0710   999.5535 0.0000e+00
      8.774 1.0790e-14     2.3668     31.503     54.134  40.143768    -0.3073     15.406   273.9525 1.2366e-01    13.1675      8.604     12.479    12.0719   999.5534 0.0000e+00
      8.774 9.8090e-16     2.3695     31.503     54.141  40.150077    -0.3152     15.406   274.1045 1.2364e-01    13.1327      8.604     12.479    12.0728   999.5533 0.0000e+00
      8.774 8.9170e-17     2.3724     31.494     54.164  40.168447    -0.2712     15.406   274.1852 1.2364e-01    12.9386      8.604     12.480    12.0735   999.5532 0.0000e+00
      8.774 8.1065e-18     2.3721     31.470     54.172  40.175452    -0.1661     15.406   274.1542 1.2362e-01    12.5709      8.604     12.480    12.0742   999.5531 0.0000e+00
      8.774 7.3744e-19     2.3707     31.453     54.165  40.171297    -0.1029     15.406   274.1596 1.2360e-01    12.3608      8.604     12.479    12.0750   999.5530 0.0000e+00
      8.774 7.2391e-20     2.3716     31.455     54.177  40.181693    -0.1071     15.406   274.2500 1.2362e-01    12.3209      8.604     12.480    12.0762   999.5529 0.0000e+00
      8.774 6.5443e-20     2.3712     31.465     54.165  40.174202    -0.1315     15.406   274.3874 1.2361e-01    12.2599      8.604     12.480    12.0772   999.5528 0.0000e+00
      8.774 6.5344e-19     2.3683     31.474     54.123  40.144193    -0.1882     15.406   274.5304 1.2356e-01    12.0694      8.605     12.480    12.0783   999.5527 0.0000e+00
      8.774 7.1818e-18     2.3664     31.471     54.111  40.136223    -0.2686     15.406   274.5157 1.2350e-01    11.7685      8.604     12.480    12.0796   999.5525 0.0000e+00
      8.774 7.8999e-17     2.3675     31.460     54.116  40.141321    -0.3114     15.406   274.4677 1.2348e-01    11.6432      8.604     12.480    12.0808   999.5524 0.0000e+00
      8.774 8.6899e-16     2.3677     31.442     54.116  40.142353    -0.3242     15.406   274.4659 1.2352e-01    11.6180      8.604     12.480    12.0823   999.5522 0.0000e+00
      8.774 9.5589e-15     2.3694     31.415     54.124  40.148699    -0.3186     15.406   274.5802 1.2357e-01    11.5327      8.603     12.478    12.0835   999.5520 0.0000e+00
      8.774 1.0515e-13     2.3683     31.375     54.130  40.154577    -0.2816     15.406   274.9033 1.2359e-01    11.5048      8.604     12.479    12.0846   999.5519 0.0000e+00
      8.774 1.1566e-12     2.3677     31.344     54.123  40.149957    -0.2495     15.406   275.1033 1.2361e-01    11.5561      8.604     12.480    12.0856   999.5518 0.0000e+00
      8.774 1.2723e-11     2.3662     31.333     54.130  40.156304    -0.2454     15.406   275.0189 1.2364e-01    11.6380      8.604     12.479    12.0863   999.5517 0.0000e+00
      8.774 1.3995e-10     2.3646     31.318     54.145  40.167844    -0.2697     15.406   274.9163 1.2366e-01    11.6021      8.604     12.480    12.0870   999.5516 0.0000e+00
      8.774 1.5395e-09     2.3610     31.299     54.136  40.162545    -0.3051     15.406   274.9804 1.2363e-01    11.4313      8.604     12.480    12.0876   999.5516 0.0000e+00
      8.774 1.6934e-08     2.3573     31.301     54.125  40.155720    -0.3194     15.405   275.1065 1.2360e-01    11.3236      8.605     12.480    12.0881   999.5515 0.0000e+00
      8.774 1.8627e-07     2.3584     31.331     54.114  40.148791    -0.3191     15.405   275.2360 1.2360e-01    11.3300      8.605     12.480    12.0888   999.5514 0.0000e+00
      8.774 1.8627e-07     2.3565     31.360     54.104  40.142240    -0.3207     15.405   275.3414 1.2356e-01    11.3714      8.605     12.480    12.0901   999.5513 0.0000e+00
      8.774 1.6934e-08     2.3546     31.373     54.100  40.139994    -0.3293     15.404   275.2614 1.2353e-01    11.3772      8.605     12.480    12.0910   999.5512 0.0000e+00
      8.774 1.5395e-09     2.3538     31.372     54.074  40.121629    -0.3377     15.404   275.0437 1.2356e-01    11.3664      8.604     12.479    12.0920   999.5511 0.0000e+00
      8.774 1.3995e-10     2.3577     31.368     54.058  40.110606    -0.3358     15.404   275.1187 1.2360e-01    11.3439      8.604     12.479    12.0935   999.5509 0.0000e+00
      8.774 1.2723e-11     2.3600     31.386     54.088  40.133672    -0.3261     15.404   275.5662 1.2358e-01    11.3788      8.605     12.480    12.0946   999.5507 0.0000e+00
      8.774 1.1566e-12     2.3607     31.389     54.103  40.146625    -0.3153     15.405   275.8935 1.2357e-01    11.5137      8.605     12.480    12.0950   999.5507 0.0000e+00
      8.774 1.0515e-13     2.3612     31.370     54.093  40.140278    -0.3196     15.406   275.8935 1.2362e-01    11.5674      8.605     12.480    12.0954   999.5506 0.0000e+00
      8.774 9.5590e-15     2.3583     31.376     54.064  40.120405    -0.3308     15.406   275.7379 1.2366e-01    11.5826      8.605     12.480    12.0963   999.5505 0.0000e+00
      8.774 8.6900e-16     2.3619     31.388     54.029  40.096761    -0.3172     15.406   275.6466 1.2368e-01    11.5940      8.605     12.480    12.0977   999.5504 0.0000e+00
      8.774 7.9000e-17     2.3630     31.390     54.043  40.108298    -0.2892     15.406   275.6492 1.2368e-01    11.4645      8.605     12.480    12.0992   999.5502 0.0000e+00
      8.774 7.1820e-18     2.3578     31.399     54.075  40.132956    -0.2873     15.406   275.6838 1.2365e-01    11.3218      8.605     12.480    12.1004   999.5501 0.0000e+00
      8.774 6.5290e-19     2.3607     31.391     54.085  40.141005    -0.3125     15.405   275.8070 1.2355e-01    11.2766      8.605     12.480    12.1016   999.5499 0.0000e+00
      8.774 5.9355e-20     2.3619     31.375     54.085  40.142150    -0.3271     15.405   275.9350 1.2347e-01    11.2954      8.604     12.479    12.1038   999.5496 0.0000e+00
      8.774 5.3960e-21     2.3599     31.371     54.088  40.146793    -0.3031     15.405   275.8542 1.2350e-01    11.3429      8.605     12.480    12.1055   999.5495 0.0000e+00
      8.774 4.9052e-22     2.3630     31.363     54.068  40.133669    -0.2602     15.405   275.6909 1.2360e-01    11.3714      8.604     12.480    12.1057   999.5495 0.0000e+00
      8.774 4.4593e-23     2.3615     31.363     54.035  40.110426    -0.2377     15.405   275.7669 1.2368e-01    11.3647      8.605     12.480    12.1057   999.5495 0.0000e+00
      8.774 4.0539e-24     2.3589     31.391     54.046  40.119660    -0.2402     15.405   275.9985 1.2368e-01    11.3297      8.604     12.480    12.1070   999.5492 0.0000e+00
      8.774 3.6854e-25     2.3603     31.430     54.044  40.118370    -0.2618     15.405   276.1687 1.2362e-01    11.3612      8.604     12.480    12.1095   999.5490 0.0000e+00
      8.774 3.3503e-26     2.3586     31.455     54.013  40.094826    -0.2892     15.405   276.0179 1.2362e-01    11.4370      8.605     12.481    12.1116   999.5487 0.0000e+00
      8.774 3.0458e-27     2.3575     31.468     54.006  40.088881    -0.3045     15.405   275.6382 1.2368e-01    11.4219      8.605     12.480    12.1131   999.5485 0.0000e+00
      8.774 2.7689e-28     2.3606     31.478     54.036  40.109969    -0.3126     15.405   275.5350 1.2368e-01    11.3497      8.604     12.479    12.1133   999.5486 0.0000e+00
      8.774 2.5172e-29     2.3644     31.469     54.103  40.159371    -0.3014     15.405   275.7166 1.2366e-01    11.3878      8.604     12.480    12.1132   999.5486 0.0000e+00
      8.774 2.2883e-30     2.3659     31.444     54.131  40.178412    -0.2653     15.405   275.9420 1.2367e-01    11.6080      8.604     12.479    12.1134   999.5485 0.0000e+00
      8.774 2.0803e-31     2.3663     31.422     54.096  40.149770    -0.2385     15.404   275.9361 1.2363e-01    11.8148      8.605     12.480    12.1128   999.5486 0.0000e+00
      8.774 1.8912e-32     2.3683     31.399     54.072  40.130428    -0.2255     15.404   275.7313 1.2358e-01    11.8625      8.604     12.480    12.1115   999.5487 0.0000e+00
      8.774 1.7192e-33     2.3674     31.371     54.081  40.134964    -0.1655     15.405   275.7029 1.2356e-01    11.7727      8.604     12.480    12.1108   999.5489 0.0000e+00
      8.774 1.5629e-34     2.3647     31.353     54.092  40.141143    -0.0650     15.406   275.7645 1.2356e-01    11.6221      8.604     12.480    12.1099   999.5490 0.0000e+00
      8.774 1.4209e-35     2.3635     31.348     54.097  40.141653    -0.0116     15.407   275.7876 1.2355e-01    11.5863      8.604     12.480    12.1070   999.5493 0.0000e+00
      8.774 1.2917e-36     2.3624     31.343     54.101  40.141132    -0.0069     15.407   275.8971 1.2355e-01    11.6494      8.605     12.481    12.1046   999.5496 0.0000e+00
      8.774 1.1743e-37     2.3594     31.345     54.096  40.134842    -0.0743     15.407   275.9695 1.2357e-01    11.6642      8.605     12.480    12.1038   999.5497 0.0000e+00
      8.774 1.0675e-38     2.3580     31.369     54.092  40.129073    -0.2167     15.406   275.8890 1.2363e-01    11.6272      8.604     12.480    12.1017   999.5499 0.0000e+00
      8.774 9.7050e-40     2.3587     31.396     54.104  40.134850    -0.3073     15.406   275.7840 1.2367e-01    11.5798      8.605     12.481    12.0989   999.5502 0.0000e+00
      8.774 8.8225e-41     2.3581     31.414     54.116  40.141205    -0.3209     15.406   275.7328 1.2367e-01    11.5718      8.604     12.479    12.0962   999.5505 0.0000e+00
      8.774 8.0205e-42     2.3573     31.440     54.121  40.142440    -0.3139     15.407   275.7853 1.2368e-01    11.5990      8.605     12.480    12.0935   999.5509 0.0000e+00
      8.774 7.2915e-43     2.3600     31.441     54.134  40.149775    -0.3191     15.407   275.9029 1.2371e-01    11.5658      8.604     12.481    12.0907   999.5512 0.0000e+00
      8.774 6.6285e-44     2.3638     31.408     54.159  40.166424    -0.3548     15.407   275.9494 1.2374e-01    11.4444      8.605     12.480    12.0874   999.5516 0.0000e+00
      8.774 6.0260e-45     2.3627     31.388     54.144  40.153315    -0.3828     15.406   276.0041 1.2373e-01    11.3325      8.604     12.480    12.0849   999.5519 0.0000e+00
      8.774 5.4780e-46     2.3671     31.364     54.099  40.118221    -0.3814     15.405   276.1343 1.2370e-01    11.3124      8.605     12.479    12.0826   999.5521 0.0000e+00
      8.774 4.9801e-47     2.3683     31.323     54.107  40.122942    -0.3577     15.406   276.1474 1.2368e-01    11.3380      8.605     12.480    12.0806   999.5524 0.0000e+00
      8.774 4.5310e-48     2.3621     31.303     54.141  40.146925    -0.3249     15.407   276.1626 1.2365e-01    11.3344      8.604     12.480    12.0787   999.5526 0.0000e+00
      8.774 4.5133e-49     2.3630     31.312     54.152  40.154304    -0.3179     15.408   276.3179 1.2366e-01    11.3032      8.605     12.480    12.0767   999.5528 0.0000e+00
      8.774 4.7469e-49     2.3619     31.339     54.145  40.148683    -0.3303     15.408   276.3895 1.2371e-01    11.2692      8.604     12.479    12.0756   999.5529 0.0000e+00
      8.774 4.8134e-48     2.3568     31.398     54.138  40.142440    -0.3320     15.407   276.3408 1.2369e-01    11.3357      8.605     12.480    12.0743   999.5531 0.0000e+00
      8.774 5.2911e-47     2.3552     31.466     54.138  40.142285    -0.3199     15.407   276.2453 1.2363e-01    11.4882      8.605     12.480    12.0732   999.5532 0.0000e+00
      8.774 5.8201e-46     2.3572     31.502     54.144  40.146811    -0.3069     15.408   276.3538 1.2361e-01    11.5685      8.605     12.480    12.0726   999.5533 0.0000e+00
      8.774 6.4021e-45     2.3579     31.517     54.127  40.133692    -0.3088     15.408   276.7055 1.2361e-01    11.5850      8.604     12.479    12.0719   999.5534 0.0000e+00
      8.774 7.0423e-44     2.3628     31.508     54.097  40.110611    -0.3233     15.408   276.8843 1.2357e-01    11.5509      8.605     12.480    12.0714   999.5534 0.0000e+00
      8.774 7.7466e-43     2.3705     31.487     54.113  40.121631    -0.3199     15.408   276.7946 1.2352e-01    11.4645      8.605     12.481    12.0712   999.5534 0.0000e+00
      8.774 8.5212e-42     2.3714     31.483     54.138  40.139981    -0.2970     15.407   276.6533 1.2354e-01    11.3650      8.605     12.480    12.0707   999.5535 0.0000e+00
      8.774 9.3734e-41     2.3732     31.476     54.141  40.142061    -0.2944     15.407   276.6380 1.2356e-01    11.2750      8.604     12.479    12.0703   999.5536 0.0000e+00
      8.774 1.0311e-39     2.3729     31.445     54.148  40.146791    -0.2978     15.407   276.8678 1.2356e-01    11.3030      8.605     12.480    12.0698   999.5536 0.0000e+00
