Data/DataNotYetUploadedToEDI/Raw_CTD/RawDownloads/090920_fcr50.cnv
* Sea-Bird SBE19plus  Data File:
* FileName = C:\DATA\090920_fcr50_0001.hex
* Software version 2.8.0.119
* Temperature SN = 7809
* Conductivity SN = 7809
* System UpLoad Time = Sep 09 2020 17:20:40
* <ApplicationData>
* <Seaterm232>
# nquan = 16
# nvalues = 4234                        
# units = specified
# name 0 = depFM: Depth [fresh water, m]
# name 1 = dz/dtM: Descent Rate [m/s]
# name 2 = sbeox0ML/L: Oxygen, SBE 43 [ml/l]
# name 3 = sbeox0PS: Oxygen, SBE 43 [% saturation]
# name 4 = specc: Specific Conductance [uS/cm]
# name 5 = c0uS/cm: Conductivity [uS/cm]
# name 6 = flECO-AFL: Fluorescence, WET Labs ECO-AFL/FL [mg/m^3]
# name 7 = ph: pH
# name 8 = orp: Oxidation Reduction Potential [mV]
# name 9 = par/sat/log: PAR/Logarithmic, Satlantic
# name 10 = turbWETntu0: Turbidity, WET Labs ECO [NTU]
# name 11 = prdM: Pressure, Strain Gauge [db]
# name 12 = prdE: Pressure, Strain Gauge [psi]
# name 13 = tv290C: Temperature [ITS-90, deg C]
# name 14 = density00: Density [density, kg/m^3]
# name 15 = flag:  0.000e+00
# span 0 =     -0.580,      8.778       
# span 1 =     -4.353,      4.239       
# span 2 =    -0.1214,     8.4446       
# span 3 =     -1.788,    142.061       
# span 4 =      0.629,     79.988       
# span 5 =   0.635792,  64.033016       
# span 6 =    -1.0087,    51.4773       
# span 7 =     14.784,     15.416       
# span 8 = -1024.6304,   503.7129       
# span 9 = 1.2342e-01, 1.0212e+03       
# span 10 =    -0.3337,   200.5547      
# span 11 =     -0.569,      8.609      
# span 12 =     -0.826,     12.486      
# span 13 =    12.0575,    25.5385      
# span 14 =   996.9135,   999.5550      
# span 15 = 0.0000e+00, 0.0000e+00      
# interval = seconds: 0.25
# start_time = Sep 09 2020 00:42:23 [Instrument's time stamp, header]
# bad_flag = -9.990e-29
*END*
[from data line 91]
      0.167      0.001     6.4155    111.733     36.813  36.755265     4.5739     14.994   223.1975 2.1515e+02     8.0117      0.164      0.238    24.9139   997.0877 0.0000e+00
      0.167      0.001     6.4222    111.908     36.830  36.771186     4.4747     14.993   222.9237 2.1525e+02     7.8458      0.164      0.238    24.9153   997.0873 0.0000e+00
      0.167      0.001     6.4402    111.979     36.811  36.751152     4.4174     14.992   222.5118 2.1465e+02     7.7973      0.163      0.237    24.9165   997.0870 0.0000e+00
      0.167      0.001     6.4561    111.977     36.764  36.703421     4.4245     14.992   222.2613 2.1459e+02     7.8717      0.164      0.238    24.9168   997.0869 0.0000e+00
      0.167      0.001     6.4708    111.944     36.699  36.638287     4.4658     14.993   222.2179 2.1487e+02     8.0585      0.164      0.238    24.9158   997.0872 0.0000e+00
      0.168      0.001     6.4828    111.896     36.659  36.598215     4.5160     14.993   222.4175 2.1424e+02     8.3395      0.164      0.239    24.9145   997.0876 0.0000e+00
      0.168      0.001     6.4856    111.821     36.660  36.599671     4.5352     14.993   222.7824 2.1350e+02     8.4883      0.165      0.239    24.9131   997.0879 0.0000e+00
      0.168      0.000     6.4849    111.717     36.652  36.592433     4.5360     14.994   222.9293 2.1355e+02     8.4848      0.165      0.239    24.9117   997.0882 0.0000e+00
      0.168 1.8628e-08     6.4826    111.596     36.632  36.574159     4.5730     14.994   222.8173 2.1435e+02     8.4689      0.165      0.239    24.9108   997.0884 0.0000e+00
      0.168 2.0490e-07     6.4803    111.431     36.627  36.569107     4.6395     14.994   222.6323 2.1476e+02     8.4674      0.164      0.238    24.9107   997.0885 0.0000e+00
      0.168 2.0490e-07     6.4761    111.186     36.652  36.594809     4.6735     14.995   222.4138 2.1459e+02     8.5009      0.165      0.239    24.9115   997.0883 0.0000e+00
      0.168 1.8627e-08     6.4690    110.854     36.687  36.631087     4.6783     14.995   221.8959 2.1459e+02     8.5304      0.164      0.239    24.9130   997.0879 0.0000e+00
      0.168 1.6934e-09     6.4626    110.433     36.682  36.626981     4.7164     14.994   221.0167 2.1449e+02     8.4473      0.165      0.240    24.9148   997.0874 0.0000e+00
      0.168 1.5395e-10     6.4542    109.956     36.663  36.608625     4.7817     14.993   220.2142 2.1465e+02     8.2513      0.165      0.239    24.9164   997.0870 0.0000e+00
      0.168 1.3995e-11     6.4391    109.463     36.653  36.599522     4.8092     14.993   219.8514 2.1445e+02     8.0831      0.165      0.239    24.9177   997.0867 0.0000e+00
      0.168 1.2723e-12     6.4208    108.954     36.633  36.580381     4.8008     14.993   220.0714 2.1400e+02     8.0270      0.165      0.240    24.9187   997.0865 0.0000e+00
      0.168 1.1566e-13     6.3953    108.420     36.620  36.567566     4.7957     14.993   220.5524 2.1429e+02     8.0539      0.165      0.240    24.9194   997.0863 0.0000e+00
      0.168 1.0515e-14     6.3659    107.825     36.623  36.571497     4.7856     14.992   220.5038 2.1467e+02     8.2706      0.164      0.238    24.9201   997.0861 0.0000e+00
      0.168 9.5590e-16     6.3384    107.164     36.615  36.564454     4.7636     14.992   219.9135 2.1441e+02     8.6566      0.164      0.239    24.9208   997.0859 0.0000e+00
      0.168 8.6900e-17     6.3080    106.470     36.596  36.545878     4.7486     14.992   219.4378 2.1374e+02     8.8410      0.165      0.239    24.9215   997.0857 0.0000e+00
      0.168 7.9001e-18     6.2786    105.755     36.587  36.537264     4.7383     14.992   219.1404 2.1348e+02     8.7828      0.164      0.239    24.9224   997.0855 0.0000e+00
      0.168 7.1883e-19     6.2442    105.022     36.573  36.523774     4.7252     14.992   218.8993 2.1363e+02     8.6403      0.165      0.240    24.9236   997.0852 0.0000e+00
      0.168 7.2250e-20     6.2043    104.281     36.558  36.509686     4.7046     14.992   218.8454 2.1385e+02     8.4573      0.164      0.239    24.9247   997.0849 0.0000e+00
      0.168 8.2500e-20     6.1642    103.528     36.541  36.493846     4.6796     14.992   219.0051 2.1407e+02     8.3557      0.164      0.239    24.9258   997.0846 0.0000e+00
      0.168 8.4274e-19     6.1226    102.767     36.506  36.459168     4.6715     14.992   219.2815 2.1356e+02     8.3040      0.164      0.238    24.9269   997.0843 0.0000e+00
      0.168 9.2643e-18     6.0798    102.033     36.517  36.471156     4.6635     14.992   219.6062 2.1329e+02     8.3467      0.164      0.239    24.9278   997.0841 0.0000e+00
      0.168 1.0191e-16     6.0368    101.379     36.684  36.638792     4.6400     14.992   219.9195 2.1347e+02     8.5967      0.165      0.239    24.9287   997.0838 0.0000e+00
      0.168 1.1210e-15     5.9938    101.311     36.944  36.899554     4.6258     14.993   220.0579 2.1324e+02     8.7867      0.165      0.239    24.9294   997.0836 0.0000e+00
      0.168 1.2331e-14     5.9477    103.093     37.134  37.085614     4.6339     14.994   220.0756 2.1304e+02     8.7903      0.164      0.239    24.9304   997.0833 0.0000e+00
      0.168 1.3564e-13     5.9059    107.511     37.229  37.174991     4.6812     14.994   220.0476 2.1277e+02     8.7090      0.164      0.239    24.9313   997.0831 0.0000e+00
      0.168 1.4920e-12     5.8637    113.833     37.277  37.218667     4.7495     14.995   219.8055 2.1305e+02     8.5931      0.164      0.238    24.9334   997.0827 0.0000e+00
      0.168 1.6412e-11     5.8250    120.772     37.293  37.232928     4.7930     14.995   219.5575 2.1369e+02     8.5560      0.165      0.239    24.9354   997.0822 0.0000e+00
      0.168 1.8053e-10     5.9030    127.367     37.281  37.220492     4.8162     14.995   219.6300 2.1333e+02     8.5693      0.165      0.240    24.9293   997.0839 0.0000e+00
      0.168 1.9859e-09     6.1856    132.977     37.256  37.195225     4.8010     14.993   219.9080 2.1283e+02     8.6854      0.165      0.239    24.9209   997.0860 0.0000e+00
      0.168 2.1845e-08     6.5819    137.237     37.242  37.181276     4.7515     14.993   220.4235 2.1297e+02     8.8959      0.165      0.240    24.9161   997.0873 0.0000e+00
      0.168 2.4029e-07     7.0009    139.890     37.241  37.178761     4.7330     14.993   220.7856 2.1320e+02     8.9857      0.164      0.239    24.9129   997.0880 0.0000e+00
      0.168      0.000     7.3972    140.832     37.229  37.164810     4.7491     14.994   220.4150 2.1343e+02     9.0157      0.165      0.239    24.9130   997.0881 0.0000e+00
      0.168      0.000     7.7272    140.406     37.206  37.139518     4.7548     14.994   219.9002 2.1320e+02     9.0535      0.165      0.239    24.9139   997.0879 0.0000e+00
      0.168      0.000     7.9789    139.280     37.195  37.126796     4.7268     14.994   219.6382 2.1245e+02     9.0304      0.165      0.239    24.9133   997.0879 0.0000e+00
      0.168      0.004     8.1383    138.026     37.209  37.137896     4.6870     14.994   218.8818 2.1233e+02     8.9772      0.164      0.239    24.9105   997.0886 0.0000e+00
      0.169      0.014     8.1852    136.917     37.220  37.146813     4.6644     14.994   217.4654 2.1260e+02     8.9588      0.165      0.240    24.9073   997.0895 0.0000e+00
      0.169      0.031     8.1447    136.021     37.182  37.107688     4.6627     14.994   216.4510 2.1242e+02     9.0145      0.165      0.240    24.9051   997.0901 0.0000e+00
      0.170      0.048     8.0674    135.319     37.122  37.045600     4.6472     14.994   215.9945 2.1147e+02     9.0665      0.165      0.240    24.9019   997.0909 0.0000e+00
      0.180      0.058     7.9908    134.733     37.110  37.030715     4.5917     14.996   215.4739 2.0103e+02     9.0377      0.165      0.240    24.8979   997.0919 0.0000e+00
      0.210      0.063     7.9269    134.247     37.136  37.054633     4.5454     14.997   215.1474 1.8277e+02     9.0095      0.199      0.289    24.8953   997.0927 0.0000e+00
      0.247      0.061     7.8741    133.880     37.163  37.080941     4.5262     14.996   215.0570 1.7299e+02     9.0008      0.255      0.369    24.8943   997.0932 0.0000e+00
      0.266      0.053     7.8376    133.630     37.177  37.094965     4.4928     14.995   214.9835 1.7160e+02     8.7604      0.267      0.386    24.8913   997.0940 0.0000e+00
      0.268      0.043     7.8037    133.465     37.177  37.097273     4.4472     14.995   214.9467 1.7250e+02     8.3346      0.262      0.380    24.8864   997.0953 0.0000e+00
      0.268      0.029     7.7752    133.331     37.187  37.108839     4.4222     14.994   214.7845 1.7336e+02     8.1101      0.264      0.382    24.8829   997.0962 0.0000e+00
      0.268      0.019     7.7547    133.215     37.185  37.107895     4.4093     14.994   214.8300 1.7234e+02     8.0711      0.262      0.381    24.8825   997.0963 0.0000e+00
      0.273      0.017     7.7396    133.107     37.163  37.085857     4.3775     14.995   214.8935 1.6913e+02     8.1042      0.265      0.385    24.8844   997.0958 0.0000e+00
      0.283      0.020     7.7323    132.987     37.174  37.096232     4.3440     14.995   214.3480 1.6498e+02     8.2356      0.279      0.404    24.8867   997.0952 0.0000e+00
      0.292      0.024     7.7236    132.854     37.185  37.106409     4.3469     14.995   213.9126 1.6366e+02     8.3553      0.290      0.420    24.8889   997.0947 0.0000e+00
      0.294      0.026     7.7169    132.716     37.161  37.081990     4.3653     14.995   214.0180 1.6393e+02     8.3497      0.289      0.418    24.8904   997.0944 0.0000e+00
      0.297      0.026     7.7114    132.596     37.134  37.054821     4.3943     14.994   213.9873 1.6091e+02     8.2362      0.289      0.419    24.8913   997.0942 0.0000e+00
      0.307      0.023     7.7041    132.521     37.110  37.031753     4.4501     14.994   213.7992 1.5627e+02     8.1507      0.300      0.434    24.8909   997.0943 0.0000e+00
      0.318      0.023     7.6968    132.528     37.134  37.056919     4.4862     14.994   213.8082 1.5472e+02     8.1393      0.315      0.457    24.8895   997.0947 0.0000e+00
      0.324      0.026     7.6881    132.602     37.182  37.105265     4.4872     14.994   213.7527 1.5459e+02     8.1332      0.320      0.462    24.8883   997.0950 0.0000e+00
      0.325      0.029     7.6809    132.682     37.186  37.108613     4.4821     14.995   213.8170 1.5392e+02     8.1115      0.319      0.463    24.8880   997.0951 0.0000e+00
      0.328      0.030     7.6753    132.742     37.176  37.097389     4.5008     14.995   214.3272 1.5176e+02     8.1514      0.319      0.463    24.8883   997.0950 0.0000e+00
      0.338      0.031     7.6756    132.771     37.176  37.096481     4.5604     14.995   214.6732 1.4744e+02     8.2722      0.329      0.476    24.8893   997.0948 0.0000e+00
      0.353      0.032     7.6819    132.773     37.178  37.097637     4.6116     14.994   214.4736 1.4377e+02     8.3362      0.348      0.505    24.8913   997.0944 0.0000e+00
      0.363      0.035     7.6867    132.827     37.192  37.111360     4.6239     14.994   214.2357 1.4202e+02     8.3412      0.357      0.518    24.8911   997.0945 0.0000e+00
      0.369      0.038     7.6902    132.939     37.217  37.135486     4.6333     14.994   214.7230 1.4072e+02     8.3677      0.362      0.524    24.8890   997.0951 0.0000e+00
      0.374      0.042     7.6935    133.017     37.218  37.135497     4.6479     14.994   215.1165 1.3926e+02     8.4501      0.369      0.533    24.8873   997.0956 0.0000e+00
      0.381      0.045     7.6905    133.033     37.195  37.111487     4.6664     14.994   214.6065 1.3685e+02     8.5481      0.372      0.540    24.8857   997.0959 0.0000e+00
      0.393      0.050     7.6932    133.018     37.184  37.099035     4.6857     14.995   214.4921 1.3216e+02     8.5566      0.382      0.553    24.8855   997.0960 0.0000e+00
      0.413      0.054     7.7037    133.016     37.198  37.111852     4.6812     14.995   214.8516 1.2693e+02     8.5186      0.406      0.588    24.8853   997.0962 0.0000e+00
      0.433      0.057     7.7077    133.029     37.227  37.139536     4.6503     14.995   214.8239 1.2367e+02     8.5004      0.429      0.623    24.8838   997.0967 0.0000e+00
      0.446      0.058     7.7088    133.004     37.269  37.179920     4.6176     14.994   215.0172 1.2118e+02     8.5085      0.437      0.634    24.8822   997.0971 0.0000e+00
      0.457      0.061     7.7065    132.950     37.309  37.219359     4.6100     14.994   215.6401 1.1818e+02     8.5815      0.447      0.648    24.8801   997.0977 0.0000e+00
      0.470      0.065     7.7066    132.941     37.326  37.235617     4.6152     14.995   215.9026 1.1552e+02     8.8345      0.463      0.672    24.8785   997.0982 0.0000e+00
      0.483      0.073     7.7094    132.998     37.341  37.249567     4.6146     14.995   215.9533 1.1216e+02     9.2320      0.472      0.684    24.8767   997.0987 0.0000e+00
      0.502      0.086     7.7085    133.126     37.290  37.197637     4.6121     14.994   216.4257 1.0696e+02     9.4742      0.488      0.708    24.8750   997.0992 0.0000e+00
      0.528      0.098     7.7022    133.245     37.146  37.051964     4.6040     14.994   216.7105 1.0153e+02     9.4970      0.519      0.752    24.8740   997.0996 0.0000e+00
      0.555      0.106     7.7030    133.236     37.050  36.947852     4.6118     14.995   216.2128 9.6345e+01     9.3700      0.544      0.788    24.8724   997.1001 0.0000e+00
      0.586      0.106     7.7055    133.157     37.006  36.890718     4.6393     14.995   215.6565 9.0097e+01     9.1405      0.571      0.828    24.8711   997.1006 0.0000e+00
      0.623      0.100     7.7137    133.078     36.931  36.805368     4.6504     14.995   215.6628 8.4000e+01     8.9878      0.613      0.890    24.8708   997.1009 0.0000e+00
      0.654      0.092     7.7267    132.974     36.811  36.677399     4.6512     14.996   216.1174 8.0753e+01     8.9323      0.649      0.942    24.8711   997.1009 0.0000e+00
      0.670      0.083     7.7233    132.779     36.632  36.485716     4.6477     14.997   216.5933 7.9561e+01     8.7788      0.660      0.958    24.8590   997.1040 0.0000e+00
      0.680      0.077     7.7211    132.460     36.440  36.264589     4.6376     14.999   216.8560 7.7821e+01     8.5039      0.663      0.962    24.8373   997.1096 0.0000e+00
      0.695      0.075     7.7190    132.000     36.329  36.097858     4.6334     15.000   216.9708 7.5091e+01     8.3211      0.679      0.985    24.8229   997.1132 0.0000e+00
      0.714      0.080     7.7162    131.350     36.313  35.992699     4.6260     15.003   216.9485 7.2254e+01     8.2511      0.700      1.016    24.8140   997.1155 0.0000e+00
      0.737      0.090     7.7072    130.620     36.382  35.944847     4.6249     15.008   216.9307 6.9032e+01     8.2412      0.718      1.043    24.8040   997.1182 0.0000e+00
      0.763      0.101     7.6933    130.227     36.523  35.963318     4.6963     15.012   217.1005 6.5487e+01     8.5102      0.748      1.085    24.7643   997.1283 0.0000e+00
      0.790      0.109     7.6792    130.525     36.630  35.962025     4.8213     15.016   217.2805 6.2402e+01     8.9981      0.776      1.126    24.6938   997.1463 0.0000e+00
      0.818      0.111     7.6582    131.493     36.682  35.929052     4.8780     15.018   217.1287 5.9063e+01     9.2644      0.799      1.159    24.5702   997.1777 0.0000e+00
      0.851      0.108     7.6304    132.998     36.692  35.881811     4.8662     15.021   216.8995 5.5209e+01     9.2575      0.832      1.207    24.3912   997.2228 0.0000e+00
      0.886      0.103     7.6204    134.921     36.613  35.771490     4.8506     15.023   216.9176 5.2183e+01     9.1555      0.873      1.266    24.2222   997.2652 0.0000e+00
