Data/DataNotYetUploadedToEDI/Raw_CTD/RawDownloads/090920_fcr50.cnv
* Sea-Bird SBE19plus  Data File:
* FileName = C:\DATA\090920_fcr50_0001.hex
* Software version 2.8.0.119
* Temperature SN = 7809
* Conductivity SN = 7809
* System UpLoad Time = Sep 09 2020 17:20:40
* <ApplicationData>
* <Seaterm232>
# nquan = 16
# nvalues = 4234                        
# units = specified
# name 0 = depFM: Depth [fresh water, m]
# name 1 = dz/dtM: Descent Rate [m/s]
# name 2 = sbeox0ML/L: Oxygen, SBE 43 [ml/l]
# name 3 = sbeox0PS: Oxygen, SBE 43 [% saturation]
# name 4 = specc: Specific Conductance [uS/cm]
# name 5 = c0uS/cm: Conductivity [uS/cm]
# name 6 = flECO-AFL: Fluorescence, WET Labs ECO-AFL/FL [mg/m^3]
# name 7 = ph: pH
# name 8 = orp: Oxidation Reduction Potential [mV]
# name 9 = par/sat/log: PAR/Logarithmic, Satlantic
# name 10 = turbWETntu0: Turbidity, WET Labs ECO [NTU]
# name 11 = prdM: Pressure, Strain Gauge [db]
# name 12 = prdE: Pressure, Strain Gauge [psi]
# name 13 = tv290C: Temperature [ITS-90, deg C]
# name 14 = density00: Density [density, kg/m^3]
# name 15 = flag:  0.000e+00
# span 0 =     -0.580,      8.778       
# span 1 =     -4.353,      4.239       
# span 2 =    -0.1214,     8.4446       
# span 3 =     -1.788,    142.061       
# span 4 =      0.629,     79.988       
# span 5 =   0.635792,  64.033016       
# span 6 =    -1.0087,    51.4773       
# span 7 =     14.784,     15.416       
# span 8 = -1024.6304,   503.7129       
# span 9 = 1.2342e-01, 1.0212e+03       
# span 10 =    -0.3337,   200.5547      
# span 11 =     -0.569,      8.609      
# span 12 =     -0.826,     12.486      
# span 13 =    12.0575,    25.5385      
# span 14 =   996.9135,   999.5550      
# span 15 = 0.0000e+00, 0.0000e+00      
# interval = seconds: 0.25
# start_time = Sep 09 2020 00:42:23 [Instrument's time stamp, header]
# bad_flag = -9.990e-29
*END*
[from data line 2984]
      8.770 -3.686e-25     2.3406     30.978     54.120  40.117273    -0.3326     15.414   298.6996 1.2374e-01    11.8844      8.600     12.474    12.0604   999.5546 0.0000e+00
      8.770 -3.351e-26     2.3377     30.958     54.074  40.082861    -0.3125     15.415   298.6327 1.2369e-01    11.9331      8.601     12.474    12.0603   999.5547 0.0000e+00
      8.770 -3.046e-27     2.3297     30.954     54.076  40.084159    -0.3106     15.416   298.4641 1.2365e-01    11.8337      8.601     12.474    12.0604   999.5546 0.0000e+00
      8.770 -2.769e-28     2.3325     30.968     54.141  40.132961    -0.3193     15.415   298.4680 1.2366e-01    11.6438      8.601     12.475    12.0605   999.5547 0.0000e+00
      8.770 -2.517e-29     2.3341     30.984     54.185  40.165140    -0.3218     15.414   298.5931 1.2367e-01    11.5604      8.600     12.474    12.0604   999.5547 0.0000e+00
      8.770 -2.289e-30     2.3298     31.010     54.172  40.155875    -0.3218     15.415   298.6862 1.2371e-01    11.5809      8.601     12.474    12.0604   999.5546 0.0000e+00
      8.770 -2.080e-31     2.3303     31.030     54.161  40.147877    -0.3289     15.415   298.6472 1.2379e-01    11.5819      8.600     12.473    12.0605   999.5546 0.0000e+00
      8.770 -1.891e-32     2.3322     31.041     54.140  40.131917    -0.3219     15.415   298.5527 1.2384e-01    11.5386      8.601     12.474    12.0606   999.5546 0.0000e+00
      8.770 -1.719e-33     2.3321     31.056     54.083  40.089852    -0.2949     15.414   298.4897 1.2381e-01    11.5035      8.601     12.474    12.0606   999.5547 0.0000e+00
      8.771 -1.563e-34     2.3353     31.078     54.074  40.083586    -0.2684     15.414   298.4014 1.2377e-01    11.5347      8.601     12.475    12.0606   999.5547 0.0000e+00
      8.771 -1.421e-35     2.3370     31.108     54.123  40.119623    -0.2505     15.414   298.3451 1.2376e-01    11.6077      8.601     12.475    12.0606   999.5547 0.0000e+00
      8.771 -1.292e-36     2.3365     31.134     54.157  40.144735    -0.2789     15.414   298.4972 1.2376e-01    11.6307      8.601     12.475    12.0605   999.5547 0.0000e+00
      8.771 -1.174e-37     2.3385     31.152     54.142  40.133317    -0.3539     15.414   298.7777 1.2371e-01    11.6062      8.601     12.474    12.0605   999.5546 0.0000e+00
      8.771 -1.068e-38     2.3393     31.151     54.108  40.108518    -0.4034     15.414   298.8975 1.2370e-01    11.5871      8.601     12.475    12.0606   999.5546 0.0000e+00
      8.771 -9.705e-40     2.3429     31.124     54.095  40.098788    -0.4004     15.414   298.8279 1.2377e-01    11.6054      8.601     12.475    12.0604   999.5547 0.0000e+00
      8.771 -8.825e-41     2.3443     31.087     54.069  40.079138    -0.3659     15.414   298.7100 1.2378e-01    11.6210      8.601     12.475    12.0604   999.5547 0.0000e+00
      8.770 -8.020e-42     2.3460     31.063     54.044  40.061344    -0.3391     15.414   298.5909 1.2375e-01    11.5703      8.601     12.473    12.0604   999.5547 0.0000e+00
      8.770 -7.290e-43     2.3467     31.081     54.061  40.074071    -0.3340     15.414   298.7646 1.2373e-01    11.5417      8.600     12.474    12.0604   999.5546 0.0000e+00
      8.770 -6.630e-44     2.3434     31.116     54.105  40.106070    -0.3330     15.414   299.0889 1.2366e-01    11.5494      8.601     12.475    12.0604   999.5547 0.0000e+00
      8.770 -6.025e-45     2.3411     31.132     54.139  40.130878    -0.3458     15.414   299.0706 1.2361e-01    11.6298      8.601     12.474    12.0605   999.5546 0.0000e+00
      8.770 -5.480e-46     2.3369     31.146     54.124  40.120123    -0.3649     15.414   298.9726 1.2361e-01    11.7917      8.601     12.474    12.0604   999.5546 0.0000e+00
      8.770 -4.980e-47     2.3397     31.162     54.101  40.102984    -0.3734     15.414   298.9367 1.2361e-01    11.8257      8.601     12.474    12.0603   999.5546 0.0000e+00
      8.770 -4.531e-48     2.3443     31.168     54.116  40.114066    -0.3815     15.414   298.8954 1.2363e-01    11.7660      8.601     12.475    12.0604   999.5547 0.0000e+00
      8.770 -4.513e-49     2.3439     31.173     54.133  40.127172    -0.3770     15.414   299.0753 1.2371e-01    11.7908      8.601     12.474    12.0603   999.5547 0.0000e+00
      8.771 -4.747e-49     2.3448     31.172     54.143  40.134508    -0.3478     15.414   299.3056 1.2378e-01    11.8508      8.601     12.475    12.0604   999.5547 0.0000e+00
      8.771 -4.813e-48     2.3471     31.155     54.150  40.139293    -0.3149     15.414   299.2704 1.2379e-01    11.8736      8.601     12.475    12.0603   999.5547 0.0000e+00
      8.771 -5.291e-47     2.3467     31.135     54.126  40.121552    -0.3124     15.414   299.1659 1.2372e-01    11.8602      8.601     12.475    12.0603   999.5547 0.0000e+00
      8.771 -5.820e-46     2.3472     31.101     54.111  40.110419    -0.3373     15.414   299.2463 1.2362e-01    11.7912      8.601     12.474    12.0601   999.5547 0.0000e+00
      8.770 -6.402e-45     2.3484     31.058     54.139  40.131632    -0.3487     15.414   299.3828 1.2359e-01    11.6925      8.600     12.473    12.0602   999.5547 0.0000e+00
      8.770 -7.042e-44     2.3450     31.034     54.129  40.124140    -0.3361     15.414   299.4395 1.2359e-01    11.6283      8.601     12.474    12.0602   999.5547 0.0000e+00
      8.770 -7.746e-43     2.3451     31.028     54.074  40.083315    -0.3183     15.415   299.5013 1.2357e-01    11.5979      8.601     12.474    12.0604   999.5547 0.0000e+00
      8.770 -8.521e-42     2.3423     31.020     54.073  40.082327    -0.3147     15.415   299.5275 1.2360e-01    11.5658      8.601     12.475    12.0603   999.5547 0.0000e+00
      8.770 -9.373e-41     2.3375     31.007     54.114  40.112190    -0.3210     15.414   299.4130 1.2367e-01    11.5835      8.601     12.474    12.0601   999.5547 0.0000e+00
      8.771 -1.031e-39     2.3364     30.980     54.134  40.127026    -0.3279     15.414   299.3214 1.2369e-01    11.6748      8.601     12.475    12.0603   999.5547 0.0000e+00
      8.771 -1.134e-38     2.3366     30.949     54.144  40.134758    -0.3304     15.414   299.3663 1.2365e-01    11.7762      8.601     12.475    12.0602   999.5547 0.0000e+00
      8.771 -1.248e-37     2.3356     30.953     54.154  40.142206    -0.3231     15.414   299.5256 1.2361e-01    11.8485      8.601     12.475    12.0601   999.5547 0.0000e+00
      8.771 -1.372e-36     2.3351     30.978     54.169  40.153615    -0.3157     15.414   299.6982 1.2357e-01    11.8279      8.601     12.474    12.0602   999.5547 0.0000e+00
      8.771 -1.510e-35     2.3333     30.980     54.158  40.145751    -0.3168     15.414   299.7328 1.2359e-01    11.8016      8.601     12.475    12.0601   999.5547 0.0000e+00
      8.770 -1.660e-34     2.3288     30.965     54.111  40.110596    -0.3270     15.414   299.5136 1.2368e-01    11.8396      8.601     12.474    12.0603   999.5547 0.0000e+00
      8.770 -1.827e-33     2.3296     30.947     54.109  40.109391    -0.3249     15.414   299.1988 1.2371e-01    11.8415      8.601     12.474    12.0602   999.5547 0.0000e+00
      8.770 -2.009e-32     2.3340     30.931     54.139  40.131189    -0.3294     15.414   299.1959 1.2367e-01    11.7559      8.601     12.475    12.0601   999.5547 0.0000e+00
      8.770 -2.210e-31     2.3331     30.954     54.124  40.120264    -0.3725     15.414   299.3926 1.2367e-01    11.6289      8.601     12.474    12.0603   999.5547 0.0000e+00
      8.770 -2.431e-30     2.3311     30.996     54.102  40.104244    -0.4068     15.415   299.4263 1.2368e-01    11.6095      8.601     12.474    12.0604   999.5546 0.0000e+00
      8.770 -2.674e-29     2.3310     31.012     54.134  40.127900    -0.4101     15.415   299.2595 1.2370e-01    11.6246      8.601     12.474    12.0604   999.5547 0.0000e+00
      8.770 -2.942e-28     2.3271     31.025     54.167  40.152404    -0.4034     15.415   299.0960 1.2372e-01    11.5708      8.600     12.474    12.0603   999.5547 0.0000e+00
      8.770 -3.236e-27     2.3297     31.057     54.160  40.146630    -0.3927     15.415   299.0844 1.2373e-01    11.5434      8.601     12.474    12.0603   999.5547 0.0000e+00
      8.770 -3.559e-26     2.3356     31.077     54.126  40.121555    -0.3859     15.415   299.1192 1.2375e-01    11.5342      8.600     12.473    12.0603   999.5546 0.0000e+00
      8.770 -3.915e-25     2.3352     31.078     54.101  40.103113    -0.3879     15.414   299.2591 1.2373e-01    11.5279      8.601     12.474    12.0603   999.5547 0.0000e+00
      8.770 -4.307e-24     2.3348     31.065     54.116  40.114078    -0.3884     15.414   299.3985 1.2370e-01    11.5695      8.601     12.475    12.0604   999.5547 0.0000e+00
      8.770 -4.738e-23     2.3392     31.042     54.133  40.127188    -0.3532     15.415   299.2559 1.2370e-01    11.6253      8.601     12.474    12.0604   999.5547 0.0000e+00
      8.770 -5.211e-22     2.3406     31.037     54.143  40.134668    -0.2873     15.415   299.0838 1.2370e-01    11.6187      8.600     12.473    12.0606   999.5547 0.0000e+00
      8.770 -5.732e-21     2.3399     31.050     54.152  40.141053    -0.2584     15.415   299.1249 1.2370e-01    11.5583      8.601     12.474    12.0605   999.5546 0.0000e+00
      8.770 -6.306e-20     2.3400     31.061     54.152  40.140910    -0.2708     15.415   299.2372 1.2365e-01    11.5477      8.601     12.474    12.0604   999.5547 0.0000e+00
      8.770 -6.936e-19     2.3363     31.076     54.141  40.132935    -0.2757     15.415   299.3229 1.2360e-01    11.5936      8.601     12.474    12.0605   999.5547 0.0000e+00
      8.770 -7.630e-18     2.3364     31.117     54.108  40.108114    -0.2701     15.415   299.3867 1.2360e-01    11.5989      8.601     12.474    12.0606   999.5546 0.0000e+00
      8.770 -8.393e-17     2.3383     31.164     54.089  40.094687    -0.2597     15.415   299.3192 1.2365e-01    11.5775      8.601     12.474    12.0606   999.5547 0.0000e+00
      8.770 -9.232e-16     2.3390     31.177     54.093  40.097529    -0.2549     15.415   299.1952 1.2370e-01    11.5748      8.600     12.473    12.0605   999.5547 0.0000e+00
      8.770 -1.016e-14     2.3386     31.168     54.068  40.079005    -0.2884     15.414   299.0917 1.2371e-01    11.7375      8.600     12.474    12.0606   999.5546 0.0000e+00
      8.770 -1.117e-13     2.3427     31.181     54.044  40.061138    -0.3401     15.413   299.0150 1.2370e-01    12.0687      8.600     12.474    12.0605   999.5546 0.0000e+00
      8.770 -1.229e-12     2.3478     31.201     54.058  40.071912    -0.3654     15.414   299.2149 1.2366e-01    12.2495      8.600     12.474    12.0606   999.5546 0.0000e+00
      8.770 -1.352e-11     2.3486     31.199     54.073  40.082322    -0.3756     15.414   299.4426 1.2363e-01    12.2748      8.600     12.473    12.0606   999.5546 0.0000e+00
      8.770 -1.487e-10     2.3457     31.202     54.043  40.060071    -0.3584     15.413   299.3597 1.2364e-01    12.2378      8.600     12.473    12.0606   999.5546 0.0000e+00
      8.770 -1.636e-09     2.3470     31.187     54.038  40.056763    -0.3000     15.413   299.2448 1.2363e-01    12.1110      8.600     12.473    12.0606   999.5546 0.0000e+00
      8.770 -1.799e-08     2.3515     31.162     54.104  40.105799    -0.2515     15.414   299.2578 1.2361e-01    12.0462      8.601     12.475    12.0606   999.5546 0.0000e+00
      8.769 -1.979e-07     2.3473     31.172     54.157  40.145181    -0.2393     15.414   299.4310 1.2363e-01    12.0724      8.600     12.474    12.0608   999.5546 0.0000e+00
      8.769     -0.000     2.3506     31.170     54.167  40.152087    -0.2670     15.414   299.7050 1.2364e-01    11.9470      8.600     12.473    12.0607   999.5546 0.0000e+00
      8.770     -0.000     2.3493     31.132     54.132  40.125828    -0.3196     15.414   299.7301 1.2364e-01    11.6628      8.600     12.473    12.0605   999.5546 0.0000e+00
      8.770     -0.000     2.3438     31.105     54.072  40.081579    -0.3415     15.413   299.5628 1.2365e-01    11.5543      8.601     12.474    12.0604   999.5547 0.0000e+00
      8.770     -0.003     2.3482     31.100     54.045  40.061380    -0.3300     15.413   299.4895 1.2371e-01    11.6312      8.600     12.473    12.0604   999.5547 0.0000e+00
      8.770     -0.032     2.3485     31.091     54.060  40.072029    -0.3240     15.414   299.6182 1.2378e-01    11.7345      8.601     12.474    12.0604   999.5547 0.0000e+00
      8.770     -0.351     2.3434     31.087     54.075  40.083394    -0.3255     15.415   299.8275 1.2378e-01    11.8072      8.600     12.475    12.0604   999.5547 0.0000e+00
      8.770     -3.857     2.3407     31.080     54.059  40.071847    -0.3290     15.415   299.8693 1.2370e-01    11.7902      8.600     12.473    12.0601   999.5547 0.0000e+00
      8.770     -3.857     2.3428     31.070     54.043  40.059362    -0.3287     15.414   299.8662 1.2363e-01    11.8032      8.600     12.473    12.0599   999.5547 0.0000e+00
      8.770     -0.351     2.3403     31.093     54.043  40.059376    -0.3124     15.414   299.8753 1.2363e-01    11.8608      8.600     12.473    12.0600   999.5547 0.0000e+00
      8.770     -0.032     2.3408     31.123     54.060  40.072019    -0.3038     15.414   299.8939 1.2364e-01    11.8687      8.600     12.473    12.0598   999.5547 0.0000e+00
      8.770     -0.003     2.3414     31.115     54.079  40.085281    -0.3104     15.415   300.0044 1.2361e-01    11.8302      8.600     12.474    12.0597   999.5547 0.0000e+00
      8.770     -0.000     2.3375     31.098     54.089  40.092782    -0.3160     15.415   300.0928 1.2361e-01    11.7728      8.600     12.473    12.0597   999.5547 0.0000e+00
      8.770     -0.000     2.3412     31.111     54.098  40.099238    -0.3242     15.415   300.1027 1.2361e-01    11.7928      8.600     12.474    12.0595   999.5547 0.0000e+00
      8.770     -0.000     2.3452     31.133     54.098  40.099867    -0.3244     15.415   300.0387 1.2364e-01    11.7974      8.600     12.473    12.0595   999.5547 0.0000e+00
      8.770 -1.979e-07     2.3433     31.128     54.099  40.100389    -0.3274     15.415   300.0070 1.2371e-01    11.6573      8.600     12.474    12.0593   999.5548 0.0000e+00
      8.770 -1.799e-08     2.3401     31.122     54.106  40.105544    -0.3414     15.415   300.0637 1.2371e-01    11.5401      8.600     12.474    12.0592   999.5548 0.0000e+00
      8.770 -1.636e-09     2.3421     31.149     54.097  40.098726    -0.3419     15.415   300.1222 1.2367e-01    11.5137      8.600     12.473    12.0590   999.5548 0.0000e+00
      8.770 -1.487e-10     2.3460     31.203     54.074  40.081424    -0.3041     15.415   300.1119 1.2367e-01    11.5781      8.600     12.473    12.0589   999.5548 0.0000e+00
      8.770 -1.352e-11     2.3437     31.249     54.081  40.086761    -0.2465     15.415   300.1108 1.2369e-01    11.7352      8.600     12.473    12.0591   999.5548 0.0000e+00
      8.770 -1.229e-12     2.3421     31.264     54.099  40.099781    -0.2266     15.415   300.1958 1.2369e-01    11.7998      8.600     12.473    12.0589   999.5548 0.0000e+00
      8.770 -1.117e-13     2.3448     31.261     54.116  40.111902    -0.2354     15.415   300.1066 1.2367e-01    11.7413      8.600     12.474    12.0587   999.5549 0.0000e+00
      8.770 -1.015e-14     2.3495     31.237     54.108  40.106373    -0.2389     15.415   299.8922 1.2359e-01    11.6803      8.600     12.473    12.0587   999.5548 0.0000e+00
      8.770 -9.230e-16     2.3544     31.209     54.094  40.096411    -0.2404     15.415   299.9268 1.2354e-01    11.6449      8.600     12.473    12.0588   999.5548 0.0000e+00
      8.770 -8.395e-17     2.3540     31.203     54.124  40.118390    -0.2444     15.415   300.0946 1.2359e-01    11.6231      8.600     12.473    12.0586   999.5548 0.0000e+00
