Data/DataNotYetUploadedToEDI/Raw_CTD/RawDownloads/090920_fcr50.cnv
* Sea-Bird SBE19plus  Data File:
* FileName = C:\DATA\090920_fcr50_0001.hex
* Software version 2.8.0.119
* Temperature SN = 7809
* Conductivity SN = 7809
* System UpLoad Time = Sep 09 2020 17:20:40
* <ApplicationData>
* <Seaterm232>
# nquan = 16
# nvalues = 4234                        
# units = specified
# name 0 = depFM: Depth [fresh water, m]
# name 1 = dz/dtM: Descent Rate [m/s]
# name 2 = sbeox0ML/L: Oxygen, SBE 43 [ml/l]
# name 3 = sbeox0PS: Oxygen, SBE 43 [% saturation]
# name 4 = specc: Specific Conductance [uS/cm]
# name 5 = c0uS/cm: Conductivity [uS/cm]
# name 6 = flECO-AFL: Fluorescence, WET Labs ECO-AFL/FL [mg/m^3]
# name 7 = ph: pH
# name 8 = orp: Oxidation Reduction Potential [mV]
# name 9 = par/sat/log: PAR/Logarithmic, Satlantic
# name 10 = turbWETntu0: Turbidity, WET Labs ECO [NTU]
# name 11 = prdM: Pressure, Strain Gauge [db]
# name 12 = prdE: Pressure, Strain Gauge [psi]
# name 13 = tv290C: Temperature [ITS-90, deg C]
# name 14 = density00: Density [density, kg/m^3]
# name 15 = flag:  0.000e+00
# span 0 =     -0.580,      8.778       
# span 1 =     -4.353,      4.239       
# span 2 =    -0.1214,     8.4446       
# span 3 =     -1.788,    142.061       
# span 4 =      0.629,     79.988       
# span 5 =   0.635792,  64.033016       
# span 6 =    -1.0087,    51.4773       
# span 7 =     14.784,     15.416       
# span 8 = -1024.6304,   503.7129       
# span 9 = 1.2342e-01, 1.0212e+03       
# span 10 =    -0.3337,   200.5547      
# span 11 =     -0.569,      8.609      
# span 12 =     -0.826,     12.486      
# span 13 =    12.0575,    25.5385      
# span 14 =   996.9135,   999.5550      
# span 15 = 0.0000e+00, 0.0000e+00      
# interval = seconds: 0.25
# start_time = Sep 09 2020 00:42:23 [Instrument's time stamp, header]
# bad_flag = -9.990e-29
*END*
[from data line 2532]
      8.778 -1.980e-49     2.3327     31.071     54.198  40.179246    -0.2764     15.413   294.6055 1.2365e-01    11.5007      8.608     12.485    12.0640   999.5543 0.0000e+00
      8.778 -2.083e-49     2.3346     31.083     54.173  40.160986    -0.2696     15.414   294.7371 1.2367e-01    11.5514      8.608     12.485    12.0641   999.5543 0.0000e+00
      8.778 -2.112e-48     2.3357     31.070     54.127  40.126989    -0.2816     15.414   294.6290 1.2366e-01    11.5898      8.608     12.485    12.0641   999.5543 0.0000e+00
      8.778 -2.322e-47     2.3341     31.072     54.157  40.149039    -0.3368     15.413   294.3304 1.2363e-01    11.6213      8.608     12.485    12.0641   999.5543 0.0000e+00
      8.778 -2.554e-46     2.3413     31.071     54.191  40.173699    -0.3741     15.413   294.2242 1.2362e-01    11.5897      8.608     12.485    12.0640   999.5543 0.0000e+00
      8.778 -2.810e-45     2.3411     31.042     54.188  40.171253    -0.3801     15.413   294.3768 1.2366e-01    11.5505      8.608     12.485    12.0641   999.5543 0.0000e+00
      8.778 -3.091e-44     2.3381     31.008     54.204  40.182941    -0.3799     15.413   294.6277 1.2370e-01    11.6278      8.608     12.485    12.0640   999.5543 0.0000e+00
      8.778 -3.400e-43     2.3393     30.987     54.211  40.188063    -0.3719     15.413   294.6760 1.2370e-01    11.7685      8.608     12.485    12.0641   999.5543 0.0000e+00
      8.778 -3.740e-42     2.3409     30.992     54.186  40.169710    -0.3691     15.413   294.4450 1.2367e-01    11.8443      8.608     12.485    12.0640   999.5543 0.0000e+00
      8.778 -4.114e-41     2.3368     31.025     54.161  40.151459    -0.3851     15.413   294.2440 1.2371e-01    11.8240      8.608     12.485    12.0639   999.5543 0.0000e+00
      8.778 -4.525e-40     2.3344     31.056     54.169  40.157806    -0.3640     15.413   294.2241 1.2378e-01    11.7635      8.608     12.485    12.0640   999.5543 0.0000e+00
      8.778 -4.977e-39     2.3326     31.081     54.203  40.182977    -0.2863     15.413   294.2909 1.2376e-01    11.6956      8.608     12.485    12.0639   999.5543 0.0000e+00
      8.778 -5.475e-38     2.3318     31.114     54.229  40.201913    -0.2373     15.414   294.2766 1.2368e-01    11.6552      8.608     12.485    12.0638   999.5543 0.0000e+00
      8.778 -6.023e-37     2.3367     31.136     54.222  40.196338    -0.2381     15.414   294.2241 1.2365e-01    11.6530      8.608     12.485    12.0638   999.5543 0.0000e+00
      8.778 -6.625e-36     2.3383     31.139     54.199  40.179039    -0.2682     15.413   294.2582 1.2365e-01    11.6340      8.608     12.484    12.0638   999.5543 0.0000e+00
      8.778 -7.287e-35     2.3395     31.132     54.204  40.183178    -0.3061     15.413   294.2584 1.2367e-01    11.5980      8.608     12.485    12.0638   999.5543 0.0000e+00
      8.778 -8.016e-34     2.3430     31.112     54.204  40.182908    -0.3140     15.413   294.2269 1.2368e-01    11.5952      8.608     12.484    12.0638   999.5543 0.0000e+00
      8.778 -8.818e-33     2.3451     31.090     54.194  40.175780    -0.3064     15.413   294.3070 1.2364e-01    11.6002      8.609     12.485    12.0640   999.5543 0.0000e+00
      8.778 -9.699e-32     2.3444     31.085     54.173  40.160467    -0.2901     15.413   294.4528 1.2361e-01    11.5898      8.608     12.486    12.0640   999.5543 0.0000e+00
      8.778 -1.067e-30     2.3445     31.097     54.125  40.124700    -0.2700     15.413   294.5274 1.2363e-01    11.5731      8.608     12.485    12.0640   999.5543 0.0000e+00
      8.778 -1.174e-29     2.3425     31.110     54.124  40.124162    -0.2638     15.413   294.5202 1.2365e-01    11.5698      8.608     12.485    12.0639   999.5543 0.0000e+00
      8.778 -1.291e-28     2.3400     31.115     54.164  40.153971    -0.2529     15.413   294.4526 1.2368e-01    11.5841      8.608     12.485    12.0641   999.5543 0.0000e+00
      8.778 -1.420e-27     2.3399     31.120     54.183  40.167748    -0.2437     15.413   294.3983 1.2373e-01    11.5739      8.608     12.484    12.0640   999.5543 0.0000e+00
      8.778 -1.562e-26     2.3414     31.118     54.177  40.163789    -0.2569     15.414   294.5515 1.2372e-01    11.5494      8.608     12.485    12.0639   999.5543 0.0000e+00
      8.778 -1.718e-25     2.3428     31.097     54.185  40.169572    -0.2693     15.414   294.7556 1.2365e-01    11.5627      8.608     12.485    12.0640   999.5543 0.0000e+00
      8.778 -1.890e-24     2.3423     31.078     54.192  40.174205    -0.2696     15.413   294.7146 1.2360e-01    11.5969      8.609     12.486    12.0639   999.5543 0.0000e+00
      8.778 -2.079e-23     2.3430     31.068     54.168  40.156327    -0.2698     15.413   294.5736 1.2361e-01    11.6199      8.608     12.485    12.0640   999.5543 0.0000e+00
      8.778 -2.287e-22     2.3439     31.048     54.151  40.143833    -0.2823     15.413   294.5128 1.2360e-01    11.6687      8.608     12.484    12.0641   999.5543 0.0000e+00
      8.778 -2.516e-21     2.3410     31.030     54.159  40.150085    -0.3062     15.413   294.6680 1.2360e-01    11.7070      8.608     12.485    12.0641   999.5543 0.0000e+00
      8.778 -2.767e-20     2.3391     31.000     54.183  40.168450    -0.3294     15.413   294.9874 1.2363e-01    11.7054      8.608     12.485    12.0639   999.5543 0.0000e+00
      8.778 -3.044e-19     2.3404     30.970     54.193  40.175464    -0.3436     15.413   295.1053 1.2362e-01    11.7516      8.607     12.484    12.0641   999.5543 0.0000e+00
      8.778 -3.349e-18     2.3366     30.954     54.188  40.171414    -0.3063     15.413   294.9741 1.2363e-01    11.7858      8.608     12.485    12.0640   999.5543 0.0000e+00
      8.778 -3.683e-17     2.3371     30.935     54.204  40.182954    -0.2309     15.413   294.7776 1.2370e-01    11.6724      8.608     12.485    12.0641   999.5543 0.0000e+00
      8.777 -4.052e-16     2.3344     30.925     54.211  40.188053    -0.1952     15.413   294.7082 1.2375e-01    11.5479      8.607     12.484    12.0640   999.5543 0.0000e+00
      8.777 -4.457e-15     2.3302     30.912     54.186  40.169584    -0.1983     15.414   294.9098 1.2375e-01    11.5502      8.607     12.484    12.0638   999.5543 0.0000e+00
      8.777 -4.903e-14     2.3320     30.923     54.159  40.150075    -0.2307     15.414   295.1504 1.2370e-01    11.5973      8.608     12.485    12.0640   999.5543 0.0000e+00
      8.777 -5.393e-13     2.3275     30.992     54.149  40.142583    -0.2812     15.413   295.2086 1.2365e-01    11.6370      8.608     12.485    12.0641   999.5543 0.0000e+00
      8.777 -5.932e-12     2.3292     31.042     54.149  40.142469    -0.3132     15.413   295.2687 1.2364e-01    11.6176      8.607     12.484    12.0640   999.5543 0.0000e+00
      8.777 -6.525e-11     2.3273     31.054     54.157  40.148701    -0.3227     15.413   295.3609 1.2365e-01    11.5354      8.607     12.484    12.0639   999.5543 0.0000e+00
      8.777 -7.178e-10     2.3248     31.086     54.165  40.154466    -0.3195     15.413   295.2905 1.2362e-01    11.5011      8.607     12.484    12.0638   999.5543 0.0000e+00
      8.777 -7.896e-09     2.3349     31.132     54.158  40.148696    -0.3221     15.412   295.1915 1.2359e-01    11.5465      8.608     12.484    12.0637   999.5543 0.0000e+00
      8.777 -8.685e-08     2.3390     31.157     54.150  40.142405    -0.3254     15.412   295.2835 1.2365e-01    11.6030      8.608     12.485    12.0637   999.5543 0.0000e+00
      8.777 -9.554e-07     2.3365     31.172     54.149  40.141885    -0.3306     15.412   295.3696 1.2371e-01    11.6012      8.607     12.484    12.0637   999.5543 0.0000e+00
      8.777     -0.000     2.3399     31.192     54.150  40.142406    -0.3470     15.412   295.2871 1.2370e-01    11.5590      8.607     12.484    12.0635   999.5544 0.0000e+00
      8.777     -0.000     2.3452     31.216     54.158  40.148706    -0.3714     15.412   295.0604 1.2365e-01    11.5388      8.608     12.484    12.0634   999.5544 0.0000e+00
      8.777     -0.001     2.3460     31.226     54.166  40.154581    -0.3971     15.413   294.8654 1.2362e-01    11.5629      8.608     12.484    12.0632   999.5544 0.0000e+00
      8.777     -0.014     2.3470     31.219     54.161  40.149961    -0.3998     15.413   294.9944 1.2359e-01    11.6099      8.608     12.484    12.0632   999.5544 0.0000e+00
      8.777     -0.154     2.3482     31.201     54.170  40.156317    -0.3942     15.413   295.2437 1.2361e-01    11.5927      8.608     12.484    12.0631   999.5544 0.0000e+00
      8.777     -1.692     2.3508     31.171     54.185  40.167962    -0.3869     15.413   295.2987 1.2369e-01    11.5267      8.608     12.484    12.0631   999.5544 0.0000e+00
      8.777     -1.692     2.3516     31.135     54.180  40.163809    -0.3590     15.413   295.0564 1.2370e-01    11.5319      8.607     12.484    12.0629   999.5544 0.0000e+00
      8.777     -0.154     2.3507     31.102     54.188  40.169585    -0.3338     15.413   294.7233 1.2362e-01    11.5878      8.607     12.483    12.0627   999.5544 0.0000e+00
      8.777     -0.014     2.3496     31.084     54.195  40.174329    -0.3206     15.413   294.7127 1.2358e-01    11.6186      8.607     12.484    12.0627   999.5544 0.0000e+00
      8.777     -0.001     2.3470     31.069     54.173  40.157690    -0.3035     15.412   294.9286 1.2362e-01    11.5957      8.607     12.484    12.0626   999.5545 0.0000e+00
      8.777     -0.000     2.3443     31.049     54.174  40.158825    -0.2895     15.412   295.0102 1.2361e-01    11.5516      8.607     12.484    12.0624   999.5545 0.0000e+00
      8.777     -0.000     2.3410     31.042     54.213  40.188054    -0.2845     15.412   294.7528 1.2358e-01    11.5309      8.607     12.484    12.0622   999.5545 0.0000e+00
      8.777 -9.555e-07     2.3403     31.060     54.221  40.193725    -0.2810     15.413   294.4836 1.2359e-01    11.5519      8.607     12.483    12.0622   999.5545 0.0000e+00
      8.777 -8.685e-08     2.3399     31.097     54.180  40.163924    -0.2858     15.413   294.5953 1.2363e-01    11.7360      8.608     12.484    12.0621   999.5545 0.0000e+00
      8.777 -7.895e-09     2.3373     31.127     54.155  40.145090    -0.3045     15.413   294.8119 1.2367e-01    11.9717      8.607     12.483    12.0621   999.5545 0.0000e+00
      8.777 -7.175e-10     2.3365     31.122     54.171  40.156431    -0.3260     15.413   294.9521 1.2372e-01    11.9985      8.607     12.483    12.0620   999.5545 0.0000e+00
      8.777 -6.525e-11     2.3382     31.101     54.195  40.174101    -0.3266     15.413   294.9992 1.2371e-01    11.9574      8.607     12.484    12.0619   999.5546 0.0000e+00
      8.777 -5.930e-12     2.3412     31.079     54.187  40.168316    -0.2638     15.413   294.8656 1.2364e-01    11.9559      8.608     12.484    12.0619   999.5545 0.0000e+00
      8.777 -5.395e-13     2.3455     31.065     54.162  40.149956    -0.1677     15.413   294.7131 1.2361e-01    11.9105      8.608     12.484    12.0618   999.5545 0.0000e+00
      8.777 -4.902e-14     2.3433     31.074     54.152  40.142530    -0.1274     15.413   294.6188 1.2360e-01    11.8548      8.607     12.484    12.0617   999.5546 0.0000e+00
      8.777 -4.457e-15     2.3416     31.072     54.151  40.142010    -0.1292     15.413   294.5856 1.2360e-01    11.7982      8.607     12.484    12.0616   999.5546 0.0000e+00
      8.777 -4.051e-16     2.3405     31.062     54.154  40.143665    -0.1329     15.413   294.6552 1.2360e-01    11.7410      8.607     12.484    12.0616   999.5546 0.0000e+00
      8.777 -3.683e-17     2.3372     31.084     54.179  40.162545    -0.1814     15.414   294.7712 1.2362e-01    11.7469      8.607     12.484    12.0617   999.5546 0.0000e+00
      8.777 -3.348e-18     2.3408     31.125     54.202  40.179856    -0.2679     15.414   294.8706 1.2367e-01    11.8008      8.607     12.484    12.0616   999.5546 0.0000e+00
      8.777 -3.044e-19     2.3401     31.167     54.179  40.162560    -0.3196     15.413   294.8249 1.2367e-01    11.8091      8.607     12.483    12.0616   999.5546 0.0000e+00
      8.777 -2.767e-20     2.3370     31.211     54.154  40.143831    -0.3299     15.413   294.7345 1.2366e-01    11.7781      8.607     12.484    12.0616   999.5546 0.0000e+00
      8.777 -2.516e-21     2.3402     31.230     54.154  40.143831    -0.2883     15.413   294.7247 1.2367e-01    11.7356      8.607     12.484    12.0617   999.5546 0.0000e+00
      8.777 -2.287e-22     2.3438     31.230     54.179  40.162560    -0.2070     15.413   294.7917 1.2369e-01    11.6723      8.608     12.484    12.0616   999.5546 0.0000e+00
      8.777 -2.079e-23     2.3461     31.248     54.202  40.179856    -0.1676     15.413   294.9422 1.2372e-01    11.6313      8.607     12.484    12.0616   999.5546 0.0000e+00
      8.777 -1.890e-24     2.3511     31.260     54.179  40.162539    -0.1834     15.413   294.9959 1.2374e-01    11.6167      8.607     12.484    12.0616   999.5546 0.0000e+00
      8.777 -1.718e-25     2.3525     31.256     54.153  40.143602    -0.2270     15.413   295.0109 1.2371e-01    11.6672      8.608     12.485    12.0616   999.5546 0.0000e+00
      8.777 -1.562e-26     2.3498     31.263     54.150  40.141313    -0.2556     15.413   295.0374 1.2369e-01    11.7968      8.608     12.484    12.0616   999.5546 0.0000e+00
      8.777 -1.420e-27     2.3533     31.270     54.142  40.134863    -0.2435     15.413   295.0584 1.2369e-01    11.8790      8.607     12.484    12.0618   999.5546 0.0000e+00
      8.777 -1.291e-28     2.3546     31.277     54.134  40.129089    -0.2324     15.413   295.1788 1.2364e-01    11.8711      8.607     12.483    12.0619   999.5545 0.0000e+00
      8.777 -1.174e-29     2.3523     31.292     54.142  40.134965    -0.2456     15.412   295.2891 1.2361e-01    11.8383      8.608     12.484    12.0618   999.5545 0.0000e+00
      8.777 -1.067e-30     2.3543     31.274     54.152  40.142442    -0.2603     15.412   295.3593 1.2357e-01    11.8264      8.608     12.483    12.0617   999.5546 0.0000e+00
      8.777 -9.700e-32     2.3546     31.209     54.171  40.156021    -0.2580     15.413   295.3391 1.2359e-01    11.8301      8.607     12.484    12.0617   999.5546 0.0000e+00
      8.777 -8.815e-33     2.3543     31.145     54.193  40.172191    -0.2466     15.413   295.3021 1.2369e-01    11.8489      8.608     12.485    12.0618   999.5545 0.0000e+00
      8.777 -8.015e-34     2.3571     31.101     54.159  40.147541    -0.2743     15.413   295.5154 1.2375e-01    11.8139      8.607     12.484    12.0616   999.5546 0.0000e+00
      8.777 -7.285e-35     2.3568     31.071     54.111  40.111870    -0.3453     15.413   295.6804 1.2371e-01    11.6805      8.607     12.484    12.0616   999.5546 0.0000e+00
      8.777 -6.625e-36     2.3491     31.066     54.124  40.121737    -0.3898     15.413   295.5761 1.2365e-01    11.5741      8.607     12.484    12.0615   999.5546 0.0000e+00
      8.777 -6.020e-37     2.3443     31.072     54.149  40.139893    -0.3919     15.413   295.4595 1.2367e-01    11.5582      8.607     12.484    12.0615   999.5546 0.0000e+00
      8.777 -5.475e-38     2.3419     31.085     54.150  40.140977    -0.3907     15.412   295.3886 1.2371e-01    11.5569      8.607     12.483    12.0616   999.5546 0.0000e+00
      8.778 -4.977e-39     2.3381     31.099     54.142  40.134842    -0.3753     15.412   295.4072 1.2366e-01    11.5585      8.608     12.484    12.0616   999.5545 0.0000e+00
      8.778 -4.525e-40     2.3394     31.093     54.134  40.129190    -0.3389     15.412   295.5128 1.2357e-01    11.6120      8.608     12.485    12.0618   999.5545 0.0000e+00
      8.778 -4.113e-41     2.3391     31.091     54.143  40.136111    -0.3317     15.412   295.5458 1.2358e-01    11.6204      8.608     12.485    12.0618   999.5546 0.0000e+00
