Data/DataNotYetUploadedToEDI/Raw_CTD/RawDownloads/091018_fcr50.cnv
* Sea-Bird SBE19plus  Data File:
* FileName = C:\DATA\091018_fcr_0005.hex
* Software version 2.6.3.104
* Temperature SN = 7809
* Conductivity SN = 7809
* System UpLoad Time = Sep 10 2018 16:58:25
* <ApplicationData>
* <Seaterm232>
# nquan = 17
# nvalues = 1846                        
# units = specified
# name 0 = depFM: Depth [fresh water, m]
# name 1 = tv290C: Temperature [ITS-90, deg C]
# name 2 = sbeox0Mg/L: Oxygen, SBE 43 [mg/l]
# name 3 = sbeox0PS: Oxygen, SBE 43 [% saturation]
# name 4 = c0uS/cm: Conductivity [uS/cm]
# name 5 = specc: Specific Conductance [uS/cm]
# name 6 = ph: pH
# name 7 = orp: Oxidation Reduction Potential [mV]
# name 8 = flECO-AFL: Fluorescence, WET Labs ECO-AFL/FL [mg/m^3]
# name 9 = turbWETntu0: Turbidity, WET Labs ECO [NTU]
# name 10 = sal00: Salinity, Practical [PSU]
# name 11 = dz/dtM: Descent Rate [m/s]
# name 12 = prdM: Pressure, Strain Gauge [db]
# name 13 = prdE: Pressure, Strain Gauge [psi]
# name 14 = scan: Scan Count
# name 15 = par/sat/log: PAR/Logarithmic, Satlantic
# name 16 = flag:  0.000e+00
# span 0 =     -0.578,      9.715       
# span 1 =    12.2393,    24.0225       
# span 2 =     0.0357,     9.2523       
# span 3 =      0.367,    105.954       
# span 4 =  -3.096681, 285.156243       
# span 5 =     -4.855,    383.231       
# span 6 =      6.059,      7.669       
# span 7 =   180.4157,   337.7883       
# span 8 =    -0.2305,    20.6752       
# span 9 =    -0.3049,    46.6124       
# span 10 =     0.0000,     0.1824      
# span 11 =     -0.510,      0.194      
# span 12 =     -0.567,      9.527      
# span 13 =     -0.822,     13.818      
# span 14 =          1,       1846      
# span 15 = 1.2090e-01, 2.8581e+02      
# span 16 = 0.0000e+00, 0.0000e+00      
# interval = seconds: 0.25
# start_time = Sep 10 2018 17:24:46 [Instrument's time stamp, header]
# bad_flag = -9.990e-29
*END*
[from data line 937]
      0.672    23.9609     7.9752     94.618  35.360552     36.111      7.130   223.8380     5.1072     2.0987     0.0238      0.002      0.659      0.956        938 6.9993e+01 0.0000e+00
      0.673    23.9591     7.9723     94.611  35.356520     36.108      7.130   223.8758     4.8767     1.8436     0.0238      0.002      0.656      0.952        939 7.0530e+01 0.0000e+00
      0.665    23.9486     7.9704     94.643  35.307845     36.049      7.128   223.7244     4.8888     1.8302     0.0238     -0.000      0.640      0.928        940 7.2598e+01 0.0000e+00
      0.622    23.9267     7.9685     94.665  35.302496     36.050      7.139   222.7401     4.8645     1.8973     0.0238     -0.013      0.592      0.858        941 8.0828e+01 0.0000e+00
      0.522    23.8936     7.9761     94.782  35.363178     36.115      7.142   221.3015     4.8726     1.9510     0.0238     -0.049      0.503      0.729        942 9.3679e+01 0.0000e+00
      0.395    23.8618     7.9997     95.070  35.350960     36.131      7.135   220.9987     4.7756     1.9242     0.0238     -0.109      0.391      0.567        943 1.0944e+02 0.0000e+00
      0.282    23.8490     8.0345     95.482  35.317709     36.098      7.141   220.3551     4.7756     1.9107     0.0238     -0.179      0.283      0.412        944 1.2065e+02 0.0000e+00
      0.193    23.8515     8.0704     95.907  35.345256     36.180      7.151   220.8473     4.7917     1.8705     0.0238     -0.247      0.188      0.272        945 1.4624e+02 0.0000e+00
      0.097    23.8694     8.1003     96.261  35.376006     36.189      7.150   220.1280     4.7998     1.9779     0.0238     -0.309      0.088      0.128        946 1.8599e+02 0.0000e+00
     -0.026    23.9029     8.1270     96.569  35.398078     36.244      7.141   219.7115     4.7756     1.9376     0.0239     -0.366     -0.019     -0.027        947 1.8755e+02 0.0000e+00
     -0.134    23.9241     8.1345     96.647  35.377100     36.174      7.147   217.4401     5.0708     2.2062     0.0238     -0.405     -0.105     -0.152        948 1.7955e+02 0.0000e+00
     -0.157    23.9402     8.1213     96.484  35.402103     36.206      7.135   217.6294     5.0708     2.1659     0.0239     -0.399     -0.138     -0.200        949 1.8485e+02 0.0000e+00
     -0.133    23.9698     8.0946     96.155  35.426264     36.190      7.136   217.7051     5.0708     2.0316     0.0239     -0.348     -0.129     -0.188        950 1.8574e+02 0.0000e+00
     -0.109    23.9958     8.0697     95.848  35.406336     36.179      7.154   218.7651     5.0991     2.2464     0.0239     -0.274     -0.110     -0.160        951 1.8606e+02 0.0000e+00
     -0.095    24.0099     8.0598     95.719  35.367579     36.099      7.167   218.6137     5.2002     2.1927     0.0238     -0.197     -0.096     -0.140        952 1.8648e+02 0.0000e+00
     -0.091    24.0147     8.0369     95.448  35.355855     36.080      7.177   218.7651     5.1678     2.0584     0.0238     -0.123     -0.090     -0.132        953 1.8733e+02 0.0000e+00
     -0.090    24.0139     8.0256     95.336  35.420915     36.127      7.187   217.4780     5.1921     2.0853     0.0239     -0.054     -0.089     -0.129        954 1.8731e+02 0.0000e+00
     -0.089    24.0130     8.0343     95.458  35.405235     36.124      7.197   217.1751     5.1840     2.1390     0.0239      0.003     -0.089     -0.128        955 1.8762e+02 0.0000e+00
     -0.090    24.0118     8.0452     95.603  35.375366     36.067      7.199   217.4780     5.3215     2.2330     0.0238      0.031     -0.089     -0.128        956 1.8784e+02 0.0000e+00
     -0.089    24.0073     8.0544     95.727  35.398772     36.125      7.213   217.4022     5.3457     2.1390     0.0239      0.029     -0.088     -0.127        957 1.8800e+02 0.0000e+00
     -0.089    24.0014     8.0708     95.929  35.376107     36.069      7.224   217.4780     5.3134     2.0987     0.0238      0.016     -0.088     -0.127        958 1.8785e+02 0.0000e+00
     -0.090    23.9969     8.0874     96.115  35.403572     36.129      7.235   216.9858     5.2972     2.1122     0.0239      0.006     -0.088     -0.127        959 1.8776e+02 0.0000e+00
     -0.089    23.9911     8.1017     96.255  35.423907     36.133      7.244   217.1372     5.1597     2.1927     0.0239      0.002     -0.087     -0.127        960 1.8743e+02 0.0000e+00
     -0.089    23.9845     8.1093     96.322  35.410117     36.137      7.253   216.9480     5.1880     2.1256     0.0239      0.001     -0.086     -0.125        961 1.8749e+02 0.0000e+00
     -0.086    23.9780     8.1056     96.267  35.420736     36.141      7.256   216.9858     5.1840     2.2330     0.0239      0.001     -0.083     -0.120        962 1.8756e+02 0.0000e+00
     -0.079    23.9792     8.0899     96.079  35.410696     36.146      7.260   216.6830     5.2002     2.0719     0.0239      0.004     -0.075     -0.109        963 1.8864e+02 0.0000e+00
     -0.066    23.9909     8.0717     95.861  35.422616     36.151      7.258   217.2130     5.2082     2.1256     0.0239      0.009     -0.063     -0.090        964 1.8873e+02 0.0000e+00
     -0.045    24.0016     8.0598     95.716  35.465219     36.207      7.249   217.6294     5.1840     2.1256     0.0239      0.018     -0.044     -0.064        965 1.9159e+02 0.0000e+00
     -0.023    24.0104     8.0431     95.515  35.416991     36.141      7.246   217.1751     5.2163     2.2062     0.0239      0.030     -0.023     -0.033        966 1.9177e+02 0.0000e+00
     -0.003    24.0187     8.0412     95.490  35.364001     36.076      7.247   217.5537     5.1840     2.1122     0.0238      0.043     -0.002     -0.003        967 1.7460e+02 0.0000e+00
      0.020    24.0225     8.0405     95.477  35.412529     36.127      7.246   217.9322     5.1880     2.0316     0.0239      0.056      0.020      0.029        968 1.6442e+02 0.0000e+00
      0.044    24.0154     8.0431     95.508  35.415909     36.121      7.235   218.0080     5.5843     2.1793     0.0239      0.068      0.044      0.064        969 1.5973e+02 0.0000e+00
      0.071    23.9996     8.0556     95.662  35.359792     36.061      7.229   218.2730     5.5964     2.1122     0.0238      0.079      0.071      0.104        970 1.4715e+02 0.0000e+00
      0.104    23.9868     8.0615     95.740  35.363736     36.066      7.222   220.3551     5.5843     2.1793     0.0238      0.089      0.100      0.146        971 1.4265e+02 0.0000e+00
      0.130    23.9807     8.0498     95.606  35.411005     36.135      7.217   219.5980     5.5843     2.1390     0.0239      0.096      0.125      0.182        972 1.4050e+02 0.0000e+00
      0.149    23.9796     8.0285     95.358  35.360288     36.087      7.218   219.8251     5.3902     2.2733     0.0238      0.098      0.145      0.210        973 1.3694e+02 0.0000e+00
      0.165    23.9786     8.0069     95.103  35.367542     36.092      7.224   219.0301     5.3821     2.2464     0.0238      0.097      0.163      0.236        974 1.3201e+02 0.0000e+00
      0.186    23.9766     7.9873     94.872  35.401980     36.149      7.234   219.5223     5.3740     2.3270     0.0239      0.095      0.183      0.265        975 1.2863e+02 0.0000e+00
      0.208    23.9750     7.9727     94.702  35.376748     36.093      7.247   219.5980     5.3740     2.2196     0.0238      0.092      0.204      0.296        976 1.2653e+02 0.0000e+00
      0.230    23.9733     7.9726     94.706  35.398945     36.152      7.258   221.1123     5.4064     2.1390     0.0239      0.089      0.225      0.326        977 1.2237e+02 0.0000e+00
      0.250    23.9712     7.9826     94.831  35.374357     36.096      7.268   221.0744     5.3619     2.0316     0.0238      0.084      0.245      0.356        978 1.1890e+02 0.0000e+00
      0.271    23.9709     8.0032     95.076  35.348033     36.097      7.277   221.4151     5.4023     2.1659     0.0238      0.080      0.267      0.388        979 1.1445e+02 0.0000e+00
      0.298    23.9745     8.0384     95.491  35.372392     36.099      7.287   220.9987     5.3821     2.1659     0.0238      0.082      0.291      0.423        980 1.1148e+02 0.0000e+00
      0.322    23.9787     8.0625     95.775  35.403360     36.156      7.301   221.1123     5.3821     2.0182     0.0239      0.085      0.315      0.458        981 1.0948e+02 0.0000e+00
      0.344    23.9814     8.0800     95.983  35.428124     36.153      7.314   222.8158     5.3740     2.1256     0.0239      0.088      0.340      0.493        982 1.0541e+02 0.0000e+00
      0.375    23.9839     8.0788     95.965  35.400887     36.150      7.325   223.4594     5.3821     2.1256     0.0239      0.091      0.367      0.532        983 1.0085e+02 0.0000e+00
      0.404    23.9855     8.0708     95.870  35.318624     36.034      7.331   223.9137     5.3862     2.1390     0.0238      0.095      0.393      0.569        984 9.7997e+01 0.0000e+00
      0.422    23.9867     8.0603     95.746  35.352552     36.089      7.328   224.3680     5.5277     2.1927     0.0238      0.097      0.411      0.596        985 9.7082e+01 0.0000e+00
      0.431    23.9885     8.0397     95.502  35.358664     36.088      7.323   224.5573     5.5277     2.1927     0.0238      0.094      0.421      0.611        986 9.6524e+01 0.0000e+00
      0.436    23.9914     8.0241     95.319  35.311017     36.030      7.321   224.1030     5.5236     2.1122     0.0238      0.086      0.427      0.620        987 9.5697e+01 0.0000e+00
      0.441    23.9944     8.0199     95.271  35.352530     36.086      7.325   225.1251     5.5075     2.0450     0.0238      0.074      0.435      0.630        988 9.4699e+01 0.0000e+00
      0.452    23.9945     8.0315     95.409  35.366316     36.084      7.333   225.7687     5.5843     1.9107     0.0238      0.063      0.446      0.646        989 9.2692e+01 0.0000e+00
      0.469    23.9928     8.0442     95.556  35.353175     36.082      7.339   226.2987     5.5964     1.9913     0.0238      0.054      0.460      0.667        990 9.0662e+01 0.0000e+00
      0.484    23.9920     8.0671     95.825  35.309568     36.024      7.341   226.5258     5.5560     1.9376     0.0238      0.046      0.474      0.687        991 8.9336e+01 0.0000e+00
      0.495    23.9911     8.0908     96.105  35.301954     36.026      7.345   226.6394     5.5479     1.8705     0.0238      0.042      0.484      0.703        992 8.7992e+01 0.0000e+00
      0.502    23.9896     8.1103     96.338  35.362651     36.083      7.342   226.9801     5.5843     1.9107     0.0238      0.042      0.491      0.713        993 8.7835e+01 0.0000e+00
      0.506    23.9893     8.1188     96.441  35.411978     36.141      7.341   225.7687     5.3619     1.9510     0.0239      0.042      0.499      0.724        994 8.6724e+01 0.0000e+00
      0.519    23.9901     8.1115     96.356  35.359200     36.085      7.346   226.4123     5.3902     1.9242     0.0238      0.043      0.511      0.741        995 8.4686e+01 0.0000e+00
      0.536    23.9906     8.0885     96.083  35.309703     36.028      7.351   226.5637     5.4023     2.0182     0.0238      0.044      0.526      0.762        996 8.3469e+01 0.0000e+00
      0.551    23.9917     8.0723     95.890  35.354945     36.085      7.352   227.1316     5.3862     1.9510     0.0238      0.044      0.542      0.786        997 8.1639e+01 0.0000e+00
      0.570    23.9930     8.0530     95.659  35.362214     36.084      7.350   226.8287     5.2123     2.2062     0.0238      0.046      0.560      0.812        998 7.9635e+01 0.0000e+00
      0.591    23.9925     8.0427     95.537  35.359972     36.083      7.343   227.3587     5.2042     2.0987     0.0238      0.051      0.579      0.839        999 7.8046e+01 0.0000e+00
      0.608    23.9908     8.0221     95.293  35.357733     36.082      7.333   226.2987     5.1880     2.1122     0.0238      0.058      0.594      0.860       1000 7.7431e+01 0.0000e+00
      0.614    23.9891     8.0330     95.425  35.364999     36.083      7.321   226.3744     5.1921     2.1390     0.0238      0.061      0.604      0.876       1001 7.6687e+01 0.0000e+00
      0.627    23.9881     8.0336     95.432  35.350931     36.084      7.329   226.4880     5.3862     2.0047     0.0238      0.062      0.618      0.897       1002 7.4597e+01 0.0000e+00
      0.652    23.9886     8.0429     95.542  35.315927     36.028      7.337   227.6237     5.3862     1.8705     0.0238      0.063      0.637      0.925       1003 7.2607e+01 0.0000e+00
      0.671    23.9900     8.0458     95.573  35.349247     36.086      7.336   227.8130     5.3862     1.9376     0.0238      0.064      0.655      0.950       1004 7.1950e+01 0.0000e+00
      0.680    23.9909     8.0539     95.661  35.368780     36.086      7.338   226.1094     5.4064     1.8436     0.0238      0.063      0.669      0.970       1005 7.0543e+01 0.0000e+00
      0.698    23.9914     8.0524     95.634  35.350933     36.085      7.344   226.5637     5.4549     2.0987     0.0238      0.062      0.684      0.993       1006 6.8740e+01 0.0000e+00
      0.715    23.9909     8.0563     95.671  35.312142     36.027      7.344   226.7151     5.4589     2.0584     0.0238      0.062      0.699      1.014       1007 6.8127e+01 0.0000e+00
      0.724    23.9900     8.0472     95.557  35.298424     36.027      7.344   227.7751     5.4711     2.1256     0.0238      0.061      0.710      1.030       1008 6.7257e+01 0.0000e+00
      0.734    23.9902     8.0318     95.370  35.308689     36.027      7.347   228.2673     5.4509     1.9913     0.0238      0.060      0.719      1.043       1009 6.6775e+01 0.0000e+00
      0.740    23.9909     7.9974     94.960  35.358682     36.085      7.336   228.0401     5.4670     2.1122     0.0238      0.055      0.729      1.057       1010 6.6155e+01 0.0000e+00
      0.754    23.9916     7.9519     94.420  35.354839     36.084      7.344   226.8287     5.4953     1.9242     0.0238      0.049      0.747      1.083       1011 6.3834e+01 0.0000e+00
      0.791    23.9918     7.9031     93.844  35.313472     36.027      7.356   226.7908     5.5075     1.9913     0.0238      0.053      0.778      1.129       1012 6.0479e+01 0.0000e+00
      0.835    23.9912     7.8722     93.478  35.350848     36.083      7.368   227.3587     5.5236     1.8705     0.0238      0.065      0.816      1.184       1013 5.7648e+01 0.0000e+00
      0.869    23.9894     7.8620     93.359  35.367640     36.083      7.375   227.6237     5.5236     1.9242     0.0238      0.078      0.848      1.231       1014 5.6381e+01 0.0000e+00
      0.891    23.9850     7.8654     93.399  35.351890     36.084      7.382   228.3430     5.3942     2.2196     0.0238      0.091      0.872      1.265       1015 5.5239e+01 0.0000e+00
      0.908    23.9798     7.8878     93.664  35.311136     36.028      7.387   228.4187     5.3862     2.3002     0.0238      0.101      0.889      1.290       1016 5.4298e+01 0.0000e+00
      0.921    23.9749     7.9109     93.933  35.359043     36.088      7.384   228.2673     5.3902     2.2196     0.0238      0.105      0.902      1.309       1017 5.3843e+01 0.0000e+00
      0.931    23.9711     7.9310     94.168  35.351586     36.092      7.384   228.1537     5.4145     2.2464     0.0238      0.102      0.914      1.325       1018 5.3022e+01 0.0000e+00
      0.943    23.9689     7.9484     94.371  35.261105     35.982      7.383   228.1916     5.4347     2.0719     0.0238      0.091      0.924      1.340       1019 5.2546e+01 0.0000e+00
      0.951    23.9680     7.9433     94.310  35.293704     36.042      7.385   228.3051     5.4145     2.1659     0.0238      0.073      0.931      1.351       1020 5.2259e+01 0.0000e+00
      0.954    23.9685     7.9294     94.144  35.311019     36.043      7.382   228.2673     5.4630     2.1256     0.0238      0.056      0.936      1.356       1021 5.2048e+01 0.0000e+00
