Data/DataNotYetUploadedToEDI/Raw_CTD/RawDownloads/091018_fcr50.cnv
* Sea-Bird SBE19plus  Data File:
* FileName = C:\DATA\091018_fcr_0005.hex
* Software version 2.6.3.104
* Temperature SN = 7809
* Conductivity SN = 7809
* System UpLoad Time = Sep 10 2018 16:58:25
* <ApplicationData>
* <Seaterm232>
# nquan = 17
# nvalues = 1846                        
# units = specified
# name 0 = depFM: Depth [fresh water, m]
# name 1 = tv290C: Temperature [ITS-90, deg C]
# name 2 = sbeox0Mg/L: Oxygen, SBE 43 [mg/l]
# name 3 = sbeox0PS: Oxygen, SBE 43 [% saturation]
# name 4 = c0uS/cm: Conductivity [uS/cm]
# name 5 = specc: Specific Conductance [uS/cm]
# name 6 = ph: pH
# name 7 = orp: Oxidation Reduction Potential [mV]
# name 8 = flECO-AFL: Fluorescence, WET Labs ECO-AFL/FL [mg/m^3]
# name 9 = turbWETntu0: Turbidity, WET Labs ECO [NTU]
# name 10 = sal00: Salinity, Practical [PSU]
# name 11 = dz/dtM: Descent Rate [m/s]
# name 12 = prdM: Pressure, Strain Gauge [db]
# name 13 = prdE: Pressure, Strain Gauge [psi]
# name 14 = scan: Scan Count
# name 15 = par/sat/log: PAR/Logarithmic, Satlantic
# name 16 = flag:  0.000e+00
# span 0 =     -0.578,      9.715       
# span 1 =    12.2393,    24.0225       
# span 2 =     0.0357,     9.2523       
# span 3 =      0.367,    105.954       
# span 4 =  -3.096681, 285.156243       
# span 5 =     -4.855,    383.231       
# span 6 =      6.059,      7.669       
# span 7 =   180.4157,   337.7883       
# span 8 =    -0.2305,    20.6752       
# span 9 =    -0.3049,    46.6124       
# span 10 =     0.0000,     0.1824      
# span 11 =     -0.510,      0.194      
# span 12 =     -0.567,      9.527      
# span 13 =     -0.822,     13.818      
# span 14 =          1,       1846      
# span 15 = 1.2090e-01, 2.8581e+02      
# span 16 = 0.0000e+00, 0.0000e+00      
# interval = seconds: 0.25
# start_time = Sep 10 2018 17:24:46 [Instrument's time stamp, header]
# bad_flag = -9.990e-29
*END*
[from data line 1618]
      7.545    12.2499     0.0675      0.630  44.446172     59.654      6.122   266.6167     0.7117    22.8852     0.0300      0.035      7.399     10.733       1619 1.2567e-01 0.0000e+00
      7.555    12.2494     0.0689      0.643  44.552065     59.805      6.121   266.7681     0.6996    22.8315     0.0301      0.035      7.408     10.745       1620 1.2573e-01 0.0000e+00
      7.562    12.2487     0.0672      0.627  44.509745     59.731      6.122   266.2002     0.7117    22.8852     0.0301      0.034      7.415     10.755       1621 1.2565e-01 0.0000e+00
      7.566    12.2481     0.0693      0.647  44.498839     59.732      6.119   266.4274     0.6753    22.6569     0.0301      0.032      7.420     10.762       1622 1.2576e-01 0.0000e+00
      7.572    12.2479     0.0712      0.664  44.506294     59.733      6.122   266.2760     0.6511    22.6569     0.0301      0.030      7.428     10.772       1623 1.2569e-01 0.0000e+00
      7.584    12.2482     0.0700      0.654  44.559812     59.809      6.122   266.2002     0.6632    22.6435     0.0301      0.030      7.438     10.787       1624 1.2559e-01 0.0000e+00
      7.597    12.2484     0.0710      0.663  44.639942     59.922      6.122   266.0110     0.6470    22.7106     0.0302      0.032      7.449     10.805       1625 1.2569e-01 0.0000e+00
      7.608    12.2482     0.0718      0.671  44.643951     59.922      6.121   265.9352     0.6753    23.0060     0.0302      0.033      7.462     10.823       1626 1.2570e-01 0.0000e+00
      7.623    12.2486     0.0731      0.682  44.643839     59.921      6.122   265.9731     0.6915    23.1269     0.0302      0.037      7.476     10.843       1627 1.2570e-01 0.0000e+00
      7.639    12.2492     0.0642      0.600  44.640081     59.922      6.120   265.8974     0.6591    22.9658     0.0302      0.041      7.490     10.863       1628 1.2569e-01 0.0000e+00
      7.651    12.2495     0.0678      0.633  44.618956     59.883      6.119   266.2760     0.6834    23.1135     0.0301      0.046      7.503     10.881       1629 1.2555e-01 0.0000e+00
      7.661    12.2493     0.0696      0.649  44.640457     59.920      6.119   266.3517     0.7521    22.9120     0.0302      0.049      7.514     10.897       1630 1.2566e-01 0.0000e+00
      7.675    12.2491     0.0695      0.649  44.642995     59.919      6.118   266.2760     0.7158    22.9120     0.0302      0.051      7.526     10.915       1631 1.2571e-01 0.0000e+00
      7.687    12.2487     0.0672      0.627  44.586124     59.845      6.120   266.1245     0.7319    22.8852     0.0301      0.051      7.539     10.934       1632 1.2559e-01 0.0000e+00
      7.701    12.2485     0.0716      0.668  44.592544     59.845      6.119   265.7081     0.7238    22.8852     0.0301      0.051      7.554     10.956       1633 1.2569e-01 0.0000e+00
      7.721    12.2488     0.0690      0.644  44.605335     59.883      6.120   266.0110     0.7198    22.8986     0.0301      0.053      7.572     10.982       1634 1.2564e-01 0.0000e+00
      7.741    12.2490     0.0724      0.676  44.599880     59.846      6.118   266.6545     0.7643    22.5898     0.0301      0.055      7.589     11.008       1635 1.2563e-01 0.0000e+00
      7.754    12.2490     0.0717      0.669  44.629006     59.921      6.118   266.5410     0.7602    22.6032     0.0302      0.057      7.602     11.027       1636 1.2568e-01 0.0000e+00
      7.761    12.2489     0.0686      0.641  44.598759     59.845      6.117   266.6545     0.7926    22.7912     0.0301      0.058      7.613     11.043       1637 1.2564e-01 0.0000e+00
      7.775    12.2491     0.0716      0.668  44.578177     59.845      6.118   266.6545     0.7845    22.6569     0.0301      0.058      7.627     11.063       1638 1.2564e-01 0.0000e+00
      7.798    12.2497     0.0706      0.659  44.506260     59.733      6.116   265.2917     0.6713    22.6166     0.0301      0.060      7.645     11.088       1639 1.2571e-01 0.0000e+00
      7.813    12.2504     0.0709      0.662  44.391538     59.582      6.112   266.1245     0.6632    22.6569     0.0300      0.060      7.661     11.111       1640 1.2572e-01 0.0000e+00
      7.824    12.2507     0.0625      0.584  44.394553     59.581      6.113   265.7460     0.6713    22.6435     0.0300      0.059      7.675     11.132       1641 1.2572e-01 0.0000e+00
      7.844    12.2507     0.0696      0.649  44.443163     59.655      6.110   266.2002     0.6713    22.6838     0.0300      0.059      7.691     11.156       1642 1.2568e-01 0.0000e+00
      7.860    12.2507     0.0712      0.664  44.449733     59.655      6.104   266.6924     0.6834    22.6703     0.0300      0.059      7.706     11.177       1643 1.2560e-01 0.0000e+00
      7.868    12.2507     0.0689      0.643  44.445722     59.655      6.107   264.7995     0.7279    22.6166     0.0300      0.060      7.718     11.194       1644 1.2553e-01 0.0000e+00
      7.883    12.2507     0.0626      0.584  44.448154     59.655      6.106   265.0645     0.7481    22.6569     0.0300      0.060      7.731     11.213       1645 1.2551e-01 0.0000e+00
      7.898    12.2505     0.0633      0.591  44.446706     59.655      6.104   265.2538     0.7198    22.6703     0.0300      0.058      7.745     11.233       1646 1.2574e-01 0.0000e+00
      7.910    12.2505     0.0645      0.602  44.447524     59.655      6.106   265.7838     0.7764    23.9863     0.0300      0.055      7.756     11.250       1647 1.2568e-01 0.0000e+00
      7.919    12.2504     0.0687      0.641  44.447136     59.655      6.101   265.7081     0.7926    23.9191     0.0300      0.053      7.764     11.261       1648 1.2569e-01 0.0000e+00
      7.923    12.2502     0.0752      0.702  44.447189     59.655      6.104   264.4967     0.7724    23.9191     0.0300      0.049      7.770     11.270       1649 1.2584e-01 0.0000e+00
      7.930    12.2502     0.0703      0.657  44.447458     59.656      6.104   264.5724     0.7521    23.9594     0.0300      0.043      7.777     11.279       1650 1.2568e-01 0.0000e+00
      7.937    12.2502     0.0649      0.606  44.446801     59.656      6.106   264.3452     0.7683    23.0597     0.0300      0.039      7.783     11.288       1651 1.2574e-01 0.0000e+00
      7.942    12.2502     0.0683      0.638  44.448007     59.656      6.103   264.3452     0.7764    22.9120     0.0300      0.035      7.788     11.296       1652 1.2562e-01 0.0000e+00
      7.945    12.2499     0.0653      0.610  44.445956     59.656      6.107   264.5724     0.7926    22.8583     0.0300      0.029      7.793     11.303       1653 1.2547e-01 0.0000e+00
      7.953    12.2497     0.0648      0.605  44.449353     59.656      6.106   265.0645     0.7805    22.7778     0.0300      0.025      7.800     11.313       1654 1.2569e-01 0.0000e+00
      7.964    12.2500     0.0657      0.614  44.443781     59.656      6.107   264.2695     0.7602    22.9255     0.0300      0.025      7.810     11.327       1655 1.2562e-01 0.0000e+00
      7.973    12.2506     0.0663      0.619  44.452890     59.657      6.109   264.7238     0.6875    22.2138     0.0300      0.026      7.819     11.341       1656 1.2557e-01 0.0000e+00
      7.983    12.2525     0.0664      0.620  44.438016     59.656      6.110   263.9667     0.6834    22.2406     0.0300      0.028      7.827     11.352       1657 1.2565e-01 0.0000e+00
      7.987    12.2560     0.0704      0.657  44.462292     59.655      6.108   263.7774     0.6551    22.2809     0.0300      0.029      7.834     11.362       1658 1.2564e-01 0.0000e+00
      7.994    12.2574     0.0706      0.659  44.482024     59.727      6.111   265.9731     0.6713    22.2272     0.0301      0.030      7.842     11.374       1659 1.2566e-01 0.0000e+00
      8.009    12.2587     0.0706      0.659  44.413460     59.571      6.112   265.5945     0.6672    23.0597     0.0300      0.033      7.852     11.390       1660 1.2561e-01 0.0000e+00
      8.018    12.2626     0.0734      0.685  44.488273     59.719      6.112   265.0645     0.6470    23.1269     0.0301      0.035      7.861     11.403       1661 1.2559e-01 0.0000e+00
      8.022    12.2660     0.0675      0.630  44.507608     59.717      6.111   264.5345     0.6915    23.1269     0.0301      0.034      7.868     11.412       1662 1.2555e-01 0.0000e+00
      8.029    12.2682     0.0658      0.615  44.448742     59.636      6.112   264.4967     0.6753    23.1537     0.0300      0.033      7.875     11.422       1663 1.2560e-01 0.0000e+00
      8.040    12.2680     0.0683      0.637  44.502185     59.705      6.111   266.5410     0.6632    21.9989     0.0301      0.033      7.885     11.437       1664 1.2567e-01 0.0000e+00
      8.054    12.2653     0.0678      0.633  44.500440     59.702      6.111   266.2381     0.6511    21.9721     0.0301      0.034      7.900     11.457       1665 1.2567e-01 0.0000e+00
      8.073    12.2613     0.0699      0.652  44.450912     59.627      6.110   266.3138     0.6834    21.9989     0.0300      0.039      7.917     11.482       1666 1.2566e-01 0.0000e+00
      8.092    12.2575     0.0681      0.635  44.445136     59.631      6.108   265.5945     0.6915    21.9989     0.0300      0.044      7.935     11.508       1667 1.2557e-01 0.0000e+00
      8.109    12.2551     0.0692      0.645  44.448286     59.638      6.109   265.7081     0.6713    22.0258     0.0300      0.049      7.951     11.532       1668 1.2563e-01 0.0000e+00
      8.125    12.2533     0.0711      0.663  44.446993     59.644      6.104   266.6167     0.6713    22.0392     0.0300      0.055      7.966     11.554       1669 1.2560e-01 0.0000e+00
      8.136    12.2525     0.0695      0.649  44.446747     59.648      6.105   266.5410     0.6591    21.9989     0.0300      0.060      7.977     11.570       1670 1.2560e-01 0.0000e+00
      8.142    12.2522     0.0716      0.668  44.448594     59.651      6.105   266.1624     0.6713    21.9989     0.0300      0.060      7.985     11.581       1671 1.2566e-01 0.0000e+00
      8.149    12.2517     0.0673      0.629  44.385351     59.577      6.103   266.5410     0.6915    21.6095     0.0300      0.056      7.993     11.594       1672 1.2556e-01 0.0000e+00
      8.162    12.2510     0.0738      0.689  44.406764     59.577      6.104   266.2002     0.6632    21.5692     0.0300      0.052      8.006     11.612       1673 1.2570e-01 0.0000e+00
      8.180    12.2507     0.0699      0.652  44.481292     59.728      6.102   265.9731     0.6672    21.5961     0.0301      0.048      8.022     11.634       1674 1.2572e-01 0.0000e+00
      8.196    12.2504     0.0689      0.643  44.411291     59.579      6.103   266.2381     0.6794    21.6230     0.0300      0.047      8.037     11.657       1675 1.2563e-01 0.0000e+00
      8.210    12.2502     0.0673      0.628  44.434534     59.655      6.104   266.5410     0.6753    22.0527     0.0300      0.048      8.054     11.681       1676 1.2565e-01 0.0000e+00
      8.233    12.2502     0.0688      0.642  44.452368     59.656      6.103   266.4274     0.6632    22.0527     0.0300      0.052      8.077     11.715       1677 1.2559e-01 0.0000e+00
      8.267    12.2502     0.0678      0.633  44.448444     59.656      6.100   265.8595     0.6551    22.1466     0.0300      0.062      8.105     11.755       1678 1.2558e-01 0.0000e+00
      8.292    12.2502     0.0679      0.634  44.439419     59.656      6.098   266.4274     0.6996    21.9452     0.0300      0.074      8.128     11.789       1679 1.2565e-01 0.0000e+00
      8.305    12.2498     0.0674      0.629  44.404255     59.581      6.095   266.6167     0.6794    21.9587     0.0300      0.080      8.142     11.810       1680 1.2573e-01 0.0000e+00
      8.313    12.2505     0.0626      0.585  44.432860     59.656      6.094   266.8438     0.6389    21.7975     0.0300      0.080      8.150     11.821       1681 1.2567e-01 0.0000e+00
      8.315    12.2537     0.0682      0.636  44.463164     59.656      6.093   266.6167     0.6713    21.8781     0.0300      0.075      8.153     11.826       1682 1.2569e-01 0.0000e+00
      8.314    12.2561     0.0700      0.653  44.485231     59.730      6.095   266.2381     0.6713    21.8378     0.0301      0.064      8.154     11.827       1683 1.2574e-01 0.0000e+00
      8.318    12.2567     0.0721      0.673  44.464742     59.650      6.096   266.2760     0.6470    21.8512     0.0300      0.052      8.158     11.832       1684 1.2565e-01 0.0000e+00
      8.325    12.2586     0.0636      0.593  44.429315     59.646      6.096   266.5410     0.6753    22.4555     0.0300      0.038      8.164     11.842       1685 1.2563e-01 0.0000e+00
      8.333    12.2594     0.0667      0.623  44.410630     59.571      6.098   266.4274     0.6551    22.5092     0.0300      0.025      8.173     11.854       1686 1.2565e-01 0.0000e+00
      8.344    12.2586     0.0687      0.641  44.487994     59.717      6.099   266.5788     0.6591    22.4823     0.0301      0.021      8.183     11.868       1687 1.2569e-01 0.0000e+00
      8.355    12.2586     0.0658      0.614  44.511067     59.716      6.099   266.6167     0.6915    22.4555     0.0301      0.022      8.193     11.882       1688 1.2567e-01 0.0000e+00
      8.363    12.2577     0.0648      0.605  44.441261     59.642      6.103   266.7302     0.6915    21.9855     0.0300      0.026      8.200     11.892       1689 1.2555e-01 0.0000e+00
      8.365    12.2567     0.0651      0.608  44.456180     59.642      6.103   266.7681     0.6591    21.9049     0.0300      0.029      8.203     11.897       1690 1.2552e-01 0.0000e+00
      8.366    12.2569     0.0650      0.607  44.492502     59.719      6.101   267.0331     0.6591    22.1466     0.0301      0.029      8.204     11.899       1691 1.2557e-01 0.0000e+00
      8.366    12.2570     0.0676      0.631  44.455404     59.645      6.102   267.3360     0.6875    22.0258     0.0300      0.026      8.205     11.901       1692 1.2572e-01 0.0000e+00
      8.371    12.2575     0.0721      0.673  44.443003     59.645      6.102   267.1088     0.6591    22.4555     0.0300      0.022      8.210     11.907       1693 1.2567e-01 0.0000e+00
      8.379    12.2589     0.0630      0.588  44.448590     59.645      6.104   267.1088     0.6632    22.5092     0.0300      0.019      8.216     11.917       1694 1.2553e-01 0.0000e+00
      8.384    12.2597     0.0669      0.625  44.448451     59.644      6.103   267.4874     0.6470    22.3615     0.0300      0.016      8.222     11.924       1695 1.2561e-01 0.0000e+00
      8.388    12.2605     0.0723      0.675  44.443177     59.642      6.102   267.6010     0.6632    22.6032     0.0300      0.015      8.226     11.929       1696 1.2559e-01 0.0000e+00
      8.390    12.2617     0.0726      0.678  44.455154     59.640      6.101   267.9795     0.7319    21.9989     0.0300      0.015      8.228     11.933       1697 1.2564e-01 0.0000e+00
      8.391    12.2628     0.0710      0.663  44.492888     59.714      6.104   266.7681     0.7319    22.0527     0.0301      0.015      8.229     11.935       1698 1.2570e-01 0.0000e+00
      8.393    12.2637     0.0683      0.638  44.455559     59.637      6.102   267.1845     0.7319    22.0795     0.0300      0.015      8.232     11.939       1699 1.2562e-01 0.0000e+00
      8.399    12.2649     0.0683      0.638  44.442264     59.635      6.105   266.9195     0.6996    21.9855     0.0300      0.015      8.239     11.949       1700 1.2575e-01 0.0000e+00
      8.411    12.2661     0.0655      0.612  44.450090     59.634      6.104   268.1310     0.7319    22.0258     0.0300      0.016      8.249     11.964       1701 1.2579e-01 0.0000e+00
      8.424    12.2663     0.0641      0.598  44.445821     59.632      6.106   268.0553     0.6713    22.2541     0.0300      0.019      8.261     11.982       1702 1.2563e-01 0.0000e+00
