Data/DataNotYetUploadedToEDI/Raw_CTD/RawDownloads/091018_fcr20.cnv
* Sea-Bird SBE19plus  Data File:
* FileName = C:\DATA\091018_fcr_0002.hex
* Software version 2.6.3.104
* Temperature SN = 7809
* Conductivity SN = 7809
* System UpLoad Time = Sep 10 2018 16:56:39
* <ApplicationData>
* <Seaterm232>
# nquan = 17
# nvalues = 637                         
# units = specified
# name 0 = depFM: Depth [fresh water, m]
# name 1 = tv290C: Temperature [ITS-90, deg C]
# name 2 = sbeox0Mg/L: Oxygen, SBE 43 [mg/l]
# name 3 = sbeox0PS: Oxygen, SBE 43 [% saturation]
# name 4 = c0uS/cm: Conductivity [uS/cm]
# name 5 = specc: Specific Conductance [uS/cm]
# name 6 = ph: pH
# name 7 = orp: Oxidation Reduction Potential [mV]
# name 8 = flECO-AFL: Fluorescence, WET Labs ECO-AFL/FL [mg/m^3]
# name 9 = turbWETntu0: Turbidity, WET Labs ECO [NTU]
# name 10 = sal00: Salinity, Practical [PSU]
# name 11 = dz/dtM: Descent Rate [m/s]
# name 12 = prdM: Pressure, Strain Gauge [db]
# name 13 = prdE: Pressure, Strain Gauge [psi]
# name 14 = scan: Scan Count
# name 15 = par/sat/log: PAR/Logarithmic, Satlantic
# name 16 = flag:  0.000e+00
# span 0 =     -0.576,      3.178       
# span 1 =    20.2814,    23.9279       
# span 2 =     0.4643,     8.6330       
# span 3 =      5.135,     99.182       
# span 4 =   0.981774,  65.145867       
# span 5 =      1.560,     71.897       
# span 6 =      5.469,      7.239       
# span 7 =   111.1748,   285.7346       
# span 8 =    -0.2062,     5.6611       
# span 9 =    -0.3183,     9.9809       
# span 10 =     0.0103,     0.0382      
# span 11 =     -0.040,      0.173      
# span 12 =     -0.565,      3.114      
# span 13 =     -0.819,      4.516      
# span 14 =          1,        637      
# span 15 = 2.6197e+00, 3.1189e+02      
# span 16 = 0.0000e+00, 0.0000e+00      
# interval = seconds: 0.25
# start_time = Sep 10 2018 14:49:15 [Instrument's time stamp, header]
# bad_flag = -9.990e-29
*END*
     -0.576    20.8373     8.6256     96.399   1.455336      1.590      5.482   157.7771    -0.1577    -0.1840     0.0103      0.000     -0.565     -0.819          1 2.3447e+02 0.0000e+00
     -0.576    20.8365     8.6269     96.413   1.433190      1.560      5.493   162.0171    -0.1415    -0.1706     0.0103      0.000     -0.565     -0.819          2 2.2202e+02 0.0000e+00
     -0.575    20.8359     8.6279     96.424   1.576296      1.712      5.497   164.9321    -0.1819    -0.2512     0.0104      0.000     -0.564     -0.818          3 2.0828e+02 0.0000e+00
     -0.575    20.8322     8.6272     96.416   1.721366      1.895      5.473   199.8743    -0.1738    -0.2512     0.0104      0.000     -0.564     -0.818          4 1.9605e+02 0.0000e+00
     -0.576    20.8219     8.6330     96.480   1.815207      1.956      5.493   146.9878    -0.1779    -0.1437     0.0104      0.000     -0.565     -0.819          5 1.7849e+02 0.0000e+00
     -0.576    20.8133     8.6288     96.433   2.821525      3.052      5.505   127.7563    -0.1658    -0.2914     0.0106      0.000     -0.565     -0.819          6 1.5486e+02 0.0000e+00
     -0.575    20.8102     8.6287     96.432   3.666856      4.087      5.505   111.1748    -0.1698    -0.2914     0.0109      0.000     -0.564     -0.818          7 1.3395e+02 0.0000e+00
     -0.575    20.8089     8.6291     96.436   3.339269      3.571      5.502   132.2613    -0.1617    -0.1034     0.0107      0.000     -0.564     -0.818          8 1.1789e+02 0.0000e+00
     -0.576    20.8089     8.6071     96.466   2.992305      3.327      5.487   178.2200    -0.1496    -0.1840     0.0107     -0.000     -0.565     -0.819          9 1.0840e+02 0.0000e+00
     -0.576    20.8084     8.4830     96.459   2.855005      3.053      5.469   233.1130    -0.2021    -0.2377     0.0106     -0.000     -0.565     -0.819         10 1.1561e+02 0.0000e+00
     -0.576    20.8089     8.3937     96.625   2.740274      3.053      5.478   237.5044    -0.2062    -0.1974     0.0106     -0.000     -0.565     -0.819         11 1.2739e+02 0.0000e+00
     -0.576    20.8075     8.3482     96.828   2.572498      2.749      5.491   208.3544    -0.1617    -0.1974     0.0105     -0.000     -0.565     -0.819         12 1.3487e+02 0.0000e+00
     -0.575    20.8092     8.3177     97.021   2.205122      2.475      5.498   237.5802    -0.1658    -0.1840     0.0105     -0.000     -0.565     -0.819         13 1.3976e+02 0.0000e+00
     -0.576    20.8059     8.2923     97.215   2.190749      2.292      5.505   238.9052    -0.1941    -0.2512     0.0104     -0.000     -0.565     -0.819         14 1.4119e+02 0.0000e+00
     -0.576    20.8106     8.2836     97.489   2.057420      2.383      5.505   246.9688    -0.1779    -0.2377     0.0105     -0.000     -0.565     -0.819         15 1.4104e+02 0.0000e+00
     -0.576    20.8027     8.2826     97.698   2.341438      2.353      5.508   258.0609    -0.1779    -0.1437     0.0105     -0.000     -0.565     -0.819         16 1.4468e+02 0.0000e+00
     -0.576    20.8156     8.2971     97.960   1.689250      2.170      5.504   265.5567    -0.1698    -0.1706     0.0104     -0.000     -0.565     -0.819         17 1.5747e+02 0.0000e+00
     -0.576    20.7946     8.3153     98.226   2.424924      2.109      5.503   285.7346    -0.1779    -0.1974     0.0104     -0.000     -0.565     -0.819         18 1.8652e+02 0.0000e+00
     -0.576    20.9817     8.3293     98.415   0.981774      1.957      5.509   285.0910    -0.2021    -0.3183     0.0104     -0.000     -0.563     -0.817         19 2.2397e+02 0.0000e+00
     -0.574    21.6750     8.3344     98.470   3.218747      2.048      5.515   282.9332    -0.1900    -0.2914     0.0104      0.000     -0.550     -0.797         20 2.5120e+02 0.0000e+00
     -0.528    22.3353     8.3461     98.602  16.554185     19.353      5.650   283.8039    -0.1658    -0.1974     0.0162      0.013     -0.511     -0.741         21 2.6828e+02 0.0000e+00
     -0.463    22.7195     8.3487     98.631  26.985079     27.868      5.989   254.1238    -0.2021    -0.1706     0.0198      0.039     -0.455     -0.660         22 2.8264e+02 0.0000e+00
     -0.402    23.0262     8.3565     98.700  33.680402     36.523      6.484   230.5766    -0.1779    -0.1706     0.0235      0.074     -0.398     -0.577         23 2.9448e+02 0.0000e+00
     -0.351    23.2871     8.3626     98.727  35.318479     36.426      6.844   228.7216    -0.1860    -0.1974     0.0236      0.111     -0.348     -0.504         24 2.9900e+02 0.0000e+00
     -0.309    23.4951     8.3814     98.850  34.493805     36.259      7.054   234.1352     0.2063     9.9675     0.0236      0.144     -0.308     -0.447         25 2.9843e+02 0.0000e+00
     -0.280    23.6130     8.3988     98.923  35.092081     36.116      7.096   239.1702     0.2265     9.8601     0.0236      0.167     -0.281     -0.408         26 2.9813e+02 0.0000e+00
     -0.272    23.6656     8.4182     99.052  34.811065     36.021      7.049   237.6937     0.1941     9.8735     0.0237      0.173     -0.266     -0.386         27 2.9902e+02 0.0000e+00
     -0.261    23.6914     8.4278     99.102  35.021370     35.932      7.023   235.9144     0.2103     9.9809     0.0237      0.162     -0.251     -0.364         28 2.9973e+02 0.0000e+00
     -0.233    23.7049     8.4370     99.165  34.889617     35.895      7.041   237.7694     0.1941     9.9272     0.0237      0.138     -0.230     -0.334         29 3.0141e+02 0.0000e+00
     -0.210    23.7020     8.4388     99.182  34.856373     35.760      7.023   240.6845     3.9426     2.6359     0.0236      0.113     -0.210     -0.305         30 3.0389e+02 0.0000e+00
     -0.199    23.6997     8.4238     99.062  34.677187     35.607      7.055   244.5080     3.9385     2.6896     0.0236      0.092     -0.197     -0.287         31 3.0466e+02 0.0000e+00
     -0.196    23.6975     8.4160     99.038  34.638097     35.552      7.067   237.1637     3.9183     2.7164     0.0235      0.074     -0.191     -0.278         32 3.0401e+02 0.0000e+00
     -0.190    23.6859     8.3986     98.883  34.578799     35.497      7.048   230.3116     3.9102     2.6761     0.0235      0.060     -0.185     -0.268         33 3.0037e+02 0.0000e+00
     -0.179    23.6606     8.3912     98.830  34.573045     35.498      7.048   243.2588     4.2580     2.4881     0.0235      0.053     -0.175     -0.255         34 2.9805e+02 0.0000e+00
     -0.167    23.6076     8.3813     98.763  34.526634     35.449      7.040   214.4115     4.2661     2.5284     0.0235      0.050     -0.165     -0.240         35 2.9892e+02 0.0000e+00
     -0.159    23.5376     8.3863     98.882  34.547595     35.496      7.044   214.7901     4.2903     2.4479     0.0235      0.044     -0.160     -0.231         36 3.0054e+02 0.0000e+00
     -0.162    23.4842     8.4060     99.169  34.576629     35.564      7.035   215.6987     4.2459     2.4479     0.0235      0.034     -0.162     -0.235         37 3.0234e+02 0.0000e+00
     -0.173    23.4505     8.3804     98.918  34.520181     35.558      7.040   216.3044     4.2135     2.5150     0.0235      0.023     -0.169     -0.245         38 3.0216e+02 0.0000e+00
     -0.181    23.4260     8.2602     97.534  34.469592     35.539      7.038   216.0394     4.2135     2.4747     0.0235      0.014     -0.175     -0.254         39 3.0220e+02 0.0000e+00
     -0.182    23.4245     8.0387     94.946  34.461674     35.564      7.033   216.7208     4.2054     2.4344     0.0235      0.007     -0.177     -0.257         40 3.0242e+02 0.0000e+00
     -0.180    23.4536     7.7677     91.773  34.470739     35.582      7.034   214.5630     4.1973     2.5419     0.0235     -0.001     -0.176     -0.254         41 3.0273e+02 0.0000e+00
     -0.176    23.4904     7.4449     87.985  34.487977     35.613      7.037   214.6008     4.2580     2.4210     0.0235     -0.006     -0.172     -0.249         42 3.0251e+02 0.0000e+00
     -0.171    23.5168     7.1574     84.611  34.529191     35.619      7.035   216.0772     4.2580     2.6627     0.0235     -0.007     -0.168     -0.244         43 3.0159e+02 0.0000e+00
     -0.170    23.5359     6.8908     81.476  34.567718     35.650      7.033   213.4272     4.2418     2.4747     0.0235     -0.005     -0.167     -0.242         44 3.0270e+02 0.0000e+00
     -0.171    23.5620     6.6671     78.841  34.528983     35.572      7.035   214.2980     4.2297     2.5284     0.0235      0.000     -0.168     -0.243         45 3.0238e+02 0.0000e+00
     -0.172    23.5939     6.5078     76.963  34.518072     35.559      7.037   214.1087     4.3753     2.2464     0.0235      0.005     -0.168     -0.243         46 3.0109e+02 0.0000e+00
     -0.170    23.6238     6.3917     75.596  34.581287     35.597      7.040   213.9951     4.3955     2.2867     0.0235      0.006     -0.167     -0.242         47 3.0118e+02 0.0000e+00
     -0.168    23.6505     6.3483     75.091  34.598582     35.603      7.035   213.4272     4.4116     2.3136     0.0235      0.006     -0.166     -0.240         48 3.0136e+02 0.0000e+00
     -0.169    23.6698     6.3395     74.981  34.644816     35.609      7.041   213.9951     4.3955     2.2464     0.0235      0.005     -0.165     -0.239         49 3.0121e+02 0.0000e+00
     -0.167    23.6856     6.3577     75.167  34.760988     35.733      7.044   213.8058     4.3914     2.2867     0.0236      0.003     -0.163     -0.236         50 3.0038e+02 0.0000e+00
     -0.162    23.7020     6.3811     75.426  34.839531     35.777      7.030   213.8437     4.4602     2.3270     0.0236      0.003     -0.159     -0.230         51 2.9987e+02 0.0000e+00
     -0.158    23.7178     6.4111     75.771  34.932596     35.880      7.028   214.1087     4.4440     2.3404     0.0237      0.005     -0.155     -0.225         52 3.0038e+02 0.0000e+00
     -0.156    23.7322     6.4329     76.028  35.001043     35.925      7.030   213.8058     4.4602     2.3002     0.0237      0.008     -0.154     -0.223         53 3.0095e+02 0.0000e+00
     -0.157    23.7430     6.4504     76.241  35.050912     35.971      7.031   213.8815     4.4480     2.2733     0.0237      0.008     -0.154     -0.223         54 3.0099e+02 0.0000e+00
     -0.157    23.7496     6.4597     76.352  35.048470     35.960      7.039   213.6544     4.3874     2.3404     0.0237      0.008     -0.154     -0.223         55 3.0089e+02 0.0000e+00
     -0.156    23.7540     6.4610     76.343  35.063389     35.952      7.039   214.1465     4.3955     2.3136     0.0237      0.007     -0.154     -0.223         56 3.0023e+02 0.0000e+00
     -0.157    23.7584     6.4456     76.128  35.150969     36.062      7.038   215.0930     4.3833     2.3136     0.0238      0.006     -0.154     -0.224         57 3.0050e+02 0.0000e+00
     -0.158    23.7638     6.4195     75.809  35.117419     36.002      7.037   214.8280     4.4319     2.3539     0.0237      0.004     -0.154     -0.224         58 3.0007e+02 0.0000e+00
     -0.157    23.7584     6.3540     75.043  35.105141     35.998      7.041   214.0708     4.5330     2.3539     0.0237      0.001     -0.153     -0.223         59 2.9833e+02 0.0000e+00
     -0.154    23.7395     6.2872     74.262  35.106932     35.994      7.047   213.3894     4.5249     2.2733     0.0237      0.000     -0.152     -0.220         60 2.9796e+02 0.0000e+00
     -0.153    23.7262     6.2159     73.427  35.055874     35.940      7.050   213.0865     4.5249     2.3136     0.0237      0.001     -0.150     -0.217         61 2.9702e+02 0.0000e+00
     -0.150    23.7206     6.1373     72.499  35.050057     35.955      7.051   213.4272     4.5451     2.3404     0.0237      0.003     -0.148     -0.215         62 2.9587e+02 0.0000e+00
     -0.150    23.7193     6.0620     71.606  34.995550     35.907      7.044   213.9572     4.4804     2.2196     0.0237      0.004     -0.148     -0.215         63 2.9644e+02 0.0000e+00
     -0.152    23.7242     5.9827     70.674  35.005084     35.912      7.039   214.5251     4.4561     2.2867     0.0237      0.004     -0.149     -0.216         64 2.9663e+02 0.0000e+00
     -0.154    23.7239     5.9151     69.882  35.097509     36.027      7.044   214.3358     4.4359     2.2733     0.0237      0.003     -0.151     -0.219         65 2.9564e+02 0.0000e+00
     -0.155    23.7067     5.8588     69.205  35.117787     36.024      7.044   214.6387     4.4480     2.2464     0.0237      0.002     -0.152     -0.220         66 2.9530e+02 0.0000e+00
     -0.155    23.6844     5.8193     68.725  35.098475     36.023      7.047   215.3958     4.5410     2.3539     0.0237      0.000     -0.152     -0.220         67 2.9577e+02 0.0000e+00
     -0.156    23.6768     5.7836     68.292  35.121542     36.037      7.046   215.7365     4.5249     2.2062     0.0237     -0.002     -0.153     -0.221         68 2.9615e+02 0.0000e+00
     -0.156    23.6816     5.7511     67.904  35.089086     36.053      7.049   216.0772     4.5168     2.2867     0.0237     -0.003     -0.153     -0.221         69 2.9605e+02 0.0000e+00
     -0.155    23.6880     5.7160     67.478  35.020246     35.944      7.050   216.7208     4.5168     2.4344     0.0237     -0.003     -0.152     -0.221         70 2.9589e+02 0.0000e+00
     -0.155    23.6927     5.6846     67.101  35.118245     36.084      7.053   216.1908     4.5249     2.5150     0.0237     -0.002     -0.151     -0.220         71 2.9511e+02 0.0000e+00
     -0.153    23.6934     5.6525     66.723  35.115413     36.050      7.054   216.7208     4.5936     2.5419     0.0237     -0.000     -0.151     -0.220         72 2.9491e+02 0.0000e+00
     -0.154    23.6911     5.6137     66.256  35.112739     36.047      7.057   217.2508     4.6057     2.4479     0.0237      0.001     -0.151     -0.220         73 2.9587e+02 0.0000e+00
     -0.155    23.6944     5.5772     65.807  35.151229     36.104      7.056   217.2508     4.5896     2.4479     0.0238      0.001     -0.152     -0.221         74 2.9705e+02 0.0000e+00
     -0.158    23.6978     5.5480     65.454  35.126829     36.048      7.060   218.1973     4.5855     2.5956     0.0237     -0.000     -0.154     -0.224         75 2.9726e+02 0.0000e+00
     -0.159    23.6907     5.5206     65.107  35.232077     36.189      7.056   218.5380     4.6462     2.5284     0.0238     -0.001     -0.156     -0.227         76 2.9698e+02 0.0000e+00
     -0.162    23.6793     5.5005     64.857  35.198192     36.129      7.044   218.5001     4.6381     2.2733     0.0238     -0.003     -0.157     -0.228         77 2.9734e+02 0.0000e+00
     -0.160    23.6715     5.4755     64.561  35.168997     36.106      7.046   218.2351     4.6340     2.3404     0.0238     -0.004     -0.157     -0.227         78 2.9750e+02 0.0000e+00
     -0.157    23.6667     5.4549     64.320  35.238754     36.200      7.037   217.8944     4.6462     2.3136     0.0238     -0.003     -0.154     -0.223         79 2.9555e+02 0.0000e+00
     -0.154    23.6590     5.4311     64.038  35.170698     36.120      7.027   217.5537     4.5208     2.3136     0.0238     -0.002     -0.152     -0.220         80 2.9520e+02 0.0000e+00
     -0.153    23.6538     5.4041     63.713  35.105409     36.066      7.033   218.6515     4.5127     2.3136     0.0237      0.000     -0.153     -0.222         81 2.9678e+02 0.0000e+00
     -0.160    23.6545     5.3781     63.394  34.993781     35.957      7.045   225.5037     4.5249     2.3136     0.0237      0.000     -0.158     -0.229         82 2.9718e+02 0.0000e+00
     -0.168    23.6456     5.3541     63.100  34.894422     35.846      7.049   256.0166     4.5289     2.2733     0.0236     -0.002     -0.165     -0.240         83 2.9956e+02 0.0000e+00
     -0.178    23.6331     5.3332     62.855  34.932490     35.903      7.051   257.1902     4.5734     2.3270     0.0237     -0.006     -0.172     -0.249         84 3.0072e+02 0.0000e+00
     -0.178    23.6240     5.3166     62.666  35.005721     35.966      7.060   257.3038     4.5936     2.3673     0.0237     -0.009     -0.173     -0.251         85 3.0149e+02 0.0000e+00
