Data/DataNotYetUploadedToEDI/Raw_CTD/RawDownloads/091018_fcr10.cnv
* Sea-Bird SBE19plus  Data File:
* FileName = C:\DATA\091018_fcr_0001.hex
* Software version 2.6.3.104
* Temperature SN = 7809
* Conductivity SN = 7809
* System UpLoad Time = Sep 10 2018 16:56:19
* <ApplicationData>
* <Seaterm232>
# nquan = 17
# nvalues = 406                         
# units = specified
# name 0 = depFM: Depth [fresh water, m]
# name 1 = tv290C: Temperature [ITS-90, deg C]
# name 2 = sbeox0Mg/L: Oxygen, SBE 43 [mg/l]
# name 3 = sbeox0PS: Oxygen, SBE 43 [% saturation]
# name 4 = c0uS/cm: Conductivity [uS/cm]
# name 5 = specc: Specific Conductance [uS/cm]
# name 6 = ph: pH
# name 7 = orp: Oxidation Reduction Potential [mV]
# name 8 = flECO-AFL: Fluorescence, WET Labs ECO-AFL/FL [mg/m^3]
# name 9 = turbWETntu0: Turbidity, WET Labs ECO [NTU]
# name 10 = sal00: Salinity, Practical [PSU]
# name 11 = dz/dtM: Descent Rate [m/s]
# name 12 = prdM: Pressure, Strain Gauge [db]
# name 13 = prdE: Pressure, Strain Gauge [psi]
# name 14 = scan: Scan Count
# name 15 = par/sat/log: PAR/Logarithmic, Satlantic
# name 16 = flag:  0.000e+00
# span 0 =     -0.579,      2.586       
# span 1 =    18.3524,    23.8794       
# span 2 =     4.7983,     9.2477       
# span 3 =     55.621,    106.379       
# span 4 =  -0.147199,  36.634236       
# span 5 =      0.362,     38.836       
# span 6 =      5.242,      7.177       
# span 7 =    35.5739,   333.4347       
# span 8 =    -0.2143,     4.9778       
# span 9 =    -0.3720,    13.6199       
# span 10 =     0.0093,     0.0245      
# span 11 =     -0.120,      0.257      
# span 12 =     -0.567,      2.535      
# span 13 =     -0.823,      3.677      
# span 14 =          1,        406      
# span 15 = 5.9165e+00, 3.1696e+02      
# span 16 = 0.0000e+00, 0.0000e+00      
# interval = seconds: 0.25
# start_time = Sep 10 2018 14:36:59 [Instrument's time stamp, header]
# bad_flag = -9.990e-29
*END*
[from data line 341]
      1.542    23.8516     7.2367     85.697  34.988733     35.816      7.153   234.6652     4.4925     2.4881     0.0237      0.055      1.517      2.201        342 1.8347e+01 0.0000e+00
      1.549    23.8511     7.2136     85.421  35.008984     35.816      7.162   235.0059     4.5127     2.5016     0.0237      0.047      1.524      2.211        343 1.7919e+01 0.0000e+00
      1.573    23.8497     7.1933     85.179  35.036219     35.872      7.168   234.7030     4.3348     2.3136     0.0237      0.043      1.542      2.237        344 1.7425e+01 0.0000e+00
      1.595    23.8487     7.1799     85.015  35.014153     35.815      7.173   235.0816     4.3429     2.3136     0.0237      0.044      1.563      2.268        345 1.7011e+01 0.0000e+00
      1.616    23.8470     7.1822     85.034  35.036445     35.874      7.175   235.4980     4.3348     2.3136     0.0237      0.046      1.583      2.296        346 1.6616e+01 0.0000e+00
      1.632    23.8444     7.1846     85.055  35.008479     35.817      7.171   235.3844     4.3186     2.2464     0.0237      0.047      1.599      2.319        347 1.6397e+01 0.0000e+00
      1.643    23.8405     7.1909     85.123  34.989643     35.819      7.172   235.6873     4.3308     2.3270     0.0237      0.052      1.612      2.338        348 1.6171e+01 0.0000e+00
      1.656    23.8372     7.1918     85.123  35.000572     35.820      7.173   235.7252     4.7917     2.5016     0.0237      0.061      1.625      2.357        349 1.5934e+01 0.0000e+00
      1.670    23.8345     7.1844     85.023  34.994879     35.823      7.177   235.3466     4.8160     2.5150     0.0237      0.066      1.640      2.379        350 1.5668e+01 0.0000e+00
      1.692    23.8299     7.1722     84.859  34.996731     35.826      7.174   235.8766     4.7796     2.4613     0.0237      0.066      1.659      2.406        351 1.5387e+01 0.0000e+00
      1.711    23.8249     7.1498     84.579  34.998270     35.828      7.173   235.8009     4.7837     2.4344     0.0237      0.064      1.678      2.434        352 1.5100e+01 0.0000e+00
      1.731    23.8225     7.1145     84.146  34.992965     35.831      7.169   235.9902     4.9494     2.5150     0.0237      0.064      1.696      2.460        353 1.4859e+01 0.0000e+00
      1.747    23.8216     7.0777     83.698  35.003336     35.835      7.160   235.8387     4.9252     2.5419     0.0237      0.065      1.712      2.483        354 1.4707e+01 0.0000e+00
      1.761    23.8188     7.0277     83.098  34.985367     35.836      7.162   235.8009     4.9778     2.5150     0.0237      0.066      1.728      2.507        355 1.4481e+01 0.0000e+00
      1.780    23.8133     6.9595     82.284  34.956013     35.780      7.160   236.1037     4.9414     2.4613     0.0237      0.069      1.747      2.534        356 1.4160e+01 0.0000e+00
      1.804    23.8089     6.8879     81.436  35.039867     35.896      7.158   236.5580     4.7311     2.5553     0.0237      0.072      1.770      2.568        357 1.3716e+01 0.0000e+00
      1.832    23.8048     6.8161     80.586  35.058957     35.901      7.153   236.4823     4.6826     2.5150     0.0237      0.075      1.795      2.604        358 1.3300e+01 0.0000e+00
      1.857    23.7984     6.7564     79.882  35.050886     35.904      7.154   236.9744     4.7068     2.5687     0.0237      0.079      1.819      2.639        359 1.3083e+01 0.0000e+00
      1.875    23.7895     6.7135     79.376  35.049914     35.907      7.155   236.9366     4.6987     2.4747     0.0237      0.082      1.840      2.669        360 1.2806e+01 0.0000e+00
      1.897    23.7784     6.6899     79.094  35.000855     35.854      7.155   237.0880     4.5613     2.5419     0.0237      0.085      1.861      2.699        361 1.2471e+01 0.0000e+00
      1.919    23.7685     6.6825     79.002  35.052627     35.918      7.156   237.0880     4.5936     2.6090     0.0237      0.088      1.883      2.730        362 1.2142e+01 0.0000e+00
      1.943    23.7586     6.6932     79.122  35.104118     35.984      7.156   237.0123     4.5936     2.5150     0.0237      0.090      1.906      2.764        363 1.1796e+01 0.0000e+00
      1.967    23.7505     6.7191     79.398  35.055409     35.933      7.155   237.3530     4.5896     2.4881     0.0237      0.090      1.927      2.796        364 1.1558e+01 0.0000e+00
      1.986    23.7450     6.7516     79.741  35.053935     35.941      7.155   237.5423     4.3995     2.4210     0.0237      0.088      1.947      2.823        365 1.1354e+01 0.0000e+00
      2.002    23.7404     6.7930     80.164  35.105958     36.004      7.157   237.6180     4.3955     2.5687     0.0237      0.085      1.962      2.846        366 1.1209e+01 0.0000e+00
      2.014    23.7385     6.8225     80.438  35.049985     35.951      7.156   237.6937     4.3753     2.5284     0.0237      0.081      1.975      2.865        367 1.1121e+01 0.0000e+00
      2.026    23.7386     6.8544     80.713  35.004967     35.897      7.157   237.7694     4.3955     2.5150     0.0237      0.076      1.988      2.883        368 1.0961e+01 0.0000e+00
      2.041    23.7395     6.8846     80.936  35.043357     35.956      7.153   238.0345     4.3672     2.4747     0.0237      0.070      2.000      2.901        369 1.0858e+01 0.0000e+00
      2.050    23.7405     6.9129     81.168  35.061524     35.956      7.146   237.8073     4.4561     2.3270     0.0237      0.063      2.011      2.917        370 1.0842e+01 0.0000e+00
      2.061    23.7386     6.9394     81.362  35.041673     35.955      7.146   237.9587     4.4642     2.2330     0.0237      0.056      2.024      2.935        371 1.0616e+01 0.0000e+00
      2.081    23.7362     6.9597     81.492  35.008746     35.897      7.145   238.3373     4.4683     2.3136     0.0237      0.052      2.042      2.961        372 1.0387e+01 0.0000e+00
      2.103    23.7301     6.9748     81.606  35.043186     35.955      7.139   238.4130     4.4602     2.3673     0.0237      0.054      2.065      2.996        373 1.0119e+01 0.0000e+00
      2.136    23.7116     6.9802     81.618  35.058130     35.958      7.139   238.5266     4.3106     2.5016     0.0237      0.061      2.094      3.038        374 9.7045e+00 0.0000e+00
      2.169    23.6825     6.9739     81.467  35.049465     35.961      7.139   238.4509     4.3429     2.4747     0.0237      0.072      2.124      3.081        375 9.4645e+00 0.0000e+00
      2.192    23.6395     6.9613     81.251  34.994658     35.918      7.137   238.6023     4.3267     2.5016     0.0237      0.082      2.148      3.115        376 9.3046e+00 0.0000e+00
      2.208    23.5910     6.9365     80.885  34.948404     35.882      7.129   238.7916     4.2984     2.6359     0.0237      0.089      2.165      3.140        377 9.1351e+00 0.0000e+00
      2.223    23.5231     6.9060     80.428  34.988415     35.971      7.126   238.8673     4.0235     2.4479     0.0237      0.093      2.182      3.165        378 8.8871e+00 0.0000e+00
      2.246    23.4386     6.8664     79.894  35.004198     36.007      7.121   239.0187     4.0154     2.3807     0.0237      0.094      2.203      3.195        379 8.7196e+00 0.0000e+00
      2.270    23.3694     6.8312     79.482  35.047414     36.114      7.118   239.2837     4.0194     2.4747     0.0237      0.091      2.225      3.227        380 8.4832e+00 0.0000e+00
      2.292    23.2958     6.7979     79.050  35.112609     36.237      7.115   239.5487     3.9830     2.5419     0.0237      0.088      2.245      3.257        381 8.2333e+00 0.0000e+00
      2.308    23.2255     6.7603     78.488  35.101047     36.287      7.111   239.6623     3.7485     2.5553     0.0237      0.082      2.262      3.281        382 8.1809e+00 0.0000e+00
      2.321    23.1849     6.7269     78.000  35.121154     36.344      7.111   239.4730     3.7727     2.4881     0.0237      0.076      2.277      3.302        383 8.0177e+00 0.0000e+00
      2.338    23.1497     6.6897     77.457  35.146934     36.454      7.112   239.3973     3.7404     2.5150     0.0238      0.075      2.294      3.327        384 7.8164e+00 0.0000e+00
      2.359    23.1020     6.6417     76.751  35.187625     36.485      7.115   239.5866     3.7606     2.4210     0.0238      0.075      2.312      3.354        385 7.6866e+00 0.0000e+00
      2.377    23.0560     6.5799     75.927  35.278139     36.656      7.112   239.5109     3.7606     2.5016     0.0238      0.074      2.331      3.381        386 7.5809e+00 0.0000e+00
      2.396    23.0058     6.5209     75.176  35.271569     36.635      7.114   240.0409     3.7444     2.5821     0.0238      0.071      2.349      3.407        387 7.4376e+00 0.0000e+00
      2.412    22.9401     6.4318     74.101  35.284795     36.728      7.108   239.4730     3.7283     2.5016     0.0238      0.069      2.364      3.429        388 7.3619e+00 0.0000e+00
      2.425    22.8936     6.3165     72.762  35.321017     36.766      7.109   239.3595     3.7242     2.5956     0.0238      0.068      2.379      3.450        389 7.2724e+00 0.0000e+00
      2.442    22.8897     6.1897     71.303  35.345147     36.875      7.111   239.7759     3.7364     2.4479     0.0239      0.068      2.395      3.473        390 7.1158e+00 0.0000e+00
      2.457    22.8596     6.0759     69.975  35.314110     36.854      7.111   239.4352     4.1124     2.5150     0.0238      0.067      2.411      3.497        391 7.0254e+00 0.0000e+00
      2.477    22.7788     6.0077     69.157  35.300348     36.855      7.113   239.5487     4.0962     2.5016     0.0238      0.066      2.429      3.522        392 6.9073e+00 0.0000e+00
      2.494    22.7096     5.9773     68.787  35.302969     36.877      7.110   239.2459     4.0841     2.5150     0.0238      0.065      2.446      3.547        393 6.7611e+00 0.0000e+00
      2.510    22.6337     5.9726     68.732  35.310866     36.942      7.108   239.3216     4.0639     2.4210     0.0238      0.065      2.462      3.571        394 6.6367e+00 0.0000e+00
      2.528    22.5329 -9.990e-29 -9.990e-29  35.409183     37.112      7.106   240.0409     4.0113     2.4613     0.0239      0.065      2.478      3.593        395 6.5204e+00 0.0000e+00
      2.542    22.4565 -9.990e-29 -9.990e-29  35.477227     37.229      7.099   240.1923     4.0113     2.5553     0.0239      0.066      2.490      3.612        396 6.4314e+00 0.0000e+00
      2.548    22.4075 -9.990e-29 -9.990e-29  35.582119     37.427      7.094   239.7380     4.0275     2.4479     0.0240      0.063      2.499      3.625        397 6.3814e+00 0.0000e+00
      2.555    22.3741 -9.990e-29 -9.990e-29  35.693902     37.605      7.091   239.8516     4.0032     2.5419     0.0240      0.058      2.505      3.634        398 6.3380e+00 0.0000e+00
      2.561    22.3661 -9.990e-29 -9.990e-29  35.575415     37.525      7.081   239.9652     4.2054     2.4881     0.0240      0.052      2.511      3.643        399 6.3312e+00 0.0000e+00
      2.566    22.3667 -9.990e-29 -9.990e-29  35.670282     37.612      7.075   240.3059     4.1852     2.5150     0.0240      0.044      2.516      3.650        400 6.3050e+00 0.0000e+00
      2.572    22.3542 -9.990e-29 -9.990e-29  35.516541     37.558      7.070   240.2302     4.2378     2.4479     0.0240      0.036      2.521      3.657        401 6.2239e+00 0.0000e+00
      2.576    22.3305 -9.990e-29 -9.990e-29  35.766749     37.617      7.069   240.0409     4.2054     2.5284     0.0240      0.030      2.526      3.664        402 6.1127e+00 0.0000e+00
      2.580    22.3157 -9.990e-29 -9.990e-29  36.634236     38.836      7.071   240.3816     3.7889     2.5821     0.0245      0.024      2.530      3.669        403 6.0087e+00 0.0000e+00
      2.583    22.3141 -9.990e-29 -9.990e-29  36.216499     38.147      7.074   240.2302     3.7970     2.5150     0.0242      0.020      2.533      3.673        404 5.9165e+00 0.0000e+00
      2.585 -9.990e-29 -9.990e-29 -9.990e-29  35.901043     37.983      7.074   240.2302     3.8011     2.5419     0.0241      0.018      2.535      3.676        405 5.9379e+00 0.0000e+00
      2.586 -9.990e-29 -9.990e-29 -9.990e-29  36.226026     38.249      7.078   240.3059     3.8294     2.5150     0.0243      0.016      2.535      3.677        406 6.0194e+00 0.0000e+00
