Data/DataNotYetUploadedToEDI/Raw_CTD/RawDownloads/091018_fcr10.cnv
* Sea-Bird SBE19plus  Data File:
* FileName = C:\DATA\091018_fcr_0001.hex
* Software version 2.6.3.104
* Temperature SN = 7809
* Conductivity SN = 7809
* System UpLoad Time = Sep 10 2018 16:56:19
* <ApplicationData>
* <Seaterm232>
# nquan = 17
# nvalues = 406                         
# units = specified
# name 0 = depFM: Depth [fresh water, m]
# name 1 = tv290C: Temperature [ITS-90, deg C]
# name 2 = sbeox0Mg/L: Oxygen, SBE 43 [mg/l]
# name 3 = sbeox0PS: Oxygen, SBE 43 [% saturation]
# name 4 = c0uS/cm: Conductivity [uS/cm]
# name 5 = specc: Specific Conductance [uS/cm]
# name 6 = ph: pH
# name 7 = orp: Oxidation Reduction Potential [mV]
# name 8 = flECO-AFL: Fluorescence, WET Labs ECO-AFL/FL [mg/m^3]
# name 9 = turbWETntu0: Turbidity, WET Labs ECO [NTU]
# name 10 = sal00: Salinity, Practical [PSU]
# name 11 = dz/dtM: Descent Rate [m/s]
# name 12 = prdM: Pressure, Strain Gauge [db]
# name 13 = prdE: Pressure, Strain Gauge [psi]
# name 14 = scan: Scan Count
# name 15 = par/sat/log: PAR/Logarithmic, Satlantic
# name 16 = flag:  0.000e+00
# span 0 =     -0.579,      2.586       
# span 1 =    18.3524,    23.8794       
# span 2 =     4.7983,     9.2477       
# span 3 =     55.621,    106.379       
# span 4 =  -0.147199,  36.634236       
# span 5 =      0.362,     38.836       
# span 6 =      5.242,      7.177       
# span 7 =    35.5739,   333.4347       
# span 8 =    -0.2143,     4.9778       
# span 9 =    -0.3720,    13.6199       
# span 10 =     0.0093,     0.0245      
# span 11 =     -0.120,      0.257      
# span 12 =     -0.567,      2.535      
# span 13 =     -0.823,      3.677      
# span 14 =          1,        406      
# span 15 = 5.9165e+00, 3.1696e+02      
# span 16 = 0.0000e+00, 0.0000e+00      
# interval = seconds: 0.25
# start_time = Sep 10 2018 14:36:59 [Instrument's time stamp, header]
# bad_flag = -9.990e-29
*END*
[from data line 86]
      0.149    23.5706     6.0050     70.646  35.471538     36.494      6.964   217.2508     3.9507     2.3539     0.0239      0.003      0.146      0.212         87 1.3786e+02 0.0000e+00
      0.148    23.5534     5.9759     70.284  35.415806     36.443      6.969   217.4780     4.0477     2.2733     0.0239      0.003      0.145      0.210         88 1.3822e+02 0.0000e+00
      0.146    23.5407     5.9462     69.918  35.419857     36.454      6.975   218.3487     4.0720     2.3002     0.0239      0.002      0.143      0.208         89 1.3856e+02 0.0000e+00
      0.145    23.5353     5.9134     69.513  35.407190     36.467      6.967   218.3865     4.0518     2.3941     0.0239      0.000      0.143      0.207         90 1.3918e+02 0.0000e+00
      0.146    23.5326     5.8728     69.019  35.372262     36.419      6.958   218.8787     4.0720     2.2599     0.0238     -0.001      0.144      0.209         91 1.3772e+02 0.0000e+00
      0.149    23.5292     5.8320     68.525  35.344700     36.423      6.955   219.1058     4.0518     2.2464     0.0238     -0.001      0.146      0.212         92 1.3614e+02 0.0000e+00
      0.151    23.5242     5.7983     68.119  35.322865     36.367      6.954   219.0680     4.0032     2.3673     0.0238     -0.001      0.148      0.215         93 1.3622e+02 0.0000e+00
      0.153    23.5168     5.7643     67.710  35.340121     36.427      6.958   219.1815     4.0477     2.2464     0.0238      0.001      0.150      0.218         94 1.3505e+02 0.0000e+00
      0.155    23.5058     5.7312     67.311  35.323225     36.374      6.960   219.1058     4.0194     2.2196     0.0238      0.004      0.151      0.219         95 1.3512e+02 0.0000e+00
      0.154    23.4909     5.7057     67.000  35.225264     36.321      6.957   219.1437     4.0113     2.2867     0.0238      0.005      0.151      0.219         96 1.3550e+02 0.0000e+00
      0.153    23.4750     5.6806     66.689  35.135806     36.186      6.959   219.0680     3.9871     2.2599     0.0237      0.005      0.150      0.218         97 1.3649e+02 0.0000e+00
      0.152    23.4609     5.6614     66.453  35.167644     36.283      6.964   220.1280     3.9709     2.3404     0.0238      0.004      0.149      0.217         98 1.3693e+02 0.0000e+00
      0.152    23.4474     5.6413     66.216  35.126334     36.209      6.968   219.8630     4.0154     2.3136     0.0237      0.003      0.149      0.216         99 1.3655e+02 0.0000e+00
      0.151    23.4329     5.6202     65.966  35.038938     36.162      6.979   220.2037     4.0073     2.3539     0.0237      0.000      0.148      0.214        100 1.3747e+02 0.0000e+00
      0.149    23.4196     5.6093     65.828  35.009499     36.114      6.984   220.3930     3.9749     2.1659     0.0237     -0.002      0.146      0.212        101 1.3746e+02 0.0000e+00
      0.148    23.4094     5.5991     65.690  35.044347     36.183      6.989   221.3015     4.0235     2.2733     0.0237     -0.003      0.146      0.211        102 1.3802e+02 0.0000e+00
      0.149    23.4012     5.5853     65.508  35.054891     36.193      6.989   221.9073     3.9951     2.2196     0.0237     -0.003      0.146      0.212        103 1.3777e+02 0.0000e+00
      0.149    23.3935     5.5617     65.213  35.055697     36.200      6.980   222.2101     3.9951     2.2196     0.0237     -0.003      0.146      0.212        104 1.3713e+02 0.0000e+00
      0.150    23.3858     5.5500     65.058  35.102664     36.264      6.974   222.3994     4.1933     2.4747     0.0237     -0.002      0.146      0.212        105 1.3706e+02 0.0000e+00
      0.150    23.3763     5.5308     64.817  35.055761     36.212      6.969   222.4373     4.1771     2.4479     0.0237     -0.001      0.146      0.212        106 1.3726e+02 0.0000e+00
      0.148    23.3644     5.5079     64.532  34.936127     36.102      6.967   223.0430     4.1933     2.3941     0.0237     -0.001      0.146      0.211        107 1.3739e+02 0.0000e+00
      0.147    23.3554     5.4896     64.304  34.954979     36.109      6.969   222.6644     4.2054     2.5553     0.0237     -0.001      0.146      0.211        108 1.3656e+02 0.0000e+00
      0.151    23.3536     5.4657     64.017  35.091620     36.292      6.968   223.1187     4.1529     2.3002     0.0237      0.000      0.149      0.215        109 1.3487e+02 0.0000e+00
      0.157    23.3528     5.4543     63.881  35.062657     36.241      6.974   223.7623     4.1407     2.3136     0.0237      0.002      0.154      0.223        110 1.3195e+02 0.0000e+00
      0.162    23.3441     5.4440     63.756  34.991027     36.184      6.982   223.4594     4.1448     2.2464     0.0237      0.005      0.158      0.228        111 1.3189e+02 0.0000e+00
      0.162    23.3293     5.4366     63.658  34.884191     36.069      6.992   222.8537     4.1205     2.2062     0.0236      0.007      0.158      0.229        112 1.3276e+02 0.0000e+00
      0.159    23.3136     5.4293     63.557  34.780415     35.960      7.004   222.5887     4.1084     2.2464     0.0236      0.007      0.156      0.226        113 1.3323e+02 0.0000e+00
      0.157    23.2983     5.4237     63.473  34.823610     36.029      7.007   223.4973     4.1407     2.2464     0.0236      0.007      0.154      0.223        114 1.3450e+02 0.0000e+00
      0.155    23.2843     5.4127     63.327  34.830444     36.041      7.002   224.0273     4.1245     2.2733     0.0236      0.005      0.152      0.220        115 1.3536e+02 0.0000e+00
      0.153    23.2708     5.3992     63.152  34.771920     35.994      6.997   224.9737     4.1245     2.1793     0.0236      0.002      0.150      0.217        116 1.3624e+02 0.0000e+00
      0.150    23.2574     5.3829     62.948  34.688852     35.918      6.990   224.8601     4.1326     2.3136     0.0236     -0.002      0.148      0.214        117 1.3653e+02 0.0000e+00
      0.149    23.2462     5.3674     62.758  34.696573     35.928      6.983   225.2766     3.9871     2.3941     0.0236     -0.006      0.147      0.214        118 1.3631e+02 0.0000e+00
      0.152    23.2402     5.3524     62.576  34.762318     36.025      6.982   225.2766     3.9790     2.2733     0.0236     -0.007      0.149      0.216        119 1.3478e+02 0.0000e+00
      0.155    23.2388     5.3367     62.384  34.844293     36.091      6.988   225.4658     3.9871     2.2599     0.0236     -0.005      0.152      0.220        120 1.3409e+02 0.0000e+00
      0.158    23.2350     5.3269     62.258  34.920786     36.211      6.991   225.5037     3.9790     2.2733     0.0237     -0.001      0.155      0.225        121 1.3201e+02 0.0000e+00
      0.161    23.2255     5.3208     62.172  34.845068     36.096      6.987   225.6551     4.1609     2.2464     0.0236      0.002      0.157      0.228        122 1.3216e+02 0.0000e+00
      0.160    23.2122     5.3041     61.963  34.760583     36.041      6.984   225.2387     4.2175     2.2599     0.0236      0.004      0.157      0.228        123 1.3359e+02 0.0000e+00
      0.160    23.1971     5.2865     61.744  34.699704     35.962      6.989   225.5037     4.2014     2.3807     0.0236      0.006      0.156      0.227        124 1.3346e+02 0.0000e+00
      0.157    23.1822     5.2718     61.562  34.683582     35.971      7.000   226.3366     4.1771     2.3404     0.0236      0.005      0.154      0.225        125 1.3410e+02 0.0000e+00
      0.157    23.1684     5.2467     61.259  34.662025     35.954      7.008   226.9423     4.0720     2.4210     0.0236      0.004      0.154      0.224        126 1.3338e+02 0.0000e+00
      0.157    23.1570     5.2186     60.922  34.637570     35.936      7.014   227.0558     4.0437     2.5150     0.0235      0.002      0.155      0.224        127 1.3319e+02 0.0000e+00
      0.160    23.1494     5.2011     60.707  34.684368     36.004      7.016   227.3208     4.0679     2.5553     0.0236      0.000      0.157      0.228        128 1.3166e+02 0.0000e+00
      0.164    23.1441     5.1796     60.443  34.781730     36.100      7.021   227.5480     4.0801     2.5419     0.0236      0.001      0.161      0.233        129 1.3056e+02 0.0000e+00
      0.167    23.1370     5.1615     60.219  34.753661     36.105      7.028   227.7751     4.0801     2.5150     0.0236      0.002      0.163      0.237        130 1.3031e+02 0.0000e+00
      0.168    23.1268     5.1476     60.047  34.659991     35.964      7.034   227.4344     4.0477     2.5419     0.0235      0.005      0.165      0.239        131 1.2982e+02 0.0000e+00
      0.169    23.1150     5.1324     59.861  34.690709     36.057      7.020   227.3587     4.0679     2.4747     0.0236      0.006      0.165      0.239        132 1.3009e+02 0.0000e+00
      0.168    23.1029     5.1203     59.715  34.596811     35.919      7.014   227.5101     4.0598     2.5284     0.0235      0.007      0.164      0.238        133 1.3061e+02 0.0000e+00
      0.166    23.0917     5.1066     59.552  34.509940     35.870      7.019   228.1916     4.0598     2.4881     0.0235      0.006      0.163      0.237        134 1.3098e+02 0.0000e+00
      0.165    23.0826     5.0937     59.398  34.472603     35.821      7.020   228.3430     4.1812     2.3270     0.0235      0.004      0.162      0.235        135 1.3182e+02 0.0000e+00
      0.164    23.0748     5.0804     59.241  34.465345     35.829      7.027   228.7594     4.1933     2.2599     0.0235      0.001      0.160      0.232        136 1.3255e+02 0.0000e+00
      0.161    23.0664     5.0588     58.987  34.459664     35.836      7.028   228.8351     4.1609     2.2330     0.0235     -0.002      0.159      0.231        137 1.3228e+02 0.0000e+00
      0.162    23.0566     5.0397     58.759  34.450022     35.813      7.037   229.1759     4.2095     2.3136     0.0235     -0.004      0.159      0.231        138 1.3181e+02 0.0000e+00
      0.164    23.0456     5.0298     58.633  34.447693     35.848      7.043   229.6680     4.0841     2.2464     0.0235     -0.003      0.160      0.233        139 1.3124e+02 0.0000e+00
      0.165    23.0348     5.0104     58.398  34.373597     35.739      7.051   230.1601     4.0598     2.3136     0.0234     -0.003      0.162      0.235        140 1.3053e+02 0.0000e+00
      0.167    23.0255     4.9956     58.217  34.393957     35.805      7.055   230.3873     4.0639     2.3673     0.0235     -0.001      0.164      0.237        141 1.2975e+02 0.0000e+00
      0.168    23.0184     4.9778     57.999  34.422360     35.814      7.059   230.2359     4.0841     2.3404     0.0235      0.001      0.165      0.239        142 1.2906e+02 0.0000e+00
      0.169    23.0141     4.9659     57.847  34.397566     35.820      7.062   229.5166     4.2014     2.2330     0.0235      0.003      0.165      0.239        143 1.2875e+02 0.0000e+00
      0.168    23.0110     4.9582     57.745  34.335849     35.739      7.063   229.4787     4.2014     2.3136     0.0234      0.004      0.164      0.239        144 1.2969e+02 0.0000e+00
      0.167    23.0082     4.9520     57.660  34.350890     35.771      7.062   229.4787     4.2054     2.2599     0.0234      0.004      0.164      0.238        145 1.3033e+02 0.0000e+00
      0.167    23.0069     4.9515     57.644  34.349196     35.773      7.065   229.8951     4.2175     2.2867     0.0234      0.002      0.163      0.237        146 1.3068e+02 0.0000e+00
      0.165    23.0051     4.9461     57.573  34.308302     35.717      7.070   230.2359     4.0558     2.5284     0.0234      0.001      0.161      0.234        147 1.3135e+02 0.0000e+00
      0.162    22.9994     4.9415     57.514  34.342468     35.776      7.071   230.9551     4.0477     2.5553     0.0234     -0.002      0.159      0.232        148 1.3119e+02 0.0000e+00
      0.163    22.9908     4.9389     57.480  34.306676     35.719      7.071   231.3337     4.0558     2.4747     0.0234     -0.003      0.159      0.231        149 1.3178e+02 0.0000e+00
      0.162    22.9824     4.9286     57.356  34.323190     35.753      7.068   231.5987     4.0396     2.5687     0.0234     -0.004      0.159      0.230        150 1.3217e+02 0.0000e+00
      0.161    22.9739     4.9208     57.261  34.292264     35.730      7.065   231.5230     4.1933     2.3404     0.0234     -0.004      0.159      0.230        151 1.3183e+02 0.0000e+00
      0.162    22.9644     4.9151     57.189  34.226543     35.649      7.054   232.2044     4.1933     2.2599     0.0234     -0.004      0.159      0.230        152 1.3134e+02 0.0000e+00
      0.162    22.9534     4.8983     56.983  34.286359     35.742      7.047   232.2044     4.1892     2.2733     0.0234     -0.003      0.160      0.232        153 1.3086e+02 0.0000e+00
      0.165    22.9412     4.8840     56.805  34.306795     35.750      7.050   232.4316     4.1933     2.3807     0.0234     -0.001      0.162      0.235        154 1.2882e+02 0.0000e+00
      0.169    22.9299     4.8711     56.640  34.290084     35.758      7.057   232.2801     4.1933     2.2733     0.0234      0.002      0.166      0.240        155 1.2755e+02 0.0000e+00
      0.173    22.9202     4.8579     56.475  34.247851     35.709      7.066   232.0151     4.1933     2.3539     0.0234      0.005      0.170      0.245        156 1.2636e+02 0.0000e+00
      0.176    22.9133     4.8510     56.383  34.211079     35.688      7.069   231.7123     4.2297     2.2599     0.0234      0.007      0.172      0.249        157 1.2563e+02 0.0000e+00
      0.176    22.9087     4.8436     56.286  34.217227     35.695      7.048   231.9773     4.1933     2.3136     0.0234      0.008      0.172      0.249        158 1.2613e+02 0.0000e+00
      0.175    22.9046     4.8362     56.189  34.210548     35.700      7.018   232.0909     4.2054     2.2867     0.0234      0.008      0.171      0.248        159 1.2714e+02 0.0000e+00
      0.173    22.9009     4.8314     56.121  34.219394     35.704      7.009   232.6209     4.1933     2.4210     0.0234      0.007      0.170      0.245        160 1.2747e+02 0.0000e+00
      0.170    22.8973     4.8278     56.066  34.235876     35.736      7.014   232.5451     4.1973     2.5150     0.0234      0.004      0.167      0.242        161 1.2842e+02 0.0000e+00
      0.168    22.8918     4.8231     55.996  34.160382     35.651      7.026   233.0752     4.2054     2.5687     0.0233      0.001      0.164      0.239        162 1.3017e+02 0.0000e+00
      0.165    22.8823     4.8196     55.940  34.105757     35.596      7.034   233.1509     4.1852     2.4210     0.0233     -0.003      0.162      0.236        163 1.2936e+02 0.0000e+00
      0.165    22.8705     4.8137     55.856  34.155580     35.658      7.038   233.7566     4.0477     2.5150     0.0233     -0.006      0.162      0.236        164 1.3016e+02 0.0000e+00
      0.166    22.8583     4.8092     55.788  34.157694     35.665      7.039   234.2109     4.0558     2.4747     0.0233     -0.006      0.163      0.237        165 1.2846e+02 0.0000e+00
      0.169    22.8467     4.8046     55.721  34.162442     35.674      7.045   234.4759     4.0720     2.5150     0.0233     -0.005      0.165      0.240        166 1.2825e+02 0.0000e+00
      0.170    22.8363     4.8015     55.673  34.120020     35.654      7.046   234.3623     4.0679     2.5419     0.0233     -0.003      0.167      0.242        167 1.2789e+02 0.0000e+00
      0.172    22.8256     4.8004     55.652  34.062214     35.575      7.046   234.0594     4.1731     2.7030     0.0233     -0.000      0.168      0.244        168 1.2706e+02 0.0000e+00
      0.172    22.8147     4.7983     55.621  34.145418     35.699      7.039   234.0216     4.1771     2.6090     0.0234      0.002      0.169      0.244        169 1.2746e+02 0.0000e+00
      0.172    22.8036     4.8018     55.663  34.164758     35.707      7.032   233.9459     4.2054     2.7701     0.0234      0.004      0.169      0.244        170 1.2740e+02 0.0000e+00
