Data/DataNotYetUploadedToEDI/Raw_CTD/RawDownloads/091018_fcr50.cnv
* Sea-Bird SBE19plus  Data File:
* FileName = C:\DATA\091018_fcr_0005.hex
* Software version 2.6.3.104
* Temperature SN = 7809
* Conductivity SN = 7809
* System UpLoad Time = Sep 10 2018 16:58:25
* <ApplicationData>
* <Seaterm232>
# nquan = 17
# nvalues = 1846                        
# units = specified
# name 0 = depFM: Depth [fresh water, m]
# name 1 = tv290C: Temperature [ITS-90, deg C]
# name 2 = sbeox0Mg/L: Oxygen, SBE 43 [mg/l]
# name 3 = sbeox0PS: Oxygen, SBE 43 [% saturation]
# name 4 = c0uS/cm: Conductivity [uS/cm]
# name 5 = specc: Specific Conductance [uS/cm]
# name 6 = ph: pH
# name 7 = orp: Oxidation Reduction Potential [mV]
# name 8 = flECO-AFL: Fluorescence, WET Labs ECO-AFL/FL [mg/m^3]
# name 9 = turbWETntu0: Turbidity, WET Labs ECO [NTU]
# name 10 = sal00: Salinity, Practical [PSU]
# name 11 = dz/dtM: Descent Rate [m/s]
# name 12 = prdM: Pressure, Strain Gauge [db]
# name 13 = prdE: Pressure, Strain Gauge [psi]
# name 14 = scan: Scan Count
# name 15 = par/sat/log: PAR/Logarithmic, Satlantic
# name 16 = flag:  0.000e+00
# span 0 =     -0.578,      9.715       
# span 1 =    12.2393,    24.0225       
# span 2 =     0.0357,     9.2523       
# span 3 =      0.367,    105.954       
# span 4 =  -3.096681, 285.156243       
# span 5 =     -4.855,    383.231       
# span 6 =      6.059,      7.669       
# span 7 =   180.4157,   337.7883       
# span 8 =    -0.2305,    20.6752       
# span 9 =    -0.3049,    46.6124       
# span 10 =     0.0000,     0.1824      
# span 11 =     -0.510,      0.194      
# span 12 =     -0.567,      9.527      
# span 13 =     -0.822,     13.818      
# span 14 =          1,       1846      
# span 15 = 1.2090e-01, 2.8581e+02      
# span 16 = 0.0000e+00, 0.0000e+00      
# interval = seconds: 0.25
# start_time = Sep 10 2018 17:24:46 [Instrument's time stamp, header]
# bad_flag = -9.990e-29
*END*
[from data line 171]
     -0.032    22.7633     5.4766     64.098  33.867134     35.426      7.258   205.6665     4.6826     1.9242     0.0232     -0.000     -0.032     -0.046        172 2.0226e+02 0.0000e+00
     -0.032    22.7401     5.9455     69.978  33.803736     35.356      7.250   205.9694     4.7190     1.8436     0.0232     -0.000     -0.031     -0.046        173 2.0249e+02 0.0000e+00
     -0.032    22.7175     6.5519     77.353  33.821910     35.403      7.242   205.6286     4.7109     1.9510     0.0232     -0.000     -0.031     -0.046        174 2.0263e+02 0.0000e+00
     -0.032    22.6953     7.1984     85.127  33.814874     35.420      7.238   205.2879     4.7230     1.9645     0.0232     -0.000     -0.031     -0.046        175 2.0264e+02 0.0000e+00
     -0.032    22.6735     7.7885     92.182  33.753194     35.349      7.236   205.2879     4.6745     1.9645     0.0232     -0.000     -0.031     -0.046        176 2.0306e+02 0.0000e+00
     -0.032    22.6517     8.2782     98.009  33.809714     35.453      7.232   205.4394     4.7837     1.9107     0.0232      0.000     -0.031     -0.046        177 2.0339e+02 0.0000e+00
     -0.031    22.6307     8.6367    102.262  33.744546     35.382      7.232   205.7044     4.7756     1.9645     0.0232      0.000     -0.031     -0.045        178 2.0361e+02 0.0000e+00
     -0.031    22.6100     8.8576    104.866  33.804648     35.456      7.229   207.4458     4.7998     1.8973     0.0232      0.000     -0.031     -0.045        179 2.0396e+02 0.0000e+00
     -0.032    22.5951     8.8954    105.318  33.705271     35.413      7.224   207.4458     4.7796     1.9376     0.0232      0.000     -0.031     -0.045        180 2.0396e+02 0.0000e+00
     -0.031    22.7828     8.8150    104.374  33.897884     35.517      7.218   207.8244     4.8079     2.1659     0.0232      0.000     -0.031     -0.045        181 2.0410e+02 0.0000e+00
     -0.031    23.1925     8.6954    102.939  34.929137     36.761      7.211   207.9001     4.7958     2.0719     0.0237      0.000     -0.031     -0.045        182 2.0449e+02 0.0000e+00
     -0.031    23.5015     8.5651    101.397  35.387515     37.005      7.204   206.7265     4.7917     2.0853     0.0239      0.001     -0.030     -0.043        183 2.0471e+02 0.0000e+00
     -0.028    23.6595     8.4524    100.070  35.403316     36.733      7.203   206.1965     4.8322     2.1793     0.0239      0.002     -0.027     -0.039        184 2.0525e+02 0.0000e+00
     -0.024    23.7525     8.3566     99.000  35.472801     36.565      7.210   208.3922     4.7877     1.9645     0.0239      0.003     -0.024     -0.035        185 2.0585e+02 0.0000e+00
     -0.023    23.7945     8.2778     98.142  35.419527     36.385      7.204   208.5437     4.7837     1.9913     0.0239      0.004     -0.022     -0.032        186 2.0616e+02 0.0000e+00
     -0.022    23.8134     8.2248     97.562  35.410213     36.318      7.195   209.1115     4.7675     1.9510     0.0239      0.005     -0.022     -0.031        187 2.0624e+02 0.0000e+00
     -0.022    23.8167     8.1888     97.183  35.425030     36.286      7.183   208.2787     4.7554     1.9107     0.0239      0.006     -0.021     -0.031        188 2.0754e+02 0.0000e+00
     -0.021    23.8119     8.1606     96.885  35.460379     36.330      7.174   208.5815     4.8605     1.9779     0.0239      0.006     -0.020     -0.029        189 2.0723e+02 0.0000e+00
     -0.019    23.8141     8.1440     96.711  35.484841     36.327      7.174   207.4458     4.8645     1.9510     0.0239      0.006     -0.016     -0.024        190 2.0894e+02 0.0000e+00
     -0.010    23.8167     8.1263     96.495  35.513214     36.388      7.202   208.0515     4.8807     2.0450     0.0239      0.008     -0.008     -0.012        191 2.0752e+02 0.0000e+00
      0.003    23.8093     8.0886     96.037  35.603016     36.444      7.239   207.7865     4.8686     1.9107     0.0239      0.011      0.002      0.003        192 1.7972e+02 0.0000e+00
      0.013    23.8072     8.0504     95.578  35.699321     36.584      7.283   207.8622     4.9858     2.1793     0.0240      0.016      0.012      0.017        193 1.4245e+02 0.0000e+00
      0.020    23.8137     8.0148     95.145  35.660287     36.506      7.320   206.7644     5.0141     2.2733     0.0240      0.022      0.020      0.028        194 1.3394e+02 0.0000e+00
      0.028    23.8462     7.9833     94.777  35.710910     36.591      7.358   206.3101     5.0101     2.0719     0.0240      0.027      0.026      0.038        195 1.3926e+02 0.0000e+00
      0.031    23.8871     7.9716     94.651  35.695637     36.560      7.368   206.0072     5.0141     2.1659     0.0240      0.030      0.031      0.044        196 1.3696e+02 0.0000e+00
      0.035    23.9148     7.9749     94.697  35.590315     36.420      7.399   205.7801     5.0182     2.1390     0.0239      0.030      0.037      0.053        197 1.3496e+02 0.0000e+00
      0.047    23.9405     7.9885     94.869  35.515730     36.332      7.457   206.2722     4.9616     2.1659     0.0239      0.031      0.047      0.067        198 1.3334e+02 0.0000e+00
      0.059    23.9616     8.0122     95.148  35.432547     36.198      7.498   206.3858     4.9494     2.2733     0.0239      0.030      0.058      0.083        199 1.2885e+02 0.0000e+00
      0.069    23.9733     8.0319     95.382  35.397245     36.178      7.540   205.4015     4.9697     2.1659     0.0239      0.030      0.068      0.097        200 1.2789e+02 0.0000e+00
      0.078    23.9709     8.0443     95.538  35.381704     36.106      7.561   205.6286     4.9333     2.1390     0.0238      0.032      0.076      0.110        201 1.2934e+02 0.0000e+00
      0.085    23.9648     8.0486     95.593  35.451877     36.211      7.568   203.6601     5.0182     2.1524     0.0239      0.033      0.083      0.120        202 1.2357e+02 0.0000e+00
      0.090    23.9612     8.0476     95.585  35.428541     36.156      7.561   204.2658     5.0182     2.1927     0.0239      0.034      0.088      0.127        203 1.2258e+02 0.0000e+00
      0.093    23.9563     8.0371     95.460  35.410746     36.161      7.550   203.6601     5.0182     2.1659     0.0239      0.033      0.094      0.136        204 1.2235e+02 0.0000e+00
      0.105    23.9597     8.0156     95.207  35.474027     36.220      7.566   203.2815     5.0182     2.1524     0.0239      0.032      0.105      0.152        205 1.1676e+02 0.0000e+00
      0.124    23.9663     7.9938     94.946  35.468422     36.224      7.583   203.6979     5.0586     2.1524     0.0239      0.033      0.122      0.176        206 1.1359e+02 0.0000e+00
      0.142    23.9708     7.9616     94.544  35.477037     36.221      7.590   204.7201     5.0627     2.2464     0.0239      0.037      0.137      0.199        207 1.1138e+02 0.0000e+00
      0.153    23.9756     7.9422     94.291  35.522619     36.273      7.558   202.6001     5.0546     2.2062     0.0239      0.041      0.150      0.218        208 1.1072e+02 0.0000e+00
      0.164    23.9752     7.9075     93.868  35.471008     36.213      7.554   202.7893     5.0708     2.1659     0.0239      0.045      0.161      0.234        209 1.0945e+02 0.0000e+00
      0.177    23.9754     7.8663     93.379  35.422634     36.152      7.558   203.2815     4.9778     2.2464     0.0239      0.049      0.171      0.249        210 1.0794e+02 0.0000e+00
      0.185    23.9796     7.8399     93.083  35.464189     36.210      7.546   203.5844     4.9899     2.2062     0.0239      0.051      0.181      0.263        211 1.0755e+02 0.0000e+00
      0.192    23.9822     7.8224     92.902  35.478608     36.210      7.542   203.4329     5.0020     2.1122     0.0239      0.050      0.190      0.275        212 1.0672e+02 0.0000e+00
      0.204    23.9838     7.8228     92.925  35.582636     36.320      7.558   203.5844     5.0182     2.1122     0.0239      0.046      0.200      0.290        213 1.0501e+02 0.0000e+00
      0.215    23.9841     7.8372     93.110  35.631306     36.376      7.569   204.4929     4.8807     2.1524     0.0239      0.043      0.210      0.305        214 1.0396e+02 0.0000e+00
      0.223    23.9853     7.8756     93.576  35.536669     36.260      7.568   205.2122     4.8888     2.2330     0.0239      0.040      0.217      0.316        215 1.0328e+02 0.0000e+00
      0.227    23.9842     7.9157     94.052  35.522461     36.260      7.552   205.3636     4.8767     2.0719     0.0239      0.037      0.222      0.322        216 1.0312e+02 0.0000e+00
      0.228    23.9731     7.9485     94.438  35.530354     36.259      7.545   205.1365     4.8767     2.1390     0.0239      0.033      0.224      0.325        217 1.0270e+02 0.0000e+00
      0.231    23.9604     7.9708     94.706  35.586161     36.317      7.556   204.9851     4.8848     2.1256     0.0239      0.028      0.228      0.331        218 1.0162e+02 0.0000e+00
      0.240    23.9541     7.9793     94.816  35.690275     36.440      7.572   205.2501     5.1152     2.0853     0.0240      0.026      0.238      0.345        219 9.9365e+01 0.0000e+00
      0.258    23.9543     7.9734     94.756  35.727028     36.478      7.593   205.2122     5.1274     2.1122     0.0240      0.026      0.255      0.370        220 9.5179e+01 0.0000e+00
      0.283    23.9642     7.9601     94.600  35.718375     36.482      7.602   206.0072     5.1152     2.0853     0.0240      0.031      0.276      0.401        221 9.2345e+01 0.0000e+00
      0.304    23.9794     7.9475     94.447  35.641730     36.397      7.605   205.7044     5.1274     2.1927     0.0239      0.040      0.296      0.429        222 9.0421e+01 0.0000e+00
      0.319    23.9902     7.9232     94.157  35.525833     36.275      7.609   205.2122     5.0101     2.1390     0.0239      0.049      0.312      0.453        223 8.8503e+01 0.0000e+00
      0.332    23.9981     7.9140     94.050  35.477051     36.207      7.606   205.7801     4.9656     2.0987     0.0239      0.058      0.326      0.473        224 8.7356e+01 0.0000e+00
      0.346    24.0035     7.9075     93.975  35.465170     36.199      7.614   206.0072     4.9656     2.0719     0.0239      0.064      0.341      0.495        225 8.5222e+01 0.0000e+00
      0.366    24.0033     7.9120     94.025  35.481298     36.193      7.617   207.2565     4.9980     2.0584     0.0239      0.068      0.358      0.520        226 8.3340e+01 0.0000e+00
      0.384    24.0018     7.9181     94.094  35.516291     36.246      7.618   206.7644     5.1193     2.0853     0.0239      0.069      0.376      0.545        227 8.2272e+01 0.0000e+00
      0.400    24.0031     7.9212     94.125  35.480935     36.189      7.623   207.4079     5.1395     2.1256     0.0239      0.067      0.392      0.568        228 8.1144e+01 0.0000e+00
      0.415    24.0082     7.9177     94.076  35.406667     36.133      7.629   208.4301     5.1395     2.1122     0.0239      0.064      0.407      0.591        229 7.9958e+01 0.0000e+00
      0.432    24.0140     7.9148     94.035  35.430770     36.132      7.632   208.8087     5.1072     2.1390     0.0239      0.063      0.423      0.614        230 7.8590e+01 0.0000e+00
      0.448    24.0149     7.9074     93.949  35.510255     36.242      7.638   207.7108     5.0020     2.1122     0.0239      0.064      0.438      0.636        231 7.7306e+01 0.0000e+00
      0.460    24.0131     7.9134     94.026  35.485696     36.181      7.627   209.1494     5.0101     2.2464     0.0239      0.064      0.450      0.652        232 7.6734e+01 0.0000e+00
      0.467    24.0125     7.9258     94.179  35.520648     36.237      7.614   209.7929     5.0101     2.2464     0.0239      0.061      0.458      0.663        233 7.6214e+01 0.0000e+00
      0.472    24.0141     7.9417     94.376  35.526072     36.239      7.605   210.5122     5.0384     2.1524     0.0239      0.054      0.463      0.671        234 7.5452e+01 0.0000e+00
      0.477    24.0152     7.9498     94.478  35.538262     36.239      7.595   210.9665     5.4104     2.0987     0.0239      0.047      0.467      0.678        235 7.4970e+01 0.0000e+00
      0.481    24.0132     7.9586     94.586  35.624110     36.352      7.586   208.7708     5.3902     2.1390     0.0239      0.040      0.471      0.683        236 7.4623e+01 0.0000e+00
      0.483    24.0108     7.9617     94.618  35.597182     36.294      7.584   209.4901     5.4064     2.1659     0.0239      0.032      0.474      0.687        237 7.4157e+01 0.0000e+00
      0.487    24.0081     7.9553     94.534  35.571772     36.296      7.583   209.1872     5.4064     2.1390     0.0239      0.025      0.477      0.692        238 7.3526e+01 0.0000e+00
      0.490    24.0037     7.9526     94.496  35.596417     36.297      7.583   209.4901     5.3740     2.0987     0.0239      0.019      0.481      0.698        239 7.2904e+01 0.0000e+00
      0.496    24.0000     7.9431     94.381  35.625828     36.357      7.585   210.5122     5.1314     1.9107     0.0239      0.016      0.488      0.708        240 7.1664e+01 0.0000e+00
      0.508    24.0009     7.9307     94.233  35.594486     36.303      7.597   211.0801     5.1395     1.9913     0.0239      0.017      0.499      0.724        241 6.9785e+01 0.0000e+00
      0.524    24.0040     7.9273     94.192  35.576108     36.306      7.606   208.3165     5.1395     1.9645     0.0239      0.022      0.514      0.746        242 6.8097e+01 0.0000e+00
      0.541    24.0076     7.9205     94.108  35.589386     36.305      7.615   208.5437     5.1233     1.9510     0.0239      0.029      0.531      0.771        243 6.6134e+01 0.0000e+00
      0.562    24.0119     7.9123     94.009  35.518646     36.246      7.619   208.7708     5.1799     2.0450     0.0239      0.039      0.551      0.799        244 6.4252e+01 0.0000e+00
      0.582    24.0155     7.9149     94.041  35.486196     36.186      7.616   210.0201     5.1921     2.1927     0.0239      0.049      0.570      0.828        245 6.2631e+01 0.0000e+00
      0.602    24.0169     7.9349     94.281  35.511138     36.240      7.621   210.1337     5.2123     2.1659     0.0239      0.059      0.590      0.856        246 6.0609e+01 0.0000e+00
      0.623    24.0143     7.9500     94.460  35.487605     36.180      7.611   210.6637     5.1799     2.1256     0.0239      0.068      0.610      0.885        247 5.8967e+01 0.0000e+00
      0.641    24.0096     7.9526     94.488  35.515482     36.236      7.599   209.3387     5.0708     2.1524     0.0239      0.073      0.628      0.911        248 5.7266e+01 0.0000e+00
      0.658    24.0061     7.9518     94.475  35.535760     36.238      7.599   209.2629     5.0667     2.1659     0.0239      0.076      0.647      0.939        249 5.5522e+01 0.0000e+00
      0.681    24.0052     7.9405     94.337  35.581000     36.298      7.601   209.8308     5.0465     2.1659     0.0239      0.077      0.669      0.971        250 5.3552e+01 0.0000e+00
      0.709    24.0050     7.9335     94.250  35.637130     36.358      7.598   210.1715     5.0546     2.1793     0.0239      0.080      0.694      1.007        251 5.1479e+01 0.0000e+00
      0.735    24.0043     7.9252     94.148  35.732830     36.444      7.587   211.6479     5.0546     2.1659     0.0240      0.083      0.718      1.042        252 5.0028e+01 0.0000e+00
      0.753    24.0031     7.9152     94.027  35.788142     36.530      7.578   212.1022     5.0910     2.1524     0.0240      0.085      0.736      1.068        253 4.9156e+01 0.0000e+00
      0.764    24.0020     7.9138     94.010  35.746245     36.445      7.567   211.5344     5.0748     2.0853     0.0240      0.083      0.749      1.087        254 4.8253e+01 0.0000e+00
      0.777    24.0026     7.9071     93.930  35.695997     36.446      7.571   211.3829     5.0505     2.1659     0.0240      0.080      0.762      1.106        255 4.7119e+01 0.0000e+00
