Data/DataNotYetUploadedToEDI/Raw_CTD/RawDownloads/091018_fcr45.cnv
* Sea-Bird SBE19plus  Data File:
* FileName = C:\DATA\091018_fcr_0004.hex
* Software version 2.6.3.104
* Temperature SN = 7809
* Conductivity SN = 7809
* System UpLoad Time = Sep 10 2018 16:57:32
* <ApplicationData>
* <Seaterm232>
# nquan = 17
# nvalues = 830                         
# units = specified
# name 0 = depFM: Depth [fresh water, m]
# name 1 = tv290C: Temperature [ITS-90, deg C]
# name 2 = sbeox0Mg/L: Oxygen, SBE 43 [mg/l]
# name 3 = sbeox0PS: Oxygen, SBE 43 [% saturation]
# name 4 = c0uS/cm: Conductivity [uS/cm]
# name 5 = specc: Specific Conductance [uS/cm]
# name 6 = ph: pH
# name 7 = orp: Oxidation Reduction Potential [mV]
# name 8 = flECO-AFL: Fluorescence, WET Labs ECO-AFL/FL [mg/m^3]
# name 9 = turbWETntu0: Turbidity, WET Labs ECO [NTU]
# name 10 = sal00: Salinity, Practical [PSU]
# name 11 = dz/dtM: Descent Rate [m/s]
# name 12 = prdM: Pressure, Strain Gauge [db]
# name 13 = prdE: Pressure, Strain Gauge [psi]
# name 14 = scan: Scan Count
# name 15 = par/sat/log: PAR/Logarithmic, Satlantic
# name 16 = flag:  0.000e+00
# span 0 =     -0.568,      7.269       
# span 1 =    12.2481,    24.0138       
# span 2 =    -0.0818,     8.9722       
# span 3 =     -0.928,    101.867       
# span 4 =   0.389821,  69.086866       
# span 5 =      0.444,     90.116       
# span 6 =      5.858,      7.445       
# span 7 =   162.2442,   260.5595       
# span 8 =    -0.2305,    22.1066       
# span 9 =    -0.3452,    18.7359       
# span 10 =     0.0099,     0.0441      
# span 11 =     -0.155,      0.129      
# span 12 =     -0.557,      7.128      
# span 13 =     -0.807,     10.338      
# span 14 =          1,        830      
# span 15 = 1.2462e-01, 5.0618e+02      
# span 16 = 0.0000e+00, 0.0000e+00      
# interval = seconds: 0.25
# start_time = Sep 10 2018 15:44:58 [Instrument's time stamp, header]
# bad_flag = -9.990e-29
*END*
[from data line 341]
     -0.119    23.9900     7.6678     91.097  35.456232     36.214      7.315   213.4272     5.8593     2.1793     0.0239      0.019     -0.115     -0.168        342 3.6965e+02 0.0000e+00
     -0.112    23.9967     7.6822     91.266  35.426787     36.149      7.319   212.9351     5.8107     2.0584     0.0239      0.016     -0.110     -0.160        343 3.6758e+02 0.0000e+00
     -0.106    23.9994     7.6907     91.364  35.410321     36.142      7.321   212.8972     5.8350     2.1927     0.0239      0.014     -0.105     -0.153        344 3.6555e+02 0.0000e+00
     -0.104    24.0003     7.6959     91.425  35.476719     36.194      7.315   212.7079     5.8916     2.3941     0.0239      0.014     -0.102     -0.149        345 3.6481e+02 0.0000e+00
     -0.104    24.0001     7.6962     91.428  35.462783     36.192      7.311   212.7458     5.8916     2.3002     0.0239      0.014     -0.101     -0.147        346 3.6486e+02 0.0000e+00
     -0.102    23.9983     7.6967     91.435  35.427664     36.134      7.306   212.5187     5.9037     2.2867     0.0239      0.014     -0.099     -0.143        347 3.6331e+02 0.0000e+00
     -0.097    23.9972     7.6852     91.300  35.461108     36.191      7.308   212.9351     5.8916     2.3270     0.0239      0.014     -0.096     -0.138        348 3.6147e+02 0.0000e+00
     -0.094    23.9977     7.6697     91.117  35.480476     36.193      7.312   212.7458     5.9482     2.1793     0.0239      0.013     -0.093     -0.135        349 3.6087e+02 0.0000e+00
     -0.093    23.9982     7.6491     90.871  35.462877     36.194      7.312   212.6322     5.9968     2.0450     0.0239      0.011     -0.091     -0.133        350 3.5979e+02 0.0000e+00
     -0.092    23.9983     7.6299     90.644  35.483011     36.193      7.316   212.4429     5.9563     2.1390     0.0239      0.009     -0.090     -0.130        351 3.5891e+02 0.0000e+00
     -0.090    23.9979     7.6076     90.381  35.514735     36.250      7.319   212.8215     5.9927     2.1390     0.0239      0.008     -0.087     -0.127        352 3.5857e+02 0.0000e+00
     -0.086    23.9963     7.5990     90.279  35.482712     36.193      7.320   212.8594     6.0776     2.0853     0.0239      0.009     -0.085     -0.123        353 3.5790e+02 0.0000e+00
     -0.085    23.9950     7.6075     90.383  35.463547     36.193      7.319   213.2380     6.0574     2.1256     0.0239      0.009     -0.083     -0.121        354 3.5742e+02 0.0000e+00
     -0.085    23.9943     7.6222     90.561  35.479270     36.194      7.323   213.0108     6.0938     2.2330     0.0239      0.008     -0.083     -0.121        355 3.5726e+02 0.0000e+00
     -0.084    23.9939     7.6473     90.859  35.463146     36.195      7.323   212.8215     6.0938     2.2464     0.0239      0.007     -0.083     -0.120        356 3.5729e+02 0.0000e+00
     -0.084    23.9949     7.6688     91.112  35.483614     36.196      7.325   213.0108     5.9927     2.0719     0.0239      0.006     -0.082     -0.119        357 3.5772e+02 0.0000e+00
     -0.083    23.9959     7.6810     91.253  35.513113     36.253      7.326   213.2758     6.0291     2.1793     0.0239      0.005     -0.082     -0.119        358 3.5705e+02 0.0000e+00
     -0.083    23.9960     7.6906     91.363  35.485750     36.195      7.325   213.2380     6.0412     2.0719     0.0239      0.004     -0.082     -0.119        359 3.5622e+02 0.0000e+00
     -0.083    23.9958     7.6952     91.418  35.458351     36.194      7.326   213.3515     6.0170     2.1390     0.0239      0.002     -0.082     -0.118        360 3.5644e+02 0.0000e+00
     -0.082    23.9963     7.6924     91.385  35.487895     36.194      7.329   213.1622     6.0251     2.2733     0.0239      0.001     -0.081     -0.117        361 3.5539e+02 0.0000e+00
     -0.080    23.9973     7.6804     91.244  35.508299     36.252      7.327   213.4651     6.0089     2.2464     0.0239      0.002     -0.078     -0.114        362 3.5378e+02 0.0000e+00
     -0.076    23.9976     7.6653     91.066  35.492274     36.194      7.328   213.5787     6.0048     2.4210     0.0239      0.003     -0.075     -0.109        363 3.5297e+02 0.0000e+00
     -0.074    23.9993     7.6577     90.979  35.507838     36.250      7.331   213.4272     6.0008     2.2062     0.0239      0.005     -0.072     -0.105        364 3.5287e+02 0.0000e+00
     -0.071    24.0014     7.6482     90.868  35.488932     36.193      7.325   213.6544     6.0089     2.1927     0.0239      0.006     -0.070     -0.101        365 3.5292e+02 0.0000e+00
     -0.070    24.0011     7.6440     90.819  35.456486     36.192      7.327   214.1465     6.0008     2.0450     0.0239      0.008     -0.068     -0.099        366 3.5219e+02 0.0000e+00
     -0.069    23.9999     7.6382     90.751  35.488897     36.190      7.324   213.5408     6.0251     2.1390     0.0239      0.008     -0.068     -0.098        367 3.5092e+02 0.0000e+00
     -0.068    23.9973     7.6305     90.662  35.507911     36.248      7.322   213.6922     6.0170     2.2196     0.0239      0.008     -0.067     -0.097        368 3.5058e+02 0.0000e+00
     -0.067    23.9950     7.6238     90.585  35.492141     36.191      7.322   213.9572     6.0008     2.1659     0.0239      0.008     -0.065     -0.095        369 3.5067e+02 0.0000e+00
     -0.066    23.9952     7.6271     90.627  35.508525     36.250      7.320   213.9951     6.1342     2.1256     0.0239      0.006     -0.064     -0.093        370 3.4856e+02 0.0000e+00
     -0.063    23.9959     7.6361     90.739  35.487522     36.195      7.319   214.0708     6.1545     2.1659     0.0239      0.006     -0.061     -0.089        371 3.4700e+02 0.0000e+00
     -0.059    23.9965     7.6352     90.730  35.458963     36.195      7.319   214.0708     6.1585     2.1390     0.0239      0.006     -0.058     -0.084        372 3.4609e+02 0.0000e+00
     -0.055    23.9975     7.6356     90.737  35.484749     36.195      7.319   213.9572     6.1464     2.2733     0.0239      0.007     -0.054     -0.078        373 3.4363e+02 0.0000e+00
     -0.050    23.9991     7.6272     90.639  35.514748     36.251      7.318   214.3358     6.3930     2.3136     0.0239      0.009     -0.049     -0.071        374 3.4165e+02 0.0000e+00
     -0.045    24.0003     7.6269     90.637  35.480947     36.193      7.321   214.7522     6.3890     2.2733     0.0239      0.012     -0.044     -0.064        375 3.3985e+02 0.0000e+00
     -0.041    24.0006     7.6339     90.721  35.467498     36.192      7.323   214.6387     6.4132     2.1793     0.0239      0.014     -0.040     -0.058        376 3.3823e+02 0.0000e+00
     -0.036    24.0012     7.6430     90.829  35.472169     36.191      7.322   214.7901     6.3849     2.2196     0.0239      0.016     -0.035     -0.051        377 3.3506e+02 0.0000e+00
     -0.029    24.0027     7.6426     90.824  35.475133     36.191      7.322   214.5630     6.3849     2.2196     0.0239      0.018     -0.028     -0.041        378 3.3200e+02 0.0000e+00
     -0.022    24.0041     7.6419     90.815  35.463809     36.191      7.322   214.5630     6.4052     2.3404     0.0239      0.020     -0.021     -0.031        379 3.2698e+02 0.0000e+00
     -0.014    24.0059     7.6360     90.743  35.426946     36.132      7.323   214.7901     6.3971     2.2196     0.0239      0.022     -0.013     -0.019        380 3.2505e+02 0.0000e+00
     -0.004    24.0085     7.6261     90.625  35.402377     36.131      7.325   215.3201     6.4052     2.2867     0.0239      0.024     -0.004     -0.006        381 3.1995e+02 0.0000e+00
      0.005    24.0101     7.6182     90.530  35.375754     36.073      7.324   215.6230     6.3041     2.4613     0.0238      0.027      0.005      0.007        382 3.2190e+02 0.0000e+00
      0.013    24.0114     7.6063     90.388  35.400763     36.128      7.325   216.5694     6.3324     2.5419     0.0239      0.029      0.013      0.020        383 3.1389e+02 0.0000e+00
      0.023    24.0126     7.5881     90.173  35.430567     36.127      7.324   216.3422     6.3202     2.5284     0.0239      0.032      0.022      0.033        384 2.7511e+02 0.0000e+00
      0.031    24.0134     7.5695     89.954  35.397975     36.126      7.323   217.4401     6.3283     2.4210     0.0239      0.034      0.031      0.045        385 2.5839e+02 0.0000e+00
      0.041    24.0138     7.5571     89.807  35.382007     36.068      7.320   216.9858     6.3405     2.3270     0.0238      0.035      0.041      0.059        386 2.5466e+02 0.0000e+00
      0.054    24.0138     7.5571     89.807  35.450440     36.181      7.321   217.4022     6.3243     2.1122     0.0239      0.036      0.053      0.077        387 2.4056e+02 0.0000e+00
      0.069    24.0135     7.5628     89.875  35.431443     36.124      7.318   217.1372     6.3405     2.1390     0.0239      0.039      0.067      0.097        388 2.2500e+02 0.0000e+00
      0.083    24.0129     7.5679     89.935  35.405649     36.124      7.315   218.5758     6.3283     2.1659     0.0239      0.042      0.081      0.117        389 2.1771e+02 0.0000e+00
      0.094    24.0118     7.5677     89.932  35.423225     36.124      7.313   224.2923     6.3243     2.1524     0.0239      0.045      0.094      0.135        390 2.1095e+02 0.0000e+00
      0.109    24.0114     7.5728     89.992  35.409570     36.125      7.313   220.6580     6.5871     2.1390     0.0239      0.048      0.107      0.154        391 2.0250e+02 0.0000e+00
      0.122    24.0111     7.5783     90.058  35.422643     36.126      7.308   218.7651     6.5912     2.2062     0.0239      0.050      0.119      0.173        392 1.9655e+02 0.0000e+00
      0.134    24.0105     7.5769     90.043  35.466272     36.183      7.308   238.1859     6.5709     2.2196     0.0239      0.052      0.131      0.191        393 1.9021e+02 0.0000e+00
      0.146    24.0113     7.5716     89.979  35.473905     36.183      7.305   221.4530     6.5831     2.1390     0.0239      0.052      0.143      0.208        394 1.8822e+02 0.0000e+00
      0.158    24.0124     7.5668     89.922  35.413144     36.127      7.303   220.5444     6.4456     2.1659     0.0239      0.051      0.155      0.225        395 1.7955e+02 0.0000e+00
      0.170    24.0129     7.5618     89.861  35.363943     36.069      7.301   219.7873     6.4456     2.0719     0.0238      0.050      0.167      0.242        396 1.7564e+02 0.0000e+00
      0.182    24.0128     7.5570     89.804  35.416503     36.125      7.301   219.6737     6.4699     2.1390     0.0239      0.049      0.179      0.259        397 1.7223e+02 0.0000e+00
      0.194    24.0126     7.5587     89.824  35.407047     36.125      7.298   220.6580     6.4537     2.1390     0.0239      0.048      0.191      0.277        398 1.6440e+02 0.0000e+00
      0.207    24.0125     7.5649     89.899  35.375711     36.068      7.301   219.9008     6.4496     2.2330     0.0238      0.048      0.205      0.297        399 1.5928e+02 0.0000e+00
      0.224    24.0123     7.5671     89.925  35.396185     36.125      7.300   219.3330     6.4416     2.2062     0.0239      0.049      0.220      0.320        400 1.5183e+02 0.0000e+00
      0.242    24.0123     7.5748     90.016  35.381567     36.068      7.295   219.1058     6.4294     2.2330     0.0238      0.052      0.236      0.342        401 1.4698e+02 0.0000e+00
      0.254    24.0126     7.5746     90.012  35.393904     36.125      7.284   218.3865     6.4699     2.3136     0.0239      0.054      0.248      0.360        402 1.4347e+02 0.0000e+00
      0.262    24.0128     7.5736     89.999  35.380834     36.068      7.273   219.0301     6.3081     2.2599     0.0238      0.054      0.256      0.372        403 1.4271e+02 0.0000e+00
      0.266    24.0129     7.5683     89.935  35.397833     36.125      7.260   218.4623     6.3243     2.3136     0.0239      0.051      0.263      0.382        404 1.4132e+02 0.0000e+00
      0.278    24.0123     7.5654     89.898  35.372748     36.068      7.259   217.6294     6.3405     2.1927     0.0238      0.048      0.276      0.400        405 1.3446e+02 0.0000e+00
      0.303    24.0117     7.5718     89.973  35.412053     36.125      7.254   218.0837     6.3566     2.2464     0.0239      0.049      0.295      0.427        406 1.3116e+02 0.0000e+00
      0.319    24.0115     7.5773     90.040  35.467551     36.182      7.238   217.9701     6.5993     2.2330     0.0239      0.050      0.311      0.450        407 1.2966e+02 0.0000e+00
      0.329    24.0118     7.5885     90.173  35.422312     36.126      7.228   217.7430     6.5993     2.2733     0.0239      0.050      0.322      0.467        408 1.2720e+02 0.0000e+00
      0.340    24.0124     7.6016     90.328  35.409037     36.126      7.234   218.1215     6.5952     2.2733     0.0239      0.050      0.332      0.482        409 1.2497e+02 0.0000e+00
      0.348    24.0122     7.6126     90.460  35.424757     36.126      7.234   218.7273     6.5709     2.3136     0.0239      0.051      0.339      0.492        410 1.2339e+02 0.0000e+00
      0.349    24.0117     7.6226     90.578  35.402748     36.125      7.231   218.7273     6.5912     2.2196     0.0239      0.049      0.341      0.495        411 1.2264e+02 0.0000e+00
      0.348    24.0114     7.6390     90.772  35.377110     36.068      7.231   218.6515     6.5103     2.1122     0.0238      0.043      0.341      0.495        412 1.2273e+02 0.0000e+00
      0.346    24.0108     7.6356     90.732  35.397347     36.126      7.233   218.7273     6.5143     2.1524     0.0239      0.032      0.340      0.493        413 1.2350e+02 0.0000e+00
      0.346    24.0098     7.6257     90.615  35.377564     36.069      7.240   218.9544     6.5103     2.1524     0.0238      0.020      0.340      0.493        414 1.2437e+02 0.0000e+00
      0.349    24.0087     7.6153     90.491  35.401731     36.126      7.249   218.6894     6.5103     2.0719     0.0239      0.012      0.343      0.497        415 1.2496e+02 0.0000e+00
      0.354    24.0079     7.6130     90.462  35.426587     36.127      7.264   218.9165     6.3324     2.1927     0.0239      0.008      0.348      0.504        416 1.2472e+02 0.0000e+00
      0.361    24.0085     7.6108     90.435  35.405945     36.128      7.275   219.1815     6.3202     2.1659     0.0239      0.006      0.355      0.514        417 1.2330e+02 0.0000e+00
      0.371    24.0089     7.6118     90.443  35.368105     36.072      7.289   219.2951     6.3647     2.0316     0.0238      0.009      0.363      0.526        418 1.1930e+02 0.0000e+00
      0.378    24.0086     7.6231     90.575  35.355050     36.071      7.294   220.0901     6.3243     2.1390     0.0238      0.015      0.370      0.536        419 1.1743e+02 0.0000e+00
      0.381    24.0085     7.6289     90.642  35.422192     36.128      7.296   219.7115     6.4052     2.1390     0.0239      0.019      0.373      0.541        420 1.1600e+02 0.0000e+00
      0.383    24.0084     7.6339     90.701  35.462493     36.185      7.299   220.2415     6.3890     2.1390     0.0239      0.022      0.376      0.546        421 1.1328e+02 0.0000e+00
      0.387    24.0082     7.6372     90.740  35.423526     36.128      7.299   219.7873     6.4092     2.1793     0.0239      0.022      0.381      0.552        422 1.1301e+02 0.0000e+00
      0.393    24.0085     7.6423     90.801  35.411370     36.128      7.300   220.4687     6.3971     2.1524     0.0239      0.022      0.387      0.560        423 1.1249e+02 0.0000e+00
      0.400    24.0089     7.6425     90.805  35.418307     36.128      7.307   220.7337     6.3081     2.0987     0.0239      0.021      0.394      0.570        424 1.1198e+02 0.0000e+00
      0.410    24.0084     7.6378     90.747  35.474210     36.185      7.312   221.2258     6.3324     2.1524     0.0239      0.021      0.402      0.582        425 1.1095e+02 0.0000e+00
