Data/DataNotYetUploadedToEDI/Raw_CTD/RawDownloads/091018_fcr20.cnv
* Sea-Bird SBE19plus  Data File:
* FileName = C:\DATA\091018_fcr_0002.hex
* Software version 2.6.3.104
* Temperature SN = 7809
* Conductivity SN = 7809
* System UpLoad Time = Sep 10 2018 16:56:39
* <ApplicationData>
* <Seaterm232>
# nquan = 17
# nvalues = 637                         
# units = specified
# name 0 = depFM: Depth [fresh water, m]
# name 1 = tv290C: Temperature [ITS-90, deg C]
# name 2 = sbeox0Mg/L: Oxygen, SBE 43 [mg/l]
# name 3 = sbeox0PS: Oxygen, SBE 43 [% saturation]
# name 4 = c0uS/cm: Conductivity [uS/cm]
# name 5 = specc: Specific Conductance [uS/cm]
# name 6 = ph: pH
# name 7 = orp: Oxidation Reduction Potential [mV]
# name 8 = flECO-AFL: Fluorescence, WET Labs ECO-AFL/FL [mg/m^3]
# name 9 = turbWETntu0: Turbidity, WET Labs ECO [NTU]
# name 10 = sal00: Salinity, Practical [PSU]
# name 11 = dz/dtM: Descent Rate [m/s]
# name 12 = prdM: Pressure, Strain Gauge [db]
# name 13 = prdE: Pressure, Strain Gauge [psi]
# name 14 = scan: Scan Count
# name 15 = par/sat/log: PAR/Logarithmic, Satlantic
# name 16 = flag:  0.000e+00
# span 0 =     -0.576,      3.178       
# span 1 =    20.2814,    23.9279       
# span 2 =     0.4643,     8.6330       
# span 3 =      5.135,     99.182       
# span 4 =   0.981774,  65.145867       
# span 5 =      1.560,     71.897       
# span 6 =      5.469,      7.239       
# span 7 =   111.1748,   285.7346       
# span 8 =    -0.2062,     5.6611       
# span 9 =    -0.3183,     9.9809       
# span 10 =     0.0103,     0.0382      
# span 11 =     -0.040,      0.173      
# span 12 =     -0.565,      3.114      
# span 13 =     -0.819,      4.516      
# span 14 =          1,        637      
# span 15 = 2.6197e+00, 3.1189e+02      
# span 16 = 0.0000e+00, 0.0000e+00      
# interval = seconds: 0.25
# start_time = Sep 10 2018 14:49:15 [Instrument's time stamp, header]
# bad_flag = -9.990e-29
*END*
[from data line 341]
     -0.048    23.8768     7.3025     86.612  35.485381     36.283      7.171   246.6280     4.6624     2.3941     0.0239     -0.010     -0.046     -0.067        342 2.4835e+02 0.0000e+00
     -0.048    23.8801     7.3151     86.763  35.455119     36.284      7.177   246.4766     4.6502     2.2733     0.0239     -0.011     -0.045     -0.065        343 2.4755e+02 0.0000e+00
     -0.041    23.8865     7.3239     86.870  35.436262     36.225      7.188   246.5902     4.6624     2.2599     0.0239     -0.008     -0.040     -0.058        344 2.4717e+02 0.0000e+00
     -0.033    23.8947     7.3301     86.946  35.449533     36.280      7.191   246.7038     4.7230     2.2733     0.0239     -0.002     -0.033     -0.047        345 2.4590e+02 0.0000e+00
     -0.026    23.8994     7.3292     86.936  35.379288     36.161      7.196   246.7795     4.7230     2.1793     0.0238      0.005     -0.025     -0.037        346 2.4336e+02 0.0000e+00
     -0.019    23.9005     7.3088     86.691  35.405047     36.212      7.199   246.5145     4.6907     2.2733     0.0239      0.012     -0.018     -0.027        347 2.4194e+02 0.0000e+00
     -0.012    23.9007     7.2789     86.334  35.417472     36.209      7.197   246.8552     4.7028     2.2733     0.0239      0.018     -0.013     -0.018        348 2.4160e+02 0.0000e+00
     -0.008    23.9025     7.2558     86.060  35.423139     36.208      7.200   246.6280     4.8767     2.5419     0.0239      0.022     -0.008     -0.012        349 2.4061e+02 0.0000e+00
     -0.006    23.9052     7.2574     86.076  35.457311     36.265      7.195   246.8930     4.8969     2.5553     0.0239      0.024     -0.007     -0.010        350 2.4012e+02 0.0000e+00
     -0.009    23.9074     7.2635     86.145  35.374944     36.149      7.174   246.9688     4.9292     2.6090     0.0238      0.021     -0.008     -0.012        351 2.4053e+02 0.0000e+00
     -0.012    23.9085     7.2777     86.306  35.407010     36.204      7.156   247.0445     4.8928     2.4881     0.0239      0.016     -0.011     -0.016        352 2.4098e+02 0.0000e+00
     -0.013    23.9095     7.2837     86.368  35.417405     36.203      7.150   247.1580     4.6543     2.4747     0.0239      0.010     -0.013     -0.019        353 2.4151e+02 0.0000e+00
     -0.014    23.9108     7.2908     86.450  35.362007     36.145      7.153   247.3095     4.6745     2.5687     0.0238      0.004     -0.014     -0.021        354 2.4283e+02 0.0000e+00
     -0.015    23.9122     7.2913     86.456  35.357320     36.144      7.158   247.1959     4.6462     2.5419     0.0238     -0.000     -0.014     -0.021        355 2.4348e+02 0.0000e+00
     -0.014    23.9125     7.2830     86.359  35.363922     36.143      7.160   247.5366     4.6421     2.6224     0.0238     -0.003     -0.014     -0.021        356 2.4272e+02 0.0000e+00
     -0.016    23.9108     7.2586     86.072  35.413106     36.199      7.159   247.8016     4.6624     2.3002     0.0239     -0.005     -0.018     -0.026        357 2.4531e+02 0.0000e+00
     -0.026    23.9097     7.2254     85.686  35.414742     36.199      7.156   247.3095     4.6462     2.3002     0.0239     -0.007     -0.026     -0.038        358 2.5020e+02 0.0000e+00
     -0.039    23.9090     7.1965     85.350  35.361887     36.143      7.165   247.4609     4.6543     2.3673     0.0238     -0.011     -0.036     -0.052        359 2.5064e+02 0.0000e+00
     -0.045    23.9077     7.1767     85.120  35.360253     36.144      7.175   247.1580     4.6543     2.3136     0.0238     -0.015     -0.043     -0.061        360 2.5042e+02 0.0000e+00
     -0.046    23.9055     7.1727     85.073  35.357459     36.144      7.185   247.2716     4.7715     2.4613     0.0238     -0.019     -0.046     -0.065        361 2.5106e+02 0.0000e+00
     -0.047    23.9008     7.1702     85.044  35.424680     36.203      7.194   247.7638     4.7756     2.4344     0.0239     -0.020     -0.047     -0.068        362 2.5082e+02 0.0000e+00
     -0.050    23.8959     7.1856     85.227  35.513860     36.318      7.186   247.6502     4.7837     2.4479     0.0239     -0.021     -0.048     -0.070        363 2.5043e+02 0.0000e+00
     -0.051    23.8939     7.2063     85.473  35.483738     36.265      7.174   247.8016     4.7756     2.4479     0.0239     -0.019     -0.049     -0.070        364 2.4998e+02 0.0000e+00
     -0.048    23.8942     7.2222     85.663  35.462168     36.269      7.171   247.9152     4.7311     2.3941     0.0239     -0.015     -0.047     -0.067        365 2.4988e+02 0.0000e+00
     -0.043    23.8949     7.2421     85.901  35.422075     36.213      7.176   247.6123     4.6907     2.2196     0.0239     -0.007     -0.042     -0.060        366 2.4866e+02 0.0000e+00
     -0.036    23.8968     7.2756     86.301  35.474318     36.270      7.182   247.8773     4.6907     2.2330     0.0239      0.001     -0.036     -0.052        367 2.4686e+02 0.0000e+00
     -0.030    23.9012     7.3130     86.747  35.456468     36.269      7.192   247.8773     4.7190     2.2733     0.0239      0.006     -0.031     -0.044        368 2.4680e+02 0.0000e+00
     -0.027    23.9057     7.3238     86.880  35.384975     36.154      7.198   247.6880     4.6907     2.2733     0.0238      0.011     -0.027     -0.038        369 2.4526e+02 0.0000e+00
     -0.022    23.9078     7.3230     86.874  35.444657     36.265      7.207   248.1045     4.7230     2.5419     0.0239      0.014     -0.022     -0.032        370 2.4379e+02 0.0000e+00
     -0.018    23.9084     7.3248     86.897  35.382192     36.147      7.213   247.8395     4.7270     2.5150     0.0238      0.017     -0.018     -0.027        371 2.4297e+02 0.0000e+00
     -0.015    23.9089     7.3276     86.931  35.403396     36.203      7.216   248.2559     4.7149     2.5956     0.0239      0.018     -0.015     -0.022        372 2.4184e+02 0.0000e+00
     -0.013    23.9091     7.3376     87.050  35.418269     36.202      7.221   248.2559     4.7068     2.4479     0.0239      0.017     -0.012     -0.017        373 2.4082e+02 0.0000e+00
     -0.007    23.9096     7.3356     87.026  35.422997     36.202      7.221   248.3316     4.8281     2.4881     0.0239      0.016     -0.007     -0.010        374 2.4006e+02 0.0000e+00
     -0.001    23.9106     7.3456     87.146  35.456826     36.259      7.224   248.4831     4.8281     2.5419     0.0239      0.016     -0.000     -0.001        375 2.3836e+02 0.0000e+00
      0.008    23.9119     7.3530     87.234  35.376169     36.144      7.228   250.2623     4.8524     2.4747     0.0238      0.017      0.008      0.011        376 2.0875e+02 0.0000e+00
      0.017    23.9131     7.3540     87.247  35.404743     36.201      7.225   275.1346     4.8160     2.4210     0.0239      0.020      0.018      0.025        377 1.7541e+02 0.0000e+00
      0.029    23.9151     7.3476     87.171  35.421266     36.199      7.231   276.9517     4.9252     2.7567     0.0239      0.024      0.030      0.043        378 1.7227e+02 0.0000e+00
      0.045    23.9181     7.3349     87.020  35.414921     36.199      7.228   278.6174     4.8807     2.7567     0.0239      0.030      0.045      0.065        379 1.6576e+02 0.0000e+00
      0.063    23.9203     7.3296     86.959  35.412638     36.197      7.220   277.7089     4.8443     2.6090     0.0239      0.038      0.061      0.089        380 1.5311e+02 0.0000e+00
      0.079    23.9210     7.3279     86.939  35.364791     36.138      7.213   277.3303     4.8928     2.7164     0.0238      0.045      0.076      0.111        381 1.4591e+02 0.0000e+00
      0.091    23.9211     7.3240     86.895  35.415151     36.193      7.206   276.6867     4.7311     2.4881     0.0239      0.050      0.089      0.128        382 1.4008e+02 0.0000e+00
      0.100    23.9216     7.3194     86.842  35.409282     36.193      7.204   276.0431     4.7230     2.5284     0.0239      0.053      0.099      0.143        383 1.3587e+02 0.0000e+00
      0.112    23.9221     7.3170     86.814  35.372095     36.136      7.203   275.7781     4.6987     2.5419     0.0238      0.054      0.110      0.159        384 1.3040e+02 0.0000e+00
      0.124    23.9224     7.3229     86.883  35.402114     36.192      7.207   274.7560     4.6907     2.4613     0.0239      0.053      0.122      0.176        385 1.2706e+02 0.0000e+00
      0.136    23.9226     7.3350     87.026  35.431239     36.192      7.207   263.4745     4.6987     2.7836     0.0239      0.051      0.134      0.194        386 1.2514e+02 0.0000e+00
      0.150    23.9230     7.3472     87.170  35.454479     36.249      7.205   256.2438     4.7392     2.6761     0.0239      0.049      0.148      0.214        387 1.1897e+02 0.0000e+00
      0.167    23.9232     7.3439     87.130  35.373191     36.134      7.200   254.8431     4.7149     2.7567     0.0238      0.049      0.165      0.239        388 1.1259e+02 0.0000e+00
      0.188    23.9233     7.3359     87.036  35.354456     36.134      7.194   253.6316     4.7432     2.7567     0.0238      0.052      0.184      0.267        389 1.0821e+02 0.0000e+00
      0.207    23.9238     7.3122     86.756  35.418480     36.191      7.192   252.4581     4.7270     2.6359     0.0239      0.056      0.204      0.296        390 1.0343e+02 0.0000e+00
      0.229    23.9245     7.2872     86.461  35.412145     36.191      7.187   252.3066     4.6987     2.5150     0.0239      0.063      0.224      0.324        391 9.8688e+01 0.0000e+00
      0.246    23.9256     7.2696     86.253  35.362340     36.134      7.179   250.9438     4.7311     2.4479     0.0238      0.068      0.242      0.350        392 9.4416e+01 0.0000e+00
      0.265    23.9263     7.2612     86.153  35.302515     36.076      7.170   251.3223     4.7230     2.5419     0.0238      0.072      0.259      0.375        393 9.0771e+01 0.0000e+00
      0.278    23.9262     7.2492     86.010  35.249336     36.018      7.155   250.1866     4.7270     2.5016     0.0238      0.073      0.274      0.397        394 8.8041e+01 0.0000e+00
      0.295    23.9263     7.2362     85.855  35.309892     36.075      7.150   250.4516     4.8362     2.4613     0.0238      0.072      0.289      0.418        395 8.4563e+01 0.0000e+00
      0.309    23.9259     7.2358     85.851  35.286468     36.075      7.136   249.4295     4.8120     2.5419     0.0238      0.070      0.304      0.440        396 8.1444e+01 0.0000e+00
      0.324    23.9254     7.2476     85.992  35.189515     35.932      7.135   249.8459     4.8403     2.5284     0.0237      0.066      0.319      0.463        397 7.8806e+01 0.0000e+00
      0.344    23.9253     7.2566     86.098  35.282264     36.075      7.150   249.9595     4.8281     2.5150     0.0238      0.065      0.338      0.491        398 7.5407e+01 0.0000e+00
      0.367    23.9255     7.2542     86.070  35.260015     36.018      7.163   250.0352     4.7917     2.5956     0.0238      0.065      0.358      0.521        399 7.2813e+01 0.0000e+00
      0.386    23.9261     7.2604     86.142  35.246860     36.018      7.175   250.6031     4.7917     2.4747     0.0238      0.067      0.377      0.547        400 7.0764e+01 0.0000e+00
      0.400    23.9271     7.2697     86.252  35.298635     36.075      7.182   251.2088     4.8160     2.4479     0.0238      0.068      0.390      0.567        401 6.9458e+01 0.0000e+00
      0.408    23.9276     7.2753     86.319  35.254898     36.018      7.181   250.4516     4.8039     2.5419     0.0238      0.068      0.400      0.581        402 6.8827e+01 0.0000e+00
      0.418    23.9276     7.2686     86.239  35.241976     36.017      7.184   250.9059     4.7392     2.4881     0.0238      0.064      0.410      0.595        403 6.8188e+01 0.0000e+00
      0.430    23.9275     7.2527     86.050  35.255400     36.017      7.193   250.8681     4.7311     2.5687     0.0238      0.060      0.423      0.614        404 6.6350e+01 0.0000e+00
      0.449    23.9273     7.2472     85.986  35.238191     36.017      7.200   251.0952     4.6826     2.4881     0.0238      0.057      0.439      0.637        405 6.5185e+01 0.0000e+00
      0.464    23.9276     7.2448     85.957  35.263392     36.017      7.203   251.4738     4.6987     2.5150     0.0238      0.054      0.454      0.659        406 6.4543e+01 0.0000e+00
      0.476    23.9279     7.2506     86.025  35.283353     36.074      7.203   251.5116     4.7230     2.4747     0.0238      0.052      0.466      0.676        407 6.3353e+01 0.0000e+00
      0.486    23.9277     7.2617     86.156  35.183693     35.931      7.202   251.8902     4.7311     2.5553     0.0237      0.051      0.476      0.690        408 6.2422e+01 0.0000e+00
      0.493    23.9271     7.2863     86.449  35.239131     36.016      7.197   252.4581     4.7230     2.4747     0.0238      0.049      0.483      0.699        409 6.1673e+01 0.0000e+00
      0.495    23.9266     7.2942     86.541  35.244018     36.017      7.188   252.4581     4.7109     2.5284     0.0238      0.047      0.486      0.704        410 6.0788e+01 0.0000e+00
      0.499    23.9264     7.3012     86.624  35.177609     35.931      7.178   252.4581     4.7109     2.4881     0.0237      0.041      0.489      0.709        411 6.0173e+01 0.0000e+00
      0.501    23.9265     7.2995     86.604  35.232804     36.017      7.180   252.6473     4.7311     2.4747     0.0238      0.034      0.492      0.713        412 6.0013e+01 0.0000e+00
      0.504    23.9266     7.2959     86.560  35.175331     35.932      7.175   252.3823     4.7432     2.4881     0.0237      0.025      0.495      0.718        413 5.9888e+01 0.0000e+00
      0.508    23.9268     7.2919     86.511  35.160163     35.932      7.182   252.5716     4.6987     2.4479     0.0237      0.019      0.499      0.723        414 5.9637e+01 0.0000e+00
      0.514    23.9270     7.2861     86.439  35.251681     36.017      7.189   253.0638     4.7230     2.4613     0.0238      0.016      0.505      0.732        415 5.9036e+01 0.0000e+00
      0.522    23.9266     7.2818     86.390  35.239382     36.017      7.191   252.9124     4.5208     2.5553     0.0238      0.016      0.510      0.740        416 5.8571e+01 0.0000e+00
      0.524    23.9262     7.2697     86.248  35.175468     35.931      7.190   253.2531     4.5289     2.5284     0.0237      0.016      0.513      0.745        417 5.8231e+01 0.0000e+00
      0.524    23.9262     7.2741     86.302  35.153277     35.932      7.190   253.2152     4.5693     2.5284     0.0237      0.016      0.515      0.747        418 5.7883e+01 0.0000e+00
      0.528    23.9260     7.2735     86.296  35.178027     35.932      7.195   253.2909     4.5208     2.5553     0.0237      0.016      0.519      0.752        419 5.7149e+01 0.0000e+00
      0.534    23.9254     7.2663     86.212  35.233639     36.018      7.201   253.3288     4.7190     2.2464     0.0238      0.016      0.525      0.762        420 5.6258e+01 0.0000e+00
      0.544    23.9254     7.2631     86.175  35.262012     36.018      7.207   253.4045     4.7311     2.3673     0.0238      0.017      0.535      0.776        421 5.4977e+01 0.0000e+00
      0.558    23.9257     7.2632     86.175  35.231688     36.018      7.216   253.4424     4.7230     2.3002     0.0238      0.021      0.548      0.794        422 5.3415e+01 0.0000e+00
      0.573    23.9253     7.2670     86.220  35.182404     35.932      7.227   253.5181     4.7513     2.2196     0.0237      0.026      0.562      0.814        423 5.2029e+01 0.0000e+00
      0.586    23.9237     7.2715     86.273  35.234375     36.018      7.229   253.8588     4.7958     2.4747     0.0238      0.032      0.573      0.831        424 5.0814e+01 0.0000e+00
      0.594    23.9222     7.2723     86.282  35.255986     36.018      7.231   253.9345     4.8120     2.3941     0.0238      0.038      0.582      0.844        425 4.9730e+01 0.0000e+00
