Data/DataNotYetUploadedToEDI/Raw_CTD/RawDownloads/091018_fcr45.cnv
* Sea-Bird SBE19plus  Data File:
* FileName = C:\DATA\091018_fcr_0004.hex
* Software version 2.6.3.104
* Temperature SN = 7809
* Conductivity SN = 7809
* System UpLoad Time = Sep 10 2018 16:57:32
* <ApplicationData>
* <Seaterm232>
# nquan = 17
# nvalues = 830                         
# units = specified
# name 0 = depFM: Depth [fresh water, m]
# name 1 = tv290C: Temperature [ITS-90, deg C]
# name 2 = sbeox0Mg/L: Oxygen, SBE 43 [mg/l]
# name 3 = sbeox0PS: Oxygen, SBE 43 [% saturation]
# name 4 = c0uS/cm: Conductivity [uS/cm]
# name 5 = specc: Specific Conductance [uS/cm]
# name 6 = ph: pH
# name 7 = orp: Oxidation Reduction Potential [mV]
# name 8 = flECO-AFL: Fluorescence, WET Labs ECO-AFL/FL [mg/m^3]
# name 9 = turbWETntu0: Turbidity, WET Labs ECO [NTU]
# name 10 = sal00: Salinity, Practical [PSU]
# name 11 = dz/dtM: Descent Rate [m/s]
# name 12 = prdM: Pressure, Strain Gauge [db]
# name 13 = prdE: Pressure, Strain Gauge [psi]
# name 14 = scan: Scan Count
# name 15 = par/sat/log: PAR/Logarithmic, Satlantic
# name 16 = flag:  0.000e+00
# span 0 =     -0.568,      7.269       
# span 1 =    12.2481,    24.0138       
# span 2 =    -0.0818,     8.9722       
# span 3 =     -0.928,    101.867       
# span 4 =   0.389821,  69.086866       
# span 5 =      0.444,     90.116       
# span 6 =      5.858,      7.445       
# span 7 =   162.2442,   260.5595       
# span 8 =    -0.2305,    22.1066       
# span 9 =    -0.3452,    18.7359       
# span 10 =     0.0099,     0.0441      
# span 11 =     -0.155,      0.129      
# span 12 =     -0.557,      7.128      
# span 13 =     -0.807,     10.338      
# span 14 =          1,        830      
# span 15 = 1.2462e-01, 5.0618e+02      
# span 16 = 0.0000e+00, 0.0000e+00      
# interval = seconds: 0.25
# start_time = Sep 10 2018 15:44:58 [Instrument's time stamp, header]
# bad_flag = -9.990e-29
*END*
[from data line 596]
      2.813    21.7124     0.1314      1.479  40.722054     43.436      6.768   246.4766     4.8160     6.4091     0.0263      0.095      2.759      4.001        597 7.3200e+00 0.0000e+00
      2.835    21.6658     0.1411      1.589  40.827949     43.657      6.749   246.9688     4.8120     6.3822     0.0264      0.091      2.779      4.031        598 7.1392e+00 0.0000e+00
      2.854    21.6187     0.1543      1.738  41.010698     43.888      6.734   246.8552     4.7796     6.3151     0.0264      0.087      2.800      4.062        599 6.8930e+00 0.0000e+00
      2.879    21.5609     0.1548      1.743  41.176974     44.111      6.722   246.9688     4.7513     6.1943     0.0265      0.085      2.824      4.096        600 6.5511e+00 0.0000e+00
      2.907    21.4945     0.1609      1.812  41.481370     44.486      6.709   247.1202     7.2220     5.8451     0.0267      0.085      2.851      4.135        601 6.2249e+00 0.0000e+00
      2.936    21.4355     0.1633      1.837  41.699906     44.781      6.699   247.6880     7.2098     5.9660     0.0268      0.089      2.880      4.177        602 5.8445e+00 0.0000e+00
      2.968    21.3601     0.1610      1.811  41.735712     44.876      6.681   248.2559     7.2139     5.8317     0.0268      0.095      2.908      4.217        603 5.5721e+00 0.0000e+00
      2.992    21.2818     0.1625      1.829  41.792850     44.992      6.666   248.9752     7.2260     5.7914     0.0268      0.099      2.931      4.252        604 5.3812e+00 0.0000e+00
      3.009    21.2410     0.1577      1.775  41.895841     45.186      6.657   250.1109    13.7120     5.4423     0.0269      0.100      2.949      4.277        605 5.2321e+00 0.0000e+00
      3.021    21.2123     0.1603      1.807  41.963592     45.325      6.647   249.9216    13.7646     5.4154     0.0269      0.098      2.961      4.295        606 5.1685e+00 0.0000e+00
      3.030    21.1875     0.1584      1.789  42.064586     45.484      6.639   250.2245    13.7686     5.5229     0.0270      0.091      2.969      4.308        607 5.1160e+00 0.0000e+00
      3.033    21.1953     0.1588      1.795  42.007524     45.452      6.623   250.0352    13.7282     5.5363     0.0270      0.078      2.973      4.313        608 5.2046e+00 0.0000e+00
      3.032    21.2041     0.1580      1.787  41.797283     45.235      6.616   249.8081    22.0824     4.7038     0.0269      0.062      2.974      4.314        609 5.2518e+00 0.0000e+00
      3.034    21.2038     0.1643      1.857  41.910892     45.348      6.610   249.3916    22.0824     4.7843     0.0269      0.045      2.977      4.317        610 5.1970e+00 0.0000e+00
      3.041    21.1787     0.1674      1.891  42.044143     45.519      6.604   249.6188    22.1066     4.8917     0.0270      0.031      2.982      4.325        611 5.1718e+00 0.0000e+00
      3.048    21.1254     0.1688      1.905  42.224802     45.644      6.601   249.5431    22.1026     4.8783     0.0270      0.023      2.988      4.334        612 5.1608e+00 0.0000e+00
      3.053    21.1312     0.1724      1.946  42.427763     45.995      6.595   248.8238    17.1572     4.7575     0.0272      0.018      2.993      4.341        613 5.2087e+00 0.0000e+00
      3.056    21.1576     0.1769      1.997  42.177260     45.664      6.587   248.9752    17.1410     4.7977     0.0270      0.016      2.997      4.346        614 5.2056e+00 0.0000e+00
      3.060    21.1752     0.1746      1.969  42.032212     45.591      6.582   248.8995    17.1208     4.8112     0.0270      0.016      3.002      4.353        615 5.1729e+00 0.0000e+00
      3.067    21.2479     0.1745      1.968  41.866579     45.324      6.581   248.8995    17.1532     4.8783     0.0269      0.018      3.008      4.363        616 5.0956e+00 0.0000e+00
      3.075    21.3347     0.1749      1.971  41.582357     45.036      6.578   248.4073    18.5603     4.2069     0.0268      0.021      3.016      4.374        617 5.0218e+00 0.0000e+00
      3.082    21.3907     0.1722      1.930  41.495888     44.843      6.570   248.6723    18.5684     4.2472     0.0267      0.022      3.023      4.384        618 4.9940e+00 0.0000e+00
      3.088    21.4032     0.1765      1.965  41.469814     44.757      6.568   248.5209    18.5401     4.1264     0.0267      0.023      3.028      4.392        619 4.9408e+00 0.0000e+00
      3.093    21.3902     0.1766      1.959  41.614762     44.826      6.563   248.1045    18.5442     4.1264     0.0267      0.023      3.035      4.401        620 4.8890e+00 0.0000e+00
      3.102    21.3580     0.1787      1.979  41.612142     44.871      6.560   247.8395    16.2272     3.5221     0.0268      0.025      3.045      4.416        621 4.7282e+00 0.0000e+00
      3.120    21.3103     0.1809      2.000  41.710402     44.889      6.559   248.3316    16.2555     3.6161     0.0268      0.029      3.057      4.434        622 4.6140e+00 0.0000e+00
      3.129    21.3053     0.1781      1.967  41.878159     45.245      6.553   248.1045    16.1867     3.5221     0.0269      0.033      3.066      4.446        623 4.5788e+00 0.0000e+00
      3.129    21.3075     0.1736      1.912  41.789062     45.028      6.549   248.0288    16.2029     3.5087     0.0268      0.032      3.068      4.450        624 4.6101e+00 0.0000e+00
      3.129    21.2754     0.1759      1.932  41.821301     45.237      6.545   247.9152    16.1948     3.5758     0.0269      0.030      3.069      4.452        625 4.5708e+00 0.0000e+00
      3.133    21.2728     0.1668      1.829  42.105052     45.360      6.544   248.2559    15.2850     3.7638     0.0269      0.028      3.073      4.458        626 4.4581e+00 0.0000e+00
      3.140    21.2256     0.1628      1.786  41.940288     45.449      6.537   248.1045    15.3335     3.7772     0.0270      0.025      3.083      4.472        627 4.3739e+00 0.0000e+00
      3.159    20.9662     0.1574      1.726  42.263696     45.457      6.535   247.8395    15.3254     3.7907     0.0270      0.026      3.101      4.497        628 4.1261e+00 0.0000e+00
      3.188    20.6329     0.1566      1.713  44.046453     47.819      6.527   248.1045    15.3254     3.7772     0.0280      0.032      3.122      4.527        629 3.9572e+00 0.0000e+00
      3.200    20.4395     0.1564      1.704  45.032573     48.859      6.517   247.8016    16.2110     3.2804     0.0283      0.037      3.137      4.550        630 3.8791e+00 0.0000e+00
      3.210    20.3432     0.1553      1.689  45.071770     49.493      6.510   247.9152    16.2191     3.4012     0.0285      0.045      3.147      4.564        631 3.8284e+00 0.0000e+00
      3.215    20.2701     0.1549      1.684  45.155038     49.581      6.508   248.1802    16.2231     3.4012     0.0285      0.050      3.157      4.577        632 3.7024e+00 0.0000e+00
      3.230    20.1857     0.1539      1.675  45.344486     50.083      6.507   247.8016    16.1948     3.3744     0.0287      0.054      3.172      4.599        633 3.4555e+00 0.0000e+00
      3.256    20.0545     0.1554      1.689  45.963637     50.662      6.506   247.9152    13.7484     3.7235     0.0289      0.058      3.193      4.631        634 3.2271e+00 0.0000e+00
      3.282    19.9154     0.1523      1.646  47.114532     52.204      6.494   248.0288    13.7403     3.8041     0.0295      0.063      3.217      4.666        635 3.0460e+00 0.0000e+00
      3.304    19.8397     0.1545      1.664  47.740266     52.953      6.483   248.2559    13.7605     3.8578     0.0298      0.065      3.238      4.695        636 2.9754e+00 0.0000e+00
      3.317    19.8451     0.1587      1.703  47.648018     53.051      6.476   248.1045    13.7444     3.8578     0.0298      0.066      3.254      4.718        637 2.8813e+00 0.0000e+00
      3.333    19.8319     0.1632      1.745  47.318436     52.771      6.469   248.6723    10.5742     1.9645     0.0297      0.071      3.271      4.743        638 2.7365e+00 0.0000e+00
      3.355    19.7046     0.1676      1.790  47.794363     53.196      6.463   249.0509    10.5661     1.9376     0.0299      0.076      3.291      4.773        639 2.6329e+00 0.0000e+00
      3.379    19.5198     0.1672      1.785  49.548629     55.332      6.449   249.1645    10.5903     2.0047     0.0308      0.080      3.312      4.803        640 2.5285e+00 0.0000e+00
      3.395    19.4219     0.1647      1.760  50.032091     55.959      6.445   249.0509    10.5984     1.8705     0.0310      0.079      3.329      4.827        641 2.4098e+00 0.0000e+00
      3.409    19.4278     0.1624      1.736  49.477965     55.536      6.438   249.5052    10.5580     1.7765     0.0308      0.075      3.342      4.847        642 2.3738e+00 0.0000e+00
      3.420    19.4498     0.1587      1.697  49.229251     55.440      6.436   249.1266    10.5378     1.6690     0.0307      0.070      3.353      4.864        643 2.3763e+00 0.0000e+00
      3.429    19.3649     0.1514      1.621  49.184203     55.300      6.432   249.0131    10.5216     1.7228     0.0307      0.065      3.368      4.885        644 2.2539e+00 0.0000e+00
      3.457    19.1436     0.1473      1.577  49.474681     55.687      6.429   249.7323    10.4892     1.7228     0.0308      0.066      3.391      4.918        645 2.0743e+00 0.0000e+00
      3.487    18.9394     0.1439      1.534  49.906514     56.190      6.423   250.1866    10.5095     1.7362     0.0310      0.068      3.418      4.957        646 1.9954e+00 0.0000e+00
      3.511    18.7618     0.1371      1.455  49.685614     56.364      6.419   250.0352    11.4395     2.2196     0.0310      0.071      3.441      4.991        647 1.9498e+00 0.0000e+00
      3.529    18.6031     0.1343      1.423  48.889042     55.531      6.416   249.6188    11.4112     2.1256     0.0306      0.075      3.458      5.016        648 1.9086e+00 0.0000e+00
      3.540    18.5237     0.1395      1.478  48.761121     55.764      6.411   249.3538    11.4233     2.1390     0.0307      0.077      3.472      5.035        649 1.8757e+00 0.0000e+00
      3.552    18.5113     0.1375      1.457  48.835864     55.964      6.408   248.8995    11.4314     2.1390     0.0307      0.078      3.484      5.053        650 1.8262e+00 0.0000e+00
      3.565    18.5389     0.1366      1.448  48.914834     56.197      6.410   248.2559    10.7116     1.9913     0.0308      0.076      3.494      5.068        651 1.8136e+00 0.0000e+00
      3.571    18.5676     0.1317      1.396  49.108068     56.434      6.408   247.1959    10.6914     2.0047     0.0309      0.069      3.500      5.077        652 1.8240e+00 0.0000e+00
      3.571    18.5939     0.1336      1.409  49.099927     56.369      6.406   246.7038    10.7278     2.0450     0.0308      0.055      3.502      5.080        653 1.8184e+00 0.0000e+00
      3.572    18.6513     0.1417      1.488  49.073344     56.328      6.405   246.0602    10.6914     2.0047     0.0308      0.041      3.504      5.082        654 1.8185e+00 0.0000e+00
      3.576    18.6386     0.1401      1.469  49.170809     56.364      6.407   245.3788     7.7517     1.7228     0.0309      0.031      3.511      5.092        655 1.7966e+00 0.0000e+00
      3.593    18.4355     0.1392      1.461  48.948932     56.124      6.403   245.0380     7.7153     1.6153     0.0308      0.027      3.523      5.111        656 1.7238e+00 0.0000e+00
      3.610    18.2406     0.1406      1.472  48.251372     55.208      6.402   244.2052     7.7234     1.6690     0.0304      0.028      3.538      5.132        657 1.6845e+00 0.0000e+00
      3.621    18.1648     0.1456      1.518  48.109900     55.405      6.402   243.9780     7.7274     1.7630     0.0304      0.030      3.552      5.151        658 1.6925e+00 0.0000e+00
      3.636    18.1312     0.1440      1.497  48.205096     55.732      6.401   243.5616     4.4076     1.8705     0.0305      0.035      3.564      5.169        659 1.6620e+00 0.0000e+00
      3.645    18.1494     0.1566      1.624  48.192369     55.811      6.397   243.3723     4.4399     1.8839     0.0305      0.041      3.573      5.183        660 1.6363e+00 0.0000e+00
      3.650    18.1751     0.1518      1.570  48.244508     55.939      6.395   242.8045     4.3793     1.8839     0.0305      0.045      3.581      5.194        661 1.6469e+00 0.0000e+00
      3.660    18.1303     0.1598      1.649  48.199585     55.830      6.396   241.9337     4.3672     1.8705     0.0305      0.046      3.592      5.210        662 1.5997e+00 0.0000e+00
      3.681    17.9268     0.1613      1.661  48.070210     55.685      6.395   241.7823     5.2729     2.1390     0.0304      0.048      3.609      5.235        663 1.5539e+00 0.0000e+00
      3.699    17.7070     0.1648      1.693  47.722946     55.301      6.392   241.2145     5.2325     2.1390     0.0303      0.048      3.625      5.258        664 1.5434e+00 0.0000e+00
      3.708    17.6522     0.1630      1.672  47.563438     55.384      6.386   241.0630     5.2810     2.0853     0.0302      0.048      3.637      5.275        665 1.5291e+00 0.0000e+00
      3.720    17.6631     0.1627      1.666  47.675299     55.831      6.383   240.4573     5.2851     2.1256     0.0304      0.049      3.648      5.291        666 1.5346e+00 0.0000e+00
      3.732    17.5586     0.1627      1.661  47.732235     55.937      6.385   240.9116     5.8957     1.7496     0.0304      0.050      3.662      5.311        667 1.5134e+00 0.0000e+00
      3.751    17.3581     0.1623      1.654  47.522310     55.718      6.385   240.7980     6.6559     1.8033     0.0303      0.053      3.678      5.335        668 1.4689e+00 0.0000e+00
      3.769    17.2006     0.1615      1.647  47.343048     55.561      6.384   240.6466     6.6680     1.6288     0.0302      0.057      3.696      5.360        669 1.4809e+00 0.0000e+00
      3.786    17.1016     0.1609      1.639  47.272845     55.863      6.378   240.4573     6.6518     1.8167     0.0303      0.059      3.716      5.389        670 1.4808e+00 0.0000e+00
      3.813    16.9981     0.1581      1.606  47.461407     56.134      6.375   240.6087     6.6356     1.6959     0.0303      0.061      3.741      5.426        671 1.4112e+00 0.0000e+00
      3.846    16.8635     0.1557      1.575  48.829740     58.029      6.371   240.4195     5.7703     2.1659     0.0311      0.070      3.768      5.466        672 1.4034e+00 0.0000e+00
      3.870    16.7433     0.1608      1.621  49.843593     59.363      6.365   240.3816     5.7541     2.1390     0.0317      0.080      3.792      5.500        673 1.4021e+00 0.0000e+00
      3.886    16.6506     0.1575      1.584  49.790789     59.430      6.362   240.4573     5.7460     2.0987     0.0316      0.086      3.809      5.525        674 1.3701e+00 0.0000e+00
      3.898    16.5788     0.1581      1.585  49.845258     59.728      6.356   239.9273     5.7744     2.1927     0.0317      0.087      3.824      5.545        675 1.3632e+00 0.0000e+00
      3.913    16.4791     0.1636      1.635  49.953966     59.935      6.357   239.8895     4.0396     2.6896     0.0318      0.084      3.839      5.568        676 1.3476e+00 0.0000e+00
      3.934    16.3469     0.1672      1.668  50.338203     60.536      6.354   240.3059     4.0032     2.7433     0.0320      0.082      3.858      5.595        677 1.3514e+00 0.0000e+00
      3.955    16.2726     0.1684      1.677  50.880827     61.325      6.349   240.3437     4.0477     2.7433     0.0323      0.078      3.877      5.623        678 1.3488e+00 0.0000e+00
      3.971    16.2819     0.1730      1.721  50.970539     61.657      6.343   239.9652     4.0113     2.8104     0.0324      0.073      3.895      5.649        679 1.3236e+00 0.0000e+00
      3.987    16.2533     0.1729      1.718  50.731208     61.432      6.338   240.3059     3.9951     2.6761     0.0323      0.068      3.913      5.676        680 1.3087e+00 0.0000e+00
