Data/DataNotYetUploadedToEDI/Raw_CTD/RawDownloads/091018_fcr50.cnv
* Sea-Bird SBE19plus  Data File:
* FileName = C:\DATA\091018_fcr_0005.hex
* Software version 2.6.3.104
* Temperature SN = 7809
* Conductivity SN = 7809
* System UpLoad Time = Sep 10 2018 16:58:25
* <ApplicationData>
* <Seaterm232>
# nquan = 17
# nvalues = 1846                        
# units = specified
# name 0 = depFM: Depth [fresh water, m]
# name 1 = tv290C: Temperature [ITS-90, deg C]
# name 2 = sbeox0Mg/L: Oxygen, SBE 43 [mg/l]
# name 3 = sbeox0PS: Oxygen, SBE 43 [% saturation]
# name 4 = c0uS/cm: Conductivity [uS/cm]
# name 5 = specc: Specific Conductance [uS/cm]
# name 6 = ph: pH
# name 7 = orp: Oxidation Reduction Potential [mV]
# name 8 = flECO-AFL: Fluorescence, WET Labs ECO-AFL/FL [mg/m^3]
# name 9 = turbWETntu0: Turbidity, WET Labs ECO [NTU]
# name 10 = sal00: Salinity, Practical [PSU]
# name 11 = dz/dtM: Descent Rate [m/s]
# name 12 = prdM: Pressure, Strain Gauge [db]
# name 13 = prdE: Pressure, Strain Gauge [psi]
# name 14 = scan: Scan Count
# name 15 = par/sat/log: PAR/Logarithmic, Satlantic
# name 16 = flag:  0.000e+00
# span 0 =     -0.578,      9.715       
# span 1 =    12.2393,    24.0225       
# span 2 =     0.0357,     9.2523       
# span 3 =      0.367,    105.954       
# span 4 =  -3.096681, 285.156243       
# span 5 =     -4.855,    383.231       
# span 6 =      6.059,      7.669       
# span 7 =   180.4157,   337.7883       
# span 8 =    -0.2305,    20.6752       
# span 9 =    -0.3049,    46.6124       
# span 10 =     0.0000,     0.1824      
# span 11 =     -0.510,      0.194      
# span 12 =     -0.567,      9.527      
# span 13 =     -0.822,     13.818      
# span 14 =          1,       1846      
# span 15 = 1.2090e-01, 2.8581e+02      
# span 16 = 0.0000e+00, 0.0000e+00      
# interval = seconds: 0.25
# start_time = Sep 10 2018 17:24:46 [Instrument's time stamp, header]
# bad_flag = -9.990e-29
*END*
[from data line 596]
      4.892    12.6852     0.1083      1.017  48.405927     64.029      6.358   234.8544     1.6094     5.8988     0.0322      0.047      4.796      6.956        597 3.7119e-01 0.0000e+00
      4.904    12.6563     0.0980      0.921  49.030121     65.121      6.355   235.1952     1.6215     5.9928     0.0326      0.047      4.808      6.973        598 3.3987e-01 0.0000e+00
      4.912    12.6288     0.0957      0.900  48.719326     64.569      6.354   235.0437     1.6013     5.8720     0.0324      0.047      4.817      6.986        599 3.4553e-01 0.0000e+00
      4.920    12.6179     0.1008      0.948  48.228836     64.061      6.354   235.0437     1.5487     7.1476     0.0322      0.046      4.825      6.999        600 3.4368e-01 0.0000e+00
      4.930    12.6140     0.0976      0.917  48.216000     64.036      6.354   235.1573     1.5326     7.1476     0.0321      0.045      4.835      7.013        601 3.4410e-01 0.0000e+00
      4.941    12.5961     0.0988      0.928  48.230793     64.127      6.353   234.9680     1.5609     7.2014     0.0322      0.044      4.846      7.029        602 3.3772e-01 0.0000e+00
      4.955    12.5615     0.1016      0.954  47.913663     63.688      6.357   235.0816     1.5407     7.2148     0.0320      0.044      4.859      7.047        603 3.1761e-01 0.0000e+00
      4.967    12.5283     0.0983      0.924  47.453264     63.085      6.354   235.2709     1.5487     8.4501     0.0317      0.042      4.870      7.063        604 3.2983e-01 0.0000e+00
      4.975    12.5222     0.1059      0.996  47.497981     63.219      6.353   235.0816     1.5568     8.4501     0.0317      0.041      4.878      7.075        605 3.3685e-01 0.0000e+00
      4.981    12.5340     0.1056      0.993  47.858032     63.759      6.354   235.0816     1.5730     8.4501     0.0320      0.040      4.885      7.085        606 3.3064e-01 0.0000e+00
      4.989    12.5511     0.0944      0.886  47.836153     63.771      6.354   235.1952     1.5568     8.4904     0.0320      0.040      4.893      7.096        607 3.1879e-01 0.0000e+00
      4.998    12.5866     0.0945      0.887  47.851660     63.672      6.355   233.9837     1.3749     9.7124     0.0319      0.038      4.900      7.107        608 3.1961e-01 0.0000e+00
      5.003    12.6155     0.0967      0.908  48.076146     64.095      6.354   234.5894     1.3668     9.6587     0.0321      0.036      4.906      7.114        609 3.3458e-01 0.0000e+00
      5.005    12.6096     0.0940      0.882  48.209668     64.030      6.352   234.4380     1.3708     9.7392     0.0321      0.031      4.912      7.123        610 3.1533e-01 0.0000e+00
      5.017    12.5706     0.0914      0.857  48.249343     64.243      6.354   234.4380     1.3466     9.6721     0.0322      0.028      4.922      7.138        611 2.8044e-01 0.0000e+00
      5.034    12.5287     0.0920      0.862  47.522252     63.098      6.351   233.7944     1.3789     9.2558     0.0317      0.030      4.937      7.160        612 2.7696e-01 0.0000e+00
      5.051    12.5340     0.0979      0.917  47.066824     62.646      6.348   234.1352     1.3263     9.2961     0.0315      0.035      4.954      7.185        613 2.8545e-01 0.0000e+00
      5.070    12.5703     0.0973      0.911  47.629066     63.423      6.345   234.0594     1.3506     9.2424     0.0318      0.041      4.971      7.210        614 2.9726e-01 0.0000e+00
      5.087    12.5782     0.1021      0.955  47.979956     63.976      6.340   234.6273     1.3830     9.2424     0.0321      0.048      4.987      7.233        615 3.1038e-01 0.0000e+00
      5.099    12.5506     0.0998      0.933  47.757857     63.498      6.337   234.7409     1.3304     9.2290     0.0319      0.054      4.999      7.251        616 3.1465e-01 0.0000e+00
      5.107    12.5185     0.1030      0.963  47.489976     63.228      6.334   234.7030     1.3627    10.3166     0.0318      0.057      5.006      7.261        617 3.1263e-01 0.0000e+00
      5.109    12.5046     0.1024      0.958  47.274642     62.899      6.326   234.6273     1.3627    10.2763     0.0316      0.056      5.011      7.267        618 2.8270e-01 0.0000e+00
      5.113    12.5002     0.1023      0.957  47.283938     63.033      6.323   234.1352     1.3749    10.3166     0.0316      0.049      5.016      7.275        619 2.8722e-01 0.0000e+00
      5.121    12.4982     0.0970      0.907  47.062958     62.753      6.318   234.0594     1.3668    10.4375     0.0315      0.041      5.024      7.286        620 2.9558e-01 0.0000e+00
      5.133    12.4758     0.0978      0.915  46.303288     61.720      6.319   233.8702     1.3506    10.7195     0.0311      0.036      5.034      7.301        621 2.5881e-01 0.0000e+00
      5.145    12.4232     0.0940      0.879  45.855327     61.124      6.320   233.7187     1.3587    10.7329     0.0308      0.032      5.045      7.317        622 2.7885e-01 0.0000e+00
      5.154    12.3827     0.0933      0.872  45.691585     60.974      6.322   233.7187     1.3506    10.7195     0.0307      0.031      5.053      7.329        623 2.8374e-01 0.0000e+00
      5.159    12.3668     0.0926      0.866  45.616854     60.912      6.321   233.3402     1.3749    10.7866     0.0307      0.031      5.059      7.339        624 2.5938e-01 0.0000e+00
      5.165    12.3578     0.0927      0.866  45.681292     61.128      6.323   233.5294     1.2980    10.4375     0.0307      0.032      5.067      7.349        625 2.7561e-01 0.0000e+00
      5.177    12.3493     0.0971      0.907  45.552069     60.929      6.322   233.1509     1.2980    10.2763     0.0307      0.034      5.077      7.364        626 2.7673e-01 0.0000e+00
      5.190    12.3432     0.0935      0.873  45.391925     60.756      6.321   233.3023     1.2616    10.3032     0.0306      0.036      5.090      7.382        627 2.5649e-01 0.0000e+00
      5.204    12.3422     0.0962      0.899  45.287125     60.620      6.321   232.9616     1.2900    10.2898     0.0305      0.038      5.102      7.400        628 2.5789e-01 0.0000e+00
      5.213    12.3426     0.0929      0.868  45.296742     60.630      6.318   233.4159     1.1039    12.1965     0.0305      0.038      5.112      7.415        629 2.7469e-01 0.0000e+00
      5.223    12.3389     0.0934      0.872  45.320614     60.707      6.318   233.2266     1.0878    12.2368     0.0305      0.039      5.124      7.431        630 2.4307e-01 0.0000e+00
      5.239    12.3335     0.0909      0.849  45.168400     60.444      6.318   232.2423     1.1403    12.1697     0.0304      0.043      5.139      7.453        631 2.3711e-01 0.0000e+00
      5.258    12.3263     0.0907      0.847  45.041074     60.338      6.313   232.5830     1.0999    12.1831     0.0304      0.048      5.155      7.477        632 2.5363e-01 0.0000e+00
      5.273    12.3180     0.0904      0.844  44.885612     60.084      6.311   232.3559     1.1484    12.9888     0.0303      0.052      5.170      7.499        633 2.3626e-01 0.0000e+00
      5.287    12.3092     0.0894      0.835  44.798092     60.021      6.310   232.5830     1.1686    13.1231     0.0302      0.054      5.184      7.518        634 2.2975e-01 0.0000e+00
      5.299    12.2986     0.0947      0.884  44.645562     59.809      6.307   232.2423     1.1808    13.0694     0.0301      0.055      5.196      7.535        635 2.2289e-01 0.0000e+00
      5.309    12.2892     0.0913      0.853  44.392975     59.486      6.302   232.2423     1.1525    13.1768     0.0300      0.055      5.206      7.550        636 2.3481e-01 0.0000e+00
      5.317    12.2828     0.0931      0.869  44.281620     59.353      6.301   232.2423     0.9867    14.4390     0.0299      0.054      5.216      7.565        637 2.1900e-01 0.0000e+00
      5.331    12.2786     0.0874      0.816  44.279725     59.368      6.300   232.5073     0.9584    14.4793     0.0299      0.052      5.229      7.584        638 1.9104e-01 0.0000e+00
      5.349    12.2765     0.0857      0.801  44.217308     59.303      6.298   232.5073     0.9543    14.5464     0.0299      0.050      5.244      7.606        639 2.0761e-01 0.0000e+00
      5.363    12.2759     0.0909      0.849  44.181269     59.235      6.298   232.2423     0.9826    14.5867     0.0299      0.049      5.258      7.625        640 2.1537e-01 0.0000e+00
      5.372    12.2750     0.0903      0.843  44.205890     59.313      6.297   233.5673     0.9867    14.5196     0.0299      0.049      5.268      7.641        641 1.9799e-01 0.0000e+00
      5.382    12.2752     0.0888      0.829  44.186671     59.239      6.298   233.3023     0.9705    14.8016     0.0299      0.048      5.279      7.656        642 2.0836e-01 0.0000e+00
      5.395    12.2755     0.0919      0.858  44.145845     59.241      6.295   233.5294     0.9503    14.6673     0.0299      0.049      5.289      7.671        643 1.9945e-01 0.0000e+00
      5.402    12.2748     0.0916      0.855  44.108340     59.128      6.294   233.8323     1.0069    14.7479     0.0298      0.048      5.297      7.683        644 1.8259e-01 0.0000e+00
      5.409    12.2750     0.0956      0.893  44.144331     59.240      6.295   233.7187     0.9867    14.6270     0.0299      0.045      5.306      7.696        645 2.0201e-01 0.0000e+00
      5.422    12.2760     0.0921      0.860  44.190068     59.241      6.293   234.5894     0.9220    15.6341     0.0299      0.042      5.318      7.713        646 1.7869e-01 0.0000e+00
      5.437    12.2755     0.0876      0.818  44.199779     59.316      6.293   235.1194     0.8775    15.7684     0.0299      0.041      5.330      7.730        647 1.6467e-01 0.0000e+00
      5.445    12.2753     0.0849      0.792  44.102575     59.127      6.293   235.3466     0.8896    15.7147     0.0298      0.041      5.339      7.743        648 1.6819e-01 0.0000e+00
      5.449    12.2783     0.0890      0.831  44.073665     59.127      6.288   235.1952     0.9139    15.7281     0.0298      0.039      5.344      7.751        649 1.9473e-01 0.0000e+00
      5.456    12.2801     0.0829      0.774  44.176414     59.241      6.288   235.3466     0.9907    16.0906     0.0299      0.037      5.351      7.761        650 2.0692e-01 0.0000e+00
      5.466    12.2787     0.0835      0.780  44.152734     59.235      6.286   235.4602     0.9948    16.1309     0.0299      0.036      5.359      7.773        651 1.7316e-01 0.0000e+00
      5.471    12.2762     0.0918      0.857  44.103132     59.120      6.284   235.3466     0.9624    16.0772     0.0298      0.035      5.366      7.783        652 1.7465e-01 0.0000e+00
      5.478    12.2744     0.0880      0.821  44.149127     59.235      6.283   235.8009     0.9503    16.0369     0.0299      0.032      5.375      7.794        653 1.6785e-01 0.0000e+00
      5.490    12.2732     0.0931      0.870  44.095496     59.126      6.281   235.4980     0.8249    15.5267     0.0298      0.031      5.386      7.811        654 1.5867e-01 0.0000e+00
      5.507    12.2730     0.0889      0.831  44.021519     59.054      6.281   235.9144     0.8694    15.5670     0.0298      0.032      5.401      7.834        655 1.7918e-01 0.0000e+00
      5.526    12.2759     0.0913      0.853  44.122505     59.169      6.281   236.0280     0.8735    15.6072     0.0298      0.038      5.417      7.858        656 1.7965e-01 0.0000e+00
      5.540    12.2759     0.0905      0.845  44.147850     59.244      6.280   236.7852     0.8371    15.5804     0.0299      0.044      5.432      7.878        657 1.6103e-01 0.0000e+00
      5.550    12.2756     0.0915      0.855  44.108664     59.127      6.277   236.9744     0.7926    17.9168     0.0298      0.048      5.443      7.894        658 1.4858e-01 0.0000e+00
      5.561    12.2786     0.0846      0.790  44.141601     59.239      6.274   237.3909     0.7602    17.8497     0.0299      0.051      5.454      7.911        659 1.6835e-01 0.0000e+00
      5.575    12.2783     0.0870      0.813  44.106860     59.128      6.275   237.7316     0.7602    17.7826     0.0298      0.053      5.468      7.931        660 1.6656e-01 0.0000e+00
      5.592    12.2748     0.0895      0.836  44.092553     59.160      6.273   238.4130     0.7845    17.8900     0.0298      0.055      5.483      7.951        661 1.3669e-01 0.0000e+00
      5.605    12.2724     0.0875      0.817  44.040720     59.048      6.269   238.6023     0.7885    17.8766     0.0298      0.054      5.497      7.971        662 1.4202e-01 0.0000e+00
      5.617    12.2717     0.0889      0.830  44.023011     59.054      6.270   238.7537     0.6551    20.0385     0.0298      0.053      5.508      7.989        663 1.3475e-01 0.0000e+00
      5.628    12.2696     0.0860      0.803  44.084921     59.133      6.268   238.9430     0.6672    20.1190     0.0298      0.051      5.518      8.004        664 1.3659e-01 0.0000e+00
      5.636    12.2718     0.0876      0.818  44.082360     59.134      6.265   239.2837     0.6551    20.1459     0.0298      0.050      5.527      8.016        665 1.3968e-01 0.0000e+00
      5.643    12.2798     0.0860      0.803  44.085542     59.137      6.265   239.7380     0.7077    20.0787     0.0298      0.048      5.534      8.026        666 1.2090e-01 0.0000e+00
      5.650    12.2809     0.0852      0.795  44.080963     59.134      6.263   239.6245     0.6713    21.1530     0.0298      0.044      5.541      8.036        667 1.3964e-01 0.0000e+00
      5.658    12.2787     0.0844      0.788  44.088057     59.120      6.261   239.8895     0.6672    21.1396     0.0298      0.039      5.548      8.046        668 1.6030e-01 0.0000e+00
      5.663    12.2791     0.0826      0.772  44.076710     59.119      6.259   239.4352     0.6713    21.2201     0.0298      0.034      5.554      8.056        669 1.3215e-01 0.0000e+00
      5.670    12.2772     0.0862      0.805  44.095082     59.123      6.256   240.1166     0.6672    21.1664     0.0298      0.031      5.564      8.070        670 1.2258e-01 0.0000e+00
      5.688    12.2737     0.0923      0.862  44.094864     59.159      6.255   239.5866     0.7117    21.0456     0.0298      0.031      5.580      8.093        671 1.2816e-01 0.0000e+00
      5.711    12.2710     0.0877      0.819  44.047312     59.050      6.254   240.0409     0.6834    20.9113     0.0298      0.036      5.599      8.120        672 1.2405e-01 0.0000e+00
      5.728    12.2699     0.0872      0.814  44.065249     59.130      6.249   239.7380     0.7198    20.9516     0.0298      0.043      5.616      8.145        673 1.2650e-01 0.0000e+00
      5.741    12.2697     0.0891      0.832  44.042872     59.060      6.250   239.8516     0.7117    21.0456     0.0298      0.049      5.630      8.165        674 1.2504e-01 0.0000e+00
      5.753    12.2704     0.0821      0.767  44.075161     59.137      6.246   239.4730     0.6713    20.8173     0.0298      0.054      5.643      8.184        675 1.2615e-01 0.0000e+00
      5.767    12.2714     0.0874      0.816  44.114081     59.174      6.244   239.3216     0.6672    20.7501     0.0298      0.058      5.658      8.205        676 1.2540e-01 0.0000e+00
      5.787    12.2714     0.0836      0.780  44.083450     59.136      6.242   239.6623     0.6672    20.8173     0.0298      0.062      5.673      8.229        677 1.2564e-01 0.0000e+00
      5.801    12.2700     0.0846      0.791  44.083609     59.134      6.242   239.5109     0.6551    20.7501     0.0298      0.063      5.687      8.249        678 1.2562e-01 0.0000e+00
      5.811    12.2684     0.0834      0.779  44.084213     59.134      6.237   239.3216     0.6875    21.5021     0.0298      0.059      5.698      8.265        679 1.2569e-01 0.0000e+00
      5.821    12.2671     0.0862      0.805  44.082700     59.136      6.233   239.4352     0.6591    21.4081     0.0298      0.055      5.707      8.279        680 1.2558e-01 0.0000e+00
