Data/DataNotYetUploadedToEDI/Raw_CTD/RawDownloads/091018_fcr20.cnv
* Sea-Bird SBE19plus  Data File:
* FileName = C:\DATA\091018_fcr_0002.hex
* Software version 2.6.3.104
* Temperature SN = 7809
* Conductivity SN = 7809
* System UpLoad Time = Sep 10 2018 16:56:39
* <ApplicationData>
* <Seaterm232>
# nquan = 17
# nvalues = 637                         
# units = specified
# name 0 = depFM: Depth [fresh water, m]
# name 1 = tv290C: Temperature [ITS-90, deg C]
# name 2 = sbeox0Mg/L: Oxygen, SBE 43 [mg/l]
# name 3 = sbeox0PS: Oxygen, SBE 43 [% saturation]
# name 4 = c0uS/cm: Conductivity [uS/cm]
# name 5 = specc: Specific Conductance [uS/cm]
# name 6 = ph: pH
# name 7 = orp: Oxidation Reduction Potential [mV]
# name 8 = flECO-AFL: Fluorescence, WET Labs ECO-AFL/FL [mg/m^3]
# name 9 = turbWETntu0: Turbidity, WET Labs ECO [NTU]
# name 10 = sal00: Salinity, Practical [PSU]
# name 11 = dz/dtM: Descent Rate [m/s]
# name 12 = prdM: Pressure, Strain Gauge [db]
# name 13 = prdE: Pressure, Strain Gauge [psi]
# name 14 = scan: Scan Count
# name 15 = par/sat/log: PAR/Logarithmic, Satlantic
# name 16 = flag:  0.000e+00
# span 0 =     -0.576,      3.178       
# span 1 =    20.2814,    23.9279       
# span 2 =     0.4643,     8.6330       
# span 3 =      5.135,     99.182       
# span 4 =   0.981774,  65.145867       
# span 5 =      1.560,     71.897       
# span 6 =      5.469,      7.239       
# span 7 =   111.1748,   285.7346       
# span 8 =    -0.2062,     5.6611       
# span 9 =    -0.3183,     9.9809       
# span 10 =     0.0103,     0.0382      
# span 11 =     -0.040,      0.173      
# span 12 =     -0.565,      3.114      
# span 13 =     -0.819,      4.516      
# span 14 =          1,        637      
# span 15 = 2.6197e+00, 3.1189e+02      
# span 16 = 0.0000e+00, 0.0000e+00      
# interval = seconds: 0.25
# start_time = Sep 10 2018 14:49:15 [Instrument's time stamp, header]
# bad_flag = -9.990e-29
*END*
[from data line 86]
     -0.168    23.5947     5.2762     62.159  34.903655     35.867      7.062   257.2659     4.5855     2.3404     0.0236     -0.011     -0.165     -0.238         87 2.9997e+02 0.0000e+00
     -0.162    23.5948     5.2642     62.011  34.865016     35.882      7.053   228.7594     4.6381     2.5419     0.0236     -0.007     -0.159     -0.230         88 2.9779e+02 0.0000e+00
     -0.155    23.5958     5.2462     61.788  34.792072     35.774      7.046   226.0337     4.6462     2.4479     0.0236     -0.000     -0.153     -0.221         89 2.9618e+02 0.0000e+00
     -0.151    23.5948     5.2318     61.605  34.757185     35.775      7.046   224.5573     4.6664     2.5553     0.0236      0.008     -0.148     -0.214         90 2.9525e+02 0.0000e+00
     -0.147    23.5889     5.2228     61.494  34.700838     35.687      7.042   223.6866     4.6664     2.5016     0.0236      0.015     -0.144     -0.209         91 2.9449e+02 0.0000e+00
     -0.144    23.5787     5.2109     61.360  34.684255     35.688      7.033   222.2480     4.6381     2.4613     0.0236      0.019     -0.140     -0.203         92 2.9434e+02 0.0000e+00
     -0.138    23.5699     5.1957     61.167  34.777824     35.779      7.031   220.9987     4.5451     2.3002     0.0236      0.020     -0.135     -0.197         93 2.9544e+02 0.0000e+00
     -0.134    23.5714     5.1768     60.914  34.762336     35.786      7.031   220.9987     4.4966     2.3807     0.0236      0.019     -0.133     -0.194         94 2.9679e+02 0.0000e+00
     -0.137    23.5752     5.1584     60.678  34.644221     35.649      7.027   221.2637     4.5410     2.3002     0.0235      0.016     -0.135     -0.197         95 2.9677e+02 0.0000e+00
     -0.144    23.5645     5.1478     60.538  34.628253     35.648      7.031   220.9987     4.5451     2.3673     0.0235      0.011     -0.139     -0.202         96 2.9733e+02 0.0000e+00
     -0.145    23.5503     5.1383     60.413  34.693238     35.702      7.036   220.5444     4.5006     2.4881     0.0236      0.006     -0.141     -0.205         97 2.9904e+02 0.0000e+00
     -0.144    23.5437     5.1301     60.304  34.681974     35.711      7.044   221.4908     4.5289     2.4479     0.0236      0.002     -0.142     -0.205         98 2.9959e+02 0.0000e+00
     -0.146    23.5347     5.1149     60.115  34.642272     35.664      7.041   221.0365     4.5330     2.5419     0.0235     -0.001     -0.142     -0.205         99 3.0024e+02 0.0000e+00
     -0.143    23.5228     5.1035     59.968  34.712994     35.754      7.049   219.7494     4.5330     2.5687     0.0236     -0.003     -0.138     -0.200        100 3.0217e+02 0.0000e+00
     -0.132    23.5187     5.0945     59.847  34.682938     35.732      7.053   219.6737     4.5936     2.5419     0.0236     -0.001     -0.132     -0.190        101 3.0372e+02 0.0000e+00
     -0.127    23.5229     5.0817     59.680  34.590714     35.626      7.052   219.8630     4.5855     2.5553     0.0235      0.003     -0.127     -0.184        102 3.0418e+02 0.0000e+00
     -0.129    23.5119     5.0614     59.427  34.560862     35.629      7.051   220.0523     4.5774     2.4747     0.0235      0.007     -0.127     -0.184        103 3.0552e+02 0.0000e+00
     -0.133    23.4863     5.0466     59.244  34.542152     35.568      7.055   219.2951     4.6300     2.5150     0.0235      0.009     -0.130     -0.188        104 3.0742e+02 0.0000e+00
     -0.135    23.4687     5.0305     59.042  34.613999     35.691      7.060   219.9765     4.4885     2.3002     0.0235      0.008     -0.132     -0.192        105 3.0933e+02 0.0000e+00
     -0.137    23.4557     5.0221     58.927  34.619735     35.682      7.066   220.0901     4.5410     2.3941     0.0235      0.005     -0.135     -0.195        106 3.1125e+02 0.0000e+00
     -0.140    23.4429     5.0053     58.727  34.623990     35.723      7.048   220.5444     4.5168     2.2867     0.0235      0.002     -0.137     -0.198        107 3.1189e+02 0.0000e+00
     -0.141    23.4323     4.9959     58.639  34.638368     35.733      7.039   220.3930     4.5127     2.2464     0.0235     -0.003     -0.137     -0.198        108 3.1162e+02 0.0000e+00
     -0.137    23.4226     5.0113     58.873  34.631506     35.742      7.047   220.3930     4.6664     2.5687     0.0235     -0.006     -0.135     -0.195        109 3.1059e+02 0.0000e+00
     -0.134    23.4115     5.0540     59.447  34.632537     35.750      7.059   220.7337     4.6583     2.5016     0.0235     -0.005     -0.131     -0.191        110 3.0980e+02 0.0000e+00
     -0.131    23.3975     5.1227     60.305  34.607433     35.729      7.068   220.8851     4.6543     2.4747     0.0235     -0.002     -0.129     -0.188        111 3.0951e+02 0.0000e+00
     -0.131    23.3827     5.1820     61.045  34.573780     35.708      7.068   221.3015     4.6179     2.4747     0.0235      0.002     -0.128     -0.186        112 3.0823e+02 0.0000e+00
     -0.131    23.3701     5.2317     61.683  34.585453     35.718      7.068   221.3394     4.6462     2.4881     0.0235      0.004     -0.128     -0.185        113 3.0804e+02 0.0000e+00
     -0.130    23.3616     5.2968     62.499  34.622571     35.787      7.062   220.9987     4.6017     2.6493     0.0235      0.005     -0.126     -0.182        114 3.0775e+02 0.0000e+00
     -0.124    23.3501     5.3841     63.571  34.586907     35.739      7.062   221.6044     4.5896     2.4479     0.0235      0.007     -0.122     -0.177        115 3.0597e+02 0.0000e+00
     -0.121    23.3356     5.4953     64.915  34.570529     35.745      7.055   221.6044     4.5653     2.4076     0.0235      0.008     -0.120     -0.175        116 3.0609e+02 0.0000e+00
     -0.123    23.3330     5.6338     66.567  34.553990     35.724      7.053   221.7937     4.5572     2.3941     0.0235      0.008     -0.120     -0.175        117 3.0669e+02 0.0000e+00
     -0.124    23.3529     5.7644     68.113  34.637152     35.822      7.058   221.5665     4.5774     2.5150     0.0235      0.006     -0.122     -0.177        118 3.0671e+02 0.0000e+00
     -0.125    23.4017     5.8948     69.643  34.822919     36.026      7.063   221.6423     4.5855     2.5150     0.0236      0.004     -0.122     -0.177        119 3.0804e+02 0.0000e+00
     -0.123    23.4643     6.0239     71.164  34.945595     36.127      7.067   221.4530     4.5774     2.5687     0.0237      0.004     -0.120     -0.175        120 3.0914e+02 0.0000e+00
     -0.119    23.5102     6.1295     72.431  34.988638     36.149      7.070   221.9451     4.5977     2.4747     0.0237      0.004     -0.118     -0.171        121 3.0896e+02 0.0000e+00
     -0.118    23.5463     6.2256     73.595  35.006588     36.101      7.067   222.3615     4.7190     2.2867     0.0237      0.003     -0.117     -0.170        122 3.0897e+02 0.0000e+00
     -0.121    23.5908     6.2928     74.411  35.041859     36.125      7.070   222.3237     4.6987     2.3002     0.0237      0.002     -0.118     -0.171        123 3.0735e+02 0.0000e+00
     -0.122    23.6331     6.3314     74.881  35.063348     36.098      7.078   222.2480     4.7432     2.2733     0.0237      0.001     -0.118     -0.172        124 3.0566e+02 0.0000e+00
     -0.120    23.6673     6.3409     74.992  35.098455     36.122      7.079   222.5130     4.6987     2.2733     0.0237      0.002     -0.117     -0.170        125 3.0295e+02 0.0000e+00
     -0.118    23.6927     6.3178     74.711  35.116778     36.091      7.081   222.5887     4.8160     2.5553     0.0237      0.003     -0.115     -0.167        126 2.9911e+02 0.0000e+00
     -0.115    23.7059     6.2676     74.121  35.099838     36.066      7.078   223.4216     4.8362     2.5419     0.0237      0.004     -0.112     -0.162        127 2.9600e+02 0.0000e+00
     -0.109    23.7078     6.2024     73.366  35.119519     36.047      7.086   223.3458     4.8403     2.4881     0.0237      0.005     -0.107     -0.155        128 2.9139e+02 0.0000e+00
     -0.104    23.7002     6.1390     72.632  35.092273     36.037      7.093   223.2323     4.8443     2.5016     0.0237      0.007     -0.102     -0.148        129 2.8912e+02 0.0000e+00
     -0.099    23.6972     6.0868     72.027  35.015110     35.921      7.097   223.6866     4.6300     2.4210     0.0237      0.010     -0.099     -0.143        130 2.8952e+02 0.0000e+00
     -0.100    23.7111     6.0597     71.714  35.037603     35.984      7.100   223.7244     4.6462     2.4210     0.0237      0.013     -0.099     -0.143        131 2.9041e+02 0.0000e+00
     -0.103    23.7314     6.0463     71.560  35.064283     35.986      7.103   223.6866     4.6624     2.4747     0.0237      0.012     -0.101     -0.146        132 2.9088e+02 0.0000e+00
     -0.105    23.7475     6.0475     71.575  35.100537     36.033      7.105   223.8001     4.6543     2.5419     0.0237      0.009     -0.102     -0.148        133 2.9082e+02 0.0000e+00
     -0.104    23.7565     6.0393     71.481  35.111109     36.018      7.106   224.5573     4.5936     2.3136     0.0237      0.006     -0.101     -0.148        134 2.9076e+02 0.0000e+00
     -0.102    23.7556     6.0254     71.320  35.051118     35.949      7.111   224.4058     4.6057     2.2599     0.0237      0.004     -0.100     -0.145        135 2.9061e+02 0.0000e+00
     -0.100    23.7507     6.0247     71.315  35.056559     35.942      7.111   224.6708     4.6017     2.2464     0.0237      0.002     -0.099     -0.144        136 2.9074e+02 0.0000e+00
     -0.102    23.7531     6.0222     71.287  35.045020     35.943      7.111   224.7844     4.5693     2.1793     0.0237      0.000     -0.100     -0.145        137 2.9161e+02 0.0000e+00
     -0.103    23.7642     6.0250     71.319  35.006164     35.889      7.112   225.0116     4.6057     2.3270     0.0237     -0.001     -0.101     -0.147        138 2.9201e+02 0.0000e+00
     -0.105    23.7764     6.0313     71.392  35.045599     35.945      7.111   225.5416     4.7837     2.3270     0.0237     -0.001     -0.102     -0.148        139 2.9178e+02 0.0000e+00
     -0.104    23.7853     6.0366     71.453  35.055255     35.937      7.113   225.8823     4.7796     2.3539     0.0237      0.000     -0.101     -0.147        140 2.9169e+02 0.0000e+00
     -0.102    23.7913     6.0425     71.519  35.053459     35.928      7.115   225.5794     4.7715     2.2733     0.0237      0.000     -0.100     -0.146        141 2.9058e+02 0.0000e+00
     -0.101    23.7945     6.0410     71.494  35.047830     35.921      7.114   225.4280     4.7958     2.3404     0.0237      0.000     -0.099     -0.144        142 2.8914e+02 0.0000e+00
     -0.100    23.7958     6.0400     71.469  35.002942     35.859      7.114   226.1473     4.8039     2.2599     0.0237      0.000     -0.098     -0.143        143 2.8900e+02 0.0000e+00
     -0.100    23.7977     6.0182     71.186  34.990691     35.857      7.112   226.4880     4.8039     2.3270     0.0237      0.001     -0.098     -0.143        144 2.8963e+02 0.0000e+00
     -0.100    23.8004     5.9978     70.919  35.003759     35.856      7.113   226.2987     4.8201     2.3136     0.0237      0.002     -0.098     -0.143        145 2.8943e+02 0.0000e+00
     -0.100    23.8027     5.9645     70.506  34.986677     35.855      7.114   226.1851     4.8322     2.2733     0.0237      0.002     -0.098     -0.142        146 2.8930e+02 0.0000e+00
     -0.100    23.8036     5.9293     70.079  34.952635     35.795      7.114   226.6016     4.7998     2.4881     0.0237      0.002     -0.098     -0.142        147 2.8990e+02 0.0000e+00
     -0.100    23.8026     5.8876     69.579  34.986809     35.851      7.114   227.1316     4.7675     2.5419     0.0237      0.002     -0.098     -0.142        148 2.8995e+02 0.0000e+00
     -0.099    23.8014     5.8557     69.198  35.003461     35.850      7.115   227.1316     4.7715     2.5419     0.0237      0.001     -0.097     -0.141        149 2.8918e+02 0.0000e+00
     -0.099    23.7998     5.8217     68.793  34.991224     35.851      7.114   227.0558     4.7594     2.5419     0.0237      0.001     -0.097     -0.141        150 2.8947e+02 0.0000e+00
     -0.099    23.7972     5.7901     68.414  35.002037     35.852      7.114   227.6237     4.7877     2.2867     0.0237      0.001     -0.097     -0.141        151 2.8980e+02 0.0000e+00
     -0.100    23.7925     5.7598     68.049  34.990007     35.853      7.116   227.8508     4.7958     2.3807     0.0237      0.000     -0.097     -0.141        152 2.8911e+02 0.0000e+00
     -0.099    23.7820     5.7261     67.644  35.006198     35.855      7.113   228.1159     4.7837     2.3002     0.0237      0.000     -0.097     -0.140        153 2.8872e+02 0.0000e+00
     -0.097    23.7639     5.6935     67.251  34.981887     35.858      7.115   227.9644     4.7715     2.2867     0.0237      0.001     -0.096     -0.138        154 2.8841e+02 0.0000e+00
     -0.095    23.7443     5.6606     66.858  34.901636     35.752      7.115   227.8508     4.7068     2.5419     0.0236      0.002     -0.094     -0.135        155 2.8816e+02 0.0000e+00
     -0.093    23.7303     5.6302     66.492  34.868820     35.765      7.113   228.0401     4.7149     2.5687     0.0236      0.003     -0.092     -0.134        156 2.8789e+02 0.0000e+00
     -0.094    23.7216     5.6010     66.140  34.844794     35.722      7.114   228.5323     4.7230     2.4479     0.0236      0.003     -0.092     -0.134        157 2.8795e+02 0.0000e+00
     -0.095    23.7160     5.5680     65.743  34.872232     35.790      7.112   228.9109     4.7149     2.5150     0.0236      0.003     -0.093     -0.135        158 2.8802e+02 0.0000e+00
     -0.095    23.7132     5.5367     65.369  34.893995     35.796      7.109   229.2516     4.7068     2.4210     0.0236      0.003     -0.093     -0.135        159 2.8793e+02 0.0000e+00
     -0.095    23.7105     5.5092     65.041  34.877029     35.800      7.108   229.0244     4.7432     2.2733     0.0236      0.002     -0.092     -0.134        160 2.8780e+02 0.0000e+00
     -0.093    23.7058     5.4833     64.731  34.834034     35.745      7.103   229.4030     4.8039     2.3673     0.0236      0.002     -0.091     -0.133        161 2.8773e+02 0.0000e+00
     -0.092    23.7009     5.4609     64.460  34.828875     35.747      7.103   229.3273     4.7917     2.3270     0.0236      0.001     -0.091     -0.132        162 2.8848e+02 0.0000e+00
     -0.093    23.6951     5.4364     64.169  34.824138     35.750      7.100   229.4787     4.7837     2.3404     0.0236      0.001     -0.092     -0.133        163 2.8838e+02 0.0000e+00
     -0.095    23.6891     5.4206     63.985  34.780619     35.697      7.100   229.9330     4.8767     2.4344     0.0236      0.000     -0.094     -0.135        164 2.8786e+02 0.0000e+00
     -0.096    23.6847     5.3966     63.702  34.823722     35.758      7.095   229.8951     4.8726     2.5284     0.0236     -0.000     -0.094     -0.136        165 2.8846e+02 0.0000e+00
     -0.096    23.6800     5.3815     63.518  34.829812     35.763      7.084   229.8194     4.8767     2.5150     0.0236     -0.001     -0.095     -0.137        166 2.8902e+02 0.0000e+00
     -0.097    23.6744     5.3633     63.295  34.773041     35.708      7.080   229.7059     4.8767     2.4881     0.0236     -0.001     -0.095     -0.138        167 2.8910e+02 0.0000e+00
     -0.097    23.6687     5.3363     62.974  34.775748     35.712      7.078   229.8194     4.7675     2.5150     0.0236     -0.002     -0.095     -0.138        168 2.8950e+02 0.0000e+00
     -0.097    23.6643     5.3144     62.719  34.767132     35.716      7.086   230.0087     4.7432     2.4747     0.0236     -0.003     -0.096     -0.139        169 2.9026e+02 0.0000e+00
     -0.101    23.6622     5.2995     62.549  34.783767     35.720      7.084   230.1601     4.7675     2.5016     0.0236     -0.003     -0.098     -0.142        170 2.8923e+02 0.0000e+00
