Data/DataNotYetUploadedToEDI/Raw_CTD/RawDownloads/091018_fcr10.cnv
* Sea-Bird SBE19plus  Data File:
* FileName = C:\DATA\091018_fcr_0001.hex
* Software version 2.6.3.104
* Temperature SN = 7809
* Conductivity SN = 7809
* System UpLoad Time = Sep 10 2018 16:56:19
* <ApplicationData>
* <Seaterm232>
# nquan = 17
# nvalues = 406                         
# units = specified
# name 0 = depFM: Depth [fresh water, m]
# name 1 = tv290C: Temperature [ITS-90, deg C]
# name 2 = sbeox0Mg/L: Oxygen, SBE 43 [mg/l]
# name 3 = sbeox0PS: Oxygen, SBE 43 [% saturation]
# name 4 = c0uS/cm: Conductivity [uS/cm]
# name 5 = specc: Specific Conductance [uS/cm]
# name 6 = ph: pH
# name 7 = orp: Oxidation Reduction Potential [mV]
# name 8 = flECO-AFL: Fluorescence, WET Labs ECO-AFL/FL [mg/m^3]
# name 9 = turbWETntu0: Turbidity, WET Labs ECO [NTU]
# name 10 = sal00: Salinity, Practical [PSU]
# name 11 = dz/dtM: Descent Rate [m/s]
# name 12 = prdM: Pressure, Strain Gauge [db]
# name 13 = prdE: Pressure, Strain Gauge [psi]
# name 14 = scan: Scan Count
# name 15 = par/sat/log: PAR/Logarithmic, Satlantic
# name 16 = flag:  0.000e+00
# span 0 =     -0.579,      2.586       
# span 1 =    18.3524,    23.8794       
# span 2 =     4.7983,     9.2477       
# span 3 =     55.621,    106.379       
# span 4 =  -0.147199,  36.634236       
# span 5 =      0.362,     38.836       
# span 6 =      5.242,      7.177       
# span 7 =    35.5739,   333.4347       
# span 8 =    -0.2143,     4.9778       
# span 9 =    -0.3720,    13.6199       
# span 10 =     0.0093,     0.0245      
# span 11 =     -0.120,      0.257      
# span 12 =     -0.567,      2.535      
# span 13 =     -0.823,      3.677      
# span 14 =          1,        406      
# span 15 = 5.9165e+00, 3.1696e+02      
# span 16 = 0.0000e+00, 0.0000e+00      
# interval = seconds: 0.25
# start_time = Sep 10 2018 14:36:59 [Instrument's time stamp, header]
# bad_flag = -9.990e-29
*END*
     -0.578    18.3726     9.2470     98.435   0.342122      0.394      5.274   333.4347    -0.1698     0.0040     0.0093 2.1053e-16     -0.566     -0.822          1 2.2109e+02 0.0000e+00
     -0.578    18.3727     9.2459     98.424   0.312473      0.362      5.290   180.6429    -0.1941     0.0577     0.0093     -0.000     -0.567     -0.823          2 2.1532e+02 0.0000e+00
     -0.578    18.3731     9.2459     98.425   0.319781      0.362      5.283   182.6871    -0.1981    -0.0363     0.0093     -0.000     -0.567     -0.823          3 1.9834e+02 0.0000e+00
     -0.578    18.3729     9.2477     98.445   0.451454      0.523      5.283   156.8306    -0.1617    -0.0900     0.0093     -0.000     -0.567     -0.822          4 1.7894e+02 0.0000e+00
     -0.578    18.3736     9.2206     98.449   0.503887      0.587      5.297   109.4712    -0.1779    -0.3720     0.0093     -0.000     -0.567     -0.822          5 1.5326e+02 0.0000e+00
     -0.578    18.3731     9.0049     98.511   0.520990      0.587      5.287   134.1920    -0.1860    -0.3049     0.0093     -0.000     -0.567     -0.822          6 1.2919e+02 0.0000e+00
     -0.579    18.3748     8.7926     98.566   0.489383      0.587      5.287    99.7798    -0.1779    -0.1437     0.0093     -0.000     -0.567     -0.823          7 1.2922e+02 0.0000e+00
     -0.579    18.3732     8.6541     98.563   0.484007      0.523      5.283   122.2291    -0.1738    -0.1840     0.0093     -0.000     -0.567     -0.823          8 1.3699e+02 0.0000e+00
     -0.578    18.3772     8.5462     98.580   0.468467      0.587      5.275    52.0796    -0.1698    -0.1974     0.0093     -0.000     -0.567     -0.823          9 1.4176e+02 0.0000e+00
     -0.578    18.3719     8.4649     98.675   0.567936      0.587      5.271    35.5739    -0.1981    -0.2646     0.0093     -0.000     -0.567     -0.823         10 1.4652e+02 0.0000e+00
     -0.578    18.3818     8.4240     98.802   0.360219      0.523      5.265   105.8369    -0.1658    -0.1706     0.0093     -0.000     -0.567     -0.823         11 1.4823e+02 0.0000e+00
     -0.578    18.3669     8.4172     99.019   0.608540      0.523      5.259   120.7148    -0.1617    -0.2377     0.0093      0.000     -0.566     -0.822         12 1.4905e+02 0.0000e+00
     -0.578    18.3923     8.4299     99.313   0.258906      0.587      5.252   198.2465    -0.2143    -0.1706     0.0093      0.000     -0.566     -0.822         13 1.5680e+02 0.0000e+00
     -0.578    18.3524     8.4552     99.688   0.913759      0.587      5.242   235.0059    -0.1738    -0.1303     0.0093      0.000     -0.566     -0.822         14 1.8670e+02 0.0000e+00
     -0.578    18.5716     8.4879    100.113  -0.147199      0.587      5.247   263.3231    -0.2021    -0.2243     0.0093      0.000     -0.566     -0.821         15 2.3358e+02 0.0000e+00
     -0.578    19.7050     8.5035    100.305   1.638463      0.652      5.263   274.7560    -0.1658    -0.2377     0.0093      0.000     -0.557     -0.807         16 2.6410e+02 0.0000e+00
     -0.548    20.9616     8.5530    100.874  12.551945     15.526      5.326    93.1169    -0.1738    -0.2109     0.0139      0.008     -0.523     -0.759         17 2.8135e+02 0.0000e+00
     -0.475    21.7694     8.5876    101.261  23.830150     25.658      5.604   218.3865    -0.1941    -0.2512     0.0183      0.033     -0.462     -0.670         18 2.9816e+02 0.0000e+00
     -0.392    22.4396     8.7410    103.068  32.701726     36.579      6.166   165.6514    -0.1779    -0.1572     0.0232      0.073     -0.385     -0.558         19 3.0754e+02 0.0000e+00
     -0.310    22.9817     8.9726    105.786  34.563058     36.330      6.599   190.7886    -0.1941    -0.1169     0.0233      0.122     -0.308     -0.446         20 3.1486e+02 0.0000e+00
     -0.240    23.3133     9.0252    106.379  34.054572     36.265      6.784   189.9557     0.9867    13.5662     0.0235      0.172     -0.237     -0.344         21 3.1696e+02 0.0000e+00
     -0.174    23.4701     8.9674    105.725  34.757695     35.993      6.838   151.3792     1.0109    13.5796     0.0235      0.217     -0.177     -0.256         22 3.1024e+02 0.0000e+00
     -0.126    23.5502     8.7646    103.319  34.399533     35.723      6.859   150.5463     1.0029    13.5393     0.0235      0.249     -0.131     -0.190         23 3.0743e+02 0.0000e+00
     -0.100    23.5902     8.4522     99.595  34.529791     35.548      6.872   149.7513     1.0473    13.6199     0.0235      0.257     -0.101     -0.146         24 3.0663e+02 0.0000e+00
     -0.081    23.6121     8.0594     94.972  34.328599     35.376      6.895   152.1742     3.6717     2.2464     0.0234      0.239     -0.082     -0.119         25 2.9617e+02 0.0000e+00
     -0.069    23.6160     7.6431     90.088  34.471934     35.461      6.887   157.3985     3.6838     2.2330     0.0235      0.202     -0.070     -0.102         26 2.8958e+02 0.0000e+00
     -0.065    23.6081     7.2285     85.235  34.351392     35.331      6.878   157.7771     3.6838     2.2599     0.0234      0.158     -0.063     -0.092         27 2.8804e+02 0.0000e+00
     -0.059    23.5970     6.8842     81.213  34.330321     35.299      6.876   159.7457     3.6555     2.2196     0.0234      0.117     -0.057     -0.083         28 2.8588e+02 0.0000e+00
     -0.050    23.5967     6.6708     78.733  34.290562     35.276      6.876   158.6099     3.6838     2.2599     0.0234      0.082     -0.048     -0.069         29 2.8229e+02 0.0000e+00
     -0.038    23.5886     6.5356     77.148  34.311906     35.284      6.879   181.9300     3.8132     2.2733     0.0234      0.057     -0.033     -0.048         30 2.8105e+02 0.0000e+00
     -0.012    23.5782     6.4603     76.254  34.333419     35.342      6.887   189.8043     3.7889     2.3136     0.0234      0.047     -0.012     -0.018         31 2.5658e+02 0.0000e+00
      0.011    23.5889     6.4309     75.910  34.056202     35.031      6.884   195.4829     3.7727     2.2599     0.0233      0.048      0.009      0.013         32 2.0363e+02 0.0000e+00
      0.027    23.5819     6.4294     75.904  33.945163     34.925      6.890   195.7100     3.8334     2.3002     0.0232      0.052      0.029      0.043         33 1.7864e+02 0.0000e+00
      0.053    23.5612     6.4250     75.862  34.056428     35.059      6.893   196.0508     3.9951     2.2464     0.0233      0.062      0.049      0.072         34 1.6321e+02 0.0000e+00
      0.070    23.5626     6.4350     75.977  34.125325     35.094      6.887   196.0886     4.0073     2.3941     0.0233      0.071      0.065      0.095         35 1.5470e+02 0.0000e+00
      0.077    23.5763     6.4404     76.032  34.333916     35.368      6.889   195.8615     3.9830     2.3136     0.0234      0.074      0.075      0.109         36 1.5910e+02 0.0000e+00
      0.083    23.5965     6.4453     76.089  34.419617     35.424      6.891   196.2022     4.0032     2.2196     0.0234      0.071      0.080      0.116         37 1.5552e+02 0.0000e+00
      0.084    23.6224     6.4434     76.072  34.463512     35.472      6.894   196.1643     3.9426     2.3404     0.0235      0.062      0.082      0.118         38 1.5694e+02 0.0000e+00
      0.081    23.6467     6.4305     75.925  34.516533     35.514      6.892   196.5429     3.9183     2.3404     0.0235      0.048      0.080      0.116         39 1.6090e+02 0.0000e+00
      0.078    23.6549     6.3891     75.442  34.501905     35.467      6.889   196.5050     3.9628     2.2196     0.0235      0.033      0.079      0.113         40 1.5983e+02 0.0000e+00
      0.079    23.6513     6.3437     74.911  34.452049     35.420      6.893   197.9815     3.9345     2.3270     0.0235      0.020      0.079      0.113         41 1.6083e+02 0.0000e+00
      0.082    23.6533     6.3003     74.400  34.370974     35.299      6.888   197.2622     3.9790     2.6090     0.0234      0.009      0.081      0.118         42 1.6096e+02 0.0000e+00
      0.088    23.6613     6.2750     74.101  34.276580     35.245      6.883   198.1708     3.9830     2.4344     0.0234      0.005      0.086      0.124         43 1.5705e+02 0.0000e+00
      0.092    23.6682     6.2795     74.148  34.183994     35.100      6.882   198.2086     4.0032     2.5016     0.0233      0.004      0.089      0.129         44 1.5605e+02 0.0000e+00
      0.092    23.6661     6.3294     74.727  34.278603     35.238      6.889   199.5336     4.0194     2.4479     0.0234      0.005      0.092      0.133         45 1.5526e+02 0.0000e+00
      0.097    23.6600     6.4017     75.573  34.396085     35.318      6.896   199.3822     4.0720     2.2733     0.0234      0.008      0.097      0.140         46 1.5262e+02 0.0000e+00
      0.106    23.6597     6.4789     76.478  34.452971     35.406      6.899   199.7229     4.0518     2.2733     0.0235      0.012      0.102      0.148         47 1.4890e+02 0.0000e+00
      0.108    23.6631     6.5806     77.665  34.415401     35.353      6.901   201.3508     4.0922     2.3404     0.0234      0.015      0.105      0.152         48 1.5096e+02 0.0000e+00
      0.107    23.6671     6.6669     78.670  34.413187     35.353      6.901   203.8115     4.0882     2.2733     0.0234      0.015      0.105      0.152         49 1.5144e+02 0.0000e+00
      0.107    23.6713     6.7350     79.466  34.455728     35.408      6.893   203.8115     4.0396     2.1927     0.0235      0.013      0.105      0.152         50 1.5117e+02 0.0000e+00
      0.107    23.6741     6.7822     80.016  34.481081     35.406      6.893   203.5086     4.0113     2.3270     0.0235      0.011      0.105      0.151         51 1.5131e+02 0.0000e+00
      0.106    23.6755     6.7938     80.144  34.529913     35.489      6.894   206.1208     3.9992     2.2733     0.0235      0.008      0.104      0.150         52 1.5191e+02 0.0000e+00
      0.104    23.6754     6.7731     79.886  34.483925     35.400      6.893   203.5844     4.0032     2.3002     0.0235      0.005      0.102      0.147         53 1.5350e+02 0.0000e+00
      0.102    23.6710     6.7197     79.242  34.508656     35.457      6.895   206.1208     3.9911     2.1659     0.0235      0.000      0.100      0.145         54 1.5311e+02 0.0000e+00
      0.101    23.6639     6.6453     78.359  34.647417     35.572      6.899   206.3479     3.9183     2.1927     0.0235     -0.003      0.099      0.143         55 1.5213e+02 0.0000e+00
      0.098    23.6591     6.5551     77.294  34.756086     35.718      6.903   206.5751     3.9426     2.3136     0.0236     -0.004      0.096      0.138         56 1.5568e+02 0.0000e+00
      0.092    23.6537     6.4615     76.190  34.788613     35.724      6.902   207.3322     3.9305     2.3002     0.0236     -0.007      0.091      0.131         57 1.5945e+02 0.0000e+00
      0.086    23.6445     6.3840     75.276  34.933165     35.899      6.906   206.6886     3.9345     2.4076     0.0237     -0.009      0.088      0.126         58 1.5980e+02 0.0000e+00
      0.089    23.6358     6.3175     74.492  35.169334     36.133      6.912   191.0157     4.0032     2.3002     0.0238     -0.010      0.089      0.128         59 1.5621e+02 0.0000e+00
      0.095    23.6300     6.2641     73.860  35.295447     36.284      6.910   188.4415     4.0032     2.2464     0.0238     -0.008      0.094      0.136         60 1.5043e+02 0.0000e+00
      0.102    23.6257     6.2331     73.489  35.310052     36.290      6.908   186.9272     4.0073     2.2733     0.0238     -0.004      0.101      0.146         61 1.5229e+02 0.0000e+00
      0.111    23.6202     6.2227     73.358  35.240134     36.237      6.908   185.5643     4.0154     2.3136     0.0238      0.002      0.111      0.160         62 1.4723e+02 0.0000e+00
      0.126    23.6108     6.2316     73.459  35.145203     36.125      6.916   183.7093     4.0113     2.5419     0.0237      0.011      0.123      0.179         63 1.3929e+02 0.0000e+00
      0.141    23.6015     6.2608     73.809  35.101964     36.100      6.920   183.9364     3.9871     2.5016     0.0237      0.022      0.136      0.197         64 1.3600e+02 0.0000e+00
      0.150    23.5974     6.2970     74.244  34.997377     35.993      6.922   183.4443     4.0154     2.5956     0.0237      0.032      0.145      0.211         65 1.3445e+02 0.0000e+00
      0.153    23.5968     6.3301     74.640  34.889824     35.885      6.924   182.8764     4.0194     2.5150     0.0236      0.037      0.148      0.216         66 1.3578e+02 0.0000e+00
      0.152    23.5964     6.3667     75.075  34.879931     35.888      6.925   183.1036     3.9790     2.3673     0.0236      0.036      0.148      0.214         67 1.3591e+02 0.0000e+00
      0.148    23.5963     6.3914     75.365  34.891062     35.888      6.928   183.8607     3.9992     2.2464     0.0236      0.031      0.144      0.209         68 1.3851e+02 0.0000e+00
      0.141    23.5965     6.3990     75.450  34.935287     35.946      6.924   183.7850     4.0113     2.3002     0.0237      0.022      0.139      0.201         69 1.4123e+02 0.0000e+00
      0.136    23.5948     6.3916     75.355  34.943523     35.946      6.922   183.3307     3.9871     2.1390     0.0237      0.011      0.135      0.196         70 1.4064e+02 0.0000e+00
      0.136    23.5903     6.3686     75.084  34.880813     35.888      6.925   183.2171     3.9992     2.3270     0.0236      0.000      0.135      0.196         71 1.3989e+02 0.0000e+00
      0.141    23.5846     6.3489     74.859  34.894700     35.889      6.928   184.1636     3.8132     2.3270     0.0236     -0.005      0.140      0.202         72 1.3878e+02 0.0000e+00
      0.149    23.5823     6.3349     74.700  34.926240     35.950      6.934   187.7222     3.8051     2.2062     0.0237     -0.005      0.145      0.210         73 1.3650e+02 0.0000e+00
      0.152    23.5862     6.3316     74.663  34.900878     35.897      6.938   208.1651     3.8253     2.2330     0.0236     -0.002      0.149      0.215         74 1.3493e+02 0.0000e+00
      0.154    23.5920     6.3319     74.658  34.926267     35.956      6.938   187.9872     3.8213     2.2464     0.0237      0.003      0.150      0.217         75 1.3621e+02 0.0000e+00
      0.152    23.5961     6.3355     74.688  34.894645     35.896      6.939   211.0801     3.9790     2.3270     0.0236      0.007      0.149      0.216         76 1.3641e+02 0.0000e+00
      0.149    23.5981     6.3241     74.534  34.940229     35.949      6.941   212.3294     4.0073     2.2330     0.0237      0.008      0.146      0.212         77 1.3836e+02 0.0000e+00
      0.146    23.5978     6.3008     74.235  35.047477     36.061      6.943   213.5787     3.9951     2.2330     0.0237      0.007      0.144      0.209         78 1.3941e+02 0.0000e+00
      0.145    23.5939     6.2694     73.847  35.117059     36.117      6.951   214.1465     3.9911     2.1927     0.0237      0.003      0.142      0.207         79 1.3806e+02 0.0000e+00
      0.145    23.5893     6.2240     73.305  35.179865     36.203      6.956   214.1465     3.8496     2.2733     0.0238     -0.001      0.142      0.207         80 1.3892e+02 0.0000e+00
      0.145    23.5891     6.1788     72.769  35.176917     36.178      6.961   214.9794     3.8698     2.2599     0.0238     -0.004      0.142      0.206         81 1.3896e+02 0.0000e+00
      0.144    23.5936     6.1331     72.226  35.239357     36.267      6.964   215.5094     3.8860     2.2464     0.0238     -0.005      0.142      0.206         82 1.3830e+02 0.0000e+00
      0.144    23.5987     6.0986     71.814  35.309763     36.325      6.969   216.3422     3.8738     2.1927     0.0238     -0.005      0.142      0.206         83 1.3825e+02 0.0000e+00
      0.147    23.5996     6.0737     71.510  35.356214     36.379      6.964   216.1530     3.9507     2.3136     0.0238     -0.003      0.144      0.209         84 1.3795e+02 0.0000e+00
      0.150    23.5941     6.0483     71.196  35.418807     36.433      6.959   216.2287     3.9183     2.2062     0.0239      0.000      0.146      0.212         85 1.3655e+02 0.0000e+00
