Data/DataNotYetUploadedToEDI/Raw_CTD/RawDownloads/091018_fcr45.cnv
* Sea-Bird SBE19plus  Data File:
* FileName = C:\DATA\091018_fcr_0004.hex
* Software version 2.6.3.104
* Temperature SN = 7809
* Conductivity SN = 7809
* System UpLoad Time = Sep 10 2018 16:57:32
* <ApplicationData>
* <Seaterm232>
# nquan = 17
# nvalues = 830                         
# units = specified
# name 0 = depFM: Depth [fresh water, m]
# name 1 = tv290C: Temperature [ITS-90, deg C]
# name 2 = sbeox0Mg/L: Oxygen, SBE 43 [mg/l]
# name 3 = sbeox0PS: Oxygen, SBE 43 [% saturation]
# name 4 = c0uS/cm: Conductivity [uS/cm]
# name 5 = specc: Specific Conductance [uS/cm]
# name 6 = ph: pH
# name 7 = orp: Oxidation Reduction Potential [mV]
# name 8 = flECO-AFL: Fluorescence, WET Labs ECO-AFL/FL [mg/m^3]
# name 9 = turbWETntu0: Turbidity, WET Labs ECO [NTU]
# name 10 = sal00: Salinity, Practical [PSU]
# name 11 = dz/dtM: Descent Rate [m/s]
# name 12 = prdM: Pressure, Strain Gauge [db]
# name 13 = prdE: Pressure, Strain Gauge [psi]
# name 14 = scan: Scan Count
# name 15 = par/sat/log: PAR/Logarithmic, Satlantic
# name 16 = flag:  0.000e+00
# span 0 =     -0.568,      7.269       
# span 1 =    12.2481,    24.0138       
# span 2 =    -0.0818,     8.9722       
# span 3 =     -0.928,    101.867       
# span 4 =   0.389821,  69.086866       
# span 5 =      0.444,     90.116       
# span 6 =      5.858,      7.445       
# span 7 =   162.2442,   260.5595       
# span 8 =    -0.2305,    22.1066       
# span 9 =    -0.3452,    18.7359       
# span 10 =     0.0099,     0.0441      
# span 11 =     -0.155,      0.129      
# span 12 =     -0.557,      7.128      
# span 13 =     -0.807,     10.338      
# span 14 =          1,        830      
# span 15 = 1.2462e-01, 5.0618e+02      
# span 16 = 0.0000e+00, 0.0000e+00      
# interval = seconds: 0.25
# start_time = Sep 10 2018 15:44:58 [Instrument's time stamp, header]
# bad_flag = -9.990e-29
*END*
[from data line 681]
      4.047    15.9156     0.1637      1.621  52.840322     64.028      6.325   240.3437     4.0073     2.6224     0.0335      0.077      3.968      5.755        682 1.2095e+00 0.0000e+00
      4.077    15.7528     0.1636      1.617  54.488600     66.309      6.319   240.4573     4.0315     2.8238     0.0344      0.086      3.998      5.797        683 1.2191e+00 0.0000e+00
      4.104    15.6208     0.1585      1.564  55.005110     67.229      6.317   240.3437     3.7081     3.1998     0.0348      0.093      4.025      5.837        684 1.1934e+00 0.0000e+00
      4.131    15.5022     0.1619      1.595  54.958437     67.396      6.311   240.6087     3.6919     3.1193     0.0348      0.099      4.050      5.874        685 1.1240e+00 0.0000e+00
      4.154    15.3672     0.1575      1.547  55.081170     67.820      6.312   240.4195     3.6959     3.0790     0.0349      0.103      4.074      5.909        686 1.1289e+00 0.0000e+00
      4.178    15.2417     0.1592      1.561  55.327473     68.260      6.310   240.6087     3.6919     3.1595     0.0351      0.106      4.097      5.943        687 1.1055e+00 0.0000e+00
      4.203    15.1833     0.1579      1.546  55.572327     68.870      6.307   240.7980     3.2754     4.3412     0.0353      0.106      4.119      5.975        688 1.0649e+00 0.0000e+00
      4.220    15.1489     0.1562      1.528  55.489057     68.914      6.309   240.7223     3.2471     4.4083     0.0353      0.101      4.137      6.000        689 1.0532e+00 0.0000e+00
      4.232    15.0828     0.1556      1.519  55.520249     69.083      6.310   240.7602     3.2390     4.3009     0.0353      0.092      4.152      6.021        690 1.0352e+00 0.0000e+00
      4.247    15.0083     0.1530      1.491  55.652314     69.311      6.315   240.8737     3.2511     4.4218     0.0354      0.085      4.167      6.044        691 1.0210e+00 0.0000e+00
      4.268    14.9241     0.1563      1.519  55.680998     69.431      6.316   240.6087     3.2430     4.3815     0.0354      0.079      4.187      6.073        692 9.9399e-01 0.0000e+00
      4.294    14.8335     0.1539      1.491  55.692416     69.626      6.317   240.6845     2.7740     5.4826     0.0355      0.076      4.209      6.105        693 9.7251e-01 0.0000e+00
      4.314    14.7562     0.1547      1.496  55.697539     69.706      6.322   240.5330     2.8023     5.4826     0.0355      0.075      4.230      6.135        694 9.4678e-01 0.0000e+00
      4.331    14.6765     0.1572      1.517  55.466870     69.687      6.320   241.1766     2.8063     5.4154     0.0355      0.074      4.249      6.162        695 9.4180e-01 0.0000e+00
      4.351    14.5718     0.1580      1.521  55.593600     69.790      6.325   241.3280     2.7982     5.4826     0.0355      0.074      4.268      6.189        696 9.2701e-01 0.0000e+00
      4.372    14.4721     0.1584      1.521  56.638383     71.477      6.327   241.3659     2.8387     5.6437     0.0362      0.077      4.288      6.219        697 9.0096e-01 0.0000e+00
      4.394    14.4116     0.1604      1.537  56.868417     71.811      6.329   241.0252     2.8427     5.6437     0.0363      0.080      4.309      6.250        698 8.7481e-01 0.0000e+00
      4.417    14.3576     0.1616      1.546  56.910614     72.063      6.333   241.1766     2.8710     5.7108     0.0364      0.082      4.331      6.282        699 8.4363e-01 0.0000e+00
      4.440    14.2792     0.1603      1.531  57.536034     73.026      6.334   241.6687     2.8427     5.6840     0.0368      0.082      4.354      6.315        700 8.4240e-01 0.0000e+00
      4.463    14.1768     0.1604      1.530  58.079425     73.727      6.337   241.5930     2.9195     5.4960     0.0371      0.083      4.377      6.348        701 7.9454e-01 0.0000e+00
      4.488    14.0519     0.1635      1.557  59.025434     75.160      6.339   240.8359     2.8953     5.3886     0.0377      0.086      4.401      6.383        702 7.4556e-01 0.0000e+00
      4.513    13.9266     0.1661      1.578  60.842483     77.567      6.341   240.5330     2.9195     5.4960     0.0387      0.089      4.425      6.418        703 7.5164e-01 0.0000e+00
      4.535    13.8282     0.1614      1.532  62.440193     80.077      6.341   240.2302     2.9195     5.4154     0.0398      0.091      4.448      6.452        704 7.1568e-01 0.0000e+00
      4.559    13.7408     0.1591      1.508  63.214087     81.051      6.342   240.0030     2.7821     4.8649     0.0402      0.092      4.473      6.488        705 6.7316e-01 0.0000e+00
      4.589    13.6401     0.1515      1.435  64.660986     83.350      6.341   239.8895     2.8144     4.8515     0.0412      0.095      4.503      6.531        706 6.6400e-01 0.0000e+00
      4.624    13.5356     0.1479      1.401  66.371931     85.591      6.342   239.5109     2.7821     4.8380     0.0422      0.099      4.538      6.581        707 6.1893e-01 0.0000e+00
      4.668    13.4357     0.1488      1.407  67.589809     87.523      6.337   240.2302     2.7901     4.7575     0.0430      0.108      4.575      6.635        708 5.6633e-01 0.0000e+00
      4.702    13.3502     0.1463      1.383  68.254608     88.518      6.336   240.0787     2.7740     3.2804     0.0434      0.116      4.608      6.682        709 5.4746e-01 0.0000e+00
      4.724    13.2774     0.1394      1.317  68.842054     89.554      6.333   240.3816     2.7861     3.3744     0.0438      0.120      4.634      6.721        710 5.2889e-01 0.0000e+00
      4.752    13.2002     0.1374      1.296  69.086866     90.116      6.337   241.2523     2.7861     3.3475     0.0441      0.123      4.663      6.763        711 5.1076e-01 0.0000e+00
      4.789    13.1181     0.1387      1.308  67.326214     87.984      6.339   240.4573     2.7901     3.4684     0.0431      0.127      4.696      6.810        712 4.9321e-01 0.0000e+00
      4.823    13.0431     0.1331      1.254  65.359446     85.413      6.338   239.2459     2.6648     2.5150     0.0419      0.129      4.726      6.855        713 4.7905e-01 0.0000e+00
      4.845    12.9856     0.1335      1.257  65.266820     85.672      6.342   238.3373     2.6324     2.5150     0.0420      0.125      4.750      6.888        714 4.8019e-01 0.0000e+00
      4.861    12.9448     0.1333      1.254  65.659298     86.245      6.351   237.1259     2.6405     2.4479     0.0422      0.117      4.767      6.913        715 4.7004e-01 0.0000e+00
      4.875    12.9126     0.1274      1.199  65.643353     86.450      6.359   236.3687     2.6527     2.4479     0.0423      0.106      4.783      6.937        716 4.5817e-01 0.0000e+00
      4.895    12.8786     0.1280      1.203  65.227311     85.915      6.368   235.9902     2.6607     2.5284     0.0420      0.098      4.802      6.964        717 4.6332e-01 0.0000e+00
      4.919    12.8393     0.1279      1.202  64.335551     84.881      6.374   235.5737     2.7942     1.6019     0.0415      0.093      4.823      6.996        718 4.2689e-01 0.0000e+00
      4.942    12.8004     0.1218      1.145  62.921703     83.036      6.384   234.4380     2.8144     1.7630     0.0407      0.086      4.847      7.030        719 4.1815e-01 0.0000e+00
      4.968    12.7659     0.1231      1.158  61.640872     81.422      6.391   233.6052     2.7821     1.6959     0.0400      0.082      4.871      7.064        720 4.2979e-01 0.0000e+00
      4.989    12.7326     0.1260      1.185  60.821419     80.469      6.395   232.5830     2.7821     1.7630     0.0395      0.081      4.892      7.095        721 4.0618e-01 0.0000e+00
      5.008    12.6990     0.1191      1.120  60.229410     79.690      6.404   231.3337     2.9964     1.7228     0.0392      0.083      4.911      7.123        722 3.9221e-01 0.0000e+00
      5.028    12.6639     0.1194      1.121  59.170537     78.500      6.406   229.8951     2.9640     1.7228     0.0386      0.085      4.931      7.152        723 4.0527e-01 0.0000e+00
      5.049    12.6293     0.1181      1.108  57.655434     76.343      6.413   228.9109     2.9842     1.8436     0.0376      0.086      4.949      7.178        724 4.1871e-01 0.0000e+00
      5.062    12.6028     0.1120      1.051  56.770298     75.449      6.417   227.9644     2.9883     1.6556     0.0372      0.083      4.962      7.197        725 3.9651e-01 0.0000e+00
      5.070    12.5829     0.1136      1.065  56.501291     74.960      6.422   226.3366     2.9034     1.5213     0.0370      0.076      4.972      7.210        726 3.9296e-01 0.0000e+00
      5.077    12.5711     0.1134      1.063  56.327579     75.014      6.426   225.4658     2.9074     1.4408     0.0370      0.068      4.978      7.220        727 3.9456e-01 0.0000e+00
      5.082    12.5699     0.1117      1.047  56.244258     74.680      6.428   224.3680     2.9155     1.5079     0.0368      0.058      4.983      7.227        728 3.8478e-01 0.0000e+00
      5.084    12.5761     0.1083      1.014  56.515933     75.339      6.433   223.6108     2.9317     1.6422     0.0371      0.047      4.986      7.231        729 3.8064e-01 0.0000e+00
      5.086    12.5839     0.1119      1.048  56.880183     75.561      6.432   223.1187     2.9762     1.4945     0.0372      0.037      4.991      7.238        730 3.9940e-01 0.0000e+00
      5.097    12.5730     0.1158      1.084  56.444128     75.293      6.438   221.9073     2.9721     1.4810     0.0371      0.029      5.003      7.256        731 3.6643e-01 0.0000e+00
      5.122    12.5509     0.1139      1.066  55.574138     73.709      6.440   220.8851     2.9681     1.4139     0.0364      0.029      5.023      7.286        732 3.4587e-01 0.0000e+00
      5.147    12.5269     0.1079      1.010  54.637729     72.952      6.445   220.4308     2.9802     1.5079     0.0361      0.036      5.047      7.320        733 3.8267e-01 0.0000e+00
      5.169    12.4984     0.1088      1.018  53.275137     70.684      6.449   219.7494     2.8589     1.5348     0.0351      0.046      5.070      7.355        734 3.5127e-01 0.0000e+00
      5.196    12.4786     0.1067      0.998  52.460744     70.096      6.451   219.3330     2.8751     1.4810     0.0348      0.059      5.095      7.390        735 3.4237e-01 0.0000e+00
      5.220    12.4693     0.1114      1.042  52.296829     69.516      6.451   219.0301     2.8548     1.4676     0.0345      0.072      5.119      7.424        736 3.5618e-01 0.0000e+00
      5.243    12.4500     0.1122      1.050  51.965270     69.553      6.452   217.8944     2.8629     1.4945     0.0345      0.084      5.143      7.459        737 3.3333e-01 0.0000e+00
      5.270    12.4242     0.1095      1.024  50.587834     67.329      6.451   217.2508     2.7740     1.9779     0.0335      0.093      5.167      7.494        738 3.1831e-01 0.0000e+00
      5.293    12.4084     0.1070      1.000  49.885262     66.654      6.454   216.4937     2.8063     1.8839     0.0332      0.096      5.191      7.529        739 3.4978e-01 0.0000e+00
      5.316    12.3927     0.1130      1.056  49.752764     66.479      6.450   215.6608     2.7740     2.0316     0.0331      0.096      5.215      7.563        740 3.3972e-01 0.0000e+00
      5.344    12.3838     0.1161      1.085  49.001636     65.457      6.450   215.8880     2.7740     1.9510     0.0327      0.096      5.239      7.598        741 2.8877e-01 0.0000e+00
      5.365    12.3834     0.1101      1.029  49.157999     65.711      6.449   216.3422     2.7942     1.9645     0.0328      0.096      5.260      7.630        742 2.9510e-01 0.0000e+00
      5.384    12.3765     0.1031      0.964  49.083313     65.726      6.449   216.1908     2.4707     2.2599     0.0328      0.094      5.282      7.662        743 2.9875e-01 0.0000e+00
      5.410    12.3645     0.1047      0.978  48.590057     64.866      6.445   216.3422     2.4747     2.3404     0.0324      0.093      5.307      7.697        744 2.9046e-01 0.0000e+00
      5.441    12.3517     0.1028      0.961  48.525354     65.028      6.446   215.7744     2.4707     2.2867     0.0325      0.094      5.334      7.736        745 2.8397e-01 0.0000e+00
      5.465    12.3408     0.1012      0.946  47.976719     64.113      6.443   215.4337     2.4586     2.2464     0.0321      0.095      5.357      7.770        746 2.8820e-01 0.0000e+00
      5.482    12.3330     0.0983      0.918  47.640571     63.798      6.443   215.5094     2.3696     3.0790     0.0319      0.094      5.377      7.798        747 2.9316e-01 0.0000e+00
      5.503    12.3276     0.1023      0.955  47.608216     63.742      6.441   214.7144     2.4060     3.2401     0.0319      0.093      5.398      7.828        748 2.9220e-01 0.0000e+00
      5.527    12.3241     0.0988      0.923  47.275077     63.306      6.436   214.4115     2.4181     3.1058     0.0317      0.091      5.420      7.861        749 2.9002e-01 0.0000e+00
      5.550    12.3200     0.1058      0.988  47.135197     63.128      6.434   213.9951     2.4100     3.1730     0.0316      0.091      5.443      7.895        750 2.8073e-01 0.0000e+00
      5.575    12.3144     0.1043      0.974  47.129422     63.133      6.430   213.2001     2.1149     4.4352     0.0316      0.091      5.468      7.930        751 2.9285e-01 0.0000e+00
      5.601    12.3088     0.1036      0.967  47.074534     63.066      6.426   212.4429     2.1634     4.4218     0.0316      0.090      5.493      7.967        752 2.8707e-01 0.0000e+00
      5.628    12.3038     0.1015      0.948  46.966100     62.925      6.420   213.2380     2.1472     4.5023     0.0315      0.091      5.518      8.005        753 2.3998e-01 0.0000e+00
      5.654    12.2992     0.1009      0.942  46.759882     62.673      6.413   213.2001     2.1472     4.4621     0.0314      0.094      5.543      8.040        754 2.2828e-01 0.0000e+00
      5.675    12.2966     0.1078      1.007  46.559610     62.381      6.408   213.1622     0.9745    12.8411     0.0313      0.096      5.564      8.070        755 2.3004e-01 0.0000e+00
      5.692    12.2934     0.0973      0.908  46.532808     62.389      6.408   213.1244     0.9705    12.8277     0.0313      0.095      5.583      8.098        756 2.3759e-01 0.0000e+00
      5.712    12.2880     0.0976      0.911  46.348114     62.130      6.401   213.0108     0.9624    12.8277     0.0312      0.093      5.604      8.129        757 2.3156e-01 0.0000e+00
      5.740    12.2824     0.0962      0.898  46.136614     61.836      6.395   213.5408     0.9705    12.9082     0.0310      0.092      5.630      8.166        758 2.2365e-01 0.0000e+00
      5.771    12.2784     0.0998      0.932  46.054151     61.770      6.390   213.9194     1.1767    13.5125     0.0310      0.092      5.659      8.208        759 2.4081e-01 0.0000e+00
      5.802    12.2752     0.0975      0.910  45.946277     61.592      6.382   214.3737     1.1606    13.4722     0.0309      0.094      5.688      8.250        760 1.8630e-01 0.0000e+00
      5.828    12.2712     0.0986      0.920  46.003798     61.711      6.375   214.1465     1.1484    13.5528     0.0310      0.097      5.715      8.289        761 1.7222e-01 0.0000e+00
      5.854    12.2680     0.1001      0.935  46.012244     61.716      6.371   214.9415     1.1606    13.4051     0.0310      0.100      5.742      8.329        762 1.8678e-01 0.0000e+00
      5.887    12.2661     0.0990      0.924  46.024791     61.723      6.365   214.7522     1.1525    13.4856     0.0310      0.106      5.772      8.371        763 1.7113e-01 0.0000e+00
      5.915    12.2644     0.1069      0.998  46.106885     61.878      6.357   214.5251     0.9665    14.3316     0.0310      0.111      5.800      8.411        764 1.8434e-01 0.0000e+00
      5.939    12.2626     0.0985      0.920  46.147478     61.881      6.356   214.7144     1.0150    14.3450     0.0310      0.112      5.826      8.449        765 1.9493e-01 0.0000e+00
