Data/DataNotYetUploadedToEDI/Raw_CTD/RawDownloads/091018_fcr45.cnv
* Sea-Bird SBE19plus  Data File:
* FileName = C:\DATA\091018_fcr_0004.hex
* Software version 2.6.3.104
* Temperature SN = 7809
* Conductivity SN = 7809
* System UpLoad Time = Sep 10 2018 16:57:32
* <ApplicationData>
* <Seaterm232>
# nquan = 17
# nvalues = 830                         
# units = specified
# name 0 = depFM: Depth [fresh water, m]
# name 1 = tv290C: Temperature [ITS-90, deg C]
# name 2 = sbeox0Mg/L: Oxygen, SBE 43 [mg/l]
# name 3 = sbeox0PS: Oxygen, SBE 43 [% saturation]
# name 4 = c0uS/cm: Conductivity [uS/cm]
# name 5 = specc: Specific Conductance [uS/cm]
# name 6 = ph: pH
# name 7 = orp: Oxidation Reduction Potential [mV]
# name 8 = flECO-AFL: Fluorescence, WET Labs ECO-AFL/FL [mg/m^3]
# name 9 = turbWETntu0: Turbidity, WET Labs ECO [NTU]
# name 10 = sal00: Salinity, Practical [PSU]
# name 11 = dz/dtM: Descent Rate [m/s]
# name 12 = prdM: Pressure, Strain Gauge [db]
# name 13 = prdE: Pressure, Strain Gauge [psi]
# name 14 = scan: Scan Count
# name 15 = par/sat/log: PAR/Logarithmic, Satlantic
# name 16 = flag:  0.000e+00
# span 0 =     -0.568,      7.269       
# span 1 =    12.2481,    24.0138       
# span 2 =    -0.0818,     8.9722       
# span 3 =     -0.928,    101.867       
# span 4 =   0.389821,  69.086866       
# span 5 =      0.444,     90.116       
# span 6 =      5.858,      7.445       
# span 7 =   162.2442,   260.5595       
# span 8 =    -0.2305,    22.1066       
# span 9 =    -0.3452,    18.7359       
# span 10 =     0.0099,     0.0441      
# span 11 =     -0.155,      0.129      
# span 12 =     -0.557,      7.128      
# span 13 =     -0.807,     10.338      
# span 14 =          1,        830      
# span 15 = 1.2462e-01, 5.0618e+02      
# span 16 = 0.0000e+00, 0.0000e+00      
# interval = seconds: 0.25
# start_time = Sep 10 2018 15:44:58 [Instrument's time stamp, header]
# bad_flag = -9.990e-29
*END*
[from data line 766]
      6.001    12.2591     0.0978      0.913  46.205045     61.962      6.344   215.6230     0.9382    14.2510     0.0311      0.111      5.884      8.533        767 1.7462e-01 0.0000e+00
      6.030    12.2578     0.0997      0.931  46.215073     62.041      6.335   215.5851     0.8452    14.7881     0.0311      0.112      5.910      8.573        768 1.4271e-01 0.0000e+00
      6.049    12.2565     0.0911      0.851  46.258543     62.043      6.335   215.6230     0.8532    14.7344     0.0311      0.111      5.933      8.605        769 1.7493e-01 0.0000e+00
      6.071    12.2556     0.0993      0.927  46.210298     62.045      6.329   215.6608     0.8290    14.7076     0.0311      0.108      5.956      8.639        770 1.4493e-01 0.0000e+00
      6.101    12.2550     0.0940      0.877  46.393812     62.197      6.324   216.2287     0.8613    14.6404     0.0312      0.105      5.984      8.679        771 1.4730e-01 0.0000e+00
      6.133    12.2538     0.0943      0.880  46.653338     62.687      6.318   215.7365     0.7238    17.3529     0.0314      0.105      6.014      8.722        772 1.6573e-01 0.0000e+00
      6.163    12.2535     0.0973      0.908  46.451148     62.275      6.312   216.2287     0.6915    17.3797     0.0312      0.107      6.042      8.764        773 1.4755e-01 0.0000e+00
      6.189    12.2538     0.0977      0.912  46.319008     62.202      6.307   216.3801     0.7158    17.4066     0.0312      0.106      6.068      8.802        774 1.2748e-01 0.0000e+00
      6.214    12.2531     0.0954      0.890  46.313309     62.127      6.306   216.3801     0.7077    17.5274     0.0311      0.106      6.092      8.836        775 1.2462e-01 0.0000e+00
      6.233    12.2527     0.0929      0.867  46.280194     62.127      6.305   216.4937     0.5944    18.6151     0.0311      0.105      6.113      8.866        776 1.2639e-01 0.0000e+00
      6.255    12.2528     0.0927      0.865  46.360221     62.203      6.297   216.3801     0.5904    18.5614     0.0312      0.104      6.136      8.900        777 1.2525e-01 0.0000e+00
      6.285    12.2535     0.0931      0.869  46.836894     62.842      6.296   216.6830     0.6025    18.5748     0.0315      0.102      6.164      8.940        778 1.2593e-01 0.0000e+00
      6.317    12.2544     0.1018      0.950  47.645570     63.968      6.293   217.1372     0.6106    18.5882     0.0319      0.101      6.193      8.982        779 1.2558e-01 0.0000e+00
      6.342    12.2540     0.0931      0.869  48.024683     64.455      6.288   217.1372     0.6147    18.7091     0.0322      0.100      6.219      9.019        780 1.2562e-01 0.0000e+00
      6.364    12.2536     0.0893      0.833  47.967627     64.378      6.287   217.0615     0.6066    18.7359     0.0321      0.100      6.241      9.052        781 1.2548e-01 0.0000e+00
      6.387    12.2534     0.0934      0.872  48.043022     64.454      6.284   217.3265     0.5864    18.5882     0.0322      0.100      6.264      9.086        782 1.2568e-01 0.0000e+00
      6.412    12.2527     0.0916      0.855  48.049564     64.529      6.280   217.3265     0.6187    18.6822     0.0322      0.100      6.289      9.121        783 1.2557e-01 0.0000e+00
      6.438    12.2516     0.0910      0.850  47.751746     64.042      6.275   217.6672     0.6996    18.4405     0.0320      0.101      6.314      9.158        784 1.2573e-01 0.0000e+00
      6.465    12.2507     0.0887      0.828  47.701400     64.043      6.271   217.6294     0.6713    18.3734     0.0320      0.100      6.340      9.196        785 1.2584e-01 0.0000e+00
      6.492    12.2502     0.0911      0.850  47.726418     64.045      6.269   217.7430     0.6349    18.4003     0.0320      0.099      6.367      9.235        786 1.2566e-01 0.0000e+00
      6.522    12.2501     0.0872      0.814  47.690938     64.009      6.263   218.0458     0.6672    18.4003     0.0320      0.100      6.396      9.277        787 1.2562e-01 0.0000e+00
      6.553    12.2498     0.0935      0.873  47.656524     63.972      6.261   217.8565     0.6753    18.4137     0.0320      0.103      6.425      9.319        788 1.2575e-01 0.0000e+00
      6.580    12.2495     0.0962      0.898  47.620862     63.897      6.258   218.0458     0.7279    17.9974     0.0319      0.107      6.452      9.358        789 1.2566e-01 0.0000e+00
      6.605    12.2488     0.0918      0.857  47.705644     64.048      6.255   218.4244     0.7400    17.9974     0.0320      0.109      6.477      9.395        790 1.2576e-01 0.0000e+00
      6.630    12.2486     0.0898      0.839  47.729076     64.048      6.256   218.2351     0.7158    18.0646     0.0320      0.109      6.503      9.432        791 1.2572e-01 0.0000e+00
      6.659    12.2485     0.0978      0.913  47.740086     64.087      6.253   218.5380     0.7441    17.9706     0.0320      0.109      6.529      9.469        792 1.2562e-01 0.0000e+00
      6.684    12.2481     0.0927      0.865  47.721619     64.050      6.256   218.5380     0.7238    17.7423     0.0320      0.107      6.552      9.503        793 1.2571e-01 0.0000e+00
      6.701    12.2487     0.0921      0.859  47.722382     64.050      6.257   218.9165     0.6996    17.8229     0.0320      0.103      6.571      9.531        794 1.2567e-01 0.0000e+00
      6.718    12.2500     0.0903      0.843  47.857846     64.238      6.254   218.2351     0.7238    17.8094     0.0321      0.097      6.590      9.558        795 1.2561e-01 0.0000e+00
      6.741    12.2508     0.0918      0.857  47.909160     64.312      6.254   218.7651     0.7198    17.7557     0.0321      0.092      6.612      9.590        796 1.2561e-01 0.0000e+00
      6.767    12.2509     0.0881      0.822  48.103678     64.535      6.257   218.9544     0.8290    17.1783     0.0322      0.090      6.636      9.625        797 1.2573e-01 0.0000e+00
      6.794    12.2516     0.0891      0.832  48.654486     65.322      6.258   218.6137     0.8290    17.0977     0.0325      0.089      6.662      9.662        798 1.2578e-01 0.0000e+00
      6.819    12.2527     0.0875      0.817  49.152754     65.960      6.255   219.1058     0.8330    17.1917     0.0328      0.090      6.687      9.700        799 1.2571e-01 0.0000e+00
      6.846    12.2537     0.0896      0.837  49.442367     66.372      6.255   219.0301     0.8532    17.2052     0.0330      0.091      6.715      9.740        800 1.2558e-01 0.0000e+00
      6.880    12.2548     0.0887      0.828  49.718660     66.708      6.255   218.9544     0.7158    16.3861     0.0332      0.096      6.748      9.787        801 1.2562e-01 0.0000e+00
      6.918    12.2554     0.0911      0.851  50.233536     67.419      6.252   219.4087     0.7238    16.2786     0.0335      0.106      6.783      9.837        802 1.2569e-01 0.0000e+00
      6.950    12.2552     0.0899      0.839  50.819873     68.206      6.249   219.1815     0.7077    16.3995     0.0338      0.114      6.814      9.882        803 1.2554e-01 0.0000e+00
      6.977    12.2550     0.0943      0.880  51.125992     68.617      6.244   219.1058     0.7117    16.3592     0.0340      0.118      6.839      9.918        804 1.2570e-01 0.0000e+00
      6.993    12.2547     0.0900      0.840  51.217916     68.731      6.241   218.9544     0.7400    15.9161     0.0341      0.117      6.855      9.942        805 1.2565e-01 0.0000e+00
      7.001    12.2538     0.0910      0.849  51.180383     68.693      6.241   219.2573     0.7077    15.8624     0.0340      0.110      6.865      9.957        806 1.2557e-01 0.0000e+00
      7.008    12.2532     0.0854      0.797  51.143019     68.619      6.244   219.2573     0.7238    15.8624     0.0340      0.098      6.872      9.967        807 1.2569e-01 0.0000e+00
      7.016    12.2532     0.0866      0.808  51.234733     68.771      6.246   218.8408     0.6794    15.9698     0.0341      0.083      6.881      9.980        808 1.2564e-01 0.0000e+00
      7.028    12.2529     0.0957      0.894  51.303703     68.847      6.245   219.1815     0.7319    15.9161     0.0341      0.067      6.891      9.995        809 1.2563e-01 0.0000e+00
      7.037    12.2518     0.0887      0.828  51.324326     68.884      6.248   218.9544     0.7238    15.8489     0.0341      0.053      6.900     10.009        810 1.2545e-01 0.0000e+00
      7.045    12.2510     0.0870      0.812  51.357479     68.922      6.251   218.8030     0.7238    15.9967     0.0341      0.042      6.908     10.020        811 1.2555e-01 0.0000e+00
      7.052    12.2507     0.0898      0.838  51.351491     68.924      6.253   218.6894     0.7117    15.9429     0.0341      0.036      6.917     10.032        812 1.2559e-01 0.0000e+00
      7.064    12.2505     0.0882      0.823  51.420825     69.001      6.254   218.6894     0.7198    15.9161     0.0342      0.035      6.927     10.047        813 1.2552e-01 0.0000e+00
      7.074    12.2505     0.0898      0.838  51.686749     69.377      6.254   217.9701     0.7926    15.9161     0.0343      0.036      6.937     10.061        814 1.2567e-01 0.0000e+00
      7.082    12.2509     0.0926      0.864  51.703249     69.415      6.257   218.5380     0.7805    15.8489     0.0344      0.037      6.948     10.077        815 1.2569e-01 0.0000e+00
      7.100    12.2512     0.0889      0.830  51.697114     69.340      6.260   218.3108     0.7683    15.8892     0.0343      0.039      6.965     10.102        816 1.2572e-01 0.0000e+00
      7.125    12.2512     0.0908      0.848  51.842799     69.639      6.256   218.2730     0.7764    15.8624     0.0345      0.044      6.989     10.136        817 1.2557e-01 0.0000e+00
      7.153    12.2517     0.0886      0.827  52.264021     70.052      6.256   218.5001     0.7077    15.9295     0.0346      0.054      7.016     10.175        818 1.2575e-01 0.0000e+00
      7.184    12.2522 -9.990e-29 -9.990e-29  53.903849     72.380      6.252   218.0837     0.7319    15.8892     0.0357      0.066      7.041     10.213        819 1.2575e-01 0.0000e+00
      7.204    12.2515 -9.990e-29 -9.990e-29  55.382885     74.369      6.252   217.6294     0.6996    15.9161     0.0366      0.076      7.061     10.242        820 1.2551e-01 0.0000e+00
      7.213    12.2506 -9.990e-29 -9.990e-29  55.351283     74.293      6.250   217.8187     0.7238    15.9698     0.0365      0.081      7.072     10.258        821 1.2568e-01 0.0000e+00
      7.220    12.2508 -9.990e-29 -9.990e-29  55.338462     74.219      6.248   217.8187     0.7319    15.9832     0.0365      0.081      7.080     10.269        822 1.2571e-01 0.0000e+00
      7.227    12.2531 -9.990e-29 -9.990e-29  55.547285     74.634      6.250   217.5158     0.7158    15.8892     0.0367      0.076      7.089     10.281        823 1.2568e-01 0.0000e+00
      7.238    12.2526 -9.990e-29 -9.990e-29  55.536730     74.446      6.253   217.8187     0.7158    15.9698     0.0366      0.067      7.099     10.296        824 1.2565e-01 0.0000e+00
      7.252    12.2496 -9.990e-29 -9.990e-29  55.381285     74.441      6.255   217.8944     0.7319    15.9698     0.0366      0.056      7.111     10.313        825 1.2561e-01 0.0000e+00
      7.263    12.2493 -9.990e-29 -9.990e-29  54.968848     73.653      6.258   217.2508     0.7643    15.9161     0.0363      0.047      7.120     10.326        826 1.2561e-01 0.0000e+00
      7.266    12.2509 -9.990e-29 -9.990e-29  54.892176     73.773      6.258   216.9858     0.7441    15.8489     0.0363      0.039      7.125     10.334        827 1.2549e-01 0.0000e+00
      7.267    12.2523 -9.990e-29 -9.990e-29  54.942323     73.660      6.261   216.7965     0.6915    15.9967     0.0363      0.034      7.127     10.337        828 1.2555e-01 0.0000e+00
      7.268 -9.990e-29 -9.990e-29 -9.990e-29  54.817380     73.657      6.263   216.7965     0.7158    15.9295     0.0363      0.031      7.128     10.338        829 1.2577e-01 0.0000e+00
      7.269 -9.990e-29 -9.990e-29 -9.990e-29  54.750792     73.391      6.265   216.6830     0.6996    15.8758     0.0361      0.026      7.128     10.338        830 1.2583e-01 0.0000e+00
