Data/DataNotYetUploadedToEDI/Raw_CTD/RawDownloads/091018_fcr10.cnv
* Sea-Bird SBE19plus  Data File:
* FileName = C:\DATA\091018_fcr_0001.hex
* Software version 2.6.3.104
* Temperature SN = 7809
* Conductivity SN = 7809
* System UpLoad Time = Sep 10 2018 16:56:19
* <ApplicationData>
* <Seaterm232>
# nquan = 17
# nvalues = 406                         
# units = specified
# name 0 = depFM: Depth [fresh water, m]
# name 1 = tv290C: Temperature [ITS-90, deg C]
# name 2 = sbeox0Mg/L: Oxygen, SBE 43 [mg/l]
# name 3 = sbeox0PS: Oxygen, SBE 43 [% saturation]
# name 4 = c0uS/cm: Conductivity [uS/cm]
# name 5 = specc: Specific Conductance [uS/cm]
# name 6 = ph: pH
# name 7 = orp: Oxidation Reduction Potential [mV]
# name 8 = flECO-AFL: Fluorescence, WET Labs ECO-AFL/FL [mg/m^3]
# name 9 = turbWETntu0: Turbidity, WET Labs ECO [NTU]
# name 10 = sal00: Salinity, Practical [PSU]
# name 11 = dz/dtM: Descent Rate [m/s]
# name 12 = prdM: Pressure, Strain Gauge [db]
# name 13 = prdE: Pressure, Strain Gauge [psi]
# name 14 = scan: Scan Count
# name 15 = par/sat/log: PAR/Logarithmic, Satlantic
# name 16 = flag:  0.000e+00
# span 0 =     -0.579,      2.586       
# span 1 =    18.3524,    23.8794       
# span 2 =     4.7983,     9.2477       
# span 3 =     55.621,    106.379       
# span 4 =  -0.147199,  36.634236       
# span 5 =      0.362,     38.836       
# span 6 =      5.242,      7.177       
# span 7 =    35.5739,   333.4347       
# span 8 =    -0.2143,     4.9778       
# span 9 =    -0.3720,    13.6199       
# span 10 =     0.0093,     0.0245      
# span 11 =     -0.120,      0.257      
# span 12 =     -0.567,      2.535      
# span 13 =     -0.823,      3.677      
# span 14 =          1,        406      
# span 15 = 5.9165e+00, 3.1696e+02      
# span 16 = 0.0000e+00, 0.0000e+00      
# interval = seconds: 0.25
# start_time = Sep 10 2018 14:36:59 [Instrument's time stamp, header]
# bad_flag = -9.990e-29
*END*
[from data line 171]
      0.171    22.7763     4.9391     57.845  34.051236     35.607      7.045   234.4380     4.0639     2.3941     0.0233      0.003      0.168      0.243        172 1.2790e+02 0.0000e+00
      0.171    22.7616     5.3638     63.127  34.074013     35.646      7.046   234.5137     4.0720     2.4479     0.0233      0.002      0.168      0.244        173 1.2740e+02 0.0000e+00
      0.173    22.7473     5.9167     69.819  34.039467     35.627      7.047   234.4759     4.0841     2.4881     0.0233      0.001      0.169      0.245        174 1.2687e+02 0.0000e+00
      0.174    22.7330     6.5210     77.050  34.005266     35.580      7.050   235.1573     4.0841     2.5150     0.0233      0.001      0.171      0.247        175 1.2717e+02 0.0000e+00
      0.175    22.7195     7.0757     83.652  34.027614     35.649      7.048   235.3466     4.0598     2.4747     0.0233      0.001      0.172      0.248        176 1.2667e+02 0.0000e+00
      0.177    22.7079     7.5620     89.416  34.011661     35.601      7.047   235.8387     4.1165     2.5687     0.0233      0.002      0.174      0.252        177 1.2469e+02 0.0000e+00
      0.181    22.7010     7.9034     93.457  34.025127     35.670      7.053   235.7252     4.1326     2.5150     0.0233      0.004      0.178      0.258        178 1.2308e+02 0.0000e+00
      0.187    22.6948     8.1291     96.125  34.159143     35.766      7.061   236.0659     4.1367     2.4613     0.0233      0.007      0.183      0.266        179 1.2075e+02 0.0000e+00
      0.192    22.6970     8.1939     96.865  34.052478     35.742      7.070   236.0659     4.1529     2.5821     0.0233      0.010      0.188      0.273        180 1.1871e+02 0.0000e+00
      0.197    22.8734     8.1452     96.250  34.246842     35.805      7.081   235.5359     4.1771     2.7030     0.0234      0.013      0.192      0.279        181 1.1756e+02 0.0000e+00
      0.200    23.2291     8.0520     95.121  35.162839     36.947      7.087   235.9144     4.1933     2.7164     0.0238      0.015      0.194      0.283        182 1.1712e+02 0.0000e+00
      0.199    23.4974     7.9408     93.799  35.403675     36.933      7.087   229.4409     4.1812     2.6896     0.0239      0.015      0.194      0.283        183 1.1853e+02 0.0000e+00
      0.197    23.6341     7.8503     92.731  35.340908     36.649      7.087   221.4151     4.1690     2.7433     0.0239      0.013      0.194      0.281        184 1.1814e+02 0.0000e+00
      0.198    23.7064     7.7751     91.866  35.418753     36.510      7.089   236.1416     4.1771     2.4747     0.0239      0.011      0.194      0.281        185 1.1855e+02 0.0000e+00
      0.197    23.7352     7.7097     91.116  35.306672     36.289      7.087   231.4851     4.1205     2.5284     0.0238      0.007      0.191      0.277        186 1.2041e+02 0.0000e+00
      0.188    23.7456     7.6578     90.523  35.302372     36.238      7.079   231.7501     4.1367     2.3673     0.0238      0.001      0.184      0.267        187 1.2463e+02 0.0000e+00
      0.178    23.7477     7.6117     89.998  35.305436     36.215      7.078   236.7852     4.1245     2.6224     0.0238     -0.006      0.174      0.252        188 1.2752e+02 0.0000e+00
      0.166    23.7466     7.5728     89.549  35.302840     36.209      7.085   224.7087     4.0639     2.3270     0.0238     -0.014      0.162      0.234        189 1.3187e+02 0.0000e+00
      0.151    23.7325     7.5477     89.267  35.305596     36.207      7.086   221.9451     4.0437     2.2733     0.0238     -0.022      0.147      0.212        190 1.3796e+02 0.0000e+00
      0.132    23.7111     7.5288     89.050  35.361321     36.265      7.092   225.3901     4.0598     2.2464     0.0238     -0.032      0.129      0.187        191 1.4310e+02 0.0000e+00
      0.113    23.6960     7.5237     88.973  35.352122     36.275      7.098   231.0309     4.0558     2.1927     0.0238     -0.042      0.112      0.162        192 1.4974e+02 0.0000e+00
      0.098    23.6901     7.5226     88.928  35.317050     36.234      7.102   237.7694     4.0032     2.3136     0.0238     -0.052      0.100      0.144        193 1.5110e+02 0.0000e+00
      0.094    23.6919     7.5152     88.824  35.345662     36.303      7.105   238.5645     3.9951     2.3270     0.0238     -0.055      0.095      0.137        194 1.4878e+02 0.0000e+00
      0.097    23.7046     7.5135     88.801  35.316521     36.249      7.109   221.9073     4.0275     2.2733     0.0238     -0.052      0.097      0.141        195 1.4637e+02 0.0000e+00
      0.107    23.7181     7.5159     88.831  35.294003     36.249      7.112   220.1658     3.9911     2.2464     0.0238     -0.042      0.104      0.150        196 1.4398e+02 0.0000e+00
      0.113    23.7299     7.5166     88.851  35.314370     36.239      7.096   237.2394     4.0073     2.3136     0.0238     -0.028      0.110      0.160        197 1.4037e+02 0.0000e+00
      0.117    23.7411     7.5222     88.932  35.291171     36.229      7.094   238.4509     4.0396     2.3136     0.0238     -0.014      0.116      0.169        198 1.3750e+02 0.0000e+00
      0.128    23.7484     7.5235     88.957  35.174580     36.077      7.099   238.1102     4.0962     2.3136     0.0238      0.002      0.125      0.181        199 1.3113e+02 0.0000e+00
      0.138    23.7569     7.5145     88.861  35.162886     36.068      7.095   224.7844     4.0679     2.2196     0.0238      0.017      0.131      0.191        200 1.2977e+02 0.0000e+00
      0.137    23.7609     7.4941     88.639  35.246405     36.149      7.070   221.8694     4.0477     2.1927     0.0238      0.024      0.129      0.188        201 1.3209e+02 0.0000e+00
      0.121    23.7506     7.4820     88.514  35.248581     36.143      7.067   220.5823     4.0962     2.4747     0.0238      0.020      0.116      0.168        202 1.3938e+02 0.0000e+00
      0.097    23.7322     7.4778     88.471  35.249145     36.140      7.075   219.1815     4.0962     2.4881     0.0238      0.007      0.093      0.135        203 1.5120e+02 0.0000e+00
      0.067    23.7220     7.4748     88.440  35.156731     36.061      7.083   219.4087     4.0801     2.4747     0.0238     -0.012      0.065      0.094        204 1.7577e+02 0.0000e+00
      0.035    23.7206     7.4831     88.554  35.126335     36.018      7.095   218.5380     4.0477     2.5150     0.0237     -0.035      0.034      0.050        205 1.9804e+02 0.0000e+00
      0.003    23.7215     7.4966     88.737  35.138693     36.083      7.105   217.8944     3.9264     2.2867     0.0238     -0.060      0.001      0.002        206 2.0256e+02 0.0000e+00
     -0.033    23.7284     7.5128     88.946  35.082042     35.969      7.104   217.9701     3.9466     2.3136     0.0237     -0.086     -0.034     -0.049        207 2.1886e+02 0.0000e+00
     -0.074    23.7375     7.5283     89.152  35.107864     36.054      7.096   216.9858     3.9466     2.2867     0.0237     -0.109     -0.067     -0.097        208 2.2522e+02 0.0000e+00
     -0.095    23.7429     7.5348     89.245  35.076900     35.963      7.097   216.9101     3.9426     2.3002     0.0237     -0.120     -0.088     -0.127        209 2.1956e+02 0.0000e+00
     -0.097    23.7498     7.5328     89.232  35.090917     36.014      7.092   217.1372     4.1245     2.3002     0.0237     -0.118     -0.094     -0.136        210 2.1756e+02 0.0000e+00
     -0.095    23.7611     7.5251     89.144  35.060759     35.952      7.086   216.7208     4.1205     2.2599     0.0237     -0.104     -0.091     -0.131        211 2.1943e+02 0.0000e+00
     -0.084    23.7713     7.5143     89.019  35.055113     35.947      7.089   216.7965     4.1367     2.4210     0.0237     -0.082     -0.083     -0.119        212 2.1491e+02 0.0000e+00
     -0.073    23.7759     7.5090     88.960  35.097940     35.996      7.084   216.8722     4.1407     2.3136     0.0237     -0.055     -0.074     -0.107        213 2.1552e+02 0.0000e+00
     -0.069    23.7787     7.4992     88.837  35.066771     35.931      7.081   216.6072     4.1448     2.1927     0.0237     -0.028     -0.068     -0.099        214 2.2011e+02 0.0000e+00
     -0.064    23.7887     7.4998     88.844  35.093898     35.985      7.084   216.5694     4.1326     2.2599     0.0237     -0.003     -0.062     -0.090        215 2.1676e+02 0.0000e+00
     -0.055    23.8016     7.5103     88.976  35.123493     35.983      7.092   216.5694     4.1286     2.3270     0.0237      0.016     -0.054     -0.078        216 2.1665e+02 0.0000e+00
     -0.045    23.8129     7.5176     89.072  35.148565     36.033      7.097   216.7208     4.1245     2.3136     0.0238      0.027     -0.045     -0.064        217 2.1439e+02 0.0000e+00
     -0.036    23.8255     7.5193     89.093  35.122006     35.966      7.100   216.8344     4.1084     2.2599     0.0237      0.030     -0.036     -0.053        218 2.1479e+02 0.0000e+00
     -0.030    23.8351     7.5096     88.978  35.097226     35.958      7.105   216.9858     4.1771     2.4747     0.0237      0.031     -0.029     -0.043        219 2.1071e+02 0.0000e+00
     -0.022    23.8415     7.5030     88.907  35.060769     35.891      7.109   216.9101     4.2135     2.5150     0.0237      0.030     -0.021     -0.032        220 2.1316e+02 0.0000e+00
     -0.013    23.8439     7.4977     88.854  35.048742     35.885      7.112   217.2887     4.1852     2.4747     0.0237      0.030     -0.013     -0.019        221 2.0527e+02 0.0000e+00
     -0.004    23.8453     7.4867     88.729  35.052875     35.880      7.116   217.4022     4.2054     2.5553     0.0237      0.032     -0.004     -0.007        222 2.1195e+02 0.0000e+00
      0.003    23.8468     7.4839     88.700  34.996309     35.821      7.116   217.7430     4.1852     2.2733     0.0237      0.033      0.003      0.004        223 2.3169e+02 0.0000e+00
      0.010    23.8436     7.4765     88.614  35.059822     35.877      7.123   241.4416     4.1933     2.3136     0.0237      0.032      0.011      0.016        224 1.9324e+02 0.0000e+00
      0.021    23.8433     7.4745     88.593  35.122120     35.961      7.131   244.4323     4.1812     2.1659     0.0237      0.032      0.022      0.032        225 1.7163e+02 0.0000e+00
      0.037    23.8487     7.4889     88.768  35.067066     35.878      7.126   222.4751     4.1650     2.3270     0.0237      0.034      0.036      0.052        226 1.7232e+02 0.0000e+00
      0.052    23.8537     7.4963     88.859  35.039364     35.878      7.123   245.5680     4.2822     2.4747     0.0237      0.038      0.051      0.074        227 1.5985e+02 0.0000e+00
      0.067    23.8541     7.5047     88.961  35.067623     35.875      7.119   245.5680     4.2459     2.4076     0.0237      0.043      0.065      0.094        228 1.5266e+02 0.0000e+00
      0.079    23.8541     7.5016     88.924  35.091212     35.928      7.115   245.4545     4.2539     2.4747     0.0237      0.046      0.078      0.113        229 1.4645e+02 0.0000e+00
      0.093    23.8586     7.4937     88.829  35.069321     35.871      7.108   225.2766     4.2539     2.5150     0.0237      0.050      0.092      0.133        230 1.4032e+02 0.0000e+00
      0.109    23.8644     7.4901     88.776  35.035552     35.871      7.103   223.8758     4.0801     2.5150     0.0237      0.054      0.107      0.155        231 1.3367e+02 0.0000e+00
      0.124    23.8682     7.4883     88.745  35.014609     35.810      7.105   222.9294     4.0962     2.5553     0.0237      0.056      0.122      0.177        232 1.3155e+02 0.0000e+00
      0.140    23.8701     7.4850     88.706  35.036068     35.863      7.103   222.5887     4.0882     2.4344     0.0237      0.057      0.137      0.199        233 1.2535e+02 0.0000e+00
      0.154    23.8708     7.4844     88.703  35.068157     35.860      7.107   222.3615     4.0558     2.4344     0.0237      0.057      0.152      0.220        234 1.2204e+02 0.0000e+00
      0.171    23.8727     7.4925     88.803  35.033986     35.859      7.109   222.2480     4.1448     2.5150     0.0237      0.058      0.169      0.245        235 1.1756e+02 0.0000e+00
      0.191    23.8757     7.5035     88.935  35.019278     35.801      7.114   222.1723     4.1165     2.5284     0.0237      0.060      0.188      0.272        236 1.1113e+02 0.0000e+00
      0.212    23.8774     7.5055     88.961  35.086460     35.914      7.111   221.3015     4.1609     2.4210     0.0237      0.064      0.207      0.300        237 1.0642e+02 0.0000e+00
      0.229    23.8787     7.5063     88.974  35.069006     35.855      7.106   221.4151     4.1448     2.4747     0.0237      0.067      0.222      0.322        238 1.0302e+02 0.0000e+00
      0.238    23.8790     7.5024     88.929  35.041000     35.854      7.099   221.5287     4.1286     2.4479     0.0237      0.066      0.231      0.335        239 1.0243e+02 0.0000e+00
      0.239    23.8776     7.4857     88.732  35.002684     35.795      7.067   220.6201     4.1326     2.5419     0.0237      0.062      0.233      0.339        240 1.0324e+02 0.0000e+00
      0.237    23.8720     7.4795     88.659  34.998060     35.795      7.051   220.2415     4.1245     2.5284     0.0237      0.053      0.233      0.339        241 1.0370e+02 0.0000e+00
      0.239    23.8658     7.4740     88.594  35.046755     35.853      7.063   220.2415     4.1326     2.5150     0.0237      0.043      0.236      0.343        242 1.0369e+02 0.0000e+00
      0.247    23.8659     7.4792     88.655  35.001398     35.800      7.086   219.8630     4.1569     2.5016     0.0237      0.033      0.244      0.354        243 1.0185e+02 0.0000e+00
      0.262    23.8688     7.4886     88.769  34.995194     35.805      7.106   220.4687     4.1407     2.4881     0.0237      0.027      0.256      0.371        244 9.8042e+01 0.0000e+00
      0.273    23.8707     7.5013     88.919  35.054480     35.862      7.095   219.9387     4.1245     2.5150     0.0237      0.024      0.268      0.388        245 9.6703e+01 0.0000e+00
      0.284    23.8718     7.5090     89.011  35.046247     35.860      7.095   219.4844     4.1084     2.4344     0.0237      0.025      0.281      0.408        246 9.2416e+01 0.0000e+00
      0.305    23.8731     7.5207     89.150  35.005440     35.801      7.110   219.7494     4.1124     2.5284     0.0237      0.033      0.300      0.435        247 8.6853e+01 0.0000e+00
      0.328    23.8751     7.5273     89.229  35.045949     35.857      7.122   219.9765     4.1852     2.4613     0.0237      0.044      0.320      0.465        248 8.4040e+01 0.0000e+00
      0.347    23.8764     7.5223     89.169  35.055146     35.857      7.130   220.5065     4.2014     2.5016     0.0237      0.055      0.340      0.493        249 8.0692e+01 0.0000e+00
      0.365    23.8770     7.5123     89.052  35.053307     35.855      7.138   220.7337     4.1812     2.5419     0.0237      0.063      0.357      0.518        250 7.8398e+01 0.0000e+00
      0.381    23.8772     7.4970     88.870  35.048237     35.854      7.140   221.0744     4.2014     2.4479     0.0237      0.068      0.374      0.542        251 7.7024e+01 0.0000e+00
      0.397    23.8770     7.4801     88.669  35.002140     35.796      7.142   221.7180     4.0720     2.4881     0.0237      0.070      0.390      0.565        252 7.5074e+01 0.0000e+00
      0.415    23.8770     7.4613     88.447  35.051359     35.854      7.138   221.9073     4.0477     2.5284     0.0237      0.072      0.407      0.590        253 7.2861e+01 0.0000e+00
      0.433    23.8776     7.4577     88.403  35.046301     35.854      7.137   222.4373     4.0639     2.5016     0.0237      0.072      0.425      0.615        254 7.0953e+01 0.0000e+00
      0.451    23.8781     7.4630     88.465  35.008436     35.797      7.133   222.7401     4.0679     2.5687     0.0237      0.070      0.441      0.639        255 6.8980e+01 0.0000e+00
