Data/DataNotYetUploadedToEDI/Raw_CTD/RawDownloads/091018_fcr20.cnv
* Sea-Bird SBE19plus  Data File:
* FileName = C:\DATA\091018_fcr_0002.hex
* Software version 2.6.3.104
* Temperature SN = 7809
* Conductivity SN = 7809
* System UpLoad Time = Sep 10 2018 16:56:39
* <ApplicationData>
* <Seaterm232>
# nquan = 17
# nvalues = 637                         
# units = specified
# name 0 = depFM: Depth [fresh water, m]
# name 1 = tv290C: Temperature [ITS-90, deg C]
# name 2 = sbeox0Mg/L: Oxygen, SBE 43 [mg/l]
# name 3 = sbeox0PS: Oxygen, SBE 43 [% saturation]
# name 4 = c0uS/cm: Conductivity [uS/cm]
# name 5 = specc: Specific Conductance [uS/cm]
# name 6 = ph: pH
# name 7 = orp: Oxidation Reduction Potential [mV]
# name 8 = flECO-AFL: Fluorescence, WET Labs ECO-AFL/FL [mg/m^3]
# name 9 = turbWETntu0: Turbidity, WET Labs ECO [NTU]
# name 10 = sal00: Salinity, Practical [PSU]
# name 11 = dz/dtM: Descent Rate [m/s]
# name 12 = prdM: Pressure, Strain Gauge [db]
# name 13 = prdE: Pressure, Strain Gauge [psi]
# name 14 = scan: Scan Count
# name 15 = par/sat/log: PAR/Logarithmic, Satlantic
# name 16 = flag:  0.000e+00
# span 0 =     -0.576,      3.178       
# span 1 =    20.2814,    23.9279       
# span 2 =     0.4643,     8.6330       
# span 3 =      5.135,     99.182       
# span 4 =   0.981774,  65.145867       
# span 5 =      1.560,     71.897       
# span 6 =      5.469,      7.239       
# span 7 =   111.1748,   285.7346       
# span 8 =    -0.2062,     5.6611       
# span 9 =    -0.3183,     9.9809       
# span 10 =     0.0103,     0.0382      
# span 11 =     -0.040,      0.173      
# span 12 =     -0.565,      3.114      
# span 13 =     -0.819,      4.516      
# span 14 =          1,        637      
# span 15 = 2.6197e+00, 3.1189e+02      
# span 16 = 0.0000e+00, 0.0000e+00      
# interval = seconds: 0.25
# start_time = Sep 10 2018 14:49:15 [Instrument's time stamp, header]
# bad_flag = -9.990e-29
*END*
[from data line 426]
      0.607    23.9238     7.2522     86.043  35.248692     36.021      7.232   254.4645     4.8079     2.4479     0.0238      0.042      0.596      0.865        427 4.8454e+01 0.0000e+00
      0.616    23.9252     7.2362     85.853  35.250746     36.020      7.234   254.5781     4.7068     2.4210     0.0238      0.041      0.606      0.879        428 4.7426e+01 0.0000e+00
      0.631    23.9261     7.2265     85.738  35.241925     36.019      7.239   254.2752     4.7311     2.5016     0.0238      0.039      0.620      0.899        429 4.6691e+01 0.0000e+00
      0.650    23.9265     7.2201     85.662  35.170699     35.933      7.237   255.1838     4.7513     2.5956     0.0237      0.040      0.635      0.920        430 4.5952e+01 0.0000e+00
      0.660    23.9266     7.2252     85.723  35.161442     35.932      7.223   254.9188     4.7392     2.5553     0.0237      0.041      0.647      0.938        431 4.5707e+01 0.0000e+00
      0.669    23.9264     7.2318     85.801  35.164472     35.932      7.210   254.5024     4.7432     2.5687     0.0237      0.042      0.658      0.955        432 4.5026e+01 0.0000e+00
      0.685    23.9263     7.2371     85.864  35.196585     35.960      7.199   254.8431     4.6543     2.4747     0.0238      0.046      0.673      0.977        433 4.3608e+01 0.0000e+00
      0.706    23.9261     7.2429     85.934  35.240107     36.017      7.200   255.3352     4.6340     2.4881     0.0238      0.051      0.691      1.002        434 4.2342e+01 0.0000e+00
      0.722    23.9257     7.2470     85.982  35.169624     35.932      7.203   255.0324     4.6745     2.4479     0.0237      0.056      0.708      1.027        435 4.1139e+01 0.0000e+00
      0.738    23.9252     7.2384     85.879  35.165672     35.932      7.211   255.2595     4.6543     2.5419     0.0237      0.059      0.723      1.049        436 4.0203e+01 0.0000e+00
      0.752    23.9252     7.2267     85.740  35.245026     36.018      7.214   255.4109     4.7028     2.5284     0.0238      0.060      0.737      1.069        437 3.9483e+01 0.0000e+00
      0.765    23.9256     7.2075     85.512  35.189499     35.961      7.213   255.4109     4.6987     2.4210     0.0238      0.060      0.750      1.088        438 3.8489e+01 0.0000e+00
      0.778    23.9257     7.1967     85.384  35.175460     35.933      7.214   255.8652     4.7149     2.4747     0.0237      0.060      0.762      1.105        439 3.7742e+01 0.0000e+00
      0.788    23.9254     7.1981     85.401  35.143868     35.932      7.217   255.9031     4.7392     2.5419     0.0237      0.059      0.773      1.121        440 3.7533e+01 0.0000e+00
      0.799    23.9256     7.2089     85.529  35.139844     35.875      7.210   256.3195     4.7756     2.5150     0.0237      0.055      0.784      1.136        441 3.7354e+01 0.0000e+00
      0.810    23.9258     7.2140     85.588  35.210125     36.018      7.211   255.4866     4.7675     2.3941     0.0238      0.051      0.795      1.153        442 3.7119e+01 0.0000e+00
      0.823    23.9257     7.2213     85.674  35.204690     35.932      7.204   256.5466     4.7756     2.4210     0.0237      0.048      0.806      1.169        443 3.6912e+01 0.0000e+00
      0.833    23.9258     7.2363     85.850  35.205922     36.018      7.195   256.2816     4.7756     2.4479     0.0238      0.046      0.816      1.184        444 3.6730e+01 0.0000e+00
      0.841    23.9260     7.2459     85.962  35.149277     35.875      7.188   256.5845     4.6826     2.5284     0.0237      0.044      0.825      1.197        445 3.6555e+01 0.0000e+00
      0.851    23.9254     7.2498     86.009  35.215869     36.018      7.190   256.1302     4.6381     2.4344     0.0238      0.042      0.834      1.210        446 3.6103e+01 0.0000e+00
      0.861    23.9249     7.2425     85.923  35.182364     35.932      7.193   256.5466     4.6381     2.5150     0.0237      0.041      0.844      1.225        447 3.5630e+01 0.0000e+00
      0.871    23.9248     7.2334     85.817  35.102002     35.875      7.196   256.1302     4.6381     2.4881     0.0237      0.040      0.854      1.239        448 3.5019e+01 0.0000e+00
      0.881    23.9250     7.2262     85.733  35.167593     35.933      7.201   256.5466     4.8443     2.5016     0.0237      0.039      0.863      1.252        449 3.4309e+01 0.0000e+00
      0.890    23.9256     7.2311     85.792  35.249025     36.018      7.205   256.6981     4.8362     2.4613     0.0238      0.038      0.872      1.264        450 3.3737e+01 0.0000e+00
      0.897    23.9253     7.2254     85.725  35.237920     36.018      7.209   257.0388     4.8443     2.4479     0.0238      0.037      0.879      1.274        451 3.3246e+01 0.0000e+00
      0.902    23.9245     7.2247     85.716  35.181413     35.932      7.208   256.8495     4.8160     2.5419     0.0237      0.035      0.884      1.283        452 3.2731e+01 0.0000e+00
      0.908    23.9237     7.2260     85.731  35.230376     36.018      7.209   257.4174     4.7311     2.3941     0.0238      0.033      0.890      1.291        453 3.2255e+01 0.0000e+00
      0.913    23.9225     7.2315     85.796  35.176987     35.933      7.205   257.7202     4.6462     2.5419     0.0237      0.031      0.895      1.298        454 3.1842e+01 0.0000e+00
      0.918    23.9219     7.2395     85.891  35.158881     35.934      7.207   257.4931     4.6664     2.4479     0.0237      0.027      0.900      1.306        455 3.1375e+01 0.0000e+00
      0.923    23.9220     7.2410     85.908  35.193592     35.963      7.210   257.4931     4.6664     2.4881     0.0238      0.025      0.906      1.313        456 3.1104e+01 0.0000e+00
      0.929    23.9226     7.2460     85.964  35.163447     35.935      7.214   257.7581     4.6381     2.5284     0.0237      0.023      0.911      1.321        457 3.0940e+01 0.0000e+00
      0.935    23.9236     7.2445     85.945  35.255712     36.021      7.219   257.4931     4.7675     2.2464     0.0238      0.022      0.917      1.330        458 3.0761e+01 0.0000e+00
      0.942    23.9246     7.2473     85.979  35.227057     36.020      7.222   258.0231     4.7837     2.3941     0.0238      0.022      0.923      1.339        459 3.0601e+01 0.0000e+00
      0.947    23.9254     7.2528     86.046  35.139792     35.877      7.223   257.7581     4.7675     2.2599     0.0237      0.022      0.929      1.347        460 3.0502e+01 0.0000e+00
      0.953    23.9255     7.2622     86.157  35.216025     36.019      7.225   257.9852     4.7837     2.3002     0.0238      0.023      0.934      1.355        461 3.0370e+01 0.0000e+00
      0.957    23.9253     7.2762     86.324  35.191501     35.933      7.224   257.6066     4.7594     2.2599     0.0237      0.022      0.938      1.361        462 3.0198e+01 0.0000e+00
      0.961    23.9249     7.2816     86.389  35.229627     36.018      7.226   257.7581     4.7837     2.3404     0.0238      0.022      0.942      1.366        463 3.0060e+01 0.0000e+00
      0.964    23.9248     7.2825     86.399  35.257551     36.018      7.227   258.0609     4.7594     2.2733     0.0238      0.020      0.945      1.371        464 2.9784e+01 0.0000e+00
      0.967    23.9250     7.2778     86.343  35.156750     35.933      7.232   258.0609     4.7998     2.3673     0.0237      0.019      0.949      1.377        465 2.9459e+01 0.0000e+00
      0.973    23.9243     7.2690     86.239  35.177128     35.933      7.230   257.8717     4.7837     2.3136     0.0237      0.018      0.954      1.384        466 2.9301e+01 0.0000e+00
      0.978    23.9224     7.2590     86.121  35.232191     36.018      7.237   258.2502     4.8039     2.2599     0.0238      0.017      0.961      1.394        467 2.8910e+01 0.0000e+00
      0.989    23.9213     7.2528     86.047  35.177198     35.933      7.237   258.1745     4.7756     2.2867     0.0237      0.018      0.971      1.408        468 2.8408e+01 0.0000e+00
      1.001    23.9220     7.2485     85.996  35.156594     35.935      7.235   258.1745     4.7877     2.3270     0.0237      0.022      0.982      1.424        469 2.8138e+01 0.0000e+00
      1.014    23.9226     7.2493     86.006  35.168860     35.935      7.231   258.9695     4.8928     2.3136     0.0237      0.027      0.993      1.440        470 2.7750e+01 0.0000e+00
      1.023    23.9229     7.2431     85.932  35.161932     35.935      7.222   258.8938     4.8645     2.1927     0.0237      0.032      1.001      1.453        471 2.7605e+01 0.0000e+00
      1.026    23.9231     7.2235     85.700  35.254188     36.020      7.207   259.2345     4.9252     2.3404     0.0238      0.034      1.005      1.458        472 2.7784e+01 0.0000e+00
      1.025    23.9232     7.1922     85.330  35.231994     36.020      7.192   259.0452     4.8888     2.3807     0.0238      0.033      1.005      1.457        473 2.7785e+01 0.0000e+00
      1.022    23.9233     7.1623     84.974  35.130238     35.877      7.188   258.9695     5.0991     2.3002     0.0237      0.028      1.003      1.455        474 2.8105e+01 0.0000e+00
      1.021    23.9232     7.1379     84.685  35.143563     35.934      7.189   258.5152     5.0829     2.2464     0.0237      0.022      1.004      1.456        475 2.8217e+01 0.0000e+00
      1.028    23.9235     7.1121     84.379  35.185754     35.934      7.194   258.1745     5.0708     2.2733     0.0237      0.015      1.013      1.470        476 2.7679e+01 0.0000e+00
      1.050    23.9238     7.0990     84.224  35.226018     36.020      7.205   258.4395     5.0950     2.2464     0.0238      0.015      1.030      1.495        477 2.7273e+01 0.0000e+00
      1.072    23.9239     7.1015     84.254  35.182426     35.934      7.210   259.0452     5.0869     2.3539     0.0237      0.021      1.049      1.521        478 2.6949e+01 0.0000e+00
      1.086    23.9239     7.1103     84.357  35.180689     35.962      7.201   259.0831     4.8281     2.5821     0.0238      0.029      1.063      1.541        479 2.6795e+01 0.0000e+00
      1.093    23.9239     7.1121     84.378  35.168866     35.934      7.192   259.8781     4.8079     2.4076     0.0237      0.038      1.070      1.553        480 2.6742e+01 0.0000e+00
      1.097    23.9240     7.1113     84.369  35.167483     35.934      7.185   259.5752     4.8281     2.4747     0.0237      0.044      1.075      1.559        481 2.6592e+01 0.0000e+00
      1.097    23.9242     7.1197     84.468  35.152752     35.934      7.181   259.2345     4.8403     2.5150     0.0237      0.045      1.077      1.562        482 2.6576e+01 0.0000e+00
      1.100    23.9242     7.1223     84.499  35.127883     35.876      7.183   259.0831     5.0263     2.3136     0.0237      0.042      1.080      1.566        483 2.6454e+01 0.0000e+00
      1.106    23.9241     7.1427     84.741  35.228090     36.019      7.188   259.4238     5.0141     2.2196     0.0238      0.034      1.085      1.573        484 2.6176e+01 0.0000e+00
      1.113    23.9241     7.1651     85.008  35.176333     35.933      7.190   259.5752     5.0101     2.3404     0.0237      0.025      1.090      1.582        485 2.6030e+01 0.0000e+00
      1.118    23.9244     7.1873     85.270  35.162636     35.933      7.193   259.7267     4.9939     2.2733     0.0237      0.019      1.095      1.589        486 2.5930e+01 0.0000e+00
      1.120    23.9245     7.2135     85.581  35.245135     36.019      7.194   259.4238     5.1072     2.4881     0.0238      0.016      1.099      1.594        487 2.5982e+01 0.0000e+00
      1.124    23.9245     7.2345     85.830  35.162637     35.933      7.198   259.3859     5.0869     2.5687     0.0237      0.016      1.103      1.599        488 2.5893e+01 0.0000e+00
      1.131    23.9243     7.2479     85.988  35.176332     35.933      7.205   259.7645     5.0586     2.4747     0.0237      0.017      1.110      1.609        489 2.5707e+01 0.0000e+00
      1.140    23.9241     7.2615     86.149  35.228092     36.019      7.208   259.9159     5.0788     2.4210     0.0238      0.020      1.118      1.622        490 2.5652e+01 0.0000e+00
      1.149    23.9239     7.2761     86.322  35.127881     35.876      7.213   259.7645     4.9333     2.4881     0.0237      0.022      1.127      1.634        491 2.5494e+01 0.0000e+00
      1.156    23.9238     7.2885     86.469  35.093443     35.876      7.213   260.2945     4.9575     2.5150     0.0237      0.024      1.134      1.644        492 2.5463e+01 0.0000e+00
      1.162    23.9239     7.2975     86.574  35.181979     35.934      7.219   259.9538     4.9656     2.5016     0.0237      0.025      1.140      1.654        493 2.5248e+01 0.0000e+00
      1.170    23.9240     7.3013     86.619  35.225301     36.019      7.219   260.0295     4.9535     2.4210     0.0238      0.028      1.148      1.665        494 2.4933e+01 0.0000e+00
      1.179    23.9242     7.2962     86.559  35.187814     35.934      7.221   260.3702     5.0627     2.5553     0.0237      0.030      1.157      1.678        495 2.4755e+01 0.0000e+00
      1.188    23.9238     7.2909     86.497  35.228630     36.019      7.222   260.1809     5.1880     2.5150     0.0238      0.031      1.166      1.691        496 2.4422e+01 0.0000e+00
      1.200    23.9238     7.2885     86.469  35.174507     35.933      7.226   260.8245     5.2163     2.6224     0.0237      0.032      1.176      1.706        497 2.4057e+01 0.0000e+00
      1.210    23.9236     7.2939     86.533  35.166198     35.934      7.218   260.2567     5.1880     2.5150     0.0237      0.034      1.185      1.719        498 2.3891e+01 0.0000e+00
      1.215    23.9232     7.3034     86.645  35.238970     36.019      7.215   260.4838     5.2002     2.4479     0.0238      0.034      1.192      1.729        499 2.3686e+01 0.0000e+00
      1.221    23.9228     7.3013     86.621  35.172914     35.934      7.212   260.6731     5.2406     2.5553     0.0237      0.034      1.197      1.736        500 2.3446e+01 0.0000e+00
      1.226    23.9226     7.2908     86.497  35.159433     35.934      7.207   260.7488     5.2689     2.5016     0.0237      0.033      1.202      1.743        501 2.3328e+01 0.0000e+00
      1.230    23.9226     7.2819     86.391  35.137119     35.906      7.205   260.5595     5.2527     2.5016     0.0237      0.030      1.206      1.750        502 2.3120e+01 0.0000e+00
      1.234    23.9223     7.2712     86.264  35.111711     35.877      7.208   260.5217     5.2810     2.4210     0.0237      0.027      1.210      1.755        503 2.3015e+01 0.0000e+00
      1.238    23.9220     7.2619     86.151  35.161396     35.935      7.211   260.5217     5.3417     2.3941     0.0237      0.023      1.214      1.761        504 2.2914e+01 0.0000e+00
      1.242    23.9219     7.2453     85.954  35.164258     35.935      7.212   260.5595     5.3093     2.5687     0.0237      0.020      1.219      1.767        505 2.2742e+01 0.0000e+00
      1.248    23.9223     7.2275     85.743  35.167463     35.935      7.215   260.5595     5.3296     2.4479     0.0237      0.018      1.224      1.774        506 2.2623e+01 0.0000e+00
      1.252    23.9228     7.2218     85.676  35.187064     35.964      7.213   260.4459     5.3296     2.5553     0.0238      0.017      1.228      1.780        507 2.2606e+01 0.0000e+00
      1.255    23.9229     7.2230     85.690  35.169521     35.935      7.211   260.4459     5.2810     2.4210     0.0237      0.017      1.234      1.789        508 2.2430e+01 0.0000e+00
      1.268    23.9226     7.2258     85.723  35.159637     35.934      7.211   260.5974     5.2810     2.4479     0.0237      0.019      1.245      1.805        509 2.2001e+01 0.0000e+00
      1.284    23.9229     7.2356     85.840  35.169707     35.934      7.204   260.9381     5.2487     2.5419     0.0237      0.024      1.256      1.822        510 2.1878e+01 0.0000e+00
