Data/DataNotYetUploadedToEDI/Raw_CTD/RawDownloads/091119_fcr10.cnv
* Sea-Bird SBE19plus  Data File:
* FileName = C:\DATA\091119_fcr50_0_0001.hex
* Software version 2.8.0.119 SB_Terminal.dll
* Temperature SN = 7809
* Conductivity SN = 7809
* System UpLoad Time = Sep 11 2019 16:21:30
* <ApplicationData>
* <Seaterm232>
# nquan = 16
# nvalues = 318                         
# units = specified
# name 0 = depFM: Depth [fresh water, m]
# name 1 = sbeox0Mg/L: Oxygen, SBE 43 [mg/l]
# name 2 = sbeox0PS: Oxygen, SBE 43 [% saturation]
# name 3 = specc: Specific Conductance [uS/cm]
# name 4 = c0uS/cm: Conductivity [uS/cm]
# name 5 = flECO-AFL: Fluorescence, WET Labs ECO-AFL/FL [mg/m^3]
# name 6 = ph: pH
# name 7 = orp: Oxidation Reduction Potential [mV]
# name 8 = par/sat/log: PAR/Logarithmic, Satlantic
# name 9 = turbWETntu0: Turbidity, WET Labs ECO [NTU]
# name 10 = prdM: Pressure, Strain Gauge [db]
# name 11 = prdE: Pressure, Strain Gauge [psi]
# name 12 = tv290C: Temperature [ITS-90, deg C]
# name 13 = density00: Density [density, kg/m^3]
# name 14 = dz/dtM: Descent Rate [m/s]
# name 15 = flag:  0.000e+00
# span 0 =     -0.500,      2.523       
# span 1 =     0.1070,     9.5318       
# span 2 =      1.232,    114.606       
# span 3 =      0.799,    215.153       
# span 4 =   0.816923, 202.860233       
# span 5 =    -0.1360,    11.3297       
# span 6 =      6.090,      8.080       
# span 7 = -1240.7455,   227.9366       
# span 8 = 1.8046e+01, 1.4605e+03       
# span 9 =    -3.7943,    25.3373       
# span 10 =     -0.490,      2.475      
# span 11 =     -0.711,      3.590      
# span 12 =    22.0351,    26.1410      
# span 13 =   996.7550,   997.8370      
# span 14 =     -0.019,      0.175      
# span 15 = 0.0000e+00, 0.0000e+00      
# interval = seconds: 0.25
# start_time = Sep 11 2019 10:37:00 [Instrument's time stamp, header]
# bad_flag = -9.990e-29
*END*
     -0.499     7.3677     91.023      0.837   0.856097    -0.1213      6.090 -1240.7455 1.3312e+03    -0.4903     -0.489     -0.710    26.1242   996.7593 7.0584e-27 0.0000e+00
     -0.499     7.3669     91.015      0.811   0.829601    -0.1199      6.090 -1240.7455 9.0947e+02    -0.4966     -0.489     -0.709    26.1248   996.7591 7.7643e-26 0.0000e+00
     -0.499     7.3664     91.009      0.822   0.840892    -0.1031      6.090 -1240.7455 7.7798e+02    -0.4818     -0.490     -0.711    26.1256   996.7589 8.5407e-25 0.0000e+00
     -0.499     7.3671     91.018      0.847   0.865902     0.0649      6.092 -1240.7455 9.8849e+02    -0.2793     -0.490     -0.710    26.1260   996.7588 9.3948e-24 0.0000e+00
     -0.499     7.3667     91.013      0.859   0.878553     0.3678      6.093 -1240.7455 1.1688e+03     0.1167     -0.489     -0.709    26.1265   996.7587 1.0334e-22 0.0000e+00
     -0.499     7.3648     90.992      0.847   0.867146     0.5425      6.093 -1240.7455 1.1416e+03     0.3742     -0.490     -0.711    26.1272   996.7585 1.1368e-21 0.0000e+00
     -0.499     7.3643     90.987      0.835   0.854691     0.5649      6.092 -1240.7455 1.0012e+03     0.4414     -0.489     -0.710    26.1275   996.7584 1.2504e-20 0.0000e+00
     -0.499     7.3648     90.994      0.835   0.854683     0.3953      6.091 -1240.7455 8.7233e+02     0.4699     -0.489     -0.709    26.1277   996.7583 1.3755e-19 0.0000e+00
     -0.499     7.3648     90.994      0.848   0.867043     0.0692      6.092 -1240.7455 8.0330e+02     0.5227     -0.490     -0.710    26.1281   996.7583 1.5130e-18 0.0000e+00
     -0.499     7.3653     91.001      0.858   0.877420    -0.0998      6.093 -1240.7455 8.5460e+02     0.5878     -0.490     -0.711    26.1288   996.7581 1.6643e-17 0.0000e+00
     -0.499     7.3663     91.016      0.834   0.853425    -0.1136      6.094 -1240.7455 9.8015e+02     0.6015     -0.490     -0.710    26.1294   996.7579 1.8308e-16 0.0000e+00
     -0.499     7.3665     91.019      0.812   0.830367    -0.1150      6.094 -1240.7455 1.0579e+03     0.3287     -0.490     -0.711    26.1299   996.7578 2.0139e-15 0.0000e+00
     -0.499     7.3668     91.024      0.833   0.852066    -0.1165      6.094 -1240.7455 1.0359e+03    -0.1873     -0.490     -0.710    26.1303   996.7577 2.2152e-14 0.0000e+00
     -0.499     7.3680     91.040      0.844   0.862351    -0.1141      6.094 -1240.7455 9.4690e+02    -0.4263     -0.490     -0.711    26.1310   996.7575 2.4368e-13 0.0000e+00
     -0.499     7.3691     91.055      0.810   0.828003    -0.1044      6.095 -1240.7455 8.7980e+02    -0.4311     -0.490     -0.710    26.1319   996.7572 2.6804e-12 0.0000e+00
     -0.499     7.3700     91.067      0.799   0.816923    -0.1117      6.097 -1240.7455 9.1808e+02    -0.4749     -0.489     -0.710    26.1327   996.7570 2.9485e-11 0.0000e+00
     -0.499     7.3704     91.072      0.836   0.855092    -0.1322      6.099 -1240.7455 9.9895e+02    -0.4646     -0.490     -0.711    26.1335   996.7568 3.2433e-10 0.0000e+00
     -0.499     7.3704     91.073      0.889   0.909351    -0.1360      6.102 -1240.7455 9.6524e+02    -0.4376     -0.489     -0.709    26.1341   996.7567 3.5677e-09 0.0000e+00
     -0.500     7.3719     91.093      0.945   0.966093    -0.1227      6.103 -1240.7455 9.4142e+02    -0.4759     -0.490     -0.710    26.1348   996.7565 3.9244e-08 0.0000e+00
     -0.500     7.3753     91.136      1.011   1.034282    -0.1190      6.100 -1240.7455 1.0132e+03    -0.5016     -0.490     -0.711    26.1354   996.7563 4.3169e-07 0.0000e+00
     -0.499     7.3793     91.188      1.076   1.100215    -0.1262      6.098 -1240.7453 9.1530e+02    -0.3560     -0.490     -0.710    26.1359   996.7562      0.000 0.0000e+00
     -0.499     7.3847     91.255      1.104   1.129682    -0.1230      6.098 -1240.7430 7.2918e+02    -0.0258     -0.490     -0.710    26.1366   996.7560      0.000 0.0000e+00
     -0.499     7.3937     91.367      1.112   1.137132    -0.1149      6.098 -1240.7176 7.2634e+02     0.1808     -0.490     -0.711    26.1372   996.7558      0.001 0.0000e+00
     -0.499     7.4056     91.513      1.164   1.190296    -0.1067      6.094 -1240.4391 7.8067e+02     0.1753     -0.489     -0.710    26.1382   996.7556      0.001 0.0000e+00
     -0.499     7.4182     91.667      1.299   1.328961     0.0028      6.132 -1237.3754 6.7640e+02     0.2027     -0.489     -0.709    26.1389   996.7554      0.005 0.0000e+00
     -0.499     7.4340     91.822      1.949   1.990032     0.2113      6.267 -1203.6748 4.7517e+02     0.3154     -0.489     -0.709    26.1394   996.7553      0.015 0.0000e+00
     -0.499     7.4628     92.026      6.845   6.965592     0.3250      6.484  -832.9673 3.6157e+02     0.3919     -0.489     -0.709    26.1395   996.7552      0.032 0.0000e+00
     -0.497     7.5112     92.358     19.228  19.525606     0.3552      6.769  -157.0895 4.4792e+02     0.3076     -0.490     -0.711    26.1402   996.7550      0.056 0.0000e+00
     -0.485     7.5685     92.787     31.929  32.359632     0.6447      7.099   203.3832 7.2652e+02    -0.8024     -0.484     -0.702    26.1399   996.7551      0.085 0.0000e+00
     -0.455     7.6240     93.240     37.081  37.502704     1.1726      7.417   227.9366 9.9525e+02    -2.7706     -0.450     -0.651    26.1410   996.7550      0.117 0.0000e+00
     -0.415     7.6820     93.762     37.710  38.058659     1.4497      7.667   224.9626 1.1619e+03    -3.7943     -0.406     -0.589    26.0567   996.7778      0.147 0.0000e+00
     -0.372     7.7503     94.440     37.910  38.192837     1.4554      7.821   217.3279 1.2929e+03    -3.7086     -0.368     -0.534    25.8601   996.8342      0.168 0.0000e+00
     -0.321     7.8278     95.247     38.012  38.236254     1.3710      7.908   211.4267 1.3885e+03    -1.5378     -0.318     -0.461    25.6873   996.8851      0.175 0.0000e+00
     -0.265     7.9060     96.082     38.029  38.202654     1.2351      7.966   208.0747 1.4320e+03     2.4952     -0.258     -0.374    25.5596   996.9193      0.168 0.0000e+00
     -0.214     7.9783     96.864     38.034  38.167375     1.1744      8.007   202.2662 1.4400e+03     4.7106     -0.204     -0.297    25.4497   996.9481      0.152 0.0000e+00
     -0.177     8.0378     97.511     38.089  38.190500     1.1742      8.036   195.3159 1.4461e+03     4.9297     -0.168     -0.244    25.3633   996.9708      0.136 0.0000e+00
     -0.152     8.0804     97.976     38.150  38.228301     1.2065      8.059   190.5471 1.4605e+03     4.9156     -0.147     -0.213    25.2856   996.9911      0.125 0.0000e+00
     -0.135     8.1097     98.296     38.180  38.243520     1.2875      8.076   187.6263 1.4545e+03     4.8668     -0.133     -0.193    25.2176   997.0088      0.122 0.0000e+00
     -0.116     8.1293     98.515     38.192  38.247535     1.3393      8.080   183.2315 1.3955e+03     4.8652     -0.120     -0.173    25.1639   997.0226      0.129 0.0000e+00
     -0.084     8.1433     98.675     38.226  38.276835     1.3470      8.074   179.2249 1.3122e+03     4.8960     -0.089     -0.129    25.1226   997.0334      0.144 0.0000e+00
     -0.038     8.1577     98.844     38.231  38.280392     1.3543      8.064   179.9655 1.2528e+03     4.9114     -0.040     -0.058    25.0931   997.0413      0.160 0.0000e+00
      0.015     8.1759     99.060     38.180  38.227063     1.4360      8.054   181.1736 1.0958e+03     5.0512      0.014      0.021    25.0748   997.0463      0.170 0.0000e+00
      0.068     8.1964     99.307     38.156  38.203330     1.5985      8.045   180.0654 8.2680e+02     5.3411      0.069      0.101    25.0647   997.0491      0.171 0.0000e+00
      0.116     8.2105     99.470     38.141  38.183873     1.6975      8.036   178.1818 6.1178e+02     5.5328      0.117      0.170    25.0608   997.0503      0.163 0.0000e+00
      0.154     8.2010     99.317     38.091  38.118751     1.7140      8.026   172.4230 4.4869e+02     5.5996      0.154      0.222    25.0591   997.0509      0.148 0.0000e+00
      0.184     8.1620     98.772     38.054  38.050690     1.7023      8.015   162.9210 3.7970e+02     5.4598      0.180      0.260    25.0557   997.0519      0.129 0.0000e+00
      0.214     8.1137     98.087     38.041  37.995679     1.6688      8.004   156.3884 3.9294e+02     5.1210      0.209      0.304    25.0558   997.0520      0.110 0.0000e+00
      0.242     8.0658     97.410     38.048  37.961369     1.6478      7.991   154.0948 3.8530e+02     4.9113      0.241      0.349    25.0568   997.0518      0.093 0.0000e+00
      0.266     7.9970     96.506     38.071  37.953170     1.6475      7.973   152.9140 3.9133e+02     4.8906      0.264      0.383    25.0397   997.0563      0.079 0.0000e+00
      0.281     7.9056     95.362     38.096  37.959980     1.6395      7.953   151.9202 4.8038e+02     4.8046      0.277      0.402    24.9960   997.0676      0.067 0.0000e+00
      0.293     7.8365     94.509     38.125  37.980205     1.6106      7.939   150.9409 6.0089e+02     4.5606      0.287      0.416    24.9338   997.0836      0.055 0.0000e+00
      0.304     7.8275     94.388     38.157  38.007268     1.5846      7.929   150.1074 5.7745e+02     4.4312      0.298      0.434    24.8749   997.0987      0.045 0.0000e+00
      0.315     7.8718     94.913     38.187  38.033283     1.5846      7.922   149.4991 4.6434e+02     4.4519      0.309      0.449    24.8319   997.1097      0.039 0.0000e+00
      0.324     7.9368     95.688     38.198  38.040833     1.6548      7.914   149.0064 4.2419e+02     4.4512      0.319      0.463    24.8117   997.1149      0.036 0.0000e+00
      0.331     7.9920     96.344     38.197  38.035063     1.7741      7.904   148.4523 4.2421e+02     4.4557      0.323      0.470    24.8047   997.1167      0.033 0.0000e+00
      0.339     8.0199     96.669     38.193  38.027000     1.8308      7.895   147.7042 4.4720e+02     4.4730      0.331      0.480    24.7971   997.1187      0.028 0.0000e+00
      0.349     8.0113     96.556     38.177  38.006814     1.8297      7.887   146.8437 5.0286e+02     4.4961      0.342      0.496    24.7925   997.1199      0.018 0.0000e+00
      0.357     7.9615     95.950     38.154  37.981416     1.8127      7.881   146.1362 5.4738e+02     4.5053      0.352      0.510    24.7894   997.1207      0.008 0.0000e+00
      0.360     7.8700     94.841     38.150  37.973819     1.7902      7.872   145.8609 5.7116e+02     4.4866      0.358      0.518    24.7833   997.1223      0.001 0.0000e+00
      0.355     7.7484     93.361     38.161  37.978431     1.7824      7.855   145.9243 5.5181e+02     4.4659      0.351      0.509    24.7759   997.1242     -0.001 0.0000e+00
      0.344     7.6125     91.704     38.165  37.973692     1.7790      7.827   145.8699 5.1492e+02     4.4514      0.335      0.486    24.7708   997.1253     -0.001 0.0000e+00
      0.337     7.4716     89.988     38.180  37.979983     1.8191      7.797   145.5479 5.3971e+02     4.5088      0.324      0.472    24.7677   997.1261      0.000 0.0000e+00
      0.342     7.3363     88.345     38.197  37.991003     1.9024      7.774   145.3006 6.0591e+02     4.6354      0.331      0.482    24.7653   997.1268      0.003 0.0000e+00
      0.353     7.2202     86.944     38.187  37.979983     1.9452      7.761   145.2884 6.8121e+02     4.7041      0.349      0.506    24.7571   997.1289      0.008 0.0000e+00
      0.360     7.1365     85.942     38.178  37.973683     1.9458      7.754   145.3141 7.0738e+02     4.7174      0.357      0.518    24.7434   997.1324      0.013 0.0000e+00
      0.360     7.0903     85.394     38.178  37.978309     1.9448      7.743   145.2674 6.7644e+02     4.7294      0.354      0.513    24.7313   997.1355      0.015 0.0000e+00
      0.357     7.0678     85.124     38.171  37.972449     1.9592      7.723   145.0682 6.7080e+02     4.6857      0.349      0.505    24.7231   997.1375      0.014 0.0000e+00
      0.359     7.0488     84.889     38.168  37.966301     1.9900      7.706   144.7122 6.5554e+02     4.5820      0.350      0.507    24.7208   997.1381      0.011 0.0000e+00
      0.367     7.0263     84.609     38.174  37.967454     2.0053      7.701   144.3189 6.8092e+02     4.4920      0.359      0.521    24.7261   997.1368      0.009 0.0000e+00
      0.374     6.9999     84.283     38.197  37.986383     2.0050      7.703   144.0129 7.2883e+02     4.4496      0.369      0.535    24.7344   997.1347      0.009 0.0000e+00
      0.377     6.9661     83.872     38.218  38.004740     2.0125      7.706   143.8513 6.5703e+02     4.4299      0.372      0.539    24.7349   997.1346      0.008 0.0000e+00
      0.375     6.9282     83.414     38.213  37.998975     2.0180      7.706   143.8272 6.3872e+02     4.4178      0.368      0.534    24.7296   997.1360      0.005 0.0000e+00
      0.372     6.9013     83.089     38.195  37.980143     2.0200      7.705   143.8067 6.9668e+02     4.4348      0.364      0.529    24.7230   997.1376      0.001 0.0000e+00
      0.371     6.9040     83.122     38.182  37.967476     2.0275      7.701   143.6904 6.3834e+02     4.4705      0.363      0.527    24.7169   997.1391     -0.001 0.0000e+00
      0.372     6.9436     83.602     38.185  37.972775     2.0825      7.696   143.6251 5.8854e+02     4.5875      0.366      0.530    24.7146   997.1397     -0.001 0.0000e+00
      0.374     7.0087     84.393     38.190  37.980735     2.1826      7.690   143.7060 6.1654e+02     4.8012      0.368      0.533    24.7143   997.1398      0.000 0.0000e+00
      0.374     7.0795     85.257     38.204  38.000250     2.2409      7.683   143.8083 6.3005e+02     4.9237      0.368      0.534    24.7138   997.1400      0.000 0.0000e+00
      0.373     7.1390     85.986     38.216  38.018308     2.2574      7.677   143.8298 6.2692e+02     4.9214      0.366      0.530    24.7137   997.1400      0.000 0.0000e+00
      0.371     7.1773     86.461     38.199  38.008648     2.2615      7.672   143.8796 6.1046e+02     4.9040      0.364      0.528    24.7148   997.1397      0.001 0.0000e+00
      0.371     7.1908     86.640     38.193  38.010418     2.2561      7.667   144.0666 6.0552e+02     4.9115      0.364      0.528    24.7189   997.1387      0.003 0.0000e+00
      0.371     7.1823     86.551     38.217  38.039713     2.2521      7.660   144.2834 6.2778e+02     4.9457      0.364      0.528    24.7273   997.1365      0.006 0.0000e+00
      0.373     7.1637     86.340     38.217  38.045485     2.2484      7.650   144.2642 6.2311e+02     4.9568      0.365      0.531    24.7358   997.1344      0.007 0.0000e+00
      0.378     7.1467     86.145     38.183  38.016732     2.2364      7.640   144.0069 5.7290e+02     4.8173      0.370      0.537    24.7444   997.1322      0.006 0.0000e+00
      0.383     7.1313     85.965     38.173  38.009456     2.2117      7.631   143.7536 5.4853e+02     4.5694      0.376      0.545    24.7544   997.1297      0.004 0.0000e+00
      0.385     7.1102     85.718     38.181  38.020997     2.2020      7.623   143.6104 5.7094e+02     4.4498      0.380      0.550    24.7634   997.1274      0.001 0.0000e+00
      0.383     7.0774     85.334     38.184  38.029331     2.2060      7.616   143.5659 6.0343e+02     4.4523      0.377      0.546    24.7709   997.1255     -0.001 0.0000e+00
      0.378     7.0320     84.801     38.194  38.046743     2.1982      7.609   143.3880 6.1940e+02     4.4373      0.371      0.538    24.7774   997.1238     -0.004 0.0000e+00
      0.375     6.9796     84.184     38.180  38.041104     2.1855      7.603   143.0075 6.1523e+02     4.3987      0.367      0.532    24.7809   997.1230     -0.008 0.0000e+00
      0.375     6.9277     83.567     38.159  38.024635     2.1825      7.596   142.7514 6.0959e+02     4.3788      0.367      0.533    24.7833   997.1224     -0.009 0.0000e+00
      0.375     6.8772     82.962     38.171  38.038060     2.1894      7.587   142.7869 6.1925e+02     4.3929      0.370      0.536    24.7904   997.1205     -0.009 0.0000e+00
