Data/DataNotYetUploadedToEDI/Raw_CTD/RawDownloads/091119_fcr10.cnv
* Sea-Bird SBE19plus  Data File:
* FileName = C:\DATA\091119_fcr50_0_0001.hex
* Software version 2.8.0.119 SB_Terminal.dll
* Temperature SN = 7809
* Conductivity SN = 7809
* System UpLoad Time = Sep 11 2019 16:21:30
* <ApplicationData>
* <Seaterm232>
# nquan = 16
# nvalues = 318                         
# units = specified
# name 0 = depFM: Depth [fresh water, m]
# name 1 = sbeox0Mg/L: Oxygen, SBE 43 [mg/l]
# name 2 = sbeox0PS: Oxygen, SBE 43 [% saturation]
# name 3 = specc: Specific Conductance [uS/cm]
# name 4 = c0uS/cm: Conductivity [uS/cm]
# name 5 = flECO-AFL: Fluorescence, WET Labs ECO-AFL/FL [mg/m^3]
# name 6 = ph: pH
# name 7 = orp: Oxidation Reduction Potential [mV]
# name 8 = par/sat/log: PAR/Logarithmic, Satlantic
# name 9 = turbWETntu0: Turbidity, WET Labs ECO [NTU]
# name 10 = prdM: Pressure, Strain Gauge [db]
# name 11 = prdE: Pressure, Strain Gauge [psi]
# name 12 = tv290C: Temperature [ITS-90, deg C]
# name 13 = density00: Density [density, kg/m^3]
# name 14 = dz/dtM: Descent Rate [m/s]
# name 15 = flag:  0.000e+00
# span 0 =     -0.500,      2.523       
# span 1 =     0.1070,     9.5318       
# span 2 =      1.232,    114.606       
# span 3 =      0.799,    215.153       
# span 4 =   0.816923, 202.860233       
# span 5 =    -0.1360,    11.3297       
# span 6 =      6.090,      8.080       
# span 7 = -1240.7455,   227.9366       
# span 8 = 1.8046e+01, 1.4605e+03       
# span 9 =    -3.7943,    25.3373       
# span 10 =     -0.490,      2.475      
# span 11 =     -0.711,      3.590      
# span 12 =    22.0351,    26.1410      
# span 13 =   996.7550,   997.8370      
# span 14 =     -0.019,      0.175      
# span 15 = 0.0000e+00, 0.0000e+00      
# interval = seconds: 0.25
# start_time = Sep 11 2019 10:37:00 [Instrument's time stamp, header]
# bad_flag = -9.990e-29
*END*
[from data line 272]
      2.389     0.1200      1.380     55.166  52.172398     3.0207      6.580   159.1523 2.6051e+01     4.2736      2.342      3.397    22.3405   997.7280      0.033 0.0000e+00
      2.398     0.1249      1.436     55.175  52.155722     2.8879      6.577   159.1441 2.5713e+01     4.0437      2.352      3.411    22.3277   997.7319      0.033 0.0000e+00
      2.407     0.1286      1.477     57.102  53.949564     2.8823      6.573   159.1734 2.5395e+01     4.0140      2.361      3.424    22.3130   997.7357      0.032 0.0000e+00
      2.415     0.1311      1.507     59.644  56.328292     2.9447      6.570   159.0772 2.5078e+01     4.0121      2.369      3.435    22.2990   997.7387      0.030 0.0000e+00
      2.423     0.1314      1.509     61.275  57.855201     3.0521      6.567   158.8414 2.4807e+01     4.0217      2.376      3.446    22.2829   997.7418      0.027 0.0000e+00
      2.430     0.1300      1.494     62.027  58.560599     3.1056      6.563   158.5589 2.4572e+01     4.0321      2.383      3.456    22.2598   997.7470      0.025 0.0000e+00
      2.435     0.1288      1.480     62.498  59.011499     3.1155      6.559   158.4144 2.4346e+01     4.0393      2.388      3.463    22.2327   997.7541      0.023 0.0000e+00
      2.440     0.1281      1.471     62.728  59.240274     3.1027      6.555   158.3852 2.4164e+01     4.0428      2.393      3.471    22.2129   997.7598      0.021 0.0000e+00
      2.445     0.1289      1.481     62.908  59.420443     3.0629      6.550   158.2920 2.4011e+01     4.0086      2.397      3.477    22.2011   997.7630      0.020 0.0000e+00
      2.449     0.1316      1.513     63.770  60.236756     3.0416      6.545   158.1472 2.3829e+01     3.9535      2.401      3.483    22.1970   997.7641      0.019 0.0000e+00
      2.454     0.1350      1.550     69.414  65.551680     3.0526      6.541   158.0119 2.3633e+01     3.9660      2.407      3.491    22.2040   997.7626      0.018 0.0000e+00
      2.459     0.1380      1.585     87.799  82.871160     3.0838      6.537   157.8608 2.3482e+01     4.0291      2.411      3.497    22.2147   997.7603      0.017 0.0000e+00
      2.463     0.1422      1.632    113.467 107.033722     3.1157      6.532   157.6104 2.3367e+01     4.0603      2.416      3.504    22.2243   997.7580      0.017 0.0000e+00
      2.467     0.1482      1.699    130.156 122.692927     3.1258      6.528   157.2215 2.3259e+01     4.0491      2.420      3.509    22.2296   997.7572      0.016 0.0000e+00
      2.471     0.1529      1.753    131.146 123.547027     3.1196      6.524   156.5140 2.3166e+01     4.0566      2.423      3.515    22.2182   997.7595      0.014 0.0000e+00
      2.474     0.1546      1.771    122.057 114.926102     3.1110      6.519   155.5085 2.3063e+01     4.0859      2.426      3.519    22.1965   997.7714      0.013 0.0000e+00
      2.478     0.1529      1.751    111.904 105.325576     3.1514      6.514   154.5288 2.2938e+01     4.1746      2.430      3.524    22.1676   997.7902      0.012 0.0000e+00
      2.481     0.1482      1.697    105.566  99.335941     3.2437      6.509   153.5307 2.2809e+01     4.3420      2.433      3.529    22.1277   997.8051      0.011 0.0000e+00
      2.484     0.1431      1.638    115.430 108.602955     3.2987      6.504   152.3888 2.2682e+01     4.4713      2.435      3.533    22.0938   997.8132      0.010 0.0000e+00
      2.486     0.1386      1.587    132.065 124.251984     3.3053      6.500   150.9604 2.2566e+01     4.9184      2.438      3.537    22.0701   997.8125      0.009 0.0000e+00
      2.488     0.1348      1.543    137.706 129.569806     3.3407      6.495   146.3265 2.2475e+01     9.5183      2.440      3.539    22.0524   997.8149      0.008 0.0000e+00
      2.490     0.1323      1.515    145.699 137.111512     3.4235      6.491   136.8853 2.2394e+01    17.9099      2.442      3.541    22.0412   997.8115      0.008 0.0000e+00
      2.492     0.1310      1.500    152.464 143.500561     3.4744      6.488   127.3213 2.2311e+01    22.4516      2.444      3.544    22.0355   997.8167      0.008 0.0000e+00
      2.493     0.1307      1.496    159.410 150.061906     3.4962      6.484   121.0306 2.2247e+01    22.4504      2.445      3.546    22.0351   997.8304      0.008 0.0000e+00
      2.496     0.1307      1.497    173.145 163.012108     3.6699      6.479   117.0082 2.2239e+01    17.7645      2.447      3.550    22.0392   997.8225      0.008 0.0000e+00
      2.498     0.1302      1.492    181.790 171.166091     3.9790      6.476   114.0487 2.2295e+01     9.0546      2.450      3.553    22.0470   997.8288      0.008 0.0000e+00
      2.500     0.1290      1.479    179.845 169.346452     4.1471      6.472   111.5753 2.2365e+01     4.2814      2.452      3.556    22.0556   997.8282      0.008 0.0000e+00
      2.502     0.1258      1.442    162.846 153.348407     4.1596      6.467   109.4735 2.2444e+01     3.8687      2.453      3.558    22.0631   997.8251      0.008 0.0000e+00
      2.504     0.1213      1.391    147.865 139.249843     4.1298      6.462   107.8221 2.2544e+01     4.0312      2.456      3.561    22.0688   997.8348      0.008 0.0000e+00
      2.506     0.1166      1.336    141.640 133.394001     4.0734      6.460   105.8919 2.2641e+01     4.3449      2.458      3.565    22.0730   997.8332      0.007 0.0000e+00
      2.508     0.1118      1.281    128.412 120.938869     4.0580      6.459   103.4297 2.2710e+01     4.4839      2.459      3.567    22.0761   997.8370      0.007 0.0000e+00
      2.510     0.1086      1.245    114.978 108.289813     4.2211      6.456   101.3679 2.2711e+01     4.4658      2.461      3.569    22.0788   997.8248      0.007 0.0000e+00
      2.512     0.1077      1.235    117.263 110.454039     6.0365      6.450    99.5470 2.2683e+01     4.6502      2.463      3.572    22.0821   997.8173      0.006 0.0000e+00
      2.513     0.1078      1.236    134.508 126.731279     9.3787      6.442    97.6748 2.2664e+01     5.0757      2.464      3.574    22.0844   997.8201      0.005 0.0000e+00
      2.514     0.1083      1.243    165.063 155.572253    11.2004      6.432    96.2842 2.2557e+01     5.3819      2.465      3.576    22.0851   997.8125      0.004 0.0000e+00
      2.515     0.1106      1.269    201.118 189.602258    11.3297      6.423    94.8641 2.2269e+01     5.8944      2.467      3.578    22.0853   997.8050      0.004 0.0000e+00
      2.516     0.1153      1.323    215.153 202.860233    11.0023      6.416    92.8081 2.1824e+01    10.8791      2.467      3.579    22.0875   997.8062      0.004 0.0000e+00
      2.516     0.1213      1.392    209.802 197.829655    10.3720      6.407    90.7843 2.1236e+01    20.0002      2.468      3.579    22.0999   997.8106      0.004 0.0000e+00
      2.516     0.1265      1.452    188.272 177.532354    10.0211      6.397    88.6349 2.0351e+01    24.9717      2.468      3.579    22.1191   997.8141      0.004 0.0000e+00
      2.517     0.1300      1.491    150.524 141.936022     9.9581      6.387    85.0599 1.9217e+01    25.3373      2.469      3.581    22.1327   997.8330      0.004 0.0000e+00
      2.520     0.1317      1.511    143.764 135.559367     9.6371      6.375    80.8569 1.8335e+01    24.5848      2.471      3.585    22.1392   997.8331      0.004 0.0000e+00
      2.522     0.1322      1.516    156.218 147.301728     9.3474      6.367    78.9438 1.8046e+01    23.8693      2.473      3.586    22.1422   997.8275      0.004 0.0000e+00
      2.522 -9.990e-29 -9.990e-29 -9.990e-29 -9.990e-29 -9.990e-29 -9.990e-29 -9.990e-29 1.8352e+01 -9.990e-29      2.473      3.586    22.1429   997.8281 -9.990e-29 0.0000e+00
      2.522 -9.990e-29 -9.990e-29 -9.990e-29 -9.990e-29 -9.990e-29 -9.990e-29 -9.990e-29 1.9259e+01 -9.990e-29      2.473      3.587    22.1418   997.7994 -9.990e-29 0.0000e+00
      2.523 -9.990e-29 -9.990e-29 -9.990e-29 -9.990e-29 -9.990e-29 -9.990e-29 -9.990e-29 2.0578e+01 -9.990e-29      2.473      3.588    22.1410   997.7995 -9.990e-29 0.0000e+00
      2.523 -9.990e-29 -9.990e-29 -9.990e-29 -9.990e-29 -9.990e-29 -9.990e-29 -9.990e-29 2.1288e+01 -9.990e-29      2.475      3.590    22.1410   997.8203 -9.990e-29 0.0000e+00
