Data/DataNotYetUploadedToEDI/Raw_CTD/RawDownloads/091119_fcr50.cnv
* Sea-Bird SBE19plus  Data File:
* FileName = C:\DATA\091119_fcr50_0001.hex
* Software version 2.8.0.119 SB_Terminal.dll
* Temperature SN = 7809
* Conductivity SN = 7809
* System UpLoad Time = Sep 11 2019 09:54:56
* <ApplicationData>
* <Seaterm232>
# nquan = 16
# nvalues = 670                         
# units = specified
# name 0 = depFM: Depth [fresh water, m]
# name 1 = sbeox0Mg/L: Oxygen, SBE 43 [mg/l]
# name 2 = sbeox0PS: Oxygen, SBE 43 [% saturation]
# name 3 = specc: Specific Conductance [uS/cm]
# name 4 = c0uS/cm: Conductivity [uS/cm]
# name 5 = flECO-AFL: Fluorescence, WET Labs ECO-AFL/FL [mg/m^3]
# name 6 = ph: pH
# name 7 = orp: Oxidation Reduction Potential [mV]
# name 8 = par/sat/log: PAR/Logarithmic, Satlantic
# name 9 = turbWETntu0: Turbidity, WET Labs ECO [NTU]
# name 10 = prdM: Pressure, Strain Gauge [db]
# name 11 = prdE: Pressure, Strain Gauge [psi]
# name 12 = tv290C: Temperature [ITS-90, deg C]
# name 13 = density00: Density [density, kg/m^3]
# name 14 = dz/dtM: Descent Rate [m/s]
# name 15 = flag:  0.000e+00
# span 0 =     -0.498,      9.701       
# span 1 =    -0.0183,     8.5187       
# span 2 =     -0.175,    102.352       
# span 3 =      0.982,    412.132       
# span 4 =   0.982684, 312.472629       
# span 5 =    -0.1306,    22.9412       
# span 6 =     -2.331,      7.830       
# span 7 = -1240.7455,   225.4256       
# span 8 = 1.2355e-01, 9.9865e+02       
# span 9 =    -0.5455,    18.8173       
# span 10 =     -0.489,      9.514      
# span 11 =     -0.710,     13.800      
# span 12 =    12.2834,    25.0677      
# span 13 =   997.0358,   999.6180      
# span 14 =     -0.004,      0.256      
# span 15 = 0.0000e+00, 0.0000e+00      
# interval = seconds: 0.25
# start_time = Sep 11 2019 09:39:12 [Instrument's time stamp, header]
# bad_flag = -9.990e-29
*END*
[from data line 362]
      3.120     0.1700      1.860     50.035  44.762281    17.1687      6.328   134.7378 1.1064e+01     4.9616      3.059      4.436    19.9670   998.2475      0.100 0.0000e+00
      3.150     0.1671      1.826     50.055  44.714856    16.7207      6.323   132.4861 1.0673e+01     5.3920      3.090      4.480    19.9132   998.2588      0.105 0.0000e+00
      3.178     0.1653      1.804     49.678  44.308946    15.9268      6.318   130.4708 1.0294e+01     6.2193      3.118      4.521    19.8498   998.2721      0.108 0.0000e+00
      3.203     0.1645      1.793     49.248  43.854711    15.4946      6.314   128.8697 9.9331e+00     6.7061      3.141      4.556    19.7891   998.2848      0.108 0.0000e+00
      3.228     0.1643      1.788     49.188  43.730931    15.3967      6.312   127.1527 9.5379e+00     6.7881      3.164      4.589    19.7290   998.2972      0.107 0.0000e+00
      3.256     0.1637      1.778     49.240  43.701207    14.7002      6.311   125.1974 9.0740e+00     7.0469      3.192      4.629    19.6624   998.3109      0.107 0.0000e+00
      3.286     0.1632      1.770     49.243  43.622215    13.4276      6.309   123.6403 8.6187e+00     7.5406      3.223      4.675    19.5909   998.3254      0.107 0.0000e+00
      3.314     0.1632      1.767     49.530  43.791667    12.7367      6.306   122.5225 8.2370e+00     7.8423      3.252      4.716    19.5200   998.3395      0.107 0.0000e+00
      3.339     0.1620      1.751     50.195  44.289512    12.6680      6.303   121.4913 7.8709e+00     7.9093      3.274      4.748    19.4510   998.3535      0.107 0.0000e+00
      3.365     0.1593      1.718     50.760  44.688723    12.5361      6.298   119.7754 7.4545e+00     7.9570      3.299      4.784    19.3728   998.3694      0.104 0.0000e+00
      3.394     0.1578      1.698     50.944  44.745013    11.1244      6.295   117.1759 7.0180e+00     8.5826      3.329      4.828    19.2876   998.3864      0.097 0.0000e+00
      3.422     0.1579      1.696     51.248  44.906475     8.5342      6.293   115.0125 6.6379e+00     9.8038      3.357      4.869    19.2062   998.4028      0.090 0.0000e+00
      3.447     0.1574      1.687     52.175  45.624806     7.1161      6.293   113.9230 6.3806e+00    10.4982      3.383      4.906    19.1179   998.4206      0.084 0.0000e+00
      3.464     0.1570      1.681     53.789  46.953014     6.9736      6.292   113.1236 6.2250e+00    10.6205      3.400      4.930    19.0181   998.4405      0.079 0.0000e+00
      3.478     0.1575      1.684     55.973  48.772729     6.8203      6.291   111.3695 6.0655e+00    10.8239      3.408      4.943    18.9115   998.4613      0.077 0.0000e+00
      3.493     0.1572      1.677     58.558  50.923752     6.5541      6.287   108.9764 5.8559e+00    11.0899      3.424      4.966    18.8029   998.4825      0.080 0.0000e+00
      3.513     0.1556      1.657     61.393  53.270927     6.4080      6.281   107.5054 5.6234e+00    11.2145      3.445      4.996    18.7138   998.5001      0.087 0.0000e+00
      3.536     0.1543      1.640     64.245  55.617957     6.3900      6.274   106.9196 5.3435e+00    11.2491      3.465      5.026    18.6429   998.5144      0.096 0.0000e+00
      3.564     0.1547      1.640     66.589  57.510693     6.3700      6.268   106.2818 4.9640e+00    11.3114      3.492      5.065    18.5706   998.5291      0.101 0.0000e+00
      3.597     0.1550      1.640     68.034  58.619906     6.3403      6.263   104.5255 4.5643e+00    11.4109      3.527      5.116    18.4844   998.5466      0.101 0.0000e+00
      3.628     0.1533      1.619     69.275  59.561772     6.3251      6.257   101.0857 4.2767e+00    11.4687      3.561      5.165    18.3850   998.5666      0.098 0.0000e+00
      3.653     0.1520      1.602     71.025  60.955361     6.2988      6.248    97.3867 4.1067e+00    11.5194      3.585      5.200    18.2855   998.5864      0.093 0.0000e+00
      3.670     0.1526      1.607     72.590  62.187857     5.9268      6.238    94.9908 3.9572e+00    12.2530      3.599      5.220    18.1836   998.6065      0.085 0.0000e+00
      3.687     0.1528      1.605     73.269  62.643146     5.2352      6.230    92.8529 3.7627e+00    13.6206      3.613      5.240    18.0735   998.6274      0.075 0.0000e+00
      3.709     0.1529      1.604     73.790  62.964633     4.8638      6.223    89.4330 3.5611e+00    14.3883      3.636      5.274    17.9788   998.6453      0.068 0.0000e+00
      3.729     0.1537      1.610     74.790  63.723110     4.8437      6.217    85.6482 3.4340e+00    14.5552      3.661      5.310    17.9090   998.6590      0.067 0.0000e+00
      3.741     0.1529      1.600     76.090  64.758774     4.8190      6.210    83.4002 3.3623e+00    15.3437      3.671      5.324    17.8383   998.6728      0.070 0.0000e+00
      3.751     0.1518      1.587     77.665  66.016099     4.7558      6.204    82.7292 3.2286e+00    16.7115      3.675      5.330    17.7444   998.6899      0.074 0.0000e+00
      3.769     0.1516      1.582     78.942  66.975054     4.7204      6.197    81.4939 3.0203e+00    17.4270      3.693      5.357    17.6507   998.7071      0.076 0.0000e+00
      3.795     0.1512      1.574     79.408  67.199686     4.7294      6.191    79.1327 2.8043e+00    17.5056      3.721      5.397    17.5910   998.7186      0.080 0.0000e+00
      3.822     0.1499      1.557     79.486  67.079122     4.8210      6.183    76.6367 2.6104e+00    17.7933      3.750      5.439    17.5524   998.7259      0.085 0.0000e+00
      3.845     0.1478      1.531     79.499  66.915625     4.9876      6.174    74.2007 2.4684e+00    18.3166      3.773      5.473    17.5085   998.7346      0.091 0.0000e+00
      3.863     0.1465      1.516     79.336  66.621156     5.0795      6.165    71.5347 2.3553e+00    18.5888      3.787      5.493    17.4295   998.7494      0.096 0.0000e+00
      3.883     0.1469      1.516     79.061  66.251959     5.0820      6.156    67.8901 2.2017e+00    18.5935      3.805      5.518    17.3117   998.7704      0.097 0.0000e+00
      3.911     0.1476      1.522     78.914  66.011316     5.0700      6.148    63.8621 2.0028e+00    18.6355      3.834      5.560    17.1870   998.7925      0.096 0.0000e+00
      3.942     0.1484      1.528     78.801  65.809145     4.9601      6.143    61.0337 1.8207e+00    18.7374      3.867      5.609    17.0788   998.8117      0.096 0.0000e+00
      3.971     0.1492      1.533     78.617  65.523675     4.7675      6.138    58.2990 1.6994e+00    18.8093      3.897      5.651    16.9791   998.8291      0.096 0.0000e+00
      3.992     0.1490      1.527     78.556  65.292856     4.6748      6.132    54.7162 1.6148e+00    18.8173      3.917      5.680    16.8891   998.8446      0.096 0.0000e+00
      4.010     0.1487      1.520     78.833  65.306441     4.6805      6.126    52.0432 1.5202e+00    18.6690      3.930      5.700    16.8176   998.8569      0.097 0.0000e+00
      4.030     0.1504      1.533     79.275  65.433403     4.7413      6.119    49.6415 1.4007e+00    16.9832      3.949      5.729    16.7583   998.8672      0.101 0.0000e+00
      4.057     0.1534      1.558     79.591  65.429237     4.8467      6.112    44.9498 1.2703e+00    13.9040      3.978      5.769    16.6824   998.8803      0.107 0.0000e+00
      4.089     0.1551      1.569     79.876  65.382876     4.8971      6.107    38.3366 1.1310e+00    12.2445      4.009      5.815    16.5619   998.9007      0.114 0.0000e+00
      4.122     0.1550      1.563     80.286  65.444587     4.8994      6.102    32.4037 9.9411e-01    12.0586      4.043      5.864    16.4205   998.9248      0.119 0.0000e+00
      4.155     0.1551      1.558     80.642  65.475839     4.9439      6.098    28.7113 8.8470e-01    11.1979      4.075      5.911    16.2738   998.9495      0.118 0.0000e+00
      4.185     0.1567      1.568     80.836  65.379043     5.0277      6.097    26.4728 7.8090e-01     9.5728      4.103      5.951    16.1036   998.9777      0.112 0.0000e+00
      4.216     0.1579      1.576     80.957  65.227400     5.0805      6.096    24.3536 6.7770e-01     8.6647      4.134      5.996    15.9210   999.0076      0.102 0.0000e+00
      4.243     0.1578      1.571     80.850  64.913326     5.0797      6.095    22.1886 6.0611e-01     8.4762      4.165      6.041    15.7505   999.0353      0.092 0.0000e+00
      4.263     0.1575      1.564     80.500  64.441674     4.9480      6.095    20.2568 5.5964e-01     7.5887      4.183      6.068    15.5912   999.0609      0.082 0.0000e+00
      4.278     0.1583      1.568     80.122  63.973841     4.7104      6.095    18.9785 5.2179e-01     6.0612      4.195      6.084    15.4363   999.0852      0.075 0.0000e+00
      4.293     0.1603      1.584     79.357  63.197401     4.5834      6.094    17.9177 4.9162e-01     5.2461      4.209      6.104    15.2777   999.1099      0.072 0.0000e+00
      4.309     0.1615      1.592     78.141  62.044967     4.5649      6.092    15.6056 4.4982e-01     5.2051      4.225      6.128    15.1300   999.1326      0.072 0.0000e+00
      4.328     0.1620      1.592     77.283  61.161943     4.5132      6.092    12.7043 3.9005e-01     5.4344      4.243      6.153    15.0154   999.1498      0.074 0.0000e+00
      4.349     0.1635      1.602     76.983  60.719086     4.4252      6.091    10.8876 3.4085e-01     5.8235      4.264      6.185    14.9201   999.1642      0.078 0.0000e+00
      4.372     0.1657      1.619     76.878  60.439690     4.3770      6.090     9.6428 3.1684e-01     6.0425      4.290      6.221    14.8191   999.1792      0.083 0.0000e+00
      4.392     0.1676      1.633     76.814  60.198462     4.3635      6.089     8.4939 3.0829e-01     6.0172      4.308      6.248    14.7006   999.1962      0.088 0.0000e+00
      4.411     0.1674      1.627     75.953  59.327382     4.2192      6.088     7.6659 2.7526e-01     5.3212      4.323      6.271    14.5676   999.2154      0.093 0.0000e+00
      4.435     0.1659      1.607     72.948  56.770130     3.9506      6.086     6.7732 2.2122e-01     4.0509      4.346      6.304    14.4299   999.2355      0.097 0.0000e+00
      4.463     0.1663      1.604     68.849  53.359771     3.8031      6.086     5.8736 1.9159e-01     3.3734      4.377      6.349    14.3031   999.2538      0.102 0.0000e+00
      4.492     0.1688      1.623     66.085  51.002968     3.7883      6.087     5.3923 1.7065e-01     3.3236      4.406      6.390    14.1838   999.2708      0.107 0.0000e+00
      4.519     0.1709      1.639     64.452  49.555450     3.7800      6.089     5.1702 1.4591e-01     3.3178      4.431      6.426    14.0558   999.2888      0.109 0.0000e+00
      4.548     0.1726      1.649     62.704  48.053076     3.7290      6.092     4.6508 1.3268e-01     3.2702      4.459      6.467    13.9078   999.3083      0.109 0.0000e+00
      4.577     0.1741      1.660     60.679  46.365879     3.6486      6.095     3.9303 1.2677e-01     3.1746      4.491      6.512    13.7406   999.3294      0.106 0.0000e+00
      4.605     0.1747      1.662     58.424  44.524424     3.6052      6.100     3.4286 1.2396e-01     3.0795      4.517      6.550    13.5769   999.3508      0.103 0.0000e+00
      4.630     0.1748      1.660     56.315  42.806614     3.5605      6.105     3.2303 1.2366e-01     2.9725      4.540      6.585    13.4308   999.3700      0.100 0.0000e+00
      4.654     0.1749      1.657     55.029  41.724173     3.1594      6.109     3.4255 1.2364e-01     2.6999      4.565      6.621    13.3064   999.3857      0.095 0.0000e+00
      4.678     0.1742      1.647     54.567  41.278138     2.4402      6.114     3.5513 1.2368e-01     2.2735      4.587      6.654    13.1975   999.3993      0.090 0.0000e+00
      4.701     0.1726      1.629     54.433  41.095995     2.0527      6.120     3.3743 1.2371e-01     2.0122      4.610      6.686    13.0973   999.4114      0.085 0.0000e+00
      4.722     0.1716      1.618     54.367  40.982058     2.0034      6.125     3.5235 1.2370e-01     1.9665      4.632      6.719    13.0008   999.4229      0.083 0.0000e+00
      4.741     0.1720      1.619     54.345  40.916274     1.8870      6.130     4.1504 1.2371e-01     1.9174      4.650      6.745    12.9043   999.4347      0.084 0.0000e+00
      4.759     0.1747      1.644     54.340  40.871951     1.7025      6.133     4.8452 1.2373e-01     1.8445      4.665      6.767    12.8158   999.4458      0.087 0.0000e+00
      4.779     0.1822      1.713     54.324  40.827033     1.6102      6.134     5.1282 1.2369e-01     1.8389      4.684      6.794    12.7401   999.4553      0.091 0.0000e+00
      4.804     0.1950      1.833     54.343  40.817553     1.5951      6.137     4.8182 1.2368e-01     1.8822      4.711      6.831    12.6819   999.4626      0.093 0.0000e+00
      4.834     0.2144      2.014     54.370  40.820799     1.5375      6.139     4.7109 1.2368e-01     2.2368      4.741      6.876    12.6395   999.4679      0.095 0.0000e+00
      4.861     0.2404      2.258     54.365  40.802774     1.4421      6.140     5.2930 1.2366e-01     2.9156      4.769      6.917    12.6027   999.4725      0.096 0.0000e+00
      4.884     0.2700      2.535     54.366  40.790058     1.3953      6.140     5.8338 1.2372e-01     3.3053      4.791      6.949    12.5710   999.4764      0.094 0.0000e+00
      4.905     0.3014      2.829     54.386  40.794003     1.3888      6.143     6.5176 1.2378e-01     3.3763      4.808      6.975    12.5498   999.4791      0.089 0.0000e+00
      4.928     0.3349      3.143     54.393  40.786980     1.3286      6.147     8.0543 1.2377e-01     3.8059      4.832      7.008    12.5363   999.4809      0.086 0.0000e+00
      4.950     0.3665      3.438     54.384  40.768610     1.2212      6.149    10.0452 1.2374e-01     4.6325      4.856      7.045    12.5233   999.4825      0.086 0.0000e+00
      4.969     0.3916      3.673     54.385  40.762346     1.1574      6.150    11.9191 1.2370e-01     5.1125      4.874      7.069    12.5109   999.4841      0.087 0.0000e+00
      4.989     0.4115      3.861     54.403  40.774729     1.1460      6.151    13.5035 1.2366e-01     5.1523      4.890      7.093    12.5012   999.4854      0.089 0.0000e+00
      5.014     0.4305      4.039     54.418  40.791352     1.1444      6.153    14.8331 1.2367e-01     5.1473      4.916      7.130    12.4905   999.4868      0.090 0.0000e+00
      5.040     0.4476      4.200     54.384  40.772877     1.1558      6.155    15.9497 1.2372e-01     5.4783      4.944      7.170    12.4783   999.4884      0.093 0.0000e+00
      5.064     0.4594      4.311     54.336  40.741813     1.1891      6.156    17.0238 1.2375e-01     6.1066      4.967      7.203    12.4695   999.4896      0.095 0.0000e+00
      5.087     0.4673      4.385     54.322  40.733212     1.2168      6.157    18.2700 1.2375e-01     6.4513      4.988      7.234    12.4696   999.4896      0.096 0.0000e+00
      5.111     0.4748      4.455     54.325  40.732369     1.2128      6.157    19.6599 1.2369e-01     6.5643      5.012      7.268    12.4766   999.4889      0.094 0.0000e+00
      5.137     0.4822      4.524     54.331  40.731612     1.1149      6.158    21.1809 1.2367e-01     7.3432      5.039      7.308    12.4839   999.4881      0.091 0.0000e+00
      5.162     0.4859      4.558     54.330  40.724051     0.9442      6.159    22.6368 1.2369e-01     8.7567      5.063      7.343    12.4893   999.4876      0.089 0.0000e+00
      5.184     0.4879      4.576     54.314  40.704428     0.8562      6.159    23.6682 1.2364e-01     9.5305      5.084      7.374    12.4904   999.4876      0.089 0.0000e+00
      5.205     0.4912      4.605     54.299  40.684810     0.8495      6.159    24.3596 1.2361e-01     9.6529      5.104      7.405    12.4875   999.4880      0.089 0.0000e+00
