Data/DataNotYetUploadedToEDI/Raw_CTD/RawDownloads/091119_fcr20.cnv
* Sea-Bird SBE19plus  Data File:
* FileName = C:\DATA\091119_fcr50_0_0002.hex
* Software version 2.8.0.119 SB_Terminal.dll
* Temperature SN = 7809
* Conductivity SN = 7809
* System UpLoad Time = Sep 11 2019 16:21:45
* <ApplicationData>
* <Seaterm232>
# nquan = 16
# nvalues = 329                         
# units = specified
# name 0 = depFM: Depth [fresh water, m]
# name 1 = sbeox0Mg/L: Oxygen, SBE 43 [mg/l]
# name 2 = sbeox0PS: Oxygen, SBE 43 [% saturation]
# name 3 = specc: Specific Conductance [uS/cm]
# name 4 = c0uS/cm: Conductivity [uS/cm]
# name 5 = flECO-AFL: Fluorescence, WET Labs ECO-AFL/FL [mg/m^3]
# name 6 = ph: pH
# name 7 = orp: Oxidation Reduction Potential [mV]
# name 8 = par/sat/log: PAR/Logarithmic, Satlantic
# name 9 = turbWETntu0: Turbidity, WET Labs ECO [NTU]
# name 10 = prdM: Pressure, Strain Gauge [db]
# name 11 = prdE: Pressure, Strain Gauge [psi]
# name 12 = tv290C: Temperature [ITS-90, deg C]
# name 13 = density00: Density [density, kg/m^3]
# name 14 = dz/dtM: Descent Rate [m/s]
# name 15 = flag:  0.000e+00
# span 0 =     -0.498,      3.050       
# span 1 =    -0.0643,     9.4848       
# span 2 =     -0.740,    114.133       
# span 3 =      0.993,     56.435       
# span 4 =   0.992524,  52.430869       
# span 5 =    -0.3590,    14.6122       
# span 6 =      6.228,      8.144       
# span 7 =    84.9154,   329.1849       
# span 8 = 1.2864e+01, 1.3235e+03       
# span 9 =    -0.9575,    14.1602       
# span 10 =     -0.488,      2.992      
# span 11 =     -0.708,      4.339      
# span 12 =    21.2178,    25.2224      
# span 13 =   997.0076,   997.9837      
# span 14 =     -0.010,      0.139      
# span 15 = 0.0000e+00, 0.0000e+00      
# interval = seconds: 0.25
# start_time = Sep 11 2019 10:54:46 [Instrument's time stamp, header]
# bad_flag = -9.990e-29
*END*
[from data line 91]
      0.222     7.7470     93.559     38.270  38.183138     2.0128      7.864   106.6412 4.4821e+02     4.4880      0.218      0.316    24.8854   997.0957      0.001 0.0000e+00
      0.220     7.7484     93.574     38.276  38.188438     1.9747      7.860   106.8626 4.2846e+02     4.4572      0.216      0.314    24.8836   997.0961     -0.000 0.0000e+00
      0.219     7.7441     93.518     38.279  38.189383     1.9544      7.855   107.2886 3.9688e+02     4.4526      0.214      0.310    24.8823   997.0964     -0.002 0.0000e+00
      0.220     7.7331     93.383     38.285  38.194567     1.9498      7.851   107.1452 3.8983e+02     4.4646      0.215      0.311    24.8810   997.0968     -0.005 0.0000e+00
      0.220     7.7172     93.190     38.280  38.187636     1.9286      7.847   106.5920 4.0183e+02     4.4388      0.217      0.315    24.8802   997.0970     -0.008 0.0000e+00
      0.220     7.6994     92.972     38.262  38.169047     1.9062      7.844   106.5356 3.9833e+02     4.3698      0.217      0.315    24.8791   997.0973     -0.010 0.0000e+00
      0.216     7.6790     92.723     38.255  38.160238     1.9041      7.842   106.7225 3.8896e+02     4.2872      0.213      0.309    24.8773   997.0977     -0.010 0.0000e+00
      0.209     7.6535     92.411     38.240  38.144608     1.8944      7.839   106.9588 4.0440e+02     4.2585      0.205      0.298    24.8754   997.0982     -0.009 0.0000e+00
      0.203     7.6201     92.004     38.204  38.107024     1.8064      7.832   107.4992 4.3595e+02     4.3180      0.197      0.286    24.8741   997.0985     -0.008 0.0000e+00
      0.202     7.5798     91.515     38.185  38.086664     1.6637      7.818   108.1803 4.3895e+02     4.4161      0.196      0.285    24.8730   997.0987     -0.007 0.0000e+00
      0.205     7.5421     91.055     38.189  38.088867     1.5916      7.803   108.6556 3.9600e+02     4.4612      0.202      0.294    24.8712   997.0992     -0.004 0.0000e+00
      0.207     7.5182     90.763     38.172  38.070177     1.5928      7.792   108.5992 3.5589e+02     4.4380      0.205      0.298    24.8689   997.0998     -0.001 0.0000e+00
      0.205     7.5045     90.593     38.156  38.051114     1.6437      7.782   108.2726 3.5751e+02     4.4296      0.200      0.291    24.8668   997.1002      0.003 0.0000e+00
      0.202     7.4885     90.393     38.157  38.048803     1.7293      7.764   108.0621 3.7805e+02     4.4589      0.197      0.285    24.8654   997.1006      0.005 0.0000e+00
      0.202     7.4598     90.042     38.152  38.042237     1.7700      7.730   107.9473 3.7882e+02     4.4642      0.197      0.286    24.8633   997.1012      0.006 0.0000e+00
      0.207     7.4147     89.493     38.147  38.035193     1.7710      7.691   107.7455 3.8137e+02     4.4281      0.202      0.293    24.8606   997.1019      0.008 0.0000e+00
      0.212     7.3610     88.839     38.141  38.027114     1.7766      7.664   107.5147 4.4402e+02     4.4151      0.209      0.303    24.8573   997.1028      0.010 0.0000e+00
      0.215     7.3101     88.220     38.123  38.008021     1.8373      7.656   107.3931 5.4375e+02     4.5044      0.212      0.308    24.8533   997.1038      0.011 0.0000e+00
      0.218     7.2661     87.685     38.112  37.994774     1.9498      7.659   107.3941 6.4054e+02     4.6237      0.213      0.309    24.8503   997.1045      0.009 0.0000e+00
      0.220     7.2255     87.193     38.113  37.993894     2.0099      7.664   107.6132 6.8782e+02     4.6447      0.216      0.314    24.8474   997.1053      0.005 0.0000e+00
      0.221     7.1859     86.712     38.118  37.997381     2.0098      7.666   107.8054 6.4926e+02     4.6269      0.218      0.316    24.8447   997.1060      0.005 0.0000e+00
      0.221     7.1512     86.289     38.096  37.973452     1.9832      7.661   107.8243 6.1881e+02     4.6711      0.218      0.315    24.8420   997.1067      0.010 0.0000e+00
      0.220     7.1299     86.029     38.019  37.895004     1.9309      7.645   107.8421 6.2887e+02     4.7526      0.216      0.311    24.8393   997.1074      0.018 0.0000e+00
      0.221     7.1258     85.974     37.936  37.810579     1.8977      7.627   107.8488 6.4224e+02     4.7930      0.214      0.310    24.8371   997.1080      0.025 0.0000e+00
      0.229     7.1313     86.035     37.906  37.777874     1.8934      7.616   107.9051 6.1631e+02     4.7660      0.219      0.319    24.8353   997.1083      0.028 0.0000e+00
      0.247     7.1373     86.100     37.948  37.816938     1.8618      7.613   108.0922 5.8148e+02     4.7218      0.242      0.351    24.8335   997.1089      0.028 0.0000e+00
      0.263     7.1484     86.227     38.038  37.902043     1.8018      7.613   108.3905 6.3941e+02     4.7166      0.263      0.382    24.8312   997.1096      0.025 0.0000e+00
      0.269     7.2021     86.857     38.126  37.981664     1.7747      7.614   108.6723 7.1490e+02     4.7363      0.265      0.385    24.8283   997.1103      0.020 0.0000e+00
      0.266     7.3665     88.806     38.178  38.017913     1.7687      7.613   108.8329 7.0548e+02     4.7305      0.260      0.378    24.8247   997.1112      0.011 0.0000e+00
      0.261     7.6695     92.414     38.203  38.022914     1.7470      7.611   108.8698 6.3248e+02     4.6459      0.254      0.369    24.8201   997.1123      0.003 0.0000e+00
      0.261     8.0629     97.116     38.238  38.042102     1.7203      7.610   108.8597 5.9670e+02     4.5329      0.254      0.368    24.8172   997.1131     -0.001 0.0000e+00
      0.263     8.4725    102.023     38.268  38.059453     1.7056      7.607   108.9685 6.7603e+02     4.4794      0.260      0.377    24.8097   997.1151      0.000 0.0000e+00
      0.263     8.8358    106.378     38.258  38.042260     1.7081      7.603   109.1526 7.7168e+02     4.4578      0.259      0.376    24.7868   997.1210      0.003 0.0000e+00
      0.262     9.1259    109.855     38.246  38.024638     1.7250      7.598   109.2798 7.6703e+02     4.4350      0.255      0.371    24.7570   997.1284      0.006 0.0000e+00
      0.264     9.3365    112.374     38.264  38.036813     1.7535      7.591   109.3883 7.2583e+02     4.4327      0.258      0.374    24.7343   997.1343      0.008 0.0000e+00
      0.268     9.4558    113.795     38.295  38.062507     1.7760      7.582   109.5169 7.5277e+02     4.4636      0.264      0.381    24.7208   997.1378      0.009 0.0000e+00
      0.272     9.4848    114.133     38.318  38.081378     1.7804      7.571   109.5445 8.2013e+02     4.4806      0.267      0.387    24.7122   997.1399      0.009 0.0000e+00
      0.274     9.4497    113.703     38.314  38.074557     1.7800      7.556   109.4637 8.0760e+02     4.4745      0.269      0.390    24.7046   997.1418      0.009 0.0000e+00
      0.277     9.3847    112.917     38.285  38.043506     1.7965      7.544   109.4869 7.2094e+02     4.5205      0.271      0.394    24.6971   997.1438      0.007 0.0000e+00
      0.279     9.3173    112.101     38.266  38.023330     1.8245      7.535   109.6529 7.0474e+02     4.6436      0.274      0.397    24.6900   997.1456      0.004 0.0000e+00
      0.279     9.2618    111.427     38.266  38.021032     1.8410      7.527   109.8350 7.4301e+02     4.7504      0.275      0.398    24.6841   997.1471      0.001 0.0000e+00
      0.279     9.2163    110.878     38.262  38.015714     1.8480      7.522   110.1407 7.3608e+02     4.7632      0.273      0.396    24.6815   997.1478      0.000 0.0000e+00
      0.278     9.1772    110.404     38.269  38.022510     1.8574      7.517   110.5095 7.2774e+02     4.7322      0.272      0.395    24.6802   997.1481      0.001 0.0000e+00
      0.276     9.1458    110.022     38.289  38.039717     1.8681      7.511   110.4223 7.4036e+02     4.7037      0.271      0.393    24.6763   997.1490      0.002 0.0000e+00
      0.275     9.1209    109.715     38.285  38.033331     1.8826      7.505   107.6242 7.4556e+02     4.6810      0.268      0.390    24.6736   997.1497      0.003 0.0000e+00
      0.277     9.1000    109.454     38.264  38.008775     1.9021      7.499   102.2308 7.4071e+02     4.6880      0.270      0.392    24.6730   997.1499      0.004 0.0000e+00
      0.282     9.0830    109.243     38.254  37.996715     1.9038      7.492    98.7287 7.2819e+02     4.6899      0.278      0.403    24.6717   997.1502      0.009 0.0000e+00
      0.285     9.0696    109.075     38.275  38.014462     1.8943      7.475    97.7173 7.2911e+02     4.6704      0.281      0.407    24.6696   997.1508      0.016 0.0000e+00
      0.284     9.0605    108.956     38.297  38.032919     1.8917      7.446    97.1430 7.0322e+02     4.6494      0.276      0.401    24.6653   997.1519      0.022 0.0000e+00
      0.286     9.0561    108.891     38.298  38.029441     1.8982      7.426    96.6900 6.4967e+02     4.6653      0.277      0.402    24.6601   997.1531      0.023 0.0000e+00
      0.297     9.0527    108.842     38.307  38.035882     1.9131      7.422    96.3697 6.5587e+02     4.7641      0.288      0.418    24.6572   997.1540      0.022 0.0000e+00
      0.314     9.0514    108.827     38.319  38.047318     1.9148      7.420    96.1955 6.8607e+02     4.8606      0.311      0.452    24.6551   997.1546      0.021 0.0000e+00
      0.322     9.0587    108.918     38.311  38.040763     1.9110      7.415    96.0464 6.9722e+02     4.8813      0.321      0.466    24.6500   997.1559      0.021 0.0000e+00
      0.318     9.0742    109.107     38.289  38.020099     1.9105      7.409    95.9437 7.2054e+02     4.8839      0.309      0.449    24.6429   997.1577      0.021 0.0000e+00
      0.315     9.0891    109.281     38.258  37.987899     1.9166      7.402    95.8997 7.1888e+02     4.9574      0.305      0.443    24.6387   997.1587      0.021 0.0000e+00
      0.320     9.0961    109.356     38.243  37.968809     1.9415      7.392    95.9441 6.7694e+02     5.0821      0.314      0.455    24.6390   997.1586      0.026 0.0000e+00
      0.329     9.0938    109.314     38.259  37.979716     1.9602      7.378    96.0511 6.5554e+02     5.1463      0.321      0.466    24.6418   997.1580      0.034 0.0000e+00
      0.340     9.0827    109.167     38.278  37.992806     1.9607      7.363    96.1609 6.6225e+02     5.1761      0.331      0.480    24.6434   997.1577      0.043 0.0000e+00
      0.356     9.0678    108.978     38.289  38.000117     1.9747      7.351    96.3253 6.7055e+02     5.1149      0.349      0.505    24.6420   997.1581      0.049 0.0000e+00
      0.372     9.0535    108.801     38.296  38.004629     2.0075      7.343    96.5762 6.8243e+02     4.9313      0.367      0.532    24.6363   997.1596      0.051 0.0000e+00
      0.385     9.0408    108.645     38.276  37.983879     2.0273      7.341    96.9573 6.8089e+02     4.8235      0.378      0.549    24.6275   997.1619      0.052 0.0000e+00
      0.397     9.0310    108.520     38.235  37.939665     2.0228      7.340    97.3195 6.6512e+02     4.7624      0.388      0.564    24.6206   997.1637      0.052 0.0000e+00
      0.408     9.0237    108.415     38.216  37.914380     2.0145      7.338    97.5997 6.4277e+02     4.7166      0.400      0.581    24.6162   997.1648      0.052 0.0000e+00
      0.420     9.0175    108.318     38.242  37.932051     2.0306      7.331    97.9364 6.1631e+02     4.7944      0.411      0.596    24.6140   997.1653      0.053 0.0000e+00
      0.434     9.0105    108.218     38.279  37.962885     2.0615      7.318    98.2930 6.0266e+02     4.9156      0.425      0.617    24.6130   997.1658      0.053 0.0000e+00
      0.449     9.0017    108.104     38.289  37.969790     2.0759      7.304    98.5556 5.7884e+02     4.9697      0.441      0.639    24.6107   997.1664      0.053 0.0000e+00
      0.464     8.9900    107.960     38.273  37.952062     2.0744      7.292    98.7885 5.3422e+02     4.9568      0.453      0.657    24.6019   997.1686      0.052 0.0000e+00
      0.480     8.9759    107.788     38.261  37.938962     2.1052      7.282    99.1305 5.1047e+02     4.8913      0.471      0.683    24.5879   997.1722      0.048 0.0000e+00
      0.493     8.9636    107.638     38.261  37.938348     2.1710      7.276    99.4204 5.1315e+02     4.8002      0.487      0.705    24.5795   997.1745      0.041 0.0000e+00
      0.501     8.9528    107.504     38.269  37.944638     2.2019      7.275    99.5404 5.0574e+02     4.7399      0.491      0.712    24.5768   997.1751      0.032 0.0000e+00
      0.508     8.9403    107.351     38.278  37.951544     2.2010      7.276    99.7217 4.9095e+02     4.7189      0.498      0.722    24.5747   997.1757      0.023 0.0000e+00
      0.514     8.9264    107.181     38.285  37.958369     2.2563      7.277    99.9780 4.9149e+02     4.7764      0.506      0.734    24.5735   997.1761      0.017 0.0000e+00
      0.515     8.9119    107.006     38.291  37.963676     2.3763      7.278   100.2296 5.0711e+02     4.8782      0.505      0.734    24.5728   997.1762      0.012 0.0000e+00
      0.514     8.9006    106.869     38.280  37.952240     2.4467      7.276   100.6127 5.3813e+02     4.9007      0.503      0.730    24.5708   997.1767      0.011 0.0000e+00
      0.514     8.8973    106.830     38.275  37.947048     2.4481      7.273   100.9104 5.4387e+02     4.9169      0.503      0.729    24.5683   997.1774      0.011 0.0000e+00
      0.518     8.9012    106.877     38.291  37.964374     2.4450      7.271   100.9904 5.1634e+02     4.9111      0.507      0.735    24.5676   997.1776      0.011 0.0000e+00
      0.524     8.9083    106.964     38.298  37.971293     2.4442      7.268   101.2359 5.0766e+02     4.7976      0.513      0.744    24.5671   997.1777      0.013 0.0000e+00
      0.529     8.9163    107.061     38.294  37.967233     2.4471      7.264   101.6407 5.0946e+02     4.7237      0.519      0.753    24.5663   997.1779      0.018 0.0000e+00
      0.532     8.9231    107.143     38.305  37.978761     2.4546      7.254   102.0128 5.0787e+02     4.7383      0.522      0.758    24.5666   997.1779      0.025 0.0000e+00
      0.533     8.9281    107.200     38.311  37.983730     2.4741      7.235   102.3807 5.0445e+02     4.8435      0.521      0.755    24.5674   997.1777      0.033 0.0000e+00
      0.539     8.9335    107.259     38.293  37.963830     2.5001      7.214   102.7328 4.8438e+02     5.0133      0.524      0.761    24.5675   997.1777      0.041 0.0000e+00
      0.553     8.9406    107.336     38.260  37.928579     2.5096      7.199   103.0873 4.5327e+02     5.1196      0.541      0.785    24.5678   997.1777      0.050 0.0000e+00
      0.573     8.9473    107.408     38.210  37.874881     2.5191      7.191   103.3969 4.3947e+02     5.1778      0.563      0.817    24.5684   997.1776      0.057 0.0000e+00
      0.591     8.9523    107.454     38.162  37.822381     2.5362      7.189   103.7230 4.3849e+02     5.1930      0.580      0.843    24.5677   997.1779      0.063 0.0000e+00
      0.607     8.9545    107.457     38.150  37.801603     2.5784      7.189   104.1047 4.3125e+02     5.2055      0.595      0.864    24.5645   997.1787      0.065 0.0000e+00
      0.623     8.9500    107.376     38.174  37.814073     2.6477      7.187   104.3977 4.2337e+02     5.2962      0.611      0.887    24.5596   997.1801      0.062 0.0000e+00
      0.639     8.9340    107.157     38.217  37.846193     2.6812      7.182   104.5987 4.0881e+02     5.4041      0.626      0.908    24.5562   997.1809      0.057 0.0000e+00
      0.654     8.9055    106.797     38.250  37.872559     2.6879      7.178   104.7278 3.9331e+02     5.4611      0.641      0.930    24.5511   997.1823      0.051 0.0000e+00
      0.668     8.8693    106.356     38.259  37.878958     2.6937      7.176   104.8402 3.8756e+02     5.3959      0.656      0.952    24.5384   997.1856      0.044 0.0000e+00
