Data/DataNotYetUploadedToEDI/Raw_CTD/RawDownloads/091119_fcr50.cnv
* Sea-Bird SBE19plus  Data File:
* FileName = C:\DATA\091119_fcr50_0001.hex
* Software version 2.8.0.119 SB_Terminal.dll
* Temperature SN = 7809
* Conductivity SN = 7809
* System UpLoad Time = Sep 11 2019 09:54:56
* <ApplicationData>
* <Seaterm232>
# nquan = 16
# nvalues = 670                         
# units = specified
# name 0 = depFM: Depth [fresh water, m]
# name 1 = sbeox0Mg/L: Oxygen, SBE 43 [mg/l]
# name 2 = sbeox0PS: Oxygen, SBE 43 [% saturation]
# name 3 = specc: Specific Conductance [uS/cm]
# name 4 = c0uS/cm: Conductivity [uS/cm]
# name 5 = flECO-AFL: Fluorescence, WET Labs ECO-AFL/FL [mg/m^3]
# name 6 = ph: pH
# name 7 = orp: Oxidation Reduction Potential [mV]
# name 8 = par/sat/log: PAR/Logarithmic, Satlantic
# name 9 = turbWETntu0: Turbidity, WET Labs ECO [NTU]
# name 10 = prdM: Pressure, Strain Gauge [db]
# name 11 = prdE: Pressure, Strain Gauge [psi]
# name 12 = tv290C: Temperature [ITS-90, deg C]
# name 13 = density00: Density [density, kg/m^3]
# name 14 = dz/dtM: Descent Rate [m/s]
# name 15 = flag:  0.000e+00
# span 0 =     -0.498,      9.701       
# span 1 =    -0.0183,     8.5187       
# span 2 =     -0.175,    102.352       
# span 3 =      0.982,    412.132       
# span 4 =   0.982684, 312.472629       
# span 5 =    -0.1306,    22.9412       
# span 6 =     -2.331,      7.830       
# span 7 = -1240.7455,   225.4256       
# span 8 = 1.2355e-01, 9.9865e+02       
# span 9 =    -0.5455,    18.8173       
# span 10 =     -0.489,      9.514      
# span 11 =     -0.710,     13.800      
# span 12 =    12.2834,    25.0677      
# span 13 =   997.0358,   999.6180      
# span 14 =     -0.004,      0.256      
# span 15 = 0.0000e+00, 0.0000e+00      
# interval = seconds: 0.25
# start_time = Sep 11 2019 09:39:12 [Instrument's time stamp, header]
# bad_flag = -9.990e-29
*END*
     -0.498     7.9017     95.750      1.061   1.062641    -0.1287      0.785 -1240.7455 3.7370e+02    -0.2327     -0.488     -0.708    25.0671   997.0360 1.2819e-31 0.0000e+00
     -0.498     7.9031     95.764      1.050   1.051018    -0.1112      0.135 -1240.7455 5.9325e+02    -0.2513     -0.488     -0.708    25.0676   997.0359 1.4101e-30 0.0000e+00
     -0.498     7.9033     95.761      1.061   1.062528    -0.1023     -0.052 -1240.7455 5.8249e+02    -0.2483     -0.488     -0.708    25.0677   997.0358 1.5512e-29 0.0000e+00
     -0.498     7.9028     95.747      1.074   1.075095    -0.1082     -0.575 -1240.7455 3.6532e+02    -0.2284     -0.488     -0.708    25.0674   997.0359 1.7063e-28 0.0000e+00
     -0.498     7.9039     95.753      1.075   1.076236    -0.1138     -1.516 -1240.7455 2.5262e+02    -0.2078     -0.489     -0.709    25.0673   997.0359 1.8769e-27 0.0000e+00
     -0.498     7.9059     95.772      1.075   1.076330    -0.1176     -2.151 -1240.7455 3.3028e+02    -0.2286     -0.488     -0.708    25.0665   997.0362 2.0646e-26 0.0000e+00
     -0.498     7.9065     95.777      1.075   1.076236    -0.1194     -2.315 -1240.7455 4.9072e+02    -0.2829     -0.488     -0.708    25.0634   997.0370 2.2711e-25 0.0000e+00
     -0.498     7.9068     95.780      1.074   1.075094    -0.1102     -2.330 -1240.7455 4.8915e+02    -0.3069     -0.488     -0.708    25.0583   997.0383 2.4982e-24 0.0000e+00
     -0.498     7.9067     95.778      1.061   1.062525    -0.1014     -2.331 -1240.7455 3.1911e+02    -0.2907     -0.489     -0.709    25.0536   997.0395 2.7480e-23 0.0000e+00
     -0.498     7.9060     95.768      1.050   1.050986    -0.1074     -2.331 -1240.7455 2.2175e+02    -0.2836     -0.488     -0.708    25.0505   997.0402 3.0228e-22 0.0000e+00
     -0.498     7.9064     95.772      1.061   1.062298    -0.1137     -2.331 -1240.7455 2.2442e+02    -0.2857     -0.488     -0.708    25.0498   997.0405 3.3250e-21 0.0000e+00
     -0.498     7.9070     95.779      1.071   1.072570    -0.1087     -2.331 -1240.7455 3.2185e+02    -0.1857     -0.488     -0.708    25.0498   997.0404 3.6576e-20 0.0000e+00
     -0.498     7.9067     95.778      1.048   1.048464    -0.1079     -2.331 -1240.7455 4.8054e+02    -0.0569     -0.488     -0.708    25.0492   997.0405 4.0233e-19 0.0000e+00
     -0.498     7.9065     95.778      1.023   1.024271    -0.1204     -2.331 -1240.7455 5.0160e+02    -0.0397     -0.488     -0.707    25.0483   997.0408 4.4256e-18 0.0000e+00
     -0.498     7.9058     95.772      1.032   1.033496    -0.1306     -2.331 -1240.7455 3.7629e+02    -0.0432     -0.489     -0.708    25.0478   997.0410 4.8682e-17 0.0000e+00
     -0.498     7.9047     95.761      1.032   1.033287    -0.1270     -2.331 -1240.7455 2.6925e+02     0.0324     -0.488     -0.709    25.0483   997.0409 5.3550e-16 0.0000e+00
     -0.498     7.9042     95.759      1.020   1.021748    -0.1202     -2.331 -1240.7455 2.7094e+02     0.1529     -0.488     -0.708    25.0492   997.0406 5.8905e-15 0.0000e+00
     -0.498     7.9046     95.766      1.019   1.020698    -0.1181     -2.331 -1240.7455 3.0853e+02     0.2014     -0.489     -0.709    25.0507   997.0402 6.4796e-14 0.0000e+00
     -0.498     7.9055     95.778      1.019   1.020592    -0.1186     -2.331 -1240.7455 2.8320e+02     0.1600     -0.488     -0.708    25.0520   997.0399 7.1275e-13 0.0000e+00
     -0.498     7.9051     95.775      1.019   1.020471    -0.1184     -2.331 -1240.7455 2.5270e+02     0.1440     -0.488     -0.708    25.0533   997.0395 7.8403e-12 0.0000e+00
     -0.498     7.9037     95.760      1.018   1.019233    -0.1144     -2.331 -1240.7455 2.5166e+02     0.1719     -0.488     -0.707    25.0546   997.0392 8.6243e-11 0.0000e+00
     -0.498     7.9035     95.759      1.004   1.005628    -0.1136     -2.331 -1240.7455 2.5331e+02     0.1703     -0.488     -0.708    25.0558   997.0388 9.4868e-10 0.0000e+00
     -0.498     7.9048     95.772      0.982   0.982684    -0.1177     -2.331 -1240.7455 2.7101e+02     0.1566     -0.488     -0.708    25.0572   997.0385 1.0435e-08 0.0000e+00
     -0.498     7.9064     95.784      0.995   0.995262    -0.1129     -2.331 -1240.7455 3.5982e+02     0.1706     -0.488     -0.708    25.0586   997.0382 1.1479e-07 0.0000e+00
     -0.498     7.9079     95.793      1.030   1.030982    -0.1064     -2.331 -1240.7455 5.0862e+02     0.0111     -0.488     -0.708    25.0601   997.0379 2.4124e-07 0.0000e+00
     -0.498     7.9076     95.783      1.034   1.034420    -0.1093     -2.331 -1240.7455 6.1720e+02    -0.3297     -0.489     -0.709    25.0609   997.0376 5.1785e-07 0.0000e+00
     -0.498     7.9070     95.774      1.036   1.036829    -0.1132     -2.331 -1240.7455 5.6557e+02    -0.5083     -0.488     -0.708    25.0596   997.0379      0.000 0.0000e+00
     -0.498     7.9072     95.776      1.059   1.060105    -0.1182     -2.331 -1240.7455 3.7164e+02    -0.5098     -0.488     -0.708    25.0547   997.0392      0.000 0.0000e+00
     -0.498     7.9070     95.776      1.061   1.062412    -0.1267     -2.331 -1240.7455 2.5314e+02    -0.5129     -0.488     -0.708    25.0482   997.0408      0.001 0.0000e+00
     -0.497     7.9066     95.775      1.063   1.064721    -0.1301     -2.331 -1240.7452 2.5764e+02    -0.5455     -0.488     -0.707    25.0444   997.0418      0.001 0.0000e+00
     -0.497     7.9058     95.768      1.087   1.088026    -0.1236     -2.331 -1240.7427 3.7646e+02    -0.5427     -0.488     -0.707    25.0438   997.0420      0.000 0.0000e+00
     -0.497     7.9057     95.768      1.089   1.090749    -0.1176     -2.331 -1240.7146 4.5626e+02    -0.4789     -0.488     -0.707    25.0444   997.0418 4.1471e-07 0.0000e+00
     -0.497     7.9072     95.790      1.096   1.097639    -0.1180     -2.331 -1240.4060 2.9562e+02    -0.4631     -0.487     -0.706    25.0459   997.0414      0.000 0.0000e+00
     -0.497     7.9084     95.807      1.170   1.171334    -0.1202     -2.326 -1237.0109 1.4842e+02    -0.5157     -0.488     -0.707    25.0480   997.0409      0.000 0.0000e+00
     -0.497     7.9078     95.802      1.599   1.601632    -0.1186     -2.278 -1199.6650 1.5537e+02    -0.5249     -0.488     -0.707    25.0492   997.0406      0.001 0.0000e+00
     -0.497     7.9074     95.798      5.914   5.920171    -0.1155     -1.743  -788.8597 3.3608e+02    -0.4758     -0.487     -0.706    25.0503   997.0403      0.006 0.0000e+00
     -0.497     7.9101     95.799     15.981  15.988533    -0.0999     -0.008   -84.4638 6.7709e+02    -0.0855     -0.488     -0.708    25.0515   997.0398      0.024 0.0000e+00
     -0.497     7.9182     95.801     27.375  27.356676    -0.0691      2.566   225.4256 8.9071e+02     0.6552     -0.486     -0.705    25.0539   997.0395      0.057 0.0000e+00
     -0.495     7.9309     95.814     35.565  35.491004    -0.0468      4.766   204.3005 9.3146e+02     1.0734     -0.489     -0.710    25.0550   997.0389      0.102 0.0000e+00
     -0.476     7.9441     95.837     38.585  38.452212    -0.0382      6.163   196.7411 9.4304e+02     1.1365     -0.484     -0.701    25.0590   997.0384      0.152 0.0000e+00
     -0.423     7.9579     95.887     38.594  38.411311    -0.0252      6.968   189.6061 9.3885e+02     1.5157     -0.421     -0.612    25.0535   997.0432      0.200 0.0000e+00
     -0.347     7.9775     96.025     38.459  38.233801     0.1969      7.403   184.1111 9.2025e+02     5.7238     -0.340     -0.494    24.9904   997.0632      0.237 0.0000e+00
     -0.265     8.0075     96.307     38.406  38.146750     0.6273      7.641   179.0855 9.1881e+02    13.4107     -0.262     -0.380    24.8945   997.0911      0.256 0.0000e+00
     -0.184     8.0479     96.732     38.469  38.183932     0.8693      7.765   176.1644 9.4460e+02    17.5747     -0.179     -0.258    24.8183   997.1114      0.255 0.0000e+00
     -0.113     8.0930     97.230     38.607  38.302459     0.9042      7.814   174.6035 9.6283e+02    17.6612     -0.103     -0.150    24.7536   997.1277      0.235 0.0000e+00
     -0.060     8.1381     97.745     38.691  38.373751     1.0061      7.826   172.6884 9.5796e+02    14.3898     -0.051     -0.074    24.6976   997.1423      0.202 0.0000e+00
     -0.021     8.1806     98.245     38.734  38.411132     1.1811      7.829   170.3022 9.6046e+02     8.3357     -0.023     -0.033    24.6527   997.1537      0.163 0.0000e+00
      0.016     8.2171     98.684     38.759  38.437037     1.2689      7.830   167.3490 9.7664e+02     5.0239      0.017      0.026    24.6197   997.1623      0.125 0.0000e+00
      0.047     8.2447     99.019     38.753  38.433054     1.2700      7.829   165.5464 9.8746e+02     4.7272      0.055      0.080    24.5968   997.1683      0.091 0.0000e+00
      0.064     8.2621     99.230     38.746  38.426453     1.2725      7.821   165.2847 9.9371e+02     4.7155      0.064      0.092    24.5800   997.1727      0.064 0.0000e+00
      0.071     8.2688     99.310     38.741  38.420704     1.2830      7.808   165.2169 9.9865e+02     4.6853      0.071      0.103    24.5752   997.1738      0.042 0.0000e+00
      0.075     8.2674     99.294     38.747  38.427014     1.2839      7.794   164.9848 9.9711e+02     4.6575      0.075      0.110    24.5783   997.1731      0.023 0.0000e+00
      0.076     8.2621     99.233     38.759  38.439274     1.2752      7.781   164.4572 9.9288e+02     4.6743      0.073      0.106    24.5810   997.1724      0.011 0.0000e+00
      0.077     8.2546     99.145     38.760  38.441986     1.2723      7.767   163.7419 9.8835e+02     4.6923      0.074      0.109    24.5815   997.1723      0.005 0.0000e+00
      0.077     8.2454     99.036     38.777  38.459805     1.2744      7.754   163.2196 9.8149e+02     4.7104      0.075      0.109    24.5805   997.1725      0.002 0.0000e+00
      0.076     8.2362     98.927     38.781  38.464289     1.2750      7.743   162.9601 9.7443e+02     4.7298      0.074      0.108    24.5810   997.1724      0.001 0.0000e+00
      0.076     8.2295     98.847     38.749  38.432723     1.2706      7.732   162.8422 9.6477e+02     4.6976      0.075      0.109    24.5823   997.1721      0.001 0.0000e+00
      0.077     8.2236     98.777     38.711  38.395532     1.2655      7.721   162.8269 9.3010e+02     4.6156      0.075      0.109    24.5837   997.1717      0.000 0.0000e+00
      0.077     8.2177     98.705     38.647  38.332006     1.2654      7.710   162.7749 8.0489e+02     4.5255      0.075      0.109    24.5850   997.1714 2.0524e-08 0.0000e+00
      0.077     8.2115     98.625     38.553  38.235934     1.2688      7.700   162.3849 5.8296e+02     4.4597      0.075      0.109    24.5852   997.1713 2.2576e-07 0.0000e+00
      0.077     8.2049     98.540     38.506  38.186091     1.2721      7.691   161.8967 4.3502e+02     4.4432      0.075      0.109    24.5861   997.1711 5.9831e-07 0.0000e+00
      0.076     8.2002     98.481     38.558  38.237179     1.2702      7.684   161.8629 5.0963e+02     4.4562      0.075      0.109    24.5873   997.1708      0.000 0.0000e+00
      0.076     8.1945     98.419     38.664  38.345815     1.2632      7.678   162.0622 7.2158e+02     4.4868      0.075      0.109    24.5871   997.1708      0.000 0.0000e+00
      0.077     8.1813     98.270     38.735  38.420488     1.2657      7.675   162.0693 8.8912e+02     4.4851      0.075      0.109    24.5838   997.1717      0.001 0.0000e+00
      0.077     8.1503     97.909     38.753  38.441789     1.2747      7.671   161.9489 9.5103e+02     4.4360      0.075      0.109    24.5778   997.1731      0.001 0.0000e+00
      0.078     8.0897     97.190     38.784  38.476418     1.2761      7.666   161.9831 9.6178e+02     4.4166      0.076      0.110    24.5761   997.1735      0.001 0.0000e+00
      0.078     7.9901     96.002     38.825  38.521800     1.2740      7.661   161.7938 9.6492e+02     4.3824      0.076      0.110    24.5816   997.1723      0.001 0.0000e+00
      0.078     7.8517     94.350     38.845  38.546160     1.2664      7.655   161.1233 9.6677e+02     4.3172      0.077      0.111    24.5881   997.1706      0.001 0.0000e+00
      0.078     7.6836     92.341     38.875  38.580522     1.2538      7.650   160.5872 9.6860e+02     4.2833      0.077      0.111    24.5929   997.1693      0.001 0.0000e+00
      0.078     7.4981     90.121     38.910  38.619886     1.2516      7.645   160.3017 9.7054e+02     4.2679      0.077      0.111    24.5976   997.1682      0.001 0.0000e+00
      0.079     7.3069     87.830     38.927  38.641240     1.2482      7.641   159.8229 9.7116e+02     4.3280      0.077      0.112    24.6030   997.1669      0.001 0.0000e+00
      0.079     7.1211     85.605     38.931  38.648275     1.2305      7.636   159.1855 9.7096e+02     4.4527      0.078      0.112    24.6095   997.1652      0.000 0.0000e+00
      0.079     6.9553     83.620     38.920  38.641478     1.2203      7.628   158.9621 9.7099e+02     4.4976      0.078      0.112    24.6160   997.1637 -3.913e-07 0.0000e+00
      0.079     6.8223     82.028     38.897  38.622540     1.2201      7.619   159.3587 9.7008e+02     4.4774      0.077      0.112    24.6218   997.1622      0.000 0.0000e+00
      0.079     6.7343     80.976     38.882  38.609741     1.2275      7.612   159.7652 9.6843e+02     4.5038      0.077      0.112    24.6266   997.1609      0.000 0.0000e+00
      0.079     6.7020     80.591     38.884  38.613686     1.2488      7.603   159.2307 9.6760e+02     4.5876      0.077      0.112    24.6306   997.1599     -0.001 0.0000e+00
      0.079     6.7250     80.866     38.877  38.606765     1.2693      7.593   158.1453 9.6717e+02     4.6716      0.077      0.112    24.6356   997.1588     -0.001 0.0000e+00
      0.079     6.7931     81.682     38.861  38.589538     1.2767      7.582   157.8268 9.6657e+02     4.7323      0.077      0.112    24.6412   997.1573     -0.001 0.0000e+00
      0.078     6.8852     82.788     38.868  38.595828     1.2688      7.575   158.3045 9.6561e+02     4.7967      0.077      0.112    24.6456   997.1561     -0.001 0.0000e+00
      0.077     6.9755     83.871     38.893  38.619334     1.2607      7.570   159.0167 9.6539e+02     4.8603      0.075      0.110    24.6470   997.1558     -0.001 0.0000e+00
      0.076     7.0449     84.700     38.896  38.619835     1.2656      7.564   159.4692 9.6682e+02     4.9116      0.074      0.108    24.6461   997.1560     -0.001 0.0000e+00
      0.076     7.0811     85.130     38.881  38.601888     1.2761      7.557   159.1290 9.6819e+02     4.9255      0.075      0.109    24.6447   997.1563      0.000 0.0000e+00
      0.077     7.0801     85.112     38.875  38.592768     1.2831      7.548   158.3453 9.6928e+02     4.7985      0.075      0.110    24.6439   997.1565      0.001 0.0000e+00
      0.077     7.0473     84.714     38.857  38.573038     1.2806      7.538   157.9949 9.7103e+02     4.5887      0.076      0.110    24.6420   997.1570      0.001 0.0000e+00
      0.078     6.9887     84.006     38.839  38.553766     1.2722      7.527   157.9903 9.7309e+02     4.4859      0.077      0.111    24.6385   997.1579      0.001 0.0000e+00
      0.078     6.9097     83.055     38.836  38.550178     1.2684      7.517   158.1171 9.7467e+02     4.4739      0.077      0.111    24.6345   997.1589      0.001 0.0000e+00
      0.078     6.8202     81.978     38.816  38.529656     1.2694      7.505   158.4953 9.7494e+02     4.4762      0.077      0.111    24.6308   997.1599      0.000 0.0000e+00
      0.078     6.7270     80.855     38.784  38.496066     1.2667      7.493   158.6059 9.7348e+02     4.4802      0.077      0.111    24.6284   997.1605 1.8626e-08 0.0000e+00
      0.078     6.6360     79.761     38.750  38.461440     1.2620      7.480   158.2496 9.7130e+02     4.4581      0.077      0.111    24.6270   997.1608 2.0489e-07 0.0000e+00
      0.078     6.5565     78.805     38.716  38.428383     1.2644      7.464   157.8877 9.7002e+02     4.4374      0.077      0.111    24.6259   997.1611 2.0489e-07 0.0000e+00
