Data/DataNotYetUploadedToEDI/Raw_CTD/RawDownloads/091119_fcr10.cnv
* Sea-Bird SBE19plus  Data File:
* FileName = C:\DATA\091119_fcr50_0_0001.hex
* Software version 2.8.0.119 SB_Terminal.dll
* Temperature SN = 7809
* Conductivity SN = 7809
* System UpLoad Time = Sep 11 2019 16:21:30
* <ApplicationData>
* <Seaterm232>
# nquan = 16
# nvalues = 318                         
# units = specified
# name 0 = depFM: Depth [fresh water, m]
# name 1 = sbeox0Mg/L: Oxygen, SBE 43 [mg/l]
# name 2 = sbeox0PS: Oxygen, SBE 43 [% saturation]
# name 3 = specc: Specific Conductance [uS/cm]
# name 4 = c0uS/cm: Conductivity [uS/cm]
# name 5 = flECO-AFL: Fluorescence, WET Labs ECO-AFL/FL [mg/m^3]
# name 6 = ph: pH
# name 7 = orp: Oxidation Reduction Potential [mV]
# name 8 = par/sat/log: PAR/Logarithmic, Satlantic
# name 9 = turbWETntu0: Turbidity, WET Labs ECO [NTU]
# name 10 = prdM: Pressure, Strain Gauge [db]
# name 11 = prdE: Pressure, Strain Gauge [psi]
# name 12 = tv290C: Temperature [ITS-90, deg C]
# name 13 = density00: Density [density, kg/m^3]
# name 14 = dz/dtM: Descent Rate [m/s]
# name 15 = flag:  0.000e+00
# span 0 =     -0.500,      2.523       
# span 1 =     0.1070,     9.5318       
# span 2 =      1.232,    114.606       
# span 3 =      0.799,    215.153       
# span 4 =   0.816923, 202.860233       
# span 5 =    -0.1360,    11.3297       
# span 6 =      6.090,      8.080       
# span 7 = -1240.7455,   227.9366       
# span 8 = 1.8046e+01, 1.4605e+03       
# span 9 =    -3.7943,    25.3373       
# span 10 =     -0.490,      2.475      
# span 11 =     -0.711,      3.590      
# span 12 =    22.0351,    26.1410      
# span 13 =   996.7550,   997.8370      
# span 14 =     -0.019,      0.175      
# span 15 = 0.0000e+00, 0.0000e+00      
# interval = seconds: 0.25
# start_time = Sep 11 2019 10:37:00 [Instrument's time stamp, header]
# bad_flag = -9.990e-29
*END*
[from data line 181]
      1.305     7.5454     89.904     39.721  39.052281     2.5072      6.809   152.6447 1.1158e+02     4.9557      1.279      1.855    24.2778   997.2538      0.097 0.0000e+00
      1.331     7.4131     88.242     39.884  39.170024     2.5089      6.803   152.8842 1.0769e+02     4.9210      1.306      1.894    24.2642   997.2573      0.096 0.0000e+00
      1.357     7.2356     86.063     40.004  39.255493     2.5053      6.797   153.1253 1.0407e+02     4.9015      1.332      1.932    24.2501   997.2611      0.092 0.0000e+00
      1.382     6.9986     83.190     39.972  39.196907     2.5068      6.787   153.4083 1.0096e+02     4.9158      1.356      1.967    24.2140   997.2704      0.086 0.0000e+00
      1.404     6.7235     79.876     39.894  39.096424     2.5173      6.775   153.7250 9.8374e+01     4.9299      1.378      1.999    24.1501   997.2864      0.076 0.0000e+00
      1.424     6.4332     76.396     39.870  39.056209     2.5201      6.769   153.9433 9.6164e+01     4.9081      1.398      2.027    24.0948   997.3003      0.066 0.0000e+00
      1.439     6.1482     72.993     39.723  38.901092     2.4970      6.770   153.9837 9.4701e+01     4.8496      1.414      2.050    24.0574   997.3096      0.057 0.0000e+00
      1.450     5.9005     70.035     39.249  38.427004     2.4631      6.776   154.0402 9.3723e+01     4.7794      1.424      2.065    24.0241   997.3178      0.052 0.0000e+00
      1.458     5.7141     67.802     38.718  37.894475     2.4491      6.780   154.2826 9.2495e+01     4.7479      1.429      2.072    23.9911   997.3260      0.052 0.0000e+00
      1.466     5.6084     66.516     38.571  37.730941     2.4489      6.780   154.5919 9.0480e+01     4.7315      1.436      2.083    23.9697   997.3313      0.054 0.0000e+00
      1.480     5.6196     66.601     38.784  37.909673     2.4174      6.780   154.7679 8.7773e+01     4.7116      1.450      2.103    23.9599   997.3338      0.059 0.0000e+00
      1.500     5.7875     68.531     39.068  38.151176     2.3542      6.781   154.8620 8.4867e+01     4.7036      1.470      2.132    23.9485   997.3365      0.063 0.0000e+00
      1.521     6.1099     72.286     39.324  38.365718     2.3255      6.781   155.0412 8.2127e+01     4.7011      1.493      2.165    23.9339   997.3400      0.065 0.0000e+00
      1.541     6.5117     76.983     39.595  38.599304     2.3313      6.780   155.2141 7.9909e+01     4.7133      1.514      2.195    23.9105   997.3457      0.062 0.0000e+00
      1.557     6.8771     81.256     39.844  38.817134     2.3283      6.778   155.3179 7.8139e+01     4.6874      1.528      2.217    23.8704   997.3558      0.056 0.0000e+00
      1.569     7.1257     84.161     40.016  38.968119     2.3246      6.776   155.4360 7.6619e+01     4.5854      1.540      2.233    23.8213   997.3680      0.048 0.0000e+00
      1.579     7.2424     85.529     40.149  39.091761     2.3301      6.776   155.5231 7.5463e+01     4.4955      1.550      2.247    23.7743   997.3795      0.039 0.0000e+00
      1.588     7.2429     85.539     40.227  39.169429     2.3335      6.778   155.5965 7.4603e+01     4.4852      1.557      2.258    23.7337   997.3896      0.033 0.0000e+00
      1.595     7.1509     84.446     40.206  39.145437     2.3394      6.782   155.6350 7.3938e+01     4.4934      1.565      2.269    23.7024   997.3974      0.028 0.0000e+00
      1.601     6.9960     82.596     40.254  39.182543     2.3584      6.785   155.6442 7.3531e+01     4.5288      1.570      2.278    23.6795   997.4030      0.026 0.0000e+00
      1.605     6.8159     80.450     40.517  39.427618     2.3725      6.786   155.7945 7.3183e+01     4.6183      1.574      2.283    23.6725   997.4047      0.028 0.0000e+00
      1.610     6.6529     78.503     40.741  39.632838     2.3802      6.784   156.0760 7.2632e+01     4.6910      1.578      2.289    23.6839   997.4020      0.032 0.0000e+00
      1.617     6.5367     77.104     40.757  39.632429     2.3901      6.781   156.2086 7.1816e+01     4.7517      1.584      2.298    23.6801   997.4029      0.038 0.0000e+00
      1.628     6.4689     76.270     40.758  39.613102     2.3798      6.777   156.2795 7.0618e+01     4.8607      1.594      2.313    23.6602   997.4079      0.046 0.0000e+00
      1.643     6.4162     75.614     40.754  39.589573     2.3511      6.772   156.4167 6.9251e+01     5.0271      1.612      2.337    23.6506   997.4103      0.052 0.0000e+00
      1.658     6.3402     74.708     40.641  39.474866     2.3293      6.765   156.4052 6.7959e+01     5.1244      1.627      2.360    23.6355   997.4142      0.057 0.0000e+00
      1.674     6.2337     73.473     40.520  39.368846     2.3242      6.760   156.3981 6.6572e+01     5.1191      1.641      2.381    23.6147   997.4193      0.059 0.0000e+00
      1.692     6.1069     72.004     40.458  39.323426     2.2984      6.754   156.5022 6.5191e+01     5.0287      1.660      2.407    23.5936   997.4245      0.058 0.0000e+00
      1.708     5.9754     70.482     40.423  39.306604     2.2344      6.749   156.6317 6.4003e+01     4.8507      1.676      2.431    23.5588   997.4330      0.054 0.0000e+00
      1.721     5.8676     69.238     40.390  39.292432     2.1996      6.745   156.7601 6.2987e+01     4.7369      1.689      2.450    23.5480   997.4356      0.049 0.0000e+00
      1.733     5.8092     68.564     40.367  39.279068     2.2074      6.744   156.8499 6.2132e+01     4.7012      1.699      2.466    23.5752   997.4291      0.044 0.0000e+00
      1.743     5.8081     68.550     40.360  39.271995     2.2688      6.744   157.0294 6.1415e+01     4.7472      1.709      2.480    23.5921   997.4251      0.040 0.0000e+00
      1.751     5.8522     69.064     40.363  39.270394     2.3873      6.742   157.2945 6.0789e+01     4.8999      1.717      2.491    23.6108   997.4205      0.038 0.0000e+00
      1.759     5.9191     69.846     40.422  39.323176     2.4516      6.739   157.4744 6.0128e+01     4.9738      1.724      2.501    23.6418   997.4129      0.037 0.0000e+00
      1.768     5.9915     70.685     40.578  39.465809     2.4478      6.737   157.5697 5.9362e+01     4.9533      1.734      2.514    23.6509   997.4107      0.037 0.0000e+00
      1.778     6.0520     71.363     40.802  39.661834     2.4628      6.734   157.6724 5.8528e+01     4.9460      1.743      2.528    23.6479   997.4116      0.038 0.0000e+00
      1.789     6.0762     71.595     41.032  39.852303     2.6771      6.732   157.7703 5.7712e+01     4.9520      1.754      2.544    23.6415   997.4131      0.039 0.0000e+00
      1.799     6.0470     71.179     41.221  39.991188     3.0701      6.731   157.8066 5.7024e+01     4.9596      1.765      2.560    23.6346   997.4149      0.040 0.0000e+00
      1.809     5.9690     70.162     41.301  40.007885     3.2790      6.727   157.9392 5.6390e+01     4.9397      1.774      2.572    23.6321   997.4156      0.042 0.0000e+00
      1.819     5.8645     68.838     41.280  39.927129     3.2863      6.722   158.2550 5.5628e+01     4.9079      1.783      2.586    23.6018   997.4232      0.044 0.0000e+00
      1.830     5.7530     67.475     41.292  39.903445     3.3061      6.717   158.4420 5.4781e+01     4.9358      1.795      2.602    23.5583   997.4338      0.046 0.0000e+00
      1.842     5.6411     66.145     41.380  39.975408     3.3527      6.713   158.4790 5.3895e+01     5.0478      1.806      2.619    23.5157   997.4442      0.048 0.0000e+00
      1.855     5.5311     64.837     41.455  40.035418     3.3734      6.709   158.6161 5.2878e+01     5.1798      1.819      2.638    23.4303   997.4649      0.049 0.0000e+00
      1.869     5.4231     63.527     41.443  39.994171     3.3484      6.705   158.8093 5.1870e+01     5.2540      1.832      2.659    23.3389   997.4869      0.048 0.0000e+00
      1.883     5.3111     62.152     41.347  39.857543     3.2153      6.703   159.0081 5.0992e+01     5.2904      1.847      2.679    23.3006   997.4962      0.047 0.0000e+00
      1.895     5.1726     60.473     41.244  39.716534     2.9950      6.702   159.2125 5.0237e+01     5.3569      1.860      2.697    23.2992   997.4966      0.045 0.0000e+00
      1.905     4.9703     58.064     41.115  39.558847     2.8780      6.702   159.3878 4.9591e+01     5.4033      1.868      2.710    23.2932   997.4981      0.042 0.0000e+00
      1.914     4.6742     54.574     40.855  39.284030     2.8764      6.701   159.5788 4.8940e+01     5.3925      1.877      2.722    23.2521   997.5080      0.040 0.0000e+00
      1.923     4.2832     49.986     40.576  38.996436     2.8804      6.700   159.8014 4.8295e+01     5.3904      1.886      2.736    23.1907   997.5227      0.038 0.0000e+00
      1.933     3.8337     44.723     40.468  38.874695     2.8743      6.698   159.9283 4.7662e+01     5.4101      1.895      2.749    23.1380   997.5352      0.038 0.0000e+00
      1.942     3.3751     39.356     40.503  38.891203     2.8725      6.697   159.9948 4.6982e+01     5.4020      1.904      2.762    23.0976   997.5449      0.038 0.0000e+00
      1.952     2.9498     34.383     40.573  38.942096     2.8752      6.696   160.1760 4.6293e+01     5.3905      1.915      2.776    23.0692   997.5516      0.038 0.0000e+00
      1.963     2.5898     30.178     40.628  38.982181     2.8725      6.694   160.3118 4.5637e+01     5.3038      1.925      2.792    23.0474   997.5567      0.037 0.0000e+00
      1.973     2.3014     26.813     40.648  38.994965     2.8650      6.692   160.3467 4.5031e+01     5.0742      1.934      2.806    23.0257   997.5619      0.037 0.0000e+00
      1.982     2.0805     24.238     40.625  38.969697     2.8631      6.690   160.5111 4.4483e+01     4.9408      1.944      2.819    23.0038   997.5671      0.036 0.0000e+00
      1.990     1.9252     22.428     40.586  38.930591     2.8936      6.688   160.6641 4.3993e+01     4.9695      1.952      2.831    22.9828   997.5721      0.036 0.0000e+00
      1.998     1.8240     21.247     40.562  38.903009     3.1555      6.686   160.6490 4.3541e+01     4.9302      1.959      2.841    22.9668   997.5760      0.036 0.0000e+00
      2.007     1.7614     20.513     40.558  38.890116     3.6101      6.683   160.6715 4.3034e+01     4.7931      1.968      2.854    22.9587   997.5780      0.036 0.0000e+00
      2.017     1.7258     20.093     40.581  38.901649     3.8472      6.680   160.7641 4.2479e+01     4.7205      1.978      2.869    22.9564   997.5786      0.036 0.0000e+00
      2.027     1.7043     19.842     40.599  38.915488     3.8641      6.678   160.8228 4.1948e+01     4.7084      1.988      2.882    22.9577   997.5782      0.036 0.0000e+00
      2.037     1.6885     19.660     40.611  38.930473     3.8747      6.677   160.8657 4.1440e+01     4.7124      1.998      2.897    22.9537   997.5792      0.035 0.0000e+00
      2.046     1.6806     19.570     40.632  38.955866     4.0535      6.675   160.9387 4.1028e+01     4.8342      2.008      2.911    22.9378   997.5830      0.032 0.0000e+00
      2.054     1.6901     19.682     40.640  38.968602     4.3970      6.672   161.0163 4.0704e+01     5.0339      2.014      2.921    22.9213   997.5870      0.029 0.0000e+00
      2.060     1.7268     20.113     40.623  38.957515     4.5941      6.669   161.0296 4.0366e+01     5.1273      2.020      2.929    22.9171   997.5880      0.027 0.0000e+00
      2.067     1.7866     20.811     40.611  38.948778     4.6161      6.667   161.1001 4.0072e+01     5.1443      2.028      2.941    22.9258   997.5861      0.027 0.0000e+00
      2.072     1.8567     21.623     40.663  38.989930     4.5669      6.663   161.2658 3.9887e+01     5.1740      2.033      2.948    22.9340   997.5841      0.031 0.0000e+00
      2.077     1.9281     22.440     40.777  39.074191     4.4684      6.656   161.3122 3.9637e+01     5.1921      2.037      2.953    22.9373   997.5832      0.037 0.0000e+00
      2.085     1.9876     23.115     40.883  39.142290     4.4133      6.647   161.2308 3.9046e+01     5.1990      2.042      2.962    22.9439   997.5818      0.045 0.0000e+00
      2.097     2.0121     23.380     41.023  39.241938     4.4110      6.639   161.1418 3.8056e+01     5.1925      2.053      2.979    22.9534   997.5795      0.053 0.0000e+00
      2.116     1.9807     23.000     41.211  39.390240     4.4583      6.631   161.0108 3.6949e+01     5.2442      2.075      3.010    22.9460   997.5814      0.059 0.0000e+00
      2.136     1.8907     21.940     41.335  39.475283     4.5603      6.626   160.8522 3.6019e+01     5.3657      2.096      3.041    22.9105   997.5899      0.064 0.0000e+00
      2.154     1.7511     20.305     41.471  39.571851     4.6220      6.621   160.7726 3.5207e+01     5.4152      2.113      3.064    22.8638   997.6010      0.067 0.0000e+00
      2.171     1.5676     18.161     41.677  39.732519     4.5972      6.615   160.7363 3.4442e+01     5.3847      2.129      3.087    22.8219   997.6110      0.067 0.0000e+00
      2.186     1.3464     15.584     41.824  39.830797     4.3114      6.609   160.6718 3.3793e+01     5.4225      2.144      3.109    22.7856   997.6197      0.067 0.0000e+00
      2.201     1.1052     12.780     41.913  39.871317     3.7940      6.604   160.6809 3.3086e+01     5.5441      2.157      3.128    22.7459   997.6291      0.066 0.0000e+00
      2.219     0.8651      9.995     41.988  39.904957     3.5089      6.601   160.6744 3.2220e+01     5.6102      2.175      3.155    22.7053   997.6387      0.064 0.0000e+00
      2.239     0.6442      7.438     42.032  39.920067     3.4828      6.599   160.5935 3.1438e+01     5.5660      2.196      3.187    22.6650   997.6482      0.061 0.0000e+00
      2.256     0.4550      5.251     42.057  39.927013     3.4003      6.599   160.6494 3.0893e+01     5.2066      2.214      3.211    22.6127   997.6606      0.056 0.0000e+00
      2.269     0.3072      3.544     42.134  39.988915     3.2308      6.598   160.6611 3.0539e+01     4.6069      2.226      3.229    22.5549   997.6742      0.051 0.0000e+00
      2.279     0.2092      2.413     42.326  40.160640     3.1324      6.596   160.4767 3.0293e+01     4.3129      2.236      3.242    22.5085   997.6850      0.046 0.0000e+00
      2.287     0.1579      1.821     42.741  40.543179     3.1211      6.594   160.3133 3.0021e+01     4.3067      2.243      3.253    22.4772   997.6923      0.041 0.0000e+00
      2.296     0.1395      1.609     43.297  41.058977     3.1286      6.593   160.1480 2.9641e+01     4.3020      2.251      3.265    22.4590   997.6965      0.038 0.0000e+00
      2.306     0.1351      1.558     43.917  41.635662     3.2064      6.592   159.9412 2.9226e+01     4.4205      2.261      3.280    22.4495   997.6988      0.038 0.0000e+00
      2.317     0.1307      1.506     44.907  42.563766     3.3414      6.591   159.7920 2.8827e+01     4.6913      2.272      3.296    22.4384   997.7015      0.039 0.0000e+00
      2.328     0.1260      1.451     46.262  43.836321     3.4175      6.588   159.6345 2.8427e+01     4.8881      2.283      3.311    22.4225   997.7053      0.039 0.0000e+00
      2.338     0.1224      1.410     47.927  45.402709     3.4250      6.585   159.4126 2.8041e+01     4.9642      2.292      3.325    22.4095   997.7086      0.038 0.0000e+00
      2.348     0.1176      1.355     50.322  47.660163     3.4145      6.585   159.2603 2.7687e+01     4.9887      2.302      3.339    22.3978   997.7115      0.036 0.0000e+00
      2.357     0.1117      1.286     53.257  50.428196     3.4024      6.585   159.2553 2.7383e+01     4.9552      2.313      3.354    22.3851   997.7148      0.034 0.0000e+00
      2.365     0.1070      1.232     55.674  52.703812     3.4000      6.584   159.2660 2.7126e+01     4.8867      2.319      3.365    22.3738   997.7178      0.033 0.0000e+00
      2.372     0.1077      1.239     56.749  53.705243     3.3944      6.582   159.2176 2.6824e+01     4.8490      2.325      3.373    22.3603   997.7214      0.033 0.0000e+00
