Data/DataNotYetUploadedToEDI/Raw_CTD/RawDownloads/091119_fcr30.cnv
* Sea-Bird SBE19plus  Data File:
* FileName = C:\DATA\091119_fcr50_0_0003.hex
* Software version 2.8.0.119 SB_Terminal.dll
* Temperature SN = 7809
* Conductivity SN = 7809
* System UpLoad Time = Sep 11 2019 16:22:05
* <ApplicationData>
* <Seaterm232>
# nquan = 16
# nvalues = 622                         
# units = specified
# name 0 = depFM: Depth [fresh water, m]
# name 1 = sbeox0Mg/L: Oxygen, SBE 43 [mg/l]
# name 2 = sbeox0PS: Oxygen, SBE 43 [% saturation]
# name 3 = specc: Specific Conductance [uS/cm]
# name 4 = c0uS/cm: Conductivity [uS/cm]
# name 5 = flECO-AFL: Fluorescence, WET Labs ECO-AFL/FL [mg/m^3]
# name 6 = ph: pH
# name 7 = orp: Oxidation Reduction Potential [mV]
# name 8 = par/sat/log: PAR/Logarithmic, Satlantic
# name 9 = turbWETntu0: Turbidity, WET Labs ECO [NTU]
# name 10 = prdM: Pressure, Strain Gauge [db]
# name 11 = prdE: Pressure, Strain Gauge [psi]
# name 12 = tv290C: Temperature [ITS-90, deg C]
# name 13 = density00: Density [density, kg/m^3]
# name 14 = dz/dtM: Descent Rate [m/s]
# name 15 = flag:  0.000e+00
# span 0 =     -0.494,      5.293       
# span 1 =     0.0743,     9.5514       
# span 2 =      0.695,    114.583       
# span 3 =      2.028,     98.627       
# span 4 =   1.994462,  79.942426       
# span 5 =    -0.1039,    10.4520       
# span 6 =      6.285,      7.761       
# span 7 =   -27.3777,   309.2560       
# span 8 = 1.2352e-01, 1.4359e+03       
# span 9 =    -3.2449,    32.8968       
# span 10 =     -0.485,      5.191      
# span 11 =     -0.704,      7.529      
# span 12 =    12.3439,    25.1440      
# span 13 =   997.0278,   999.5063      
# span 14 =     -0.030,      0.184      
# span 15 = 0.0000e+00, 0.0000e+00      
# interval = seconds: 0.25
# start_time = Sep 11 2019 11:01:03 [Instrument's time stamp, header]
# bad_flag = -9.990e-29
*END*
     -0.494     8.0908     96.420      2.028   1.994462     0.0073      6.285   309.2560 4.5391e+02    -0.0814     -0.484     -0.702    24.1670   997.2633 1.0703e-11 0.0000e+00
     -0.494     8.0913     96.425      2.070   2.036396     0.0185      6.290   306.0595 3.3584e+02    -0.1059     -0.485     -0.703    24.1669   997.2634 1.1773e-10 0.0000e+00
     -0.494     8.0900     96.410      2.096   2.062056     0.0123      6.292   303.9415 3.6296e+02    -0.1305     -0.485     -0.703    24.1670   997.2633 1.2950e-09 0.0000e+00
     -0.494     8.0880     96.386      2.086   2.051256    -0.0244      6.292   301.9730 5.6100e+02    -0.2149     -0.485     -0.703    24.1670   997.2633 1.4245e-08 0.0000e+00
     -0.494     8.0875     96.381      2.067   2.032551    -0.0784      6.294   299.8119 7.5078e+02    -0.4053     -0.485     -0.703    24.1669   997.2633 1.5670e-07 0.0000e+00
     -0.494     8.0881     96.387      2.124   2.089345    -0.1039      6.296   298.0301 8.3530e+02    -0.5323     -0.485     -0.703    24.1674   997.2632      0.000 0.0000e+00
     -0.494     8.0876     96.382      2.268   2.231030    -0.0899      6.297   293.7659 8.4483e+02    -0.5699     -0.485     -0.704    24.1671   997.2633      0.000 0.0000e+00
     -0.494     8.0873     96.381      2.841   2.795204     0.0307      6.301   261.1592 8.2642e+02    -0.7615     -0.485     -0.703    24.1675   997.2632      0.000 0.0000e+00
     -0.494     8.0854     96.389      7.634   7.516713     0.2437      6.331   195.6312 8.2432e+02    -1.0789     -0.485     -0.703    24.1668   997.2634      0.002 0.0000e+00
     -0.494     8.0730     96.390     18.423  18.177429     0.3620      6.464   148.7454 8.6982e+02    -1.1966     -0.485     -0.704    24.1681   997.2629      0.010 0.0000e+00
     -0.494     8.0445     96.379     29.338  29.045251     0.3853      6.733   136.0779 9.3858e+02    -1.2012     -0.485     -0.703    24.1660   997.2638      0.028 0.0000e+00
     -0.493     8.0095     96.357     35.818  35.600896     0.5078      7.051   131.5210 9.8561e+02    -1.7243     -0.485     -0.704    24.1697   997.2624      0.054 0.0000e+00
     -0.487     7.9805     96.338     38.088  37.985698     0.7252      7.317   128.9245 8.8186e+02    -2.7038     -0.485     -0.703    24.1640   997.2645      0.084 0.0000e+00
     -0.462     7.9608     96.331     38.338  38.332615     0.8374      7.496   129.0327 6.1622e+02    -3.2449     -0.461     -0.669    24.2171   997.2552      0.117 0.0000e+00
     -0.417     7.9492     96.345     38.338  38.399087     0.8499      7.603   129.8172 5.1221e+02    -3.1878     -0.409     -0.594    24.4375   997.2039      0.147 0.0000e+00
     -0.367     7.9464     96.400     38.246  38.345161     0.8249      7.670   130.4089 7.5130e+02    -1.8493     -0.359     -0.520    24.6932   997.1417      0.171 0.0000e+00
     -0.316     7.9562     96.534     38.146  38.251954     0.7613      7.713   130.1644 1.0820e+03     0.6165     -0.310     -0.450    24.8776   997.0955      0.184 0.0000e+00
     -0.265     7.9780     96.764     38.070  38.160814     0.7304      7.734   129.1840 1.2513e+03     1.9816     -0.260     -0.377    25.0010   997.0640      0.184 0.0000e+00
     -0.214     8.0058     97.063     37.994  38.068377     0.7457      7.745   128.1052 1.3163e+03     2.1369     -0.209     -0.303    25.0844   997.0429      0.174 0.0000e+00
     -0.167     8.0354     97.401     37.957  38.022952     0.8423      7.753   127.6177 1.3736e+03     2.6906     -0.160     -0.233    25.1417   997.0282      0.161 0.0000e+00
     -0.128     8.0647     97.751     37.929  37.992436     1.0049      7.758   127.6776 1.4143e+03     3.7609     -0.123     -0.178    25.1440   997.0278      0.150 0.0000e+00
     -0.098     8.0937     98.103     37.890  37.953308     1.0919      7.760   127.7104 1.4359e+03     4.3612     -0.095     -0.138    25.1122   997.0360      0.142 0.0000e+00
     -0.072     8.1240     98.475     37.865  37.930720     1.0965      7.761   127.4988 1.4342e+03     4.4427     -0.073     -0.106    25.0875   997.0426      0.138 0.0000e+00
     -0.040     8.1568     98.876     37.843  37.909755     1.0953      7.761   127.0977 1.4104e+03     4.4519     -0.042     -0.061    25.0786   997.0449      0.138 0.0000e+00
     -0.001     8.1907     99.286     37.824  37.890255     1.1123      7.758   126.9050 1.3902e+03     4.4395      0.000      0.001    25.0767   997.0455      0.141 0.0000e+00
      0.039     8.2217     99.658     37.820  37.885363     1.1452      7.752   126.9752 1.3822e+03     4.4564      0.040      0.057    25.0773   997.0456      0.143 0.0000e+00
      0.078     8.2469     99.958     37.851  37.914081     1.1639      7.744   126.9139 1.3013e+03     4.4593      0.075      0.110    25.0803   997.0450      0.139 0.0000e+00
      0.118     8.2694    100.215     37.927  37.983581     1.1647      7.736   126.4216 1.0458e+03     4.4423      0.115      0.167    25.0833   997.0444      0.131 0.0000e+00
      0.154     8.2939    100.459     37.992  38.027434     1.1893      7.726   125.5827 7.7019e+02     4.4477      0.155      0.226    25.0826   997.0447      0.122 0.0000e+00
      0.180     8.3267    100.758     38.005  37.999932     1.2452      7.714   124.8585 6.5809e+02     4.4584      0.179      0.260    25.0797   997.0456      0.115 0.0000e+00
      0.200     8.3580    101.018     38.022  37.968373     1.2765      7.702   124.5488 5.9759e+02     4.4404      0.193      0.279    25.0775   997.0463      0.106 0.0000e+00
      0.223     8.3529    100.846     38.062  37.963168     1.2823      7.693   124.5061 6.2450e+02     4.4266      0.218      0.316    25.0761   997.0468      0.094 0.0000e+00
      0.252     8.2987    100.099     38.074  37.936928     1.3413      7.685   124.0832 8.3010e+02     4.4881      0.247      0.360    25.0517   997.0532      0.081 0.0000e+00
      0.281     8.2077     98.926     38.074  37.904963     1.4433      7.677   119.6078 8.8355e+02     4.5620      0.279      0.406    24.9898   997.0691      0.068 0.0000e+00
      0.300     8.0927     97.482     38.087  37.894015     1.5012      7.668   111.1773 7.2558e+02     4.5339      0.301      0.435    24.9206   997.0869      0.056 0.0000e+00
      0.305     7.9759     96.034     38.079  37.867993     1.5126      7.660   105.8673 6.9852e+02     4.4754      0.300      0.435    24.8607   997.1023      0.046 0.0000e+00
      0.305     7.8803     94.854     38.067  37.844212     1.5029      7.652   104.4477 7.5657e+02     4.5101      0.298      0.432    24.8097   997.1153      0.039 0.0000e+00
      0.309     7.8178     94.084     38.091  37.860369     1.4874      7.644   103.5636 7.1214e+02     4.6258      0.300      0.436    24.7695   997.1255      0.037 0.0000e+00
      0.319     7.7883     93.718     38.109  37.872907     1.4819      7.637   102.9207 6.5840e+02     4.6949      0.309      0.449    24.7373   997.1337      0.038 0.0000e+00
      0.336     7.7721     93.516     38.108  37.868849     1.4802      7.629   102.6112 6.9057e+02     4.6897      0.330      0.479    24.7140   997.1398      0.040 0.0000e+00
      0.353     7.7451     93.186     38.116  37.874775     1.5269      7.622   102.4028 7.1462e+02     4.6284      0.350      0.506    24.6989   997.1436      0.040 0.0000e+00
      0.364     7.6953     92.583     38.125  37.881080     1.6312      7.615   102.1214 7.0299e+02     4.5111      0.358      0.519    24.6898   997.1459      0.036 0.0000e+00
      0.370     7.6202     91.676     38.127  37.881601     1.7012      7.608   101.9615 7.0101e+02     4.4512      0.363      0.527    24.6840   997.1475      0.029 0.0000e+00
      0.373     7.5205     90.474     38.127  37.881081     1.7138      7.603   101.9321 6.6996e+02     4.4287      0.366      0.531    24.6796   997.1486      0.020 0.0000e+00
      0.376     7.4007     89.030     38.122  37.874776     1.7144      7.598   101.9387 6.2775e+02     4.4022      0.368      0.533    24.6766   997.1494      0.014 0.0000e+00
      0.379     7.2787     87.561     38.117  37.868849     1.7520      7.593   102.0409 6.3361e+02     4.4258      0.371      0.539    24.6746   997.1499      0.010 0.0000e+00
      0.382     7.1825     86.404     38.121  37.872897     1.8300      7.588   102.2217 6.3715e+02     4.4522      0.374      0.544    24.6723   997.1505      0.007 0.0000e+00
      0.384     7.1292     85.763     38.107  37.860241     1.8770      7.583   102.4042 5.9118e+02     4.4591      0.376      0.546    24.6706   997.1509      0.006 0.0000e+00
      0.384     7.1213     85.670     38.089  37.842772     1.8875      7.578   102.6118 5.4790e+02     4.4437      0.377      0.547    24.6695   997.1513      0.007 0.0000e+00
      0.383     7.1520     86.040     38.098  37.852122     1.9131      7.572   102.7532 5.3100e+02     4.4300      0.376      0.545    24.6688   997.1514      0.008 0.0000e+00
      0.383     7.2063     86.694     38.092  37.846341     1.9436      7.565   102.7375 5.3512e+02     4.4576      0.374      0.543    24.6689   997.1513      0.009 0.0000e+00
      0.387     7.2722     87.489     38.082  37.836347     1.9520      7.557   102.6800 5.4862e+02     4.4830      0.378      0.548    24.6695   997.1512      0.009 0.0000e+00
      0.394     7.3440     88.354     38.103  37.858242     1.9546      7.549   102.7464 5.5510e+02     4.5075      0.387      0.561    24.6702   997.1510      0.008 0.0000e+00
      0.400     7.4151     89.213     38.100  37.857162     1.9496      7.542   102.9376 5.5096e+02     4.5244      0.394      0.571    24.6708   997.1510      0.005 0.0000e+00
      0.401     7.4756     89.945     38.064  37.823291     1.9342      7.536   103.0993 5.3913e+02     4.4899      0.395      0.572    24.6714   997.1509      0.002 0.0000e+00
      0.397     7.5146     90.417     38.068  37.829576     1.9322      7.530   103.2386 5.2437e+02     4.4510      0.389      0.565    24.6725   997.1505     -0.002 0.0000e+00
      0.393     7.5299     90.607     38.106  37.869671     1.9349      7.524   103.4166 5.0674e+02     4.4478      0.384      0.557    24.6735   997.1502     -0.004 0.0000e+00
      0.391     7.5310     90.626     38.098  37.863751     1.9231      7.518   103.6172 4.9645e+02     4.4834      0.382      0.554    24.6749   997.1498     -0.004 0.0000e+00
      0.391     7.5315     90.637     38.053  37.821467     1.9030      7.513   103.7717 5.1061e+02     4.5216      0.382      0.554    24.6772   997.1492     -0.003 0.0000e+00
      0.392     7.5422     90.776     38.030  37.802760     1.8910      7.507   103.8215 5.4402e+02     4.5162      0.384      0.557    24.6806   997.1484     -0.002 0.0000e+00
      0.392     7.5605     91.010     38.049  37.828007     1.8911      7.502   103.8759 5.5621e+02     4.4840      0.385      0.559    24.6840   997.1475     -0.002 0.0000e+00
      0.391     7.5743     91.190     38.089  37.872832     1.9043      7.498   103.9990 5.4567e+02     4.4599      0.383      0.557    24.6860   997.1471     -0.002 0.0000e+00
      0.390     7.5768     91.230     38.111  37.900410     1.9285      7.494   104.1911 5.2753e+02     4.4535      0.382      0.555    24.6891   997.1462     -0.003 0.0000e+00
      0.389     7.5692     91.144     38.115  37.907547     1.9420      7.490   104.4773 4.7831e+02     4.4397      0.382      0.555    24.6946   997.1448     -0.004 0.0000e+00
      0.388     7.5538     90.962     38.101  37.895657     1.9459      7.485   104.7070 3.9306e+02     4.4241      0.380      0.552    24.7028   997.1428     -0.004 0.0000e+00
      0.387     7.5323     90.706     38.088  37.883602     1.9493      7.479   104.8168 3.1046e+02     4.4288      0.379      0.550    24.7119   997.1405     -0.004 0.0000e+00
      0.386     7.5094     90.432     38.093  37.888750     1.9654      7.474   104.9444 2.6894e+02     4.4969      0.378      0.548    24.7185   997.1389     -0.004 0.0000e+00
      0.386     7.4902     90.199     38.099  37.894415     2.0022      7.469   105.0456 2.6090e+02     4.6241      0.378      0.549    24.7221   997.1379     -0.004 0.0000e+00
      0.385     7.4804     90.078     38.095  37.888630     2.0210      7.464   105.1803 2.6325e+02     4.6896      0.378      0.548    24.7243   997.1373     -0.004 0.0000e+00
      0.383     7.4835     90.113     38.089  37.882282     2.0194      7.459   105.4539 2.6535e+02     4.6656      0.376      0.545    24.7261   997.1368     -0.003 0.0000e+00
      0.382     7.4934     90.231     38.088  37.881137     2.0619      7.454   105.7732 2.6345e+02     4.6618      0.374      0.543    24.7267   997.1367     -0.002 0.0000e+00
      0.381     7.5028     90.344     38.082  37.874789     2.1446      7.449   106.0289 2.5927e+02     4.7092      0.373      0.541    24.7258   997.1369     -0.001 0.0000e+00
      0.381     7.5071     90.396     38.076  37.868999     2.1871      7.443   106.1373 2.5163e+02     4.7463      0.373      0.542    24.7237   997.1374      0.002 0.0000e+00
      0.382     7.5020     90.335     38.082  37.874609     2.1849      7.438   106.2228 2.4023e+02     4.7183      0.375      0.544    24.7221   997.1379      0.004 0.0000e+00
      0.383     7.4869     90.152     38.087  37.879135     2.1883      7.434   106.3747 2.2890e+02     4.5992      0.376      0.545    24.7213   997.1381      0.005 0.0000e+00
      0.386     7.4639     89.873     38.069  37.860248     2.2022      7.430   106.5108 2.1898e+02     4.4864      0.378      0.548    24.7214   997.1381      0.005 0.0000e+00
      0.389     7.4399     89.583     38.047  37.836678     2.2048      7.427   106.5782 2.1003e+02     4.4692      0.381      0.553    24.7217   997.1380      0.004 0.0000e+00
      0.390     7.4187     89.326     38.059  37.848052     2.2022      7.423   106.6737 2.0293e+02     4.4897      0.383      0.556    24.7213   997.1381      0.002 0.0000e+00
      0.390     7.3972     89.065     38.082  37.870820     2.2142      7.418   106.8911 1.9833e+02     4.6024      0.383      0.556    24.7202   997.1384      0.000 0.0000e+00
      0.389     7.3745     88.787     38.072  37.858059     2.2367      7.413   107.1413 1.9592e+02     4.8160      0.382      0.554    24.7190   997.1387     -0.001 0.0000e+00
      0.387     7.3505     88.490     38.037  37.820701     2.2494      7.409   107.3753 1.9511e+02     4.9426      0.380      0.550    24.7183   997.1388     -0.001 0.0000e+00
      0.386     7.3211     88.128     38.021  37.799983     2.2461      7.404   107.5696 1.9514e+02     4.9207      0.378      0.548    24.7179   997.1389     -0.001 0.0000e+00
      0.386     7.2809     87.636     38.023  37.797987     2.2491      7.400   107.6845 1.9526e+02     4.7472      0.378      0.549    24.7168   997.1392      0.000 0.0000e+00
      0.387     7.2292     87.008     38.024  37.796557     2.2596      7.396   107.7316 1.9426e+02     4.5167      0.379      0.550    24.7143   997.1398      0.001 0.0000e+00
      0.388     7.1709     86.301     38.013  37.782692     2.2605      7.392   107.7092 1.9095e+02     4.4281      0.380      0.552    24.7094   997.1410      0.001 0.0000e+00
      0.389     7.1111     85.578     37.988  37.757289     2.2590      7.388   107.7579 1.8541e+02     4.4611      0.381      0.553    24.7031   997.1427      0.000 0.0000e+00
      0.389     7.0547     84.898     37.975  37.743315     2.2590      7.384   107.9754 1.7821e+02     4.4577      0.381      0.553    24.6982   997.1439      0.000 0.0000e+00
      0.388     7.0041     84.287     37.974  37.740682     2.2350      7.380   108.1893 1.7122e+02     4.3872      0.380      0.551    24.6947   997.1448      0.000 0.0000e+00
      0.386     6.9599     83.751     37.960  37.725449     2.1940      7.375   108.3645 1.6655e+02     4.3624      0.379      0.549    24.6920   997.1455      0.001 0.0000e+00
      0.386     6.9239     83.314     37.922  37.686086     2.1879      7.371   108.6310 1.6372e+02     4.4204      0.378      0.548    24.6900   997.1460      0.003 0.0000e+00
