Data/DataNotYetUploadedToEDI/Raw_CTD/RawDownloads/091120_fcr50.cnv
* Sea-Bird SBE19plus  Data File:
* FileName = C:\DATA\091120_fcr50_0002.hex
* Software version 2.8.0.119
* Temperature SN = 7809
* Conductivity SN = 7809
* System UpLoad Time = Sep 11 2020 10:10:06
* <ApplicationData>
* <Seaterm232>
# nquan = 16
# nvalues = 3546                        
# units = specified
# name 0 = depFM: Depth [fresh water, m]
# name 1 = dz/dtM: Descent Rate [m/s]
# name 2 = sbeox0ML/L: Oxygen, SBE 43 [ml/l]
# name 3 = sbeox0PS: Oxygen, SBE 43 [% saturation]
# name 4 = specc: Specific Conductance [uS/cm]
# name 5 = c0uS/cm: Conductivity [uS/cm]
# name 6 = flECO-AFL: Fluorescence, WET Labs ECO-AFL/FL [mg/m^3]
# name 7 = ph: pH
# name 8 = orp: Oxidation Reduction Potential [mV]
# name 9 = par/sat/log: PAR/Logarithmic, Satlantic
# name 10 = turbWETntu0: Turbidity, WET Labs ECO [NTU]
# name 11 = prdM: Pressure, Strain Gauge [db]
# name 12 = prdE: Pressure, Strain Gauge [psi]
# name 13 = tv290C: Temperature [ITS-90, deg C]
# name 14 = density00: Density [density, kg/m^3]
# name 15 = flag:  0.000e+00
# span 0 =     -0.606,      9.623       
# span 1 =     -0.863,      3.857       
# span 2 =     0.0340,     6.8593       
# span 3 =      0.502,    117.391       
# span 4 =      1.719,    263.074       
# span 5 =   1.646125, 195.716238       
# span 6 =    -1.9344,    43.0492       
# span 7 =     14.959,     15.464       
# span 8 =  -248.2802,   869.8972       
# span 9 = 1.2348e-01, 3.6619e+02       
# span 10 =    -2.2930,   358.2938      
# span 11 =     -0.595,      9.438      
# span 12 =     -0.863,     13.689      
# span 13 =    12.1010,    24.5060      
# span 14 =   997.1906,   999.6310      
# span 15 = 0.0000e+00, 0.0000e+00      
# interval = seconds: 0.25
# start_time = Sep 10 2020 20:05:27 [Instrument's time stamp, header]
# bad_flag = -9.990e-29
*END*
[from data line 272]
     -0.604     -0.007     5.5056     91.910     13.504  12.992658    -0.7279     15.028   125.5196 1.0363e+02     5.9318     -0.592     -0.859    23.1035   997.5266 0.0000e+00
     -0.604     -0.001     5.5031     91.920      9.559   9.196572    -0.7264     15.028   126.3767 1.0361e+02     5.9533     -0.592     -0.859    23.1029   997.5265 0.0000e+00
     -0.604     -0.000     5.5041     91.914      9.009   8.665592    -0.7202     15.028   128.0281 1.0366e+02     5.8833     -0.592     -0.859    23.1022   997.5271 0.0000e+00
     -0.604     -0.000     5.5033     91.921      9.139   8.790637    -0.7187     15.028   129.4827 1.0375e+02     5.8401     -0.592     -0.859    23.1017   997.5266 0.0000e+00
     -0.604 -4.871e-07     5.5063     91.933      9.026   8.680491    -0.7184     15.029   130.5426 1.0379e+02     5.8767     -0.593     -0.860    23.1014   997.5239 0.0000e+00
     -0.604 -4.428e-08     5.5075     91.936      9.539   9.171620    -0.7161     15.029   132.5835 1.0376e+02     5.8799     -0.592     -0.859    23.0984   997.5236 0.0000e+00
     -0.604 -4.025e-09     5.5060     91.941     10.443  10.039308    -0.7206     15.029   134.8000 1.0376e+02     5.8453     -0.592     -0.859    23.0930   997.5251 0.0000e+00
     -0.605 -3.660e-10     5.5081     91.950     11.177  10.742987    -0.7248     15.028   136.0048 1.0381e+02     5.8348     -0.593     -0.860    23.0864   997.5268 0.0000e+00
     -0.605 -3.327e-11     5.5099     91.948     13.322  12.799741    -0.7186     15.028   136.3957 1.0386e+02     5.8568     -0.593     -0.860    23.0789   997.5284 0.0000e+00
     -0.605 -3.024e-12     5.5104     91.879     16.484  15.827741    -0.7216     15.029   136.1710 1.0391e+02     5.8710     -0.593     -0.860    23.0701   997.5306 0.0000e+00
     -0.604 -2.749e-13     5.5116     91.655     17.977  17.244559    -0.7330     15.031   136.4706 1.0398e+02     5.8691     -0.592     -0.859    23.0617   997.5331 0.0000e+00
     -0.604 -2.500e-14     5.5135     91.245     18.137  17.379434    -0.7325     15.033   137.0936 1.0402e+02     5.8340     -0.592     -0.859    23.0502   997.5356 0.0000e+00
     -0.604 -2.272e-15     5.5153     90.684     18.232  17.458496    -0.7246     15.033   136.9062 1.0401e+02     5.7903     -0.592     -0.859    23.0405   997.5385 0.0000e+00
     -0.604 -2.066e-16     5.5161     89.989     18.286  17.503083    -0.7236     15.033   137.1297 1.0396e+02     5.8216     -0.593     -0.860    23.0193   997.5451 0.0000e+00
     -0.604 -1.878e-17     5.5095     89.104     17.730  16.967517    -0.7301     15.033   138.7645 1.0390e+02     5.8689     -0.592     -0.859    22.9607   997.5590 0.0000e+00
     -0.604 -1.707e-18     5.4897     87.959     17.109  16.371445    -0.7276     15.034   140.7554 1.0392e+02     5.9156     -0.593     -0.860    22.9011   997.5730 0.0000e+00
     -0.604 -1.552e-19     5.4587     86.549     17.783  17.015862    -0.7124     15.035   142.1864 1.0403e+02     5.9746     -0.593     -0.860    22.8686   997.5807 0.0000e+00
     -0.604 -1.411e-20     5.4200     85.023     18.256  17.468672    -0.6988     15.035   142.4723 1.0407e+02     5.9640     -0.593     -0.860    22.8514   997.5849 0.0000e+00
     -0.604 -1.281e-21     5.3699     83.689     16.205  15.506893    -0.7059     15.034   142.3190 1.0404e+02     5.8898     -0.592     -0.859    22.8427   997.5868 0.0000e+00
     -0.604 -1.153e-22     5.3012     82.776     11.872  11.362179    -0.7316     15.034   142.6564 1.0408e+02     5.8329     -0.592     -0.859    22.8381   997.5872 0.0000e+00
     -0.604 -8.982e-24     5.2151     82.332      7.813   7.478221    -0.7327     15.034   142.3353 1.0410e+02     5.8597     -0.592     -0.859    22.8364   997.5883 0.0000e+00
     -0.604 -1.645e-42     5.1136     82.283      5.277   5.051688    -0.7097     15.035   142.0512 1.0406e+02     5.9050     -0.592     -0.859    22.8371   997.5885 0.0000e+00
     -0.604 -1.809e-41     5.0282     82.425      3.925   3.757398    -0.7107     15.034   143.0065 1.0406e+02     5.9002     -0.592     -0.859    22.8407   997.5871 0.0000e+00
     -0.604 -1.990e-40     4.9729     82.562      3.576   3.423893    -0.7265     15.033   144.0775 1.0410e+02     5.9045     -0.592     -0.859    22.8470   997.5840 0.0000e+00
     -0.604 -2.189e-39     4.9455     82.534      3.580   3.426868    -0.7282     15.033   145.0200 1.0415e+02     5.9566     -0.592     -0.859    22.8537   997.5812 0.0000e+00
     -0.604 -2.408e-38     4.9487     82.204      3.367   3.223172    -0.7318     15.033   145.9701 1.0415e+02     5.9816     -0.592     -0.859    22.8584   997.5797 0.0000e+00
     -0.604 -2.649e-37     4.9601     81.475      2.989   2.861664    -0.7412     15.034   146.6161 1.0412e+02     5.9313     -0.592     -0.859    22.8616   997.5786 0.0000e+00
     -0.604 -2.914e-36     4.9720     80.338      3.249   3.110521    -0.7377     15.034   147.7556 1.0414e+02     5.8986     -0.592     -0.859    22.8639   997.5781 0.0000e+00
     -0.604 -3.206e-35     4.9725     78.867      4.656   4.457974    -0.7170     15.033   149.8527 1.0419e+02     5.9295     -0.593     -0.861    22.8654   997.5778 0.0000e+00
     -0.604 -3.526e-34     4.9552     77.181      6.241   5.975356    -0.7013     15.033   151.9242 1.0430e+02     5.9611     -0.592     -0.860    22.8664   997.5775 0.0000e+00
     -0.604 -3.879e-33     4.9118     75.507      6.595   6.314096    -0.7101     15.032   153.9601 1.0438e+02     5.9370     -0.593     -0.859    22.8669   997.5773 0.0000e+00
     -0.604 -4.267e-32     4.8402     74.046      5.360   5.131982    -0.7177     15.032   156.1431 1.0436e+02     5.9125     -0.592     -0.860    22.8672   997.5772 0.0000e+00
     -0.604 -4.693e-31     4.7516     72.937      3.820   3.657760    -0.7084     15.033   157.8409 1.0437e+02     5.9406     -0.592     -0.859    22.8679   997.5773 0.0000e+00
     -0.604 -5.163e-30     4.6430     72.284      3.065   2.935334    -0.7115     15.034   158.6565 1.0436e+02     6.0019     -0.592     -0.859    22.8684   997.5776 0.0000e+00
     -0.604 -5.679e-29     4.5382     72.012      2.920   2.796136    -0.7275     15.034   159.0354 1.0431e+02     6.0697     -0.592     -0.858    22.8706   997.5773 0.0000e+00
     -0.604 -6.247e-28     4.4481     71.947      3.716   3.558571    -0.7299     15.034   160.2709 1.0430e+02     6.1082     -0.592     -0.859    22.8749   997.5759 0.0000e+00
     -0.604 -6.871e-27     4.3766     71.954      5.678   5.437970    -0.7207     15.034   162.0661 1.0434e+02     6.1241     -0.592     -0.859    22.8779   997.5748 0.0000e+00
     -0.604 -7.558e-26     4.3402     71.914      7.462   7.145579    -0.7123     15.033   163.1021 1.0443e+02     6.1590     -0.592     -0.859    22.8792   997.5745 0.0000e+00
     -0.604 -8.314e-25     4.3282     71.734      8.471   8.111170    -0.7136     15.033   163.2468 1.0446e+02     6.2553     -0.592     -0.859    22.8794   997.5743 0.0000e+00
     -0.604 -9.146e-24     4.3268     71.383      9.732   9.318642    -0.7175     15.034   163.2996 1.0446e+02     6.3609     -0.593     -0.860    22.8784   997.5746 0.0000e+00
     -0.604 -1.006e-22     4.3297     70.848     11.325  10.844828    -0.7121     15.034   163.9981 1.0448e+02     6.4063     -0.592     -0.859    22.8765   997.5755 0.0000e+00
     -0.604 -1.107e-21     4.3304     70.169     13.115  12.558183    -0.7143     15.033   165.4111 1.0447e+02     6.3933     -0.592     -0.859    22.8745   997.5766 0.0000e+00
     -0.604 -1.217e-20     4.3189     69.469     13.891  13.301485    -0.7251     15.033   166.3607 1.0452e+02     6.3406     -0.592     -0.859    22.8729   997.5770 0.0000e+00
     -0.604 -1.339e-19     4.2989     68.869     12.569  12.035137    -0.7195     15.034   166.6172 1.0461e+02     6.3180     -0.592     -0.859    22.8716   997.5777 0.0000e+00
     -0.604 -1.473e-18     4.2664     68.451     10.563  10.114129    -0.7040     15.034   167.2223 1.0466e+02     6.3601     -0.592     -0.859    22.8709   997.5782 0.0000e+00
     -0.604 -1.620e-17     4.2219     68.251      9.227   8.835233    -0.7087     15.034   167.9982 1.0468e+02     6.3689     -0.593     -0.860    22.8704   997.5788 0.0000e+00
     -0.604 -1.782e-16     4.1775     68.264     11.312  10.831150    -0.7193     15.035   164.3831 1.0466e+02     6.3222     -0.593     -0.860    22.8701   997.5796 0.0000e+00
     -0.604 -1.960e-15     4.1395     68.364     15.245  14.597138    -0.7079     15.035   156.3796 1.0463e+02     6.3445     -0.593     -0.860    22.8699   997.5787 0.0000e+00
     -0.604 -2.157e-14     4.1144     68.395     15.609  14.945337    -0.6944     15.035   153.0514 1.0461e+02     6.3972     -0.592     -0.859    22.8697   997.5785 0.0000e+00
     -0.604 -2.372e-13     4.1009     68.309     14.189  13.585410    -0.7003     15.035   155.2884 1.0461e+02     6.3767     -0.592     -0.859    22.8698   997.5776 0.0000e+00
     -0.604 -4.349e-13     4.1052     68.084     12.704  12.163998    -0.7127     15.034   158.3897 1.0464e+02     6.3367     -0.592     -0.859    22.8700   997.5779 0.0000e+00
     -0.604 -2.372e-13     4.1158     67.676     10.434   9.990990    -0.7194     15.034   161.3817 1.0464e+02     6.3260     -0.592     -0.858    22.8701   997.5804 0.0000e+00
     -0.604 -2.157e-14     4.1174     67.132      9.915   9.494405    -0.7147     15.034   163.6735 1.0461e+02     6.3495     -0.592     -0.859    22.8702   997.5797 0.0000e+00
     -0.604 -1.960e-15     4.1124     66.742     10.869  10.407462    -0.7032     15.034   164.6759 1.0461e+02     6.3815     -0.593     -0.860    22.8702   997.5791 0.0000e+00
     -0.604 -1.782e-16     4.1007     66.992     12.830  12.285140    -0.7147     15.033   164.8980 1.0463e+02     6.3692     -0.592     -0.859    22.8707   997.5792 0.0000e+00
     -0.604 -1.620e-17     4.0760     68.224     15.950  15.272886    -0.7288     15.033   165.4985 1.0468e+02     6.3382     -0.593     -0.860    22.8709   997.5776 0.0000e+00
     -0.604 -1.473e-18     4.0374     70.359     16.423  15.725481    -0.7118     15.033   167.1188 1.0469e+02     6.3493     -0.592     -0.859    22.8708   997.5778 0.0000e+00
     -0.604 -1.339e-19     4.0016     73.049     14.110  13.511096    -0.7001     15.033   168.8288 1.0473e+02     6.3659     -0.592     -0.858    22.8714   997.5781 0.0000e+00
     -0.604 -1.217e-20     4.0071     75.903     12.748  12.206968    -0.6926     15.033   166.6433 1.0475e+02     6.3683     -0.592     -0.859    22.8716   997.5780 0.0000e+00
     -0.604 -1.107e-21     4.0847     78.594     13.791  13.205748    -0.6689     15.036   160.5690 1.0464e+02     6.3774     -0.592     -0.859    22.8718   997.5799 0.0000e+00
     -0.604 -1.006e-22     4.2215     80.856     16.063  15.381550    -0.6519     15.037   156.9037 1.0454e+02     6.3739     -0.592     -0.859    22.8722   997.5798 0.0000e+00
     -0.604 -9.145e-24     4.3916     82.436     17.449  16.708525    -0.6396     15.035   157.8604 1.0458e+02     6.3600     -0.592     -0.859    22.8724   997.5785 0.0000e+00
     -0.604 -8.315e-25     4.5709     83.265     18.035  17.269324    -0.6437     15.033   160.0049 1.0463e+02     6.3461     -0.592     -0.859    22.8727   997.5780 0.0000e+00
     -0.604 -7.560e-26     4.7365     83.514     18.575  17.787618    -0.6729     15.033   161.2360 1.0459e+02     6.4125     -0.592     -0.859    22.8729   997.5782 0.0000e+00
     -0.604 -6.870e-27     4.8802     83.375     18.630  17.839838    -0.6967     15.034   159.9261 1.0453e+02     6.5788     -0.592     -0.859    22.8730   997.5792 0.0000e+00
     -0.604 -6.245e-28     4.9769     83.008     18.230  17.456909    -0.7132     15.036   152.5134 1.0453e+02     6.6747     -0.592     -0.859    22.8733   997.5795 0.0000e+00
     -0.604 -5.680e-29     5.0213     82.570     17.911  17.151840    -0.7286     15.039   141.4729 1.0462e+02     6.6103     -0.593     -0.860    22.8735   997.5795 0.0000e+00
     -0.604 -5.160e-30     5.0320     82.135     18.022  17.257844    -0.7205     15.039   134.6736 1.0473e+02     6.4869     -0.592     -0.859    22.8736   997.5797 0.0000e+00
     -0.604 -4.693e-31     5.0213     81.738     17.648  16.899986    -0.7012     15.036   134.6611 1.0479e+02     6.3840     -0.593     -0.860    22.8739   997.5796 0.0000e+00
     -0.604 -4.266e-32     4.9947     81.447     15.643  14.980240    -0.6960     15.034   139.1710 1.0477e+02     6.3275     -0.592     -0.859    22.8742   997.5794 0.0000e+00
     -0.604 -3.879e-33     4.9669     81.243     13.245  12.683746    -0.7054     15.029   153.9257 1.0474e+02     6.3198     -0.592     -0.859    22.8744   997.5792 0.0000e+00
     -0.604 -3.526e-34     4.9417     81.079     11.953  11.446366    -0.7194     15.024   177.4616 1.0481e+02     6.3247     -0.592     -0.859    22.8746   997.5793 0.0000e+00
     -0.604 -3.205e-35     4.9139     80.946     11.471  10.984682    -0.7121     15.023   191.2631 1.0491e+02     6.3523     -0.592     -0.859    22.8747   997.5794 0.0000e+00
     -0.604 -2.914e-36     4.8982     80.839     12.380  11.855023    -0.7037     15.027   192.9451 1.0495e+02     6.3790     -0.593     -0.860    22.8748   997.5785 0.0000e+00
     -0.604 -2.649e-37     4.8874     80.777     13.940  13.348852    -0.7135     15.031   192.5499 1.0500e+02     6.3728     -0.592     -0.859    22.8748   997.5776 0.0000e+00
     -0.604 -2.408e-38     4.8768     80.766     13.322  12.756716    -0.7156     15.032   192.7660 1.0510e+02     6.3807     -0.592     -0.859    22.8749   997.5776 0.0000e+00
     -0.604 -2.189e-39     4.8696     80.773     12.185  11.668219    -0.7099     15.032   193.0617 1.0517e+02     6.4047     -0.592     -0.859    22.8747   997.5773 0.0000e+00
     -0.604 -1.990e-40     4.8627     80.822     12.376  11.850705    -0.7117     15.033   192.9420 1.0525e+02     6.3887     -0.593     -0.860    22.8742   997.5775 0.0000e+00
     -0.604 -1.810e-41     4.8580     80.912     10.728  10.273025    -0.7176     15.033   193.1256 1.0531e+02     6.3251     -0.592     -0.859    22.8739   997.5788 0.0000e+00
     -0.604 -1.645e-42     4.8598     80.989      6.956   6.661155    -0.7142     15.033   194.0771 1.0531e+02     6.3569     -0.592     -0.859    22.8734   997.5782 0.0000e+00
     -0.604 -1.495e-43     4.8587     81.095      4.691   4.491421    -0.7088     15.033   196.1865 1.0532e+02     6.5334     -0.592     -0.859    22.8728   997.5776 0.0000e+00
     -0.604 -1.360e-44     4.8607     81.310      4.442   4.253285    -0.7102     15.034   198.6691 1.0539e+02     6.6394     -0.592     -0.859    22.8722   997.5786 0.0000e+00
     -0.603 -1.236e-45     4.8698     81.691      4.612   4.415527    -0.7117     15.034   200.0040 1.0546e+02     6.6084     -0.592     -0.858    22.8718   997.5782 0.0000e+00
     -0.603 -1.124e-46     4.8719     82.225      4.887   4.679067    -0.7173     15.033   201.0546 1.0552e+02     6.6048     -0.592     -0.858    22.8711   997.5769 0.0000e+00
     -0.604 -1.021e-47     4.8771     82.825      4.793   4.588569    -0.7209     15.032   202.5096 1.0555e+02     6.6640     -0.592     -0.859    22.8699   997.5767 0.0000e+00
     -0.604 -9.292e-49     4.8884     83.401      4.198   4.018173    -0.7171     15.033   203.4002 1.0554e+02     6.6373     -0.592     -0.859    22.8685   997.5772 0.0000e+00
     -0.604 -9.189e-50     4.9118     83.895      5.560   5.321975    -0.7193     15.034   202.9605 1.0552e+02     6.5568     -0.592     -0.859    22.8665   997.5776 0.0000e+00
     -0.604 -8.999e-50     4.9469     84.350     10.141   9.706762    -0.7190     15.033   202.0115 1.0550e+02     6.5493     -0.592     -0.858    22.8643   997.5783 0.0000e+00
     -0.604 -9.062e-49     4.9844     84.830     14.901  14.259072    -0.7140     15.033   203.4556 1.0546e+02     6.5463     -0.592     -0.859    22.8610   997.5791 0.0000e+00
