Data/DataNotYetUploadedToEDI/Raw_CTD/RawDownloads/091119_fcr30.cnv
* Sea-Bird SBE19plus  Data File:
* FileName = C:\DATA\091119_fcr50_0_0003.hex
* Software version 2.8.0.119 SB_Terminal.dll
* Temperature SN = 7809
* Conductivity SN = 7809
* System UpLoad Time = Sep 11 2019 16:22:05
* <ApplicationData>
* <Seaterm232>
# nquan = 16
# nvalues = 622                         
# units = specified
# name 0 = depFM: Depth [fresh water, m]
# name 1 = sbeox0Mg/L: Oxygen, SBE 43 [mg/l]
# name 2 = sbeox0PS: Oxygen, SBE 43 [% saturation]
# name 3 = specc: Specific Conductance [uS/cm]
# name 4 = c0uS/cm: Conductivity [uS/cm]
# name 5 = flECO-AFL: Fluorescence, WET Labs ECO-AFL/FL [mg/m^3]
# name 6 = ph: pH
# name 7 = orp: Oxidation Reduction Potential [mV]
# name 8 = par/sat/log: PAR/Logarithmic, Satlantic
# name 9 = turbWETntu0: Turbidity, WET Labs ECO [NTU]
# name 10 = prdM: Pressure, Strain Gauge [db]
# name 11 = prdE: Pressure, Strain Gauge [psi]
# name 12 = tv290C: Temperature [ITS-90, deg C]
# name 13 = density00: Density [density, kg/m^3]
# name 14 = dz/dtM: Descent Rate [m/s]
# name 15 = flag:  0.000e+00
# span 0 =     -0.494,      5.293       
# span 1 =     0.0743,     9.5514       
# span 2 =      0.695,    114.583       
# span 3 =      2.028,     98.627       
# span 4 =   1.994462,  79.942426       
# span 5 =    -0.1039,    10.4520       
# span 6 =      6.285,      7.761       
# span 7 =   -27.3777,   309.2560       
# span 8 = 1.2352e-01, 1.4359e+03       
# span 9 =    -3.2449,    32.8968       
# span 10 =     -0.485,      5.191      
# span 11 =     -0.704,      7.529      
# span 12 =    12.3439,    25.1440      
# span 13 =   997.0278,   999.5063      
# span 14 =     -0.030,      0.184      
# span 15 = 0.0000e+00, 0.0000e+00      
# interval = seconds: 0.25
# start_time = Sep 11 2019 11:01:03 [Instrument's time stamp, header]
# bad_flag = -9.990e-29
*END*
[from data line 272]
      2.036     4.1028     48.093     39.259  37.915905    10.1777      7.056   139.2854 3.1679e+01     3.3900      1.997      2.896    23.3322   997.4886      0.032 0.0000e+00
      2.042     4.0179     47.091     39.333  37.980439    10.4452      7.054   139.4494 3.1442e+01     3.3390      2.003      2.904    23.3257   997.4902      0.029 0.0000e+00
      2.049     3.9342     46.102     39.415  38.052157    10.4520      7.052   139.5700 3.1186e+01     3.3739      2.010      2.914    23.3097   997.4941      0.027 0.0000e+00
      2.056     3.8569     45.187     39.458  38.084795    10.2330      7.050   139.7115 3.0924e+01     3.3201      2.017      2.925    23.2922   997.4984      0.025 0.0000e+00
      2.063     3.7883     44.372     39.441  38.057661     9.8178      7.047   139.7827 3.0709e+01     3.1801      2.024      2.935    23.2822   997.5008      0.025 0.0000e+00
      2.069     3.7166     43.524     39.431  38.041449     9.5853      7.046   139.7436 3.0545e+01     3.1235      2.030      2.944    23.2754   997.5025      0.025 0.0000e+00
      2.074     3.6271     42.471     39.475  38.079196     9.5546      7.047   139.7550 3.0352e+01     3.1279      2.034      2.950    23.2675   997.5045      0.026 0.0000e+00
      2.080     3.5233     41.250     39.537  38.133191     9.4117      7.049   139.9205 3.0089e+01     3.1020      2.039      2.958    23.2544   997.5076      0.028 0.0000e+00
      2.086     3.4216     40.048     39.605  38.186469     9.1587      7.050   140.0234 2.9776e+01     3.0728      2.045      2.967    23.2392   997.5112      0.031 0.0000e+00
      2.095     3.3294     38.952     39.655  38.215544     9.0267      7.050   140.0530 2.9442e+01     3.0689      2.054      2.979    23.2312   997.5132      0.033 0.0000e+00
      2.106     3.2334     37.813     39.688  38.230789     9.0129      7.049   140.1920 2.9112e+01     3.0877      2.065      2.996    23.2266   997.5143      0.034 0.0000e+00
      2.117     3.1108     36.368     39.715  38.243812     8.9743      7.048   140.3272 2.8825e+01     3.1032      2.077      3.013    23.2217   997.5155      0.034 0.0000e+00
      2.127     2.9553     34.540     39.730  38.246030     8.5867      7.048   140.3977 2.8602e+01     3.0269      2.087      3.026    23.2077   997.5190      0.033 0.0000e+00
      2.134     2.7814     32.499     39.753  38.257600     7.8897      7.047   140.5286 2.8387e+01     2.8868      2.093      3.035    23.1770   997.5263      0.031 0.0000e+00
      2.140     2.6096     30.488     39.759  38.256729     7.5078      7.045   140.7041 2.8179e+01     2.8186      2.099      3.043    23.1554   997.5315      0.029 0.0000e+00
      2.146     2.4553     28.683     39.741  38.235490     7.4202      7.043   140.8846 2.7977e+01     2.8242      2.105      3.052    23.1437   997.5344      0.029 0.0000e+00
      2.153     2.3227     27.130     39.766  38.254707     6.9253      7.041   141.0768 2.7750e+01     2.7908      2.111      3.062    23.1273   997.5383      0.030 0.0000e+00
      2.161     2.2167     25.885     39.822  38.298632     6.0330      7.038   141.3072 2.7512e+01     2.6777      2.119      3.073    23.1105   997.5423      0.031 0.0000e+00
      2.169     2.1422     25.007     39.863  38.322232     5.5357      7.035   141.6058 2.7247e+01     2.6030      2.127      3.084    23.1024   997.5444      0.032 0.0000e+00
      2.178     2.0901     24.388     39.911  38.349602     5.4468      7.032   141.8477 2.6986e+01     2.6078      2.136      3.098    23.1029   997.5443      0.034 0.0000e+00
      2.186     2.0422     23.818     39.956  38.375617     5.0097      7.030   141.9950 2.6755e+01     2.6373      2.144      3.110    23.0968   997.5458      0.036 0.0000e+00
      2.195     1.9820     23.107     39.981  38.382832     4.2132      7.028   142.0969 2.6510e+01     2.6654      2.153      3.123    23.0834   997.5490      0.036 0.0000e+00
      2.205     1.9023     22.168     39.991  38.373336     3.7743      7.023   142.2189 2.6220e+01     2.6523      2.161      3.134    23.0629   997.5539      0.037 0.0000e+00
      2.215     1.8039     21.014     40.022  38.387731     3.7088      7.019   142.4373 2.5931e+01     2.6104      2.173      3.151    23.0377   997.5599      0.038 0.0000e+00
      2.225     1.6870     19.647     40.079  38.429907     3.4215      7.015   142.6731 2.5675e+01     2.5524      2.183      3.167    23.0180   997.5646      0.039 0.0000e+00
      2.234     1.5610     18.172     40.109  38.438915     2.8932      7.011   142.8328 2.5417e+01     2.5069      2.191      3.178    22.9970   997.5697      0.041 0.0000e+00
      2.244     1.4438     16.795     40.134  38.433145     2.6004      7.006   142.9049 2.5157e+01     2.5204      2.201      3.192    22.9697   997.5762      0.043 0.0000e+00
      2.255     1.3407     15.584     40.154  38.423577     2.5776      7.000   142.8565 2.4880e+01     2.5192      2.210      3.207    22.9505   997.5808      0.045 0.0000e+00
      2.267     1.2463     14.481     40.135  38.386658     2.5750      6.994   142.8501 2.4547e+01     2.4268      2.222      3.223    22.9386   997.5837      0.047 0.0000e+00
      2.280     1.1548     13.413     40.132  38.367609     2.5604      6.986   142.9998 2.4193e+01     2.3205      2.237      3.243    22.9215   997.5878      0.047 0.0000e+00
      2.294     1.0677     12.397     40.165  38.383668     2.5569      6.980   143.2037 2.3875e+01     2.3162      2.249      3.262    22.8768   997.5984      0.046 0.0000e+00
      2.307     0.9922     11.518     40.181  38.390366     2.5669      6.977   143.5948 2.3622e+01     2.3414      2.263      3.282    22.8314   997.6092      0.045 0.0000e+00
      2.318     0.9261     10.749     40.179  38.385106     2.5776      6.976   144.0295 2.3416e+01     2.2974      2.275      3.299    22.8178   997.6124      0.043 0.0000e+00
      2.327     0.8628     10.014     40.182  38.383544     2.6605      6.976   144.1571 2.3208e+01     2.1773      2.282      3.310    22.7966   997.6174      0.041 0.0000e+00
      2.336     0.8044      9.333     40.178  38.371484     2.8237      6.975   144.1048 2.2990e+01     2.0686      2.290      3.321    22.7705   997.6235      0.039 0.0000e+00
      2.346     0.7564      8.773     40.190  38.366226     2.9205      6.972   144.1716 2.2769e+01     2.0656      2.299      3.335    22.7647   997.6249      0.039 0.0000e+00
      2.356     0.7212      8.360     40.232  38.383422     2.9294      6.969   144.3624 2.2559e+01     2.0754      2.310      3.351    22.7622   997.6256      0.039 0.0000e+00
      2.366     0.6945      8.046     40.263  38.388929     2.8441      6.966   144.5190 2.2343e+01     2.0562      2.320      3.366    22.7584   997.6265      0.039 0.0000e+00
      2.377     0.6671      7.725     40.263  38.369301     2.6703      6.964   144.6881 2.2117e+01     2.0298      2.331      3.381    22.7519   997.6281      0.039 0.0000e+00
      2.387     0.6325      7.323     40.244  38.336509     2.5788      6.963   144.7721 2.1908e+01     2.0185      2.342      3.397    22.7277   997.6339      0.038 0.0000e+00
      2.396     0.5900      6.828     40.230  38.309818     2.5789      6.961   144.7606 2.1713e+01     2.0495      2.350      3.408    22.6988   997.6407      0.036 0.0000e+00
      2.405     0.5438      6.291     40.236  38.300469     2.5938      6.957   144.8933 2.1553e+01     2.0776      2.360      3.422    22.6659   997.6484      0.035 0.0000e+00
      2.414     0.4995      5.776     40.239  38.286926     2.6204      6.955   144.9999 2.1421e+01     2.0636      2.367      3.434    22.6379   997.6550      0.033 0.0000e+00
      2.422     0.4583      5.298     40.239  38.273011     2.6310      6.953   145.0169 2.1294e+01     2.0106      2.374      3.443    22.6258   997.6578      0.032 0.0000e+00
      2.430     0.4210      4.865     40.237  38.259157     2.6271      6.950   145.0998 2.1175e+01     1.9946      2.383      3.456    22.6103   997.6615      0.032 0.0000e+00
      2.438     0.3904      4.510     40.240  38.246358     2.5991      6.947   145.1416 2.1023e+01     1.9686      2.391      3.467    22.5897   997.6663      0.031 0.0000e+00
      2.447     0.3693      4.264     40.257  38.245197     2.5440      6.945   145.0914 2.0873e+01     1.8596      2.399      3.480    22.5676   997.6714      0.031 0.0000e+00
      2.454     0.3554      4.103     40.273  38.245083     2.5069      6.943   145.0956 2.0782e+01     1.7904      2.407      3.492    22.5499   997.6756      0.031 0.0000e+00
      2.461     0.3439      3.968     40.286  38.244956     2.5060      6.941   145.1930 2.0694e+01     1.7880      2.414      3.501    22.5383   997.6784      0.031 0.0000e+00
      2.469     0.3325      3.835     40.298  38.243645     2.6546      6.939   145.2355 2.0594e+01     1.8636      2.420      3.510    22.5192   997.6828      0.032 0.0000e+00
      2.477     0.3199      3.689     40.298  38.229215     2.9418      6.938   145.2654 2.0511e+01     1.9841      2.429      3.523    22.4948   997.6885      0.033 0.0000e+00
      2.485     0.3063      3.533     40.281  38.197427     3.1012      6.936   145.3821 2.0405e+01     2.0311      2.437      3.534    22.4760   997.6929      0.033 0.0000e+00
      2.495     0.2943      3.393     40.274  38.176655     3.1160      6.935   145.5283 2.0278e+01     2.0391      2.447      3.548    22.4617   997.6963      0.034 0.0000e+00
      2.504     0.2854      3.289     40.277  38.168477     3.0599      6.932   145.6570 2.0207e+01     2.0477      2.457      3.563    22.4472   997.6997      0.034 0.0000e+00
      2.513     0.2773      3.194     40.281  38.162016     2.9262      6.930   145.6475 2.0167e+01     2.0701      2.464      3.574    22.4275   997.7042      0.034 0.0000e+00
      2.521     0.2693      3.101     40.293  38.161997     2.8347      6.928   145.5848 2.0097e+01     2.0804      2.472      3.585    22.4071   997.7090      0.034 0.0000e+00
      2.530     0.2625      3.022     40.314  38.168231     2.8210      6.927   145.5882 2.0022e+01     2.0730      2.481      3.599    22.3887   997.7133      0.034 0.0000e+00
      2.538     0.2561      2.947     40.335  38.173896     2.8208      6.926   145.6026 1.9945e+01     2.0474      2.489      3.610    22.3759   997.7163      0.035 0.0000e+00
      2.546     0.2504      2.880     40.345  38.166994     2.8494      6.924   145.6723 1.9845e+01     1.9678      2.497      3.621    22.3665   997.7185      0.037 0.0000e+00
      2.556     0.2461      2.830     40.343  38.148237     2.9153      6.922   145.8280 1.9752e+01     1.8965      2.506      3.635    22.3504   997.7222      0.039 0.0000e+00
      2.567     0.2429      2.793     40.348  38.137516     2.9497      6.920   145.9373 1.9674e+01     1.8408      2.518      3.651    22.3339   997.7261      0.039 0.0000e+00
      2.579     0.2413      2.773     40.389  38.164300     2.9450      6.917   145.8743 1.9579e+01     1.7854      2.529      3.668    22.3176   997.7299      0.039 0.0000e+00
      2.589     0.2414      2.774     40.463  38.218144     3.0062      6.914   145.8412 1.9490e+01     1.8165      2.539      3.683    22.2962   997.7349      0.039 0.0000e+00
      2.598     0.2436      2.797     40.548  38.280699     3.1434      6.912   145.8819 1.9415e+01     1.9222      2.549      3.697    22.2736   997.7401      0.039 0.0000e+00
      2.607     0.2479      2.845     40.638  38.349324     3.2251      6.911   145.8503 1.9340e+01     2.0155      2.557      3.708    22.2539   997.7447      0.039 0.0000e+00
      2.616     0.2522      2.893     40.726  38.413078     3.2398      6.908   145.8023 1.9262e+01     2.0591      2.564      3.720    22.2414   997.7476      0.039 0.0000e+00
      2.627     0.2552      2.927     40.819  38.480218     3.3125      6.906   145.8188 1.9181e+01     2.1214      2.575      3.735    22.2234   997.7518      0.039 0.0000e+00
      2.638     0.2580      2.957     40.891  38.526288     3.4455      6.903   145.8769 1.9105e+01     2.2454      2.587      3.752    22.1978   997.7577      0.039 0.0000e+00
      2.648     0.2595      2.972     40.918  38.525721     3.5206      6.901   145.9026 1.9020e+01     2.3124      2.597      3.767    22.1801   997.7618      0.038 0.0000e+00
      2.658     0.2578      2.952     40.955  38.536805     3.5364      6.899   145.9577 1.8961e+01     2.3083      2.608      3.782    22.1557   997.7675      0.037 0.0000e+00
      2.667     0.2527      2.892     41.035  38.596781     3.5153      6.898   146.0265 1.8933e+01     2.2287      2.616      3.794    22.1292   997.7737      0.034 0.0000e+00
      2.675     0.2467      2.822     41.132  38.679566     3.4556      6.895   146.0470 1.8899e+01     2.1037      2.623      3.805    22.1075   997.7786      0.032 0.0000e+00
      2.683     0.2414      2.761     41.244  38.775990     3.4211      6.892   146.1195 1.8861e+01     2.0752      2.631      3.816    22.0710   997.7870      0.031 0.0000e+00
      2.690     0.2364      2.704     41.426  38.937390     3.4201      6.890   146.1277 1.8831e+01     2.1128      2.638      3.826    22.0358   997.7950      0.031 0.0000e+00
      2.697     0.2309      2.641     41.685  39.170979     3.4515      6.887   146.0612 1.8819e+01     2.1330      2.645      3.836    22.0200   997.7986      0.031 0.0000e+00
      2.705     0.2254      2.577     41.920  39.378465     3.5140      6.883   146.1751 1.8796e+01     2.0900      2.652      3.847    22.0148   997.7999      0.031 0.0000e+00
      2.713     0.2211      2.527     42.048  39.478165     3.5435      6.881   146.3005 1.8748e+01     2.0189      2.661      3.859    22.0036   997.8025      0.031 0.0000e+00
      2.722     0.2178      2.488     42.082  39.487661     3.5393      6.880   146.2873 1.8720e+01     2.0264      2.670      3.873    21.9888   997.8060      0.030 0.0000e+00
      2.730     0.2147      2.451     42.106  39.493248     3.5412      6.877   146.3595 1.8714e+01     2.0503      2.678      3.884    21.9809   997.8079      0.030 0.0000e+00
      2.737     0.2099      2.396     42.173  39.545695     3.5402      6.873   146.4854 1.8690e+01     1.9152      2.684      3.893    21.9674   997.8111      0.030 0.0000e+00
      2.744     0.2032      2.318     42.258  39.613921     3.5183      6.870   146.5179 1.8648e+01     1.7033      2.691      3.903    21.9393   997.8176      0.030 0.0000e+00
      2.750     0.1963      2.239     42.347  39.683329     3.4852      6.868   146.4954 1.8607e+01     1.6182      2.697      3.911    21.9075   997.8248      0.030 0.0000e+00
      2.758     0.1898      2.165     42.497  39.813548     3.4688      6.865   146.5569 1.8556e+01     1.6070      2.705      3.923    21.8886   997.8291      0.031 0.0000e+00
      2.767     0.1844      2.102     42.755  40.045678     3.4592      6.863   146.7456 1.8494e+01     1.6013      2.714      3.936    21.8808   997.8309      0.031 0.0000e+00
      2.776     0.1804      2.056     43.008  40.268053     3.4387      6.860   146.9700 1.8422e+01     1.6144      2.722      3.949    21.8674   997.8339      0.031 0.0000e+00
      2.785     0.1763      2.008     43.181  40.407285     3.4287      6.856   147.1187 1.8362e+01     1.6029      2.732      3.961    21.8477   997.8384      0.032 0.0000e+00
      2.792     0.1714      1.952     43.400  40.586367     3.4254      6.852   147.0804 1.8328e+01     1.5600      2.739      3.971    21.8362   997.8411      0.032 0.0000e+00
      2.798     0.1677      1.908     43.642  40.782666     3.4338      6.849   147.0236 1.8278e+01     1.5540      2.744      3.979    21.8290   997.8428      0.032 0.0000e+00
      2.806     0.1652      1.878     43.777  40.876106     3.4600      6.846   147.0342 1.8204e+01     1.5963      2.752      3.992    21.8126   997.8466      0.032 0.0000e+00
