Data/DataNotYetUploadedToEDI/Raw_CTD/RawDownloads/091119_fcr20.cnv
* Sea-Bird SBE19plus  Data File:
* FileName = C:\DATA\091119_fcr50_0_0002.hex
* Software version 2.8.0.119 SB_Terminal.dll
* Temperature SN = 7809
* Conductivity SN = 7809
* System UpLoad Time = Sep 11 2019 16:21:45
* <ApplicationData>
* <Seaterm232>
# nquan = 16
# nvalues = 329                         
# units = specified
# name 0 = depFM: Depth [fresh water, m]
# name 1 = sbeox0Mg/L: Oxygen, SBE 43 [mg/l]
# name 2 = sbeox0PS: Oxygen, SBE 43 [% saturation]
# name 3 = specc: Specific Conductance [uS/cm]
# name 4 = c0uS/cm: Conductivity [uS/cm]
# name 5 = flECO-AFL: Fluorescence, WET Labs ECO-AFL/FL [mg/m^3]
# name 6 = ph: pH
# name 7 = orp: Oxidation Reduction Potential [mV]
# name 8 = par/sat/log: PAR/Logarithmic, Satlantic
# name 9 = turbWETntu0: Turbidity, WET Labs ECO [NTU]
# name 10 = prdM: Pressure, Strain Gauge [db]
# name 11 = prdE: Pressure, Strain Gauge [psi]
# name 12 = tv290C: Temperature [ITS-90, deg C]
# name 13 = density00: Density [density, kg/m^3]
# name 14 = dz/dtM: Descent Rate [m/s]
# name 15 = flag:  0.000e+00
# span 0 =     -0.498,      3.050       
# span 1 =    -0.0643,     9.4848       
# span 2 =     -0.740,    114.133       
# span 3 =      0.993,     56.435       
# span 4 =   0.992524,  52.430869       
# span 5 =    -0.3590,    14.6122       
# span 6 =      6.228,      8.144       
# span 7 =    84.9154,   329.1849       
# span 8 = 1.2864e+01, 1.3235e+03       
# span 9 =    -0.9575,    14.1602       
# span 10 =     -0.488,      2.992      
# span 11 =     -0.708,      4.339      
# span 12 =    21.2178,    25.2224      
# span 13 =   997.0076,   997.9837      
# span 14 =     -0.010,      0.139      
# span 15 = 0.0000e+00, 0.0000e+00      
# interval = seconds: 0.25
# start_time = Sep 11 2019 10:54:46 [Instrument's time stamp, header]
# bad_flag = -9.990e-29
*END*
[from data line 181]
      0.687     8.7950    105.469     38.213  37.834660     2.6751      7.168   105.4291 3.7983e+02     5.1616      0.674      0.978    24.5076   997.1934      0.033 0.0000e+00
      0.690     8.7699    105.170     38.203  37.825589     2.6808      7.162   105.7533 3.7178e+02     5.1900      0.676      0.982    24.4979   997.1958      0.029 0.0000e+00
      0.694     8.7574    105.017     38.193  37.813879     2.6818      7.154   106.0916 3.5926e+02     5.2540      0.679      0.985    24.4965   997.1963      0.028 0.0000e+00
      0.702     8.7558    104.992     38.201  37.820022     2.6615      7.149   106.3364 3.4589e+02     5.3450      0.689      0.999    24.4971   997.1962      0.030 0.0000e+00
      0.712     8.7593    105.028     38.219  37.836382     2.6347      7.146   106.5623 3.3508e+02     5.4048      0.700      1.015    24.4992   997.1956      0.034 0.0000e+00
      0.721     8.7604    105.032     38.207  37.821255     2.6267      7.142   106.8438 3.2858e+02     5.3878      0.706      1.023    24.5005   997.1954      0.039 0.0000e+00
      0.730     8.7552    104.955     38.219  37.827541     2.6599      7.137   107.0726 3.2508e+02     5.3690      0.716      1.038    24.4981   997.1960      0.044 0.0000e+00
      0.741     8.7418    104.777     38.249  37.848906     2.7243      7.132   107.2628 3.1548e+02     5.4068      0.727      1.054    24.4957   997.1967      0.048 0.0000e+00
      0.754     8.7191    104.490     38.232  37.825658     2.7545      7.130   107.5088 3.0243e+02     5.4188      0.738      1.070    24.4933   997.1973      0.052 0.0000e+00
      0.771     8.6865    104.091     38.209  37.800350     2.7481      7.126   107.9825 2.9808e+02     5.3832      0.756      1.097    24.4893   997.1984      0.055 0.0000e+00
      0.787     8.6469    103.614     38.207  37.796812     2.7592      7.121   108.6029 2.9905e+02     5.4024      0.772      1.121    24.4815   997.2004      0.059 0.0000e+00
      0.800     8.6092    103.157     38.195  37.782871     2.7946      7.112   109.0732 2.9689e+02     5.4539      0.784      1.138    24.4708   997.2032      0.063 0.0000e+00
      0.814     8.5815    102.811     38.176  37.758737     2.8208      7.101   109.4535 2.9135e+02     5.4496      0.796      1.157    24.4619   997.2055      0.066 0.0000e+00
      0.831     8.5660    102.596     38.188  37.758910     2.8239      7.088   109.8455 2.8612e+02     5.3827      0.812      1.178    24.4579   997.2065      0.068 0.0000e+00
      0.851     8.5581    102.465     38.229  37.784947     2.8152      7.078   110.1979 2.8015e+02     5.3331      0.834      1.209    24.4581   997.2066      0.071 0.0000e+00
      0.871     8.5511    102.344     38.280  37.819615     2.8107      7.073   110.5308 2.7025e+02     5.4069      0.855      1.240    24.4573   997.2069      0.072 0.0000e+00
      0.891     8.5433    102.215     38.335  37.860678     2.8121      7.071   110.8590 2.6167e+02     5.5217      0.874      1.268    24.4497   997.2088      0.072 0.0000e+00
      0.909     8.5344    102.079     38.388  37.900565     2.8153      7.070   111.2414 2.5713e+02     5.5739      0.892      1.294    24.4343   997.2128      0.071 0.0000e+00
      0.926     8.5215    101.902     38.418  37.921010     2.8141      7.067   111.7131 2.5307e+02     5.6114      0.908      1.317    24.4137   997.2181      0.068 0.0000e+00
      0.943     8.5023    101.653     38.422  37.917434     2.8241      7.063   112.0879 2.4789e+02     5.6159      0.924      1.341    24.3926   997.2234      0.065 0.0000e+00
      0.959     8.4748    101.309     38.432  37.920788     2.8580      7.060   112.4176 2.4205e+02     5.5959      0.940      1.363    24.3735   997.2282      0.064 0.0000e+00
      0.974     8.4394    100.873     38.414  37.898070     2.8779      7.056   112.8602 2.3649e+02     5.5989      0.956      1.386    24.3582   997.2322      0.065 0.0000e+00
      0.989     8.4009    100.400     38.354  37.833178     2.8824      7.050   113.3104 2.3083e+02     5.5856      0.971      1.408    24.3464   997.2352      0.067 0.0000e+00
      1.004     8.3627     99.930     38.297  37.770948     2.9378      7.045   113.6440 2.2393e+02     5.5662      0.983      1.426    24.3367   997.2377      0.072 0.0000e+00
      1.023     8.3232     99.441     38.249  37.716916     3.0448      7.041   113.8827 2.1634e+02     5.5946      1.002      1.454    24.3292   997.2397      0.076 0.0000e+00
      1.046     8.2804     98.911     38.227  37.687683     3.1103      7.039   114.1307 2.1007e+02     5.6659      1.026      1.488    24.3230   997.2413      0.076 0.0000e+00
      1.069     8.2387     98.394     38.219  37.671385     3.1313      7.039   114.3203 2.0519e+02     5.7072      1.047      1.519    24.3161   997.2431      0.074 0.0000e+00
      1.092     8.2098     98.034     38.200  37.646793     3.2123      7.038   114.4539 2.0091e+02     5.7342      1.073      1.556    24.3081   997.2452      0.069 0.0000e+00
      1.110     8.2068     97.985     38.202  37.644245     3.3440      7.037   114.6284 1.9845e+02     5.7956      1.092      1.584    24.2994   997.2474      0.063 0.0000e+00
      1.121     8.2343     98.305     38.202  37.640562     3.4144      7.033   114.8807 1.9748e+02     5.8262      1.100      1.595    24.2887   997.2501      0.058 0.0000e+00
      1.130     8.2881     98.940     38.167  37.602259     3.4214      7.026   115.0955 1.9574e+02     5.8421      1.108      1.606    24.2777   997.2530      0.056 0.0000e+00
      1.140     8.3577     99.761     38.130  37.561970     3.4036      7.020   115.2467 1.9269e+02     5.8568      1.117      1.620    24.2691   997.2551      0.056 0.0000e+00
      1.154     8.4345    100.665     38.107  37.534278     3.3725      7.017   115.5047 1.8816e+02     5.8407      1.128      1.637    24.2628   997.2568      0.060 0.0000e+00
      1.173     8.5174    101.636     38.101  37.521331     3.3568      7.013   115.7192 1.8256e+02     5.8434      1.151      1.669    24.2583   997.2580      0.066 0.0000e+00
      1.193     8.6036    102.643     38.121  37.532373     3.3532      7.008   115.8621 1.7802e+02     5.8568      1.172      1.700    24.2548   997.2589      0.071 0.0000e+00
      1.212     8.6873    103.618     38.139  37.540823     3.3460      7.006   116.1138 1.7417e+02     5.8397      1.187      1.722    24.2506   997.2600      0.073 0.0000e+00
      1.231     8.7628    104.502     38.101  37.496523     3.3035      7.005   116.3538 1.6894e+02     5.7668      1.206      1.749    24.2436   997.2618      0.075 0.0000e+00
      1.251     8.8237    105.210     38.052  37.441060     3.2295      7.002   116.3543 1.6413e+02     5.6636      1.229      1.782    24.2343   997.2642      0.076 0.0000e+00
      1.268     8.8649    105.669     38.065  37.441491     3.1887      6.998   116.2054 1.6067e+02     5.6076      1.243      1.804    24.2219   997.2675      0.076 0.0000e+00
      1.286     8.8853    105.870     38.078  37.438243     3.1831      6.995   116.1889 1.5571e+02     5.6150      1.257      1.824    24.2078   997.2710      0.075 0.0000e+00
      1.308     8.8874    105.857     38.056  37.401771     3.1786      6.994   116.2406 1.4982e+02     5.5880      1.284      1.862    24.2006   997.2729      0.073 0.0000e+00
      1.331     8.8747    105.676     38.047  37.381337     3.1697      6.994   116.3145 1.4572e+02     5.4786      1.308      1.898    24.1954   997.2742      0.069 0.0000e+00
      1.348     8.8529    105.392     38.057  37.381580     3.1627      6.992   116.4791 1.4294e+02     5.4061      1.322      1.919    24.1773   997.2789      0.066 0.0000e+00
      1.361     8.8284    105.077     38.090  37.404703     3.1721      6.987   116.7690 1.4030e+02     5.4321      1.334      1.935    24.1522   997.2851      0.063 0.0000e+00
      1.374     8.8036    104.762     38.165  37.470471     3.2481      6.982   117.1524 1.3740e+02     5.6292      1.347      1.953    24.1328   997.2899      0.059 0.0000e+00
      1.388     8.7803    104.466     38.245  37.542015     3.3704      6.979   117.4145 1.3441e+02     5.9212      1.361      1.974    24.1188   997.2936      0.059 0.0000e+00
      1.403     8.7583    104.176     38.286  37.571499     3.4281      6.979   117.6160 1.3142e+02     6.0465      1.377      1.997    24.1078   997.2963      0.062 0.0000e+00
      1.418     8.7375    103.889     38.304  37.573047     3.4258      6.977   117.8669 1.2822e+02     6.0296      1.391      2.017    24.0942   997.2997      0.064 0.0000e+00
      1.435     8.7120    103.554     38.304  37.560702     3.4033      6.974   118.0388 1.2482e+02     5.8801      1.406      2.040    24.0829   997.3027      0.064 0.0000e+00
      1.454     8.6666    102.990     38.302  37.549164     3.3729      6.974   118.1462 1.2115e+02     5.6158      1.426      2.069    24.0786   997.3038      0.063 0.0000e+00
      1.474     8.5945    102.115     38.321  37.560479     3.3698      6.974   118.3053 1.1804e+02     5.4562      1.448      2.099    24.0640   997.3076      0.060 0.0000e+00
      1.489     8.5062    101.049     38.339  37.570550     3.3841      6.973   118.5003 1.1610e+02     5.4248      1.462      2.119    24.0389   997.3138      0.057 0.0000e+00
      1.500     8.4167     99.969     38.319  37.543980     3.4508      6.970   118.7824 1.1428e+02     5.4654      1.470      2.133    24.0218   997.3181      0.056 0.0000e+00
      1.511     8.3355     98.983     38.276  37.493114     3.5778      6.965   119.1344 1.1205e+02     5.5545      1.482      2.149    24.0114   997.3207      0.056 0.0000e+00
      1.523     8.2673     98.140     38.259  37.463309     3.6524      6.960   119.4016 1.0986e+02     5.6171      1.494      2.166    24.0015   997.3232      0.061 0.0000e+00
      1.537     8.2124     97.446     38.251  37.437493     3.6684      6.955   119.5177 1.0722e+02     5.6326      1.506      2.184    23.9917   997.3257      0.066 0.0000e+00
      1.556     8.1727     96.933     38.202  37.371368     3.6937      6.952   119.5919 1.0353e+02     5.6437      1.523      2.210    23.9840   997.3276      0.069 0.0000e+00
      1.579     8.1488     96.614     38.142  37.298529     3.8109      6.951   119.8681 9.9587e+01     5.7507      1.549      2.247    23.9756   997.3298      0.069 0.0000e+00
      1.603     8.1329     96.397     38.110  37.255008     4.0197      6.952   120.1896 9.6667e+01     5.9436      1.575      2.284    23.9562   997.3347      0.065 0.0000e+00
      1.620     8.1219     96.242     38.091  37.225985     4.1451      6.953   120.3821 9.5038e+01     6.0421      1.591      2.309    23.9305   997.3411      0.059 0.0000e+00
      1.631     8.1209     96.208     38.076  37.201494     4.1574      6.954   120.5606 9.3941e+01     6.0240      1.600      2.321    23.9070   997.3469      0.053 0.0000e+00
      1.640     8.1290     96.285     38.095  37.212774     4.2024      6.953   120.6278 9.2726e+01     5.8553      1.608      2.332    23.8868   997.3518      0.047 0.0000e+00
      1.648     8.1420     96.423     38.125  37.235409     4.3081      6.951   120.6783 9.1340e+01     5.5425      1.616      2.343    23.8718   997.3556      0.043 0.0000e+00
      1.658     8.1584     96.602     38.117  37.221264     4.3786      6.950   120.9126 8.9590e+01     5.3562      1.625      2.356    23.8576   997.3591      0.043 0.0000e+00
      1.671     8.1771     96.800     38.204  37.295632     4.4041      6.950   121.3101 8.7922e+01     5.3397      1.640      2.379    23.8455   997.3622      0.048 0.0000e+00
      1.683     8.1957     96.982     38.495  37.563300     4.4510      6.948   121.7851 8.6598e+01     5.3098      1.652      2.396    23.8355   997.3646      0.056 0.0000e+00
      1.695     8.2066     97.060     38.816  37.855103     4.5213      6.946   122.0955 8.4713e+01     5.2243      1.659      2.407    23.8261   997.3670      0.064 0.0000e+00
      1.711     8.1904     96.812     39.021  38.030838     4.5605      6.944   122.2233 8.2078e+01     5.1583      1.674      2.429    23.8207   997.3684      0.069 0.0000e+00
      1.733     8.1159     95.872     39.184  38.164636     4.5603      6.943   122.3845 7.9193e+01     5.1348      1.698      2.464    23.8101   997.3710      0.073 0.0000e+00
      1.758     7.9511     93.871     39.119  38.076311     4.4058      6.941   122.6670 7.6653e+01     5.0710      1.725      2.504    23.7870   997.3770      0.076 0.0000e+00
      1.779     7.6829     90.652     38.716  37.661096     4.0975      6.936   122.9727 7.4785e+01     4.9437      1.747      2.534    23.7581   997.3843      0.080 0.0000e+00
      1.795     7.3267     86.397     38.406  37.333696     3.9285      6.930   123.2417 7.3176e+01     4.8735      1.760      2.553    23.7261   997.3921      0.080 0.0000e+00
      1.811     6.9133     81.469     38.390  37.291504     3.9221      6.926   123.5966 7.1122e+01     4.8779      1.773      2.572    23.6921   997.4005      0.079 0.0000e+00
      1.833     6.4919     76.453     38.470  37.341346     3.9948      6.923   123.9079 6.8503e+01     4.8985      1.796      2.605    23.6608   997.4084      0.078 0.0000e+00
      1.858     6.1288     72.127     38.588  37.428493     4.1313      6.919   124.0803 6.6362e+01     4.9255      1.824      2.646    23.6319   997.4153      0.080 0.0000e+00
      1.878     5.8627     68.945     38.844  37.646928     4.2027      6.915   124.3893 6.4872e+01     4.9105      1.842      2.672    23.5995   997.4232      0.084 0.0000e+00
      1.896     5.6928     66.892     39.128  37.887678     4.2081      6.911   124.8914 6.2977e+01     4.8808      1.857      2.692    23.5630   997.4321      0.087 0.0000e+00
      1.917     5.5836     65.548     39.274  37.990731     4.2395      6.906   125.3327 6.0707e+01     4.8618      1.880      2.726    23.5276   997.4407      0.088 0.0000e+00
      1.941     5.4770     64.237     39.328  38.004209     4.5649      6.900   125.5953 5.8587e+01     4.8113      1.904      2.762    23.4934   997.4492      0.087 0.0000e+00
      1.966     5.3132     62.270     39.341  37.987103     5.1596      6.896   125.8290 5.6467e+01     4.7616      1.927      2.795    23.4555   997.4585      0.086 0.0000e+00
      1.991     5.0511     59.169     39.349  37.974287     5.4997      6.895   126.1804 5.4477e+01     4.7201      1.953      2.833    23.4121   997.4692      0.084 0.0000e+00
      2.014     4.7001     55.036     39.435  38.039651     5.6264      6.894   126.4876 5.3090e+01     4.6700      1.979      2.871    23.3615   997.4815      0.084 0.0000e+00
      2.030     4.3138     50.486     39.566  38.142620     6.6305      6.892   126.7900 5.2079e+01     4.5492      1.991      2.888    23.3070   997.4946      0.085 0.0000e+00
      2.045     3.9446     46.130     39.663  38.203612     8.4672      6.891   127.2563 5.0712e+01     4.3741      2.001      2.902    23.2671   997.5043      0.087 0.0000e+00
      2.068     3.6255     42.361     39.768  38.269233     9.4712      6.888   127.6520 4.8789e+01     4.2895      2.025      2.936    23.2447   997.5098      0.090 0.0000e+00
      2.097     3.3743     39.396     39.901  38.364688     9.5797      6.885   128.0462 4.6773e+01     4.2464      2.057      2.984    23.2290   997.5137      0.093 0.0000e+00
      2.124     3.1871     37.183     40.042  38.469010     9.7790      6.882   128.4949 4.5102e+01     4.1156      2.085      3.025    23.2020   997.5203      0.097 0.0000e+00
      2.149     3.0481     35.536     40.187  38.578368    10.1381      6.878   128.6898 4.3703e+01     3.9201      2.107      3.057    23.1545   997.5318      0.099 0.0000e+00
      2.172     2.9369     34.216     40.446  38.798182    10.3326      6.873   128.7673 4.2339e+01     3.8162      2.130      3.090    23.1078   997.5430      0.098 0.0000e+00
      2.196     2.8274     32.920     40.917  39.222323    10.3011      6.867   128.8303 4.0906e+01     3.8100      2.154      3.124    23.0695   997.5523      0.097 0.0000e+00
