Data/DataNotYetUploadedToEDI/Raw_CTD/RawDownloads/091119_fcr30.cnv
* Sea-Bird SBE19plus  Data File:
* FileName = C:\DATA\091119_fcr50_0_0003.hex
* Software version 2.8.0.119 SB_Terminal.dll
* Temperature SN = 7809
* Conductivity SN = 7809
* System UpLoad Time = Sep 11 2019 16:22:05
* <ApplicationData>
* <Seaterm232>
# nquan = 16
# nvalues = 622                         
# units = specified
# name 0 = depFM: Depth [fresh water, m]
# name 1 = sbeox0Mg/L: Oxygen, SBE 43 [mg/l]
# name 2 = sbeox0PS: Oxygen, SBE 43 [% saturation]
# name 3 = specc: Specific Conductance [uS/cm]
# name 4 = c0uS/cm: Conductivity [uS/cm]
# name 5 = flECO-AFL: Fluorescence, WET Labs ECO-AFL/FL [mg/m^3]
# name 6 = ph: pH
# name 7 = orp: Oxidation Reduction Potential [mV]
# name 8 = par/sat/log: PAR/Logarithmic, Satlantic
# name 9 = turbWETntu0: Turbidity, WET Labs ECO [NTU]
# name 10 = prdM: Pressure, Strain Gauge [db]
# name 11 = prdE: Pressure, Strain Gauge [psi]
# name 12 = tv290C: Temperature [ITS-90, deg C]
# name 13 = density00: Density [density, kg/m^3]
# name 14 = dz/dtM: Descent Rate [m/s]
# name 15 = flag:  0.000e+00
# span 0 =     -0.494,      5.293       
# span 1 =     0.0743,     9.5514       
# span 2 =      0.695,    114.583       
# span 3 =      2.028,     98.627       
# span 4 =   1.994462,  79.942426       
# span 5 =    -0.1039,    10.4520       
# span 6 =      6.285,      7.761       
# span 7 =   -27.3777,   309.2560       
# span 8 = 1.2352e-01, 1.4359e+03       
# span 9 =    -3.2449,    32.8968       
# span 10 =     -0.485,      5.191      
# span 11 =     -0.704,      7.529      
# span 12 =    12.3439,    25.1440      
# span 13 =   997.0278,   999.5063      
# span 14 =     -0.030,      0.184      
# span 15 = 0.0000e+00, 0.0000e+00      
# interval = seconds: 0.25
# start_time = Sep 11 2019 11:01:03 [Instrument's time stamp, header]
# bad_flag = -9.990e-29
*END*
[from data line 452]
      3.661     0.1088      1.129     92.547  77.959271     5.3491      6.472   102.9783 6.9540e+00    30.2909      3.590      5.207    17.5162   998.7380      0.037 0.0000e+00
      3.670     0.1108      1.149     91.998  77.383855     5.3244      6.467   101.5233 6.7529e+00    29.3687      3.598      5.218    17.4002   998.7589      0.038 0.0000e+00
      3.682     0.1100      1.139     91.227  76.655473     5.3295      6.462   100.1735 6.5036e+00    29.1737      3.610      5.236    17.2836   998.7795      0.041 0.0000e+00
      3.696     0.1088      1.125     89.850  75.448737     5.3419      6.456    98.9620 6.2613e+00    27.8673      3.625      5.258    17.1838   998.7969      0.044 0.0000e+00
      3.709     0.1084      1.121     88.312  74.113591     5.3701      6.451    97.5430 6.0543e+00    25.4361      3.638      5.276    17.1104   998.8095      0.046 0.0000e+00
      3.719     0.1079      1.115     87.100  73.040354     5.3935      6.446    95.9228 5.8632e+00    24.0627      3.647      5.289    17.0462   998.8207      0.046 0.0000e+00
      3.730     0.1059      1.093     86.709  72.646706     5.4084      6.445    94.5158 5.6649e+00    23.8130      3.657      5.305    17.0016   998.8284      0.045 0.0000e+00
      3.742     0.1021      1.053     87.163  72.978510     5.5154      6.446    93.1779 5.4444e+00    22.8759      3.669      5.322    16.9827   998.8311      0.043 0.0000e+00
      3.753     0.0989      1.020     87.404  73.173240     5.7160      6.447    91.2761 5.2071e+00    21.1880      3.680      5.337    16.9591   998.8347      0.042 0.0000e+00
      3.764     0.0979      1.010     86.894  72.775595     5.8311      6.440    88.3841 4.9901e+00    20.2497      3.692      5.355    16.9291   998.8394      0.040 0.0000e+00
      3.775     0.0978      1.009     85.821  71.922346     5.8486      6.429    84.1097 4.8004e+00    20.0842      3.702      5.369    16.8832   998.8472      0.038 0.0000e+00
      3.784     0.0974      1.006     84.233  70.614185     5.8155      6.426    79.0872 4.6164e+00    18.9573      3.711      5.382    16.8491   998.8535      0.038 0.0000e+00
      3.791     0.0970      1.001     82.851  69.420842     5.7336      6.432    74.6340 4.4519e+00    16.8498      3.719      5.394    16.8484   998.8538      0.038 0.0000e+00
      3.799     0.0964      0.995     82.233  68.810912     5.6831      6.437    70.7912 4.2948e+00    15.6753      3.725      5.403    16.8674   998.8503      0.039 0.0000e+00
      3.809     0.0953      0.981     81.886  68.389210     5.6806      6.435    67.0392 4.1010e+00    15.5387      3.734      5.415    16.9032   998.8439      0.040 0.0000e+00
      3.821     0.0949      0.975     81.619  68.009229     5.6869      6.437    63.4275 3.8883e+00    15.4268      3.747      5.435    16.9267   998.8392      0.042 0.0000e+00
      3.834     0.0964      0.988     81.615  67.840090     5.7330      6.444    60.1617 3.7098e+00    14.3229      3.761      5.454    16.9029   998.8428      0.044 0.0000e+00
      3.845     0.0976      0.999     81.820  67.869693     5.8219      6.441    57.2362 3.5612e+00    12.2859      3.772      5.470    16.8428   998.8531      0.044 0.0000e+00
      3.856     0.0980      1.002     81.909  67.858412     5.8685      6.424    54.4687 3.3834e+00    11.1814      3.781      5.484    16.7598   998.8673      0.043 0.0000e+00
      3.868     0.0985      1.006     81.794  67.703595     5.8545      6.413    51.3078 3.1876e+00    11.0302      3.793      5.501    16.6609   998.8841      0.040 0.0000e+00
      3.879     0.0990      1.010     81.655  67.523468     5.7824      6.415    47.6694 3.0180e+00    10.2278      3.805      5.518    16.5535   998.9023      0.038 0.0000e+00
      3.887     0.0993      1.012     81.559  67.396861     5.6727      6.420    44.2047 2.8634e+00     8.7549      3.812      5.529    16.4529   998.9194      0.037 0.0000e+00
      3.895     0.0993      1.012     81.561  67.380586     5.6205      6.424    41.2501 2.7176e+00     7.9369      3.820      5.541    16.4139   998.9260      0.037 0.0000e+00
      3.903     0.1000      1.019     81.689  67.453820     5.6287      6.425    38.7898 2.5627e+00     7.8091      3.828      5.552    16.3895   998.9300      0.037 0.0000e+00
      3.913     0.1003      1.021     81.865  67.519436     5.6337      6.424    36.5695 2.4029e+00     7.2425      3.837      5.565    16.3380   998.9386      0.038 0.0000e+00
      3.923     0.0996      1.013     82.024  67.538132     5.6292      6.422    34.4520 2.2535e+00     6.1990      3.847      5.580    16.3022   998.9445      0.039 0.0000e+00
      3.934     0.0996      1.012     82.174  67.552596     5.6262      6.421    32.3743 2.1025e+00     5.6134      3.857      5.595    16.3068   998.9438      0.041 0.0000e+00
      3.945     0.0999      1.013     82.290  67.567035     5.6145      6.419    30.2910 1.9594e+00     5.5369      3.869      5.611    16.2983   998.9453      0.043 0.0000e+00
      3.956     0.0991      1.004     82.378  67.585467     5.5225      6.417    28.3644 1.8283e+00     5.1760      3.880      5.627    16.2402   998.9551      0.043 0.0000e+00
      3.967     0.0976      0.989     82.502  67.648247     5.3640      6.415    26.4592 1.7100e+00     4.4610      3.889      5.641    16.1668   998.9672      0.043 0.0000e+00
      3.978     0.0966      0.979     82.667  67.753920     5.2836      6.414    24.4632 1.6133e+00     4.0694      3.901      5.659    16.0906   998.9798      0.043 0.0000e+00
      3.990     0.0962      0.974     82.823  67.845969     5.2702      6.414    22.4717 1.5369e+00     4.0461      3.914      5.677    16.0445   998.9875      0.043 0.0000e+00
      4.000     0.0959      0.970     82.988  67.934714     5.1762      6.413    20.6199 1.4653e+00     3.9165      3.922      5.689    16.0160   998.9922      0.044 0.0000e+00
      4.011     0.0946      0.956     83.213  68.064003     5.0137      6.410    19.1099 1.3980e+00     3.6830      3.933      5.704    15.9888   998.9966      0.045 0.0000e+00
      4.022     0.0934      0.943     83.478  68.201238     4.9266      6.407    17.9797 1.3268e+00     3.5816      3.944      5.720    15.9801   998.9982      0.046 0.0000e+00
      4.033     0.0937      0.946     83.756  68.322452     4.9123      6.406    16.9357 1.2418e+00     3.5757      3.954      5.735    15.9582   999.0019      0.048 0.0000e+00
      4.046     0.0949      0.957     83.965  68.385137     4.8315      6.408    15.6935 1.1582e+00     3.5134      3.968      5.755    15.9250   999.0074      0.048 0.0000e+00
      4.060     0.0952      0.958     84.068  68.386866     4.6781      6.413    14.3172 1.0724e+00     3.3849      3.982      5.775    15.9010   999.0114      0.048 0.0000e+00
      4.074     0.0942      0.947     84.163  68.406832     4.5831      6.419    12.8564 9.9625e-01     3.3011      3.996      5.795    15.8532   999.0192      0.047 0.0000e+00
      4.086     0.0947      0.952     84.262  68.435754     4.5587      6.424    11.1953 9.4967e-01     3.3190      4.008      5.813    15.7836   999.0305      0.044 0.0000e+00
      4.097     0.0958      0.962     84.290  68.418623     4.5397      6.425     9.3753 9.1122e-01     3.3388      4.018      5.827    15.7106   999.0422      0.039 0.0000e+00
      4.106     0.0954      0.958     84.283  68.390373     4.4487      6.410     7.6288 8.7888e-01     3.2789      4.027      5.841    15.6632   999.0499      0.035 0.0000e+00
      4.114     0.0946      0.950     84.319  68.412029     4.2990      6.381     5.9962 8.6434e-01     3.1842      4.035      5.852    15.6381   999.0539      0.032 0.0000e+00
      4.120     0.0927      0.931     84.343  68.426161     4.2294      6.373     4.3477 8.4324e-01     3.1440      4.040      5.858    15.6009   999.0598      0.031 0.0000e+00
      4.126     0.0897      0.900     84.303  68.370511     4.2238      6.388     2.8406 8.1284e-01     3.1215      4.046      5.868    15.5781   999.0635      0.032 0.0000e+00
      4.133     0.0877      0.880     84.283  68.311308     4.1704      6.403     1.5398 7.8535e-01     3.0428      4.053      5.878    15.5653   999.0656      0.034 0.0000e+00
      4.142     0.0880      0.882     84.323  68.282454     4.0772      6.411     0.2350 7.5056e-01     2.9465      4.061      5.889    15.5614   999.0662      0.035 0.0000e+00
      4.154     0.0903      0.905     84.318  68.212298     4.0327      6.417    -1.0620 7.0934e-01     2.9069      4.073      5.907    15.5668   999.0654      0.035 0.0000e+00
      4.165     0.0927      0.928     84.243  68.098712     4.0404      6.419    -2.2687 6.8564e-01     2.8914      4.087      5.927    15.5502   999.0681      0.036 0.0000e+00
      4.174     0.0925      0.926     84.173  67.989782     4.0321      6.416    -3.4285 6.8067e-01     2.8255      4.095      5.939    15.5255   999.0719      0.036 0.0000e+00
      4.180     0.0909      0.908     84.085  67.848765     3.9928      6.411    -4.5023 6.6929e-01     2.7320      4.098      5.944    15.4874   999.0780      0.037 0.0000e+00
      4.188     0.0907      0.904     83.888  67.601476     3.9555      6.407    -5.3576 6.4914e-01     2.6786      4.105      5.954    15.4398   999.0855      0.038 0.0000e+00
      4.198     0.0924      0.920     83.719  67.351887     3.9456      6.405    -6.1121 6.2460e-01     2.6726      4.117      5.970    15.4151   999.0893      0.040 0.0000e+00
      4.209     0.0939      0.934     83.746  67.246576     3.9171      6.404    -6.9137 5.9374e-01     2.6921      4.128      5.987    15.3886   999.0934      0.042 0.0000e+00
      4.222     0.0928      0.922     83.682  67.090875     3.8436      6.401    -7.7365 5.6441e-01     2.7170      4.141      6.005    15.3441   999.1004      0.044 0.0000e+00
      4.235     0.0910      0.903     83.573  66.931294     3.7942      6.397    -8.6601 5.4572e-01     2.7116      4.153      6.025    15.2951   999.1080      0.045 0.0000e+00
      4.246     0.0914      0.906     84.249  67.414822     3.7788      6.375    -9.5633 5.3797e-01     2.6601      4.164      6.039    15.2281   999.1182      0.044 0.0000e+00
      4.256     0.0934      0.926     85.658  68.487018     3.7448      6.345   -10.2256 5.3171e-01     2.5524      4.173      6.052    15.1374   999.1322      0.042 0.0000e+00
      4.267     0.0952      0.944     86.956  69.469121     3.6956      6.345   -10.8172 5.1885e-01     2.4586      4.185      6.070    15.0748   999.1417      0.040 0.0000e+00
      4.278     0.0956      0.947     88.236  70.452326     3.6690      6.347   -11.4680 4.9880e-01     2.4763      4.196      6.086    15.0394   999.1469      0.040 0.0000e+00
      4.287     0.0944      0.935     89.535  71.473645     3.6576      6.330   -12.0713 4.8573e-01     2.5370      4.205      6.099    15.0040   999.1525      0.040 0.0000e+00
      4.295     0.0933      0.923     91.045  72.662013     3.6096      6.333   -12.6052 4.9053e-01     2.5367      4.212      6.109    14.9766   999.1575      0.040 0.0000e+00
      4.305     0.0933      0.923     93.105  74.265287     3.5303      6.353   -13.1052 4.8672e-01     2.5053      4.220      6.121    14.9377   999.1636      0.041 0.0000e+00
      4.317     0.0938      0.927     94.849  75.596919     3.4888      6.368   -13.6419 4.5852e-01     2.4853      4.234      6.141    14.9108   999.1683      0.043 0.0000e+00
      4.328     0.0938      0.927     95.803  76.298306     3.4800      6.379   -14.2770 4.3697e-01     2.4584      4.245      6.157    14.9118   999.1687      0.046 0.0000e+00
      4.339     0.0936      0.925     96.306  76.640274     3.4678      6.378   -14.9340 4.2856e-01     2.4428      4.254      6.170    14.9073   999.1697      0.048 0.0000e+00
      4.353     0.0926      0.914     96.680  76.869596     3.4447      6.362   -15.5621 4.0809e-01     2.3946      4.268      6.190    14.8835   999.1742      0.049 0.0000e+00
      4.367     0.0918      0.905     96.976  77.035709     3.4087      6.355   -16.1928 3.8115e-01     2.3023      4.284      6.213    14.8461   999.1806      0.049 0.0000e+00
      4.379     0.0931      0.917     97.159  77.122221     3.3792      6.358   -16.7090 3.6651e-01     2.2773      4.294      6.229    14.8160   999.1854      0.050 0.0000e+00
      4.390     0.0936      0.922     97.362  77.215920     3.3572      6.362   -16.9854 3.6416e-01     2.2873      4.305      6.244    14.7896   999.1895      0.052 0.0000e+00
      4.403     0.0926      0.911     97.567  77.278114     3.3325      6.363   -17.0395 3.5698e-01     2.2608      4.318      6.262    14.7517   999.1953      0.052 0.0000e+00
      4.416     0.0924      0.907     97.742  77.301671     3.3069      6.357   -16.6747 3.3177e-01     2.2520      4.330      6.280    14.7116   999.2014      0.053 0.0000e+00
      4.431     0.0923      0.905     97.868  77.309801     3.2990      6.347   -16.2745 3.1060e-01     2.2788      4.345      6.302    14.6852   999.2053      0.053 0.0000e+00
      4.446     0.0916      0.898     97.953  77.312688     3.3061      6.342   -16.6747 3.0035e-01     2.2896      4.361      6.324    14.6603   999.2091      0.052 0.0000e+00
      4.461     0.0926      0.907     98.051  77.336507     3.2370      6.339   -17.6415 2.8960e-01     2.2518      4.376      6.346    14.6033   999.2176      0.049 0.0000e+00
      4.473     0.0939      0.920     98.204  77.406924     3.0879      6.337   -18.5860 2.8745e-01     2.1494      4.388      6.365    14.5334   999.2280      0.046 0.0000e+00
      4.483     0.0934      0.914     98.434  77.528016     3.0032      6.339   -19.3182 2.8479e-01     2.0347      4.396      6.376    14.4873   999.2347      0.044 0.0000e+00
      4.491     0.0928      0.907     98.627  77.592092     2.9932      6.339   -19.9559 2.7038e-01     1.9791      4.403      6.387    14.4601   999.2387      0.043 0.0000e+00
      4.501     0.0920      0.899     98.601  77.481932     2.9742      6.334   -20.7036 2.5877e-01     2.0012      4.414      6.402    14.4319   999.2429      0.043 0.0000e+00
      4.511     0.0913      0.891     98.426  77.277219     2.9472      6.333   -21.3894 2.6082e-01     2.0724      4.424      6.416    14.4087   999.2462      0.044 0.0000e+00
      4.523     0.0913      0.890     98.266  77.088528     2.9363      6.334   -21.8800 2.6406e-01     2.1192      4.435      6.432    14.3859   999.2497      0.046 0.0000e+00
      4.538     0.0913      0.890     97.982  76.790460     2.9382      6.334   -22.3338 2.5428e-01     2.1092      4.451      6.455    14.3326   999.2576      0.048 0.0000e+00
      4.551     0.0919      0.895     97.525  76.344452     2.9092      6.339   -22.8326 2.4285e-01     2.0826      4.463      6.473    14.2799   999.2650      0.049 0.0000e+00
      4.562     0.0909      0.885     96.985  75.829784     2.8460      6.345   -23.2656 2.4175e-01     2.0590      4.474      6.488    14.2530   999.2687      0.049 0.0000e+00
      4.574     0.0887      0.862     96.306  75.210239     2.8153      6.346   -23.6114 2.4365e-01     2.0535      4.486      6.506    14.2237   999.2730      0.050 0.0000e+00
      4.587     0.0886      0.861     95.611  74.577183     2.8157      6.348   -23.9154 2.4257e-01     2.0823      4.498      6.524    14.1855   999.2784      0.051 0.0000e+00
      4.600     0.0892      0.866     94.947  73.962595     2.7900      6.352   -24.1021 2.3436e-01     2.0793      4.510      6.542    14.1383   999.2849      0.051 0.0000e+00
      4.614     0.0900      0.872     94.323  73.375353     2.7388      6.353   -24.3197 2.2465e-01     2.0490      4.524      6.561    14.0882   999.2918      0.051 0.0000e+00
      4.629     0.0909      0.880     93.970  73.009203     2.7001      6.349   -24.8259 2.1868e-01     2.0432      4.539      6.584    14.0444   999.2978      0.050 0.0000e+00
      4.642     0.0911      0.881     93.415  72.524149     2.6855      6.340   -25.4046 2.1231e-01     2.0430      4.553      6.605    13.9985   999.3040      0.049 0.0000e+00
