Data/DataNotYetUploadedToEDI/Raw_CTD/RawDownloads/091120_fcr50.cnv
* Sea-Bird SBE19plus  Data File:
* FileName = C:\DATA\091120_fcr50_0002.hex
* Software version 2.8.0.119
* Temperature SN = 7809
* Conductivity SN = 7809
* System UpLoad Time = Sep 11 2020 10:10:06
* <ApplicationData>
* <Seaterm232>
# nquan = 16
# nvalues = 3546                        
# units = specified
# name 0 = depFM: Depth [fresh water, m]
# name 1 = dz/dtM: Descent Rate [m/s]
# name 2 = sbeox0ML/L: Oxygen, SBE 43 [ml/l]
# name 3 = sbeox0PS: Oxygen, SBE 43 [% saturation]
# name 4 = specc: Specific Conductance [uS/cm]
# name 5 = c0uS/cm: Conductivity [uS/cm]
# name 6 = flECO-AFL: Fluorescence, WET Labs ECO-AFL/FL [mg/m^3]
# name 7 = ph: pH
# name 8 = orp: Oxidation Reduction Potential [mV]
# name 9 = par/sat/log: PAR/Logarithmic, Satlantic
# name 10 = turbWETntu0: Turbidity, WET Labs ECO [NTU]
# name 11 = prdM: Pressure, Strain Gauge [db]
# name 12 = prdE: Pressure, Strain Gauge [psi]
# name 13 = tv290C: Temperature [ITS-90, deg C]
# name 14 = density00: Density [density, kg/m^3]
# name 15 = flag:  0.000e+00
# span 0 =     -0.606,      9.623       
# span 1 =     -0.863,      3.857       
# span 2 =     0.0340,     6.8593       
# span 3 =      0.502,    117.391       
# span 4 =      1.719,    263.074       
# span 5 =   1.646125, 195.716238       
# span 6 =    -1.9344,    43.0492       
# span 7 =     14.959,     15.464       
# span 8 =  -248.2802,   869.8972       
# span 9 = 1.2348e-01, 3.6619e+02       
# span 10 =    -2.2930,   358.2938      
# span 11 =     -0.595,      9.438      
# span 12 =     -0.863,     13.689      
# span 13 =    12.1010,    24.5060      
# span 14 =   997.1906,   999.6310      
# span 15 = 0.0000e+00, 0.0000e+00      
# interval = seconds: 0.25
# start_time = Sep 10 2020 20:05:27 [Instrument's time stamp, header]
# bad_flag = -9.990e-29
*END*
[from data line 2351]
      8.417 1.2723e-11     2.4750     32.960     54.471  40.497586    -0.3826     15.448   226.1440 1.2373e-01    13.1642      8.254     11.971    12.1616   999.5415 0.0000e+00
      8.417 1.1566e-12     2.4747     32.969     54.446  40.478949    -0.3807     15.448   226.1450 1.2368e-01    13.0609      8.254     11.971    12.1652   999.5410 0.0000e+00
      8.417 1.0515e-13     2.4741     32.968     54.448  40.478973    -0.3784     15.449   226.0386 1.2367e-01    13.0715      8.254     11.971    12.1684   999.5406 0.0000e+00
      8.417 9.5590e-15     2.4726     32.967     54.477  40.497873    -0.3738     15.449   226.0625 1.2368e-01    13.1213      8.254     11.972    12.1701   999.5405 0.0000e+00
      8.417 8.6900e-16     2.4767     32.963     54.507  40.517044    -0.3726     15.449   226.4346 1.2365e-01    13.1132      8.254     11.971    12.1708   999.5404 0.0000e+00
      8.417 7.9000e-17     2.4764     32.974     54.516  40.520349    -0.3832     15.448   226.8376 1.2363e-01    13.1115      8.254     11.971    12.1705   999.5404 0.0000e+00
      8.417 7.1820e-18     2.4757     32.986     54.544  40.537821    -0.3867     15.448   227.0633 1.2368e-01    13.2036      8.254     11.971    12.1691   999.5406 0.0000e+00
      8.417 6.5290e-19     2.4773     32.989     54.547  40.537875    -0.3777     15.448   227.0983 1.2377e-01    13.2659      8.254     11.972    12.1668   999.5408 0.0000e+00
      8.417 5.9355e-20     2.4749     32.985     54.528  40.520996    -0.3795     15.449   227.0033 1.2375e-01    13.2465      8.254     11.971    12.1634   999.5413 0.0000e+00
      8.417 5.3960e-21     2.4774     32.957     54.537  40.524157    -0.3792     15.449   226.9469 1.2365e-01    13.1750      8.254     11.972    12.1606   999.5416 0.0000e+00
      8.417 4.9052e-22     2.4789     32.932     54.527  40.512617    -0.3555     15.449   227.0182 1.2361e-01    13.0190      8.254     11.972    12.1582   999.5419 0.0000e+00
      8.417 4.4593e-23     2.4778     32.940     54.527  40.508408    -0.3210     15.448   227.2631 1.2365e-01    12.9400      8.254     11.971    12.1558   999.5422 0.0000e+00
      8.417 4.0539e-24     2.4801     32.965     54.570  40.536733    -0.2864     15.448   227.5850 1.2367e-01    13.0090      8.254     11.972    12.1536   999.5424 0.0000e+00
      8.417 3.6854e-25     2.4763     32.976     54.575  40.537720    -0.2048     15.449   227.8125 1.2369e-01    13.0982      8.254     11.972    12.1500   999.5427 0.0000e+00
      8.417 3.3503e-26     2.4734     32.959     54.555  40.520344    -0.0877     15.450   227.7766 1.2372e-01    13.1262      8.254     11.972    12.1456   999.5433 0.0000e+00
      8.418 3.0458e-27     2.4753     32.948     54.554  40.517064    -0.0345     15.450   227.5817 1.2367e-01    13.1404      8.255     11.973    12.1423   999.5437 0.0000e+00
      8.418 2.7689e-28     2.4779     32.962     54.530  40.498050    -0.0287     15.450   227.5207 1.2361e-01    13.2015      8.255     11.973    12.1389   999.5441 0.0000e+00
      8.418 2.5172e-29     2.4801     32.965     54.508  40.480869    -0.0847     15.450   227.6420 1.2367e-01    13.2473      8.255     11.972    12.1361   999.5445 0.0000e+00
      8.418 2.2883e-30     2.4773     32.943     54.534  40.499753    -0.2240     15.450   227.9295 1.2375e-01    13.2484      8.255     11.973    12.1342   999.5446 0.0000e+00
      8.418 2.0803e-31     2.4752     32.916     54.583  40.535949    -0.3105     15.450   227.9857 1.2374e-01    13.2496      8.254     11.972    12.1321   999.5448 0.0000e+00
      8.418 1.8912e-32     2.4788     32.906     54.586  40.537667    -0.3200     15.450   227.6324 1.2368e-01    13.2271      8.255     11.973    12.1310   999.5450 0.0000e+00
      8.418 1.7205e-33     2.4790     32.912     54.562  40.520526    -0.3297     15.450   227.4434 1.2363e-01    13.1477      8.255     11.973    12.1305   999.5451 0.0000e+00
      8.418 1.7050e-34     2.4766     32.912     54.560  40.519124    -0.3518     15.450   227.6803 1.2362e-01    13.0786      8.255     11.973    12.1295   999.5452 0.0000e+00
      8.418 1.7050e-34     2.4741     32.911     54.562  40.520712    -0.3779     15.450   228.0875 1.2365e-01    13.0446      8.255     11.973    12.1289   999.5453 0.0000e+00
      8.418 1.7205e-33     2.4729     32.911     54.587  40.539726    -0.3966     15.449   228.0652 1.2372e-01    13.0116      8.255     11.973    12.1290   999.5453 0.0000e+00
      8.417 1.8912e-32     2.4749     32.917     54.612  40.558596    -0.3976     15.449   227.6682 1.2374e-01    12.9876      8.255     11.972    12.1295   999.5452 0.0000e+00
      8.417 2.0803e-31     2.4741     32.938     54.612  40.558443    -0.3609     15.450   227.5897 1.2367e-01    13.0636      8.255     11.972    12.1298   999.5452 0.0000e+00
      8.418 2.2883e-30     2.4741     32.949     54.584  40.537879    -0.3056     15.450   227.8038 1.2362e-01    13.2105      8.255     11.973    12.1299   999.5451 0.0000e+00
      8.418 2.5171e-29     2.4743     32.953     54.533  40.500382    -0.2917     15.450   228.1928 1.2361e-01    13.2530      8.255     11.973    12.1300   999.5452 0.0000e+00
      8.418 2.7689e-28     2.4735     32.965     54.512  40.485918    -0.3073     15.450   228.4203 1.2364e-01    13.2340      8.256     11.974    12.1301   999.5452 0.0000e+00
      8.418 3.0457e-27     2.4769     32.977     54.516  40.489946    -0.3316     15.450   228.1459 1.2368e-01    13.2895      8.255     11.973    12.1303   999.5451 0.0000e+00
      8.418 3.3503e-26     2.4774     32.986     54.509  40.485618    -0.3669     15.449   227.9732 1.2366e-01    13.4097      8.255     11.973    12.1305   999.5451 0.0000e+00
      8.418 3.6854e-25     2.4763     32.979     54.524  40.497062    -0.3818     15.449   228.0526 1.2364e-01    13.5189      8.255     11.973    12.1309   999.5450 0.0000e+00
      8.418 4.0539e-24     2.4787     32.966     54.528  40.501366    -0.3870     15.449   228.1590 1.2366e-01    13.5451      8.255     11.972    12.1315   999.5450 0.0000e+00
      8.418 4.4593e-23     2.4786     32.974     54.489  40.474178    -0.3826     15.450   228.3997 1.2369e-01    13.6581      8.255     11.973    12.1323   999.5449 0.0000e+00
      8.418 4.9052e-22     2.4804     32.974     54.501  40.485713    -0.3562     15.450   228.6394 1.2373e-01    13.9586      8.256     11.974    12.1330   999.5448 0.0000e+00
      8.418 5.3957e-21     2.4798     32.944     54.536  40.513887    -0.3349     15.450   228.8206 1.2373e-01    14.1574      8.256     11.974    12.1339   999.5447 0.0000e+00
      8.418 5.9353e-20     2.4766     32.912     54.511  40.497464    -0.3166     15.450   228.8705 1.2369e-01    14.1732      8.255     11.973    12.1350   999.5446 0.0000e+00
      8.418 6.5288e-19     2.4789     32.910     54.481  40.477567    -0.3256     15.450   228.8123 1.2371e-01    13.8744      8.255     11.973    12.1368   999.5444 0.0000e+00
      8.418 7.1817e-18     2.4795     32.915     54.459  40.463736    -0.3672     15.449   228.8905 1.2371e-01    13.3258      8.255     11.973    12.1392   999.5441 0.0000e+00
      8.418 7.8999e-17     2.4764     32.902     54.447  40.457190    -0.3909     15.449   229.2133 1.2368e-01    13.0336      8.255     11.973    12.1411   999.5439 0.0000e+00
      8.418 8.6899e-16     2.4722     32.901     54.450  40.461887    -0.3827     15.449   229.7038 1.2364e-01    13.0200      8.255     11.974    12.1431   999.5436 0.0000e+00
      8.418 9.5589e-15     2.4727     32.926     54.440  40.457065    -0.3637     15.450   230.0038 1.2363e-01    13.0584      8.255     11.973    12.1453   999.5433 0.0000e+00
      8.418 1.0515e-13     2.4750     32.957     54.445  40.462362    -0.3701     15.450   229.9153 1.2366e-01    13.0514      8.255     11.973    12.1474   999.5431 0.0000e+00
      8.418 1.1566e-12     2.4717     32.992     54.443  40.462467    -0.3939     15.450   229.6656 1.2370e-01    13.0041      8.255     11.974    12.1497   999.5428 0.0000e+00
      8.418 1.2723e-11     2.4710     33.017     54.437  40.458323    -0.4029     15.450   229.9966 1.2371e-01    12.9668      8.255     11.973    12.1522   999.5426 0.0000e+00
      8.418 1.3995e-10     2.4745     33.032     54.461  40.475735    -0.3846     15.450   230.7338 1.2370e-01    13.0464      8.255     11.973    12.1544   999.5424 0.0000e+00
      8.418 1.5395e-09     2.4755     33.043     54.471  40.482578    -0.3436     15.450   230.8355 1.2368e-01    13.2455      8.255     11.974    12.1561   999.5421 0.0000e+00
      8.418 1.6934e-08     2.4792     33.038     54.466  40.477585    -0.3179     15.449   230.7096 1.2368e-01    13.3142      8.255     11.974    12.1574   999.5419 0.0000e+00
      8.418 1.8627e-07     2.4808     33.017     54.470  40.478835    -0.3213     15.449   230.7610 1.2366e-01    13.2592      8.255     11.974    12.1579   999.5419 0.0000e+00
      8.419 1.8627e-07     2.4814     32.993     54.498  40.497692    -0.3281     15.449   231.0263 1.2366e-01    13.2676      8.256     11.975    12.1577   999.5419 0.0000e+00
      8.419 1.6934e-08     2.4834     32.985     54.524  40.515156    -0.2956     15.449   231.6805 1.2369e-01    13.3120      8.256     11.974    12.1567   999.5420 0.0000e+00
      8.419 1.5395e-09     2.4825     32.972     54.505  40.499562    -0.2236     15.450   232.0456 1.2367e-01    13.3157      8.255     11.974    12.1556   999.5422 0.0000e+00
      8.419 1.3995e-10     2.4813     32.959     54.507  40.499577    -0.1812     15.451   231.9995 1.2361e-01    13.2781      8.256     11.974    12.1544   999.5423 0.0000e+00
      8.418 1.2723e-11     2.4778     32.970     54.530  40.515328    -0.1933     15.450   231.8117 1.2358e-01    13.2347      8.255     11.974    12.1524   999.5426 0.0000e+00
      8.418 1.1566e-12     2.4794     32.997     54.510  40.499578    -0.2461     15.450   231.5813 1.2365e-01    13.2371      8.255     11.973    12.1508   999.5428 0.0000e+00
      8.419 1.0515e-13     2.4780     33.031     54.510  40.499563    -0.3246     15.450   231.6223 1.2374e-01    13.2730      8.256     11.974    12.1494   999.5429 0.0000e+00
      8.419 9.5590e-15     2.4755     33.051     54.530  40.515157    -0.3695     15.450   231.8774 1.2375e-01    13.2906      8.256     11.974    12.1473   999.5431 0.0000e+00
      8.419 8.6900e-16     2.4778     33.064     54.505  40.497694    -0.3698     15.450   232.2566 1.2372e-01    13.2791      8.255     11.973    12.1461   999.5433 0.0000e+00
      8.419 7.9000e-17     2.4790     33.096     54.477  40.478846    -0.3274     15.450   232.5934 1.2365e-01    13.3053      8.256     11.974    12.1460   999.5433 0.0000e+00
      8.419 7.1820e-18     2.4830     33.126     54.474  40.477700    -0.2393     15.450   232.5945 1.2361e-01    13.4009      8.255     11.973    12.1455   999.5433 0.0000e+00
      8.419 6.5290e-19     2.4844     33.144     54.484  40.483838    -0.1817     15.450   232.3563 1.2365e-01    13.4740      8.256     11.974    12.1460   999.5433 0.0000e+00
      8.419 5.9355e-20     2.4833     33.148     54.494  40.489587    -0.1832     15.449   232.1220 1.2369e-01    13.5025      8.255     11.973    12.1478   999.5430 0.0000e+00
      8.419 5.3960e-21     2.4874     33.128     54.490  40.483726    -0.2300     15.449   232.1707 1.2366e-01    13.4369      8.256     11.974    12.1496   999.5428 0.0000e+00
      8.418 4.9052e-22     2.4898     33.100     54.485  40.476443    -0.2983     15.450   232.5143 1.2364e-01    13.2991      8.255     11.973    12.1503   999.5428 0.0000e+00
      8.418 4.4593e-23     2.4904     33.072     54.474  40.464999    -0.3218     15.450   232.7495 1.2364e-01    13.2431      8.255     11.973    12.1500   999.5428 0.0000e+00
      8.419 4.0539e-24     2.4924     33.051     54.488  40.472306    -0.3043     15.450   232.4332 1.2368e-01    13.2406      8.256     11.974    12.1481   999.5430 0.0000e+00
      8.419 3.6854e-25     2.4891     33.022     54.529  40.501309    -0.2773     15.451   231.8732 1.2368e-01    13.2347      8.256     11.974    12.1447   999.5435 0.0000e+00
      8.419 3.3503e-26     2.4884     32.980     54.526  40.498309    -0.2532     15.451   231.8301 1.2369e-01    13.2061      8.256     11.974    12.1416   999.5438 0.0000e+00
      8.419 3.0458e-27     2.4852     32.945     54.529  40.499506    -0.2516     15.451   232.2556 1.2376e-01    13.1691      8.256     11.974    12.1387   999.5441 0.0000e+00
      8.418 2.7689e-28     2.4846     32.937     54.551  40.515778    -0.2494     15.450   232.6298 1.2380e-01    13.2005      8.255     11.973    12.1360   999.5444 0.0000e+00
      8.418 2.5172e-29     2.4832     32.952     54.536  40.504631    -0.2449     15.450   232.4826 1.2374e-01    13.2419      8.256     11.974    12.1344   999.5447 0.0000e+00
      8.418 2.2883e-30     2.4784     32.961     54.519  40.491675    -0.2648     15.451   232.1113 1.2368e-01    13.2914      8.256     11.974    12.1333   999.5448 0.0000e+00
      8.418 2.0803e-31     2.4763     32.975     54.511  40.486073    -0.2991     15.451   232.0978 1.2372e-01    13.3877      8.255     11.973    12.1325   999.5448 0.0000e+00
      8.418 1.8912e-32     2.4742     32.985     54.530  40.500381    -0.3248     15.451   232.2332 1.2376e-01    13.4106      8.256     11.974    12.1323   999.5449 0.0000e+00
      8.418 1.7192e-33     2.4787     32.961     54.580  40.537722    -0.3276     15.451   232.4587 1.2376e-01    13.4309      8.256     11.974    12.1323   999.5449 0.0000e+00
      8.418 1.5629e-34     2.4770     32.933     54.605  40.556709    -0.3142     15.451   232.6724 1.2379e-01    13.4954      8.255     11.973    12.1323   999.5449 0.0000e+00
      8.418 1.4209e-35     2.4785     32.929     54.581  40.539536    -0.2966     15.452   232.4949 1.2378e-01    13.5047      8.256     11.975    12.1324   999.5449 0.0000e+00
      8.418 1.2917e-36     2.4812     32.919     54.556  40.520509    -0.2966     15.452   232.2054 1.2373e-01    13.4744      8.256     11.974    12.1327   999.5448 0.0000e+00
      8.418 1.1743e-37     2.4779     32.908     54.553  40.517077    -0.3131     15.451   232.1827 1.2372e-01    13.4384      8.256     11.974    12.1332   999.5448 0.0000e+00
      8.418 1.0675e-38     2.4740     32.916     54.529  40.498036    -0.2957     15.451   232.3072 1.2366e-01    13.4459      8.256     11.974    12.1341   999.5447 0.0000e+00
      8.418 9.7050e-40     2.4760     32.920     54.509  40.480696    -0.2584     15.451   232.4187 1.2365e-01    13.4628      8.256     11.974    12.1347   999.5446 0.0000e+00
      8.419 8.8225e-41     2.4753     32.930     54.534  40.497848    -0.2436     15.450   232.6717 1.2367e-01    13.4717      8.256     11.975    12.1340   999.5447 0.0000e+00
      8.419 8.0205e-42     2.4718     32.942     54.558  40.514993    -0.2406     15.450   233.0423 1.2365e-01    13.4838      8.256     11.975    12.1328   999.5449 0.0000e+00
      8.419 7.2915e-43     2.4761     32.952     54.534  40.497577    -0.2508     15.450   233.2000 1.2370e-01    13.4377      8.256     11.974    12.1310   999.5450 0.0000e+00
      8.419 6.6285e-44     2.4737     32.959     54.504  40.477693    -0.2621     15.450   233.1163 1.2370e-01    13.3609      8.256     11.974    12.1288   999.5453 0.0000e+00
      8.419 6.0260e-45     2.4761     32.962     54.485  40.464998    -0.2536     15.451   233.0627 1.2361e-01    13.2757      8.256     11.974    12.1273   999.5455 0.0000e+00
      8.419 5.4780e-46     2.4766     32.964     54.492  40.471042    -0.2337     15.452   233.4121 1.2363e-01    13.2319      8.256     11.974    12.1272   999.5455 0.0000e+00
      8.419 4.9801e-47     2.4774     32.958     54.513  40.487290    -0.2403     15.452   233.9852 1.2373e-01    13.2429      8.256     11.974    12.1280   999.5454 0.0000e+00
