Data/DataNotYetUploadedToEDI/Raw_CTD/RawDownloads/091119_fcr50.cnv
* Sea-Bird SBE19plus  Data File:
* FileName = C:\DATA\091119_fcr50_0001.hex
* Software version 2.8.0.119 SB_Terminal.dll
* Temperature SN = 7809
* Conductivity SN = 7809
* System UpLoad Time = Sep 11 2019 09:54:56
* <ApplicationData>
* <Seaterm232>
# nquan = 16
# nvalues = 670                         
# units = specified
# name 0 = depFM: Depth [fresh water, m]
# name 1 = sbeox0Mg/L: Oxygen, SBE 43 [mg/l]
# name 2 = sbeox0PS: Oxygen, SBE 43 [% saturation]
# name 3 = specc: Specific Conductance [uS/cm]
# name 4 = c0uS/cm: Conductivity [uS/cm]
# name 5 = flECO-AFL: Fluorescence, WET Labs ECO-AFL/FL [mg/m^3]
# name 6 = ph: pH
# name 7 = orp: Oxidation Reduction Potential [mV]
# name 8 = par/sat/log: PAR/Logarithmic, Satlantic
# name 9 = turbWETntu0: Turbidity, WET Labs ECO [NTU]
# name 10 = prdM: Pressure, Strain Gauge [db]
# name 11 = prdE: Pressure, Strain Gauge [psi]
# name 12 = tv290C: Temperature [ITS-90, deg C]
# name 13 = density00: Density [density, kg/m^3]
# name 14 = dz/dtM: Descent Rate [m/s]
# name 15 = flag:  0.000e+00
# span 0 =     -0.498,      9.701       
# span 1 =    -0.0183,     8.5187       
# span 2 =     -0.175,    102.352       
# span 3 =      0.982,    412.132       
# span 4 =   0.982684, 312.472629       
# span 5 =    -0.1306,    22.9412       
# span 6 =     -2.331,      7.830       
# span 7 = -1240.7455,   225.4256       
# span 8 = 1.2355e-01, 9.9865e+02       
# span 9 =    -0.5455,    18.8173       
# span 10 =     -0.489,      9.514      
# span 11 =     -0.710,     13.800      
# span 12 =    12.2834,    25.0677      
# span 13 =   997.0358,   999.6180      
# span 14 =     -0.004,      0.256      
# span 15 = 0.0000e+00, 0.0000e+00      
# interval = seconds: 0.25
# start_time = Sep 11 2019 09:39:12 [Instrument's time stamp, header]
# bad_flag = -9.990e-29
*END*
[from data line 452]
      5.247     0.4977      4.666     54.311  40.677194     0.8446      6.157    26.1126 1.2376e-01    10.7073      5.142      7.459    12.4751   999.4897      0.088 0.0000e+00
      5.272     0.5026      4.711     54.329  40.683428     0.8447      6.157    26.9354 1.2372e-01    10.9668      5.171      7.500    12.4688   999.4906      0.088 0.0000e+00
      5.297     0.5033      4.717     54.345  40.689181     0.8555      6.157    27.6947 1.2371e-01    10.9820      5.197      7.538    12.4609   999.4916      0.088 0.0000e+00
      5.319     0.5028      4.712     54.345  40.683258     0.9232      6.156    28.6675 1.2369e-01    11.0872      5.217      7.567    12.4518   999.4927      0.089 0.0000e+00
      5.337     0.5043      4.726     54.340  40.675296     1.0307      6.155    29.6633 1.2365e-01    11.2231      5.234      7.591    12.4454   999.4937      0.091 0.0000e+00
      5.357     0.5042      4.724     54.320  40.656393     1.0885      6.154    30.6143 1.2364e-01    11.2817      5.251      7.616    12.4395   999.4944      0.093 0.0000e+00
      5.382     0.5037      4.718     54.312  40.645168     1.0931      6.153    31.9928 1.2364e-01    11.2716      5.277      7.654    12.4323   999.4954      0.097 0.0000e+00
      5.410     0.5039      4.720     54.349  40.666533     1.0345      6.155    33.5104 1.2367e-01    11.1985      5.306      7.697    12.4267   999.4962      0.101 0.0000e+00
      5.438     0.5024      4.705     54.349  40.660765     0.9262      6.162    34.5090 1.2371e-01    11.0862      5.333      7.734    12.4231   999.4968      0.104 0.0000e+00
      5.465     0.5013      4.695     54.327  40.638908     0.8682      6.167    35.2048 1.2370e-01    11.0604      5.358      7.772    12.4204   999.4972      0.105 0.0000e+00
      5.493     0.5020      4.701     54.356  40.656208     0.8530      6.161    35.9009 1.2370e-01    11.0831      5.387      7.814    12.4163   999.4978      0.103 0.0000e+00
      5.520     0.5029      4.708     54.392  40.679467     0.8466      6.143    37.3331 1.2372e-01    11.0661      5.416      7.855    12.4095   999.4988      0.101 0.0000e+00
      5.544     0.5045      4.723     54.381  40.666177     0.8594      6.133    39.3568 1.2374e-01    11.0195      5.438      7.887    12.4027   999.4998      0.100 0.0000e+00
      5.567     0.5065      4.741     54.329  40.622484     0.8873      6.137    40.6668 1.2378e-01    10.9783      5.459      7.917    12.3984   999.5003      0.100 0.0000e+00
      5.592     0.5083      4.758     54.300  40.595580     0.9149      6.147    41.1268 1.2377e-01    10.9935      5.484      7.953    12.3953   999.5008      0.101 0.0000e+00
      5.618     0.5108      4.781     54.305  40.594839     0.9158      6.158    41.3913 1.2371e-01    11.0398      5.510      7.991    12.3915   999.5014      0.103 0.0000e+00
      5.645     0.5145      4.815     54.336  40.613505     0.8719      6.166    42.2296 1.2369e-01    11.1123      5.536      8.028    12.3871   999.5021      0.104 0.0000e+00
      5.673     0.5198      4.865     54.363  40.630800     0.8094      6.167    43.6054 1.2375e-01    11.2141      5.562      8.067    12.3828   999.5027      0.104 0.0000e+00
      5.703     0.5263      4.925     54.342  40.613485     0.7839      6.163    44.7754 1.2378e-01    11.2544      5.593      8.111    12.3788   999.5033      0.102 0.0000e+00
      5.730     0.5322      4.980     54.319  40.594610     0.7893      6.156    45.6213 1.2372e-01    11.2399      5.622      8.154    12.3742   999.5040      0.097 0.0000e+00
      5.754     0.5386      5.040     54.321  40.593049     0.7873      6.150    46.1754 1.2367e-01    11.1692      5.643      8.185    12.3691   999.5047      0.091 0.0000e+00
      5.774     0.5456      5.105     54.326  40.594610     0.7774      6.150    46.4850 1.2367e-01    11.0547      5.662      8.212    12.3656   999.5052      0.084 0.0000e+00
      5.794     0.5514      5.159     54.353  40.613485     0.7734      6.155    46.8698 1.2369e-01    11.0035      5.682      8.241    12.3653   999.5053      0.076 0.0000e+00
      5.814     0.5565      5.207     54.378  40.630800     0.7830      6.160    47.4719 1.2369e-01    11.0091      5.703      8.272    12.3644   999.5054      0.073 0.0000e+00
      5.830     0.5606      5.245     54.355  40.613500     0.8150      6.160    48.2584 1.2367e-01    11.0244      5.719      8.296    12.3613   999.5060      0.074 0.0000e+00
      5.844     0.5625      5.263     54.330  40.594767     0.8479      6.159    49.1523 1.2367e-01    11.0244      5.730      8.311    12.3586   999.5064      0.078 0.0000e+00
      5.860     0.5620      5.258     54.329  40.594767     0.8517      6.157    50.0198 1.2364e-01    11.0088      5.743      8.330    12.3578   999.5065      0.084 0.0000e+00
      5.884     0.5616      5.255     54.352  40.613499     0.8436      6.155    50.3162 1.2364e-01    11.0001      5.768      8.367    12.3569   999.5068      0.091 0.0000e+00
      5.914     0.5622      5.260     54.374  40.630790     0.8537      6.153    50.1545 1.2364e-01    11.0172      5.800      8.412    12.3560   999.5070      0.099 0.0000e+00
      5.941     0.5617      5.255     54.354  40.613375     0.8877      6.148    50.5599 1.2366e-01    11.0517      5.827      8.451    12.3558   999.5071      0.106 0.0000e+00
      5.967     0.5612      5.250     54.332  40.593393     0.9071      6.145    51.6039 1.2371e-01    11.0558      5.851      8.486    12.3562   999.5072      0.109 0.0000e+00
      5.996     0.5608      5.246     54.319  40.579647     0.8977      6.143    52.6256 1.2369e-01    11.0348      5.879      8.527    12.3585   999.5071      0.107 0.0000e+00
      6.027     0.5609      5.246     54.316  40.574141     0.8953      6.142    52.7604 1.2362e-01    11.0268      5.912      8.575    12.3598   999.5071      0.102 0.0000e+00
      6.055     0.5623      5.258     54.342  40.590298     0.8957      6.140    52.2008 1.2361e-01    11.0583      5.941      8.616    12.3575   999.5075      0.098 0.0000e+00
      6.077     0.5628      5.263     54.337  40.584529     0.8759      6.138    52.1405 1.2367e-01    11.0878      5.961      8.646    12.3537   999.5080      0.094 0.0000e+00
      6.097     0.5644      5.278     54.316  40.567877     0.8558      6.136    52.8917 1.2367e-01    11.0545      5.977      8.670    12.3500   999.5086      0.089 0.0000e+00
      6.117     0.5688      5.320     54.331  40.579420     0.8433      6.135    54.0567 1.2364e-01    11.0166      5.997      8.699    12.3469   999.5090      0.085 0.0000e+00
      6.140     0.5750      5.378     54.354  40.597121     0.8297      6.133    54.9542 1.2367e-01    11.0559      6.021      8.733    12.3437   999.5095      0.084 0.0000e+00
      6.162     0.5810      5.434     54.348  40.591432     0.8294      6.130    55.3115 1.2369e-01    11.1693      6.044      8.766    12.3419   999.5098      0.088 0.0000e+00
      6.183     0.5857      5.478     54.327  40.574122     0.8484      6.123    55.6239 1.2369e-01    11.2730      6.063      8.795    12.3412   999.5100      0.093 0.0000e+00
      6.203     0.5901      5.518     54.335  40.578285     0.8600      6.071    56.0639 1.2370e-01    11.2945      6.081      8.819    12.3415   999.5100      0.095 0.0000e+00
      6.228     0.5933      5.548     54.337  40.578276     0.8394      5.996    56.5014 1.2369e-01    11.1986      6.104      8.853    12.3429   999.5100      0.094 0.0000e+00
      6.260     0.5949      5.563     54.333  40.574017     0.8069      5.994    57.4731 1.2365e-01    11.0650      6.140      8.905    12.3415   999.5103      0.091 0.0000e+00
      6.289     0.5952      5.565     54.359  40.590277     0.7969      6.048    58.6923 1.2361e-01    11.0228      6.173      8.952    12.3389   999.5108      0.088 0.0000e+00
      6.309     0.5957      5.570     54.355  40.584411     0.8046      6.090    59.2826 1.2358e-01    11.0159      6.189      8.977    12.3372   999.5111      0.086 0.0000e+00
      6.322     0.5965      5.577     54.335  40.566568     0.8312      6.114    59.6202 1.2360e-01    10.9158      6.198      8.990    12.3370   999.5111      0.085 0.0000e+00
      6.337     0.5951      5.564     54.334  40.564988     0.8767      6.124    59.9356 1.2363e-01    10.7959      6.211      9.008    12.3363   999.5112      0.084 0.0000e+00
      6.359     0.5936      5.550     54.333  40.565318     0.9038      6.129    60.0849 1.2363e-01    10.7793      6.234      9.041    12.3326   999.5118      0.087 0.0000e+00
      6.387     0.5921      5.536     54.338  40.570550     0.9078      6.132    60.9084 1.2367e-01    10.8133      6.264      9.086    12.3289   999.5124      0.093 0.0000e+00
      6.415     0.5904      5.520     54.329  40.564769     0.9072      6.133    62.4072 1.2371e-01    10.9441      6.292      9.126    12.3259   999.5129      0.098 0.0000e+00
      6.441     0.5899      5.515     54.323  40.558908     0.9142      6.132    63.2355 1.2371e-01    11.1487      6.316      9.161    12.3253   999.5131      0.100 0.0000e+00
      6.465     0.5892      5.509     54.330  40.563167     0.9231      6.129    63.2659 1.2374e-01    11.2219      6.341      9.197    12.3275   999.5129      0.100 0.0000e+00
      6.489     0.5870      5.488     54.316  40.552778     0.9190      6.127    63.2911 1.2375e-01    11.2064      6.363      9.229    12.3296   999.5128      0.098 0.0000e+00
      6.514     0.5841      5.462     54.326  40.560273     0.8986      6.125    63.9706 1.2372e-01    11.1915      6.387      9.264    12.3305   999.5128      0.096 0.0000e+00
      6.541     0.5827      5.448     54.367  40.590289     0.8678      6.124    65.2006 1.2372e-01    11.1402      6.415      9.305    12.3282   999.5132      0.095 0.0000e+00
      6.566     0.5818      5.440     54.381  40.598259     0.8500      6.121    66.1173 1.2372e-01    11.0770      6.441      9.341    12.3270   999.5135      0.095 0.0000e+00
      6.588     0.5805      5.428     54.376  40.593151     0.8483      6.116    66.5362 1.2371e-01    11.0497      6.461      9.370    12.3276   999.5134      0.095 0.0000e+00
      6.608     0.5802      5.425     54.374  40.592015     0.8560      6.071    66.9104 1.2372e-01    11.0727      6.479      9.396    12.3275   999.5135      0.094 0.0000e+00
      6.632     0.5804      5.427     54.363  40.584521     0.9083      6.006    67.4589 1.2369e-01    11.1916      6.502      9.430    12.3269   999.5138      0.093 0.0000e+00
      6.660     0.5792      5.415     54.339  40.566041     0.9958      6.003    68.0056 1.2363e-01    11.4049      6.532      9.474    12.3245   999.5142      0.091 0.0000e+00
      6.687     0.5794      5.417     54.332  40.559025     1.0378      6.048    68.4445 1.2359e-01    11.5223      6.560      9.514    12.3231   999.5145      0.091 0.0000e+00
      6.708     0.5812      5.434     54.341  40.563179     1.0337      6.082    68.8067 1.2362e-01    11.4968      6.579      9.543    12.3241   999.5145      0.090 0.0000e+00
      6.728     0.5806      5.428     54.329  40.552771     1.0596      6.101    69.1155 1.2367e-01    11.3923      6.597      9.568    12.3256   999.5144      0.087 0.0000e+00
      6.748     0.5795      5.417     54.341  40.560159     1.1258      6.110    69.3397 1.2366e-01    11.2085      6.616      9.595    12.3245   999.5147      0.086 0.0000e+00
      6.770     0.5786      5.409     54.380  40.589021     1.1661      6.113    69.6239 1.2365e-01    11.0768      6.638      9.627    12.3218   999.5150      0.086 0.0000e+00
      6.793     0.5781      5.404     54.374  40.584301     1.1651      6.113    70.2291 1.2365e-01    11.0452      6.662      9.662    12.3202   999.5154      0.089 0.0000e+00
      6.815     0.5789      5.411     54.349  40.566570     1.1397      6.111    70.8925 1.2368e-01    11.0563      6.684      9.693    12.3186   999.5156      0.093 0.0000e+00
      6.839     0.5787      5.409     54.346  40.565105     1.1014      6.108    71.2789 1.2369e-01    11.0793      6.706      9.726    12.3172   999.5158      0.096 0.0000e+00
      6.865     0.5768      5.391     54.349  40.566579     1.0841      6.105    71.4586 1.2360e-01    11.0945      6.731      9.763    12.3166   999.5161      0.097 0.0000e+00
      6.891     0.5751      5.376     54.374  40.584396     1.0867      6.101    71.7743 1.2355e-01    11.1087      6.758      9.800    12.3165   999.5162      0.096 0.0000e+00
      6.918     0.5755      5.379     54.381  40.590063     1.0902      6.071    72.2573 1.2360e-01    11.0870      6.785      9.840    12.3176   999.5162      0.096 0.0000e+00
      6.943     0.5773      5.395     54.355  40.571617     1.0914      6.025    72.6513 1.2362e-01    11.0284      6.811      9.878    12.3183   999.5162      0.096 0.0000e+00
      6.965     0.5783      5.405     54.329  40.551826     1.0922      6.019    73.0115 1.2365e-01    10.9904      6.830      9.906    12.3168   999.5165      0.096 0.0000e+00
      6.985     0.5782      5.404     54.317  40.541228     1.0908      6.039    73.4286 1.2367e-01    10.9883      6.847      9.930    12.3157   999.5167      0.095 0.0000e+00
      7.010     0.5785      5.406     54.358  40.570446     1.0741      6.048    74.0814 1.2365e-01    11.0693      6.873      9.968    12.3170   999.5167      0.095 0.0000e+00
      7.038     0.5806      5.426     54.383  40.587661     1.0462      6.055    74.9676 1.2364e-01    11.2152      6.904     10.013    12.3185   999.5166      0.095 0.0000e+00
      7.064     0.5820      5.439     54.347  40.558902     1.0317      6.062    75.6258 1.2365e-01    11.2778      6.928     10.049    12.3177   999.5169      0.096 0.0000e+00
      7.086     0.5804      5.424     54.324  40.540160     1.0284      6.066    75.9302 1.2365e-01    11.2684      6.948     10.078    12.3162   999.5171      0.096 0.0000e+00
      7.108     0.5780      5.402     54.340  40.551513     1.0333      6.070    76.1527 1.2365e-01    11.2986      6.969     10.107    12.3148   999.5174      0.094 0.0000e+00
      7.133     0.5776      5.398     54.365  40.569198     1.0996      6.072    76.4242 1.2371e-01    11.3801      6.995     10.145    12.3129   999.5178      0.091 0.0000e+00
      7.159     0.5772      5.395     54.358  40.563526     1.2137      6.073    76.8028 1.2373e-01    11.4677      7.022     10.184    12.3117   999.5180      0.088 0.0000e+00
      7.182     0.5776      5.398     54.334  40.546424     1.2691      6.074    77.3753 1.2369e-01    11.5064      7.043     10.216    12.3108   999.5182      0.085 0.0000e+00
      7.202     0.5790      5.411     54.340  40.552875     1.2662      6.074    78.0979 1.2369e-01    11.4866      7.065     10.246    12.3094   999.5185      0.081 0.0000e+00
      7.222     0.5782      5.404     54.370  40.578041     1.1958      6.073    78.7419 1.2368e-01    11.2936      7.084     10.274    12.3086   999.5187      0.079 0.0000e+00
      7.240     0.5781      5.404     54.393  40.596764     1.0595      6.073    78.7956 1.2366e-01    10.9766      7.100     10.297    12.3085   999.5188      0.079 0.0000e+00
      7.256     0.5794      5.416     54.384  40.588794     0.9794      6.072    78.4888 1.2368e-01    10.8320      7.114     10.318    12.3089   999.5188      0.083 0.0000e+00
      7.275     0.5797      5.419     54.329  40.545153     0.9645      6.070    78.7323 1.2368e-01    10.8232      7.133     10.345    12.3111   999.5185      0.089 0.0000e+00
      7.300     0.5782      5.405     54.289  40.513515     0.9837      6.070    79.5890 1.2366e-01    10.9364      7.157     10.381    12.3147   999.5183      0.094 0.0000e+00
      7.329     0.5761      5.385     54.304  40.523696     1.0288      6.073    80.5015 1.2370e-01    11.1519      7.187     10.425    12.3159   999.5183      0.099 0.0000e+00
      7.358     0.5759      5.382     54.327  40.541275     1.0420      6.075    80.4716 1.2366e-01    11.2334      7.218     10.468    12.3137   999.5187      0.103 0.0000e+00
