Data/DataNotYetUploadedToEDI/Raw_CTD/RawDownloads/091119_fcr45.cnv
* Sea-Bird SBE19plus  Data File:
* FileName = C:\DATA\091119_fcr50_0_0004.hex
* Software version 2.8.0.119 SB_Terminal.dll
* Temperature SN = 7809
* Conductivity SN = 7809
* System UpLoad Time = Sep 11 2019 16:22:23
* <ApplicationData>
* <Seaterm232>
# nquan = 16
# nvalues = 411                         
# units = specified
# name 0 = depFM: Depth [fresh water, m]
# name 1 = sbeox0Mg/L: Oxygen, SBE 43 [mg/l]
# name 2 = sbeox0PS: Oxygen, SBE 43 [% saturation]
# name 3 = specc: Specific Conductance [uS/cm]
# name 4 = c0uS/cm: Conductivity [uS/cm]
# name 5 = flECO-AFL: Fluorescence, WET Labs ECO-AFL/FL [mg/m^3]
# name 6 = ph: pH
# name 7 = orp: Oxidation Reduction Potential [mV]
# name 8 = par/sat/log: PAR/Logarithmic, Satlantic
# name 9 = turbWETntu0: Turbidity, WET Labs ECO [NTU]
# name 10 = prdM: Pressure, Strain Gauge [db]
# name 11 = prdE: Pressure, Strain Gauge [psi]
# name 12 = tv290C: Temperature [ITS-90, deg C]
# name 13 = density00: Density [density, kg/m^3]
# name 14 = dz/dtM: Descent Rate [m/s]
# name 15 = flag:  0.000e+00
# span 0 =     -0.487,      6.544       
# span 1 =     0.0832,     9.4187       
# span 2 =      0.956,    113.640       
# span 3 =      1.714,     86.606       
# span 4 =   1.611355,  68.588471       
# span 5 =    -0.4212,    15.8759       
# span 6 =      6.521,      7.345       
# span 7 =    20.8161,   154.6178       
# span 8 = 1.2349e-01, 1.2775e+03       
# span 9 =    -4.1987,    23.1136       
# span 10 =     -0.477,      6.418      
# span 11 =     -0.693,      9.308      
# span 12 =    12.2553,    24.9347      
# span 13 =   997.0830,   999.5216      
# span 14 =     -0.002,      0.224      
# span 15 = 0.0000e+00, 0.0000e+00      
# interval = seconds: 0.25
# start_time = Sep 11 2019 11:07:02 [Instrument's time stamp, header]
# bad_flag = -9.990e-29
*END*
[from data line 91]
      0.355     7.4078     89.330     38.194  38.045227     1.4713      7.151    75.9010 7.4698e+02     5.1087      0.349      0.506    24.7848   997.1218      0.002 0.0000e+00
      0.354     7.3905     89.123     38.162  38.014061     1.4630      7.151    76.0177 7.3910e+02     5.0907      0.348      0.504    24.7849   997.1218      0.002 0.0000e+00
      0.354     7.3675     88.842     38.130  37.980119     1.4603      7.151    76.0738 7.5656e+02     5.0905      0.347      0.503    24.7889   997.1208      0.002 0.0000e+00
      0.355     7.3340     88.429     38.105  37.952221     1.4643      7.150    76.2352 7.7091e+02     5.1057      0.348      0.505    24.7952   997.1192      0.002 0.0000e+00
      0.356     7.2877     87.860     38.088  37.930651     1.4766      7.149    76.5072 7.7201e+02     5.0123      0.349      0.507    24.8010   997.1178      0.002 0.0000e+00
      0.357     7.2332     87.191     38.073  37.909743     1.4959      7.147    76.6082 7.8747e+02     4.8137      0.350      0.508    24.8022   997.1175      0.002 0.0000e+00
      0.358     7.1788     86.525     38.059  37.889837     1.5072      7.145    76.5112 7.8468e+02     4.7035      0.351      0.510    24.7985   997.1184      0.002 0.0000e+00
      0.358     7.1288     85.912     38.054  37.880394     1.5093      7.143    76.4526 7.5470e+02     4.7281      0.352      0.511    24.7936   997.1197      0.001 0.0000e+00
      0.358     7.0839     85.360     38.037  37.859038     1.5123      7.141    76.4157 7.3479e+02     4.7512      0.351      0.509    24.7874   997.1212      0.000 0.0000e+00
      0.358     7.0453     84.882     38.006  37.822033     1.5173      7.140    76.3234 7.3934e+02     4.7201      0.350      0.508    24.7797   997.1231     -0.001 0.0000e+00
      0.358     7.0098     84.441     38.004  37.813825     1.5185      7.141    76.2822 7.6621e+02     4.6791      0.351      0.509    24.7724   997.1250     -0.002 0.0000e+00
      0.357     6.9716     83.971     38.019  37.823261     1.5178      7.142    76.3477 7.7440e+02     4.6824      0.350      0.508    24.7659   997.1266     -0.002 0.0000e+00
      0.356     6.9327     83.497     38.007  37.809165     1.5343      7.142    76.5133 7.6202e+02     4.7273      0.349      0.507    24.7597   997.1282     -0.001 0.0000e+00
      0.355     6.8939     83.031     37.968  37.770336     1.5621      7.142    76.7368 7.6422e+02     4.7298      0.348      0.505    24.7520   997.1302      0.000 0.0000e+00
      0.355     6.8529     82.538     37.932  37.734641     1.5686      7.141    76.8113 7.7263e+02     4.6808      0.348      0.505    24.7421   997.1326      0.001 0.0000e+00
      0.356     6.8104     82.030     37.954  37.758438     1.5687      7.141    76.7263 7.7678e+02     4.6582      0.349      0.506    24.7346   997.1345      0.004 0.0000e+00
      0.357     6.7702     81.551     37.997  37.804161     1.6070      7.140    76.6557 7.6283e+02     4.7188      0.350      0.508    24.7325   997.1351      0.008 0.0000e+00
      0.358     6.7366     81.148     37.970  37.779675     1.6676      7.138    76.7326 7.3902e+02     4.8573      0.350      0.508    24.7331   997.1348      0.012 0.0000e+00
      0.362     6.7076     80.798     37.907  37.716283     1.6951      7.137    76.9676 7.4366e+02     4.9553      0.354      0.513    24.7340   997.1346      0.015 0.0000e+00
      0.368     6.6770     80.424     37.867  37.672456     1.6880      7.136    77.0873 7.6354e+02     4.9545      0.360      0.523    24.7366   997.1341      0.016 0.0000e+00
      0.374     6.6438     80.014     37.830  37.630610     1.6855      7.136    76.9757 7.5996e+02     4.9128      0.367      0.532    24.7411   997.1330      0.016 0.0000e+00
      0.380     6.6068     79.561     37.795  37.591170     1.6995      7.136    76.9087 7.2496e+02     4.8445      0.374      0.542    24.7435   997.1324      0.012 0.0000e+00
      0.384     6.5608     79.004     37.781  37.576436     1.7105      7.135    77.0513 7.0105e+02     4.7833      0.377      0.547    24.7429   997.1325      0.007 0.0000e+00
      0.385     6.5065     78.349     37.784  37.579406     1.7053      7.134    77.2378 7.1713e+02     4.7628      0.378      0.549    24.7387   997.1336      0.002 0.0000e+00
      0.383     6.4511     77.678     37.834  37.627081     1.6878      7.131    77.4425 7.3482e+02     4.7287      0.376      0.546    24.7296   997.1358      0.002 0.0000e+00
      0.378     6.4026     77.088     37.984  37.772016     1.6814      7.121    77.8055 7.2851e+02     4.7638      0.370      0.537    24.7231   997.1375      0.008 0.0000e+00
      0.375     6.3809     76.817     38.217  37.998811     1.6976      7.105    78.2722 7.2924e+02     4.8928      0.366      0.531    24.7226   997.1376      0.018 0.0000e+00
      0.377     6.4348     77.461     38.433  38.211036     1.7107      7.092    78.6114 7.3110e+02     4.9441      0.366      0.530    24.7248   997.1370      0.030 0.0000e+00
      0.388     6.6370     79.916     38.519  38.306751     1.7090      7.089    78.8088 7.0711e+02     4.9249      0.375      0.544    24.7192   997.1386      0.041 0.0000e+00
      0.410     7.0211     84.582     38.524  38.330897     1.7285      7.092    79.0237 6.9237e+02     4.9234      0.402      0.583    24.7155   997.1396      0.048 0.0000e+00
      0.432     7.5317     90.780     38.548  38.376054     1.7820      7.095    79.2312 6.7959e+02     4.9586      0.428      0.620    24.7108   997.1409      0.051 0.0000e+00
      0.445     8.0727     97.347     38.560  38.408432     1.8193      7.097    79.4245 6.4561e+02     4.9903      0.439      0.635    24.6973   997.1446      0.051 0.0000e+00
      0.451     8.5702    103.384     38.540  38.405027     1.8240      7.098    79.3827 6.1841e+02     4.9467      0.441      0.639    24.7129   997.1406      0.048 0.0000e+00
      0.458     8.9748    108.284     38.525  38.398383     1.8044      7.099    79.1559 6.0721e+02     4.8892      0.448      0.648    24.7453   997.1323      0.044 0.0000e+00
      0.468     9.2504    111.609     38.519  38.391592     1.7725      7.101    79.2632 5.6817e+02     4.8858      0.459      0.666    24.7724   997.1257      0.040 0.0000e+00
      0.481     9.3916    113.309     38.515  38.386390     1.7588      7.105    79.5613 5.0494e+02     4.9052      0.469      0.682    24.8001   997.1187      0.036 0.0000e+00
      0.496     9.4187    113.640     38.527  38.398962     1.7605      7.109    79.6624 4.7431e+02     4.9277      0.488      0.707    24.8234   997.1127      0.031 0.0000e+00
      0.506     9.3645    112.990     38.543  38.416649     1.7765      7.113    79.7109 4.7670e+02     4.9282      0.501      0.726    24.8336   997.1103      0.026 0.0000e+00
      0.509     9.2678    111.829     38.534  38.409808     1.8038      7.118    79.8909 5.0492e+02     4.9109      0.500      0.725    24.8281   997.1116      0.021 0.0000e+00
      0.508     9.1609    110.547     38.500  38.379722     1.8214      7.121    80.2031 5.3132e+02     4.9156      0.498      0.723    24.8257   997.1122      0.019 0.0000e+00
      0.507     9.0665    109.418     38.486  38.370278     1.8337      7.121    80.6462 5.4138e+02     4.9194      0.496      0.719    24.8284   997.1116      0.023 0.0000e+00
      0.509     8.9960    108.571     38.474  38.359099     1.8487      7.119    81.1197 5.4868e+02     4.8913      0.497      0.720    24.8310   997.1109      0.032 0.0000e+00
      0.519     8.9471    107.958     38.431  38.308048     1.9327      7.116    81.5399 5.4797e+02     4.9037      0.506      0.735    24.8329   997.1104      0.045 0.0000e+00
      0.536     8.9120    107.478     38.406  38.260833     2.0859      7.113    81.9410 5.3082e+02     5.0034      0.525      0.761    24.8370   997.1095      0.059 0.0000e+00
      0.556     8.8873    107.110     38.405  38.232526     2.1760      7.113    82.1839 4.8746e+02     5.1139      0.546      0.792    24.8432   997.1080      0.070 0.0000e+00
      0.576     8.8736    106.882     38.417  38.219664     2.1986      7.113    82.1535 4.4873e+02     5.1905      0.564      0.819    24.8496   997.1065      0.079 0.0000e+00
      0.597     8.8734    106.833     38.448  38.232233     2.2464      7.113    82.1753 4.4329e+02     5.2095      0.585      0.848    24.8412   997.1087      0.084 0.0000e+00
      0.620     8.8868    106.963     38.486  38.257509     2.3201      7.112    82.3618 4.5216e+02     5.1464      0.608      0.882    24.8063   997.1176      0.087 0.0000e+00
      0.642     8.9077    107.198     38.506  38.271350     2.3536      7.112    82.5154 4.5997e+02     5.0820      0.630      0.914    24.7667   997.1278      0.087 0.0000e+00
      0.665     8.9306    107.464     38.511  38.272623     2.3565      7.114    82.6555 4.5497e+02     5.0866      0.651      0.944    24.7342   997.1361      0.084 0.0000e+00
      0.690     8.9526    107.724     38.514  38.272891     2.3808      7.117    82.7652 4.3207e+02     5.0718      0.677      0.982    24.7102   997.1423      0.077 0.0000e+00
      0.714     8.9684    107.911     38.516  38.274587     2.4131      7.122    82.8094 4.1334e+02     5.0011      0.704      1.021    24.6956   997.1462      0.068 0.0000e+00
      0.729     8.9730    107.967     38.535  38.293131     2.4256      7.127    82.8462 4.0701e+02     4.9523      0.719      1.041    24.6879   997.1482      0.059 0.0000e+00
      0.738     8.9685    107.917     38.547  38.306666     2.4291      7.132    82.9518 4.0348e+02     4.9074      0.724      1.049    24.6839   997.1493      0.054 0.0000e+00
      0.746     8.9619    107.838     38.487  38.247816     2.4470      7.136    83.1401 3.9913e+02     4.9830      0.731      1.061    24.6811   997.1500      0.054 0.0000e+00
      0.755     8.9590    107.783     38.399  38.152873     2.4768      7.139    83.2297 3.9086e+02     5.2112      0.739      1.072    24.6796   997.1503      0.058 0.0000e+00
      0.770     8.9599    107.744     38.376  38.110873     2.4940      7.142    83.0885 3.7932e+02     5.3397      0.751      1.089    24.6797   997.1504      0.063 0.0000e+00
      0.791     8.9614    107.704     38.409  38.120824     2.4906      7.145    82.9822 3.6737e+02     5.3566      0.774      1.123    24.6829   997.1497      0.068 0.0000e+00
      0.816     8.9594    107.639     38.450  38.146204     2.4707      7.148    83.1492 3.5646e+02     5.3834      0.802      1.164    24.6867   997.1489      0.071 0.0000e+00
      0.837     8.9524    107.543     38.473  38.163799     2.4444      7.150    83.4718 3.5012e+02     5.4015      0.824      1.195    24.6801   997.1506      0.071 0.0000e+00
      0.852     8.9434    107.442     38.450  38.143127     2.4319      7.151    83.7861 3.4391e+02     5.3789      0.836      1.213    24.6508   997.1580      0.071 0.0000e+00
      0.866     8.9357    107.353     38.391  38.086693     2.4329      7.149    84.0235 3.3399e+02     5.3391      0.848      1.228    24.6152   997.1672      0.071 0.0000e+00
      0.881     8.9294    107.259     38.363  38.052761     2.4303      7.146    84.2774 3.2522e+02     5.3144      0.863      1.253    24.5935   997.1727      0.076 0.0000e+00
      0.898     8.9205    107.123     38.373  38.050236     2.4264      7.145    84.6198 3.1554e+02     5.3429      0.878      1.275    24.5875   997.1743      0.084 0.0000e+00
      0.920     8.9076    106.941     38.390  38.056139     2.4375      7.142    84.8937 3.0169e+02     5.3877      0.898      1.302    24.5970   997.1720      0.096 0.0000e+00
      0.950     8.8926    106.738     38.403  38.060635     2.4523      7.141    85.0941 2.8924e+02     5.3975      0.932      1.351    24.6028   997.1706      0.107 0.0000e+00
      0.981     8.8741    106.498     38.390  38.041118     2.4489      7.141    85.3215 2.7815e+02     5.3952      0.963      1.397    24.5910   997.1737      0.114 0.0000e+00
      1.012     8.8501    106.195     38.365  38.010583     2.4140      7.142    85.4924 2.6405e+02     5.3932      0.991      1.438    24.5729   997.1784      0.114 0.0000e+00
      1.046     8.8219    105.845     38.368  38.008804     2.3598      7.144    85.5247 2.5102e+02     5.4060      1.027      1.489    24.5586   997.1822      0.108 0.0000e+00
      1.076     8.7921    105.480     38.382  38.019597     2.3228      7.147    85.5400 2.4194e+02     5.3851      1.058      1.534    24.5484   997.1849      0.098 0.0000e+00
      1.101     8.7630    105.124     38.379  38.014127     2.3130      7.150    85.7644 2.3598e+02     5.3380      1.082      1.569    24.5396   997.1873      0.087 0.0000e+00
      1.120     8.7373    104.810     38.373  38.006141     2.2849      7.151    86.1724 2.3171e+02     5.3270      1.101      1.596    24.5317   997.1893      0.078 0.0000e+00
      1.132     8.7180    104.573     38.355  37.986516     2.2248      7.150    86.5151 2.2713e+02     5.3512      1.110      1.610    24.5255   997.1909      0.075 0.0000e+00
      1.145     8.7070    104.433     38.339  37.967266     2.1942      7.147    86.6383 2.2238e+02     5.4022      1.121      1.626    24.5216   997.1920      0.077 0.0000e+00
      1.161     8.7012    104.353     38.340  37.963814     2.1927      7.144    86.6296 2.1654e+02     5.4188      1.136      1.648    24.5190   997.1927      0.082 0.0000e+00
      1.184     8.6938    104.252     38.325  37.944771     2.1540      7.142    86.6689 2.0738e+02     5.3227      1.156      1.676    24.5165   997.1934      0.086 0.0000e+00
      1.215     8.6816    104.093     38.313  37.927436     2.0905      7.141    86.8551 1.9735e+02     5.1892      1.192      1.729    24.5131   997.1944      0.087 0.0000e+00
      1.246     8.6664    103.898     38.336  37.944647     2.0672      7.141    87.1604 1.9065e+02     5.1488      1.227      1.780    24.5096   997.1954      0.087 0.0000e+00
      1.266     8.6492    103.684     38.357  37.962431     2.0708      7.141    87.4346 1.8637e+02     5.1625      1.244      1.804    24.5047   997.1967      0.082 0.0000e+00
      1.281     8.6291    103.439     38.348  37.952023     2.0649      7.140    87.5896 1.8262e+02     5.1581      1.256      1.823    24.4977   997.1985      0.072 0.0000e+00
      1.296     8.6058    103.159     38.341  37.945752     2.0562      7.140    87.5710 1.7892e+02     5.1287      1.270      1.843    24.4903   997.2005      0.060 0.0000e+00
      1.312     8.5840    102.899     38.346  37.950085     2.0528      7.141    87.4676 1.7520e+02     5.1019      1.286      1.866    24.4833   997.2023      0.050 0.0000e+00
      1.326     8.5709    102.740     38.337  37.940936     2.0495      7.144    87.4580 1.7236e+02     5.1292      1.303      1.890    24.4788   997.2035      0.045 0.0000e+00
      1.336     8.5665    102.682     38.297  37.898612     2.0511      7.146    87.5413 1.7096e+02     5.1963      1.312      1.903    24.4778   997.2039      0.045 0.0000e+00
      1.341     8.5676    102.679     38.222  37.819205     2.0722      7.146    87.8726 1.6974e+02     5.3887      1.314      1.905    24.4783   997.2037      0.048 0.0000e+00
      1.348     8.5733    102.708     38.161  37.742531     2.1044      7.146    88.3664 1.6708e+02     5.6865      1.319      1.913    24.4784   997.2037      0.054 0.0000e+00
      1.362     8.5825    102.741     38.119  37.669772     2.1208      7.143    88.6933 1.6253e+02     5.8136      1.332      1.933    24.4772   997.2041      0.062 0.0000e+00
      1.382     8.5925    102.738     38.071  37.574189     2.1223      7.140    88.8998 1.5694e+02     5.7791      1.353      1.963    24.4765   997.2043      0.072 0.0000e+00
      1.406     8.5948    102.613     38.033  37.475425     2.1140      7.135    89.2290 1.5155e+02     5.6623      1.379      2.000    24.4712   997.2058      0.081 0.0000e+00
