Data/DataNotYetUploadedToEDI/Raw_CTD/RawDownloads/091119_fcr20.cnv
* Sea-Bird SBE19plus  Data File:
* FileName = C:\DATA\091119_fcr50_0_0002.hex
* Software version 2.8.0.119 SB_Terminal.dll
* Temperature SN = 7809
* Conductivity SN = 7809
* System UpLoad Time = Sep 11 2019 16:21:45
* <ApplicationData>
* <Seaterm232>
# nquan = 16
# nvalues = 329                         
# units = specified
# name 0 = depFM: Depth [fresh water, m]
# name 1 = sbeox0Mg/L: Oxygen, SBE 43 [mg/l]
# name 2 = sbeox0PS: Oxygen, SBE 43 [% saturation]
# name 3 = specc: Specific Conductance [uS/cm]
# name 4 = c0uS/cm: Conductivity [uS/cm]
# name 5 = flECO-AFL: Fluorescence, WET Labs ECO-AFL/FL [mg/m^3]
# name 6 = ph: pH
# name 7 = orp: Oxidation Reduction Potential [mV]
# name 8 = par/sat/log: PAR/Logarithmic, Satlantic
# name 9 = turbWETntu0: Turbidity, WET Labs ECO [NTU]
# name 10 = prdM: Pressure, Strain Gauge [db]
# name 11 = prdE: Pressure, Strain Gauge [psi]
# name 12 = tv290C: Temperature [ITS-90, deg C]
# name 13 = density00: Density [density, kg/m^3]
# name 14 = dz/dtM: Descent Rate [m/s]
# name 15 = flag:  0.000e+00
# span 0 =     -0.498,      3.050       
# span 1 =    -0.0643,     9.4848       
# span 2 =     -0.740,    114.133       
# span 3 =      0.993,     56.435       
# span 4 =   0.992524,  52.430869       
# span 5 =    -0.3590,    14.6122       
# span 6 =      6.228,      8.144       
# span 7 =    84.9154,   329.1849       
# span 8 = 1.2864e+01, 1.3235e+03       
# span 9 =    -0.9575,    14.1602       
# span 10 =     -0.488,      2.992      
# span 11 =     -0.708,      4.339      
# span 12 =    21.2178,    25.2224      
# span 13 =   997.0076,   997.9837      
# span 14 =     -0.010,      0.139      
# span 15 = 0.0000e+00, 0.0000e+00      
# interval = seconds: 0.25
# start_time = Sep 11 2019 10:54:46 [Instrument's time stamp, header]
# bad_flag = -9.990e-29
*END*
     -0.497     7.8931     95.447      0.993   0.992524    -0.1031      6.228   298.7977 7.0128e+02    -0.2755     -0.487     -0.707    24.9541   997.0649 3.6321e-20 0.0000e+00
     -0.497     7.8928     95.444      1.032   1.031025    -0.1166      6.229   306.3592 7.3763e+02    -0.2443     -0.488     -0.707    24.9544   997.0649 -7.107e-20 0.0000e+00
     -0.497     7.8935     95.454      1.038   1.037625    -0.1187      6.231   311.5280 9.2543e+02    -0.2257     -0.487     -0.707    24.9545   997.0649 -8.246e-19 0.0000e+00
     -0.497     7.8950     95.473      1.073   1.072322    -0.1115      6.232   315.0910 1.0098e+03    -0.2471     -0.487     -0.707    24.9545   997.0648 -9.074e-18 0.0000e+00
     -0.497     7.8950     95.474      1.198   1.197106    -0.1070      6.232   318.5507 9.2482e+02    -0.2739     -0.488     -0.708    24.9547   997.0648 -9.982e-17 0.0000e+00
     -0.497     7.8933     95.455      1.343   1.342523    -0.1088      6.232   322.5566 8.2170e+02    -0.2874     -0.488     -0.707    24.9550   997.0647 -1.098e-15 0.0000e+00
     -0.497     7.8924     95.445      1.438   1.436622    -0.1077      6.233   326.8731 7.3709e+02    -0.3116     -0.488     -0.707    24.9553   997.0646 -1.208e-14 0.0000e+00
     -0.498     7.8928     95.451      1.512   1.511150    -0.0070      6.235   329.1849 6.2769e+02    -0.4682     -0.488     -0.708    24.9557   997.0645 -1.329e-13 0.0000e+00
     -0.498     7.8938     95.464      1.611   1.610025     0.1903      6.237   327.8807 4.6482e+02    -0.7710     -0.488     -0.708    24.9563   997.0644 -1.461e-12 0.0000e+00
     -0.498     7.8940     95.469      1.683   1.681690     0.3017      6.239   324.9559 3.0811e+02    -0.9575     -0.488     -0.708    24.9570   997.0642 -1.608e-11 0.0000e+00
     -0.498     7.8930     95.458      1.682   1.680657     0.3166      6.240   322.2994 2.1986e+02    -0.9540     -0.488     -0.708    24.9577   997.0641 -1.768e-10 0.0000e+00
     -0.497     7.8920     95.447      1.662   1.660901     0.2235      6.240   320.1965 1.9261e+02    -0.8276     -0.487     -0.707    24.9583   997.0639 -1.945e-09 0.0000e+00
     -0.497     7.8910     95.437      1.634   1.632911     0.0166      6.241   318.3726 1.8619e+02    -0.6415     -0.488     -0.707    24.9591   997.0637 -2.140e-08 0.0000e+00
     -0.497     7.8910     95.439      1.597   1.595672    -0.1040      6.241   317.1115 1.8126e+02    -0.5400     -0.488     -0.707    24.9603   997.0634 -2.354e-07 0.0000e+00
     -0.497     7.8920     95.453      1.592   1.590821    -0.1075      6.240   316.7359 1.7732e+02    -0.4842     -0.488     -0.708    24.9613   997.0631 -4.315e-07 0.0000e+00
     -0.497     7.8921     95.457      1.575   1.574252    -0.1042      6.239   316.6697 1.7397e+02    -0.4264     -0.488     -0.707    24.9621   997.0629 -2.353e-07 0.0000e+00
     -0.497     7.8909     95.445      1.523   1.522066    -0.1154      6.238   316.0529 1.7218e+02    -0.4310     -0.487     -0.707    24.9635   997.0626 -2.140e-08 0.0000e+00
     -0.497     7.8904     95.440      1.468   1.466746    -0.1224      6.239   306.9563 1.7156e+02    -0.4736     -0.488     -0.708    24.9646   997.0623 -1.945e-09 0.0000e+00
     -0.497     7.8919     95.460      1.413   1.412268    -0.1189      6.240   297.1961 1.6948e+02    -0.4836     -0.488     -0.707    24.9657   997.0619 -1.768e-10 0.0000e+00
     -0.498     7.8937     95.483      1.371   1.370273    -0.1425      6.241   302.6676 1.7048e+02    -0.2564     -0.488     -0.708    24.9668   997.0617 -1.607e-11 0.0000e+00
     -0.498     7.8940     95.488      1.340   1.339149    -0.1998      6.241   308.7538 1.8553e+02     0.1751     -0.488     -0.708    24.9678   997.0615 -1.456e-12 0.0000e+00
     -0.498     7.8923     95.468      1.290   1.289390    -0.2305      6.241   306.5992 2.2355e+02     0.4091     -0.488     -0.708    24.9689   997.0612 -7.525e-14 0.0000e+00
     -0.497     7.8913     95.457      1.213   1.212174    -0.2284      6.241   303.3740 2.7315e+02     0.4429     -0.487     -0.707    24.9701   997.0608 6.2151e-13 0.0000e+00
     -0.497     7.8917     95.462      1.166   1.165863    -0.2340      6.241   299.6988 3.2163e+02     0.4528     -0.488     -0.707    24.9711   997.0606 6.9684e-12 0.0000e+00
     -0.497     7.8912     95.458      1.173   1.172973    -0.2547      6.241   296.1485 3.8435e+02     0.4951     -0.488     -0.707    24.9716   997.0605 7.6664e-11 0.0000e+00
     -0.497     7.8910     95.455      1.172   1.171420    -0.2794      6.240   294.3472 4.5185e+02     0.5944     -0.488     -0.707    24.9722   997.0603 8.4331e-10 0.0000e+00
     -0.497     7.8911     95.456      1.148   1.147088    -0.2901      6.240   294.0091 5.0596e+02     0.6698     -0.488     -0.707    24.9726   997.0602 9.2764e-09 0.0000e+00
     -0.497     7.8911     95.456      1.133   1.132213    -0.2894      6.241   293.5240 5.7125e+02     0.6538     -0.488     -0.708    24.9728   997.0602 1.0204e-07 0.0000e+00
     -0.497     7.8916     95.463      1.119   1.118287    -0.3053      6.242   290.9768 6.4537e+02     0.2688     -0.488     -0.707    24.9730   997.0601      0.000 0.0000e+00
     -0.497     7.8925     95.474      1.106   1.105437    -0.3350      6.242   286.0968 7.0501e+02    -0.3799     -0.487     -0.707    24.9731   997.0601      0.000 0.0000e+00
     -0.497     7.8922     95.470      1.104   1.103567    -0.3538      6.242   282.1005 7.6691e+02    -0.7000     -0.488     -0.708    24.9731   997.0601      0.000 0.0000e+00
     -0.497     7.8909     95.455      1.097   1.095667    -0.3590      6.242   279.3967 8.2601e+02    -0.6857     -0.488     -0.707    24.9731   997.0601      0.001 0.0000e+00
     -0.497     7.8902     95.450      1.137   1.136650    -0.3377      6.241   274.7434 8.6327e+02    -0.2724     -0.488     -0.708    24.9732   997.0601      0.006 0.0000e+00
     -0.497     7.8894     95.460      1.852   1.852530    -0.3046      6.246   249.6700 9.0098e+02     0.4636     -0.487     -0.707    24.9733   997.0600      0.016 0.0000e+00
     -0.497     7.8875     95.484      6.640   6.646545    -0.2968      6.296   204.6706 9.4057e+02     0.8390     -0.488     -0.708    24.9732   997.0601      0.028 0.0000e+00
     -0.492     7.8845     95.512     15.405  15.427649    -0.2949      6.433   175.6547 9.5496e+02     0.8570     -0.486     -0.706    24.9736   997.0599      0.043 0.0000e+00
     -0.477     7.8817     95.540     24.616  24.664589    -0.2561      6.665   166.8534 9.4655e+02     0.7151     -0.470     -0.682    24.9734   997.0602      0.060 0.0000e+00
     -0.455     7.8792     95.564     32.948  33.030088    -0.1907      6.962   157.7937 9.3887e+02     0.4344     -0.446     -0.647    24.9809   997.0579      0.078 0.0000e+00
     -0.433     7.8763     95.574     37.157  37.264938    -0.1548      7.260   141.5710 9.4484e+02     0.2816     -0.425     -0.616    25.0100   997.0516      0.094 0.0000e+00
     -0.408     7.8731     95.574     37.735  37.860992    -0.1511      7.510   125.6638 9.6584e+02     0.2763     -0.402     -0.584    25.0508   997.0442      0.107 0.0000e+00
     -0.378     7.8724     95.600     37.937  38.078776    -0.1373      7.695   117.4060 1.0053e+03     0.5669     -0.373     -0.541    25.0862   997.0370      0.116 0.0000e+00
     -0.345     7.8766     95.681     38.030  38.184307     0.0894      7.820   115.5487 1.0562e+03     4.0904     -0.338     -0.489    25.1147   997.0335      0.121 0.0000e+00
     -0.311     7.8858     95.814     38.084  38.248301     0.5182      7.885   118.6084 1.1019e+03    10.5657     -0.304     -0.442    25.1391   997.0285      0.124 0.0000e+00
     -0.277     7.9003     96.004     38.111  38.281244     0.7548      7.909   120.2432 1.1399e+03    14.0684     -0.270     -0.393    25.1609   997.0225      0.124 0.0000e+00
     -0.245     7.9210     96.262     38.092  38.265238     0.7916      7.938   118.0208 1.1722e+03    14.1602     -0.239     -0.347    25.1808   997.0178      0.120 0.0000e+00
     -0.216     7.9473     96.584     38.072  38.245213     0.9206      7.990   116.1731 1.1946e+03    11.8399     -0.213     -0.308    25.1987   997.0132      0.115 0.0000e+00
     -0.187     7.9761     96.930     38.058  38.229551     1.1437      8.043   116.0571 1.2078e+03     7.5450     -0.183     -0.267    25.2115   997.0101      0.111 0.0000e+00
     -0.159     8.0036     97.257     38.035  38.202819     1.2689      8.081   116.7906 1.2267e+03     5.1945     -0.155     -0.225    25.2182   997.0084      0.107 0.0000e+00
     -0.134     8.0291     97.557     38.012  38.175901     1.2905      8.096   112.4789 1.2697e+03     4.9852     -0.132     -0.190    25.2214   997.0078      0.105 0.0000e+00
     -0.108     8.0522     97.826     37.999  38.157993     1.3176      8.100   102.1260 1.3235e+03     5.0140     -0.108     -0.155    25.2224   997.0076      0.105 0.0000e+00
     -0.082     8.0724     98.057     37.960  38.113242     1.3719      8.114    92.3674 1.2634e+03     5.0842     -0.080     -0.115    25.2203   997.0083      0.111 0.0000e+00
     -0.056     8.0925     98.285     37.869  38.015668     1.4180      8.134    84.9154 9.9344e+02     5.1454     -0.053     -0.077    25.2157   997.0096      0.121 0.0000e+00
     -0.030     8.1176     98.570     37.792  37.930372     1.4325      8.144    86.2764 8.0667e+02     5.1971     -0.032     -0.046    25.2102   997.0111      0.132 0.0000e+00
      0.003     8.1483     98.922     37.778  37.907113     1.4951      8.134    96.6911 9.7228e+02     5.1850     -0.006     -0.008    25.2041   997.0128      0.139 0.0000e+00
      0.049     8.1820     99.312     37.804  37.924868     1.6210      8.116   103.2044 9.9719e+02     5.1304      0.047      0.069    25.1961   997.0151      0.139 0.0000e+00
      0.098     8.2133     99.678     37.840  37.954598     1.6971      8.108   103.9395 6.2093e+02     5.1589      0.101      0.147    25.1873   997.0175      0.130 0.0000e+00
      0.138     8.2368     99.949     37.903  38.012658     1.7127      8.109    99.9868 3.6067e+02     5.2350      0.139      0.200    25.1770   997.0203      0.111 0.0000e+00
      0.166     8.2515    100.111     37.952  38.055574     1.7322      8.112    92.0655 3.4974e+02     5.1332      0.169      0.245    25.1644   997.0238      0.086 0.0000e+00
      0.179     8.2580    100.165     37.937  38.029148     1.7593      8.111    90.9345 3.7214e+02     4.8452      0.179      0.260    25.1534   997.0266      0.059 0.0000e+00
      0.181     8.2539    100.082     37.932  38.010509     1.7713      8.106    97.5823 3.6703e+02     4.6697      0.177      0.257    25.1451   997.0287      0.036 0.0000e+00
      0.181     8.2201     99.633     37.958  38.020628     1.7738      8.096   102.2349 4.2397e+02     4.6829      0.176      0.256    25.1388   997.0303      0.019 0.0000e+00
      0.183     8.1316     98.522     37.978  38.024511     1.7722      8.086   103.6534 5.3107e+02     4.7099      0.179      0.259    25.1318   997.0322      0.009 0.0000e+00
      0.187     7.9916     96.790     38.026  38.057435     1.7261      8.079   104.3218 5.7570e+02     4.6363      0.183      0.267    25.1187   997.0356      0.006 0.0000e+00
      0.188     7.8261     94.754     38.084  38.101301     1.6410      8.074   104.5521 6.6363e+02     4.5130      0.185      0.269    25.0992   997.0406      0.007 0.0000e+00
      0.188     7.6616     92.735     38.105  38.110532     1.5920      8.067   104.6312 7.6191e+02     4.4646      0.184      0.267    25.0768   997.0464      0.009 0.0000e+00
      0.189     7.5185     90.983     38.109  38.105549     1.5939      8.057   104.4179 6.9238e+02     4.4767      0.184      0.267    25.0545   997.0521      0.011 0.0000e+00
      0.191     7.4096     89.651     38.114  38.104521     1.6724      8.047   103.9529 6.2971e+02     4.5279      0.186      0.269    25.0344   997.0573      0.012 0.0000e+00
      0.196     7.3436     88.842     38.113  38.098092     1.8127      8.043   103.8266 6.8863e+02     4.6251      0.190      0.276    25.0161   997.0621      0.011 0.0000e+00
      0.204     7.3288     88.655     38.110  38.091288     1.8853      8.042   104.1808 6.2344e+02     4.6694      0.201      0.291    25.0002   997.0662      0.010 0.0000e+00
      0.209     7.3588     89.012     38.107  38.085733     1.8922      8.042   104.2783 4.9741e+02     4.6702      0.207      0.301    24.9882   997.0693      0.007 0.0000e+00
      0.208     7.4063     89.582     38.117  38.094389     1.9136      8.042   104.0586 4.8436e+02     4.7004      0.204      0.297    24.9797   997.0715      0.004 0.0000e+00
      0.205     7.4428     90.020     38.157  38.132466     1.9442      8.039   104.0199 4.9956e+02     4.7065      0.200      0.290    24.9740   997.0729      0.003 0.0000e+00
      0.201     7.4538     90.149     38.191  38.165252     1.9595      8.030   104.0688 5.6756e+02     4.6788      0.197      0.285    24.9699   997.0740      0.004 0.0000e+00
      0.201     7.4369     89.943     38.201  38.173419     1.9597      8.018   104.2197 6.4314e+02     4.6597      0.195      0.283    24.9664   997.0748      0.007 0.0000e+00
      0.205     7.3929     89.408     38.197  38.167744     2.0155      8.009   104.4669 5.9295e+02     4.6071      0.199      0.290    24.9635   997.0756      0.011 0.0000e+00
      0.213     7.3235     88.564     38.192  38.160101     2.1393      8.000   104.6491 4.8484e+02     4.5012      0.210      0.305    24.9615   997.0762      0.012 0.0000e+00
      0.220     7.2359     87.497     38.180  38.144484     2.2005      7.987   104.9600 4.1138e+02     4.4284      0.217      0.315    24.9596   997.0767      0.011 0.0000e+00
      0.222     7.1408     86.334     38.147  38.105869     2.1920      7.973   105.3000 3.8207e+02     4.4153      0.219      0.317    24.9581   997.0771      0.009 0.0000e+00
      0.221     7.0512     85.237     38.121  38.074065     2.1660      7.961   105.3188 3.7500e+02     4.4742      0.218      0.316    24.9565   997.0775      0.004 0.0000e+00
      0.220     6.9858     84.435     38.131  38.077319     2.1201      7.951   105.1880 3.6935e+02     4.6157      0.216      0.314    24.9536   997.0782     -0.001 0.0000e+00
      0.220     6.9668     84.192     38.141  38.081722     2.0961      7.943   105.3533 3.6054e+02     4.7173      0.216      0.314    24.9487   997.0795     -0.004 0.0000e+00
      0.218     7.0006     84.590     38.129  38.063813     2.0926      7.935   105.8543 3.5759e+02     4.7192      0.215      0.312    24.9412   997.0814     -0.005 0.0000e+00
      0.216     7.0763     85.495     38.121  38.051214     2.0783      7.923   106.3410 3.6534e+02     4.6710      0.212      0.306    24.9321   997.0837     -0.005 0.0000e+00
      0.214     7.1799     86.739     38.130  38.056333     2.0535      7.908   106.6786 3.7078e+02     4.5931      0.210      0.304    24.9231   997.0860     -0.004 0.0000e+00
      0.214     7.2983     88.161     38.139  38.062225     2.0350      7.894   106.8388 3.7694e+02     4.5316      0.210      0.304    24.9151   997.0880     -0.002 0.0000e+00
      0.213     7.4164     89.582     38.138  38.058973     2.0280      7.886   106.7284 3.9146e+02     4.5168      0.209      0.303    24.9080   997.0898      0.001 0.0000e+00
      0.213     7.5229     90.865     38.162  38.080485     2.0208      7.881   106.5484 4.0616e+02     4.5125      0.209      0.303    24.9020   997.0913      0.004 0.0000e+00
      0.214     7.6101     91.915     38.215  38.131892     2.0182      7.876   106.5558 4.1026e+02     4.5125      0.210      0.305    24.8969   997.0926      0.005 0.0000e+00
      0.217     7.6718     92.657     38.257  38.172712     2.0219      7.871   106.6453 4.2272e+02     4.5173      0.214      0.309    24.8928   997.0937      0.005 0.0000e+00
      0.221     7.7114     93.133     38.278  38.193167     2.0226      7.868   106.6837 4.4433e+02     4.5053      0.217      0.316    24.8897   997.0945      0.004 0.0000e+00
