Data/DataNotYetUploadedToEDI/Raw_CTD/RawDownloads/091120_fcr50.cnv
* Sea-Bird SBE19plus  Data File:
* FileName = C:\DATA\091120_fcr50_0002.hex
* Software version 2.8.0.119
* Temperature SN = 7809
* Conductivity SN = 7809
* System UpLoad Time = Sep 11 2020 10:10:06
* <ApplicationData>
* <Seaterm232>
# nquan = 16
# nvalues = 3546                        
# units = specified
# name 0 = depFM: Depth [fresh water, m]
# name 1 = dz/dtM: Descent Rate [m/s]
# name 2 = sbeox0ML/L: Oxygen, SBE 43 [ml/l]
# name 3 = sbeox0PS: Oxygen, SBE 43 [% saturation]
# name 4 = specc: Specific Conductance [uS/cm]
# name 5 = c0uS/cm: Conductivity [uS/cm]
# name 6 = flECO-AFL: Fluorescence, WET Labs ECO-AFL/FL [mg/m^3]
# name 7 = ph: pH
# name 8 = orp: Oxidation Reduction Potential [mV]
# name 9 = par/sat/log: PAR/Logarithmic, Satlantic
# name 10 = turbWETntu0: Turbidity, WET Labs ECO [NTU]
# name 11 = prdM: Pressure, Strain Gauge [db]
# name 12 = prdE: Pressure, Strain Gauge [psi]
# name 13 = tv290C: Temperature [ITS-90, deg C]
# name 14 = density00: Density [density, kg/m^3]
# name 15 = flag:  0.000e+00
# span 0 =     -0.606,      9.623       
# span 1 =     -0.863,      3.857       
# span 2 =     0.0340,     6.8593       
# span 3 =      0.502,    117.391       
# span 4 =      1.719,    263.074       
# span 5 =   1.646125, 195.716238       
# span 6 =    -1.9344,    43.0492       
# span 7 =     14.959,     15.464       
# span 8 =  -248.2802,   869.8972       
# span 9 = 1.2348e-01, 3.6619e+02       
# span 10 =    -2.2930,   358.2938      
# span 11 =     -0.595,      9.438      
# span 12 =     -0.863,     13.689      
# span 13 =    12.1010,    24.5060      
# span 14 =   997.1906,   999.6310      
# span 15 = 0.0000e+00, 0.0000e+00      
# interval = seconds: 0.25
# start_time = Sep 10 2020 20:05:27 [Instrument's time stamp, header]
# bad_flag = -9.990e-29
*END*
[from data line 3345]
      4.224     -0.132     2.4632     32.394     54.358  40.387166    -0.1170     15.463   259.5902 1.7374e-01    13.8692      4.139      6.002    12.1270   999.5259 0.0000e+00
      4.200     -0.138     2.4540     32.347     54.390  40.417793    -0.0920     15.463   255.5232 1.9029e-01    13.0729      4.122      5.977    12.1274   999.5258 0.0000e+00
      4.171     -0.143     2.4458     32.297     54.382  40.419038    -0.0552     15.463   252.5634 2.1055e-01    12.6717      4.096      5.941    12.1308   999.5254 0.0000e+00
      4.130     -0.150     2.4380     32.217     54.436  40.465705    -0.0155     15.462   250.3892 2.2468e-01    12.5892      4.053      5.878    12.1405   999.5240 0.0000e+00
      4.083     -0.157     2.4344     32.114     54.780  40.728149     0.1301     15.461   247.7342 2.5151e-01    12.2465      4.002      5.805    12.1474   999.5229 0.0000e+00
      4.037     -0.160     2.4301     31.966     55.114  40.989751     0.3802     15.461   243.9502 2.9018e-01    11.7899      3.957      5.739    12.1523   999.5222 0.0000e+00
      3.996     -0.154     2.4279     31.725     54.970  40.899286     0.5093     15.461   240.3427 3.1756e-01    11.6348      3.920      5.685    12.1589   999.5212 0.0000e+00
      3.956     -0.142     2.4204     31.425     55.057  40.967356     0.5193     15.461   237.6722 3.3638e-01    11.6417      3.880      5.627    12.1663   999.5201 0.0000e+00
      3.916     -0.131     2.4125     31.127     56.121  41.749279     0.5099     15.461   234.8061 3.4906e-01    11.3232      3.835      5.562    12.1688   999.5198 0.0000e+00
      3.887     -0.126     2.4042     30.810     57.013  42.418688     0.4727     15.461   231.7591 3.6330e-01    10.7032      3.805      5.519    12.1790   999.5188 0.0000e+00
      3.868     -0.122     2.3825     30.442     56.596  42.141992     0.4508     15.460   229.0521 3.8790e-01    10.3594      3.797      5.506    12.2063   999.5153 0.0000e+00
      3.844     -0.118     2.3574     30.080     55.706  41.514327     0.4640     15.460   226.6829 4.1695e-01    10.3594      3.777      5.478    12.2083   999.5148 0.0000e+00
      3.806     -0.117     2.3372     29.745     55.592  41.431497     0.6232     15.460   224.5365 4.5070e-01    10.2901      3.732      5.413    12.1872   999.5177 0.0000e+00
      3.766     -0.120     2.3161     29.381     57.014  42.473528     0.9062     15.460   222.2014 4.7442e-01    10.0707      3.688      5.348    12.1842   999.5184 0.0000e+00
      3.738     -0.125     2.2829     28.984     58.563  43.638909     1.0441     15.460   220.1310 4.8465e-01     9.9051      3.663      5.314    12.2273   999.5128 0.0000e+00
      3.715     -0.124     2.2520     28.574     58.675  43.777878     1.0501     15.459   218.4327 5.0682e-01     9.8673      3.646      5.289    12.2754   999.5068 0.0000e+00
      3.684     -0.119     2.2311     28.197     58.656  43.836695     1.0748     15.457   216.5515 5.3700e-01     9.8539      3.616      5.245    12.2710   999.5069 0.0000e+00
      3.646     -0.118     2.2041     27.909     59.084  44.223312     1.2755     15.454   214.4211 5.5953e-01     9.6397      3.573      5.183    12.2331   999.5118 0.0000e+00
      3.612     -0.123     2.1743     27.663     59.407  44.516439     1.6177     15.452   211.9476 5.7008e-01     9.2346      3.537      5.128    12.2371   999.5122 0.0000e+00
      3.588     -0.128     2.1396     27.355     59.375  44.524034     1.7788     15.451   209.7028 5.7826e-01     8.9726      3.520      5.105    12.3014   999.5041 0.0000e+00
      3.563     -0.128     2.1048     26.930     59.069  44.315206     1.7748     15.451   208.1013 6.0031e-01     8.9440      3.500      5.077    12.3657   999.4964 0.0000e+00
      3.528     -0.126     2.0827     26.382     59.161  44.404023     1.7303     15.451   206.3499 6.2036e-01     9.1291      3.463      5.021    12.4257   999.4893 0.0000e+00
      3.484     -0.128     2.0658     25.732     60.383  45.343960     1.6518     15.451   204.0135 6.3846e-01     9.3906      3.415      4.953    12.4714   999.4837 0.0000e+00
      3.446     -0.134     2.0429     25.022     62.253  46.791371     1.6065     15.450   201.7066 6.5981e-01     9.4627      3.373      4.892    12.4946   999.4807 0.0000e+00
      3.421     -0.139     2.0108     24.316     63.164  47.555488     1.6024     15.449   199.9671 6.7379e-01     9.3826      3.354      4.865    12.5070   999.4791 0.0000e+00
      3.398     -0.138     1.9682     23.672     62.666  47.281198     1.7164     15.446   198.8121 7.0083e-01     9.2801      3.340      4.845    12.5253   999.4766 0.0000e+00
      3.358     -0.136     1.9184     23.128     62.058  46.903816     1.9460     15.444   197.8081 7.5113e-01     9.2199      3.298      4.782    12.5398   999.4751 0.0000e+00
      3.309     -0.136     1.8623     22.680     62.379  47.183380     2.0795     15.443   196.3460 7.9590e-01     9.2375      3.239      4.698    12.5635   999.4730 0.0000e+00
      3.270     -0.137     1.8057     22.280     62.842  47.550161     2.0814     15.442   194.5563 8.1031e-01     9.2180      3.202      4.644    12.6349   999.4644 0.0000e+00
      3.243     -0.134     1.7528     21.870     62.530  47.338363     2.0553     15.441   193.0328 8.1247e-01     9.0533      3.183      4.616    12.7280   999.4526 0.0000e+00
      3.215     -0.127     1.7095     21.381     61.599  46.654440     2.0401     15.440   191.9503 8.2877e-01     8.8257      3.156      4.577    12.8055   999.4424 0.0000e+00
      3.182     -0.120     1.6778     20.814     61.016  46.201775     2.0511     15.441   190.7599 8.5120e-01     8.7327      3.120      4.525    12.8230   999.4404 0.0000e+00
      3.148     -0.118     1.6484     20.226     61.461  46.500202     2.0828     15.443   189.2223 8.7447e-01     8.7859      3.085      4.474    12.8225   999.4406 0.0000e+00
      3.119     -0.116     1.6207     19.679     62.436  47.215036     2.1088     15.443   187.9858 8.9538e-01     8.6793      3.058      4.435    12.8503   999.4368 0.0000e+00
      3.092     -0.111     1.5827     19.204     63.833  48.304864     2.1178     15.443   187.1668 9.1331e-01     8.3708      3.035      4.400    12.8764   999.4331 0.0000e+00
      3.062     -0.105     1.5395     18.824     65.452  49.644548     2.1242     15.441   186.0312 9.4948e-01     8.2150      3.003      4.356    12.8720   999.4330 0.0000e+00
      3.033     -0.100     1.4958     18.617     66.197  50.395519     2.1387     15.437   184.4937 9.7948e-01     8.2718      2.971      4.309    12.8185   999.4399 0.0000e+00
      3.011     -0.097     1.4550     18.569     65.702  50.209207     2.1602     15.433   183.4620 9.8872e-01     8.3028      2.951      4.280    12.7923   999.4434 0.0000e+00
      2.992     -0.094     1.4207     18.570     64.822  49.678250     2.2502     15.430   182.7631 1.0146e+00     7.9711      2.937      4.261    12.8111   999.4414 0.0000e+00
      2.968     -0.093     1.3851     18.511     64.733  49.691276     2.4152     15.428   180.9486 1.0553e+00     7.3851      2.912      4.224    12.8922   999.4320 0.0000e+00
      2.941     -0.097     1.3656     18.291     65.545  50.366779     2.5153     15.426   178.3001 1.0923e+00     7.0893      2.880      4.177    13.0650   999.4103 0.0000e+00
      2.919     -0.104     1.3615     17.890     66.100  50.860260     2.5453     15.423   176.6379 1.1222e+00     7.0719      2.862      4.151    13.2215   999.3898 0.0000e+00
      2.899     -0.107     1.3596     17.356     65.966  50.831620     2.6353     15.421   176.1656 1.1669e+00     6.8314      2.849      4.132    13.3352   999.3745 0.0000e+00
      2.869     -0.104     1.3576     16.679     65.669  50.655668     2.7642     15.421   176.1178 1.2468e+00     6.3102      2.818      4.086    13.3908   999.3670 0.0000e+00
      2.829     -0.099     1.3416     15.869     65.282  50.384075     2.8161     15.422   176.3187 1.3242e+00     5.9892      2.770      4.018    13.4048   999.3654 0.0000e+00
      2.798     -0.099     1.3075     15.031     65.325  50.405573     2.8146     15.423   176.2711 1.3626e+00     5.9024      2.737      3.970    13.4671   999.3573 0.0000e+00
      2.782     -0.102     1.2678     14.237     66.076  50.979039     2.9174     15.423   175.7136 1.3772e+00     5.7073      2.727      3.954    13.5360   999.3479 0.0000e+00
      2.770     -0.105     1.2190     13.533     66.570  51.475213     3.1245     15.419   175.0855 1.4127e+00     5.4154      2.721      3.946    13.5676   999.3436 0.0000e+00
      2.749     -0.107     1.1541     13.000     66.351  51.578386     3.2398     15.413   174.6986 1.4930e+00     5.2571      2.703      3.919    13.6003   999.3389 0.0000e+00
      2.714     -0.110     1.0923     12.655     65.808  51.464725     3.2335     15.406   174.1329 1.5995e+00     5.2354      2.664      3.864    13.5861   999.3406 0.0000e+00
      2.672     -0.114     1.0358     12.416     65.426  51.371491     3.0770     15.401   172.8062 1.7069e+00     5.4960      2.617      3.797    13.5335   999.3479 0.0000e+00
      2.636     -0.117     0.9793     12.198     65.233  51.340456     2.7975     15.398   171.8219 1.7768e+00     6.0734      2.578      3.739    13.6034   999.3386 0.0000e+00
      2.612     -0.117     0.9350     11.929     65.062  51.343645     2.6478     15.395   171.8688 1.8228e+00     6.4144      2.558      3.711    13.8526   999.3046 0.0000e+00
      2.593     -0.115     0.9071     11.557     64.895  51.410208     2.7074     15.391   171.9101 1.9166e+00     6.3919      2.546      3.694    14.1445   999.2638 0.0000e+00
      2.568     -0.113     0.8894     11.124     64.540  51.383400     3.5464     15.385   171.6328 2.0599e+00     6.1110      2.521      3.656    14.2844   999.2437 0.0000e+00
      2.535     -0.112     0.8738     10.654     64.077  51.273852     5.0767     15.380   171.2694 2.2393e+00     5.6266      2.487      3.608    14.3334   999.2366 0.0000e+00
      2.499     -0.111     0.8560     10.123     63.764  51.229135     5.9320     15.375   170.6129 2.4486e+00     5.3765      2.450      3.555    14.4387   999.2211 0.0000e+00
      2.464     -0.110     0.8234      9.535     63.662  51.287529     6.1350     15.373   168.7714 2.6295e+00     5.3535      2.414      3.500    14.5860   999.1997 0.0000e+00
      2.437     -0.108     0.7887      8.890     63.650  51.344976     7.3777     15.371   166.2989 2.7396e+00     5.1078      2.387      3.462    14.8018   999.1677 0.0000e+00
      2.417     -0.104     0.7535      8.234     63.550  51.288722     9.6562     15.371   165.4112 2.7994e+00     4.7063      2.370      3.437    15.0283   999.1335 0.0000e+00
      2.399     -0.099     0.7121      7.629     63.403  51.242463    10.9005     15.369   165.8679 2.8748e+00     4.4818      2.356      3.417    15.1828   999.1098 0.0000e+00
      2.373     -0.094     0.6706      7.092     63.316  51.293811    11.0165     15.366   166.0563 3.0039e+00     4.4181      2.332      3.382    15.2980   999.0920 0.0000e+00
      2.339     -0.092     0.6226      6.603     63.210  51.274643    11.1734     15.363   165.7093 3.1286e+00     4.3825      2.292      3.323    15.3532   999.0833 0.0000e+00
      2.311     -0.093     0.5754      6.193     62.807  50.947279    12.8160     15.363   165.3724 3.1951e+00     4.1887      2.261      3.279    15.3272   999.0872 0.0000e+00
      2.294     -0.094     0.5316      5.901     62.171  50.447486    15.8097     15.363   165.2531 3.2434e+00     3.7920      2.249      3.263    15.3774   999.0792 0.0000e+00
      2.279     -0.096     0.4942      5.691     61.572  50.058145    17.4243     15.361   164.4386 3.3199e+00     3.5682      2.239      3.247    15.5320   999.0551 0.0000e+00
      2.257     -0.100     0.4584      5.540     60.942  49.732658    17.5648     15.356   162.9234 3.4244e+00     3.5771      2.216      3.215    15.5805   999.0474 0.0000e+00
      2.228     -0.105     0.4279      5.458     60.294  49.433427    17.7277     15.351   162.0759 3.5468e+00     3.5909      2.185      3.170    15.5454   999.0526 0.0000e+00
      2.197     -0.112     0.4098      5.416     59.474  48.980548    18.0305     15.346   162.3646 3.6778e+00     3.5969      2.155      3.126    15.5439   999.0524 0.0000e+00
      2.163     -0.117     0.3952      5.360     57.962  47.940230    18.2117     15.341   162.6288 3.8099e+00     3.5817      2.121      3.076    15.6154   999.0408 0.0000e+00
      2.131     -0.122     0.3821      5.276     55.973  46.570332    18.2498     15.334   162.1730 3.9359e+00     3.5778      2.087      3.027    15.7888   999.0128 0.0000e+00
      2.105     -0.126     0.3756      5.180     54.514  45.751471    18.3484     15.325   161.9298 4.0591e+00     3.6876      2.064      2.993    15.9947   998.9793 0.0000e+00
      2.078     -0.128     0.3734      5.076     53.260  45.087704    18.5174     15.315   162.0113 4.2298e+00     3.8799      2.043      2.962    16.1882   998.9475 0.0000e+00
      2.043     -0.128     0.3684      4.955     51.690  44.068587    18.6143     15.308   161.9540 4.4772e+00     4.0143      2.006      2.910    16.3345   998.9227 0.0000e+00
      2.002     -0.130     0.3603      4.778     50.984  43.777989    18.6230     15.299   161.8394 4.7339e+00     4.0433      1.962      2.844    16.5390   998.8873 0.0000e+00
      1.966     -0.133     0.3508      4.505     50.979  44.050557    18.4418     15.292   161.1424 4.9503e+00     4.0233      1.926      2.792    16.9670   998.8135 0.0000e+00
      1.936     -0.133     0.3405      4.161     50.384  43.682482    18.0732     15.289   160.0647 5.1703e+00     3.9785      1.898      2.753    17.3795   998.7409 0.0000e+00
      1.907     -0.130     0.3320      3.816     49.507  43.009839    17.8573     15.285   159.7359 5.4314e+00     3.9137      1.871      2.714    17.6100   998.6986 0.0000e+00
      1.874     -0.126     0.3196      3.496     48.794  42.519974    17.8728     15.280   159.4901 5.7214e+00     3.8917      1.839      2.668    17.9212   998.6414 0.0000e+00
      1.838     -0.127     0.2988      3.170     47.737  41.759002    18.3555     15.275   158.5557 6.0185e+00     3.8846      1.801      2.611    18.2759   998.5757 0.0000e+00
      1.803     -0.134     0.2733      2.850     46.245  40.664698    19.2398     15.269   157.9887 6.2920e+00     3.8283      1.765      2.560    18.3681   998.5579 0.0000e+00
      1.775     -0.143     0.2494      2.603     45.030  39.889450    19.7145     15.261   158.1422 6.5793e+00     3.7942      1.740      2.525    18.3942   998.5525 0.0000e+00
      1.747     -0.149     0.2297      2.447     44.325  39.558430    19.7271     15.251   158.4321 7.0508e+00     3.7814      1.719      2.494    18.5710   998.5186 0.0000e+00
      1.706     -0.155     0.2071      2.347     43.894  39.391998    19.5251     15.244   158.2238 7.7908e+00     3.7419      1.678      2.435    18.7200   998.4896 0.0000e+00
      1.654     -0.163     0.1833      2.282     43.660  39.337210    17.3682     15.239   157.5159 8.5871e+00     3.6594      1.620      2.348    18.9148   998.4509 0.0000e+00
      1.606     -0.171     0.1653      2.227     43.397  39.213548    13.4177     15.236   157.7893 9.2102e+00     3.5742      1.569      2.277    19.2928   998.3759 0.0000e+00
      1.567     -0.174     0.1559      2.177     43.464  39.356730    11.2532     15.233   159.2058 9.8204e+00     3.5355      1.538      2.230    19.6654   998.3008 0.0000e+00
      1.528     -0.169     0.1487      2.176     44.123  39.989480    11.0137     15.231   160.1884 1.0816e+01     3.5006      1.504      2.181    19.8879   998.2551 0.0000e+00
      1.479     -0.164     0.1446      2.236     44.188  40.009338    10.7324     15.232   160.5495 1.2123e+01     3.5985      1.452      2.105    20.0597   998.2195 0.0000e+00
      1.431     -0.163     0.1419      2.336     43.301  39.152461    10.2644     15.234   160.9052 1.3228e+01     3.8610      1.398      2.027    20.1912   998.1919 0.0000e+00
