Data/DataNotYetUploadedToEDI/Raw_CTD/RawDownloads/091119_fcr20.cnv
* Sea-Bird SBE19plus  Data File:
* FileName = C:\DATA\091119_fcr50_0_0002.hex
* Software version 2.8.0.119 SB_Terminal.dll
* Temperature SN = 7809
* Conductivity SN = 7809
* System UpLoad Time = Sep 11 2019 16:21:45
* <ApplicationData>
* <Seaterm232>
# nquan = 16
# nvalues = 329                         
# units = specified
# name 0 = depFM: Depth [fresh water, m]
# name 1 = sbeox0Mg/L: Oxygen, SBE 43 [mg/l]
# name 2 = sbeox0PS: Oxygen, SBE 43 [% saturation]
# name 3 = specc: Specific Conductance [uS/cm]
# name 4 = c0uS/cm: Conductivity [uS/cm]
# name 5 = flECO-AFL: Fluorescence, WET Labs ECO-AFL/FL [mg/m^3]
# name 6 = ph: pH
# name 7 = orp: Oxidation Reduction Potential [mV]
# name 8 = par/sat/log: PAR/Logarithmic, Satlantic
# name 9 = turbWETntu0: Turbidity, WET Labs ECO [NTU]
# name 10 = prdM: Pressure, Strain Gauge [db]
# name 11 = prdE: Pressure, Strain Gauge [psi]
# name 12 = tv290C: Temperature [ITS-90, deg C]
# name 13 = density00: Density [density, kg/m^3]
# name 14 = dz/dtM: Descent Rate [m/s]
# name 15 = flag:  0.000e+00
# span 0 =     -0.498,      3.050       
# span 1 =    -0.0643,     9.4848       
# span 2 =     -0.740,    114.133       
# span 3 =      0.993,     56.435       
# span 4 =   0.992524,  52.430869       
# span 5 =    -0.3590,    14.6122       
# span 6 =      6.228,      8.144       
# span 7 =    84.9154,   329.1849       
# span 8 = 1.2864e+01, 1.3235e+03       
# span 9 =    -0.9575,    14.1602       
# span 10 =     -0.488,      2.992      
# span 11 =     -0.708,      4.339      
# span 12 =    21.2178,    25.2224      
# span 13 =   997.0076,   997.9837      
# span 14 =     -0.010,      0.139      
# span 15 = 0.0000e+00, 0.0000e+00      
# interval = seconds: 0.25
# start_time = Sep 11 2019 10:54:46 [Instrument's time stamp, header]
# bad_flag = -9.990e-29
*END*
[from data line 272]
      2.246     2.5468     29.612     41.408  39.635690     8.7275      6.854   128.9865 3.8200e+01     3.4500      2.204      3.197    22.9927   997.5708      0.101 0.0000e+00
      2.271     2.3514     27.322     41.375  39.573862     8.1741      6.847   129.2096 3.6929e+01     3.3626      2.225      3.229    22.9567   997.5794      0.103 0.0000e+00
      2.299     2.0921     24.296     41.489  39.658031     8.1204      6.838   129.5676 3.5424e+01     3.3791      2.253      3.268    22.9237   997.5876      0.105 0.0000e+00
      2.328     1.7633     20.470     41.818  39.955024     8.0174      6.831   129.9583 3.3970e+01     3.3542      2.284      3.312    22.8924   997.5953      0.108 0.0000e+00
      2.355     1.4062     16.317     42.208  40.308023     7.8379      6.825   130.0622 3.2676e+01     3.3235      2.309      3.350    22.8546   997.6043      0.110 0.0000e+00
      2.382     1.0697     12.405     42.507  40.561460     7.7364      6.819   130.0488 3.1412e+01     3.3031      2.335      3.388    22.8140   997.6139      0.110 0.0000e+00
      2.411     0.7829      9.070     42.732  40.733819     7.7186      6.813   130.1410 3.0140e+01     3.3037      2.363      3.428    22.7840   997.6210      0.108 0.0000e+00
      2.441     0.5474      6.335     42.921  40.868286     7.6743      6.806   130.3168 2.8977e+01     3.3315      2.395      3.474    22.7687   997.6250      0.104 0.0000e+00
      2.469     0.3467      4.009     43.086  40.980995     7.2703      6.801   130.5401 2.7988e+01     3.2787      2.422      3.513    22.7502   997.6296      0.099 0.0000e+00
      2.494     0.1805      2.086     43.304  41.144219     6.5445      6.797   130.6893 2.7089e+01     3.1237      2.445      3.546    22.7105   997.6391      0.094 0.0000e+00
      2.517     0.0646      0.746     43.664  41.445048     6.1635      6.793   130.7445 2.6330e+01     3.0635      2.470      3.582    22.6566   997.6519      0.089 0.0000e+00
      2.536    -0.0038     -0.043     44.109  41.824771     6.3052      6.788   130.8628 2.5751e+01     3.1740      2.488      3.609    22.6030   997.6645      0.087 0.0000e+00
      2.553    -0.0415     -0.478     44.465  42.116513     8.2586      6.784   131.0018 2.5163e+01     3.6070      2.502      3.629    22.5517   997.6766      0.087 0.0000e+00
      2.573    -0.0605     -0.696     44.649  42.242373    11.8437      6.779   131.0477 2.4366e+01     4.3013      2.521      3.656    22.5007   997.6885      0.086 0.0000e+00
      2.600    -0.0643     -0.740     44.657  42.203648    13.8025      6.774   131.0738 2.3453e+01     4.6859      2.549      3.697    22.4532   997.6998      0.083 0.0000e+00
      2.627    -0.0487     -0.560     44.644  42.156143    13.9432      6.771   131.0596 2.2705e+01     4.7183      2.579      3.741    22.4070   997.7108      0.081 0.0000e+00
      2.649    -0.0160     -0.185     44.821  42.302852    13.4844      6.767   131.0485 2.2223e+01     4.6596      2.601      3.773    22.3566   997.7226      0.077 0.0000e+00
      2.664     0.0233      0.266     45.063  42.517176    12.6247      6.763   131.0249 2.1899e+01     4.5340      2.614      3.791    22.2993   997.7359      0.072 0.0000e+00
      2.678     0.0608      0.698     45.221  42.652302    12.1579      6.759   130.9460 2.1496e+01     4.4442      2.623      3.805    22.2429   997.7489      0.065 0.0000e+00
      2.694     0.0938      1.076     45.388  42.793772    12.0797      6.756   130.8699 2.1008e+01     4.4264      2.641      3.830    22.2020   997.7582      0.060 0.0000e+00
      2.711     0.1208      1.385     45.647  43.021313    11.6440      6.755   130.7060 2.0668e+01     4.3188      2.662      3.860    22.1827   997.7628      0.058 0.0000e+00
      2.724     0.1412      1.619     46.039  43.371688    10.8438      6.751   130.6000 2.0433e+01     4.1263      2.673      3.876    22.1724   997.7654      0.061 0.0000e+00
      2.736     0.1567      1.794     46.713  43.982411    10.4155      6.744   130.7064 2.0110e+01     4.0318      2.681      3.889    22.1551   997.7694      0.069 0.0000e+00
      2.752     0.1670      1.910     48.249  45.389340    10.4711      6.734   130.7029 1.9664e+01     4.0289      2.698      3.912    22.1355   997.7741      0.082 0.0000e+00
      2.771     0.1741      1.989     50.487  47.428605    11.5247      6.721   129.9552 1.9138e+01     4.1902      2.717      3.940    22.1199   997.7777      0.097 0.0000e+00
      2.795     0.1804      2.059     52.137  48.889253    13.4705      6.711   127.9465 1.8484e+01     4.5393      2.738      3.971    22.0997   997.7826      0.110 0.0000e+00
      2.829     0.1850      2.108     53.047  49.649842    14.5332      6.704   125.1720 1.7533e+01     4.7760      2.770      4.016    22.0756   997.7883      0.116 0.0000e+00
      2.873     0.1879      2.138     53.801  50.273422    14.6122      6.699   122.8235 1.6457e+01     4.7913      2.818      4.088    22.0446   997.7961      0.116 0.0000e+00
      2.913     0.1897      2.155     54.209  50.585418    14.3382      6.695   121.2317 1.5766e+01     4.5931      2.865      4.156    21.9788   997.8122      0.109 0.0000e+00
      2.937     0.1904      2.160     54.250  50.563893    13.8046      6.691   119.7778 1.5397e+01     4.2478      2.883      4.181    21.8815   997.8348      0.096 0.0000e+00
      2.952     0.1900      2.154     54.258  50.521216    13.5101      6.687   118.0647 1.4970e+01     4.0573      2.892      4.195    21.7881   997.8560      0.079 0.0000e+00
      2.967     0.1887      2.138     54.365  50.577476    13.4818      6.683   116.3512 1.4540e+01     4.0588      2.911      4.221    21.7126   997.8734      0.062 0.0000e+00
      2.982     0.1868      2.115     54.580  50.735930    13.4798      6.680   114.8048 1.4225e+01     4.0371      2.926      4.243    21.6497   997.8877      0.049 0.0000e+00
      2.992     0.1838      2.080     54.947  51.039630    13.5473      6.676   113.3057 1.3949e+01     3.9262      2.935      4.257    21.5943   997.9000      0.042 0.0000e+00
      3.001     0.1808      2.045     55.296  51.327604    13.6823      6.673   111.9054 1.3676e+01     3.7996      2.943      4.270    21.5491   997.9101      0.037 0.0000e+00
      3.008     0.1791      2.024     55.369  51.359413    13.7500      6.671   110.6077 1.3434e+01     3.7513      2.951      4.280    21.5107   997.9187      0.032 0.0000e+00
      3.015     0.1768      1.997     55.342  51.297158    13.7161      6.668   109.3166 1.3210e+01     3.7679      2.957      4.287    21.4725   997.9272      0.027 0.0000e+00
      3.022     0.1727      1.950     55.290  51.210024    13.4031      6.665   108.1689 1.3042e+01     3.7384      2.963      4.298    21.4382   997.9349      0.023 0.0000e+00
      3.029     0.1680      1.895     55.109  51.004525    12.8516      6.661   107.3135 1.3016e+01     3.6564      2.971      4.310    21.4069   997.9422      0.019 0.0000e+00
      3.034     0.1643      1.852     54.969  50.845026    12.5539      6.657   106.5447 1.3069e+01     3.5964      2.976      4.316    21.3744   997.9493      0.016 0.0000e+00
      3.036     0.1625      1.831     55.016  50.869459    12.5165      6.655   105.5857 1.3105e+01     3.5699      2.977      4.318    21.3414   997.9566      0.013 0.0000e+00
      3.037     0.1613      1.818     55.206  51.045840    12.4870      6.653   104.4082 1.3119e+01     3.5978      2.979      4.320    21.3045   997.9647      0.010 0.0000e+00
      3.040     0.1586      1.788     55.272  51.135602    12.4563      6.650   103.1473 1.3111e+01     3.7047      2.981      4.324    21.2693   997.9723      0.008 0.0000e+00
      3.042     0.1550      1.749     54.997  50.938507    12.4498      6.648   102.0428 1.3100e+01     3.8133      2.983      4.328    21.2407   997.9786      0.006 0.0000e+00
      3.044     0.1515      1.712     54.678  50.695444    12.4597      6.646   101.0340 1.3100e+01     3.8297      2.985      4.329    21.2208   997.9829      0.006 0.0000e+00
      3.045     0.1489      1.683     54.633  50.674026    12.5069      6.643    99.9841 1.3114e+01     3.7715      2.986      4.331    21.2178   997.9837      0.005 0.0000e+00
      3.046     0.1479      1.672     54.967  50.997146    12.5866      6.640    98.8996 1.3137e+01     3.7315      2.987      4.332    21.2408   997.9788      0.004 0.0000e+00
      3.046     0.1473      1.666     55.667  51.680435    12.6261      6.639    97.7291 1.3137e+01     3.7728      2.987      4.333    21.3057   997.9643      0.003 0.0000e+00
      3.047     0.1458      1.650     56.333  52.329624    12.6724      6.638    96.8446 1.3098e+01     3.8450      2.988      4.334    21.3713   997.9498      0.003 0.0000e+00
      3.048     0.1447      1.638     56.435  52.430869    13.1635      6.636    96.3786 1.3053e+01     3.9170      2.989      4.336    21.3736   997.9492      0.003 0.0000e+00
      3.048     0.1456      1.648     55.994  52.015271    14.0556      6.634    95.8807 1.3031e+01     3.9880      2.989      4.336    21.3706   997.9500      0.002 0.0000e+00
      3.049     0.1480      1.675     55.582  51.624138    14.5372      6.632    95.2996 1.3015e+01     4.0151      2.990      4.337    21.4145   997.9406      0.002 0.0000e+00
      3.050     0.1494      1.690     55.468  51.512986    14.5742      6.632    95.0310 1.2991e+01     4.0146      2.991      4.338    21.4553   997.9318      0.002 0.0000e+00
      3.050 -9.990e-29 -9.990e-29 -9.990e-29 -9.990e-29 -9.990e-29 -9.990e-29 -9.990e-29 1.2964e+01 -9.990e-29      2.991      4.338    21.4484   997.9335 -9.990e-29 0.0000e+00
      3.050 -9.990e-29 -9.990e-29 -9.990e-29 -9.990e-29 -9.990e-29 -9.990e-29 -9.990e-29 1.2927e+01 -9.990e-29      2.991      4.339    21.4420   997.9346 -9.990e-29 0.0000e+00
      3.050 -9.990e-29 -9.990e-29 -9.990e-29 -9.990e-29 -9.990e-29 -9.990e-29 -9.990e-29 1.2884e+01 -9.990e-29      2.991      4.338    21.4375   997.9355 -9.990e-29 0.0000e+00
      3.050 -9.990e-29 -9.990e-29 -9.990e-29 -9.990e-29 -9.990e-29 -9.990e-29 -9.990e-29 1.2864e+01 -9.990e-29      2.992      4.339    21.4211   997.9391 -9.990e-29 0.0000e+00
