Data/DataNotYetUploadedToEDI/Raw_CTD/RawDownloads/091120_fcr50.cnv
* Sea-Bird SBE19plus  Data File:
* FileName = C:\DATA\091120_fcr50_0002.hex
* Software version 2.8.0.119
* Temperature SN = 7809
* Conductivity SN = 7809
* System UpLoad Time = Sep 11 2020 10:10:06
* <ApplicationData>
* <Seaterm232>
# nquan = 16
# nvalues = 3546                        
# units = specified
# name 0 = depFM: Depth [fresh water, m]
# name 1 = dz/dtM: Descent Rate [m/s]
# name 2 = sbeox0ML/L: Oxygen, SBE 43 [ml/l]
# name 3 = sbeox0PS: Oxygen, SBE 43 [% saturation]
# name 4 = specc: Specific Conductance [uS/cm]
# name 5 = c0uS/cm: Conductivity [uS/cm]
# name 6 = flECO-AFL: Fluorescence, WET Labs ECO-AFL/FL [mg/m^3]
# name 7 = ph: pH
# name 8 = orp: Oxidation Reduction Potential [mV]
# name 9 = par/sat/log: PAR/Logarithmic, Satlantic
# name 10 = turbWETntu0: Turbidity, WET Labs ECO [NTU]
# name 11 = prdM: Pressure, Strain Gauge [db]
# name 12 = prdE: Pressure, Strain Gauge [psi]
# name 13 = tv290C: Temperature [ITS-90, deg C]
# name 14 = density00: Density [density, kg/m^3]
# name 15 = flag:  0.000e+00
# span 0 =     -0.606,      9.623       
# span 1 =     -0.863,      3.857       
# span 2 =     0.0340,     6.8593       
# span 3 =      0.502,    117.391       
# span 4 =      1.719,    263.074       
# span 5 =   1.646125, 195.716238       
# span 6 =    -1.9344,    43.0492       
# span 7 =     14.959,     15.464       
# span 8 =  -248.2802,   869.8972       
# span 9 = 1.2348e-01, 3.6619e+02       
# span 10 =    -2.2930,   358.2938      
# span 11 =     -0.595,      9.438      
# span 12 =     -0.863,     13.689      
# span 13 =    12.1010,    24.5060      
# span 14 =   997.1906,   999.6310      
# span 15 = 0.0000e+00, 0.0000e+00      
# interval = seconds: 0.25
# start_time = Sep 10 2020 20:05:27 [Instrument's time stamp, header]
# bad_flag = -9.990e-29
*END*
[from data line 904]
      1.781      0.008     1.3446     19.349     37.591  35.825926     5.0705     15.045   185.2811 4.4360e+00     4.4527      1.747      2.534    22.6426   997.6502 0.0000e+00
      1.782      0.011     1.3218     18.491     37.576  35.811769     5.0755     15.045   185.4361 4.4328e+00     4.4255      1.748      2.535    22.6385   997.6512 0.0000e+00
      1.783      0.015     1.2794     17.755     37.556  35.794482     5.0915     15.045   185.4582 4.3985e+00     4.4588      1.748      2.535    22.6443   997.6498 0.0000e+00
      1.788      0.019     1.2247     17.175     37.494  35.743830     5.1487     15.045   185.3764 4.3345e+00     4.6152      1.753      2.542    22.6492   997.6486 0.0000e+00
      1.796      0.021     1.1679     16.705     37.441  35.707003     5.1955     15.044   185.0489 4.2740e+00     4.7375      1.760      2.554    22.6464   997.6493 0.0000e+00
      1.805      0.021     1.1148     16.301     37.452  35.729970     5.1987     15.044   184.7679 4.2263e+00     4.7356      1.771      2.569    22.6461   997.6495 0.0000e+00
      1.812      0.020     1.0686     15.961     37.487  35.767720     5.1877     15.044   184.9040 4.1975e+00     4.6953      1.778      2.579    22.6470   997.6493 0.0000e+00
      1.815      0.019     1.0354     15.647     37.506  35.782690     5.1868     15.044   185.3182 4.1930e+00     4.5939      1.780      2.582    22.6567   997.6470 0.0000e+00
      1.816      0.018     1.0079     15.322     37.517  35.784053     5.1976     15.044   185.6458 4.1818e+00     4.4701      1.781      2.584    22.6804   997.6415 0.0000e+00
      1.820      0.016     0.9820     15.025     37.530  35.784188     5.2130     15.044   185.5099 4.1516e+00     4.4686      1.783      2.586    22.6992   997.6371 0.0000e+00
      1.825      0.016     0.9628     14.801     37.547  35.784306     5.2112     15.045   185.0511 4.1151e+00     4.5082      1.789      2.595    22.7063   997.6354 0.0000e+00
      1.831      0.017     0.9453     14.700     37.569  35.785465     5.1752     15.046   184.8315 4.0801e+00     4.5032      1.797      2.606    22.6997   997.6371 0.0000e+00
      1.836      0.018     0.9244     14.790     37.601  35.798166     5.1310     15.046   185.0917 4.0475e+00     4.5445      1.801      2.612    22.6847   997.6406 0.0000e+00
      1.839      0.019     0.9058     15.089     37.628  35.810944     5.1152     15.046   185.5302 4.0153e+00     4.6649      1.803      2.615    22.6706   997.6439 0.0000e+00
      1.842      0.020     0.8922     15.531     37.647  35.813026     5.1274     15.046   185.7453 3.9937e+00     4.7570      1.807      2.620    22.6490   997.6490 0.0000e+00
      1.847      0.022     0.8842     16.021     37.682  35.823308     5.1741     15.047   185.5410 3.9597e+00     4.7309      1.810      2.626    22.6180   997.6562 0.0000e+00
      1.853      0.025     0.8896     16.383     37.692  35.808322     5.2311     15.048   185.0391 3.9027e+00     4.6589      1.817      2.637    22.5946   997.6617 0.0000e+00
      1.860      0.029     0.9100     16.400     37.662  35.758703     5.2442     15.048   184.9252 3.8639e+00     4.6413      1.824      2.647    22.5813   997.6648 0.0000e+00
      1.867      0.031     0.9382     15.991     37.652  35.730999     5.2377     15.049   185.1961 3.8236e+00     4.6552      1.830      2.654    22.5620   997.6693 0.0000e+00
      1.877      0.033     0.9721     15.154     37.666  35.727161     5.1521     15.050   185.4761 3.7601e+00     4.4835      1.842      2.671    22.5300   997.6769 0.0000e+00
      1.887      0.034     1.0015     13.911     37.667  35.712279     4.9631     15.051   185.9006 3.6993e+00     4.1452      1.851      2.686    22.4936   997.6854 0.0000e+00
      1.896      0.036     1.0035     12.369     37.649  35.677953     4.8497     15.052   186.1131 3.6573e+00     3.9627      1.858      2.696    22.4665   997.6916 0.0000e+00
      1.905      0.037     0.9786     10.690     37.615  35.629392     4.8500     15.052   185.9796 3.6304e+00     3.9249      1.868      2.711    22.4435   997.6971 0.0000e+00
      1.913      0.036     0.9290      9.055     37.569  35.569298     4.8990     15.053   185.9217 3.5793e+00     3.9971      1.874      2.718    22.4208   997.7023 0.0000e+00
      1.924      0.035     0.8506      7.580     37.536  35.522449     4.9751     15.053   186.0149 3.5120e+00     4.1499      1.887      2.736    22.4006   997.7070 0.0000e+00
      1.934      0.032     0.7545      6.322     37.535  35.507118     5.0077     15.053   186.1610 3.4732e+00     4.1932      1.900      2.755    22.3762   997.7128 0.0000e+00
      1.942      0.029     0.6480      5.322     37.551  35.510821     4.9878     15.053   186.2252 3.4427e+00     4.1766      1.903      2.761    22.3543   997.7177 0.0000e+00
      1.950      0.027     0.5466      4.566     37.553  35.503759     4.9730     15.053   186.1889 3.4069e+00     4.1555      1.913      2.775    22.3343   997.7224 0.0000e+00
      1.956      0.028     0.4566      4.004     37.542  35.485169     4.9527     15.054   186.2380 3.3891e+00     4.0758      1.920      2.785    22.3109   997.7278 0.0000e+00
      1.958      0.033     0.3786      3.574     37.540  35.476406     4.9139     15.054   186.3020 3.3786e+00     3.9684      1.920      2.784    22.2932   997.7318 0.0000e+00
      1.962      0.040     0.3187      3.222     37.531  35.461255     4.8849     15.054   186.1895 3.3387e+00     3.9205      1.921      2.786    22.2782   997.7353 0.0000e+00
      1.973      0.050     0.2736      2.918     37.504  35.428880     4.8701     15.054   186.1685 3.2671e+00     3.9434      1.930      2.802    22.2647   997.7385 0.0000e+00
      1.991      0.058     0.2412      2.648     37.486  35.402236     4.9538     15.054   186.6500 3.1965e+00     3.9017      1.953      2.833    22.2556   997.7407 0.0000e+00
      2.010      0.063     0.2162      2.433     37.496  35.392919     5.1337     15.054   187.2793 3.1175e+00     3.7943      1.972      2.859    22.2469   997.7428 0.0000e+00
      2.030      0.063     0.1950      2.265     37.510  35.379661     5.2431     15.056   187.5822 3.0250e+00     3.7438      1.990      2.886    22.2374   997.7450 0.0000e+00
      2.049      0.059     0.1777      2.091     37.528  35.368801     5.2754     15.057   187.5597 2.9649e+00     3.7369      2.011      2.919    22.2282   997.7471 0.0000e+00
      2.063      0.051     0.1599      1.916     37.574  35.388485     5.4189     15.057   187.1786 2.9319e+00     3.7110      2.026      2.938    22.2197   997.7491 0.0000e+00
      2.073      0.042     0.1466      1.771     37.637  35.427256     5.6806     15.058   186.8463 2.8940e+00     3.6363      2.033      2.947    22.1963   997.7545 0.0000e+00
      2.083      0.035     0.1390      1.659     37.684  35.456816     5.8271     15.059   187.1552 2.8606e+00     3.5552      2.043      2.964    22.1554   997.7639 0.0000e+00
      2.090      0.031     0.1278      1.584     37.732  35.492051     5.8940     15.059   187.9030 2.8417e+00     3.4852      2.052      2.977    22.1155   997.7731 0.0000e+00
      2.095      0.032     0.1159      1.533     37.789  35.535978     6.4125     15.059   188.3165 2.8286e+00     3.3736      2.054      2.979    22.0842   997.7803 0.0000e+00
      2.099      0.037     0.1077      1.479     37.811  35.543728     7.3368     15.059   188.1961 2.8174e+00     3.3043      2.058      2.985    22.0581   997.7863 0.0000e+00
      2.107      0.043     0.1005      1.437     37.801  35.522281     7.8768     15.061   187.9970 2.7909e+00     3.3344      2.065      2.996    22.0369   997.7911 0.0000e+00
      2.119      0.050     0.0960      1.427     37.818  35.530470     8.3632     15.062   188.0594 2.7215e+00     3.3601      2.075      3.010    22.0265   997.7935 0.0000e+00
      2.137      0.058     0.0945      1.424     37.875  35.579274    13.1705     15.061   188.4344 2.6357e+00     3.5464      2.094      3.037    22.0164   997.7959 0.0000e+00
      2.157      0.064     0.0902      1.399     37.976  35.668160    21.9695     15.060   188.7459 2.5844e+00     3.9052      2.118      3.072    21.9969   997.8005 0.0000e+00
      2.173      0.065     0.0869      1.368     38.111  35.780230    26.7735     15.061   188.7278 2.5533e+00     4.1274      2.131      3.091    21.9777   997.8049 0.0000e+00
      2.189      0.063     0.0872      1.369     38.219  35.855519    27.2523     15.061   188.5603 2.4961e+00     4.2417      2.144      3.108    21.9699   997.8067 0.0000e+00
      2.208      0.058     0.0879      1.390     38.278  35.880408    27.6053     15.062   188.3549 2.4401e+00     4.2914      2.168      3.144    21.9638   997.8082 0.0000e+00
      2.223      0.052     0.0862      1.410     38.313  35.890735    31.0802     15.063   188.2238 2.4202e+00     4.3500      2.183      3.167    21.9589   997.8095 0.0000e+00
      2.233      0.045     0.0824      1.421     38.357  35.916897    37.4711     15.064   188.1796 2.3965e+00     4.5041      2.187      3.172    21.9460   997.8124 0.0000e+00
      2.244      0.037     0.0835      1.412     38.395  35.942875    40.9519     15.064   188.1639 2.3647e+00     4.6093      2.201      3.192    21.9055   997.8217 0.0000e+00
      2.255      0.030     0.0856      1.399     38.415  35.950994    41.2462     15.065   188.2059 2.3577e+00     4.6617      2.215      3.212    21.8584   997.8324 0.0000e+00
      2.260      0.025     0.0864      1.412     38.429  35.951581    41.0193     15.065   188.1711 2.3567e+00     4.6227      2.216      3.214    21.8285   997.8392 0.0000e+00
      2.262      0.024     0.0880      1.433     38.442  35.949964    40.5258     15.065   188.0880 2.3440e+00     4.4803      2.218      3.217    21.8118   997.8430 0.0000e+00
      2.266      0.025     0.0868      1.422     38.433  35.931414    40.2479     15.065   187.8036 2.3337e+00     4.4167      2.222      3.222    21.8004   997.8455 0.0000e+00
      2.271      0.029     0.0850      1.391     38.417  35.917660    40.2920     15.065   187.3991 2.3207e+00     4.4720      2.226      3.227    21.7896   997.8480 0.0000e+00
      2.279      0.034     0.0863      1.373     38.468  35.974042    41.0303     15.065   187.3275 2.2871e+00     4.6331      2.233      3.240    21.7731   997.8517 0.0000e+00
      2.291      0.039     0.0893      1.365     38.677  36.168931    42.3555     15.065   187.4540 2.2496e+00     4.8545      2.247      3.259    21.7526   997.8564 0.0000e+00
      2.303      0.042     0.0881      1.352     39.050  36.497208    43.0492     15.066   187.4652 2.2297e+00     4.9519      2.259      3.277    21.7345   997.8605 0.0000e+00
      2.313      0.044     0.0846      1.323     39.459  36.833681    42.9417     15.067   187.0329 2.2092e+00     4.9182      2.267      3.288    21.7366   997.8601 0.0000e+00
      2.325      0.049     0.0845      1.303     39.847  37.127583    41.0270     15.069   186.4427 2.1760e+00     4.7900      2.280      3.308    21.7580   997.8553 0.0000e+00
      2.338      0.058     0.0836      1.300     40.343  37.512218    37.4949     15.072   186.1797 2.1520e+00     4.6027      2.294      3.329    21.7623   997.8544 0.0000e+00
      2.348      0.065     0.0839      1.270     40.942  37.993704    35.5502     15.074   185.9188 2.1357e+00     4.5087      2.303      3.339    21.7369   997.8603 0.0000e+00
      2.362      0.066     0.0812      1.240     41.298  38.252780    35.1467     15.076   185.4391 2.0793e+00     4.4428      2.309      3.350    21.6799   997.8733 0.0000e+00
      2.388      0.064     0.0791      1.255     41.344  38.232948    32.6931     15.077   184.8538 1.9866e+00     4.2858      2.337      3.390    21.5876   997.8941 0.0000e+00
      2.419      0.059     0.0819      1.295     41.420  38.261551    28.2388     15.078   184.0038 1.9422e+00     4.1214      2.382      3.454    21.4837   997.9175 0.0000e+00
      2.435      0.051     0.0787      1.327     41.537  38.344706    25.8082     15.080   182.9062 1.9555e+00     4.0693      2.395      3.473    21.3929   997.9380 0.0000e+00
      2.435      0.041     0.0750      1.335     41.560  38.349815    25.5734     15.081   182.0788 1.9465e+00     4.0672      2.384      3.458    21.3062   997.9571 0.0000e+00
      2.439      0.031     0.0777      1.323     41.612  38.386769    25.5722     15.081   181.5718 1.9161e+00     4.0282      2.391      3.467    21.2219   997.9756 0.0000e+00
      2.447      0.025     0.0806      1.298     41.720  38.474166    26.0414     15.081   181.2499 1.9031e+00     4.0091      2.401      3.482    21.1742   997.9861 0.0000e+00
      2.452      0.026     0.0833      1.262     41.783  38.517992    26.9260     15.081   181.1124 1.8797e+00     4.0426      2.404      3.486    21.1520   997.9910 0.0000e+00
      2.458      0.030     0.0833      1.198     41.746  38.472382    27.4172     15.082   180.8551 1.8466e+00     4.0559      2.410      3.496    21.1299   997.9958 0.0000e+00
      2.466      0.032     0.0826      1.112     41.639  38.366941    27.5372     15.083   180.4621 1.8265e+00     3.9969      2.418      3.508    21.1197   997.9980 0.0000e+00
      2.476      0.033     0.0810      1.066     41.587  38.322019    28.4339     15.083   180.1466 1.7988e+00     3.9478      2.427      3.521    21.1066   998.0010 0.0000e+00
      2.485      0.034     0.0790      1.062     41.633  38.373506    30.0952     15.083   179.7071 1.7670e+00     3.9766      2.438      3.536    21.0867   998.0054 0.0000e+00
      2.494      0.037     0.0761      1.058     41.744  38.481747    31.0011     15.083   179.1066 1.7451e+00     4.0371      2.446      3.548    21.0731   998.0084 0.0000e+00
      2.502      0.040     0.0674      1.047     41.959  38.678770    31.0421     15.083   178.3921 1.7282e+00     4.0606      2.454      3.560    21.0605   998.0111 0.0000e+00
      2.510      0.044     0.0653      1.053     42.294  38.978625    30.5818     15.082   177.1775 1.7082e+00     4.0209      2.460      3.569    21.0653   998.0101 0.0000e+00
      2.522      0.048     0.0665      1.068     42.820  39.441642    29.7088     15.082   175.2613 1.6621e+00     3.9686      2.471      3.584    21.0844   998.0060 0.0000e+00
      2.537      0.050     0.0661      1.053     43.429  39.961159    29.2220     15.083   172.9483 1.6137e+00     3.9776      2.490      3.611    21.0892   998.0051 0.0000e+00
      2.551      0.047     0.0648      1.036     43.805  40.245893    29.0543     15.086   170.8929 1.5668e+00     4.0276      2.500      3.626    21.0874   998.0056 0.0000e+00
      2.567      0.042     0.0646      1.048     43.990  40.345438    27.5956     15.088   169.7680 1.5079e+00     4.0576      2.516      3.649    21.0825   998.0069 0.0000e+00
      2.582      0.034     0.0681      1.064     44.045  40.339516    24.9175     15.089   169.5002 1.4968e+00     4.0657      2.538      3.681    21.0572   998.0126 0.0000e+00
      2.587      0.026     0.0657      1.069     43.973  40.237676    23.4520     15.091   169.2897 1.5132e+00     4.0574      2.538      3.682    21.0141   998.0223 0.0000e+00
      2.587      0.020     0.0635      1.075     43.938  40.193078    23.3339     15.092   168.6857 1.5005e+00     4.0260      2.536      3.678    20.9368   998.0390 0.0000e+00
      2.588      0.017     0.0658      1.084     43.991  40.244576    23.5176     15.092   167.7892 1.4737e+00     4.0295      2.539      3.682    20.8461   998.0587 0.0000e+00
      2.591      0.019     0.0669      1.075     44.108  40.352556    23.8807     15.091   167.2269 1.4484e+00     4.0643      2.540      3.682    20.7802   998.0728 0.0000e+00
      2.596      0.025     0.0670      1.062     44.332  40.546586    24.0907     15.091   166.8774 1.4224e+00     4.0357      2.545      3.691    20.7374   998.0820 0.0000e+00
      2.603      0.033     0.0670      1.056     44.651  40.813332    24.1487     15.092   165.8004 1.3859e+00     3.9579      2.552      3.702    20.7267   998.0843 0.0000e+00
