Data/DataNotYetUploadedToEDI/Raw_CTD/RawDownloads/091119_fcr30.cnv
* Sea-Bird SBE19plus  Data File:
* FileName = C:\DATA\091119_fcr50_0_0003.hex
* Software version 2.8.0.119 SB_Terminal.dll
* Temperature SN = 7809
* Conductivity SN = 7809
* System UpLoad Time = Sep 11 2019 16:22:05
* <ApplicationData>
* <Seaterm232>
# nquan = 16
# nvalues = 622                         
# units = specified
# name 0 = depFM: Depth [fresh water, m]
# name 1 = sbeox0Mg/L: Oxygen, SBE 43 [mg/l]
# name 2 = sbeox0PS: Oxygen, SBE 43 [% saturation]
# name 3 = specc: Specific Conductance [uS/cm]
# name 4 = c0uS/cm: Conductivity [uS/cm]
# name 5 = flECO-AFL: Fluorescence, WET Labs ECO-AFL/FL [mg/m^3]
# name 6 = ph: pH
# name 7 = orp: Oxidation Reduction Potential [mV]
# name 8 = par/sat/log: PAR/Logarithmic, Satlantic
# name 9 = turbWETntu0: Turbidity, WET Labs ECO [NTU]
# name 10 = prdM: Pressure, Strain Gauge [db]
# name 11 = prdE: Pressure, Strain Gauge [psi]
# name 12 = tv290C: Temperature [ITS-90, deg C]
# name 13 = density00: Density [density, kg/m^3]
# name 14 = dz/dtM: Descent Rate [m/s]
# name 15 = flag:  0.000e+00
# span 0 =     -0.494,      5.293       
# span 1 =     0.0743,     9.5514       
# span 2 =      0.695,    114.583       
# span 3 =      2.028,     98.627       
# span 4 =   1.994462,  79.942426       
# span 5 =    -0.1039,    10.4520       
# span 6 =      6.285,      7.761       
# span 7 =   -27.3777,   309.2560       
# span 8 = 1.2352e-01, 1.4359e+03       
# span 9 =    -3.2449,    32.8968       
# span 10 =     -0.485,      5.191      
# span 11 =     -0.704,      7.529      
# span 12 =    12.3439,    25.1440      
# span 13 =   997.0278,   999.5063      
# span 14 =     -0.030,      0.184      
# span 15 = 0.0000e+00, 0.0000e+00      
# interval = seconds: 0.25
# start_time = Sep 11 2019 11:01:03 [Instrument's time stamp, header]
# bad_flag = -9.990e-29
*END*
[from data line 91]
      0.388     6.8725     82.688     37.856  37.616743     2.2036      7.363   109.0672 1.6219e+02     4.5768      0.380      0.552    24.6870   997.1467      0.009 0.0000e+00
      0.392     6.8452     82.358     37.831  37.591124     2.1946      7.359   109.0723 1.6190e+02     4.6555      0.384      0.557    24.6854   997.1472      0.010 0.0000e+00
      0.398     6.8072     81.899     37.831  37.589730     2.1914      7.356   109.0639 1.6045e+02     4.6953      0.391      0.566    24.6831   997.1478      0.009 0.0000e+00
      0.403     6.7587     81.314     37.842  37.599897     2.1916      7.353   109.2239 1.5725e+02     4.6975      0.396      0.575    24.6807   997.1484      0.005 0.0000e+00
      0.405     6.7008     80.616     37.829  37.587105     2.2136      7.350   109.4586 1.5259e+02     4.6825      0.398      0.577    24.6779   997.1491      0.000 0.0000e+00
      0.403     6.6322     79.790     37.804  37.562009     2.2495      7.345   109.5791 1.4719e+02     4.6771      0.395      0.574    24.6758   997.1496     -0.007 0.0000e+00
      0.398     6.5589     78.909     37.793  37.550361     2.2616      7.338   109.6478 1.4265e+02     4.6976      0.390      0.566    24.6751   997.1498     -0.015 0.0000e+00
      0.394     6.4836     78.003     37.816  37.573221     2.2554      7.332   109.6864 1.4073e+02     4.7014      0.386      0.560    24.6747   997.1498     -0.023 0.0000e+00
      0.389     6.4066     77.077     37.827  37.584508     2.2528      7.327   109.6157 1.4105e+02     4.6896      0.383      0.555    24.6741   997.1500     -0.029 0.0000e+00
      0.380     6.3356     76.221     37.802  37.559881     2.2656      7.323   109.6539 1.4189e+02     4.6536      0.374      0.543    24.6734   997.1501     -0.030 0.0000e+00
      0.368     6.2779     75.526     37.772  37.529365     2.2710      7.318   109.8908 1.4166e+02     4.6272      0.362      0.525    24.6733   997.1501     -0.028 0.0000e+00
      0.356     6.2361     75.022     37.713  37.469439     2.2578      7.312   110.0706 1.4144e+02     4.6652      0.348      0.505    24.6736   997.1499     -0.024 0.0000e+00
      0.349     6.2056     74.654     37.650  37.406586     2.2617      7.306   110.1921 1.4477e+02     4.6869      0.338      0.491    24.6738   997.1498     -0.021 0.0000e+00
      0.349     6.1786     74.329     37.648  37.404162     2.2749      7.301   110.3283 1.5699e+02     4.6923      0.341      0.495    24.6739   997.1498     -0.016 0.0000e+00
      0.352     6.1497     73.981     37.684  37.440137     2.2703      7.298   110.4268 1.7146e+02     4.6983      0.348      0.506    24.6729   997.1501     -0.011 0.0000e+00
      0.350     6.1208     73.632     37.706  37.460711     2.2582      7.294   110.5230 1.7237e+02     4.6613      0.346      0.501    24.6713   997.1506     -0.005 0.0000e+00
      0.342     6.0967     73.340     37.708  37.462491     2.2409      7.285   110.7163 1.6408e+02     4.6700      0.334      0.485    24.6703   997.1507      0.001 0.0000e+00
      0.338     6.0784     73.118     37.708  37.461651     2.2169      7.275   110.8709 1.5629e+02     4.7058      0.328      0.476    24.6706   997.1505      0.004 0.0000e+00
      0.342     6.0634     72.937     37.698  37.450555     2.2108      7.269   110.9309 1.4813e+02     4.7004      0.333      0.483    24.6702   997.1507      0.007 0.0000e+00
      0.351     6.0475     72.745     37.703  37.455278     2.2105      7.268   111.0967 1.4152e+02     4.7029      0.345      0.501    24.6692   997.1510      0.012 0.0000e+00
      0.359     6.0327     72.566     37.768  37.518753     2.1960      7.266   111.4122 1.3864e+02     4.7035      0.354      0.514    24.6683   997.1512      0.020 0.0000e+00
      0.361     6.0266     72.491     37.834  37.583281     2.1916      7.261   111.9072 1.3724e+02     4.7740      0.355      0.513    24.6669   997.1515      0.030 0.0000e+00
      0.361     6.0372     72.616     37.853  37.600719     2.2002      7.254   112.5211 1.3563e+02     4.9330      0.352      0.511    24.6659   997.1518      0.041 0.0000e+00
      0.368     6.0697     73.001     37.858  37.602648     2.2047      7.248   112.9848 1.3434e+02     4.9861      0.356      0.517    24.6653   997.1520      0.053 0.0000e+00
      0.386     6.1182     73.576     37.867  37.606594     2.2023      7.243   113.2980 1.3252e+02     4.9251      0.375      0.544    24.6645   997.1524      0.065 0.0000e+00
      0.412     6.1663     74.147     37.913  37.648433     2.2064      7.239   113.7263 1.2836e+02     4.9824      0.404      0.586    24.6635   997.1527      0.076 0.0000e+00
      0.439     6.2148     74.718     37.999  37.727654     2.2287      7.235   114.2062 1.2249e+02     5.1874      0.432      0.627    24.6615   997.1533      0.083 0.0000e+00
      0.462     6.3225     75.987     38.089  37.802726     2.2555      7.230   114.5398 1.1694e+02     5.3380      0.456      0.661    24.6574   997.1546      0.085 0.0000e+00
      0.482     6.5909     79.172     38.165  37.857867     2.2695      7.223   114.8339 1.1214e+02     5.3618      0.472      0.685    24.6514   997.1561      0.082 0.0000e+00
      0.500     7.0624     84.796     38.213  37.886526     2.2773      7.214   115.0952 1.0793e+02     5.2786      0.490      0.710    24.6461   997.1575      0.077 0.0000e+00
      0.519     7.6525     91.854     38.235  37.895312     2.2894      7.206   115.2907 1.0504e+02     5.1846      0.510      0.739    24.6413   997.1589      0.073 0.0000e+00
      0.538     8.2319     98.790     38.248  37.900600     2.3025      7.202   115.5626 1.0366e+02     5.1753      0.527      0.765    24.6231   997.1637      0.072 0.0000e+00
      0.555     8.7312    104.771     38.239  37.886964     2.3145      7.200   115.8876 1.0240e+02     5.1658      0.544      0.789    24.5904   997.1720      0.073 0.0000e+00
      0.572     9.1275    109.518     38.213  37.857384     2.3474      7.197   116.0365 1.0041e+02     5.1350      0.562      0.815    24.5636   997.1788      0.074 0.0000e+00
      0.591     9.4011    112.794     38.218  37.860337     2.3965      7.195   115.9864 9.7639e+01     5.1307      0.578      0.839    24.5481   997.1829      0.074 0.0000e+00
      0.612     9.5403    114.456     38.220  37.859188     2.4230      7.200   116.0561 9.4819e+01     5.1472      0.599      0.868    24.5390   997.1852      0.074 0.0000e+00
      0.634     9.5514    114.583     38.206  37.843490     2.4335      7.207   116.3640 9.2621e+01     5.1704      0.622      0.903    24.5330   997.1869      0.074 0.0000e+00
      0.653     9.4673    113.569     38.226  37.860953     2.4371      7.210   116.6970 9.0347e+01     5.1493      0.643      0.933    24.5293   997.1879      0.074 0.0000e+00
      0.668     9.3422    112.065     38.246  37.879904     2.4318      7.208   116.8986 8.8082e+01     5.0893      0.656      0.952    24.5263   997.1886      0.071 0.0000e+00
      0.683     9.2157    110.545     38.249  37.882196     2.4308      7.209   116.9942 8.5091e+01     5.0664      0.667      0.967    24.5224   997.1897      0.065 0.0000e+00
      0.704     9.1006    109.165     38.255  37.888657     2.4328      7.215   117.0793 8.1199e+01     5.0699      0.689      0.999    24.5190   997.1906      0.057 0.0000e+00
      0.726     9.0043    108.012     38.260  37.894545     2.4300      7.221   117.2391 7.8387e+01     5.0656      0.717      1.040    24.5166   997.1913      0.050 0.0000e+00
      0.737     8.9310    107.135     38.255  37.889920     2.4317      7.223   117.5498 7.6886e+01     5.0791      0.728      1.056    24.5152   997.1917      0.045 0.0000e+00
      0.739     8.8769    106.488     38.261  37.896209     2.4442      7.223   117.9106 7.5731e+01     5.1021      0.723      1.049    24.5139   997.1920      0.043 0.0000e+00
      0.742     8.8372    106.012     38.272  37.907112     2.4518      7.221   118.0739 7.4852e+01     5.1147      0.724      1.049    24.5138   997.1921      0.042 0.0000e+00
      0.752     8.8095    105.678     38.260  37.894789     2.4540      7.218   118.0614 7.4378e+01     5.1332      0.736      1.067    24.5153   997.1918      0.042 0.0000e+00
      0.769     8.7923    105.468     38.240  37.874168     2.4544      7.216   118.1042 7.3774e+01     5.0969      0.753      1.093    24.5167   997.1915      0.043 0.0000e+00
      0.786     8.7855    105.386     38.214  37.848210     2.4469      7.216   118.2464 7.2706e+01     4.9706      0.773      1.121    24.5177   997.1913      0.044 0.0000e+00
      0.800     8.7871    105.406     38.200  37.834843     2.4417      7.218   118.4047 7.1329e+01     4.8843      0.788      1.143    24.5178   997.1914      0.044 0.0000e+00
      0.807     8.7923    105.470     38.205  37.839503     2.4435      7.218   118.5550 6.9856e+01     4.9057      0.793      1.150    24.5164   997.1917      0.042 0.0000e+00
      0.813     8.7983    105.541     38.207  37.841076     2.4428      7.219   118.6873 6.8369e+01     4.9993      0.796      1.154    24.5151   997.1921      0.039 0.0000e+00
      0.821     8.8019    105.583     38.220  37.853861     2.4333      7.220   118.8008 6.6714e+01     5.0983      0.803      1.165    24.5148   997.1922      0.038 0.0000e+00
      0.833     8.8019    105.580     38.234  37.867121     2.4240      7.220   118.8933 6.5104e+01     5.1200      0.816      1.183    24.5157   997.1920      0.039 0.0000e+00
      0.845     8.8001    105.558     38.242  37.874453     2.4259      7.219   118.9460 6.3735e+01     5.0971      0.829      1.203    24.5163   997.1919      0.041 0.0000e+00
      0.856     8.7979    105.532     38.246  37.879036     2.4379      7.217   119.0075 6.2487e+01     5.2147      0.840      1.218    24.5154   997.1922      0.042 0.0000e+00
      0.866     8.7947    105.495     38.226  37.859057     2.4487      7.216   119.1209 6.1405e+01     5.4614      0.850      1.232    24.5140   997.1926      0.042 0.0000e+00
      0.877     8.7882    105.418     38.189  37.823315     2.4431      7.216   119.2843 6.0600e+01     5.5890      0.860      1.247    24.5135   997.1928      0.041 0.0000e+00
      0.887     8.7776    105.291     38.194  37.827741     2.4312      7.216   119.5209 5.9968e+01     5.6108      0.870      1.261    24.5133   997.1929      0.040 0.0000e+00
      0.897     8.7677    105.170     38.216  37.849092     2.4262      7.215   119.7444 5.9370e+01     5.7244      0.880      1.277    24.5136   997.1928      0.040 0.0000e+00
      0.906     8.7620    105.098     38.196  37.827565     2.4263      7.213   119.9221 5.8815e+01     5.9462      0.889      1.290    24.5146   997.1926      0.041 0.0000e+00
      0.916     8.7579    105.045     38.191  37.821360     2.4331      7.211   120.1213 5.8207e+01     6.0639      0.897      1.301    24.5148   997.1926      0.042 0.0000e+00
      0.926     8.7554    105.011     38.209  37.837541     2.4387      7.210   120.2595 5.7452e+01     6.0338      0.908      1.316    24.5148   997.1926      0.043 0.0000e+00
      0.939     8.7548    105.002     38.205  37.832782     2.4327      7.208   120.3025 5.6632e+01     6.0083      0.921      1.336    24.5142   997.1928      0.044 0.0000e+00
      0.952     8.7514    104.961     38.200  37.827292     2.4133      7.208   120.3830 5.5826e+01     5.9197      0.933      1.354    24.5121   997.1934      0.045 0.0000e+00
      0.962     8.7437    104.868     38.208  37.834636     2.3860      7.208   120.5449 5.5017e+01     5.7483      0.944      1.369    24.5095   997.1941      0.046 0.0000e+00
      0.973     8.7344    104.753     38.232  37.858096     2.3708      7.208   120.7106 5.4190e+01     5.6407      0.954      1.384    24.5073   997.1948      0.046 0.0000e+00
      0.985     8.7257    104.647     38.232  37.857041     2.3685      7.208   120.8382 5.3419e+01     5.6026      0.965      1.400    24.5067   997.1950      0.045 0.0000e+00
      0.998     8.7200    104.577     38.197  37.821882     2.3585      7.208   120.9691 5.2779e+01     5.5488      0.979      1.419    24.5071   997.1949      0.044 0.0000e+00
      1.010     8.7190    104.563     38.189  37.813850     2.3360      7.208   121.0877 5.2267e+01     5.4494      0.992      1.438    24.5061   997.1952      0.043 0.0000e+00
      1.021     8.7211    104.588     38.199  37.823404     2.3214      7.209   121.2402 5.1856e+01     5.3838      1.001      1.452    24.5045   997.1957      0.042 0.0000e+00
      1.030     8.7246    104.632     38.187  37.810444     2.3212      7.210   121.4371 5.1536e+01     5.3792      1.010      1.465    24.5035   997.1960      0.041 0.0000e+00
      1.039     8.7276    104.668     38.161  37.784105     2.3163      7.210   121.5753 5.1277e+01     5.3602      1.018      1.477    24.5029   997.1961      0.040 0.0000e+00
      1.049     8.7276    104.664     38.136  37.758842     2.3139      7.210   121.7063 5.0988e+01     5.3509      1.028      1.491    24.5025   997.1963      0.039 0.0000e+00
      1.060     8.7231    104.606     38.137  37.758894     2.3275      7.210   121.8163 5.0647e+01     5.3649      1.039      1.507    24.5020   997.1965      0.039 0.0000e+00
      1.071     8.7164    104.520     38.166  37.784733     2.3335      7.211   121.8731 5.0327e+01     5.3662      1.050      1.523    24.5022   997.1965      0.038 0.0000e+00
      1.081     8.7113    104.455     38.201  37.817351     2.3161      7.211   121.9629 5.0032e+01     5.3665      1.060      1.538    24.5021   997.1965      0.037 0.0000e+00
      1.090     8.7068    104.395     38.221  37.835890     2.2997      7.211   122.1269 4.9753e+01     5.3687      1.069      1.551    24.5007   997.1969      0.036 0.0000e+00
      1.098     8.6993    104.302     38.204  37.818453     2.3084      7.212   122.2216 4.9469e+01     5.3592      1.077      1.561    24.4990   997.1973      0.036 0.0000e+00
      1.106     8.6889    104.175     38.184  37.796956     2.3256      7.212   122.3338 4.9144e+01     5.3505      1.084      1.573    24.4965   997.1980      0.036 0.0000e+00
      1.114     8.6788    104.049     38.154  37.766387     2.3091      7.209   122.6237 4.8822e+01     5.4273      1.092      1.584    24.4931   997.1990      0.037 0.0000e+00
      1.124     8.6711    103.946     38.094  37.702746     2.2656      7.204   122.8874 4.8518e+01     5.5340      1.101      1.597    24.4904   997.1997      0.040 0.0000e+00
      1.135     8.6663    103.865     38.063  37.662234     2.2406      7.199   123.0263 4.8191e+01     5.5257      1.112      1.612    24.4885   997.2002      0.044 0.0000e+00
      1.146     8.6612    103.765     38.073  37.657398     2.2407      7.194   123.1847 4.7881e+01     5.5233      1.124      1.630    24.4877   997.2004      0.047 0.0000e+00
      1.159     8.6492    103.572     38.080  37.644258     2.2502      7.189   123.4260 4.7626e+01     5.5711      1.137      1.649    24.4869   997.2007      0.047 0.0000e+00
      1.174     8.6274    103.259     38.087  37.630277     2.2595      7.184   123.6206 4.7350e+01     5.5140      1.151      1.670    24.4828   997.2018      0.047 0.0000e+00
      1.187     8.5972    102.855     38.089  37.615274     2.2576      7.179   123.8172 4.7069e+01     5.3904      1.166      1.691    24.4706   997.2049      0.045 0.0000e+00
      1.197     8.5623    102.410     38.074  37.589779     2.2533      7.176   124.0827 4.6824e+01     5.3218      1.175      1.703    24.4504   997.2100      0.040 0.0000e+00
      1.207     8.5284    101.990     38.066  37.575910     2.2596      7.174   124.2495 4.6630e+01     5.3393      1.184      1.717    24.4229   997.2169      0.035 0.0000e+00
      1.215     8.5001    101.640     38.069  37.574526     2.2651      7.173   124.2847 4.6506e+01     5.3727      1.193      1.731    24.3923   997.2246      0.031 0.0000e+00
