Data/DataNotYetUploadedToEDI/Raw_CTD/RawDownloads/091119_fcr45.cnv
* Sea-Bird SBE19plus  Data File:
* FileName = C:\DATA\091119_fcr50_0_0004.hex
* Software version 2.8.0.119 SB_Terminal.dll
* Temperature SN = 7809
* Conductivity SN = 7809
* System UpLoad Time = Sep 11 2019 16:22:23
* <ApplicationData>
* <Seaterm232>
# nquan = 16
# nvalues = 411                         
# units = specified
# name 0 = depFM: Depth [fresh water, m]
# name 1 = sbeox0Mg/L: Oxygen, SBE 43 [mg/l]
# name 2 = sbeox0PS: Oxygen, SBE 43 [% saturation]
# name 3 = specc: Specific Conductance [uS/cm]
# name 4 = c0uS/cm: Conductivity [uS/cm]
# name 5 = flECO-AFL: Fluorescence, WET Labs ECO-AFL/FL [mg/m^3]
# name 6 = ph: pH
# name 7 = orp: Oxidation Reduction Potential [mV]
# name 8 = par/sat/log: PAR/Logarithmic, Satlantic
# name 9 = turbWETntu0: Turbidity, WET Labs ECO [NTU]
# name 10 = prdM: Pressure, Strain Gauge [db]
# name 11 = prdE: Pressure, Strain Gauge [psi]
# name 12 = tv290C: Temperature [ITS-90, deg C]
# name 13 = density00: Density [density, kg/m^3]
# name 14 = dz/dtM: Descent Rate [m/s]
# name 15 = flag:  0.000e+00
# span 0 =     -0.487,      6.544       
# span 1 =     0.0832,     9.4187       
# span 2 =      0.956,    113.640       
# span 3 =      1.714,     86.606       
# span 4 =   1.611355,  68.588471       
# span 5 =    -0.4212,    15.8759       
# span 6 =      6.521,      7.345       
# span 7 =    20.8161,   154.6178       
# span 8 = 1.2349e-01, 1.2775e+03       
# span 9 =    -4.1987,    23.1136       
# span 10 =     -0.477,      6.418      
# span 11 =     -0.693,      9.308      
# span 12 =    12.2553,    24.9347      
# span 13 =   997.0830,   999.5216      
# span 14 =     -0.002,      0.224      
# span 15 = 0.0000e+00, 0.0000e+00      
# interval = seconds: 0.25
# start_time = Sep 11 2019 11:07:02 [Instrument's time stamp, header]
# bad_flag = -9.990e-29
*END*
[from data line 362]
      6.016     0.3813      3.561     54.489  40.631514     0.5544      6.589    41.7270 1.2363e-01     7.4554      5.900      8.557    12.2927   999.5151      0.112 0.0000e+00
      6.046     0.3827      3.574     54.452  40.600447     0.5528      6.589    42.2968 1.2364e-01     7.6299      5.930      8.599    12.2903   999.5154      0.115 0.0000e+00
      6.077     0.3843      3.589     54.423  40.576156     0.5526      6.591    42.7248 1.2370e-01     7.8009      5.958      8.641    12.2867   999.5160      0.116 0.0000e+00
      6.110     0.3856      3.600     54.447  40.591756     0.5601      6.590    42.9434 1.2376e-01     7.8524      5.993      8.692    12.2838   999.5165      0.114 0.0000e+00
      6.141     0.3839      3.585     54.460  40.598606     0.5657      6.585    43.3057 1.2375e-01     7.8914      6.024      8.737    12.2816   999.5169      0.108 0.0000e+00
      6.167     0.3789      3.538     54.460  40.595486     0.5863      6.581    43.9215 1.2367e-01     8.1743      6.047      8.771    12.2786   999.5173      0.097 0.0000e+00
      6.192     0.3708      3.461     54.493  40.617511     0.6180      6.581    44.6236 1.2361e-01     8.5853      6.071      8.806    12.2753   999.5178      0.083 0.0000e+00
      6.215     0.3584      3.345     54.572  40.674449     0.6281      6.581    45.0841 1.2359e-01     8.7640      6.098      8.843    12.2733   999.5183      0.069 0.0000e+00
      6.230     0.3406      3.180     54.625  40.712524     0.6309      6.580    45.3604 1.2359e-01     8.7954      6.114      8.867    12.2713   999.5185      0.058 0.0000e+00
      6.237     0.3148      2.939     54.605  40.696941     0.6342      6.580    45.6408 1.2359e-01     8.9978      6.117      8.871    12.2681   999.5189      0.051 0.0000e+00
      6.242     0.2837      2.649     54.579  40.676506     0.6337      6.580    45.9785 1.2359e-01     9.3103      6.119      8.874    12.2653   999.5193      0.049 0.0000e+00
      6.252     0.2524      2.356     54.552  40.655915     0.6332      6.581    46.4327 1.2365e-01     9.4263      6.129      8.890    12.2635   999.5195      0.052 0.0000e+00
      6.267     0.2205      2.058     54.529  40.638430     0.6283      6.583    46.8300 1.2366e-01     9.3856      6.145      8.912    12.2628   999.5197      0.058 0.0000e+00
      6.285     0.1882      1.757     54.553  40.655560     0.6005      6.582    47.1685 1.2357e-01     9.4080      6.163      8.939    12.2622   999.5198      0.066 0.0000e+00
      6.306     0.1613      1.506     54.576  40.672560     0.5481      6.576    47.4288 1.2358e-01     9.4684      6.184      8.970    12.2608   999.5201      0.072 0.0000e+00
      6.326     0.1423      1.329     54.551  40.653514     0.5154      6.574    47.4816 1.2368e-01     9.4924      6.204      8.998    12.2601   999.5203      0.075 0.0000e+00
      6.345     0.1295      1.210     54.501  40.615734     0.5086      6.581    47.5486 1.2376e-01     9.5010      6.222      9.024    12.2601   999.5204      0.075 0.0000e+00
      6.365     0.1228      1.147     54.476  40.596689     0.5089      6.589    47.7232 1.2375e-01     9.4752      6.242      9.052    12.2598   999.5205      0.073 0.0000e+00
      6.384     0.1193      1.113     54.500  40.613706     0.5365      6.592    47.7861 1.2365e-01     9.4750      6.260      9.080    12.2596   999.5206      0.071 0.0000e+00
      6.403     0.1162      1.085     54.525  40.631020     0.5908      6.579    47.7926 1.2358e-01     9.5970      6.279      9.107    12.2590   999.5208      0.071 0.0000e+00
      6.419     0.1170      1.092     54.505  40.615577     0.6273      6.557    47.9741 1.2359e-01     9.7051      6.297      9.133    12.2580   999.5209      0.070 0.0000e+00
      6.433     0.1200      1.120     54.506  40.617451     0.6314      6.549    48.1741 1.2359e-01     9.7003      6.307      9.148    12.2576   999.5210      0.068 0.0000e+00
      6.451     0.1201      1.121     54.551  40.653668     0.5976      6.554    48.2313 1.2356e-01     9.7357      6.323      9.171    12.2573   999.5211      0.063 0.0000e+00
      6.474     0.1207      1.126     54.572  40.672558     0.5398      6.558    48.3218 1.2361e-01     9.8707      6.352      9.214    12.2564   999.5213      0.058 0.0000e+00
      6.490     0.1232      1.150     54.543  40.655387     0.5133      6.559    48.4085 1.2367e-01     9.9565      6.368      9.238    12.2553   999.5216      0.052 0.0000e+00
      6.499     0.1257      1.173     54.509  40.636524     0.5188      6.560    48.4187 1.2371e-01     9.9532      6.373      9.243    12.2565   999.5214      0.046 0.0000e+00
      6.506     0.1290      1.204     54.498  40.634949     0.5291      6.560    48.5312 1.2374e-01     9.9297      6.380      9.253    12.2590   999.5212      0.038 0.0000e+00
      6.515     0.1327      1.239     54.493  40.636354     0.5504      6.559    48.7362 1.2374e-01     9.9009      6.389      9.267    12.2616   999.5209      0.030 0.0000e+00
      6.524     0.1362      1.272     54.513  40.653522     0.5686      6.557    48.9183 1.2369e-01     9.8682      6.398      9.280    12.2664   999.5204      0.025 0.0000e+00
      6.530     0.1402      1.310     54.510  40.652065     0.5666      6.557    49.0126 1.2363e-01     9.8616      6.405      9.290    12.2717   999.5198      0.021 0.0000e+00
      6.534     0.1437      1.342     54.467  40.618739     0.5615      6.556    49.1018 1.2360e-01     9.8865      6.408      9.294    12.2782   999.5191      0.017 0.0000e+00
      6.537     0.1455      1.360     54.487  40.631499     0.5591      6.556    49.3082 1.2358e-01     9.9074      6.411      9.298    12.2843   999.5184      0.012 0.0000e+00
      6.539     0.1472      1.375     54.551  40.679364     0.5631      6.556    49.5288 1.2357e-01     9.9173      6.413      9.301    12.2859   999.5182      0.008 0.0000e+00
      6.540     0.1478      1.381     54.559  40.689572     0.5670      6.554    49.7042 1.2362e-01     9.9405      6.414      9.302    12.2861   999.5182      0.005 0.0000e+00
      6.541     0.1476      1.379     54.554  40.691445     0.5375      6.552    49.8798 1.2369e-01     9.9912      6.415      9.304    12.2849   999.5183      0.003 0.0000e+00
      6.541     0.1488      1.390     54.560  40.702014     0.4833      6.550    49.9321 1.2368e-01    10.0068      6.414      9.303    12.2813   999.5188      0.002 0.0000e+00
      6.542     0.1501      1.403     54.536  40.690389     0.4493      6.548    49.9057 1.2363e-01     9.9323      6.415      9.305    12.2810   999.5188      0.002 0.0000e+00
      6.542     0.1505      1.407     54.511  40.677878     0.4478      6.548    49.9056 1.2357e-01     9.8771      6.416      9.306    12.2868   999.5181      0.001 0.0000e+00
      6.542     0.1514      1.415     54.502  40.677721     0.4738      6.547    49.7587 1.2351e-01     9.8633      6.416      9.305    12.2924   999.5175      0.001 0.0000e+00
      6.542     0.1530      1.431     54.509  40.688502     0.5110      6.546    49.7646 1.2351e-01     9.7981      6.416      9.306    12.2966   999.5170      0.001 0.0000e+00
      6.542     0.1552      1.451     54.493  40.681261     0.5254      6.545    50.2341 1.2355e-01     9.7107      6.416      9.306    12.3033   999.5162      0.001 0.0000e+00
      6.542     0.1575      1.473     54.448  40.653660     0.5169      6.544    50.7902 1.2361e-01     9.6595      6.416      9.306    12.3088   999.5155      0.001 0.0000e+00
      6.543     0.1585      1.482     54.465  40.672221     0.5126      6.543    51.1541 1.2363e-01     9.6704      6.417      9.307    12.3141   999.5149      0.001 0.0000e+00
      6.544     0.1600      1.496     54.517  40.715232     0.5430      6.543    51.3643 1.2359e-01     9.6788      6.417      9.308    12.3205   999.5142      0.001 0.0000e+00
      6.544     0.1615      1.510     54.533  40.729291     0.5720      6.543    51.4386 1.2357e-01     9.6633      6.417      9.307    12.3242   999.5138      0.001 0.0000e+00
      6.544 -9.990e-29 -9.990e-29 -9.990e-29 -9.990e-29 -9.990e-29 -9.990e-29 -9.990e-29 1.2358e-01 -9.990e-29      6.417      9.307    12.3292   999.5131 -9.990e-29 0.0000e+00
      6.544 -9.990e-29 -9.990e-29 -9.990e-29 -9.990e-29 -9.990e-29 -9.990e-29 -9.990e-29 1.2361e-01 -9.990e-29      6.417      9.307    12.3356   999.5123 -9.990e-29 0.0000e+00
      6.544 -9.990e-29 -9.990e-29 -9.990e-29 -9.990e-29 -9.990e-29 -9.990e-29 -9.990e-29 1.2361e-01 -9.990e-29      6.417      9.308    12.3400   999.5118 -9.990e-29 0.0000e+00
      6.544 -9.990e-29 -9.990e-29 -9.990e-29 -9.990e-29 -9.990e-29 -9.990e-29 -9.990e-29 1.2359e-01 -9.990e-29      6.418      9.308    12.3423   999.5116 -9.990e-29 0.0000e+00
