Data/DataNotYetUploadedToEDI/Raw_CTD/RawDownloads/091119_fcr10.cnv
* Sea-Bird SBE19plus  Data File:
* FileName = C:\DATA\091119_fcr50_0_0001.hex
* Software version 2.8.0.119 SB_Terminal.dll
* Temperature SN = 7809
* Conductivity SN = 7809
* System UpLoad Time = Sep 11 2019 16:21:30
* <ApplicationData>
* <Seaterm232>
# nquan = 16
# nvalues = 318                         
# units = specified
# name 0 = depFM: Depth [fresh water, m]
# name 1 = sbeox0Mg/L: Oxygen, SBE 43 [mg/l]
# name 2 = sbeox0PS: Oxygen, SBE 43 [% saturation]
# name 3 = specc: Specific Conductance [uS/cm]
# name 4 = c0uS/cm: Conductivity [uS/cm]
# name 5 = flECO-AFL: Fluorescence, WET Labs ECO-AFL/FL [mg/m^3]
# name 6 = ph: pH
# name 7 = orp: Oxidation Reduction Potential [mV]
# name 8 = par/sat/log: PAR/Logarithmic, Satlantic
# name 9 = turbWETntu0: Turbidity, WET Labs ECO [NTU]
# name 10 = prdM: Pressure, Strain Gauge [db]
# name 11 = prdE: Pressure, Strain Gauge [psi]
# name 12 = tv290C: Temperature [ITS-90, deg C]
# name 13 = density00: Density [density, kg/m^3]
# name 14 = dz/dtM: Descent Rate [m/s]
# name 15 = flag:  0.000e+00
# span 0 =     -0.500,      2.523       
# span 1 =     0.1070,     9.5318       
# span 2 =      1.232,    114.606       
# span 3 =      0.799,    215.153       
# span 4 =   0.816923, 202.860233       
# span 5 =    -0.1360,    11.3297       
# span 6 =      6.090,      8.080       
# span 7 = -1240.7455,   227.9366       
# span 8 = 1.8046e+01, 1.4605e+03       
# span 9 =    -3.7943,    25.3373       
# span 10 =     -0.490,      2.475      
# span 11 =     -0.711,      3.590      
# span 12 =    22.0351,    26.1410      
# span 13 =   996.7550,   997.8370      
# span 14 =     -0.019,      0.175      
# span 15 = 0.0000e+00, 0.0000e+00      
# interval = seconds: 0.25
# start_time = Sep 11 2019 10:37:00 [Instrument's time stamp, header]
# bad_flag = -9.990e-29
*END*
[from data line 91]
      0.368     6.7614     81.573     38.238  38.108253     2.2051      7.568   142.9854 6.3954e+02     4.4735      0.359      0.521    24.8138   997.1146     -0.007 0.0000e+00
      0.364     6.6943     80.769     38.232  38.104893     2.2006      7.559   143.1455 6.1538e+02     4.4526      0.355      0.515    24.8198   997.1130     -0.005 0.0000e+00
      0.364     6.6343     80.050     38.223  38.099336     2.1874      7.551   143.3940 6.2042e+02     4.4164      0.357      0.518    24.8207   997.1128     -0.002 0.0000e+00
      0.365     6.5818     79.420     38.226  38.104550     2.1838      7.544   143.4951 6.4328e+02     4.4286      0.358      0.520    24.8217   997.1126      0.003 0.0000e+00
      0.366     6.5314     78.816     38.225  38.104455     2.2093      7.532   143.4216 6.7826e+02     4.5354      0.358      0.520    24.8247   997.1118      0.007 0.0000e+00
      0.368     6.4817     78.219     38.217  38.098192     2.2536      7.511   143.2790 6.7572e+02     4.6581      0.360      0.523    24.8292   997.1105      0.009 0.0000e+00
      0.373     6.4334     77.639     38.209  38.092311     2.2691      7.491   143.0622 6.4119e+02     4.6666      0.366      0.531    24.8325   997.1098      0.010 0.0000e+00
      0.377     6.3889     77.104     38.213  38.096824     2.2572      7.479   142.7791 6.0558e+02     4.6383      0.371      0.538    24.8349   997.1092      0.012 0.0000e+00
      0.379     6.3479     76.612     38.203  38.089275     2.2566      7.472   142.6086 6.1342e+02     4.6764      0.372      0.539    24.8370   997.1087      0.013 0.0000e+00
      0.380     6.3071     76.124     38.176  38.064519     2.2623      7.468   142.6354 6.3540e+02     4.7349      0.371      0.538    24.8390   997.1081      0.013 0.0000e+00
      0.384     6.2656     75.628     38.160  38.051407     2.2654      7.467   142.6728 5.9235e+02     4.7553      0.375      0.544    24.8413   997.1076      0.011 0.0000e+00
      0.389     6.2274     75.171     38.164  38.057706     2.2678      7.466   142.5449 5.7616e+02     4.7268      0.382      0.554    24.8421   997.1074      0.008 0.0000e+00
      0.394     6.1946     74.778     38.182  38.077202     2.2657      7.465   142.4661 6.1490e+02     4.6518      0.387      0.562    24.8435   997.1070      0.005 0.0000e+00
      0.395     6.1657     74.431     38.201  38.096703     2.2653      7.461   142.5801 6.1866e+02     4.5688      0.389      0.564    24.8478   997.1060      0.002 0.0000e+00
      0.392     6.1373     74.090     38.206  38.103059     2.2721      7.457   142.7181 6.2449e+02     4.5113      0.385      0.559    24.8522   997.1048      0.001 0.0000e+00
      0.388     6.1044     73.695     38.193  38.090584     2.2788      7.453   142.8449 6.3411e+02     4.4806      0.379      0.550    24.8544   997.1043      0.001 0.0000e+00
      0.386     6.0654     73.226     38.174  38.072809     2.2767      7.447   142.9081 6.1457e+02     4.4916      0.377      0.546    24.8559   997.1039      0.003 0.0000e+00
      0.388     6.0248     72.736     38.179  38.078584     2.2813      7.436   142.8807 5.9952e+02     4.5795      0.379      0.550    24.8577   997.1034      0.006 0.0000e+00
      0.393     5.9885     72.299     38.197  38.096936     2.2994      7.424   142.9435 6.3191e+02     4.7568      0.384      0.557    24.8590   997.1031      0.008 0.0000e+00
      0.398     5.9571     71.922     38.203  38.104276     2.3141      7.410   143.0656 6.6797e+02     4.8988      0.392      0.568    24.8598   997.1030      0.008 0.0000e+00
      0.402     5.9294     71.590     38.201  38.103849     2.3206      7.395   142.8938 6.2634e+02     4.9188      0.397      0.575    24.8614   997.1026      0.005 0.0000e+00
      0.402     5.9056     71.305     38.187  38.091775     2.3086      7.382   142.3289 6.2154e+02     4.8028      0.396      0.574    24.8630   997.1022     -0.003 0.0000e+00
      0.400     5.8857     71.066     38.180  38.085257     2.2819      7.376   141.7422 6.4118e+02     4.6099      0.393      0.569    24.8637   997.1020     -0.013 0.0000e+00
      0.397     5.8703     70.881     38.183  38.088515     2.2668      7.372   141.4792 6.1088e+02     4.5202      0.391      0.567    24.8646   997.1018     -0.019 0.0000e+00
      0.390     5.8599     70.759     38.160  38.067680     2.2642      7.364   141.5576 6.0813e+02     4.5377      0.386      0.559    24.8673   997.1011     -0.018 0.0000e+00
      0.378     5.8548     70.704     38.113  38.023788     2.2771      7.343   141.8299 6.1318e+02     4.6911      0.371      0.537    24.8695   997.1005     -0.011 0.0000e+00
      0.367     5.8577     70.744     38.088  38.002163     2.3099      7.307   142.1903 5.9643e+02     4.9650      0.355      0.514    24.8697   997.1003     -0.003 0.0000e+00
      0.369     5.9254     71.552     38.152  38.060122     2.3312      7.271   142.5598 5.9416e+02     5.1291      0.356      0.517    24.8696   997.1003      0.006 0.0000e+00
      0.381     6.1806     74.597     38.265  38.153269     2.3345      7.253   143.0276 5.9011e+02     5.1673      0.374      0.542    24.8730   997.0995      0.017 0.0000e+00
      0.393     6.6737     80.500     38.313  38.176216     2.3495      7.250   143.6313 5.3246e+02     5.1654      0.389      0.564    24.8776   997.0983      0.029 0.0000e+00
      0.398     7.3102     88.135     38.303  38.147102     2.3748      7.247   144.0943 4.8671e+02     5.1385      0.393      0.568    24.8840   997.0967      0.040 0.0000e+00
      0.403     7.9587     95.908     38.294  38.118605     2.3887      7.242   144.3236 4.8285e+02     5.1371      0.392      0.569    24.8847   997.0966      0.050 0.0000e+00
      0.413     8.5402    102.861     38.283  38.085538     2.3956      7.234   144.5101 4.8063e+02     5.1811      0.402      0.583    24.8513   997.1052      0.059 0.0000e+00
      0.432     9.0105    108.476     38.281  38.064641     2.4153      7.220   144.7152 4.8510e+02     5.2124      0.422      0.611    24.8106   997.1156      0.069 0.0000e+00
      0.456     9.3369    112.359     38.290  38.056345     2.4358      7.203   144.9102 4.9007e+02     5.1872      0.446      0.649    24.7926   997.1204      0.079 0.0000e+00
      0.480     9.5072    114.356     38.302  38.048682     2.4350      7.190   145.1470 4.7671e+02     5.1382      0.472      0.684    24.7672   997.1270      0.085 0.0000e+00
      0.505     9.5318    114.606     38.306  38.035440     2.4320      7.183   145.3413 4.3231e+02     5.1126      0.495      0.718    24.7329   997.1357      0.086 0.0000e+00
      0.529     9.4518    113.626     38.300  38.023158     2.4354      7.178   145.3670 4.2275e+02     5.1066      0.520      0.754    24.7082   997.1421      0.082 0.0000e+00
      0.549     9.3303    112.164     38.305  38.027131     2.4401      7.173   145.4580 4.4695e+02     5.0665      0.539      0.781    24.6906   997.1467      0.074 0.0000e+00
      0.566     9.2120    110.735     38.300  38.019997     2.4455      7.170   145.8389 4.1434e+02     4.9879      0.555      0.805    24.6633   997.1536      0.065 0.0000e+00
      0.582     9.1098    109.488     38.287  38.000372     2.4407      7.169   146.2715 3.7344e+02     4.9429      0.572      0.831    24.6338   997.1611      0.057 0.0000e+00
      0.594     9.0210    108.403     38.274  37.980268     2.4425      7.169   146.5590 3.7287e+02     4.9474      0.585      0.847    24.6290   997.1624      0.051 0.0000e+00
      0.603     8.9434    107.455     38.267  37.967337     2.4505      7.167   146.7340 3.6275e+02     5.0104      0.591      0.857    24.6350   997.1610      0.046 0.0000e+00
      0.613     8.8764    106.638     38.276  37.970967     2.4495      7.163   146.6672 3.4219e+02     5.1141      0.601      0.871    24.6306   997.1621      0.042 0.0000e+00
      0.625     8.8204    105.949     38.271  37.960680     2.4485      7.158   146.4389 3.3135e+02     5.1531      0.614      0.890    24.6193   997.1650      0.041 0.0000e+00
      0.636     8.7752    105.389     38.224  37.906429     2.4475      7.150   146.4695 3.2079e+02     5.1210      0.625      0.906    24.6089   997.1677      0.044 0.0000e+00
      0.646     8.7420    104.962     38.150  37.822809     2.4360      7.137   146.8650 3.1241e+02     5.0540      0.635      0.920    24.6025   997.1693      0.051 0.0000e+00
      0.655     8.7188    104.630     38.123  37.774815     2.4052      7.119   147.4352 3.0373e+02     4.9652      0.642      0.930    24.5963   997.1709      0.061 0.0000e+00
      0.667     8.7001    104.329     38.148  37.770448     2.3788      7.095   147.8575 2.9323e+02     4.8994      0.651      0.942    24.5887   997.1729      0.069 0.0000e+00
      0.689     8.6811    104.029     38.177  37.769962     2.3685      7.070   148.0131 2.8778e+02     4.8819      0.673      0.976    24.5810   997.1749      0.073 0.0000e+00
      0.718     8.6596    103.721     38.196  37.768888     2.3580      7.051   148.1119 2.7864e+02     4.8519      0.705      1.022    24.5709   997.1776      0.071 0.0000e+00
      0.744     8.6328    103.376     38.194  37.757440     2.3652      7.043   148.1915 2.6434e+02     4.7659      0.733      1.062    24.5435   997.1847      0.062 0.0000e+00
      0.763     8.6011    102.994     38.197  37.758479     2.3779      7.044   148.2011 2.5663e+02     4.6943      0.752      1.090    24.4975   997.1963      0.048 0.0000e+00
      0.769     8.5721    102.653     38.217  37.781446     2.3734      7.049   148.2278 2.5782e+02     4.6745      0.758      1.098    24.4556   997.2068      0.033 0.0000e+00
      0.768     8.5506    102.398     38.216  37.781237     2.3889      7.052   148.3429 2.5895e+02     4.6895      0.753      1.093    24.4290   997.2135      0.021 0.0000e+00
      0.764     8.5354    102.214     38.191  37.755951     2.4258      7.052   148.3880 2.5823e+02     4.7122      0.748      1.086    24.4180   997.2163      0.018 0.0000e+00
      0.764     8.5251    102.084     38.167  37.729626     2.4472      7.049   148.4293 2.5649e+02     4.7200      0.746      1.082    24.4197   997.2158      0.024 0.0000e+00
      0.770     8.5185    101.990     38.160  37.716837     2.4564      7.041   148.6699 2.5025e+02     4.7170      0.752      1.091    24.4249   997.2146      0.036 0.0000e+00
      0.782     8.5127    101.901     38.180  37.728266     2.4593      7.030   148.9734 2.4367e+02     4.7095      0.765      1.111    24.4259   997.2143      0.051 0.0000e+00
      0.800     8.5061    101.805     38.200  37.740848     2.4643      7.020   149.2601 2.3822e+02     4.7607      0.783      1.136    24.4246   997.2147      0.063 0.0000e+00
      0.822     8.4965    101.679     38.206  37.741993     2.4914      7.010   149.4687 2.3076e+02     4.8776      0.805      1.167    24.4227   997.2153      0.071 0.0000e+00
      0.845     8.4828    101.510     38.208  37.742106     2.5177      7.002   149.5171 2.2163e+02     4.9434      0.829      1.203    24.4145   997.2175      0.073 0.0000e+00
      0.865     8.4675    101.325     38.209  37.742210     2.5141      6.996   149.5009 2.1487e+02     4.9334      0.851      1.234    24.4022   997.2207      0.071 0.0000e+00
      0.883     8.4555    101.180     38.210  37.743251     2.4822      6.992   149.4454 2.1147e+02     4.8869      0.866      1.257    24.3918   997.2233      0.066 0.0000e+00
      0.898     8.4505    101.120     38.222  37.754696     2.4529      6.989   149.4471 2.0793e+02     4.8726      0.882      1.279    24.3862   997.2248      0.060 0.0000e+00
      0.912     8.4505    101.118     38.222  37.753639     2.4539      6.989   149.6076 2.0447e+02     4.9248      0.894      1.297    24.3843   997.2253      0.055 0.0000e+00
      0.925     8.4520    101.130     38.201  37.730464     2.4598      6.989   149.7520 2.0090e+02     4.9609      0.906      1.315    24.3832   997.2256      0.050 0.0000e+00
      0.937     8.4540    101.144     38.202  37.728384     2.4544      6.988   149.8167 1.9754e+02     4.9492      0.919      1.333    24.3833   997.2257      0.048 0.0000e+00
      0.947     8.4535    101.129     38.206  37.728489     2.4499      6.984   149.9602 1.9463e+02     4.9138      0.928      1.348    24.3835   997.2257      0.048 0.0000e+00
      0.958     8.4487    101.063     38.213  37.731724     2.4493      6.980   150.1962 1.9053e+02     4.8933      0.938      1.362    24.3827   997.2260      0.048 0.0000e+00
      0.970     8.4401    100.954     38.252  37.767491     2.4552      6.977   150.4318 1.8594e+02     4.8979      0.950      1.378    24.3798   997.2267      0.047 0.0000e+00
      0.984     8.4277    100.803     38.266  37.780090     2.4437      6.974   150.5722 1.8144e+02     4.8380      0.965      1.400    24.3741   997.2282      0.045 0.0000e+00
      0.998     8.4132    100.627     38.243  37.757104     2.4054      6.970   150.5176 1.7788e+02     4.7263      0.981      1.422    24.3687   997.2296      0.044 0.0000e+00
      1.009     8.3985    100.448     38.231  37.743473     2.3821      6.965   150.5457 1.7602e+02     4.6947      0.991      1.437    24.3638   997.2308      0.044 0.0000e+00
      1.017     8.3840    100.272     38.231  37.742235     2.3874      6.954   150.8266 1.7444e+02     4.7182      0.998      1.447    24.3607   997.2317      0.047 0.0000e+00
      1.024     8.3695    100.093     38.234  37.742125     2.4088      6.939   151.0738 1.7178e+02     4.7157      1.003      1.455    24.3597   997.2320      0.053 0.0000e+00
      1.034     8.3532     99.889     38.237  37.742140     2.4333      6.922   151.1259 1.6752e+02     4.6970      1.010      1.465    24.3584   997.2324      0.061 0.0000e+00
      1.053     8.3358     99.670     38.242  37.742412     2.4403      6.907   151.1122 1.6213e+02     4.6894      1.031      1.494    24.3571   997.2327      0.068 0.0000e+00
      1.078     8.3189     99.459     38.249  37.745407     2.4331      6.895   151.1662 1.5663e+02     4.6894      1.058      1.534    24.3553   997.2333      0.074 0.0000e+00
      1.103     8.2999     99.223     38.286  37.778352     2.4235      6.885   151.1757 1.5183e+02     4.6974      1.083      1.572    24.3521   997.2342      0.076 0.0000e+00
      1.123     8.2761     98.929     38.335  37.823359     2.4197      6.876   151.1420 1.4804e+02     4.7203      1.104      1.600    24.3476   997.2355      0.073 0.0000e+00
      1.139     8.2445     98.543     38.360  37.845239     2.4222      6.869   151.1892 1.4474e+02     4.7035      1.118      1.620    24.3416   997.2370      0.067 0.0000e+00
      1.154     8.2035     98.045     38.435  37.915948     2.4272      6.864   151.3153 1.4149e+02     4.6588      1.133      1.643    24.3360   997.2385      0.061 0.0000e+00
      1.167     8.1582     97.493     38.569  38.043521     2.4377      6.860   151.4622 1.3862e+02     4.6712      1.145      1.660    24.3316   997.2396      0.059 0.0000e+00
      1.179     8.1109     96.910     38.653  38.118180     2.4452      6.857   151.5893 1.3577e+02     4.7547      1.156      1.677    24.3265   997.2410      0.062 0.0000e+00
      1.193     8.0586     96.263     38.665  38.120388     2.4397      6.854   151.7335 1.3257e+02     4.8478      1.168      1.694    24.3215   997.2423      0.068 0.0000e+00
      1.210     7.9930     95.457     38.689  38.133674     2.4322      6.849   151.9160 1.2854e+02     4.8795      1.183      1.716    24.3183   997.2432      0.074 0.0000e+00
      1.233     7.9019     94.345     38.847  38.278807     2.4323      6.840   152.0749 1.2400e+02     4.8768      1.210      1.755    24.3138   997.2445      0.082 0.0000e+00
      1.257     7.7866     92.933     39.195  38.605611     2.4488      6.829   152.1916 1.2015e+02     4.9133      1.233      1.790    24.3026   997.2475      0.089 0.0000e+00
