Data/DataNotYetUploadedToEDI/Raw_CTD/RawDownloads/091119_fcr45.cnv
* Sea-Bird SBE19plus  Data File:
* FileName = C:\DATA\091119_fcr50_0_0004.hex
* Software version 2.8.0.119 SB_Terminal.dll
* Temperature SN = 7809
* Conductivity SN = 7809
* System UpLoad Time = Sep 11 2019 16:22:23
* <ApplicationData>
* <Seaterm232>
# nquan = 16
# nvalues = 411                         
# units = specified
# name 0 = depFM: Depth [fresh water, m]
# name 1 = sbeox0Mg/L: Oxygen, SBE 43 [mg/l]
# name 2 = sbeox0PS: Oxygen, SBE 43 [% saturation]
# name 3 = specc: Specific Conductance [uS/cm]
# name 4 = c0uS/cm: Conductivity [uS/cm]
# name 5 = flECO-AFL: Fluorescence, WET Labs ECO-AFL/FL [mg/m^3]
# name 6 = ph: pH
# name 7 = orp: Oxidation Reduction Potential [mV]
# name 8 = par/sat/log: PAR/Logarithmic, Satlantic
# name 9 = turbWETntu0: Turbidity, WET Labs ECO [NTU]
# name 10 = prdM: Pressure, Strain Gauge [db]
# name 11 = prdE: Pressure, Strain Gauge [psi]
# name 12 = tv290C: Temperature [ITS-90, deg C]
# name 13 = density00: Density [density, kg/m^3]
# name 14 = dz/dtM: Descent Rate [m/s]
# name 15 = flag:  0.000e+00
# span 0 =     -0.487,      6.544       
# span 1 =     0.0832,     9.4187       
# span 2 =      0.956,    113.640       
# span 3 =      1.714,     86.606       
# span 4 =   1.611355,  68.588471       
# span 5 =    -0.4212,    15.8759       
# span 6 =      6.521,      7.345       
# span 7 =    20.8161,   154.6178       
# span 8 = 1.2349e-01, 1.2775e+03       
# span 9 =    -4.1987,    23.1136       
# span 10 =     -0.477,      6.418      
# span 11 =     -0.693,      9.308      
# span 12 =    12.2553,    24.9347      
# span 13 =   997.0830,   999.5216      
# span 14 =     -0.002,      0.224      
# span 15 = 0.0000e+00, 0.0000e+00      
# interval = seconds: 0.25
# start_time = Sep 11 2019 11:07:02 [Instrument's time stamp, header]
# bad_flag = -9.990e-29
*END*
     -0.487     8.3639     95.759      3.280   3.087341    -0.1193      6.527    66.1044 2.2454e+02    -0.5247     -0.477     -0.692    22.0603   997.7645 -7.041e-12 0.0000e+00
     -0.486     8.3646     95.762      2.902   2.731534    -0.1144      6.530    64.4119 2.2478e+02    -0.4662     -0.476     -0.691    22.0579   997.7651 -7.745e-11 0.0000e+00
     -0.486     8.3654     95.768      2.691   2.532368    -0.1125      6.533    63.6682 2.2216e+02    -0.4707     -0.477     -0.692    22.0554   997.7656 -8.520e-10 0.0000e+00
     -0.486     8.3669     95.781      2.540   2.390126    -0.1141      6.535    63.5649 2.1655e+02    -0.4812     -0.477     -0.692    22.0533   997.7662 -9.372e-09 0.0000e+00
     -0.486     8.3688     95.798      2.355   2.215627    -0.1081      6.537    64.1104 2.1220e+02    -0.4623     -0.476     -0.691    22.0507   997.7666 -1.031e-07 0.0000e+00
     -0.486     8.3704     95.813      2.200   2.069996    -0.1089      6.538    64.9286 2.1416e+02    -0.4715     -0.476     -0.691    22.0484   997.7671 -1.890e-07 0.0000e+00
     -0.486     8.3717     95.824      2.218   2.086694    -0.1157      6.539    65.6287 2.1782e+02    -0.4944     -0.477     -0.692    22.0464   997.7675 -1.032e-07 0.0000e+00
     -0.486     8.3729     95.833      2.368   2.227422    -0.1211      6.539    66.2080 2.1787e+02    -0.5092     -0.476     -0.691    22.0444   997.7680 -1.023e-08 0.0000e+00
     -0.486     8.3734     95.834      2.393   2.250783    -0.1213      6.540    66.4269 2.1681e+02    -0.5191     -0.476     -0.691    22.0422   997.7684 -1.023e-08 0.0000e+00
     -0.486     8.3727     95.822      2.249   2.115703    -0.1102      6.542    66.2095 2.1717e+02    -0.5154     -0.477     -0.692    22.0398   997.7689 -1.032e-07 0.0000e+00
     -0.486     8.3723     95.813      2.114   1.988193    -0.1079      6.543    66.1612 2.1890e+02    -0.4977     -0.476     -0.690    22.0374   997.7695 -1.891e-07 0.0000e+00
     -0.486     8.3726     95.812      2.034   1.912985    -0.1194      6.543    66.2732 2.2395e+02    -0.4701     -0.477     -0.691    22.0354   997.7700 -1.031e-07 0.0000e+00
     -0.486     8.3722     95.803      1.956   1.840003    -0.1195      6.544    66.2737 2.3464e+02    -0.4762     -0.476     -0.692    22.0330   997.7705 -9.365e-09 0.0000e+00
     -0.486     8.3719     95.797      1.850   1.739407    -0.1170      6.545    66.5106 2.4731e+02    -0.5059     -0.476     -0.691    22.0307   997.7709 -7.499e-10 0.0000e+00
     -0.486     8.3734     95.810      1.752   1.647129    -0.1244      6.547    67.0723 2.5792e+02    -0.5337     -0.476     -0.691    22.0286   997.7715 1.0461e-09 0.0000e+00
     -0.486     8.3768     95.844      1.714   1.611355    -0.1217      6.548    67.3013 2.7357e+02    -0.5499     -0.476     -0.691    22.0265   997.7719 1.2352e-08 0.0000e+00
     -0.486     8.3800     95.876      1.727   1.623687    -0.1108      6.552    65.8374 3.1307e+02    -0.5381     -0.476     -0.691    22.0240   997.7725 1.3594e-07 0.0000e+00
     -0.487     8.3825     95.900      1.776   1.669511    -0.1138      6.555    63.7407 3.8226e+02    -0.5546     -0.477     -0.692    22.0220   997.7730      0.000 0.0000e+00
     -0.487     8.3847     95.921      1.831   1.721868    -0.1327      6.569    64.1486 4.5840e+02    -0.6512     -0.477     -0.692    22.0192   997.7735      0.000 0.0000e+00
     -0.486     8.3849     95.923      1.861   1.749825    -0.2088      6.633    68.7910 5.1930e+02    -1.5426     -0.477     -0.692    22.0176   997.7738      0.000 0.0000e+00
     -0.486     8.3803     95.910      1.931   1.817443    -0.3407      6.748    79.4323 4.9919e+02    -3.2049     -0.477     -0.692    22.0142   997.7747      0.002 0.0000e+00
     -0.486     8.3541     95.875      2.548   2.412704    -0.4186      6.875   106.5141 3.9264e+02    -4.1347     -0.477     -0.692    22.0142   997.7746      0.007 0.0000e+00
     -0.486     8.2867     95.796      5.436   5.208539    -0.4212      6.987   141.7302 3.3253e+02    -4.1987     -0.477     -0.693    22.0078   997.7761      0.016 0.0000e+00
     -0.484     8.1925     95.714     11.983  11.602469    -0.3992      7.080   154.6178 3.9263e+02    -4.0767     -0.476     -0.691    22.0113   997.7753      0.029 0.0000e+00
     -0.479     8.1059     95.684     22.623  22.101936    -0.2999      7.156   148.7656 4.5510e+02    -3.3810     -0.472     -0.685    21.9992   997.7782      0.046 0.0000e+00
     -0.466     8.0435     95.699     33.473  32.906556    -0.1390      7.217   143.0726 4.3032e+02    -2.2428     -0.461     -0.668    22.0676   997.7626      0.065 0.0000e+00
     -0.445     7.9991     95.694     38.289  37.818503    -0.0585      7.262   139.7303 4.6974e+02    -1.6871     -0.438     -0.635    22.4862   997.6670      0.084 0.0000e+00
     -0.417     7.9656     95.659     38.670  38.346863    -0.0365      7.293   137.5227 6.1289e+02    -1.6758     -0.410     -0.594    23.1318   997.5170      0.101 0.0000e+00
     -0.387     7.9441     95.639     38.626  38.406449     0.0921      7.308   135.0508 7.2858e+02    -1.9094     -0.382     -0.553    23.7123   997.3805      0.115 0.0000e+00
     -0.354     7.9323     95.630     38.573  38.412154     0.3084      7.312   130.9219 7.7317e+02    -2.3492     -0.347     -0.503    24.1247   997.2841      0.127 0.0000e+00
     -0.320     7.9259     95.625     38.545  38.415924     0.4195      7.316   125.1990 7.9087e+02    -2.5364     -0.311     -0.452    24.3947   997.2177      0.140 0.0000e+00
     -0.289     7.9236     95.645     38.497  38.388590     0.4393      7.325   120.7498 8.5900e+02    -2.3703     -0.286     -0.414    24.6012   997.1654      0.155 0.0000e+00
     -0.252     7.9272     95.726     38.428  38.335599     0.5824      7.335   118.5108 9.8055e+02    -0.4717     -0.252     -0.366    24.7332   997.1325      0.171 0.0000e+00
     -0.205     7.9404     95.913     38.363  38.283064     0.8314      7.343   117.4868 1.0917e+03     3.0499     -0.203     -0.295    24.7964   997.1165      0.189 0.0000e+00
     -0.152     7.9661     96.240     38.269  38.197742     0.9618      7.345   116.7150 1.1378e+03     4.9469     -0.149     -0.216    24.8307   997.1080      0.207 0.0000e+00
     -0.094     8.0041     96.719     38.193  38.129196     0.9797      7.342   115.7182 1.1238e+03     5.0949     -0.093     -0.135    24.8553   997.1020      0.220 0.0000e+00
     -0.032     8.0527     97.328     38.144  38.089059     1.1088      7.334   114.8126 9.7321e+02     5.1996     -0.034     -0.050    24.8767   997.0968      0.224 0.0000e+00
      0.033     8.1085     98.003     38.084  38.029840     1.3691      7.323   113.5951 9.0070e+02     5.3615      0.035      0.050    24.8920   997.0931      0.217 0.0000e+00
      0.093     8.1679     98.681     38.055  37.984487     1.5263      7.310   106.0741 1.1361e+03     5.4137      0.096      0.138    24.9004   997.0913      0.200 0.0000e+00
      0.145     8.2256     99.311     38.084  37.985008     1.5443      7.295    92.0193 1.2775e+03     5.3389      0.144      0.209    24.9087   997.0894      0.178 0.0000e+00
      0.188     8.2785     99.891     38.159  38.036095     1.5695      7.282    83.3011 1.2267e+03     5.1783      0.190      0.275    24.9254   997.0853      0.153 0.0000e+00
      0.218     8.3457    100.662     38.234  38.094322     1.6225      7.270    81.1965 1.1669e+03     5.0122      0.217      0.314    24.9347   997.0830      0.128 0.0000e+00
      0.242     8.4301    101.638     38.275  38.117709     1.6479      7.260    79.8216 9.7228e+02     4.9693      0.235      0.341    24.9083   997.0898      0.106 0.0000e+00
      0.265     8.4737    102.123     38.302  38.128416     1.6430      7.252    78.7229 7.1425e+02     4.9548      0.261      0.379    24.8601   997.1023      0.088 0.0000e+00
      0.286     8.4336    101.615     38.344  38.160278     1.6325      7.247    77.9796 6.4712e+02     4.9026      0.283      0.410    24.8285   997.1104      0.072 0.0000e+00
      0.305     8.3241    100.285     38.374  38.185556     1.5814      7.243    77.4597 7.7851e+02     4.8295      0.298      0.433    24.8139   997.1142      0.058 0.0000e+00
      0.320     8.1694     98.417     38.370  38.180135     1.5017      7.241    77.0822 8.8637e+02     4.7265      0.316      0.458    24.7897   997.1205      0.044 0.0000e+00
      0.329     7.9876     96.227     38.348  38.158203     1.4668      7.239    76.7713 7.7450e+02     4.6726      0.325      0.472    24.7629   997.1273      0.030 0.0000e+00
      0.330     7.7975     93.937     38.300  38.110798     1.4628      7.236    76.5401 6.1471e+02     4.6695      0.324      0.471    24.7513   997.1303      0.019 0.0000e+00
      0.330     7.6175     91.772     38.239  38.051315     1.4363      7.232    76.3515 6.0334e+02     4.6565      0.324      0.470    24.7475   997.1313      0.012 0.0000e+00
      0.330     7.4694     89.992     38.196  38.010288     1.3974      7.230    76.1258 6.5837e+02     4.6467      0.324      0.470    24.7462   997.1316      0.007 0.0000e+00
      0.331     7.3718     88.822     38.178  37.995604     1.3827      7.227    75.7899 7.0561e+02     4.6820      0.324      0.470    24.7457   997.1317      0.005 0.0000e+00
      0.334     7.3182     88.184     38.180  38.000729     1.3880      7.223    75.3877 7.2095e+02     4.7223      0.326      0.475    24.7461   997.1316      0.005 0.0000e+00
      0.336     7.2863     87.807     38.184  38.008787     1.3753      7.220    75.0482 7.1378e+02     4.7082      0.331      0.478    24.7488   997.1309      0.005 0.0000e+00
      0.338     7.2625     87.527     38.201  38.029563     1.3422      7.218    74.6973 7.2416e+02     4.6751      0.333      0.481    24.7511   997.1304      0.004 0.0000e+00
      0.339     7.2364     87.216     38.231  38.061498     1.3255      7.216    74.3283 7.7856e+02     4.6492      0.333      0.483    24.7542   997.1295      0.002 0.0000e+00
      0.338     7.1949     86.722     38.245  38.077541     1.3296      7.213    74.1137 7.9836e+02     4.6580      0.332      0.481    24.7593   997.1282      0.000 0.0000e+00
      0.337     7.1321     85.975     38.260  38.096584     1.3393      7.210    74.1675 7.5065e+02     4.7486      0.330      0.479    24.7656   997.1267 4.4740e-07 0.0000e+00
      0.337     7.0526     85.025     38.260  38.101319     1.3479      7.207    74.2904 7.2076e+02     4.8600      0.331      0.480    24.7699   997.1255      0.000 0.0000e+00
      0.337     6.9688     84.019     38.228  38.071323     1.3381      7.205    74.2231 7.5886e+02     4.8913      0.331      0.480    24.7707   997.1254      0.000 0.0000e+00
      0.337     6.8978     83.165     38.207  38.051289     1.3246      7.202    74.1283 8.3318e+02     4.8976      0.330      0.479    24.7738   997.1246      0.001 0.0000e+00
      0.338     6.8588     82.695     38.205  38.049529     1.3233      7.199    74.1768 9.4910e+02     4.9035      0.331      0.481    24.7810   997.1228      0.002 0.0000e+00
      0.339     6.8652     82.771     38.206  38.050041     1.3231      7.196    74.2924 1.0620e+03     4.8641      0.333      0.482    24.7874   997.1212      0.002 0.0000e+00
      0.339     6.9217     83.450     38.216  38.057476     1.3224      7.193    74.4078 9.9643e+02     4.8474      0.333      0.482    24.7897   997.1205      0.003 0.0000e+00
      0.339     7.0221     84.655     38.236  38.075941     1.3226      7.190    74.4534 7.9898e+02     4.8652      0.332      0.481    24.7899   997.1205      0.004 0.0000e+00
      0.340     7.1473     86.159     38.246  38.082861     1.3254      7.188    74.4140 6.8136e+02     4.8827      0.333      0.483    24.7904   997.1204      0.004 0.0000e+00
      0.341     7.2791     87.744     38.242  38.077667     1.3303      7.187    74.3619 7.0615e+02     4.8943      0.335      0.485    24.7898   997.1205      0.004 0.0000e+00
      0.343     7.4027     89.234     38.241  38.076617     1.3393      7.186    74.3397 7.7213e+02     4.9398      0.337      0.488    24.7876   997.1211      0.003 0.0000e+00
      0.345     7.5074     90.499     38.233  38.070174     1.3470      7.183    74.4042 7.6811e+02     4.9743      0.339      0.491    24.7845   997.1219      0.002 0.0000e+00
      0.345     7.5893     91.492     38.224  38.063236     1.3459      7.181    74.6252 7.1819e+02     4.9510      0.339      0.492    24.7809   997.1228      0.002 0.0000e+00
      0.344     7.6453     92.172     38.215  38.056211     1.3516      7.180    74.8602 7.0713e+02     4.9527      0.338      0.490    24.7783   997.1235      0.002 0.0000e+00
      0.344     7.6756     92.539     38.206  38.048717     1.3722      7.178    74.9229 7.2506e+02     4.9302      0.337      0.488    24.7784   997.1234      0.001 0.0000e+00
      0.344     7.6867     92.674     38.193  38.036108     1.3870      7.175    74.8670 7.2790e+02     4.8753      0.336      0.488    24.7806   997.1228      0.001 0.0000e+00
      0.345     7.6872     92.680     38.188  38.030705     1.3831      7.173    74.7869 7.3767e+02     4.8784      0.338      0.492    24.7843   997.1219      0.001 0.0000e+00
      0.347     7.6823     92.623     38.203  38.046867     1.3772      7.171    74.7281 7.8519e+02     4.9019      0.340      0.494    24.7874   997.1212      0.000 0.0000e+00
      0.347     7.6721     92.500     38.197  38.041096     1.3850      7.171    74.7591 8.1969e+02     4.9309      0.340      0.493    24.7879   997.1210 2.2029e-08 0.0000e+00
      0.346     7.6539     92.281     38.180  38.024409     1.3908      7.170    74.8174 7.7141e+02     4.9672      0.340      0.493    24.7878   997.1210 2.4232e-07 0.0000e+00
      0.344     7.6280     91.968     38.191  38.035534     1.3868      7.168    74.8301 7.2644e+02     4.9474      0.338      0.489    24.7889   997.1207 6.1493e-07 0.0000e+00
      0.344     7.5982     91.608     38.205  38.048654     1.4060      7.166    74.8268 7.5727e+02     4.9202      0.337      0.488    24.7904   997.1204      0.000 0.0000e+00
      0.345     7.5718     91.291     38.212  38.056089     1.4496      7.166    74.8633 7.9239e+02     4.9657      0.338      0.491    24.7905   997.1203      0.000 0.0000e+00
      0.346     7.5542     91.078     38.218  38.061953     1.4719      7.166    74.9276 7.9333e+02     5.0065      0.339      0.492    24.7901   997.1204      0.001 0.0000e+00
      0.346     7.5434     90.947     38.213  38.056082     1.4668      7.164    74.9165 7.8248e+02     4.9879      0.339      0.492    24.7897   997.1206      0.001 0.0000e+00
      0.346     7.5357     90.855     38.205  38.048571     1.4574      7.162    74.9010 7.5508e+02     4.9694      0.339      0.492    24.7894   997.1207      0.001 0.0000e+00
      0.346     7.5287     90.770     38.191  38.034617     1.4544      7.161    74.9976 7.3706e+02     4.9796      0.340      0.493    24.7896   997.1206      0.001 0.0000e+00
      0.346     7.5192     90.655     38.171  38.014325     1.4567      7.160    75.2238 7.6274e+02     4.9802      0.339      0.492    24.7893   997.1207      0.002 0.0000e+00
      0.347     7.5065     90.501     38.151  37.993652     1.4587      7.158    75.4859 7.9383e+02     4.9764      0.340      0.494    24.7893   997.1207      0.004 0.0000e+00
      0.348     7.4916     90.319     38.133  37.975092     1.4610      7.155    75.5853 7.9544e+02     4.9674      0.341      0.495    24.7895   997.1206      0.005 0.0000e+00
      0.349     7.4754     90.120     38.139  37.980342     1.4588      7.153    75.4786 7.8799e+02     4.9690      0.342      0.495    24.7892   997.1207      0.005 0.0000e+00
      0.351     7.4594     89.930     38.152  37.993650     1.4578      7.152    75.3148 7.8836e+02     5.0605      0.345      0.500    24.7888   997.1208      0.005 0.0000e+00
      0.354     7.4428     89.735     38.165  38.009048     1.4662      7.151    75.3255 7.8130e+02     5.1237      0.348      0.505    24.7886   997.1209      0.004 0.0000e+00
