Data/DataNotYetUploadedToEDI/Raw_CTD/RawDownloads/091119_fcr50.cnv
* Sea-Bird SBE19plus  Data File:
* FileName = C:\DATA\091119_fcr50_0001.hex
* Software version 2.8.0.119 SB_Terminal.dll
* Temperature SN = 7809
* Conductivity SN = 7809
* System UpLoad Time = Sep 11 2019 09:54:56
* <ApplicationData>
* <Seaterm232>
# nquan = 16
# nvalues = 670                         
# units = specified
# name 0 = depFM: Depth [fresh water, m]
# name 1 = sbeox0Mg/L: Oxygen, SBE 43 [mg/l]
# name 2 = sbeox0PS: Oxygen, SBE 43 [% saturation]
# name 3 = specc: Specific Conductance [uS/cm]
# name 4 = c0uS/cm: Conductivity [uS/cm]
# name 5 = flECO-AFL: Fluorescence, WET Labs ECO-AFL/FL [mg/m^3]
# name 6 = ph: pH
# name 7 = orp: Oxidation Reduction Potential [mV]
# name 8 = par/sat/log: PAR/Logarithmic, Satlantic
# name 9 = turbWETntu0: Turbidity, WET Labs ECO [NTU]
# name 10 = prdM: Pressure, Strain Gauge [db]
# name 11 = prdE: Pressure, Strain Gauge [psi]
# name 12 = tv290C: Temperature [ITS-90, deg C]
# name 13 = density00: Density [density, kg/m^3]
# name 14 = dz/dtM: Descent Rate [m/s]
# name 15 = flag:  0.000e+00
# span 0 =     -0.498,      9.701       
# span 1 =    -0.0183,     8.5187       
# span 2 =     -0.175,    102.352       
# span 3 =      0.982,    412.132       
# span 4 =   0.982684, 312.472629       
# span 5 =    -0.1306,    22.9412       
# span 6 =     -2.331,      7.830       
# span 7 = -1240.7455,   225.4256       
# span 8 = 1.2355e-01, 9.9865e+02       
# span 9 =    -0.5455,    18.8173       
# span 10 =     -0.489,      9.514      
# span 11 =     -0.710,     13.800      
# span 12 =    12.2834,    25.0677      
# span 13 =   997.0358,   999.6180      
# span 14 =     -0.004,      0.256      
# span 15 = 0.0000e+00, 0.0000e+00      
# interval = seconds: 0.25
# start_time = Sep 11 2019 09:39:12 [Instrument's time stamp, header]
# bad_flag = -9.990e-29
*END*
[from data line 633]
      9.606     0.4833      4.561    397.780 299.917128     1.5928      5.993    93.2308 1.2374e-01    11.6805      9.422     13.664    12.2916   999.5841      0.056 0.0000e+00
      9.620     0.4567      4.320    410.127 310.138673     1.5926      5.971    94.0451 1.2372e-01    11.6734      9.434     13.683    12.3464   999.6154      0.050 0.0000e+00
      9.632     0.4075      3.863    412.132 312.472629     1.5620      5.930    95.0378 1.2370e-01    11.6848      9.446     13.700    12.4523   999.6180      0.045 0.0000e+00
      9.643     0.3396      3.225    409.205 310.899143     1.5005      5.877    95.7693 1.2368e-01    11.6866      9.457     13.716    12.5748   999.6167      0.040 0.0000e+00
      9.653     0.2625      2.497    407.619 310.157747     1.4635      5.826    96.0931 1.2364e-01    11.6956      9.467     13.731    12.6926   999.6111      0.034 0.0000e+00
      9.661     0.1856      1.767    407.607 310.457585     1.4533      5.782    95.9408 1.2366e-01    11.6950      9.475     13.742    12.8096   999.6016      0.028 0.0000e+00
      9.667     0.1150      1.095    405.085 308.735007     1.4033      5.747    95.5633 1.2366e-01    11.6471      9.481     13.751    12.9154   999.5881      0.023 0.0000e+00
      9.672     0.0549      0.523    399.290 304.446147     1.3187      5.721    95.3135 1.2361e-01    11.5746      9.486     13.758    12.9931   999.5761      0.019 0.0000e+00
      9.675     0.0119      0.113    393.527 300.150542     1.2793      5.702    94.9860 1.2364e-01    11.5396      9.488     13.762    13.0486   999.5685      0.015 0.0000e+00
      9.678    -0.0111     -0.106    391.442 298.661849     1.2916      5.690    94.3560 1.2367e-01    11.5514      9.491     13.765    13.0844   999.5650      0.013 0.0000e+00
      9.681    -0.0183     -0.175    394.702 301.235614     1.3723      5.684    93.6333 1.2365e-01    11.6524      9.494     13.770    13.1072   999.5611      0.011 0.0000e+00
      9.683    -0.0155     -0.148    399.323 304.776491     1.5096      5.682    92.8734 1.2365e-01    11.8427      9.496     13.773    13.1220   999.5564      0.011 0.0000e+00
      9.686    -0.0079     -0.075    399.133 304.562657     1.5811      5.682    92.2225 1.2363e-01    11.9518      9.499     13.777    13.1321   999.5525      0.010 0.0000e+00
      9.689     0.0014      0.014    396.311 302.316095     1.5785      5.684    91.8728 1.2358e-01    11.9227      9.502     13.781    13.1455   999.5495      0.009 0.0000e+00
      9.692     0.0137      0.131    395.136 301.344057     1.5294      5.689    91.5703 1.2361e-01    11.7852      9.505     13.786    13.1606   999.5493      0.008 0.0000e+00
      9.694     0.0267      0.254    394.640 300.912912     1.4464      5.695    91.2323 1.2366e-01    11.5679      9.507     13.789    13.1634   999.5524      0.007 0.0000e+00
      9.695     0.0366      0.349    394.489 300.768409     1.3999      5.701    91.1411 1.2365e-01    11.4581      9.508     13.790    13.1500   999.5532      0.006 0.0000e+00
      9.697     0.0455      0.434    393.815 300.240096     1.3999      5.707    91.3279 1.2366e-01    11.5067      9.509     13.792    13.1369   999.5527      0.004 0.0000e+00
      9.697     0.0535      0.510    391.652 298.575894     1.3952      5.714    91.6841 1.2370e-01    11.5979      9.510     13.793    13.1276   999.5545      0.003 0.0000e+00
      9.698     0.0590      0.562    389.843 297.170721     1.3602      5.722    92.0067 1.2369e-01    11.6766      9.511     13.794    13.1207   999.5546      0.002 0.0000e+00
      9.699     0.0619      0.591    386.798 294.823186     1.3320      5.730    91.9588 1.2366e-01    11.7040      9.511     13.795    13.1174   999.5554      0.002 0.0000e+00
      9.699     0.0636      0.606    371.130 282.855400     1.3232      5.736    91.5348 1.2367e-01    11.6997      9.511     13.795    13.1163   999.5554      0.002 0.0000e+00
      9.699     0.0662      0.631    347.926 265.126056     1.3059      5.742    90.8383 1.2368e-01    11.5928      9.512     13.796    13.1152   999.5546      0.001 0.0000e+00
      9.699     0.0701      0.667    337.612 257.197497     1.2872      5.750    90.2484 1.2367e-01    11.3943      9.512     13.795    13.1109   999.5535      0.001 0.0000e+00
      9.700     0.0749      0.712    336.269 256.098939     1.2796      5.756    90.3399 1.2366e-01    11.2987      9.512     13.796    13.1071   999.5561      0.001 0.0000e+00
      9.700     0.0779      0.740    334.569 254.731181     1.2737      5.762    90.8259 1.2362e-01    11.2883      9.513     13.797    13.1052   999.5505      0.001 0.0000e+00
      9.701     0.0789      0.750    337.851 257.149084     1.2684      5.768    91.3055 1.2362e-01    11.3351      9.513     13.797    13.0993   999.5361      0.001 0.0000e+00
      9.701     0.0810      0.770    344.725 262.291606     1.2682      5.774    91.5791 1.2367e-01    11.4381      9.513     13.797    13.0877   999.5366      0.001 0.0000e+00
      9.701     0.0829      0.788    344.595 262.104876     1.2708      5.779    91.4668 1.2370e-01    11.4848      9.514     13.798    13.0759   999.5398      0.001 0.0000e+00
      9.701     0.0839      0.797    329.235 250.340168     1.2743      5.784    91.1524 1.2369e-01    11.4732      9.513     13.797    13.0658   999.5379      0.000 0.0000e+00
      9.701     0.0855      0.812    300.619 228.498469     1.2491      5.789    90.9611 1.2368e-01    11.4948      9.513     13.797    13.0544   999.5412 2.0321e-08 0.0000e+00
      9.701     0.0859      0.816    273.885 208.084414     1.1926      5.794    90.9606 1.2371e-01    11.5490      9.514     13.798    13.0404   999.5474 2.2353e-07 0.0000e+00
      9.701     0.0854      0.811    263.542 200.175322     1.1628      5.796    90.9748 1.2372e-01    11.5725      9.514     13.798    13.0276   999.5501 4.0981e-07 0.0000e+00
      9.701 -9.990e-29 -9.990e-29 -9.990e-29 -9.990e-29 -9.990e-29 -9.990e-29 -9.990e-29 1.2369e-01 -9.990e-29      9.513     13.797    13.0144   999.5463 -9.990e-29 0.0000e+00
      9.701 -9.990e-29 -9.990e-29 -9.990e-29 -9.990e-29 -9.990e-29 -9.990e-29 -9.990e-29 1.2366e-01 -9.990e-29      9.514     13.798    13.0031   999.5342 -9.990e-29 0.0000e+00
      9.701 -9.990e-29 -9.990e-29 -9.990e-29 -9.990e-29 -9.990e-29 -9.990e-29 -9.990e-29 1.2368e-01 -9.990e-29      9.513     13.798    12.9817   999.5246 -9.990e-29 0.0000e+00
      9.701 -9.990e-29 -9.990e-29 -9.990e-29 -9.990e-29 -9.990e-29 -9.990e-29 -9.990e-29 1.2371e-01 -9.990e-29      9.514     13.800    12.9634   999.5230 -9.990e-29 0.0000e+00
