Data/DataNotYetUploadedToEDI/Raw_CTD/RawDownloads/091119_fcr45.cnv
* Sea-Bird SBE19plus  Data File:
* FileName = C:\DATA\091119_fcr50_0_0004.hex
* Software version 2.8.0.119 SB_Terminal.dll
* Temperature SN = 7809
* Conductivity SN = 7809
* System UpLoad Time = Sep 11 2019 16:22:23
* <ApplicationData>
* <Seaterm232>
# nquan = 16
# nvalues = 411                         
# units = specified
# name 0 = depFM: Depth [fresh water, m]
# name 1 = sbeox0Mg/L: Oxygen, SBE 43 [mg/l]
# name 2 = sbeox0PS: Oxygen, SBE 43 [% saturation]
# name 3 = specc: Specific Conductance [uS/cm]
# name 4 = c0uS/cm: Conductivity [uS/cm]
# name 5 = flECO-AFL: Fluorescence, WET Labs ECO-AFL/FL [mg/m^3]
# name 6 = ph: pH
# name 7 = orp: Oxidation Reduction Potential [mV]
# name 8 = par/sat/log: PAR/Logarithmic, Satlantic
# name 9 = turbWETntu0: Turbidity, WET Labs ECO [NTU]
# name 10 = prdM: Pressure, Strain Gauge [db]
# name 11 = prdE: Pressure, Strain Gauge [psi]
# name 12 = tv290C: Temperature [ITS-90, deg C]
# name 13 = density00: Density [density, kg/m^3]
# name 14 = dz/dtM: Descent Rate [m/s]
# name 15 = flag:  0.000e+00
# span 0 =     -0.487,      6.544       
# span 1 =     0.0832,     9.4187       
# span 2 =      0.956,    113.640       
# span 3 =      1.714,     86.606       
# span 4 =   1.611355,  68.588471       
# span 5 =    -0.4212,    15.8759       
# span 6 =      6.521,      7.345       
# span 7 =    20.8161,   154.6178       
# span 8 = 1.2349e-01, 1.2775e+03       
# span 9 =    -4.1987,    23.1136       
# span 10 =     -0.477,      6.418      
# span 11 =     -0.693,      9.308      
# span 12 =    12.2553,    24.9347      
# span 13 =   997.0830,   999.5216      
# span 14 =     -0.002,      0.224      
# span 15 = 0.0000e+00, 0.0000e+00      
# interval = seconds: 0.25
# start_time = Sep 11 2019 11:07:02 [Instrument's time stamp, header]
# bad_flag = -9.990e-29
*END*
[from data line 272]
      3.605     0.1505      1.597     71.822  62.058088     4.1804      6.777   103.7016 8.0453e+00    19.7330      3.535      5.128    18.7979   998.4867      0.097 0.0000e+00
      3.630     0.1547      1.635     74.442  64.026635     4.2663      6.761   104.2497 7.6672e+00    20.1922      3.559      5.162    18.6898   998.5089      0.113 0.0000e+00
      3.658     0.1614      1.697     76.611  65.536579     4.2912      6.742   105.1680 7.1745e+00    20.3117      3.583      5.197    18.5191   998.5420      0.129 0.0000e+00
      3.694     0.1679      1.756     78.299  66.584722     4.4037      6.723   106.0281 6.5301e+00    21.0477      3.621      5.252    18.3725   998.5715      0.141 0.0000e+00
      3.737     0.1729      1.799     79.079  66.846477     4.6120      6.706   106.3035 5.8791e+00    22.3717      3.666      5.317    18.2207   998.6017      0.147 0.0000e+00
      3.782     0.1777      1.839     79.519  66.857544     4.7207      6.693   105.0557 5.2233e+00    23.1136      3.708      5.378    18.0145   998.6410      0.145 0.0000e+00
      3.826     0.1828      1.885     79.862  66.845222     4.7209      6.681   102.7290 4.5986e+00    23.1019      3.753      5.443    17.7824   998.6846      0.140 0.0000e+00
      3.863     0.1880      1.931     79.860  66.569983     4.7266      6.670   100.4547 4.2156e+00    21.9359      3.794      5.501    17.5191   998.7332      0.134 0.0000e+00
      3.888     0.1935      1.981     79.984  66.389888     4.7293      6.660    98.4654 4.0221e+00    19.7316      3.814      5.532    17.2514   998.7810      0.127 0.0000e+00
      3.910     0.1991      2.031     81.157  67.082943     4.7189      6.649    96.2283 3.7563e+00    18.4734      3.828      5.553    17.0182   998.8221      0.121 0.0000e+00
      3.940     0.2026      2.061     82.905  68.274302     4.7138      6.638    93.4528 3.3543e+00    18.2265      3.859      5.598    16.8398   998.8532      0.114 0.0000e+00
      3.976     0.2043      2.072     83.576  68.588471     4.7202      6.628    90.8917 2.9848e+00    16.8775      3.902      5.659    16.6827   998.8803      0.108 0.0000e+00
      4.010     0.2044      2.068     83.197  68.084207     4.7257      6.620    88.7511 2.7479e+00    14.4192      3.935      5.707    16.4967   998.9117      0.099 0.0000e+00
      4.035     0.2014      2.034     82.759  67.644399     4.7282      6.615    86.5852 2.5893e+00    13.0824      3.959      5.742    16.3166   998.9422      0.088 0.0000e+00
      4.054     0.1969      1.990     82.656  67.593642     4.7334      6.593    84.5790 2.4862e+00    12.9058      3.979      5.771    16.1755   998.9667      0.074 0.0000e+00
      4.067     0.1915      1.937     82.923  67.851987     4.7371      6.551    83.0790 2.4256e+00    12.7103      3.990      5.787    16.0234   998.9918      0.065 0.0000e+00
      4.075     0.1834      1.854     83.234  68.034492     4.7904      6.536    81.6990 2.3628e+00    11.4717      3.996      5.796    15.8858   999.0138      0.065 0.0000e+00
      4.085     0.1762      1.776     83.141  67.765900     4.9005      6.554    80.2834 2.2450e+00     9.2695      4.003      5.806    15.8335   999.0221      0.074 0.0000e+00
      4.101     0.1714      1.722     82.786  67.210654     4.9670      6.567    79.1266 2.0464e+00     8.0418      4.017      5.826    15.8812   999.0145      0.090 0.0000e+00
      4.126     0.1679      1.680     82.729  66.851424     4.9624      6.571    77.8660 1.8045e+00     7.8019      4.044      5.865    15.9427   999.0048      0.110 0.0000e+00
      4.161     0.1657      1.651     82.512  66.346365     4.8356      6.571    75.8825 1.5451e+00     6.7956      4.077      5.914    15.8930   999.0132      0.130 0.0000e+00
      4.202     0.1656      1.642     81.624  65.299034     4.6044      6.569    73.1256 1.2739e+00     5.0185      4.118      5.973    15.7611   999.0345      0.145 0.0000e+00
      4.247     0.1682      1.660     81.114  64.549021     4.4649      6.567    70.2590 1.0376e+00     4.0775      4.166      6.042    15.6002   999.0600      0.153 0.0000e+00
      4.289     0.1713      1.684     81.643  64.651121     4.4315      6.566    67.3776 8.5634e-01     4.0044      4.207      6.103    15.4034   999.0910      0.155 0.0000e+00
      4.328     0.1747      1.712     82.732  65.261911     4.2700      6.564    63.8403 7.0435e-01     3.9381      4.243      6.155    15.1987   999.1229      0.150 0.0000e+00
      4.365     0.1790      1.750     83.598  65.768008     3.9693      6.562    59.4976 5.7726e-01     3.8331      4.282      6.210    14.9983   999.1529      0.137 0.0000e+00
      4.401     0.1820      1.776     83.730  65.748449     3.8041      6.562    54.7921 4.7816e-01     3.7506      4.317      6.261    14.7823   999.1851      0.119 0.0000e+00
      4.436     0.1822      1.777     83.630  65.597424     3.7726      6.563    50.3096 4.0881e-01     3.6931      4.352      6.313    14.5730   999.2163      0.099 0.0000e+00
      4.461     0.1814      1.768     83.656  65.594640     3.6571      6.559    46.4280 3.7395e-01     3.4007      4.381      6.355    14.4220   999.2387      0.080 0.0000e+00
      4.474     0.1797      1.751     84.287  66.096157     3.4654      6.556    43.5655 3.5966e-01     2.8693      4.390      6.367    14.3242   999.2533      0.065 0.0000e+00
      4.479     0.1745      1.701     85.715  67.211411     3.3623      6.561    41.4252 3.4876e-01     2.5769      4.391      6.369    14.2474   999.2640      0.060 0.0000e+00
      4.484     0.1678      1.634     86.606  67.827322     3.3374      6.568    39.3922 3.3611e-01     2.5208      4.396      6.376    14.2038   999.2702      0.064 0.0000e+00
      4.495     0.1614      1.569     85.921  67.122447     3.1567      6.567    37.5693 3.0706e-01     2.3219      4.403      6.388    14.1959   999.2715      0.074 0.0000e+00
      4.517     0.1562      1.514     84.331  65.681247     2.8240      6.559    35.9904 2.5581e-01     1.9740      4.425      6.418    14.2043   999.2704      0.088 0.0000e+00
      4.551     0.1542      1.490     83.185  64.577364     2.6438      6.551    34.4987 1.9730e-01     1.7889      4.462      6.471    14.2219   999.2688      0.099 0.0000e+00
      4.586     0.1541      1.485     82.330  63.691526     2.6261      6.544    33.0415 1.5299e-01     1.7880      4.500      6.527    14.1811   999.2752      0.105 0.0000e+00
      4.616     0.1528      1.468     81.109  62.534052     2.5836      6.544    31.7066 1.3659e-01     1.7337      4.530      6.570    14.0556   999.2926      0.106 0.0000e+00
      4.639     0.1506      1.443     79.949  61.450562     2.5028      6.549    30.4042 1.3404e-01     1.6239      4.550      6.599    13.9391   999.3081      0.101 0.0000e+00
      4.661     0.1509      1.443     79.011  60.569071     2.4552      6.553    29.0822 1.3087e-01     1.5745      4.570      6.627    13.8192   999.3243      0.095 0.0000e+00
      4.684     0.1531      1.461     78.288  59.883283     2.4505      6.542    27.9404 1.2658e-01     1.5627      4.594      6.663    13.6720   999.3443      0.088 0.0000e+00
      4.707     0.1526      1.455     78.186  59.704176     2.4453      6.522    26.9232 1.2392e-01     1.5465      4.616      6.695    13.5399   999.3615      0.083 0.0000e+00
      4.729     0.1490      1.420     78.566  59.928565     2.4537      6.523    25.8177 1.2365e-01     1.5763      4.636      6.725    13.4214   999.3770      0.078 0.0000e+00
      4.750     0.1460      1.390     78.686  59.990826     2.4837      6.528    24.6398 1.2363e-01     1.6276      4.660      6.758    13.3186   999.3903      0.073 0.0000e+00
      4.768     0.1461      1.391     77.392  58.995332     2.5038      6.522    23.5228 1.2366e-01     1.6097      4.678      6.786    13.2355   999.4008      0.069 0.0000e+00
      4.782     0.1463      1.392     74.277  56.597545     2.5055      6.521    22.5499 1.2363e-01     1.5559      4.690      6.804    13.1699   999.4093      0.069 0.0000e+00
      4.794     0.1446      1.374     71.118  54.127858     2.5046      6.526    21.8259 1.2357e-01     1.5676      4.701      6.817    13.1267   999.4151      0.074 0.0000e+00
      4.808     0.1423      1.350     68.793  52.261386     2.5019      6.531    21.3933 1.2357e-01     1.6198      4.711      6.833    13.1115   999.4173      0.084 0.0000e+00
      4.830     0.1393      1.320     66.256  50.229494     2.4898      6.536    21.1911 1.2356e-01     1.6288      4.734      6.867    13.1143   999.4169      0.096 0.0000e+00
      4.860     0.1375      1.300     63.763  48.235101     2.4794      6.540    21.0156 1.2351e-01     1.6118      4.766      6.912    13.1080   999.4163      0.108 0.0000e+00
      4.893     0.1368      1.291     62.031  46.820762     2.3851      6.542    20.8210 1.2349e-01     1.5778      4.797      6.957    13.0610   999.4211      0.116 0.0000e+00
      4.929     0.1344      1.266     60.675  45.703684     2.1997      6.544    20.8161 1.2349e-01     1.5456      4.833      7.010    12.9802   999.4312      0.119 0.0000e+00
      4.965     0.1318      1.239     59.527  44.762279     2.0923      6.549    20.9565 1.2351e-01     1.5835      4.873      7.066    12.9009   999.4403      0.118 0.0000e+00
      4.993     0.1320      1.240     58.863  44.201520     2.0666      6.554    21.1425 1.2351e-01     1.6424      4.899      7.105    12.8214   999.4493      0.114 0.0000e+00
      5.016     0.1340      1.258     58.580  43.940054     2.0019      6.559    21.3442 1.2351e-01     1.6025      4.916      7.131    12.7329   999.4599      0.109 0.0000e+00
      5.042     0.1345      1.262     58.470  43.823307     1.8904      6.564    21.5019 1.2354e-01     1.4619      4.944      7.170    12.6535   999.4694      0.104 0.0000e+00
      5.070     0.1338      1.254     58.392  43.742371     1.8294      6.569    21.6725 1.2352e-01     1.3838      4.975      7.214    12.5913   999.4765      0.104 0.0000e+00
      5.094     0.1331      1.247     58.216  43.596401     1.8189      6.574    21.7724 1.2356e-01     1.3791      4.996      7.245    12.5393   999.4828      0.108 0.0000e+00
      5.119     0.1312      1.230     58.040  43.455318     1.7113      6.578    21.8489 1.2360e-01     1.3075      5.017      7.277    12.4972   999.4879      0.117 0.0000e+00
      5.148     0.1292      1.211     57.680  43.179474     1.5166      6.583    22.0815 1.2354e-01     1.1728      5.048      7.321    12.4687   999.4914      0.128 0.0000e+00
      5.182     0.1284      1.203     57.097  42.737486     1.4154      6.589    22.2620 1.2350e-01     1.0941      5.081      7.369    12.4508   999.4937      0.139 0.0000e+00
      5.218     0.1252      1.173     56.864  42.555901     1.3976      6.595    22.3115 1.2355e-01     1.1423      5.114      7.418    12.4394   999.4951      0.147 0.0000e+00
      5.261     0.1207      1.130     56.984  42.634812     1.2583      6.602    22.5940 1.2360e-01     1.5594      5.157      7.481    12.4320   999.4962      0.149 0.0000e+00
      5.309     0.1185      1.109     56.800  42.485206     1.0057      6.604    23.3541 1.2358e-01     2.2695      5.208      7.554    12.4268   999.4970      0.144 0.0000e+00
      5.352     0.1162      1.087     56.021  41.889868     0.8659      6.600    24.3608 1.2351e-01     2.6504      5.253      7.619    12.4230   999.4973      0.135 0.0000e+00
      5.382     0.1128      1.055     55.133  41.214365     0.8430      6.605    25.3012 1.2349e-01     2.6903      5.282      7.661    12.4175   999.4981      0.124 0.0000e+00
      5.404     0.1111      1.039     54.672  40.857280     0.8411      6.609    26.2927 1.2355e-01     2.7517      5.297      7.683    12.4076   999.4995      0.114 0.0000e+00
      5.427     0.1097      1.026     54.540  40.746847     0.8172      6.602    27.4003 1.2360e-01     3.2617      5.319      7.716    12.3957   999.5010      0.108 0.0000e+00
      5.453     0.1076      1.007     54.499  40.704457     0.7449      6.601    28.2822 1.2358e-01     4.1706      5.349      7.759    12.3848   999.5020      0.108 0.0000e+00
      5.478     0.1080      1.010     54.455  40.662173     0.6956      6.601    28.7822 1.2358e-01     4.6627      5.371      7.790    12.3741   999.5030      0.112 0.0000e+00
      5.507     0.1105      1.034     54.405  40.616511     0.6892      6.594    29.2297 1.2360e-01     4.6892      5.396      7.827    12.3626   999.5044      0.115 0.0000e+00
      5.544     0.1169      1.094     54.389  40.596766     0.6933      6.593    29.9072 1.2360e-01     4.7869      5.437      7.885    12.3515   999.5059      0.115 0.0000e+00
      5.579     0.1328      1.242     54.418  40.613883     0.7012      6.600    30.6071 1.2364e-01     5.0243      5.476      7.943    12.3411   999.5073      0.113 0.0000e+00
      5.607     0.1586      1.482     54.447  40.632999     0.7069      6.605    31.1536 1.2371e-01     5.1664      5.500      7.977    12.3318   999.5085      0.109 0.0000e+00
      5.629     0.1906      1.781     54.454  40.637434     0.7019      6.610    31.6964 1.2370e-01     5.1620      5.520      8.004    12.3240   999.5094      0.101 0.0000e+00
      5.653     0.2256      2.109     54.496  40.667511     0.7010      6.619    32.2656 1.2366e-01     5.1349      5.543      8.040    12.3169   999.5104      0.092 0.0000e+00
      5.677     0.2614      2.443     54.512  40.679212     0.7221      6.627    32.7868 1.2367e-01     5.1344      5.567      8.075    12.3126   999.5110      0.085 0.0000e+00
      5.698     0.2963      2.769     54.476  40.651928     0.7404      6.632    33.3527 1.2364e-01     5.1227      5.589      8.107    12.3116   999.5113      0.082 0.0000e+00
      5.717     0.3286      3.071     54.481  40.655066     0.7412      6.633    34.0314 1.2359e-01     5.1242      5.608      8.134    12.3106   999.5115      0.080 0.0000e+00
      5.734     0.3536      3.305     54.481  40.653664     0.7488      6.629    34.7982 1.2359e-01     5.0547      5.623      8.155    12.3097   999.5117      0.080 0.0000e+00
      5.752     0.3698      3.456     54.457  40.634983     0.7713      6.609    35.4834 1.2355e-01     4.8393      5.639      8.180    12.3092   999.5118      0.081 0.0000e+00
      5.774     0.3796      3.547     54.439  40.619648     0.7874      6.576    35.9489 1.2351e-01     4.7158      5.662      8.212    12.3086   999.5120      0.084 0.0000e+00
      5.797     0.3846      3.594     54.409  40.595227     0.7967      6.563    36.3824 1.2352e-01     4.7407      5.684      8.245    12.3079   999.5122      0.088 0.0000e+00
      5.821     0.3875      3.622     54.409  40.593653     0.8052      6.577    36.9389 1.2352e-01     4.9114      5.708      8.279    12.3078   999.5123      0.090 0.0000e+00
      5.846     0.3879      3.625     54.419  40.600616     0.8038      6.596    37.6013 1.2356e-01     5.2066      5.734      8.316    12.3072   999.5125      0.092 0.0000e+00
      5.870     0.3853      3.600     54.443  40.615928     0.7968      6.608    38.1965 1.2361e-01     5.3600      5.756      8.350    12.3042   999.5130      0.092 0.0000e+00
      5.892     0.3823      3.572     54.496  40.651807     0.7899      6.603    38.6288 1.2364e-01     5.3580      5.778      8.380    12.3019   999.5133      0.092 0.0000e+00
      5.915     0.3807      3.557     54.502  40.653495     0.7810      6.586    39.0426 1.2367e-01     5.3787      5.800      8.412    12.3020   999.5134      0.093 0.0000e+00
      5.938     0.3806      3.555     54.482  40.636332     0.7243      6.581    39.6712 1.2365e-01     5.8723      5.823      8.446    12.3009   999.5136      0.096 0.0000e+00
      5.961     0.3807      3.556     54.485  40.634749     0.6153      6.586    40.5516 1.2360e-01     6.8035      5.844      8.477    12.2982   999.5141      0.101 0.0000e+00
