Data/DataNotYetUploadedToEDI/Raw_CTD/RawDownloads/091218_fcr50.cnv
* Sea-Bird SBE19plus  Data File:
* FileName = C:\DATA\SBE19plus_01907809_2018_09_12_0002.hex
* Software version 2.6.3.104 SB_Terminal.dll
* Temperature SN = 7809
* Conductivity SN = 7809
* System UpLoad Time = Sep 12 2018 18:48:09
* <ApplicationData>
* <Seaterm232>
# nquan = 15
# nvalues = 1113                        
# units = specified
# name 0 = depFM: Depth [fresh water, m]
# name 1 = dz/dtM: Descent Rate [m/s]
# name 2 = sbeox0Mg/L: Oxygen, SBE 43 [mg/l]
# name 3 = sbeox0PS: Oxygen, SBE 43 [% saturation]
# name 4 = specc: Specific Conductance [uS/cm]
# name 5 = c0uS/cm: Conductivity [uS/cm]
# name 6 = flECO-AFL: Fluorescence, WET Labs ECO-AFL/FL [mg/m^3]
# name 7 = ph: pH
# name 8 = orp: Oxidation Reduction Potential [mV]
# name 9 = par/sat/log: PAR/Logarithmic, Satlantic
# name 10 = turbWETntu0: Turbidity, WET Labs ECO [NTU]
# name 11 = prdM: Pressure, Strain Gauge [db]
# name 12 = prdE: Pressure, Strain Gauge [psi]
# name 13 = tv290C: Temperature [ITS-90, deg C]
# name 14 = flag:  0.000e+00
# span 0 =     -0.518,      9.768       
# span 1 =     -0.088,      0.226       
# span 2 =     0.0489,     9.7977       
# span 3 =      0.461,    116.876       
# span 4 =      1.592,    315.886       
# span 5 =   1.631462, 237.905131       
# span 6 =    -0.3763,    25.8855       
# span 7 =      6.177,      8.423       
# span 8 = -1240.7455,   255.6133       
# span 9 = 1.2537e-01, 1.4900e+03       
# span 10 =    -0.4941,    13.6893      
# span 11 =     -0.508,      9.580      
# span 12 =     -0.737,     13.894      
# span 13 =    12.1317,    26.2915      
# span 14 = 0.0000e+00, 0.0000e+00      
# interval = seconds: 0.25
# start_time = Sep 12 2018 20:26:48 [Instrument's time stamp, header]
# bad_flag = -9.990e-29
*END*
     -0.518 1.9105e-15     7.7502     96.021      1.700   1.742784    -0.1607      6.385 -1240.7455 7.4703e+02    -0.1958     -0.508     -0.736    26.2915 0.0000e+00
     -0.518 2.1015e-14     7.7520     96.036      1.672   1.714321    -0.1772      6.390 -1240.7455 6.0527e+02    -0.2107     -0.508     -0.737    26.2895 0.0000e+00
     -0.518 2.3116e-13     7.7532     96.040      1.627   1.668401    -0.1879      6.396 -1240.7455 5.4728e+02    -0.2237     -0.508     -0.737    26.2878 0.0000e+00
     -0.518 2.5428e-12     7.7537     96.025      1.592   1.631462    -0.2161      6.407 -1240.7455 7.0264e+02    -0.2616     -0.507     -0.736    26.2859 0.0000e+00
     -0.518 2.7970e-11     7.7562     96.021      1.608   1.648192    -0.2700      6.412 -1240.7455 1.0176e+03    -0.2724     -0.508     -0.737    26.2828 0.0000e+00
     -0.518 3.0767e-10     7.7606     96.040      1.702   1.743851    -0.2968      6.401 -1240.7455 1.0775e+03    -0.2625     -0.508     -0.737    26.2788 0.0000e+00
     -0.518 3.3844e-09     7.7644     96.059      1.793   1.836840    -0.2927      6.385 -1240.7455 9.6571e+02    -0.2340     -0.508     -0.736    26.2752 0.0000e+00
     -0.518 3.7228e-08     7.7669     96.070      1.840   1.884714    -0.3123      6.373 -1240.7455 1.1305e+03    -0.2628     -0.508     -0.736    26.2639 0.0000e+00
     -0.518 4.0951e-07     7.7684     96.077      1.835   1.878781    -0.3595      6.370 -1240.7455 1.3172e+03    -0.3974     -0.508     -0.737    26.2405 0.0000e+00
     -0.518      0.000     7.7698     96.089      1.786   1.828524    -0.3763      6.376 -1240.7455 1.3674e+03    -0.4888     -0.508     -0.737    26.2176 0.0000e+00
     -0.518      0.000     7.7708     96.097      1.743   1.784371    -0.3589      6.384 -1240.7455 1.3940e+03    -0.4827     -0.507     -0.736    26.2018 0.0000e+00
     -0.518      0.001     7.7707     96.089      1.747   1.788841    -0.3051      6.391 -1240.7453 1.1318e+03    -0.4756     -0.508     -0.736    26.1904 0.0000e+00
     -0.518      0.001     7.7710     96.084      1.777   1.819150    -0.2219      6.394 -1240.7438 6.2739e+02    -0.4941     -0.508     -0.737    26.1844 0.0000e+00
     -0.517      0.001     7.7711     96.079      1.792   1.833764    -0.1798      6.395 -1240.7264 5.3223e+02    -0.4934     -0.507     -0.735    26.1819 0.0000e+00
     -0.517      0.000     7.7700     96.064      1.797   1.838705    -0.1733      6.397 -1240.5353 8.9704e+02    -0.4674     -0.507     -0.735    26.1796 0.0000e+00
     -0.517      0.000     7.7695     96.059      1.836   1.878890    -0.1161      6.399 -1238.4338 1.1863e+03    -0.0569     -0.507     -0.735    26.1752 0.0000e+00
     -0.517      0.003     7.7714     96.062      2.146   2.192809    -0.0024      6.411 -1215.3165 1.2994e+03     0.7461     -0.506     -0.734    26.1719 0.0000e+00
     -0.517      0.011     7.7849     96.067      5.538   5.634266     0.0705      6.579  -961.0261 1.3648e+03     1.2155     -0.507     -0.736    26.1641 0.0000e+00
     -0.517      0.029     7.8192     96.083     15.565  15.768303     0.0853      6.972  -385.3650 1.4015e+03     1.4385     -0.507     -0.734    26.1672 0.0000e+00
     -0.516      0.058     7.8634     96.103     28.460  28.716644     0.0856      7.391    92.6902 1.4098e+03     3.5331     -0.508     -0.736    26.1638 0.0000e+00
     -0.507      0.098     7.9018     96.112     36.387  36.571407     0.0826      7.722   232.4325 1.3976e+03     7.4059     -0.505     -0.732    26.1795 0.0000e+00
     -0.481      0.142     7.9316     96.108     38.109  38.159769     0.0858      7.955   232.4551 1.3796e+03     9.5070     -0.479     -0.695    26.1329 0.0000e+00
     -0.436      0.182     7.9584     96.115     37.651  37.568243     0.0969      8.079   225.1203 1.3729e+03     9.6494     -0.435     -0.631    25.8523 0.0000e+00
     -0.372      0.212     7.9877     96.188     37.370  37.169726     0.1434      8.131   222.2152 1.3841e+03     9.4637     -0.370     -0.537    25.5070 0.0000e+00
     -0.297      0.226     8.0200     96.355     37.320  37.025775     0.6469      8.149   225.3783 1.4091e+03     7.5053     -0.287     -0.417    25.2478 0.0000e+00
     -0.227      0.221     8.0559     96.622     37.269  36.907554     1.5809      8.158   229.3798 1.4348e+03     3.9159     -0.218     -0.315    25.0523 0.0000e+00
     -0.168      0.204     8.0959     96.981     37.232  36.820165     2.0998      8.160   227.5781 1.4569e+03     1.9535     -0.162     -0.235    24.8803 0.0000e+00
     -0.121      0.182     8.1367     97.384     37.242  36.794920     2.1504      8.155   222.9529 1.4769e+03     1.7838     -0.114     -0.165    24.7099 0.0000e+00
     -0.085      0.160     8.1749     97.783     37.265  36.792845     2.1652      8.147   222.3270 1.4885e+03     1.8030     -0.080     -0.117    24.5876 0.0000e+00
     -0.056      0.144     8.2083     98.140     37.348  36.858568     2.1962      8.142   224.7428 1.4900e+03     1.8493     -0.056     -0.081    24.5021 0.0000e+00
     -0.024      0.131     8.2350     98.428     37.587  37.081342     2.2124      8.131   226.5225 1.4847e+03     1.8867     -0.026     -0.038    24.4342 0.0000e+00
      0.012      0.117     8.2540     98.627     37.912  37.389993     2.2147      8.110   227.2391 1.4672e+03     1.9494      0.011      0.016    24.3886 0.0000e+00
      0.048      0.102     8.2640     98.730     38.008  37.477608     2.2332      8.099   226.8685 1.3103e+03     1.9979      0.050      0.073    24.3584 0.0000e+00
      0.078      0.084     8.2616     98.698     37.780  37.251301     2.2621      8.104   224.7088 1.0449e+03     1.9842      0.080      0.116    24.3374 0.0000e+00
      0.097      0.064     8.2141     98.134     37.463  36.940711     2.2784      8.116   221.6896 9.1606e+02     1.9671      0.099      0.144    24.3203 0.0000e+00
      0.106      0.043     8.0989     96.755     37.228  36.708036     2.2843      8.130   219.2731 8.6822e+02     1.9435      0.106      0.154    24.3047 0.0000e+00
      0.109      0.025     7.9669     95.165     37.122  36.597917     2.2872      8.145   218.7215 9.4257e+02     1.8824      0.107      0.154    24.2946 0.0000e+00
      0.110      0.012     7.8769     94.069     37.095  36.562143     2.2857      8.160   220.9567 1.0870e+03     1.8084      0.108      0.156    24.2932 0.0000e+00
      0.111      0.005     7.8386     93.591     37.070  36.529593     2.2846      8.171   224.4448 9.9641e+02     1.7501      0.108      0.157    24.2976 0.0000e+00
      0.111      0.001     7.8316     93.490     37.070  36.521960     2.2824      8.180   227.1685 9.1561e+02     1.7262      0.109      0.158    24.2987 0.0000e+00
      0.111      0.000     7.8327     93.493     37.086  36.533370     2.3326      8.186   228.4212 1.1439e+03     1.7637      0.109      0.159    24.2905 0.0000e+00
      0.111      0.000     7.8389     93.565     37.094  36.540492     2.4324      8.191   227.6315 1.3051e+03     1.8687      0.110      0.160    24.2762 0.0000e+00
      0.110      0.001     7.8565     93.781     37.160  36.608069     2.4783      8.195   225.9666 1.1041e+03     1.9579      0.106      0.154    24.2636 0.0000e+00
      0.109      0.002     7.8698     93.953     37.264  36.715186     2.4733      8.197   225.4123 9.1528e+02     1.9576      0.105      0.153    24.2538 0.0000e+00
      0.110      0.003     7.8426     93.646     37.297  36.755720     2.4647      8.200   225.2308 8.8304e+02     1.9261      0.107      0.156    24.2473 0.0000e+00
      0.111      0.004     7.7609     92.683     37.251  36.717027     2.4661      8.206   223.3426 8.5890e+02     1.8824      0.108      0.156    24.2467 0.0000e+00
      0.114      0.004     7.6459     91.315     37.160  36.628503     2.4712      8.212   220.6497 8.4085e+02     1.7954      0.111      0.162    24.2496 0.0000e+00
      0.116      0.004     7.5256     89.878     37.105  36.574740     2.4624      8.214   219.4303 7.8368e+02     1.7287      0.115      0.168    24.2565 0.0000e+00
      0.116      0.003     7.4168     88.583     37.103  36.575185     2.4608      8.210   219.0953 7.1555e+02     1.7171      0.116      0.166    24.2699 0.0000e+00
      0.116      0.001     7.3262     87.515     37.092  36.570366     2.4523      8.204   219.0951 7.3923e+02     1.7157      0.113      0.164    24.2794 0.0000e+00
      0.116     -0.001     7.2513     86.643     37.092  36.580007     2.4232      8.200   219.5141 7.5551e+02     1.7116      0.113      0.166    24.2801 0.0000e+00
      0.116     -0.001     7.1886     85.920     37.129  36.628244     2.4125      8.200   220.0313 6.5606e+02     1.7279      0.115      0.167    24.2782 0.0000e+00
      0.115     -0.001     7.1359     85.310     37.201  36.708935     2.4140      8.200   220.6158 5.9068e+02     1.7289      0.112      0.163    24.2798 0.0000e+00
      0.113      0.000     7.0888     84.763     37.279  36.793353     2.4240      8.205   220.9032 6.3807e+02     1.6946      0.111      0.161    24.2887 0.0000e+00
      0.113      0.000     7.0542     84.364     37.366  36.886642     2.4590      8.211   221.1832 6.7419e+02     1.6796      0.111      0.161    24.3043 0.0000e+00
      0.114      0.000     7.0533     84.368     37.484  37.011061     2.4885      8.219   221.9365 6.6537e+02     1.7004      0.112      0.163    24.3217 0.0000e+00
      0.116      0.001     7.1008     84.950     37.623  37.154236     2.4961      8.225   222.4395 6.7249e+02     1.7318      0.113      0.165    24.3343 0.0000e+00
      0.116      0.001     7.1925     86.060     37.748  37.283718     2.5044      8.230   222.4465 6.5490e+02     1.7540      0.113      0.165    24.3428 0.0000e+00
      0.116      0.000     7.3145     87.535     37.828  37.369613     2.5249      8.234   222.1944 6.1086e+02     1.7547      0.114      0.165    24.3531 0.0000e+00
      0.115     -0.001     7.4564     89.254     37.881  37.430468     2.5421      8.237   221.7134 6.2747e+02     1.7409      0.113      0.165    24.3634 0.0000e+00
      0.114     -0.001     7.6056     91.061     37.952  37.511309     2.5474      8.241   221.4485 7.0405e+02     1.7393      0.112      0.163    24.3717 0.0000e+00
      0.114      0.000     7.7434     92.732     38.082  37.648264     2.5611      8.243   221.5730 7.1203e+02     1.7962      0.111      0.161    24.3779 0.0000e+00
      0.114      0.001     7.8552     94.090     38.243  37.815840     2.5876      8.245   222.0147 6.2543e+02     1.8795      0.112      0.162    24.3864 0.0000e+00
      0.114      0.002     7.9350     95.060     38.372  37.949255     2.6019      8.248   222.4012 5.7590e+02     1.9234      0.112      0.162    24.4002 0.0000e+00
      0.115      0.002     7.9832     95.649     38.472  38.054339     2.6054      8.252   222.3739 5.6818e+02     1.9603      0.113      0.164    24.4138 0.0000e+00
      0.116      0.002     8.0034     95.897     38.549  38.133473     2.6119      8.254   222.1145 5.4729e+02     1.9595      0.114      0.166    24.4256 0.0000e+00
      0.117      0.002     8.0017     95.876     38.560  38.143707     2.6432      8.256   221.7603 5.4118e+02     1.8525      0.115      0.167    24.4359 0.0000e+00
      0.117      0.002     7.9827     95.641     38.533  38.114547     2.6990      8.257   221.2743 5.5784e+02     1.7650      0.116      0.168    24.4449 0.0000e+00
      0.117      0.001     7.9490     95.226     38.522  38.098538     2.7265      8.259   220.7990 5.9206e+02     1.7865      0.115      0.167    24.4523 0.0000e+00
      0.118      0.001     7.9042     94.674     38.508  38.077204     2.7273      8.259   220.7448 6.1953e+02     1.7775      0.116      0.168    24.4571 0.0000e+00
      0.118      0.000     7.8544     94.054     38.488  38.047175     2.7449      8.259   221.0488 5.9196e+02     1.6860      0.116      0.168    24.4555 0.0000e+00
      0.118 1.8783e-08     7.8090     93.490     38.504  38.053091     2.7742      8.260   221.1199 5.7631e+02     1.6264      0.116      0.168    24.4502 0.0000e+00
      0.118 2.0661e-07     7.7745     93.068     38.540  38.085190     2.7871      8.262   220.9161 6.0298e+02     1.6669      0.116      0.168    24.4451 0.0000e+00
      0.118 2.0661e-07     7.7520     92.803     38.571  38.117625     2.7909      8.266   220.6503 6.0118e+02     1.7184      0.116      0.169    24.4360 0.0000e+00
      0.118 1.8810e-08     7.7428     92.704     38.640  38.191143     2.8111      8.270   220.5729 5.5900e+02     1.7003      0.116      0.168    24.4215 0.0000e+00
      0.118 2.0154e-09     7.7428     92.719     38.783  38.338807     2.8386      8.274   221.1839 5.2236e+02     1.6919      0.116      0.169    24.4066 0.0000e+00
      0.118 3.5421e-09     7.7470     92.780     38.946  38.505360     2.8561      8.276   222.1884 5.7967e+02     1.7086      0.116      0.169    24.4005 0.0000e+00
      0.118 3.7269e-08     7.7530     92.857     39.056  38.616674     2.8664      8.278   222.9098 6.5062e+02     1.7195      0.116      0.168    24.4050 0.0000e+00
      0.118 4.0981e-07     7.7557     92.888     39.108  38.668198     2.8812      8.279   223.2809 6.1703e+02     1.7319      0.116      0.169    24.4138 0.0000e+00
      0.118      0.000     7.7517     92.835     39.127  38.683610     2.9064      8.279   223.4054 5.8001e+02     1.7052      0.116      0.168    24.4229 0.0000e+00
      0.118      0.000     7.7427     92.720     39.123  38.675957     2.9227      8.279   223.6417 6.1968e+02     1.6722      0.116      0.168    24.4294 0.0000e+00
      0.118      0.001     7.7317     92.578     39.090  38.639194     2.9308      8.280   223.9862 6.8404e+02     1.6980      0.117      0.169    24.4331 0.0000e+00
      0.118      0.001     7.7224     92.457     39.011  38.556756     2.9680      8.281   224.0438 6.7202e+02     1.7428      0.116      0.169    24.4326 0.0000e+00
      0.119      0.001     7.7159     92.373     38.897  38.441577     3.0233      8.282   223.9929 5.7827e+02     1.7557      0.117      0.169    24.4276 0.0000e+00
      0.119      0.001     7.7088     92.289     38.781  38.326597     3.0476      8.283   223.8878 5.2752e+02     1.7321      0.117      0.169    24.4233 0.0000e+00
      0.119      0.001     7.6974     92.158     38.697  38.246556     3.0508      8.283   223.6330 5.4279e+02     1.7022      0.117      0.170    24.4181 0.0000e+00
      0.120      0.001     7.6783     91.933     38.684  38.236172     3.0519      8.281   223.4078 5.5709e+02     1.6989      0.118      0.170    24.4102 0.0000e+00
      0.120      0.001     7.6478     91.572     38.711  38.264584     3.0525      8.277   223.3151 5.5709e+02     1.6923      0.118      0.170    24.4061 0.0000e+00
      0.120      0.001     7.6054     91.068     38.718  38.272432     3.0583      8.270   223.4592 5.3568e+02     1.6835      0.118      0.171    24.4083 0.0000e+00
      0.120      0.001     7.5523     90.437     38.711  38.267537     3.0578      8.264   223.7734 5.1875e+02     1.6842      0.118      0.171    24.4122 0.0000e+00
      0.121      0.000     7.4902     89.696     38.711  38.268918     3.0552      8.259   224.0168 6.1740e+02     1.6700      0.118      0.171    24.4148 0.0000e+00
      0.121      0.000     7.4217     88.880     38.730  38.289142     3.1008      8.257   223.8204 7.2832e+02     1.6650      0.118      0.171    24.4170 0.0000e+00
      0.121      0.000     7.3531     88.060     38.761  38.321472     3.1956      8.257   223.2922 6.3409e+02     1.6846      0.118      0.170    24.4191 0.0000e+00
      0.121      0.001     7.2891     87.296     38.781  38.342169     3.2551      8.259   223.1370 4.8697e+02     1.7233      0.119      0.172    24.4210 0.0000e+00
      0.121      0.001     7.2309     86.601     38.787  38.348804     3.2588      8.262   223.4919 4.5260e+02     1.7359      0.119      0.172    24.4231 0.0000e+00
      0.121      0.001     7.1790     85.981     38.775  38.338159     3.2041      8.264   224.1417 4.6283e+02     1.7461      0.119      0.172    24.4253 0.0000e+00
