Data/DataNotYetUploadedToEDI/Raw_CTD/RawDownloads/091218_ccr50.cnv
* Sea-Bird SBE19plus  Data File:
* FileName = C:\DATA\SBE19plus_01907809_2018_09_12_0001.hex
* Software version 2.6.3.104 SB_Terminal.dll
* Temperature SN = 7809
* Conductivity SN = 7809
* System UpLoad Time = Sep 12 2018 18:47:37
* <ApplicationData>
* <Seaterm232>
# nquan = 15
# nvalues = 1879                        
# units = specified
# name 0 = depFM: Depth [fresh water, m]
# name 1 = dz/dtM: Descent Rate [m/s]
# name 2 = sbeox0Mg/L: Oxygen, SBE 43 [mg/l]
# name 3 = sbeox0PS: Oxygen, SBE 43 [% saturation]
# name 4 = specc: Specific Conductance [uS/cm]
# name 5 = c0uS/cm: Conductivity [uS/cm]
# name 6 = flECO-AFL: Fluorescence, WET Labs ECO-AFL/FL [mg/m^3]
# name 7 = ph: pH
# name 8 = orp: Oxidation Reduction Potential [mV]
# name 9 = par/sat/log: PAR/Logarithmic, Satlantic
# name 10 = turbWETntu0: Turbidity, WET Labs ECO [NTU]
# name 11 = prdM: Pressure, Strain Gauge [db]
# name 12 = prdE: Pressure, Strain Gauge [psi]
# name 13 = tv290C: Temperature [ITS-90, deg C]
# name 14 = flag:  0.000e+00
# span 0 =     -0.330,     20.546       
# span 1 =     -0.134,      0.234       
# span 2 =     0.8863,     8.8995       
# span 3 =      8.118,    109.422       
# span 4 =      0.711,    130.944       
# span 5 =   0.748878, 106.085546       
# span 6 =    -0.1885,     2.5218       
# span 7 =      6.181,      8.673       
# span 8 =  -220.7248,   296.2574       
# span 9 = 1.2534e-01, 1.3581e+03       
# span 10 =    -0.3088,     9.2357      
# span 11 =     -0.326,     20.149      
# span 12 =     -0.473,     29.224      
# span 13 =    11.4065,    27.6122      
# span 14 = 0.0000e+00, 0.0000e+00      
# interval = seconds: 0.25
# start_time = Sep 12 2018 18:38:28 [Instrument's time stamp, header]
# bad_flag = -9.990e-29
*END*
[from data line 1832]
     20.130      0.090     1.8015     16.523    128.303  93.609225     0.7622      6.680   295.2601 1.2550e-01     7.4978     19.743     28.635    11.4990 0.0000e+00
     20.152      0.081     1.7872     16.391    128.511  93.749951     0.7578      6.680   295.2351 1.2550e-01     7.3474     19.764     28.666    11.4908 0.0000e+00
     20.167      0.068     1.7653     16.189    128.541  93.760263     0.7688      6.679   295.2813 1.2551e-01     7.3046     19.778     28.685    11.4841 0.0000e+00
     20.181      0.053     1.7363     15.921    128.340  93.606474     0.7758      6.678   295.3027 1.2553e-01     7.2241     19.789     28.701    11.4807 0.0000e+00
     20.196      0.034     1.7004     15.592    127.908  93.292045     0.7775      6.678   295.2349 1.2552e-01     7.1063     19.807     28.727    11.4774 0.0000e+00
     20.210      0.018     1.6594     15.218    127.511  93.016430     0.7804      6.678   295.1502 1.2549e-01     7.0710     19.824     28.751    11.4725 0.0000e+00
     20.215      0.008     1.6144     14.808    127.469  93.013388     0.7733      6.679   295.1385 1.2547e-01     7.1022     19.829     28.759    11.4673 0.0000e+00
     20.206      0.008     1.5677     14.383    127.768  93.255294     0.7656      6.679   295.1795 1.2552e-01     7.2397     19.819     28.744    11.4644 0.0000e+00
     20.191      0.019     1.5247     13.989    128.127  93.520519     0.7700      6.679   295.1300 1.2553e-01     7.5125     19.798     28.714    11.4642 0.0000e+00
     20.184      0.039     1.4941     13.707    128.525  93.799378     0.7810      6.679   294.9703 1.2548e-01     7.6847     19.786     28.697    11.4683 0.0000e+00
     20.197      0.066     1.4795     13.570    129.022  94.142356     0.7873      6.679   294.7978 1.2550e-01     7.7346     19.799     28.716    11.4819 0.0000e+00
     20.228      0.094     1.4810     13.580    129.530  94.482008     0.7827      6.679   294.6787 1.2553e-01     7.7797     19.834     28.767    11.4952 0.0000e+00
     20.267      0.115     1.4960     13.714    129.911  94.720592     0.7890      6.679   294.6482 1.2551e-01     8.0172     19.876     28.828    11.4945 0.0000e+00
     20.306      0.121     1.5142     13.876    130.152  94.860880     0.8176      6.678   294.6875 1.2551e-01     8.4696     19.915     28.884    11.4886 0.0000e+00
     20.343      0.115     1.5243     13.966    130.420  95.031386     0.8346      6.677   294.6376 1.2553e-01     8.7323     19.951     28.936    11.4820 0.0000e+00
     20.373      0.101     1.5196     13.921    130.750  95.253071     0.8289      6.677   294.3893 1.2558e-01     8.7524     19.983     28.983    11.4700 0.0000e+00
     20.394      0.084     1.4936     13.681    130.944  95.375035     0.8226      6.676   294.1809 1.2560e-01     8.6205     20.004     29.012    11.4528 0.0000e+00
     20.408      0.067     1.4428     13.213    130.769  95.231788     0.8222      6.676   294.1827 1.2556e-01     8.3594     20.015     29.029    11.4376 0.0000e+00
     20.421      0.050     1.3695     12.542    130.347  94.922723     0.8242      6.677   294.2384 1.2556e-01     8.1897     20.025     29.044    11.4293 0.0000e+00
     20.434      0.037     1.2797     11.721    130.017  94.696298     0.8294      6.678   294.2519 1.2557e-01     8.1555     20.040     29.066    11.4232 0.0000e+00
     20.445      0.030     1.1833     10.841    130.026  94.724000     0.8205      6.678   294.1742 1.2559e-01     8.3416     20.053     29.084    11.4156 0.0000e+00
     20.448      0.030     1.0900      9.987    130.385  95.002844     0.7900      6.678   293.9872 1.2557e-01     8.7312     20.056     29.088    11.4073 0.0000e+00
     20.446      0.033     1.0078      9.233    130.742  95.264510     0.7733      6.678   293.8837 1.2548e-01     8.9598     20.050     29.079    11.4065 0.0000e+00
     20.449      0.035     0.9443      8.650    130.859  95.339334     0.7742      6.678   293.8688 1.2545e-01     8.9698     20.049     29.078    11.4135 0.0000e+00
     20.463      0.037     0.9033      8.274    130.865  95.334116     0.7734      6.679   293.8071 1.2544e-01     8.8514     20.065     29.102    11.4221 0.0000e+00
     20.483      0.038     0.8863      8.118    130.867  95.328836     0.7734      6.680   293.7401 1.2540e-01     8.6570     20.090     29.138    11.4318 0.0000e+00
     20.498      0.038     0.8882      8.135    130.889  95.339190     0.7742      6.680   293.6609 1.2540e-01     8.5725     20.107     29.161    11.4318 0.0000e+00
     20.505      0.033     0.8995      8.239    130.881  95.331880     0.7737      6.680   293.5381 1.2543e-01     8.5934     20.110     29.166    11.4242 0.0000e+00
     20.508      0.025     0.9144      8.375    130.841  95.304156     0.7764      6.680   293.4601 1.2543e-01     8.6044     20.111     29.168    11.4216 0.0000e+00
     20.512      0.018     0.9288      8.507    130.861  95.322548     0.7793      6.681   293.4065 1.2544e-01     8.5829     20.116     29.175    11.4195 0.0000e+00
     20.516      0.014     0.9379      8.592    130.820  95.299403     0.7720      6.682   293.3201 1.2549e-01     8.5784     20.119     29.181    11.4167 0.0000e+00
     20.519      0.013     0.9395      8.607    130.690  95.215463     0.7618      6.683   293.3614 1.2551e-01     8.6106     20.122     29.185    11.4161 0.0000e+00
     20.522      0.013     0.9343      8.561    130.563  95.135903     0.7751      6.684   293.4752 1.2553e-01     8.6675     20.124     29.187    11.4169 0.0000e+00
     20.525      0.013     0.9297      8.519    130.320  94.974578     0.8131      6.685   293.4057 1.2557e-01     8.7470     20.128     29.193    11.4179 0.0000e+00
     20.529      0.012     0.9327      8.548    129.964  94.730264     0.8355      6.686   293.2955 1.2552e-01     8.8096     20.132     29.198    11.4211 0.0000e+00
     20.532      0.011     0.9403      8.619    129.683  94.539249     0.8339      6.687   293.2617 1.2544e-01     8.8440     20.134     29.203    11.4250 0.0000e+00
     20.535      0.010     0.9518      8.726    129.453  94.385225     0.8310      6.687   293.1691 1.2542e-01     8.9195     20.138     29.209    11.4293 0.0000e+00
     20.538      0.009     0.9690      8.884    129.189  94.205890     0.8280      6.687   293.0362 1.2543e-01     9.0814     20.141     29.213    11.4371 0.0000e+00
     20.539      0.007     0.9917      9.094    128.923  94.027368     0.8258      6.687   292.8594 1.2547e-01     9.2135     20.142     29.214    11.4420 0.0000e+00
     20.540      0.006     1.0194      9.350    128.701  93.883158     0.8314      6.687   292.7520 1.2550e-01     9.2357     20.142     29.214    11.4468 0.0000e+00
     20.541      0.004     1.0509      9.640    128.657  93.863855     0.8589      6.688   292.7704 1.2550e-01     9.1665     20.145     29.217    11.4534 0.0000e+00
     20.543      0.004     1.0843      9.946    128.727  93.921409     0.8923      6.689   292.7369 1.2550e-01     9.0475     20.146     29.219    11.4570 0.0000e+00
     20.544      0.004     1.1009     10.098    128.752  93.941976     0.9034      6.690   292.6914 1.2550e-01     8.9871     20.146     29.220    11.4629 0.0000e+00
     20.545 -9.990e-29 -9.990e-29 -9.990e-29 -9.990e-29 -9.990e-29 -9.990e-29 -9.990e-29 -9.990e-29 1.2550e-01 -9.990e-29     20.148     29.222    11.4717 0.0000e+00
     20.545 -9.990e-29 -9.990e-29 -9.990e-29 -9.990e-29 -9.990e-29 -9.990e-29 -9.990e-29 -9.990e-29 1.2549e-01 -9.990e-29     20.148     29.222    11.4766 0.0000e+00
     20.546 -9.990e-29 -9.990e-29 -9.990e-29 -9.990e-29 -9.990e-29 -9.990e-29 -9.990e-29 -9.990e-29 1.2544e-01 -9.990e-29     20.149     29.223    11.4783 0.0000e+00
     20.546 -9.990e-29 -9.990e-29 -9.990e-29 -9.990e-29 -9.990e-29 -9.990e-29 -9.990e-29 -9.990e-29 1.2541e-01 -9.990e-29     20.149     29.224    11.4797 0.0000e+00
