Data/DataNotYetUploadedToEDI/Raw_CTD/RawDownloads/091218_ccr50.cnv
* Sea-Bird SBE19plus  Data File:
* FileName = C:\DATA\SBE19plus_01907809_2018_09_12_0001.hex
* Software version 2.6.3.104 SB_Terminal.dll
* Temperature SN = 7809
* Conductivity SN = 7809
* System UpLoad Time = Sep 12 2018 18:47:37
* <ApplicationData>
* <Seaterm232>
# nquan = 15
# nvalues = 1879                        
# units = specified
# name 0 = depFM: Depth [fresh water, m]
# name 1 = dz/dtM: Descent Rate [m/s]
# name 2 = sbeox0Mg/L: Oxygen, SBE 43 [mg/l]
# name 3 = sbeox0PS: Oxygen, SBE 43 [% saturation]
# name 4 = specc: Specific Conductance [uS/cm]
# name 5 = c0uS/cm: Conductivity [uS/cm]
# name 6 = flECO-AFL: Fluorescence, WET Labs ECO-AFL/FL [mg/m^3]
# name 7 = ph: pH
# name 8 = orp: Oxidation Reduction Potential [mV]
# name 9 = par/sat/log: PAR/Logarithmic, Satlantic
# name 10 = turbWETntu0: Turbidity, WET Labs ECO [NTU]
# name 11 = prdM: Pressure, Strain Gauge [db]
# name 12 = prdE: Pressure, Strain Gauge [psi]
# name 13 = tv290C: Temperature [ITS-90, deg C]
# name 14 = flag:  0.000e+00
# span 0 =     -0.330,     20.546       
# span 1 =     -0.134,      0.234       
# span 2 =     0.8863,     8.8995       
# span 3 =      8.118,    109.422       
# span 4 =      0.711,    130.944       
# span 5 =   0.748878, 106.085546       
# span 6 =    -0.1885,     2.5218       
# span 7 =      6.181,      8.673       
# span 8 =  -220.7248,   296.2574       
# span 9 = 1.2534e-01, 1.3581e+03       
# span 10 =    -0.3088,     9.2357      
# span 11 =     -0.326,     20.149      
# span 12 =     -0.473,     29.224      
# span 13 =    11.4065,    27.6122      
# span 14 = 0.0000e+00, 0.0000e+00      
# interval = seconds: 0.25
# start_time = Sep 12 2018 18:38:28 [Instrument's time stamp, header]
# bad_flag = -9.990e-29
*END*
[from data line 772]
      6.461      0.033     5.3875     58.552    113.699 100.943855     1.9668      7.539   248.2874 2.0395e+01     0.8667      6.335      9.188    19.8261 0.0000e+00
      6.474      0.032     5.3599     58.178    113.718 100.819709     1.8493      7.533   248.5144 2.0247e+01     0.8357      6.350      9.210    19.7296 0.0000e+00
      6.486      0.031     5.3305     57.796    113.573 100.568376     1.7716      7.529   248.5957 2.0142e+01     0.7980      6.363      9.229    19.6031 0.0000e+00
      6.493      0.031     5.3016     57.396    113.275 100.135318     1.7533      7.526   248.7545 2.0106e+01     0.7765      6.369      9.239    19.4733 0.0000e+00
      6.495      0.033     5.2737     56.971    112.944  99.598148     1.7565      7.521   248.9715 2.0091e+01     0.7587      6.370      9.238    19.3691 0.0000e+00
      6.498      0.036     5.2472     56.531    112.948  99.298608     1.7650      7.516   249.1554 2.0021e+01     0.7664      6.369      9.238    19.3218 0.0000e+00
      6.507      0.038     5.2157     56.048    113.226  99.253358     1.7638      7.510   249.4285 1.9842e+01     0.8074      6.378      9.250    19.2798 0.0000e+00
      6.522      0.039     5.1731     55.488    113.518  99.305541     1.7598      7.503   249.6924 1.9582e+01     0.8282      6.396      9.276    19.2066 0.0000e+00
      6.540      0.038     5.1138     54.814    113.663  99.355762     1.7358      7.497   249.8513 1.9373e+01     0.8345      6.416      9.306    19.1003 0.0000e+00
      6.554      0.035     5.0364     53.990    113.571  99.286975     1.6939      7.493   249.8866 1.9294e+01     0.8225      6.430      9.326    18.9493 0.0000e+00
      6.559      0.031     4.9492     53.046    113.467  99.174833     1.6759      7.488   249.8619 1.9295e+01     0.7745      6.434      9.332    18.8122 0.0000e+00
      6.560      0.030     4.8626     52.059    113.505  99.083131     1.6828      7.483   249.9825 1.9303e+01     0.7727      6.433      9.330    18.7136 0.0000e+00
      6.561      0.030     4.7816     51.112    113.621  99.006448     1.7048      7.477   250.1404 1.9238e+01     0.8008      6.431      9.328    18.6820 0.0000e+00
      6.568      0.030     4.7089     50.270    113.793  99.012088     1.7389      7.471   250.3079 1.9062e+01     0.8100      6.437      9.337    18.7157 0.0000e+00
      6.582      0.030     4.6476     49.577    113.978  99.087413     1.7650      7.465   250.5458 1.8869e+01     0.8535      6.455      9.362    18.7195 0.0000e+00
      6.597      0.029     4.5993     49.044    114.028  99.088693     1.7718      7.460   250.7794 1.8758e+01     0.8987      6.473      9.388    18.6523 0.0000e+00
      6.607      0.026     4.5635     48.654    113.903  98.963791     1.7482      7.456   250.9819 1.8739e+01     0.8982      6.483      9.403    18.5554 0.0000e+00
      6.609      0.022     4.5402     48.388    113.747  98.787939     1.7004      7.451   251.1001 1.8775e+01     0.8785      6.483      9.403    18.4906 0.0000e+00
      6.608      0.020     4.5287     48.217    113.757  98.682928     1.6718      7.447   251.2631 1.8782e+01     0.8435      6.479      9.397    18.4583 0.0000e+00
      6.608      0.019     4.5249     48.107    113.980  98.713510     1.6773      7.443   251.4901 1.8712e+01     0.8119      6.478      9.395    18.4388 0.0000e+00
      6.614      0.019     4.5224     48.028    114.189  98.775150     1.6935      7.438   251.6077 1.8592e+01     0.8317      6.484      9.404    18.4409 0.0000e+00
      6.625      0.019     4.5151     47.939    114.237  98.790841     1.7024      7.433   251.6528 1.8475e+01     0.8386      6.498      9.424    18.4345 0.0000e+00
      6.635      0.019     4.5015     47.803    114.196  98.775752     1.7018      7.430   251.6908 1.8426e+01     0.8032      6.510      9.441    18.3814 0.0000e+00
      6.640      0.018     4.4850     47.632    114.121  98.720196     1.6962      7.427   251.7225 1.8452e+01     0.8011      6.514      9.447    18.2903 0.0000e+00
      6.640      0.018     4.4677     47.434    114.054  98.628897     1.6894      7.424   251.8641 1.8483e+01     0.8127      6.512      9.444    18.2263 0.0000e+00
      6.639      0.019     4.4520     47.226    114.092  98.563927     1.6839      7.421   252.0262 1.8488e+01     0.8212      6.509      9.440    18.2298 0.0000e+00
      6.641      0.020     4.4390     47.026    114.269  98.571732     1.6840      7.419   252.1345 1.8427e+01     0.8130      6.511      9.442    18.2471 0.0000e+00
      6.650      0.021     4.4257     46.837    114.432  98.595628     1.6909      7.416   252.3986 1.8289e+01     0.8045      6.520      9.456    18.2535 0.0000e+00
      6.661      0.020     4.4142     46.702    114.471  98.597813     1.6938      7.413   252.6390 1.8170e+01     0.8410      6.534      9.477    18.2449 0.0000e+00
      6.671      0.020     4.4069     46.636    114.441  98.598110     1.6915      7.409   252.7176 1.8136e+01     0.8565      6.545      9.492    18.2012 0.0000e+00
      6.675      0.020     4.4042     46.613    114.428  98.599260     1.6915      7.405   252.8321 1.8164e+01     0.8399      6.549      9.498    18.1222 0.0000e+00
      6.673      0.025     4.4077     46.624    114.515  98.611742     1.6936      7.400   252.9915 1.8198e+01     0.8542      6.545      9.493    18.0587 0.0000e+00
      6.671      0.035     4.4147     46.630    114.715  98.621506     1.6990      7.393   253.1818 1.8173e+01     0.8762      6.540      9.484    18.0522 0.0000e+00
      6.677      0.048     4.4195     46.576    114.971  98.589666     1.7288      7.387   253.3265 1.8031e+01     0.8617      6.543      9.490    18.0773 0.0000e+00
      6.694      0.063     4.4235     46.487    115.286  98.545046     1.7780      7.382   253.4504 1.7785e+01     0.8327      6.562      9.518    18.0913 0.0000e+00
      6.720      0.074     4.4276     46.395    115.646  98.527659     1.8074      7.377   253.6474 1.7515e+01     0.8294      6.589      9.558    18.0685 0.0000e+00
      6.747      0.078     4.4291     46.304    115.928  98.506468     1.8174      7.372   253.8159 1.7263e+01     0.8526      6.617      9.598    17.9949 0.0000e+00
      6.772      0.076     4.4290     46.227    116.110  98.479652     1.8162      7.368   253.9385 1.7056e+01     0.8697      6.644      9.636    17.8817 0.0000e+00
      6.791      0.067     4.4240     46.121    116.238  98.458082     1.8109      7.365   254.0114 1.6926e+01     0.8522      6.662      9.663    17.7400 0.0000e+00
      6.804      0.056     4.4139     45.975    116.331  98.436672     1.8178      7.361   254.0089 1.6846e+01     0.8248      6.672      9.678    17.5812 0.0000e+00
      6.814      0.047     4.4025     45.824    116.395  98.411825     1.8254      7.357   253.9946 1.6772e+01     0.8124      6.682      9.692    17.4683 0.0000e+00
      6.823      0.043     4.3873     45.637    116.331  98.285008     1.8295      7.352   254.0104 1.6703e+01     0.7636      6.692      9.705    17.3977 0.0000e+00
      6.831      0.045     4.3685     45.388    116.209  98.050215     1.8308      7.347   254.0277 1.6626e+01     0.6623      6.700      9.717    17.3427 0.0000e+00
      6.839      0.052     4.3490     45.086    116.281  97.866720     1.8231      7.342   254.2044 1.6521e+01     0.5943      6.707      9.727    17.3027 0.0000e+00
      6.850      0.059     4.3305     44.767    116.561  97.786499     1.8183      7.336   254.5974 1.6366e+01     0.6135      6.715      9.739    17.2663 0.0000e+00
      6.868      0.064     4.3135     44.477    116.896  97.780766     1.8184      7.331   254.9074 1.6133e+01     0.6502      6.733      9.765    17.2482 0.0000e+00
      6.893      0.065     4.2956     44.224    117.122  97.797041     1.8160      7.325   255.1138 1.5877e+01     0.6409      6.761      9.805    17.2055 0.0000e+00
      6.916      0.060     4.2759     43.998    117.187  97.791900     1.8170      7.319   255.3728 1.5680e+01     0.6234      6.785      9.841    17.0900 0.0000e+00
      6.933      0.054     4.2562     43.790    117.193  97.782263     1.8205      7.315   255.6298 1.5572e+01     0.6521      6.802      9.866    16.9383 0.0000e+00
      6.943      0.048     4.2389     43.601    117.106  97.680518     1.8039      7.312   255.8116 1.5543e+01     0.6829      6.811      9.879    16.7996 0.0000e+00
      6.946      0.044     4.2244     43.420    116.930  97.453731     1.7719      7.309   255.9365 1.5505e+01     0.6596      6.812      9.880    16.7251 0.0000e+00
      6.950      0.044     4.2109     43.224    116.890  97.270237     1.7563      7.306   256.0213 1.5381e+01     0.6452      6.814      9.882    16.7163 0.0000e+00
      6.961      0.047     4.1973     43.006    117.025  97.182102     1.7535      7.302   256.0621 1.5210e+01     0.6612      6.824      9.898    16.7176 0.0000e+00
      6.979      0.049     4.1857     42.811    117.227  97.152446     1.7463      7.297   256.1716 1.5044e+01     0.6705      6.844      9.927    16.7094 0.0000e+00
      6.998      0.050     4.1767     42.661    117.425  97.166284     1.7245      7.294   256.3997 1.4905e+01     0.6659      6.864      9.955    16.6796 0.0000e+00
      7.015      0.047     4.1675     42.529    117.536  97.158080     1.7010      7.292   256.5822 1.4791e+01     0.6362      6.881      9.980    16.6131 0.0000e+00
      7.026      0.041     4.1604     42.432    117.565  97.116845     1.6920      7.290   256.6576 1.4702e+01     0.6162      6.892      9.996    16.5175 0.0000e+00
      7.031      0.036     4.1594     42.397    117.487  96.986231     1.6890      7.287   256.7087 1.4653e+01     0.6380      6.896     10.002    16.4237 0.0000e+00
      7.036      0.034     4.1644     42.387    117.441  96.789379     1.6743      7.285   256.7706 1.4618e+01     0.6253      6.898     10.006    16.3626 0.0000e+00
      7.041      0.034     4.1713     42.356    117.671  96.711725     1.6430      7.283   256.8895 1.4564e+01     0.5838      6.903     10.013    16.3224 0.0000e+00
      7.051      0.038     4.1753     42.308    117.919  96.684141     1.6220      7.281   257.1140 1.4464e+01     0.5947      6.913     10.027    16.2950 0.0000e+00
      7.063      0.043     4.1776     42.280    117.886  96.519291     1.6236      7.277   257.3339 1.4331e+01     0.6049      6.927     10.046    16.2868 0.0000e+00
      7.075      0.049     4.1864     42.302    117.766  96.247545     1.6445      7.273   257.4827 1.4215e+01     0.6464      6.939     10.064    16.2315 0.0000e+00
      7.087      0.056     4.2010     42.343    117.815  96.010582     1.6812      7.269   257.6228 1.4100e+01     0.7601      6.951     10.080    16.0803 0.0000e+00
      7.101      0.061     4.2144     42.360    118.038  95.883834     1.7085      7.266   257.8233 1.3989e+01     0.8511      6.962     10.098    15.9659 0.0000e+00
      7.116      0.066     4.2263     42.376    118.262  95.797786     1.7170      7.261   258.0998 1.3870e+01     0.8911      6.976     10.118    15.9452 0.0000e+00
      7.136      0.071     4.2394     42.426    118.444  95.734408     1.7298      7.255   258.2991 1.3715e+01     0.8779      6.997     10.148    15.8829 0.0000e+00
      7.157      0.072     4.2533     42.499    118.684  95.754419     1.7528      7.249   258.3407 1.3542e+01     0.8436      7.019     10.180    15.7451 0.0000e+00
      7.178      0.070     4.2655     42.573    118.876  95.784684     1.7650      7.245   258.3445 1.3375e+01     0.8433      7.038     10.209    15.6041 0.0000e+00
      7.198      0.067     4.2736     42.636    118.856  95.717906     1.7585      7.241   258.4314 1.3248e+01     0.8436      7.060     10.240    15.4887 0.0000e+00
      7.214      0.062     4.2764     42.647    118.742  95.584089     1.7474      7.236   258.6169 1.3166e+01     0.8473      7.077     10.265    15.4054 0.0000e+00
      7.226      0.057     4.2749     42.586    118.792  95.504625     1.7496      7.231   258.8667 1.3097e+01     0.8579      7.086     10.278    15.3326 0.0000e+00
      7.237      0.053     4.2695     42.474    118.998  95.521518     1.7578      7.227   259.1288 1.3016e+01     0.8499      7.095     10.290    15.2664 0.0000e+00
      7.251      0.049     4.2589     42.337    119.114  95.533288     1.7643      7.224   259.2904 1.2905e+01     0.8714      7.111     10.313    15.2598 0.0000e+00
      7.266      0.047     4.2434     42.181    119.025  95.455704     1.7550      7.222   259.3582 1.2803e+01     0.8744      7.128     10.338    15.2644 0.0000e+00
      7.278      0.047     4.2268     42.014    118.897  95.348004     1.7183      7.219   259.4313 1.2731e+01     0.8252      7.138     10.353    15.2008 0.0000e+00
      7.287      0.048     4.2136     41.862    118.844  95.250490     1.6976      7.216   259.5733 1.2664e+01     0.8260      7.146     10.364    15.1172 0.0000e+00
      7.297      0.049     4.2047     41.736    118.869  95.168558     1.6973      7.212   259.7848 1.2586e+01     0.8529      7.155     10.378    15.0832 0.0000e+00
      7.309      0.052     4.2013     41.650    118.979  95.121782     1.6786      7.209   260.0087 1.2483e+01     0.8464      7.167     10.394    15.0974 0.0000e+00
      7.324      0.055     4.2043     41.622    119.106  95.067025     1.6452      7.207   260.2148 1.2363e+01     0.8379      7.182     10.416    15.1031 0.0000e+00
      7.340      0.059     4.2116     41.643    119.131  94.952280     1.6242      7.205   260.2981 1.2250e+01     0.8414      7.198     10.440    15.0763 0.0000e+00
      7.357      0.062     4.2199     41.684    119.016  94.753622     1.6186      7.202   260.4140 1.2163e+01     0.8580      7.215     10.464    15.0315 0.0000e+00
      7.372      0.064     4.2278     41.705    118.981  94.576233     1.6133      7.198   260.6693 1.2079e+01     0.8555      7.229     10.486    14.9760 0.0000e+00
      7.387      0.065     4.2361     41.709    119.181  94.527468     1.5976      7.193   260.8898 1.1949e+01     0.8118      7.243     10.505    14.9015 0.0000e+00
      7.403      0.064     4.2468     41.737    119.461  94.546024     1.5763      7.188   261.0149 1.1798e+01     0.7878      7.259     10.529    14.8372 0.0000e+00
      7.422      0.059     4.2615     41.830    119.634  94.545504     1.5672      7.184   261.0641 1.1685e+01     0.8085      7.279     10.557    14.8149 0.0000e+00
      7.441      0.052     4.2797     41.990    119.664  94.521011     1.5689      7.180   261.1410 1.1588e+01     0.8182      7.298     10.585    14.7522 0.0000e+00
      7.456      0.044     4.3008     42.195    119.645  94.504669     1.5975      7.177   261.2563 1.1496e+01     0.8141      7.313     10.607    14.6520 0.0000e+00
      7.466      0.036     4.3281     42.468    119.593  94.475341     1.6556      7.174   261.3390 1.1453e+01     0.8198      7.323     10.621    14.5592 0.0000e+00
      7.470      0.030     4.3614     42.799    119.514  94.421258     1.6931      7.172   261.3668 1.1449e+01     0.8265      7.326     10.625    14.4925 0.0000e+00
      7.470      0.028     4.3949     43.116    119.469  94.360448     1.6919      7.170   261.5060 1.1431e+01     0.8337      7.324     10.623    14.4866 0.0000e+00
      7.473      0.030     4.4241     43.374    119.501  94.313428     1.6502      7.167   261.8170 1.1376e+01     0.8156      7.327     10.627    14.4888 0.0000e+00
      7.482      0.034     4.4458     43.551    119.596  94.298615     1.5932      7.164   262.0307 1.1297e+01     0.7904      7.338     10.641    14.4941 0.0000e+00
      7.496      0.039     4.4589     43.656    119.687  94.308655     1.5726      7.161   262.0248 1.1198e+01     0.8044      7.351     10.661    14.5051 0.0000e+00
      7.510      0.043     4.4659     43.714    119.713  94.307330     1.5757      7.158   262.0041 1.1111e+01     0.8321      7.365     10.681    14.4955 0.0000e+00
