Data/DataNotYetUploadedToEDI/Raw_CTD/RawDownloads/091218_fcr50.cnv
* Sea-Bird SBE19plus  Data File:
* FileName = C:\DATA\SBE19plus_01907809_2018_09_12_0002.hex
* Software version 2.6.3.104 SB_Terminal.dll
* Temperature SN = 7809
* Conductivity SN = 7809
* System UpLoad Time = Sep 12 2018 18:48:09
* <ApplicationData>
* <Seaterm232>
# nquan = 15
# nvalues = 1113                        
# units = specified
# name 0 = depFM: Depth [fresh water, m]
# name 1 = dz/dtM: Descent Rate [m/s]
# name 2 = sbeox0Mg/L: Oxygen, SBE 43 [mg/l]
# name 3 = sbeox0PS: Oxygen, SBE 43 [% saturation]
# name 4 = specc: Specific Conductance [uS/cm]
# name 5 = c0uS/cm: Conductivity [uS/cm]
# name 6 = flECO-AFL: Fluorescence, WET Labs ECO-AFL/FL [mg/m^3]
# name 7 = ph: pH
# name 8 = orp: Oxidation Reduction Potential [mV]
# name 9 = par/sat/log: PAR/Logarithmic, Satlantic
# name 10 = turbWETntu0: Turbidity, WET Labs ECO [NTU]
# name 11 = prdM: Pressure, Strain Gauge [db]
# name 12 = prdE: Pressure, Strain Gauge [psi]
# name 13 = tv290C: Temperature [ITS-90, deg C]
# name 14 = flag:  0.000e+00
# span 0 =     -0.518,      9.768       
# span 1 =     -0.088,      0.226       
# span 2 =     0.0489,     9.7977       
# span 3 =      0.461,    116.876       
# span 4 =      1.592,    315.886       
# span 5 =   1.631462, 237.905131       
# span 6 =    -0.3763,    25.8855       
# span 7 =      6.177,      8.423       
# span 8 = -1240.7455,   255.6133       
# span 9 = 1.2537e-01, 1.4900e+03       
# span 10 =    -0.4941,    13.6893      
# span 11 =     -0.508,      9.580      
# span 12 =     -0.737,     13.894      
# span 13 =    12.1317,    26.2915      
# span 14 = 0.0000e+00, 0.0000e+00      
# interval = seconds: 0.25
# start_time = Sep 12 2018 20:26:48 [Instrument's time stamp, header]
# bad_flag = -9.990e-29
*END*
[from data line 772]
      6.039      0.050     0.0695      0.648     65.100  48.572180     0.7170      6.252   100.7619 3.8849e-01    12.3736      5.923      8.590    12.3074 0.0000e+00
      6.050      0.052     0.0678      0.633     65.094  48.559461     0.6975      6.250   100.9119 3.6877e-01    12.3795      5.931      8.603    12.3040 0.0000e+00
      6.064      0.050     0.0665      0.622     65.099  48.558313     0.6869      6.249   101.1150 3.4261e-01    12.4005      5.945      8.623    12.3082 0.0000e+00
      6.081      0.046     0.0664      0.620     65.103  48.558303     0.6904      6.248   101.2387 3.3349e-01    12.4142      5.964      8.651    12.3100 0.0000e+00
      6.096      0.043     0.0674      0.630     65.105  48.559332     0.6937      6.247   101.1168 3.3682e-01    12.4229      5.981      8.674    12.3032 0.0000e+00
      6.105      0.038     0.0684      0.639     65.118  48.570751     0.6990      6.247   101.0178 3.4078e-01    12.4751      5.987      8.684    12.2958 0.0000e+00
      6.110      0.032     0.0685      0.640     65.110  48.569243     0.7178      6.247   101.1605 3.4524e-01    12.5581      5.991      8.690    12.2919 0.0000e+00
      6.116      0.026     0.0678      0.633     65.065  48.541103     0.7280      6.246   101.2935 3.3789e-01    12.6026      5.998      8.700    12.2898 0.0000e+00
      6.123      0.024     0.0655      0.612     64.985  48.484786     0.7204      6.245   101.2492 3.2204e-01    12.6160      6.003      8.709    12.2894 0.0000e+00
      6.128      0.026     0.0644      0.602     64.868  48.396838     0.7175      6.243   101.1413 3.1576e-01    12.6279      6.010      8.717    12.2905 0.0000e+00
      6.133      0.029     0.0654      0.611     64.835  48.367633     0.7118      6.243   101.1934 3.1615e-01    12.6852      6.015      8.724    12.2940 0.0000e+00
      6.139      0.032     0.0650      0.607     64.864  48.385913     0.6973      6.242   101.3635 3.1127e-01    12.7602      6.017      8.728    12.2994 0.0000e+00
      6.149      0.034     0.0645      0.602     64.833  48.363611     0.6893      6.240   101.5632 2.9746e-01    12.7718      6.028      8.743    12.3025 0.0000e+00
      6.162      0.038     0.0664      0.620     64.819  48.352233     0.6802      6.238   101.8871 2.8294e-01    12.7946      6.045      8.768    12.3033 0.0000e+00
      6.172      0.045     0.0701      0.655     64.859  48.375469     0.6696      6.233   102.3532 2.7886e-01    12.9137      6.053      8.779    12.2969 0.0000e+00
      6.180      0.055     0.0723      0.675     64.886  48.390287     0.6719      6.228   102.8113 2.8514e-01    13.0215      6.060      8.788    12.2926 0.0000e+00
      6.190      0.062     0.0714      0.667     64.911  48.404260     0.6796      6.224   103.0379 2.9279e-01    13.0301      6.069      8.802    12.2980 0.0000e+00
      6.205      0.065     0.0694      0.648     64.932  48.417283     0.6800      6.222   103.0280 2.8981e-01    13.0180      6.079      8.817    12.2962 0.0000e+00
      6.232      0.066     0.0679      0.633     64.936  48.420627     0.6770      6.221   102.9502 2.7721e-01    12.9975      6.109      8.860    12.2890 0.0000e+00
      6.261      0.064     0.0678      0.633     64.966  48.444688     0.6804      6.221   103.0439 2.6436e-01    12.9338      6.147      8.915    12.2846 0.0000e+00
      6.276      0.059     0.0675      0.630     64.976  48.453944     0.6831      6.221   103.3002 2.5192e-01    12.8891      6.159      8.933    12.2815 0.0000e+00
      6.282      0.049     0.0660      0.617     64.908  48.405404     0.6824      6.222   103.4679 2.4589e-01    12.8834      6.158      8.931    12.2797 0.0000e+00
      6.289      0.039     0.0657      0.613     64.851  48.366320     0.6814      6.223   103.5231 2.4489e-01    12.8659      6.167      8.944    12.2802 0.0000e+00
      6.299      0.031     0.0668      0.623     64.844  48.362767     0.6811      6.224   103.5368 2.4747e-01    12.8601      6.178      8.960    12.2823 0.0000e+00
      6.307      0.030     0.0685      0.639     64.846  48.362451     0.6881      6.224   103.4623 2.4733e-01    12.9054      6.187      8.972    12.2832 0.0000e+00
      6.313      0.032     0.0684      0.639     64.848  48.362501     0.6924      6.225   103.4817 2.3491e-01    12.9251      6.191      8.979    12.2843 0.0000e+00
      6.319      0.032     0.0652      0.609     64.847  48.363368     0.6866      6.226   103.6854 2.3031e-01    12.8846      6.195      8.985    12.2881 0.0000e+00
      6.329      0.031     0.0621      0.580     64.854  48.372929     0.6822      6.226   103.8611 2.3147e-01    12.8429      6.206      9.000    12.2903 0.0000e+00
      6.339      0.031     0.0621      0.580     64.820  48.350986     0.6847      6.226   103.9707 2.2132e-01    12.8166      6.218      9.019    12.2877 0.0000e+00
      6.348      0.032     0.0634      0.592     64.735  48.288749     0.6797      6.226   103.8064 2.1018e-01    12.8121      6.227      9.032    12.2847 0.0000e+00
      6.354      0.032     0.0631      0.589     64.694  48.256074     0.6677      6.226   103.5089 2.1393e-01    12.8189      6.231      9.038    12.2868 0.0000e+00
      6.360      0.031     0.0628      0.586     64.722  48.273734     0.6695      6.225   103.6433 2.2293e-01    12.8069      6.235      9.044    12.2918 0.0000e+00
      6.368      0.029     0.0638      0.596     64.769  48.311572     0.6826      6.225   103.9684 2.1969e-01    12.7897      6.244      9.056    12.2936 0.0000e+00
      6.378      0.027     0.0645      0.603     64.782  48.332191     0.6887      6.225   103.6545 2.1564e-01    12.7933      6.256      9.072    12.2946 0.0000e+00
      6.387      0.027     0.0644      0.602     64.763  48.332358     0.6789      6.226   102.8592 2.1212e-01    12.8207      6.266      9.088    12.2934 0.0000e+00
      6.391      0.026     0.0664      0.621     64.726  48.313607     0.6739      6.226   102.5265 1.9733e-01    12.8454      6.268      9.091    12.2885 0.0000e+00
      6.395      0.025     0.0693      0.647     64.701  48.296182     0.6830      6.226   102.8160 1.8579e-01    12.8475      6.270      9.093    12.2893 0.0000e+00
      6.402      0.023     0.0697      0.650     64.725  48.312357     0.6791      6.225   103.3479 1.8098e-01    12.8155      6.278      9.105    12.2994 0.0000e+00
      6.410      0.022     0.0688      0.643     64.735  48.318489     0.6637      6.225   103.4508 1.7008e-01    12.7951      6.286      9.117    12.3134 0.0000e+00
      6.417      0.022     0.0673      0.630     64.724  48.306759     0.6627      6.225   103.0280 1.6565e-01    12.8149      6.292      9.126    12.3223 0.0000e+00
      6.422      0.021     0.0666      0.624     64.718  48.297649     0.6748      6.225   102.8813 1.7359e-01    12.8405      6.298      9.134    12.3201 0.0000e+00
      6.426      0.018     0.0681      0.636     64.689  48.271904     0.6818      6.225   103.0536 1.8644e-01    12.8614      6.302      9.139    12.3173 0.0000e+00
      6.429      0.017     0.0686      0.640     64.663  48.249729     0.6831      6.225   103.2188 1.9584e-01    12.8529      6.304      9.144    12.3177 0.0000e+00
      6.433      0.017     0.0664      0.620     64.626  48.220217     0.6912      6.225   103.2436 1.9137e-01    12.8297      6.309      9.150    12.3150 0.0000e+00
      6.437      0.018     0.0650      0.607     64.557  48.169332     0.7061      6.224   103.0101 1.8334e-01    12.8248      6.314      9.157    12.3108 0.0000e+00
      6.441      0.020     0.0661      0.617     64.519  48.142987     0.7254      6.224   102.8903 1.7998e-01    12.8543      6.316      9.160    12.3073 0.0000e+00
      6.446      0.021     0.0661      0.617     64.531  48.155946     0.7406      6.225   102.9134 1.8136e-01    12.9127      6.320      9.167    12.3052 0.0000e+00
      6.454      0.022     0.0644      0.602     64.581  48.198898     0.7332      6.225   103.2037 1.8616e-01    12.9199      6.329      9.181    12.3043 0.0000e+00
      6.460      0.024     0.0636      0.595     64.597  48.217368     0.7095      6.225   103.9044 1.8562e-01    12.8494      6.336      9.189    12.3037 0.0000e+00
      6.465      0.027     0.0630      0.589     64.553  48.188585     0.6931      6.224   104.2443 1.7267e-01    12.7933      6.340      9.195    12.3061 0.0000e+00
      6.470      0.030     0.0620      0.580     64.533  48.168705     0.6920      6.223   104.0437 1.5279e-01    12.7913      6.346      9.204    12.3092 0.0000e+00
      6.476      0.032     0.0620      0.580     64.548  48.167693     0.6955      6.221   103.8027 1.4569e-01    12.7938      6.350      9.210    12.3135 0.0000e+00
      6.485      0.034     0.0631      0.591     64.573  48.176335     0.6890      6.221   104.2561 1.6108e-01    12.7937      6.359      9.221    12.3195 0.0000e+00
      6.499      0.037     0.0643      0.601     64.539  48.146053     0.6779      6.221   105.2232 1.8155e-01    12.7904      6.375      9.245    12.3245 0.0000e+00
      6.511      0.039     0.0650      0.608     64.424  48.055813     0.6711      6.221   105.5151 1.8180e-01    12.7836      6.387      9.264    12.3217 0.0000e+00
      6.519      0.040     0.0661      0.618     64.324  47.975124     0.6720      6.220   105.2899 1.6391e-01    12.8035      6.392      9.271    12.3076 0.0000e+00
      6.527      0.039     0.0675      0.631     64.279  47.933205     0.6881      6.219   105.3394 1.5853e-01    12.8780      6.399      9.281    12.2986 0.0000e+00
      6.538      0.038     0.0683      0.637     64.288  47.930343     0.7106      6.218   105.6835 1.6053e-01    12.9830      6.412      9.300    12.2968 0.0000e+00
      6.549      0.038     0.0687      0.641     64.312  47.940505     0.7234      6.219   106.0091 1.4974e-01    13.0350      6.424      9.317    12.2936 0.0000e+00
      6.559      0.039     0.0698      0.652     64.302  47.928936     0.7237      6.219   106.1789 1.4255e-01    13.0500      6.432      9.330    12.2893 0.0000e+00
      6.569      0.039     0.0707      0.660     64.290  47.917589     0.7326      6.219   106.1881 1.4379e-01    13.1026      6.442      9.344    12.2825 0.0000e+00
      6.578      0.038     0.0702      0.655     64.310  47.930435     0.7662      6.218   105.8620 1.5074e-01    13.1833      6.451      9.357    12.2746 0.0000e+00
      6.587      0.037     0.0687      0.641     64.348  47.957132     0.7901      6.218   105.4197 1.5031e-01    13.2313      6.459      9.368    12.2683 0.0000e+00
      6.597      0.037     0.0665      0.620     64.388  47.986121     0.7825      6.218   105.3997 1.3569e-01    13.2257      6.469      9.382    12.2652 0.0000e+00
      6.608      0.036     0.0650      0.606     64.443  48.026685     0.7472      6.218   105.6211 1.2884e-01    13.1152      6.480      9.399    12.2634 0.0000e+00
      6.618      0.036     0.0650      0.606     64.496  48.066208     0.7032      6.218   105.6869 1.3007e-01    12.9330      6.491      9.414    12.2618 0.0000e+00
      6.626      0.036     0.0651      0.608     64.518  48.082599     0.6826      6.217   105.5928 1.2910e-01    12.8540      6.498      9.424    12.2606 0.0000e+00
      6.633      0.037     0.0646      0.604     64.537  48.097749     0.6825      6.216   105.5166 1.2848e-01    12.8618      6.504      9.434    12.2598 0.0000e+00
      6.643      0.041     0.0631      0.589     64.568  48.122258     0.7108      6.211   105.6253 1.3142e-01    12.9354      6.514      9.448    12.2595 0.0000e+00
      6.651      0.045     0.0632      0.591     64.570  48.124677     0.7578      6.206   105.8749 1.3372e-01    13.1029      6.523      9.460    12.2602 0.0000e+00
      6.660      0.048     0.0640      0.598     64.572  48.127001     0.7822      6.202   106.0399 1.3000e-01    13.2085      6.528      9.468    12.2600 0.0000e+00
      6.677      0.050     0.0628      0.587     64.601  48.150354     0.7852      6.200   105.9849 1.2624e-01    13.2356      6.546      9.494    12.2606 0.0000e+00
      6.696      0.051     0.0623      0.582     64.602  48.152792     0.7667      6.199   105.8992 1.2570e-01    13.2174      6.570      9.530    12.2625 0.0000e+00
      6.709      0.051     0.0638      0.596     64.603  48.156476     0.7332      6.198   105.9502 1.2550e-01    13.1109      6.581      9.545    12.2627 0.0000e+00
      6.719      0.050     0.0653      0.610     64.648  48.194899     0.7205      6.198   106.1708 1.2551e-01    13.0163      6.586      9.553    12.2630 0.0000e+00
      6.730      0.047     0.0651      0.609     64.693  48.235990     0.7240      6.199   106.4157 1.2548e-01    12.9888      6.599      9.572    12.2642 0.0000e+00
      6.742      0.046     0.0653      0.610     64.736  48.271923     0.7199      6.199   106.4157 1.2547e-01    12.9922      6.613      9.591    12.2663 0.0000e+00
      6.753      0.047     0.0655      0.612     64.790  48.311540     0.7084      6.198   106.2568 1.2550e-01    13.1181      6.622      9.604    12.2665 0.0000e+00
      6.765      0.049     0.0634      0.592     64.827  48.333615     0.6948      6.197   106.3006 1.2554e-01    13.3516      6.634      9.622    12.2717 0.0000e+00
      6.778      0.050     0.0614      0.573     64.859  48.348127     0.6838      6.196   106.5160 1.2554e-01    13.4653      6.647      9.642    12.2795 0.0000e+00
      6.791      0.049     0.0619      0.577     64.885  48.359858     0.6765      6.196   106.6243 1.2551e-01    13.4557      6.657      9.657    12.2814 0.0000e+00
      6.805      0.045     0.0627      0.585     64.876  48.348317     0.6615      6.195   106.6634 1.2551e-01    13.4482      6.674      9.680    12.2817 0.0000e+00
      6.820      0.039     0.0624      0.583     64.861  48.335710     0.6403      6.195   106.7305 1.2553e-01    13.4670      6.690      9.703    12.2770 0.0000e+00
      6.830      0.032     0.0632      0.590     64.859  48.334565     0.6313      6.195   106.8327 1.2556e-01    13.4999      6.699      9.716    12.2681 0.0000e+00
      6.837      0.024     0.0640      0.597     64.857  48.334460     0.6262      6.195   106.7807 1.2552e-01    13.5096      6.705      9.725    12.2620 0.0000e+00
      6.840      0.015     0.0638      0.595     64.854  48.334451     0.6160      6.195   106.6192 1.2550e-01    13.4930      6.707      9.728    12.2590 0.0000e+00
      6.840      0.009     0.0660      0.616     64.853  48.334460     0.6093      6.196   106.6005 1.2550e-01    13.4829      6.707      9.728    12.2579 0.0000e+00
      6.841      0.007     0.0679      0.634     64.853  48.334575     0.6090      6.196   106.6407 1.2544e-01    13.4787      6.709      9.730    12.2577 0.0000e+00
      6.842      0.011     0.0667      0.622     64.854  48.335836     0.6121      6.196   106.8472 1.2538e-01    13.4725      6.710      9.732    12.2586 0.0000e+00
      6.842      0.020     0.0647      0.604     64.872  48.349705     0.6285      6.195   107.0312 1.2562e-01    13.4687      6.710      9.732    12.2609 0.0000e+00
      6.844      0.031     0.0640      0.597     64.908  48.375132     0.6604      6.192   106.8870 1.2589e-01    13.4634      6.710      9.732    12.2623 0.0000e+00
      6.850      0.042     0.0636      0.594     64.931  48.389012     0.6767      6.191   106.8246 1.2575e-01    13.4699      6.713      9.736    12.2618 0.0000e+00
      6.866      0.052     0.0621      0.580     64.936  48.390388     0.6774      6.191   106.9652 1.2559e-01    13.4865      6.730      9.762    12.2622 0.0000e+00
      6.889      0.061     0.0606      0.566     64.939  48.391775     0.6688      6.189   107.0380 1.2559e-01    13.4800      6.757      9.802    12.2636 0.0000e+00
      6.909      0.067     0.0599      0.559     64.959  48.405778     0.6379      6.187   107.0169 1.2554e-01    13.4528      6.778      9.831    12.2624 0.0000e+00
