Data/DataNotYetUploadedToEDI/Raw_CTD/RawDownloads/091218_ccr50.cnv
* Sea-Bird SBE19plus  Data File:
* FileName = C:\DATA\SBE19plus_01907809_2018_09_12_0001.hex
* Software version 2.6.3.104 SB_Terminal.dll
* Temperature SN = 7809
* Conductivity SN = 7809
* System UpLoad Time = Sep 12 2018 18:47:37
* <ApplicationData>
* <Seaterm232>
# nquan = 15
# nvalues = 1879                        
# units = specified
# name 0 = depFM: Depth [fresh water, m]
# name 1 = dz/dtM: Descent Rate [m/s]
# name 2 = sbeox0Mg/L: Oxygen, SBE 43 [mg/l]
# name 3 = sbeox0PS: Oxygen, SBE 43 [% saturation]
# name 4 = specc: Specific Conductance [uS/cm]
# name 5 = c0uS/cm: Conductivity [uS/cm]
# name 6 = flECO-AFL: Fluorescence, WET Labs ECO-AFL/FL [mg/m^3]
# name 7 = ph: pH
# name 8 = orp: Oxidation Reduction Potential [mV]
# name 9 = par/sat/log: PAR/Logarithmic, Satlantic
# name 10 = turbWETntu0: Turbidity, WET Labs ECO [NTU]
# name 11 = prdM: Pressure, Strain Gauge [db]
# name 12 = prdE: Pressure, Strain Gauge [psi]
# name 13 = tv290C: Temperature [ITS-90, deg C]
# name 14 = flag:  0.000e+00
# span 0 =     -0.330,     20.546       
# span 1 =     -0.134,      0.234       
# span 2 =     0.8863,     8.8995       
# span 3 =      8.118,    109.422       
# span 4 =      0.711,    130.944       
# span 5 =   0.748878, 106.085546       
# span 6 =    -0.1885,     2.5218       
# span 7 =      6.181,      8.673       
# span 8 =  -220.7248,   296.2574       
# span 9 = 1.2534e-01, 1.3581e+03       
# span 10 =    -0.3088,     9.2357      
# span 11 =     -0.326,     20.149      
# span 12 =     -0.473,     29.224      
# span 13 =    11.4065,    27.6122      
# span 14 = 0.0000e+00, 0.0000e+00      
# interval = seconds: 0.25
# start_time = Sep 12 2018 18:38:28 [Instrument's time stamp, header]
# bad_flag = -9.990e-29
*END*
[from data line 1254]
     11.730      0.039     4.3261     40.109    122.363  90.429397     0.5635      6.764   285.1300 1.6200e-01     1.8418     11.501     16.681    11.9326 0.0000e+00
     11.739      0.044     4.3326     40.164    122.340  90.398343     0.5496      6.762   285.1626 1.7739e-01     1.8536     11.508     16.691    11.9366 0.0000e+00
     11.756      0.047     4.3359     40.189    122.377  90.410275     0.5322      6.762   285.1574 1.7065e-01     1.8651     11.526     16.717    11.9460 0.0000e+00
     11.777      0.047     4.3339     40.169    122.429  90.446259     0.5277      6.762   285.1531 1.4490e-01     1.8882     11.551     16.753    11.9515 0.0000e+00
     11.794      0.045     4.3306     40.145    122.416  90.451233     0.5411      6.762   285.1966 1.4127e-01     1.9200     11.570     16.780    11.9509 0.0000e+00
     11.804      0.040     4.3261     40.110    122.329  90.406743     0.5468      6.763   285.2536 1.5814e-01     1.9140     11.578     16.792    11.9430 0.0000e+00
     11.806      0.037     4.3218     40.072    122.247  90.354225     0.5414      6.763   285.2393 1.6080e-01     1.9065     11.578     16.793    11.9343 0.0000e+00
     11.808      0.037     4.3215     40.067    122.222  90.325829     0.5402      6.762   285.2821 1.4786e-01     1.9224     11.578     16.792    11.9323 0.0000e+00
     11.815      0.042     4.3239     40.082    122.238  90.318181     0.5416      6.760   285.4274 1.3555e-01     1.9534     11.584     16.801    11.9401 0.0000e+00
     11.827      0.048     4.3270     40.103    122.273  90.325424     0.5401      6.760   285.5336 1.4033e-01     1.9754     11.598     16.821    11.9516 0.0000e+00
     11.846      0.053     4.3286     40.113    122.322  90.349686     0.5402      6.759   285.6199 1.5535e-01     1.9444     11.616     16.848    11.9551 0.0000e+00
     11.866      0.054     4.3282     40.107    122.340  90.356730     0.5428      6.759   285.6963 1.5566e-01     1.9134     11.638     16.880    11.9503 0.0000e+00
     11.883      0.052     4.3257     40.083    122.332  90.346890     0.5447      6.759   285.7692 1.5252e-01     1.9372     11.655     16.906    11.9410 0.0000e+00
     11.893      0.048     4.3204     40.033    122.348  90.358099     0.5444      6.759   285.8130 1.5004e-01     1.9571     11.664     16.918    11.9317 0.0000e+00
     11.899      0.045     4.3122     39.959    122.350  90.364863     0.5395      6.759   285.7957 1.3919e-01     1.9706     11.669     16.924    11.9272 0.0000e+00
     11.907      0.044     4.3046     39.890    122.343  90.364980     0.5406      6.759   285.8174 1.4058e-01     2.0101     11.676     16.935    11.9257 0.0000e+00
     11.918      0.046     4.3021     39.866    122.337  90.359515     0.5481      6.759   285.9032 1.4669e-01     2.0677     11.687     16.950    11.9236 0.0000e+00
     11.932      0.049     4.3031     39.875    122.348  90.362488     0.5480      6.759   285.9730 1.3989e-01     2.1181     11.701     16.970    11.9230 0.0000e+00
     11.947      0.050     4.3016     39.859    122.407  90.400918     0.5476      6.759   285.8876 1.3689e-01     2.1307     11.718     16.995    11.9260 0.0000e+00
     11.962      0.050     4.2991     39.835    122.466  90.441983     0.5533      6.759   285.8169 1.3655e-01     2.1285     11.733     17.017    11.9293 0.0000e+00
     11.975      0.048     4.3015     39.856    122.514  90.476808     0.5527      6.759   285.9780 1.3618e-01     2.1225     11.744     17.034    11.9284 0.0000e+00
     11.987      0.043     4.3035     39.875    122.551  90.503502     0.5398      6.759   286.1153 1.3810e-01     2.1191     11.755     17.049    11.9254 0.0000e+00
     11.997      0.038     4.3001     39.843    122.565  90.509955     0.5261      6.759   286.1002 1.3225e-01     2.1178     11.766     17.066    11.9232 0.0000e+00
     12.006      0.035     4.2956     39.799    122.548  90.491126     0.5249      6.758   286.0532 1.2620e-01     2.1066     11.775     17.078    11.9220 0.0000e+00
     12.013      0.035     4.2921     39.764    122.522  90.466933     0.5347      6.757   286.0633 1.2600e-01     2.1058     11.782     17.088    11.9223 0.0000e+00
     12.019      0.037     4.2875     39.721    122.532  90.472214     0.5434      6.757   286.1363 1.3007e-01     2.1076     11.786     17.094    11.9224 0.0000e+00
     12.027      0.038     4.2846     39.692    122.561  90.491271     0.5465      6.758   286.1617 1.4402e-01     2.0978     11.793     17.104    11.9207 0.0000e+00
     12.038      0.037     4.2846     39.692    122.583  90.506259     0.5456      6.758   286.1984 1.5838e-01     2.0788     11.805     17.121    11.9178 0.0000e+00
     12.053      0.035     4.2870     39.716    122.606  90.526039     0.5418      6.757   286.3219 1.5294e-01     2.0923     11.820     17.143    11.9155 0.0000e+00
     12.066      0.031     4.2926     39.772    122.612  90.539351     0.5472      6.757   286.3647 1.3793e-01     2.1388     11.834     17.164    11.9148 0.0000e+00
     12.074      0.027     4.2975     39.821    122.597  90.539831     0.5556      6.757   286.2857 1.3217e-01     2.1533     11.843     17.176    11.9139 0.0000e+00
     12.075      0.026     4.2994     39.840    122.577  90.531849     0.5512      6.756   286.2267 1.3316e-01     2.1451     11.842     17.175    11.9130 0.0000e+00
     12.074      0.027     4.2998     39.843    122.543  90.506542     0.5486      6.756   286.2535 1.3447e-01     2.1317     11.840     17.172    11.9137 0.0000e+00
     12.079      0.032     4.2998     39.842    122.527  90.488635     0.5519      6.756   286.3514 1.3262e-01     2.1128     11.843     17.176    11.9178 0.0000e+00
     12.089      0.038     4.3008     39.847    122.564  90.506426     0.5540      6.756   286.4638 1.3689e-01     2.0993     11.854     17.193    11.9240 0.0000e+00
     12.104      0.044     4.3005     39.841    122.610  90.530538     0.5564      6.755   286.5799 1.4168e-01     2.0903     11.870     17.215    11.9264 0.0000e+00
     12.120      0.046     4.2965     39.801    122.612  90.525376     0.5530      6.755   286.7230 1.3601e-01     2.0959     11.885     17.238    11.9262 0.0000e+00
     12.135      0.046     4.2925     39.764    122.592  90.507703     0.5500      6.754   286.8178 1.3767e-01     2.1069     11.902     17.263    11.9242 0.0000e+00
     12.146      0.043     4.2900     39.739    122.594  90.507933     0.5477      6.753   286.8654 1.4477e-01     2.1000     11.914     17.280    11.9189 0.0000e+00
     12.153      0.041     4.2855     39.698    122.623  90.528154     0.5427      6.753   286.9540 1.4748e-01     2.0737     11.918     17.287    11.9147 0.0000e+00
     12.160      0.041     4.2809     39.655    122.669  90.561104     0.5450      6.753   287.0288 1.6634e-01     2.0637     11.924     17.294    11.9123 0.0000e+00
     12.169      0.042     4.2768     39.616    122.707  90.587849     0.5475      6.753   286.9961 1.8884e-01     2.0711     11.933     17.307    11.9110 0.0000e+00
     12.181      0.045     4.2728     39.579    122.721  90.596732     0.5459      6.754   286.9022 1.8595e-01     2.0713     11.946     17.326    11.9107 0.0000e+00
     12.196      0.049     4.2698     39.550    122.732  90.604805     0.5448      6.754   286.9270 1.7355e-01     2.0964     11.960     17.347    11.9104 0.0000e+00
     12.210      0.051     4.2670     39.524    122.756  90.621763     0.5428      6.753   287.0374 1.6220e-01     2.0998     11.974     17.366    11.9099 0.0000e+00
     12.223      0.052     4.2660     39.516    122.828  90.674369     0.5400      6.751   287.0329 1.5518e-01     2.0521     11.986     17.384    11.9092 0.0000e+00
     12.236      0.052     4.2685     39.538    122.992  90.794984     0.5384      6.751   286.9581 1.5141e-01     2.0389     11.999     17.404    11.9089 0.0000e+00
     12.249      0.053     4.2726     39.577    123.180  90.933534     0.5599      6.751   286.9075 1.4349e-01     2.0924     12.012     17.422    11.9087 0.0000e+00
     12.261      0.054     4.2781     39.628    123.287  91.011909     0.5980      6.751   286.9372 1.5124e-01     2.1490     12.025     17.439    11.9082 0.0000e+00
     12.274      0.054     4.2850     39.691    123.327  91.041925     0.6135      6.750   287.0594 1.6317e-01     2.1438     12.036     17.458    11.9081 0.0000e+00
     12.289      0.053     4.2946     39.779    123.327  91.041657     0.6092      6.750   287.1807 1.5407e-01     2.1211     12.050     17.477    11.9082 0.0000e+00
     12.305      0.052     4.3106     39.928    123.282  91.008671     0.6014      6.749   287.2844 1.4835e-01     2.1185     12.067     17.503    11.9079 0.0000e+00
     12.320      0.050     4.3365     40.169    123.304  91.025287     0.5839      6.748   287.3667 1.5424e-01     2.1130     12.084     17.527    11.9078 0.0000e+00
     12.332      0.049     4.3724     40.501    123.425  91.115159     0.5625      6.748   287.4016 1.5799e-01     2.1149     12.095     17.542    11.9078 0.0000e+00
     12.341      0.048     4.4128     40.875    123.545  91.203519     0.5543      6.748   287.4487 1.5744e-01     2.1420     12.102     17.552    11.9079 0.0000e+00
     12.351      0.047     4.4520     41.238    123.629  91.265560     0.5574      6.747   287.5062 1.4552e-01     2.1660     12.111     17.565    11.9081 0.0000e+00
     12.363      0.046     4.4908     41.598    123.665  91.292005     0.5726      6.746   287.4936 1.3198e-01     2.1911     12.124     17.584    11.9081 0.0000e+00
     12.378      0.045     4.5271     41.934    123.634  91.268462     0.6009      6.746   287.4681 1.2843e-01     2.2322     12.139     17.606    11.9080 0.0000e+00
     12.392      0.043     4.5606     42.244    123.590  91.235702     0.6233      6.746   287.4569 1.3123e-01     2.2360     12.154     17.628    11.9083 0.0000e+00
     12.403      0.038     4.5921     42.536    123.561  91.214395     0.6231      6.746   287.5295 1.4486e-01     2.2057     12.165     17.643    11.9085 0.0000e+00
     12.412      0.032     4.6206     42.799    123.543  91.201942     0.5886      6.746   287.7442 1.5291e-01     2.1722     12.172     17.654    11.9082 0.0000e+00
     12.418      0.026     4.6483     43.057    123.558  91.212529     0.5468      6.746   287.9019 1.4071e-01     2.1357     12.179     17.665    11.9080 0.0000e+00
     12.423      0.024     4.6743     43.298    123.561  91.215002     0.5407      6.746   287.8869 1.3026e-01     2.1300     12.184     17.671    11.9078 0.0000e+00
     12.426      0.028     4.6971     43.508    123.584  91.231838     0.5508      6.746   287.8216 1.2783e-01     2.1340     12.186     17.674    11.9079 0.0000e+00
     12.430      0.035     4.7157     43.680    123.663  91.288693     0.5588      6.746   287.8862 1.2840e-01     2.0920     12.188     17.677    11.9080 0.0000e+00
     12.437      0.044     4.7280     43.794    123.719  91.329133     0.5644      6.743   288.0661 1.3130e-01     2.0494     12.193     17.684    11.9079 0.0000e+00
     12.451      0.050     4.7336     43.845    123.734  91.338603     0.5546      6.742   288.1900 1.3011e-01     2.0766     12.208     17.706    11.9080 0.0000e+00
     12.471      0.054     4.7353     43.860    123.737  91.339486     0.5411      6.742   288.2657 1.2786e-01     2.1171     12.229     17.737    11.9080 0.0000e+00
     12.491      0.056     4.7344     43.851    123.739  91.339806     0.5482      6.741   288.3795 1.2757e-01     2.1117     12.251     17.769    11.9077 0.0000e+00
     12.506      0.055     4.7312     43.821    123.743  91.342466     0.5763      6.739   288.3612 1.2661e-01     2.1025     12.267     17.792    11.9071 0.0000e+00
     12.516      0.055     4.7312     43.821    123.783  91.371652     0.6054      6.739   288.3023 1.2562e-01     2.0970     12.275     17.803    11.9065 0.0000e+00
     12.525      0.055     4.7360     43.866    123.873  91.437888     0.6149      6.739   288.4415 1.2553e-01     2.1068     12.281     17.813    11.9060 0.0000e+00
     12.536      0.057     4.7409     43.910    123.968  91.506328     0.6082      6.739   288.5825 1.2638e-01     2.1591     12.292     17.828    11.9054 0.0000e+00
     12.552      0.061     4.7468     43.964    124.048  91.562147     0.6075      6.739   288.6299 1.2722e-01     2.2103     12.307     17.850    11.9051 0.0000e+00
     12.571      0.066     4.7536     44.027    124.107  91.603184     0.6064      6.738   288.6699 1.2642e-01     2.2373     12.328     17.881    11.9053 0.0000e+00
     12.591      0.070     4.7587     44.073    124.133  91.620300     0.5952      6.737   288.7234 1.2552e-01     2.2427     12.348     17.910    11.9051 0.0000e+00
     12.610      0.071     4.7630     44.112    124.164  91.641687     0.5912      6.736   288.7597 1.2543e-01     2.2750     12.366     17.936    11.9042 0.0000e+00
     12.628      0.068     4.7693     44.169    124.205  91.670673     0.5942      6.737   288.7642 1.2545e-01     2.3839     12.384     17.962    11.9031 0.0000e+00
     12.646      0.063     4.7793     44.262    124.181  91.652258     0.5947      6.737   288.7786 1.2550e-01     2.4612     12.403     17.988    11.9020 0.0000e+00
     12.662      0.057     4.7927     44.386    124.126  91.610133     0.6072      6.736   288.7609 1.2554e-01     2.4763     12.418     18.011    11.9011 0.0000e+00
     12.676      0.052     4.8122     44.566    124.123  91.607242     0.6350      6.735   288.7221 1.2553e-01     2.5364     12.432     18.031    11.9005 0.0000e+00
     12.688      0.047     4.8377     44.801    124.138  91.617308     0.6643      6.735   288.7398 1.2546e-01     2.6385     12.443     18.047    11.9000 0.0000e+00
     12.698      0.043     4.8657     45.059    124.122  91.604440     0.6757      6.735   288.7173 1.2546e-01     2.6731     12.452     18.061    11.8998 0.0000e+00
     12.707      0.041     4.8944     45.324    124.090  91.579054     0.6718      6.736   288.6220 1.2552e-01     2.6495     12.461     18.074    11.8994 0.0000e+00
     12.717      0.040     4.9185     45.547    124.074  91.565164     0.6725      6.737   288.6190 1.2554e-01     2.6587     12.470     18.086    11.8990 0.0000e+00
     12.727      0.040     4.9347     45.697    124.074  91.563901     0.6747      6.737   288.7683 1.2550e-01     2.7229     12.480     18.101    11.8987 0.0000e+00
     12.738      0.041     4.9436     45.778    124.076  91.563776     0.6804      6.736   288.8779 1.2547e-01     2.8158     12.491     18.118    11.8981 0.0000e+00
     12.749      0.044     4.9447     45.788    124.079  91.563651     0.6864      6.736   288.8254 1.2547e-01     2.8664     12.503     18.134    11.8974 0.0000e+00
     12.759      0.049     4.9397     45.742    124.080  91.562377     0.6826      6.736   288.7354 1.2547e-01     2.8767     12.513     18.148    11.8968 0.0000e+00
     12.769      0.055     4.9331     45.679    124.065  91.548375     0.6624      6.735   288.7373 1.2547e-01     2.8795     12.521     18.160    11.8960 0.0000e+00
     12.781      0.060     4.9248     45.601    124.033  91.521747     0.6260      6.734   288.8481 1.2548e-01     2.8703     12.531     18.174    11.8953 0.0000e+00
     12.799      0.062     4.9142     45.501    124.000  91.495215     0.6013      6.734   288.9561 1.2548e-01     2.8567     12.549     18.201    11.8947 0.0000e+00
     12.822      0.062     4.9035     45.401    123.986  91.482370     0.5931      6.734   289.0974 1.2550e-01     2.8371     12.575     18.237    11.8938 0.0000e+00
     12.843      0.057     4.8928     45.302    124.003  91.493837     0.5915      6.734   289.2663 1.2551e-01     2.8467     12.597     18.271    11.8926 0.0000e+00
     12.858      0.050     4.8807     45.190    124.019  91.506471     0.5993      6.735   289.2770 1.2547e-01     2.8804     12.611     18.293    11.8912 0.0000e+00
