Data/DataNotYetUploadedToEDI/Raw_CTD/RawDownloads/091218_fcr50.cnv
* Sea-Bird SBE19plus  Data File:
* FileName = C:\DATA\SBE19plus_01907809_2018_09_12_0002.hex
* Software version 2.6.3.104 SB_Terminal.dll
* Temperature SN = 7809
* Conductivity SN = 7809
* System UpLoad Time = Sep 12 2018 18:48:09
* <ApplicationData>
* <Seaterm232>
# nquan = 15
# nvalues = 1113                        
# units = specified
# name 0 = depFM: Depth [fresh water, m]
# name 1 = dz/dtM: Descent Rate [m/s]
# name 2 = sbeox0Mg/L: Oxygen, SBE 43 [mg/l]
# name 3 = sbeox0PS: Oxygen, SBE 43 [% saturation]
# name 4 = specc: Specific Conductance [uS/cm]
# name 5 = c0uS/cm: Conductivity [uS/cm]
# name 6 = flECO-AFL: Fluorescence, WET Labs ECO-AFL/FL [mg/m^3]
# name 7 = ph: pH
# name 8 = orp: Oxidation Reduction Potential [mV]
# name 9 = par/sat/log: PAR/Logarithmic, Satlantic
# name 10 = turbWETntu0: Turbidity, WET Labs ECO [NTU]
# name 11 = prdM: Pressure, Strain Gauge [db]
# name 12 = prdE: Pressure, Strain Gauge [psi]
# name 13 = tv290C: Temperature [ITS-90, deg C]
# name 14 = flag:  0.000e+00
# span 0 =     -0.518,      9.768       
# span 1 =     -0.088,      0.226       
# span 2 =     0.0489,     9.7977       
# span 3 =      0.461,    116.876       
# span 4 =      1.592,    315.886       
# span 5 =   1.631462, 237.905131       
# span 6 =    -0.3763,    25.8855       
# span 7 =      6.177,      8.423       
# span 8 = -1240.7455,   255.6133       
# span 9 = 1.2537e-01, 1.4900e+03       
# span 10 =    -0.4941,    13.6893      
# span 11 =     -0.508,      9.580      
# span 12 =     -0.737,     13.894      
# span 13 =    12.1317,    26.2915      
# span 14 = 0.0000e+00, 0.0000e+00      
# interval = seconds: 0.25
# start_time = Sep 12 2018 20:26:48 [Instrument's time stamp, header]
# bad_flag = -9.990e-29
*END*
[from data line 579]
      4.286      0.033     0.0898      0.894     65.509  52.590656     3.8723      6.340   128.5405 2.3275e+00     5.6009      4.205      6.098    15.2854 0.0000e+00
      4.290      0.034     0.0868      0.864     65.718  52.730771     3.8825      6.339   128.4168 2.3080e+00     5.6175      4.206      6.100    15.2156 0.0000e+00
      4.295      0.034     0.0856      0.850     65.855  52.792164     3.8800      6.338   128.3611 2.2680e+00     5.6099      4.209      6.105    15.1754 0.0000e+00
      4.307      0.035     0.0877      0.870     65.948  52.824268     3.8503      6.338   128.2974 2.2214e+00     5.5087      4.223      6.124    15.1452 0.0000e+00
      4.321      0.038     0.0885      0.878     66.013  52.864577     3.8177      6.338   128.1628 2.2004e+00     5.4313      4.241      6.150    15.1379 0.0000e+00
      4.331      0.041     0.0877      0.871     66.045  52.898058     3.7992      6.337   128.1098 2.2054e+00     5.4364      4.248      6.161    15.1265 0.0000e+00
      4.338      0.041     0.0870      0.864     66.138  52.974790     3.7267      6.336   128.1734 2.1879e+00     5.3880      4.252      6.167    15.0758 0.0000e+00
      4.348      0.041     0.0860      0.853     66.467  53.220132     3.5945      6.336   128.2437 2.1408e+00     5.2737      4.263      6.183    15.0342 0.0000e+00
      4.361      0.042     0.0857      0.850     66.912  53.512023     3.5237      6.336   128.0984 2.1056e+00     5.2140      4.278      6.205    15.0312 0.0000e+00
      4.371      0.042     0.0872      0.863     67.222  53.642877     3.5134      6.336   127.8796 2.0856e+00     5.2149      4.287      6.218    15.0483 0.0000e+00
      4.380      0.042     0.0886      0.875     67.389  53.657690     3.4979      6.336   127.8360 2.0487e+00     5.2234      4.293      6.227    15.0464 0.0000e+00
      4.393      0.038     0.0888      0.877     67.443  53.627402     3.4466      6.336   127.7421 2.0115e+00     5.2866      4.309      6.249    15.0443 0.0000e+00
      4.406      0.033     0.0904      0.892     67.437  53.594480     3.3617      6.336   127.5195 1.9950e+00     5.4292      4.324      6.271    15.0051 0.0000e+00
      4.414      0.029     0.0914      0.902     67.580  53.704664     3.3165      6.337   127.2953 1.9904e+00     5.5138      4.331      6.281    14.8940 0.0000e+00
      4.419      0.025     0.0902      0.890     67.802  53.878752     3.3141      6.337   127.0967 1.9902e+00     5.4857      4.334      6.285    14.7930 0.0000e+00
      4.423      0.021     0.0892      0.880     67.876  53.919100     3.2504      6.337   126.9254 1.9822e+00     5.3945      4.337      6.291    14.7421 0.0000e+00
      4.427      0.017     0.0870      0.857     67.847  53.874586     3.1252      6.338   126.7725 1.9612e+00     5.2960      4.339      6.294    14.7263 0.0000e+00
      4.432      0.016     0.0839      0.826     67.887  53.912742     3.0595      6.339   126.7965 1.9436e+00     5.2716      4.345      6.302    14.7304 0.0000e+00
      4.437      0.019     0.0814      0.802     68.189  54.189689     3.0443      6.340   126.9570 1.9376e+00     5.3122      4.353      6.313    14.7343 0.0000e+00
      4.440      0.028     0.0804      0.793     69.116  54.934232     2.9589      6.339   126.9925 1.9289e+00     5.3298      4.355      6.316    14.7180 0.0000e+00
      4.443      0.040     0.0806      0.794     70.702  56.111411     2.8179      6.336   127.0540 1.9201e+00     5.2713      4.356      6.318    14.6910 0.0000e+00
      4.449      0.054     0.0825      0.810     72.076  57.040741     2.7456      6.333   127.2710 1.9030e+00     5.2150      4.360      6.323    14.6899 0.0000e+00
      4.464      0.065     0.0853      0.835     72.658  57.331675     2.7375      6.331   127.3777 1.8462e+00     5.1978      4.373      6.342    14.7379 0.0000e+00
      4.490      0.073     0.0857      0.838     72.754  57.276008     2.7655      6.330   127.1399 1.7669e+00     5.0939      4.403      6.385    14.7669 0.0000e+00
      4.519      0.076     0.0853      0.833     72.774  57.194220     2.8264      6.331   126.6326 1.7147e+00     4.9050      4.435      6.432    14.7016 0.0000e+00
      4.543      0.072     0.0870      0.848     73.164  57.423735     2.8582      6.331   125.9762 1.6855e+00     4.8057      4.458      6.466    14.5675 0.0000e+00
      4.560      0.065     0.0887      0.864     74.159  58.143165     2.8558      6.332   125.3127 1.6550e+00     4.8092      4.474      6.489    14.4353 0.0000e+00
      4.571      0.056     0.0882      0.859     75.277  58.960949     2.8068      6.335   124.8052 1.6329e+00     4.8257      4.484      6.503    14.3517 0.0000e+00
      4.579      0.049     0.0886      0.862     75.957  59.425569     2.7159      6.336   124.4865 1.6225e+00     4.8514      4.490      6.512    14.2899 0.0000e+00
      4.589      0.044     0.0899      0.874     76.135  59.499752     2.6670      6.336   124.0404 1.6090e+00     4.8768      4.498      6.524    14.2334 0.0000e+00
      4.601      0.040     0.0896      0.871     75.980  59.349020     2.6657      6.336   123.3689 1.5777e+00     4.8581      4.512      6.545    14.1991 0.0000e+00
      4.615      0.036     0.0893      0.869     75.732  59.193008     2.6357      6.336   122.9069 1.5375e+00     4.7168      4.527      6.565    14.1632 0.0000e+00
      4.626      0.031     0.0889      0.865     75.573  59.139840     2.5705      6.337   122.7549 1.5121e+00     4.5112      4.538      6.582    14.1148 0.0000e+00
      4.632      0.024     0.0888      0.864     75.398  59.024245     2.5391      6.340   122.3924 1.5019e+00     4.4165      4.544      6.591    14.0649 0.0000e+00
      4.635      0.016     0.0889      0.865     75.108  58.749350     2.5413      6.342   121.7078 1.4973e+00     4.4265      4.545      6.593    14.0327 0.0000e+00
      4.637      0.010     0.0874      0.849     74.839  58.487119     2.5328      6.344   121.4467 1.4991e+00     4.4485      4.547      6.595    14.0647 0.0000e+00
      4.639      0.008     0.0849      0.825     74.910  58.524609     2.5098      6.346   121.6439 1.5051e+00     4.4389      4.549      6.598    14.1405 0.0000e+00
      4.639      0.008     0.0828      0.805     75.476  58.948224     2.4837      6.348   121.4250 1.5067e+00     4.4020      4.550      6.599    14.1620 0.0000e+00
      4.639      0.012     0.0809      0.786     76.055  59.348002     2.4656      6.350   120.4358 1.5050e+00     4.3689      4.549      6.598    14.1038 0.0000e+00
      4.640      0.017     0.0797      0.773     76.322  59.478792     2.4647      6.351   119.4051 1.4985e+00     4.3749      4.549      6.598    14.0582 0.0000e+00
      4.645      0.023     0.0797      0.773     76.456  59.511929     2.4922      6.353   118.9440 1.4854e+00     4.4438      4.553      6.605    14.0610 0.0000e+00
      4.654      0.030     0.0802      0.778     76.577  59.557778     2.5315      6.354   118.9040 1.4782e+00     4.5307      4.564      6.620    14.0584 0.0000e+00
      4.663      0.036     0.0809      0.783     76.665  59.587893     2.5450      6.354   118.8354 1.4715e+00     4.5705      4.573      6.633    14.0202 0.0000e+00
      4.673      0.039     0.0820      0.793     76.679  59.558013     2.5360      6.355   118.5446 1.4443e+00     4.5593      4.581      6.645    13.9593 0.0000e+00
      4.686      0.039     0.0818      0.790     76.673  59.514453     2.5050      6.357   118.1409 1.3998e+00     4.5167      4.596      6.665    13.9086 0.0000e+00
      4.699      0.039     0.0808      0.780     76.703  59.506360     2.4457      6.358   117.9122 1.3744e+00     4.4829      4.610      6.686    13.8813 0.0000e+00
      4.707      0.038     0.0818      0.790     76.769  59.523717     2.4076      6.359   118.0164 1.3711e+00     4.4862      4.617      6.697    13.8620 0.0000e+00
      4.713      0.036     0.0829      0.800     76.831  59.533486     2.4106      6.360   117.8527 1.3613e+00     4.4642      4.620      6.701    13.8313 0.0000e+00
      4.722      0.033     0.0827      0.797     76.906  59.560826     2.4648      6.361   117.3088 1.3445e+00     4.3705      4.629      6.713    13.8045 0.0000e+00
      4.734      0.032     0.0830      0.800     77.235  59.790651     2.5488      6.362   117.1192 1.3325e+00     4.2376      4.644      6.736    13.7887 0.0000e+00
      4.744      0.032     0.0846      0.816     77.901  60.277033     2.5896      6.362   117.2810 1.3292e+00     4.1703      4.654      6.751    13.7665 0.0000e+00
      4.749      0.032     0.0858      0.827     78.623  60.798730     2.5994      6.362   116.9421 1.3284e+00     4.1968      4.656      6.753    13.7375 0.0000e+00
      4.754      0.031     0.0847      0.815     79.188  61.201025     2.6039      6.363   116.2050 1.3179e+00     4.1012      4.660      6.759    13.7169 0.0000e+00
      4.763      0.031     0.0830      0.799     79.457  61.388496     2.5974      6.364   115.9397 1.2861e+00     3.8377      4.671      6.776    13.7056 0.0000e+00
      4.773      0.034     0.0822      0.792     79.655  61.538899     2.5943      6.366   116.1441 1.2546e+00     3.6658      4.681      6.790    13.6871 0.0000e+00
      4.780      0.040     0.0807      0.777     80.008  61.811019     2.5932      6.366   116.2679 1.2504e+00     3.6716      4.687      6.798    13.6608 0.0000e+00
      4.788      0.045     0.0795      0.764     80.138  61.880001     2.5750      6.366   116.0601 1.2554e+00     3.6937      4.694      6.808    13.6362 0.0000e+00
      4.799      0.049     0.0794      0.763     79.960  61.673274     2.5485      6.367   115.4384 1.2309e+00     3.6282      4.704      6.823    13.6214 0.0000e+00
      4.815      0.053     0.0793      0.761     79.730  61.410426     2.5399      6.367   114.6870 1.1823e+00     3.5508      4.720      6.847    13.6232 0.0000e+00
      4.833      0.054     0.0793      0.761     79.540  61.182436     2.5359      6.368   114.2017 1.1639e+00     3.5209      4.741      6.875    13.6327 0.0000e+00
      4.848      0.053     0.0803      0.770     79.408  61.015541     2.5273      6.368   113.9587 1.1599e+00     3.5109      4.755      6.896    13.6155 0.0000e+00
      4.862      0.049     0.0816      0.781     79.256  60.855331     2.5273      6.368   113.3840 1.1350e+00     3.3991      4.767      6.913    13.5642 0.0000e+00
      4.874      0.043     0.0812      0.777     79.022  60.644578     2.5359      6.370   112.2435 1.1246e+00     3.2064      4.782      6.935    13.5068 0.0000e+00
      4.884      0.038     0.0804      0.769     78.712  60.375411     2.5484      6.371   111.6982 1.1324e+00     3.1039      4.791      6.949    13.4537 0.0000e+00
      4.891      0.036     0.0809      0.773     78.292  60.017702     2.5416      6.372   111.9540 1.1234e+00     3.0757      4.796      6.955    13.4100 0.0000e+00
      4.897      0.036     0.0820      0.784     77.750  59.563172     2.5090      6.373   111.5501 1.1091e+00     3.0782      4.802      6.964    13.3849 0.0000e+00
      4.904      0.037     0.0835      0.797     77.260  59.140874     2.4848      6.373   110.3426 1.1084e+00     3.1045      4.809      6.974    13.3700 0.0000e+00
      4.913      0.040     0.0856      0.816     76.960  58.854813     2.4783      6.373   109.5707 1.0896e+00     3.1184      4.817      6.987    13.3505 0.0000e+00
      4.925      0.043     0.0870      0.829     76.674  58.584691     2.4771      6.374   109.3585 1.0566e+00     3.1237      4.829      7.003    13.3260 0.0000e+00
      4.940      0.044     0.0858      0.817     76.346  58.291459     2.4423      6.374   109.1539 1.0516e+00     3.1682      4.846      7.028    13.3036 0.0000e+00
      4.953      0.044     0.0838      0.798     76.077  58.043954     2.3695      6.375   108.7319 1.0576e+00     3.2603      4.861      7.050    13.2742 0.0000e+00
      4.963      0.042     0.0831      0.791     75.920  57.881505     2.3325      6.376   108.1276 1.0501e+00     3.3219      4.867      7.059    13.2322 0.0000e+00
      4.973      0.038     0.0826      0.786     75.846  57.789915     2.3436      6.377   107.7846 1.0375e+00     3.3335      4.876      7.071    13.1979 0.0000e+00
      4.983      0.034     0.0801      0.761     75.593  57.572455     2.3855      6.377   107.9397 1.0208e+00     3.3390      4.888      7.089    13.1742 0.0000e+00
      4.993      0.032     0.0771      0.732     75.333  57.350756     2.4440      6.377   108.2827 1.0009e+00     3.3590      4.897      7.103    13.1454 0.0000e+00
      4.999      0.032     0.0760      0.722     75.181  57.207911     2.4714      6.378   108.3182 9.9284e-01     3.3605      4.902      7.111    13.1156 0.0000e+00
      5.005      0.033     0.0754      0.716     74.762  56.862770     2.4688      6.378   107.9385 9.9048e-01     3.3270      4.906      7.115    13.0904 0.0000e+00
      5.013      0.035     0.0769      0.730     74.385  56.547977     2.4854      6.379   107.8219 9.7518e-01     3.3203      4.917      7.131    13.0764 0.0000e+00
      5.021      0.039     0.0793      0.753     74.136  56.326937     2.5259      6.379   108.1132 9.5557e-01     3.3400      4.925      7.143    13.0649 0.0000e+00
      5.031      0.045     0.0794      0.753     73.540  55.843468     2.5446      6.379   108.1046 9.4192e-01     3.3519      4.930      7.150    13.0421 0.0000e+00
      5.045      0.050     0.0802      0.760     72.929  55.344299     2.5365      6.378   107.8037 9.3950e-01     3.3428      4.949      7.179    13.0263 0.0000e+00
      5.058      0.053     0.0815      0.771     72.691  55.124135     2.4655      6.378   107.7443 9.4458e-01     3.2599      4.962      7.197    13.0094 0.0000e+00
      5.071      0.054     0.0812      0.768     72.438  54.898269     2.3385      6.379   108.0747 9.3307e-01     3.1433      4.970      7.209    12.9837 0.0000e+00
      5.089      0.055     0.0811      0.767     71.978  54.520869     2.2780      6.380   108.0990 9.0566e-01     3.0927      4.991      7.240    12.9657 0.0000e+00
      5.104      0.054     0.0817      0.773     71.745  54.312457     2.2857      6.380   107.6079 8.8764e-01     3.1064      5.009      7.264    12.9433 0.0000e+00
      5.115      0.051     0.0810      0.766     71.755  54.285871     2.2937      6.381   107.1268 8.7983e-01     3.1257      5.014      7.273    12.9114 0.0000e+00
      5.128      0.046     0.0804      0.760     71.673  54.199374     2.3187      6.382   106.5848 8.7411e-01     3.0513      5.027      7.291    12.8867 0.0000e+00
      5.143      0.040     0.0807      0.763     71.551  54.093173     2.3687      6.382   105.9590 8.6386e-01     2.9393      5.047      7.320    12.8723 0.0000e+00
      5.154      0.035     0.0786      0.742     71.382  53.955528     2.4014      6.382   105.5834 8.5293e-01     2.9311      5.056      7.334    12.8492 0.0000e+00
      5.159      0.031     0.0766      0.723     71.114  53.743167     2.4114      6.384   105.3127 8.5843e-01     2.9513      5.057      7.337    12.8200 0.0000e+00
      5.164      0.027     0.0767      0.725     70.889  53.560127     2.4154      6.386   104.6648 8.6673e-01     2.9702      5.063      7.344    12.8047 0.0000e+00
      5.170      0.025     0.0777      0.734     70.691  53.395509     2.4138      6.387   103.8585 8.6159e-01     3.0382      5.070      7.353    12.7965 0.0000e+00
      5.176      0.025     0.0791      0.746     70.389  53.151534     2.4102      6.387   103.4790 8.5568e-01     3.0715      5.076      7.362    12.7903 0.0000e+00
      5.183      0.026     0.0793      0.748     70.080  52.899085     2.4077      6.387   103.3465 8.5540e-01     3.0679      5.084      7.373    12.7858 0.0000e+00
      5.189      0.028     0.0791      0.746     69.927  52.759146     2.4116      6.387   102.9437 8.5563e-01     3.1465      5.089      7.382    12.7754 0.0000e+00
