Data/DataNotYetUploadedToEDI/Raw_CTD/RawDownloads/091218_fcr50.cnv
* Sea-Bird SBE19plus  Data File:
* FileName = C:\DATA\SBE19plus_01907809_2018_09_12_0002.hex
* Software version 2.6.3.104 SB_Terminal.dll
* Temperature SN = 7809
* Conductivity SN = 7809
* System UpLoad Time = Sep 12 2018 18:48:09
* <ApplicationData>
* <Seaterm232>
# nquan = 15
# nvalues = 1113                        
# units = specified
# name 0 = depFM: Depth [fresh water, m]
# name 1 = dz/dtM: Descent Rate [m/s]
# name 2 = sbeox0Mg/L: Oxygen, SBE 43 [mg/l]
# name 3 = sbeox0PS: Oxygen, SBE 43 [% saturation]
# name 4 = specc: Specific Conductance [uS/cm]
# name 5 = c0uS/cm: Conductivity [uS/cm]
# name 6 = flECO-AFL: Fluorescence, WET Labs ECO-AFL/FL [mg/m^3]
# name 7 = ph: pH
# name 8 = orp: Oxidation Reduction Potential [mV]
# name 9 = par/sat/log: PAR/Logarithmic, Satlantic
# name 10 = turbWETntu0: Turbidity, WET Labs ECO [NTU]
# name 11 = prdM: Pressure, Strain Gauge [db]
# name 12 = prdE: Pressure, Strain Gauge [psi]
# name 13 = tv290C: Temperature [ITS-90, deg C]
# name 14 = flag:  0.000e+00
# span 0 =     -0.518,      9.768       
# span 1 =     -0.088,      0.226       
# span 2 =     0.0489,     9.7977       
# span 3 =      0.461,    116.876       
# span 4 =      1.592,    315.886       
# span 5 =   1.631462, 237.905131       
# span 6 =    -0.3763,    25.8855       
# span 7 =      6.177,      8.423       
# span 8 = -1240.7455,   255.6133       
# span 9 = 1.2537e-01, 1.4900e+03       
# span 10 =    -0.4941,    13.6893      
# span 11 =     -0.508,      9.580      
# span 12 =     -0.737,     13.894      
# span 13 =    12.1317,    26.2915      
# span 14 = 0.0000e+00, 0.0000e+00      
# interval = seconds: 0.25
# start_time = Sep 12 2018 20:26:48 [Instrument's time stamp, header]
# bad_flag = -9.990e-29
*END*
[from data line 675]
      5.204      0.029     0.0808      0.762     69.694  52.554155     2.4202      6.387   102.0386 8.4909e-01     3.3646      5.104      7.402    12.7545 0.0000e+00
      5.213      0.030     0.0796      0.752     69.492  52.405686     2.4105      6.388   101.8270 8.4370e-01     3.3501      5.113      7.416    12.7410 0.0000e+00
      5.220      0.033     0.0768      0.725     69.227  52.207519     2.4052      6.388   101.6422 8.3870e-01     3.4201      5.119      7.423    12.7205 0.0000e+00
      5.227      0.034     0.0761      0.718     69.056  52.065434     2.4026      6.388   101.4391 8.3575e-01     3.6315      5.125      7.434    12.7031 0.0000e+00
      5.236      0.034     0.0755      0.712     69.026  52.022838     2.4058      6.388   101.2641 8.3526e-01     3.7698      5.133      7.445    12.6962 0.0000e+00
      5.246      0.034     0.0733      0.691     68.941  51.946778     2.4068      6.388   101.0751 8.2663e-01     3.7489      5.143      7.460    12.7038 0.0000e+00
      5.257      0.034     0.0717      0.676     68.820  51.845116     2.3690      6.388   100.7890 8.1047e-01     3.7457      5.157      7.480    12.7100 0.0000e+00
      5.265      0.033     0.0717      0.675     68.798  51.810843     2.3071      6.388   100.6435 8.1536e-01     3.8526      5.165      7.491    12.6972 0.0000e+00
      5.270      0.032     0.0713      0.672     68.789  51.786672     2.2838      6.387   100.6925 8.3633e-01     3.9424      5.166      7.493    12.6763 0.0000e+00
      5.279      0.029     0.0713      0.672     68.743  51.743571     2.2889      6.387   100.5216 8.3093e-01     3.9777      5.176      7.507    12.6714 0.0000e+00
      5.289      0.026     0.0728      0.686     68.733  51.734723     2.2772      6.387   100.2113 8.1068e-01     4.0052      5.189      7.527    12.6676 0.0000e+00
      5.295      0.024     0.0737      0.694     68.746  51.743264     2.2166      6.386   100.2099 8.0908e-01     4.0297      5.193      7.532    12.6503 0.0000e+00
      5.299      0.024     0.0734      0.691     68.635  51.656111     2.1251      6.385   100.3335 8.0434e-01     4.0903      5.195      7.535    12.6358 0.0000e+00
      5.304      0.024     0.0728      0.685     68.358  51.443860     2.0808      6.385   100.2429 7.9794e-01     4.1584      5.203      7.545    12.6294 0.0000e+00
      5.309      0.026     0.0723      0.681     68.145  51.274898     2.0857      6.384    99.9752 8.0601e-01     4.1824      5.207      7.552    12.6314 0.0000e+00
      5.314      0.030     0.0723      0.681     68.158  51.266108     2.0915      6.383    99.7639 8.0877e-01     4.2269      5.209      7.555    12.6323 0.0000e+00
      5.322      0.032     0.0726      0.683     68.266  51.337565     2.0871      6.380    99.8388 7.9762e-01     4.3000      5.217      7.565    12.6262 0.0000e+00
      5.335      0.036     0.0720      0.677     68.223  51.312418     2.0782      6.377   100.0202 7.7634e-01     4.3342      5.232      7.588    12.6265 0.0000e+00
      5.348      0.040     0.0707      0.666     68.012  51.152773     2.0762      6.374    99.9780 7.6731e-01     4.3659      5.248      7.610    12.6233 0.0000e+00
      5.355      0.042     0.0713      0.671     67.923  51.060224     2.0816      6.371    99.7590 7.7820e-01     4.4085      5.253      7.618    12.6028 0.0000e+00
      5.362      0.042     0.0729      0.686     67.997  51.083412     2.0881      6.367    99.6093 7.7298e-01     4.4222      5.254      7.621    12.5902 0.0000e+00
      5.376      0.040     0.0741      0.696     67.977  51.051667     2.0893      6.365    99.5450 7.4895e-01     4.4102      5.270      7.644    12.6059 0.0000e+00
      5.391      0.038     0.0748      0.703     67.911  50.994233     2.0787      6.364    99.4106 7.3869e-01     4.3842      5.290      7.673    12.6134 0.0000e+00
      5.400      0.036     0.0747      0.702     67.962  51.024698     2.0422      6.363    99.2751 7.4157e-01     4.4135      5.296      7.681    12.5846 0.0000e+00
      5.405      0.033     0.0739      0.694     67.985  51.038579     1.9887      6.362    99.1124 7.3497e-01     4.5210      5.299      7.684    12.5535 0.0000e+00
      5.413      0.028     0.0733      0.689     67.978  51.034920     1.9650      6.362    98.9058 7.3129e-01     4.5845      5.309      7.700    12.5451 0.0000e+00
      5.421      0.024     0.0738      0.694     68.076  51.107607     1.9577      6.361    98.7558 7.4266e-01     4.6017      5.317      7.712    12.5441 0.0000e+00
      5.426      0.021     0.0740      0.695     68.138  51.154557     1.9275      6.359    98.5892 7.4657e-01     4.7290      5.319      7.716    12.5334 0.0000e+00
      5.431      0.021     0.0729      0.684     68.051  51.093998     1.8950      6.358    98.4400 7.4170e-01     4.9326      5.326      7.726    12.5318 0.0000e+00
      5.436      0.021     0.0719      0.676     67.761  50.883988     1.8859      6.357    98.5005 7.3766e-01     5.0186      5.332      7.734    12.5372 0.0000e+00
      5.438      0.026     0.0715      0.672     67.196  50.458950     1.8904      6.356    98.7189 7.3288e-01     5.0376      5.332      7.734    12.5325 0.0000e+00
      5.442      0.033     0.0702      0.659     66.649  50.023459     1.8850      6.353    98.7574 7.2821e-01     5.2227      5.334      7.738    12.5342 0.0000e+00
      5.450      0.038     0.0688      0.646     66.510  49.877694     1.8764      6.350    98.5361 7.1392e-01     5.5171      5.341      7.747    12.5366 0.0000e+00
      5.463      0.041     0.0690      0.647     66.589  49.904293     1.8777      6.349    98.3665 6.9328e-01     5.6380      5.355      7.767    12.5437 0.0000e+00
      5.481      0.042     0.0697      0.654     66.686  49.963610     1.8829      6.348    98.5125 6.9003e-01     5.6161      5.377      7.799    12.5530 0.0000e+00
      5.496      0.040     0.0697      0.654     66.761  50.022745     1.8841      6.345    98.8399 6.9315e-01     5.6183      5.393      7.823    12.5302 0.0000e+00
      5.504      0.036     0.0691      0.648     66.612  49.920032     1.8369      6.344    98.9693 6.7915e-01     5.7250      5.397      7.829    12.4890 0.0000e+00
      5.508      0.032     0.0697      0.654     66.455  49.802409     1.7448      6.343    98.8713 6.6710e-01     5.9304      5.402      7.835    12.4634 0.0000e+00
      5.512      0.031     0.0718      0.674     66.474  49.808396     1.6886      6.340    98.7739 6.6547e-01     6.0567      5.406      7.840    12.4548 0.0000e+00
      5.518      0.033     0.0737      0.691     66.389  49.738136     1.6817      6.339    98.7383 6.5745e-01     6.0919      5.408      7.843    12.4589 0.0000e+00
      5.528      0.038     0.0736      0.690     66.108  49.525011     1.6616      6.339    98.7847 6.4928e-01     6.2654      5.420      7.862    12.4713 0.0000e+00
      5.541      0.043     0.0729      0.683     65.766  49.265703     1.6012      6.339    98.9047 6.4440e-01     6.5671      5.435      7.882    12.4715 0.0000e+00
      5.553      0.047     0.0734      0.688     65.619  49.145559     1.5573      6.338    98.8995 6.3420e-01     6.7180      5.445      7.897    12.4596 0.0000e+00
      5.566      0.048     0.0725      0.679     65.823  49.280123     1.5453      6.336    98.4635 6.3339e-01     6.7470      5.459      7.917    12.4555 0.0000e+00
      5.579      0.046     0.0709      0.664     66.132  49.494205     1.5014      6.333    97.9353 6.4531e-01     7.1615      5.471      7.935    12.4556 0.0000e+00
      5.592      0.045     0.0707      0.662     66.330  49.636265     1.4221      6.329    97.9331 6.4563e-01     7.9458      5.484      7.954    12.4536 0.0000e+00
      5.604      0.045     0.0706      0.661     66.369  49.662821     1.3674      6.326    98.1785 6.2819e-01     8.3871      5.498      7.974    12.4480 0.0000e+00
      5.613      0.044     0.0705      0.660     66.333  49.624590     1.3540      6.322    97.9773 6.0246e-01     8.4380      5.505      7.985    12.4314 0.0000e+00
      5.621      0.042     0.0706      0.661     66.346  49.618980     1.3436      6.319    97.3940 5.8383e-01     8.4390      5.509      7.990    12.4124 0.0000e+00
      5.633      0.039     0.0710      0.665     66.327  49.594961     1.3157      6.317    97.0624 5.8024e-01     8.4613      5.524      8.012    12.4110 0.0000e+00
      5.647      0.037     0.0725      0.679     66.242  49.524871     1.3011      6.316    97.0645 5.8070e-01     8.5241      5.541      8.038    12.4165 0.0000e+00
      5.657      0.035     0.0736      0.689     66.177  49.470779     1.3048      6.315    97.2474 5.7699e-01     8.5276      5.548      8.047    12.4038 0.0000e+00
      5.663      0.032     0.0727      0.681     65.983  49.322339     1.2883      6.314    97.2950 5.6209e-01     8.4415      5.552      8.053    12.3883 0.0000e+00
      5.670      0.031     0.0714      0.668     65.555  49.001430     1.2571      6.313    97.0376 5.3963e-01     8.3987      5.560      8.064    12.3824 0.0000e+00
      5.677      0.031     0.0699      0.655     65.252  48.769025     1.2400      6.311    96.8889 5.3430e-01     8.4068      5.569      8.076    12.3795 0.0000e+00
      5.683      0.032     0.0682      0.638     65.227  48.737180     1.2378      6.309    96.9606 5.5195e-01     8.4175      5.572      8.081    12.3742 0.0000e+00
      5.690      0.034     0.0669      0.625     65.252  48.743507     1.2580      6.308    97.3017 5.6040e-01     8.5282      5.577      8.089    12.3700 0.0000e+00
      5.702      0.037     0.0669      0.626     65.227  48.718381     1.2919      6.307    97.6577 5.5179e-01     8.7076      5.593      8.112    12.3741 0.0000e+00
      5.713      0.039     0.0691      0.646     65.192  48.687641     1.3068      6.306    97.5650 5.4722e-01     8.7866      5.604      8.129    12.3697 0.0000e+00
      5.723      0.040     0.0730      0.682     65.200  48.689649     1.3092      6.304    97.2135 5.4103e-01     8.8115      5.610      8.137    12.3547 0.0000e+00
      5.733      0.039     0.0761      0.712     65.187  48.679097     1.3031      6.301    96.9347 5.3182e-01     8.8865      5.620      8.153    12.3458 0.0000e+00
      5.745      0.038     0.0756      0.707     65.112  48.623615     1.2328      6.299    97.2053 5.2727e-01     9.1145      5.634      8.172    12.3424 0.0000e+00
      5.755      0.038     0.0733      0.685     65.071  48.590909     1.1110      6.297    97.8184 5.2438e-01     9.4622      5.646      8.187    12.3390 0.0000e+00
      5.761      0.037     0.0724      0.677     65.091  48.601481     1.0435      6.296    98.0664 5.1983e-01     9.6418      5.650      8.194    12.3350 0.0000e+00
      5.769      0.035     0.0721      0.674     65.126  48.624306     1.0425      6.295    97.9675 5.1047e-01     9.6685      5.656      8.203    12.3341 0.0000e+00
      5.780      0.034     0.0692      0.647     65.112  48.612611     1.0622      6.293    97.5684 5.0205e-01     9.7847      5.668      8.220    12.3369 0.0000e+00
      5.791      0.034     0.0656      0.613     65.079  48.587202     1.0883      6.293    97.6299 4.9768e-01     9.9784      5.680      8.239    12.3351 0.0000e+00
      5.798      0.034     0.0655      0.612     65.059  48.571357     1.1010      6.292    98.5389 4.9047e-01    10.0880      5.686      8.247    12.3300 0.0000e+00
      5.803      0.034     0.0674      0.630     65.028  48.548147     1.0970      6.290    99.0937 4.8680e-01    10.1032      5.689      8.251    12.3268 0.0000e+00
      5.813      0.032     0.0693      0.649     65.044  48.560841     1.1033      6.288    99.0040 4.9186e-01    10.0397      5.700      8.266    12.3264 0.0000e+00
      5.823      0.030     0.0708      0.662     65.094  48.597707     1.1226      6.288    98.9163 4.9416e-01     9.9305      5.712      8.284    12.3269 0.0000e+00
      5.833      0.030     0.0698      0.653     65.113  48.612504     1.1284      6.287    98.9805 4.9242e-01     9.8817      5.722      8.298    12.3250 0.0000e+00
      5.838      0.031     0.0693      0.648     65.111  48.612618     1.1175      6.287    99.1777 4.8711e-01     9.9082      5.726      8.304    12.3254 0.0000e+00
      5.843      0.032     0.0711      0.664     65.093  48.599091     1.0732      6.287    99.3218 4.8042e-01    10.1894      5.729      8.309    12.3268 0.0000e+00
      5.850      0.033     0.0710      0.664     65.068  48.576074     1.0063      6.286    99.3465 4.7374e-01    10.6871      5.736      8.319    12.3257 0.0000e+00
      5.860      0.033     0.0679      0.634     65.092  48.588575     0.9800      6.284    99.1319 4.6804e-01    10.9516      5.746      8.333    12.3256 0.0000e+00
      5.871      0.033     0.0648      0.605     65.141  48.623111     0.9853      6.282    98.7914 4.6640e-01    10.9762      5.758      8.351    12.3283 0.0000e+00
      5.883      0.032     0.0647      0.605     65.124  48.612250     0.9685      6.281    98.8442 4.6455e-01    11.0766      5.771      8.369    12.3292 0.0000e+00
      5.892      0.031     0.0672      0.628     65.079  48.584386     0.9330      6.281    98.9961 4.6800e-01    11.2492      5.781      8.383    12.3251 0.0000e+00
      5.896      0.031     0.0692      0.646     65.015  48.540479     0.9147      6.280    98.7355 4.7430e-01    11.3240      5.783      8.387    12.3191 0.0000e+00
      5.898      0.035     0.0698      0.652     64.914  48.462763     0.9122      6.277    98.2744 4.7303e-01    11.3398      5.782      8.387    12.3167 0.0000e+00
      5.904      0.040     0.0700      0.654     64.853  48.407502     0.9036      6.273    98.1532 4.6620e-01    11.3802      5.787      8.394    12.3197 0.0000e+00
      5.916      0.044     0.0694      0.648     64.830  48.380834     0.8561      6.271    98.3881 4.5913e-01    11.6290      5.800      8.413    12.3243 0.0000e+00
      5.934      0.046     0.0693      0.647     64.856  48.394568     0.7702      6.269    98.7053 4.5494e-01    12.0892      5.819      8.439    12.3290 0.0000e+00
      5.953      0.043     0.0689      0.643     64.928  48.446420     0.7195      6.266    98.7195 4.5121e-01    12.3367      5.841      8.471    12.3279 0.0000e+00
      5.967      0.035     0.0662      0.618     64.996  48.499245     0.7206      6.263    98.4732 4.4401e-01    12.3628      5.854      8.492    12.3183 0.0000e+00
      5.972      0.024     0.0637      0.595     65.025  48.524765     0.7289      6.263    98.5667 4.3624e-01    12.3439      5.857      8.496    12.3091 0.0000e+00
      5.973      0.015     0.0632      0.591     64.990  48.500724     0.7288      6.263    98.9029 4.3289e-01    12.2605      5.858      8.496    12.3052 0.0000e+00
      5.972      0.010     0.0639      0.598     64.938  48.462829     0.7281      6.262    99.1833 4.2531e-01    12.2090      5.857      8.496    12.3039 0.0000e+00
      5.971      0.010     0.0654      0.611     64.920  48.447961     0.7294      6.261    99.4613 4.1375e-01    12.2104      5.854      8.493    12.3059 0.0000e+00
      5.971      0.014     0.0673      0.629     64.923  48.448086     0.7440      6.260    99.6833 4.1047e-01    12.2160      5.852      8.487    12.3103 0.0000e+00
      5.977      0.021     0.0693      0.649     64.944  48.464342     0.7765      6.259    99.7164 4.0632e-01    12.2160      5.860      8.499    12.3114 0.0000e+00
      5.987      0.029     0.0711      0.665     65.014  48.517389     0.7911      6.257    99.6898 3.9868e-01    12.2097      5.873      8.518    12.3128 0.0000e+00
      5.994      0.035     0.0716      0.669     65.103  48.580953     0.7835      6.256   100.0506 4.0546e-01    12.2012      5.878      8.525    12.3112 0.0000e+00
      6.002      0.040     0.0713      0.666     65.128  48.597229     0.7666      6.255   100.7233 4.2177e-01    12.2345      5.883      8.533    12.3071 0.0000e+00
      6.014      0.043     0.0715      0.668     65.112  48.587047     0.7440      6.255   100.9388 4.2025e-01    12.3385      5.898      8.553    12.3097 0.0000e+00
