Data/DataNotYetUploadedToEDI/Raw_CTD/RawDownloads/091218_ccr50.cnv
* Sea-Bird SBE19plus  Data File:
* FileName = C:\DATA\SBE19plus_01907809_2018_09_12_0001.hex
* Software version 2.6.3.104 SB_Terminal.dll
* Temperature SN = 7809
* Conductivity SN = 7809
* System UpLoad Time = Sep 12 2018 18:47:37
* <ApplicationData>
* <Seaterm232>
# nquan = 15
# nvalues = 1879                        
# units = specified
# name 0 = depFM: Depth [fresh water, m]
# name 1 = dz/dtM: Descent Rate [m/s]
# name 2 = sbeox0Mg/L: Oxygen, SBE 43 [mg/l]
# name 3 = sbeox0PS: Oxygen, SBE 43 [% saturation]
# name 4 = specc: Specific Conductance [uS/cm]
# name 5 = c0uS/cm: Conductivity [uS/cm]
# name 6 = flECO-AFL: Fluorescence, WET Labs ECO-AFL/FL [mg/m^3]
# name 7 = ph: pH
# name 8 = orp: Oxidation Reduction Potential [mV]
# name 9 = par/sat/log: PAR/Logarithmic, Satlantic
# name 10 = turbWETntu0: Turbidity, WET Labs ECO [NTU]
# name 11 = prdM: Pressure, Strain Gauge [db]
# name 12 = prdE: Pressure, Strain Gauge [psi]
# name 13 = tv290C: Temperature [ITS-90, deg C]
# name 14 = flag:  0.000e+00
# span 0 =     -0.330,     20.546       
# span 1 =     -0.134,      0.234       
# span 2 =     0.8863,     8.8995       
# span 3 =      8.118,    109.422       
# span 4 =      0.711,    130.944       
# span 5 =   0.748878, 106.085546       
# span 6 =    -0.1885,     2.5218       
# span 7 =      6.181,      8.673       
# span 8 =  -220.7248,   296.2574       
# span 9 = 1.2534e-01, 1.3581e+03       
# span 10 =    -0.3088,     9.2357      
# span 11 =     -0.326,     20.149      
# span 12 =     -0.473,     29.224      
# span 13 =    11.4065,    27.6122      
# span 14 = 0.0000e+00, 0.0000e+00      
# interval = seconds: 0.25
# start_time = Sep 12 2018 18:38:28 [Instrument's time stamp, header]
# bad_flag = -9.990e-29
*END*
[from data line 1157]
     10.664      0.015     4.4222     41.121    122.329  90.721968     0.6297      6.802   281.1152 4.3041e-01     2.2909     10.457     15.167    12.0753 0.0000e+00
     10.666      0.014     4.4220     41.121    122.338  90.732030     0.6204      6.800   281.1266 4.1498e-01     2.2913     10.460     15.172    12.0762 0.0000e+00
     10.668      0.014     4.4206     41.110    122.369  90.761594     0.6084      6.799   281.1491 4.0300e-01     2.2724     10.462     15.174    12.0751 0.0000e+00
     10.670      0.015     4.4186     41.095    122.440  90.824637     0.6037      6.799   281.2143 4.0467e-01     2.2457     10.463     15.175    12.0768 0.0000e+00
     10.675      0.017     4.4176     41.092    122.464  90.857308     0.6011      6.799   281.2269 4.0447e-01     2.2126     10.468     15.182    12.0786 0.0000e+00
     10.681      0.019     4.4151     41.078    122.407  90.838151     0.6034      6.800   281.2150 4.0846e-01     2.2076     10.476     15.193    12.0791 0.0000e+00
     10.687      0.022     4.4137     41.074    122.301  90.784126     0.6046      6.800   281.2425 4.2159e-01     2.2470     10.481     15.202    12.0816 0.0000e+00
     10.692      0.027     4.4162     41.101    122.192  90.713710     0.6071      6.800   281.3016 4.2841e-01     2.2915     10.486     15.208    12.0862 0.0000e+00
     10.697      0.033     4.4197     41.127    122.094  90.623749     0.6149      6.799   281.4131 4.1854e-01     2.2871     10.490     15.215    12.0910 0.0000e+00
     10.704      0.039     4.4236     41.146    122.020  90.524452     0.6158      6.798   281.5584 3.9729e-01     2.2551     10.495     15.222    12.1015 0.0000e+00
     10.715      0.046     4.4286     41.171    122.020  90.468518     0.6090      6.797   281.5951 3.8244e-01     2.2409     10.506     15.237    12.1142 0.0000e+00
     10.730      0.053     4.4321     41.186    122.065  90.456968     0.6068      6.797   281.5994 3.7924e-01     2.2371     10.522     15.260    12.1208 0.0000e+00
     10.746      0.059     4.4334     41.188    122.092  90.448451     0.6065      6.797   281.6961 3.6703e-01     2.2396     10.539     15.285    12.1145 0.0000e+00
     10.763      0.061     4.4283     41.133    122.088  90.429196     0.6055      6.796   281.7316 3.4749e-01     2.2720     10.555     15.308    12.0925 0.0000e+00
     10.779      0.060     4.4132     40.988    122.085  90.415238     0.6125      6.796   281.6849 3.4839e-01     2.3236     10.571     15.332    12.0663 0.0000e+00
     10.796      0.056     4.3967     40.832    122.088  90.407071     0.6182      6.796   281.6470 3.5287e-01     2.3443     10.589     15.358    12.0471 0.0000e+00
     10.811      0.053     4.3806     40.678    122.082  90.394128     0.6108      6.796   281.6182 3.5294e-01     2.3085     10.603     15.379    12.0364 0.0000e+00
     10.823      0.052     4.3616     40.501    122.080  90.386133     0.6054      6.796   281.6808 3.5746e-01     2.2575     10.614     15.396    12.0308 0.0000e+00
     10.832      0.053     4.3418     40.315    122.070  90.374086     0.6073      6.794   281.8018 3.5133e-01     2.2462     10.623     15.407    12.0268 0.0000e+00
     10.842      0.053     4.3224     40.133    122.080  90.375858     0.6061      6.791   281.8768 3.4618e-01     2.2322     10.630     15.418    12.0223 0.0000e+00
     10.857      0.053     4.3077     39.995    122.128  90.407551     0.6100      6.791   281.9853 3.4856e-01     2.2113     10.645     15.440    12.0184 0.0000e+00
     10.876      0.049     4.2977     39.901    122.172  90.438796     0.6177      6.791   282.0815 3.4420e-01     2.2370     10.667     15.471    12.0166 0.0000e+00
     10.895      0.042     4.2889     39.820    122.164  90.435153     0.6165      6.790   282.0935 3.3550e-01     2.2682     10.686     15.499    12.0146 0.0000e+00
     10.907      0.033     4.2814     39.753    122.144  90.427206     0.6142      6.789   282.1290 3.3025e-01     2.2537     10.699     15.518    12.0119 0.0000e+00
     10.912      0.026     4.2778     39.725    122.183  90.470116     0.6074      6.789   282.1674 3.2834e-01     2.2137     10.704     15.524    12.0105 0.0000e+00
     10.909      0.023     4.2781     39.737    122.201  90.508106     0.5988      6.789   282.1276 3.2461e-01     2.1819     10.698     15.516    12.0093 0.0000e+00
     10.905      0.025     4.2812     39.774    122.166  90.504387     0.6021      6.788   282.0779 3.1925e-01     2.1439     10.692     15.506    12.0106 0.0000e+00
     10.910      0.030     4.2849     39.812    122.133  90.488865     0.6015      6.787   282.0829 3.0905e-01     2.0895     10.695     15.512    12.0126 0.0000e+00
     10.925      0.036     4.2869     39.829    122.081  90.447833     0.6100      6.787   282.1021 3.0517e-01     2.0733     10.713     15.537    12.0173 0.0000e+00
     10.943      0.043     4.2880     39.837    122.013  90.390452     0.6497      6.788   282.2235 3.1623e-01     2.1009     10.733     15.566    12.0297 0.0000e+00
     10.956      0.049     4.2877     39.831    121.997  90.368334     0.6769      6.788   282.4324 3.1741e-01     2.1176     10.747     15.586    12.0410 0.0000e+00
     10.965      0.052     4.2850     39.799    122.022  90.371490     0.6728      6.788   282.4765 3.0357e-01     2.1229     10.753     15.596    12.0441 0.0000e+00
     10.974      0.054     4.2828     39.771    122.041  90.364894     0.6647      6.788   282.4135 2.9607e-01     2.1035     10.760     15.606    12.0415 0.0000e+00
     10.988      0.055     4.2815     39.752    122.051  90.352250     0.6432      6.787   282.4445 2.9811e-01     2.0660     10.773     15.625    12.0386 0.0000e+00
     11.005      0.056     4.2793     39.725    122.066  90.345989     0.6142      6.787   282.5080 2.9700e-01     2.0669     10.792     15.653    12.0355 0.0000e+00
     11.024      0.056     4.2774     39.702    122.094  90.352869     0.6089      6.787   282.4929 2.9240e-01     2.0830     10.812     15.681    12.0287 0.0000e+00
     11.040      0.055     4.2772     39.697    122.128  90.371715     0.6157      6.786   282.5190 2.9415e-01     2.0779     10.827     15.703    12.0189 0.0000e+00
     11.053      0.052     4.2764     39.692    122.139  90.382763     0.6128      6.785   282.6515 3.0081e-01     2.0671     10.839     15.721    12.0109 0.0000e+00
     11.063      0.050     4.2725     39.658    122.098  90.359064     0.6023      6.785   282.7187 2.9714e-01     2.0736     10.850     15.736    12.0041 0.0000e+00
     11.073      0.049     4.2683     39.619    122.071  90.339959     0.5990      6.785   282.7290 2.7909e-01     2.0958     10.858     15.748    11.9972 0.0000e+00
     11.084      0.050     4.2662     39.597    122.085  90.342860     0.6005      6.785   282.7757 2.6502e-01     2.0908     10.869     15.764    11.9943 0.0000e+00
     11.098      0.051     4.2627     39.560    122.085  90.330434     0.5843      6.784   282.8534 2.6696e-01     2.0743     10.884     15.784    11.9965 0.0000e+00
     11.112      0.053     4.2590     39.521    122.083  90.317099     0.5591      6.784   282.8949 2.6801e-01     2.0797     10.898     15.806    12.0008 0.0000e+00
     11.127      0.054     4.2574     39.505    122.079  90.309002     0.5523      6.784   282.8472 2.6560e-01     2.0954     10.912     15.826    12.0016 0.0000e+00
     11.141      0.054     4.2554     39.487    122.060  90.296214     0.5571      6.782   282.7931 2.6891e-01     2.1110     10.926     15.846    11.9978 0.0000e+00
     11.154      0.054     4.2534     39.469    122.049  90.289877     0.5712      6.781   282.8429 2.6169e-01     2.1160     10.939     15.865    11.9918 0.0000e+00
     11.167      0.055     4.2507     39.442    122.061  90.296085     0.5945      6.781   283.0186 2.4473e-01     2.0947     10.952     15.885    11.9863 0.0000e+00
     11.181      0.057     4.2456     39.391    122.087  90.307571     0.5991      6.781   283.1110 2.3623e-01     2.0663     10.966     15.904    11.9843 0.0000e+00
     11.196      0.057     4.2397     39.334    122.088  90.301355     0.5999      6.781   283.0992 2.3440e-01     2.0785     10.978     15.922    11.9851 0.0000e+00
     11.211      0.056     4.2343     39.283    122.069  90.284611     0.5955      6.780   283.1340 2.3612e-01     2.1202     10.993     15.945    11.9872 0.0000e+00
     11.228      0.053     4.2300     39.243    122.088  90.296201     0.5639      6.778   283.1021 2.4214e-01     2.1427     11.012     15.971    11.9863 0.0000e+00
     11.243      0.049     4.2273     39.219    122.112  90.314093     0.5491      6.778   283.0574 2.4322e-01     2.1373     11.028     15.993    11.9814 0.0000e+00
     11.255      0.044     4.2248     39.197    122.100  90.309858     0.5540      6.778   283.1964 2.3444e-01     2.1168     11.039     16.010    11.9786 0.0000e+00
     11.263      0.039     4.2220     39.174    122.086  90.308699     0.5498      6.778   283.4049 2.2093e-01     2.1079     11.046     16.020    11.9783 0.0000e+00
     11.271      0.036     4.2200     39.160    122.059  90.300088     0.5445      6.778   283.4275 2.1153e-01     2.1219     11.053     16.031    11.9770 0.0000e+00
     11.279      0.036     4.2176     39.140    122.009  90.269451     0.5454      6.778   283.2977 2.1783e-01     2.1324     11.061     16.042    11.9766 0.0000e+00
     11.287      0.040     4.2149     39.112    122.003  90.256760     0.5507      6.778   283.2984 2.3809e-01     2.1138     11.069     16.053    11.9786 0.0000e+00
     11.297      0.044     4.2152     39.107    122.055  90.274030     0.5540      6.778   283.3499 2.4459e-01     2.0800     11.078     16.067    11.9823 0.0000e+00
     11.308      0.046     4.2180     39.126    122.098  90.287135     0.5574      6.777   283.3175 2.3316e-01     2.0896     11.088     16.082    11.9879 0.0000e+00
     11.323      0.046     4.2211     39.151    122.110  90.287805     0.5549      6.776   283.4236 2.1639e-01     2.1376     11.104     16.104    11.9927 0.0000e+00
     11.340      0.044     4.2248     39.186    122.102  90.282110     0.5416      6.775   283.5996 2.0210e-01     2.1419     11.123     16.131    11.9888 0.0000e+00
     11.353      0.043     4.2291     39.228    122.092  90.281975     0.5255      6.776   283.6398 2.0435e-01     2.0812     11.136     16.151    11.9770 0.0000e+00
     11.360      0.043     4.2321     39.261    122.084  90.286185     0.5165      6.776   283.6518 2.1453e-01     2.0445     11.142     16.159    11.9687 0.0000e+00
     11.364      0.045     4.2335     39.274    122.058  90.269326     0.5253      6.775   283.6573 2.2849e-01     2.0641     11.143     16.162    11.9659 0.0000e+00
     11.371      0.049     4.2334     39.269    122.072  90.269222     0.5396      6.775   283.5346 2.3682e-01     2.1043     11.148     16.170    11.9657 0.0000e+00
     11.385      0.054     4.2322     39.252    122.115  90.284916     0.5416      6.775   283.4595 2.2173e-01     2.1345     11.162     16.191    11.9692 0.0000e+00
     11.406      0.058     4.2315     39.240    122.112  90.267974     0.5403      6.775   283.6100 2.0882e-01     2.1241     11.185     16.223    11.9755 0.0000e+00
     11.428      0.059     4.2317     39.238    122.110  90.255446     0.5423      6.775   283.8052 2.0551e-01     2.1005     11.208     16.257    11.9778 0.0000e+00
     11.444      0.057     4.2327     39.245    122.123  90.260828     0.5386      6.775   283.8400 1.9648e-01     2.0924     11.225     16.280    11.9718 0.0000e+00
     11.454      0.053     4.2343     39.261    122.132  90.269343     0.5329      6.774   283.8591 1.8843e-01     2.0877     11.234     16.293    11.9640 0.0000e+00
     11.464      0.048     4.2369     39.288    122.157  90.294707     0.5195      6.773   283.9503 1.8808e-01     2.0427     11.241     16.303    11.9577 0.0000e+00
     11.475      0.043     4.2402     39.319    122.178  90.312723     0.4963      6.773   283.9960 1.9900e-01     1.9457     11.253     16.320    11.9526 0.0000e+00
     11.487      0.040     4.2428     39.341    122.163  90.296078     0.4900      6.773   284.0676 2.1255e-01     1.8918     11.267     16.340    11.9509 0.0000e+00
     11.498      0.040     4.2449     39.358    122.159  90.284547     0.4982      6.773   284.1280 2.1390e-01     1.9101     11.277     16.355    11.9520 0.0000e+00
     11.508      0.039     4.2461     39.368    122.184  90.300677     0.5044      6.772   284.1235 1.9832e-01     1.9231     11.285     16.367    11.9560 0.0000e+00
     11.517      0.037     4.2446     39.355    122.181  90.300019     0.5193      6.771   284.0996 1.7714e-01     1.8960     11.294     16.381    11.9586 0.0000e+00
     11.525      0.037     4.2426     39.337    122.148  90.276588     0.5397      6.771   284.0964 1.6462e-01     1.8574     11.302     16.392    11.9546 0.0000e+00
     11.534      0.038     4.2417     39.327    122.144  90.272156     0.5491      6.772   284.1713 1.6993e-01     1.8521     11.310     16.404    11.9499 0.0000e+00
     11.544      0.041     4.2402     39.311    122.204  90.310127     0.5504      6.772   284.2311 1.8215e-01     1.8636     11.321     16.420    11.9490 0.0000e+00
     11.554      0.043     4.2402     39.307    122.276  90.353505     0.5553      6.772   284.2170 1.8787e-01     1.8731     11.330     16.434    11.9504 0.0000e+00
     11.566      0.045     4.2422     39.323    122.281  90.350754     0.5626      6.771   284.2588 1.7871e-01     1.9065     11.340     16.449    11.9512 0.0000e+00
     11.579      0.045     4.2447     39.346    122.271  90.340549     0.5566      6.771   284.3927 1.6103e-01     1.9325     11.355     16.470    11.9508 0.0000e+00
     11.592      0.044     4.2482     39.379    122.291  90.357514     0.5283      6.771   284.4587 1.6938e-01     1.9122     11.368     16.488    11.9483 0.0000e+00
     11.602      0.043     4.2537     39.433    122.294  90.364787     0.4966      6.770   284.4542 1.8681e-01     1.9054     11.378     16.502    11.9429 0.0000e+00
     11.612      0.040     4.2616     39.507    122.290  90.364788     0.4848      6.770   284.5110 1.8383e-01     1.9112     11.388     16.516    11.9402 0.0000e+00
     11.622      0.037     4.2705     39.588    122.283  90.357528     0.4876      6.769   284.5436 1.7118e-01     1.8915     11.397     16.531    11.9395 0.0000e+00
     11.631      0.035     4.2770     39.647    122.265  90.340704     0.4844      6.768   284.5046 1.5753e-01     1.8803     11.407     16.544    11.9396 0.0000e+00
     11.640      0.035     4.2811     39.685    122.281  90.352459     0.4731      6.768   284.5549 1.4608e-01     1.8677     11.415     16.556    11.9430 0.0000e+00
     11.648      0.037     4.2858     39.729    122.307  90.372256     0.4705      6.768   284.6362 1.4650e-01     1.8603     11.422     16.567    11.9452 0.0000e+00
     11.656      0.040     4.2883     39.751    122.334  90.388978     0.4710      6.768   284.6267 1.5510e-01     1.8826     11.430     16.579    11.9431 0.0000e+00
     11.665      0.044     4.2882     39.748    122.395  90.427245     0.4695      6.768   284.6981 1.5081e-01     1.8931     11.438     16.590    11.9410 0.0000e+00
     11.676      0.045     4.2888     39.751    122.439  90.452753     0.4891      6.767   284.8972 1.4573e-01     1.8647     11.449     16.604    11.9415 0.0000e+00
     11.691      0.044     4.2907     39.767    122.430  90.442598     0.5157      6.765   284.9697 1.4567e-01     1.8753     11.465     16.627    11.9430 0.0000e+00
     11.707      0.040     4.2957     39.814    122.414  90.431857     0.5251      6.765   284.8857 1.3597e-01     1.9295     11.482     16.653    11.9416 0.0000e+00
     11.719      0.036     4.3035     39.890    122.425  90.450282     0.5380      6.766   284.9139 1.3734e-01     1.9407     11.495     16.671    11.9377 0.0000e+00
     11.725      0.034     4.3114     39.969    122.435  90.474283     0.5616      6.767   285.0532 1.5144e-01     1.9185     11.501     16.681    11.9344 0.0000e+00
