Data/DataNotYetUploadedToEDI/Raw_CTD/RawDownloads/091520_fcr50_0001.cnv
* Sea-Bird SBE19plus  Data File:
* FileName = C:\DATA\091520_fcr50_0001.hex
* Software version 2.8.0.119
* Temperature SN = 7809
* Conductivity SN = 7809
* System UpLoad Time = Sep 15 2020 08:52:47
* <ApplicationData>
* <Seaterm232>
# nquan = 16
# nvalues = 4771                        
# units = specified
# name 0 = depFM: Depth [fresh water, m]
# name 1 = dz/dtM: Descent Rate [m/s]
# name 2 = sbeox0ML/L: Oxygen, SBE 43 [ml/l]
# name 3 = sbeox0PS: Oxygen, SBE 43 [% saturation]
# name 4 = specc: Specific Conductance [uS/cm]
# name 5 = c0uS/cm: Conductivity [uS/cm]
# name 6 = flECO-AFL: Fluorescence, WET Labs ECO-AFL/FL [mg/m^3]
# name 7 = ph: pH
# name 8 = orp: Oxidation Reduction Potential [mV]
# name 9 = par/sat/log: PAR/Logarithmic, Satlantic
# name 10 = turbWETntu0: Turbidity, WET Labs ECO [NTU]
# name 11 = prdM: Pressure, Strain Gauge [db]
# name 12 = prdE: Pressure, Strain Gauge [psi]
# name 13 = tv290C: Temperature [ITS-90, deg C]
# name 14 = density00: Density [density, kg/m^3]
# name 15 = flag:  0.000e+00
# span 0 =     -0.575,      9.647       
# span 1 =     -4.170,      4.470       
# span 2 =     0.0287,     6.9325       
# span 3 =      0.398,    111.624       
# span 4 =      0.850,    249.215       
# span 5 =   0.645554, 184.685664       
# span 6 =    -0.9947,    29.5440       
# span 7 =     14.920,     15.601       
# span 8 = -1240.7455,  1240.2295       
# span 9 = 1.2351e-01, 2.1437e+02       
# span 10 =    -0.3712,   455.7147      
# span 11 =     -0.564,      9.461      
# span 12 =     -0.818,     13.722      
# span 13 =    11.8169,    23.3744      
# span 14 =   997.4708,   999.6422      
# span 15 = 0.0000e+00, 0.0000e+00      
# interval = seconds: 0.25
# start_time = Sep 14 2020 19:20:40 [Instrument's time stamp, header]
# bad_flag = -9.990e-29
*END*
[from data line 3888]
      8.882 -1.768e-09     0.0350      0.502     83.848  61.782569     1.2502     15.346    67.5338 1.2373e-01    16.9930      8.710     12.633    11.8395   999.5906 0.0000e+00
      8.882 -1.608e-10     0.0370      0.513     83.833  61.772381     1.2442     15.346    67.5784 1.2366e-01    17.0196      8.710     12.633    11.8396   999.5906 0.0000e+00
      8.882 -1.461e-11     0.0409      0.523     83.851  61.785308     1.2189     15.345    67.6744 1.2366e-01    16.9960      8.709     12.632    11.8394   999.5906 0.0000e+00
      8.882 -1.329e-12     0.0381      0.526     83.887  61.811786     1.1639     15.345    67.7486 1.2366e-01    16.9143      8.710     12.633    11.8392   999.5907 0.0000e+00
      8.882 -1.256e-13     0.0371      0.501     83.923  61.838360     1.1326     15.345    67.7006 1.2365e-01    16.8555      8.710     12.633    11.8393   999.5906 0.0000e+00
      8.881 -6.380e-14     0.0392      0.450     83.942  61.852443     1.1351     15.345    67.6104 1.2365e-01    16.8350      8.710     12.632    11.8394   999.5906 0.0000e+00
      8.881 -5.820e-13     0.0395      0.421     83.946  61.854973     1.1469     15.345    67.5186 1.2370e-01    16.8717      8.709     12.632    11.8393   999.5906 0.0000e+00
      8.881 -6.391e-12     0.0406      0.428     83.965  61.868952     1.1804     15.345    67.4513 1.2375e-01    16.9902      8.709     12.632    11.8393   999.5906 0.0000e+00
      8.881 -7.031e-11     0.0393      0.429     83.999  61.894370     1.2150     15.345    67.3989 1.2376e-01    17.0658      8.710     12.632    11.8393   999.5907 0.0000e+00
      8.881 -7.734e-10     0.0330      0.418     84.018  61.908139     1.2222     15.345    67.3145 1.2376e-01    17.0990      8.710     12.632    11.8394   999.5907 0.0000e+00
      8.881 -8.507e-09     0.0300      0.430     84.018  61.908347     1.2003     15.345    67.3777 1.2376e-01    17.1180      8.709     12.632    11.8393   999.5907 0.0000e+00
      8.882 -9.358e-08     0.0332      0.464     84.002  61.896887     1.1791     15.345    67.5615 1.2372e-01    17.0887      8.710     12.633    11.8393   999.5907 0.0000e+00
      8.882     -0.000     0.0332      0.485     84.002  61.896660     1.1757     15.344    67.4714 1.2370e-01    17.0879      8.710     12.633    11.8392   999.5907 0.0000e+00
      8.881     -0.000     0.0308      0.501     84.015  61.905603     1.1785     15.344    67.0619 1.2372e-01    17.1083      8.709     12.632    11.8393   999.5907 0.0000e+00
      8.881     -0.000     0.0315      0.529     83.977  61.877936     1.1938     15.344    66.8267 1.2372e-01    17.1293      8.710     12.632    11.8394   999.5907 0.0000e+00
      8.881     -0.001     0.0361      0.546     83.893  61.816310     1.2087     15.343    66.9505 1.2370e-01    17.1018      8.710     12.633    11.8394   999.5907 0.0000e+00
      8.881     -0.005     0.0371      0.552     83.693  61.668812     1.2059     15.343    67.0957 1.2368e-01    17.0160      8.710     12.632    11.8392   999.5907 0.0000e+00
      8.881     -0.011     0.0367      0.556     83.367  61.428915     1.1974     15.344    67.0342 1.2367e-01    16.9854      8.710     12.633    11.8393   999.5907 0.0000e+00
      8.880     -0.019     0.0408      0.546     83.143  61.266741     1.1915     15.344    66.9804 1.2368e-01    17.0061      8.709     12.632    11.8394   999.5907 0.0000e+00
      8.876     -0.029     0.0417      0.522     83.088  61.232958     1.1829     15.345    67.1341 1.2369e-01    16.9576      8.707     12.628    11.8392   999.5907 0.0000e+00
      8.867     -0.043     0.0412      0.487     83.304  61.401698     1.1704     15.345    67.2586 1.2369e-01    16.8110      8.697     12.614    11.8392   999.5906 0.0000e+00
      8.854     -0.063     0.0431      0.457     83.889  61.845526     1.1534     15.344    67.1947 1.2374e-01    16.6746      8.684     12.595    11.8391   999.5903 0.0000e+00
      8.839     -0.085     0.0412      0.455     84.285  62.151368     1.1312     15.344    67.0502 1.2382e-01    16.6141      8.670     12.575    11.8406   999.5900 0.0000e+00
      8.819     -0.104     0.0402      0.476     84.039  61.986108     1.0833     15.343    67.1454 1.2382e-01    16.7656      8.652     12.549    11.8447   999.5895 0.0000e+00
      8.787     -0.115     0.0367      0.496     83.527  61.626572     1.0129     15.342    67.4852 1.2381e-01    17.0981      8.622     12.505    11.8504   999.5887 0.0000e+00
      8.745     -0.116     0.0334      0.490     83.235  61.426136     0.9853     15.342    67.6319 1.2380e-01    17.3049      8.577     12.439    11.8584   999.5879 0.0000e+00
      8.702     -0.107     0.0340      0.472     83.198  61.405365     1.0068     15.343    67.5424 1.2379e-01    17.3430      8.529     12.370    11.8663   999.5870 0.0000e+00
      8.671     -0.090     0.0356      0.476     83.162  61.375441     1.1017     15.343    67.5219 1.2377e-01    17.3871      8.497     12.324    11.8758   999.5856 0.0000e+00
      8.654     -0.067     0.0388      0.500     82.928  61.191392     1.2552     15.343    67.7280 1.2374e-01    17.4603      8.484     12.305    11.8884   999.5839 0.0000e+00
      8.646     -0.042     0.0376      0.524     82.719  61.022685     1.3268     15.343    67.8832 1.2375e-01    17.4731      8.477     12.295    11.8986   999.5826 0.0000e+00
      8.643     -0.024     0.0346      0.549     82.860  61.114707     1.3381     15.343    67.8494 1.2377e-01    17.4732      8.474     12.290    11.9022   999.5822 0.0000e+00
      8.644     -0.018     0.0352      0.565     83.100  61.287381     1.3546     15.343    67.7499 1.2374e-01    17.4275      8.477     12.294    11.9001   999.5825 0.0000e+00
      8.644     -0.023     0.0384      0.562     82.979  61.204276     1.3448     15.343    67.6269 1.2365e-01    17.2630      8.478     12.296    11.8924   999.5832 0.0000e+00
      8.643     -0.037     0.0394      0.558     82.510  60.872377     1.3246     15.343    67.6518 1.2360e-01    17.1329      8.477     12.295    11.8824   999.5842 0.0000e+00
      8.636     -0.056     0.0416      0.553     82.002  60.514921     1.3100     15.343    67.8794 1.2370e-01    17.0908      8.474     12.289    11.8744   999.5852 0.0000e+00
      8.618     -0.076     0.0438      0.543     81.703  60.313383     1.3020     15.343    67.9701 1.2377e-01    17.0628      8.456     12.263    11.8699   999.5858 0.0000e+00
      8.590     -0.094     0.0421      0.533     81.631  60.278205     1.3134     15.343    67.8023 1.2372e-01    16.9995      8.425     12.219    11.8748   999.5851 0.0000e+00
      8.558     -0.106     0.0423      0.523     81.444  60.153156     1.3343     15.342    67.7437 1.2372e-01    16.9095      8.392     12.172    11.8851   999.5835 0.0000e+00
      8.528     -0.111     0.0421      0.518     81.063  59.881549     1.3442     15.341    67.8631 1.2377e-01    16.8329      8.363     12.129    11.8947   999.5820 0.0000e+00
      8.496     -0.107     0.0409      0.530     80.757  59.662744     1.3473     15.341    67.8696 1.2375e-01    16.7944      8.333     12.086    11.9075   999.5804 0.0000e+00
      8.465     -0.098     0.0403      0.549     80.501  59.477210     1.3433     15.341    67.6501 1.2377e-01    16.8555      8.300     12.037    11.9194   999.5789 0.0000e+00
      8.440     -0.088     0.0396      0.565     80.159  59.226635     1.3340     15.341    67.5316 1.2378e-01    16.9881      8.273     11.998    11.9267   999.5779 0.0000e+00
      8.424     -0.079     0.0383      0.586     79.829  58.983820     1.3404     15.341    67.7280 1.2369e-01    17.0937      8.260     11.980    11.9329   999.5769 0.0000e+00
      8.410     -0.072     0.0397      0.607     79.704  58.892074     1.3530     15.342    67.8735 1.2361e-01    17.1368      8.249     11.964    11.9378   999.5763 0.0000e+00
      8.394     -0.067     0.0419      0.613     79.688  58.879739     1.3337     15.342    67.7417 1.2361e-01    17.1657      8.233     11.940    11.9398   999.5759 0.0000e+00
      8.376     -0.065     0.0421      0.615     79.542  58.771147     1.2886     15.340    67.5977 1.2360e-01    17.2017      8.214     11.912    11.9408   999.5756 0.0000e+00
      8.358     -0.061     0.0442      0.641     79.218  58.532073     1.2659     15.340    67.5952 1.2356e-01    17.2292      8.196     11.888    11.9415   999.5753 0.0000e+00
      8.340     -0.054     0.0464      0.682     78.875  58.276244     1.2686     15.341    67.6247 1.2363e-01    17.2577      8.180     11.864    11.9417   999.5751 0.0000e+00
      8.323     -0.047     0.0466      0.698     78.720  58.155640     1.3025     15.341    67.5249 1.2373e-01    17.2375      8.160     11.835    11.9412   999.5751 0.0000e+00
      8.312     -0.042     0.0453      0.688     78.643  58.090345     1.3708     15.341    67.4204 1.2374e-01    17.1571      8.147     11.817    11.9407   999.5750 0.0000e+00
      8.309     -0.041     0.0475      0.686     78.524  57.995000     1.4074     15.341    67.4795 1.2372e-01    17.0756      8.149     11.819    11.9411   999.5749 0.0000e+00
      8.306     -0.043     0.0526      0.691     78.476  57.955768     1.4014     15.342    67.6370 1.2371e-01    17.0412      8.151     11.821    11.9408   999.5747 0.0000e+00
      8.296     -0.047     0.0537      0.681     78.446  57.933636     1.3843     15.342    67.7770 1.2371e-01    17.1183      8.139     11.804    11.9362   999.5752 0.0000e+00
      8.279     -0.054     0.0513      0.658     78.336  57.854465     1.3622     15.342    67.7099 1.2372e-01    17.2873      8.120     11.776    11.9296   999.5758 0.0000e+00
      8.261     -0.060     0.0515      0.640     78.206  57.760874     1.3542     15.341    67.5995 1.2369e-01    17.4019      8.102     11.750    11.9248   999.5763 0.0000e+00
      8.244     -0.065     0.0527      0.623     78.110  57.691443     1.3546     15.341    67.6469 1.2367e-01    17.4063      8.084     11.725    11.9222   999.5765 0.0000e+00
      8.226     -0.065     0.0522      0.615     78.053  57.650274     1.3481     15.341    67.7659 1.2369e-01    17.3399      8.067     11.700    11.9220   999.5764 0.0000e+00
      8.210     -0.063     0.0491      0.614     78.046  57.644277     1.3421     15.342    67.8339 1.2371e-01    17.2171      8.050     11.676    11.9236   999.5761 0.0000e+00
      8.195     -0.059     0.0487      0.610     78.012  57.618934     1.3485     15.342    67.7810 1.2376e-01    17.1234      8.036     11.655    11.9256   999.5757 0.0000e+00
      8.180     -0.055     0.0469      0.620     77.896  57.534436     1.3589     15.342    67.7288 1.2376e-01    17.1332      8.022     11.636    11.9272   999.5754 0.0000e+00
      8.165     -0.055     0.0457      0.619     77.776  57.448485     1.3530     15.342    67.6329 1.2369e-01    17.1297      8.007     11.613    11.9275   999.5753 0.0000e+00
      8.153     -0.057     0.0475      0.608     77.631  57.342048     1.3058     15.342    67.2239 1.2371e-01    17.0478      7.993     11.592    11.9270   999.5753 0.0000e+00
      8.143     -0.059     0.0445      0.604     77.441  57.200432     1.2272     15.342    66.7417 1.2375e-01    17.0005      7.986     11.583    11.9263   999.5754 0.0000e+00
      8.130     -0.059     0.0479      0.586     77.350  57.133809     1.1751     15.341    66.7067 1.2369e-01    17.0036      7.977     11.569    11.9271   999.5751 0.0000e+00
      8.109     -0.054     0.0473      0.567     77.315  57.108263     1.1711     15.341    67.0584 1.2360e-01    17.0166      7.953     11.536    11.9296   999.5748 0.0000e+00
      8.088     -0.046     0.0448      0.567     77.023  56.891558     1.1984     15.341    67.4668 1.2368e-01    16.9525      7.927     11.498    11.9296   999.5746 0.0000e+00
      8.074     -0.036     0.0468      0.561     76.558  56.546477     1.2196     15.341    67.7729 1.2379e-01    16.7434      7.913     11.478    11.9281   999.5746 0.0000e+00
      8.069     -0.022     0.0443      0.526     76.229  56.302765     1.2172     15.342    67.8334 1.2375e-01    16.5830      7.910     11.473    11.9288   999.5745 0.0000e+00
      8.069     -0.008     0.0419      0.505     75.963  56.104698     1.2070     15.342    67.7685 1.2370e-01    16.5584      7.913     11.477    11.9301   999.5744 0.0000e+00
      8.072     -0.000     0.0429      0.540     75.901  56.057381     1.2020     15.341    67.8490 1.2369e-01    16.6166      7.916     11.481    11.9288   999.5745 0.0000e+00
      8.076     -0.005     0.0440      0.587     76.148  56.238843     1.2040     15.341    68.0324 1.2370e-01    16.7724      7.920     11.486    11.9274   999.5744 0.0000e+00
      8.080     -0.021     0.0394      0.599     76.354  56.393027     1.2025     15.341    68.0066 1.2369e-01    16.8974      7.925     11.494    11.9271   999.5743 0.0000e+00
      8.080     -0.045     0.0358      0.609     76.438  56.460565     1.2032     15.341    67.8819 1.2365e-01    16.8910      7.928     11.499    11.9261   999.5744 0.0000e+00
      8.069     -0.068     0.0403      0.612     76.547  56.547251     1.1740     15.341    68.0733 1.2367e-01    16.7295      7.920     11.487    11.9251   999.5743 0.0000e+00
      8.043     -0.082     0.0465      0.575     76.631  56.615322     1.0978     15.341    68.4274 1.2374e-01    16.4898      7.893     11.448    11.9239   999.5745 0.0000e+00
      8.004     -0.086     0.0448      0.562     76.585  56.584836     1.0543     15.341    68.5490 1.2375e-01    16.3614      7.849     11.384    11.9245   999.5743 0.0000e+00
      7.966     -0.080     0.0452      0.584     76.466  56.496278     1.0678     15.341    68.3400 1.2367e-01    16.3450      7.806     11.322    11.9288   999.5737 0.0000e+00
      7.943     -0.066     0.0494      0.580     76.301  56.370402     1.1082     15.341    68.1365 1.2362e-01    16.3603      7.782     11.287    11.9338   999.5730 0.0000e+00
      7.938     -0.049     0.0417      0.571     76.171  56.269845     1.1419     15.341    68.1542 1.2365e-01    16.3402      7.781     11.286    11.9379   999.5726 0.0000e+00
      7.941     -0.034     0.0403      0.588     76.127  56.233307     1.1322     15.341    68.2101 1.2365e-01    16.3077      7.789     11.297    11.9407   999.5723 0.0000e+00
      7.941     -0.025     0.0466      0.623     75.888  56.055669     1.1156     15.341    68.2099 1.2362e-01    16.3449      7.790     11.298    11.9406   999.5723 0.0000e+00
      7.935     -0.024     0.0431      0.645     75.507  55.773638     1.1222     15.341    68.2374 1.2364e-01    16.3778      7.784     11.289    11.9369   999.5726 0.0000e+00
      7.923     -0.028     0.0425      0.643     75.383  55.681826     1.1354     15.341    68.2850 1.2372e-01    16.3282      7.770     11.270    11.9329   999.5729 0.0000e+00
      7.910     -0.034     0.0435      0.619     75.505  55.771378     1.1414     15.342    68.3553 1.2380e-01    16.1914      7.754     11.246    11.9308   999.5731 0.0000e+00
      7.901     -0.041     0.0477      0.594     75.685  55.903565     1.1279     15.342    68.4853 1.2377e-01    16.0631      7.746     11.233    11.9300   999.5731 0.0000e+00
      7.897     -0.048     0.0494      0.589     75.829  56.009639     1.1061     15.341    68.5661 1.2369e-01    16.0475      7.745     11.232    11.9299   999.5729 0.0000e+00
      7.890     -0.057     0.0489      0.581     75.779  55.974019     1.0970     15.341    68.3857 1.2367e-01    16.1060      7.742     11.229    11.9298   999.5728 0.0000e+00
      7.874     -0.070     0.0474      0.579     75.527  55.790509     1.0930     15.342    68.1967 1.2371e-01    16.1866      7.725     11.203    11.9293   999.5729 0.0000e+00
      7.850     -0.088     0.0431      0.589     75.221  55.569471     1.0875     15.342    68.6034 1.2372e-01    16.1979      7.698     11.164    11.9289   999.5729 0.0000e+00
