Data/DataNotYetUploadedToEDI/Raw_CTD/RawDownloads/091520_fcr50_0001.cnv
* Sea-Bird SBE19plus  Data File:
* FileName = C:\DATA\091520_fcr50_0001.hex
* Software version 2.8.0.119
* Temperature SN = 7809
* Conductivity SN = 7809
* System UpLoad Time = Sep 15 2020 08:52:47
* <ApplicationData>
* <Seaterm232>
# nquan = 16
# nvalues = 4771                        
# units = specified
# name 0 = depFM: Depth [fresh water, m]
# name 1 = dz/dtM: Descent Rate [m/s]
# name 2 = sbeox0ML/L: Oxygen, SBE 43 [ml/l]
# name 3 = sbeox0PS: Oxygen, SBE 43 [% saturation]
# name 4 = specc: Specific Conductance [uS/cm]
# name 5 = c0uS/cm: Conductivity [uS/cm]
# name 6 = flECO-AFL: Fluorescence, WET Labs ECO-AFL/FL [mg/m^3]
# name 7 = ph: pH
# name 8 = orp: Oxidation Reduction Potential [mV]
# name 9 = par/sat/log: PAR/Logarithmic, Satlantic
# name 10 = turbWETntu0: Turbidity, WET Labs ECO [NTU]
# name 11 = prdM: Pressure, Strain Gauge [db]
# name 12 = prdE: Pressure, Strain Gauge [psi]
# name 13 = tv290C: Temperature [ITS-90, deg C]
# name 14 = density00: Density [density, kg/m^3]
# name 15 = flag:  0.000e+00
# span 0 =     -0.575,      9.647       
# span 1 =     -4.170,      4.470       
# span 2 =     0.0287,     6.9325       
# span 3 =      0.398,    111.624       
# span 4 =      0.850,    249.215       
# span 5 =   0.645554, 184.685664       
# span 6 =    -0.9947,    29.5440       
# span 7 =     14.920,     15.601       
# span 8 = -1240.7455,  1240.2295       
# span 9 = 1.2351e-01, 2.1437e+02       
# span 10 =    -0.3712,   455.7147      
# span 11 =     -0.564,      9.461      
# span 12 =     -0.818,     13.722      
# span 13 =    11.8169,    23.3744      
# span 14 =   997.4708,   999.6422      
# span 15 = 0.0000e+00, 0.0000e+00      
# interval = seconds: 0.25
# start_time = Sep 14 2020 19:20:40 [Instrument's time stamp, header]
# bad_flag = -9.990e-29
*END*
[from data line 2622]
      9.647 -7.263e-10     0.0361      0.483    185.233 137.149379     2.2299     15.386    58.9247 1.2378e-01     7.5488      9.461     13.722    12.0270   999.6099 0.0000e+00
      9.647 -8.156e-09     0.0393      0.498    184.195 136.384649     2.2289     15.385    57.8360 1.2376e-01     7.5649      9.460     13.721    12.0218   999.6101 0.0000e+00
      9.647 -8.973e-08     0.0389      0.516    183.113 135.589649     2.2343     15.384    56.8520 1.2378e-01     7.6176      9.460     13.721    12.0192   999.6099 0.0000e+00
      9.647 -9.870e-07     0.0375      0.511    182.219 134.935079     2.2374     15.384    56.1470 1.2378e-01     7.6706      9.460     13.721    12.0178   999.6107 0.0000e+00
      9.647      0.000     0.0351      0.500    180.972 134.018502     2.2376     15.384    55.7652 1.2373e-01     7.6566      9.460     13.721    12.0171   999.6109 0.0000e+00
      9.647      0.000     0.0374      0.500    180.010 133.307561     2.2565     15.384    55.6770 1.2364e-01     7.3445      9.460     13.721    12.0187   999.6100 0.0000e+00
      9.647     -0.001     0.0402      0.515    178.446 132.142051     2.2843     15.384    55.6825 1.2359e-01     6.7815      9.460     13.721    12.0207   999.6094 0.0000e+00
      9.647     -0.004     0.0384      0.547    171.014 126.621220     2.2970     15.385    55.7463 1.2367e-01     6.4796      9.460     13.720    12.0226   999.6089 0.0000e+00
      9.647     -0.009     0.0373      0.571    159.921 118.376447     2.2863     15.386    56.0183 1.2373e-01     6.5106      9.460     13.721    12.0250   999.6082 0.0000e+00
      9.646     -0.014     0.0373      0.561    157.821 116.774138     2.1837     15.388    56.2183 1.2370e-01     7.3624      9.460     13.721    12.0259   999.6075 0.0000e+00
      9.641     -0.019     0.0384      0.551    165.333 122.289754     2.0202     15.388    56.2716 1.2368e-01     8.9851      9.457     13.716    12.0237   999.6084 0.0000e+00
      9.634     -0.030     0.0409      0.550    168.376 124.526491     1.9496     15.388    55.7160 1.2371e-01     9.8910      9.448     13.703    12.0191   999.6063 0.0000e+00
      9.625     -0.053     0.0451      0.526    160.252 118.519783     1.9489     15.387    54.7486 1.2369e-01     9.9722      9.438     13.689    12.0102   999.6002 0.0000e+00
      9.618     -0.093     0.0419      0.512    147.205 108.860018     1.8975     15.386    53.7811 1.2370e-01    10.0697      9.433     13.681    11.9929   999.6013 0.0000e+00
      9.607     -0.151     0.0405      0.506    135.924 100.487280     1.8050     15.386    52.7941 1.2378e-01    10.3144      9.427     13.672    11.9758   999.6089 0.0000e+00
      9.577     -0.224     0.0436      0.492    127.316  94.084398     1.7655     15.387    52.5379 1.2378e-01    10.4944      9.404     13.639    11.9739   999.6110 0.0000e+00
      9.517     -0.301     0.0385      0.512    120.550  89.050870     1.7725     15.387    52.2321 1.2373e-01    10.5630      9.347     13.557    11.9786   999.6059 0.0000e+00
      9.418     -0.371     0.0379      0.533    113.807  84.046171     1.7276     15.388    51.0754 1.2368e-01    10.8344      9.246     13.411    11.9755   999.5998 0.0000e+00
      9.289     -0.421     0.0400      0.526    107.597  79.440204     1.6427     15.389    50.1677 1.2366e-01    11.3044      9.112     13.215    11.9623   999.5970 0.0000e+00
      9.152     -0.439     0.0345      0.536    104.137  76.867146     1.6137     15.389    49.5172 1.2369e-01    11.6104      8.972     13.013    11.9447   999.5952 0.0000e+00
      9.022     -0.420     0.0388      0.552     99.221  73.224058     1.6062     15.389    48.6306 1.2377e-01    11.7543      8.843     12.828    11.9309   999.5940 0.0000e+00
      8.907     -0.365     0.0425      0.557     92.676  68.386656     1.4368     15.389    47.9660 1.2382e-01    12.5630      8.726     12.656    11.9210   999.5925 0.0000e+00
      8.813     -0.288     0.0380      0.591     90.556  66.819908     1.1296     15.389    48.3642 1.2377e-01    14.0405      8.633     12.522    11.9123   999.5895 0.0000e+00
      8.747     -0.208     0.0403      0.661     91.570  67.568227     0.9621     15.389    50.0036 1.2369e-01    14.8560      8.568     12.427    11.9031   999.5904 0.0000e+00
      8.713     -0.134     0.0428      0.716     91.850  67.773792     0.9570     15.388    51.5256 1.2369e-01    14.9732      8.532     12.375    11.8953   999.5897 0.0000e+00
      8.708     -0.074     0.0411      0.767     90.569  66.826550     1.0015     15.388    51.7967 1.2369e-01    15.2857      8.536     12.381    11.8910   999.5859 0.0000e+00
      8.713     -0.031     0.0426      0.830     88.198  65.076756     1.0996     15.387    51.5602 1.2365e-01    15.8542      8.549     12.399    11.8908   999.5861 0.0000e+00
      8.715     -0.006     0.0515      0.887     87.122  64.285147     1.1902     15.387    52.1934 1.2364e-01    16.1808      8.548     12.398    11.8918   999.5870 0.0000e+00
      8.714      0.004     0.0544      0.966     88.185  65.072072     1.2289     15.387    53.5167 1.2364e-01    16.2137      8.544     12.391    11.8909   999.5870 0.0000e+00
      8.715      0.005     0.0566      1.053     88.510  65.313052     1.2335     15.387    54.0519 1.2366e-01    16.1836      8.546     12.394    11.8896   999.5868 0.0000e+00
      8.718      0.005     0.0643      1.135     87.363  64.466298     1.1985     15.387    54.1905 1.2370e-01    16.1592      8.551     12.402    11.8892   999.5856 0.0000e+00
      8.719      0.005     0.0655      1.255     86.453  63.794780     1.1583     15.387    54.9344 1.2369e-01    16.2281      8.551     12.403    11.8906   999.5848 0.0000e+00
      8.720      0.005     0.0725      1.379     85.772  63.294628     1.1568     15.387    55.6471 1.2367e-01    16.3636      8.550     12.401    11.8932   999.5856 0.0000e+00
      8.721      0.004     0.0813      1.460     85.103  62.803713     1.1718     15.386    56.0102 1.2367e-01    16.4588      8.553     12.404    11.8934   999.5858 0.0000e+00
      8.723      0.003     0.0830      1.525     85.118  62.815726     1.1773     15.386    56.0552 1.2370e-01    16.3495      8.555     12.408    11.8920   999.5850 0.0000e+00
      8.724      0.003     0.0949      1.564     85.964  63.439829     1.1649     15.387    56.0194 1.2372e-01    16.0727      8.555     12.408    11.8926   999.5848 0.0000e+00
      8.724      0.003     0.1067      1.567     86.718  63.995095     1.1469     15.387    56.5237 1.2373e-01    15.8932      8.555     12.408    11.8943   999.5845 0.0000e+00
      8.725      0.007     0.1095      1.547     86.125  63.556012     1.1409     15.387    57.3346 1.2371e-01    15.8949      8.556     12.409    11.8956   999.5839 0.0000e+00
      8.725      0.017     0.1164      1.506     84.804  62.578904     1.1593     15.388    57.3912 1.2370e-01    16.0592      8.557     12.410    11.8964   999.5838 0.0000e+00
      8.725      0.035     0.1194      1.450     85.872  63.364948     1.1973     15.388    56.8640 1.2369e-01    16.3005      8.556     12.409    11.8965   999.5842 0.0000e+00
      8.728      0.053     0.1184      1.398     88.334  65.179718     1.2183     15.388    57.0690 1.2369e-01    16.4090      8.557     12.410    11.8959   999.5847 0.0000e+00
      8.741      0.065     0.1179      1.364     88.110  65.011711     1.2233     15.388    57.8920 1.2372e-01    16.4783      8.563     12.419    11.8945   999.5848 0.0000e+00
      8.772      0.069     0.1139      1.321     88.039  64.956316     1.2388     15.388    58.1240 1.2374e-01    17.7560      8.598     12.470    11.8931   999.5839 0.0000e+00
      8.812      0.067     0.1098      1.268     90.882  67.051123     1.2628     15.388    57.6374 1.2373e-01    20.2197      8.650     12.545    11.8920   999.5846 0.0000e+00
      8.834      0.059     0.1043      1.218     91.699  67.650606     1.2842     15.387    57.6012 1.2373e-01    21.6493      8.674     12.580    11.8913   999.5870 0.0000e+00
      8.836      0.043     0.1038      1.158     89.004  65.658970     1.2971     15.387    58.0298 1.2376e-01    22.0976      8.665     12.569    11.8897   999.5863 0.0000e+00
      8.835      0.024     0.1004      1.099     86.853  64.071085     1.2653     15.388    58.1743 1.2380e-01    25.0569      8.662     12.563    11.8873   999.5855 0.0000e+00
      8.839      0.009     0.0948      1.056     86.096  63.514085     1.1865     15.388    58.3163 1.2377e-01    30.4102      8.669     12.573    11.8866   999.5882 0.0000e+00
      8.841      0.003     0.0934      1.016     85.301  62.927875     1.1357     15.387    58.7130 1.2375e-01    33.3328      8.672     12.577    11.8848   999.5888 0.0000e+00
      8.840      0.002     0.0870      0.965     84.565  62.384642     1.1285     15.387    59.6156 1.2376e-01    33.8547      8.668     12.572    11.8815   999.5872 0.0000e+00
      8.840      0.002     0.0827      0.905     84.172  62.093042     1.1190     15.388    60.7115 1.2379e-01    37.1326      8.669     12.573    11.8812   999.5866 0.0000e+00
      8.841      0.001     0.0795      0.869     83.885  61.880340     1.1059     15.388    60.9510 1.2383e-01    43.1643      8.672     12.577    11.8826   999.5865 0.0000e+00
      8.841      0.001     0.0774      0.879     83.754  61.782685     1.0948     15.388    60.7043 1.2378e-01    46.4273      8.670     12.576    11.8834   999.5860 0.0000e+00
      8.841      0.001     0.0734      0.911     83.781  61.801893     1.0793     15.387    61.4284 1.2369e-01    46.6465      8.669     12.574    11.8832   999.5856 0.0000e+00
      8.842      0.001     0.0679      0.924     83.859  61.858410     1.0715     15.386    62.8227 1.2372e-01    46.5350      8.671     12.577    11.8817   999.5858 0.0000e+00
      8.843      0.001     0.0639      0.910     83.994  61.957686     1.0756     15.386    63.2804 1.2379e-01    45.5609      8.672     12.578    11.8807   999.5858 0.0000e+00
      8.842      0.001     0.0656      0.911     84.118  62.049108     1.0911     15.386    63.0899 1.2376e-01    43.7954      8.671     12.576    11.8810   999.5857 0.0000e+00
      8.842      0.001     0.0700      0.957     84.068  62.010652     1.1067     15.386    63.5311 1.2369e-01    42.8011      8.671     12.577    11.8804   999.5859 0.0000e+00
      8.843      0.001     0.0705      0.987     83.972  61.937514     1.1120     15.386    64.3993 1.2365e-01    42.2940      8.672     12.578    11.8792   999.5860 0.0000e+00
      8.843      0.001     0.0690      0.966     84.047  61.990844     1.0983     15.386    64.8103 1.2363e-01    37.8007      8.672     12.578    11.8791   999.5860 0.0000e+00
      8.843      0.001     0.0660      0.950     84.175  62.083583     1.0748     15.386    64.8017 1.2365e-01    29.6382      8.671     12.577    11.8793   999.5861 0.0000e+00
      8.844      0.001     0.0734      0.967     84.207  62.105681     1.0656     15.386    64.7251 1.2371e-01    25.2105      8.673     12.578    11.8785   999.5861 0.0000e+00
      8.844      0.001     0.0770      0.996     84.157  62.067406     1.0730     15.387    64.7449 1.2374e-01    24.7450      8.673     12.579    11.8767   999.5863 0.0000e+00
      8.844      0.001     0.0724      1.026     84.157  62.065596     1.1061     15.387    65.1269 1.2374e-01    23.8374      8.672     12.578    11.8756   999.5864 0.0000e+00
      8.845      0.001     0.0705      1.032     84.268  62.147329     1.1515     15.386    65.0415 1.2376e-01    22.2361      8.674     12.580    11.8750   999.5866 0.0000e+00
      8.845      0.001     0.0733      1.005     84.377  62.229579     1.1646     15.386    64.2292 1.2376e-01    21.3489      8.674     12.580    11.8740   999.5867 0.0000e+00
      8.845      0.000     0.0750      1.008     84.467  62.297567     1.1503     15.386    63.9101 1.2371e-01    21.1788      8.674     12.580    11.8727   999.5869 0.0000e+00
      8.845 4.2828e-07     0.0776      1.028     84.428  62.270391     1.1503     15.386    64.3661 1.2367e-01    20.6603      8.674     12.580    11.8717   999.5869 0.0000e+00
      8.845      0.000     0.0807      1.008     84.272  62.155173     1.1553     15.386    64.5803 1.2372e-01    19.7836      8.674     12.580    11.8714   999.5870 0.0000e+00
      8.845      0.000     0.0739      0.981     84.303  62.175334     1.1524     15.386    64.0051 1.2378e-01    19.2986      8.674     12.580    11.8727   999.5870 0.0000e+00
      8.845      0.001     0.0751      0.969     84.596  62.387070     1.1534     15.386    63.7782 1.2375e-01    19.1915      8.674     12.580    11.8743   999.5868 0.0000e+00
      8.845      0.001     0.0803      0.943     84.916  62.618319     1.1302     15.386    64.2455 1.2372e-01    18.7972      8.674     12.580    11.8752   999.5867 0.0000e+00
      8.845      0.001     0.0758      0.934     85.095  62.747321     1.0909     15.386    64.5785 1.2369e-01    18.1367      8.674     12.581    11.8754   999.5865 0.0000e+00
      8.845      0.001     0.0731      0.984     85.172  62.803022     1.0794     15.386    64.6224 1.2370e-01    17.7964      8.674     12.581    11.8740   999.5867 0.0000e+00
      8.846      0.001     0.0744      1.010     85.232  62.846984     1.0862     15.386    64.5179 1.2372e-01    17.8075      8.675     12.582    11.8708   999.5872 0.0000e+00
      8.846      0.001     0.0716      0.991     85.216  62.834037     1.0873     15.386    64.5189 1.2369e-01    17.7900      8.675     12.581    11.8677   999.5877 0.0000e+00
      8.846      0.000     0.0670      0.991     85.051  62.710029     1.0927     15.385    65.0651 1.2373e-01    17.6191      8.675     12.582    11.8655   999.5880 0.0000e+00
      8.846 2.2012e-08     0.0760      0.980     85.016  62.682048     1.1222     15.385    65.9591 1.2377e-01    17.3887      8.676     12.583    11.8648   999.5881 0.0000e+00
      8.846 2.4213e-07     0.0791      0.935     85.195  62.813441     1.1492     15.386    66.1225 1.2367e-01    17.2702      8.675     12.582    11.8651   999.5880 0.0000e+00
      8.846 6.1440e-07     0.0723      0.910     85.230  62.837164     1.1522     15.386    65.7495 1.2367e-01    17.2858      8.675     12.582    11.8648   999.5881 0.0000e+00
      8.846      0.000     0.0760      0.905     84.982  62.651155     1.1382     15.386    66.3536 1.2378e-01    17.4063      8.675     12.582    11.8631   999.5882 0.0000e+00
      8.846      0.000     0.0759      0.878     84.569  62.343657     1.1133     15.386    67.7481 1.2379e-01    17.5244      8.675     12.582    11.8617   999.5883 0.0000e+00
      8.846      0.001     0.0694      0.843     84.164  62.042236     1.0894     15.387    68.2418 1.2374e-01    17.5125      8.675     12.582    11.8616   999.5885 0.0000e+00
      8.847      0.001     0.0678      0.851     83.842  61.802585     1.0684     15.387    67.6766 1.2372e-01    17.4681      8.676     12.583    11.8609   999.5886 0.0000e+00
      8.847      0.001     0.0697      0.871     83.492  61.542937     1.0513     15.386    67.6258 1.2373e-01    17.6064      8.676     12.583    11.8587   999.5887 0.0000e+00
      8.847      0.000     0.0673      0.855     83.014  61.190329     1.0545     15.386    68.5737 1.2375e-01    17.8796      8.676     12.583    11.8567   999.5888 0.0000e+00
      8.847 5.5868e-08     0.0614      0.836     82.456  60.779765     1.0785     15.386    69.3297 1.2376e-01    18.0238      8.676     12.584    11.8551   999.5888 0.0000e+00
      8.847 6.1454e-07     0.0636      0.812     82.098  60.518253     1.0926     15.386    69.1944 1.2379e-01    18.0458      8.676     12.584    11.8534   999.5889 0.0000e+00
      8.847      0.000     0.0684      0.786     82.078  60.506407     1.0816     15.386    68.8308 1.2377e-01    17.9744      8.676     12.583    11.8523   999.5889 0.0000e+00
