Data/DataNotYetUploadedToEDI/Raw_CTD/RawDownloads/091520_fcr50_0001.cnv
* Sea-Bird SBE19plus  Data File:
* FileName = C:\DATA\091520_fcr50_0001.hex
* Software version 2.8.0.119
* Temperature SN = 7809
* Conductivity SN = 7809
* System UpLoad Time = Sep 15 2020 08:52:47
* <ApplicationData>
* <Seaterm232>
# nquan = 16
# nvalues = 4771                        
# units = specified
# name 0 = depFM: Depth [fresh water, m]
# name 1 = dz/dtM: Descent Rate [m/s]
# name 2 = sbeox0ML/L: Oxygen, SBE 43 [ml/l]
# name 3 = sbeox0PS: Oxygen, SBE 43 [% saturation]
# name 4 = specc: Specific Conductance [uS/cm]
# name 5 = c0uS/cm: Conductivity [uS/cm]
# name 6 = flECO-AFL: Fluorescence, WET Labs ECO-AFL/FL [mg/m^3]
# name 7 = ph: pH
# name 8 = orp: Oxidation Reduction Potential [mV]
# name 9 = par/sat/log: PAR/Logarithmic, Satlantic
# name 10 = turbWETntu0: Turbidity, WET Labs ECO [NTU]
# name 11 = prdM: Pressure, Strain Gauge [db]
# name 12 = prdE: Pressure, Strain Gauge [psi]
# name 13 = tv290C: Temperature [ITS-90, deg C]
# name 14 = density00: Density [density, kg/m^3]
# name 15 = flag:  0.000e+00
# span 0 =     -0.575,      9.647       
# span 1 =     -4.170,      4.470       
# span 2 =     0.0287,     6.9325       
# span 3 =      0.398,    111.624       
# span 4 =      0.850,    249.215       
# span 5 =   0.645554, 184.685664       
# span 6 =    -0.9947,    29.5440       
# span 7 =     14.920,     15.601       
# span 8 = -1240.7455,  1240.2295       
# span 9 = 1.2351e-01, 2.1437e+02       
# span 10 =    -0.3712,   455.7147      
# span 11 =     -0.564,      9.461      
# span 12 =     -0.818,     13.722      
# span 13 =    11.8169,    23.3744      
# span 14 =   997.4708,   999.6422      
# span 15 = 0.0000e+00, 0.0000e+00      
# interval = seconds: 0.25
# start_time = Sep 14 2020 19:20:40 [Instrument's time stamp, header]
# bad_flag = -9.990e-29
*END*
[from data line 2984]
      8.866 1.5906e-36     0.0476      0.591     82.084  60.527235     1.6841     15.370    76.4033 1.2382e-01    16.8205      8.694     12.610    11.8607   999.5876 0.0000e+00
      8.866 1.7496e-35     0.0492      0.596     82.075  60.521301     1.6224     15.370    76.2209 1.2382e-01    16.7524      8.695     12.611    11.8622   999.5874 0.0000e+00
      8.866 1.9246e-34     0.0511      0.571     82.099  60.538619     1.5273     15.370    75.5027 1.2376e-01    16.7109      8.695     12.611    11.8636   999.5872 0.0000e+00
      8.866 2.1171e-33     0.0461      0.541     82.110  60.546012     1.4877     15.370    75.2045 1.2370e-01    16.7310      8.695     12.611    11.8651   999.5870 0.0000e+00
      8.867 2.3288e-32     0.0424      0.552     82.112  60.547157     1.4967     15.370    75.3682 1.2370e-01    16.7548      8.695     12.611    11.8662   999.5869 0.0000e+00
      8.867 2.5616e-31     0.0475      0.583     82.121  60.552470     1.4834     15.370    75.4170 1.2375e-01    16.7247      8.695     12.611    11.8667   999.5868 0.0000e+00
      8.867 2.8178e-30     0.0434      0.610     82.114  60.546704     1.4127     15.370    75.1922 1.2373e-01    16.6065      8.695     12.612    11.8667   999.5869 0.0000e+00
      8.867 3.0996e-29     0.0387      0.611     82.108  60.540971     1.3191     15.370    74.9740 1.2368e-01    16.5276      8.695     12.611    11.8664   999.5869 0.0000e+00
      8.867 3.4095e-28     0.0417      0.588     82.116  60.546689     1.2765     15.369    75.2741 1.2370e-01    16.5605      8.695     12.612    11.8659   999.5870 0.0000e+00
      8.867 3.7505e-27     0.0440      0.568     82.124  60.552303     1.2793     15.369    75.8952 1.2374e-01    16.5921      8.695     12.612    11.8653   999.5870 0.0000e+00
      8.867 4.1255e-26     0.0469      0.570     82.115  60.545314     1.2578     15.369    75.8579 1.2376e-01    16.6356      8.695     12.612    11.8645   999.5871 0.0000e+00
      8.867 4.5381e-25     0.0472      0.606     82.088  60.525734     1.1968     15.370    75.3395 1.2376e-01    16.6746      8.696     12.612    11.8640   999.5872 0.0000e+00
      8.867 4.9919e-24     0.0441      0.646     82.062  60.506163     1.1529     15.370    75.6509 1.2377e-01    16.6518      8.695     12.611    11.8637   999.5872 0.0000e+00
      8.867 5.4911e-23     0.0426      0.641     82.052  60.499298     1.1373     15.370    76.6111 1.2381e-01    16.6339      8.696     12.612    11.8635   999.5873 0.0000e+00
      8.867 6.0402e-22     0.0418      0.597     82.061  60.506277     1.1226     15.370    76.8827 1.2380e-01    16.6304      8.696     12.612    11.8634   999.5872 0.0000e+00
      8.867 6.6442e-21     0.0453      0.557     82.089  60.527004     1.1086     15.370    76.4395 1.2374e-01    16.6429      8.696     12.612    11.8632   999.5873 0.0000e+00
      8.867 7.3086e-20     0.0510      0.553     82.131  60.559293     1.1011     15.370    76.3286 1.2369e-01    16.6825      8.695     12.611    11.8633   999.5872 0.0000e+00
      8.867 8.0395e-19     0.0495      0.569     82.156  60.578989     1.0990     15.370    76.8333 1.2373e-01    16.6636      8.696     12.612    11.8634   999.5872 0.0000e+00
      8.867 8.8435e-18     0.0452      0.584     82.146  60.574529     1.1210     15.370    77.2070 1.2378e-01    16.5181      8.695     12.611    11.8633   999.5872 0.0000e+00
      8.867 9.7278e-17     0.0403      0.580     82.132  60.568915     1.1764     15.370    77.1478 1.2382e-01    16.3651      8.696     12.612    11.8638   999.5872 0.0000e+00
      8.867 1.0701e-15     0.0416      0.571     82.134  60.574654     1.2163     15.368    76.8912 1.2384e-01    16.3574      8.695     12.613    11.8645   999.5871 0.0000e+00
      8.867 1.1771e-14     0.0430      0.586     82.135  60.580383     1.2214     15.367    76.7717 1.2382e-01    16.4252      8.696     12.612    11.8653   999.5871 0.0000e+00
      8.867 1.2948e-13     0.0448      0.598     82.121  60.574653     1.2185     15.368    76.9934 1.2379e-01    16.4633      8.696     12.613    11.8674   999.5868 0.0000e+00
      8.867 1.4242e-12     0.0445      0.581     82.108  60.568916     1.2110     15.368    77.2485 1.2379e-01    16.4754      8.696     12.612    11.8701   999.5865 0.0000e+00
      8.868 1.5667e-11     0.0414      0.549     82.112  60.574559     1.1973     15.369    76.9311 1.2376e-01    16.5028      8.696     12.613    11.8727   999.5862 0.0000e+00
      8.868 1.7233e-10     0.0448      0.529     82.115  60.579351     1.1959     15.369    76.3389 1.2371e-01    16.5543      8.696     12.613    11.8754   999.5859 0.0000e+00
      8.868 1.8957e-09     0.0463      0.543     82.092  60.563320     1.2033     15.368    76.4550 1.2368e-01    16.5479      8.696     12.612    11.8781   999.5856 0.0000e+00
      8.868 2.0852e-08     0.0443      0.579     82.105  60.571341     1.2012     15.368    76.8725 1.2373e-01    16.4259      8.696     12.613    11.8808   999.5852 0.0000e+00
      8.868 2.2938e-07     0.0412      0.605     82.167  60.612787     1.2081     15.368    76.4826 1.2383e-01    16.3498      8.696     12.612    11.8829   999.5850 0.0000e+00
      8.868      0.000     0.0387      0.619     82.184  60.619682     1.2196     15.368    75.6981 1.2385e-01    16.3832      8.696     12.613    11.8843   999.5849 0.0000e+00
      8.868      0.000     0.0402      0.620     82.154  60.591155     1.2171     15.368    75.5610 1.2379e-01    16.3488      8.696     12.613    11.8849   999.5848 0.0000e+00
      8.868      0.000     0.0445      0.610     82.154  60.585560     1.2448     15.368    75.8575 1.2372e-01    16.3127      8.696     12.613    11.8840   999.5849 0.0000e+00
      8.868      0.003     0.0458      0.588     82.202  60.615562     1.3156     15.368    75.7560 1.2368e-01    16.3578      8.696     12.612    11.8815   999.5852 0.0000e+00
      8.868      0.037     0.0472      0.553     82.237  60.636212     1.3585     15.368    75.1941 1.2368e-01    16.4129      8.696     12.613    11.8778   999.5857 0.0000e+00
      8.868      0.406     0.0472      0.518     82.254  60.644617     1.3435     15.368    75.0000 1.2372e-01    16.4300      8.696     12.612    11.8739   999.5861 0.0000e+00
      8.868      4.470     0.0463      0.508     82.271  60.653649     1.3055     15.368    75.3020 1.2377e-01    16.3931      8.696     12.613    11.8703   999.5865 0.0000e+00
      8.868      4.470     0.0451      0.537     82.313  60.681874     1.2719     15.368    75.4900 1.2379e-01    16.3795      8.696     12.613    11.8668   999.5869 0.0000e+00
      8.868      0.406     0.0418      0.576     82.384  60.731734     1.2705     15.368    75.3801 1.2373e-01    16.4020      8.696     12.613    11.8638   999.5872 0.0000e+00
      8.868      0.037     0.0385      0.589     82.409  60.748179     1.2895     15.369    75.1783 1.2368e-01    16.4248      8.696     12.613    11.8611   999.5875 0.0000e+00
      8.868      0.003     0.0371      0.578     82.418  60.753642     1.2615     15.369    75.3731 1.2365e-01    16.4154      8.696     12.613    11.8588   999.5878 0.0000e+00
      8.868      0.000     0.0401      0.559     82.478  60.797785     1.1903     15.369    75.8417 1.2361e-01    16.3568      8.695     12.612    11.8573   999.5880 0.0000e+00
      8.868      0.000     0.0449      0.548     82.531  60.837136     1.1441     15.369    75.9402 1.2366e-01    16.2999      8.696     12.613    11.8559   999.5882 0.0000e+00
      8.868      0.000     0.0451      0.541     82.546  60.848205     1.1320     15.370    75.7898 1.2370e-01    16.3104      8.696     12.613    11.8548   999.5883 0.0000e+00
      8.868 2.0854e-07     0.0442      0.534     82.572  60.868082     1.1483     15.370    76.0885 1.2371e-01    16.3813      8.696     12.613    11.8545   999.5883 0.0000e+00
      8.868 1.3995e-10     0.0419      0.544     82.597  60.886857     1.1884     15.369    76.7986 1.2379e-01    16.4368      8.697     12.614    11.8544   999.5884 0.0000e+00
      8.868 1.5395e-09     0.0410      0.548     82.592  60.884586     1.2067     15.368    76.8900 1.2380e-01    16.4318      8.696     12.613    11.8542   999.5884 0.0000e+00
      8.868 1.6934e-08     0.0417      0.551     82.616  60.904170     1.1985     15.368    76.4189 1.2375e-01    16.3887      8.696     12.613    11.8544   999.5884 0.0000e+00
      8.869 1.8627e-07     0.0389      0.563     82.653  60.933022     1.1943     15.369    76.4371 1.2366e-01    16.3966      8.697     12.614    11.8547   999.5884 0.0000e+00
      8.869 1.8627e-07     0.0419      0.553     82.628  60.915742     1.1942     15.369    76.9377 1.2360e-01    16.4928      8.697     12.614    11.8551   999.5884 0.0000e+00
      8.868 1.6934e-08     0.0417      0.533     82.584  60.885859     1.1969     15.368    77.2237 1.2365e-01    16.5908      8.697     12.614    11.8559   999.5882 0.0000e+00
      8.868 1.5395e-09     0.0405      0.539     82.586  60.889400     1.2083     15.367    77.0555 1.2372e-01    16.6199      8.696     12.613    11.8569   999.5882 0.0000e+00
      8.869 1.3995e-10     0.0440      0.549     82.591  60.895026     1.2168     15.368    76.7965 1.2379e-01    16.6048      8.697     12.614    11.8577   999.5881 0.0000e+00
      8.869 1.2723e-11     0.0425      0.551     82.581  60.890349     1.2148     15.368    76.7604 1.2387e-01    16.5801      8.697     12.615    11.8586   999.5880 0.0000e+00
      8.869 1.1566e-12     0.0386      0.556     82.585  60.896389     1.2032     15.368    76.7913 1.2388e-01    16.5614      8.697     12.614    11.8598   999.5878 0.0000e+00
      8.869 1.0515e-13     0.0411      0.545     82.591  60.904524     1.1996     15.368    76.9116 1.2379e-01    16.5844      8.697     12.614    11.8612   999.5877 0.0000e+00
      8.869 9.5590e-15     0.0422      0.543     82.615  60.925166     1.2091     15.368    76.8391 1.2376e-01    16.6178      8.697     12.614    11.8627   999.5875 0.0000e+00
      8.869 8.6900e-16     0.0407      0.567     82.651  60.955361     1.1950     15.368    76.3438 1.2379e-01    16.6213      8.697     12.615    11.8641   999.5874 0.0000e+00
      8.869 7.9000e-17     0.0434      0.585     82.641  60.951924     1.1532     15.368    76.3442 1.2378e-01    16.6273      8.697     12.615    11.8661   999.5871 0.0000e+00
      8.869 7.1820e-18     0.0408      0.595     82.631  60.947152     1.1236     15.368    76.7567 1.2375e-01    16.6221      8.698     12.615    11.8682   999.5869 0.0000e+00
      8.869 6.5290e-19     0.0395      0.590     82.647  60.961206     1.1236     15.368    76.3421 1.2373e-01    16.5923      8.697     12.614    11.8700   999.5867 0.0000e+00
      8.869 5.9355e-20     0.0439      0.568     82.604  60.931227     1.1427     15.368    75.3743 1.2372e-01    16.5408      8.697     12.614    11.8724   999.5864 0.0000e+00
      8.869 5.3960e-21     0.0440      0.556     82.564  60.902375     1.1638     15.368    75.1219 1.2370e-01    16.4813      8.697     12.614    11.8746   999.5862 0.0000e+00
      8.869 4.9052e-22     0.0454      0.553     82.600  60.930052     1.1695     15.367    75.4413 1.2368e-01    16.4219      8.697     12.615    11.8768   999.5859 0.0000e+00
      8.869 4.4593e-23     0.0457      0.540     82.624  60.948185     1.1637     15.367    75.4502 1.2367e-01    16.3375      8.697     12.614    11.8779   999.5858 0.0000e+00
      8.869 4.0539e-24     0.0419      0.518     82.600  60.931001     1.1886     15.367    75.1440 1.2361e-01    16.2855      8.698     12.615    11.8781   999.5858 0.0000e+00
      8.869 3.6854e-25     0.0419      0.513     82.577  60.912897     1.2515     15.367    74.9223 1.2361e-01    16.3079      8.697     12.615    11.8793   999.5856 0.0000e+00
      8.869 3.3503e-26     0.0419      0.526     82.589  60.919907     1.2954     15.368    74.9206 1.2371e-01    16.3683      8.697     12.615    11.8800   999.5856 0.0000e+00
      8.869 3.0458e-27     0.0415      0.533     82.636  60.952210     1.2988     15.368    75.1237 1.2370e-01    16.3969      8.698     12.615    11.8803   999.5855 0.0000e+00
      8.869 2.7689e-28     0.0383      0.529     82.685  60.985770     1.2738     15.368    75.2267 1.2362e-01    16.3794      8.698     12.615    11.8806   999.5855 0.0000e+00
      8.870 2.5172e-29     0.0379      0.522     82.719  61.007986     1.2312     15.367    74.9621 1.2364e-01    16.3623      8.698     12.616    11.8798   999.5856 0.0000e+00
      8.870 2.2883e-30     0.0405      0.525     82.752  61.030203     1.1946     15.366    74.7632 1.2371e-01    16.3618      8.698     12.616    11.8786   999.5857 0.0000e+00
      8.869 2.0803e-31     0.0403      0.547     82.801  61.063779     1.1835     15.366    75.2306 1.2372e-01    16.3742      8.697     12.615    11.8773   999.5859 0.0000e+00
      8.869 1.8912e-32     0.0404      0.578     82.848  61.096252     1.1923     15.366    75.9677 1.2369e-01    16.3745      8.698     12.615    11.8752   999.5861 0.0000e+00
      8.869 1.7192e-33     0.0389      0.577     82.864  61.105128     1.1960     15.366    76.0173 1.2366e-01    16.3999      8.698     12.615    11.8734   999.5863 0.0000e+00
      8.869 1.5629e-34     0.0397      0.564     82.870  61.107554     1.1998     15.366    76.0028 1.2370e-01    16.4406      8.698     12.615    11.8723   999.5865 0.0000e+00
      8.869 1.4209e-35     0.0401      0.564     82.896  61.125588     1.2097     15.366    76.5666 1.2373e-01    16.4211      8.697     12.615    11.8714   999.5866 0.0000e+00
      8.869 1.2917e-36     0.0457      0.545     82.907  61.132556     1.2110     15.366    76.8977 1.2369e-01    16.3697      8.697     12.615    11.8698   999.5868 0.0000e+00
      8.870 1.1743e-37     0.0442      0.540     82.902  61.128266     1.2437     15.367    76.7362 1.2364e-01    16.3684      8.698     12.616    11.8678   999.5870 0.0000e+00
      8.870 1.0675e-38     0.0407      0.550     82.914  61.137250     1.3183     15.367    76.5063 1.2359e-01    16.4049      8.698     12.616    11.8668   999.5871 0.0000e+00
      8.870 9.7050e-40     0.0451      0.552     82.968  61.177642     1.3599     15.367    76.5280 1.2360e-01    16.3998      8.698     12.615    11.8662   999.5872 0.0000e+00
      8.870 8.8225e-41     0.0397      0.555     83.045  61.235411     1.3658     15.366    76.7405 1.2366e-01    16.3403      8.698     12.616    11.8655   999.5873 0.0000e+00
      8.870 8.0205e-42     0.0404      0.538     83.082  61.263872     1.3903     15.366    76.9249 1.2371e-01    16.2698      8.698     12.616    11.8648   999.5874 0.0000e+00
      8.870 7.2915e-43     0.0427      0.517     83.084  61.267607     1.4363     15.367    76.6066 1.2375e-01    16.2337      8.697     12.615    11.8647   999.5874 0.0000e+00
      8.870 6.6285e-44     0.0405      0.522     83.099  61.280569     1.4738     15.367    75.9901 1.2376e-01    16.2819      8.698     12.616    11.8652   999.5873 0.0000e+00
      8.870 6.0260e-45     0.0436      0.547     83.114  61.293517     1.4907     15.367    75.9233 1.2373e-01    16.3716      8.698     12.615    11.8658   999.5873 0.0000e+00
      8.870 5.4780e-46     0.0406      0.557     83.116  61.297080     1.4784     15.367    76.1425 1.2373e-01    16.3917      8.698     12.616    11.8667   999.5872 0.0000e+00
      8.870 4.9801e-47     0.0381      0.533     83.150  61.323652     1.4394     15.366    75.8867 1.2373e-01    16.3525      8.699     12.616    11.8677   999.5871 0.0000e+00
      8.870 4.5310e-48     0.0387      0.520     83.197  61.360639     1.4100     15.366    75.1546 1.2367e-01    16.3102      8.698     12.616    11.8688   999.5870 0.0000e+00
      8.870 4.5133e-49     0.0416      0.527     83.197  61.363055     1.3905     15.366    74.9478 1.2364e-01    16.2919      8.698     12.616    11.8701   999.5869 0.0000e+00
