Data/DataNotYetUploadedToEDI/Raw_CTD/RawDownloads/091520_fcr50_0001.cnv
* Sea-Bird SBE19plus  Data File:
* FileName = C:\DATA\091520_fcr50_0001.hex
* Software version 2.8.0.119
* Temperature SN = 7809
* Conductivity SN = 7809
* System UpLoad Time = Sep 15 2020 08:52:47
* <ApplicationData>
* <Seaterm232>
# nquan = 16
# nvalues = 4771                        
# units = specified
# name 0 = depFM: Depth [fresh water, m]
# name 1 = dz/dtM: Descent Rate [m/s]
# name 2 = sbeox0ML/L: Oxygen, SBE 43 [ml/l]
# name 3 = sbeox0PS: Oxygen, SBE 43 [% saturation]
# name 4 = specc: Specific Conductance [uS/cm]
# name 5 = c0uS/cm: Conductivity [uS/cm]
# name 6 = flECO-AFL: Fluorescence, WET Labs ECO-AFL/FL [mg/m^3]
# name 7 = ph: pH
# name 8 = orp: Oxidation Reduction Potential [mV]
# name 9 = par/sat/log: PAR/Logarithmic, Satlantic
# name 10 = turbWETntu0: Turbidity, WET Labs ECO [NTU]
# name 11 = prdM: Pressure, Strain Gauge [db]
# name 12 = prdE: Pressure, Strain Gauge [psi]
# name 13 = tv290C: Temperature [ITS-90, deg C]
# name 14 = density00: Density [density, kg/m^3]
# name 15 = flag:  0.000e+00
# span 0 =     -0.575,      9.647       
# span 1 =     -4.170,      4.470       
# span 2 =     0.0287,     6.9325       
# span 3 =      0.398,    111.624       
# span 4 =      0.850,    249.215       
# span 5 =   0.645554, 184.685664       
# span 6 =    -0.9947,    29.5440       
# span 7 =     14.920,     15.601       
# span 8 = -1240.7455,  1240.2295       
# span 9 = 1.2351e-01, 2.1437e+02       
# span 10 =    -0.3712,   455.7147      
# span 11 =     -0.564,      9.461      
# span 12 =     -0.818,     13.722      
# span 13 =    11.8169,    23.3744      
# span 14 =   997.4708,   999.6422      
# span 15 = 0.0000e+00, 0.0000e+00      
# interval = seconds: 0.25
# start_time = Sep 14 2020 19:20:40 [Instrument's time stamp, header]
# bad_flag = -9.990e-29
*END*
[from data line 2260]
      8.233      0.025     0.0704      0.803     71.174  52.573968    -0.0900     15.429   188.9617 1.2372e-01    13.7656      8.075     11.710    11.9351   999.5723 0.0000e+00
      8.243      0.024     0.0705      0.770     71.146  52.552342    -0.0452     15.428   189.2155 1.2371e-01    13.7893      8.085     11.726    11.9333   999.5726 0.0000e+00
      8.249      0.021     0.0685      0.747     71.199  52.590876    -0.0398     15.428   189.1934 1.2369e-01    13.8547      8.090     11.735    11.9316   999.5728 0.0000e+00
      8.252      0.017     0.0637      0.721     71.292  52.658808    -0.0436     15.428   188.6075 1.2370e-01    13.8350      8.092     11.737    11.9305   999.5729 0.0000e+00
      8.252      0.013     0.0606      0.686     71.314  52.675065    -0.0344     15.428   188.0681 1.2373e-01    13.7908      8.092     11.737    11.9302   999.5730 0.0000e+00
      8.254      0.011     0.0576      0.659     71.295  52.660408    -0.0331     15.428   187.9205 1.2372e-01    13.7664      8.094     11.739    11.9297   999.5731 0.0000e+00
      8.258      0.010     0.0567      0.652     71.313  52.672130    -0.0374     15.427   187.8558 1.2372e-01    13.7808      8.099     11.746    11.9291   999.5732 0.0000e+00
      8.262      0.011     0.0549      0.631     71.338  52.689763    -0.0297     15.427   187.5433 1.2376e-01    13.8283      8.103     11.752    11.9290   999.5733 0.0000e+00
      8.264      0.011     0.0518      0.591     71.329  52.683076    -0.0256     15.427   187.0671 1.2371e-01    13.8251      8.104     11.754    11.9289   999.5733 0.0000e+00
      8.266      0.010     0.0485      0.588     71.292  52.654791    -0.0352     15.427   186.8306 1.2363e-01    13.7765      8.105     11.755    11.9284   999.5733 0.0000e+00
      8.269      0.010     0.0500      0.617     71.307  52.665326    -0.0415     15.427   186.7487 1.2365e-01    13.7555      8.109     11.761    11.9275   999.5735 0.0000e+00
      8.272      0.014     0.0489      0.639     71.418  52.746946    -0.0159     15.427   186.7654 1.2368e-01    13.8110      8.113     11.766    11.9268   999.5736 0.0000e+00
      8.273      0.021     0.0429      0.663     71.512  52.815973     0.0357     15.427   186.8605 1.2363e-01    13.9330      8.113     11.767    11.9270   999.5735 0.0000e+00
      8.275      0.028     0.0431      0.684     71.493  52.801286     0.0871     15.427   186.5213 1.2363e-01    14.0299      8.114     11.768    11.9268   999.5735 0.0000e+00
      8.283      0.031     0.0478      0.689     71.438  52.759906     0.1106     15.427   185.6758 1.2372e-01    14.0205      8.118     11.774    11.9260   999.5736 0.0000e+00
      8.298      0.032     0.0476      0.676     71.439  52.760249     0.1289     15.427   185.1553 1.2373e-01    13.9568      8.135     11.799    11.9258   999.5738 0.0000e+00
      8.316      0.030     0.0502      0.641     71.413  52.741914     0.1746     15.427   185.1323 1.2365e-01    13.9464      8.161     11.836    11.9254   999.5740 0.0000e+00
      8.324      0.025     0.0524      0.615     71.222  52.601730     0.2054     15.427   184.6234 1.2360e-01    13.9984      8.168     11.846    11.9249   999.5741 0.0000e+00
      8.323      0.018     0.0520      0.604     71.032  52.462572     0.2150     15.427   183.4761 1.2364e-01    14.0697      8.159     11.834    11.9244   999.5741 0.0000e+00
      8.323      0.012     0.0525      0.598     71.107  52.520151     0.2239     15.427   182.2735 1.2368e-01    14.0874      8.160     11.835    11.9237   999.5742 0.0000e+00
      8.325      0.011     0.0477      0.610     71.298  52.662799     0.2369     15.427   181.7842 1.2372e-01    13.9729      8.165     11.843    11.9243   999.5742 0.0000e+00
      8.325      0.018     0.0457      0.639     71.384  52.726531     0.2480     15.427   181.9487 1.2375e-01    13.8177      8.163     11.840    11.9248   999.5740 0.0000e+00
      8.326      0.029     0.0463      0.675     71.632  52.909651     0.2440     15.427   181.5090 1.2376e-01    13.7559      8.163     11.839    11.9253   999.5738 0.0000e+00
      8.333      0.038     0.0442      0.714     71.973  53.162001     0.2453     15.426   180.5119 1.2376e-01    13.7748      8.170     11.851    11.9275   999.5737 0.0000e+00
      8.348      0.045     0.0458      0.741     72.162  53.300629     0.2166     15.426   179.9594 1.2373e-01    13.8746      8.184     11.871    11.9295   999.5736 0.0000e+00
      8.368      0.051     0.0482      0.741     72.873  53.823632     0.1446     15.425   179.8181 1.2370e-01    14.0365      8.206     11.902    11.9288   999.5738 0.0000e+00
      8.386      0.056     0.0508      0.723     74.093  54.721827     0.0896     15.425   179.5779 1.2372e-01    14.0833      8.229     11.936    11.9281   999.5740 0.0000e+00
      8.396      0.056     0.0541      0.701     74.580  55.077582     0.0666     15.425   179.0342 1.2373e-01    13.9938      8.235     11.945    11.9292   999.5742 0.0000e+00
      8.405      0.052     0.0571      0.674     74.325  54.885587     0.0955     15.425   178.3217 1.2372e-01    14.0197      8.236     11.945    11.9288   999.5741 0.0000e+00
      8.421      0.047     0.0565      0.666     74.834  55.258831     0.1618     15.425   177.7598 1.2370e-01    14.1560      8.257     11.976    11.9270   999.5746 0.0000e+00
      8.440      0.046     0.0542      0.675     75.970  56.096692     0.2100     15.425   177.4018 1.2374e-01    14.2343      8.283     12.013    11.9257   999.5756 0.0000e+00
      8.448      0.046     0.0538      0.681     76.438  56.440634     0.2210     15.425   177.0048 1.2377e-01    14.2445      8.287     12.019    11.9227   999.5762 0.0000e+00
      8.452      0.044     0.0497      0.681     76.429  56.431905     0.2479     15.425   176.1435 1.2376e-01    14.2452      8.283     12.013    11.9193   999.5761 0.0000e+00
      8.464      0.039     0.0498      0.671     76.177  56.245253     0.3340     15.425   175.0751 1.2373e-01    14.2774      8.296     12.034    11.9177   999.5766 0.0000e+00
      8.481      0.036     0.0514      0.661     75.707  55.898974     0.4042     15.424   174.4985 1.2372e-01    14.3250      8.321     12.067    11.9176   999.5774 0.0000e+00
      8.491      0.036     0.0513      0.670     75.487  55.738869     0.4198     15.424   174.2481 1.2370e-01    14.3743      8.330     12.081    11.9167   999.5775 0.0000e+00
      8.495      0.034     0.0520      0.685     75.527  55.770476     0.3893     15.424   173.5099 1.2368e-01    14.3931      8.329     12.080    11.9147   999.5778 0.0000e+00
      8.501      0.030     0.0508      0.670     75.618  55.836471     0.3304     15.424   172.1979 1.2365e-01    14.3465      8.335     12.089    11.9141   999.5778 0.0000e+00
      8.511      0.026     0.0492      0.653     75.712  55.901583     0.2895     15.423   171.3773 1.2364e-01    14.2563      8.348     12.107    11.9146   999.5775 0.0000e+00
      8.518      0.026     0.0499      0.650     75.834  55.986033     0.2755     15.423   171.3310 1.2365e-01    14.2295      8.355     12.117    11.9171   999.5773 0.0000e+00
      8.523      0.027     0.0535      0.632     75.989  56.095259     0.2767     15.423   171.5525 1.2368e-01    14.2631      8.357     12.122    11.9191   999.5770 0.0000e+00
      8.529      0.029     0.0507      0.625     76.148  56.205850     0.3142     15.424   171.2152 1.2371e-01    14.3881      8.363     12.129    11.9176   999.5773 0.0000e+00
      8.536      0.031     0.0477      0.628     76.293  56.306792     0.3843     15.425   170.0057 1.2371e-01    14.6083      8.370     12.139    11.9147   999.5777 0.0000e+00
      8.544      0.034     0.0510      0.615     76.378  56.362871     0.4189     15.425   169.1462 1.2368e-01    14.6937      8.378     12.152    11.9111   999.5781 0.0000e+00
      8.554      0.035     0.0466      0.609     76.402  56.375700     0.4181     15.425   168.9976 1.2366e-01    14.6988      8.389     12.167    11.9069   999.5788 0.0000e+00
      8.564      0.033     0.0465      0.612     76.439  56.398374     0.4601     15.425   168.6390 1.2372e-01    14.8083      8.398     12.181    11.9028   999.5794 0.0000e+00
      8.575      0.030     0.0492      0.614     76.509  56.446444     0.5547     15.424   167.9071 1.2374e-01    14.9532      8.410     12.198    11.8982   999.5799 0.0000e+00
      8.584      0.027     0.0453      0.594     76.600  56.512244     0.6174     15.424   167.3771 1.2367e-01    15.0083      8.421     12.213    11.8942   999.5805 0.0000e+00
      8.588      0.024     0.0465      0.578     76.749  56.622229     0.6181     15.424   167.1345 1.2364e-01    14.9596      8.422     12.215    11.8911   999.5808 0.0000e+00
      8.589      0.022     0.0456      0.602     76.932  56.759858     0.6201     15.424   166.8670 1.2369e-01    15.0168      8.422     12.216    11.8880   999.5812 0.0000e+00
      8.594      0.022     0.0475      0.627     77.042  56.842267     0.6507     15.425   166.3795 1.2376e-01    15.2538      8.427     12.223    11.8859   999.5815 0.0000e+00
      8.601      0.023     0.0453      0.635     77.062  56.856332     0.6747     15.425   165.7140 1.2377e-01    15.4216      8.434     12.233    11.8845   999.5817 0.0000e+00
      8.608      0.025     0.0413      0.631     77.077  56.866389     0.6911     15.424   165.1875 1.2373e-01    15.4659      8.442     12.244    11.8844   999.5818 0.0000e+00
      8.615      0.026     0.0464      0.626     77.125  56.900333     0.7531     15.423   165.1763 1.2372e-01    15.5150      8.448     12.253    11.8867   999.5816 0.0000e+00
      8.623      0.026     0.0476      0.636     77.193  56.949116     0.8324     15.423   165.3201 1.2370e-01    15.5690      8.456     12.265    11.8884   999.5815 0.0000e+00
      8.630      0.025     0.0483      0.652     77.280  57.011533     0.8487     15.424   164.8623 1.2364e-01    15.5700      8.464     12.276    11.8878   999.5816 0.0000e+00
      8.636      0.025     0.0479      0.652     77.380  57.083277     0.8459     15.424   164.1143 1.2359e-01    15.5955      8.470     12.283    11.8863   999.5818 0.0000e+00
      8.641      0.026     0.0467      0.640     77.516  57.181293     0.8463     15.423   164.1055 1.2358e-01    15.7399      8.473     12.290    11.8853   999.5820 0.0000e+00
      8.646      0.028     0.0478      0.633     77.691  57.307253     0.8048     15.422   164.6697 1.2369e-01    15.9084      8.478     12.297    11.8848   999.5821 0.0000e+00
      8.652      0.032     0.0499      0.631     77.819  57.399230     0.7546     15.423   164.4827 1.2376e-01    15.9509      8.484     12.306    11.8840   999.5822 0.0000e+00
      8.661      0.033     0.0499      0.626     77.828  57.403996     0.7262     15.423   163.7374 1.2367e-01    15.8759      8.492     12.317    11.8824   999.5826 0.0000e+00
      8.672      0.032     0.0480      0.617     77.777  57.364875     0.7183     15.422   163.5745 1.2363e-01    15.8256      8.503     12.332    11.8804   999.5828 0.0000e+00
      8.685      0.029     0.0477      0.606     77.785  57.370918     0.7357     15.422   163.7171 1.2372e-01    15.8581      8.518     12.354    11.8785   999.5832 0.0000e+00
      8.694      0.026     0.0479      0.596     77.840  57.413532     0.7653     15.422   163.4836 1.2377e-01    15.9248      8.530     12.371    11.8767   999.5835 0.0000e+00
      8.697      0.021     0.0476      0.598     77.866  57.435423     0.7709     15.422   162.8156 1.2377e-01    15.9114      8.530     12.371    11.8754   999.5836 0.0000e+00
      8.697      0.016     0.0467      0.611     77.877  57.445013     0.7460     15.422   162.0935 1.2379e-01    15.8324      8.527     12.367    11.8745   999.5837 0.0000e+00
      8.700      0.011     0.0460      0.627     77.908  57.465965     0.7410     15.421   161.8082 1.2375e-01    15.6560      8.532     12.374    11.8743   999.5837 0.0000e+00
      8.705      0.010     0.0446      0.634     77.956  57.498166     0.7774     15.421   161.6891 1.2367e-01    15.3588      8.538     12.383    11.8759   999.5836 0.0000e+00
      8.707      0.011     0.0447      0.618     77.984  57.516706     0.8136     15.421   161.3419 1.2372e-01    15.2259      8.539     12.385    11.8785   999.5833 0.0000e+00
      8.708      0.012     0.0463      0.592     77.962  57.499556     0.8257     15.421   160.7072 1.2377e-01    15.2501      8.539     12.385    11.8797   999.5832 0.0000e+00
      8.711      0.012     0.0474      0.578     77.937  57.481384     0.8383     15.421   159.9522 1.2377e-01    15.3430      8.542     12.389    11.8780   999.5834 0.0000e+00
      8.716      0.012     0.0487      0.563     77.944  57.487564     0.8607     15.421   159.5266 1.2376e-01    15.5250      8.547     12.397    11.8756   999.5837 0.0000e+00
      8.720      0.012     0.0474      0.555     77.971  57.510759     0.8681     15.421   159.3466 1.2373e-01    15.6311      8.552     12.403    11.8742   999.5839 0.0000e+00
      8.723      0.012     0.0434      0.555     78.048  57.571256     0.8604     15.421   158.8085 1.2374e-01    15.6310      8.554     12.406    11.8734   999.5840 0.0000e+00
      8.724      0.012     0.0447      0.559     78.145  57.647279     0.8825     15.421   157.9240 1.2373e-01    15.6265      8.555     12.408    11.8736   999.5840 0.0000e+00
      8.727      0.011     0.0418      0.589     78.168  57.667607     0.9347     15.421   157.5143 1.2367e-01    15.6448      8.557     12.412    11.8744   999.5839 0.0000e+00
      8.730      0.010     0.0414      0.609     78.111  57.626461     0.9575     15.421   157.5543 1.2367e-01    15.6471      8.562     12.418    11.8760   999.5837 0.0000e+00
      8.734      0.010     0.0428      0.602     78.069  57.594491     0.9485     15.421   157.0323 1.2371e-01    15.6534      8.566     12.424    11.8789   999.5834 0.0000e+00
      8.737      0.011     0.0403      0.598     78.075  57.598699     0.9590     15.420   156.0201 1.2379e-01    15.6864      8.569     12.429    11.8824   999.5830 0.0000e+00
      8.738      0.014     0.0453      0.601     77.924  57.486745     0.9987     15.419   155.5547 1.2387e-01    15.7369      8.570     12.430    11.8851   999.5828 0.0000e+00
      8.739      0.017     0.0471      0.588     77.699  57.320831     1.0286     15.419   155.4486 1.2383e-01    15.7497      8.569     12.429    11.8853   999.5828 0.0000e+00
      8.743      0.020     0.0452      0.569     77.849  57.434951     1.0338     15.419   154.9101 1.2374e-01    15.7382      8.573     12.434    11.8839   999.5829 0.0000e+00
      8.749      0.022     0.0445      0.552     78.146  57.659531     1.0328     15.419   154.1193 1.2372e-01    15.8039      8.579     12.441    11.8837   999.5830 0.0000e+00
      8.760      0.023     0.0468      0.549     78.181  57.685696     1.0362     15.419   153.5450 1.2368e-01    15.8918      8.589     12.458    11.8838   999.5831 0.0000e+00
      8.770      0.024     0.0442      0.578     78.186  57.687779     1.0562     15.419   153.3012 1.2366e-01    15.9423      8.602     12.478    11.8824   999.5830 0.0000e+00
      8.774      0.023     0.0429      0.611     78.353  57.811779     1.0841     15.419   153.2367 1.2371e-01    16.0024      8.607     12.482    11.8851   999.5828 0.0000e+00
      8.775      0.021     0.0419      0.627     78.491  57.914390     1.0770     15.419   153.0229 1.2375e-01    16.0349      8.604     12.479    11.8914   999.5823 0.0000e+00
      8.780      0.017     0.0395      0.624     78.489  57.911977     1.0371     15.419   152.6097 1.2374e-01    15.9920      8.608     12.486    11.8905   999.5824 0.0000e+00
      8.787      0.015     0.0443      0.621     78.488  57.909662     1.0027     15.419   152.1972 1.2369e-01    15.9304      8.619     12.501    11.8878   999.5827 0.0000e+00
      8.792      0.015     0.0464      0.626     78.630  58.013448     0.9862     15.419   151.9937 1.2374e-01    15.9078      8.624     12.508    11.8892   999.5827 0.0000e+00
