Data/DataNotYetUploadedToEDI/Raw_CTD/RawDownloads/091620_bvr50.cnv
* Sea-Bird SBE19plus  Data File:
* FileName = C:\DATA\091620_fcr50_0001.hex
* Software version 2.8.0.119
* Temperature SN = 7809
* Conductivity SN = 7809
* System UpLoad Time = Sep 16 2020 17:56:11
* <ApplicationData>
* <Seaterm232>
# nquan = 16
# nvalues = 1721                        
# units = specified
# name 0 = depFM: Depth [fresh water, m]
# name 1 = dz/dtM: Descent Rate [m/s]
# name 2 = sbeox0ML/L: Oxygen, SBE 43 [ml/l]
# name 3 = sbeox0PS: Oxygen, SBE 43 [% saturation]
# name 4 = specc: Specific Conductance [uS/cm]
# name 5 = c0uS/cm: Conductivity [uS/cm]
# name 6 = flECO-AFL: Fluorescence, WET Labs ECO-AFL/FL [mg/m^3]
# name 7 = ph: pH
# name 8 = orp: Oxidation Reduction Potential [mV]
# name 9 = par/sat/log: PAR/Logarithmic, Satlantic
# name 10 = turbWETntu0: Turbidity, WET Labs ECO [NTU]
# name 11 = prdM: Pressure, Strain Gauge [db]
# name 12 = prdE: Pressure, Strain Gauge [psi]
# name 13 = tv290C: Temperature [ITS-90, deg C]
# name 14 = density00: Density [density, kg/m^3]
# name 15 = flag:  0.000e+00
# span 0 =     -0.690,     10.400       
# span 1 =     -0.297,      0.224       
# span 2 =    -0.6830,     6.3984       
# span 3 =    -10.011,     99.108       
# span 4 =      1.414,    168.035       
# span 5 =   1.108948, 116.975797       
# span 6 =    -0.9638,    13.6245       
# span 7 =     15.219,     15.587       
# span 8 = -1240.7453,   290.4312       
# span 9 = 1.2359e-01, 3.5575e+02       
# span 10 =    -0.3449,    26.7046      
# span 11 =     -0.677,     10.200      
# span 12 =     -0.981,     14.793      
# span 13 =     9.7485,    22.5832      
# span 14 =   997.6555,   999.8335      
# span 15 = 0.0000e+00, 0.0000e+00      
# interval = seconds: 0.25
# start_time = Sep 15 2020 21:24:50 [Instrument's time stamp, header]
# bad_flag = -9.990e-29
*END*
[from data line 633]
      8.572      0.076     0.0538      0.674    136.081  96.415526     1.9749     15.572   -44.9193 1.2381e-01     2.5981      8.405     12.190    10.4789   999.7481 0.0000e+00
      8.592      0.072     0.0534      0.662    136.050  96.358164     1.9912     15.572   -45.2232 1.2377e-01     2.6046      8.425     12.220    10.4587   999.7503 0.0000e+00
      8.612      0.069     0.0561      0.665    136.025  96.318373     1.9894     15.572   -45.9583 1.2377e-01     2.6324      8.447     12.250    10.4494   999.7514 0.0000e+00
      8.632      0.069     0.0551      0.660    136.221  96.443594     1.9627     15.572   -47.0103 1.2381e-01     2.6948      8.466     12.278    10.4394   999.7526 0.0000e+00
      8.647      0.069     0.0523      0.649    136.641  96.726462     1.9067     15.573   -48.0497 1.2381e-01     2.7749      8.481     12.300    10.4224   999.7542 0.0000e+00
      8.661      0.073     0.0509      0.658    136.970  96.937828     1.8835     15.573   -48.8888 1.2376e-01     2.7428      8.492     12.317    10.4079   999.7556 0.0000e+00
      8.676      0.080     0.0526      0.683    137.308  97.153284     1.8822     15.572   -49.2408 1.2366e-01     2.6148      8.506     12.338    10.4011   999.7562 0.0000e+00
      8.695      0.089     0.0521      0.709    137.899  97.549209     1.8916     15.571   -49.2083 1.2362e-01     2.5673      8.525     12.364    10.3971   999.7568 0.0000e+00
      8.721      0.095     0.0496      0.717    138.442  97.905661     1.9397     15.572   -49.2698 1.2366e-01     2.6140      8.549     12.399    10.3935   999.7575 0.0000e+00
      8.753      0.100     0.0512      0.696    138.656  98.025740     1.9776     15.573   -49.6411 1.2365e-01     2.6645      8.583     12.449    10.3841   999.7586 0.0000e+00
      8.784      0.100     0.0530      0.661    138.716  98.046215     1.9872     15.573   -50.2560 1.2362e-01     2.6625      8.617     12.498    10.3742   999.7598 0.0000e+00
      8.809      0.097     0.0563      0.649    138.879  98.153190     1.9321     15.573   -51.0255 1.2369e-01     2.6599      8.641     12.532    10.3686   999.7607 0.0000e+00
      8.830      0.091     0.0569      0.643    139.099  98.300656     1.8081     15.573   -51.8892 1.2378e-01     2.7009      8.660     12.560    10.3582   999.7620 0.0000e+00
      8.851      0.085     0.0554      0.610    139.215  98.365106     1.7369     15.573   -52.7829 1.2380e-01     2.7118      8.679     12.588    10.3444   999.7634 0.0000e+00
      8.872      0.081     0.0507      0.589    139.241  98.359525     1.7293     15.572   -53.4864 1.2378e-01     2.6542      8.700     12.618    10.3355   999.7643 0.0000e+00
      8.892      0.080     0.0500      0.598    139.271  98.360459     1.7156     15.572   -53.8556 1.2377e-01     2.5546      8.720     12.647    10.3351   999.7645 0.0000e+00
      8.912      0.079     0.0527      0.617    139.310  98.376372     1.7050     15.571   -54.3223 1.2381e-01     2.4686      8.739     12.674    10.3342   999.7648 0.0000e+00
      8.932      0.078     0.0465      0.624    139.388  98.424599     1.7157     15.570   -55.0845 1.2386e-01     2.4376      8.758     12.703    10.3272   999.7656 0.0000e+00
      8.952      0.077     0.0455      0.615    139.597  98.561622     1.7306     15.571   -55.5858 1.2390e-01     2.4559      8.780     12.734    10.3170   999.7666 0.0000e+00
      8.972      0.076     0.0467      0.618    139.815  98.696284     1.7521     15.572   -55.7376 1.2383e-01     2.5521      8.800     12.763    10.3083   999.7675 0.0000e+00
      8.991      0.074     0.0486      0.623    139.962  98.779624     1.7842     15.573   -56.1458 1.2372e-01     2.6727      8.817     12.787    10.3054   999.7679 0.0000e+00
      9.009      0.072     0.0501      0.623    140.106  98.869006     1.7948     15.574   -56.9069 1.2369e-01     2.6791      8.835     12.814    10.3041   999.7681 0.0000e+00
      9.028      0.071     0.0471      0.641    140.144  98.885765     1.7942     15.574   -57.7993 1.2367e-01     2.6290      8.854     12.842    10.3014   999.7685 0.0000e+00
      9.045      0.072     0.0484      0.674    140.027  98.791275     1.7958     15.575   -58.6763 1.2367e-01     2.6161      8.871     12.866    10.2930   999.7695 0.0000e+00
      9.061      0.074     0.0496      0.683    139.975  98.745049     1.7667     15.576   -59.2505 1.2378e-01     2.6266      8.885     12.887    10.2832   999.7705 0.0000e+00
      9.080      0.078     0.0480      0.667    140.115  98.836099     1.7287     15.576   -59.4936 1.2386e-01     2.6523      8.903     12.913    10.2811   999.7708 0.0000e+00
      9.100      0.081     0.0495      0.653    140.370  99.000930     1.7180     15.575   -59.4646 1.2382e-01     2.6868      8.923     12.942    10.2786   999.7712 0.0000e+00
      9.122      0.083     0.0539      0.638    140.700  99.210180     1.7223     15.574   -59.2445 1.2376e-01     2.7344      8.945     12.974    10.2726   999.7718 0.0000e+00
      9.146      0.084     0.0548      0.627    141.093  99.456310     1.7433     15.574   -59.0692 1.2374e-01     2.7478      8.969     13.009    10.2698   999.7721 0.0000e+00
      9.170      0.082     0.0516      0.625    141.464  99.685080     1.7710     15.573   -58.9796 1.2377e-01     2.7109      8.993     13.043    10.2680   999.7724 0.0000e+00
      9.191      0.078     0.0517      0.615    141.688  99.811713     1.7903     15.572   -59.0217 1.2384e-01     2.6671      9.015     13.075    10.2632   999.7730 0.0000e+00
      9.210      0.074     0.0502      0.617    141.769  99.841496     1.8050     15.570   -59.4925 1.2383e-01     2.6296      9.033     13.101    10.2546   999.7741 0.0000e+00
      9.227      0.072     0.0480      0.616    141.818  99.854171     1.8155     15.570   -60.2831 1.2377e-01     2.6351      9.048     13.123    10.2427   999.7753 0.0000e+00
      9.243      0.073     0.0505      0.602    141.908  99.901275     1.8317     15.569   -60.9238 1.2378e-01     2.6646      9.064     13.147    10.2307   999.7767 0.0000e+00
      9.258      0.076     0.0469      0.606    142.104 100.029028     1.8486     15.567   -61.3880 1.2374e-01     2.6776      9.078     13.168    10.2196   999.7779 0.0000e+00
      9.276      0.079     0.0486      0.621    142.613 100.380220     1.8574     15.566   -61.6805 1.2369e-01     2.6888      9.094     13.190    10.2095   999.7789 0.0000e+00
      9.301      0.080     0.0496      0.631    143.273 100.836991     1.8801     15.566   -61.7064 1.2375e-01     2.6292      9.120     13.227    10.2017   999.7797 0.0000e+00
      9.327      0.079     0.0458      0.646    143.563 101.031664     1.9135     15.566   -61.7010 1.2377e-01     2.4721      9.148     13.268    10.1962   999.7804 0.0000e+00
      9.349      0.076     0.0477      0.654    143.732 101.142399     1.9271     15.566   -61.9601 1.2372e-01     2.3679      9.170     13.300    10.1930   999.7808 0.0000e+00
      9.366      0.072     0.0490      0.647    144.294 101.539196     1.9308     15.567   -62.4294 1.2370e-01     2.3653      9.186     13.323    10.1904   999.7813 0.0000e+00
      9.380      0.068     0.0494      0.645    145.139 102.136630     1.9197     15.569   -62.9878 1.2375e-01     2.3715      9.200     13.343    10.1891   999.7819 0.0000e+00
      9.395      0.068     0.0507      0.650    145.881 102.635813     1.8883     15.570   -63.6349 1.2379e-01     2.3746      9.213     13.362    10.1846   999.7824 0.0000e+00
      9.410      0.073     0.0524      0.651    146.571 103.054248     1.8660     15.571   -64.1452 1.2379e-01     2.4032      9.227     13.383    10.1803   999.7827 0.0000e+00
      9.429      0.078     0.0502      0.636    147.158 103.375520     1.8597     15.571   -64.4254 1.2377e-01     2.4417      9.245     13.409    10.1809   999.7830 0.0000e+00
      9.450      0.080     0.0506      0.594    147.230 103.336585     1.8313     15.571   -64.9582 1.2376e-01     2.4968      9.265     13.438    10.1865   999.7831 0.0000e+00
      9.475      0.080     0.0515      0.576    147.071 103.156455     1.7609     15.572   -65.8550 1.2376e-01     2.5543      9.291     13.474    10.1830   999.7837 0.0000e+00
      9.502      0.077     0.0510      0.606    147.144 103.171375     1.7149     15.572   -66.5783 1.2373e-01     2.5877      9.321     13.518    10.1552   999.7866 0.0000e+00
      9.522      0.073     0.0522      0.646    147.460 103.389591     1.7130     15.572   -67.0787 1.2371e-01     2.6265      9.341     13.549    10.1210   999.7902 0.0000e+00
      9.535      0.070     0.0454      0.672    148.245 103.948389     1.7104     15.572   -67.5169 1.2367e-01     2.6455      9.351     13.562    10.0890   999.7930 0.0000e+00
      9.546      0.068     0.0434      0.678    149.430 104.770104     1.7113     15.572   -67.7474 1.2366e-01     2.6463      9.360     13.576    10.0633   999.7952 0.0000e+00
      9.561      0.067     0.0479      0.671    150.250 105.301707     1.7240     15.573   -67.8003 1.2371e-01     2.6705      9.374     13.596    10.0513   999.7964 0.0000e+00
      9.580      0.068     0.0511      0.664    150.579 105.472804     1.7298     15.574   -68.0704 1.2372e-01     2.6965      9.394     13.624    10.0525   999.7964 0.0000e+00
      9.603      0.070     0.0539      0.655    150.781 105.565171     1.7246     15.573   -68.7754 1.2373e-01     2.6523      9.419     13.660    10.0599   999.7961 0.0000e+00
      9.624      0.072     0.0536      0.621    150.957 105.654303     1.7281     15.573   -69.5278 1.2381e-01     2.5132      9.440     13.692    10.0592   999.7970 0.0000e+00
      9.640      0.072     0.0532      0.584    151.270 105.849982     1.7340     15.574   -70.1132 1.2386e-01     2.4229      9.454     13.712    10.0417   999.7988 0.0000e+00
      9.655      0.073     0.0516      0.563    151.819 106.211711     1.7286     15.574   -70.8622 1.2386e-01     2.4192      9.467     13.730    10.0178   999.8010 0.0000e+00
      9.672      0.076     0.0535      0.563    152.498 106.652800     1.7207     15.574   -71.8730 1.2381e-01     2.3987      9.483     13.754    10.0020   999.8026 0.0000e+00
      9.691      0.080     0.0488      0.600    153.121 107.043759     1.7150     15.575   -72.7850 1.2376e-01     2.4847      9.503     13.783     9.9913   999.8036 0.0000e+00
      9.713      0.084     0.0451      0.623    153.562 107.308749     1.7167     15.577   -73.4568 1.2375e-01     2.7047      9.525     13.814     9.9842   999.8045 0.0000e+00
      9.738      0.087     0.0450      0.611    153.977 107.564089     1.7213     15.579   -74.2318 1.2377e-01     2.8263      9.549     13.851     9.9793   999.8053 0.0000e+00
      9.764      0.089     0.0419      0.610    154.491 107.902014     1.7237     15.579   -75.0129 1.2382e-01     2.8221      9.576     13.889     9.9680   999.8066 0.0000e+00
      9.785      0.089     0.0482      0.609    155.130 108.337595     1.7454     15.578   -75.3296 1.2381e-01     2.7910      9.597     13.920     9.9510   999.8085 0.0000e+00
      9.805      0.088     0.0514      0.600    156.107 109.009379     1.7927     15.578   -75.4802 1.2374e-01     2.7254      9.613     13.944     9.9364   999.8100 0.0000e+00
      9.826      0.085     0.0467      0.603    157.056 109.655478     1.8188     15.579   -75.8868 1.2374e-01     2.6459      9.634     13.973     9.9245   999.8113 0.0000e+00
      9.850      0.081     0.0487      0.599    157.184 109.716690     1.8135     15.580   -76.2881 1.2378e-01     2.6198      9.660     14.010     9.9180   999.8122 0.0000e+00
      9.872      0.078     0.0491      0.599    156.910 109.494702     1.8053     15.580   -76.6325 1.2378e-01     2.5469      9.683     14.044     9.9160   999.8127 0.0000e+00
      9.892      0.074     0.0459      0.613    157.153 109.646491     1.7952     15.580   -77.1255 1.2378e-01     2.4175      9.702     14.071     9.9129   999.8134 0.0000e+00
      9.910      0.071     0.0488      0.616    157.700 110.023323     1.7869     15.580   -77.5175 1.2381e-01     2.3945      9.719     14.097     9.9090   999.8143 0.0000e+00
      9.925      0.068     0.0470      0.592    158.089 110.293071     1.7816     15.580   -77.6725 1.2378e-01     2.4052      9.734     14.118     9.8991   999.8152 0.0000e+00
      9.939      0.066     0.0468      0.582    158.367 110.487623     1.7694     15.580   -77.7950 1.2376e-01     2.4438      9.745     14.134     9.8862   999.8160 0.0000e+00
      9.955      0.065     0.0488      0.609    158.700 110.719562     1.7538     15.580   -78.0518 1.2381e-01     2.5869      9.762     14.158     9.8812   999.8168 0.0000e+00
      9.975      0.066     0.0500      0.619    159.026 110.931770     1.7456     15.581   -78.6267 1.2381e-01     2.6936      9.785     14.190     9.8817   999.8171 0.0000e+00
      9.993      0.068     0.0469      0.614    159.285 111.078820     1.7461     15.583   -79.4115 1.2376e-01     2.7047      9.802     14.217     9.8806   999.8174 0.0000e+00
     10.008      0.070     0.0432      0.627    159.723 111.350957     1.7600     15.583   -80.0552 1.2372e-01     2.6521      9.814     14.234     9.8803   999.8176 0.0000e+00
     10.023      0.072     0.0502      0.622    160.402 111.801596     1.7796     15.582   -80.5595 1.2370e-01     2.6066      9.828     14.254     9.8830   999.8175 0.0000e+00
     10.042      0.072     0.0496      0.611    161.093 112.259617     1.7829     15.582   -81.2062 1.2372e-01     2.6355      9.847     14.281     9.8792   999.8181 0.0000e+00
     10.065      0.073     0.0469      0.621    161.746 112.684647     1.7811     15.582   -81.9386 1.2383e-01     2.6582      9.870     14.315     9.8649   999.8195 0.0000e+00
     10.086      0.075     0.0513      0.618    162.501 113.182180     1.7875     15.583   -82.5311 1.2391e-01     2.6745      9.892     14.346     9.8530   999.8208 0.0000e+00
     10.104      0.075     0.0496      0.585    163.356 113.752295     1.7929     15.584   -83.1215 1.2388e-01     2.7642      9.910     14.373     9.8490   999.8215 0.0000e+00
     10.121      0.075     0.0470      0.552    164.077 114.226655     1.7897     15.584   -83.8294 1.2383e-01     2.8502      9.925     14.396     9.8422   999.8224 0.0000e+00
     10.139      0.076     0.0498      0.532    164.630 114.585595     1.7869     15.584   -84.4651 1.2382e-01     2.8904      9.943     14.420     9.8308   999.8237 0.0000e+00
     10.157      0.077     0.0507      0.543    165.024 114.843087     1.7967     15.584   -84.8707 1.2380e-01     2.9418      9.961     14.447     9.8223   999.8248 0.0000e+00
     10.176      0.077     0.0458      0.600    165.049 114.855330     1.8031     15.584   -85.2915 1.2378e-01     2.9904      9.978     14.472     9.8157   999.8258 0.0000e+00
     10.198      0.075     0.0434      0.649    164.876 114.733624     1.7975     15.584   -86.1110 1.2375e-01     3.0312     10.000     14.503     9.8065   999.8269 0.0000e+00
     10.223      0.072     0.0419      0.653    164.937 114.773131     1.7964     15.584   -87.1221 1.2373e-01     3.0577     10.026     14.541     9.7973   999.8280 0.0000e+00
     10.243      0.069     0.0405      0.643    165.112 114.887042     1.7794     15.584   -87.7956 1.2378e-01     2.9679     10.048     14.573     9.7923   999.8288 0.0000e+00
     10.256      0.065     0.0482      0.650    165.056 114.836722     1.7358     15.584   -88.1444 1.2382e-01     2.7698     10.059     14.589     9.7919   999.8289 0.0000e+00
     10.267      0.058     0.0535      0.659    165.021 114.801804     1.7171     15.585   -88.5005 1.2378e-01     2.6537     10.067     14.601     9.7917   999.8288 0.0000e+00
     10.282      0.050     0.0520      0.639    165.196 114.910800     1.7241     15.585   -89.2619 1.2376e-01     2.6617     10.081     14.622     9.7913   999.8289 0.0000e+00
     10.299      0.043     0.0502      0.587    165.362 115.007812     1.7160     15.585   -90.5531 1.2373e-01     2.6609     10.102     14.652     9.7889   999.8294 0.0000e+00
