Data/DataNotYetUploadedToEDI/Raw_CTD/RawDownloads/091620_bvr50.cnv
* Sea-Bird SBE19plus  Data File:
* FileName = C:\DATA\091620_fcr50_0001.hex
* Software version 2.8.0.119
* Temperature SN = 7809
* Conductivity SN = 7809
* System UpLoad Time = Sep 16 2020 17:56:11
* <ApplicationData>
* <Seaterm232>
# nquan = 16
# nvalues = 1721                        
# units = specified
# name 0 = depFM: Depth [fresh water, m]
# name 1 = dz/dtM: Descent Rate [m/s]
# name 2 = sbeox0ML/L: Oxygen, SBE 43 [ml/l]
# name 3 = sbeox0PS: Oxygen, SBE 43 [% saturation]
# name 4 = specc: Specific Conductance [uS/cm]
# name 5 = c0uS/cm: Conductivity [uS/cm]
# name 6 = flECO-AFL: Fluorescence, WET Labs ECO-AFL/FL [mg/m^3]
# name 7 = ph: pH
# name 8 = orp: Oxidation Reduction Potential [mV]
# name 9 = par/sat/log: PAR/Logarithmic, Satlantic
# name 10 = turbWETntu0: Turbidity, WET Labs ECO [NTU]
# name 11 = prdM: Pressure, Strain Gauge [db]
# name 12 = prdE: Pressure, Strain Gauge [psi]
# name 13 = tv290C: Temperature [ITS-90, deg C]
# name 14 = density00: Density [density, kg/m^3]
# name 15 = flag:  0.000e+00
# span 0 =     -0.690,     10.400       
# span 1 =     -0.297,      0.224       
# span 2 =    -0.6830,     6.3984       
# span 3 =    -10.011,     99.108       
# span 4 =      1.414,    168.035       
# span 5 =   1.108948, 116.975797       
# span 6 =    -0.9638,    13.6245       
# span 7 =     15.219,     15.587       
# span 8 = -1240.7453,   290.4312       
# span 9 = 1.2359e-01, 3.5575e+02       
# span 10 =    -0.3449,    26.7046      
# span 11 =     -0.677,     10.200      
# span 12 =     -0.981,     14.793      
# span 13 =     9.7485,    22.5832      
# span 14 =   997.6555,   999.8335      
# span 15 = 0.0000e+00, 0.0000e+00      
# interval = seconds: 0.25
# start_time = Sep 15 2020 21:24:50 [Instrument's time stamp, header]
# bad_flag = -9.990e-29
*END*
[from data line 1176]
     10.155 -3.695e-08     0.0443      0.587    161.429 112.564323     1.8345     15.576  -163.2125 1.2365e-01     2.7399      9.959     14.444     9.8694   999.8204 0.0000e+00
     10.155 -4.064e-07     0.0457      0.563    161.433 112.565798     1.8551     15.576  -163.1593 1.2365e-01     2.7029      9.960     14.445     9.8673   999.8206 0.0000e+00
     10.155      0.000     0.0435      0.550    161.444 112.578676     1.8599     15.576  -163.0338 1.2370e-01     2.6881      9.959     14.444     9.8648   999.8207 0.0000e+00
     10.154      0.000     0.0451      0.568    161.451 112.592632     1.8349     15.576  -163.0712 1.2376e-01     2.6987      9.958     14.443     9.8636   999.8208 0.0000e+00
     10.154     -0.001     0.0491      0.576    161.458 112.607151     1.7814     15.576  -163.1816 1.2377e-01     2.7278      9.958     14.442     9.8625   999.8210 0.0000e+00
     10.155     -0.001     0.0435      0.556    161.477 112.626830     1.7467     15.576  -163.2502 1.2374e-01     2.6967      9.959     14.444     9.8614   999.8210 0.0000e+00
     10.155     -0.000     0.0420      0.519    161.491 112.639464     1.7402     15.576  -163.2131 1.2370e-01     2.6311      9.959     14.444     9.8631   999.8209 0.0000e+00
     10.155 9.5660e-15     0.0459      0.493    161.489 112.632515     1.7411     15.576  -163.0761 1.2369e-01     2.5872      9.958     14.443     9.8670   999.8206 0.0000e+00
     10.154 1.0523e-13     0.0461      0.486    161.466 112.606507     1.7386     15.577  -163.0569 1.2368e-01     2.5781      9.958     14.442     9.8700   999.8203 0.0000e+00
     10.154 1.1575e-12     0.0450      0.494    161.426 112.579798     1.7289     15.577  -163.0670 1.2368e-01     2.5895      9.957     14.441     9.8718   999.8201 0.0000e+00
     10.155 1.2732e-11     0.0405      0.519    161.387 112.564393     1.7191     15.577  -162.9402 1.2371e-01     2.5880      9.958     14.444     9.8732   999.8201 0.0000e+00
     10.156 1.4006e-10     0.0385      0.538    161.362 112.547652     1.7154     15.577  -162.8142 1.2376e-01     2.5948      9.960     14.446     9.8720   999.8201 0.0000e+00
     10.155 1.5406e-09     0.0383      0.536    161.328 112.504791     1.7228     15.577  -162.7477 1.2374e-01     2.6368      9.959     14.443     9.8660   999.8206 0.0000e+00
     10.154 1.6947e-08     0.0384      0.548    161.352 112.492055     1.7416     15.577  -162.6529 1.2369e-01     2.6844      9.957     14.441     9.8657   999.8206 0.0000e+00
     10.155 1.8642e-07     0.0412      0.581    161.435 112.521033     1.7610     15.577  -162.6154 1.2372e-01     2.7234      9.958     14.444     9.8737   999.8199 0.0000e+00
     10.155 1.8642e-07     0.0439      0.608    161.489 112.536620     1.7673     15.577  -162.6382 1.2377e-01     2.7311      9.959     14.445     9.8746   999.8199 0.0000e+00
     10.155 1.6947e-08     0.0415      0.607    161.533 112.553080     1.7415     15.577  -162.5834 1.2374e-01     2.6745      9.958     14.443     9.8667   999.8205 0.0000e+00
     10.155 1.5406e-09     0.0427      0.577    161.604 112.592645     1.6867     15.577  -162.4699 1.2367e-01     2.6224      9.959     14.443     9.8567   999.8214 0.0000e+00
     10.155 1.4006e-10     0.0461      0.538    161.676 112.632775     1.6488     15.578  -162.3839 1.2363e-01     2.6162      9.960     14.445     9.8470   999.8223 0.0000e+00
     10.155 1.2732e-11     0.0491      0.507    161.720 112.656066     1.6456     15.579  -162.3183 1.2366e-01     2.6338      9.959     14.444     9.8399   999.8229 0.0000e+00
     10.155 1.1575e-12     0.0492      0.495    161.760 112.683151     1.6383     15.578  -162.2778 1.2370e-01     2.6983      9.959     14.444     9.8361   999.8233 0.0000e+00
     10.155 1.0522e-13     0.0457      0.497    161.787 112.705441     1.6179     15.578  -162.3249 1.2374e-01     2.7770      9.959     14.444     9.8338   999.8235 0.0000e+00
     10.155 9.5631e-15     0.0425      0.507    161.825 112.734470     1.6182     15.578  -162.3716 1.2376e-01     2.7961      9.959     14.444     9.8303   999.8239 0.0000e+00
     10.156 8.3773e-16     0.0395      0.529    161.888 112.779331     1.6327     15.578  -162.3265 1.2377e-01     2.7576      9.959     14.445     9.8273   999.8241 0.0000e+00
     10.156 -2.721e-16     0.0386      0.547    161.916 112.801941     1.6305     15.578  -162.2091 1.2370e-01     2.7232      9.959     14.445     9.8275   999.8241 0.0000e+00
     10.156 -3.855e-15     0.0396      0.543    161.929 112.816745     1.6109     15.578  -162.1566 1.2364e-01     2.6888      9.959     14.445     9.8295   999.8239 0.0000e+00
     10.156 -4.249e-14     0.0395      0.541    161.942 112.830924     1.5962     15.578  -162.2085 1.2369e-01     2.6512      9.959     14.444     9.8302   999.8238 0.0000e+00
     10.156 -4.674e-13     0.0418      0.550    161.961 112.845976     1.5958     15.578  -162.2343 1.2374e-01     2.6472      9.959     14.445     9.8295   999.8240 0.0000e+00
     10.156 -5.141e-12     0.0449      0.538    161.996 112.871334     1.6257     15.578  -162.2104 1.2373e-01     2.6400      9.959     14.445     9.8305   999.8238 0.0000e+00
     10.156 -5.655e-11     0.0426      0.514    162.011 112.882714     1.6810     15.578  -162.1779 1.2369e-01     2.6332      9.959     14.444     9.8333   999.8236 0.0000e+00
     10.156 -6.221e-10     0.0421      0.513    161.975 112.856165     1.7208     15.578  -162.1858 1.2367e-01     2.6672      9.960     14.445     9.8349   999.8235 0.0000e+00
     10.156 -6.843e-09     0.0446      0.521    161.909 112.805140     1.7340     15.578  -162.2203 1.2368e-01     2.6747      9.959     14.444     9.8350   999.8235 0.0000e+00
     10.156 -7.527e-08     0.0436      0.536    161.876 112.775398     1.7077     15.578  -162.3367 1.2372e-01     2.6540      9.960     14.445     9.8353   999.8235 0.0000e+00
     10.156 -1.380e-07     0.0390      0.565    161.851 112.751350     1.6600     15.579  -162.4746 1.2375e-01     2.6579      9.959     14.445     9.8361   999.8234 0.0000e+00
     10.156 -7.525e-08     0.0410      0.586    161.792 112.705475     1.6340     15.579  -162.5105 1.2374e-01     2.6525      9.959     14.445     9.8356   999.8235 0.0000e+00
     10.156 -6.842e-09     0.0411      0.577    161.744 112.666643     1.6128     15.579  -162.5982 1.2370e-01     2.6582      9.960     14.445     9.8336   999.8236 0.0000e+00
     10.156 -5.887e-10     0.0415      0.544    161.749 112.664052     1.6044     15.578  -162.7611 1.2370e-01     2.6586      9.959     14.445     9.8316   999.8238 0.0000e+00
     10.156 3.0960e-10     0.0453      0.524    161.775 112.674133     1.6281     15.578  -162.8450 1.2377e-01     2.6223      9.959     14.444     9.8293   999.8240 0.0000e+00
     10.156 4.0225e-09     0.0472      0.524    161.768 112.661126     1.6414     15.578  -162.8388 1.2378e-01     2.5976      9.960     14.445     9.8278   999.8241 0.0000e+00
     10.156 4.4303e-08     0.0474      0.533    161.743 112.634181     1.6408     15.578  -162.8579 1.2373e-01     2.5993      9.960     14.446     9.8268   999.8241 0.0000e+00
     10.156 4.8734e-07     0.0418      0.527    161.713 112.603138     1.6500     15.579  -162.9043 1.2375e-01     2.6088      9.960     14.446     9.8248   999.8243 0.0000e+00
     10.156      0.000     0.0414      0.511    161.726 112.604286     1.6668     15.580  -162.9691 1.2378e-01     2.5757      9.960     14.445     9.8222   999.8246 0.0000e+00
     10.156      0.000     0.0409      0.517    161.792 112.648054     1.6909     15.581  -163.1253 1.2373e-01     2.5069      9.960     14.446     9.8195   999.8248 0.0000e+00
     10.156      0.001     0.0428      0.536    161.846 112.686409     1.7032     15.581  -163.3304 1.2368e-01     2.4635      9.959     14.445     9.8168   999.8250 0.0000e+00
     10.156      0.002     0.0429      0.541    161.843 112.685819     1.6913     15.580  -163.4707 1.2369e-01     2.4283      9.960     14.444     9.8129   999.8254 0.0000e+00
     10.156      0.003     0.0389      0.521    161.775 112.640932     1.6625     15.580  -163.5310 1.2373e-01     2.3566      9.960     14.445     9.8100   999.8256 0.0000e+00
     10.157      0.003     0.0409      0.508    161.602 112.525901     1.6219     15.580  -163.6290 1.2369e-01     2.2494      9.961     14.447     9.8099   999.8256 0.0000e+00
     10.159      0.002     0.0428      0.523    161.377 112.377913     1.5911     15.580  -163.9672 1.2367e-01     2.1616      9.963     14.450     9.8106   999.8256 0.0000e+00
     10.161      0.001     0.0441      0.553    161.456 112.444169     1.5854     15.580  -164.5226 1.2368e-01     2.1538      9.965     14.452     9.8106   999.8256 0.0000e+00
     10.162      0.001     0.0409      0.575    161.798 112.689982     1.6009     15.580  -164.9246 1.2368e-01     2.2921      9.967     14.455     9.8114   999.8255 0.0000e+00
     10.160      0.001     0.0391      0.571    161.778 112.674558     1.6165     15.580  -165.2136 1.2370e-01     2.5293      9.965     14.452     9.8131   999.8253 0.0000e+00
     10.157      0.000     0.0415      0.553    161.366 112.385075     1.6212     15.579  -165.7790 1.2373e-01     2.6878      9.958     14.443     9.8153   999.8249 0.0000e+00
     10.157     -0.002     0.0436      0.529    161.154 112.247543     1.6287     15.579  -166.3410 1.2374e-01     2.7313      9.958     14.443     9.8200   999.8245 0.0000e+00
     10.162     -0.002     0.0470      0.518    161.179 112.285706     1.6402     15.579  -166.5880 1.2378e-01     2.7123      9.967     14.456     9.8233   999.8246 0.0000e+00
     10.163     -0.003     0.0452      0.518    161.043 112.209521     1.6472     15.579  -166.8735 1.2379e-01     2.6639      9.969     14.460     9.8216   999.8247 0.0000e+00
     10.159     -0.005     0.0443      0.499    160.854 112.090821     1.6462     15.579  -167.2969 1.2372e-01     2.6270      9.962     14.448     9.8190   999.8246 0.0000e+00
     10.156     -0.007     0.0417      0.484    160.882 112.124540     1.6469     15.579  -167.4907 1.2368e-01     2.6097      9.958     14.444     9.8220   999.8243 0.0000e+00
     10.155     -0.008     0.0399      0.506    161.026 112.235032     1.6365     15.579  -167.4957 1.2371e-01     2.5227      9.961     14.447     9.8307   999.8237 0.0000e+00
     10.151     -0.007     0.0426      0.548    161.096 112.280176     1.6065     15.579  -167.7025 1.2375e-01     2.3997      9.956     14.439     9.8372   999.8229 0.0000e+00
     10.147     -0.006     0.0394      0.570    161.121 112.288158     1.5887     15.578  -168.0121 1.2376e-01     2.3922      9.948     14.428     9.8395   999.8226 0.0000e+00
     10.147     -0.004     0.0368      0.566    161.195 112.331531     1.5935     15.578  -168.1416 1.2373e-01     2.4331      9.950     14.431     9.8446   999.8222 0.0000e+00
     10.148     -0.003     0.0393      0.554    161.255 112.358676     1.6261     15.579  -168.1493 1.2376e-01     2.4471      9.955     14.437     9.8501   999.8219 0.0000e+00
     10.148     -0.001     0.0444      0.558    161.286 112.361551     1.6782     15.579  -168.1060 1.2380e-01     2.4596      9.952     14.433     9.8470   999.8221 0.0000e+00
     10.147 4.0642e-07     0.0458      0.567    161.311 112.366280     1.6984     15.579  -168.0483 1.2377e-01     2.4459      9.950     14.432     9.8426   999.8224 0.0000e+00
     10.147      0.000     0.0454      0.571    161.293 112.352133     1.6890     15.579  -168.0531 1.2372e-01     2.4185      9.952     14.434     9.8423   999.8226 0.0000e+00
     10.147      0.000     0.0430      0.582    161.235 112.317901     1.6988     15.578  -168.0785 1.2370e-01     2.4034      9.951     14.433     9.8372   999.8230 0.0000e+00
     10.148      0.001     0.0439      0.570    161.162 112.270892     1.7208     15.578  -168.0979 1.2371e-01     2.3666      9.951     14.433     9.8301   999.8236 0.0000e+00
     10.149      0.001     0.0460      0.550    161.107 112.229671     1.7268     15.579  -168.1145 1.2374e-01     2.3501      9.953     14.435     9.8256   999.8240 0.0000e+00
     10.149      0.000     0.0437      0.551    161.065 112.201697     1.7329     15.580  -168.1071 1.2379e-01     2.4111      9.953     14.435     9.8252   999.8241 0.0000e+00
     10.148 1.8475e-08     0.0479      0.553    161.030 112.187465     1.7473     15.580  -168.1811 1.2377e-01     2.5196      9.952     14.434     9.8288   999.8237 0.0000e+00
     10.148 2.0323e-07     0.0455      0.547    161.004 112.185001     1.7578     15.580  -168.3215 1.2371e-01     2.6331      9.952     14.434     9.8303   999.8236 0.0000e+00
     10.148 2.0323e-07     0.0421      0.557    160.957 112.171921     1.7643     15.580  -168.3411 1.2367e-01     2.7190      9.952     14.433     9.8279   999.8238 0.0000e+00
     10.148 1.8475e-08     0.0440      0.564    160.906 112.156746     1.7590     15.580  -168.4190 1.2364e-01     2.7675      9.952     14.433     9.8274   999.8238 0.0000e+00
     10.148 1.6795e-09     0.0444      0.543    160.848 112.128937     1.7411     15.580  -168.6605 1.2363e-01     2.7395      9.953     14.435     9.8313   999.8234 0.0000e+00
     10.148 1.5268e-10     0.0426      0.547    160.803 112.090497     1.7100     15.580  -168.8522 1.2366e-01     2.6550      9.952     14.434     9.8364   999.8230 0.0000e+00
     10.148 1.3873e-11     0.0434      0.582    160.817 112.074167     1.6691     15.580  -169.0161 1.2371e-01     2.6037      9.951     14.433     9.8427   999.8224 0.0000e+00
     10.148 1.1765e-12     0.0472      0.595    160.830 112.058859     1.6476     15.580  -169.1786 1.2370e-01     2.6006      9.952     14.434     9.8499   999.8218 0.0000e+00
     10.148 -8.238e-13     0.0412      0.561    160.800 112.032786     1.6495     15.580  -169.3548 1.2366e-01     2.6166      9.953     14.435     9.8557   999.8213 0.0000e+00
     10.148 -1.031e-11     0.0421      0.535    160.756 112.013716     1.6735     15.580  -169.5121 1.2367e-01     2.6941      9.952     14.434     9.8539   999.8214 0.0000e+00
     10.148 -1.136e-10     0.0468      0.543    160.742 112.019400     1.7177     15.580  -169.6177 1.2372e-01     2.8516      9.952     14.434     9.8426   999.8224 0.0000e+00
     10.148 -1.249e-09     0.0494      0.535    160.754 112.037835     1.7460     15.580  -169.7715 1.2375e-01     2.9411      9.952     14.434     9.8325   999.8232 0.0000e+00
     10.148 -1.374e-08     0.0443      0.503    160.760 112.045519     1.7580     15.580  -169.9950 1.2376e-01     2.9180      9.953     14.435     9.8319   999.8233 0.0000e+00
     10.148 -1.511e-07     0.0398      0.469    160.768 112.048610     1.7958     15.580  -170.1692 1.2379e-01     2.8813      9.952     14.434     9.8370   999.8228 0.0000e+00
     10.148 -2.771e-07     0.0450      0.473    160.818 112.075206     1.8511     15.580  -170.2431 1.2382e-01     2.8758      9.952     14.434     9.8430   999.8224 0.0000e+00
     10.148 -1.511e-07     0.0425      0.497    160.890 112.112276     1.8728     15.579  -170.2854 1.2379e-01     2.8856      9.952     14.434     9.8463   999.8221 0.0000e+00
     10.148 -1.374e-08     0.0407      0.498    160.911 112.114604     1.8668     15.579  -170.3366 1.2375e-01     2.8617      9.952     14.434     9.8465   999.8220 0.0000e+00
     10.148 -1.249e-09     0.0351      0.494    160.906 112.103338     1.8180     15.579  -170.5186 1.2370e-01     2.8272      9.952     14.434     9.8462   999.8221 0.0000e+00
     10.149 -1.136e-10     0.0367      0.516    160.914 112.103453     1.7305     15.579  -170.6790 1.2370e-01     2.8466      9.953     14.435     9.8435   999.8223 0.0000e+00
     10.149 -1.032e-11     0.0410      0.559    160.942 112.115994     1.6856     15.579  -170.7274 1.2371e-01     2.8896      9.953     14.435     9.8386   999.8228 0.0000e+00
