Data/DataNotYetUploadedToEDI/Raw_CTD/RawDownloads/091620_bvr50.cnv
* Sea-Bird SBE19plus  Data File:
* FileName = C:\DATA\091620_fcr50_0001.hex
* Software version 2.8.0.119
* Temperature SN = 7809
* Conductivity SN = 7809
* System UpLoad Time = Sep 16 2020 17:56:11
* <ApplicationData>
* <Seaterm232>
# nquan = 16
# nvalues = 1721                        
# units = specified
# name 0 = depFM: Depth [fresh water, m]
# name 1 = dz/dtM: Descent Rate [m/s]
# name 2 = sbeox0ML/L: Oxygen, SBE 43 [ml/l]
# name 3 = sbeox0PS: Oxygen, SBE 43 [% saturation]
# name 4 = specc: Specific Conductance [uS/cm]
# name 5 = c0uS/cm: Conductivity [uS/cm]
# name 6 = flECO-AFL: Fluorescence, WET Labs ECO-AFL/FL [mg/m^3]
# name 7 = ph: pH
# name 8 = orp: Oxidation Reduction Potential [mV]
# name 9 = par/sat/log: PAR/Logarithmic, Satlantic
# name 10 = turbWETntu0: Turbidity, WET Labs ECO [NTU]
# name 11 = prdM: Pressure, Strain Gauge [db]
# name 12 = prdE: Pressure, Strain Gauge [psi]
# name 13 = tv290C: Temperature [ITS-90, deg C]
# name 14 = density00: Density [density, kg/m^3]
# name 15 = flag:  0.000e+00
# span 0 =     -0.690,     10.400       
# span 1 =     -0.297,      0.224       
# span 2 =    -0.6830,     6.3984       
# span 3 =    -10.011,     99.108       
# span 4 =      1.414,    168.035       
# span 5 =   1.108948, 116.975797       
# span 6 =    -0.9638,    13.6245       
# span 7 =     15.219,     15.587       
# span 8 = -1240.7453,   290.4312       
# span 9 = 1.2359e-01, 3.5575e+02       
# span 10 =    -0.3449,    26.7046      
# span 11 =     -0.677,     10.200      
# span 12 =     -0.981,     14.793      
# span 13 =     9.7485,    22.5832      
# span 14 =   997.6555,   999.8335      
# span 15 = 0.0000e+00, 0.0000e+00      
# interval = seconds: 0.25
# start_time = Sep 15 2020 21:24:50 [Instrument's time stamp, header]
# bad_flag = -9.990e-29
*END*
[from data line 1356]
     10.156 1.0587e-39     0.0409      0.518    161.985 112.728983     1.7508     15.583  -169.3577 1.2362e-01     2.6991      9.959     14.445     9.7953   999.8270 0.0000e+00
     10.156 9.6251e-41     0.0436      0.511    161.949 112.703160     1.7263     15.583  -169.4442 1.2364e-01     2.6363      9.960     14.445     9.7946   999.8270 0.0000e+00
     10.156 8.8158e-42     0.0402      0.507    161.891 112.663227     1.6879     15.584  -169.5503 1.2372e-01     2.6091      9.959     14.445     9.7941   999.8270 0.0000e+00
     10.156 1.5245e-42     0.0413      0.512    161.840 112.628363     1.6683     15.584  -169.6943 1.2376e-01     2.6097      9.959     14.444     9.7940   999.8270 0.0000e+00
     10.156 8.0927e-42     0.0415      0.505    161.798 112.600135     1.6704     15.583  -169.8077 1.2377e-01     2.6095      9.959     14.445     9.7938   999.8271 0.0000e+00
     10.156 8.8231e-41     0.0404      0.494    161.763 112.576730     1.6744     15.583  -169.8887 1.2378e-01     2.6758      9.960     14.445     9.7934   999.8271 0.0000e+00
     10.156 9.7047e-40     0.0397      0.514    161.705 112.536488     1.6794     15.583  -169.9857 1.2379e-01     2.8276      9.960     14.445     9.7935   999.8270 0.0000e+00
     10.155 1.0675e-38     0.0412      0.556    161.647 112.495773     1.6837     15.584  -170.0349 1.2383e-01     2.9336      9.959     14.444     9.7939   999.8270 0.0000e+00
     10.155 1.1743e-37     0.0409      0.594    161.606 112.466658     1.6882     15.584  -170.0532 1.2383e-01     2.9622      9.959     14.444     9.7943   999.8269 0.0000e+00
     10.155 1.2917e-36     0.0374      0.618    161.567 112.439271     1.7430     15.583  -170.1203 1.2377e-01     2.9332      9.960     14.445     9.7945   999.8269 0.0000e+00
     10.155 1.4209e-35     0.0404      0.625    161.539 112.419446     1.8312     15.582  -170.1583 1.2371e-01     2.8913      9.959     14.444     9.7944   999.8269 0.0000e+00
     10.155 1.5629e-34     0.0441      0.595    161.536 112.418055     1.8677     15.583  -170.1682 1.2371e-01     2.9025      9.959     14.444     9.7942   999.8269 0.0000e+00
     10.156 1.7192e-33     0.0478      0.545    161.542 112.422457     1.8690     15.583  -170.2397 1.2375e-01     2.8971      9.959     14.445     9.7941   999.8269 0.0000e+00
     10.156 1.8912e-32     0.0491      0.525    161.524 112.408970     1.8848     15.583  -170.3343 1.2379e-01     2.8597      9.960     14.445     9.7942   999.8269 0.0000e+00
     10.156 2.0803e-31     0.0509      0.539    161.489 112.382383     1.9153     15.582  -170.4518 1.2379e-01     2.8970      9.960     14.446     9.7941   999.8269 0.0000e+00
     10.156 2.2883e-30     0.0483      0.537    161.454 112.355797     1.9341     15.582  -170.5417 1.2377e-01     2.9361      9.959     14.445     9.7942   999.8268 0.0000e+00
     10.156 2.5171e-29     0.0417      0.503    161.436 112.342320     1.9398     15.583  -170.5608 1.2373e-01     2.8859      9.960     14.446     9.7944   999.8268 0.0000e+00
     10.156 2.7689e-28     0.0403      0.491    161.442 112.346835     1.9082     15.583  -170.5974 1.2372e-01     2.8402      9.960     14.446     9.7942   999.8269 0.0000e+00
     10.156 3.0457e-27     0.0433      0.501    161.439 112.346695     1.8278     15.582  -170.6400 1.2374e-01     2.7952      9.959     14.445     9.7935   999.8269 0.0000e+00
     10.156 3.3503e-26     0.0446      0.501    161.426 112.340622     1.7796     15.581  -170.7313 1.2373e-01     2.7196      9.959     14.445     9.7925   999.8270 0.0000e+00
     10.156 3.6854e-25     0.0384      0.501    161.414 112.337116     1.7730     15.582  -170.8414 1.2372e-01     2.6807      9.959     14.445     9.7921   999.8270 0.0000e+00
     10.156 4.0539e-24     0.0378      0.507    161.358 112.304311     1.7380     15.582  -170.8524 1.2375e-01     2.6683      9.959     14.444     9.7925   999.8270 0.0000e+00
     10.156 4.4593e-23     0.0411      0.521    161.292 112.262493     1.6807     15.582  -170.8635 1.2379e-01     2.6387      9.960     14.446     9.7928   999.8269 0.0000e+00
     10.156 4.9052e-22     0.0392      0.554    161.311 112.277401     1.6626     15.583  -170.8908 1.2383e-01     2.6312      9.961     14.447     9.7937   999.8269 0.0000e+00
     10.156 5.3957e-21     0.0396      0.579    161.335 112.293456     1.6716     15.583  -170.9248 1.2383e-01     2.6808      9.960     14.446     9.7954   999.8267 0.0000e+00
     10.156 5.9353e-20     0.0402      0.567    161.296 112.265521     1.6751     15.583  -171.0156 1.2379e-01     2.7924      9.960     14.445     9.7974   999.8265 0.0000e+00
     10.156 6.5288e-19     0.0403      0.548    161.284 112.258140     1.6764     15.583  -171.0425 1.2377e-01     2.9167      9.960     14.446     9.7989   999.8263 0.0000e+00
     10.156 7.1817e-18     0.0440      0.524    161.292 112.267910     1.6774     15.582  -170.9916 1.2377e-01     2.9817      9.960     14.446     9.7994   999.8263 0.0000e+00
     10.156 7.8999e-17     0.0481      0.486    161.262 112.256258     1.6782     15.582  -171.0888 1.2376e-01     2.9943      9.960     14.446     9.7991   999.8264 0.0000e+00
     10.156 8.6899e-16     0.0444      0.485    161.227 112.244660     1.6672     15.583  -171.2712 1.2369e-01     2.9659      9.961     14.447     9.7987   999.8264 0.0000e+00
     10.156 9.5589e-15     0.0432      0.528    161.221 112.255100     1.6393     15.584  -171.3051 1.2368e-01     2.9137      9.960     14.446     9.7985   999.8264 0.0000e+00
     10.156 1.0515e-13     0.0433      0.561    161.200 112.255100     1.6176     15.583  -171.3266 1.2370e-01     2.8779      9.960     14.446     9.7998   999.8263 0.0000e+00
     10.156 1.1566e-12     0.0365      0.554    161.165 112.244680     1.6138     15.582  -171.4450 1.2369e-01     2.8767      9.960     14.446     9.8028   999.8259 0.0000e+00
     10.156 1.2723e-11     0.0370      0.540    161.164 112.256523     1.6131     15.582  -171.5314 1.2368e-01     2.8989      9.960     14.446     9.8068   999.8256 0.0000e+00
     10.157 1.3995e-10     0.0421      0.542    161.178 112.270912     1.6189     15.582  -171.5965 1.2370e-01     2.9055      9.961     14.447     9.8117   999.8253 0.0000e+00
     10.157 1.5395e-09     0.0466      0.549    161.209 112.291250     1.6457     15.582  -171.7160 1.2378e-01     2.9224      9.961     14.447     9.8164   999.8248 0.0000e+00
     10.157 1.6934e-08     0.0437      0.548    161.243 112.311316     1.6796     15.582  -171.7719 1.2380e-01     2.9656      9.960     14.446     9.8204   999.8245 0.0000e+00
     10.157 1.8627e-07     0.0421      0.530    161.268 112.322435     1.6943     15.582  -171.7561 1.2378e-01     2.9469      9.961     14.447     9.8253   999.8241 0.0000e+00
     10.157 1.8627e-07     0.0430      0.510    161.337 112.361984     1.6994     15.582  -171.7835 1.2382e-01     2.9021      9.961     14.448     9.8270   999.8239 0.0000e+00
     10.157 1.6934e-08     0.0436      0.505    161.410 112.407284     1.7227     15.582  -171.8449 1.2381e-01     2.9051      9.960     14.446     9.8251   999.8241 0.0000e+00
     10.157 1.5395e-09     0.0444      0.520    161.439 112.424233     1.7378     15.582  -171.8968 1.2374e-01     2.8803      9.960     14.445     9.8246   999.8242 0.0000e+00
     10.157 1.3995e-10     0.0417      0.535    161.464 112.439511     1.7285     15.582  -171.8943 1.2372e-01     2.8093      9.960     14.446     9.8228   999.8243 0.0000e+00
     10.157 1.2723e-11     0.0407      0.551    161.504 112.464596     1.7252     15.582  -171.9013 1.2371e-01     2.7669      9.960     14.446     9.8193   999.8246 0.0000e+00
     10.157 1.1566e-12     0.0384      0.557    161.512 112.472735     1.7259     15.582  -171.9810 1.2374e-01     2.8143      9.960     14.446     9.8176   999.8248 0.0000e+00
     10.156 1.0515e-13     0.0423      0.548    161.497 112.474218     1.7189     15.582  -172.0838 1.2375e-01     2.9018      9.960     14.446     9.8171   999.8249 0.0000e+00
     10.156 9.5590e-15     0.0419      0.553    161.482 112.482534     1.7168     15.582  -172.1116 1.2369e-01     2.9315      9.960     14.446     9.8164   999.8249 0.0000e+00
     10.157 8.6900e-16     0.0435      0.548    161.498 112.509612     1.7198     15.581  -172.1451 1.2369e-01     2.8646      9.961     14.447     9.8152   999.8250 0.0000e+00
     10.157 7.9014e-17     0.0458      0.532    161.541 112.546824     1.7073     15.581  -172.2303 1.2371e-01     2.7451      9.960     14.446     9.8151   999.8251 0.0000e+00
     10.157 7.3372e-18     0.0416      0.520    161.545 112.550256     1.6902     15.581  -172.1953 1.2370e-01     2.6888      9.960     14.446     9.8189   999.8248 0.0000e+00
     10.157 2.3600e-18     0.0452      0.499    161.549 112.551111     1.6838     15.582  -172.1522 1.2370e-01     2.6649      9.960     14.446     9.8262   999.8241 0.0000e+00
     10.157 1.8837e-17     0.0439      0.489    161.561 112.557152     1.6306     15.582  -172.1390 1.2372e-01     2.5589      9.960     14.446     9.8320   999.8236 0.0000e+00
     10.157 2.0656e-16     0.0415      0.507    161.569 112.559596     1.5234     15.582  -172.0359 1.2375e-01     2.4024      9.961     14.447     9.8338   999.8235 0.0000e+00
     10.157 2.2721e-15     0.0422      0.526    161.606 112.580658     1.4560     15.582  -172.0247 1.2377e-01     2.3174      9.961     14.447     9.8332   999.8235 0.0000e+00
     10.157 2.4993e-14     0.0393      0.524    161.673 112.620704     1.4445     15.581  -172.2612 1.2376e-01     2.3205      9.960     14.446     9.8326   999.8236 0.0000e+00
     10.157 2.7492e-13     0.0374      0.520    161.743 112.661566     1.4606     15.581  -172.4863 1.2377e-01     2.3715      9.960     14.446     9.8321   999.8236 0.0000e+00
     10.157 3.0241e-12     0.0403      0.528    161.799 112.692496     1.4791     15.582  -172.5093 1.2384e-01     2.4537      9.961     14.447     9.8314   999.8237 0.0000e+00
     10.157 3.3266e-11     0.0429      0.553    161.881 112.739856     1.4774     15.583  -172.5398 1.2386e-01     2.4902      9.961     14.448     9.8297   999.8239 0.0000e+00
     10.157 3.6592e-10     0.0412      0.591    161.967 112.788280     1.4780     15.582  -172.5964 1.2379e-01     2.4693      9.961     14.447     9.8273   999.8240 0.0000e+00
     10.157 4.0251e-09     0.0408      0.594    162.049 112.832053     1.4870     15.582  -172.5905 1.2371e-01     2.4411      9.960     14.446     9.8249   999.8243 0.0000e+00
     10.157 4.4277e-08     0.0416      0.570    162.148 112.886884     1.4802     15.582  -172.6407 1.2368e-01     2.3899      9.961     14.447     9.8224   999.8245 0.0000e+00
     10.157 4.8704e-07     0.0427      0.562    162.243 112.941606     1.4627     15.583  -172.7736 1.2369e-01     2.3308      9.961     14.447     9.8199   999.8248 0.0000e+00
     10.157      0.000     0.0484      0.539    162.313 112.984061     1.4579     15.583  -172.8216 1.2366e-01     2.3104      9.961     14.447     9.8162   999.8251 0.0000e+00
     10.157      0.000     0.0487      0.506    162.366 113.017980     1.4699     15.583  -172.7909 1.2366e-01     2.3146      9.960     14.446     9.8118   999.8255 0.0000e+00
     10.157      0.001     0.0429      0.491    162.481 113.096891     1.4929     15.583  -172.8323 1.2371e-01     2.3475      9.960     14.446     9.8073   999.8260 0.0000e+00
     10.157      0.002     0.0461      0.489    162.685 113.237440     1.5166     15.584  -172.8914 1.2374e-01     2.3992      9.961     14.447     9.8034   999.8263 0.0000e+00
     10.157      0.003     0.0433      0.503    162.800 113.315863     1.5375     15.584  -172.8179 1.2377e-01     2.4591      9.961     14.448     9.8015   999.8265 0.0000e+00
     10.157      0.003     0.0387      0.510    162.663 113.216938     1.6025     15.584  -172.8034 1.2382e-01     2.5912      9.961     14.447     9.8010   999.8266 0.0000e+00
     10.159     -0.004     0.0394      0.504    162.348 112.996905     1.7108     15.584  -173.2327 1.2386e-01     2.7264      9.961     14.448     9.8007   999.8266 0.0000e+00
     10.163     -0.023     0.0374      0.505    161.901 112.693968     1.7592     15.584  -173.8785 1.2386e-01     2.7194      9.967     14.455     9.8006   999.8268 0.0000e+00
     10.165     -0.060     0.0406      0.526    161.278 112.293363     1.7495     15.583  -174.2447 1.2380e-01     2.6784      9.971     14.462     9.8002   999.8269 0.0000e+00
     10.159     -0.116     0.0411      0.555    160.444 111.784257     1.7361     15.582  -174.2188 1.2375e-01     2.6775      9.968     14.458     9.7986   999.8269 0.0000e+00
     10.136     -0.183     0.0396      0.546    159.263 111.061180     1.6738     15.581  -173.9093 1.2373e-01     2.6053      9.950     14.431     9.7977   999.8268 0.0000e+00
     10.084     -0.245     0.0395      0.508    157.847 110.175371     1.5780     15.580  -173.6007 1.2368e-01     2.4921      9.903     14.363     9.7986   999.8264 0.0000e+00
      9.995     -0.286     0.0408      0.497    156.278 109.163479     1.5413     15.579  -173.4128 1.2361e-01     2.4419      9.812     14.231     9.8063   999.8250 0.0000e+00
      9.882     -0.297     0.0456      0.503    154.899 108.252983     1.5445     15.579  -173.2714 1.2359e-01     2.4107      9.688     14.051     9.8300   999.8222 0.0000e+00
      9.773     -0.281     0.0448      0.508    154.444 107.955890     1.5594     15.580  -173.3543 1.2367e-01     2.3557      9.572     13.883     9.8651   999.8180 0.0000e+00
      9.694     -0.250     0.0384      0.521    154.313 107.864236     1.5978     15.581  -173.7260 1.2373e-01     2.3597      9.492     13.766     9.8997   999.8141 0.0000e+00
      9.652     -0.219     0.0389      0.531    153.833 107.526899     1.6171     15.580  -174.0669 1.2370e-01     2.3909      9.455     13.713     9.9274   999.8111 0.0000e+00
      9.636     -0.197     0.0405      0.541    153.609 107.379927     1.6024     15.578  -174.1203 1.2372e-01     2.3897      9.452     13.710     9.9444   999.8088 0.0000e+00
      9.614     -0.192     0.0392      0.562    153.737 107.488343     1.5828     15.578  -174.0268 1.2373e-01     2.3797      9.441     13.693     9.9500   999.8083 0.0000e+00
      9.564     -0.201     0.0418      0.578    153.817 107.564058     1.5796     15.578  -173.9694 1.2369e-01     2.3724      9.388     13.616     9.9479   999.8083 0.0000e+00
      9.490     -0.218     0.0420      0.583    153.748 107.531200     1.5826     15.578  -173.8566 1.2373e-01     2.3703      9.306     13.498     9.9451   999.8077 0.0000e+00
      9.414     -0.232     0.0419      0.582    153.468 107.345821     1.5811     15.579  -173.6962 1.2378e-01     2.3883      9.227     13.382     9.9483   999.8070 0.0000e+00
      9.348     -0.233     0.0447      0.577    153.025 107.042174     1.5904     15.579  -173.6640 1.2379e-01     2.4526      9.164     13.292     9.9562   999.8062 0.0000e+00
      9.293     -0.223     0.0462      0.578    152.565 106.725651     1.6091     15.579  -173.8112 1.2375e-01     2.4960      9.112     13.216     9.9634   999.8053 0.0000e+00
      9.244     -0.209     0.0459      0.584    152.157 106.448229     1.6167     15.579  -174.1002 1.2372e-01     2.5006      9.063     13.145     9.9681   999.8047 0.0000e+00
      9.198     -0.198     0.0463      0.586    151.746 106.171536     1.6245     15.579  -174.4039 1.2373e-01     2.5079      9.020     13.083     9.9713   999.8041 0.0000e+00
      9.151     -0.190     0.0453      0.580    151.200 105.800108     1.6462     15.579  -174.4719 1.2373e-01     2.4818      8.976     13.019     9.9735   999.8035 0.0000e+00
      9.100     -0.182     0.0453      0.549    150.695 105.459781     1.6601     15.579  -174.3210 1.2368e-01     2.4596      8.924     12.944     9.9742   999.8030 0.0000e+00
      9.047     -0.172     0.0469      0.541    150.270 105.177014     1.6589     15.578  -174.1276 1.2370e-01     2.4454      8.870     12.864     9.9767   999.8024 0.0000e+00
