Data/DataNotYetUploadedToEDI/Raw_CTD/RawDownloads/091620_bvr50.cnv
* Sea-Bird SBE19plus  Data File:
* FileName = C:\DATA\091620_fcr50_0001.hex
* Software version 2.8.0.119
* Temperature SN = 7809
* Conductivity SN = 7809
* System UpLoad Time = Sep 16 2020 17:56:11
* <ApplicationData>
* <Seaterm232>
# nquan = 16
# nvalues = 1721                        
# units = specified
# name 0 = depFM: Depth [fresh water, m]
# name 1 = dz/dtM: Descent Rate [m/s]
# name 2 = sbeox0ML/L: Oxygen, SBE 43 [ml/l]
# name 3 = sbeox0PS: Oxygen, SBE 43 [% saturation]
# name 4 = specc: Specific Conductance [uS/cm]
# name 5 = c0uS/cm: Conductivity [uS/cm]
# name 6 = flECO-AFL: Fluorescence, WET Labs ECO-AFL/FL [mg/m^3]
# name 7 = ph: pH
# name 8 = orp: Oxidation Reduction Potential [mV]
# name 9 = par/sat/log: PAR/Logarithmic, Satlantic
# name 10 = turbWETntu0: Turbidity, WET Labs ECO [NTU]
# name 11 = prdM: Pressure, Strain Gauge [db]
# name 12 = prdE: Pressure, Strain Gauge [psi]
# name 13 = tv290C: Temperature [ITS-90, deg C]
# name 14 = density00: Density [density, kg/m^3]
# name 15 = flag:  0.000e+00
# span 0 =     -0.690,     10.400       
# span 1 =     -0.297,      0.224       
# span 2 =    -0.6830,     6.3984       
# span 3 =    -10.011,     99.108       
# span 4 =      1.414,    168.035       
# span 5 =   1.108948, 116.975797       
# span 6 =    -0.9638,    13.6245       
# span 7 =     15.219,     15.587       
# span 8 = -1240.7453,   290.4312       
# span 9 = 1.2359e-01, 3.5575e+02       
# span 10 =    -0.3449,    26.7046      
# span 11 =     -0.677,     10.200      
# span 12 =     -0.981,     14.793      
# span 13 =     9.7485,    22.5832      
# span 14 =   997.6555,   999.8335      
# span 15 = 0.0000e+00, 0.0000e+00      
# interval = seconds: 0.25
# start_time = Sep 15 2020 21:24:50 [Instrument's time stamp, header]
# bad_flag = -9.990e-29
*END*
[from data line 181]
     -0.025      0.002     4.8012     79.002     28.222  26.809891     5.4381     15.229   264.6026 1.6774e+02     3.0471     -0.025     -0.036    22.5057   997.6710 0.0000e+00
     -0.025      0.001     4.7997     78.977     28.207  26.800073     5.4312     15.229   264.7193 1.6769e+02     3.0760     -0.025     -0.036    22.4942   997.6737 0.0000e+00
     -0.026      0.000     4.7967     78.986     28.233  26.830940     5.5119     15.230   264.8803 1.6767e+02     3.1210     -0.026     -0.038    22.4869   997.6755 0.0000e+00
     -0.027      0.000     4.7909     79.028     28.263  26.865966     5.6697     15.230   265.0877 1.6755e+02     3.1105     -0.027     -0.039    22.4863   997.6755 0.0000e+00
     -0.028      0.000     4.7871     79.113     28.236  26.843010     5.7564     15.230   265.2470 1.6762e+02     3.0510     -0.027     -0.039    22.4902   997.6746 0.0000e+00
     -0.028      0.001     4.7847     79.244     28.198  26.807098     5.7582     15.230   265.3443 1.6780e+02     3.0201     -0.027     -0.040    22.4993   997.6725 0.0000e+00
     -0.027      0.002     4.7838     79.349     28.205  26.812341     5.7392     15.230   265.4903 1.6770e+02     3.0458     -0.027     -0.039    22.5128   997.6694 0.0000e+00
     -0.026      0.003     4.7857     79.392     28.239  26.842967     5.7466     15.230   265.8077 1.6740e+02     3.1209     -0.026     -0.038    22.5250   997.6666 0.0000e+00
     -0.025      0.004     4.7886     79.406     28.259  26.860241     5.7808     15.230   266.1703 1.6730e+02     3.2082     -0.024     -0.035    22.5300   997.6655 0.0000e+00
     -0.023      0.004     4.7999     79.396     28.230  26.830918     5.7903     15.230   266.3468 1.6740e+02     3.2079     -0.023     -0.033    22.5293   997.6655 0.0000e+00
     -0.022      0.003     4.8074     79.378     28.207  26.805566     5.7944     15.230   266.3926 1.6735e+02     3.1854     -0.022     -0.032    22.5269   997.6661 0.0000e+00
     -0.021      0.001     4.8082     79.363     28.212  26.807416     5.8121     15.230   266.4660 1.6719e+02     3.2456     -0.021     -0.030    22.5224   997.6672 0.0000e+00
     -0.021      0.000     4.8101     79.342     28.196  26.789857     5.8227     15.230   266.6329 1.6720e+02     3.3182     -0.021     -0.030    22.5213   997.6675 0.0000e+00
     -0.022     -0.001     4.8090     79.326     28.190  26.783548     5.8184     15.230   266.8619 1.6731e+02     3.3074     -0.021     -0.031    22.5193   997.6679 0.0000e+00
     -0.023     -0.001     4.8080     79.327     28.202  26.794559     5.8069     15.230   267.0834 1.6737e+02     3.2526     -0.023     -0.033    22.5107   997.6699 0.0000e+00
     -0.023     -0.001     4.8089     79.312     28.204  26.796136     5.8179     15.230   267.3321 1.6749e+02     3.2735     -0.023     -0.033    22.5037   997.6715 0.0000e+00
     -0.023     -0.001     4.8073     79.254     28.209  26.802611     5.8551     15.230   267.5455 1.6758e+02     3.3191     -0.023     -0.033    22.5006   997.6723 0.0000e+00
     -0.023     -0.001     4.8054     79.153     28.210  26.809424     5.8855     15.229   267.5987 1.6753e+02     3.2891     -0.022     -0.032    22.5011   997.6721 0.0000e+00
     -0.023     -0.001     4.8071     79.063     28.210  26.815087     5.8892     15.229   267.6309 1.6754e+02     3.2546     -0.023     -0.033    22.5001   997.6724 0.0000e+00
     -0.023     -0.002     4.8067     79.035     28.200  26.807654     5.8620     15.230   267.7632 1.6752e+02     3.2106     -0.023     -0.033    22.4966   997.6732 0.0000e+00
     -0.024     -0.002     4.8034     79.028     28.173  26.782992     5.8336     15.230   267.3919 1.6739e+02     3.1353     -0.024     -0.034    22.5005   997.6723 0.0000e+00
     -0.025     -0.001     4.7947     79.017     28.160  26.770622     5.8319     15.229   266.2386 1.6739e+02     3.1000     -0.025     -0.036    22.5125   997.6695 0.0000e+00
     -0.026      0.000     4.7859     79.010     28.176  26.784938     5.8316     15.229   265.4336 1.6737e+02     3.0921     -0.025     -0.037    22.5242   997.6668 0.0000e+00
     -0.026      0.001     4.7862     79.005     28.229  26.829224     5.8493     15.230   265.4021 1.6722e+02     3.0745     -0.026     -0.037    22.5294   997.6655 0.0000e+00
     -0.026      0.001     4.7863     79.026     28.271  26.862082     5.9023     15.231   265.3414 1.6733e+02     3.0590     -0.026     -0.038    22.5273   997.6660 0.0000e+00
     -0.024      0.001     4.7846     79.071     28.277  26.865070     5.9387     15.231   265.0442 1.6831e+02     3.0758     -0.026     -0.036    22.5276   997.6659 0.0000e+00
     -0.021      0.003     4.7851     79.109     28.273  26.865343     5.9459     15.231   264.6478 1.7100e+02     3.0717     -0.020     -0.029    22.5294   997.6656 0.0000e+00
     -0.021      0.008     4.7846     79.183     28.265  26.865378     5.9424     15.231   264.2488 1.7552e+02     3.0439     -0.019     -0.027    22.5170   997.6685 0.0000e+00
     -0.026      0.020     4.7871     79.315     28.258  26.865512     5.9436     15.231   264.0918 1.7882e+02     3.1168     -0.026     -0.039    22.5001   997.6724 0.0000e+00
     -0.027      0.039     4.7929     79.457     28.253  26.866965     5.9599     15.230   264.3834 1.7774e+02     3.2668     -0.030     -0.044    22.4935   997.6739 0.0000e+00
     -0.018      0.062     4.7919     79.580     28.264  26.882962     5.9675     15.229   264.7631 1.7216e+02     3.3470     -0.021     -0.030    22.5034   997.6717 0.0000e+00
      0.002      0.087     4.7938     79.648     28.243  26.868651     5.9603     15.229   264.8120 1.6259e+02     3.3320     -0.002     -0.003    22.5202   997.6678 0.0000e+00
      0.032      0.109     4.8033     79.618     28.188  26.820792     5.9491     15.229   264.8883 1.4535e+02     3.2900      0.027      0.039    22.5311   997.6654 0.0000e+00
      0.072      0.125     4.8106     79.515     28.176  26.811738     5.9369     15.230   265.1698 1.2082e+02     3.2862      0.069      0.100    22.5413   997.6633 0.0000e+00
      0.112      0.135     4.8181     79.400     28.186  26.822616     5.9369     15.230   265.6335 1.0074e+02     3.3199      0.114      0.165    22.5514   997.6612 0.0000e+00
      0.147      0.137     4.8228     79.294     28.188  26.825462     5.9384     15.230   266.2789 8.7173e+01     3.3207      0.146      0.212    22.5619   997.6589 0.0000e+00
      0.179      0.132     4.8196     79.218     28.209  26.846152     5.9372     15.230   267.0365 7.2911e+01     3.2962      0.174      0.252    22.5695   997.6572 0.0000e+00
      0.213      0.123     4.8109     79.188     28.248  26.882487     5.9502     15.230   267.7393 5.8851e+01     3.2979      0.210      0.305    22.5732   997.6565 0.0000e+00
      0.247      0.112     4.8039     79.164     28.250  26.884204     5.9713     15.229   267.9792 4.8680e+01     3.3067      0.245      0.356    22.5764   997.6559 0.0000e+00
      0.275      0.100     4.7970     79.119     28.232  26.866920     5.9924     15.228   268.0438 4.3587e+01     3.2997      0.272      0.393    22.5786   997.6555 0.0000e+00
      0.299      0.089     4.7908     79.074     28.228  26.863794     6.0046     15.228   268.4339 4.2624e+01     3.2822      0.294      0.425    22.5789   997.6555 0.0000e+00
      0.320      0.084     4.7911     79.049     28.210  26.846405     5.9954     15.228   268.9963 4.4305e+01     3.2663      0.317      0.460    22.5778   997.6559 0.0000e+00
      0.335      0.088     4.7904     79.046     28.211  26.846963     5.9863     15.228   269.4234 4.7804e+01     3.2784      0.332      0.482    22.5775   997.6561 0.0000e+00
      0.345      0.100     4.7866     79.043     28.236  26.870538     6.0187     15.228   269.6405 5.1644e+01     3.3254      0.335      0.486    22.5782   997.6559 0.0000e+00
      0.365      0.115     4.7834     79.020     28.243  26.877721     6.1485     15.228   269.9005 5.4387e+01     3.3551      0.349      0.507    22.5786   997.6558 0.0000e+00
      0.402      0.130     4.7820     79.000     28.234  26.870382     6.3247     15.228   270.3298 5.5162e+01     3.3287      0.390      0.567    22.5782   997.6562 0.0000e+00
      0.449      0.142     4.7823     79.020     28.208  26.845232     6.3948     15.228   270.7017 5.3771e+01     3.3143      0.441      0.640    22.5763   997.6568 0.0000e+00
      0.496      0.148     4.7830     79.040     28.188  26.827352     6.3953     15.228   271.1278 5.1465e+01     3.3524      0.488      0.708    22.5759   997.6571 0.0000e+00
      0.536      0.145     4.7811     79.021     28.205  26.844494     6.4173     15.229   271.5242 4.9055e+01     3.3436      0.529      0.767    22.5774   997.6569 0.0000e+00
      0.570      0.134     4.7777     78.973     28.224  26.862203     6.4698     15.229   271.5362 4.6464e+01     3.2078      0.560      0.812    22.5784   997.6569 0.0000e+00
      0.601      0.117     4.7809     78.902     28.213  26.851179     6.5436     15.229   271.4450 4.3940e+01     3.0496      0.589      0.855    22.5794   997.6568 0.0000e+00
      0.630      0.101     4.7830     78.828     28.199  26.838073     6.5849     15.229   271.4539 4.1680e+01     3.0098      0.619      0.896    22.5810   997.6565 0.0000e+00
      0.655      0.087     4.7807     78.791     28.192  26.830592     6.5977     15.229   271.5571 3.9901e+01     3.0356      0.646      0.937    22.5825   997.6563 0.0000e+00
      0.674      0.077     4.7780     78.778     28.185  26.824147     6.5457     15.229   271.7466 3.8691e+01     3.0525      0.663      0.961    22.5832   997.6562 0.0000e+00
      0.688      0.072     4.7737     78.782     28.185  26.823582     6.4132     15.229   272.0250 3.7796e+01     3.0429      0.674      0.978    22.5829   997.6563 0.0000e+00
      0.702      0.070     4.7675     78.844     28.185  26.823751     6.3397     15.229   272.4285 3.7051e+01     3.0574      0.686      0.997    22.5816   997.6567 0.0000e+00
      0.717      0.073     4.7661     78.956     28.188  26.826189     6.3534     15.230   272.8389 3.6382e+01     3.1234      0.701      1.017    22.5807   997.6569 0.0000e+00
      0.735      0.080     4.7665     79.062     28.216  26.853066     6.4359     15.230   273.2012 3.5634e+01     3.1209      0.719      1.044    22.5801   997.6571 0.0000e+00
      0.758      0.086     4.7642     79.166     28.261  26.895003     6.5749     15.230   273.3680 3.4700e+01     3.0267      0.742      1.076    22.5797   997.6573 0.0000e+00
      0.784      0.091     4.7685     79.275     28.254  26.889236     6.6514     15.229   273.3060 3.3625e+01     2.9458      0.769      1.116    22.5790   997.6576 0.0000e+00
      0.811      0.091     4.7777     79.350     28.209  26.846767     6.6737     15.229   273.3115 3.2461e+01     2.9671      0.795      1.154    22.5785   997.6579 0.0000e+00
      0.836      0.090     4.7833     79.368     28.186  26.825518     6.8342     15.229   273.5213 3.1206e+01     3.0432      0.820      1.191    22.5786   997.6580 0.0000e+00
      0.859      0.087     4.7888     79.348     28.183  26.822607     7.1042     15.229   273.7777 3.0007e+01     3.0769      0.845      1.225    22.5780   997.6582 0.0000e+00
      0.878      0.084     4.7970     79.301     28.172  26.811567     7.2303     15.229   273.8309 2.8913e+01     3.0655      0.862      1.248    22.5780   997.6583 0.0000e+00
      0.896      0.082     4.8021     79.219     28.181  26.818890     7.2333     15.229   273.8198 2.7747e+01     3.0435      0.877      1.272    22.5790   997.6581 0.0000e+00
      0.916      0.082     4.8022     79.139     28.212  26.847722     7.2173     15.229   273.9878 2.6546e+01     3.0507      0.898      1.302    22.5805   997.6579 0.0000e+00
      0.939      0.084     4.8004     79.085     28.207  26.843019     7.1798     15.229   274.2283 2.5535e+01     3.0842      0.922      1.338    22.5810   997.6579 0.0000e+00
      0.960      0.087     4.7992     79.034     28.188  26.825453     7.1519     15.229   274.4048 2.4728e+01     3.0709      0.943      1.367    22.5800   997.6582 0.0000e+00
      0.981      0.091     4.7924     79.000     28.188  26.825623     7.1281     15.229   274.4005 2.3928e+01     3.0271      0.960      1.393    22.5790   997.6585 0.0000e+00
      1.004      0.093     4.7866     78.986     28.209  26.845077     7.1115     15.229   274.3480 2.3140e+01     3.0348      0.984      1.428    22.5778   997.6589 0.0000e+00
      1.030      0.093     4.7855     78.955     28.235  26.870383     7.0930     15.228   274.3724 2.2438e+01     3.0604      1.010      1.465    22.5770   997.6592 0.0000e+00
      1.057      0.092     4.7812     78.941     28.243  26.877876     7.0484     15.228   274.4374 2.1773e+01     3.0621      1.035      1.502    22.5771   997.6593 0.0000e+00
      1.083      0.091     4.7784     78.961     28.238  26.872243     7.0117     15.229   274.5309 2.1218e+01     3.0556      1.064      1.544    22.5773   997.6594 0.0000e+00
      1.105      0.088     4.7804     78.990     28.232  26.865707     6.9927     15.229   274.5570 2.0828e+01     3.0506      1.087      1.577    22.5772   997.6595 0.0000e+00
      1.122      0.083     4.7762     79.050     28.229  26.862267     6.9807     15.228   274.5806 2.0450e+01     3.0699      1.100      1.596    22.5768   997.6597 0.0000e+00
      1.141      0.079     4.7747     79.136     28.196  26.830658     6.9806     15.229   274.7308 1.9945e+01     3.0832      1.117      1.620    22.5763   997.6599 0.0000e+00
      1.164      0.078     4.7785     79.239     28.165  26.800664     6.9812     15.229   274.9962 1.9424e+01     3.0398      1.143      1.657    22.5754   997.6602 0.0000e+00
      1.185      0.079     4.7778     79.337     28.181  26.816756     6.9783     15.230   275.2086 1.8969e+01     2.9917      1.164      1.689    22.5744   997.6605 0.0000e+00
      1.204      0.082     4.7828     79.408     28.200  26.834945     6.9554     15.230   275.3200 1.8508e+01     3.0507      1.179      1.710    22.5735   997.6609 0.0000e+00
      1.223      0.085     4.7878     79.474     28.195  26.830299     6.9142     15.229   275.4824 1.8047e+01     3.2047      1.198      1.738    22.5726   997.6611 0.0000e+00
      1.244      0.087     4.7943     79.531     28.188  26.824009     6.8812     15.228   275.7098 1.7581e+01     3.2739      1.218      1.769    22.5727   997.6611 0.0000e+00
      1.267      0.090     4.8019     79.583     28.186  26.822318     6.8712     15.228   275.8324 1.7082e+01     3.2354      1.242      1.801    22.5736   997.6611 0.0000e+00
      1.293      0.092     4.8038     79.636     28.173  26.809856     6.9252     15.228   275.7597 1.6608e+01     3.1851      1.269      1.840    22.5744   997.6610 0.0000e+00
      1.318      0.092     4.8093     79.671     28.163  26.800190     7.0201     15.228   275.6915 1.6202e+01     3.1457      1.294      1.877    22.5747   997.6610 0.0000e+00
      1.342      0.090     4.8119     79.694     28.196  26.832309     7.0742     15.229   275.6966 1.5856e+01     3.1367      1.316      1.909    22.5752   997.6610 0.0000e+00
      1.364      0.085     4.8146     79.730     28.248  26.881049     7.0838     15.229   275.7352 1.5547e+01     3.1118      1.338      1.940    22.5755   997.6611 0.0000e+00
      1.386      0.080     4.8190     79.767     28.250  26.882079     7.0783     15.229   275.8996 1.5300e+01     3.0507      1.361      1.973    22.5755   997.6612 0.0000e+00
      1.406      0.076     4.8207     79.785     28.211  26.844757     7.1228     15.229   276.1358 1.5130e+01     3.1184      1.380      2.001    22.5755   997.6612 0.0000e+00
      1.423      0.074     4.8213     79.785     28.175  26.810367     7.2208     15.228   276.3542 1.4965e+01     3.3128      1.395      2.024    22.5754   997.6613 0.0000e+00
      1.440      0.074     4.8237     79.743     28.147  26.783409     7.2713     15.228   276.3889 1.4788e+01     3.3744      1.412      2.048    22.5751   997.6615 0.0000e+00
