Data/DataNotYetUploadedToEDI/Raw_CTD/RawDownloads/091718_fcr20.cnv
* Sea-Bird SBE19plus  Data File:
* FileName = C:\DATA\20180917_fcr_0002.hex
* Software version 2.6.3.104 SB_Terminal.dll
* Temperature SN = 7809
* Conductivity SN = 7809
* System UpLoad Time = Sep 17 2018 17:51:31
* <ApplicationData>
* <Seaterm232>
# nquan = 15
# nvalues = 446                         
# units = specified
# name 0 = depFM: Depth [fresh water, m]
# name 1 = dz/dtM: Descent Rate [m/s]
# name 2 = sbeox0Mg/L: Oxygen, SBE 43 [mg/l]
# name 3 = sbeox0PS: Oxygen, SBE 43 [% saturation]
# name 4 = specc: Specific Conductance [uS/cm]
# name 5 = c0uS/cm: Conductivity [uS/cm]
# name 6 = flECO-AFL: Fluorescence, WET Labs ECO-AFL/FL [mg/m^3]
# name 7 = ph: pH
# name 8 = orp: Oxidation Reduction Potential [mV]
# name 9 = par/sat/log: PAR/Logarithmic, Satlantic
# name 10 = turbWETntu0: Turbidity, WET Labs ECO [NTU]
# name 11 = prdM: Pressure, Strain Gauge [db]
# name 12 = prdE: Pressure, Strain Gauge [psi]
# name 13 = tv290C: Temperature [ITS-90, deg C]
# name 14 = flag:  0.000e+00
# span 0 =     -0.601,      2.733       
# span 1 =     -0.185,      0.246       
# span 2 =     4.8842,     8.1505       
# span 3 =     56.394,     94.299       
# span 4 =      2.235,     35.957       
# span 5 =   2.097787,  34.252883       
# span 6 =    -0.1901,     5.6323       
# span 7 =      6.682,      7.968       
# span 8 =   216.6608,   296.0439       
# span 9 = 3.4507e+00, 1.1637e+02       
# span 10 =    -0.2535,    12.9510      
# span 11 =     -0.589,      2.681      
# span 12 =     -0.856,      3.889      
# span 13 =    21.5067,    22.6300      
# span 14 = 0.0000e+00, 0.0000e+00      
# interval = seconds: 0.25
# start_time = Sep 17 2018 15:06:31 [Instrument's time stamp, header]
# bad_flag = -9.990e-29
*END*
[from data line 97]
      0.052     -0.024     5.2925     61.210     35.778  34.047202     4.5989      7.316   242.6876 6.4580e+01     2.1693      0.052      0.075    22.5808 0.0000e+00
      0.038     -0.024     5.2703     60.950     35.787  34.053477     4.6015      7.311   242.8299 6.4972e+01     2.1823      0.034      0.050    22.5810 0.0000e+00
      0.031     -0.021     5.2499     60.711     35.795  34.059147     4.6020      7.308   242.9444 6.3028e+01     2.1922      0.027      0.040    22.5812 0.0000e+00
      0.031     -0.015     5.2248     60.417     35.790  34.052232     4.6045      7.306   243.1265 6.3740e+01     2.1982      0.031      0.046    22.5784 0.0000e+00
      0.030     -0.007     5.1994     60.121     35.771  34.033387     4.5957      7.305   243.3960 6.6657e+01     2.1937      0.031      0.046    22.5756 0.0000e+00
      0.026     -0.000     5.1785     59.878     35.761  34.021838     4.5786      7.304   243.6220 6.7221e+01     2.1981      0.024      0.035    22.5725 0.0000e+00
      0.026      0.004     5.1596     59.657     35.781  34.039624     4.6090      7.302   243.8807 6.6460e+01     2.1904      0.024      0.035    22.5690 0.0000e+00
      0.030      0.008     5.1391     59.419     35.801  34.057887     4.6787      7.299   244.2014 6.6237e+01     2.1617      0.029      0.043    22.5667 0.0000e+00
      0.034      0.011     5.1154     59.142     35.796  34.052103     4.7130      7.297   244.4018 6.6084e+01     2.1561      0.034      0.050    22.5651 0.0000e+00
      0.038      0.013     5.0899     58.847     35.777  34.033200     4.7118      7.296   244.5833 6.5123e+01     2.1841      0.037      0.053    22.5633 0.0000e+00
      0.041      0.013     5.0647     58.554     35.764  34.019880     4.7098      7.294   244.7603 6.4090e+01     2.1943      0.039      0.056    22.5610 0.0000e+00
      0.046      0.011     5.0382     58.247     35.762  34.018092     4.6789      7.292   244.8220 6.3895e+01     2.1574      0.044      0.064    22.5595 0.0000e+00
      0.051      0.007     5.0089     57.908     35.756  34.011578     4.6239      7.289   244.8984 6.4469e+01     2.1351      0.051      0.073    22.5586 0.0000e+00
      0.053      0.004     4.9804     57.577     35.749  34.004640     4.5969      7.287   245.0823 6.4690e+01     2.1682      0.054      0.078    22.5574 0.0000e+00
      0.051      0.000     4.9540     57.271     35.744  33.997720     4.5907      7.287   245.2381 6.3938e+01     2.1920      0.051      0.073    22.5560 0.0000e+00
      0.048     -0.010     4.9280     56.967     35.739  33.991425     4.5952      7.287   245.3191 6.3969e+01     2.1786      0.046      0.068    22.5553 0.0000e+00
      0.047     -0.029     4.9050     56.691     35.747  33.992040     4.5967      7.286   245.3740 6.4466e+01     2.1592      0.045      0.066    22.5551 0.0000e+00
      0.046     -0.054     4.8883     56.472     35.779  34.005152     4.5894      7.282   245.5582 6.4497e+01     2.1406      0.047      0.068    22.5548 0.0000e+00
      0.040     -0.078     4.8842     56.394     35.818  34.022903     4.5889      7.278   245.9976 6.6626e+01     2.1362      0.045      0.066    22.5527 0.0000e+00
      0.018     -0.093     4.9004     56.560     35.826  34.016090     4.5733      7.273   246.3844 7.3536e+01     2.1667      0.026      0.038    22.5520 0.0000e+00
     -0.026     -0.098     4.9395     56.999     35.803  33.986265     4.5483      7.268   246.5344 8.3829e+01     2.1745     -0.020     -0.030    22.5467 0.0000e+00
     -0.079     -0.095     5.0045     57.744     35.800  33.979866     4.5437      7.265   246.6069 9.0238e+01     2.1381     -0.086     -0.125    22.5183 0.0000e+00
     -0.111     -0.084     5.0893     58.722     35.824  34.002234     4.5447      7.262   246.7453 8.9508e+01     2.1233     -0.122     -0.179    22.4836 0.0000e+00
     -0.114     -0.067     5.1774     59.741     35.823  34.002650     4.5242      7.260   246.9176 8.6457e+01     2.1485     -0.112     -0.163    22.4650 0.0000e+00
     -0.111     -0.047     5.2572     60.664     35.803  33.984892     4.4889      7.258   247.0553 8.4927e+01     2.1681     -0.104     -0.149    22.4551 0.0000e+00
     -0.118     -0.033     5.3196     61.388     35.793  33.978075     4.4662      7.258   247.2053 8.5514e+01     2.1772     -0.114     -0.165    22.4515 0.0000e+00
     -0.131     -0.031     5.3566     61.823     35.794  33.983754     4.4620      7.259   247.2692 8.6799e+01     2.1981     -0.129     -0.186    22.4522 0.0000e+00
     -0.141     -0.036     5.3695     61.979     35.796  33.990048     4.4928      7.259   247.2250 8.7366e+01     2.2074     -0.140     -0.204    22.4536 0.0000e+00
     -0.149     -0.036     5.3630     61.910     35.792  33.990662     4.5542      7.258   247.1871 8.7314e+01     2.1975     -0.145     -0.212    22.4551 0.0000e+00
     -0.158     -0.030     5.3433     61.690     35.788  33.991182     4.5882      7.255   247.2412 8.6995e+01     2.1701     -0.151     -0.221    22.4589 0.0000e+00
     -0.172     -0.022     5.3197     61.425     35.788  33.996340     4.5827      7.249   247.5354 8.6777e+01     2.1501     -0.170     -0.248    22.4660 0.0000e+00
     -0.181     -0.017     5.2985     61.189     35.775  33.989515     4.5787      7.243   247.9913 8.6829e+01     2.1391     -0.184     -0.267    22.4732 0.0000e+00
     -0.178     -0.016     5.2833     61.024     35.751  33.972191     4.6048      7.241   248.2790 8.6983e+01     2.1287     -0.175     -0.255    22.4783 0.0000e+00
     -0.171     -0.015     5.2766     60.955     35.751  33.977436     4.6406      7.241   248.3470 8.7260e+01     2.1465     -0.164     -0.239    22.4835 0.0000e+00
     -0.171     -0.011     5.2743     60.935     35.760  33.989418     4.6621      7.241   248.4691 8.7689e+01     2.1714     -0.162     -0.236    22.4909 0.0000e+00
     -0.182     -0.005     5.2699     60.891     35.756  33.990043     4.6628      7.237   248.8095 8.8190e+01     2.1850     -0.177     -0.256    22.4982 0.0000e+00
     -0.196     -0.000     5.2623     60.812     35.745  33.984998     4.6498      7.231   249.1920 8.8350e+01     2.2199     -0.197     -0.286    22.5068 0.0000e+00
     -0.199      0.005     5.2551     60.736     35.746  33.991934     4.6422      7.225   249.3943 8.8233e+01     2.2881     -0.200     -0.292    22.5154 0.0000e+00
     -0.188      0.010     5.2506     60.690     35.762  34.010403     4.6446      7.224   249.4487 8.7686e+01     2.3380     -0.187     -0.271    22.5190 0.0000e+00
     -0.173      0.013     5.2462     60.645     35.767  34.017756     4.6597      7.228   249.4195 8.6632e+01     2.3346     -0.167     -0.242    22.5231 0.0000e+00
     -0.163      0.013     5.2373     60.548     35.763  34.017332     4.6687      7.232   249.3001 8.6176e+01     2.2775     -0.155     -0.224    22.5334 0.0000e+00
     -0.164      0.009     5.2223     60.378     35.748  34.005272     4.6616      7.234   249.2096 8.5934e+01     2.1966     -0.158     -0.229    22.5420 0.0000e+00
     -0.172      0.005     5.2050     60.182     35.738  33.998987     4.6563      7.234   249.3566 8.6002e+01     2.1504     -0.169     -0.245    22.5451 0.0000e+00
     -0.178      0.003     5.1909     60.024     35.741  34.004856     4.6504      7.232   249.6152 8.6967e+01     2.1459     -0.177     -0.257    22.5502 0.0000e+00
     -0.177      0.007     5.1825     59.930     35.747  34.012721     4.6276      7.227   249.8415 8.7336e+01     2.1424     -0.176     -0.255    22.5552 0.0000e+00
     -0.170      0.016     5.1797     59.900     35.764  34.030563     4.5929      7.222   250.1134 8.6506e+01     2.1399     -0.168     -0.243    22.5575 0.0000e+00
     -0.161      0.028     5.1829     59.940     35.762  34.030041     4.5791      7.218   250.2355 8.5411e+01     2.1764     -0.157     -0.227    22.5609 0.0000e+00
     -0.155      0.037     5.1971     60.107     35.735  34.006415     4.5894      7.214   250.2002 8.5360e+01     2.2175     -0.152     -0.220    22.5660 0.0000e+00
     -0.148      0.040     5.2225     60.403     35.726  33.998966     4.6262      7.213   250.2022 8.8330e+01     2.2095     -0.149     -0.216    22.5692 0.0000e+00
     -0.134      0.038     5.2510     60.734     35.730  34.003501     4.6841      7.213   250.2605 9.3765e+01     2.1706     -0.133     -0.193    22.5701 0.0000e+00
     -0.116      0.033     5.2743     61.008     35.722  33.997721     4.7096      7.216   250.4736 9.8117e+01     2.1444     -0.110     -0.159    22.5737 0.0000e+00
     -0.104      0.025     5.2868     61.154     35.715  33.992608     4.7050      7.217   250.8002 9.9662e+01     2.1367     -0.099     -0.142    22.5762 0.0000e+00
     -0.100      0.015     5.2846     61.129     35.727  34.005207     4.7021      7.217   251.0267 9.9161e+01     2.1384     -0.097     -0.140    22.5757 0.0000e+00
     -0.101      0.005     5.2685     60.943     35.746  34.023014     4.6473      7.215   251.1465 9.8120e+01     2.1340     -0.098     -0.143    22.5785 0.0000e+00
     -0.106     -0.004     5.2417     60.631     35.741  34.017349     4.5382      7.211   251.3030 9.7785e+01     2.1140     -0.105     -0.153    22.5826 0.0000e+00
     -0.110     -0.010     5.2079     60.239     35.725  34.000236     4.4765      7.211   251.3698 9.8349e+01     2.1110     -0.110     -0.160    22.5850 0.0000e+00
     -0.111     -0.009     5.1739     59.844     35.733  34.006655     4.4716      7.212   251.2666 9.8733e+01     2.1276     -0.109     -0.157    22.5848 0.0000e+00
     -0.113     -0.002     5.1441     59.499     35.759  34.031438     4.5157      7.212   251.2589 9.8646e+01     2.1930     -0.108     -0.157    22.5836 0.0000e+00
     -0.118      0.012     5.1234     59.260     35.773  34.045818     4.5956      7.212   251.3625 9.9151e+01     2.2919     -0.115     -0.167    22.5829 0.0000e+00
     -0.121      0.028     5.1191     59.213     35.780  34.053484     4.6384      7.211   251.4871 1.0026e+02     2.3159     -0.121     -0.177    22.5809 0.0000e+00
     -0.114      0.046     5.1322     59.366     35.786  34.060623     4.6473      7.208   251.6466 1.0164e+02     2.2995     -0.117     -0.170    22.5797 0.0000e+00
     -0.095      0.065     5.1569     59.654     35.793  34.068613     4.6380      7.204   251.8283 1.0276e+02     2.3075     -0.094     -0.138    22.5794 0.0000e+00
     -0.069      0.082     5.1852     59.983     35.811  34.086571     4.6189      7.198   252.1362 1.0313e+02     2.2908     -0.066     -0.097    22.5805 0.0000e+00
     -0.042      0.096     5.2107     60.281     35.810  34.087205     4.6096      7.191   252.4433 9.8144e+01     2.2508     -0.042     -0.060    22.5824 0.0000e+00
     -0.017      0.104     5.2325     60.535     35.797  34.076280     4.5986      7.185   252.4447 8.6674e+01     2.2501     -0.016     -0.023    22.5844 0.0000e+00
      0.009      0.105     5.2497     60.733     35.802  34.081515     4.6334      7.183   252.1531 7.6887e+01     2.2829      0.009      0.012    22.5859 0.0000e+00
      0.038      0.101     5.2579     60.827     35.809  34.086975     4.7267      7.183   251.8430 7.1087e+01     2.3116      0.036      0.052    22.5865 0.0000e+00
      0.068      0.096     5.2566     60.811     35.800  34.078777     4.7800      7.186   251.7925 6.7743e+01     2.3220      0.069      0.099    22.5897 0.0000e+00
      0.094      0.091     5.2486     60.721     35.765  34.045919     4.7818      7.188   251.8864 6.6454e+01     2.3175      0.094      0.136    22.5928 0.0000e+00
      0.114      0.085     5.2357     60.572     35.724  34.007279     4.7669      7.187   251.9463 6.5520e+01     2.2877      0.113      0.164    22.5914 0.0000e+00
      0.131      0.073     5.2232     60.429     35.708  33.992683     4.7377      7.185   252.1722 6.3955e+01     2.2057      0.128      0.186    22.5898 0.0000e+00
      0.150      0.055     5.2164     60.349     35.713  33.996468     4.7223      7.184   252.4663 6.1915e+01     2.1495      0.145      0.210    22.5899 0.0000e+00
      0.170      0.032     5.2125     60.300     35.709  33.989529     4.7197      7.185   252.5777 6.0216e+01     2.1580      0.169      0.247    22.5912 0.0000e+00
      0.183      0.005     5.2065     60.220     35.697  33.972301     4.7059      7.188   252.5717 5.9858e+01     2.1563      0.186      0.270    22.5924 0.0000e+00
      0.181     -0.020     5.1959     60.085     35.712  33.978711     4.6196      7.190   252.5664 6.1306e+01     2.1583      0.182      0.264    22.5920 0.0000e+00
      0.166     -0.037     5.1825     59.921     35.743  34.003504     4.4759      7.191   252.6855 6.4165e+01     2.1833      0.166      0.241    22.5932 0.0000e+00
      0.141     -0.041     5.1740     59.821     35.760  34.017989     4.4023      7.192   252.8932 6.7515e+01     2.1828      0.140      0.204    22.5901 0.0000e+00
      0.115     -0.030     5.1792     59.886     35.766  34.026814     4.3994      7.188   253.0989 7.0020e+01     2.1834      0.109      0.159    22.5788 0.0000e+00
      0.100     -0.009     5.2022     60.159     35.782  34.046685     4.4409      7.183   253.1937 6.9805e+01     2.2214      0.091      0.132    22.5665 0.0000e+00
      0.104      0.014     5.2403     60.608     35.798  34.067711     4.5193      7.180   253.0936 6.7055e+01     2.2749      0.096      0.138    22.5585 0.0000e+00
      0.124      0.033     5.2874     61.162     35.817  34.090488     4.5649      7.179   253.1790 6.4089e+01     2.3127      0.119      0.173    22.5573 0.0000e+00
      0.151      0.048     5.3465     61.857     35.853  34.131543     4.5790      7.179   253.6234 6.2109e+01     2.3124      0.152      0.219    22.5617 0.0000e+00
      0.170      0.059     5.4497     63.063     35.900  34.183000     4.5705      7.177   254.0785 6.1523e+01     2.2409      0.172      0.250    22.5695 0.0000e+00
      0.175      0.064     5.6407     65.283     35.915  34.204527     4.5359      7.174   254.2944 6.1397e+01     2.1499      0.172      0.250    22.5772 0.0000e+00
      0.178      0.057     5.9132     68.445     35.907  34.201282     4.5185      7.173   254.3403 6.0531e+01     2.1270      0.168      0.244    22.5841 0.0000e+00
      0.195      0.036     6.2162     71.956     35.912  34.207286     4.5169      7.173   254.3758 5.8646e+01     2.1470      0.184      0.267    22.5930 0.0000e+00
      0.225      0.001     6.5097     75.356     35.918  34.213610     4.4604      7.174   254.4659 5.7025e+01     2.1790      0.223      0.324    22.6044 0.0000e+00
      0.247     -0.044     6.7720     78.392     35.918  34.214226     4.3512      7.176   254.6548 5.7734e+01     2.1775      0.255      0.370    22.6139 0.0000e+00
      0.236     -0.096     6.9860     80.869     35.919  34.214737     4.2903      7.177   254.8535 6.1845e+01     2.1595      0.246      0.356    22.6194 0.0000e+00
      0.190     -0.145     7.1399     82.651     35.924  34.219791     4.2754      7.177   255.0614 7.0033e+01     2.1453      0.194      0.281    22.6224 0.0000e+00
      0.121     -0.178     7.2254     83.640     35.916  34.211813     4.2903      7.176   255.3610 8.2449e+01     2.1273      0.119      0.172    22.6233 0.0000e+00
      0.048     -0.185     7.2470     83.890     35.885  34.181792     4.3503      7.172   255.5510 9.5870e+01     2.1559      0.043      0.061    22.6230 0.0000e+00
     -0.012     -0.164     7.2253     83.640     35.876  34.174398     4.3851      7.168   255.5517 1.0491e+02     2.1849     -0.017     -0.025    22.6226 0.0000e+00
     -0.053     -0.126     7.1807     83.125     35.887  34.185936     4.3895      7.167   255.6277 1.0790e+02     2.1730     -0.059     -0.086    22.6223 0.0000e+00
     -0.073     -0.084     7.1274     82.509     35.896  34.194264     4.4590      7.166   255.7812 1.0736e+02     2.1647     -0.078     -0.114    22.6223 0.0000e+00
