Data/DataNotYetUploadedToEDI/Raw_CTD/RawDownloads/091718_fcr30.cnv
* Sea-Bird SBE19plus  Data File:
* FileName = C:\DATA\20180917_fcr_0003.hex
* Software version 2.6.3.104 SB_Terminal.dll
* Temperature SN = 7809
* Conductivity SN = 7809
* System UpLoad Time = Sep 17 2018 17:51:49
* <ApplicationData>
* <Seaterm232>
# nquan = 15
# nvalues = 521                         
# units = specified
# name 0 = depFM: Depth [fresh water, m]
# name 1 = dz/dtM: Descent Rate [m/s]
# name 2 = sbeox0Mg/L: Oxygen, SBE 43 [mg/l]
# name 3 = sbeox0PS: Oxygen, SBE 43 [% saturation]
# name 4 = specc: Specific Conductance [uS/cm]
# name 5 = c0uS/cm: Conductivity [uS/cm]
# name 6 = flECO-AFL: Fluorescence, WET Labs ECO-AFL/FL [mg/m^3]
# name 7 = ph: pH
# name 8 = orp: Oxidation Reduction Potential [mV]
# name 9 = par/sat/log: PAR/Logarithmic, Satlantic
# name 10 = turbWETntu0: Turbidity, WET Labs ECO [NTU]
# name 11 = prdM: Pressure, Strain Gauge [db]
# name 12 = prdE: Pressure, Strain Gauge [psi]
# name 13 = tv290C: Temperature [ITS-90, deg C]
# name 14 = flag:  0.000e+00
# span 0 =     -0.602,      5.245       
# span 1 =     -0.157,      0.180       
# span 2 =     0.1261,     8.3870       
# span 3 =      1.303,     97.294       
# span 4 =      4.566,     86.908       
# span 5 =   4.341876,  72.616548       
# span 6 =    -0.1943,    11.7072       
# span 7 =      6.316,      7.986       
# span 8 =   110.8913,   313.8555       
# span 9 = 3.0845e-01, 6.2223e+02       
# span 10 =    -0.7026,    31.9694      
# span 11 =     -0.591,      5.144      
# span 12 =     -0.857,      7.461      
# span 13 =    16.6795,    22.7996      
# span 14 = 0.0000e+00, 0.0000e+00      
# interval = seconds: 0.25
# start_time = Sep 17 2018 15:46:00 [Instrument's time stamp, header]
# bad_flag = -9.990e-29
*END*
[from data line 193]
      0.173      0.080     7.1282     82.697     36.064  34.436539     5.0583      7.208   221.7080 3.6170e+02     2.1930      0.169      0.246    22.7396 0.0000e+00
      0.193      0.078     7.0901     82.254     36.071  34.443344     5.0773      7.207   222.1740 3.4999e+02     2.1578      0.190      0.276    22.7385 0.0000e+00
      0.211      0.077     7.0586     81.888     36.066  34.436954     5.0640      7.206   222.7422 3.3976e+02     2.1408      0.208      0.301    22.7387 0.0000e+00
      0.229      0.079     7.0322     81.580     36.052  34.422784     5.0540      7.204   223.3294 3.3024e+02     2.1400      0.224      0.324    22.7385 0.0000e+00
      0.249      0.080     7.0084     81.301     36.028  34.399062     5.0381      7.201   224.0250 3.2009e+02     2.1476      0.243      0.352    22.7380 0.0000e+00
      0.271      0.079     6.9867     81.047     36.034  34.404203     5.0194      7.197   224.7003 3.1046e+02     2.1413      0.265      0.384    22.7378 0.0000e+00
      0.294      0.077     6.9708     80.862     36.053  34.421421     5.0027      7.195   225.1273 3.0098e+02     2.1248      0.288      0.418    22.7375 0.0000e+00
      0.317      0.073     6.9617     80.756     36.048  34.416686     4.9553      7.194   225.5743 2.9268e+02     2.1322      0.312      0.453    22.7362 0.0000e+00
      0.335      0.071     6.9554     80.682     36.042  34.410476     4.8784      7.192   226.2325 2.8683e+02     2.1693      0.331      0.480    22.7338 0.0000e+00
      0.348      0.074     6.9504     80.622     36.042  34.409850     4.8355      7.189   226.8907 2.8261e+02     2.1763      0.343      0.498    22.7324 0.0000e+00
      0.359      0.079     6.9493     80.606     36.043  34.409112     4.8221      7.186   227.4244 2.7706e+02     2.1556      0.350      0.508    22.7323 0.0000e+00
      0.376      0.087     6.9509     80.616     36.039  34.401559     4.8452      7.182   227.8675 2.6743e+02     2.1627      0.365      0.529    22.7318 0.0000e+00
      0.402      0.095     6.9502     80.598     36.024  34.382032     4.9134      7.181   228.2045 2.5532e+02     2.1713      0.393      0.571    22.7315 0.0000e+00
      0.434      0.100     6.9428     80.504     36.008  34.363554     4.9573      7.182   228.4867 2.4360e+02     2.1682      0.426      0.618    22.7311 0.0000e+00
      0.467      0.100     6.9288     80.336     36.017  34.368694     4.9628      7.183   228.8704 2.3346e+02     2.1565      0.459      0.666    22.7284 0.0000e+00
      0.496      0.096     6.9117     80.131     36.032  34.380658     4.9608      7.184   229.2303 2.2560e+02     2.0901      0.489      0.710    22.7225 0.0000e+00
      0.518      0.091     6.8935     79.914     36.036  34.381178     4.9522      7.182   229.6542 2.1998e+02     2.0065      0.510      0.740    22.7152 0.0000e+00
      0.534      0.089     6.8778     79.729     36.031  34.374969     4.9410      7.176   230.2970 2.1511e+02     1.9699      0.523      0.759    22.7093 0.0000e+00
      0.551      0.093     6.8690     79.625     36.026  34.369098     4.9455      7.170   230.8935 2.0905e+02     1.9518      0.540      0.781    22.7064 0.0000e+00
      0.571      0.102     6.8663     79.593     36.031  34.373708     4.9514      7.165   231.2741 2.0126e+02     1.9406      0.559      0.810    22.7025 0.0000e+00
      0.598      0.112     6.8682     79.613     36.025  34.367195     4.9205      7.162   231.5430 1.9147e+02     1.9868      0.582      0.845    22.6981 0.0000e+00
      0.633      0.121     6.8750     79.688     36.013  34.353867     4.8656      7.160   231.8215 1.8047e+02     2.0833      0.619      0.897    22.6958 0.0000e+00
      0.673      0.124     6.8847     79.793     36.002  34.339594     4.8293      7.159   232.0605 1.7085e+02     2.1310      0.662      0.960    22.6951 0.0000e+00
      0.710      0.122     6.8913     79.859     35.988  34.321646     4.8225      7.158   232.2810 1.6333e+02     2.1062      0.698      1.012    22.6942 0.0000e+00
      0.740      0.117     6.8906     79.843     35.998  34.327402     4.8291      7.156   232.6811 1.5738e+02     2.0885      0.727      1.054    22.6929 0.0000e+00
      0.766      0.112     6.8838     79.760     36.019  34.345671     4.8260      7.154   233.2844 1.5264e+02     2.1308      0.753      1.092    22.6920 0.0000e+00
      0.789      0.108     6.8750     79.657     36.027  34.351974     4.8215      7.150   233.9832 1.4825e+02     2.1899      0.773      1.122    22.6865 0.0000e+00
      0.812      0.112     6.8656     79.547     36.014  34.340094     4.8205      7.143   234.9354 1.4356e+02     2.1924      0.795      1.153    22.6779 0.0000e+00
      0.840      0.125     6.8552     79.426     36.003  34.329066     4.8230      7.133   235.9355 1.3824e+02     2.1917      0.822      1.192    22.6730 0.0000e+00
      0.870      0.146     6.8452     79.309     36.022  34.345670     4.8338      7.126   236.3526 1.3252e+02     2.2430      0.854      1.238    22.6712 0.0000e+00
      0.904      0.167     6.8372     79.210     36.029  34.350290     4.8408      7.123   236.1068 1.2624e+02     2.2629      0.885      1.284    22.6706 0.0000e+00
      0.948      0.180     6.8325     79.147     36.003  34.321405     4.8430      7.125   235.6303 1.1744e+02     2.2489      0.920      1.336    22.6703 0.0000e+00
      1.008      0.178     6.8318     79.127     36.002  34.314004     4.8333      7.130   235.3234 1.0675e+02     2.2272      0.985      1.430    22.6706 0.0000e+00
      1.074      0.159     6.8325     79.125     36.017  34.324313     4.8062      7.135   235.2358 9.8398e+01     2.1531      1.061      1.540    22.6686 0.0000e+00
      1.126      0.126     6.8301     79.097     36.012  34.319011     4.7818      7.139   235.2598 9.3910e+01     2.0854      1.112      1.613    22.6645 0.0000e+00
      1.156      0.087     6.8235     79.025     36.004  34.313421     4.7772      7.141   235.4410 9.2526e+01     2.1107      1.141      1.655    22.6597 0.0000e+00
      1.162      0.051     6.8160     78.943     36.008  34.320244     4.7972      7.142   235.7926 9.3731e+01     2.1532      1.148      1.664    22.6504 0.0000e+00
      1.150      0.028     6.8100     78.878     36.025  34.337993     4.8210      7.141   236.1555 9.5612e+01     2.1408      1.129      1.636    22.6420 0.0000e+00
      1.136      0.022     6.8053     78.823     36.025  34.337463     4.8258      7.136   236.3868 9.6033e+01     2.1444      1.108      1.608    22.6416 0.0000e+00
      1.136      0.028     6.8012     78.770     36.003  34.313836     4.8274      7.134   236.4382 9.4309e+01     2.1660      1.107      1.606    22.6468 0.0000e+00
      1.153      0.038     6.7991     78.737     35.999  34.306387     4.8220      7.135   236.3469 9.1159e+01     2.1584      1.126      1.634    22.6513 0.0000e+00
      1.179      0.046     6.7988     78.726     36.008  34.310912     4.7972      7.137   236.3152 8.8145e+01     2.1442      1.157      1.678    22.6536 0.0000e+00
      1.202      0.046     6.7979     78.710     36.004  34.305025     4.7757      7.140   236.5713 8.6399e+01     2.1161      1.183      1.717    22.6533 0.0000e+00
      1.215      0.040     6.7958     78.685     35.998  34.298720     4.7732      7.141   236.9484 8.6111e+01     2.0930      1.197      1.736    22.6492 0.0000e+00
      1.216      0.033     6.7931     78.653     35.998  34.298198     4.7861      7.140   237.2608 8.6603e+01     2.1403      1.195      1.733    22.6440 0.0000e+00
      1.213      0.030     6.7912     78.626     36.001  34.298719     4.8111      7.137   237.6809 8.6803e+01     2.1689      1.187      1.722    22.6380 0.0000e+00
      1.213      0.033     6.7906     78.611     36.011  34.305014     4.8372      7.132   238.0703 8.6010e+01     2.1332      1.187      1.721    22.6331 0.0000e+00
      1.223      0.042     6.7902     78.599     36.021  34.310788     4.8446      7.128   238.2697 8.4191e+01     2.1052      1.196      1.735    22.6334 0.0000e+00
      1.240      0.053     6.7905     78.597     36.017  34.305000     4.8365      7.125   238.3712 8.1888e+01     2.1061      1.215      1.762    22.6352 0.0000e+00
      1.261      0.062     6.7910     78.599     36.012  34.298550     4.8036      7.125   238.3506 7.9773e+01     2.1737      1.238      1.795    22.6317 0.0000e+00
      1.281      0.067     6.7900     78.584     36.012  34.296311     4.7501      7.123   238.3643 7.8055e+01     2.2517      1.257      1.823    22.6250 0.0000e+00
      1.297      0.067     6.7870     78.546     35.995  34.277933     4.7230      7.122   238.5376 7.6583e+01     2.2562      1.272      1.845    22.6196 0.0000e+00
      1.312      0.064     6.7811     78.474     35.984  34.266890     4.7142      7.123   238.8115 7.5098e+01     2.2273      1.286      1.866    22.6172 0.0000e+00
      1.328      0.060     6.7721     78.369     36.009  34.289830     4.6807      7.123   239.0088 7.3450e+01     2.2384      1.302      1.888    22.6148 0.0000e+00
      1.344      0.056     6.7620     78.251     36.022  34.301221     4.6301      7.123   239.0299 7.1905e+01     2.2981      1.319      1.913    22.6116 0.0000e+00
      1.359      0.051     6.7542     78.161     35.998  34.277586     4.5981      7.123   239.0659 7.0636e+01     2.3386      1.334      1.935    22.6091 0.0000e+00
      1.372      0.045     6.7500     78.112     35.978  34.258127     4.5886      7.124   239.1864 6.9571e+01     2.3322      1.346      1.952    22.6076 0.0000e+00
      1.383      0.040     6.7476     78.084     35.976  34.256499     4.5519      7.126   239.2815 6.8799e+01     2.3123      1.357      1.969    22.6069 0.0000e+00
      1.391      0.037     6.7445     78.049     35.977  34.257898     4.4845      7.127   239.3559 6.8335e+01     2.3114      1.366      1.980    22.6059 0.0000e+00
      1.397      0.037     6.7387     77.984     35.994  34.275050     4.4538      7.127   239.5698 6.7929e+01     2.3211      1.369      1.987    22.6050 0.0000e+00
      1.403      0.039     6.7312     77.900     35.990  34.273333     4.4571      7.128   239.8025 6.7361e+01     2.3080      1.375      1.994    22.6047 0.0000e+00
      1.413      0.044     6.7236     77.813     35.952  34.237131     4.4599      7.129   239.9333 6.6503e+01     2.3050      1.384      2.007    22.6053 0.0000e+00
      1.426      0.050     6.7171     77.735     35.933  34.218441     4.4791      7.129   240.0325 6.5283e+01     2.3165      1.397      2.027    22.6061 0.0000e+00
      1.442      0.057     6.7142     77.698     35.955  34.237911     4.5143      7.128   240.2285 6.3971e+01     2.2936      1.414      2.051    22.6072 0.0000e+00
      1.458      0.063     6.7173     77.732     36.002  34.281980     4.5353      7.125   240.7530 6.2805e+01     2.3032      1.430      2.074    22.6095 0.0000e+00
      1.474      0.070     6.7245     77.818     36.027  34.306653     4.5412      7.119   241.2988 6.1535e+01     2.3403      1.445      2.096    22.6110 0.0000e+00
      1.491      0.075     6.7303     77.887     36.000  34.282151     4.5942      7.114   241.4928 6.0069e+01     2.3145      1.462      2.120    22.6088 0.0000e+00
      1.510      0.080     6.7346     77.937     35.956  34.239802     4.6992      7.110   241.5500 5.8453e+01     2.2969      1.480      2.147    22.6052 0.0000e+00
      1.532      0.080     6.7401     77.999     35.957  34.239243     4.7618      7.108   241.6465 5.6581e+01     2.3412      1.500      2.176    22.6042 0.0000e+00
      1.557      0.076     6.7445     78.046     35.996  34.275398     4.7729      7.107   241.7120 5.4739e+01     2.3619      1.528      2.216    22.6062 0.0000e+00
      1.582      0.069     6.7471     78.074     36.019  34.295838     4.7500      7.107   241.7410 5.3362e+01     2.3331      1.553      2.254    22.6092 0.0000e+00
      1.600      0.060     6.7480     78.084     36.019  34.295823     4.6960      7.109   241.8241 5.2491e+01     2.2990      1.571      2.278    22.6091 0.0000e+00
      1.611      0.054     6.7459     78.060     35.997  34.275222     4.6627      7.109   242.1155 5.2001e+01     2.2852      1.582      2.295    22.6063 0.0000e+00
      1.618      0.050     6.7425     78.020     35.958  34.237298     4.6599      7.107   242.5105 5.1628e+01     2.2886      1.586      2.301    22.6040 0.0000e+00
      1.624      0.052     6.7395     77.981     35.941  34.218388     4.6532      7.105   242.8145 5.1026e+01     2.2783      1.590      2.306    22.6030 0.0000e+00
      1.635      0.058     6.7362     77.936     35.964  34.237128     4.6284      7.102   243.1242 5.0006e+01     2.2823      1.600      2.321    22.6030 0.0000e+00
      1.652      0.065     6.7313     77.874     36.004  34.273335     4.5982      7.100   243.3290 4.8637e+01     2.3064      1.618      2.347    22.6037 0.0000e+00
      1.675      0.071     6.7264     77.815     36.007  34.275053     4.5819      7.098   243.3976 4.7225e+01     2.2950      1.642      2.382    22.6027 0.0000e+00
      1.699      0.073     6.7235     77.780     35.990  34.257889     4.5600      7.096   243.4378 4.5977e+01     2.2667      1.666      2.417    22.5996 0.0000e+00
      1.719      0.070     6.7227     77.767     35.990  34.256367     4.5082      7.096   243.3847 4.4962e+01     2.2698      1.687      2.448    22.5944 0.0000e+00
      1.736      0.064     6.7244     77.783     35.992  34.256641     4.4704      7.096   243.3584 4.4169e+01     2.2717      1.703      2.471    22.5903 0.0000e+00
      1.751      0.057     6.7252     77.789     35.998  34.261196     4.4610      7.097   243.4637 4.3491e+01     2.2584      1.717      2.491    22.5902 0.0000e+00
      1.763      0.051     6.7224     77.754     35.986  34.247930     4.4127      7.098   243.6254 4.2961e+01     2.3233      1.729      2.510    22.5891 0.0000e+00
      1.773      0.046     6.7169     77.685     35.963  34.223272     4.3272      7.098   243.7646 4.2516e+01     2.4461      1.739      2.522    22.5860 0.0000e+00
      1.782      0.042     6.7074     77.571     35.958  34.217129     4.2824      7.098   243.9426 4.1945e+01     2.4919      1.747      2.534    22.5834 0.0000e+00
      1.794      0.040     6.6932     77.404     35.981  34.237171     4.2762      7.099   244.1434 4.1309e+01     2.4801      1.759      2.551    22.5818 0.0000e+00
      1.806      0.040     6.6796     77.246     36.021  34.275044     4.2788      7.100   244.2134 4.0794e+01     2.4864      1.773      2.570    22.5797 0.0000e+00
      1.816      0.040     6.6696     77.131     36.041  34.293935     4.3049      7.100   244.2725 4.0414e+01     2.4461      1.782      2.584    22.5762 0.0000e+00
      1.824      0.041     6.6612     77.034     36.021  34.275027     4.3341      7.099   244.4275 4.0070e+01     2.3591      1.788      2.593    22.5726 0.0000e+00
      1.833      0.041     6.6613     77.035     35.981  34.236984     4.3387      7.099   244.5382 3.9675e+01     2.3200      1.796      2.605    22.5708 0.0000e+00
      1.843      0.041     6.6699     77.133     35.958  34.215071     4.3417      7.099   244.5792 3.9154e+01     2.3095      1.806      2.620    22.5706 0.0000e+00
      1.856      0.041     6.6751     77.190     35.945  34.200636     4.4356      7.099   244.6652 3.8563e+01     2.2922      1.820      2.639    22.5710 0.0000e+00
      1.869      0.040     6.6748     77.183     35.935  34.189480     4.6187      7.099   244.8033 3.8063e+01     2.2946      1.834      2.659    22.5717 0.0000e+00
      1.880      0.038     6.6735     77.166     35.955  34.207210     4.7187      7.100   244.8718 3.7683e+01     2.3072      1.845      2.676    22.5717 0.0000e+00
      1.888      0.038     6.6720     77.148     35.973  34.224451     4.7160      7.101   244.9777 3.7378e+01     2.2917      1.853      2.687    22.5705 0.0000e+00
      1.894      0.039     6.6690     77.114     35.955  34.207395     4.7237      7.100   245.2228 3.7083e+01     2.2906      1.858      2.694    22.5683 0.0000e+00
