Data/DataNotYetUploadedToEDI/Raw_CTD/RawDownloads/091718_fcr10.cnv
* Sea-Bird SBE19plus  Data File:
* FileName = C:\DATA\20180917_fcr_0001.hex
* Software version 2.6.3.104 SB_Terminal.dll
* Temperature SN = 7809
* Conductivity SN = 7809
* System UpLoad Time = Sep 17 2018 17:51:15
* <ApplicationData>
* <Seaterm232>
# nquan = 15
# nvalues = 358                         
# units = specified
# name 0 = depFM: Depth [fresh water, m]
# name 1 = dz/dtM: Descent Rate [m/s]
# name 2 = sbeox0Mg/L: Oxygen, SBE 43 [mg/l]
# name 3 = sbeox0PS: Oxygen, SBE 43 [% saturation]
# name 4 = specc: Specific Conductance [uS/cm]
# name 5 = c0uS/cm: Conductivity [uS/cm]
# name 6 = flECO-AFL: Fluorescence, WET Labs ECO-AFL/FL [mg/m^3]
# name 7 = ph: pH
# name 8 = orp: Oxidation Reduction Potential [mV]
# name 9 = par/sat/log: PAR/Logarithmic, Satlantic
# name 10 = turbWETntu0: Turbidity, WET Labs ECO [NTU]
# name 11 = prdM: Pressure, Strain Gauge [db]
# name 12 = prdE: Pressure, Strain Gauge [psi]
# name 13 = tv290C: Temperature [ITS-90, deg C]
# name 14 = flag:  0.000e+00
# span 0 =     -0.602,      2.465       
# span 1 =     -0.185,      0.152       
# span 2 =     4.7747,     8.3479       
# span 3 =     55.173,     96.529       
# span 4 =      0.784,     36.535       
# span 5 =   0.741960,  34.735657       
# span 6 =    -0.1863,     5.3338       
# span 7 =      6.208,      7.634       
# span 8 =   175.7722,   298.8318       
# span 9 = 4.9402e+00, 1.5249e+02       
# span 10 =    -0.2477,     9.4818      
# span 11 =     -0.592,      2.419      
# span 12 =     -0.859,      3.508      
# span 13 =    21.3469,    22.5694      
# span 14 = 0.0000e+00, 0.0000e+00      
# interval = seconds: 0.25
# start_time = Sep 17 2018 14:39:31 [Instrument's time stamp, header]
# bad_flag = -9.990e-29
*END*
[from data line 97]
     -0.088     -0.031     6.1065     70.579     35.943  34.179394     4.2553      7.227   222.6398 1.3968e+02     2.1303     -0.087     -0.127    22.5546 0.0000e+00
     -0.098     -0.026     6.0579     70.016     35.938  34.173702     4.2601      7.237   223.2848 1.4104e+02     2.1569     -0.097     -0.140    22.5522 0.0000e+00
     -0.105     -0.019     6.0083     69.442     35.945  34.180525     4.2660      7.245   223.9767 1.4228e+02     2.1332     -0.103     -0.149    22.5471 0.0000e+00
     -0.110     -0.010     5.9612     68.899     35.964  34.198377     4.2706      7.250   224.5525 1.4402e+02     2.0875     -0.108     -0.156    22.5428 0.0000e+00
     -0.113     -0.002     5.9181     68.400     35.964  34.198992     4.2796      7.252   225.0852 1.4541e+02     2.0929     -0.113     -0.165    22.5408 0.0000e+00
     -0.110      0.004     5.8769     67.924     35.953  34.187963     4.2923      7.251   225.5136 1.4548e+02     2.1370     -0.110     -0.160    22.5399 0.0000e+00
     -0.103      0.007     5.8332     67.417     35.958  34.192062     4.3508      7.247   225.7733 1.4450e+02     2.1632     -0.101     -0.147    22.5398 0.0000e+00
     -0.097      0.008     5.7850     66.857     35.952  34.185038     4.4631      7.242   225.9888 1.4376e+02     2.1649     -0.094     -0.137    22.5403 0.0000e+00
     -0.095      0.007     5.7340     66.266     35.934  34.166552     4.5290      7.241   226.3114 1.4430e+02     2.1583     -0.093     -0.134    22.5401 0.0000e+00
     -0.096      0.004     5.6801     65.642     35.926  34.159103     4.5220      7.244   226.7495 1.4466e+02     2.1442     -0.094     -0.136    22.5399 0.0000e+00
     -0.099      0.002     5.6226     64.976     35.926  34.158486     4.5084      7.248   227.3281 1.4456e+02     2.1472     -0.097     -0.140    22.5396 0.0000e+00
     -0.100      0.002     5.5659     64.320     35.927  34.159091     4.5194      7.248   227.9730 1.4401e+02     2.1639     -0.100     -0.143    22.5374 0.0000e+00
     -0.098      0.002     5.5153     63.735     35.936  34.166418     4.5354      7.241   228.4383 1.4330e+02     2.1627     -0.099     -0.141    22.5350 0.0000e+00
     -0.095      0.002     5.4689     63.199     35.954  34.183550     4.5369      7.228   228.7376 1.4344e+02     2.1332     -0.093     -0.135    22.5343 0.0000e+00
     -0.093      0.002     5.4260     62.703     35.946  34.175685     4.5290      7.218   229.0966 1.4422e+02     2.1120     -0.089     -0.130    22.5339 0.0000e+00
     -0.093      0.001     5.3868     62.249     35.903  34.134840     4.5223      7.217   229.5960 1.4521e+02     2.1195     -0.090     -0.131    22.5333 0.0000e+00
     -0.094      0.000     5.3497     61.819     35.903  34.134320     4.5200      7.222   229.9572 1.4606e+02     2.1331     -0.092     -0.133    22.5325 0.0000e+00
     -0.095     -0.001     5.3132     61.398     35.939  34.169390     4.5191      7.228   230.1950 1.4654e+02     2.1239     -0.094     -0.136    22.5321 0.0000e+00
     -0.096     -0.001     5.2764     60.973     35.948  34.177775     4.5216      7.234   230.6644 1.4673e+02     2.0993     -0.096     -0.139    22.5322 0.0000e+00
     -0.096      0.000     5.2406     60.558     35.943  34.172180     4.5035      7.238   231.1580 1.4632e+02     2.1110     -0.095     -0.138    22.5319 0.0000e+00
     -0.095      0.000     5.2072     60.172     35.936  34.165260     4.4747      7.241   231.4309 1.4551e+02     2.1426     -0.093     -0.135    22.5316 0.0000e+00
     -0.094     -0.001     5.1783     59.838     35.928  34.157622     4.4676      7.242   231.7267 1.4484e+02     2.1770     -0.093     -0.134    22.5314 0.0000e+00
     -0.094     -0.003     5.1547     59.565     35.914  34.143349     4.4632      7.241   232.1534 1.4455e+02     2.1905     -0.092     -0.133    22.5312 0.0000e+00
     -0.095     -0.003     5.1330     59.314     35.889  34.119722     4.4592      7.241   232.5463 1.4489e+02     2.1839     -0.092     -0.134    22.5309 0.0000e+00
     -0.098     -0.003     5.1110     59.059     35.896  34.126016     4.4547      7.241   232.9496 1.4526e+02     2.1882     -0.096     -0.140    22.5305 0.0000e+00
     -0.100     -0.002     5.0882     58.795     35.928  34.155926     4.4553      7.241   233.3305 1.4568e+02     2.1818     -0.099     -0.143    22.5304 0.0000e+00
     -0.102     -0.002     5.0659     58.537     35.936  34.163781     4.4677      7.240   233.6238 1.4647e+02     2.1683     -0.101     -0.146    22.5302 0.0000e+00
     -0.101     -0.002     5.0444     58.288     35.929  34.157476     4.4662      7.238   234.0006 1.4686e+02     2.1465     -0.101     -0.145    22.5297 0.0000e+00
     -0.098     -0.002     5.0232     58.043     35.914  34.143211     4.4551      7.235   234.3589 1.4704e+02     2.1321     -0.096     -0.139    22.5294 0.0000e+00
     -0.098     -0.002     5.0050     57.833     35.889  34.118336     4.4531      7.232   234.6004 1.4752e+02     2.1462     -0.094     -0.136    22.5290 0.0000e+00
     -0.100     -0.002     4.9886     57.643     35.881  34.110782     4.4609      7.232   234.7695 1.4799e+02     2.1652     -0.098     -0.142    22.5288 0.0000e+00
     -0.104     -0.001     4.9704     57.432     35.886  34.115390     4.4664      7.231   235.0261 1.4854e+02     2.1478     -0.103     -0.148    22.5287 0.0000e+00
     -0.105      0.000     4.9514     57.213     35.881  34.110533     4.4735      7.230   235.5531 1.4933e+02     2.1186     -0.105     -0.153    22.5285 0.0000e+00
     -0.105      0.002     4.9349     57.022     35.887  34.115576     4.5013      7.229   235.9790 1.5018e+02     2.1476     -0.104     -0.151    22.5280 0.0000e+00
     -0.102      0.005     4.9207     56.857     35.884  34.112851     4.5264      7.228   236.1318 1.5076e+02     2.1933     -0.100     -0.146    22.5275 0.0000e+00
     -0.098      0.010     4.9068     56.697     35.847  34.077581     4.5285      7.228   236.3680 1.5086e+02     2.1826     -0.096     -0.140    22.5275 0.0000e+00
     -0.096      0.016     4.8908     56.512     35.839  34.070235     4.5272      7.227   236.5979 1.5056e+02     2.1403     -0.094     -0.136    22.5271 0.0000e+00
     -0.095      0.025     4.8727     56.302     35.858  34.087549     4.5284      7.224   236.6734 1.4936e+02     2.1097     -0.094     -0.136    22.5266 0.0000e+00
     -0.091      0.036     4.8556     56.105     35.867  34.096364     4.5251      7.216   236.9379 1.4916e+02     2.0874     -0.092     -0.133    22.5266 0.0000e+00
     -0.081      0.047     4.8387     55.910     35.885  34.113298     4.5236      7.207   237.3866 1.5157e+02     2.1144     -0.082     -0.119    22.5264 0.0000e+00
     -0.066      0.057     4.8216     55.712     35.873  34.101748     4.5283      7.199   237.7106 1.5249e+02     2.2230     -0.067     -0.098    22.5260 0.0000e+00
     -0.046      0.062     4.8074     55.547     35.855  34.083743     4.5364      7.194   237.9302 1.4716e+02     2.3010     -0.047     -0.067    22.5260 0.0000e+00
     -0.023      0.063     4.7957     55.410     35.858  34.086163     4.5385      7.194   237.9763 1.3851e+02     2.2653     -0.021     -0.029    22.5259 0.0000e+00
     -0.004      0.060     4.7846     55.280     35.839  34.067487     4.5275      7.196   237.8377 1.3302e+02     2.2182     -0.001     -0.002    22.5259 0.0000e+00
      0.008      0.055     4.7762     55.185     35.817  34.048480     4.5218      7.198   237.8027 1.2987e+02     2.2200      0.009      0.013    22.5259 0.0000e+00
      0.017      0.050     4.7747     55.173     35.812  34.046907     4.5243      7.201   237.9841 1.2643e+02     2.1954      0.017      0.025    22.5256 0.0000e+00
      0.027      0.047     4.7862     55.313     35.810  34.048468     4.5222      7.203   238.3091 1.2371e+02     2.1349      0.025      0.037    22.5237 0.0000e+00
      0.038      0.046     4.8122     55.617     35.826  34.067361     4.5241      7.202   238.6351 1.2171e+02     2.0983      0.035      0.052    22.5220 0.0000e+00
      0.050      0.047     4.8453     56.002     35.843  34.084786     4.5741      7.201   238.8288 1.1961e+02     2.0887      0.049      0.070    22.5240 0.0000e+00
      0.064      0.047     4.8811     56.417     35.825  34.068608     4.6674      7.201   238.8446 1.1738e+02     2.1106      0.063      0.092    22.5293 0.0000e+00
      0.078      0.046     4.9187     56.854     35.816  34.062303     4.7154      7.202   238.8265 1.1468e+02     2.1495      0.077      0.112    22.5353 0.0000e+00
      0.090      0.044     4.9575     57.306     35.825  34.072070     4.7130      7.202   238.9545 1.1255e+02     2.1610      0.089      0.130    22.5402 0.0000e+00
      0.099      0.042     5.0051     57.860     35.810  34.059678     4.7026      7.203   239.1869 1.1188e+02     2.1583      0.098      0.142    22.5426 0.0000e+00
      0.108      0.041     5.0708     58.621     35.787  34.039507     4.6351      7.203   239.3991 1.1133e+02     2.1478      0.105      0.152    22.5436 0.0000e+00
      0.117      0.041     5.1521     59.561     35.764  34.018727     4.5227      7.202   239.6276 1.0985e+02     2.1566      0.114      0.166    22.5454 0.0000e+00
      0.128      0.041     5.2382     60.558     35.743  33.998991     4.4645      7.201   239.8843 1.0818e+02     2.1736      0.125      0.182    22.5483 0.0000e+00
      0.140      0.041     5.3198     61.502     35.735  33.991427     4.4553      7.201   240.0079 1.0667e+02     2.1692      0.137      0.199    22.5507 0.0000e+00
      0.152      0.041     5.3900     62.314     35.734  33.990791     4.4566      7.201   240.0899 1.0489e+02     2.1644      0.149      0.217    22.5528 0.0000e+00
      0.163      0.041     5.4445     62.945     35.734  33.991301     4.4616      7.201   240.3584 1.0361e+02     2.1774      0.160      0.232    22.5540 0.0000e+00
      0.172      0.042     5.4856     63.421     35.740  33.997594     4.4612      7.200   240.7599 1.0265e+02     2.2035      0.169      0.245    22.5542 0.0000e+00
      0.181      0.042     5.5183     63.800     35.746  34.003368     4.4701      7.198   241.0732 1.0122e+02     2.1744      0.176      0.256    22.5547 0.0000e+00
      0.191      0.043     5.5438     64.094     35.740  33.997595     4.5053      7.197   241.2212 9.9421e+01     2.1617      0.185      0.270    22.5555 0.0000e+00
      0.203      0.043     5.5624     64.309     35.733  33.991300     4.5563      7.197   241.2578 9.7699e+01     2.2639      0.199      0.290    22.5565 0.0000e+00
      0.217      0.044     5.5739     64.442     35.733  33.990779     4.5893      7.198   241.4299 9.6300e+01     2.3417      0.213      0.309    22.5571 0.0000e+00
      0.228      0.046     5.5777     64.486     35.734  33.991299     4.5922      7.198   241.8402 9.5134e+01     2.3087      0.224      0.325    22.5576 0.0000e+00
      0.238      0.047     5.5756     64.462     35.740  33.997584     4.5825      7.195   242.2611 9.4154e+01     2.2621      0.234      0.338    22.5575 0.0000e+00
      0.249      0.047     5.5683     64.378     35.746  34.003252     4.5820      7.190   242.6464 9.2888e+01     2.2665      0.243      0.353    22.5572 0.0000e+00
      0.261      0.048     5.5558     64.233     35.738  33.996312     4.5861      7.185   243.0575 9.1369e+01     2.2702      0.255      0.370    22.5570 0.0000e+00
      0.275      0.048     5.5426     64.081     35.718  33.977192     4.5763      7.180   243.5320 9.0100e+01     2.2457      0.270      0.391    22.5571 0.0000e+00
      0.289      0.048     5.5334     63.975     35.703  33.962623     4.5283      7.174   244.0818 8.8916e+01     2.2144      0.284      0.412    22.5573 0.0000e+00
      0.301      0.047     5.5264     63.893     35.687  33.947194     4.4472      7.169   244.5428 8.7752e+01     2.1672      0.296      0.429    22.5575 0.0000e+00
      0.313      0.044     5.5187     63.803     35.656  33.917679     4.3943      7.167   244.9757 8.6560e+01     2.1325      0.307      0.446    22.5574 0.0000e+00
      0.324      0.041     5.5084     63.685     35.662  33.923338     4.3851      7.168   245.6169 8.5588e+01     2.1304      0.318      0.461    22.5572 0.0000e+00
      0.334      0.038     5.4952     63.531     35.693  33.952105     4.3915      7.169   246.2721 8.5001e+01     2.1415      0.328      0.476    22.5571 0.0000e+00
      0.343      0.036     5.4787     63.340     35.688  33.947911     4.4255      7.172   246.7028 8.4398e+01     2.1745      0.337      0.488    22.5570 0.0000e+00
      0.351      0.034     5.4569     63.087     35.676  33.936137     4.4836      7.174   246.9531 8.3786e+01     2.2242      0.345      0.499    22.5568 0.0000e+00
      0.360      0.034     5.4288     62.762     35.677  33.936780     4.5161      7.177   247.2329 8.3140e+01     2.2543      0.353      0.513    22.5565 0.0000e+00
      0.368      0.035     5.3973     62.398     35.697  33.955685     4.5244      7.180   247.6766 8.2520e+01     2.2641      0.361      0.524    22.5561 0.0000e+00
      0.375      0.037     5.3676     62.055     35.717  33.974164     4.5465      7.182   248.1885 8.1868e+01     2.2509      0.368      0.533    22.5558 0.0000e+00
      0.384      0.042     5.3426     61.766     35.712  33.969657     4.5724      7.182   248.6034 8.0763e+01     2.2168      0.376      0.545    22.5556 0.0000e+00
      0.395      0.047     5.3266     61.582     35.706  33.964708     4.5800      7.181   248.9069 7.9294e+01     2.2178      0.386      0.560    22.5552 0.0000e+00
      0.409      0.051     5.3348     61.679     35.719  33.977847     4.5840      7.180   249.1909 7.7591e+01     2.2634      0.400      0.580    22.5552 0.0000e+00
      0.424      0.054     5.4043     62.484     35.742  34.001484     4.5929      7.179   249.4570 7.5796e+01     2.3111      0.416      0.603    22.5555 0.0000e+00
      0.440      0.055     5.5745     64.455     35.735  33.996439     4.5957      7.179   249.7147 7.4169e+01     2.3061      0.432      0.626    22.5557 0.0000e+00
      0.456      0.054     5.8405     67.533     35.717  33.980366     4.5900      7.179   249.9836 7.2789e+01     2.2636      0.448      0.650    22.5556 0.0000e+00
      0.469      0.052     6.1524     71.141     35.735  33.997704     4.5880      7.179   250.2990 7.1802e+01     2.2545      0.461      0.669    22.5567 0.0000e+00
      0.481      0.049     6.4608     74.707     35.753  34.015509     4.6086      7.178   250.6035 7.0983e+01     2.2578      0.471      0.684    22.5596 0.0000e+00
      0.492      0.045     6.7391     77.926     35.742  34.005097     4.6366      7.178   250.8255 6.9972e+01     2.2421      0.482      0.699    22.5621 0.0000e+00
      0.504      0.042     6.9741     80.643     35.735  33.998848     4.6423      7.178   251.0052 6.8934e+01     2.2484      0.494      0.717    22.5634 0.0000e+00
      0.515      0.040     7.1507     82.685     35.740  34.003482     4.6405      7.179   251.1407 6.8116e+01     2.2725      0.506      0.734    22.5641 0.0000e+00
      0.525      0.039     7.2533     83.870     35.734  33.997605     4.6611      7.181   251.3457 6.7486e+01     2.2885      0.516      0.748    22.5645 0.0000e+00
      0.534      0.038     7.2868     84.256     35.729  33.991301     4.6979      7.185   251.7637 6.6949e+01     2.3211      0.524      0.759    22.5647 0.0000e+00
      0.542      0.038     7.2773     84.143     35.730  33.990780     4.7265      7.186   252.1503 6.6440e+01     2.3310      0.532      0.771    22.5647 0.0000e+00
      0.551      0.039     7.2473     83.793     35.732  33.991301     4.7408      7.185   252.3198 6.5779e+01     2.2856      0.540      0.783    22.5646 0.0000e+00
      0.561      0.040     7.2102     83.363     35.739  33.997595     4.7430      7.184   252.5228 6.4924e+01     2.2606      0.549      0.796    22.5645 0.0000e+00
