Data/DataNotYetUploadedToEDI/Raw_CTD/RawDownloads/091718_fcr50.cnv
* Sea-Bird SBE19plus  Data File:
* FileName = C:\DATA\20180917_fcr_0005.hex
* Software version 2.6.3.104 SB_Terminal.dll
* Temperature SN = 7809
* Conductivity SN = 7809
* System UpLoad Time = Sep 17 2018 17:52:42
* <ApplicationData>
* <Seaterm232>
# nquan = 15
# nvalues = 1047                        
# units = specified
# name 0 = depFM: Depth [fresh water, m]
# name 1 = dz/dtM: Descent Rate [m/s]
# name 2 = sbeox0Mg/L: Oxygen, SBE 43 [mg/l]
# name 3 = sbeox0PS: Oxygen, SBE 43 [% saturation]
# name 4 = specc: Specific Conductance [uS/cm]
# name 5 = c0uS/cm: Conductivity [uS/cm]
# name 6 = flECO-AFL: Fluorescence, WET Labs ECO-AFL/FL [mg/m^3]
# name 7 = ph: pH
# name 8 = orp: Oxidation Reduction Potential [mV]
# name 9 = par/sat/log: PAR/Logarithmic, Satlantic
# name 10 = turbWETntu0: Turbidity, WET Labs ECO [NTU]
# name 11 = prdM: Pressure, Strain Gauge [db]
# name 12 = prdE: Pressure, Strain Gauge [psi]
# name 13 = tv290C: Temperature [ITS-90, deg C]
# name 14 = flag:  0.000e+00
# span 0 =     -0.604,      9.197       
# span 1 =      0.000,      0.121       
# span 2 =    -0.0456,     8.3309       
# span 3 =     -0.506,     96.937       
# span 4 =      0.435,     97.196       
# span 5 =   0.429606,  74.539577       
# span 6 =    -0.1946,    10.3278       
# span 7 =      6.246,      7.871       
# span 8 =  -273.8297,   679.3751       
# span 9 = 1.2534e-01, 3.3319e+02       
# span 10 =    -0.2711,    67.4917      
# span 11 =     -0.592,      9.019      
# span 12 =     -0.859,     13.082      
# span 13 =    12.8708,    24.4031      
# span 14 = 0.0000e+00, 0.0000e+00      
# interval = seconds: 0.25
# start_time = Sep 17 2018 17:52:17 [Instrument's time stamp, header]
# bad_flag = -9.990e-29
*END*
[from data line 964]
      8.251      0.088     0.0780      0.746     97.061  74.396777     3.1817      6.412    95.1772 1.2552e-01     1.1883      8.090     11.733    13.3648 0.0000e+00
      8.274      0.079     0.0764      0.730     96.863  74.243199     3.1808      6.414    94.9837 1.2551e-01     1.2237      8.118     11.773    13.3554 0.0000e+00
      8.293      0.075     0.0732      0.700     96.504  73.969372     3.1654      6.415    94.7256 1.2551e-01     1.2695      8.135     11.799    13.3418 0.0000e+00
      8.306      0.074     0.0715      0.683     96.152  73.695412     3.1430      6.416    94.3787 1.2545e-01     1.2835      8.144     11.812    13.3271 0.0000e+00
      8.321      0.073     0.0705      0.675     95.955  73.540190     3.1309      6.417    93.9742 1.2537e-01     1.2717      8.156     11.830    13.3183 0.0000e+00
      8.343      0.071     0.0687      0.657     95.811  73.429108     3.1197      6.418    93.5346 1.2538e-01     1.2488      8.181     11.865    13.3203 0.0000e+00
      8.366      0.069     0.0682      0.652     95.740  73.370608     3.0811      6.418    93.0201 1.2546e-01     1.2505      8.206     11.903    13.3232 0.0000e+00
      8.385      0.065     0.0688      0.658     95.797  73.405655     3.0231      6.419    92.5720 1.2556e-01     1.2616      8.224     11.928    13.3192 0.0000e+00
      8.401      0.059     0.0696      0.666     95.807  73.407350     2.9883      6.421    92.3322 1.2555e-01     1.2619      8.239     11.949    13.3155 0.0000e+00
      8.413      0.054     0.0699      0.668     95.700  73.327452     2.9904      6.423    92.1000 1.2552e-01     1.2540      8.252     11.968    13.3172 0.0000e+00
      8.423      0.049     0.0700      0.668     95.448  73.139679     3.0120      6.424    91.5707 1.2555e-01     1.2577      8.261     11.981    13.3165 0.0000e+00
      8.433      0.049     0.0710      0.678     94.910  72.728068     3.0384      6.425    90.9232 1.2555e-01     1.2457      8.269     11.993    13.3083 0.0000e+00
      8.445      0.052     0.0721      0.688     94.367  72.296441     3.0523      6.427    90.6387 1.2550e-01     1.1997      8.282     12.012    13.3045 0.0000e+00
      8.458      0.056     0.0720      0.687     94.270  72.184791     3.0506      6.427    90.2807 1.2550e-01     1.1902      8.294     12.030    13.3081 0.0000e+00
      8.472      0.058     0.0708      0.676     94.347  72.205401     3.0454      6.428    89.6063 1.2556e-01     1.2222      8.306     12.047    13.3104 0.0000e+00
      8.491      0.060     0.0708      0.676     94.081  71.972844     3.0632      6.429    89.1108 1.2560e-01     1.2512      8.326     12.077    13.3144 0.0000e+00
      8.510      0.061     0.0723      0.691     93.544  71.536628     3.1012      6.430    88.8494 1.2555e-01     1.2657      8.348     12.109    13.3091 0.0000e+00
      8.524      0.058     0.0720      0.687     93.212  71.258487     3.1182      6.431    88.5109 1.2552e-01     1.2757      8.360     12.126    13.2825 0.0000e+00
      8.537      0.053     0.0701      0.669     93.181  71.218962     3.1121      6.432    87.9423 1.2555e-01     1.2801      8.370     12.140    13.2590 0.0000e+00
      8.553      0.049     0.0693      0.661     93.226  71.249625     3.0913      6.433    87.5676 1.2559e-01     1.2581      8.387     12.165    13.2478 0.0000e+00
      8.566      0.049     0.0707      0.674     93.145  71.183771     3.0600      6.433    87.3362 1.2563e-01     1.2542      8.403     12.187    13.2339 0.0000e+00
      8.573      0.054     0.0736      0.702     92.673  70.804526     3.0466      6.434    86.8647 1.2564e-01     1.2641      8.409     12.195    13.2185 0.0000e+00
      8.580      0.060     0.0756      0.721     92.124  70.355007     3.0486      6.434    86.4272 1.2561e-01     1.2555      8.410     12.199    13.2092 0.0000e+00
      8.593      0.065     0.0752      0.716     91.967  70.203062     3.0471      6.435    86.0899 1.2558e-01     1.3015      8.423     12.216    13.2101 0.0000e+00
      8.617      0.067     0.0752      0.716     91.963  70.176377     3.0468      6.435    85.7123 1.2558e-01     1.3931      8.449     12.254    13.2119 0.0000e+00
      8.646      0.067     0.0765      0.729     91.875  70.095959     3.0456      6.435    85.3028 1.2558e-01     1.4476      8.481     12.302    13.2010 0.0000e+00
      8.667      0.064     0.0766      0.730     91.917  70.121572     3.0420      6.436    84.8378 1.2556e-01     1.4722      8.504     12.335    13.1814 0.0000e+00
      8.678      0.056     0.0747      0.712     92.228  70.358790     3.0399      6.437    84.6511 1.2556e-01     1.4462      8.510     12.343    13.1624 0.0000e+00
      8.686      0.046     0.0716      0.682     92.543  70.609707     3.0378      6.437    84.6796 1.2560e-01     1.3474      8.517     12.353    13.1495 0.0000e+00
      8.696      0.039     0.0707      0.674     92.605  70.673699     3.0441      6.438    84.4086 1.2558e-01     1.2846      8.529     12.369    13.1432 0.0000e+00
      8.705      0.039     0.0723      0.689     92.446  70.559822     3.0526      6.438    83.9555 1.2554e-01     1.2974      8.538     12.382    13.1398 0.0000e+00
      8.713      0.044     0.0725      0.691     92.307  70.441882     3.0482      6.438    83.7614 1.2560e-01     1.3499      8.544     12.392    13.1379 0.0000e+00
      8.722      0.052     0.0723      0.688     92.368  70.456737     3.0457      6.438    83.8681 1.2565e-01     1.4312      8.553     12.404    13.1444 0.0000e+00
      8.733      0.060     0.0718      0.683     92.455  70.484853     3.0503      6.438    83.6974 1.2565e-01     1.4863      8.562     12.418    13.1578 0.0000e+00
      8.750      0.066     0.0710      0.675     92.466  70.463609     3.0498      6.438    83.3322 1.2562e-01     1.4981      8.578     12.441    13.1636 0.0000e+00
      8.773      0.068     0.0710      0.675     92.476  70.454386     3.0209      6.437    83.1518 1.2557e-01     1.4206      8.603     12.478    13.1574 0.0000e+00
      8.797      0.066     0.0704      0.670     92.464  70.436960     2.9666      6.436    82.8070 1.2556e-01     1.2814      8.629     12.516    13.1379 0.0000e+00
      8.816      0.061     0.0695      0.661     92.478  70.443795     2.9357      6.434    82.3467 1.2557e-01     1.2494      8.649     12.543    13.1129 0.0000e+00
      8.829      0.055     0.0692      0.659     92.597  70.537020     2.9320      6.434    82.1460 1.2554e-01     1.2788      8.660     12.561    13.0961 0.0000e+00
      8.837      0.050     0.0687      0.654     92.771  70.673270     2.9311      6.435    82.0152 1.2549e-01     1.2399      8.666     12.571    13.0887 0.0000e+00
      8.845      0.049     0.0688      0.655     92.890  70.754868     2.9435      6.436    81.6257 1.2543e-01     1.2370      8.673     12.579    13.0854 0.0000e+00
      8.854      0.052     0.0698      0.663     92.930  70.759995     2.9717      6.436    81.1367 1.2546e-01     1.3040      8.682     12.592    13.0823 0.0000e+00
      8.868      0.056     0.0712      0.677     92.934  70.735229     2.9873      6.436    80.8347 1.2555e-01     1.3181      8.695     12.612    13.0843 0.0000e+00
      8.888      0.058     0.0725      0.688     92.924  70.709925     2.9848      6.435    80.7272 1.2561e-01     1.2853      8.716     12.641    13.0903 0.0000e+00
      8.908      0.056     0.0729      0.692     92.934  70.708567     2.9690      6.435    80.5247 1.2567e-01     1.2124      8.738     12.672    13.0869 0.0000e+00
      8.926      0.052     0.0739      0.701     92.953  70.718799     2.9430      6.435    80.1072 1.2562e-01     1.1079      8.756     12.699    13.0686 0.0000e+00
      8.937      0.047     0.0747      0.709     92.933  70.706360     2.9277      6.434    79.7234 1.2551e-01     1.0602      8.767     12.716    13.0500 0.0000e+00
      8.944      0.042     0.0739      0.701     92.896  70.685446     2.9223      6.434    79.4985 1.2546e-01     1.0625      8.771     12.721    13.0421 0.0000e+00
      8.950      0.040     0.0726      0.690     92.938  70.720470     2.9145      6.434    79.3670 1.2546e-01     1.1662      8.775     12.727    13.0383 0.0000e+00
      8.959      0.040     0.0718      0.682     93.076  70.811663     2.9067      6.434    79.1656 1.2548e-01     1.3679      8.784     12.741    13.0357 0.0000e+00
      8.970      0.045     0.0707      0.671     93.152  70.833528     2.9021      6.433    78.8703 1.2548e-01     1.4569      8.797     12.759    13.0372 0.0000e+00
      8.982      0.050     0.0698      0.662     93.168  70.793883     2.8956      6.433    78.6353 1.2546e-01     1.4184      8.808     12.776    13.0428 0.0000e+00
      8.996      0.055     0.0699      0.663     93.214  70.777696     2.8829      6.433    78.3898 1.2546e-01     1.4201      8.821     12.794    13.0473 0.0000e+00
      9.012      0.055     0.0707      0.671     93.249  70.765028     2.8681      6.433    78.0533 1.2547e-01     1.4781      8.838     12.818    13.0421 0.0000e+00
      9.029      0.054     0.0719      0.681     93.289  70.767933     2.8546      6.433    77.7495 1.2549e-01     1.5088      8.854     12.842    13.0207 0.0000e+00
      9.044      0.051     0.0723      0.686     93.378  70.812796     2.8485      6.433    77.4700 1.2555e-01     1.4865      8.869     12.864    12.9889 0.0000e+00
      9.057      0.047     0.0723      0.686     93.473  70.861996     2.8669      6.432    77.1690 1.2555e-01     1.3918      8.884     12.885    12.9595 0.0000e+00
      9.067      0.044     0.0728      0.690     93.568  70.917336     2.9027      6.432    76.9493 1.2547e-01     1.2783      8.892     12.897    12.9384 0.0000e+00
      9.074      0.043     0.0730      0.691     93.818  71.100067     2.9224      6.432    76.7072 1.2553e-01     1.2446      8.898     12.905    12.9257 0.0000e+00
      9.083      0.044     0.0726      0.688     94.158  71.353216     2.9220      6.431    76.3926 1.2559e-01     1.2582      8.907     12.919    12.9148 0.0000e+00
      9.094      0.046     0.0715      0.678     94.275  71.432684     2.9161      6.430    76.2420 1.2554e-01     1.2602      8.918     12.935    12.9011 0.0000e+00
      9.107      0.047     0.0715      0.678     94.194  71.360909     2.9156      6.430    76.0906 1.2555e-01     1.2691      8.929     12.951    12.8901 0.0000e+00
      9.124      0.046     0.0738      0.699     94.140  71.312646     2.9161      6.430    75.6814 1.2554e-01     1.2742      8.947     12.977    12.8887 0.0000e+00
      9.139      0.042     0.0752      0.711     94.116  71.294595     2.9134      6.429    75.3379 1.2550e-01     1.2605      8.965     13.002    12.8886 0.0000e+00
      9.149      0.036     0.0740      0.700     94.074  71.269918     2.9104      6.429    75.2072 1.2553e-01     1.2552      8.973     13.015    12.8822 0.0000e+00
      9.155      0.030     0.0714      0.676     94.058  71.268830     2.8978      6.430    74.9616 1.2558e-01     1.2414      8.978     13.022    12.8758 0.0000e+00
      9.160      0.023     0.0682      0.647     94.063  71.281460     2.8813      6.430    74.6051 1.2558e-01     1.2468      8.983     13.029    12.8717 0.0000e+00
      9.165      0.018     0.0662      0.628     94.078  71.295356     2.8668      6.429    74.4246 1.2554e-01     1.2592      8.988     13.036    12.8708 0.0000e+00
      9.169      0.017     0.0657      0.623     94.098  71.309575     2.8503      6.428    74.3267 1.2553e-01     1.2382      8.991     13.041    12.8759 0.0000e+00
      9.171      0.018     0.0652      0.618     94.109  71.326106     2.8109      6.428    74.1105 1.2552e-01     1.2368      8.993     13.044    12.8836 0.0000e+00
      9.175      0.018     0.0661      0.627     94.135  71.367967     2.7574      6.429    73.8755 1.2556e-01     1.2425      8.997     13.049    12.8884 0.0000e+00
      9.181      0.017     0.0698      0.662     94.192  71.433923     2.7370      6.429    73.6365 1.2556e-01     1.2468      9.002     13.057    12.8889 0.0000e+00
      9.187      0.015     0.0716      0.679     94.341  71.550878     2.7293      6.429    73.3716 1.2554e-01     1.2886      9.010     13.069    12.8868 0.0000e+00
      9.193      0.013     0.0714      0.676     94.553  71.700234     2.6825      6.429    73.1676 1.2561e-01     1.2587      9.016     13.078    12.8879 0.0000e+00
      9.195      0.010     0.0725      0.687     94.759  71.839738     2.6129      6.428    72.9775 1.2565e-01     1.0987      9.017     13.079    12.9038 0.0000e+00
      9.195      0.007     0.0720      0.682     94.939  71.964828     2.5772      6.428    72.8793 1.2559e-01     1.0030      9.018     13.078    12.9212 0.0000e+00
      9.195      0.003     0.0698      0.661     95.074  72.067174     2.5822      6.428    72.8403 1.2554e-01     1.0477      9.018     13.079    12.9217 0.0000e+00
      9.196      0.001     0.0684      0.648     95.225  72.186268     2.6356      6.429    72.6793 1.2554e-01     1.1811      9.018     13.080    12.9130 0.0000e+00
      9.197      0.001     0.0679      0.643     95.318  72.259278     2.6811      6.429    72.5663 1.2553e-01     1.2729      9.019     13.081    12.9026 0.0000e+00
      9.197 -9.990e-29 -9.990e-29 -9.990e-29 -9.990e-29 -9.990e-29 -9.990e-29 -9.990e-29 -9.990e-29 1.2550e-01 -9.990e-29      9.019     13.081    12.8949 0.0000e+00
      9.197 -9.990e-29 -9.990e-29 -9.990e-29 -9.990e-29 -9.990e-29 -9.990e-29 -9.990e-29 -9.990e-29 1.2545e-01 -9.990e-29      9.019     13.081    12.8964 0.0000e+00
      9.197 -9.990e-29 -9.990e-29 -9.990e-29 -9.990e-29 -9.990e-29 -9.990e-29 -9.990e-29 -9.990e-29 1.2542e-01 -9.990e-29      9.019     13.081    12.9008 0.0000e+00
      9.197 -9.990e-29 -9.990e-29 -9.990e-29 -9.990e-29 -9.990e-29 -9.990e-29 -9.990e-29 -9.990e-29 1.2544e-01 -9.990e-29      9.019     13.082    12.9016 0.0000e+00
