Data/DataNotYetUploadedToEDI/Raw_CTD/RawDownloads/091718_fcr10.cnv
* Sea-Bird SBE19plus  Data File:
* FileName = C:\DATA\20180917_fcr_0001.hex
* Software version 2.6.3.104 SB_Terminal.dll
* Temperature SN = 7809
* Conductivity SN = 7809
* System UpLoad Time = Sep 17 2018 17:51:15
* <ApplicationData>
* <Seaterm232>
# nquan = 15
# nvalues = 358                         
# units = specified
# name 0 = depFM: Depth [fresh water, m]
# name 1 = dz/dtM: Descent Rate [m/s]
# name 2 = sbeox0Mg/L: Oxygen, SBE 43 [mg/l]
# name 3 = sbeox0PS: Oxygen, SBE 43 [% saturation]
# name 4 = specc: Specific Conductance [uS/cm]
# name 5 = c0uS/cm: Conductivity [uS/cm]
# name 6 = flECO-AFL: Fluorescence, WET Labs ECO-AFL/FL [mg/m^3]
# name 7 = ph: pH
# name 8 = orp: Oxidation Reduction Potential [mV]
# name 9 = par/sat/log: PAR/Logarithmic, Satlantic
# name 10 = turbWETntu0: Turbidity, WET Labs ECO [NTU]
# name 11 = prdM: Pressure, Strain Gauge [db]
# name 12 = prdE: Pressure, Strain Gauge [psi]
# name 13 = tv290C: Temperature [ITS-90, deg C]
# name 14 = flag:  0.000e+00
# span 0 =     -0.602,      2.465       
# span 1 =     -0.185,      0.152       
# span 2 =     4.7747,     8.3479       
# span 3 =     55.173,     96.529       
# span 4 =      0.784,     36.535       
# span 5 =   0.741960,  34.735657       
# span 6 =    -0.1863,     5.3338       
# span 7 =      6.208,      7.634       
# span 8 =   175.7722,   298.8318       
# span 9 = 4.9402e+00, 1.5249e+02       
# span 10 =    -0.2477,     9.4818      
# span 11 =     -0.592,      2.419      
# span 12 =     -0.859,      3.508      
# span 13 =    21.3469,    22.5694      
# span 14 = 0.0000e+00, 0.0000e+00      
# interval = seconds: 0.25
# start_time = Sep 17 2018 14:39:31 [Instrument's time stamp, header]
# bad_flag = -9.990e-29
*END*
     -0.599 2.1419e-07     8.3226     95.738      0.784   0.741960    -0.1686      6.210   225.4945 8.8816e+01    -0.1559     -0.587     -0.852    22.2994 0.0000e+00
     -0.599      0.000     8.3232     95.743      0.899   0.850873    -0.1648      6.209   231.9620 8.2604e+01    -0.1602     -0.587     -0.852    22.2994 0.0000e+00
     -0.599      0.000     8.3222     95.729      1.011   0.955928    -0.1616      6.208   237.0003 7.8279e+01    -0.1922     -0.588     -0.853    22.2993 0.0000e+00
     -0.599      0.000     8.3200     95.704      1.122   1.060975    -0.1666      6.209   237.1974 7.7814e+01    -0.2373     -0.587     -0.852    22.2989 0.0000e+00
     -0.599      0.003     8.3180     95.702      1.169   1.106378    -0.1698      6.223   241.3153 7.9390e+01    -0.2477     -0.587     -0.852    22.2981 0.0000e+00
     -0.599      0.009     8.3117     95.697      1.187   1.124407    -0.1731      6.262   252.7176 8.3553e+01    -0.2267     -0.587     -0.853    22.2964 0.0000e+00
     -0.599      0.014     8.3014     95.677      1.215   1.152132    -0.1787      6.321   263.3824 8.9304e+01    -0.2272     -0.587     -0.851    22.2955 0.0000e+00
     -0.597      0.014     8.2936     95.674      1.251   1.187952    -0.1733      6.370   281.6419 9.4770e+01    -0.2242     -0.589     -0.854    22.2940 0.0000e+00
     -0.587      0.009     8.2884     95.674      1.306   1.240435    -0.1631      6.394   298.8318 9.8000e+01    -0.2208     -0.580     -0.841    22.2957 0.0000e+00
     -0.572      0.002     8.2848     95.665      1.281   1.215977    -0.1660      6.404   290.2832 9.7370e+01    -0.2168     -0.554     -0.804    22.3342 0.0000e+00
     -0.570     -0.003     8.2841     95.670      1.273   1.209300    -0.1800      6.413   257.6957 9.5944e+01    -0.2056     -0.552     -0.801    22.4019 0.0000e+00
     -0.584     -0.004     8.2850     95.684      2.488   2.364564    -0.1863      6.447   231.0802 9.6562e+01    -0.2071     -0.573     -0.832    22.4515 0.0000e+00
     -0.597      0.001     8.2852     95.692      7.703   7.320102    -0.1771      6.523   244.4912 9.8012e+01    -0.2045     -0.590     -0.856    22.4825 0.0000e+00
     -0.602      0.011     8.2852     95.702     14.925  14.183902    -0.1701      6.615   262.8258 9.8596e+01    -0.2053     -0.592     -0.859    22.5013 0.0000e+00
     -0.598      0.023     8.2849     95.710     18.382  17.471202    -0.1748      6.710   264.6800 9.8886e+01    -0.2171     -0.591     -0.857    22.5049 0.0000e+00
     -0.581      0.035     8.2835     95.705     18.678  17.754702    -0.1783      6.820   269.8363 9.9826e+01    -0.1946     -0.575     -0.833    22.5036 0.0000e+00
     -0.557      0.042     8.2818     95.693     18.926  17.992472    -0.1768      6.930   270.7925 1.0070e+02    -0.1464     -0.542     -0.785    22.5058 0.0000e+00
     -0.542      0.044     8.2806     95.686     19.398  18.442037    -0.1748      7.023   268.2402 1.0106e+02    -0.1529     -0.526     -0.763    22.5122 0.0000e+00
     -0.539      0.041     8.2796     95.676     19.986  19.001520    -0.1723      7.102   260.5726 1.0108e+02    -0.1821     -0.529     -0.768    22.5189 0.0000e+00
     -0.536      0.036     8.2790     95.667     21.367  20.314306    -0.1743      7.173   246.3990 1.0113e+02    -0.1937     -0.530     -0.769    22.5238 0.0000e+00
     -0.526      0.031     8.2794     95.671     23.074  21.937287    -0.1802      7.252   239.8650 1.0156e+02    -0.2318     -0.516     -0.747    22.5282 0.0000e+00
     -0.514      0.028     8.2794     95.672     24.202  23.009832    -0.1798      7.350   249.1124 1.0228e+02    -0.2467     -0.502     -0.728    22.5318 0.0000e+00
     -0.505      0.026     8.2791     95.671     27.662  26.299848    -0.1787      7.454   264.0808 1.0337e+02    -0.2213     -0.495     -0.718    22.5328 0.0000e+00
     -0.498      0.024     8.2791     95.672     33.389  31.745047    -0.1850      7.535   266.5778 1.0457e+02    -0.2297     -0.486     -0.705    22.5317 0.0000e+00
     -0.496      0.022     8.2798     95.682     36.344  34.554064    -0.1825      7.585   243.2542 1.0556e+02    -0.2262     -0.485     -0.703    22.5313 0.0000e+00
     -0.494      0.022     8.2817     95.703     36.535  34.735657    -0.1665      7.612   206.2089 1.0659e+02    -0.2095     -0.488     -0.708    22.5316 0.0000e+00
     -0.489      0.024     8.2823     95.711     36.433  34.639382    -0.1664      7.628   187.6029 1.0734e+02    -0.2413     -0.480     -0.697    22.5318 0.0000e+00
     -0.482      0.029     8.2811     95.699     36.320  34.533367    -0.1810      7.634   187.7022 1.0734e+02    -0.2446     -0.471     -0.683    22.5320 0.0000e+00
     -0.474      0.034     8.2807     95.698     36.253  34.470136    -0.1784      7.632   190.4588 1.0726e+02    -0.2190     -0.467     -0.677    22.5322 0.0000e+00
     -0.464      0.036     8.2822     95.720     36.226  34.446530    -0.1621      7.624   193.9164 1.0751e+02    -0.2062     -0.456     -0.661    22.5323 0.0000e+00
     -0.452      0.036     8.2821     95.725     36.215  34.438508    -0.1591      7.612   197.1569 1.0770e+02    -0.1813     -0.443     -0.641    22.5331 0.0000e+00
     -0.441      0.033     8.2790     95.697     36.210  34.436664    -0.1696      7.600   199.6120 1.0776e+02    -0.1923     -0.432     -0.626    22.5343 0.0000e+00
     -0.431      0.028     8.2770     95.680     36.194  34.424238    -0.1695      7.590   201.2313 1.0788e+02    -0.2181     -0.422     -0.612    22.5354 0.0000e+00
     -0.424      0.024     8.2766     95.680     36.183  34.415306    -0.1668      7.582   202.4524 1.0833e+02    -0.2177     -0.416     -0.602    22.5379 0.0000e+00
     -0.421      0.021     8.2761     95.678     36.157  34.392194    -0.1742      7.573   205.2569 1.0858e+02    -0.2182     -0.412     -0.598    22.5417 0.0000e+00
     -0.421      0.021     8.2754     95.673     36.096  34.335344    -0.1758      7.554   210.0155 1.0851e+02    -0.1935     -0.413     -0.600    22.5462 0.0000e+00
     -0.418      0.020     8.2751     95.671     36.058  34.299605    -0.1777      7.526   213.7002 1.0878e+02    -0.1327     -0.411     -0.597    22.5498 0.0000e+00
     -0.409      0.019     8.2753     95.673     36.035  34.277664    -0.1786      7.502   214.6178 1.0940e+02    -0.0636     -0.402     -0.584    22.5522 0.0000e+00
     -0.399      0.017     8.2758     95.681     36.016  34.260617    -0.1674      7.487   214.4858 1.1032e+02    -0.0283     -0.390     -0.566    22.5542 0.0000e+00
     -0.392      0.016     8.2776     95.705     36.039  34.284041    -0.1620      7.476   211.3295 1.1049e+02    -0.0112     -0.382     -0.553    22.5557 0.0000e+00
     -0.391      0.014     8.2783     95.716     36.062  34.306809    -0.1682      7.460   203.6432 1.0923e+02    -0.0097     -0.382     -0.555    22.5562 0.0000e+00
     -0.393      0.014     8.2778     95.713     36.035  34.281841    -0.1780      7.445   202.5144 1.0751e+02    -0.0412     -0.387     -0.560    22.5567 0.0000e+00
     -0.393      0.018     8.2792     95.730     35.987  34.236227    -0.1800      7.437   205.1673 1.0602e+02    -0.0261     -0.386     -0.561    22.5577 0.0000e+00
     -0.388      0.028     8.2807     95.749     35.948  34.199919    -0.1646      7.436   204.1420 1.0507e+02     0.0201     -0.381     -0.554    22.5592 0.0000e+00
     -0.380      0.047     8.2808     95.750     35.906  34.160432    -0.0930      7.433   205.9495 1.0495e+02     0.2131     -0.374     -0.542    22.5610 0.0000e+00
     -0.370      0.071     8.2801     95.742     35.885  34.139888     0.6225      7.421   199.2315 1.0616e+02     2.6131     -0.365     -0.529    22.5624 0.0000e+00
     -0.354      0.098     8.2817     95.760     35.888  34.142077     1.9325      7.403   183.4002 1.0830e+02     7.0344     -0.352     -0.511    22.5634 0.0000e+00
     -0.326      0.124     8.2893     95.847     35.868  34.123379     2.6502      7.394   175.7722 1.0958e+02     9.4198     -0.324     -0.469    22.5638 0.0000e+00
     -0.286      0.143     8.3051     96.030     35.848  34.104363     2.7572      7.390   175.8333 1.0945e+02     9.4818     -0.282     -0.409    22.5640 0.0000e+00
     -0.239      0.152     8.3283     96.299     35.845  34.102707     3.1802      7.386   177.1698 1.0889e+02     7.6305     -0.236     -0.343    22.5638 0.0000e+00
     -0.187      0.151     8.3479     96.529     35.845  34.103363     3.9413      7.383   178.5951 1.0777e+02     4.1872     -0.183     -0.265    22.5630 0.0000e+00
     -0.141      0.142     8.3302     96.325     35.854  34.112293     4.3597      7.383   179.9888 1.0603e+02     2.3342     -0.132     -0.190    22.5626 0.0000e+00
     -0.109      0.128     8.2333     95.206     35.890  34.147159     4.3982      7.385   181.4602 1.0434e+02     2.1942     -0.101     -0.147    22.5632 0.0000e+00
     -0.089      0.112     8.0456     93.036     35.953  34.207331     4.4433      7.384   183.2210 1.0177e+02     2.1887     -0.088     -0.128    22.5644 0.0000e+00
     -0.068      0.093     7.7868     90.043     35.951  34.204654     4.5279      7.381   184.6724 9.3688e+01     2.1769     -0.071     -0.103    22.5655 0.0000e+00
     -0.042      0.075     7.4883     86.591     35.856  34.114795     4.5759      7.380   185.7592 7.9182e+01     2.1443     -0.041     -0.060    22.5664 0.0000e+00
     -0.016      0.060     7.1748     82.966     35.812  34.073617     4.5737      7.379   187.1557 6.7403e+01     2.0993     -0.011     -0.017    22.5669 0.0000e+00
     -0.001      0.047     6.8695     79.435     35.827  34.087874     4.4637      7.376   188.9100 6.4008e+01     2.0290      0.005      0.007    22.5671 0.0000e+00
      0.003      0.036     6.6040     76.366     35.837  34.096624     4.2667      7.371   190.4495 6.4737e+01     1.9349      0.005      0.008    22.5667 0.0000e+00
      0.002      0.025     6.3980     73.984     35.857  34.115901     4.1581      7.365   191.6597 6.5375e+01     1.9072      0.001      0.001    22.5667 0.0000e+00
      0.004      0.016     6.2522     72.298     35.871  34.130399     4.1436      7.359   192.9602 6.6705e+01     1.9691      0.002      0.003    22.5670 0.0000e+00
      0.011      0.011     6.1574     71.203     35.886  34.144883     4.1467      7.353   194.3862 6.9123e+01     2.0735      0.010      0.015    22.5667 0.0000e+00
      0.018      0.010     6.0954     70.488     35.906  34.163995     4.1493      7.349   195.6513 7.0644e+01     2.1613      0.019      0.028    22.5663 0.0000e+00
      0.021      0.009     6.0528     69.995     35.913  34.170926     4.1466      7.349   196.7266 7.1102e+01     2.2074      0.022      0.032    22.5666 0.0000e+00
      0.020      0.007     6.0312     69.745     35.907  34.165165     4.1513      7.350   197.9235 7.2222e+01     2.2041      0.020      0.029    22.5674 0.0000e+00
      0.019      0.004     6.0307     69.739     35.899  34.157859     4.1608      7.350   199.3677 7.4111e+01     2.1513      0.018      0.027    22.5684 0.0000e+00
      0.019      0.002     6.0452     69.908     35.887  34.146105     4.1873      7.347   200.7662 7.5633e+01     2.0879      0.018      0.027    22.5687 0.0000e+00
      0.020      0.000     6.0687     70.179     35.891  34.150081     4.2330      7.340   201.8411 7.6650e+01     1.9864      0.019      0.028    22.5689 0.0000e+00
      0.022     -0.002     6.0914     70.441     35.951  34.205930     4.2631      7.333   202.5552 7.6655e+01     1.9014      0.021      0.031    22.5692 0.0000e+00
      0.023     -0.002     6.1068     70.618     35.997  34.249710     4.2761      7.330   203.2051 7.6930e+01     1.9143      0.023      0.034    22.5694 0.0000e+00
      0.021      0.002     6.1197     70.767     35.982  34.234808     4.2800      7.333   203.9343 7.9912e+01     1.9900      0.023      0.034    22.5691 0.0000e+00
      0.016      0.008     6.1386     70.984     35.963  34.216300     4.2727      7.336   204.4891 8.3514e+01     2.0845      0.016      0.023    22.5688 0.0000e+00
      0.014      0.016     6.1645     71.283     35.963  34.216476     4.2615      7.338   204.9232 8.4076e+01     2.1410      0.009      0.013    22.5684 0.0000e+00
      0.020      0.026     6.1925     71.608     35.984  34.236937     4.2540      7.340   205.4830 8.2516e+01     2.1550      0.017      0.024    22.5679 0.0000e+00
      0.033      0.037     6.2186     71.909     36.022  34.273142     4.2385      7.339   206.3532 8.1190e+01     2.1617      0.033      0.047    22.5672 0.0000e+00
      0.047      0.047     6.2406     72.164     36.022  34.273130     4.2109      7.326   207.4437 8.0721e+01     2.1615      0.047      0.067    22.5666 0.0000e+00
      0.059      0.054     6.2573     72.357     35.984  34.236787     4.2052      7.304   208.4291 8.0916e+01     2.1525      0.059      0.085    22.5666 0.0000e+00
      0.073      0.055     6.2633     72.425     35.961  34.214824     4.2159      7.284   209.2336 8.0918e+01     2.1440      0.070      0.101    22.5667 0.0000e+00
      0.089      0.052     6.2507     72.279     35.944  34.198129     4.2308      7.273   209.8574 8.1052e+01     2.1195      0.087      0.125    22.5668 0.0000e+00
      0.106      0.052     6.2197     71.920     35.906  34.161967     4.2562      7.273   210.4647 8.1687e+01     2.1006      0.106      0.153    22.5669 0.0000e+00
      0.119      0.060     6.1803     71.465     35.903  34.158694     4.2744      7.275   211.2428 8.2447e+01     2.1294      0.118      0.172    22.5667 0.0000e+00
      0.126      0.073     6.1457     71.063     35.971  34.222071     4.2765      7.277   212.1233 8.3008e+01     2.1624      0.124      0.180    22.5666 0.0000e+00
      0.134      0.084     6.1260     70.833     36.046  34.293072     4.2264      7.275   212.9373 8.0932e+01     2.1639      0.126      0.182    22.5665 0.0000e+00
      0.158      0.086     6.1253     70.822     36.074  34.318462     4.1279      7.262   213.5130 7.6050e+01     2.1786      0.146      0.211    22.5661 0.0000e+00
      0.198      0.073     6.1345     70.924     36.031  34.274989     4.0789      7.247   214.0082 7.2795e+01     2.2179      0.194      0.282    22.5652 0.0000e+00
      0.238      0.043     6.1386     70.965     35.969  34.212067     4.0926      7.241   214.7946 7.2517e+01     2.2111      0.240      0.348    22.5636 0.0000e+00
      0.261     -0.005     6.1384     70.955     35.952  34.192859     4.1004      7.245   215.8793 7.4969e+01     2.1579      0.266      0.386    22.5625 0.0000e+00
      0.255     -0.065     6.1394     70.965     35.930  34.169776     4.1001      7.255   216.9708 8.1075e+01     2.1230      0.262      0.381    22.5623 0.0000e+00
      0.219     -0.125     6.1397     70.970     35.881  34.123526     4.1156      7.262   217.8395 8.9209e+01     2.1252      0.221      0.321    22.5585 0.0000e+00
      0.161     -0.168     6.1380     70.952     35.832  34.078274     4.1331      7.258   218.5531 9.8236e+01     2.1549      0.162      0.235    22.5517 0.0000e+00
      0.095     -0.185     6.1380     70.954     35.818  34.067262     4.1460      7.250   219.3190 1.1178e+02     2.1766      0.093      0.135    22.5466 0.0000e+00
      0.031     -0.176     6.1494     71.089     35.870  34.117412     4.1789      7.243   220.0441 1.2811e+02     2.1736      0.024      0.035    22.5444 0.0000e+00
     -0.018     -0.150     6.1720     71.351     35.931  34.176503     4.2284      7.229   220.6094 1.3829e+02     2.1492     -0.024     -0.035    22.5457 0.0000e+00
     -0.050     -0.116     6.1915     71.577     35.966  34.210078     4.2565      7.214   221.0774 1.4133e+02     2.1258     -0.055     -0.078    22.5478 0.0000e+00
     -0.065     -0.083     6.1966     71.633     35.963  34.205777     4.2620      7.207   221.4859 1.4162e+02     2.1346     -0.068     -0.097    22.5500 0.0000e+00
     -0.071     -0.057     6.1819     71.458     35.947  34.188012     4.2580      7.210   221.8492 1.4098e+02     2.1337     -0.067     -0.098    22.5519 0.0000e+00
