Data/DataNotYetUploadedToEDI/Raw_CTD/RawDownloads/091718_fcr30.cnv
* Sea-Bird SBE19plus  Data File:
* FileName = C:\DATA\20180917_fcr_0003.hex
* Software version 2.6.3.104 SB_Terminal.dll
* Temperature SN = 7809
* Conductivity SN = 7809
* System UpLoad Time = Sep 17 2018 17:51:49
* <ApplicationData>
* <Seaterm232>
# nquan = 15
# nvalues = 521                         
# units = specified
# name 0 = depFM: Depth [fresh water, m]
# name 1 = dz/dtM: Descent Rate [m/s]
# name 2 = sbeox0Mg/L: Oxygen, SBE 43 [mg/l]
# name 3 = sbeox0PS: Oxygen, SBE 43 [% saturation]
# name 4 = specc: Specific Conductance [uS/cm]
# name 5 = c0uS/cm: Conductivity [uS/cm]
# name 6 = flECO-AFL: Fluorescence, WET Labs ECO-AFL/FL [mg/m^3]
# name 7 = ph: pH
# name 8 = orp: Oxidation Reduction Potential [mV]
# name 9 = par/sat/log: PAR/Logarithmic, Satlantic
# name 10 = turbWETntu0: Turbidity, WET Labs ECO [NTU]
# name 11 = prdM: Pressure, Strain Gauge [db]
# name 12 = prdE: Pressure, Strain Gauge [psi]
# name 13 = tv290C: Temperature [ITS-90, deg C]
# name 14 = flag:  0.000e+00
# span 0 =     -0.602,      5.245       
# span 1 =     -0.157,      0.180       
# span 2 =     0.1261,     8.3870       
# span 3 =      1.303,     97.294       
# span 4 =      4.566,     86.908       
# span 5 =   4.341876,  72.616548       
# span 6 =    -0.1943,    11.7072       
# span 7 =      6.316,      7.986       
# span 8 =   110.8913,   313.8555       
# span 9 = 3.0845e-01, 6.2223e+02       
# span 10 =    -0.7026,    31.9694      
# span 11 =     -0.591,      5.144      
# span 12 =     -0.857,      7.461      
# span 13 =    16.6795,    22.7996      
# span 14 = 0.0000e+00, 0.0000e+00      
# interval = seconds: 0.25
# start_time = Sep 17 2018 15:46:00 [Instrument's time stamp, header]
# bad_flag = -9.990e-29
*END*
[from data line 97]
      0.093      0.055     5.6709     65.790     36.037  34.409975     4.6574      7.299   202.6160 3.4199e+02     2.1596      0.086      0.125    22.7251 0.0000e+00
      0.121      0.040     5.6963     66.090     36.034  34.410495     4.6634      7.297   203.0322 3.5354e+02     2.1455      0.117      0.169    22.7313 0.0000e+00
      0.153      0.003     5.7431     66.639     36.037  34.416789     4.6602      7.296   203.8501 3.5605e+02     2.1286      0.155      0.225    22.7347 0.0000e+00
      0.168     -0.047     5.8006     67.312     36.040  34.422562     4.6557      7.292   204.8467 3.6750e+02     2.1086      0.178      0.257    22.7344 0.0000e+00
      0.151     -0.098     5.8554     67.948     36.033  34.416788     4.6556      7.282   205.4463 3.9839e+02     2.1179      0.162      0.234    22.7366 0.0000e+00
      0.098     -0.138     5.8980     68.442     36.027  34.410493     4.6400      7.273   205.5925 4.5607e+02     2.1494      0.103      0.150    22.7414 0.0000e+00
      0.026     -0.157     5.9256     68.759     36.028  34.409964     4.4396      7.268   205.6685 5.3259e+02     2.0919      0.023      0.033    22.7470 0.0000e+00
     -0.040     -0.151     5.9409     68.932     36.031  34.410390     4.0793      7.267   205.7621 5.9079e+02     1.9717     -0.049     -0.070    22.7514 0.0000e+00
     -0.082     -0.126     5.9537     69.076     36.039  34.415645     3.8957      7.268   205.8646 6.0923e+02     1.9172     -0.089     -0.128    22.7528 0.0000e+00
     -0.098     -0.090     5.9774     69.348     36.035  34.409975     3.8929      7.272   205.9617 6.0484e+02     1.9217     -0.102     -0.148    22.7517 0.0000e+00
     -0.098     -0.055     6.0151     69.783     36.031  34.405365     3.8981      7.273   206.1614 6.0038e+02     1.9335     -0.097     -0.141    22.7487 0.0000e+00
     -0.098     -0.026     6.0548     70.243     36.051  34.423418     3.9040      7.273   206.4721 6.0426e+02     1.9390     -0.093     -0.134    22.7448 0.0000e+00
     -0.105     -0.006     6.0845     70.585     36.067  34.437691     3.9180      7.271   206.7927 6.0855e+02     1.9571     -0.102     -0.148    22.7416 0.0000e+00
     -0.114      0.003     6.1005     70.770     36.082  34.450906     3.9384      7.268   207.1131 6.0894e+02     1.9692     -0.116     -0.168    22.7394 0.0000e+00
     -0.114      0.003     6.1012     70.777     36.088  34.456159     3.9573      7.268   207.2476 6.0837e+02     1.9636     -0.118     -0.172    22.7382 0.0000e+00
     -0.102     -0.001     6.0863     70.604     36.069  34.437691     3.9907      7.269   207.3013 6.0833e+02     1.9495     -0.100     -0.145    22.7371 0.0000e+00
     -0.089     -0.004     6.0567     70.260     36.049  34.418165     4.0390      7.271   207.5052 6.1144e+02     1.9213     -0.081     -0.116    22.7360 0.0000e+00
     -0.090     -0.006     6.0146     69.772     36.041  34.410620     4.0629      7.271   207.7328 6.1723e+02     1.8978     -0.083     -0.120    22.7348 0.0000e+00
     -0.105     -0.006     5.9660     69.207     36.040  34.409986     4.0776      7.270   207.9878 6.2178e+02     1.9091     -0.104     -0.151    22.7335 0.0000e+00
     -0.120     -0.006     5.9145     68.610     36.041  34.410496     4.1069      7.269   208.3516 6.2223e+02     1.9966     -0.123     -0.179    22.7336 0.0000e+00
     -0.124     -0.002     5.8612     67.990     36.048  34.416790     4.1317      7.268   208.6900 6.1835e+02     2.1012     -0.126     -0.183    22.7336 0.0000e+00
     -0.116      0.005     5.8096     67.390     36.055  34.422564     4.1387      7.268   208.9815 6.1306e+02     2.1372     -0.115     -0.167    22.7332 0.0000e+00
     -0.104      0.011     5.7635     66.854     36.049  34.416784     4.1362      7.268   209.2956 6.0981e+02     2.1265     -0.100     -0.146    22.7330 0.0000e+00
     -0.095      0.014     5.7206     66.356     36.042  34.410433     4.1293      7.266   209.5623 6.0901e+02     2.0939     -0.090     -0.131    22.7325 0.0000e+00
     -0.095      0.011     5.6773     65.854     36.041  34.409287     4.1099      7.264   209.7109 6.0850e+02     2.0483     -0.091     -0.132    22.7315 0.0000e+00
     -0.098      0.004     5.6306     65.312     36.035  34.402936     4.0952      7.264   209.8879 6.0717e+02     2.0018     -0.096     -0.141    22.7308 0.0000e+00
     -0.100     -0.005     5.5802     64.728     36.029  34.397157     4.0991      7.265   210.1542 6.0533e+02     1.9588     -0.099     -0.144    22.7306 0.0000e+00
     -0.098     -0.011     5.5310     64.157     36.035  34.402931     4.1472      7.266   210.4353 6.0362e+02     1.9256     -0.096     -0.139    22.7306 0.0000e+00
     -0.098     -0.014     5.4838     63.610     36.042  34.409235     4.2361      7.267   210.7050 6.0408e+02     1.9364     -0.093     -0.134    22.7303 0.0000e+00
     -0.105     -0.017     5.4344     63.036     36.043  34.409861     4.2816      7.268   210.9210 6.0523e+02     1.9664     -0.102     -0.148    22.7301 0.0000e+00
     -0.114     -0.021     5.3823     62.431     36.044  34.410496     4.2753      7.268   211.1536 6.0404e+02     1.9527     -0.114     -0.165    22.7302 0.0000e+00
     -0.120     -0.022     5.3312     61.838     36.051  34.416914     4.2614      7.269   211.3657 6.0350e+02     1.9239     -0.118     -0.171    22.7300 0.0000e+00
     -0.125     -0.022     5.2828     61.277     36.058  34.423939     4.1962      7.271   211.5070 6.0589e+02     1.9228     -0.121     -0.175    22.7293 0.0000e+00
     -0.132     -0.018     5.2390     60.768     36.067  34.431909     4.0842      7.271   211.6566 6.0807e+02     1.9389     -0.129     -0.187    22.7288 0.0000e+00
     -0.138     -0.015     5.1993     60.307     36.086  34.449762     4.0276      7.270   211.8841 6.0797e+02     1.9363     -0.136     -0.198    22.7288 0.0000e+00
     -0.140     -0.013     5.1611     59.863     36.086  34.449241     4.0276      7.270   212.1928 6.0620e+02     1.9221     -0.138     -0.201    22.7288 0.0000e+00
     -0.140     -0.011     5.1251     59.445     36.061  34.425615     4.0560      7.269   212.4636 6.0522e+02     1.9201     -0.137     -0.198    22.7285 0.0000e+00
     -0.142     -0.009     5.0908     59.048     36.054  34.418165     4.1133      7.269   212.6637 6.0568e+02     1.9419     -0.138     -0.200    22.7279 0.0000e+00
     -0.145     -0.008     5.0561     58.644     36.059  34.422689     4.1414      7.269   212.8922 6.0550e+02     1.9725     -0.143     -0.207    22.7272 0.0000e+00
     -0.148     -0.007     5.0223     58.251     36.053  34.416792     4.1390      7.268   213.2469 6.0493e+02     1.9539     -0.145     -0.210    22.7269 0.0000e+00
     -0.150     -0.004     4.9930     57.911     36.046  34.410384     4.1570      7.264   213.5975 6.0476e+02     1.9306     -0.146     -0.212    22.7266 0.0000e+00
     -0.153     -0.001     4.9678     57.619     36.045  34.408726     4.1940      7.260   213.8618 6.0457e+02     1.9653     -0.150     -0.218    22.7261 0.0000e+00
     -0.153      0.001     4.9452     57.357     36.033  34.396752     4.2098      7.256   214.1192 6.0442e+02     1.9767     -0.152     -0.221    22.7258 0.0000e+00
     -0.150      0.001     4.9251     57.124     36.029  34.392644     4.2007      7.254   214.3006 6.0508e+02     1.9463     -0.147     -0.213    22.7254 0.0000e+00
     -0.145     -0.001     4.9060     56.902     36.060  34.422565     4.1492      7.252   214.4202 6.0628e+02     1.9341     -0.141     -0.203    22.7251 0.0000e+00
     -0.143     -0.004     4.8887     56.701     36.079  34.440938     4.0560      7.252   214.6182 6.0698e+02     1.9211     -0.139     -0.202    22.7249 0.0000e+00
     -0.146     -0.008     4.8726     56.513     36.062  34.424240     4.0110      7.252   214.8886 6.0727e+02     1.9113     -0.143     -0.207    22.7245 0.0000e+00
     -0.153     -0.011     4.8550     56.307     36.049  34.411225     4.0183      7.251   215.1085 6.0727e+02     1.9369     -0.150     -0.218    22.7241 0.0000e+00
     -0.159     -0.012     4.8360     56.087     36.049  34.410610     4.0248      7.248   215.2977 6.0681e+02     1.9870     -0.157     -0.227    22.7241 0.0000e+00
     -0.163     -0.009     4.8166     55.862     36.056  34.416802     4.0250      7.245   215.5416 6.0711e+02     1.9981     -0.162     -0.234    22.7239 0.0000e+00
     -0.165     -0.001     4.7994     55.661     36.062  34.422576     4.0213      7.241   215.8201 6.0844e+02     1.9492     -0.164     -0.238    22.7231 0.0000e+00
     -0.164      0.010     4.7889     55.540     36.055  34.416905     4.0251      7.237   216.0839 6.0881e+02     1.9147     -0.160     -0.232    22.7225 0.0000e+00
     -0.163      0.020     4.7897     55.549     36.050  34.411746     4.0343      7.232   216.3228 6.0732e+02     1.9172     -0.161     -0.233    22.7223 0.0000e+00
     -0.158      0.025     4.8027     55.700     36.063  34.423720     4.0597      7.227   216.4711 6.0570e+02     1.9789     -0.160     -0.232    22.7218 0.0000e+00
     -0.145      0.024     4.8259     55.969     36.074  34.434644     4.1115      7.225   216.5856 6.0605e+02     2.0808     -0.143     -0.208    22.7213 0.0000e+00
     -0.130      0.018     4.8555     56.314     36.054  34.416791     4.1456      7.227   216.8480 6.0645e+02     2.1118     -0.125     -0.181    22.7217 0.0000e+00
     -0.121      0.008     4.8885     56.698     36.034  34.398417     4.1416      7.229   217.2343 6.0548e+02     2.1091     -0.115     -0.167    22.7218 0.0000e+00
     -0.123     -0.006     4.9231     57.100     36.039  34.403041     4.0910      7.230   217.5569 6.0575e+02     2.0788     -0.116     -0.168    22.7211 0.0000e+00
     -0.133     -0.019     4.9571     57.495     36.045  34.409183     4.0023      7.231   217.6513 6.0765e+02     1.9898     -0.130     -0.188    22.7214 0.0000e+00
     -0.143     -0.027     4.9849     57.817     36.045  34.409164     3.9415      7.231   217.6870 6.0887e+02     1.9485     -0.141     -0.206    22.7232 0.0000e+00
     -0.153     -0.027     5.0022     58.017     36.039  34.402812     3.9354      7.230   217.9016 6.0969e+02     1.9446     -0.148     -0.214    22.7245 0.0000e+00
     -0.164     -0.018     5.0112     58.121     36.032  34.395897     3.9842      7.227   218.1817 6.1127e+02     1.9732     -0.162     -0.234    22.7251 0.0000e+00
     -0.171     -0.005     5.0130     58.142     36.025  34.389073     4.0527      7.225   218.4072 6.1217e+02     2.0510     -0.173     -0.251    22.7255 0.0000e+00
     -0.171      0.006     5.0060     58.059     36.020  34.383818     4.0745      7.224   218.6488 6.1122e+02     2.0911     -0.171     -0.248    22.7252 0.0000e+00
     -0.161      0.013     4.9940     57.920     36.033  34.395888     4.0734      7.225   218.9512 6.1012e+02     2.0927     -0.159     -0.230    22.7248 0.0000e+00
     -0.150      0.016     4.9852     57.818     36.046  34.407966     4.1490      7.225   219.1383 6.1032e+02     2.0703     -0.145     -0.210    22.7247 0.0000e+00
     -0.142      0.013     4.9811     57.770     36.040  34.402817     4.2811      7.225   219.1042 6.1065e+02     2.0335     -0.136     -0.197    22.7244 0.0000e+00
     -0.139      0.005     4.9803     57.762     36.034  34.397147     4.3384      7.225   219.0557 6.1047e+02     2.0142     -0.135     -0.196    22.7231 0.0000e+00
     -0.141     -0.003     4.9846     57.811     36.041  34.402931     4.3189      7.226   219.0679 6.1058e+02     1.9898     -0.138     -0.200    22.7222 0.0000e+00
     -0.146     -0.007     4.9923     57.901     36.048  34.409226     4.2191      7.228   219.2519 6.1142e+02     1.9827     -0.142     -0.205    22.7222 0.0000e+00
     -0.154     -0.007     4.9980     57.966     36.048  34.409746     4.0511      7.228   219.6450 6.1246e+02     1.9894     -0.152     -0.220    22.7225 0.0000e+00
     -0.159     -0.002     4.9960     57.944     36.047  34.409216     3.9599      7.228   219.8635 6.1321e+02     1.9488     -0.159     -0.230    22.7231 0.0000e+00
     -0.157      0.005     4.9848     57.814     36.041  34.402818     3.9531      7.227   219.9148 6.1350e+02     1.8882     -0.156     -0.226    22.7230 0.0000e+00
     -0.152      0.014     4.9645     57.579     36.034  34.395908     3.9586      7.227   220.0928 6.1294e+02     1.8663     -0.150     -0.217    22.7225 0.0000e+00
     -0.146      0.024     4.9405     57.299     36.027  34.389188     4.0264      7.227   220.2952 6.1187e+02     1.9287     -0.143     -0.208    22.7224 0.0000e+00
     -0.139      0.032     4.9205     57.068     36.023  34.385089     4.1479      7.226   220.3836 6.1206e+02     2.0625     -0.138     -0.198    22.7223 0.0000e+00
     -0.131      0.040     4.9040     56.876     36.049  34.409862     4.2063      7.224   220.4731 6.1428e+02     2.1716     -0.131     -0.190    22.7222 0.0000e+00
     -0.120      0.048     4.8894     56.706     36.075  34.434645     4.1992      7.219   220.6026 6.1634e+02     2.2105     -0.118     -0.171    22.7218 0.0000e+00
     -0.106      0.054     4.8793     56.590     36.070  34.430650     4.2452      7.213   220.6582 6.1629e+02     2.1971     -0.103     -0.149    22.7217 0.0000e+00
     -0.093      0.056     4.8777     56.570     36.065  34.425086     4.3678      7.209   220.7156 6.1608e+02     2.1628     -0.093     -0.135    22.7219 0.0000e+00
     -0.075      0.054     4.8861     56.668     36.070  34.430889     4.4496      7.209   220.9524 6.1560e+02     2.1623     -0.076     -0.111    22.7216 0.0000e+00
     -0.055      0.053     4.9218     57.084     36.075  34.437289     4.4630      7.210   221.2846 6.1172e+02     2.1907     -0.051     -0.075    22.7218 0.0000e+00
     -0.040      0.053     5.0372     58.429     36.074  34.438963     4.5030      7.209   221.3775 6.0577e+02     2.2006     -0.035     -0.050    22.7219 0.0000e+00
     -0.035      0.054     5.2777     61.224     36.083  34.451136     4.5926      7.204   221.2148 5.9936e+02     2.2211     -0.034     -0.048    22.7212 0.0000e+00
     -0.030      0.055     5.6346     65.369     36.086  34.457431     4.6546      7.200   221.2098 5.8164e+02     2.2549     -0.034     -0.050    22.7213 0.0000e+00
     -0.015      0.053     6.0505     70.197     36.078  34.451562     4.6734      7.200   221.3165 5.4272e+02     2.2736     -0.018     -0.027    22.7235 0.0000e+00
      0.008      0.052     6.4562     74.906     36.069  34.443698     4.7472      7.202   221.3008 4.9473e+02     2.2644      0.010      0.014    22.7286 0.0000e+00
      0.029      0.052     6.8075     78.983     36.050  34.425864     4.8758      7.205   221.1924 4.6238e+02     2.2047      0.033      0.047    22.7338 0.0000e+00
      0.041      0.052     7.0824     82.173     36.051  34.426489     4.9420      7.209   221.0385 4.5458e+02     2.1625      0.043      0.061    22.7377 0.0000e+00
      0.046      0.052     7.2682     84.328     36.077  34.451251     4.9500      7.210   220.9886 4.5508e+02     2.1508      0.044      0.063    22.7409 0.0000e+00
      0.052      0.055     7.3640     85.438     36.098  34.471185     4.9626      7.210   221.1056 4.5086e+02     2.1546      0.049      0.070    22.7419 0.0000e+00
      0.064      0.061     7.3822     85.648     36.104  34.476950     4.9658      7.209   221.1620 4.4016e+02     2.2081      0.060      0.088    22.7419 0.0000e+00
      0.083      0.069     7.3480     85.250     36.084  34.457436     4.9527      7.210   221.0680 4.2336e+02     2.2488      0.081      0.117    22.7422 0.0000e+00
      0.107      0.077     7.2911     84.588     36.052  34.425801     4.9419      7.210   221.0878 4.0500e+02     2.2493      0.104      0.152    22.7422 0.0000e+00
      0.132      0.082     7.2308     83.888     36.038  34.412048     4.9450      7.209   221.2299 3.8863e+02     2.2453      0.130      0.190    22.7417 0.0000e+00
