Data/DataNotYetUploadedToEDI/Raw_CTD/RawDownloads/091718_fcr20.cnv
* Sea-Bird SBE19plus  Data File:
* FileName = C:\DATA\20180917_fcr_0002.hex
* Software version 2.6.3.104 SB_Terminal.dll
* Temperature SN = 7809
* Conductivity SN = 7809
* System UpLoad Time = Sep 17 2018 17:51:31
* <ApplicationData>
* <Seaterm232>
# nquan = 15
# nvalues = 446                         
# units = specified
# name 0 = depFM: Depth [fresh water, m]
# name 1 = dz/dtM: Descent Rate [m/s]
# name 2 = sbeox0Mg/L: Oxygen, SBE 43 [mg/l]
# name 3 = sbeox0PS: Oxygen, SBE 43 [% saturation]
# name 4 = specc: Specific Conductance [uS/cm]
# name 5 = c0uS/cm: Conductivity [uS/cm]
# name 6 = flECO-AFL: Fluorescence, WET Labs ECO-AFL/FL [mg/m^3]
# name 7 = ph: pH
# name 8 = orp: Oxidation Reduction Potential [mV]
# name 9 = par/sat/log: PAR/Logarithmic, Satlantic
# name 10 = turbWETntu0: Turbidity, WET Labs ECO [NTU]
# name 11 = prdM: Pressure, Strain Gauge [db]
# name 12 = prdE: Pressure, Strain Gauge [psi]
# name 13 = tv290C: Temperature [ITS-90, deg C]
# name 14 = flag:  0.000e+00
# span 0 =     -0.601,      2.733       
# span 1 =     -0.185,      0.246       
# span 2 =     4.8842,     8.1505       
# span 3 =     56.394,     94.299       
# span 4 =      2.235,     35.957       
# span 5 =   2.097787,  34.252883       
# span 6 =    -0.1901,     5.6323       
# span 7 =      6.682,      7.968       
# span 8 =   216.6608,   296.0439       
# span 9 = 3.4507e+00, 1.1637e+02       
# span 10 =    -0.2535,    12.9510      
# span 11 =     -0.589,      2.681      
# span 12 =     -0.856,      3.889      
# span 13 =    21.5067,    22.6300      
# span 14 = 0.0000e+00, 0.0000e+00      
# interval = seconds: 0.25
# start_time = Sep 17 2018 15:06:31 [Instrument's time stamp, header]
# bad_flag = -9.990e-29
*END*
[from data line 290]
      0.400      0.081     6.8210     78.969     35.914  34.214748     4.7984      7.143   268.1089 5.1831e+01     2.3170      0.394      0.573    22.6267 0.0000e+00
      0.423      0.076     6.8288     79.059     35.921  34.221156     4.7954      7.145   268.4997 5.0853e+01     2.3260      0.418      0.607    22.6252 0.0000e+00
      0.437      0.073     6.8393     79.182     35.927  34.226941     4.7242      7.146   268.9733 5.0388e+01     2.3257      0.432      0.625    22.6264 0.0000e+00
      0.446      0.072     6.8487     79.290     35.920  34.221169     4.5993      7.146   269.4469 4.9698e+01     2.2827      0.436      0.633    22.6284 0.0000e+00
      0.460      0.074     6.8586     79.405     35.913  34.214884     4.5348      7.143   269.7529 4.8429e+01     2.2646      0.448      0.649    22.6293 0.0000e+00
      0.480      0.077     6.8697     79.534     35.913  34.214467     4.5421      7.138   269.8332 4.6811e+01     2.2897      0.470      0.681    22.6296 0.0000e+00
      0.506      0.076     6.8794     79.646     35.915  34.216123     4.5414      7.138   269.8151 4.5005e+01     2.2817      0.494      0.718    22.6293 0.0000e+00
      0.534      0.071     6.8875     79.740     35.935  34.234912     4.4885      7.140   269.9642 4.3388e+01     2.2282      0.525      0.761    22.6290 0.0000e+00
      0.558      0.066     6.8948     79.824     35.952  34.251079     4.4172      7.140   270.5175 4.2538e+01     2.1612      0.551      0.800    22.6289 0.0000e+00
      0.570      0.067     6.8991     79.872     35.921  34.221044     4.3959      7.136   271.4286 4.2443e+01     2.1132      0.563      0.817    22.6293 0.0000e+00
      0.572      0.079     6.9007     79.891     35.888  34.189353     4.4056      7.128   272.2906 4.2470e+01     2.1051      0.561      0.814    22.6294 0.0000e+00
      0.576      0.101     6.9011     79.895     35.884  34.185491     4.4343      7.121   272.5074 4.1629e+01     2.2157      0.557      0.808    22.6292 0.0000e+00
      0.597      0.126     6.8978     79.854     35.874  34.174349     4.4858      7.118   272.2432 3.9361e+01     2.4123      0.575      0.835    22.6292 0.0000e+00
      0.642      0.143     6.8899     79.758     35.884  34.181674     4.5132      7.118   272.0222 3.6202e+01     2.4998      0.622      0.903    22.6288 0.0000e+00
      0.705      0.143     6.8786     79.623     35.916  34.210534     4.5262      7.121   271.8141 3.2910e+01     2.4799      0.688      0.999    22.6286 0.0000e+00
      0.768      0.125     6.8678     79.497     35.911  34.205695     4.5697      7.125   271.7052 3.0553e+01     2.3846      0.764      1.107    22.6291 0.0000e+00
      0.808      0.095     6.8611     79.422     35.890  34.186687     4.6252      7.127   271.9107 3.0037e+01     2.2327      0.807      1.169    22.6277 0.0000e+00
      0.814      0.062     6.8583     79.392     35.872  34.171267     4.6554      7.128   272.1479 3.0748e+01     2.1691      0.805      1.167    22.6226 0.0000e+00
      0.801      0.034     6.8586     79.396     35.846  34.146285     4.6591      7.128   272.1649 3.1575e+01     2.1656      0.785      1.138    22.6186 0.0000e+00
      0.789      0.019     6.8587     79.395     35.840  34.138703     4.5967      7.128   272.1159 3.1823e+01     2.1900      0.769      1.113    22.6194 0.0000e+00
      0.791      0.018     6.8562     79.363     35.845  34.143113     4.4798      7.131   272.1566 3.1317e+01     2.2507      0.769      1.117    22.6221 0.0000e+00
      0.806      0.030     6.8536     79.330     35.839  34.136083     4.4132      7.133   272.3995 3.0547e+01     2.2589      0.789      1.145    22.6239 0.0000e+00
      0.823      0.048     6.8533     79.324     35.821  34.117228     4.3971      7.133   272.8157 3.0067e+01     2.2580      0.811      1.176    22.6242 0.0000e+00
      0.835      0.065     6.8544     79.334     35.811  34.105678     4.4041      7.132   273.1442 2.9796e+01     2.3323      0.820      1.190    22.6225 0.0000e+00
      0.845      0.075     6.8569     79.359     35.831  34.123473     4.4431      7.129   273.2742 2.9237e+01     2.4244      0.826      1.197    22.6202 0.0000e+00
      0.864      0.077     6.8622     79.419     35.851  34.141833     4.4647      7.127   273.2696 2.8212e+01     2.4869      0.843      1.223    22.6184 0.0000e+00
      0.893      0.075     6.8675     79.479     35.847  34.137110     4.4550      7.127   273.1751 2.6997e+01     2.5077      0.874      1.268    22.6168 0.0000e+00
      0.923      0.072     6.8687     79.492     35.839  34.129880     4.4535      7.130   273.1640 2.6112e+01     2.4316      0.909      1.319    22.6148 0.0000e+00
      0.944      0.070     6.8660     79.461     35.827  34.117925     4.4646      7.131   273.3068 2.5865e+01     2.3301      0.933      1.354    22.6124 0.0000e+00
      0.952      0.068     6.8614     79.408     35.828  34.119601     4.4696      7.130   273.5250 2.5893e+01     2.2874      0.936      1.358    22.6108 0.0000e+00
      0.957      0.067     6.8567     79.355     35.859  34.150148     4.4682      7.126   273.8238 2.5644e+01     2.2808      0.936      1.357    22.6099 0.0000e+00
      0.970      0.069     6.8538     79.325     35.878  34.169675     4.4666      7.121   274.0793 2.4994e+01     2.2815      0.948      1.375    22.6097 0.0000e+00
      0.994      0.072     6.8533     79.322     35.872  34.165151     4.4590      7.118   274.0334 2.4154e+01     2.2658      0.973      1.410    22.6098 0.0000e+00
      1.022      0.072     6.8550     79.346     35.865  34.158969     4.4600      7.117   273.8716 2.3372e+01     2.2740      1.002      1.454    22.6098 0.0000e+00
      1.049      0.065     6.8598     79.402     35.864  34.158459     4.4688      7.118   273.8443 2.2713e+01     2.2893      1.029      1.493    22.6103 0.0000e+00
      1.069      0.050     6.8658     79.472     35.864  34.158981     4.4643      7.121   273.8752 2.2329e+01     2.2677      1.053      1.527    22.6127 0.0000e+00
      1.078      0.032     6.8707     79.527     35.871  34.165277     4.4605      7.124   273.9865 2.2352e+01     2.2261      1.062      1.541    22.6154 0.0000e+00
      1.077      0.016     6.8735     79.558     35.877  34.171061     4.4686      7.126   274.0714 2.2529e+01     2.1825      1.056      1.533    22.6172 0.0000e+00
      1.072      0.005     6.8739     79.563     35.870  34.165392     4.4708      7.128   274.0409 2.2703e+01     2.1676      1.051      1.523    22.6184 0.0000e+00
      1.067     -0.001     6.8730     79.553     35.865  34.160252     4.4590      7.129   274.0485 2.2823e+01     2.1679      1.045      1.516    22.6185 0.0000e+00
      1.067     -0.003     6.8704     79.523     35.878  34.172433     4.4644      7.130   274.1635 2.2758e+01     2.1555      1.045      1.515    22.6178 0.0000e+00
      1.071     -0.006     6.8662     79.474     35.892  34.185647     4.4990      7.132   274.2270 2.2636e+01     2.1409      1.051      1.523    22.6170 0.0000e+00
      1.074     -0.009     6.8630     79.436     35.901  34.192992     4.5290      7.134   274.2133 2.2626e+01     2.1437      1.054      1.529    22.6173 0.0000e+00
      1.073     -0.011     6.8620     79.424     35.906  34.197716     4.5408      7.134   274.3418 2.2810e+01     2.1590      1.054      1.529    22.6175 0.0000e+00
      1.066     -0.011     6.8626     79.432     35.886  34.179247     4.6054      7.134   274.4899 2.3207e+01     2.1725      1.049      1.521    22.6175 0.0000e+00
      1.055     -0.008     6.8640     79.449     35.866  34.160241     4.7409      7.133   274.4557 2.3504e+01     2.1846      1.032      1.498    22.6172 0.0000e+00
      1.049      0.000     6.8661     79.474     35.864  34.158461     4.8274      7.132   274.5307 2.3454e+01     2.1834      1.025      1.485    22.6166 0.0000e+00
      1.052      0.014     6.8669     79.483     35.863  34.157732     4.8421      7.128   274.8803 2.3246e+01     2.1584      1.031      1.495    22.6166 0.0000e+00
      1.058      0.032     6.8615     79.421     35.856  34.151417     4.8184      7.121   275.2418 2.3059e+01     2.1877      1.038      1.506    22.6168 0.0000e+00
      1.067      0.053     6.8498     79.282     35.851  34.145632     4.7614      7.115   275.3730 2.2776e+01     2.2631      1.045      1.515    22.6170 0.0000e+00
      1.082      0.073     6.8357     79.117     35.858  34.151292     4.7234      7.112   275.3489 2.2289e+01     2.2759      1.058      1.535    22.6173 0.0000e+00
      1.104      0.089     6.8245     78.986     35.864  34.156337     4.7169      7.109   275.6384 2.1638e+01     2.2814      1.081      1.567    22.6179 0.0000e+00
      1.133      0.106     6.8200     78.932     35.851  34.143113     4.7190      7.104   276.3779 2.0873e+01     2.2991      1.110      1.609    22.6179 0.0000e+00
      1.165      0.126     6.8206     78.938     35.826  34.118436     4.6855      7.098   276.9772 2.0069e+01     2.2763      1.142      1.657    22.6163 0.0000e+00
      1.196      0.146     6.8250     78.987     35.820  34.112027     4.6149      7.093   277.0341 1.9305e+01     2.2499      1.174      1.703    22.6142 0.0000e+00
      1.229      0.161     6.8319     79.065     35.839  34.129141     4.5819      7.091   276.8080 1.8464e+01     2.2546      1.202      1.743    22.6133 0.0000e+00
      1.272      0.163     6.8369     79.122     35.845  34.134801     4.5891      7.094   276.5667 1.7299e+01     2.2720      1.240      1.798    22.6127 0.0000e+00
      1.329      0.146     6.8381     79.136     35.827  34.116947     4.6377      7.099   276.3536 1.6025e+01     2.2472      1.303      1.889    22.6113 0.0000e+00
      1.388      0.115     6.8355     79.105     35.813  34.103827     4.7289      7.103   276.2960 1.5153e+01     2.1682      1.368      1.984    22.6100 0.0000e+00
      1.428      0.077     6.8300     79.042     35.813  34.103203     4.7815      7.106   276.4720 1.4897e+01     2.1406      1.412      2.048    22.6092 0.0000e+00
      1.437      0.042     6.8241     78.974     35.819  34.109394     4.7773      7.106   276.9329 1.5280e+01     2.1881      1.423      2.063    22.6085 0.0000e+00
      1.416      0.020     6.8190     78.915     35.825  34.115169     4.7431      7.103   277.3952 1.5981e+01     2.1940      1.391      2.016    22.6081 0.0000e+00
      1.389      0.017     6.8176     78.899     35.819  34.109502     4.6990      7.100   277.4157 1.6387e+01     2.1504      1.353      1.963    22.6083 0.0000e+00
      1.379      0.031     6.8204     78.929     35.814  34.104400     4.6755      7.098   277.1797 1.6156e+01     2.1185      1.342      1.947    22.6084 0.0000e+00
      1.397      0.054     6.8260     78.993     35.828  34.116999     4.6710      7.098   276.9517 1.5407e+01     2.1137      1.363      1.977    22.6086 0.0000e+00
      1.436      0.076     6.8338     79.083     35.847  34.134795     4.7269      7.100   276.8088 1.4566e+01     2.1234      1.410      2.045    22.6088 0.0000e+00
      1.477      0.089     6.8393     79.147     35.841  34.129016     4.8545      7.103   276.8294 1.3961e+01     2.1439      1.454      2.108    22.6085 0.0000e+00
      1.505      0.090     6.8426     79.184     35.822  34.110644     4.9371      7.104   277.0288 1.3651e+01     2.1780      1.481      2.148    22.6072 0.0000e+00
      1.520      0.084     6.8477     79.244     35.814  34.103204     4.9450      7.103   277.3272 1.3517e+01     2.2000      1.493      2.166    22.6062 0.0000e+00
      1.528      0.078     6.8539     79.316     35.813  34.102579     4.8942      7.100   277.5116 1.3354e+01     2.1962      1.495      2.169    22.6061 0.0000e+00
      1.540      0.076     6.8588     79.372     35.814  34.103089     4.7918      7.099   277.5370 1.3039e+01     2.1935      1.506      2.185    22.6062 0.0000e+00
      1.562      0.076     6.8618     79.405     35.821  34.109374     4.7267      7.100   277.4627 1.2587e+01     2.1990      1.529      2.217    22.6064 0.0000e+00
      1.590      0.079     6.8644     79.432     35.828  34.115044     4.7135      7.102   277.3881 1.2146e+01     2.1706      1.559      2.261    22.6067 0.0000e+00
      1.617      0.080     6.8687     79.481     35.822  34.108124     4.7149      7.105   277.4093 1.1844e+01     2.1246      1.590      2.305    22.6068 0.0000e+00
      1.637      0.080     6.8741     79.542     35.802  34.089231     4.7901      7.107   277.4611 1.1639e+01     2.1306      1.609      2.332    22.6067 0.0000e+00
      1.651      0.078     6.8765     79.570     35.789  34.077162     4.9335      7.107   277.5837 1.1449e+01     2.1819      1.619      2.348    22.6052 0.0000e+00
      1.666      0.078     6.8749     79.551     35.803  34.089231     5.0061      7.105   277.7738 1.1220e+01     2.1957      1.632      2.367    22.6029 0.0000e+00
      1.684      0.079     6.8709     79.505     35.823  34.108126     5.0055      7.103   277.8667 1.0936e+01     2.1748      1.650      2.393    22.6021 0.0000e+00
      1.707      0.080     6.8648     79.433     35.831  34.115055     5.0273      7.101   277.8462 1.0609e+01     2.1733      1.671      2.424    22.6022 0.0000e+00
      1.733      0.077     6.8573     79.345     35.826  34.109489     5.0676      7.101   277.7836 1.0298e+01     2.1783      1.700      2.465    22.6022 0.0000e+00
      1.758      0.069     6.8510     79.271     35.821  34.104348     5.0883      7.101   277.7124 1.0065e+01     2.1746      1.727      2.505    22.6022 0.0000e+00
      1.777      0.058     6.8483     79.240     35.833  34.116417     5.0844      7.103   277.6742 9.9205e+00     2.1590      1.746      2.532    22.6016 0.0000e+00
      1.787      0.047     6.8498     79.256     35.846  34.128382     5.0752      7.107   277.7511 9.8606e+00     2.1419      1.756      2.546    22.6005 0.0000e+00
      1.792      0.041     6.8559     79.327     35.839  34.121972     5.0790      7.110   277.9539 9.8378e+00     2.1207      1.758      2.550    22.5995 0.0000e+00
      1.795      0.042     6.8654     79.437     35.819  34.102433     5.0847      7.110   278.2334 9.7849e+00     2.1166      1.759      2.552    22.5987 0.0000e+00
      1.801      0.052     6.8734     79.529     35.799  34.082696     5.0891      7.108   278.6351 9.6813e+00     2.1535      1.764      2.559    22.5984 0.0000e+00
      1.814      0.068     6.8766     79.563     35.791  34.073874     5.1410      7.103   279.0256 9.4937e+00     2.2007      1.775      2.575    22.5987 0.0000e+00
      1.834      0.085     6.8742     79.528     35.779  34.059287     5.2250      7.098   279.2546 9.1918e+00     2.2590      1.797      2.606    22.5989 0.0000e+00
      1.862      0.100     6.8673     79.436     35.757  34.033349     5.2591      7.095   279.4248 8.8324e+00     2.3090      1.826      2.648    22.5992 0.0000e+00
      1.894      0.109     6.8578     79.316     35.743  34.014329     5.2685      7.093   279.4489 8.4708e+00     2.3168      1.858      2.694    22.5990 0.0000e+00
      1.928      0.110     6.8483     79.197     35.753  34.019863     5.3667      7.093   279.2886 8.1331e+00     2.2924      1.892      2.744    22.5974 0.0000e+00
      1.960      0.105     6.8404     79.101     35.773  34.036738     5.5359      7.093   279.2927 7.8549e+00     2.2594      1.924      2.791    22.5931 0.0000e+00
      1.986      0.096     6.8357     79.045     35.764  34.027808     5.6229      7.094   279.4125 7.6596e+00     2.2531      1.951      2.829    22.5845 0.0000e+00
      2.007      0.086     6.8352     79.040     35.709  33.975404     5.6286      7.094   279.3600 7.5315e+00     2.2776      1.969      2.855    22.5761 0.0000e+00
      2.024      0.079     6.8397     79.088     35.643  33.911263     5.6323      7.095   279.3474 7.4123e+00     2.3109      1.985      2.879    22.5707 0.0000e+00
