Data/DataNotYetUploadedToEDI/Raw_CTD/RawDownloads/091718_fcr50.cnv
* Sea-Bird SBE19plus  Data File:
* FileName = C:\DATA\20180917_fcr_0005.hex
* Software version 2.6.3.104 SB_Terminal.dll
* Temperature SN = 7809
* Conductivity SN = 7809
* System UpLoad Time = Sep 17 2018 17:52:42
* <ApplicationData>
* <Seaterm232>
# nquan = 15
# nvalues = 1047                        
# units = specified
# name 0 = depFM: Depth [fresh water, m]
# name 1 = dz/dtM: Descent Rate [m/s]
# name 2 = sbeox0Mg/L: Oxygen, SBE 43 [mg/l]
# name 3 = sbeox0PS: Oxygen, SBE 43 [% saturation]
# name 4 = specc: Specific Conductance [uS/cm]
# name 5 = c0uS/cm: Conductivity [uS/cm]
# name 6 = flECO-AFL: Fluorescence, WET Labs ECO-AFL/FL [mg/m^3]
# name 7 = ph: pH
# name 8 = orp: Oxidation Reduction Potential [mV]
# name 9 = par/sat/log: PAR/Logarithmic, Satlantic
# name 10 = turbWETntu0: Turbidity, WET Labs ECO [NTU]
# name 11 = prdM: Pressure, Strain Gauge [db]
# name 12 = prdE: Pressure, Strain Gauge [psi]
# name 13 = tv290C: Temperature [ITS-90, deg C]
# name 14 = flag:  0.000e+00
# span 0 =     -0.604,      9.197       
# span 1 =      0.000,      0.121       
# span 2 =    -0.0456,     8.3309       
# span 3 =     -0.506,     96.937       
# span 4 =      0.435,     97.196       
# span 5 =   0.429606,  74.539577       
# span 6 =    -0.1946,    10.3278       
# span 7 =      6.246,      7.871       
# span 8 =  -273.8297,   679.3751       
# span 9 = 1.2534e-01, 3.3319e+02       
# span 10 =    -0.2711,    67.4917      
# span 11 =     -0.592,      9.019      
# span 12 =     -0.859,     13.082      
# span 13 =    12.8708,    24.4031      
# span 14 = 0.0000e+00, 0.0000e+00      
# interval = seconds: 0.25
# start_time = Sep 17 2018 17:52:17 [Instrument's time stamp, header]
# bad_flag = -9.990e-29
*END*
[from data line 868]
      7.044      0.024     0.0741      0.717     86.532  67.188059     3.0106      6.321   138.2883 1.2553e-01     1.2767      6.909     10.021    13.8139 0.0000e+00
      7.048      0.025     0.0759      0.733     86.985  67.528534     3.0020      6.322   137.8588 1.2546e-01     1.2790      6.912     10.025    13.8119 0.0000e+00
      7.052      0.029     0.0765      0.739     87.434  67.860614     2.9798      6.324   137.2947 1.2546e-01     1.2754      6.916     10.029    13.8135 0.0000e+00
      7.060      0.034     0.0758      0.733     87.744  68.085584     2.9636      6.324   136.7161 1.2548e-01     1.2945      6.923     10.040    13.8210 0.0000e+00
      7.070      0.041     0.0752      0.727     87.847  68.148974     2.9709      6.325   136.3687 1.2550e-01     1.2961      6.933     10.056    13.8227 0.0000e+00
      7.081      0.050     0.0746      0.720     87.828  68.118025     2.9857      6.326   136.1917 1.2556e-01     1.2640      6.944     10.071    13.8132 0.0000e+00
      7.095      0.056     0.0749      0.723     87.810  68.093115     2.9864      6.327   135.6955 1.2565e-01     1.2420      6.956     10.088    13.8026 0.0000e+00
      7.111      0.058     0.0770      0.744     87.825  68.102280     3.0069      6.329   135.0141 1.2565e-01     1.1828      6.971     10.111    13.7953 0.0000e+00
      7.130      0.058     0.0783      0.756     87.824  68.101587     3.0683      6.330   134.6644 1.2560e-01     1.0664      6.992     10.141    13.7860 0.0000e+00
      7.148      0.055     0.0762      0.735     87.804  68.084733     3.1129      6.331   134.2211 1.2558e-01     1.0252      7.012     10.170    13.7740 0.0000e+00
      7.162      0.049     0.0736      0.710     87.822  68.089382     3.1145      6.333   133.5258 1.2559e-01     1.0515      7.025     10.189    13.7678 0.0000e+00
      7.173      0.042     0.0730      0.704     87.849  68.094157     3.0962      6.335   133.2270 1.2559e-01     1.0481      7.034     10.202    13.7680 0.0000e+00
      7.181      0.036     0.0736      0.709     87.854  68.078822     3.0759      6.337   133.1038 1.2550e-01     1.0146      7.043     10.215    13.7692 0.0000e+00
      7.187      0.033     0.0746      0.719     87.901  68.094819     3.0708      6.338   132.4658 1.2542e-01     1.0128      7.050     10.224    13.7693 0.0000e+00
      7.193      0.033     0.0754      0.727     88.014  68.160301     3.0712      6.340   131.5362 1.2544e-01     1.0577      7.053     10.230    13.7642 0.0000e+00
      7.201      0.034     0.0754      0.727     88.136  68.234268     3.0632      6.342   130.9839 1.2549e-01     1.0987      7.060     10.240    13.7535 0.0000e+00
      7.211      0.034     0.0755      0.728     88.227  68.289235     3.0565      6.344   130.6916 1.2555e-01     1.1742      7.071     10.255    13.7418 0.0000e+00
      7.224      0.034     0.0755      0.728     88.272  68.315871     3.0545      6.345   130.1533 1.2557e-01     1.2684      7.084     10.275    13.7309 0.0000e+00
      7.234      0.032     0.0747      0.720     88.252  68.301802     3.0570      6.346   129.4666 1.2554e-01     1.2906      7.096     10.292    13.7185 0.0000e+00
      7.241      0.029     0.0746      0.719     88.165  68.246388     3.0680      6.347   128.9279 1.2551e-01     1.2595      7.102     10.301    13.7050 0.0000e+00
      7.246      0.025     0.0749      0.723     88.103  68.218517     3.0873      6.349   128.5437 1.2550e-01     1.2288      7.106     10.307    13.6959 0.0000e+00
      7.251      0.022     0.0746      0.720     88.079  68.219344     3.1060      6.350   128.0908 1.2555e-01     1.2240      7.111     10.314    13.6915 0.0000e+00
      7.256      0.022     0.0751      0.724     87.953  68.129157     3.1190      6.351   127.5812 1.2553e-01     1.2629      7.116     10.321    13.6911 0.0000e+00
      7.261      0.025     0.0761      0.734     87.660  67.891606     3.1433      6.352   127.2002 1.2547e-01     1.3025      7.119     10.327    13.6989 0.0000e+00
      7.266      0.031     0.0772      0.744     87.289  67.574016     3.1803      6.353   127.0982 1.2548e-01     1.3060      7.125     10.334    13.7126 0.0000e+00
      7.272      0.039     0.0783      0.754     87.040  67.343157     3.1985      6.353   127.1228 1.2555e-01     1.2743      7.130     10.342    13.7249 0.0000e+00
      7.282      0.045     0.0776      0.748     86.979  67.263500     3.1980      6.354   126.8083 1.2560e-01     1.2243      7.139     10.353    13.7312 0.0000e+00
      7.297      0.050     0.0764      0.736     86.985  67.247094     3.2474      6.356   126.3935 1.2562e-01     1.1601      7.155     10.377    13.7262 0.0000e+00
      7.316      0.052     0.0756      0.728     87.033  67.272009     3.3543      6.357   126.1523 1.2555e-01     1.0773      7.175     10.407    13.7059 0.0000e+00
      7.333      0.052     0.0736      0.709     87.175  67.373859     3.4248      6.359   125.7845 1.2539e-01     1.0472      7.193     10.431    13.6801 0.0000e+00
      7.344      0.053     0.0741      0.713     87.627  67.715060     3.4378      6.361   125.3017 1.2534e-01     1.0707      7.203     10.446    13.6608 0.0000e+00
      7.353      0.055     0.0767      0.738     88.702  68.534305     3.4288      6.362   124.8746 1.2544e-01     1.0877      7.210     10.458    13.6494 0.0000e+00
      7.362      0.059     0.0766      0.737     90.074  69.580384     3.3628      6.362   124.4931 1.2550e-01     1.1300      7.218     10.469    13.6428 0.0000e+00
      7.377      0.063     0.0747      0.718     90.872  70.182437     3.2457      6.361   124.1298 1.2556e-01     1.2155      7.231     10.488    13.6395 0.0000e+00
      7.397      0.064     0.0731      0.703     90.929  70.214163     3.1802      6.361   123.6660 1.2561e-01     1.2674      7.252     10.519    13.6360 0.0000e+00
      7.421      0.062     0.0717      0.690     91.029  70.282148     3.1692      6.362   123.1873 1.2558e-01     1.2694      7.278     10.556    13.6291 0.0000e+00
      7.442      0.059     0.0726      0.699     91.640  70.749880     3.1495      6.364   122.7294 1.2552e-01     1.2701      7.301     10.589    13.6209 0.0000e+00
      7.455      0.056     0.0744      0.717     92.508  71.415073     3.1255      6.366   122.1739 1.2549e-01     1.2756      7.313     10.607    13.6128 0.0000e+00
      7.461      0.053     0.0726      0.699     93.063  71.834095     3.1174      6.366   121.6322 1.2554e-01     1.2750      7.316     10.611    13.6050 0.0000e+00
      7.468      0.049     0.0719      0.692     93.045  71.807101     3.1162      6.365   121.0842 1.2560e-01     1.2623      7.320     10.617    13.5999 0.0000e+00
      7.482      0.046     0.0744      0.715     93.035  71.788711     3.1106      6.365   120.4526 1.2558e-01     1.2440      7.335     10.638    13.5986 0.0000e+00
      7.501      0.046     0.0752      0.724     93.228  71.929931     3.1140      6.367   119.8457 1.2550e-01     1.2374      7.359     10.673    13.5972 0.0000e+00
      7.516      0.044     0.0748      0.719     93.145  71.859976     3.1298      6.367   119.2533 1.2545e-01     1.2433      7.374     10.695    13.5921 0.0000e+00
      7.523      0.040     0.0745      0.717     92.860  71.642910     3.1364      6.367   118.6250 1.2549e-01     1.2551      7.377     10.700    13.5835 0.0000e+00
      7.530      0.033     0.0735      0.707     92.700  71.532727     3.1204      6.368   118.0999 1.2552e-01     1.1962      7.385     10.710    13.5775 0.0000e+00
      7.539      0.028     0.0722      0.695     92.705  71.545972     3.1017      6.369   117.7214 1.2552e-01     1.0809      7.395     10.725    13.5742 0.0000e+00
      7.545      0.027     0.0721      0.694     92.801  71.612153     3.1034      6.370   117.3188 1.2548e-01     1.0508      7.400     10.733    13.5687 0.0000e+00
      7.549      0.031     0.0727      0.700     92.851  71.632903     3.1131      6.371   116.8452 1.2548e-01     1.0764      7.403     10.737    13.5691 0.0000e+00
      7.554      0.039     0.0742      0.714     92.834  71.605929     3.1455      6.371   116.5554 1.2555e-01     1.1159      7.408     10.743    13.5807 0.0000e+00
      7.563      0.052     0.0762      0.732     92.757  71.540537     3.2102      6.370   116.3969 1.2551e-01     1.1927      7.415     10.754    13.5893 0.0000e+00
      7.577      0.068     0.0754      0.725     92.521  71.351340     3.2437      6.369   116.2189 1.2545e-01     1.2419      7.429     10.775    13.5827 0.0000e+00
      7.595      0.081     0.0738      0.710     92.304  71.163813     3.2377      6.369   115.9518 1.2551e-01     1.2226      7.447     10.801    13.5693 0.0000e+00
      7.619      0.089     0.0744      0.715     92.197  71.054962     3.2193      6.370   115.3173 1.2557e-01     1.1427      7.468     10.830    13.5611 0.0000e+00
      7.653      0.091     0.0748      0.718     91.886  70.798828     3.1870      6.372   114.4847 1.2557e-01     1.0697      7.504     10.885    13.5599 0.0000e+00
      7.686      0.087     0.0738      0.709     91.491  70.485021     3.1689      6.374   113.8008 1.2556e-01     1.0714      7.543     10.941    13.5596 0.0000e+00
      7.707      0.079     0.0721      0.693     91.291  70.315190     3.1746      6.376   113.1575 1.2558e-01     1.0728      7.561     10.966    13.5470 0.0000e+00
      7.719      0.069     0.0704      0.676     91.012  70.081695     3.1740      6.378   112.5575 1.2563e-01     1.0558      7.568     10.977    13.5277 0.0000e+00
      7.731      0.060     0.0693      0.665     90.620  69.761698     3.1521      6.380   112.2245 1.2564e-01     1.1407      7.582     10.996    13.5199 0.0000e+00
      7.744      0.058     0.0698      0.670     90.550  69.691344     3.1215      6.381   111.8840 1.2556e-01     1.3048      7.596     11.017    13.5194 0.0000e+00
      7.755      0.061     0.0713      0.684     90.796  69.867356     3.1080      6.383   111.2805 1.2549e-01     1.3927      7.604     11.029    13.5091 0.0000e+00
      7.769      0.065     0.0728      0.698     90.955  69.980888     3.1083      6.384   110.7775 1.2549e-01     1.4398      7.615     11.045    13.4969 0.0000e+00
      7.789      0.065     0.0739      0.709     90.960  69.982298     3.0785      6.385   110.5344 1.2552e-01     1.4471      7.636     11.075    13.4890 0.0000e+00
      7.814      0.061     0.0729      0.698     90.995  70.011664     3.0227      6.386   109.9766 1.2557e-01     1.3592      7.664     11.116    13.4787 0.0000e+00
      7.836      0.053     0.0721      0.691     91.083  70.081428     2.9949      6.387   109.0229 1.2564e-01     1.2924      7.689     11.153    13.4706 0.0000e+00
      7.847      0.043     0.0726      0.696     91.138  70.125845     2.9899      6.389   108.2949 1.2564e-01     1.2499      7.698     11.166    13.4652 0.0000e+00
      7.850      0.031     0.0731      0.701     91.193  70.166912     2.9999      6.391   107.7137 1.2561e-01     1.1511      7.697     11.164    13.4647 0.0000e+00
      7.853      0.023     0.0742      0.711     91.232  70.196179     3.0326      6.392   107.0720 1.2558e-01     1.0446      7.701     11.169    13.4673 0.0000e+00
      7.857      0.023     0.0752      0.721     91.349  70.288808     3.0544      6.394   106.5590 1.2555e-01     1.0296      7.706     11.176    13.4679 0.0000e+00
      7.858      0.030     0.0744      0.713     91.806  70.650546     3.0619      6.394   106.1571 1.2555e-01     1.0611      7.706     11.177    13.4698 0.0000e+00
      7.862      0.040     0.0731      0.701     92.582  71.260959     3.0947      6.395   105.7405 1.2555e-01     1.1197      7.707     11.179    13.4685 0.0000e+00
      7.874      0.049     0.0741      0.711     93.465  71.942094     3.1478      6.397   105.2210 1.2554e-01     1.2197      7.718     11.195    13.4671 0.0000e+00
      7.894      0.056     0.0748      0.717     93.991  72.331448     3.1716      6.398   104.6086 1.2554e-01     1.2627      7.742     11.229    13.4683 0.0000e+00
      7.916      0.059     0.0729      0.699     93.781  72.150278     3.1713      6.398   104.1868 1.2559e-01     1.2740      7.765     11.262    13.4736 0.0000e+00
      7.933      0.055     0.0708      0.679     93.319  71.788015     3.1438      6.399   103.9071 1.2566e-01     1.2947      7.779     11.283    13.4848 0.0000e+00
      7.948      0.046     0.0703      0.674     93.123  71.642392     3.0872      6.400   103.3769 1.2566e-01     1.2999      7.794     11.305    13.4871 0.0000e+00
      7.959      0.036     0.0708      0.679     93.147  71.662330     3.0564      6.400   102.7672 1.2561e-01     1.3059      7.808     11.324    13.4758 0.0000e+00
      7.964      0.028     0.0719      0.690     93.549  71.965447     3.0472      6.401   102.5575 1.2555e-01     1.3059      7.811     11.329    13.4603 0.0000e+00
      7.966      0.028     0.0725      0.695     94.597  72.761796     3.0406      6.401   102.5626 1.2551e-01     1.3006      7.811     11.328    13.4571 0.0000e+00
      7.967      0.035     0.0718      0.688     95.860  73.717700     3.0505      6.401   102.2261 1.2551e-01     1.3022      7.813     11.332    13.4654 0.0000e+00
      7.971      0.046     0.0711      0.681     96.639  74.295076     3.0565      6.401   101.7591 1.2550e-01     1.2947      7.815     11.335    13.4656 0.0000e+00
      7.982      0.057     0.0705      0.676     96.797  74.396689     3.0484      6.402   101.4752 1.2549e-01     1.2717      7.823     11.345    13.4605 0.0000e+00
      8.005      0.063     0.0705      0.676     96.700  74.309809     3.0536      6.402   101.1169 1.2551e-01     1.2374      7.849     11.383    13.4570 0.0000e+00
      8.034      0.065     0.0710      0.681     96.730  74.326592     3.0825      6.403   100.6968 1.2551e-01     1.2162      7.882     11.432    13.4489 0.0000e+00
      8.057      0.061     0.0718      0.688     96.841  74.408664     3.1128      6.403   100.3539 1.2544e-01     1.2284      7.906     11.467    13.4358 0.0000e+00
      8.069      0.052     0.0723      0.693     96.847  74.411090     3.1174      6.402    99.8964 1.2538e-01     1.2328      7.916     11.480    13.4239 0.0000e+00
      8.074      0.039     0.0726      0.696     96.774  74.355926     3.1106      6.402    99.3807 1.2539e-01     1.2392      7.916     11.481    13.4184 0.0000e+00
      8.080      0.027     0.0736      0.706     96.630  74.250859     3.0853      6.404    98.9370 1.2545e-01     1.2742      7.923     11.492    13.4162 0.0000e+00
      8.087      0.022     0.0740      0.710     96.503  74.159061     3.0325      6.405    98.5759 1.2552e-01     1.2901      7.934     11.507    13.4148 0.0000e+00
      8.091      0.027     0.0719      0.690     96.636  74.264332     2.9950      6.405    98.3701 1.2556e-01     1.2784      7.935     11.509    13.4134 0.0000e+00
      8.093      0.041     0.0696      0.667     96.878  74.441706     2.9819      6.405    98.0829 1.2554e-01     1.2556      7.936     11.510    13.4132 0.0000e+00
      8.097      0.057     0.0693      0.664     96.938  74.457946     3.0021      6.405    97.5980 1.2547e-01     1.2589      7.939     11.513    13.4173 0.0000e+00
      8.108      0.073     0.0699      0.669     96.910  74.397008     3.0467      6.406    97.1543 1.2546e-01     1.2879      7.944     11.520    13.4197 0.0000e+00
      8.137      0.087     0.0712      0.681     96.959  74.404963     3.0618      6.407    96.7619 1.2550e-01     1.2704      7.975     11.567    13.4235 0.0000e+00
      8.176      0.098     0.0727      0.695     97.100  74.490453     3.0561      6.408    96.3806 1.2550e-01     1.2295      8.022     11.636    13.4233 0.0000e+00
      8.207      0.103     0.0747      0.714     97.196  74.539577     3.0876      6.409    95.9858 1.2549e-01     1.2218      8.053     11.679    13.4037 0.0000e+00
