Data/DataNotYetUploadedToEDI/Raw_CTD/RawDownloads/091718_fcr20.cnv
* Sea-Bird SBE19plus  Data File:
* FileName = C:\DATA\20180917_fcr_0002.hex
* Software version 2.6.3.104 SB_Terminal.dll
* Temperature SN = 7809
* Conductivity SN = 7809
* System UpLoad Time = Sep 17 2018 17:51:31
* <ApplicationData>
* <Seaterm232>
# nquan = 15
# nvalues = 446                         
# units = specified
# name 0 = depFM: Depth [fresh water, m]
# name 1 = dz/dtM: Descent Rate [m/s]
# name 2 = sbeox0Mg/L: Oxygen, SBE 43 [mg/l]
# name 3 = sbeox0PS: Oxygen, SBE 43 [% saturation]
# name 4 = specc: Specific Conductance [uS/cm]
# name 5 = c0uS/cm: Conductivity [uS/cm]
# name 6 = flECO-AFL: Fluorescence, WET Labs ECO-AFL/FL [mg/m^3]
# name 7 = ph: pH
# name 8 = orp: Oxidation Reduction Potential [mV]
# name 9 = par/sat/log: PAR/Logarithmic, Satlantic
# name 10 = turbWETntu0: Turbidity, WET Labs ECO [NTU]
# name 11 = prdM: Pressure, Strain Gauge [db]
# name 12 = prdE: Pressure, Strain Gauge [psi]
# name 13 = tv290C: Temperature [ITS-90, deg C]
# name 14 = flag:  0.000e+00
# span 0 =     -0.601,      2.733       
# span 1 =     -0.185,      0.246       
# span 2 =     4.8842,     8.1505       
# span 3 =     56.394,     94.299       
# span 4 =      2.235,     35.957       
# span 5 =   2.097787,  34.252883       
# span 6 =    -0.1901,     5.6323       
# span 7 =      6.682,      7.968       
# span 8 =   216.6608,   296.0439       
# span 9 = 3.4507e+00, 1.1637e+02       
# span 10 =    -0.2535,    12.9510      
# span 11 =     -0.589,      2.681      
# span 12 =     -0.856,      3.889      
# span 13 =    21.5067,    22.6300      
# span 14 = 0.0000e+00, 0.0000e+00      
# interval = seconds: 0.25
# start_time = Sep 17 2018 15:06:31 [Instrument's time stamp, header]
# bad_flag = -9.990e-29
*END*
[from data line 193]
     -0.071     -0.030     7.0292     81.372     35.906  34.204652     4.6399      7.168   255.6991 1.0671e+02     2.1937     -0.069     -0.100    22.6232 0.0000e+00
     -0.070     -0.020     6.9913     80.934     35.875  34.174116     4.6414      7.172   255.6633 1.0651e+02     2.1898     -0.067     -0.097    22.6239 0.0000e+00
     -0.075     -0.017     6.9612     80.586     35.860  34.159956     4.6452      7.175   255.5979 1.0664e+02     2.1598     -0.070     -0.102    22.6245 0.0000e+00
     -0.087     -0.016     6.9368     80.303     35.860  34.160477     4.6392      7.177   255.5977 1.0728e+02     2.1356     -0.086     -0.124    22.6247 0.0000e+00
     -0.098     -0.012     6.9160     80.063     35.881  34.180412     4.6155      7.177   255.6609 1.0797e+02     2.1407     -0.100     -0.144    22.6250 0.0000e+00
     -0.103     -0.006     6.8988     79.863     35.912  34.210438     4.5982      7.176   255.7593 1.0791e+02     2.1608     -0.103     -0.149    22.6251 0.0000e+00
     -0.100      0.000     6.8843     79.696     35.907  34.205923     4.5955      7.175   255.9275 1.0728e+02     2.1648     -0.100     -0.145    22.6250 0.0000e+00
     -0.092      0.006     6.8733     79.570     35.889  34.189339     4.6376      7.176   256.0600 1.0633e+02     2.1590     -0.089     -0.129    22.6251 0.0000e+00
     -0.085      0.009     6.8658     79.484     35.900  34.200481     4.7304      7.177   256.2427 1.0591e+02     2.1521     -0.080     -0.117    22.6254 0.0000e+00
     -0.084      0.010     6.8608     79.426     35.914  34.213601     4.7806      7.178   256.5013 1.0674e+02     2.1429     -0.081     -0.119    22.6255 0.0000e+00
     -0.086      0.010     6.8585     79.400     35.922  34.220937     4.7757      7.179   256.6057 1.0694e+02     2.1388     -0.085     -0.122    22.6256 0.0000e+00
     -0.087      0.010     6.8582     79.396     35.927  34.225669     4.7539      7.177   256.6450 1.0639e+02     2.1331     -0.086     -0.125    22.6260 0.0000e+00
     -0.084      0.010     6.8577     79.392     35.907  34.207297     4.7279      7.176   256.7177 1.0672e+02     2.1347     -0.084     -0.122    22.6263 0.0000e+00
     -0.077      0.009     6.8562     79.373     35.889  34.189359     4.7193      7.178   256.7973 1.0737e+02     2.1580     -0.075     -0.109    22.6266 0.0000e+00
     -0.071      0.007     6.8543     79.351     35.899  34.199336     4.7135      7.180   257.0053 1.0772e+02     2.1711     -0.068     -0.100    22.6271 0.0000e+00
     -0.069      0.004     6.8526     79.331     35.901  34.200889     4.6946      7.181   257.2537 1.0775e+02     2.1402     -0.067     -0.096    22.6275 0.0000e+00
     -0.070      0.000     6.8510     79.313     35.909  34.208129     4.6661      7.180   257.3902 1.0778e+02     2.0900     -0.066     -0.097    22.6272 0.0000e+00
     -0.075     -0.002     6.8493     79.293     35.924  34.223360     4.6531      7.177   257.5380 1.0806e+02     2.0820     -0.075     -0.108    22.6267 0.0000e+00
     -0.078     -0.003     6.8494     79.294     35.894  34.194497     4.6576      7.172   257.7498 1.0832e+02     2.1355     -0.077     -0.112    22.6262 0.0000e+00
     -0.078     -0.003     6.8533     79.340     35.875  34.176741     4.6555      7.167   257.8868 1.0852e+02     2.1885     -0.076     -0.110    22.6262 0.0000e+00
     -0.077     -0.002     6.8590     79.406     35.899  34.199222     4.6648      7.165   257.9036 1.0863e+02     2.2026     -0.077     -0.111    22.6263 0.0000e+00
     -0.076     -0.001     6.8619     79.439     35.913  34.212237     4.6965      7.167   257.8670 1.0881e+02     2.1842     -0.073     -0.107    22.6262 0.0000e+00
     -0.075     -0.001     6.8604     79.421     35.908  34.207069     4.7168      7.170   257.8737 1.0893e+02     2.1491     -0.072     -0.106    22.6266 0.0000e+00
     -0.076     -0.001     6.8569     79.381     35.901  34.200251     4.7178      7.173   258.0707 1.0884e+02     2.1447     -0.074     -0.108    22.6270 0.0000e+00
     -0.078     -0.001     6.8544     79.352     35.893  34.193324     4.7449      7.173   258.4425 1.0878e+02     2.1614     -0.077     -0.111    22.6270 0.0000e+00
     -0.079      0.000     6.8552     79.361     35.887  34.186830     4.7968      7.173   258.6699 1.0874e+02     2.1678     -0.079     -0.114    22.6269 0.0000e+00
     -0.078      0.002     6.8573     79.385     35.886  34.185250     4.8204      7.172   258.6683 1.0874e+02     2.1612     -0.078     -0.112    22.6268 0.0000e+00
     -0.077      0.003     6.8568     79.379     35.874  34.174223     4.8190      7.171   258.7676 1.0891e+02     2.1423     -0.076     -0.110    22.6268 0.0000e+00
     -0.075      0.003     6.8549     79.357     35.880  34.180541     4.8170      7.171   258.9251 1.0904e+02     2.1227     -0.073     -0.106    22.6267 0.0000e+00
     -0.073      0.002     6.8554     79.363     35.899  34.198124     4.8149      7.171   258.9376 1.0913e+02     2.1075     -0.071     -0.104    22.6264 0.0000e+00
     -0.073      0.001     6.8608     79.426     35.897  34.196263     4.8121      7.173   259.0037 1.0925e+02     2.1110     -0.071     -0.103    22.6261 0.0000e+00
     -0.073     -0.001     6.8689     79.519     35.923  34.221550     4.8103      7.175   259.1228 1.0950e+02     2.1345     -0.070     -0.102    22.6260 0.0000e+00
     -0.074     -0.003     6.8752     79.592     35.953  34.249805     4.8114      7.177   259.1727 1.0971e+02     2.1480     -0.072     -0.105    22.6260 0.0000e+00
     -0.076     -0.003     6.8799     79.646     35.922  34.220299     4.8159      7.178   259.2625 1.0958e+02     2.1519     -0.076     -0.109    22.6261 0.0000e+00
     -0.078     -0.002     6.8844     79.698     35.882  34.182394     4.8199      7.177   259.4343 1.0943e+02     2.1514     -0.076     -0.111    22.6263 0.0000e+00
     -0.079     -0.001     6.8872     79.731     35.872  34.172603     4.8226      7.176   259.6157 1.0942e+02     2.1407     -0.078     -0.113    22.6264 0.0000e+00
     -0.078      0.001     6.8872     79.731     35.864  34.165429     4.7741      7.175   259.8208 1.0946e+02     2.1453     -0.077     -0.111    22.6262 0.0000e+00
     -0.077      0.003     6.8839     79.693     35.858  34.159165     4.6568      7.172   260.0216 1.0963e+02     2.1468     -0.075     -0.109    22.6263 0.0000e+00
     -0.076      0.003     6.8778     79.621     35.859  34.160395     4.5814      7.171   260.0650 1.0996e+02     2.1579     -0.075     -0.109    22.6262 0.0000e+00
     -0.075      0.003     6.8699     79.530     35.881  34.180291     4.5791      7.171   260.0868 1.1018e+02     2.1880     -0.072     -0.105    22.6263 0.0000e+00
     -0.074      0.003     6.8623     79.442     35.911  34.209177     4.6565      7.171   260.1990 1.1030e+02     2.2059     -0.071     -0.104    22.6263 0.0000e+00
     -0.075      0.003     6.8567     79.378     35.893  34.192065     4.8002      7.171   260.3033 1.1038e+02     2.2216     -0.073     -0.106    22.6261 0.0000e+00
     -0.075      0.001     6.8534     79.339     35.863  34.163942     4.8822      7.172   260.4015 1.1040e+02     2.2251     -0.074     -0.108    22.6258 0.0000e+00
     -0.072     -0.003     6.8506     79.307     35.887  34.186737     4.8944      7.174   260.4398 1.1044e+02     2.2181     -0.071     -0.105    22.6251 0.0000e+00
     -0.069     -0.008     6.8478     79.274     35.916  34.213600     4.8934      7.175   260.5079 1.1064e+02     2.1974     -0.065     -0.095    22.6250 0.0000e+00
     -0.071     -0.012     6.8476     79.272     35.938  34.234670     4.8608      7.175   260.6238 1.1102e+02     2.1580     -0.068     -0.098    22.6252 0.0000e+00
     -0.078     -0.014     6.8519     79.322     35.955  34.250942     4.8127      7.174   260.6359 1.1136e+02     2.1389     -0.077     -0.111    22.6257 0.0000e+00
     -0.087     -0.014     6.8581     79.394     35.922  34.219790     4.7890      7.173   260.7397 1.1173e+02     2.1497     -0.084     -0.123    22.6258 0.0000e+00
     -0.093     -0.012     6.8630     79.450     35.875  34.175605     4.7769      7.173   261.0191 1.1191e+02     2.1664     -0.094     -0.136    22.6258 0.0000e+00
     -0.096     -0.007     6.8676     79.503     35.860  34.161330     4.7312      7.173   261.1745 1.1183e+02     2.1578     -0.095     -0.138    22.6259 0.0000e+00
     -0.095     -0.002     6.8705     79.537     35.874  34.174231     4.6502      7.173   261.0704 1.1197e+02     2.1371     -0.092     -0.134    22.6257 0.0000e+00
     -0.092      0.002     6.8712     79.544     35.906  34.204550     4.5967      7.173   261.0501 1.1222e+02     2.1601     -0.092     -0.132    22.6257 0.0000e+00
     -0.089      0.005     6.8740     79.577     35.911  34.210323     4.5811      7.172   261.2736 1.1244e+02     2.1917     -0.086     -0.125    22.6258 0.0000e+00
     -0.087      0.005     6.8773     79.616     35.880  34.180515     4.6082      7.170   261.4496 1.1285e+02     2.1830     -0.083     -0.121    22.6259 0.0000e+00
     -0.087      0.005     6.8763     79.605     35.860  34.161736     4.6762      7.170   261.6297 1.1316e+02     2.1776     -0.086     -0.124    22.6256 0.0000e+00
     -0.088      0.004     6.8737     79.575     35.873  34.173824     4.7147      7.170   261.8157 1.1324e+02     2.1878     -0.088     -0.128    22.6254 0.0000e+00
     -0.088      0.003     6.8739     79.577     35.900  34.199638     4.7240      7.171   261.8065 1.1348e+02     2.1528     -0.086     -0.125    22.6253 0.0000e+00
     -0.085      0.000     6.8761     79.602     35.921  34.219773     4.7427      7.172   261.6909 1.1363e+02     2.0904     -0.083     -0.120    22.6256 0.0000e+00
     -0.082     -0.002     6.8763     79.604     35.928  34.226716     4.7652      7.172   261.6221 1.1357e+02     2.0741     -0.080     -0.115    22.6261 0.0000e+00
     -0.081     -0.004     6.8707     79.539     35.922  34.220068     4.7847      7.172   261.7496 1.1391e+02     2.1091     -0.078     -0.113    22.6263 0.0000e+00
     -0.085     -0.004     6.8630     79.450     35.904  34.202903     4.7952      7.171   262.0276 1.1433e+02     2.1462     -0.082     -0.120    22.6264 0.0000e+00
     -0.091     -0.003     6.8598     79.412     35.912  34.209734     4.7913      7.170   262.1438 1.1439e+02     2.1270     -0.091     -0.131    22.6264 0.0000e+00
     -0.095     -0.002     6.8616     79.432     35.942  34.239140     4.7375      7.168   262.1219 1.1449e+02     2.0908     -0.094     -0.137    22.6260 0.0000e+00
     -0.094      0.001     6.8663     79.487     35.944  34.240866     4.6412      7.166   262.2787 1.1466e+02     2.1047     -0.094     -0.135    22.6255 0.0000e+00
     -0.090      0.004     6.8665     79.490     35.933  34.230605     4.5914      7.164   262.4915 1.1490e+02     2.1421     -0.087     -0.126    22.6250 0.0000e+00
     -0.085      0.005     6.8568     79.379     35.945  34.242105     4.5957      7.162   262.5439 1.1531e+02     2.1467     -0.082     -0.119    22.6248 0.0000e+00
     -0.083      0.005     6.8405     79.190     35.957  34.252883     4.6286      7.162   262.5677 1.1550e+02     2.1298     -0.082     -0.119    22.6249 0.0000e+00
     -0.083      0.003     6.8202     78.955     35.937  34.233880     4.6760      7.163   262.6076 1.1576e+02     2.1503     -0.082     -0.119    22.6250 0.0000e+00
     -0.083      0.001     6.7989     78.708     35.904  34.202902     4.7009      7.164   262.5963 1.1600e+02     2.1819     -0.081     -0.117    22.6253 0.0000e+00
     -0.084      0.000     6.7835     78.530     35.897  34.195921     4.7093      7.165   262.6026 1.1556e+02     2.1765     -0.082     -0.118    22.6254 0.0000e+00
     -0.085      0.003     6.7798     78.487     35.915  34.212984     4.7034      7.168   262.6836 1.1568e+02     2.1459     -0.083     -0.121    22.6258 0.0000e+00
     -0.086      0.008     6.7879     78.582     35.921  34.218649     4.6749      7.169   262.7157 1.1637e+02     2.1173     -0.085     -0.123    22.6261 0.0000e+00
     -0.086      0.016     6.8044     78.772     35.902  34.200899     4.6509      7.169   262.7324 1.1630e+02     2.1052     -0.085     -0.124    22.6259 0.0000e+00
     -0.082      0.028     6.8248     79.008     35.889  34.188934     4.6517      7.167   262.8862 1.1607e+02     2.1219     -0.082     -0.120    22.6260 0.0000e+00
     -0.073      0.043     6.8451     79.243     35.902  34.201013     4.7299      7.162   262.9403 1.1613e+02     2.1669     -0.072     -0.104    22.6261 0.0000e+00
     -0.060      0.058     6.8624     79.445     35.921  34.219906     4.8712      7.155   262.7841 1.1633e+02     2.1907     -0.060     -0.087    22.6258 0.0000e+00
     -0.043      0.071     6.8756     79.600     35.927  34.226816     4.9450      7.149   262.6321 1.1497e+02     2.1967     -0.046     -0.066    22.6256 0.0000e+00
     -0.020      0.081     6.8840     79.698     35.920  34.221038     4.9511      7.144   262.5651 1.0902e+02     2.2391     -0.020     -0.030    22.6258 0.0000e+00
      0.005      0.085     6.8872     79.736     35.912  34.213564     4.9996      7.141   262.6621 9.9289e+01     2.2756      0.006      0.008    22.6262 0.0000e+00
      0.031      0.085     6.8875     79.739     35.898  34.199977     5.0901      7.140   262.7728 9.0563e+01     2.2724      0.029      0.043    22.6274 0.0000e+00
      0.056      0.080     6.8891     79.759     35.881  34.183785     5.1357      7.138   262.7857 8.6006e+01     2.2613      0.057      0.083    22.6284 0.0000e+00
      0.076      0.072     6.8921     79.794     35.906  34.208339     5.1376      7.137   262.8182 8.4834e+01     2.2628      0.077      0.113    22.6290 0.0000e+00
      0.090      0.064     6.8931     79.805     35.943  34.242785     5.1127      7.136   262.8206 8.3730e+01     2.2913      0.088      0.128    22.6295 0.0000e+00
      0.103      0.059     6.8925     79.799     35.918  34.219167     5.0549      7.136   262.9010 8.1315e+01     2.2998      0.101      0.147    22.6295 0.0000e+00
      0.115      0.057     6.8900     79.769     35.873  34.176850     5.0183      7.136   263.1015 7.9212e+01     2.2745      0.113      0.164    22.6297 0.0000e+00
      0.127      0.060     6.8851     79.712     35.872  34.175756     5.0098      7.135   263.2659 7.7734e+01     2.2603      0.122      0.178    22.6298 0.0000e+00
      0.142      0.067     6.8794     79.646     35.904  34.205938     4.9984      7.133   263.4259 7.6195e+01     2.2507      0.139      0.201    22.6297 0.0000e+00
      0.160      0.075     6.8733     79.574     35.924  34.224183     4.9446      7.131   263.7457 7.4358e+01     2.2493      0.157      0.227    22.6299 0.0000e+00
      0.179      0.083     6.8674     79.506     35.905  34.205809     4.8467      7.129   264.2078 7.1930e+01     2.2743      0.173      0.251    22.6300 0.0000e+00
      0.203      0.089     6.8620     79.442     35.872  34.174325     4.7889      7.127   264.6249 6.8799e+01     2.3087      0.197      0.284    22.6298 0.0000e+00
      0.230      0.092     6.8564     79.377     35.858  34.161103     4.7790      7.126   265.1759 6.5688e+01     2.3294      0.226      0.328    22.6294 0.0000e+00
      0.256      0.092     6.8497     79.298     35.871  34.172974     4.7905      7.127   265.8792 6.3148e+01     2.3113      0.252      0.365    22.6287 0.0000e+00
      0.280      0.093     6.8410     79.197     35.891  34.190817     4.8179      7.131   266.4173 6.1103e+01     2.2726      0.276      0.400    22.6283 0.0000e+00
      0.301      0.094     6.8316     79.087     35.886  34.186292     4.8259      7.135   266.7782 5.9526e+01     2.2590      0.297      0.431    22.6284 0.0000e+00
      0.321      0.094     6.8247     79.006     35.881  34.181777     4.8224      7.137   267.0585 5.7927e+01     2.2678      0.313      0.454    22.6278 0.0000e+00
      0.344      0.092     6.8213     78.969     35.900  34.199744     4.8132      7.137   267.3972 5.5885e+01     2.2870      0.335      0.486    22.6274 0.0000e+00
