Data/DataNotYetUploadedToEDI/Raw_CTD/RawDownloads/091718_fcr50.cnv
* Sea-Bird SBE19plus  Data File:
* FileName = C:\DATA\20180917_fcr_0005.hex
* Software version 2.6.3.104 SB_Terminal.dll
* Temperature SN = 7809
* Conductivity SN = 7809
* System UpLoad Time = Sep 17 2018 17:52:42
* <ApplicationData>
* <Seaterm232>
# nquan = 15
# nvalues = 1047                        
# units = specified
# name 0 = depFM: Depth [fresh water, m]
# name 1 = dz/dtM: Descent Rate [m/s]
# name 2 = sbeox0Mg/L: Oxygen, SBE 43 [mg/l]
# name 3 = sbeox0PS: Oxygen, SBE 43 [% saturation]
# name 4 = specc: Specific Conductance [uS/cm]
# name 5 = c0uS/cm: Conductivity [uS/cm]
# name 6 = flECO-AFL: Fluorescence, WET Labs ECO-AFL/FL [mg/m^3]
# name 7 = ph: pH
# name 8 = orp: Oxidation Reduction Potential [mV]
# name 9 = par/sat/log: PAR/Logarithmic, Satlantic
# name 10 = turbWETntu0: Turbidity, WET Labs ECO [NTU]
# name 11 = prdM: Pressure, Strain Gauge [db]
# name 12 = prdE: Pressure, Strain Gauge [psi]
# name 13 = tv290C: Temperature [ITS-90, deg C]
# name 14 = flag:  0.000e+00
# span 0 =     -0.604,      9.197       
# span 1 =      0.000,      0.121       
# span 2 =    -0.0456,     8.3309       
# span 3 =     -0.506,     96.937       
# span 4 =      0.435,     97.196       
# span 5 =   0.429606,  74.539577       
# span 6 =    -0.1946,    10.3278       
# span 7 =      6.246,      7.871       
# span 8 =  -273.8297,   679.3751       
# span 9 = 1.2534e-01, 3.3319e+02       
# span 10 =    -0.2711,    67.4917      
# span 11 =     -0.592,      9.019      
# span 12 =     -0.859,     13.082      
# span 13 =    12.8708,    24.4031      
# span 14 = 0.0000e+00, 0.0000e+00      
# interval = seconds: 0.25
# start_time = Sep 17 2018 17:52:17 [Instrument's time stamp, header]
# bad_flag = -9.990e-29
*END*
[from data line 290]
      1.191      0.036     6.3261     73.014     36.418  34.578206     4.8162      7.132   224.6774 4.6939e+01     3.2587      1.166      1.691    22.4979 0.0000e+00
      1.206      0.036     6.3052     72.769     36.428  34.584503     4.7940      7.128   224.5240 4.6119e+01     3.3344      1.185      1.718    22.4964 0.0000e+00
      1.218      0.035     6.2884     72.572     36.435  34.590184     4.7924      7.126   224.2403 4.5793e+01     3.3516      1.197      1.737    22.4899 0.0000e+00
      1.225      0.034     6.2754     72.419     36.430  34.583374     4.7143      7.124   224.2588 4.5589e+01     3.3447      1.200      1.742    22.4758 0.0000e+00
      1.230      0.031     6.2675     72.325     36.413  34.565682     4.5659      7.122   224.4031 4.5229e+01     3.3426      1.206      1.748    22.4661 0.0000e+00
      1.237      0.029     6.2625     72.265     36.415  34.566828     4.4865      7.121   224.5230 4.4848e+01     3.3564      1.213      1.760    22.4645 0.0000e+00
      1.244      0.029     6.2590     72.226     36.446  34.597223     4.4715      7.119   224.5038 4.4439e+01     3.3593      1.220      1.769    22.4636 0.0000e+00
      1.253      0.033     6.2601     72.239     36.465  34.615600     4.4770      7.115   224.1712 4.4003e+01     3.3778      1.228      1.780    22.4600 0.0000e+00
      1.261      0.037     6.2666     72.313     36.448  34.598468     4.5062      7.111   224.0281 4.3667e+01     3.4583      1.238      1.795    22.4578 0.0000e+00
      1.269      0.041     6.2772     72.433     36.431  34.580633     4.5221      7.109   224.3224 4.3222e+01     3.5082      1.243      1.802    22.4568 0.0000e+00
      1.279      0.043     6.2884     72.558     36.444  34.590518     4.5218      7.106   224.6327 4.2412e+01     3.5239      1.252      1.816    22.4578 0.0000e+00
      1.294      0.044     6.2955     72.637     36.446  34.590936     4.4758      7.103   224.7687 4.1607e+01     3.5559      1.271      1.843    22.4590 0.0000e+00
      1.308      0.042     6.2968     72.651     36.440  34.585681     4.3964      7.101   224.7621 4.1064e+01     3.5593      1.285      1.863    22.4584 0.0000e+00
      1.320      0.038     6.2942     72.624     36.444  34.590509     4.3616      7.100   224.5526 4.0493e+01     3.5346      1.292      1.875    22.4562 0.0000e+00
      1.330      0.032     6.2902     72.582     36.437  34.585785     4.3497      7.099   224.3001 4.0036e+01     3.5019      1.306      1.894    22.4527 0.0000e+00
      1.338      0.026     6.2847     72.519     36.443  34.592080     4.3073      7.098   224.3766 3.9881e+01     3.4380      1.314      1.905    22.4499 0.0000e+00
      1.340      0.023     6.2772     72.429     36.457  34.603107     4.2445      7.097   224.7033 3.9768e+01     3.3722      1.314      1.905    22.4488 0.0000e+00
      1.342      0.023     6.2694     72.334     36.448  34.592079     4.2155      7.096   224.8957 3.9616e+01     3.3471      1.315      1.908    22.4516 0.0000e+00
      1.345      0.026     6.2649     72.277     36.444  34.585775     4.2226      7.093   224.8955 3.9446e+01     3.3174      1.318      1.912    22.4556 0.0000e+00
      1.351      0.029     6.2658     72.281     36.453  34.590405     4.2297      7.090   224.7875 3.8981e+01     3.2883      1.322      1.918    22.4558 0.0000e+00
      1.361      0.030     6.2676     72.298     36.448  34.584527     4.2921      7.088   224.7080 3.8155e+01     3.3010      1.333      1.934    22.4534 0.0000e+00
      1.376      0.030     6.2651     72.268     36.442  34.578223     4.4161      7.087   224.7084 3.7476e+01     3.3185      1.351      1.960    22.4501 0.0000e+00
      1.387      0.029     6.2577     72.184     36.441  34.577703     4.4800      7.085   224.7057 3.7224e+01     3.3164      1.363      1.977    22.4453 0.0000e+00
      1.392      0.026     6.2486     72.084     36.439  34.578233     4.4761      7.084   224.7612 3.7133e+01     3.3062      1.366      1.981    22.4403 0.0000e+00
      1.394      0.022     6.2420     72.012     36.443  34.584641     4.4604      7.084   224.8632 3.6997e+01     3.3171      1.366      1.981    22.4379 0.0000e+00
      1.396      0.020     6.2365     71.951     36.449  34.591664     4.4288      7.083   224.9931 3.6797e+01     3.3569      1.369      1.985    22.4369 0.0000e+00
      1.401      0.018     6.2292     71.867     36.457  34.599634     4.4067      7.082   225.1278 3.6456e+01     3.3598      1.373      1.992    22.4372 0.0000e+00
      1.408      0.017     6.2224     71.790     36.475  34.617487     4.3951      7.081   225.1155 3.6034e+01     3.3214      1.380      2.002    22.4417 0.0000e+00
      1.415      0.017     6.2201     71.766     36.473  34.616966     4.2972      7.080   225.0158 3.5727e+01     3.2900      1.389      2.015    22.4459 0.0000e+00
      1.420      0.018     6.2231     71.803     36.447  34.593340     4.1241      7.078   225.0403 3.5587e+01     3.2846      1.393      2.021    22.4458 0.0000e+00
      1.421      0.021     6.2285     71.863     36.440  34.585901     4.0385      7.078   225.2396 3.5544e+01     3.3175      1.394      2.021    22.4462 0.0000e+00
      1.423      0.025     6.2337     71.917     36.448  34.590541     4.0430      7.077   225.4466 3.5389e+01     3.3516      1.394      2.022    22.4488 0.0000e+00
      1.428      0.030     6.2375     71.954     36.447  34.585908     4.0961      7.074   225.5646 3.4931e+01     3.3301      1.397      2.026    22.4503 0.0000e+00
      1.439      0.035     6.2393     71.969     36.458  34.593405     4.1943      7.070   225.6338 3.4291e+01     3.3022      1.410      2.046    22.4520 0.0000e+00
      1.454      0.039     6.2384     71.955     36.486  34.617666     4.2564      7.067   225.5949 3.3693e+01     3.3202      1.426      2.069    22.4514 0.0000e+00
      1.466      0.042     6.2323     71.884     36.495  34.625164     4.2770      7.063   225.6962 3.3204e+01     3.3339      1.438      2.086    22.4458 0.0000e+00
      1.476      0.043     6.2223     71.765     36.492  34.620540     4.3146      7.061   226.0849 3.2768e+01     3.4068      1.447      2.099    22.4404 0.0000e+00
      1.485      0.042     6.2091     71.610     36.498  34.625285     4.3707      7.057   226.4231 3.2348e+01     3.5296      1.457      2.113    22.4363 0.0000e+00
      1.495      0.041     6.1916     71.406     36.493  34.619001     4.4035      7.053   226.6019 3.1947e+01     3.5675      1.467      2.126    22.4335 0.0000e+00
      1.505      0.038     6.1738     71.200     36.482  34.608077     4.4175      7.049   226.6123 3.1461e+01     3.5607      1.475      2.140    22.4322 0.0000e+00
      1.517      0.035     6.1591     71.030     36.495  34.620241     4.4296      7.047   226.4618 3.0899e+01     3.5389      1.486      2.156    22.4307 0.0000e+00
      1.528      0.030     6.1477     70.900     36.514  34.639039     4.4396      7.045   226.4171 3.0506e+01     3.4557      1.501      2.176    22.4287 0.0000e+00
      1.536      0.026     6.1392     70.804     36.519  34.644814     4.4561      7.041   226.5883 3.0364e+01     3.3482      1.509      2.188    22.4267 0.0000e+00
      1.540      0.024     6.1348     70.754     36.499  34.626548     4.4628      7.037   226.7258 3.0331e+01     3.3073      1.510      2.190    22.4254 0.0000e+00
      1.541      0.024     6.1333     70.734     36.481  34.608735     4.4565      7.035   226.7017 3.0251e+01     3.3282      1.510      2.190    22.4260 0.0000e+00
      1.545      0.025     6.1325     70.722     36.495  34.619999     4.4166      7.033   226.6414 2.9989e+01     3.3874      1.513      2.194    22.4277 0.0000e+00
      1.553      0.028     6.1315     70.705     36.515  34.635694     4.3391      7.030   226.7716 2.9613e+01     3.4730      1.522      2.208    22.4300 0.0000e+00
      1.563      0.035     6.1288     70.668     36.556  34.671468     4.2915      7.026   227.1571 2.9212e+01     3.5088      1.532      2.222    22.4301 0.0000e+00
      1.573      0.043     6.1243     70.610     36.626  34.734934     4.2827      7.021   227.4308 2.8792e+01     3.5464      1.542      2.236    22.4276 0.0000e+00
      1.583      0.049     6.1176     70.527     36.664  34.767859     4.3149      7.014   227.4141 2.8441e+01     3.5916      1.553      2.252    22.4255 0.0000e+00
      1.593      0.052     6.1067     70.397     36.649  34.751955     4.3864      7.008   227.2987 2.7934e+01     3.5664      1.559      2.262    22.4207 0.0000e+00
      1.609      0.052     6.0872     70.171     36.631  34.733200     4.4215      7.005   227.3261 2.7118e+01     3.5465      1.577      2.286    22.4166 0.0000e+00
      1.629      0.052     6.0572     69.825     36.630  34.731653     4.4171      7.003   227.4878 2.6465e+01     3.5651      1.603      2.323    22.4134 0.0000e+00
      1.644      0.051     6.0201     69.395     36.633  34.733242     4.4259      7.000   227.5325 2.6205e+01     3.6076      1.615      2.343    22.4082 0.0000e+00
      1.652      0.049     5.9794     68.924     36.654  34.752409     4.4542      6.997   227.4363 2.5990e+01     3.6951      1.619      2.350    22.4054 0.0000e+00
      1.662      0.044     5.9400     68.469     36.676  34.772839     4.4742      6.996   227.2720 2.5591e+01     3.7688      1.627      2.361    22.4040 0.0000e+00
      1.674      0.040     5.9065     68.081     36.695  34.789699     4.4752      6.996   227.2656 2.5151e+01     3.7658      1.642      2.382    22.4029 0.0000e+00
      1.686      0.040     5.8787     67.760     36.737  34.829227     4.5023      6.996   227.4453 2.4822e+01     3.6897      1.655      2.401    22.4016 0.0000e+00
      1.696      0.042     5.8557     67.493     36.781  34.869654     4.5632      6.995   227.5519 2.4563e+01     3.6112      1.663      2.413    22.4007 0.0000e+00
      1.703      0.045     5.8357     67.259     36.812  34.897374     4.5952      6.992   227.6944 2.4290e+01     3.5799      1.670      2.423    22.3999 0.0000e+00
      1.713      0.047     5.8166     67.038     36.826  34.910308     4.5953      6.989   227.8771 2.3903e+01     3.5554      1.678      2.434    22.3992 0.0000e+00
      1.726      0.048     5.7978     66.820     36.815  34.898999     4.5923      6.987   227.8691 2.3403e+01     3.5289      1.691      2.453    22.3984 0.0000e+00
      1.743      0.048     5.7766     66.576     36.803  34.887671     4.6057      6.987   227.7689 2.2926e+01     3.5638      1.709      2.480    22.3965 0.0000e+00
      1.759      0.048     5.7515     66.286     36.817  34.900376     4.6466      6.987   227.7840 2.2581e+01     3.6721      1.727      2.504    22.3944 0.0000e+00
      1.770      0.048     5.7236     65.964     36.844  34.925575     4.6733      6.985   227.9661 2.2333e+01     3.7704      1.737      2.519    22.3930 0.0000e+00
      1.778      0.046     5.6954     65.639     36.857  34.938279     4.6707      6.982   228.1633 2.2068e+01     3.8067      1.743      2.528    22.3924 0.0000e+00
      1.787      0.043     5.6682     65.325     36.846  34.926930     4.6334      6.980   228.1897 2.1732e+01     3.7451      1.751      2.540    22.3924 0.0000e+00
      1.799      0.039     5.6439     65.044     36.834  34.915391     4.5722      6.979   228.1997 2.1339e+01     3.6351      1.763      2.556    22.3921 0.0000e+00
      1.814      0.037     5.6252     64.829     36.844  34.925814     4.5466      6.977   228.1977 2.1018e+01     3.5757      1.779      2.580    22.3916 0.0000e+00
      1.825      0.036     5.6134     64.694     36.844  34.925919     4.5446      6.976   228.0793 2.0865e+01     3.5462      1.792      2.599    22.3910 0.0000e+00
      1.830      0.034     5.6096     64.650     36.835  34.916652     4.5014      6.975   228.1448 2.0750e+01     3.5226      1.794      2.603    22.3905 0.0000e+00
      1.834      0.033     5.6120     64.677     36.860  34.940800     4.4284      6.973   228.3871 2.0543e+01     3.5033      1.797      2.606    22.3907 0.0000e+00
      1.841      0.031     5.6179     64.745     36.884  34.963812     4.3980      6.972   228.5142 2.0298e+01     3.4965      1.805      2.618    22.3911 0.0000e+00
      1.851      0.030     5.6243     64.818     36.861  34.940810     4.4088      6.971   228.5636 2.0055e+01     3.5011      1.816      2.633    22.3912 0.0000e+00
      1.861      0.030     5.6283     64.864     36.836  34.916766     4.4114      6.969   228.5541 1.9829e+01     3.4370      1.826      2.649    22.3914 0.0000e+00
      1.870      0.029     5.6288     64.869     36.847  34.927180     4.4020      6.967   228.5711 1.9664e+01     3.3320      1.835      2.662    22.3915 0.0000e+00
      1.876      0.028     5.6240     64.814     36.861  34.939676     4.3969      6.967   228.6828 1.9508e+01     3.2995      1.840      2.668    22.3911 0.0000e+00
      1.882      0.025     5.6181     64.745     36.862  34.940811     4.4039      6.966   228.6999 1.9308e+01     3.3190      1.844      2.675    22.3905 0.0000e+00
      1.888      0.023     5.6152     64.712     36.862  34.940914     4.4686      6.964   228.6916 1.9143e+01     3.3842      1.853      2.686    22.3899 0.0000e+00
      1.893      0.021     5.6143     64.701     36.862  34.940924     4.5820      6.961   228.7548 1.9015e+01     3.4778      1.857      2.693    22.3894 0.0000e+00
      1.899      0.019     5.6156     64.716     36.862  34.940925     4.6362      6.960   228.8622 1.8882e+01     3.5044      1.862      2.700    22.3892 0.0000e+00
      1.904      0.018     5.6199     64.766     36.862  34.940925     4.6370      6.960   229.0440 1.8766e+01     3.5228      1.867      2.709    22.3894 0.0000e+00
      1.909      0.018     5.6248     64.823     36.861  34.940925     4.5911      6.959   229.0599 1.8671e+01     3.5777      1.873      2.715    22.3895 0.0000e+00
      1.912      0.019     5.6286     64.867     36.861  34.940925     4.4857      6.957   228.8814 1.8611e+01     3.5884      1.876      2.720    22.3893 0.0000e+00
      1.914      0.021     5.6340     64.929     36.861  34.940926     4.4196      6.957   228.8652 1.8530e+01     3.5611      1.876      2.721    22.3892 0.0000e+00
      1.919      0.023     5.6415     65.017     36.861  34.940935     4.4075      6.956   229.0360 1.8356e+01     3.5225      1.881      2.728    22.3895 0.0000e+00
      1.927      0.024     5.6484     65.097     36.861  34.941030     4.4032      6.954   229.2259 1.8151e+01     3.5184      1.890      2.742    22.3897 0.0000e+00
      1.936      0.026     5.6525     65.145     36.861  34.942081     4.3862      6.952   229.3547 1.7958e+01     3.5422      1.899      2.753    22.3898 0.0000e+00
      1.943      0.026     5.6526     65.146     36.873  34.953639     4.3578      6.951   229.3025 1.7778e+01     3.5350      1.906      2.763    22.3898 0.0000e+00
      1.949      0.025     5.6497     65.113     36.872  34.953734     4.3455      6.951   229.1973 1.7658e+01     3.5235      1.912      2.773    22.3906 0.0000e+00
      1.954      0.023     5.6447     65.056     36.861  34.943234     4.3566      6.950   229.2013 1.7545e+01     3.5251      1.916      2.779    22.3916 0.0000e+00
      1.960      0.023     5.6350     64.946     36.871  34.953732     4.4741      6.949   229.2638 1.7423e+01     3.5841      1.922      2.788    22.3917 0.0000e+00
      1.965      0.022     5.6218     64.796     36.870  34.953627     4.6815      6.948   229.4382 1.7314e+01     3.6879      1.927      2.795    22.3920 0.0000e+00
      1.970      0.021     5.6105     64.668     36.857  34.941966     4.7879      6.948   229.5029 1.7143e+01     3.7433      1.931      2.800    22.3921 0.0000e+00
      1.977      0.021     5.6023     64.575     36.854  34.939781     4.7944      6.947   229.3569 1.6962e+01     3.7352      1.940      2.814    22.3923 0.0000e+00
