Data/DataNotYetUploadedToEDI/Raw_CTD/RawDownloads/091718_fcr50.cnv
* Sea-Bird SBE19plus  Data File:
* FileName = C:\DATA\20180917_fcr_0005.hex
* Software version 2.6.3.104 SB_Terminal.dll
* Temperature SN = 7809
* Conductivity SN = 7809
* System UpLoad Time = Sep 17 2018 17:52:42
* <ApplicationData>
* <Seaterm232>
# nquan = 15
# nvalues = 1047                        
# units = specified
# name 0 = depFM: Depth [fresh water, m]
# name 1 = dz/dtM: Descent Rate [m/s]
# name 2 = sbeox0Mg/L: Oxygen, SBE 43 [mg/l]
# name 3 = sbeox0PS: Oxygen, SBE 43 [% saturation]
# name 4 = specc: Specific Conductance [uS/cm]
# name 5 = c0uS/cm: Conductivity [uS/cm]
# name 6 = flECO-AFL: Fluorescence, WET Labs ECO-AFL/FL [mg/m^3]
# name 7 = ph: pH
# name 8 = orp: Oxidation Reduction Potential [mV]
# name 9 = par/sat/log: PAR/Logarithmic, Satlantic
# name 10 = turbWETntu0: Turbidity, WET Labs ECO [NTU]
# name 11 = prdM: Pressure, Strain Gauge [db]
# name 12 = prdE: Pressure, Strain Gauge [psi]
# name 13 = tv290C: Temperature [ITS-90, deg C]
# name 14 = flag:  0.000e+00
# span 0 =     -0.604,      9.197       
# span 1 =      0.000,      0.121       
# span 2 =    -0.0456,     8.3309       
# span 3 =     -0.506,     96.937       
# span 4 =      0.435,     97.196       
# span 5 =   0.429606,  74.539577       
# span 6 =    -0.1946,    10.3278       
# span 7 =      6.246,      7.871       
# span 8 =  -273.8297,   679.3751       
# span 9 = 1.2534e-01, 3.3319e+02       
# span 10 =    -0.2711,    67.4917      
# span 11 =     -0.592,      9.019      
# span 12 =     -0.859,     13.082      
# span 13 =    12.8708,    24.4031      
# span 14 = 0.0000e+00, 0.0000e+00      
# interval = seconds: 0.25
# start_time = Sep 17 2018 17:52:17 [Instrument's time stamp, header]
# bad_flag = -9.990e-29
*END*
[from data line 675]
      4.943      0.042     0.1138      1.188     61.948  52.557306     5.2084      6.276   195.8493 1.2951e-01     3.5218      4.848      7.032    17.5977 0.0000e+00
      4.952      0.047     0.1127      1.176     61.988  52.536576     4.7690      6.274   195.2765 1.2831e-01     3.5055      4.857      7.043    17.5569 0.0000e+00
      4.962      0.051     0.1101      1.148     62.107  52.582496     4.6919      6.271   194.6348 1.2669e-01     3.5215      4.864      7.057    17.5010 0.0000e+00
      4.975      0.054     0.1090      1.135     62.328  52.730992     4.3599      6.269   194.1987 1.3157e-01     3.6546      4.878      7.075    17.4569 0.0000e+00
      4.993      0.055     0.1086      1.130     62.673  52.996868     3.7774      6.267   193.7030 1.3652e-01     3.8628      4.895      7.100    17.4184 0.0000e+00
      5.013      0.055     0.1080      1.124     63.080  53.317622     3.4661      6.267   193.0297 1.3149e-01     3.9635      4.917      7.132    17.3737 0.0000e+00
      5.029      0.052     0.1083      1.127     63.465  53.620978     3.4362      6.267   192.2531 1.2601e-01     3.9572      4.933      7.155    17.3222 0.0000e+00
      5.040      0.047     0.1084      1.128     63.927  53.994366     3.4345      6.266   191.3682 1.2558e-01     3.9388      4.942      7.168    17.2915 0.0000e+00
      5.049      0.042     0.1071      1.113     64.648  54.589586     3.4541      6.266   190.5900 1.2599e-01     3.8940      4.952      7.182    17.2784 0.0000e+00
      5.058      0.040     0.1045      1.086     65.499  55.286047     3.4899      6.266   189.8999 1.3075e-01     3.8120      4.961      7.196    17.2572 0.0000e+00
      5.066      0.040     0.1021      1.060     66.166  55.802466     3.5086      6.266   189.3045 1.3605e-01     3.7712      4.968      7.206    17.2381 0.0000e+00
      5.074      0.044     0.1011      1.048     66.417  55.937412     3.5148      6.265   188.8125 1.3282e-01     3.7669      4.974      7.214    17.2270 0.0000e+00
      5.084      0.049     0.1009      1.045     66.171  55.645830     3.5932      6.264   188.1664 1.2827e-01     3.7902      4.984      7.229    17.2174 0.0000e+00
      5.099      0.053     0.1006      1.041     65.795  55.265430     3.7402      6.263   187.5149 1.2815e-01     3.8704      5.000      7.252    17.2074 0.0000e+00
      5.116      0.056     0.1009      1.043     65.628  55.089528     3.8207      6.261   187.3026 1.2753e-01     3.9130      5.017      7.276    17.1751 0.0000e+00
      5.135      0.058     0.1013      1.047     65.523  54.981424     3.8227      6.259   187.2333 1.2614e-01     3.9084      5.035      7.303    17.1079 0.0000e+00
      5.150      0.058     0.1008      1.042     65.479  54.912095     3.7459      6.257   186.7638 1.2559e-01     3.9669      5.051      7.327    17.0356 0.0000e+00
      5.161      0.057     0.1008      1.040     65.589  54.950661     3.5995      6.255   186.0997 1.2554e-01     4.0711      5.061      7.340    16.9857 0.0000e+00
      5.173      0.057     0.1018      1.050     65.569  54.875402     3.5145      6.253   185.6565 1.2555e-01     4.1306      5.071      7.353    16.9616 0.0000e+00
      5.189      0.057     0.1028      1.060     65.120  54.447160     3.4898      6.251   185.4490 1.2556e-01     4.1667      5.088      7.379    16.9569 0.0000e+00
      5.205      0.062     0.1021      1.051     64.304  53.714868     3.4021      6.249   185.2265 1.2570e-01     4.2340      5.106      7.405    16.9353 0.0000e+00
      5.219      0.067     0.1006      1.035     63.606  53.078768     3.2624      6.248   184.9441 1.2583e-01     4.3037      5.118      7.423    16.8863 0.0000e+00
      5.234      0.071     0.1018      1.046     63.416  52.859727     3.1975      6.247   184.5300 1.2568e-01     4.3380      5.131      7.442    16.8400 0.0000e+00
      5.253      0.071     0.1044      1.071     63.548  52.910176     3.1960      6.246   184.1773 1.2551e-01     4.3429      5.149      7.468    16.7998 0.0000e+00
      5.276      0.069     0.1054      1.081     63.703  52.989309     3.2540      6.247   184.2072 1.2551e-01     4.3022      5.175      7.506    16.7628 0.0000e+00
      5.299      0.064     0.1038      1.065     63.824  53.053522     3.3753      6.248   184.2897 1.2554e-01     4.2421      5.199      7.541    16.7234 0.0000e+00
      5.315      0.058     0.1007      1.032     63.922  53.114315     3.4399      6.249   184.2272 1.2553e-01     4.1970      5.213      7.561    16.6725 0.0000e+00
      5.326      0.050     0.0991      1.015     63.975  53.152123     3.4469      6.250   184.2267 1.2552e-01     4.1530      5.223      7.577    16.6233 0.0000e+00
      5.335      0.044     0.0989      1.013     64.033  53.192768     3.4417      6.251   184.3698 1.2550e-01     4.1377      5.232      7.589    16.5840 0.0000e+00
      5.342      0.043     0.0987      1.011     64.171  53.287840     3.3956      6.253   184.4943 1.2549e-01     4.1645      5.237      7.596    16.5533 0.0000e+00
      5.352      0.045     0.0982      1.006     64.364  53.411502     3.3311      6.254   184.4422 1.2549e-01     4.2020      5.247      7.610    16.5377 0.0000e+00
      5.363      0.049     0.0971      0.994     64.503  53.479906     3.3046      6.254   184.0837 1.2548e-01     4.1940      5.259      7.628    16.5380 0.0000e+00
      5.377      0.052     0.0963      0.984     64.552  53.479046     3.3056      6.255   183.6020 1.2548e-01     4.1599      5.272      7.647    16.5355 0.0000e+00
      5.393      0.054     0.0961      0.982     64.563  53.464634     3.2875      6.257   183.2640 1.2553e-01     4.1560      5.289      7.671    16.5203 0.0000e+00
      5.409      0.056     0.0955      0.975     64.614  53.496363     3.2506      6.258   183.0075 1.2560e-01     4.1777      5.307      7.695    16.4918 0.0000e+00
      5.423      0.059     0.0955      0.975     64.690  53.544772     3.2366      6.259   182.6511 1.2562e-01     4.2081      5.319      7.714    16.4497 0.0000e+00
      5.435      0.063     0.0956      0.976     64.656  53.477706     3.2466      6.259   182.0527 1.2562e-01     4.1879      5.330      7.731    16.4136 0.0000e+00
      5.449      0.065     0.0958      0.977     64.545  53.321218     3.2800      6.258   181.5371 1.2559e-01     4.0856      5.343      7.749    16.3969 0.0000e+00
      5.467      0.067     0.0972      0.990     64.535  53.242091     3.3372      6.257   181.2346 1.2558e-01     3.9787      5.360      7.773    16.3932 0.0000e+00
      5.488      0.067     0.0983      1.000     64.657  53.283855     3.3687      6.257   180.8916 1.2564e-01     3.9325      5.381      7.805    16.3901 0.0000e+00
      5.510      0.067     0.0986      1.002     64.827  53.381055     3.3668      6.256   180.4863 1.2568e-01     3.9242      5.406      7.840    16.3610 0.0000e+00
      5.528      0.063     0.0979      0.995     64.961  53.463583     3.3599      6.256   180.0342 1.2568e-01     3.9398      5.423      7.865    16.3024 0.0000e+00
      5.541      0.058     0.0971      0.987     65.055  53.518705     3.3588      6.256   179.6421 1.2567e-01     3.9687      5.433      7.880    16.2428 0.0000e+00
      5.554      0.053     0.0971      0.987     65.186  53.602455     3.3622      6.256   179.3587 1.2561e-01     3.9687      5.446      7.899    16.1960 0.0000e+00
      5.566      0.050     0.0961      0.976     65.433  53.776785     3.3639      6.256   179.0164 1.2555e-01     3.9393      5.459      7.918    16.1634 0.0000e+00
      5.578      0.050     0.0933      0.947     65.792  54.036963     3.4072      6.256   178.5148 1.2551e-01     3.8569      5.470      7.933    16.1445 0.0000e+00
      5.589      0.053     0.0920      0.934     66.128  54.268540     3.5006      6.255   178.0258 1.2550e-01     3.7666      5.481      7.950    16.1317 0.0000e+00
      5.600      0.055     0.0938      0.950     66.288  54.351349     3.5554      6.255   177.6645 1.2553e-01     3.7627      5.490      7.963    16.1119 0.0000e+00
      5.615      0.056     0.0962      0.974     66.316  54.338739     3.5548      6.255   177.1571 1.2556e-01     3.7795      5.504      7.984    16.0898 0.0000e+00
      5.634      0.056     0.0972      0.984     66.371  54.370362     3.4750      6.255   176.5380 1.2553e-01     3.6647      5.526      8.015    16.0663 0.0000e+00
      5.651      0.055     0.0964      0.976     66.504  54.479354     3.3258      6.254   176.1151 1.2549e-01     3.4120      5.545      8.041    16.0308 0.0000e+00
      5.664      0.053     0.0954      0.966     66.697  54.639219     3.2492      6.254   175.7442 1.2552e-01     3.2573      5.555      8.056    15.9890 0.0000e+00
      5.675      0.048     0.0961      0.974     66.946  54.840873     3.2482      6.255   175.2362 1.2557e-01     3.2898      5.566      8.072    15.9583 0.0000e+00
      5.686      0.044     0.0967      0.979     67.174  55.010014     3.2482      6.256   174.7046 1.2559e-01     3.3470      5.579      8.091    15.9516 0.0000e+00
      5.696      0.042     0.0945      0.956     67.324  55.094670     3.2496      6.256   174.2209 1.2554e-01     3.3390      5.588      8.103    15.9567 0.0000e+00
      5.706      0.042     0.0921      0.931     67.464  55.164961     3.2456      6.255   173.8625 1.2553e-01     3.3149      5.594      8.114    15.9555 0.0000e+00
      5.718      0.041     0.0912      0.921     67.590  55.223989     3.2377      6.254   173.6414 1.2557e-01     3.2997      5.607      8.133    15.9593 0.0000e+00
      5.730      0.041     0.0905      0.913     67.656  55.236054     3.2366      6.254   173.2678 1.2555e-01     3.2772      5.620      8.151    15.9511 0.0000e+00
      5.741      0.042     0.0892      0.900     67.711  55.247200     3.2141      6.254   172.6143 1.2558e-01     3.2872      5.628      8.164    15.9138 0.0000e+00
      5.751      0.043     0.0886      0.893     67.795  55.295131     3.1675      6.254   172.1077 1.2563e-01     3.3288      5.641      8.182    15.8804 0.0000e+00
      5.760      0.046     0.0881      0.888     67.904  55.370456     3.1327      6.253   171.8741 1.2558e-01     3.3524      5.650      8.194    15.8497 0.0000e+00
      5.768      0.049     0.0877      0.884     68.039  55.458493     3.1146      6.252   171.4251 1.2554e-01     3.3286      5.655      8.200    15.8141 0.0000e+00
      5.782      0.052     0.0887      0.894     68.178  55.532943     3.1139      6.251   170.8081 1.2556e-01     3.2549      5.669      8.222    15.7892 0.0000e+00
      5.799      0.055     0.0893      0.899     68.280  55.571124     3.1249      6.251   170.3509 1.2554e-01     3.1639      5.687      8.248    15.7748 0.0000e+00
      5.816      0.059     0.0908      0.914     68.362  55.602154     3.1280      6.251   169.9413 1.2551e-01     3.1122      5.703      8.271    15.7698 0.0000e+00
      5.831      0.061     0.0929      0.935     68.458  55.653732     3.1242      6.251   169.4696 1.2553e-01     3.1187      5.719      8.295    15.7566 0.0000e+00
      5.846      0.059     0.0919      0.924     68.535  55.686025     3.1340      6.252   168.9496 1.2554e-01     3.0902      5.731      8.313    15.7242 0.0000e+00
      5.861      0.055     0.0907      0.911     68.564  55.674631     3.1538      6.253   168.3860 1.2556e-01     2.9807      5.747      8.334    15.6866 0.0000e+00
      5.877      0.050     0.0912      0.916     68.566  55.643107     3.1705      6.254   167.9027 1.2556e-01     2.9234      5.765      8.361    15.6604 0.0000e+00
      5.891      0.044     0.0902      0.906     68.575  55.622764     3.1797      6.255   167.6663 1.2555e-01     2.9466      5.778      8.381    15.6465 0.0000e+00
      5.901      0.036     0.0906      0.910     68.595  55.619379     3.1457      6.255   167.5074 1.2555e-01     2.9566      5.788      8.394    15.6243 0.0000e+00
      5.908      0.028     0.0917      0.920     68.590  55.602155     3.0810      6.256   167.1856 1.2554e-01     2.9526      5.795      8.405    15.5952 0.0000e+00
      5.913      0.022     0.0901      0.904     68.599  55.605261     3.0500      6.258   166.8725 1.2551e-01     2.9294      5.799      8.412    15.5713 0.0000e+00
      5.916      0.020     0.0890      0.893     68.666  55.656926     3.0479      6.260   166.9059 1.2550e-01     2.8889      5.802      8.416    15.5507 0.0000e+00
      5.918      0.022     0.0886      0.889     68.757  55.718150     3.0546      6.260   167.0724 1.2552e-01     2.8912      5.804      8.419    15.5361 0.0000e+00
      5.921      0.027     0.0871      0.874     68.852  55.773213     3.0663      6.260   166.9076 1.2553e-01     2.9257      5.805      8.420    15.5254 0.0000e+00
      5.928      0.034     0.0868      0.870     68.926  55.813956     3.0610      6.260   166.4618 1.2552e-01     2.9407      5.810      8.428    15.5239 0.0000e+00
      5.939      0.042     0.0883      0.884     68.963  55.829223     3.0460      6.261   166.0705 1.2547e-01     2.9190      5.823      8.446    15.5287 0.0000e+00
      5.953      0.050     0.0888      0.889     68.986  55.830613     3.0500      6.262   166.0475 1.2540e-01     2.8780      5.838      8.467    15.5163 0.0000e+00
      5.968      0.056     0.0877      0.878     69.013  55.830751     3.1091      6.261   166.0983 1.2538e-01     2.8719      5.852      8.488    15.4964 0.0000e+00
      5.983      0.057     0.0864      0.865     69.044  55.830858     3.2006      6.261   165.8240 1.2541e-01     2.9058      5.867      8.509    15.4832 0.0000e+00
      5.998      0.054     0.0862      0.863     69.070  55.831881     3.2464      6.261   165.3977 1.2548e-01     2.9218      5.881      8.531    15.4742 0.0000e+00
      6.014      0.049     0.0875      0.875     69.093  55.843094     3.2491      6.262   165.0745 1.2553e-01     2.9124      5.898      8.555    15.4628 0.0000e+00
      6.029      0.043     0.0885      0.885     69.084  55.839248     3.2147      6.263   164.8413 1.2550e-01     2.8537      5.916      8.581    15.4468 0.0000e+00
      6.038      0.036     0.0879      0.880     69.011  55.785385     3.1532      6.264   164.4704 1.2551e-01     2.7609      5.924      8.592    15.4271 0.0000e+00
      6.043      0.031     0.0870      0.870     68.899  55.700547     3.1297      6.265   164.0319 1.2559e-01     2.7367      5.926      8.595    15.4080 0.0000e+00
      6.048      0.027     0.0857      0.857     68.815  55.640117     3.1323      6.266   163.5826 1.2560e-01     2.7451      5.931      8.602    15.4049 0.0000e+00
      6.053      0.026     0.0836      0.837     68.792  55.627016     3.1118      6.267   163.1683 1.2553e-01     2.7703      5.937      8.610    15.4102 0.0000e+00
      6.059      0.029     0.0830      0.831     68.859  55.669324     3.0751      6.268   162.9814 1.2548e-01     2.8272      5.941      8.617    15.4144 0.0000e+00
      6.067      0.034     0.0842      0.843     69.192  55.897304     3.0561      6.268   162.7857 1.2549e-01     2.8537      5.950      8.629    15.4172 0.0000e+00
      6.077      0.038     0.0850      0.849     69.849  56.348652     3.0564      6.268   162.2646 1.2549e-01     2.8768      5.959      8.642    15.4224 0.0000e+00
      6.087      0.042     0.0858      0.856     70.536  56.802425     3.0600      6.267   161.6702 1.2549e-01     2.8627      5.967      8.655    15.4328 0.0000e+00
      6.099      0.044     0.0868      0.864     70.955  57.059630     3.0634      6.267   161.3645 1.2551e-01     2.7745      5.981      8.674    15.4262 0.0000e+00
      6.113      0.044     0.0870      0.866     71.065  57.105563     3.0604      6.269   161.2354 1.2549e-01     2.6955      5.996      8.695    15.3997 0.0000e+00
      6.125      0.043     0.0876      0.872     71.010  57.039797     3.0512      6.269   160.9684 1.2549e-01     2.6702      6.007      8.713    15.3420 0.0000e+00
      6.134      0.042     0.0883      0.879     70.939  56.963931     3.0267      6.269   160.4599 1.2553e-01     2.7439      6.016      8.725    15.2536 0.0000e+00
