Data/DataNotYetUploadedToEDI/Raw_CTD/RawDownloads/091718_fcr30.cnv
* Sea-Bird SBE19plus  Data File:
* FileName = C:\DATA\20180917_fcr_0003.hex
* Software version 2.6.3.104 SB_Terminal.dll
* Temperature SN = 7809
* Conductivity SN = 7809
* System UpLoad Time = Sep 17 2018 17:51:49
* <ApplicationData>
* <Seaterm232>
# nquan = 15
# nvalues = 521                         
# units = specified
# name 0 = depFM: Depth [fresh water, m]
# name 1 = dz/dtM: Descent Rate [m/s]
# name 2 = sbeox0Mg/L: Oxygen, SBE 43 [mg/l]
# name 3 = sbeox0PS: Oxygen, SBE 43 [% saturation]
# name 4 = specc: Specific Conductance [uS/cm]
# name 5 = c0uS/cm: Conductivity [uS/cm]
# name 6 = flECO-AFL: Fluorescence, WET Labs ECO-AFL/FL [mg/m^3]
# name 7 = ph: pH
# name 8 = orp: Oxidation Reduction Potential [mV]
# name 9 = par/sat/log: PAR/Logarithmic, Satlantic
# name 10 = turbWETntu0: Turbidity, WET Labs ECO [NTU]
# name 11 = prdM: Pressure, Strain Gauge [db]
# name 12 = prdE: Pressure, Strain Gauge [psi]
# name 13 = tv290C: Temperature [ITS-90, deg C]
# name 14 = flag:  0.000e+00
# span 0 =     -0.602,      5.245       
# span 1 =     -0.157,      0.180       
# span 2 =     0.1261,     8.3870       
# span 3 =      1.303,     97.294       
# span 4 =      4.566,     86.908       
# span 5 =   4.341876,  72.616548       
# span 6 =    -0.1943,    11.7072       
# span 7 =      6.316,      7.986       
# span 8 =   110.8913,   313.8555       
# span 9 = 3.0845e-01, 6.2223e+02       
# span 10 =    -0.7026,    31.9694      
# span 11 =     -0.591,      5.144      
# span 12 =     -0.857,      7.461      
# span 13 =    16.6795,    22.7996      
# span 14 = 0.0000e+00, 0.0000e+00      
# interval = seconds: 0.25
# start_time = Sep 17 2018 15:46:00 [Instrument's time stamp, header]
# bad_flag = -9.990e-29
*END*
[from data line 290]
      1.911      0.050     6.6665     77.085     35.972  34.223299     4.7741      7.093   245.8179 3.6140e+01     2.3404      1.873      2.715    22.5640 0.0000e+00
      1.925      0.057     6.6673     77.091     36.026  34.273799     4.7699      7.089   246.0713 3.5473e+01     2.3253      1.888      2.738    22.5640 0.0000e+00
      1.943      0.062     6.6705     77.126     36.049  34.293994     4.7239      7.085   246.2537 3.4674e+01     2.2946      1.904      2.761    22.5641 0.0000e+00
      1.963      0.062     6.6741     77.163     36.034  34.276909     4.6402      7.082   246.3883 3.3798e+01     2.2737      1.924      2.791    22.5647 0.0000e+00
      1.984      0.059     6.6761     77.182     36.016  34.257774     4.5942      7.082   246.4087 3.3146e+01     2.2868      1.948      2.826    22.5649 0.0000e+00
      1.999      0.053     6.6768     77.184     36.013  34.253187     4.5897      7.083   246.4133 3.2774e+01     2.3007      1.962      2.846    22.5635 0.0000e+00
      2.010      0.047     6.6743     77.146     35.984  34.221444     4.5863      7.084   246.5306 3.2477e+01     2.2893      1.971      2.858    22.5605 0.0000e+00
      2.019      0.042     6.6691     77.075     35.958  34.191557     4.5531      7.085   246.6221 3.2205e+01     2.3319      1.980      2.871    22.5573 0.0000e+00
      2.026      0.039     6.6643     77.012     35.982  34.209404     4.5002      7.085   246.6594 3.1905e+01     2.4192      1.986      2.881    22.5545 0.0000e+00
      2.035      0.039     6.6591     76.947     36.023  34.246674     4.4801      7.084   246.7236 3.1544e+01     2.4597      1.994      2.893    22.5523 0.0000e+00
      2.045      0.041     6.6523     76.864     36.041  34.261088     4.4754      7.083   246.7957 3.1167e+01     2.4856      2.005      2.908    22.5462 0.0000e+00
      2.056      0.043     6.6421     76.739     36.040  34.256638     4.4346      7.083   246.8432 3.0764e+01     2.4878      2.016      2.923    22.5368 0.0000e+00
      2.068      0.044     6.6282     76.571     36.043  34.256375     4.3725      7.084   246.8677 3.0333e+01     2.4560      2.027      2.941    22.5309 0.0000e+00
      2.081      0.046     6.6132     76.391     36.048  34.257901     4.3407      7.084   247.0062 2.9958e+01     2.4680      2.041      2.960    22.5289 0.0000e+00
      2.093      0.050     6.5992     76.225     36.069  34.275079     4.3352      7.080   247.4848 2.9688e+01     2.5101      2.053      2.978    22.5269 0.0000e+00
      2.103      0.056     6.5896     76.111     36.069  34.273517     4.3243      7.073   248.0938 2.9392e+01     2.5071      2.061      2.990    22.5214 0.0000e+00
      2.113      0.061     6.5832     76.034     36.034  34.239019     4.3009      7.066   248.3482 2.8927e+01     2.4634      2.071      3.004    22.5154 0.0000e+00
      2.129      0.063     6.5769     75.957     36.036  34.239072     4.2814      7.063   248.2376 2.8211e+01     2.4393      2.084      3.024    22.5112 0.0000e+00
      2.152      0.062     6.5723     75.899     36.075  34.274148     4.2731      7.063   248.0465 2.7355e+01     2.4589      2.110      3.060    22.5074 0.0000e+00
      2.177      0.056     6.5702     75.874     36.084  34.282010     4.2273      7.063   248.0162 2.6730e+01     2.4878      2.140      3.102    22.5062 0.0000e+00
      2.194      0.048     6.5694     75.868     36.071  34.270618     4.1421      7.064   248.1288 2.6451e+01     2.4830      2.154      3.124    22.5053 0.0000e+00
      2.202      0.038     6.5670     75.843     36.062  34.263449     4.0881      7.064   248.2898 2.6394e+01     2.4623      2.161      3.135    22.5014 0.0000e+00
      2.204      0.031     6.5609     75.771     36.058  34.258849     4.0707      7.063   248.5010 2.6442e+01     2.4814      2.162      3.135    22.4973 0.0000e+00
      2.204      0.029     6.5547     75.696     36.081  34.278519     4.0697      7.062   248.7891 2.6380e+01     2.5604      2.159      3.130    22.4958 0.0000e+00
      2.209      0.033     6.5527     75.668     36.117  34.310713     4.0766      7.060   249.1060 2.6125e+01     2.6555      2.165      3.139    22.4988 0.0000e+00
      2.219      0.041     6.5537     75.672     36.142  34.330509     4.0796      7.058   249.2359 2.5753e+01     2.6850      2.176      3.156    22.5022 0.0000e+00
      2.233      0.048     6.5562     75.689     36.144  34.327309     4.0784      7.055   249.2411 2.5299e+01     2.6726      2.189      3.176    22.5002 0.0000e+00
      2.250      0.053     6.5595     75.716     36.159  34.335535     4.0616      7.052   249.3407 2.4835e+01     2.6889      2.206      3.200    22.4972 0.0000e+00
      2.266      0.055     6.5590     75.700     36.197  34.366439     4.0335      7.050   249.5792 2.4433e+01     2.6985      2.223      3.224    22.4949 0.0000e+00
      2.280      0.055     6.5513     75.601     36.220  34.383368     4.0141      7.048   249.8879 2.4103e+01     2.6970      2.236      3.244    22.4897 0.0000e+00
      2.293      0.055     6.5371     75.424     36.259  34.413181     4.0111      7.045   250.1477 2.3808e+01     2.7025      2.248      3.261    22.4811 0.0000e+00
      2.304      0.057     6.5189     75.201     36.329  34.472821     4.0152      7.042   250.3115 2.3502e+01     2.7040      2.260      3.277    22.4722 0.0000e+00
      2.318      0.061     6.4994     74.962     36.399  34.532795     4.0731      7.038   250.4064 2.3132e+01     2.7455      2.273      3.295    22.4658 0.0000e+00
      2.333      0.067     6.4809     74.737     36.441  34.566649     4.1968      7.034   250.4344 2.2659e+01     2.8378      2.287      3.316    22.4596 0.0000e+00
      2.352      0.072     6.4654     74.549     36.444  34.564542     4.2784      7.032   250.4783 2.2131e+01     2.9039      2.306      3.344    22.4506 0.0000e+00
      2.372      0.076     6.4497     74.360     36.454  34.570823     4.2879      7.030   250.5928 2.1589e+01     2.9351      2.325      3.372    22.4405 0.0000e+00
      2.394      0.077     6.4331     74.162     36.534  34.642590     4.2935      7.029   250.7003 2.1061e+01     3.0011      2.347      3.406    22.4311 0.0000e+00
      2.417      0.075     6.4160     73.959     36.633  34.733563     4.3189      7.028   250.8309 2.0638e+01     3.0916      2.372      3.441    22.4228 0.0000e+00
      2.436      0.072     6.3960     73.723     36.687  34.781497     4.3381      7.029   250.9677 2.0313e+01     3.1436      2.391      3.467    22.4164 0.0000e+00
      2.452      0.067     6.3753     73.478     36.686  34.777515     4.3318      7.029   251.0635 1.9995e+01     3.1422      2.404      3.487    22.4110 0.0000e+00
      2.467      0.062     6.3584     73.280     36.658  34.748934     4.2433      7.029   251.1294 1.9675e+01     3.0442      2.419      3.509    22.4063 0.0000e+00
      2.482      0.057     6.3493     73.172     36.664  34.753513     4.0953      7.029   251.1615 1.9372e+01     2.8741      2.435      3.531    22.4022 0.0000e+00
      2.496      0.053     6.3510     73.191     36.680  34.769355     4.0218      7.029   251.1941 1.9077e+01     2.7639      2.449      3.551    22.3974 0.0000e+00
      2.510      0.051     6.3631     73.331     36.660  34.749920     4.0162      7.029   251.2654 1.8825e+01     2.7184      2.461      3.570    22.3934 0.0000e+00
      2.522      0.051     6.3805     73.528     36.618  34.709089     3.9992      7.028   251.4217 1.8626e+01     2.6907      2.474      3.588    22.3908 0.0000e+00
      2.534      0.052     6.4000     73.748     36.566  34.656783     3.9731      7.027   251.7062 1.8436e+01     2.7039      2.485      3.604    22.3890 0.0000e+00
      2.545      0.056     6.4212     73.984     36.471  34.562123     3.9586      7.023   252.1247 1.8235e+01     2.7563      2.496      3.620    22.3891 0.0000e+00
      2.558      0.062     6.4411     74.195     36.366  34.453821     3.9517      7.016   252.5233 1.7977e+01     2.7749      2.509      3.637    22.3900 0.0000e+00
      2.573      0.070     6.4559     74.329     36.290  34.363602     3.9535      7.010   252.7400 1.7647e+01     2.7763      2.522      3.657    22.3889 0.0000e+00
      2.592      0.076     6.4635     74.358     36.184  34.233482     3.9529      7.005   252.8530 1.7260e+01     2.8337      2.541      3.685    22.3843 0.0000e+00
      2.616      0.078     6.4625     74.275     36.069  34.087362     3.9361      7.002   252.9421 1.6827e+01     2.8895      2.566      3.721    22.3797 0.0000e+00
      2.640      0.077     6.4532     74.101     36.007  33.994202     3.9251      7.000   252.9576 1.6395e+01     2.9322      2.590      3.757    22.3704 0.0000e+00
      2.663      0.071     6.4406     73.904     35.970  33.932766     3.9305      7.000   253.0408 1.6029e+01     2.9832      2.613      3.790    22.3454 0.0000e+00
      2.682      0.062     6.4278     73.719     35.905  33.852642     3.8904      7.000   253.1737 1.5786e+01     3.0175      2.633      3.819    22.3030 0.0000e+00
      2.696      0.053     6.4167     73.562     35.785  33.724082     3.7979      7.000   253.1873 1.5649e+01     3.0732      2.646      3.837    22.2469 0.0000e+00
      2.704      0.046     6.4086     73.450     35.648  33.585154     3.7497      7.000   253.2048 1.5554e+01     3.1373      2.653      3.847    22.1955 0.0000e+00
      2.711      0.043     6.4016     73.355     35.505  33.443186     3.7490      6.999   253.2998 1.5454e+01     3.1824      2.659      3.857    22.1611 0.0000e+00
      2.719      0.043     6.3956     73.261     35.343  33.277857     3.7344      6.996   253.4756 1.5320e+01     3.2525      2.666      3.867    22.1348 0.0000e+00
      2.729      0.046     6.3916     73.173     35.254  33.174032     3.7022      6.993   253.6956 1.5131e+01     3.3140      2.675      3.880    22.1132 0.0000e+00
      2.743      0.051     6.3891     73.090     35.248  33.140547     3.6808      6.993   253.8093 1.4876e+01     3.3460      2.688      3.899    22.1005 0.0000e+00
      2.759      0.055     6.3864     73.001     35.264  33.127002     3.6778      6.991   253.8181 1.4617e+01     3.3953      2.706      3.925    22.0941 0.0000e+00
      2.775      0.059     6.3818     72.903     35.299  33.137256     3.6852      6.988   253.9736 1.4413e+01     3.5130      2.723      3.949    22.0787 0.0000e+00
      2.790      0.062     6.3723     72.767     35.314  33.137460     3.6876      6.987   254.3984 1.4209e+01     3.6702      2.737      3.968    22.0476 0.0000e+00
      2.805      0.067     6.3562     72.559     35.319  33.129453     3.6791      6.983   254.9104 1.3984e+01     3.7387      2.751      3.990    22.0057 0.0000e+00
      2.820      0.072     6.3353     72.292     35.375  33.167460     3.6745      6.977   255.2599 1.3769e+01     3.7617      2.766      4.012    21.9608 0.0000e+00
      2.837      0.077     6.3104     71.976     35.444  33.215880     3.6501      6.972   255.3552 1.3514e+01     3.9487      2.781      4.033    21.9268 0.0000e+00
      2.859      0.081     6.2784     71.578     35.452  33.206765     3.6043      6.969   255.2878 1.3159e+01     4.2593      2.800      4.063    21.9121 0.0000e+00
      2.885      0.083     6.2385     71.094     35.445  33.184256     3.5805      6.966   255.2202 1.2763e+01     4.4051      2.829      4.103    21.8987 0.0000e+00
      2.911      0.080     6.1890     70.509     35.470  33.197763     3.5730      6.964   255.1394 1.2444e+01     4.3988      2.857      4.143    21.8743 0.0000e+00
      2.932      0.075     6.1240     69.757     35.525  33.243036     3.5420      6.962   254.9991 1.2209e+01     4.5194      2.876      4.171    21.8527 0.0000e+00
      2.949      0.068     6.0472     68.876     35.576  33.287035     3.4899      6.962   254.9006 1.2017e+01     4.7341      2.892      4.194    21.8281 0.0000e+00
      2.964      0.059     5.9667     67.955     35.577  33.285138     3.4574      6.961   254.8952 1.1878e+01     4.7970      2.908      4.218    21.8028 0.0000e+00
      2.977      0.052     5.8879     67.052     35.578  33.283611     3.4436      6.959   254.8480 1.1751e+01     4.7913      2.920      4.234    21.7896 0.0000e+00
      2.987      0.049     5.8164     66.231     35.633  33.332086     3.4245      6.957   254.7593 1.1613e+01     4.8486      2.929      4.248    21.7827 0.0000e+00
      2.998      0.048     5.7580     65.561     35.737  33.426634     3.3551      6.955   254.9417 1.1482e+01     5.1240      2.939      4.263    21.7785 0.0000e+00
      3.010      0.049     5.7142     65.056     35.859  33.537561     3.2481      6.954   255.2457 1.1342e+01     5.6185      2.951      4.279    21.7749 0.0000e+00
      3.023      0.053     5.6833     64.699     35.923  33.593527     3.1867      6.952   255.4237 1.1206e+01     5.8833      2.965      4.299    21.7709 0.0000e+00
      3.035      0.059     5.6615     64.446     35.928  33.595182     3.1649      6.949   255.5458 1.1073e+01     5.8850      2.977      4.317    21.7663 0.0000e+00
      3.049      0.065     5.6401     64.199     36.025  33.684601     3.1310      6.946   255.6028 1.0892e+01     6.0353      2.988      4.334    21.7616 0.0000e+00
      3.067      0.070     5.6149     63.909     36.271  33.912483     3.0810      6.943   255.6837 1.0643e+01     6.3581      3.006      4.360    21.7575 0.0000e+00
      3.088      0.072     5.5858     63.570     36.506  34.127405     3.0561      6.940   255.7488 1.0370e+01     6.5222      3.029      4.392    21.7525 0.0000e+00
      3.111      0.072     5.5501     63.155     36.576  34.187130     3.0504      6.938   255.7019 1.0121e+01     6.5250      3.051      4.426    21.7480 0.0000e+00
      3.132      0.068     5.5042     62.625     36.516  34.126456     3.0294      6.936   255.8050 9.9242e+00     6.5740      3.071      4.455    21.7463 0.0000e+00
      3.149      0.062     5.4433     61.930     36.481  34.092490     3.0050      6.933   256.0489 9.7879e+00     6.6879      3.090      4.482    21.7444 0.0000e+00
      3.162      0.055     5.3626     61.011     36.483  34.094038     2.9942      6.930   256.1559 9.6854e+00     6.7732      3.103      4.501    21.7376 0.0000e+00
      3.172      0.050     5.2693     59.949     36.470  34.081662     2.9915      6.925   256.3234 9.5946e+00     6.7812      3.111      4.512    21.7279 0.0000e+00
      3.182      0.046     5.1816     58.951     36.525  34.133407     2.9348      6.919   256.6129 9.5002e+00     6.7532      3.120      4.525    21.7212 0.0000e+00
      3.194      0.044     5.1091     58.127     36.608  34.211531     2.8328      6.912   256.8163 9.3837e+00     6.7407      3.132      4.543    21.7210 0.0000e+00
      3.208      0.043     5.0543     57.505     36.664  34.264031     2.7878      6.907   256.8899 9.2519e+00     6.7527      3.146      4.563    21.7223 0.0000e+00
      3.220      0.043     5.0180     57.092     36.796  34.387081     2.7857      6.903   256.9007 9.1493e+00     6.7457      3.158      4.581    21.7203 0.0000e+00
      3.230      0.043     4.9972     56.850     36.912  34.492474     2.7616      6.899   256.9472 9.0741e+00     6.8077      3.168      4.596    21.7197 0.0000e+00
      3.239      0.044     4.9897     56.754     36.952  34.522032     2.7349      6.894   257.0216 8.9783e+00     6.9837      3.176      4.606    21.7218 0.0000e+00
      3.248      0.046     4.9895     56.734     36.998  34.553897     2.7296      6.888   257.1976 8.8630e+00     7.1031      3.184      4.618    21.7222 0.0000e+00
      3.259      0.051     4.9827     56.633     37.022  34.560143     2.7341      6.880   257.4411 8.7470e+00     7.1530      3.196      4.635    21.7237 0.0000e+00
      3.273      0.058     4.9612     56.364     37.012  34.534008     2.7346      6.869   257.6424 8.5988e+00     7.1910      3.208      4.653    21.7188 0.0000e+00
