Data/DataNotYetUploadedToEDI/Raw_CTD/RawDownloads/091718_fcr20.cnv
* Sea-Bird SBE19plus  Data File:
* FileName = C:\DATA\20180917_fcr_0002.hex
* Software version 2.6.3.104 SB_Terminal.dll
* Temperature SN = 7809
* Conductivity SN = 7809
* System UpLoad Time = Sep 17 2018 17:51:31
* <ApplicationData>
* <Seaterm232>
# nquan = 15
# nvalues = 446                         
# units = specified
# name 0 = depFM: Depth [fresh water, m]
# name 1 = dz/dtM: Descent Rate [m/s]
# name 2 = sbeox0Mg/L: Oxygen, SBE 43 [mg/l]
# name 3 = sbeox0PS: Oxygen, SBE 43 [% saturation]
# name 4 = specc: Specific Conductance [uS/cm]
# name 5 = c0uS/cm: Conductivity [uS/cm]
# name 6 = flECO-AFL: Fluorescence, WET Labs ECO-AFL/FL [mg/m^3]
# name 7 = ph: pH
# name 8 = orp: Oxidation Reduction Potential [mV]
# name 9 = par/sat/log: PAR/Logarithmic, Satlantic
# name 10 = turbWETntu0: Turbidity, WET Labs ECO [NTU]
# name 11 = prdM: Pressure, Strain Gauge [db]
# name 12 = prdE: Pressure, Strain Gauge [psi]
# name 13 = tv290C: Temperature [ITS-90, deg C]
# name 14 = flag:  0.000e+00
# span 0 =     -0.601,      2.733       
# span 1 =     -0.185,      0.246       
# span 2 =     4.8842,     8.1505       
# span 3 =     56.394,     94.299       
# span 4 =      2.235,     35.957       
# span 5 =   2.097787,  34.252883       
# span 6 =    -0.1901,     5.6323       
# span 7 =      6.682,      7.968       
# span 8 =   216.6608,   296.0439       
# span 9 = 3.4507e+00, 1.1637e+02       
# span 10 =    -0.2535,    12.9510      
# span 11 =     -0.589,      2.681      
# span 12 =     -0.856,      3.889      
# span 13 =    21.5067,    22.6300      
# span 14 = 0.0000e+00, 0.0000e+00      
# interval = seconds: 0.25
# start_time = Sep 17 2018 15:06:31 [Instrument's time stamp, header]
# bad_flag = -9.990e-29
*END*
     -0.600 -3.694e-08     8.0263     91.654      2.235   2.097787    -0.1851      6.682   290.1507 3.0460e+01     0.0047     -0.588     -0.853    21.9165 0.0000e+00
     -0.600 -4.064e-07     8.0283     91.678      3.465   3.251180    -0.1901      6.698   294.0244 3.0296e+01    -0.0293     -0.588     -0.853    21.9166 0.0000e+00
     -0.600      0.000     8.0292     91.688      4.560   4.279245    -0.1869      6.721   295.9962 2.9959e+01    -0.0305     -0.588     -0.853    21.9165 0.0000e+00
     -0.600     -0.000     8.0289     91.685      4.465   4.190460    -0.1825      6.733   293.9449 2.9987e+01    -0.0403     -0.588     -0.853    21.9163 0.0000e+00
     -0.600     -0.001     8.0288     91.684      3.740   3.509633    -0.1747      6.730   291.1626 3.1998e+01    -0.0562     -0.589     -0.854    21.9163 0.0000e+00
     -0.600     -0.001     8.0288     91.684      3.155   2.960467    -0.1653      6.722   290.9207 3.8076e+01    -0.0390     -0.588     -0.853    21.9164 0.0000e+00
     -0.600     -0.000     8.0285     91.680      2.796   2.624174    -0.1705      6.716   291.7083 4.8858e+01    -0.0459     -0.589     -0.854    21.9163 0.0000e+00
     -0.601      0.000     8.0282     91.677      2.583   2.424234    -0.1820      6.715   294.0605 6.1759e+01    -0.0792     -0.589     -0.854    21.9165 0.0000e+00
     -0.601      0.001     8.0272     91.671      2.470   2.318714    -0.1850      6.718   296.0439 7.1472e+01    -0.1062     -0.589     -0.855    21.9163 0.0000e+00
     -0.601      0.006     8.0235     91.669      3.189   2.997190    -0.1798      6.728   295.2119 7.5972e+01    -0.1278     -0.589     -0.854    21.9164 0.0000e+00
     -0.601      0.020     8.0121     91.675      8.384   7.900550    -0.1733      6.797   294.8414 7.8429e+01    -0.1880     -0.589     -0.854    21.9160 0.0000e+00
     -0.601      0.044     7.9945     91.691     20.027  18.908880    -0.1713      7.027   280.8962 8.2724e+01    -0.2535     -0.589     -0.855    21.9164 0.0000e+00
     -0.596      0.075     7.9780     91.708     31.047  29.358847    -0.1741      7.395   251.5297 8.9595e+01    -0.2494     -0.589     -0.856    21.9158 0.0000e+00
     -0.578      0.112     7.9644     91.705     35.252  33.385243    -0.1607      7.722   237.1262 9.5208e+01    -0.1993     -0.576     -0.834    21.9180 0.0000e+00
     -0.541      0.152     7.9525     91.690     35.720  33.876631    -0.0645      7.905   235.1161 9.8320e+01     0.1088     -0.536     -0.777    21.9957 0.0000e+00
     -0.491      0.190     7.9438     91.696     35.836  34.029898     0.8606      7.968   226.4512 1.0208e+02     3.4453     -0.485     -0.702    22.1493 0.0000e+00
     -0.432      0.221     7.9412     91.748     35.869  34.095136     2.5511      7.965   217.1943 1.0709e+02     9.5627     -0.426     -0.617    22.2705 0.0000e+00
     -0.368      0.241     7.9480     91.880     35.845  34.093820     3.4750      7.929   216.7159 1.1171e+02    12.8856     -0.362     -0.525    22.3484 0.0000e+00
     -0.300      0.246     7.9650     92.109     35.814  34.077525     3.5846      7.879   223.0751 1.1489e+02    12.9510     -0.293     -0.425    22.4164 0.0000e+00
     -0.231      0.235     7.9910     92.429     35.818  34.088693     3.8585      7.834   224.9076 1.1473e+02    10.2620     -0.226     -0.328    22.4787 0.0000e+00
     -0.163      0.208     8.0244     92.826     35.827  34.101823     4.3415      7.797   219.8584 1.1076e+02     5.2746     -0.159     -0.232    22.5279 0.0000e+00
     -0.102      0.170     8.0622     93.271     35.832  34.109253     4.6006      7.767   216.6608 1.0565e+02     2.5461     -0.093     -0.135    22.5564 0.0000e+00
     -0.060      0.127     8.1059     93.780     35.836  34.115017     4.6205      7.744   216.8758 9.5360e+01     2.2971     -0.050     -0.073    22.5721 0.0000e+00
     -0.040      0.086     8.1460     94.247     35.828  34.107994     4.6366      7.726   217.4674 8.3414e+01     2.2952     -0.033     -0.049    22.5813 0.0000e+00
     -0.036      0.052     8.1505     94.299     35.806  34.087853     4.6669      7.711   217.9634 8.2203e+01     2.2784     -0.033     -0.048    22.5876 0.0000e+00
     -0.039      0.028     8.0876     93.574     35.779  34.062041     4.6924      7.699   218.3983 8.5917e+01     2.2159     -0.039     -0.057    22.5915 0.0000e+00
     -0.039      0.016     7.9463     91.941     35.765  34.049973     4.7069      7.690   218.9406 8.8547e+01     2.1805     -0.041     -0.059    22.5938 0.0000e+00
     -0.034      0.012     7.7312     89.454     35.784  34.068980     4.7129      7.683   219.5300 8.6466e+01     2.1565     -0.034     -0.049    22.5946 0.0000e+00
     -0.026      0.012     7.4638     86.361     35.818  34.101306     4.7099      7.675   220.1036 7.6468e+01     2.1395     -0.025     -0.036    22.5947 0.0000e+00
     -0.021      0.012     7.1784     83.058     35.841  34.123238     4.7069      7.668   220.7136 6.9845e+01     2.1272     -0.019     -0.028    22.5960 0.0000e+00
     -0.019      0.011     6.9044     79.887     35.862  34.143609     4.7144      7.661   221.3135 6.8816e+01     2.1295     -0.018     -0.026    22.5975 0.0000e+00
     -0.019      0.008     6.6659     77.127     35.877  34.157051     4.7359      7.653   221.8497 6.7852e+01     2.1675     -0.019     -0.027    22.5981 0.0000e+00
     -0.019      0.005     6.4824     75.003     35.879  34.158728     4.8293      7.645   222.4643 6.7570e+01     2.1596     -0.019     -0.028    22.5987 0.0000e+00
     -0.017      0.004     6.3590     73.574     35.885  34.163888     4.9883      7.637   223.0659 6.8287e+01     2.1253     -0.016     -0.025    22.5985 0.0000e+00
     -0.015      0.005     6.2876     72.747     35.878  34.155920     5.0776      7.630   223.5309 6.9605e+01     2.1194     -0.014     -0.020    22.5980 0.0000e+00
     -0.015      0.005     6.2536     72.351     35.847  34.125896     5.0716      7.624   224.0427 7.1626e+01     2.1185     -0.015     -0.021    22.5974 0.0000e+00
     -0.014      0.005     6.2384     72.174     35.840  34.118466     4.9903      7.619   224.6083 7.2765e+01     2.1448     -0.014     -0.020    22.5970 0.0000e+00
     -0.012      0.004     6.2257     72.027     35.851  34.129599     4.8578      7.614   225.1210 7.0864e+01     2.1927     -0.011     -0.016    22.5969 0.0000e+00
     -0.011      0.002     6.2073     71.815     35.855  34.133469     4.7835      7.609   225.5962 6.7642e+01     2.2092     -0.010     -0.014    22.5953 0.0000e+00
     -0.010      0.000     6.1801     71.500     35.889  34.165264     4.7720      7.604   226.0523 6.5906e+01     2.1931     -0.011     -0.015    22.5933 0.0000e+00
     -0.010     -0.001     6.1430     71.071     35.922  34.196434     4.7379      7.598   226.4201 6.5501e+01     2.1809     -0.009     -0.013    22.5926 0.0000e+00
     -0.011      0.000     6.0988     70.560     35.918  34.192763     4.6829      7.591   226.6871 6.6544e+01     2.1838     -0.010     -0.014    22.5926 0.0000e+00
     -0.014      0.002     6.0536     70.039     35.908  34.184388     4.6590      7.584   226.9574 6.8677e+01     2.1669     -0.015     -0.021    22.5929 0.0000e+00
     -0.016      0.007     6.0130     69.569     35.881  34.158688     4.6599      7.575   227.2789 6.9675e+01     2.0988     -0.017     -0.025    22.5933 0.0000e+00
     -0.013      0.011     5.9813     69.201     35.858  34.136102     4.6574      7.563   227.6490 6.8956e+01     2.0616     -0.014     -0.021    22.5934 0.0000e+00
     -0.008      0.013     5.9624     68.979     35.890  34.165379     4.6650      7.550   227.9045 6.6918e+01     2.0836     -0.008     -0.012    22.5937 0.0000e+00
      0.000      0.013     5.9579     68.927     35.922  34.195082     4.6974      7.539   228.1314 6.5078e+01     2.0899      0.000      0.001    22.5942 0.0000e+00
      0.008      0.016     5.9665     69.027     35.904  34.177647     4.7176      7.528   228.4993 6.4573e+01     2.1070      0.010      0.015    22.5949 0.0000e+00
      0.010      0.021     5.9864     69.256     35.869  34.145123     4.7157      7.515   228.9108 6.4593e+01     2.1384      0.015      0.022    22.5949 0.0000e+00
      0.005      0.023     6.0140     69.575     35.843  34.119424     4.7024      7.505   229.4078 6.4199e+01     2.1636      0.003      0.004    22.5920 0.0000e+00
      0.006      0.023     6.0435     69.916     35.844  34.120996     4.6756      7.499   229.9482 6.3464e+01     2.1985     -0.003     -0.004    22.5902 0.0000e+00
      0.021      0.022     6.0674     70.193     35.889  34.164131     4.6583      7.493   230.2825 6.3069e+01     2.1944      0.020      0.029    22.5916 0.0000e+00
      0.040      0.020     6.0789     70.327     35.923  34.196343     4.6589      7.485   230.3520 6.3260e+01     2.1445      0.046      0.065    22.5917 0.0000e+00
      0.047      0.019     6.0768     70.303     35.919  34.192873     4.6458      7.476   230.4441 6.3419e+01     2.1131      0.049      0.072    22.5903 0.0000e+00
      0.043      0.015     6.0659     70.176     35.911  34.185700     4.6013      7.469   230.6223 6.3036e+01     2.1209      0.042      0.061    22.5908 0.0000e+00
      0.038      0.009     6.0490     69.980     35.898  34.173130     4.5722      7.466   230.7853 6.1476e+01     2.1468      0.035      0.051    22.5917 0.0000e+00
      0.039      0.004     6.0215     69.662     35.893  34.167925     4.5778      7.462   231.1243 5.8754e+01     2.1513      0.036      0.052    22.5914 0.0000e+00
      0.044      0.004     5.9820     69.204     35.913  34.186283     4.5680      7.457   231.5385 5.7639e+01     2.1462      0.043      0.063    22.5915 0.0000e+00
      0.050      0.005     5.9355     68.667     35.932  34.204551     4.5367      7.452   231.8357 5.8341e+01     2.1452      0.051      0.073    22.5921 0.0000e+00
      0.051      0.006     5.8902     68.145     35.924  34.198247     4.5213      7.449   232.1366 5.9563e+01     2.1392      0.050      0.072    22.5917 0.0000e+00
      0.049      0.005     5.8536     67.723     35.898  34.173579     4.5291      7.447   232.4230 6.0686e+01     2.1651      0.047      0.068    22.5905 0.0000e+00
      0.049      0.004     5.8244     67.386     35.883  34.160355     4.5937      7.444   232.7180 6.1138e+01     2.1837      0.047      0.069    22.5906 0.0000e+00
      0.050      0.005     5.7985     67.088     35.888  34.165400     4.7056      7.439   233.0355 6.1506e+01     2.1512      0.049      0.071    22.5914 0.0000e+00
      0.051      0.007     5.7768     66.836     35.894  34.171060     4.7697      7.434   233.3362 6.0752e+01     2.1379      0.049      0.071    22.5918 0.0000e+00
      0.053      0.007     5.7613     66.654     35.890  34.165275     4.7797      7.428   233.6871 5.9484e+01     2.1751      0.051      0.073    22.5930 0.0000e+00
      0.058      0.005     5.7504     66.527     35.884  34.158970     4.7811      7.423   233.9223 5.7992e+01     2.2042      0.056      0.081    22.5944 0.0000e+00
      0.063      0.002     5.7448     66.463     35.883  34.158335     4.7505      7.421   234.1153 5.6272e+01     2.1850      0.064      0.092    22.5958 0.0000e+00
      0.063      0.000     5.7495     66.519     35.881  34.157595     4.6845      7.419   234.4713 5.5651e+01     2.1566      0.064      0.093    22.5956 0.0000e+00
      0.058      0.000     5.7653     66.703     35.872  34.150031     4.6448      7.415   234.9582 5.5595e+01     2.1355      0.057      0.082    22.5919 0.0000e+00
      0.053     -0.001     5.7878     66.963     35.852  34.130398     4.6469      7.410   235.5286 5.6680e+01     2.1126      0.050      0.072    22.5898 0.0000e+00
      0.052     -0.003     5.8077     67.192     35.832  34.110766     4.6553      7.406   235.9472 5.8457e+01     2.1236      0.050      0.072    22.5914 0.0000e+00
      0.056     -0.003     5.8151     67.277     35.824  34.103221     4.6538      7.402   236.1472 5.9565e+01     2.1467      0.055      0.079    22.5934 0.0000e+00
      0.059     -0.001     5.8077     67.192     35.823  34.102690     4.6478      7.398   236.3122 6.0485e+01     2.1473      0.061      0.088    22.5949 0.0000e+00
      0.059      0.001     5.7886     66.969     35.825  34.104347     4.6473      7.394   236.5649 6.0708e+01     2.1628      0.060      0.086    22.5939 0.0000e+00
      0.054      0.001     5.7598     66.635     35.845  34.123249     4.6386      7.391   236.9658 6.0560e+01     2.1809      0.051      0.074    22.5919 0.0000e+00
      0.051      0.001     5.7258     66.239     35.865  34.140677     4.6165      7.388   237.3745 6.0522e+01     2.1529      0.047      0.068    22.5930 0.0000e+00
      0.053      0.002     5.6908     65.832     35.850  34.124509     4.6001      7.384   237.5480 5.9008e+01     2.1298      0.051      0.074    22.5929 0.0000e+00
      0.058      0.005     5.6567     65.439     35.843  34.118318     4.5872      7.378   237.6008 5.6538e+01     2.1452      0.058      0.084    22.5927 0.0000e+00
      0.061      0.009     5.6259     65.085     35.853  34.129336     4.5715      7.373   237.9277 5.5679e+01     2.1560      0.061      0.088    22.5926 0.0000e+00
      0.061      0.010     5.6004     64.791     35.853  34.130698     4.5573      7.367   238.4034 5.5938e+01     2.1688      0.060      0.086    22.5889 0.0000e+00
      0.062      0.010     5.5804     64.561     35.857  34.134788     4.5439      7.361   238.6200 5.5599e+01     2.1782      0.059      0.086    22.5871 0.0000e+00
      0.065      0.010     5.5670     64.406     35.837  34.115268     4.5285      7.357   238.6530 5.5969e+01     2.1468      0.064      0.092    22.5887 0.0000e+00
      0.069      0.009     5.5611     64.338     35.805  34.085242     4.5093      7.355   238.8029 5.6864e+01     2.1256      0.070      0.100    22.5909 0.0000e+00
      0.073      0.008     5.5598     64.321     35.810  34.089331     4.4859      7.354   239.0562 5.6944e+01     2.1355      0.072      0.104    22.5927 0.0000e+00
      0.075      0.006     5.5592     64.313     35.824  34.101191     4.4669      7.353   239.2206 5.6842e+01     2.1435      0.074      0.108    22.5929 0.0000e+00
      0.076      0.004     5.5571     64.288     35.825  34.101597     4.4534      7.352   239.4128 5.7448e+01     2.1620      0.076      0.110    22.5928 0.0000e+00
      0.075      0.003     5.5509     64.216     35.818  34.094241     4.4529      7.352   239.6599 5.7613e+01     2.1756      0.073      0.106    22.5929 0.0000e+00
      0.074      0.001     5.5407     64.097     35.799  34.075763     4.4794      7.351   239.7990 5.7394e+01     2.1551      0.072      0.104    22.5914 0.0000e+00
      0.075     -0.002     5.5277     63.943     35.793  34.068731     4.5154      7.350   239.9769 5.8279e+01     2.1286      0.073      0.106    22.5900 0.0000e+00
      0.077     -0.004     5.5092     63.728     35.799  34.072735     4.5289      7.349   240.3478 5.8829e+01     2.1297      0.074      0.109    22.5892 0.0000e+00
      0.078     -0.004     5.4838     63.433     35.787  34.060655     4.5149      7.346   240.7558 5.8788e+01     2.1369      0.077      0.114    22.5886 0.0000e+00
      0.074     -0.004     5.4562     63.113     35.776  34.049712     4.4924      7.343   241.0383 5.8934e+01     2.1553      0.074      0.107    22.5882 0.0000e+00
      0.069     -0.006     5.4286     62.793     35.795  34.067458     4.4775      7.340   241.2681 5.9151e+01     2.1683      0.066      0.095    22.5862 0.0000e+00
      0.067     -0.010     5.4011     62.473     35.814  34.084677     4.4734      7.338   241.5555 5.9131e+01     2.1723      0.065      0.094    22.5839 0.0000e+00
      0.068     -0.015     5.3744     62.164     35.796  34.067345     4.4796      7.333   241.8464 5.9451e+01     2.2047      0.067      0.097    22.5828 0.0000e+00
      0.069     -0.019     5.3474     61.851     35.776  34.048451     4.5150      7.328   242.1180 6.1245e+01     2.1934      0.068      0.099    22.5824 0.0000e+00
