Data/DataNotYetUploadedToEDI/Raw_CTD/RawDownloads/091718_fcr10.cnv
* Sea-Bird SBE19plus  Data File:
* FileName = C:\DATA\20180917_fcr_0001.hex
* Software version 2.6.3.104 SB_Terminal.dll
* Temperature SN = 7809
* Conductivity SN = 7809
* System UpLoad Time = Sep 17 2018 17:51:15
* <ApplicationData>
* <Seaterm232>
# nquan = 15
# nvalues = 358                         
# units = specified
# name 0 = depFM: Depth [fresh water, m]
# name 1 = dz/dtM: Descent Rate [m/s]
# name 2 = sbeox0Mg/L: Oxygen, SBE 43 [mg/l]
# name 3 = sbeox0PS: Oxygen, SBE 43 [% saturation]
# name 4 = specc: Specific Conductance [uS/cm]
# name 5 = c0uS/cm: Conductivity [uS/cm]
# name 6 = flECO-AFL: Fluorescence, WET Labs ECO-AFL/FL [mg/m^3]
# name 7 = ph: pH
# name 8 = orp: Oxidation Reduction Potential [mV]
# name 9 = par/sat/log: PAR/Logarithmic, Satlantic
# name 10 = turbWETntu0: Turbidity, WET Labs ECO [NTU]
# name 11 = prdM: Pressure, Strain Gauge [db]
# name 12 = prdE: Pressure, Strain Gauge [psi]
# name 13 = tv290C: Temperature [ITS-90, deg C]
# name 14 = flag:  0.000e+00
# span 0 =     -0.602,      2.465       
# span 1 =     -0.185,      0.152       
# span 2 =     4.7747,     8.3479       
# span 3 =     55.173,     96.529       
# span 4 =      0.784,     36.535       
# span 5 =   0.741960,  34.735657       
# span 6 =    -0.1863,     5.3338       
# span 7 =      6.208,      7.634       
# span 8 =   175.7722,   298.8318       
# span 9 = 4.9402e+00, 1.5249e+02       
# span 10 =    -0.2477,     9.4818      
# span 11 =     -0.592,      2.419      
# span 12 =     -0.859,      3.508      
# span 13 =    21.3469,    22.5694      
# span 14 = 0.0000e+00, 0.0000e+00      
# interval = seconds: 0.25
# start_time = Sep 17 2018 14:39:31 [Instrument's time stamp, header]
# bad_flag = -9.990e-29
*END*
[from data line 193]
      0.585      0.045     7.1386     82.536     35.738  33.997597     4.7598      7.183   252.9820 6.3414e+01     2.2791      0.574      0.833    22.5612 0.0000e+00
      0.595      0.049     7.1054     82.152     35.731  33.991312     4.7796      7.178   253.3685 6.2784e+01     2.2772      0.583      0.846    22.5583 0.0000e+00
      0.606      0.053     7.0778     81.834     35.731  33.990895     4.7903      7.160   253.8578 6.1896e+01     2.2494      0.593      0.860    22.5576 0.0000e+00
      0.620      0.055     7.0575     81.600     35.732  33.992561     4.8148      7.135   253.9937 6.0834e+01     2.2794      0.607      0.880    22.5584 0.0000e+00
      0.635      0.056     7.0427     81.429     35.752  34.011454     4.8557      7.119   254.0647 5.9621e+01     2.4259      0.622      0.902    22.5587 0.0000e+00
      0.653      0.056     7.0321     81.306     35.770  34.028775     4.8801      7.114   254.2003 5.8471e+01     2.5261      0.642      0.930    22.5592 0.0000e+00
      0.669      0.055     7.0240     81.211     35.753  34.011445     4.8897      7.116   254.3432 5.7731e+01     2.5140      0.658      0.955    22.5601 0.0000e+00
      0.681      0.054     7.0163     81.120     35.734  33.992457     4.8988      7.125   254.5878 5.7140e+01     2.4318      0.668      0.968    22.5606 0.0000e+00
      0.691      0.053     7.0118     81.062     35.734  33.989749     4.9163      7.135   255.0064 5.6373e+01     2.3259      0.678      0.983    22.5609 0.0000e+00
      0.703      0.053     7.0093     81.024     35.727  33.978704     4.9447      7.143   255.4474 5.5426e+01     2.3009      0.689      0.999    22.5607 0.0000e+00
      0.718      0.052     7.0044     80.956     35.740  33.985935     4.9579      7.148   255.5312 5.4355e+01     2.3438      0.703      1.019    22.5598 0.0000e+00
      0.734      0.050     6.9989     80.886     35.772  34.013660     4.9378      7.153   255.5036 5.3283e+01     2.3868      0.720      1.044    22.5579 0.0000e+00
      0.750      0.047     6.9946     80.832     35.755  33.996327     4.9037      7.159   255.6301 5.2426e+01     2.4247      0.736      1.068    22.5550 0.0000e+00
      0.762      0.044     6.9901     80.778     35.725  33.966917     4.8856      7.164   255.9423 5.1871e+01     2.4660      0.748      1.086    22.5487 0.0000e+00
      0.769      0.041     6.9851     80.720     35.735  33.975645     4.8841      7.167   256.3529 5.1501e+01     2.4888      0.754      1.095    22.5402 0.0000e+00
      0.775      0.038     6.9800     80.660     35.735  33.974820     4.8960      7.169   256.4649 5.1076e+01     2.4259      0.760      1.102    22.5357 0.0000e+00
      0.784      0.037     6.9718     80.564     35.717  33.956949     4.9182      7.173   256.3501 5.0450e+01     2.3155      0.769      1.115    22.5339 0.0000e+00
      0.795      0.038     6.9583     80.407     35.711  33.950114     4.9326      7.177   256.4277 4.9740e+01     2.2527      0.780      1.131    22.5325 0.0000e+00
      0.806      0.040     6.9448     80.248     35.718  33.955699     4.9509      7.179   256.8008 4.9161e+01     2.2467      0.791      1.148    22.5323 0.0000e+00
      0.816      0.042     6.9367     80.153     35.723  33.960953     4.9735      7.179   257.1623 4.8744e+01     2.2739      0.801      1.162    22.5318 0.0000e+00
      0.826      0.042     6.9341     80.123     35.712  33.950124     5.0040      7.179   257.3566 4.8276e+01     2.3368      0.808      1.172    22.5310 0.0000e+00
      0.836      0.040     6.9375     80.163     35.714  33.951800     5.0532      7.177   257.4288 4.7637e+01     2.4270      0.819      1.189    22.5299 0.0000e+00
      0.849      0.036     6.9477     80.281     35.744  33.981210     5.0807      7.176   257.3472 4.7017e+01     2.4494      0.833      1.208    22.5280 0.0000e+00
      0.861      0.034     6.9626     80.455     35.751  33.988139     5.0883      7.176   257.4018 4.6630e+01     2.4254      0.845      1.226    22.5271 0.0000e+00
      0.868      0.034     6.9774     80.625     35.734  33.972068     5.1086      7.178   257.7454 4.6560e+01     2.4415      0.853      1.238    22.5274 0.0000e+00
      0.871      0.036     6.9842     80.705     35.740  33.977436     5.1321      7.178   258.1462 4.6626e+01     2.4608      0.855      1.240    22.5281 0.0000e+00
      0.875      0.040     6.9837     80.702     35.752  33.989524     5.1427      7.175   258.5477 4.6323e+01     2.4754      0.856      1.241    22.5292 0.0000e+00
      0.885      0.045     6.9852     80.719     35.753  33.991191     5.1453      7.170   258.8141 4.5426e+01     2.4959      0.865      1.253    22.5297 0.0000e+00
      0.902      0.049     6.9879     80.748     35.760  33.997600     5.1367      7.160   258.7857 4.4316e+01     2.4958      0.884      1.281    22.5296 0.0000e+00
      0.921      0.050     6.9882     80.746     35.769  34.003487     5.1124      7.150   258.7204 4.3381e+01     2.4733      0.905      1.312    22.5301 0.0000e+00
      0.938      0.049     6.9876     80.736     35.766  33.998849     5.0904      7.146   258.7999 4.2717e+01     2.4680      0.921      1.336    22.5307 0.0000e+00
      0.949      0.045     6.9868     80.722     35.775  34.005039     5.0723      7.147   258.9719 4.2324e+01     2.4926      0.933      1.352    22.5310 0.0000e+00
      0.956      0.039     6.9843     80.689     35.786  34.014817     5.0219      7.149   259.0798 4.2045e+01     2.4664      0.938      1.360    22.5301 0.0000e+00
      0.962      0.034     6.9818     80.659     35.761  33.990036     4.9407      7.150   259.1577 4.1619e+01     2.3646      0.943      1.367    22.5271 0.0000e+00
      0.970      0.031     6.9783     80.619     35.729  33.959480     4.8993      7.151   259.3974 4.1020e+01     2.2990      0.950      1.379    22.5238 0.0000e+00
      0.980      0.029     6.9721     80.546     35.733  33.962954     4.8898      7.152   259.6545 4.0460e+01     2.2837      0.961      1.394    22.5211 0.0000e+00
      0.988      0.029     6.9661     80.476     35.739  33.968515     4.8348      7.154   259.8576 4.0014e+01     2.2712      0.969      1.407    22.5190 0.0000e+00
      0.995      0.028     6.9587     80.391     35.734  33.963203     4.7581      7.156   259.9607 3.9608e+01     2.3008      0.975      1.415    22.5177 0.0000e+00
      1.002      0.026     6.9498     80.288     35.733  33.962246     4.7249      7.159   259.8684 3.9185e+01     2.3367      0.982      1.424    22.5174 0.0000e+00
      1.008      0.026     6.9424     80.204     35.726  33.956945     4.7182      7.163   259.8599 3.8731e+01     2.3079      0.988      1.433    22.5169 0.0000e+00
      1.013      0.027     6.9377     80.152     35.731  33.962619     4.7237      7.168   260.1162 3.8271e+01     2.2579      0.994      1.441    22.5166 0.0000e+00
      1.019      0.029     6.9371     80.146     35.736  33.967344     4.8187      7.171   260.4726 3.7792e+01     2.2507      0.999      1.449    22.5168 0.0000e+00
      1.026      0.031     6.9419     80.202     35.718  33.950552     4.9929      7.171   260.7279 3.7250e+01     2.2820      1.005      1.458    22.5171 0.0000e+00
      1.035      0.033     6.9514     80.313     35.717  33.950135     5.0848      7.172   260.7075 3.6624e+01     2.3015      1.014      1.471    22.5182 0.0000e+00
      1.045      0.038     6.9646     80.465     35.730  33.962308     5.0744      7.171   260.6562 3.5990e+01     2.3025      1.026      1.488    22.5195 0.0000e+00
      1.055      0.045     6.9782     80.622     35.739  33.970693     5.0326      7.161   260.9677 3.5512e+01     2.3547      1.037      1.504    22.5206 0.0000e+00
      1.063      0.053     6.9875     80.727     35.759  33.988007     4.9751      7.142   261.4624 3.5093e+01     2.4452      1.042      1.512    22.5207 0.0000e+00
      1.073      0.058     6.9921     80.778     35.753  33.981097     4.9477      7.117   261.7327 3.4290e+01     2.4802      1.048      1.521    22.5205 0.0000e+00
      1.093      0.058     6.9938     80.796     35.722  33.950656     4.9501      7.095   261.5695 3.3075e+01     2.4736      1.068      1.549    22.5211 0.0000e+00
      1.119      0.053     6.9947     80.806     35.708  33.937537     4.9493      7.087   261.2955 3.2029e+01     2.3962      1.100      1.595    22.5207 0.0000e+00
      1.140      0.048     6.9969     80.831     35.720  33.949510     4.9561      7.093   261.3457 3.1545e+01     2.2461      1.124      1.629    22.5189 0.0000e+00
      1.148      0.043     6.9983     80.848     35.740  33.968395     4.9691      7.104   261.5740 3.1587e+01     2.1843      1.130      1.639    22.5171 0.0000e+00
      1.147      0.041     6.9970     80.833     35.747  33.975313     4.9771      7.111   261.9042 3.1754e+01     2.1978      1.126      1.632    22.5161 0.0000e+00
      1.146      0.042     6.9944     80.802     35.741  33.969634     5.0620      7.111   262.3274 3.1496e+01     2.2577      1.121      1.625    22.5158 0.0000e+00
      1.155      0.047     6.9900     80.752     35.734  33.963244     5.2231      7.104   262.5606 3.0732e+01     2.3895      1.129      1.637    22.5163 0.0000e+00
      1.175      0.052     6.9831     80.673     35.733  33.961569     5.3170      7.094   262.4870 2.9758e+01     2.4794      1.151      1.670    22.5170 0.0000e+00
      1.200      0.057     6.9754     80.583     35.720  33.949388     5.3338      7.093   262.3842 2.8873e+01     2.4895      1.177      1.708    22.5167 0.0000e+00
      1.220      0.059     6.9648     80.460     35.713  33.942988     5.2878      7.100   262.5217 2.8301e+01     2.4200      1.199      1.739    22.5163 0.0000e+00
      1.232      0.058     6.9504     80.294     35.718  33.947712     5.1933      7.109   262.8590 2.7975e+01     2.3105      1.211      1.756    22.5163 0.0000e+00
      1.239      0.055     6.9373     80.142     35.713  33.942988     5.1376      7.108   263.1073 2.7620e+01     2.2640      1.214      1.761    22.5167 0.0000e+00
      1.247      0.052     6.9288     80.045     35.720  33.949387     5.1288      7.097   263.0293 2.7085e+01     2.2860      1.221      1.770    22.5165 0.0000e+00
      1.262      0.048     6.9273     80.026     35.733  33.961560     5.1335      7.094   262.8617 2.6378e+01     2.3324      1.236      1.793    22.5163 0.0000e+00
      1.282      0.046     6.9321     80.081     35.735  33.963130     5.1670      7.102   262.8880 2.5672e+01     2.3976      1.258      1.824    22.5158 0.0000e+00
      1.299      0.046     6.9403     80.174     35.740  33.968375     5.2304      7.115   263.0890 2.5308e+01     2.4632      1.278      1.853    22.5159 0.0000e+00
      1.306      0.045     6.9499     80.284     35.734  33.961466     5.2652      7.127   263.2272 2.5203e+01     2.4857      1.283      1.861    22.5168 0.0000e+00
      1.309      0.045     6.9595     80.393     35.716  33.943103     5.2659      7.137   263.2682 2.4948e+01     2.4867      1.281      1.858    22.5165 0.0000e+00
      1.317      0.045     6.9691     80.501     35.711  33.936903     5.2481      7.142   263.4984 2.4491e+01     2.4440      1.289      1.870    22.5155 0.0000e+00
      1.332      0.047     6.9781     80.602     35.726  33.950023     5.2155      7.138   263.7732 2.3972e+01     2.3364      1.306      1.895    22.5151 0.0000e+00
      1.349      0.047     6.9854     80.684     35.753  33.974689     5.1939      7.129   263.6659 2.3480e+01     2.2530      1.324      1.920    22.5147 0.0000e+00
      1.364      0.043     6.9925     80.764     35.760  33.981078     5.1802      7.128   263.4915 2.3019e+01     2.2300      1.337      1.940    22.5121 0.0000e+00
      1.378      0.037     6.9997     80.848     35.742  33.963746     5.0774      7.136   263.7295 2.2636e+01     2.2405      1.353      1.962    22.5100 0.0000e+00
      1.387      0.034     7.0062     80.923     35.734  33.955682     4.8691      7.144   264.1345 2.2536e+01     2.2276      1.366      1.980    22.5090 0.0000e+00
      1.387      0.038     7.0121     80.984     35.728  33.947089     4.7386      7.143   264.4303 2.2640e+01     2.1659      1.363      1.977    22.5068 0.0000e+00
      1.384      0.044     7.0152     81.004     35.711  33.923368     4.7230      7.134   264.4673 2.2484e+01     2.1045      1.353      1.963    22.5057 0.0000e+00
      1.393      0.047     7.0142     80.975     35.719  33.922933     4.7256      7.129   264.3233 2.1823e+01     2.1257      1.358      1.970    22.5061 0.0000e+00
      1.418      0.044     7.0103     80.922     35.743  33.941816     4.7249      7.133   264.2383 2.0937e+01     2.2387      1.388      2.013    22.5072 0.0000e+00
      1.448      0.037     7.0037     80.850     35.762  33.961125     4.7230      7.141   264.2135 2.0338e+01     2.3122      1.426      2.067    22.5053 0.0000e+00
      1.465      0.028     6.9954     80.765     35.761  33.965849     4.7116      7.147   264.2816 2.0269e+01     2.3120      1.445      2.096    22.4926 0.0000e+00
      1.461      0.021     6.9889     80.700     35.724  33.935415     4.6515      7.150   264.5464 2.0535e+01     2.2969      1.437      2.084    22.4775 0.0000e+00
      1.447      0.018     6.9865     80.672     35.699  33.910748     4.5669      7.147   264.9190 2.0775e+01     2.2824      1.417      2.056    22.4720 0.0000e+00
      1.438      0.019     6.9888     80.684     35.717  33.921673     4.5338      7.138   265.0870 2.0686e+01     2.2898      1.403      2.036    22.4756 0.0000e+00
      1.443      0.024     6.9913     80.696     35.745  33.940463     4.5365      7.133   264.9436 2.0205e+01     2.2951      1.409      2.043    22.4852 0.0000e+00
      1.464      0.029     6.9875     80.646     35.755  33.947373     4.5353      7.136   264.7335 1.9537e+01     2.2549      1.434      2.079    22.4936 0.0000e+00
      1.489      0.031     6.9805     80.570     35.747  33.941698     4.5647      7.143   264.6980 1.9030e+01     2.1999      1.465      2.124    22.4944 0.0000e+00
      1.503      0.030     6.9783     80.553     35.736  33.935354     4.6262      7.149   264.8588 1.8981e+01     2.1798      1.482      2.150    22.4829 0.0000e+00
      1.500      0.029     6.9811     80.588     35.734  33.934199     4.6537      7.153   265.2148 1.9249e+01     2.1644      1.474      2.138    22.4678 0.0000e+00
      1.489      0.031     6.9835     80.611     35.729  33.927734     4.6582      7.151   265.6463 1.9348e+01     2.1357      1.456      2.111    22.4636 0.0000e+00
      1.487      0.035     6.9852     80.622     35.726  33.920705     4.7631      7.143   265.7736 1.9010e+01     2.1996      1.451      2.104    22.4692 0.0000e+00
      1.503      0.041     6.9891     80.658     35.722  33.912725     4.9566      7.138   265.5503 1.8365e+01     2.3567      1.470      2.132    22.4773 0.0000e+00
      1.530      0.048     6.9930     80.696     35.707  33.894758     5.0686      7.138   265.4410 1.7744e+01     2.4473      1.503      2.179    22.4788 0.0000e+00
      1.554      0.053     6.9964     80.732     35.707  33.894010     5.0869      7.143   265.5711 1.7409e+01     2.4404      1.529      2.218    22.4745 0.0000e+00
      1.566      0.056     6.9979     80.750     35.717  33.903674     5.0680      7.144   265.8328 1.7349e+01     2.3960      1.540      2.233    22.4685 0.0000e+00
      1.567      0.058     6.9974     80.735     35.701  33.884572     5.0242      7.139   266.1953 1.7312e+01     2.3071      1.537      2.229    22.4614 0.0000e+00
      1.571      0.058     6.9962     80.690     35.683  33.853593     5.0078      7.128   266.4273 1.7023e+01     2.2207      1.534      2.224    22.4575 0.0000e+00
      1.587      0.057     6.9932     80.620     35.693  33.846674     5.0172      7.120   266.4005 1.6449e+01     2.2364      1.550      2.248    22.4548 0.0000e+00
      1.616      0.054     6.9880     80.542     35.721  33.864412     4.9901      7.121   266.2157 1.5844e+01     2.3144      1.585      2.300    22.4577 0.0000e+00
