Data/DataNotYetUploadedToEDI/Raw_CTD/RawDownloads/091718_fcr30.cnv
* Sea-Bird SBE19plus  Data File:
* FileName = C:\DATA\20180917_fcr_0003.hex
* Software version 2.6.3.104 SB_Terminal.dll
* Temperature SN = 7809
* Conductivity SN = 7809
* System UpLoad Time = Sep 17 2018 17:51:49
* <ApplicationData>
* <Seaterm232>
# nquan = 15
# nvalues = 521                         
# units = specified
# name 0 = depFM: Depth [fresh water, m]
# name 1 = dz/dtM: Descent Rate [m/s]
# name 2 = sbeox0Mg/L: Oxygen, SBE 43 [mg/l]
# name 3 = sbeox0PS: Oxygen, SBE 43 [% saturation]
# name 4 = specc: Specific Conductance [uS/cm]
# name 5 = c0uS/cm: Conductivity [uS/cm]
# name 6 = flECO-AFL: Fluorescence, WET Labs ECO-AFL/FL [mg/m^3]
# name 7 = ph: pH
# name 8 = orp: Oxidation Reduction Potential [mV]
# name 9 = par/sat/log: PAR/Logarithmic, Satlantic
# name 10 = turbWETntu0: Turbidity, WET Labs ECO [NTU]
# name 11 = prdM: Pressure, Strain Gauge [db]
# name 12 = prdE: Pressure, Strain Gauge [psi]
# name 13 = tv290C: Temperature [ITS-90, deg C]
# name 14 = flag:  0.000e+00
# span 0 =     -0.602,      5.245       
# span 1 =     -0.157,      0.180       
# span 2 =     0.1261,     8.3870       
# span 3 =      1.303,     97.294       
# span 4 =      4.566,     86.908       
# span 5 =   4.341876,  72.616548       
# span 6 =    -0.1943,    11.7072       
# span 7 =      6.316,      7.986       
# span 8 =   110.8913,   313.8555       
# span 9 = 3.0845e-01, 6.2223e+02       
# span 10 =    -0.7026,    31.9694      
# span 11 =     -0.591,      5.144      
# span 12 =     -0.857,      7.461      
# span 13 =    16.6795,    22.7996      
# span 14 = 0.0000e+00, 0.0000e+00      
# interval = seconds: 0.25
# start_time = Sep 17 2018 15:46:00 [Instrument's time stamp, header]
# bad_flag = -9.990e-29
*END*
[from data line 386]
      3.306      0.071     4.8690     55.281     36.930  34.432674     2.7720      6.847   258.1808 8.1576e+00     7.3991      3.241      4.700    21.6954 0.0000e+00
      3.328      0.073     4.8065     54.554     36.896  34.389004     2.7814      6.838   258.3373 7.9166e+00     7.5079      3.263      4.732    21.6691 0.0000e+00
      3.350      0.072     4.7446     53.837     36.928  34.408550     2.7848      6.830   258.4248 7.7043e+00     7.5652      3.286      4.766    21.6440 0.0000e+00
      3.370      0.067     4.6912     53.221     37.011  34.478437     2.8400      6.825   258.4645 7.5197e+00     7.5427      3.305      4.794    21.6291 0.0000e+00
      3.387      0.060     4.6542     52.794     37.078  34.535282     2.9257      6.820   258.5593 7.3422e+00     7.4189      3.322      4.818    21.6144 0.0000e+00
      3.400      0.052     4.6341     52.563     37.136  34.587696     2.9762      6.816   258.7103 7.1923e+00     7.3500      3.335      4.838    21.5975 0.0000e+00
      3.411      0.046     4.6268     52.479     37.222  34.667541     2.9909      6.812   258.8281 7.0834e+00     7.3500      3.346      4.853    21.5814 0.0000e+00
      3.420      0.041     4.6307     52.517     37.302  34.738443     2.9925      6.807   258.9509 6.9831e+00     7.3580      3.355      4.865    21.5717 0.0000e+00
      3.429      0.039     4.6407     52.626     37.314  34.746253     2.9863      6.804   259.0764 6.8720e+00     7.3865      3.362      4.876    21.5637 0.0000e+00
      3.438      0.039     4.6493     52.723     37.264  34.698441     2.9801      6.802   259.1414 6.7561e+00     7.4192      3.372      4.890    21.5631 0.0000e+00
      3.448      0.040     4.6510     52.742     37.232  34.668503     2.9817      6.801   259.2199 6.6384e+00     7.4184      3.382      4.905    21.5667 0.0000e+00
      3.458      0.043     4.6450     52.670     37.271  34.701876     3.0153      6.798   259.4236 6.5210e+00     7.4379      3.390      4.917    21.5574 0.0000e+00
      3.469      0.047     4.6360     52.558     37.369  34.784359     3.0741      6.795   259.6261 6.3843e+00     7.5319      3.401      4.932    21.5512 0.0000e+00
      3.481      0.049     4.6285     52.457     37.509  34.903548     3.1044      6.792   259.7745 6.2227e+00     7.6098      3.414      4.950    21.5518 0.0000e+00
      3.494      0.050     4.6207     52.353     37.693  35.063121     3.0963      6.789   260.0140 6.0527e+00     7.6160      3.426      4.969    21.5532 0.0000e+00
      3.509      0.051     4.6112     52.228     37.911  35.252765     3.0773      6.786   260.1990 5.8926e+00     7.6078      3.441      4.991    21.5514 0.0000e+00
      3.523      0.051     4.6005     52.086     38.242  35.544955     3.0587      6.782   260.2038 5.7614e+00     7.6022      3.457      5.014    21.5395 0.0000e+00
      3.535      0.052     4.5862     51.885     38.686  35.928017     3.0458      6.778   260.2440 5.6444e+00     7.5788      3.467      5.029    21.5209 0.0000e+00
      3.546      0.054     4.5643     51.569     39.036  36.199981     3.0410      6.774   260.4279 5.5282e+00     7.5690      3.477      5.043    21.5064 0.0000e+00
      3.559      0.054     4.5275     51.075     39.203  36.292238     3.0371      6.768   260.6199 5.4087e+00     7.5740      3.489      5.061    21.4903 0.0000e+00
      3.574      0.053     4.4643     50.304     39.242  36.281108     3.0356      6.761   260.7588 5.2707e+00     7.5792      3.504      5.082    21.4728 0.0000e+00
      3.590      0.052     4.3673     49.179     39.242  36.255914     3.0417      6.755   260.9019 5.1312e+00     7.6014      3.522      5.108    21.4475 0.0000e+00
      3.605      0.049     4.2381     47.708     39.241  36.241688     3.0465      6.750   260.9742 5.0276e+00     7.5993      3.537      5.131    21.3680 0.0000e+00
      3.617      0.044     4.0837     45.962     39.241  36.236128     3.0476      6.745   261.0302 4.9648e+00     7.5840      3.548      5.146    21.2701 0.0000e+00
      3.626      0.040     3.9227     44.143     39.266  36.252211     3.0644      6.740   261.1494 4.9080e+00     7.6597      3.557      5.159    21.2140 0.0000e+00
      3.635      0.039     3.7781     42.506     39.270  36.245560     3.1014      6.733   261.2112 4.8375e+00     7.7817      3.565      5.170    21.1847 0.0000e+00
      3.642      0.039     3.6610     41.178     39.252  36.219220     3.1187      6.728   261.2611 4.7637e+00     7.8088      3.572      5.180    21.1703 0.0000e+00
      3.651      0.042     3.5745     40.196     39.297  36.251342     3.1086      6.722   261.4077 4.6854e+00     7.7741      3.579      5.192    21.1661 0.0000e+00
      3.662      0.046     3.5182     39.557     39.443  36.379841     3.0810      6.716   261.5216 4.5978e+00     7.7277      3.590      5.207    21.1580 0.0000e+00
      3.676      0.048     3.4876     39.207     39.652  36.565904     3.0324      6.709   261.6046 4.5018e+00     7.6437      3.604      5.228    21.1451 0.0000e+00
      3.691      0.050     3.4775     39.087     39.827  36.722305     2.9992      6.701   261.8961 4.3986e+00     7.5829      3.620      5.250    21.1309 0.0000e+00
      3.705      0.053     3.4807     39.119     39.927  36.809779     2.9916      6.692   262.4649 4.3014e+00     7.6039      3.635      5.272    21.1190 0.0000e+00
      3.717      0.057     3.4844     39.156     39.988  36.861221     3.0054      6.681   263.1479 4.2209e+00     7.7750      3.646      5.289    21.1111 0.0000e+00
      3.727      0.063     3.4757     39.053     39.966  36.836071     3.0374      6.669   263.6147 4.1379e+00     8.0649      3.655      5.302    21.1042 0.0000e+00
      3.741      0.069     3.4460     38.714     39.890  36.759792     3.0568      6.656   263.8076 4.0035e+00     8.2400      3.666      5.317    21.0975 0.0000e+00
      3.761      0.074     3.3970     38.158     39.902  36.764763     3.0463      6.643   263.9308 3.8102e+00     8.2741      3.685      5.346    21.0916 0.0000e+00
      3.786      0.076     3.3384     37.495     39.981  36.832642     2.9388      6.633   264.0723 3.6235e+00     8.3551      3.712      5.386    21.0856 0.0000e+00
      3.812      0.073     3.2774     36.805     40.039  36.881717     2.7576      6.626   264.2277 3.4799e+00     8.5184      3.739      5.423    21.0794 0.0000e+00
      3.833      0.065     3.2205     36.164     40.077  36.913432     2.6666      6.621   264.3468 3.3850e+00     8.6312      3.761      5.456    21.0722 0.0000e+00
      3.848      0.054     3.1746     35.649     40.268  37.089050     2.6654      6.617   264.3088 3.3333e+00     8.6498      3.776      5.477    21.0631 0.0000e+00
      3.857      0.044     3.1396     35.255     41.176  37.925130     2.6698      6.613   264.1981 3.2851e+00     8.6521      3.784      5.488    21.0559 0.0000e+00
      3.863      0.037     3.1136     34.960     42.851  39.462289     2.6651      6.609   264.2118 3.2473e+00     8.6897      3.790      5.495    21.0508 0.0000e+00
      3.868      0.035     3.0966     34.754     44.333  40.808090     2.6543      6.604   264.3888 3.2342e+00     8.7689      3.792      5.500    21.0479 0.0000e+00
      3.874      0.037     3.0767     34.508     45.108  41.490003     2.6589      6.598   264.7040 3.1947e+00     8.8168      3.796      5.506    21.0469 0.0000e+00
      3.885      0.039     3.0189     33.838     45.268  41.607446     2.6739      6.593   264.9251 3.1121e+00     8.8098      3.808      5.523    21.0483 0.0000e+00
      3.900      0.040     2.8674     32.126     45.204  41.529087     2.6706      6.589   265.1694 3.0309e+00     8.7154      3.825      5.548    21.0480 0.0000e+00
      3.914      0.038     2.5901     29.012     45.319  41.622730     2.6557      6.585   265.4205 2.9709e+00     8.5299      3.840      5.568    21.0254 0.0000e+00
      3.925      0.035     2.2066     24.712     45.369  41.659468     2.6591      6.581   265.3797 2.9311e+00     8.4284      3.851      5.586    20.9833 0.0000e+00
      3.931      0.031     1.7652     19.765     45.440  41.719120     2.6741      6.578   265.3651 2.9027e+00     8.4354      3.857      5.593    20.9472 0.0000e+00
      3.935      0.030     1.3244     14.829     46.676  42.852303     2.6631      6.574   265.5871 2.8809e+00     8.4308      3.858      5.596    20.9262 0.0000e+00
      3.939      0.033     0.9285     10.395     49.374  45.320182     2.6363      6.568   265.9131 2.8709e+00     8.4031      3.862      5.602    20.9168 0.0000e+00
      3.946      0.039     0.6067      6.789     52.251  47.917454     2.6176      6.559   266.1239 2.8270e+00     8.4058      3.868      5.610    20.9065 0.0000e+00
      3.957      0.047     0.3863      4.317     54.250  49.659476     2.5931      6.547   266.0708 2.7420e+00     8.4631      3.878      5.625    20.8969 0.0000e+00
      3.972      0.055     0.2663      2.970     54.940  50.174153     2.5333      6.533   266.0443 2.6550e+00     8.8520      3.895      5.649    20.8996 0.0000e+00
      3.989      0.061     0.2160      2.402     55.091  50.199256     2.4454      6.516   266.2348 2.5660e+00     9.5375      3.912      5.673    20.9038 0.0000e+00
      4.007      0.064     0.2065      2.292     55.570  50.534934     2.4029      6.497   266.3949 2.4850e+00     9.8849      3.929      5.699    20.8691 0.0000e+00
      4.026      0.064     0.2167      2.402     55.958  50.799944     2.4049      6.480   266.4311 2.4159e+00     9.8781      3.948      5.727    20.7743 0.0000e+00
      4.042      0.062     0.2268      2.511     56.176  50.924169     2.4520      6.465   266.4149 2.3453e+00     9.7603      3.965      5.750    20.6537 0.0000e+00
      4.057      0.059     0.2282      2.523     56.496  51.146824     2.5497      6.450   266.2854 2.2798e+00     9.5595      3.979      5.770    20.5498 0.0000e+00
      4.071      0.057     0.2182      2.410     56.778  51.330547     2.6030      6.440   266.1553 2.2314e+00     9.4643      3.992      5.790    20.4632 0.0000e+00
      4.084      0.054     0.1999      2.205     56.903  51.365445     2.6086      6.431   266.3047 2.1925e+00     9.4643      4.005      5.809    20.3810 0.0000e+00
      4.097      0.052     0.1840      2.027     56.998  51.377953     2.6082      6.423   266.6292 2.1428e+00     9.4677      4.018      5.827    20.3173 0.0000e+00
      4.111      0.051     0.1740      1.915     57.244  51.545248     2.5071      6.417   266.6381 2.0848e+00     9.6885      4.032      5.848    20.2643 0.0000e+00
      4.124      0.051     0.1674      1.841     57.643  51.862378     2.3150      6.412   265.9815 2.0323e+00    10.0893      4.046      5.868    20.1997 0.0000e+00
      4.136      0.054     0.1637      1.798     58.089  52.224345     2.2241      6.406   264.6271 1.9787e+00    10.2858      4.056      5.883    20.1287 0.0000e+00
      4.147      0.061     0.1641      1.803     58.576  52.615837     2.3087      6.397   262.0492 1.9227e+00    10.2938      4.067      5.899    20.0581 0.0000e+00
      4.160      0.070     0.1681      1.843     59.126  53.035583     3.2096      6.388   257.2689 1.8708e+00    10.1560      4.079      5.916    20.0123 0.0000e+00
      4.177      0.081     0.1716      1.878     59.897  53.611908     4.8551      6.379   249.9349 1.8022e+00     9.8702      4.093      5.937    19.9834 0.0000e+00
      4.201      0.092     0.1727      1.886     60.546  54.052583     5.7622      6.369   241.4305 1.6981e+00     9.6763      4.117      5.971    19.9455 0.0000e+00
      4.231      0.099     0.1726      1.881     60.476  53.849383     5.9802      6.363   233.5992 1.5926e+00     9.5211      4.149      6.018    19.9164 0.0000e+00
      4.261      0.099     0.1722      1.873     60.160  53.443767     7.4906      6.360   226.2296 1.5148e+00     8.2673      4.179      6.062    19.8603 0.0000e+00
      4.291      0.093     0.1718      1.866     60.081  53.280859    10.2301      6.359   218.9201 1.4444e+00     5.9612      4.208      6.103    19.7568 0.0000e+00
      4.317      0.083     0.1698      1.842     60.143  53.278297    11.7072      6.358   212.1593 1.3812e+00     4.6792      4.237      6.145    19.6327 0.0000e+00
      4.336      0.073     0.1671      1.811     60.274  53.349129    11.7025      6.358   206.9504 1.3476e+00     4.5168      4.255      6.171    19.5097 0.0000e+00
      4.348      0.066     0.1662      1.800     60.663  53.628595    10.2843      6.359   204.1218 1.3339e+00     4.1197      4.265      6.185    19.4045 0.0000e+00
      4.358      0.063     0.1650      1.785     62.175  54.876978     7.6922      6.361   202.4790 1.3068e+00     3.4185      4.273      6.197    19.3233 0.0000e+00
      4.370      0.063     0.1644      1.775     64.972  57.252284     6.2868      6.361   200.4239 1.2488e+00     3.0268      4.283      6.211    19.2833 0.0000e+00
      4.387      0.064     0.1663      1.792     67.643  59.519970     6.1221      6.361   197.8584 1.1683e+00     2.9550      4.301      6.238    19.2604 0.0000e+00
      4.409      0.065     0.1683      1.812     69.467  61.055242     5.6545      6.362   195.2922 1.0832e+00     2.9162      4.324      6.272    19.2043 0.0000e+00
      4.430      0.064     0.1692      1.821     71.115  62.459120     4.8329      6.362   192.7124 1.0200e+00     2.8932      4.346      6.304    19.1276 0.0000e+00
      4.448      0.061     0.1702      1.832     72.501  63.645694     4.3854      6.364   189.8113 9.8226e-01     2.8898      4.364      6.329    19.0556 0.0000e+00
      4.460      0.060     0.1699      1.827     72.971  64.016053     4.3242      6.366   186.7160 9.5481e-01     2.9358      4.375      6.346    18.9881 0.0000e+00
      4.470      0.061     0.1685      1.810     72.742  63.756589     4.1659      6.365   183.6797 9.3512e-01     3.0229      4.382      6.356    18.9331 0.0000e+00
      4.481      0.065     0.1680      1.804     72.305  63.307354     3.8784      6.362   180.7183 9.1419e-01     3.0880      4.392      6.369    18.9053 0.0000e+00
      4.497      0.070     0.1660      1.780     71.997  62.973442     3.7151      6.359   178.0120 8.7524e-01     3.1120      4.408      6.394    18.8939 0.0000e+00
      4.520      0.075     0.1610      1.725     71.974  62.899697     3.6984      6.357   175.7385 8.1079e-01     3.1306      4.431      6.426    18.8640 0.0000e+00
      4.546      0.076     0.1559      1.670     72.048  62.924522     3.7034      6.354   173.7058 7.4919e-01     3.1304      4.458      6.466    18.8201 0.0000e+00
      4.570      0.072     0.1523      1.631     72.117  62.955498     3.7396      6.351   171.7609 7.2240e-01     3.1714      4.484      6.503    18.7733 0.0000e+00
      4.588      0.065     0.1491      1.596     72.284  63.083363     3.7959      6.348   170.1203 7.1343e-01     3.2900      4.502      6.529    18.7255 0.0000e+00
      4.602      0.056     0.1464      1.567     72.579  63.325542     3.8238      6.345   168.8402 6.9463e-01     3.3433      4.515      6.548    18.6882 0.0000e+00
      4.612      0.050     0.1443      1.543     72.989  63.657288     3.8284      6.341   167.5540 6.8060e-01     3.3281      4.524      6.561    18.6620 0.0000e+00
      4.620      0.047     0.1429      1.528     73.480  64.041124     3.8146      6.337   166.1842 6.7560e-01     3.3806      4.530      6.571    18.6413 0.0000e+00
      4.629      0.049     0.1426      1.524     74.037  64.467777     3.7858      6.334   164.7542 6.6034e-01     3.4904      4.538      6.582    18.6292 0.0000e+00
      4.642      0.055     0.1410      1.505     74.646  64.935431     3.7745      6.330   162.9975 6.3328e-01     3.5567      4.551      6.600    18.6245 0.0000e+00
      4.657      0.065     0.1380      1.472     75.278  65.433227     3.7615      6.327   160.9465 6.0013e-01     3.5714      4.566      6.623    18.6093 0.0000e+00
