Data/DataNotYetUploadedToEDI/Raw_CTD/RawDownloads/091718_fcr10.cnv
* Sea-Bird SBE19plus  Data File:
* FileName = C:\DATA\20180917_fcr_0001.hex
* Software version 2.6.3.104 SB_Terminal.dll
* Temperature SN = 7809
* Conductivity SN = 7809
* System UpLoad Time = Sep 17 2018 17:51:15
* <ApplicationData>
* <Seaterm232>
# nquan = 15
# nvalues = 358                         
# units = specified
# name 0 = depFM: Depth [fresh water, m]
# name 1 = dz/dtM: Descent Rate [m/s]
# name 2 = sbeox0Mg/L: Oxygen, SBE 43 [mg/l]
# name 3 = sbeox0PS: Oxygen, SBE 43 [% saturation]
# name 4 = specc: Specific Conductance [uS/cm]
# name 5 = c0uS/cm: Conductivity [uS/cm]
# name 6 = flECO-AFL: Fluorescence, WET Labs ECO-AFL/FL [mg/m^3]
# name 7 = ph: pH
# name 8 = orp: Oxidation Reduction Potential [mV]
# name 9 = par/sat/log: PAR/Logarithmic, Satlantic
# name 10 = turbWETntu0: Turbidity, WET Labs ECO [NTU]
# name 11 = prdM: Pressure, Strain Gauge [db]
# name 12 = prdE: Pressure, Strain Gauge [psi]
# name 13 = tv290C: Temperature [ITS-90, deg C]
# name 14 = flag:  0.000e+00
# span 0 =     -0.602,      2.465       
# span 1 =     -0.185,      0.152       
# span 2 =     4.7747,     8.3479       
# span 3 =     55.173,     96.529       
# span 4 =      0.784,     36.535       
# span 5 =   0.741960,  34.735657       
# span 6 =    -0.1863,     5.3338       
# span 7 =      6.208,      7.634       
# span 8 =   175.7722,   298.8318       
# span 9 = 4.9402e+00, 1.5249e+02       
# span 10 =    -0.2477,     9.4818      
# span 11 =     -0.592,      2.419      
# span 12 =     -0.859,      3.508      
# span 13 =    21.3469,    22.5694      
# span 14 = 0.0000e+00, 0.0000e+00      
# interval = seconds: 0.25
# start_time = Sep 17 2018 14:39:31 [Instrument's time stamp, header]
# bad_flag = -9.990e-29
*END*
[from data line 290]
      1.656      0.041     6.9734     80.395     35.725  33.877832     4.8917      7.135   266.1164 1.5421e+01     2.3167      1.629      2.363    22.4330 0.0000e+00
      1.656      0.031     6.9706     80.366     35.713  33.868493     4.8914      7.141   266.3315 1.5468e+01     2.2927      1.625      2.357    22.4019 0.0000e+00
      1.651      0.026     6.9693     80.336     35.678  33.828100     4.9511      7.145   266.6205 1.5461e+01     2.2619      1.618      2.345    22.3899 0.0000e+00
      1.651      0.030     6.9657     80.261     35.634  33.770534     5.0714      7.146   266.8583 1.5345e+01     2.2502      1.616      2.343    22.3977 0.0000e+00
      1.658      0.041     6.9578     80.120     35.630  33.744086     5.1427      7.143   267.1417 1.5090e+01     2.2731      1.624      2.354    22.4127 0.0000e+00
      1.673      0.054     6.9461     79.925     35.679  33.762353     5.1427      7.137   267.2941 1.4705e+01     2.2944      1.639      2.377    22.4162 0.0000e+00
      1.694      0.060     6.9318     79.708     35.746  33.800814     5.1349      7.131   267.1517 1.4269e+01     2.2934      1.660      2.408    22.4052 0.0000e+00
      1.718      0.058     6.9151     79.493     35.787  33.827985     5.1221      7.131   267.0554 1.3864e+01     2.2928      1.685      2.443    22.3861 0.0000e+00
      1.739      0.049     6.8975     79.308     35.787  33.836784     5.0981      7.136   267.2484 1.3568e+01     2.2870      1.708      2.478    22.3499 0.0000e+00
      1.752      0.037     6.8863     79.220     35.774  33.843697     5.0744      7.141   267.5058 1.3467e+01     2.2536      1.723      2.499    22.3069 0.0000e+00
      1.754      0.025     6.8847     79.238     35.761  33.848087     5.0564      7.145   267.5870 1.3519e+01     2.2556      1.723      2.498    22.2686 0.0000e+00
      1.749      0.017     6.8902     79.317     35.730  33.826372     4.9454      7.148   267.5410 1.3532e+01     2.3102      1.713      2.486    22.2458 0.0000e+00
      1.749      0.016     6.9016     79.437     35.611  33.708183     4.7239      7.148   267.6385 1.3426e+01     2.3034      1.713      2.485    22.2639 0.0000e+00
      1.753      0.022     6.9198     79.559     35.432  33.498839     4.5934      7.144   267.9919 1.3298e+01     2.2353      1.720      2.495    22.2988 0.0000e+00
      1.758      0.032     6.9395     79.582     35.418  33.391188     4.5805      7.137   268.2004 1.3189e+01     2.2184      1.724      2.501    22.3254 0.0000e+00
      1.768      0.040     6.9470     79.447     35.560  33.422692     4.5677      7.131   268.1804 1.2980e+01     2.2519      1.730      2.510    22.3360 0.0000e+00
      1.784      0.046     6.9366     79.211     35.631  33.434994     4.5404      7.129   268.2658 1.2655e+01     2.2735      1.747      2.534    22.3363 0.0000e+00
      1.803      0.051     6.9124     78.885     35.565  33.349307     4.5261      7.126   268.5445 1.2393e+01     2.2968      1.771      2.568    22.3071 0.0000e+00
      1.816      0.058     6.8782     78.421     35.456  33.212334     4.5319      7.121   268.9690 1.2265e+01     2.3207      1.784      2.587    22.1423 0.0000e+00
      1.824      0.065     6.8370     77.838     35.474  33.176149     4.5735      7.115   269.3540 1.2133e+01     2.2869      1.786      2.591    21.9492 0.0000e+00
      1.835      0.070     6.7876     77.177     35.581  33.229289     4.6524      7.108   269.5863 1.1868e+01     2.2554      1.795      2.605    21.8964 0.0000e+00
      1.855      0.072     6.7307     76.481     35.596  33.219621     4.7143      7.104   269.6272 1.1476e+01     2.2751      1.816      2.635    21.8906 0.0000e+00
      1.883      0.072     6.6759     75.841     35.570  33.186254     4.7428      7.103   269.5033 1.1060e+01     2.2802      1.845      2.677    21.8443 0.0000e+00
      1.910      0.070     6.6298     75.306     35.598  33.206939     4.8320      7.103   269.3798 1.0783e+01     2.2872      1.878      2.724    21.7529 0.0000e+00
      1.929      0.065     6.5895     74.851     35.606  33.215656     4.9932      7.099   269.3383 1.0690e+01     2.2990      1.897      2.751    21.6721 0.0000e+00
      1.937      0.061     6.5578     74.499     35.546  33.164618     5.0829      7.093   269.4311 1.0618e+01     2.3005      1.900      2.755    21.6499 0.0000e+00
      1.944      0.062     6.5386     74.259     35.486  33.097972     5.0898      7.085   269.5554 1.0479e+01     2.3048      1.904      2.763    21.6464 0.0000e+00
      1.955      0.070     6.5304     74.112     35.458  33.044969     5.0764      7.077   269.4646 1.0285e+01     2.2901      1.914      2.778    21.6325 0.0000e+00
      1.972      0.083     6.5302     74.052     35.475  33.031844     5.0036      7.069   269.2801 9.9908e+00     2.4276      1.930      2.798    21.6340 0.0000e+00
      1.997      0.096     6.5318     74.030     35.533  33.066252     4.8891      7.064   269.3893 9.6155e+00     2.7476      1.956      2.837    21.6557 0.0000e+00
      2.029      0.101     6.5294     73.978     35.561  33.079879     4.8326      7.060   269.3224 9.2156e+00     2.9241      1.988      2.885    21.6412 0.0000e+00
      2.065      0.096     6.5206     73.861     35.558  33.069570     4.8168      7.058   268.7298 8.8376e+00     2.9442      2.027      2.939    21.5902 0.0000e+00
      2.097      0.083     6.5058     73.688     35.560  33.068626     4.6613      7.057   268.3327 8.5535e+00     3.2952      2.061      2.989    21.5470 0.0000e+00
      2.119      0.068     6.4889     73.505     35.556  33.068456     4.3766      7.055   268.3077 8.4319e+00     3.9944      2.084      3.022    21.5192 0.0000e+00
      2.127      0.057     6.4764     73.369     35.552  33.067522     4.2238      7.051   268.3405 8.4506e+00     4.3788      2.090      3.032    21.5059 0.0000e+00
      2.126      0.052     6.4689     73.270     35.549  33.057339     4.2100      7.045   268.3840 8.4306e+00     4.3729      2.081      3.020    21.4929 0.0000e+00
      2.131      0.054     6.4639     73.181     35.583  33.072353     4.2008      7.038   268.4042 8.2583e+00     4.3811      2.083      3.022    21.4863 0.0000e+00
      2.147      0.060     6.4612     73.112     35.656  33.122001     4.1953      7.032   268.4133 7.9981e+00     4.4772      2.103      3.050    21.4977 0.0000e+00
      2.171      0.070     6.4595     73.059     35.704  33.149490     4.1988      7.027   268.4936 7.7272e+00     4.5584      2.128      3.087    21.5071 0.0000e+00
      2.196      0.079     6.4570     73.004     35.720  33.150640     4.1974      7.022   268.5147 7.4860e+00     4.6306      2.155      3.126    21.4964 0.0000e+00
      2.218      0.079     6.4519     72.929     35.713  33.135875     4.1045      7.014   268.2389 7.2891e+00     5.1057      2.177      3.157    21.4673 0.0000e+00
      2.237      0.069     6.4457     72.851     35.677  33.097997     3.9212      7.007   267.8254 7.1081e+00     5.9700      2.194      3.182    21.4401 0.0000e+00
      2.257      0.052     6.4410     72.804     35.647  33.073738     3.8189      7.006   267.5594 6.9346e+00     6.4750      2.212      3.210    21.4163 0.0000e+00
      2.274      0.034     6.4384     72.796     35.661  33.096633     3.8044      7.008   267.4323 6.8366e+00     6.5415      2.234      3.240    21.3960 0.0000e+00
      2.283      0.021     6.4406     72.849     35.672  33.120768     3.7369      7.009   267.4072 6.8611e+00     6.4687      2.245      3.255    21.3846 0.0000e+00
      2.278      0.013     6.4486     72.954     35.654  33.111509     3.6193      7.006   267.4276 6.9430e+00     6.3277      2.236      3.243    21.3771 0.0000e+00
      2.267      0.011     6.4570     73.046     35.655  33.111728     3.5587      7.001   267.3343 6.9780e+00     6.2704      2.220      3.220    21.3804 0.0000e+00
      2.264      0.016     6.4618     73.088     35.674  33.123411     3.5642      6.997   267.0535 6.9007e+00     6.2952      2.215      3.212    21.3978 0.0000e+00
      2.272      0.027     6.4637     73.101     35.682  33.125722     3.5764      6.992   266.7005 6.7412e+00     6.3218      2.226      3.228    21.4216 0.0000e+00
      2.287      0.046     6.4627     73.081     35.702  33.139666     3.6049      6.985   266.5933 6.5978e+00     6.6528      2.244      3.254    21.4373 0.0000e+00
      2.301      0.067     6.4606     73.039     35.738  33.164978     3.6605      6.974   266.7895 6.4698e+00     7.2768      2.256      3.271    21.4297 0.0000e+00
      2.317      0.084     6.4596     73.004     35.765  33.177694     3.6880      6.959   266.8356 6.2825e+00     7.5795      2.269      3.291    21.4175 0.0000e+00
      2.337      0.092     6.4580     72.963     35.765  33.166367     3.6808      6.948   266.5487 6.0146e+00     7.5969      2.288      3.319    21.4127 0.0000e+00
      2.367      0.092     6.4567     72.935     35.760  33.155029     3.6094      6.945   266.3326 5.6657e+00     7.8229      2.318      3.360    21.4093 0.0000e+00
      2.405      0.085     6.4583     72.948     35.777  33.167628     3.4688      6.946   266.2872 5.3412e+00     8.2066      2.362      3.425    21.3985 0.0000e+00
      2.435      0.072     6.4615     72.983     35.803  33.191670     3.3864      6.948   266.1722 5.1944e+00     8.3901      2.396      3.476    21.3767 0.0000e+00
      2.448      0.055     6.4641     73.017     35.801  33.191661     3.3764      6.951   265.9743 5.1660e+00     8.3943      2.404      3.486    21.3593 0.0000e+00
      2.451      0.035     6.4637     73.017     35.772  33.167524     3.3745      6.954   265.7879 5.1333e+00     8.4090      2.403      3.485    21.3504 0.0000e+00
      2.452      0.019     6.4587     72.963     35.756  33.153895     3.3732      6.956   265.7254 5.0914e+00     8.4159      2.405      3.488    21.3469 0.0000e+00
      2.454      0.009     6.4492     72.858     35.755  33.153895     3.3694      6.956   265.7336 5.0659e+00     8.3858      2.406      3.490    21.3474 0.0000e+00
      2.455      0.007     6.4373     72.727     35.768  33.167535     3.3663      6.956   265.7155 5.0517e+00     8.3502      2.407      3.492    21.3502 0.0000e+00
      2.456      0.007     6.4288     72.632     35.793  33.191784     3.3624      6.955   265.7641 5.0354e+00     8.2603      2.408      3.493    21.3535 0.0000e+00
      2.458      0.007     6.4260     72.604     35.793  33.193032     3.3597      6.953   265.8909 5.0183e+00     8.1228      2.410      3.496    21.3562 0.0000e+00
      2.460      0.007     6.4259     72.604     35.781  33.182629     3.3602      6.952   265.9583 4.9980e+00     8.0610      2.412      3.499    21.3578 0.0000e+00
      2.463 -9.990e-29 -9.990e-29 -9.990e-29 -9.990e-29 -9.990e-29 -9.990e-29 -9.990e-29 -9.990e-29 4.9805e+00 -9.990e-29      2.416      3.503    21.3593 0.0000e+00
      2.465 -9.990e-29 -9.990e-29 -9.990e-29 -9.990e-29 -9.990e-29 -9.990e-29 -9.990e-29 -9.990e-29 4.9698e+00 -9.990e-29      2.418      3.507    21.3600 0.0000e+00
      2.465 -9.990e-29 -9.990e-29 -9.990e-29 -9.990e-29 -9.990e-29 -9.990e-29 -9.990e-29 -9.990e-29 4.9525e+00 -9.990e-29      2.418      3.507    21.3623 0.0000e+00
      2.465 -9.990e-29 -9.990e-29 -9.990e-29 -9.990e-29 -9.990e-29 -9.990e-29 -9.990e-29 -9.990e-29 4.9402e+00 -9.990e-29      2.419      3.508    21.3652 0.0000e+00
