Data/DataNotYetUploadedToEDI/Raw_CTD/RawDownloads/092019_fcr50.cnv
* Sea-Bird SBE19plus  Data File:
* FileName = C:\DATA\092019_fcr50_0001.hex
* Software version 2.8.0.119 SB_Terminal.dll
* Temperature SN = 7809
* Conductivity SN = 7809
* System UpLoad Time = Sep 20 2019 11:51:45
* <ApplicationData>
* <Seaterm232>
# nquan = 16
# nvalues = 1197                        
# units = specified
# name 0 = depFM: Depth [fresh water, m]
# name 1 = dz/dtM: Descent Rate [m/s]
# name 2 = sbeox0ML/L: Oxygen, SBE 43 [ml/l]
# name 3 = sbeox0PS: Oxygen, SBE 43 [% saturation]
# name 4 = specc: Specific Conductance [uS/cm]
# name 5 = c0uS/cm: Conductivity [uS/cm]
# name 6 = flECO-AFL: Fluorescence, WET Labs ECO-AFL/FL [mg/m^3]
# name 7 = ph: pH
# name 8 = orp: Oxidation Reduction Potential [mV]
# name 9 = par/sat/log: PAR/Logarithmic, Satlantic
# name 10 = turbWETntu0: Turbidity, WET Labs ECO [NTU]
# name 11 = prdM: Pressure, Strain Gauge [db]
# name 12 = prdE: Pressure, Strain Gauge [psi]
# name 13 = tv290C: Temperature [ITS-90, deg C]
# name 14 = density00: Density [density, kg/m^3]
# name 15 = flag:  0.000e+00
# span 0 =     -0.493,      9.758       
# span 1 =     -0.202,      0.109       
# span 2 =    -0.1344,     6.1134       
# span 3 =     -1.978,     97.877       
# span 4 =      5.472,    425.207       
# span 5 =   4.945683, 324.092962       
# span 6 =    -0.6012,     8.8799       
# span 7 =      2.049,      7.829       
# span 8 = -1240.7455,   944.6649       
# span 9 = 1.2349e-01, 4.9775e+02       
# span 10 =    -2.3114,   210.0683      
# span 11 =     -0.484,      9.571      
# span 12 =     -0.701,     13.881      
# span 13 =    12.5625,    22.2941      
# span 14 =   997.7230,   999.6021      
# span 15 = 0.0000e+00, 0.0000e+00      
# interval = seconds: 0.25
# start_time = Sep 20 2019 11:34:42 [Instrument's time stamp, header]
# bad_flag = -9.990e-29
*END*
     -0.493 -4.313e-20     6.1069     96.397      6.345   5.737653    -0.1300      2.584 -1240.7455 1.6530e+02     0.1503     -0.483     -0.701    20.2069   998.1687 0.0000e+00
     -0.493 -3.921e-21     6.1081     96.397      6.448   5.830911    -0.1269      3.196 -1240.7455 1.6315e+02     0.1800     -0.484     -0.701    20.2064   998.1689 0.0000e+00
     -0.493 -3.565e-22     6.1075     96.405      6.628   5.993294    -0.1192      3.902 -1240.7455 1.6511e+02     0.2204     -0.483     -0.701    20.2059   998.1690 0.0000e+00
     -0.493 -3.241e-23     6.1066     96.407      6.765   6.116604    -0.1156      4.353 -1240.7455 1.7102e+02     0.3435     -0.483     -0.701    20.2055   998.1692 0.0000e+00
     -0.493 -2.946e-24     6.1087     96.397      6.836   6.181057    -0.1098      4.650 -1240.7455 1.7407e+02     0.5541     -0.483     -0.701    20.2050   998.1692 0.0000e+00
     -0.493 -2.678e-25     6.1069     96.391      6.860   6.202195    -0.1004      4.890 -1240.7455 1.7049e+02     0.6686     -0.483     -0.701    20.2047   998.1693 0.0000e+00
     -0.493 -2.435e-26     6.1086     96.372      6.838   6.182052    -0.0978      5.145 -1240.7455 1.6421e+02     0.6796     -0.483     -0.701    20.2041   998.1695 0.0000e+00
     -0.493 -2.213e-27     6.1094     96.367      6.778   6.127645    -0.0861      5.430 -1240.7455 1.6202e+02     0.8190     -0.483     -0.700    20.2033   998.1697 0.0000e+00
     -0.493 -2.012e-28     6.1071     96.384      6.694   6.051377    -0.0626      5.685 -1240.7455 1.6681e+02     1.0756     -0.483     -0.701    20.2026   998.1699 0.0000e+00
     -0.493 -1.829e-29     6.1091     96.388      6.589   5.957053    -0.0482      5.863 -1240.7455 1.7436e+02     1.1607     -0.483     -0.701    20.2020   998.1700 0.0000e+00
     -0.493 -1.663e-30     6.1059     96.397      6.498   5.874448    -0.0600      5.971 -1240.7455 1.8044e+02     1.0284     -0.484     -0.701    20.2016   998.1701 0.0000e+00
     -0.493 -1.510e-31     6.1050     96.401      6.430   5.813124    -0.2052      6.036 -1240.7455 1.8440e+02     0.1317     -0.483     -0.701    20.2012   998.1701 0.0000e+00
     -0.493 -1.163e-32     6.1089     96.379      6.330   5.722608    -0.4602      6.074 -1240.7455 1.8643e+02    -1.4554     -0.483     -0.701    20.2003   998.1703 0.0000e+00
     -0.493 2.2069e-32     6.1070     96.369      6.199   5.603909    -0.5933      6.090 -1240.7455 1.8828e+02    -2.2999     -0.483     -0.700    20.1996   998.1704 0.0000e+00
     -0.493 2.5639e-31     6.1084     96.383      6.105   5.518700    -0.6012      6.096 -1240.7455 1.9106e+02    -2.3114     -0.483     -0.701    20.1989   998.1706 0.0000e+00
     -0.493 2.8216e-30     6.1105     96.393      6.032   5.452859    -0.5822      6.101 -1240.7455 1.9449e+02    -1.8246     -0.483     -0.701    20.1976   998.1708 0.0000e+00
     -0.493 3.1037e-29     6.1068     96.400      5.950   5.378207    -0.5545      6.104 -1240.7455 1.9693e+02    -0.9357     -0.483     -0.701    20.1961   998.1710 0.0000e+00
     -0.493 3.4141e-28     6.1062     96.414      5.878   5.313204    -0.5522      6.104 -1240.7455 1.9637e+02    -0.4453     -0.483     -0.700    20.1952   998.1712 0.0000e+00
     -0.493 3.7555e-27     6.1088     96.425      5.794   5.237294    -0.5452      6.104 -1240.7455 1.9377e+02    -0.4517     -0.484     -0.701    20.1943   998.1715 0.0000e+00
     -0.493 4.1310e-26     6.1089     96.430      5.706   5.157496    -0.4787      6.105 -1240.7455 1.9101e+02    -0.7830     -0.483     -0.700    20.1932   998.1717 0.0000e+00
     -0.493 4.5442e-25     6.1092     96.428      5.652   5.108864    -0.3892      6.102 -1240.7455 1.8626e+02    -1.3378     -0.483     -0.701    20.1923   998.1718 0.0000e+00
     -0.493 4.9986e-24     6.1107     96.421      5.634   5.092910    -0.3564      6.083 -1240.7455 1.7549e+02    -1.6218     -0.483     -0.700    20.1913   998.1720 0.0000e+00
     -0.493 5.4984e-23     6.1115     96.416      5.633   5.091347    -0.3595      5.961 -1240.7455 1.5932e+02    -1.5943     -0.483     -0.701    20.1904   998.1722 0.0000e+00
     -0.492 6.0483e-22     6.1118     96.416      5.631   5.089967    -0.3404      5.626 -1240.7455 1.4255e+02    -1.4647     -0.483     -0.700    20.1896   998.1723 0.0000e+00
     -0.492 6.6531e-21     6.1119     96.416      5.616   5.076230    -0.1860      5.097 -1240.7455 1.2793e+02    -0.6775     -0.483     -0.700    20.1891   998.1724 0.0000e+00
     -0.492 7.3184e-20     6.1110     96.403      5.589   5.051993     0.0859      4.517 -1240.7455 1.1468e+02     0.7142     -0.483     -0.700    20.1887   998.1725 0.0000e+00
     -0.492 8.0502e-19     6.1109     96.388      5.587   5.050414     0.2333      4.318 -1240.7455 1.0368e+02     1.5000     -0.483     -0.700    20.1885   998.1725 0.0000e+00
     -0.492 8.8553e-18     6.1109     96.391      5.595   5.057138     0.2347      4.699 -1240.7455 9.7147e+01     1.6139     -0.483     -0.700    20.1881   998.1726 0.0000e+00
     -0.492 9.7408e-17     6.1116     96.404      5.539   5.006545     0.0508      5.199 -1240.7455 9.4239e+01     1.5984     -0.483     -0.700    20.1877   998.1727 0.0000e+00
     -0.492 1.0715e-15     6.1104     96.399      5.472   4.945683    -0.2905      5.569 -1240.7455 9.4054e+01     1.5424     -0.483     -0.700    20.1872   998.1728 0.0000e+00
     -0.492 1.1786e-14     6.1087     96.378      5.483   4.954995    -0.4676      5.834 -1240.7455 9.6557e+01     1.5601     -0.483     -0.700    20.1866   998.1729 0.0000e+00
     -0.492 1.2965e-13     6.1096     96.375      5.524   4.992395    -0.4686      5.979 -1240.7455 1.0093e+02     1.6159     -0.483     -0.700    20.1863   998.1730 0.0000e+00
     -0.492 1.4261e-12     6.1108     96.382      5.552   5.017641    -0.3643      6.054 -1240.7455 1.0522e+02     1.5624     -0.483     -0.700    20.1857   998.1731 0.0000e+00
     -0.492 1.5688e-11     6.1114     96.387      5.540   5.006741    -0.1775      6.102 -1240.7455 1.0874e+02     1.4042     -0.483     -0.700    20.1850   998.1732 0.0000e+00
     -0.492 1.7256e-10     6.1077     96.400      5.518   4.987351    -0.0732      6.132 -1240.7454 1.1194e+02     1.3412     -0.483     -0.700    20.1847   998.1733 0.0000e+00
     -0.492 1.8982e-09     6.1090     96.411      5.573   5.036693    -0.0488      6.140 -1240.7448 1.1383e+02     1.3257     -0.483     -0.700    20.1841   998.1734 0.0000e+00
     -0.492 2.0880e-08     6.1096     96.407      5.639   5.096340    -0.0563      6.110 -1240.7373 1.1589e+02     0.8228     -0.483     -0.700    20.1840   998.1735 0.0000e+00
     -0.492 2.2968e-07     6.1093     96.401      5.615   5.074815    -0.0938      5.828 -1240.6553 1.2145e+02    -0.0523     -0.483     -0.700    20.1839   998.1734 0.0000e+00
     -0.492      0.000     6.1106     96.411      5.565   5.029926    -0.1118      5.063 -1239.7530 1.2777e+02    -0.4728     -0.483     -0.700    20.1853   998.1732 0.0000e+00
     -0.492      0.000     6.1112     96.415      5.599   5.060584    -0.1101      3.990 -1229.8284 1.2971e+02    -0.4927     -0.483     -0.700    20.1860   998.1730 0.0000e+00
     -0.492      0.000     6.1110     96.413      5.744   5.192001    -0.1161      2.646 -1120.6578 1.2915e+02    -0.4889     -0.483     -0.700    20.1875   998.1727 0.0000e+00
     -0.492      0.003     6.1091     96.419      6.407   5.795014    -0.1235      2.049  -808.2221 1.3110e+02    -0.4604     -0.482     -0.700    20.1865   998.1729 0.0000e+00
     -0.492      0.012     6.1114     96.402      9.688   8.802524    -0.1214      3.251  -114.5074 1.3796e+02    -0.4428     -0.483     -0.700    20.1882   998.1726 0.0000e+00
     -0.492      0.027     6.1119     96.374     17.623  16.136979    -0.1171      4.812   742.9744 1.7378e+02    -0.4403     -0.482     -0.699    20.1842   998.1734 0.0000e+00
     -0.491      0.046     6.1098     96.369     28.583  26.380279    -0.1146      5.722   944.6649 2.0831e+02    -0.4300     -0.484     -0.701    20.1887   998.1726 0.0000e+00
     -0.481      0.065     6.1134     96.362     39.149  36.373458    -0.1093      6.357   561.9444 1.8496e+02    -0.3834     -0.479     -0.694    20.1792   998.1745 0.0000e+00
     -0.456      0.080     6.1057     96.340     46.935  43.813175    -0.1049      6.792   333.8663 1.5582e+02    -0.3034     -0.450     -0.653    20.2285   998.1649 0.0000e+00
     -0.422      0.091     6.0617     96.320     50.277  47.077300    -0.1048      7.083   312.5065 1.5322e+02    -0.2489     -0.413     -0.598    20.5635   998.0969 0.0000e+00
     -0.390      0.097     6.0050     96.305     49.764  46.696117    -0.1078      7.297   311.5150 1.5383e+02    -0.2162     -0.379     -0.551    21.0546   997.9954 0.0000e+00
     -0.365      0.096     5.9595     96.304     48.207  45.301152    -0.1154      7.439   312.9292 1.5783e+02     0.0268     -0.355     -0.514    21.4402   997.9145 0.0000e+00
     -0.347      0.089     5.9292     96.310     46.903  44.118293    -0.1185      7.518   313.6026 1.6369e+02     0.4936     -0.341     -0.493    21.6832   997.8634 0.0000e+00
     -0.328      0.080     5.9121     96.303     45.475  42.808044    -0.1113      7.573   312.0856 1.6890e+02     1.1669     -0.324     -0.471    21.8254   997.8328 0.0000e+00
     -0.305      0.073     5.8992     96.305     44.009  41.459410    -0.0801      7.632   309.4717 1.7369e+02     6.0371     -0.297     -0.431    21.9267   997.8093 0.0000e+00
     -0.284      0.069     5.8916     96.320     42.902  40.446704     0.1900      7.688   308.2396 1.7582e+02    59.3466     -0.273     -0.398    21.9907   997.7943 0.0000e+00
     -0.269      0.065     5.8891     96.315     42.157  39.769188     0.6758      7.737   307.9437 1.7372e+02   157.0606     -0.263     -0.383    22.0284   997.7854 0.0000e+00
     -0.257      0.060     5.8836     96.306     41.640  39.298633     0.9373      7.776   306.4104 1.7133e+02   209.9586     -0.252     -0.366    22.0634   997.7771 0.0000e+00
     -0.242      0.056     5.8791     96.309     41.389  39.074066     0.9593      7.804   303.8109 1.7154e+02   210.0683     -0.237     -0.344    22.0982   997.7687 0.0000e+00
     -0.227      0.053     5.8781     96.331     41.591  39.275823     0.9325      7.821   300.6907 1.7564e+02   158.1581     -0.222     -0.322    22.1362   997.7597 0.0000e+00
     -0.213      0.052     5.8727     96.381     42.308  39.960576     0.8731      7.828   297.1630 1.8787e+02    62.1675     -0.209     -0.303    22.1672   997.7525 0.0000e+00
     -0.200      0.051     5.8700     96.449     43.139  40.751169     0.8395      7.829   294.4550 2.7051e+02     9.7790     -0.196     -0.283    22.1849   997.7483 0.0000e+00
     -0.187      0.050     5.8688     96.534     43.829  41.407179     0.8380      7.825   292.6416 4.4127e+02     5.0109     -0.183     -0.265    22.1988   997.7451 0.0000e+00
     -0.176      0.049     5.8680     96.658     44.238  41.797606     0.8388      7.814   288.8313 4.9775e+02     4.5499     -0.172     -0.250    22.2122   997.7421 0.0000e+00
     -0.165      0.048     5.8707     96.814     43.958  41.535531     0.8577      7.804   283.3172 3.6166e+02     4.3679     -0.162     -0.235    22.2206   997.7405 0.0000e+00
     -0.151      0.047     5.8743     96.969     43.291  40.904931     0.8936      7.800   280.6921 2.3646e+02     4.1535     -0.149     -0.215    22.2266   997.7395 0.0000e+00
     -0.137      0.046     5.8779     97.108     43.159  40.775771     0.9084      7.799   280.4082 2.0022e+02     4.0556     -0.133     -0.192    22.2317   997.7387 0.0000e+00
     -0.126      0.045     5.8851     97.238     43.660  41.243598     0.9062      7.787   278.4222 1.9182e+02     4.0365     -0.122     -0.177    22.2354   997.7381 0.0000e+00
     -0.116      0.041     5.8955     97.375     43.785  41.355463     0.9197      7.763   275.7794 1.8875e+02     4.0536     -0.116     -0.168    22.2403   997.7368 0.0000e+00
     -0.105      0.037     5.9047     97.510     42.929  40.541107     0.9501      7.746   273.6646 1.8540e+02     4.0984     -0.104     -0.150    22.2405   997.7365 0.0000e+00
     -0.094      0.035     5.9141     97.617     42.060  39.713857     0.9698      7.738   270.1454 1.8353e+02     4.0860     -0.091     -0.131    22.2351   997.7378 0.0000e+00
     -0.086      0.036     5.9219     97.704     41.824  39.479308     0.9762      7.714   266.1825 1.8513e+02     4.0354     -0.082     -0.119    22.2273   997.7399 0.0000e+00
     -0.081      0.038     5.9314     97.783     41.573  39.228800     1.0188      7.668   263.7792 1.8844e+02     4.0765     -0.080     -0.115    22.2200   997.7418 0.0000e+00
     -0.076      0.040     5.9415     97.817     41.172  38.843325     1.1024      7.617   262.3382 1.9171e+02     4.2220     -0.080     -0.116    22.2136   997.7427 0.0000e+00
     -0.063      0.041     5.9483     97.817     40.944  38.627393     1.1552      7.568   260.6337 1.9313e+02     4.3201     -0.064     -0.093    22.2075   997.7438 0.0000e+00
     -0.046      0.042     5.9541     97.842     40.834  38.522370     1.1636      7.526   258.4851 1.9292e+02     4.3123     -0.041     -0.060    22.1932   997.7473 0.0000e+00
     -0.034      0.043     5.9635     97.877     40.708  38.398729     1.1434      7.513   257.0093 1.9167e+02     4.2589     -0.032     -0.046    22.1698   997.7525 0.0000e+00
     -0.025      0.043     5.9665     97.747     40.584  38.275066     1.1100      7.525   256.7287 1.8909e+02     4.2634     -0.024     -0.035    22.1640   997.7537 0.0000e+00
     -0.017      0.042     5.9630     96.997     40.542  38.233243     1.0982      7.539   256.4687 1.8626e+02     4.3021     -0.015     -0.022    22.1665   997.7531 0.0000e+00
     -0.009      0.041     5.9663     95.187     40.514  38.210439     1.0962      7.541   254.8117 1.8501e+02     4.2678     -0.011     -0.015    22.1639   997.7537 0.0000e+00
      0.002      0.041     5.9699     92.293     40.422  38.126302     1.0852      7.541   252.0095 1.8542e+02     4.2430      0.000      0.001    22.1595   997.7547 0.0000e+00
      0.017      0.042     5.9754     88.733     40.332  38.041171     1.0779      7.553   250.2060 1.8588e+02     4.2642      0.018      0.027    22.1481   997.7574 0.0000e+00
      0.030      0.042     5.9428     85.103     40.297  38.006328     1.0859      7.578   250.2998 1.8524e+02     4.2614      0.032      0.046    22.1443   997.7583 0.0000e+00
      0.039      0.042     5.8305     81.781     40.316  38.022402     1.0962      7.603   250.5626 1.8422e+02     4.2739      0.038      0.056    22.1525   997.7565 0.0000e+00
      0.047      0.041     5.6446     78.913     40.342  38.045085     1.0973      7.623   249.8554 1.8405e+02     4.2851      0.044      0.065    22.1579   997.7553 0.0000e+00
      0.057      0.039     5.4109     76.574     40.326  38.026677     1.0904      7.636   248.9761 1.8527e+02     4.2661      0.055      0.080    22.1553   997.7559 0.0000e+00
      0.068      0.039     5.1832     74.811     40.292  37.990252     1.0826      7.638   247.9336 1.8686e+02     4.2731      0.067      0.097    22.1511   997.7569 0.0000e+00
      0.080      0.038     4.9789     73.650     40.222  37.922062     1.0892      7.618   245.9400 1.8782e+02     4.2712      0.078      0.114    22.1497   997.7573 0.0000e+00
      0.090      0.034     4.8018     72.954     40.133  37.836952     1.1020      7.583   243.8863 1.8350e+02     4.2431      0.088      0.128    22.1489   997.7575 0.0000e+00
      0.099      0.026     4.6599     72.468     40.083  37.786400     1.0976      7.555   243.4082 1.6602e+02     4.1300      0.097      0.141    22.1441   997.7586 0.0000e+00
      0.107      0.014     4.5501     72.034     40.059  37.755167     1.0886      7.546   243.6859 1.4718e+02     3.9195      0.106      0.153    22.1379   997.7600 0.0000e+00
      0.111      0.001     4.4832     71.706     40.027  37.713215     1.0964      7.550   243.0288 1.4210e+02     3.8286      0.111      0.162    22.1356   997.7606 0.0000e+00
