Data/DataNotYetUploadedToEDI/Raw_CTD/RawDownloads/092019_fcr50.cnv
* Sea-Bird SBE19plus  Data File:
* FileName = C:\DATA\092019_fcr50_0001.hex
* Software version 2.8.0.119 SB_Terminal.dll
* Temperature SN = 7809
* Conductivity SN = 7809
* System UpLoad Time = Sep 20 2019 11:51:45
* <ApplicationData>
* <Seaterm232>
# nquan = 16
# nvalues = 1197                        
# units = specified
# name 0 = depFM: Depth [fresh water, m]
# name 1 = dz/dtM: Descent Rate [m/s]
# name 2 = sbeox0ML/L: Oxygen, SBE 43 [ml/l]
# name 3 = sbeox0PS: Oxygen, SBE 43 [% saturation]
# name 4 = specc: Specific Conductance [uS/cm]
# name 5 = c0uS/cm: Conductivity [uS/cm]
# name 6 = flECO-AFL: Fluorescence, WET Labs ECO-AFL/FL [mg/m^3]
# name 7 = ph: pH
# name 8 = orp: Oxidation Reduction Potential [mV]
# name 9 = par/sat/log: PAR/Logarithmic, Satlantic
# name 10 = turbWETntu0: Turbidity, WET Labs ECO [NTU]
# name 11 = prdM: Pressure, Strain Gauge [db]
# name 12 = prdE: Pressure, Strain Gauge [psi]
# name 13 = tv290C: Temperature [ITS-90, deg C]
# name 14 = density00: Density [density, kg/m^3]
# name 15 = flag:  0.000e+00
# span 0 =     -0.493,      9.758       
# span 1 =     -0.202,      0.109       
# span 2 =    -0.1344,     6.1134       
# span 3 =     -1.978,     97.877       
# span 4 =      5.472,    425.207       
# span 5 =   4.945683, 324.092962       
# span 6 =    -0.6012,     8.8799       
# span 7 =      2.049,      7.829       
# span 8 = -1240.7455,   944.6649       
# span 9 = 1.2349e-01, 4.9775e+02       
# span 10 =    -2.3114,   210.0683      
# span 11 =     -0.484,      9.571      
# span 12 =     -0.701,     13.881      
# span 13 =    12.5625,    22.2941      
# span 14 =   997.7230,   999.6021      
# span 15 = 0.0000e+00, 0.0000e+00      
# interval = seconds: 0.25
# start_time = Sep 20 2019 11:34:42 [Instrument's time stamp, header]
# bad_flag = -9.990e-29
*END*
[from data line 543]
      2.261      0.025     4.8515     79.167     39.057  36.554061     2.6139      6.507   221.8039 1.7268e+01     6.3219      2.217      3.215    21.7932   997.8473 0.0000e+00
      2.267      0.023     4.8550     79.079     39.057  36.552902     2.5962      6.511   221.7845 1.7006e+01     6.2751      2.223      3.223    21.7934   997.8473 0.0000e+00
      2.273      0.023     4.8621     78.967     39.032  36.528512     2.5679      6.515   221.8538 1.6759e+01     6.1658      2.229      3.233    21.7933   997.8474 0.0000e+00
      2.280      0.025     4.8636     78.891     39.017  36.513052     2.5492      6.517   221.9543 1.6542e+01     6.0816      2.236      3.243    21.7928   997.8475 0.0000e+00
      2.286      0.027     4.8651     78.850     38.997  36.492919     2.5519      6.518   222.0519 1.6347e+01     6.0756      2.241      3.251    21.7913   997.8479 0.0000e+00
      2.292      0.029     4.8577     78.832     38.980  36.475495     2.5917      6.521   221.9154 1.6148e+01     6.0934      2.246      3.258    21.7888   997.8485 0.0000e+00
      2.299      0.031     4.8491     78.833     39.000  36.492795     2.6490      6.525   221.6803 1.5915e+01     6.1014      2.253      3.268    21.7871   997.8488 0.0000e+00
      2.308      0.033     4.8457     78.868     39.021  36.511680     2.6725      6.527   221.7051 1.5636e+01     6.0738      2.262      3.281    21.7857   997.8492 0.0000e+00
      2.318      0.034     4.8427     78.913     39.023  36.513406     2.6769      6.529   221.9566 1.5348e+01     6.0541      2.273      3.297    21.7843   997.8496 0.0000e+00
      2.327      0.034     4.8429     78.977     39.023  36.513667     2.7021      6.531   222.3127 1.5095e+01     6.1917      2.283      3.311    21.7828   997.8500 0.0000e+00
      2.336      0.033     4.8416     79.095     39.023  36.514834     2.7354      6.534   222.6546 1.4858e+01     6.4260      2.291      3.323    21.7806   997.8505 0.0000e+00
      2.345      0.032     4.8452     79.207     39.035  36.527529     2.7498      6.535   222.9935 1.4663e+01     6.5277      2.300      3.335    21.7792   997.8508 0.0000e+00
      2.352      0.032     4.8483     79.246     39.048  36.540213     2.7545      6.534   223.2273 1.4531e+01     6.5363      2.306      3.345    21.7794   997.8508 0.0000e+00
      2.358      0.033     4.8494     79.222     39.049  36.541250     2.7487      6.532   223.0722 1.4375e+01     6.4967      2.312      3.353    21.7805   997.8506 0.0000e+00
      2.366      0.034     4.8595     79.188     39.048  36.540071     2.7409      6.532   222.8391 1.4125e+01     6.3763      2.319      3.364    21.7821   997.8502 0.0000e+00
      2.376      0.036     4.8676     79.169     39.033  36.525956     2.7460      6.535   222.7312 1.3832e+01     6.2939      2.330      3.381    21.7835   997.8500 0.0000e+00
      2.387      0.039     4.8695     79.135     39.004  36.497526     2.7417      6.535   222.7147 1.3625e+01     6.2865      2.342      3.398    21.7842   997.8500 0.0000e+00
      2.395      0.040     4.8666     79.090     38.958  36.450213     2.7059      6.533   222.8102 1.3468e+01     6.2878      2.349      3.407    21.7842   997.8499 0.0000e+00
      2.405      0.040     4.8634     79.056     38.908  36.398202     2.6511      6.530   222.7682 1.3243e+01     6.2763      2.356      3.418    21.7836   997.8500 0.0000e+00
      2.417      0.040     4.8641     79.013     38.891  36.376432     2.6259      6.528   222.7230 1.2980e+01     6.2788      2.370      3.438    21.7836   997.8502 0.0000e+00
      2.428      0.040     4.8616     78.938     38.898  36.377405     2.6268      6.529   222.7796 1.2779e+01     6.3172      2.383      3.457    21.7828   997.8504 0.0000e+00
      2.438      0.041     4.8586     78.878     38.938  36.409957     2.6186      6.532   222.6790 1.2647e+01     6.3468      2.392      3.470    21.7774   997.8516 0.0000e+00
      2.445      0.042     4.8574     78.847     38.989  36.452642     2.6132      6.534   222.5390 1.2487e+01     6.3751      2.398      3.477    21.7685   997.8536 0.0000e+00
      2.455      0.042     4.8577     78.813     38.990  36.449194     2.6130      6.534   222.4637 1.2250e+01     6.4630      2.407      3.490    21.7606   997.8554 0.0000e+00
      2.468      0.042     4.8509     78.783     38.976  36.431731     2.6163      6.535   222.2845 1.1993e+01     6.5576      2.421      3.510    21.7549   997.8568 0.0000e+00
      2.482      0.042     4.8474     78.758     38.981  36.431912     2.6270      6.536   222.0934 1.1778e+01     6.5688      2.434      3.531    21.7490   997.8582 0.0000e+00
      2.493      0.041     4.8482     78.716     39.006  36.451379     2.6043      6.536   221.9600 1.1614e+01     6.4340      2.447      3.549    21.7428   997.8597 0.0000e+00
      2.502      0.040     4.8453     78.621     39.039  36.476689     2.5405      6.536   221.6183 1.1463e+01     6.2060      2.454      3.560    21.7368   997.8610 0.0000e+00
      2.510      0.040     4.8445     78.464     39.052  36.484034     2.4978      6.535   221.2315 1.1289e+01     6.0736      2.460      3.568    21.7310   997.8624 0.0000e+00
      2.519      0.042     4.8435     78.261     39.049  36.476707     2.4948      6.533   221.0691 1.1109e+01     6.0788      2.470      3.583    21.7259   997.8636 0.0000e+00
      2.529      0.047     4.8427     78.012     39.030  36.451557     2.4876      6.529   221.0306 1.0925e+01     6.1374      2.479      3.596    21.7202   997.8649 0.0000e+00
      2.540      0.052     4.8379     77.726     39.023  36.433834     2.4624      6.524   221.1960 1.0674e+01     6.2243      2.488      3.608    21.7131   997.8665 0.0000e+00
      2.556      0.056     4.8280     77.458     39.059  36.452826     2.4494      6.514   221.3477 1.0371e+01     6.3101      2.506      3.635    21.7060   997.8682 0.0000e+00
      2.574      0.057     4.8158     77.235     39.120  36.490751     2.4436      6.497   221.1446 1.0112e+01     6.3232      2.526      3.664    21.7028   997.8690 0.0000e+00
      2.589      0.054     4.8021     77.036     39.166  36.511514     2.4279      6.478   220.8914 9.8881e+00     6.2522      2.539      3.683    21.6939   997.8710 0.0000e+00
      2.604      0.049     4.7837     76.856     39.190  36.513416     2.4066      6.465   221.0395 9.6654e+00     6.1727      2.554      3.704    21.6775   997.8747 0.0000e+00
      2.618      0.042     4.7680     76.696     39.203  36.513726     2.3853      6.456   221.5581 9.5239e+00     6.1150      2.570      3.726    21.6613   997.8785 0.0000e+00
      2.626      0.034     4.7580     76.531     39.209  36.515243     2.3789      6.451   222.0005 9.4516e+00     6.0788      2.577      3.737    21.6365   997.8841 0.0000e+00
      2.631      0.028     4.7481     76.319     39.226  36.531746     2.3986      6.453   222.0005 9.3751e+00     6.0633      2.580      3.742    21.6042   997.8913 0.0000e+00
      2.636      0.024     4.7397     76.072     39.284  36.586319     2.4234      6.458   221.6439 9.3116e+00     6.0589      2.586      3.751    21.5763   997.8975 0.0000e+00
      2.641      0.023     4.7315     75.824     39.379  36.667305     2.4274      6.466   221.3028 9.2787e+00     6.0579      2.591      3.758    21.5611   997.9010 0.0000e+00
      2.645      0.023     4.7235     75.558     39.487  36.749257     2.4207      6.473   221.2313 9.2323e+00     6.0508      2.593      3.761    21.5567   997.9019 0.0000e+00
      2.650      0.023     4.7096     75.268     39.582  36.815477     2.4204      6.478   221.2954 9.1425e+00     6.0716      2.598      3.768    21.5597   997.9013 0.0000e+00
      2.659      0.023     4.6921     74.964     39.616  36.833206     2.4592      6.483   221.3038 9.0546e+00     6.2113      2.608      3.782    21.5646   997.9003 0.0000e+00
      2.668      0.023     4.6789     74.633     39.622  36.836641     2.5247      6.491   221.5903 8.9993e+00     6.4291      2.617      3.795    21.5590   997.9016 0.0000e+00
      2.674      0.024     4.6649     74.239     39.712  36.920481     2.5534      6.500   222.0060 8.9738e+00     6.5414      2.623      3.805    21.5316   997.9078 0.0000e+00
      2.677      0.025     4.6497     73.746     39.893  37.085227     2.5557      6.509   221.9429 8.9701e+00     6.5532      2.626      3.809    21.4937   997.9162 0.0000e+00
      2.681      0.026     4.6329     73.152     40.075  37.241727     2.5348      6.516   221.7731 8.9374e+00     6.5069      2.627      3.810    21.4771   997.9199 0.0000e+00
      2.687      0.029     4.6131     72.505     40.285  37.416250     2.4835      6.521   221.6743 8.8392e+00     6.4074      2.633      3.819    21.4776   997.9198 0.0000e+00
      2.697      0.033     4.5895     71.840     40.657  37.735401     2.4560      6.523   221.6944 8.7277e+00     6.3659      2.645      3.836    21.4805   997.9192 0.0000e+00
      2.707      0.036     4.5592     71.112     41.110  38.117138     2.4530      6.518   222.1024 8.6355e+00     6.3662      2.655      3.850    21.4828   997.9189 0.0000e+00
      2.717      0.037     4.5228     70.239     41.409  38.350083     2.4208      6.518   222.3918 8.5399e+00     6.3450      2.664      3.864    21.4625   997.9234 0.0000e+00
      2.727      0.037     4.4839     69.169     41.564  38.457093     2.3705      6.525   222.4399 8.4445e+00     6.3395      2.675      3.880    21.4348   997.9297 0.0000e+00
      2.737      0.036     4.4460     67.849     41.733  38.585716     2.3395      6.531   222.4262 8.3460e+00     6.3323      2.685      3.894    21.4105   997.9352 0.0000e+00
      2.746      0.034     4.4080     66.156     41.948  38.762594     2.3232      6.535   222.3118 8.2555e+00     6.3231      2.693      3.906    21.3580   997.9470 0.0000e+00
      2.754      0.032     4.3598     63.923     42.236  39.008696     2.3293      6.537   222.3469 8.1842e+00     6.3266      2.701      3.917    21.2955   997.9609 0.0000e+00
      2.761      0.031     4.2982     61.212     42.615  39.339486     2.3605      6.538   222.5924 8.1072e+00     6.3092      2.708      3.927    21.2531   997.9703 0.0000e+00
      2.769      0.031     4.2205     58.336     42.979  39.651534     2.3885      6.539   222.7856 8.0246e+00     6.3100      2.715      3.938    21.2234   997.9769 0.0000e+00
      2.777      0.031     4.1232     55.508     43.237  39.861441     2.3996      6.540   222.7902 7.9353e+00     6.3365      2.723      3.949    21.1973   997.9826 0.0000e+00
      2.785      0.031     3.9864     52.801     43.386  39.972940     2.4337      6.540   222.8202 7.8494e+00     6.3333      2.731      3.961    21.1741   997.9879 0.0000e+00
      2.793      0.031     3.8077     50.146     43.484  40.047376     2.5066      6.538   223.0622 7.7677e+00     6.3372      2.739      3.973    21.1537   997.9924 0.0000e+00
      2.802      0.030     3.6285     47.456     43.580  40.126583     2.5612      6.531   223.3932 7.6830e+00     6.3506      2.748      3.985    21.1269   997.9984 0.0000e+00
      2.809      0.030     3.4524     44.819     43.642  40.168808     2.5827      6.526   223.5527 7.6159e+00     6.3325      2.755      3.996    21.0904   998.0065 0.0000e+00
      2.816      0.031     3.2877     42.273     43.668  40.176984     2.5842      6.522   223.3562 7.5629e+00     6.3144      2.761      4.005    21.0560   998.0141 0.0000e+00
      2.823      0.031     3.1286     39.807     43.727  40.225414     2.5880      6.517   222.9962 7.5142e+00     6.2951      2.768      4.015    21.0403   998.0175 0.0000e+00
      2.830      0.031     2.9550     37.442     43.815  40.309976     2.6112      6.513   222.5547 7.4328e+00     6.2635      2.775      4.024    21.0362   998.0185 0.0000e+00
      2.840      0.031     2.7925     35.261     43.886  40.374122     2.6301      6.511   222.1484 7.3265e+00     6.2604      2.785      4.038    21.0186   998.0225 0.0000e+00
      2.850      0.032     2.6359     33.414     43.891  40.366148     2.6427      6.509   222.3000 7.2726e+00     6.2900      2.797      4.057    20.9905   998.0285 0.0000e+00
      2.857      0.035     2.4812     31.995     44.019  40.467485     2.6163      6.504   222.8381 7.2644e+00     6.2614      2.803      4.065    20.9862   998.0295 0.0000e+00
      2.862      0.037     2.3325     30.971     44.498  40.900998     2.5456      6.498   223.0628 7.2092e+00     6.1763      2.804      4.067    20.9992   998.0268 0.0000e+00
      2.871      0.038     2.1911     30.194     45.076  41.417625     2.5074      6.491   222.6932 7.0845e+00     6.1128      2.813      4.080    20.9997   998.0267 0.0000e+00
      2.883      0.042     2.0753     29.590     45.577  41.825475     2.5104      6.484   222.1543 6.9713e+00     6.0842      2.828      4.102    20.9812   998.0307 0.0000e+00
      2.896      0.049     1.9876     29.201     46.027  42.149853     2.5733      6.474   222.2264 6.8807e+00     6.2230      2.841      4.121    20.9540   998.0367 0.0000e+00
      2.907      0.057     1.9286     28.855     46.352  42.355512     2.6873      6.454   222.8767 6.7702e+00     6.4481      2.851      4.135    20.9532   998.0372 0.0000e+00
      2.920      0.062     1.8830     28.068     46.566  42.470715     2.7438      6.430   223.7362 6.6319e+00     6.5120      2.862      4.150    20.9564   998.0367 0.0000e+00
      2.937      0.064     1.8425     26.328     46.846  42.653780     2.7445      6.411   224.7886 6.4543e+00     6.5041      2.877      4.174    20.8968   998.0498 0.0000e+00
      2.960      0.064     1.8262     23.462     47.353  43.045032     2.7480      6.402   225.6211 6.2760e+00     6.4172      2.903      4.210    20.7817   998.0748 0.0000e+00
      2.981      0.063     1.8205     19.717     47.887  43.455125     2.7520      6.401   225.9730 6.1562e+00     6.2150      2.927      4.244    20.6777   998.0973 0.0000e+00
      2.996      0.061     1.7871     15.494     48.227  43.675465     2.7494      6.403   226.2038 6.0752e+00     6.0920      2.939      4.262    20.5970   998.1145 0.0000e+00
      3.007      0.058     1.6855     11.179     48.552  43.867693     2.7507      6.406   226.3462 5.9906e+00     6.0443      2.948      4.276    20.5193   998.1311 0.0000e+00
      3.020      0.054     1.4981      7.057     49.185  44.318784     2.7772      6.406   226.3179 5.8882e+00     5.8680      2.961      4.295    20.4484   998.1464 0.0000e+00
      3.033      0.052     1.2559      3.426     49.946  44.875089     2.8257      6.404   226.3779 5.7706e+00     5.5987      2.974      4.313    20.3726   998.1626 0.0000e+00
      3.047      0.051     0.9809      0.691     50.366  45.132913     2.8611      6.403   226.4694 5.6534e+00     5.4428      2.987      4.333    20.2813   998.1819 0.0000e+00
      3.062      0.050     0.7041     -0.986     50.421  45.086503     2.8664      6.403   226.3914 5.5579e+00     5.3922      3.003      4.356    20.1776   998.2037 0.0000e+00
      3.075      0.047     0.4398     -1.780     50.273  44.885316     2.8644      6.402   226.2955 5.4899e+00     5.4456      3.017      4.376    20.0545   998.2294 0.0000e+00
      3.087      0.043     0.1960     -1.978     50.083  44.668768     2.8710      6.399   226.3429 5.4307e+00     5.5971      3.027      4.390    19.9152   998.2586 0.0000e+00
      3.097      0.039     0.0188     -1.788     49.988  44.563652     2.8774      6.397   226.5337 5.3799e+00     5.6831      3.038      4.406    19.7898   998.2845 0.0000e+00
      3.105      0.036    -0.0831     -1.319     49.911  44.503318     2.8813      6.399   226.7102 5.3319e+00     5.6665      3.045      4.418    19.6955   998.3036 0.0000e+00
      3.112      0.035    -0.1267     -0.703     49.752  44.383776     2.8742      6.401   226.8426 5.2632e+00     5.6255      3.051      4.425    19.6304   998.3168 0.0000e+00
