Data/DataNotYetUploadedToEDI/Raw_CTD/RawDownloads/092019_bvr50.cnv
* Sea-Bird SBE19plus  Data File:
* FileName = C:\DATA\092019_bvr50_0002.hex
* Software version 2.8.0.119 SB_Terminal.dll
* Temperature SN = 7809
* Conductivity SN = 7809
* System UpLoad Time = Sep 24 2019 10:32:41
* <ApplicationData>
* <Seaterm232>
# nquan = 16
# nvalues = 915                         
# units = specified
# name 0 = depFM: Depth [fresh water, m]
# name 1 = dz/dtM: Descent Rate [m/s]
# name 2 = sbeox0ML/L: Oxygen, SBE 43 [ml/l]
# name 3 = sbeox0PS: Oxygen, SBE 43 [% saturation]
# name 4 = specc: Specific Conductance [uS/cm]
# name 5 = c0uS/cm: Conductivity [uS/cm]
# name 6 = flECO-AFL: Fluorescence, WET Labs ECO-AFL/FL [mg/m^3]
# name 7 = ph: pH
# name 8 = orp: Oxidation Reduction Potential [mV]
# name 9 = par/sat/log: PAR/Logarithmic, Satlantic
# name 10 = turbWETntu0: Turbidity, WET Labs ECO [NTU]
# name 11 = prdM: Pressure, Strain Gauge [db]
# name 12 = prdE: Pressure, Strain Gauge [psi]
# name 13 = tv290C: Temperature [ITS-90, deg C]
# name 14 = density00: Density [density, kg/m^3]
# name 15 = flag:  0.000e+00
# span 0 =     -0.591,     10.221       
# span 1 =     -2.803,      0.172       
# span 2 =    -0.0005,     5.7242       
# span 3 =      0.077,     96.927       
# span 4 =      0.816,    198.205       
# span 5 =   0.814397, 135.083962       
# span 6 =    -0.8207,    56.8125       
# span 7 =     -2.328,      8.063       
# span 8 = -1240.7455,   855.6915       
# span 9 = 1.2348e-01, 2.0346e+03       
# span 10 =    -6.7851,    78.8592      
# span 11 =     -0.579,     10.023      
# span 12 =     -0.840,     14.538      
# span 13 =     9.0658,    25.1347      
# span 14 =   997.0182,   999.8989      
# span 15 = 0.0000e+00, 0.0000e+00      
# interval = seconds: 0.25
# start_time = Sep 20 2019 13:19:30 [Instrument's time stamp, header]
# bad_flag = -9.990e-29
*END*
     -0.589 -4.313e-20     5.4402     94.381      1.057   1.060003    -0.0835     -2.328   852.2570 6.8871e+02    -0.4774     -0.578     -0.838    25.1347   997.0182 0.0000e+00
     -0.589 -3.921e-21     5.4420     94.385      1.058   1.061042    -0.0863     -2.328   853.1418 6.4494e+02    -0.4863     -0.578     -0.838    25.1345   997.0183 0.0000e+00
     -0.590 -3.565e-22     5.4414     94.380      1.047   1.049626    -0.0973     -2.328   854.0513 6.1006e+02    -0.4453     -0.578     -0.839    25.1340   997.0184 0.0000e+00
     -0.590 -3.241e-23     5.4424     94.373      1.046   1.048691    -0.1030     -2.328   854.9080 5.9889e+02    -0.3431     -0.578     -0.839    25.1337   997.0185 0.0000e+00
     -0.590 -2.946e-24     5.4440     94.368      1.047   1.049749    -0.1040     -2.328   855.5845 6.0118e+02    -0.2998     -0.578     -0.839    25.1336   997.0185 0.0000e+00
     -0.590 -2.678e-25     5.4438     94.357      1.060   1.062413    -0.1099     -2.328   855.6915 6.0996e+02    -0.3151     -0.578     -0.839    25.1335   997.0185 0.0000e+00
     -0.590 -2.435e-26     5.4437     94.348      1.072   1.075083    -0.1039     -2.328   853.4495 6.2005e+02    -0.2987     -0.578     -0.838    25.1334   997.0185 0.0000e+00
     -0.590 -2.213e-27     5.4425     94.343      1.073   1.076227    -0.0925     -2.328   849.3838 6.3399e+02    -0.3303     -0.578     -0.839    25.1335   997.0185 0.0000e+00
     -0.590 -2.012e-28     5.4433     94.337      1.073   1.076237    -0.0932     -2.328   847.1435 6.5466e+02    -0.4348     -0.578     -0.838    25.1333   997.0186 0.0000e+00
     -0.590 -1.829e-29     5.4419     94.343      1.072   1.075209    -0.0956     -2.328   839.4399 6.7465e+02    -0.5134     -0.579     -0.839    25.1332   997.0186 0.0000e+00
     -0.590 -1.663e-30     5.4415     94.347      1.061   1.063794    -0.0951     -2.328   812.5108 6.7466e+02    -0.4947     -0.578     -0.839    25.1331   997.0186 0.0000e+00
     -0.590 -1.512e-31     5.4418     94.347      1.062   1.064946    -0.0962     -2.328   765.1229 6.4364e+02    -0.1095     -0.579     -0.839    25.1328   997.0187 0.0000e+00
     -0.590 -1.374e-32     5.4402     94.353      1.086   1.089138    -0.0999     -2.328   697.7052 6.1242e+02     0.5391     -0.579     -0.839    25.1325   997.0188 0.0000e+00
     -0.590 -1.250e-33     5.4417     94.357      1.100   1.102857    -0.1047     -2.328   592.8476 6.1779e+02     0.8582     -0.579     -0.839    25.1323   997.0188 0.0000e+00
     -0.590 -1.136e-34     5.4418     94.356      1.101   1.104093    -0.1027     -2.326   447.6879 6.4617e+02     0.8643     -0.579     -0.839    25.1318   997.0190 0.0000e+00
     -0.590 -1.032e-35     5.4414     94.356      1.101   1.104092    -0.0933     -2.306   263.4660 6.6458e+02     0.5803     -0.579     -0.839    25.1314   997.0191 0.0000e+00
     -0.590 -9.385e-37     5.4422     94.354      1.100   1.102847    -0.0943     -2.083     1.2151 6.6248e+02     0.0463     -0.578     -0.839    25.1315   997.0190 0.0000e+00
     -0.590 -8.535e-38     5.4426     94.349      1.086   1.089033    -0.0979     -1.141  -303.1386 6.4452e+02    -0.2185     -0.579     -0.840    25.1314   997.0191 0.0000e+00
     -0.590 -7.760e-39     5.4422     94.355      1.061   1.063794    -0.0940      0.609  -524.4981 5.4278e+02    -0.2285     -0.578     -0.838    25.1311   997.0191 0.0000e+00
     -0.590 -7.050e-40     5.4422     94.360      1.048   1.051121    -0.0987      2.450  -641.2546 3.5433e+02    -0.3039     -0.579     -0.839    25.1309   997.0192 0.0000e+00
     -0.590 -6.410e-41     5.4425     94.347      1.060   1.062527    -0.1034      3.881  -707.3976 2.3516e+02    -0.4427     -0.579     -0.840    25.1304   997.0193 0.0000e+00
     -0.590 -5.830e-42     5.4414     94.342      1.072   1.074981    -0.0979      4.855  -747.3349 2.1111e+02    -0.4977     -0.578     -0.838    25.1300   997.0194 0.0000e+00
     -0.590 -5.300e-43     5.4423     94.349      1.072   1.074980    -0.0938      5.445  -783.0725 2.1026e+02    -0.4767     -0.578     -0.839    25.1298   997.0195 0.0000e+00
     -0.590 -4.817e-44     5.4435     94.356      1.059   1.062516    -0.0965      5.789  -820.3787 2.1382e+02    -0.4832     -0.579     -0.839    25.1293   997.0196 0.0000e+00
     -0.590 -4.379e-45     5.4415     94.377      1.048   1.051006    -0.0960      5.986  -858.6315 2.1512e+02    -0.5112     -0.578     -0.839    25.1290   997.0197 0.0000e+00
     -0.590 -3.981e-46     5.4412     94.394      1.060   1.062527    -0.0883      6.097  -899.2763 2.1546e+02    -0.5197     -0.579     -0.840    25.1287   997.0197 0.0000e+00
     -0.590 -3.619e-47     5.4428     94.383      1.072   1.075094    -0.0814      6.161  -940.2074 2.1549e+02    -0.5212     -0.579     -0.839    25.1285   997.0198 0.0000e+00
     -0.590 -3.293e-48     5.4417     94.367      1.074   1.076226    -0.0817      6.196  -982.7833 2.1694e+02    -0.5287     -0.578     -0.839    25.1281   997.0199 0.0000e+00
     -0.590 -3.280e-49     5.4439     94.357      1.074   1.076216    -0.0912      6.214 -1021.7190 2.1984e+02    -0.5124     -0.578     -0.839    25.1275   997.0201 0.0000e+00
     -0.590 -3.449e-49     5.4459     94.346      1.073   1.074978    -0.1022      6.224 -1057.6116 2.2270e+02    -0.4874     -0.579     -0.840    25.1273   997.0201 0.0000e+00
     -0.590 -3.498e-48     5.4441     94.337      1.059   1.061258    -0.1015      6.230 -1096.2616 2.2382e+02    -0.4897     -0.578     -0.839    25.1270   997.0202 0.0000e+00
     -0.590 -3.845e-47     5.4432     94.344      1.035   1.037047    -0.0908      6.234 -1138.2511 2.2302e+02    -0.5068     -0.579     -0.840    25.1267   997.0203 0.0000e+00
     -0.590 -4.229e-46     5.4428     94.349      1.033   1.035686    -0.0863      6.236 -1181.5689 2.2353e+02    -0.4648     -0.578     -0.839    25.1262   997.0204 0.0000e+00
     -0.590 -4.652e-45     5.4424     94.349      1.043   1.044806    -0.0896      6.238 -1217.6069 2.2631e+02    -0.3423     -0.578     -0.839    25.1257   997.0205 0.0000e+00
     -0.590 -5.117e-44     5.4411     94.358      1.018   1.020595    -0.0961      6.240 -1235.9357 2.2849e+02    -0.2711     -0.578     -0.839    25.1252   997.0207 0.0000e+00
     -0.590 -5.629e-43     5.4423     94.374      0.993   0.996393    -0.0963      6.243 -1240.3083 2.2918e+02    -0.2922     -0.579     -0.840    25.1248   997.0208 0.0000e+00
     -0.590 -6.192e-42     5.4430     94.386      1.002   1.005627    -0.0917      6.243 -1240.7058 2.2873e+02    -0.3026     -0.578     -0.839    25.1245   997.0208 0.0000e+00
     -0.590 -6.811e-41     5.4419     94.377      1.002   1.005513    -0.0932      6.242 -1240.7419 2.2741e+02    -0.2656     -0.578     -0.839    25.1240   997.0209 0.0000e+00
     -0.590 -7.492e-40     5.4433     94.358      0.992   0.995021    -0.0960      6.240 -1240.7451 2.2548e+02    -0.2386     -0.579     -0.839    25.1234   997.0211 0.0000e+00
     -0.590 -8.242e-39     5.4439     94.340      1.002   1.005492    -0.1002      6.239 -1240.7455 2.2263e+02    -0.2386     -0.578     -0.839    25.1232   997.0212 0.0000e+00
     -0.590 -9.066e-38     5.4456     94.331      1.002   1.005387    -0.1003      6.241 -1240.7455 2.1991e+02    -0.2322     -0.578     -0.839    25.1228   997.0213 0.0000e+00
     -0.590 -9.972e-37     5.4445     94.332      0.991   0.993753    -0.0978      6.246 -1240.7455 2.1858e+02    -0.2595     -0.579     -0.839    25.1223   997.0214 0.0000e+00
     -0.590 -1.097e-35     5.4431     94.329      0.989   0.991553    -0.1035      6.246 -1240.7455 2.1803e+02    -0.3067     -0.579     -0.839    25.1218   997.0215 0.0000e+00
     -0.590 -1.207e-34     5.4424     94.339      0.976   0.978785    -0.1094      6.238 -1240.7455 2.1739e+02    -0.3108     -0.578     -0.839    25.1212   997.0217 0.0000e+00
     -0.590 -1.327e-33     5.4411     94.361      0.963   0.966096    -0.1076      6.226 -1240.7455 2.1683e+02    -0.3094     -0.579     -0.839    25.1207   997.0218 0.0000e+00
     -0.590 -1.460e-32     5.4427     94.370      0.962   0.964849    -0.1082      6.186 -1240.7455 2.1651e+02    -0.3226     -0.579     -0.839    25.1203   997.0219 0.0000e+00
     -0.590 -1.606e-31     5.4412     94.369      0.961   0.963705    -0.1078      6.019 -1240.7455 2.1589e+02    -0.3064     -0.578     -0.839    25.1200   997.0220 0.0000e+00
     -0.590 -1.767e-30     5.4419     94.355      0.950   0.952272    -0.1023      5.685 -1240.7455 2.1356e+02    -0.2777     -0.578     -0.839    25.1198   997.0221 0.0000e+00
     -0.590 -1.943e-29     5.4445     94.332      0.951   0.953327    -0.1028      5.389 -1240.7455 2.0827e+02    -0.2699     -0.578     -0.839    25.1196   997.0221 0.0000e+00
     -0.590 -2.138e-28     5.4442     94.325      0.974   0.976462    -0.1059      5.355 -1240.7455 2.0227e+02    -0.3102     -0.578     -0.839    25.1195   997.0221 0.0000e+00
     -0.590 -2.351e-27     5.4444     94.324      0.976   0.978547    -0.1054      5.562 -1240.7455 1.9787e+02    -0.4046     -0.579     -0.840    25.1190   997.0222 0.0000e+00
     -0.590 -2.587e-26     5.4440     94.329      0.976   0.978547    -0.1049      5.817 -1240.7455 1.9266e+02    -0.4613     -0.579     -0.839    25.1187   997.0223 0.0000e+00
     -0.590 -2.845e-25     5.4412     94.345      0.974   0.976461    -0.1000      5.993 -1240.7455 1.8574e+02    -0.4717     -0.578     -0.839    25.1183   997.0224 0.0000e+00
     -0.590 -3.130e-24     5.4419     94.346      0.951   0.953328    -0.0984      6.056 -1240.7455 1.7975e+02    -0.4970     -0.578     -0.838    25.1180   997.0225 0.0000e+00
     -0.590 -3.443e-23     5.4418     94.336      0.950   0.952281    -0.1019      5.924 -1240.7455 1.7416e+02    -0.5054     -0.578     -0.838    25.1177   997.0226 0.0000e+00
     -0.590 -3.787e-22     5.4411     94.336      0.961   0.963799    -0.0996      5.697 -1240.7455 1.6972e+02    -0.4753     -0.579     -0.839    25.1175   997.0226 0.0000e+00
     -0.590 -4.166e-21     5.4440     94.343      0.963   0.965876    -0.1049      5.679 -1240.7455 1.6728e+02    -0.4607     -0.578     -0.839    25.1176   997.0226 0.0000e+00
     -0.590 -4.582e-20     5.4431     94.348      0.974   0.977396    -0.1145      5.844 -1240.7455 1.6048e+02    -0.4922     -0.579     -0.839    25.1174   997.0227 0.0000e+00
     -0.590 -5.041e-19     5.4424     94.346      0.974   0.976356    -0.1114      5.991 -1240.7455 1.4745e+02    -0.4952     -0.578     -0.839    25.1172   997.0227 0.0000e+00
     -0.590 -5.545e-18     5.4423     94.338      0.951   0.953306    -0.1023      6.091 -1240.7455 1.3580e+02    -0.4320     -0.579     -0.839    25.1171   997.0227 0.0000e+00
     -0.590 -6.099e-17     5.4429     94.323      0.950   0.952145    -0.0995      6.156 -1240.7455 1.3200e+02    -0.3834     -0.578     -0.839    25.1169   997.0228 0.0000e+00
     -0.590 -6.709e-16     5.4435     94.323      0.960   0.962313    -0.1030      6.194 -1240.7455 1.3519e+02    -0.3990     -0.579     -0.839    25.1168   997.0228 0.0000e+00
     -0.590 -7.380e-15     5.4429     94.335      0.947   0.949528    -0.1018      6.216 -1240.7455 1.3997e+02    -0.4572     -0.579     -0.839    25.1170   997.0227 0.0000e+00
     -0.591 -8.118e-14     5.4432     94.341      0.922   0.924279    -0.1013      6.228 -1240.7455 1.4234e+02    -0.4968     -0.579     -0.840    25.1168   997.0228 0.0000e+00
     -0.591 -8.930e-13     5.4411     94.332      0.908   0.910472    -0.1064      6.235 -1240.7455 1.4180e+02    -0.4848     -0.579     -0.840    25.1167   997.0228 0.0000e+00
     -0.590 -9.823e-12     5.4415     94.320      0.907   0.909310    -0.1037      6.239 -1240.7455 1.3979e+02    -0.4756     -0.578     -0.839    25.1165   997.0229 0.0000e+00
     -0.590 -1.080e-10     5.4428     94.320      0.908   0.910235    -0.0947      6.241 -1240.7455 1.3704e+02    -0.4844     -0.579     -0.839    25.1162   997.0230 0.0000e+00
     -0.590 -1.189e-09     5.4431     94.323      0.919   0.921648    -0.0922      6.242 -1240.7455 1.3438e+02    -0.4605     -0.578     -0.838    25.1160   997.0230 0.0000e+00
     -0.590 -1.307e-08     5.4428     94.338      0.918   0.920591    -0.0997      6.244 -1240.7455 1.3270e+02    -0.4481     -0.578     -0.838    25.1158   997.0231 0.0000e+00
     -0.590 -1.438e-07     5.4410     94.344      0.895   0.897447    -0.1070      6.248 -1240.7455 1.3180e+02    -0.4660     -0.578     -0.838    25.1154   997.0232 0.0000e+00
     -0.590     -0.000     5.4422     94.330      0.893   0.895257    -0.1020      6.251 -1240.7455 1.3120e+02    -0.4797     -0.579     -0.839    25.1150   997.0233 0.0000e+00
     -0.590     -0.000     5.4413     94.332      0.892   0.894116    -0.1004      6.251 -1240.7455 1.3087e+02    -0.5155     -0.579     -0.839    25.1150   997.0233 0.0000e+00
     -0.589     -0.000     5.4429     94.338      0.881   0.883644    -0.1138      6.251 -1240.7455 1.3110e+02    -0.5390     -0.578     -0.838    25.1144   997.0234 0.0000e+00
     -0.589     -0.002     5.4447     94.339      0.893   0.895362    -0.1164      6.250 -1240.7455 1.3150e+02    -0.5335     -0.578     -0.838    25.1137   997.0236 0.0000e+00
     -0.589     -0.023     5.4413     94.338      0.907   0.909080    -0.1058      6.249 -1240.7455 1.3132e+02    -0.5145     -0.578     -0.838    25.1131   997.0238 0.0000e+00
     -0.590     -0.255     5.4429     94.315      0.921   0.922791    -0.0986      6.249 -1240.7455 1.3082e+02    -0.4736     -0.579     -0.839    25.1124   997.0240 0.0000e+00
     -0.590     -2.803     5.4434     94.296      0.932   0.934424    -0.0987      6.247 -1240.7455 1.3046e+02    -0.4653     -0.578     -0.839    25.1118   997.0241 0.0000e+00
     -0.590     -2.803     5.4428     94.313      0.921   0.923008    -0.1070      6.245 -1240.7455 1.3083e+02    -0.4795     -0.579     -0.840    25.1112   997.0243 0.0000e+00
     -0.590     -0.255     5.4443     94.333      0.909   0.911480    -0.1128      6.244 -1240.7455 1.3252e+02    -0.4815     -0.578     -0.839    25.1104   997.0245 0.0000e+00
     -0.590     -0.023     5.4420     94.328      0.919   0.921762    -0.1074      6.244 -1240.7455 1.3421e+02    -0.5218     -0.578     -0.839    25.1097   997.0246 0.0000e+00
     -0.590     -0.002     5.4398     94.326      0.918   0.920611    -0.1023      6.244 -1240.7455 1.3354e+02    -0.5417     -0.579     -0.840    25.1089   997.0248 0.0000e+00
     -0.590     -0.000     5.4418     94.335      0.895   0.897552    -0.1037      6.245 -1240.7455 1.3083e+02    -0.4924     -0.578     -0.839    25.1081   997.0250 0.0000e+00
     -0.590     -0.000     5.4447     94.335      0.895   0.896399    -0.0983      6.247 -1240.7455 1.2835e+02    -0.4497     -0.579     -0.839    25.1078   997.0251 0.0000e+00
     -0.590     -0.000     5.4424     94.321      0.905   0.906670    -0.0893      6.247 -1240.7455 1.2674e+02    -0.4522     -0.578     -0.839    25.1072   997.0253 0.0000e+00
     -0.590 -1.438e-07     5.4427     94.304      0.893   0.895028    -0.0902      6.246 -1240.7455 1.2565e+02    -0.4888     -0.578     -0.838    25.1065   997.0255 0.0000e+00
     -0.590 -1.307e-08     5.4440     94.302      0.880   0.882357    -0.0916      6.242 -1240.7455 1.2465e+02    -0.4996     -0.578     -0.839    25.1062   997.0255 0.0000e+00
     -0.590 -1.189e-09     5.4435     94.302      0.878   0.880175    -0.0883      6.240 -1240.7455 1.2261e+02    -0.4850     -0.579     -0.839    25.1058   997.0256 0.0000e+00
     -0.590 -1.081e-10     5.4434     94.305      0.867   0.868645    -0.0942      6.242 -1240.7455 1.2350e+02    -0.4751     -0.579     -0.839    25.1056   997.0257 0.0000e+00
     -0.590 -9.825e-12     5.4408     94.316      0.868   0.869674    -0.1023      6.244 -1240.7455 1.3277e+02    -0.4788     -0.579     -0.839    25.1058   997.0256 0.0000e+00
     -0.590 -8.930e-13     5.4420     94.319      0.890   0.892619    -0.0998      6.245 -1240.7455 1.4569e+02    -0.4966     -0.579     -0.839    25.1061   997.0256 0.0000e+00
