Data/DataNotYetUploadedToEDI/Raw_CTD/RawDownloads/092019_bvr50.cnv
* Sea-Bird SBE19plus  Data File:
* FileName = C:\DATA\092019_bvr50_0002.hex
* Software version 2.8.0.119 SB_Terminal.dll
* Temperature SN = 7809
* Conductivity SN = 7809
* System UpLoad Time = Sep 24 2019 10:32:41
* <ApplicationData>
* <Seaterm232>
# nquan = 16
# nvalues = 915                         
# units = specified
# name 0 = depFM: Depth [fresh water, m]
# name 1 = dz/dtM: Descent Rate [m/s]
# name 2 = sbeox0ML/L: Oxygen, SBE 43 [ml/l]
# name 3 = sbeox0PS: Oxygen, SBE 43 [% saturation]
# name 4 = specc: Specific Conductance [uS/cm]
# name 5 = c0uS/cm: Conductivity [uS/cm]
# name 6 = flECO-AFL: Fluorescence, WET Labs ECO-AFL/FL [mg/m^3]
# name 7 = ph: pH
# name 8 = orp: Oxidation Reduction Potential [mV]
# name 9 = par/sat/log: PAR/Logarithmic, Satlantic
# name 10 = turbWETntu0: Turbidity, WET Labs ECO [NTU]
# name 11 = prdM: Pressure, Strain Gauge [db]
# name 12 = prdE: Pressure, Strain Gauge [psi]
# name 13 = tv290C: Temperature [ITS-90, deg C]
# name 14 = density00: Density [density, kg/m^3]
# name 15 = flag:  0.000e+00
# span 0 =     -0.591,     10.221       
# span 1 =     -2.803,      0.172       
# span 2 =    -0.0005,     5.7242       
# span 3 =      0.077,     96.927       
# span 4 =      0.816,    198.205       
# span 5 =   0.814397, 135.083962       
# span 6 =    -0.8207,    56.8125       
# span 7 =     -2.328,      8.063       
# span 8 = -1240.7455,   855.6915       
# span 9 = 1.2348e-01, 2.0346e+03       
# span 10 =    -6.7851,    78.8592      
# span 11 =     -0.579,     10.023      
# span 12 =     -0.840,     14.538      
# span 13 =     9.0658,    25.1347      
# span 14 =   997.0182,   999.8989      
# span 15 = 0.0000e+00, 0.0000e+00      
# interval = seconds: 0.25
# start_time = Sep 20 2019 13:19:30 [Instrument's time stamp, header]
# bad_flag = -9.990e-29
*END*
[from data line 633]
      6.203      0.070     0.1220      1.576     67.371  51.370330     3.6665      6.203   152.1606 6.1562e-01     3.0928      6.084      8.825    13.3245   999.3913 0.0000e+00
      6.221      0.072     0.1193      1.555     68.141  51.931736     3.6719      6.202   151.1630 6.1497e-01     3.0916      6.102      8.851    13.2764   999.3979 0.0000e+00
      6.238      0.074     0.1188      1.540     68.631  52.253423     3.7101      6.199   150.0071 6.1129e-01     3.1228      6.117      8.871    13.2030   999.4078 0.0000e+00
      6.255      0.077     0.1187      1.522     69.084  52.528286     3.7380      6.194   148.9393 6.0172e-01     3.1426      6.135      8.897    13.1370   999.4164 0.0000e+00
      6.274      0.079     0.1152      1.507     70.411  53.476261     3.7401      6.190   147.7163 5.8367e-01     3.1670      6.153      8.924    13.1153   999.4193 0.0000e+00
      6.294      0.080     0.1141      1.494     72.448  54.948481     3.7876      6.186   146.1472 5.6688e-01     3.3192      6.171      8.950    13.1155   999.4199 0.0000e+00
      6.319      0.078     0.1137      1.469     74.533  56.415592     3.8961      6.183   144.4223 5.5566e-01     3.6058      6.198      8.989    13.0717   999.4257 0.0000e+00
      6.344      0.073     0.1120      1.423     75.957  57.364306     3.9682      6.179   142.5198 5.3764e-01     3.7820      6.224      9.029    13.0052   999.4343 0.0000e+00
      6.363      0.064     0.1109      1.374     75.643  57.015585     3.9915      6.178   140.3521 5.2448e-01     3.8109      6.242      9.053    12.9753   999.4387 0.0000e+00
      6.377      0.054     0.1107      1.345     74.586  56.138300     3.9794      6.178   138.1742 5.2145e-01     3.7911      6.254      9.071    12.9353   999.4446 0.0000e+00
      6.388      0.045     0.1095      1.341     75.189  56.541833     3.9346      6.176   136.3201 5.1988e-01     3.7717      6.266      9.088    12.8456   999.4566 0.0000e+00
      6.395      0.040     0.1056      1.340     76.795  57.701227     3.9092      6.171   134.7974 5.1212e-01     3.7728      6.273      9.097    12.7548   999.4687 0.0000e+00
      6.400      0.040     0.1016      1.330     77.801  58.401774     3.9149      6.167   133.5294 4.9965e-01     3.7721      6.273      9.099    12.6761   999.4782 0.0000e+00
      6.408      0.041     0.0990      1.326     78.714  59.039176     3.9864      6.166   132.2609 4.8665e-01     3.7632      6.282      9.112    12.6184   999.4843 0.0000e+00
      6.422      0.044     0.0997      1.312     79.995  59.943051     4.1060      6.161   130.5586 4.7133e-01     3.6976      6.297      9.133    12.5996   999.4872 0.0000e+00
      6.437      0.047     0.1005      1.271     81.109  60.688007     4.1641      6.152   128.6065 4.7066e-01     3.6019      6.313      9.156    12.5703   999.4917 0.0000e+00
      6.450      0.048     0.0983      1.230     81.546  60.928826     4.1694      6.148   126.8126 4.8623e-01     3.5566      6.327      9.176    12.5245   999.4974 0.0000e+00
      6.461      0.048     0.0990      1.200     81.277  60.693962     4.2392      6.151   125.0437 4.8001e-01     3.6742      6.336      9.189    12.4998   999.5007 0.0000e+00
      6.472      0.047     0.0991      1.165     80.683  60.263174     4.3750      6.156   123.1362 4.4919e-01     3.9092      6.346      9.204    12.4770   999.5041 0.0000e+00
      6.485      0.046     0.0947      1.145     80.170  59.914510     4.4583      6.160   121.0423 4.2643e-01     4.0382      6.360      9.224    12.4094   999.5127 0.0000e+00
      6.497      0.048     0.0913      1.153     80.034  59.846428     4.4750      6.150   118.9135 4.2238e-01     4.0557      6.372      9.242    12.3388   999.5213 0.0000e+00
      6.507      0.051     0.0906      1.159     80.689  60.329708     4.4730      6.131   117.0147 4.2109e-01     4.0546      6.381      9.255    12.3253   999.5228 0.0000e+00
      6.518      0.056     0.0867      1.158     82.021  61.245767     4.5038      6.127   115.2921 4.1750e-01     4.0250      6.392      9.270    12.3392   999.5209 0.0000e+00
      6.533      0.061     0.0843      1.165     83.771  62.406521     4.5781      6.128   113.7444 4.1668e-01     3.9928      6.406      9.291    12.3627   999.5180 0.0000e+00
      6.550      0.066     0.0867      1.174     85.976  63.877593     4.6266      6.124   112.4123 4.0446e-01     4.0252      6.423      9.315    12.3944   999.5142 0.0000e+00
      6.570      0.069     0.0869      1.174     88.019  65.239932     4.6475      6.126   110.9733 3.8474e-01     4.0563      6.442      9.344    12.3989   999.5140 0.0000e+00
      6.590      0.069     0.0860      1.169     89.355  66.102329     4.7355      6.129   109.1649 3.7160e-01     3.8783      6.463      9.374    12.3488   999.5206 0.0000e+00
      6.609      0.068     0.0872      1.164     90.206  66.613181     4.8841      6.119   107.3247 3.5593e-01     3.5108      6.483      9.402    12.2519   999.5326 0.0000e+00
      6.627      0.066     0.0887      1.155     90.845  66.966696     4.9613      6.103   105.6736 3.3997e-01     3.2838      6.500      9.427    12.1415   999.5465 0.0000e+00
      6.642      0.066     0.0885      1.155     91.287  67.198031     4.9579      6.098   103.7423 3.3391e-01     3.2638      6.514      9.448    12.0511   999.5578 0.0000e+00
      6.654      0.069     0.0880      1.178     91.870  67.566590     4.8354      6.100   101.0960 3.2281e-01     3.3340      6.524      9.463    11.9853   999.5658 0.0000e+00
      6.669      0.077     0.0882      1.196     93.306  68.562071     4.6073      6.099    97.7676 3.1594e-01     3.4771      6.537      9.481    11.9223   999.5733 0.0000e+00
      6.689      0.087     0.0871      1.193     95.323  69.952265     4.4795      6.093    94.5593 3.2282e-01     3.5852      6.559      9.513    11.8504   999.5817 0.0000e+00
      6.713      0.097     0.0864      1.187     97.091  71.151098     4.4609      6.086    91.9883 3.0775e-01     3.5924      6.582      9.547    11.7932   999.5883 0.0000e+00
      6.741      0.104     0.0894      1.180     98.446  72.057417     4.3648      6.077    89.5682 2.7332e-01     3.4655      6.609      9.584    11.7700   999.5911 0.0000e+00
      6.774      0.105     0.0917      1.173     99.297  72.580778     4.1754      6.069    86.9798 2.5098e-01     3.2637      6.643      9.633    11.7484   999.5942 0.0000e+00
      6.807      0.103     0.0902      1.178     99.791  72.837108     4.0619      6.064    84.3528 2.3555e-01     3.1513      6.678      9.686    11.6903   999.6017 0.0000e+00
      6.833      0.098     0.0902      1.176    100.193  73.058130     4.0408      6.061    81.8968 2.2507e-01     3.0895      6.703      9.722    11.6320   999.6088 0.0000e+00
      6.853      0.092     0.0904      1.161    100.557  73.281791     3.9811      6.059    79.6553 2.2329e-01     2.9428      6.720      9.746    11.6011   999.6128 0.0000e+00
      6.872      0.086     0.0882      1.149    101.353  73.824404     3.8605      6.058    77.5554 2.2020e-01     2.7535      6.738      9.772    11.5474   999.6191 0.0000e+00
      6.892      0.083     0.0904      1.134    102.492  74.594990     3.7884      6.056    75.6937 2.0905e-01     2.6691      6.758      9.801    11.4829   999.6262 0.0000e+00
      6.913      0.083     0.0904      1.114    103.470  75.222028     3.7762      6.053    74.2678 1.8800e-01     2.6431      6.781      9.834    11.4507   999.6300 0.0000e+00
      6.934      0.086     0.0881      1.104    104.575  75.936600     3.6877      6.051    73.3065 1.7138e-01     2.5702      6.801      9.864    11.4339   999.6318 0.0000e+00
      6.955      0.087     0.0881      1.111    105.806  76.747705     3.5241      6.048    72.5890 1.5686e-01     2.5090      6.820      9.892    11.4215   999.6335 0.0000e+00
      6.979      0.087     0.0868      1.116    106.812  77.396970     3.4361      6.047    71.7010 1.3612e-01     2.5252      6.843      9.926    11.3947   999.6371 0.0000e+00
      7.004      0.085     0.0851      1.117    107.753  77.998955     3.4311      6.046    70.5715 1.2598e-01     2.5369      6.869      9.963    11.3465   999.6425 0.0000e+00
      7.027      0.081     0.0837      1.124    108.723  78.619787     3.4197      6.046    69.5151 1.2602e-01     2.4861      6.893      9.996    11.3028   999.6477 0.0000e+00
      7.048      0.075     0.0856      1.133    109.954  79.433191     3.3251      6.047    68.5651 1.2601e-01     2.4028      6.912     10.024    11.2662   999.6521 0.0000e+00
      7.067      0.068     0.0859      1.140    112.147  80.963878     3.1617      6.047    67.6032 1.2738e-01     2.3166      6.931     10.053    11.2267   999.6566 0.0000e+00
      7.083      0.062     0.0853      1.135    115.012  83.004878     3.0661      6.046    66.5747 1.2783e-01     2.2960      6.947     10.077    11.1920   999.6607 0.0000e+00
      7.096      0.058     0.0865      1.109    117.305  84.643697     3.0527      6.045    65.5072 1.2541e-01     2.3177      6.959     10.093    11.1538   999.6650 0.0000e+00
      7.107      0.056     0.0871      1.080    118.541  85.509338     3.0342      6.044    64.5906 1.2407e-01     2.3171      6.969     10.107    11.1130   999.6695 0.0000e+00
      7.120      0.055     0.0880      1.059    119.149  85.899688     2.9907      6.042    63.7521 1.2431e-01     2.2876      6.981     10.125    11.0904   999.6727 0.0000e+00
      7.136      0.056     0.0883      1.045    119.708  86.245505     2.9596      6.040    62.8544 1.2471e-01     2.2568      6.998     10.149    11.0806   999.6751 0.0000e+00
      7.152      0.058     0.0854      1.042    120.136  86.508974     2.9451      6.039    61.9961 1.2505e-01     2.2725      7.015     10.174    11.0774   999.6764 0.0000e+00
      7.165      0.059     0.0826      1.032    120.223  86.539959     2.8925      6.036    61.0320 1.2439e-01     2.2803      7.026     10.190    11.0695   999.6776 0.0000e+00
      7.179      0.057     0.0820      1.020    120.198  86.492861     2.8097      6.036    60.0600 1.2367e-01     2.2535      7.039     10.209    11.0460   999.6802 0.0000e+00
      7.196      0.054     0.0798      1.039    120.089  86.384912     2.7758      6.037    59.2774 1.2358e-01     2.2756      7.057     10.235    11.0179   999.6834 0.0000e+00
      7.212      0.052     0.0806      1.057    119.874  86.189196     2.7688      6.037    58.2811 1.2359e-01     2.3178      7.074     10.260    10.9994   999.6855 0.0000e+00
      7.224      0.055     0.0805      1.038    119.714  86.035367     2.7255      6.036    57.1342 1.2364e-01     2.3713      7.087     10.278    10.9892   999.6865 0.0000e+00
      7.233      0.060     0.0768      1.015    119.665  85.988438     2.6689      6.034    56.4232 1.2360e-01     2.4635      7.094     10.289    10.9759   999.6879 0.0000e+00
      7.242      0.067     0.0803      1.004    119.509  85.876302     2.6389      6.033    55.8796 1.2354e-01     2.5143      7.099     10.296    10.9667   999.6889 0.0000e+00
      7.260      0.076     0.0838      0.987    119.199  85.633986     2.6316      6.033    55.1216 1.2358e-01     2.5275      7.115     10.320    10.9494   999.6906 0.0000e+00
      7.286      0.086     0.0798      0.977    119.029  85.476514     2.6154      6.033    54.3127 1.2367e-01     2.4919      7.146     10.365    10.9236   999.6932 0.0000e+00
      7.313      0.094     0.0777      0.980    119.378  85.690272     2.5900      6.033    53.1543 1.2371e-01     2.3782      7.173     10.403    10.9241   999.6934 0.0000e+00
      7.339      0.099     0.0784      0.975    120.309  86.309571     2.5849      6.035    51.6127 1.2365e-01     2.2992      7.196     10.437    10.9314   999.6927 0.0000e+00
      7.365      0.101     0.0758      0.973    121.449  87.046701     2.5878      6.036    50.2147 1.2356e-01     2.2912      7.223     10.476    10.9200   999.6938 0.0000e+00
      7.390      0.103     0.0747      0.979    122.726  87.857727     2.5553      6.036    49.0703 1.2356e-01     2.2818      7.248     10.513    10.9019   999.6956 0.0000e+00
      7.415      0.107     0.0766      0.970    124.360  88.924714     2.4959      6.035    48.1014 1.2359e-01     2.2508      7.273     10.548    10.8889   999.6972 0.0000e+00
      7.440      0.111     0.0752      0.964    126.367  90.274408     2.4590      6.033    47.1889 1.2360e-01     2.2453      7.296     10.581    10.8738   999.6992 0.0000e+00
      7.468      0.113     0.0745      0.982    128.122  91.448220     2.4472      6.033    46.1251 1.2358e-01     2.2474      7.320     10.617    10.8382   999.7032 0.0000e+00
      7.502      0.111     0.0769      0.985    129.091  92.042860     2.3800      6.033    44.8758 1.2356e-01     2.2437      7.355     10.668    10.7911   999.7084 0.0000e+00
      7.537      0.107     0.0755      0.960    129.614  92.308618     2.2446      6.033    43.6136 1.2359e-01     2.2653      7.395     10.725    10.7474   999.7136 0.0000e+00
      7.567      0.101     0.0733      0.950    129.825  92.369965     2.1630      6.033    42.5647 1.2360e-01     2.2796      7.423     10.767    10.7150   999.7177 0.0000e+00
      7.588      0.092     0.0771      0.963    129.794  92.275313     2.1560      6.033    41.6578 1.2359e-01     2.2856      7.441     10.793    10.6895   999.7210 0.0000e+00
      7.606      0.082     0.0781      0.976    129.949  92.309818     2.1514      6.034    40.6499 1.2362e-01     2.2721      7.458     10.817    10.6504   999.7251 0.0000e+00
      7.625      0.073     0.0738      0.982    130.375  92.532475     2.0981      6.036    39.7561 1.2361e-01     2.1807      7.478     10.846    10.6024   999.7301 0.0000e+00
      7.643      0.068     0.0733      0.995    130.768  92.739572     2.0136      6.037    39.1110 1.2364e-01     2.0667      7.496     10.872    10.5694   999.7334 0.0000e+00
      7.660      0.065     0.0750      1.006    130.981  92.840552     1.9802      6.038    38.5295 1.2372e-01     2.0404      7.512     10.895    10.5459   999.7356 0.0000e+00
      7.675      0.064     0.0767      1.011    131.062  92.862241     1.9807      6.039    37.8867 1.2371e-01     2.0593      7.527     10.917    10.5161   999.7385 0.0000e+00
      7.690      0.067     0.0760      1.014    131.133  92.874463     1.9759      6.039    37.0182 1.2361e-01     2.0656      7.541     10.938    10.4839   999.7419 0.0000e+00
      7.705      0.072     0.0778      1.000    131.958  93.433848     1.9741      6.039    36.2015 1.2358e-01     2.0836      7.556     10.958    10.4531   999.7450 0.0000e+00
      7.720      0.079     0.0792      0.979    133.891  94.787893     1.9685      6.038    35.6696 1.2366e-01     2.0803      7.569     10.978    10.4353   999.7468 0.0000e+00
      7.741      0.085     0.0784      0.958    135.962  96.196485     1.9591      6.038    35.2340 1.2366e-01     2.0262      7.588     11.007    10.4270   999.7478 0.0000e+00
      7.767      0.089     0.0805      0.938    137.598  97.223785     1.9386      6.039    34.8061 1.2363e-01     1.9865      7.616     11.046    10.4076   999.7496 0.0000e+00
      7.797      0.092     0.0782      0.935    139.091  98.104837     1.9116      6.039    34.1961 1.2370e-01     2.0270      7.647     11.091    10.3954   999.7511 0.0000e+00
      7.823      0.093     0.0763      0.941    140.530  98.954273     1.9020      6.039    33.3642 1.2370e-01     2.0898      7.675     11.131    10.4019   999.7516 0.0000e+00
      7.843      0.094     0.0754      0.947    141.625  99.599010     1.9009      6.038    32.5775 1.2368e-01     2.1228      7.693     11.158    10.3857   999.7539 0.0000e+00
      7.862      0.094     0.0724      0.961    142.384 100.042360     1.8629      6.037    31.9117 1.2373e-01     2.1312      7.708     11.180    10.3328   999.7594 0.0000e+00
      7.884      0.094     0.0731      0.968    143.022 100.430583     1.7889      6.037    31.2511 1.2371e-01     2.0932      7.729     11.209    10.2619   999.7666 0.0000e+00
