Data/DataNotYetUploadedToEDI/Raw_CTD/RawDownloads/092019_bvr50.cnv
* Sea-Bird SBE19plus  Data File:
* FileName = C:\DATA\092019_bvr50_0002.hex
* Software version 2.8.0.119 SB_Terminal.dll
* Temperature SN = 7809
* Conductivity SN = 7809
* System UpLoad Time = Sep 24 2019 10:32:41
* <ApplicationData>
* <Seaterm232>
# nquan = 16
# nvalues = 915                         
# units = specified
# name 0 = depFM: Depth [fresh water, m]
# name 1 = dz/dtM: Descent Rate [m/s]
# name 2 = sbeox0ML/L: Oxygen, SBE 43 [ml/l]
# name 3 = sbeox0PS: Oxygen, SBE 43 [% saturation]
# name 4 = specc: Specific Conductance [uS/cm]
# name 5 = c0uS/cm: Conductivity [uS/cm]
# name 6 = flECO-AFL: Fluorescence, WET Labs ECO-AFL/FL [mg/m^3]
# name 7 = ph: pH
# name 8 = orp: Oxidation Reduction Potential [mV]
# name 9 = par/sat/log: PAR/Logarithmic, Satlantic
# name 10 = turbWETntu0: Turbidity, WET Labs ECO [NTU]
# name 11 = prdM: Pressure, Strain Gauge [db]
# name 12 = prdE: Pressure, Strain Gauge [psi]
# name 13 = tv290C: Temperature [ITS-90, deg C]
# name 14 = density00: Density [density, kg/m^3]
# name 15 = flag:  0.000e+00
# span 0 =     -0.591,     10.221       
# span 1 =     -2.803,      0.172       
# span 2 =    -0.0005,     5.7242       
# span 3 =      0.077,     96.927       
# span 4 =      0.816,    198.205       
# span 5 =   0.814397, 135.083962       
# span 6 =    -0.8207,    56.8125       
# span 7 =     -2.328,      8.063       
# span 8 = -1240.7455,   855.6915       
# span 9 = 1.2348e-01, 2.0346e+03       
# span 10 =    -6.7851,    78.8592      
# span 11 =     -0.579,     10.023      
# span 12 =     -0.840,     14.538      
# span 13 =     9.0658,    25.1347      
# span 14 =   997.0182,   999.8989      
# span 15 = 0.0000e+00, 0.0000e+00      
# interval = seconds: 0.25
# start_time = Sep 20 2019 13:19:30 [Instrument's time stamp, header]
# bad_flag = -9.990e-29
*END*
[from data line 543]
      4.452      0.090     1.1922      7.590     36.059  32.808405     7.2645      6.510   190.5452 1.3942e+01     2.5246      4.366      6.332    20.8005   998.0741 0.0000e+00
      4.475      0.090     1.0345      5.073     36.150  32.824441     7.3388      6.506   191.2605 1.3495e+01     2.5255      4.387      6.363    20.6791   998.1002 0.0000e+00
      4.502      0.091     0.8530      3.047     36.208  32.811957     7.6536      6.509   191.7059 1.3002e+01     2.5571      4.414      6.402    20.6281   998.1112 0.0000e+00
      4.528      0.092     0.6553      1.592     36.249  32.784307    11.0364      6.508   191.8861 1.2563e+01     2.9069      4.443      6.444    20.5780   998.1221 0.0000e+00
      4.551      0.094     0.4690      0.673     36.297  32.743881    17.2614      6.502   192.1496 1.2220e+01     3.5106      4.464      6.475    20.4948   998.1399 0.0000e+00
      4.571      0.096     0.3101      0.191     36.372  32.703816    20.7307      6.500   192.4821 1.1861e+01     3.7940      4.482      6.501    20.3931   998.1614 0.0000e+00
      4.594      0.098     0.1791      0.077     36.463  32.680505    21.8496      6.501   192.8086 1.1436e+01     3.8101      4.504      6.532    20.3030   998.1804 0.0000e+00
      4.619      0.098     0.0886      0.210     36.517  32.652270    30.8075      6.499   192.9141 1.0954e+01     4.0004      4.528      6.567    20.2270   998.1964 0.0000e+00
      4.648      0.098     0.0341      0.458     36.539  32.616175    47.1871      6.494   192.7261 1.0409e+01     4.3248      4.556      6.608    20.1188   998.2191 0.0000e+00
      4.678      0.095     0.0030      0.752     36.537  32.561312    56.1191      6.485   192.5995 9.8940e+00     4.4883      4.589      6.656    19.9519   998.2537 0.0000e+00
      4.704      0.090    -0.0005      1.036     36.531  32.496541    56.8125      6.468   192.5881 9.4892e+00     4.5015      4.615      6.693    19.7883   998.2873 0.0000e+00
      4.724      0.082     0.0116      1.282     36.569  32.467564    55.4413      6.446   192.5879 9.1303e+00     4.5502      4.633      6.719    19.6944   998.3066 0.0000e+00
      4.743      0.072     0.0280      1.499     36.623  32.464711    52.7881      6.433   192.5111 8.8135e+00     4.6511      4.652      6.747    19.6275   998.3203 0.0000e+00
      4.760      0.065     0.0490      1.710     36.647  32.461979    51.2797      6.436   192.3482 8.5762e+00     4.7060      4.668      6.771    19.5563   998.3347 0.0000e+00
      4.774      0.060     0.0676      1.903     36.627  32.434494    50.5461      6.443   192.3390 8.3891e+00     4.6890      4.682      6.790    19.4789   998.3503 0.0000e+00
      4.786      0.055     0.0834      2.023     36.586  32.386222    44.0308      6.446   192.4856 8.1892e+00     4.5768      4.694      6.807    19.3804   998.3702 0.0000e+00
      4.799      0.049     0.0967      2.082     36.605  32.385995    32.1183      6.446   192.5725 7.9177e+00     4.3658      4.706      6.825    19.3018   998.3859 0.0000e+00
      4.814      0.043     0.1101      2.139     36.666  32.431729    25.6379      6.446   192.4433 7.6365e+00     4.2345      4.721      6.847    19.2775   998.3908 0.0000e+00
      4.828      0.036     0.1252      2.191     36.665  32.431489    25.1866      6.446   192.3863 7.4625e+00     4.2023      4.737      6.870    19.2757   998.3913 0.0000e+00
      4.837      0.028     0.1325      2.230     36.615  32.383091    26.6532      6.449   192.5715 7.4225e+00     4.1069      4.746      6.884    19.2614   998.3941 0.0000e+00
      4.840      0.022     0.1337      2.261     36.599  32.354239    29.4284      6.451   192.6175 7.4330e+00     3.9340      4.748      6.886    19.2259   998.4012 0.0000e+00
      4.841      0.018     0.1385      2.265     36.601  32.336459    30.9370      6.449   192.5120 7.4050e+00     3.8161      4.747      6.884    19.2140   998.4035 0.0000e+00
      4.842      0.019     0.1422      2.262     36.580  32.295000    31.0831      6.445   192.5015 7.3358e+00     3.7951      4.748      6.887    19.2255   998.4012 0.0000e+00
      4.845      0.026     0.1433      2.261     36.555  32.233697    31.1506      6.443   192.4897 7.2019e+00     3.7789      4.750      6.889    19.2216   998.4021 0.0000e+00
      4.851      0.036     0.1478      2.239     36.538  32.166339    31.6843      6.442   192.3701 6.9114e+00     3.8166      4.755      6.897    19.1995   998.4064 0.0000e+00
      4.862      0.049     0.1464      2.195     36.531  32.115104    32.6632      6.441   192.2588 6.4796e+00     3.9566      4.767      6.915    19.1676   998.4127 0.0000e+00
      4.877      0.061     0.1459      2.140     36.511  32.058376    33.1902      6.437   192.2630 5.9929e+00     4.0292      4.782      6.936    19.1469   998.4170 0.0000e+00
      4.895      0.074     0.1477      2.100     36.492  31.988068    33.1744      6.434   192.4215 5.4823e+00     4.0392      4.800      6.962    19.0950   998.4272 0.0000e+00
      4.917      0.088     0.1454      2.073     36.627  32.026452    32.4896      6.433   192.5398 4.9833e+00     4.0768      4.822      6.994    19.0039   998.4451 0.0000e+00
      4.939      0.098     0.1435      2.045     36.803  32.078155    31.2135      6.428   192.5753 4.5153e+00     4.0913      4.843      7.024    18.9446   998.4568 0.0000e+00
      4.964      0.104     0.1382      2.019     36.749  31.915020    30.4722      6.425   192.6777 4.0575e+00     4.0834      4.865      7.056    18.9081   998.4641 0.0000e+00
      4.995      0.106     0.1364      1.988     36.642  31.703773    30.0381      6.425   192.7460 3.6096e+00     4.0468      4.898      7.101    18.8374   998.4779 0.0000e+00
      5.030      0.104     0.1357      1.955     36.667  31.617972    26.1293      6.417   192.7129 3.2126e+00     3.9100      4.934      7.157    18.7252   998.4998 0.0000e+00
      5.061      0.099     0.1332      1.925     36.722  31.575504    18.9925      6.402   192.7073 2.9168e+00     3.7082      4.966      7.203    18.5853   998.5269 0.0000e+00
      5.083      0.092     0.1331      1.899     36.806  31.570930    15.1099      6.400   192.8500 2.7304e+00     3.6053      4.986      7.231    18.4185   998.5586 0.0000e+00
      5.100      0.082     0.1310      1.879     36.959  31.626030    14.7660      6.409   192.8895 2.5869e+00     3.6159      5.000      7.251    18.2505   998.5903 0.0000e+00
      5.117      0.073     0.1290      1.874     37.104  31.670495    14.8524      6.412   192.5834 2.4330e+00     3.6070      5.017      7.277    18.1026   998.6180 0.0000e+00
      5.137      0.069     0.1275      1.879     37.187  31.664244    15.0879      6.401   192.2465 2.2964e+00     3.5640      5.039      7.308    17.9795   998.6410 0.0000e+00
      5.155      0.070     0.1261      1.878     37.202  31.613808    15.2205      6.382   192.0852 2.1966e+00     3.5542      5.058      7.336    17.8840   998.6587 0.0000e+00
      5.168      0.075     0.1245      1.884     37.209  31.568265    15.1112      6.378   191.9242 2.1238e+00     3.5542      5.069      7.352    17.7872   998.6765 0.0000e+00
      5.182      0.080     0.1243      1.898     37.329  31.621187    13.6458      6.383   191.7628 2.0579e+00     3.4988      5.078      7.366    17.6711   998.6977 0.0000e+00
      5.203      0.085     0.1264      1.905     37.624  31.809423    10.9492      6.382   191.6827 1.9529e+00     3.4091      5.100      7.395    17.5642   998.7172 0.0000e+00
      5.232      0.092     0.1253      1.915     38.018  32.067291     9.4704      6.382   191.6433 1.8306e+00     3.3540      5.132      7.444    17.4781   998.7327 0.0000e+00
      5.260      0.099     0.1258      1.915     38.265  32.200586     9.3336      6.387   191.6308 1.7570e+00     3.3565      5.160      7.486    17.4138   998.7443 0.0000e+00
      5.283      0.104     0.1281      1.900     38.371  32.215265     9.3124      6.392   191.7895 1.7142e+00     3.3746      5.180      7.513    17.3614   998.7537 0.0000e+00
      5.308      0.107     0.1276      1.895     38.800  32.498514     9.0580      6.387   192.0991 1.6590e+00     3.3762      5.204      7.549    17.2758   998.7692 0.0000e+00
      5.336      0.107     0.1293      1.900     39.668  33.150243     8.5810      6.374   192.3630 1.6020e+00     3.3759      5.233      7.592    17.1676   998.7886 0.0000e+00
      5.364      0.106     0.1302      1.891     40.550  33.812412     8.3311      6.368   192.4854 1.5542e+00     3.3714      5.260      7.629    17.0720   998.8056 0.0000e+00
      5.393      0.102     0.1278      1.871     41.214  34.285216     8.2904      6.369   192.2888 1.5049e+00     3.3535      5.288      7.670    16.9755   998.8224 0.0000e+00
      5.423      0.093     0.1282      1.850     41.707  34.614582     7.9338      6.369   191.8783 1.4565e+00     3.3570      5.320      7.716    16.8732   998.8403 0.0000e+00
      5.448      0.081     0.1296      1.830     41.950  34.748238     7.2706      6.368   191.5653 1.4237e+00     3.3804      5.345      7.753    16.7812   998.8566 0.0000e+00
      5.467      0.066     0.1289      1.826     41.940  34.695267     6.9121      6.366   191.2575 1.4109e+00     3.4069      5.363      7.779    16.6932   998.8720 0.0000e+00
      5.481      0.053     0.1274      1.818     42.015  34.735672     6.9112      6.366   190.9105 1.4103e+00     3.4477      5.378      7.799    16.5914   998.8896 0.0000e+00
      5.490      0.044     0.1268      1.789     42.250  34.919401     7.1648      6.366   190.6389 1.4195e+00     3.4477      5.386      7.813    16.4874   998.9073 0.0000e+00
      5.494      0.041     0.1245      1.769     42.459  35.076122     7.6206      6.365   190.3834 1.4213e+00     3.4078      5.388      7.816    16.4028   998.9215 0.0000e+00
      5.499      0.041     0.1251      1.760     42.677  35.234244     7.8613      6.363   190.2294 1.4079e+00     3.3578      5.391      7.819    16.3470   998.9308 0.0000e+00
      5.510      0.042     0.1261      1.735     43.021  35.498355     7.8652      6.362   190.1542 1.3890e+00     3.3349      5.402      7.834    16.3277   998.9340 0.0000e+00
      5.526      0.044     0.1218      1.692     43.483  35.857573     7.6240      6.360   189.9906 1.3630e+00     3.3600      5.418      7.858    16.3252   998.9346 0.0000e+00
      5.542      0.045     0.1211      1.645     43.798  36.086588     7.1555      6.357   189.8858 1.3390e+00     3.3335      5.436      7.884    16.3059   998.9381 0.0000e+00
      5.554      0.044     0.1214      1.591     43.861  36.109281     6.8903      6.356   189.8336 1.3225e+00     3.2780      5.449      7.903    16.2719   998.9438 0.0000e+00
      5.564      0.041     0.1198      1.545     43.917  36.131916     6.8365      6.355   189.6178 1.3213e+00     3.2778      5.457      7.914    16.2541   998.9469 0.0000e+00
      5.571      0.040     0.1161      1.525     44.141  36.296765     6.5232      6.353   189.2550 1.3238e+00     3.3311      5.464      7.924    16.2357   998.9501 0.0000e+00
      5.578      0.042     0.1134      1.502     44.665  36.706028     5.9371      6.353   188.8025 1.3052e+00     3.3652      5.469      7.933    16.1898   998.9578 0.0000e+00
      5.587      0.048     0.1097      1.476     45.637  37.462237     5.6104      6.350   188.2769 1.2748e+00     3.3297      5.477      7.943    16.1573   998.9632 0.0000e+00
      5.600      0.057     0.1048      1.472     47.315  38.775003     5.5822      6.345   187.7177 1.2430e+00     3.2952      5.492      7.965    16.1312   998.9676 0.0000e+00
      5.615      0.066     0.1058      1.470     49.324  40.326821     5.5354      6.340   186.9462 1.2116e+00     3.3089      5.507      7.987    16.1070   998.9716 0.0000e+00
      5.633      0.074     0.1038      1.455     50.696  41.306514     5.0703      6.335   185.8314 1.1853e+00     3.3967      5.522      8.009    16.0999   998.9730 0.0000e+00
      5.657      0.079     0.1007      1.436     51.480  41.795741     4.2320      6.329   184.9083 1.1581e+00     3.5050      5.548      8.047    16.0481   998.9819 0.0000e+00
      5.682      0.083     0.1017      1.421     52.417  42.432473     3.7759      6.323   184.3022 1.1306e+00     3.5365      5.575      8.086    15.9776   998.9940 0.0000e+00
      5.702      0.086     0.1024      1.415     53.815  43.417729     3.7255      6.315   183.3214 1.1142e+00     3.5487      5.592      8.111    15.9051   999.0067 0.0000e+00
      5.721      0.086     0.1009      1.424     55.235  44.374526     3.6229      6.307   181.8254 1.0874e+00     3.5866      5.610      8.137    15.7398   999.0336 0.0000e+00
      5.743      0.085     0.0999      1.450     56.069  44.857290     3.4549      6.301   179.9808 1.0459e+00     3.6018      5.631      8.167    15.5685   999.0610 0.0000e+00
      5.767      0.086     0.0991      1.482     56.349  44.936658     3.3752      6.295   178.0546 1.0146e+00     3.6011      5.655      8.202    15.4854   999.0745 0.0000e+00
      5.791      0.091     0.0986      1.507     56.569  45.016491     3.3697      6.287   176.5176 9.9508e-01     3.6108      5.681      8.239    15.3607   999.0945 0.0000e+00
      5.811      0.098     0.0998      1.531     56.959  45.250921     3.3198      6.276   175.4218 9.9311e-01     3.4903      5.698      8.265    15.1645   999.1255 0.0000e+00
      5.831      0.105     0.1020      1.546     57.394  45.485011     3.2315      6.267   174.3555 9.8089e-01     3.2249      5.715      8.289    14.9834   999.1532 0.0000e+00
      5.858      0.110     0.1055      1.552     57.959  45.751161     3.1870      6.261   172.7446 9.3669e-01     3.0896      5.742      8.329    14.8523   999.1730 0.0000e+00
      5.893      0.114     0.1066      1.558     58.865  46.246115     3.1797      6.254   170.5716 8.8674e-01     3.0996      5.779      8.382    14.7771   999.1845 0.0000e+00
      5.929      0.116     0.1089      1.562     59.960  46.896873     3.0738      6.248   168.3872 8.4159e-01     3.0176      5.816      8.435    14.7314   999.1915 0.0000e+00
      5.960      0.115     0.1104      1.574     60.754  47.332110     2.8683      6.242   166.4658 8.0698e-01     2.8200      5.845      8.478    14.6502   999.2037 0.0000e+00
      5.988      0.111     0.1102      1.592     61.188  47.507387     2.7589      6.237   164.7205 7.8138e-01     2.6764      5.871      8.515    14.4786   999.2290 0.0000e+00
      6.014      0.106     0.1122      1.602     61.745  47.809277     2.7661      6.231   163.2022 7.5956e-01     2.6584      5.899      8.556    14.2718   999.2590 0.0000e+00
      6.038      0.100     0.1119      1.617     62.691  48.441695     2.8595      6.226   162.0472 7.4531e-01     2.7325      5.922      8.590    14.0980   999.2842 0.0000e+00
      6.061      0.094     0.1132      1.645     63.701  49.120214     3.0296      6.221   160.8225 7.2500e-01     2.8190      5.942      8.618    13.9462   999.3057 0.0000e+00
      6.088      0.088     0.1161      1.669     64.393  49.534799     3.1238      6.218   159.2349 6.9707e-01     2.8521      5.970      8.659    13.8080   999.3248 0.0000e+00
      6.114      0.083     0.1159      1.675     64.835  49.770464     3.1234      6.217   157.7363 6.8285e-01     2.8699      6.000      8.702    13.7003   999.3397 0.0000e+00
      6.134      0.079     0.1170      1.660     65.230  50.000517     3.1282      6.213   156.5543 6.7412e-01     2.8709      6.017      8.729    13.6331   999.3492 0.0000e+00
      6.148      0.076     0.1200      1.636     65.775  50.347263     3.2688      6.209   155.4414 6.5919e-01     2.9290      6.027      8.743    13.5637   999.3590 0.0000e+00
      6.163      0.072     0.1224      1.620     66.377  50.723458     3.5317      6.207   154.2608 6.4604e-01     3.0811      6.042      8.763    13.4536   999.3739 0.0000e+00
