Data/DataNotYetUploadedToEDI/Raw_CTD/RawDownloads/092019_fcr50.cnv
* Sea-Bird SBE19plus  Data File:
* FileName = C:\DATA\092019_fcr50_0001.hex
* Software version 2.8.0.119 SB_Terminal.dll
* Temperature SN = 7809
* Conductivity SN = 7809
* System UpLoad Time = Sep 20 2019 11:51:45
* <ApplicationData>
* <Seaterm232>
# nquan = 16
# nvalues = 1197                        
# units = specified
# name 0 = depFM: Depth [fresh water, m]
# name 1 = dz/dtM: Descent Rate [m/s]
# name 2 = sbeox0ML/L: Oxygen, SBE 43 [ml/l]
# name 3 = sbeox0PS: Oxygen, SBE 43 [% saturation]
# name 4 = specc: Specific Conductance [uS/cm]
# name 5 = c0uS/cm: Conductivity [uS/cm]
# name 6 = flECO-AFL: Fluorescence, WET Labs ECO-AFL/FL [mg/m^3]
# name 7 = ph: pH
# name 8 = orp: Oxidation Reduction Potential [mV]
# name 9 = par/sat/log: PAR/Logarithmic, Satlantic
# name 10 = turbWETntu0: Turbidity, WET Labs ECO [NTU]
# name 11 = prdM: Pressure, Strain Gauge [db]
# name 12 = prdE: Pressure, Strain Gauge [psi]
# name 13 = tv290C: Temperature [ITS-90, deg C]
# name 14 = density00: Density [density, kg/m^3]
# name 15 = flag:  0.000e+00
# span 0 =     -0.493,      9.758       
# span 1 =     -0.202,      0.109       
# span 2 =    -0.1344,     6.1134       
# span 3 =     -1.978,     97.877       
# span 4 =      5.472,    425.207       
# span 5 =   4.945683, 324.092962       
# span 6 =    -0.6012,     8.8799       
# span 7 =      2.049,      7.829       
# span 8 = -1240.7455,   944.6649       
# span 9 = 1.2349e-01, 4.9775e+02       
# span 10 =    -2.3114,   210.0683      
# span 11 =     -0.484,      9.571      
# span 12 =     -0.701,     13.881      
# span 13 =    12.5625,    22.2941      
# span 14 =   997.7230,   999.6021      
# span 15 = 0.0000e+00, 0.0000e+00      
# interval = seconds: 0.25
# start_time = Sep 20 2019 11:34:42 [Instrument's time stamp, header]
# bad_flag = -9.990e-29
*END*
[from data line 452]
      1.541      0.034     4.8078     79.384     39.008  36.572443     2.7426      6.499   221.6775 4.4663e+01     6.2678      1.511      2.192    21.8730   997.8261 0.0000e+00
      1.546      0.029     4.8255     79.542     39.026  36.589049     2.7420      6.504   221.7673 4.4198e+01     6.1302      1.516      2.199    21.8728   997.8262 0.0000e+00
      1.551      0.026     4.8403     79.654     39.031  36.593780     2.7386      6.509   221.7892 4.3712e+01     6.0873      1.522      2.207    21.8728   997.8262 0.0000e+00
      1.557      0.026     4.8552     79.724     39.001  36.566174     2.7448      6.515   221.8570 4.3167e+01     6.0769      1.527      2.214    21.8726   997.8263 0.0000e+00
      1.564      0.028     4.8700     79.746     39.008  36.572625     2.7653      6.521   221.9849 4.2570e+01     6.0049      1.534      2.224    21.8723   997.8264 0.0000e+00
      1.571      0.031     4.8785     79.742     39.045  36.608305     2.7873      6.525   222.0445 4.2008e+01     5.8723      1.540      2.234    21.8725   997.8264 0.0000e+00
      1.579      0.033     4.8854     79.704     39.054  36.616741     2.8023      6.527   221.9745 4.1466e+01     5.8170      1.547      2.245    21.8729   997.8263 0.0000e+00
      1.589      0.034     4.8904     79.608     39.049  36.611155     2.8073      6.525   221.8274 4.0965e+01     5.8598      1.558      2.259    21.8731   997.8263 0.0000e+00
      1.599      0.033     4.8903     79.466     39.043  36.604240     2.7778      6.520   221.8149 4.0572e+01     5.9639      1.570      2.276    21.8733   997.8263 0.0000e+00
      1.609      0.031     4.8907     79.342     39.035  36.596607     2.7235      6.515   221.9093 4.0168e+01     6.0600      1.579      2.290    21.8737   997.8263 0.0000e+00
      1.618      0.028     4.8890     79.273     39.020  36.582335     2.6892      6.512   221.8499 3.9797e+01     6.0710      1.586      2.302    21.8739   997.8263 0.0000e+00
      1.624      0.025     4.8834     79.243     38.995  36.558630     2.6837      6.512   221.8713 3.9563e+01     6.0640      1.593      2.311    21.8731   997.8265 0.0000e+00
      1.628      0.023     4.8727     79.265     39.001  36.563870     2.7086      6.510   221.9957 3.9340e+01     6.0419      1.596      2.316    21.8716   997.8269 0.0000e+00
      1.632      0.023     4.8637     79.347     39.021  36.582230     2.7477      6.506   221.8922 3.9145e+01     5.9346      1.600      2.322    21.8707   997.8271 0.0000e+00
      1.637      0.023     4.8616     79.448     39.030  36.590193     2.7579      6.502   221.6523 3.8908e+01     5.8481      1.603      2.326    21.8705   997.8271 0.0000e+00
      1.643      0.025     4.8583     79.511     39.037  36.596679     2.7449      6.502   221.5035 3.8465e+01     5.8478      1.609      2.334    21.8705   997.8271 0.0000e+00
      1.653      0.028     4.8594     79.508     39.037  36.597174     2.7559      6.504   221.5561 3.8115e+01     5.8658      1.622      2.351    21.8707   997.8271 0.0000e+00
      1.660      0.029     4.8654     79.428     39.036  36.596178     2.7869      6.505   221.6860 3.7963e+01     5.9013      1.629      2.362    21.8705   997.8272 0.0000e+00
      1.665      0.028     4.8735     79.276     39.023  36.584634     2.8069      6.505   221.7836 3.7630e+01     5.9166      1.630      2.366    21.8697   997.8274 0.0000e+00
      1.673      0.025     4.8775     79.091     39.023  36.584539     2.8156      6.508   221.7891 3.7143e+01     5.8545      1.640      2.378    21.8695   997.8275 0.0000e+00
      1.683      0.022     4.8779     78.931     39.034  36.595035     2.8226      6.515   221.6669 3.6912e+01     5.8058      1.653      2.397    21.8697   997.8275 0.0000e+00
      1.688      0.021     4.8727     78.826     39.023  36.584596     2.8401      6.521   221.5968 3.6953e+01     5.8189      1.657      2.403    21.8697   997.8276 0.0000e+00
      1.690      0.022     4.8626     78.763     39.023  36.585263     2.8625      6.525   221.6293 3.7021e+01     5.8495      1.656      2.402    21.8699   997.8275 0.0000e+00
      1.692      0.023     4.8499     78.781     39.043  36.603107     2.8764      6.527   221.8880 3.6956e+01     5.8813      1.658      2.404    21.8705   997.8274 0.0000e+00
      1.697      0.026     4.8384     78.861     39.050  36.609927     2.8780      6.527   222.3158 3.6654e+01     5.8750      1.663      2.412    21.8712   997.8272 0.0000e+00
      1.706      0.031     4.8344     78.941     39.045  36.604243     2.8906      6.523   222.4999 3.6269e+01     5.8719      1.674      2.427    21.8714   997.8272 0.0000e+00
      1.716      0.033     4.8276     79.042     39.038  36.597856     2.9246      6.518   222.3925 3.5945e+01     5.9094      1.683      2.440    21.8710   997.8273 0.0000e+00
      1.726      0.033     4.8295     79.198     39.037  36.596183     2.9433      6.517   222.1368 3.5477e+01     5.9026      1.690      2.452    21.8709   997.8274 0.0000e+00
      1.738      0.030     4.8372     79.375     39.024  36.584009     2.9348      6.520   221.9890 3.5009e+01     5.8551      1.705      2.474    21.8705   997.8276 0.0000e+00
      1.747      0.026     4.8407     79.518     39.018  36.577604     2.9073      6.526   221.9825 3.4916e+01     5.7286      1.716      2.490    21.8696   997.8279 0.0000e+00
      1.751      0.023     4.8458     79.617     39.023  36.582220     2.8797      6.531   222.1439 3.5008e+01     5.5200      1.717      2.491    21.8690   997.8280 0.0000e+00
      1.752      0.021     4.8564     79.668     39.016  36.576350     2.8692      6.535   222.4775 3.5020e+01     5.4303      1.717      2.490    21.8683   997.8281 0.0000e+00
      1.755      0.021     4.8694     79.661     39.010  36.570098     2.8673      6.539   222.5743 3.4922e+01     5.4630      1.720      2.495    21.8681   997.8282 0.0000e+00
      1.760      0.022     4.8774     79.605     39.010  36.570097     2.8830      6.543   222.4543 3.4695e+01     5.6205      1.725      2.502    21.8682   997.8282 0.0000e+00
      1.769      0.025     4.8837     79.519     39.017  36.576339     2.9116      6.545   222.2303 3.4452e+01     5.8929      1.735      2.517    21.8681   997.8283 0.0000e+00
      1.777      0.029     4.8875     79.436     39.024  36.582105     2.9191      6.546   222.0169 3.4336e+01     6.0364      1.744      2.530    21.8679   997.8283 0.0000e+00
      1.783      0.030     4.8865     79.385     39.018  36.576336     2.9122      6.546   222.1123 3.4247e+01     6.0435      1.749      2.537    21.8675   997.8285 0.0000e+00
      1.790      0.029     4.8830     79.368     39.011  36.570046     2.9151      6.547   222.2650 3.4027e+01     6.0457      1.755      2.545    21.8674   997.8285 0.0000e+00
      1.798      0.028     4.8770     79.384     39.011  36.569526     2.9200      6.549   222.2279 3.3751e+01     6.0960      1.763      2.558    21.8670   997.8286 0.0000e+00
      1.807      0.026     4.8708     79.452     39.012  36.570056     2.9198      6.550   222.1802 3.3566e+01     6.1599      1.773      2.572    21.8663   997.8288 0.0000e+00
      1.814      0.025     4.8682     79.571     39.019  36.576451     2.9211      6.552   222.0325 3.3475e+01     6.1622      1.781      2.583    21.8660   997.8289 0.0000e+00
      1.819      0.025     4.8672     79.686     39.026  36.583376     2.9270      6.553   221.7323 3.3396e+01     6.0913      1.786      2.588    21.8656   997.8290 0.0000e+00
      1.824      0.025     4.8677     79.744     39.034  36.590304     2.9300      6.554   221.5621 3.3225e+01     5.9576      1.788      2.592    21.8653   997.8291 0.0000e+00
      1.829      0.025     4.8714     79.750     39.042  36.596746     2.9231      6.554   221.6099 3.2950e+01     5.8568      1.792      2.599    21.8651   997.8292 0.0000e+00
      1.836      0.025     4.8803     79.741     39.044  36.597796     2.9126      6.554   221.7939 3.2731e+01     5.8554      1.801      2.612    21.8648   997.8293 0.0000e+00
      1.845      0.025     4.8892     79.714     39.050  36.602999     2.8724      6.554   221.9799 3.2646e+01     5.9078      1.810      2.625    21.8647   997.8294 0.0000e+00
      1.852      0.024     4.8923     79.649     39.044  36.596184     2.8009      6.552   222.0527 3.2645e+01     5.9335      1.817      2.635    21.8644   997.8294 0.0000e+00
      1.858      0.021     4.8913     79.568     39.026  36.578864     2.7593      6.551   222.0721 3.2750e+01     5.9040      1.823      2.645    21.8633   997.8297 0.0000e+00
      1.862      0.019     4.8912     79.478     39.032  36.584010     2.7505      6.551   222.0413 3.2934e+01     5.8785      1.828      2.650    21.8619   997.8301 0.0000e+00
      1.866      0.018     4.8909     79.373     39.043  36.594926     2.7552      6.552   221.9386 3.3053e+01     5.8881      1.830      2.654    21.8610   997.8303 0.0000e+00
      1.870      0.019     4.8855     79.284     39.032  36.583896     2.7902      6.552   221.8626 3.3143e+01     5.9542      1.834      2.660    21.8604   997.8305 0.0000e+00
      1.872      0.021     4.8804     79.225     39.026  36.577596     2.8443      6.551   221.8104 3.3218e+01     6.0549      1.836      2.663    21.8598   997.8306 0.0000e+00
      1.877      0.025     4.8760     79.178     39.031  36.582221     2.8714      6.550   221.8242 3.3045e+01     6.0897      1.839      2.667    21.8591   997.8308 0.0000e+00
      1.885      0.030     4.8680     79.144     39.026  36.576347     2.8670      6.549   221.9428 3.2626e+01     6.0806      1.848      2.680    21.8588   997.8309 0.0000e+00
      1.895      0.034     4.8624     79.142     39.019  36.570049     2.8519      6.548   222.0403 3.2199e+01     6.1409      1.858      2.695    21.8586   997.8310 0.0000e+00
      1.905      0.038     4.8598     79.162     39.019  36.569538     2.8360      6.546   222.2288 3.1807e+01     6.2295      1.869      2.710    21.8580   997.8311 0.0000e+00
      1.915      0.040     4.8568     79.173     39.020  36.570171     2.8307      6.543   222.4148 3.1397e+01     6.2667      1.878      2.723    21.8572   997.8313 0.0000e+00
      1.925      0.040     4.8539     79.166     39.029  36.577711     2.8230      6.539   222.1380 3.0927e+01     6.2952      1.887      2.737    21.8564   997.8316 0.0000e+00
      1.937      0.040     4.8542     79.164     39.050  36.597226     2.8387      6.536   221.7221 3.0380e+01     6.3117      1.899      2.755    21.8558   997.8318 0.0000e+00
      1.949      0.041     4.8565     79.197     39.069  36.615695     2.8898      6.534   221.7737 2.9915e+01     6.3036      1.912      2.774    21.8554   997.8319 0.0000e+00
      1.958      0.042     4.8575     79.275     39.064  36.610596     2.9203      6.532   222.1597 2.9672e+01     6.2947      1.922      2.788    21.8550   997.8321 0.0000e+00
      1.965      0.042     4.8564     79.380     39.052  36.599056     2.9217      6.527   222.4312 2.9389e+01     6.3022      1.926      2.794    21.8543   997.8322 0.0000e+00
      1.974      0.041     4.8555     79.467     39.057  36.603105     2.8720      6.518   222.2180 2.8817e+01     6.3623      1.935      2.806    21.8539   997.8324 0.0000e+00
      1.988      0.039     4.8574     79.504     39.050  36.596081     2.7705      6.511   221.7328 2.8143e+01     6.4635      1.950      2.829    21.8539   997.8324 0.0000e+00
      2.003      0.037     4.8624     79.517     39.031  36.577607     2.7083      6.507   221.3828 2.7611e+01     6.5101      1.966      2.851    21.8539   997.8325 0.0000e+00
      2.014      0.037     4.8701     79.531     39.023  36.570157     2.7013      6.507   221.1691 2.7351e+01     6.5000      1.977      2.866    21.8536   997.8326 0.0000e+00
      2.019      0.037     4.8766     79.546     39.022  36.569470     2.7026      6.506   221.0421 2.7256e+01     6.5053      1.980      2.872    21.8534   997.8327 0.0000e+00
      2.023      0.038     4.8776     79.539     39.023  36.569304     2.6894      6.504   221.0518 2.7070e+01     6.4763      1.982      2.875    21.8531   997.8328 0.0000e+00
      2.030      0.040     4.8781     79.472     39.023  36.568144     2.6552      6.504   221.1995 2.6605e+01     6.4107      1.988      2.883    21.8526   997.8329 0.0000e+00
      2.044      0.043     4.8791     79.378     39.011  36.555441     2.6265      6.505   221.2797 2.5895e+01     6.3681      2.003      2.905    21.8523   997.8330 0.0000e+00
      2.060      0.047     4.8798     79.318     39.001  36.542652     2.6200      6.507   221.2474 2.5250e+01     6.3539      2.022      2.932    21.8517   997.8333 0.0000e+00
      2.074      0.048     4.8819     79.303     39.003  36.540459     2.6195      6.511   221.2399 2.4805e+01     6.3373      2.035      2.952    21.8509   997.8335 0.0000e+00
      2.086      0.047     4.8763     79.290     38.998  36.528919     2.6206      6.515   221.4465 2.4388e+01     6.3310      2.045      2.967    21.8493   997.8339 0.0000e+00
      2.097      0.044     4.8690     79.244     39.006  36.530064     2.6247      6.517   222.0238 2.3943e+01     6.3770      2.057      2.983    21.8470   997.8345 0.0000e+00
      2.107      0.040     4.8655     79.182     39.037  36.554299     2.6261      6.514   222.4559 2.3561e+01     6.4014      2.067      2.998    21.8437   997.8352 0.0000e+00
      2.116      0.036     4.8663     79.126     39.055  36.568044     2.6202      6.509   222.2832 2.3171e+01     6.3637      2.074      3.009    21.8374   997.8367 0.0000e+00
      2.125      0.035     4.8680     79.104     39.058  36.569298     2.6140      6.505   221.8282 2.2738e+01     6.3151      2.084      3.023    21.8289   997.8387 0.0000e+00
      2.135      0.035     4.8643     79.091     39.058  36.569452     2.6205      6.505   221.4284 2.2398e+01     6.3055      2.094      3.038    21.8207   997.8406 0.0000e+00
      2.142      0.037     4.8615     79.037     39.060  36.569907     2.6296      6.504   221.3210 2.2157e+01     6.3457      2.102      3.048    21.8145   997.8420 0.0000e+00
      2.147      0.039     4.8572     79.006     39.068  36.574799     2.6452      6.501   221.6487 2.1807e+01     6.3742      2.104      3.051    21.8101   997.8430 0.0000e+00
      2.157      0.040     4.8559     79.010     39.062  36.565119     2.6711      6.500   222.0342 2.1231e+01     6.3555      2.112      3.064    21.8083   997.8435 0.0000e+00
      2.172      0.040     4.8587     78.951     39.013  36.516334     2.6823      6.501   222.1111 2.0635e+01     6.3165      2.131      3.089    21.8084   997.8435 0.0000e+00
      2.186      0.041     4.8519     78.868     38.989  36.492728     2.6854      6.503   222.0624 2.0190e+01     6.2955      2.146      3.112    21.8075   997.8438 0.0000e+00
      2.196      0.041     4.8490     78.834     39.033  36.533587     2.6910      6.505   221.8757 1.9849e+01     6.2992      2.155      3.125    21.8038   997.8447 0.0000e+00
      2.203      0.040     4.8555     78.834     39.068  36.566040     2.6900      6.509   221.7464 1.9491e+01     6.2949      2.159      3.132    21.7984   997.8459 0.0000e+00
      2.212      0.038     4.8493     78.864     39.070  36.567751     2.6908      6.509   222.0476 1.9082e+01     6.2762      2.168      3.145    21.7945   997.8468 0.0000e+00
      2.222      0.036     4.8418     78.925     39.055  36.554276     2.6913      6.503   222.2473 1.8692e+01     6.2704      2.179      3.161    21.7932   997.8471 0.0000e+00
      2.232      0.034     4.8415     78.991     39.029  36.530066     2.6713      6.497   222.0969 1.8319e+01     6.2900      2.188      3.173    21.7927   997.8473 0.0000e+00
      2.242      0.032     4.8414     79.063     39.028  36.528923     2.6389      6.496   221.9502 1.7979e+01     6.3173      2.200      3.189    21.7925   997.8474 0.0000e+00
      2.251      0.030     4.8423     79.139     39.040  36.540453     2.6209      6.498   221.9352 1.7724e+01     6.3375      2.210      3.204    21.7929   997.8474 0.0000e+00
