Data/DataNotYetUploadedToEDI/Raw_CTD/RawDownloads/092019_fcr50.cnv
* Sea-Bird SBE19plus  Data File:
* FileName = C:\DATA\092019_fcr50_0001.hex
* Software version 2.8.0.119 SB_Terminal.dll
* Temperature SN = 7809
* Conductivity SN = 7809
* System UpLoad Time = Sep 20 2019 11:51:45
* <ApplicationData>
* <Seaterm232>
# nquan = 16
# nvalues = 1197                        
# units = specified
# name 0 = depFM: Depth [fresh water, m]
# name 1 = dz/dtM: Descent Rate [m/s]
# name 2 = sbeox0ML/L: Oxygen, SBE 43 [ml/l]
# name 3 = sbeox0PS: Oxygen, SBE 43 [% saturation]
# name 4 = specc: Specific Conductance [uS/cm]
# name 5 = c0uS/cm: Conductivity [uS/cm]
# name 6 = flECO-AFL: Fluorescence, WET Labs ECO-AFL/FL [mg/m^3]
# name 7 = ph: pH
# name 8 = orp: Oxidation Reduction Potential [mV]
# name 9 = par/sat/log: PAR/Logarithmic, Satlantic
# name 10 = turbWETntu0: Turbidity, WET Labs ECO [NTU]
# name 11 = prdM: Pressure, Strain Gauge [db]
# name 12 = prdE: Pressure, Strain Gauge [psi]
# name 13 = tv290C: Temperature [ITS-90, deg C]
# name 14 = density00: Density [density, kg/m^3]
# name 15 = flag:  0.000e+00
# span 0 =     -0.493,      9.758       
# span 1 =     -0.202,      0.109       
# span 2 =    -0.1344,     6.1134       
# span 3 =     -1.978,     97.877       
# span 4 =      5.472,    425.207       
# span 5 =   4.945683, 324.092962       
# span 6 =    -0.6012,     8.8799       
# span 7 =      2.049,      7.829       
# span 8 = -1240.7455,   944.6649       
# span 9 = 1.2349e-01, 4.9775e+02       
# span 10 =    -2.3114,   210.0683      
# span 11 =     -0.484,      9.571      
# span 12 =     -0.701,     13.881      
# span 13 =    12.5625,    22.2941      
# span 14 =   997.7230,   999.6021      
# span 15 = 0.0000e+00, 0.0000e+00      
# interval = seconds: 0.25
# start_time = Sep 20 2019 11:34:42 [Instrument's time stamp, header]
# bad_flag = -9.990e-29
*END*
[from data line 904]
      6.183      0.028     1.1320     15.251     56.002  42.103389     0.6274      6.135    89.5645 1.2364e-01    12.3497      6.063      8.793    12.5848   999.4814 0.0000e+00
      6.189      0.026     1.1308     15.256     56.014  42.109632     0.6534      6.134    89.5481 1.2363e-01    12.4183      6.068      8.801    12.5905   999.4807 0.0000e+00
      6.196      0.026     1.1319     15.247     56.043  42.129128     0.6506      6.134    89.0946 1.2366e-01    12.4274      6.077      8.813    12.5915   999.4806 0.0000e+00
      6.203      0.027     1.1337     15.233     56.072  42.148633     0.6368      6.134    89.0716 1.2371e-01    12.3613      6.084      8.823    12.5903   999.4808 0.0000e+00
      6.209      0.028     1.1352     15.248     56.083  42.154991     0.6338      6.134    89.6139 1.2372e-01    12.2415      6.089      8.831    12.5882   999.4811 0.0000e+00
      6.216      0.028     1.1354     15.274     56.070  42.142502     0.6403      6.135    90.3172 1.2369e-01    12.1916      6.095      8.840    12.5853   999.4814 0.0000e+00
      6.225      0.028     1.1352     15.279     56.048  42.124610     0.6374      6.135    90.8642 1.2372e-01    12.2168      6.104      8.854    12.5831   999.4818 0.0000e+00
      6.233      0.028     1.1320     15.276     56.056  42.129128     0.6329      6.134    91.0656 1.2372e-01    12.2183      6.114      8.867    12.5815   999.4820 0.0000e+00
      6.240      0.028     1.1343     15.274     56.064  42.133643     0.6472      6.133    91.1175 1.2364e-01    12.1443      6.119      8.875    12.5792   999.4823 0.0000e+00
      6.246      0.027     1.1380     15.278     56.041  42.115702     0.6808      6.132    91.3186 1.2363e-01    12.0432      6.125      8.883    12.5771   999.4826 0.0000e+00
      6.253      0.025     1.1369     15.288     56.024  42.102682     0.7008      6.132    91.6049 1.2371e-01    12.0117      6.133      8.894    12.5762   999.4827 0.0000e+00
      6.260      0.025     1.1371     15.287     56.024  42.103201     0.6982      6.131    91.8262 1.2379e-01    12.0271      6.139      8.903    12.5747   999.4829 0.0000e+00
      6.265      0.025     1.1366     15.270     56.047  42.121982     0.6924      6.130    92.1873 1.2381e-01    12.0656      6.144      8.910    12.5732   999.4832 0.0000e+00
      6.271      0.024     1.1368     15.267     56.067  42.139290     0.6829      6.129    92.7019 1.2377e-01    12.1484      6.150      8.920    12.5724   999.4833 0.0000e+00
      6.278      0.022     1.1380     15.283     56.040  42.121988     0.6788      6.129    93.0579 1.2372e-01    12.2087      6.157      8.930    12.5723   999.4833 0.0000e+00
      6.284      0.021     1.1389     15.281     56.010  42.103263     0.6864      6.129    93.1364 1.2367e-01    12.2055      6.162      8.938    12.5728   999.4833 0.0000e+00
      6.289      0.020     1.1357     15.254     56.007  42.103366     0.6877      6.129    93.1341 1.2367e-01    12.1754      6.168      8.945    12.5740   999.4832 0.0000e+00
      6.294      0.019     1.1353     15.247     56.032  42.123245     0.6854      6.128    93.6329 1.2368e-01    12.1716      6.172      8.952    12.5762   999.4828 0.0000e+00
      6.298      0.019     1.1379     15.267     56.069  42.153141     0.6845      6.127    94.5206 1.2372e-01    12.1931      6.176      8.957    12.5786   999.4826 0.0000e+00
      6.302      0.019     1.1384     15.267     56.059  42.147373     0.6860      6.127    95.0061 1.2376e-01    12.2053      6.180      8.963    12.5824   999.4822 0.0000e+00
      6.307      0.020     1.1342     15.251     56.018  42.117000     0.6954      6.128    95.1145 1.2371e-01    12.1550      6.185      8.971    12.5851   999.4819 0.0000e+00
      6.313      0.021     1.1328     15.236     56.002  42.103366     0.6937      6.128    95.1431 1.2372e-01    12.0437      6.191      8.979    12.5856   999.4819 0.0000e+00
      6.319      0.022     1.1374     15.222     56.014  42.109507     0.6825      6.127    95.5231 1.2380e-01    11.9747      6.196      8.987    12.5868   999.4818 0.0000e+00
      6.324      0.022     1.1362     15.217     56.042  42.127756     0.6815      6.127    96.3544 1.2380e-01    11.9757      6.201      8.994    12.5887   999.4816 0.0000e+00
      6.330      0.022     1.1342     15.221     56.054  42.133531     0.6900      6.127    96.9339 1.2371e-01    12.0552      6.207      9.002    12.5896   999.4814 0.0000e+00
      6.336      0.022     1.1340     15.212     56.032  42.115846     0.6987      6.126    97.0234 1.2367e-01    12.1827      6.213      9.011    12.5880   999.4817 0.0000e+00
      6.342      0.021     1.1321     15.195     56.014  42.104397     0.7005      6.126    97.0057 1.2371e-01    12.2392      6.220      9.021    12.5850   999.4821 0.0000e+00
      6.347      0.021     1.1319     15.178     56.034  42.122090     0.6944      6.125    97.2369 1.2375e-01    12.2144      6.224      9.028    12.5828   999.4824 0.0000e+00
      6.352      0.021     1.1333     15.141     56.055  42.139298     0.6847      6.125    97.5816 1.2382e-01    12.1775      6.229      9.035    12.5800   999.4828 0.0000e+00
      6.356      0.022     1.1325     15.114     56.032  42.121976     0.6959      6.125    97.9038 1.2386e-01    12.1207      6.234      9.042    12.5783   999.4830 0.0000e+00
      6.361      0.024     1.1299     15.110     56.008  42.103136     0.7262      6.125    98.2078 1.2378e-01    12.0512      6.237      9.047    12.5801   999.4827 0.0000e+00
      6.367      0.026     1.1308     15.091     56.008  42.101977     0.7393      6.125    98.4173 1.2369e-01    12.0262      6.243      9.054    12.5837   999.4824 0.0000e+00
      6.375      0.028     1.1264     15.069     56.018  42.107962     0.7331      6.125    98.4585 1.2367e-01    12.0153      6.251      9.067    12.5855   999.4822 0.0000e+00
      6.384      0.031     1.1229     15.082     56.024  42.112003     0.7286      6.125    98.4484 1.2367e-01    12.0499      6.261      9.082    12.5841   999.4823 0.0000e+00
      6.392      0.033     1.1259     15.118     55.993  42.087344     0.7283      6.124    98.7244 1.2368e-01    12.1501      6.270      9.093    12.5835   999.4825 0.0000e+00
      6.398      0.034     1.1230     15.147     55.963  42.063784     0.7297      6.124    99.1292 1.2371e-01    12.2104      6.274      9.099    12.5828   999.4826 0.0000e+00
      6.408      0.034     1.1201     15.169     55.987  42.081100     0.7374      6.124    99.3848 1.2368e-01    12.1894      6.283      9.112    12.5814   999.4828 0.0000e+00
      6.418      0.033     1.1213     15.186     56.021  42.106235     0.7344      6.123    99.4055 1.2358e-01    12.0927      6.296      9.131    12.5813   999.4829 0.0000e+00
      6.427      0.032     1.1258     15.199     56.031  42.113720     0.7107      6.121    99.2934 1.2349e-01    11.9921      6.303      9.142    12.5798   999.4831 0.0000e+00
      6.435      0.031     1.1271     15.218     56.021  42.108109     0.6936      6.121    99.4062 1.2353e-01    11.9888      6.310      9.152    12.5780   999.4833 0.0000e+00
      6.444      0.030     1.1290     15.234     56.011  42.101888     0.6923      6.122    99.8226 1.2365e-01    12.0522      6.320      9.167    12.5781   999.4834 0.0000e+00
      6.450      0.029     1.1306     15.251     56.011  42.101993     0.6777      6.124   100.2846 1.2374e-01    12.0697      6.326      9.175    12.5778   999.4834 0.0000e+00
      6.455      0.029     1.1304     15.276     56.021  42.109384     0.6469      6.124   100.5174 1.2379e-01    12.0373      6.328      9.178    12.5773   999.4835 0.0000e+00
      6.463      0.030     1.1330     15.301     56.046  42.127755     0.6321      6.124   100.5724 1.2378e-01    12.0216      6.336      9.191    12.5791   999.4834 0.0000e+00
      6.473      0.030     1.1335     15.314     56.054  42.133635     0.6374      6.128   100.6914 1.2373e-01    12.0102      6.349      9.209    12.5810   999.4832 0.0000e+00
      6.480      0.030     1.1347     15.334     56.034  42.116992     0.6419      6.132   100.9240 1.2368e-01    11.9981      6.355      9.217    12.5804   999.4833 0.0000e+00
      6.487      0.030     1.1364     15.365     56.036  42.116993     0.6340      6.133   101.1472 1.2368e-01    12.0065      6.360      9.225    12.5799   999.4834 0.0000e+00
      6.496      0.030     1.1396     15.383     56.060  42.133647     0.6207      6.133   101.4116 1.2374e-01    12.0127      6.372      9.242    12.5803   999.4834 0.0000e+00
      6.503      0.030     1.1394     15.388     56.053  42.127881     0.6193      6.123   101.7985 1.2375e-01    12.0086      6.377      9.249    12.5799   999.4835 0.0000e+00
      6.508      0.031     1.1402     15.385     56.031  42.110759     0.6254      6.104   102.1245 1.2372e-01    12.0229      6.380      9.254    12.5792   999.4835 0.0000e+00
      6.517      0.031     1.1445     15.379     56.041  42.117107     0.6433      6.102   102.4287 1.2372e-01    12.0209      6.391      9.270    12.5776   999.4838 0.0000e+00
      6.527      0.030     1.1450     15.371     56.073  42.141141     0.6791      6.113   102.8095 1.2377e-01    11.9842      6.401      9.284    12.5764   999.4840 0.0000e+00
      6.536      0.030     1.1453     15.356     56.082  42.147386     0.6941      6.123   103.0288 1.2375e-01    11.9722      6.410      9.296    12.5756   999.4841 0.0000e+00
      6.543      0.031     1.1451     15.331     56.058  42.129120     0.6854      6.128   103.1871 1.2366e-01    11.9751      6.417      9.307    12.5749   999.4842 0.0000e+00
      6.549      0.035     1.1446     15.315     56.033  42.110759     0.6702      6.128   103.5186 1.2365e-01    11.9862      6.422      9.315    12.5744   999.4843 0.0000e+00
      6.555      0.042     1.1442     15.312     56.039  42.115859     0.6484      6.127   104.0262 1.2368e-01    12.0073      6.428      9.323    12.5736   999.4845 0.0000e+00
      6.564      0.049     1.1433     15.309     56.054  42.127289     0.6385      6.126   104.5927 1.2365e-01    12.0015      6.435      9.333    12.5732   999.4845 0.0000e+00
      6.578      0.056     1.1406     15.311     56.049  42.121980     0.6372      6.125   104.7750 1.2362e-01    11.9812      6.447      9.351    12.5736   999.4845 0.0000e+00
      6.598      0.061     1.1392     15.323     56.041  42.115163     0.6333      6.111   104.6812 1.2366e-01    12.0246      6.469      9.383    12.5742   999.4846 0.0000e+00
      6.619      0.065     1.1401     15.345     56.033  42.108355     0.6345      6.090   104.7502 1.2371e-01    12.1652      6.494      9.419    12.5746   999.4846 0.0000e+00
      6.636      0.067     1.1391     15.376     56.027  42.103150     0.6426      6.087   104.9198 1.2368e-01    12.2727      6.510      9.442    12.5744   999.4848 0.0000e+00
      6.649      0.066     1.1392     15.398     56.044  42.115735     0.6442      6.098   105.2697 1.2363e-01    12.2749      6.520      9.456    12.5734   999.4849 0.0000e+00
      6.664      0.065     1.1405     15.415     56.068  42.133523     0.6630      6.108   105.5388 1.2371e-01    12.2901      6.533      9.476    12.5723   999.4851 0.0000e+00
      6.682      0.063     1.1413     15.448     56.061  42.127747     0.7058      6.113   105.4203 1.2377e-01    12.3591      6.554      9.506    12.5718   999.4853 0.0000e+00
      6.700      0.062     1.1450     15.478     56.036  42.109386     0.7281      6.114   105.3857 1.2370e-01    12.4209      6.572      9.531    12.5714   999.4854 0.0000e+00
      6.717      0.059     1.1465     15.479     56.027  42.101996     0.7336      6.114   105.6370 1.2364e-01    12.4472      6.587      9.553    12.5708   999.4855 0.0000e+00
      6.733      0.053     1.1463     15.464     56.027  42.101893     0.7284      6.113   105.9633 1.2369e-01    12.3820      6.603      9.577    12.5706   999.4856 0.0000e+00
      6.748      0.046     1.1500     15.446     56.035  42.108139     0.7089      6.112   106.3208 1.2375e-01    12.2554      6.619      9.600    12.5707   999.4857 0.0000e+00
      6.758      0.040     1.1532     15.417     56.042  42.114019     0.6978      6.111   106.6031 1.2374e-01    12.1949      6.629      9.615    12.5705   999.4858 0.0000e+00
      6.764      0.036     1.1525     15.385     56.036  42.109497     0.6983      6.111   106.7093 1.2366e-01    12.2070      6.633      9.620    12.5702   999.4858 0.0000e+00
      6.769      0.033     1.1506     15.357     56.045  42.116953     0.6967      6.111   106.8301 1.2360e-01    12.2044      6.637      9.626    12.5701   999.4858 0.0000e+00
      6.777      0.032     1.1504     15.332     56.072  42.140684     0.6874      6.112   107.0315 1.2361e-01    12.1971      6.645      9.638    12.5705   999.4858 0.0000e+00
      6.787      0.033     1.1475     15.325     56.069  42.142463     0.6812      6.113   107.2519 1.2366e-01    12.2167      6.655      9.653    12.5708   999.4859 0.0000e+00
      6.796      0.034     1.1447     15.331     56.057  42.138460     0.6826      6.112   107.7741 1.2371e-01    12.2118      6.664      9.666    12.5707   999.4859 0.0000e+00
      6.804      0.036     1.1436     15.339     56.073  42.155786     0.6861      6.110   108.5268 1.2372e-01    12.2040      6.673      9.678    12.5707   999.4859 0.0000e+00
      6.813      0.038     1.1403     15.353     56.078  42.161476     0.6801      6.109   108.7808 1.2375e-01    12.2208      6.682      9.690    12.5736   999.4856 0.0000e+00
      6.822      0.038     1.1401     15.363     56.056  42.143774     0.6543      6.107   108.6092 1.2379e-01    12.2183      6.689      9.701    12.5779   999.4851 0.0000e+00
      6.832      0.038     1.1413     15.361     56.041  42.132219     0.6335      6.106   108.7752 1.2377e-01    12.2055      6.700      9.717    12.5818   999.4848 0.0000e+00
      6.844      0.039     1.1407     15.361     56.059  42.148757     0.6276      6.105   109.5829 1.2372e-01    12.1974      6.712      9.736    12.5881   999.4841 0.0000e+00
      6.854      0.041     1.1425     15.369     56.060  42.153267     0.6096      6.104   110.5454 1.2376e-01    12.1858      6.722      9.749    12.5905   999.4838 0.0000e+00
      6.862      0.043     1.1435     15.375     56.021  42.123248     0.5896      6.104   110.9484 1.2380e-01    12.1966      6.729      9.758    12.5866   999.4842 0.0000e+00
      6.872      0.044     1.1430     15.381     55.999  42.103255     0.5852      6.101   110.9282 1.2374e-01    12.1979      6.737      9.772    12.5857   999.4844 0.0000e+00
      6.884      0.044     1.1423     15.407     56.002  42.102006     0.5738      6.091   110.9028 1.2371e-01    12.2010      6.751      9.791    12.5909   999.4839 0.0000e+00
      6.899      0.044     1.1434     15.431     56.015  42.108146     0.5737      6.066   111.1580 1.2373e-01    12.2987      6.766      9.814    12.5955   999.4834 0.0000e+00
      6.912      0.044     1.1443     15.445     56.026  42.113993     0.6095      6.031   111.6910 1.2368e-01    12.4288      6.779      9.833    12.5940   999.4836 0.0000e+00
      6.922      0.042     1.1429     15.464     56.022  42.109213     0.6430      6.016   112.0120 1.2367e-01    12.4635      6.789      9.846    12.5896   999.4842 0.0000e+00
      6.931      0.040     1.1468     15.478     56.029  42.113845     0.6481      6.029   112.1140 1.2371e-01    12.4230      6.797      9.858    12.5863   999.4846 0.0000e+00
      6.940      0.038     1.1488     15.477     56.020  42.106509     0.6534      6.046   112.3222 1.2371e-01    12.3004      6.807      9.873    12.5840   999.4850 0.0000e+00
      6.949      0.036     1.1486     15.465     55.992  42.083998     0.6734      6.060   112.3782 1.2368e-01    12.0952      6.815      9.884    12.5810   999.4855 0.0000e+00
      6.958      0.036     1.1512     15.445     56.009  42.095634     0.6904      6.071   112.2749 1.2368e-01    11.9733      6.823      9.895    12.5789   999.4857 0.0000e+00
