Data/DataNotYetUploadedToEDI/Raw_CTD/RawDownloads/092019_bvr50.cnv
* Sea-Bird SBE19plus  Data File:
* FileName = C:\DATA\092019_bvr50_0002.hex
* Software version 2.8.0.119 SB_Terminal.dll
* Temperature SN = 7809
* Conductivity SN = 7809
* System UpLoad Time = Sep 24 2019 10:32:41
* <ApplicationData>
* <Seaterm232>
# nquan = 16
# nvalues = 915                         
# units = specified
# name 0 = depFM: Depth [fresh water, m]
# name 1 = dz/dtM: Descent Rate [m/s]
# name 2 = sbeox0ML/L: Oxygen, SBE 43 [ml/l]
# name 3 = sbeox0PS: Oxygen, SBE 43 [% saturation]
# name 4 = specc: Specific Conductance [uS/cm]
# name 5 = c0uS/cm: Conductivity [uS/cm]
# name 6 = flECO-AFL: Fluorescence, WET Labs ECO-AFL/FL [mg/m^3]
# name 7 = ph: pH
# name 8 = orp: Oxidation Reduction Potential [mV]
# name 9 = par/sat/log: PAR/Logarithmic, Satlantic
# name 10 = turbWETntu0: Turbidity, WET Labs ECO [NTU]
# name 11 = prdM: Pressure, Strain Gauge [db]
# name 12 = prdE: Pressure, Strain Gauge [psi]
# name 13 = tv290C: Temperature [ITS-90, deg C]
# name 14 = density00: Density [density, kg/m^3]
# name 15 = flag:  0.000e+00
# span 0 =     -0.591,     10.221       
# span 1 =     -2.803,      0.172       
# span 2 =    -0.0005,     5.7242       
# span 3 =      0.077,     96.927       
# span 4 =      0.816,    198.205       
# span 5 =   0.814397, 135.083962       
# span 6 =    -0.8207,    56.8125       
# span 7 =     -2.328,      8.063       
# span 8 = -1240.7455,   855.6915       
# span 9 = 1.2348e-01, 2.0346e+03       
# span 10 =    -6.7851,    78.8592      
# span 11 =     -0.579,     10.023      
# span 12 =     -0.840,     14.538      
# span 13 =     9.0658,    25.1347      
# span 14 =   997.0182,   999.8989      
# span 15 = 0.0000e+00, 0.0000e+00      
# interval = seconds: 0.25
# start_time = Sep 20 2019 13:19:30 [Instrument's time stamp, header]
# bad_flag = -9.990e-29
*END*
[from data line 272]
      0.511      0.025     4.0333     67.388     27.876  26.989280     2.4938      7.177   179.6449 5.4698e+01     1.3783      0.499      0.723    23.4102   997.4595 0.0000e+00
      0.522      0.030     4.0143     67.526     27.850  26.964493     2.5423      7.173   179.9612 5.7078e+01     1.3563      0.512      0.742    23.4074   997.4604 0.0000e+00
      0.533      0.034     4.0067     67.686     27.825  26.941028     2.5757      7.169   179.2433 5.6180e+01     1.3546      0.524      0.760    23.4096   997.4598 0.0000e+00
      0.543      0.038     4.0081     67.788     27.843  26.959335     2.5857      7.165   178.6227 5.3073e+01     1.3896      0.534      0.774    23.4056   997.4608 0.0000e+00
      0.551      0.041     4.0117     67.757     27.879  26.995527     2.5772      7.158   178.7378 4.9707e+01     1.3869      0.541      0.784    23.4033   997.4615 0.0000e+00
      0.560      0.045     4.0214     67.615     27.879  26.997967     2.5413      7.147   180.0318 4.7444e+01     1.3553      0.547      0.794    23.4048   997.4611 0.0000e+00
      0.570      0.051     4.0319     67.425     27.867  26.988841     2.4899      7.131   183.5145 4.5828e+01     1.3344      0.557      0.809    23.4063   997.4607 0.0000e+00
      0.583      0.058     4.0409     67.210     27.889  27.012067     2.4675      7.109   185.3986 4.4689e+01     1.3310      0.571      0.827    23.4075   997.4605 0.0000e+00
      0.600      0.064     4.0377     66.960     27.903  27.025035     2.4691      7.081   185.7764 4.4211e+01     1.3476      0.587      0.852    23.4082   997.4605 0.0000e+00
      0.620      0.066     4.0269     66.652     27.897  27.018743     2.5009      7.048   188.8568 4.4334e+01     1.3386      0.608      0.882    23.4130   997.4594 0.0000e+00
      0.640      0.063     4.0151     66.339     27.877  26.999438     2.5746      7.013   191.5840 4.4868e+01     1.3210      0.629      0.910    23.4212   997.4575 0.0000e+00
      0.659      0.055     4.0018     66.082     27.860  26.981941     2.6232      6.991   191.4756 4.5374e+01     1.3315      0.648      0.940    23.4234   997.4571 0.0000e+00
      0.674      0.045     3.9887     65.823     27.878  26.997509     2.6381      6.985   187.8906 4.5758e+01     1.3334      0.664      0.964    23.4216   997.4576 0.0000e+00
      0.683      0.035     3.9690     65.530     27.879  26.997337     2.6425      6.987   182.9111 4.6111e+01     1.3109      0.671      0.974    23.4208   997.4578 0.0000e+00
      0.686      0.027     3.9471     65.244     27.861  26.979863     2.6321      6.995   180.7426 4.6202e+01     1.3224      0.673      0.977    23.4215   997.4576 0.0000e+00
      0.688      0.024     3.9353     64.981     27.859  26.976559     2.6257      7.005   180.9437 4.5991e+01     1.3744      0.674      0.978    23.4199   997.4581 0.0000e+00
      0.692      0.026     3.9210     64.784     27.840  26.957388     2.6258      7.015   181.2992 4.5608e+01     1.4148      0.678      0.983    23.4147   997.4593 0.0000e+00
      0.697      0.033     3.9015     64.724     27.823  26.938395     2.5991      7.023   180.7377 4.5226e+01     1.4174      0.682      0.991    23.4125   997.4598 0.0000e+00
      0.705      0.041     3.8850     64.767     27.826  26.937236     2.5458      7.029   180.1778 4.4897e+01     1.3731      0.688      0.998    23.4141   997.4595 0.0000e+00
      0.718      0.049     3.8689     64.844     27.835  26.943369     2.5181      7.034   179.8640 4.4647e+01     1.3383      0.701      1.016    23.4125   997.4600 0.0000e+00
      0.737      0.055     3.8543     64.977     27.843  26.949114     2.5238      7.035   180.2132 4.4634e+01     1.3565      0.723      1.048    23.4094   997.4607 0.0000e+00
      0.754      0.060     3.8522     65.127     27.843  26.943241     2.5541      7.034   181.1310 4.4769e+01     1.3642      0.740      1.074    23.4058   997.4617 0.0000e+00
      0.768      0.061     3.8591     65.185     27.839  26.935798     2.5991      7.033   181.3239 4.4948e+01     1.3327      0.752      1.091    23.3942   997.4645 0.0000e+00
      0.783      0.059     3.8607     65.120     27.825  26.922553     2.6250      7.031   183.5780 4.5215e+01     1.3358      0.767      1.113    23.3926   997.4650 0.0000e+00
      0.798      0.057     3.8699     64.970     27.810  26.909978     2.6331      7.030   186.1870 4.5527e+01     1.3696      0.784      1.137    23.3935   997.4649 0.0000e+00
      0.813      0.055     3.8836     64.837     27.810  26.910640     2.6371      7.030   183.7879 4.5882e+01     1.3486      0.799      1.158    23.3782   997.4686 0.0000e+00
      0.826      0.055     3.8874     64.852     27.830  26.930564     2.6558      7.028   182.2756 4.6215e+01     1.3115      0.810      1.175    23.3691   997.4708 0.0000e+00
      0.838      0.056     3.8832     65.054     27.861  26.960545     2.6859      7.023   185.2815 4.6352e+01     1.3135      0.822      1.192    23.3709   997.4705 0.0000e+00
      0.852      0.058     3.8718     65.378     27.856  26.955930     2.6975      7.018   186.7487 4.6388e+01     1.3070      0.834      1.210    23.3750   997.4695 0.0000e+00
      0.867      0.060     3.8597     65.771     27.836  26.938208     2.7090      7.013   187.1954 4.6489e+01     1.2990      0.849      1.232    23.3803   997.4683 0.0000e+00
      0.884      0.062     3.8597     66.190     27.832  26.936600     2.8426      7.006   189.7368 4.6534e+01     1.3146      0.867      1.257    23.3796   997.4686 0.0000e+00
      0.901      0.063     3.8746     66.547     27.831  26.936495     3.0900      6.998   190.2875 4.6566e+01     1.3324      0.884      1.281    23.3771   997.4693 0.0000e+00
      0.919      0.064     3.8944     66.797     27.832  26.936940     3.2296      6.989   188.1763 4.6808e+01     1.3509      0.901      1.307    23.3787   997.4690 0.0000e+00
      0.935      0.065     3.9181     67.005     27.842  26.941974     3.2392      6.981   185.6343 4.7130e+01     1.3736      0.918      1.331    23.3812   997.4685 0.0000e+00
      0.949      0.066     3.9450     67.187     27.840  26.933910     3.2232      6.975   181.8363 4.7385e+01     1.4428      0.931      1.351    23.3859   997.4674 0.0000e+00
      0.963      0.066     3.9680     67.270     27.812  26.902870     3.2003      6.972   179.8531 4.7635e+01     1.5327      0.942      1.366    23.3882   997.4669 0.0000e+00
      0.982      0.065     3.9801     67.299     27.793  26.883876     3.1874      6.970   179.6378 4.7963e+01     1.5429      0.962      1.396    23.3885   997.4669 0.0000e+00
      1.002      0.065     3.9915     67.361     27.807  26.894578     3.1899      6.966   178.1155 4.8303e+01     1.5332      0.984      1.428    23.3826   997.4685 0.0000e+00
      1.019      0.064     4.0081     67.426     27.822  26.905374     3.2824      6.960   180.1174 4.8579e+01     1.5132      1.001      1.451    23.3635   997.4730 0.0000e+00
      1.034      0.061     4.0117     67.439     27.807  26.887533     3.4559      6.953   183.2797 4.8974e+01     1.4329      1.014      1.472    23.3571   997.4746 0.0000e+00
      1.049      0.056     4.0095     67.350     27.788  26.869181     3.5456      6.947   182.4508 4.9489e+01     1.3808      1.028      1.490    23.3607   997.4739 0.0000e+00
      1.064      0.050     4.0163     67.151     27.791  26.873804     3.5506      6.940   181.3665 4.9870e+01     1.3420      1.044      1.514    23.3542   997.4755 0.0000e+00
      1.077      0.045     4.0211     66.903     27.795  26.879992     3.5775      6.934   179.0311 5.0213e+01     1.3576      1.058      1.535    23.3458   997.4776 0.0000e+00
      1.088      0.041     4.0236     66.623     27.795  26.880559     3.6288      6.927   176.9285 5.0698e+01     1.5032      1.067      1.548    23.3404   997.4789 0.0000e+00
      1.097      0.036     4.0197     66.302     27.795  26.880663     3.6586      6.917   178.0556 5.1167e+01     1.5951      1.076      1.561    23.3374   997.4797 0.0000e+00
      1.104      0.032     4.0044     65.946     27.795  26.881249     3.6602      6.908   179.4946 5.1360e+01     1.5841      1.082      1.570    23.3429   997.4784 0.0000e+00
      1.112      0.030     3.9895     65.568     27.800  26.887644     3.6575      6.905   179.2708 5.1523e+01     1.5991      1.089      1.580    23.3505   997.4765 0.0000e+00
      1.119      0.030     3.9732     65.177     27.805  26.894546     3.6780      6.910   178.4472 5.2416e+01     1.6141      1.098      1.592    23.3483   997.4771 0.0000e+00
      1.126      0.031     3.9540     64.788     27.810  26.901258     3.7167      6.915   178.3125 5.4139e+01     1.6010      1.105      1.601    23.3473   997.4774 0.0000e+00
      1.133      0.034     3.9320     64.410     27.812  26.905358     3.7362      6.919   178.5029 5.6340e+01     1.6042      1.111      1.610    23.3506   997.4766 0.0000e+00
      1.142      0.037     3.9094     64.047     27.785  26.880682     3.7399      6.921   178.7698 5.8778e+01     1.6207      1.119      1.624    23.3540   997.4759 0.0000e+00
      1.152      0.040     3.8854     63.716     27.759  26.856677     3.7874      6.921   178.7866 6.1087e+01     1.7668      1.130      1.639    23.3572   997.4752 0.0000e+00
      1.163      0.042     3.8615     63.437     27.774  26.868873     3.8772      6.921   178.4476 6.3205e+01     2.0607      1.140      1.654    23.3610   997.4743 0.0000e+00
      1.175      0.043     3.8393     63.220     27.810  26.901268     3.9232      6.923   178.1991 6.5408e+01     2.2567      1.151      1.669    23.3644   997.4736 0.0000e+00
      1.187      0.044     3.8164     63.024     27.843  26.931144     3.9277      6.926   178.1909 6.7692e+01     2.3670      1.165      1.689    23.3680   997.4727 0.0000e+00
      1.198      0.045     3.7963     62.823     27.824  26.912887     3.9751      6.929   178.1767 6.9647e+01     3.1983      1.175      1.705    23.3714   997.4720 0.0000e+00
      1.208      0.046     3.7791     62.642     27.781  26.870848     4.0628      6.930   178.1129 7.0985e+01     4.7363      1.183      1.716    23.3663   997.4732 0.0000e+00
      1.219      0.048     3.7684     62.504     27.776  26.866945     4.1037      6.930   178.0215 7.1921e+01     5.5604      1.195      1.732    23.3591   997.4750 0.0000e+00
      1.231      0.051     3.7576     62.379     27.776  26.865696     4.0970      6.928   177.9324 7.2913e+01     5.5597      1.206      1.751    23.3568   997.4757 0.0000e+00
      1.245      0.055     3.7447     62.233     27.768  26.855750     4.1384      6.923   177.8100 7.3919e+01     4.8584      1.220      1.770    23.3564   997.4758 0.0000e+00
      1.260      0.059     3.7327     62.054     27.788  26.873565     4.2307      6.914   177.6599 7.4661e+01     3.5374      1.236      1.792    23.3568   997.4757 0.0000e+00
      1.275      0.063     3.7260     61.862     27.807  26.890771     4.2853      6.900   177.6662 7.5256e+01     2.7948      1.251      1.813    23.3575   997.4757 0.0000e+00
      1.291      0.067     3.7192     61.694     27.792  26.873461     4.2869      6.885   177.8002 7.5494e+01     2.6641      1.266      1.836    23.3563   997.4760 0.0000e+00
      1.309      0.070     3.7107     61.510     27.774  26.854589     4.2849      6.871   177.8172 7.4996e+01     2.4159      1.283      1.861    23.3512   997.4773 0.0000e+00
      1.328      0.070     3.7009     61.291     27.772  26.852915     4.3047      6.860   177.7000 7.3858e+01     2.0544      1.301      1.887    23.3480   997.4782 0.0000e+00
      1.349      0.067     3.6866     61.058     27.772  26.853216     4.3268      6.853   177.5875 7.2290e+01     1.8662      1.322      1.918    23.3466   997.4786 0.0000e+00
      1.369      0.065     3.6797     60.805     27.777  26.858236     4.3351      6.849   177.4903 7.0489e+01     1.8432      1.343      1.949    23.3415   997.4798 0.0000e+00
      1.385      0.064     3.6692     60.610     27.770  26.850170     4.3365      6.845   177.4703 6.8622e+01     1.8430      1.359      1.972    23.3385   997.4807 0.0000e+00
      1.396      0.066     3.6545     60.566     27.742  26.819133     4.3613      6.841   177.5187 6.6845e+01     1.8966      1.369      1.986    23.3390   997.4806 0.0000e+00
      1.406      0.071     3.6422     60.598     27.730  26.800164     4.4174      6.838   177.5592 6.5128e+01     1.9999      1.376      1.997    23.3420   997.4799 0.0000e+00
      1.422      0.078     3.6251     60.585     27.748  26.811132     4.4515      6.836   177.6148 6.3325e+01     2.0430      1.392      2.019    23.3414   997.4801 0.0000e+00
      1.447      0.086     3.6096     60.540     27.766  26.824850     4.4523      6.835   177.6752 6.1726e+01     2.0250      1.418      2.056    23.3393   997.4807 0.0000e+00
      1.475      0.092     3.6099     60.489     27.784  26.839145     4.4529      6.831   177.7729 6.0493e+01     1.8801      1.448      2.098    23.3353   997.4819 0.0000e+00
      1.503      0.095     3.6178     60.411     27.804  26.857075     4.4596      6.826   177.8495 5.9424e+01     1.5684      1.475      2.139    23.3157   997.4867 0.0000e+00
      1.528      0.093     3.6158     60.331     27.799  26.851317     4.4643      6.823   177.8272 5.8749e+01     1.3699      1.499      2.175    23.3012   997.4902 0.0000e+00
      1.551      0.088     3.6125     60.285     27.779  26.832966     4.4748      6.823   177.8477 5.8628e+01     1.3477      1.521      2.206    23.2998   997.4907 0.0000e+00
      1.572      0.080     3.6114     60.286     27.772  26.825521     4.4909      6.824   177.8392 5.8691e+01     1.3656      1.542      2.238    23.2958   997.4918 0.0000e+00
      1.592      0.071     3.6059     60.333     27.772  26.824746     4.5035      6.827   177.7242 5.8656e+01     1.3903      1.562      2.265    23.2881   997.4938 0.0000e+00
      1.610      0.063     3.6004     60.430     27.771  26.823593     4.5137      6.831   177.6621 5.8691e+01     1.3841      1.580      2.291    23.2885   997.4937 0.0000e+00
      1.625      0.057     3.5970     60.596     27.758  26.811575     4.5189      6.833   177.6908 5.9017e+01     1.3551      1.595      2.314    23.2935   997.4925 0.0000e+00
      1.636      0.052     3.5973     60.820     27.756  26.806323     4.5318      6.833   177.8125 5.9364e+01     1.3352      1.605      2.327    23.2905   997.4933 0.0000e+00
      1.646      0.048     3.6007     61.071     27.777  26.823531     4.5567      6.828   177.9292 5.9392e+01     1.3399      1.613      2.340    23.2859   997.4945 0.0000e+00
      1.657      0.044     3.6051     61.321     27.785  26.829308     4.5691      6.821   177.8968 5.9245e+01     1.3797      1.624      2.356    23.2889   997.4938 0.0000e+00
      1.670      0.040     3.6155     61.558     27.770  26.812721     4.5684      6.816   177.8514 5.9042e+01     1.4236      1.638      2.375    23.2929   997.4928 0.0000e+00
      1.683      0.037     3.6302     61.818     27.771  26.813306     4.5834      6.814   177.9827 5.8811e+01     1.4112      1.652      2.396    23.2833   997.4952 0.0000e+00
      1.692      0.033     3.6459     62.108     27.798  26.836375     4.6111      6.812   178.1935 5.8845e+01     1.3607      1.661      2.410    23.2773   997.4967 0.0000e+00
      1.698      0.028     3.6620     62.373     27.805  26.837879     4.6261      6.813   178.2495 5.9076e+01     1.3381      1.664      2.414    23.2763   997.4970 0.0000e+00
      1.703      0.024     3.6749     62.609     27.802  26.831483     4.6262      6.818   178.2296 5.9122e+01     1.3670      1.670      2.422    23.2694   997.4986 0.0000e+00
      1.708      0.024     3.6898     62.865     27.797  26.822473     4.6204      6.822   178.2967 5.9118e+01     1.3830      1.676      2.431    23.2720   997.4980 0.0000e+00
