Data/DataNotYetUploadedToEDI/Raw_CTD/RawDownloads/092118_bvr50.cnv
* Sea-Bird SBE19plus  Data File:
* FileName = C:\DATA\092118_bvr_0001.hex
* Software version 2.6.3.104
* Temperature SN = 7809
* Conductivity SN = 7809
* System UpLoad Time = Sep 21 2018 18:25:24
* <ApplicationData>
* <Seaterm232>
# nquan = 17
# nvalues = 1506                        
# units = specified
# name 0 = depFM: Depth [fresh water, m]
# name 1 = tv290C: Temperature [ITS-90, deg C]
# name 2 = sbeox0Mg/L: Oxygen, SBE 43 [mg/l]
# name 3 = sbeox0PS: Oxygen, SBE 43 [% saturation]
# name 4 = c0uS/cm: Conductivity [uS/cm]
# name 5 = specc: Specific Conductance [uS/cm]
# name 6 = ph: pH
# name 7 = orp: Oxidation Reduction Potential [mV]
# name 8 = flECO-AFL: Fluorescence, WET Labs ECO-AFL/FL [mg/m^3]
# name 9 = turbWETntu0: Turbidity, WET Labs ECO [NTU]
# name 10 = sal00: Salinity, Practical [PSU]
# name 11 = dz/dtM: Descent Rate [m/s]
# name 12 = prdM: Pressure, Strain Gauge [db]
# name 13 = prdE: Pressure, Strain Gauge [psi]
# name 14 = scan: Scan Count
# name 15 = par/sat/log: PAR/Logarithmic, Satlantic
# name 16 = flag:  0.000e+00
# span 0 =     -0.595,     10.192       
# span 1 =     8.1259,    30.6701       
# span 2 =     0.0659,     9.3316       
# span 3 =      0.560,    111.437       
# span 4 =   0.984462, 121.531320       
# span 5 =      0.884,    183.426       
# span 6 =      5.994,      8.034       
# span 7 = -1240.7455,   961.9408       
# span 8 =    -0.1860,    14.3388       
# span 9 =    -0.7614,    25.7185       
# span 10 =     0.0137,     0.0846      
# span 11 =     -0.020,      0.196      
# span 12 =     -0.583,      9.995      
# span 13 =     -0.846,     14.496      
# span 14 =          1,       1506      
# span 15 = 1.2300e-01, 1.5475e+03      
# span 16 = 0.0000e+00, 0.0000e+00      
# interval = seconds: 0.25
# start_time = Sep 21 2018 17:31:12 [Instrument's time stamp, header]
# bad_flag = -9.990e-29
*END*
[from data line 341]
      0.560    23.5488     8.4428     99.393  27.705055     28.524      7.747   232.2044     4.1124     1.4945     0.0206      0.053      0.548      0.794        342 3.2704e+02 0.0000e+00
      0.572    23.5462     8.4473     99.440  27.700952     28.526      7.746   232.8480     4.0962     1.3871     0.0206      0.057      0.560      0.812        343 3.1503e+02 0.0000e+00
      0.581    23.5469     8.4395     99.346  27.647863     28.471      7.743   233.0373     4.0841     1.4408     0.0206      0.058      0.570      0.827        344 3.2243e+02 0.0000e+00
      0.590    23.5482     8.4320     99.254  27.652539     28.472      7.742   232.7344     4.4480     1.4139     0.0206      0.056      0.581      0.843        345 3.2739e+02 0.0000e+00
      0.606    23.5446     8.4311     99.236  27.695133     28.529      7.743   232.6966     4.4521     1.4273     0.0206      0.054      0.596      0.864        346 3.2079e+02 0.0000e+00
      0.626    23.5367     8.4321     99.235  27.654148     28.471      7.744   232.5073     4.4440     1.4945     0.0206      0.054      0.614      0.890        347 3.1653e+02 0.0000e+00
      0.645    23.5298     8.4373     99.283  27.644252     28.473      7.733   233.2644     4.4642     1.4005     0.0206      0.055      0.631      0.914        348 3.0674e+02 0.0000e+00
      0.658    23.5234     8.4370     99.269  27.648157     28.478      7.723   233.3780     4.7796     1.4945     0.0206      0.055      0.644      0.934        349 3.4927e+02 0.0000e+00
      0.667    23.5179     8.4309     99.180  27.649291     28.482      7.725   232.5451     4.7837     1.4945     0.0206      0.056      0.655      0.949        350 3.2088e+02 0.0000e+00
      0.677    23.5148     8.4296     99.147  27.702138     28.543      7.724   233.1509     4.7998     1.5079     0.0206      0.056      0.665      0.963        351 3.0674e+02 0.0000e+00
      0.688    23.5121     8.4252     99.083  27.700978     28.546      7.724   232.6209     4.8079     1.5079     0.0206      0.055      0.676      0.980        352 3.3990e+02 0.0000e+00
      0.702    23.5093     8.4141     98.947  27.650735     28.491      7.728   232.5830     5.1759     1.4408     0.0206      0.053      0.690      1.000        353 2.9864e+02 0.0000e+00
      0.720    23.5076     8.4077     98.880  27.646080     28.492      7.731   232.5073     5.1314     1.4139     0.0206      0.051      0.706      1.024        354 2.9437e+02 0.0000e+00
      0.738    23.5060     8.3934     98.737  27.706772     28.551      7.734   232.6966     5.1233     1.5213     0.0206      0.051      0.724      1.050        355 2.9077e+02 0.0000e+00
      0.757    23.5021     8.3865     98.682  27.634499     28.495      7.732   232.8101     5.1476     1.5079     0.0206      0.054      0.742      1.076        356 2.9587e+02 0.0000e+00
      0.773    23.4951     8.3876     98.698  27.587792     28.409      7.725   233.2266     5.5924     1.4139     0.0206      0.058      0.757      1.098        357 3.0583e+02 0.0000e+00
      0.784    23.4880     8.3868     98.680  27.675960     28.556      7.723   233.0752     5.6005     1.4408     0.0206      0.061      0.769      1.116        358 2.9214e+02 0.0000e+00
      0.796    23.4823     8.3906     98.725  27.673009     28.502      7.723   233.9080     5.5924     1.4542     0.0206      0.062      0.780      1.131        359 3.1628e+02 0.0000e+00
      0.806    23.4734     8.3861     98.689  27.621113     28.506      7.718   234.1352     5.5924     1.5213     0.0206      0.060      0.788      1.143        360 3.1545e+02 0.0000e+00
      0.809    23.4638     8.3759     98.584  27.592316     28.423      7.718   234.4759     5.5236     1.5616     0.0206      0.054      0.793      1.150        361 3.0618e+02 0.0000e+00
      0.810    23.4570     8.3730     98.567  27.619910     28.515      7.720   234.2109     5.4913     1.4408     0.0206      0.045      0.797      1.155        362 3.2591e+02 0.0000e+00
      0.817    23.4546     8.3734     98.595  27.586775     28.434      7.727   234.4380     5.5277     1.3602     0.0206      0.037      0.803      1.164        363 3.1236e+02 0.0000e+00
      0.827    23.4591     8.3779     98.663  27.633556     28.525      7.733   234.2109     5.5520     1.5079     0.0206      0.031      0.811      1.177        364 2.9147e+02 0.0000e+00
      0.837    23.4726     8.3722     98.597  27.709925     28.584      7.737   234.2866     5.5317     1.4408     0.0206      0.028      0.820      1.191        365 3.1742e+02 0.0000e+00
      0.846    23.4855     8.3672     98.537  27.639967     28.524      7.739   234.8544     5.7824     1.4945     0.0206      0.028      0.828      1.202        366 3.2886e+02 0.0000e+00
      0.853    23.4877     8.3668     98.517  27.661325     28.515      7.738   235.1573     5.7986     1.4676     0.0206      0.027      0.833      1.209        367 3.0348e+02 0.0000e+00
      0.851    23.4832     8.3728     98.573  27.683342     28.565      7.729   235.0059     5.7460     1.4945     0.0206      0.026      0.832      1.207        368 3.2151e+02 0.0000e+00
      0.843    23.4838     8.3852     98.710  27.582917     28.420      7.715   234.9302     5.7703     1.4676     0.0206      0.023      0.827      1.199        369 3.6471e+02 0.0000e+00
      0.837    23.4926     8.3912     98.772  27.638069     28.509      7.717   235.1952     5.4104     1.4139     0.0206      0.016      0.823      1.193        370 3.3743e+02 0.0000e+00
      0.837    23.5011     8.4018     98.897  27.703645     28.567      7.725   235.0059     5.4064     1.4810     0.0206      0.008      0.824      1.194        371 3.1846e+02 0.0000e+00
      0.847    23.5100     8.4021     98.900  27.649539     28.504      7.732   234.9302     5.3983     1.5750     0.0206      0.003      0.830      1.204        372 3.4673e+02 0.0000e+00
      0.856    23.5226     8.4045     98.923  27.646109     28.499      7.737   235.4980     5.3821     1.4676     0.0206      0.002      0.838      1.215        373 3.4947e+02 0.0000e+00
      0.861    23.5306     8.3968     98.829  27.648619     28.493      7.739   235.4980     4.7109     1.4408     0.0206      0.004      0.844      1.224        374 3.1714e+02 0.0000e+00
      0.865    23.5319     8.3932     98.794  27.646411     28.486      7.740   234.9302     4.7190     1.5348     0.0206      0.008      0.849      1.232        375 3.2992e+02 0.0000e+00
      0.873    23.5305     8.3856     98.719  27.648851     28.481      7.739   235.3844     4.7351     1.4810     0.0206      0.015      0.856      1.242        376 3.6452e+02 0.0000e+00
      0.883    23.5224     8.3749     98.612  27.704872     28.538      7.743   235.4980     4.6947     1.5213     0.0206      0.022      0.865      1.255        377 3.3858e+02 0.0000e+00
      0.891    23.5142     8.3605     98.457  27.695281     28.539      7.739   235.4980     5.0141     1.5616     0.0206      0.027      0.872      1.265        378 3.3398e+02 0.0000e+00
      0.894    23.5095     8.3455     98.290  27.660788     28.486      7.730   235.8766     5.0182     1.4945     0.0206      0.028      0.876      1.270        379 3.5583e+02 0.0000e+00
      0.893    23.5051     8.3423     98.257  27.688505     28.549      7.725   235.5359     5.0425     1.4676     0.0206      0.025      0.877      1.271        380 3.6866e+02 0.0000e+00
      0.895    23.5050     8.3470     98.308  27.720083     28.551      7.723   235.5737     5.0384     1.4005     0.0206      0.021      0.877      1.272        381 3.6668e+02 0.0000e+00
      0.895    23.5049     8.3400     98.218  27.680785     28.554      7.725   235.8009     5.4509     1.4676     0.0206      0.018      0.877      1.272        382 3.6052e+02 0.0000e+00
      0.893    23.5016     8.3336     98.125  27.589181     28.410      7.731   235.8387     5.5156     1.4542     0.0206      0.013      0.876      1.270        383 3.5701e+02 0.0000e+00
      0.890    23.5003     8.3246     98.008  27.626560     28.496      7.739   235.3466     5.4994     1.4676     0.0206      0.007      0.873      1.267        384 3.7665e+02 0.0000e+00
      0.888    23.5041     8.3221     97.974  27.663914     28.498      7.748   235.1573     5.5317     1.4005     0.0206      0.001      0.871      1.264        385 4.2251e+02 0.0000e+00
      0.887    23.5122     8.3189     97.934  27.690925     28.557      7.755   235.3466     5.5236     1.4408     0.0206     -0.003      0.870      1.262        386 4.1337e+02 0.0000e+00
      0.885    23.5223     8.3237     97.988  27.711529     28.554      7.761   235.0437     4.6098     1.5616     0.0206     -0.005      0.869      1.261        387 3.9530e+02 0.0000e+00
      0.887    23.5298     8.3305     98.060  27.697565     28.550      7.763   235.1573     4.6098     1.5616     0.0206     -0.005      0.871      1.262        388 4.1552e+02 0.0000e+00
      0.892    23.5350     8.3326     98.057  27.708301     28.544      7.764   235.3844     4.5936     1.4810     0.0206     -0.004      0.874      1.267        389 4.7215e+02 0.0000e+00
      0.895    23.5372     8.3325     98.033  27.698164     28.539      7.764   235.4980     4.5855     1.4676     0.0206     -0.001      0.877      1.272        390 4.8078e+02 0.0000e+00
      0.896    23.5354     8.3417     98.138  27.650884     28.479      7.763   235.6116     4.5249     1.4676     0.0206      0.002      0.878      1.273        391 4.2627e+02 0.0000e+00
      0.895    23.5307     8.3478     98.203  27.648553     28.477      7.764   235.3844     4.5734     1.4542     0.0206      0.004      0.878      1.273        392 4.3752e+02 0.0000e+00
      0.895    23.5221     8.3633     98.369  27.701065     28.536      7.766   235.1952     4.5653     1.4273     0.0206      0.005      0.881      1.277        393 4.1567e+02 0.0000e+00
      0.904    23.5157     8.3728     98.449  27.644827     28.481      7.765   235.2330     4.5168     1.4005     0.0206      0.008      0.886      1.285        394 4.2314e+02 0.0000e+00
      0.910    23.5134     8.3695     98.381  27.659249     28.486      7.764   235.8387     4.7068     1.4273     0.0206      0.010      0.890      1.290        395 4.7486e+02 0.0000e+00
      0.906    23.5120     8.3669     98.335  27.683120     28.548      7.752   235.3844     4.7351     1.5348     0.0206      0.010      0.889      1.289        396 4.5047e+02 0.0000e+00
      0.903    23.5110     8.3702     98.374  27.674415     28.491      7.751   235.0816     4.7270     1.5750     0.0206      0.008      0.889      1.289        397 3.9933e+02 0.0000e+00
      0.911    23.5057     8.3810     98.520  27.670083     28.550      7.753   235.1952     4.7068     1.4676     0.0206      0.008      0.894      1.297        398 4.4441e+02 0.0000e+00
      0.921    23.4911     8.3855     98.591  27.599574     28.407      7.752   235.5737     4.7917     1.4542     0.0206      0.011      0.903      1.308        399 4.9371e+02 0.0000e+00
      0.927    23.4793     8.3779     98.506  27.613933     28.496      7.750   236.1416     4.7877     1.3871     0.0206      0.014      0.908      1.316        400 4.2484e+02 0.0000e+00
      0.927    23.4767     8.3750     98.472  27.592925     28.418      7.750   235.9144     4.8039     1.4542     0.0206      0.015      0.909      1.318        401 4.0627e+02 0.0000e+00
      0.927    23.4736     8.3652     98.354  27.625723     28.512      7.751   235.6494     4.7837     1.4408     0.0206      0.013      0.911      1.321        402 3.8809e+02 0.0000e+00
      0.934    23.4648     8.3508     98.167  27.573120     28.426      7.753   235.7252     4.7837     1.5079     0.0206      0.014      0.917      1.330        403 3.8849e+02 0.0000e+00
      0.944    23.4476     8.3401     98.020  27.569452     28.428      7.754   235.6494     4.7230     1.5348     0.0206      0.018      0.926      1.344        404 4.0585e+02 0.0000e+00
      0.956    23.4317     8.3316     97.908  27.630289     28.520      7.756   235.7630     4.7230     1.5348     0.0206      0.022      0.936      1.358        405 3.7035e+02 0.0000e+00
      0.964    23.4240     8.3307     97.903  27.586352     28.444      7.756   235.6494     4.7230     1.5616     0.0206      0.023      0.943      1.369        406 3.6501e+02 0.0000e+00
      0.967    23.4241     8.3355     97.982  27.624137     28.540      7.755   236.2930     4.7230     1.4676     0.0206      0.024      0.948      1.375        407 3.6885e+02 0.0000e+00
      0.969    23.4335     8.3459     98.124  27.583271     28.457      7.761   235.8387     4.7756     1.4542     0.0206      0.025      0.951      1.380        408 3.3994e+02 0.0000e+00
      0.975    23.4434     8.3553     98.250  27.548274     28.458      7.764   235.3087     4.7917     1.5348     0.0206      0.027      0.956      1.388        409 3.3226e+02 0.0000e+00
      0.984    23.4460     8.3701     98.433  27.578751     28.452      7.762   235.8387     4.7917     1.4945     0.0206      0.027      0.961      1.394        410 3.5384e+02 0.0000e+00
      0.980    23.4460     8.3849     98.608  27.574985     28.475      7.757   235.6873     4.7917     1.5482     0.0206      0.023      0.961      1.393        411 3.3812e+02 0.0000e+00
      0.975    23.4442     8.3937     98.704  27.582604     28.445      7.759   235.3844     4.8807     1.3602     0.0206      0.016      0.961      1.393        412 3.1188e+02 0.0000e+00
      0.986    23.4352     8.3886     98.622  27.628560     28.531      7.764   235.9523     4.8928     1.4408     0.0206      0.013      0.967      1.403        413 3.2748e+02 0.0000e+00
      0.999    23.4236     8.3839     98.547  27.577086     28.446      7.762   236.3309     4.8888     1.4810     0.0206      0.014      0.977      1.417        414 3.4300e+02 0.0000e+00
      1.003    23.4168     8.3821     98.519  27.557726     28.451      7.759   236.5959     4.9252     1.5348     0.0206      0.016      0.981      1.423        415 3.3274e+02 0.0000e+00
      0.999    23.4201     8.3751     98.441  27.563718     28.458      7.749   236.3309     4.7351     1.4810     0.0206      0.016      0.979      1.420        416 3.7525e+02 0.0000e+00
      0.992    23.4320     8.3663     98.344  27.569633     28.462      7.740   235.9523     4.6987     1.5213     0.0206      0.012      0.975      1.415        417 4.0514e+02 0.0000e+00
      0.992    23.4431     8.3524     98.184  27.639304     28.546      7.740   235.6873     4.6745     1.4408     0.0206      0.009      0.976      1.416        418 3.5913e+02 0.0000e+00
      1.003    23.4511     8.3320     97.944  27.654889     28.539      7.738   235.9902     4.7392     1.4945     0.0206      0.010      0.982      1.424        419 3.9221e+02 0.0000e+00
      1.009    23.4562     8.3214     97.816  27.639175     28.533      7.737   236.3309     4.6300     1.5348     0.0206      0.010      0.987      1.432        420 4.2304e+02 0.0000e+00
      1.008    23.4567     8.3278     97.886  27.569917     28.442      7.738   236.0659     4.5774     1.3602     0.0206      0.007      0.989      1.435        421 3.8208e+02 0.0000e+00
      1.009    23.4520     8.3399     98.020  27.563196     28.438      7.742   235.8766     4.5936     1.4945     0.0206      0.006      0.992      1.438        422 4.4145e+02 0.0000e+00
      1.017    23.4409     8.3638     98.292  27.647537     28.525      7.744   236.1416     4.5896     1.5213     0.0206      0.009      0.997      1.446        423 4.4132e+02 0.0000e+00
      1.024    23.4301     8.3862     98.544  27.642835     28.527      7.747   236.5580     4.5977     1.4676     0.0206      0.014      1.003      1.455        424 3.5101e+02 0.0000e+00
      1.028    23.4267     8.4132     98.863  27.598697     28.476      7.747   236.9366     4.8484     1.4408     0.0206      0.018      1.007      1.461        425 3.5905e+02 0.0000e+00
