Data/DataNotYetUploadedToEDI/Raw_CTD/RawDownloads/092118_bvr50.cnv
* Sea-Bird SBE19plus  Data File:
* FileName = C:\DATA\092118_bvr_0001.hex
* Software version 2.6.3.104
* Temperature SN = 7809
* Conductivity SN = 7809
* System UpLoad Time = Sep 21 2018 18:25:24
* <ApplicationData>
* <Seaterm232>
# nquan = 17
# nvalues = 1506                        
# units = specified
# name 0 = depFM: Depth [fresh water, m]
# name 1 = tv290C: Temperature [ITS-90, deg C]
# name 2 = sbeox0Mg/L: Oxygen, SBE 43 [mg/l]
# name 3 = sbeox0PS: Oxygen, SBE 43 [% saturation]
# name 4 = c0uS/cm: Conductivity [uS/cm]
# name 5 = specc: Specific Conductance [uS/cm]
# name 6 = ph: pH
# name 7 = orp: Oxidation Reduction Potential [mV]
# name 8 = flECO-AFL: Fluorescence, WET Labs ECO-AFL/FL [mg/m^3]
# name 9 = turbWETntu0: Turbidity, WET Labs ECO [NTU]
# name 10 = sal00: Salinity, Practical [PSU]
# name 11 = dz/dtM: Descent Rate [m/s]
# name 12 = prdM: Pressure, Strain Gauge [db]
# name 13 = prdE: Pressure, Strain Gauge [psi]
# name 14 = scan: Scan Count
# name 15 = par/sat/log: PAR/Logarithmic, Satlantic
# name 16 = flag:  0.000e+00
# span 0 =     -0.595,     10.192       
# span 1 =     8.1259,    30.6701       
# span 2 =     0.0659,     9.3316       
# span 3 =      0.560,    111.437       
# span 4 =   0.984462, 121.531320       
# span 5 =      0.884,    183.426       
# span 6 =      5.994,      8.034       
# span 7 = -1240.7455,   961.9408       
# span 8 =    -0.1860,    14.3388       
# span 9 =    -0.7614,    25.7185       
# span 10 =     0.0137,     0.0846      
# span 11 =     -0.020,      0.196      
# span 12 =     -0.583,      9.995      
# span 13 =     -0.846,     14.496      
# span 14 =          1,       1506      
# span 15 = 1.2300e-01, 1.5475e+03      
# span 16 = 0.0000e+00, 0.0000e+00      
# interval = seconds: 0.25
# start_time = Sep 21 2018 17:31:12 [Instrument's time stamp, header]
# bad_flag = -9.990e-29
*END*
[from data line 681]
      2.214    22.7286     7.6535     88.761  27.181558     28.465      7.550   255.7516     6.7731     1.6556     0.0204      0.023      2.171      3.149        682 1.5109e+02 0.0000e+00
      2.216    22.7343     7.6391     88.583  27.169414     28.464      7.546   256.0545     6.8419     1.6690     0.0204      0.022      2.174      3.153        683 1.5156e+02 0.0000e+00
      2.219    22.7423     7.6351     88.517  27.230212     28.521      7.547   255.7516     6.7772     1.7093     0.0204      0.020      2.176      3.157        684 1.5045e+02 0.0000e+00
      2.222    22.7451     7.6378     88.532  27.224476     28.518      7.545   256.0924     7.0036     1.6422     0.0204      0.018      2.179      3.162        685 1.4978e+02 0.0000e+00
      2.227    22.7409     7.6440     88.597  27.206194     28.483      7.544   256.0166     6.9672     1.6422     0.0204      0.016      2.184      3.168        686 1.4994e+02 0.0000e+00
      2.231    22.7350     7.6463     88.606  27.223316     28.511      7.544   256.3574     6.9955     1.5616     0.0204      0.014      2.188      3.173        687 1.4874e+02 0.0000e+00
      2.234    22.7283     7.6305     88.403  27.232814     28.514      7.542   256.2059     6.9794     1.7362     0.0204      0.014      2.191      3.178        688 1.4746e+02 0.0000e+00
      2.239    22.7239     7.6171     88.231  27.164730     28.459      7.540   256.3952     7.1775     1.6690     0.0204      0.014      2.196      3.184        689 1.4703e+02 0.0000e+00
      2.243    22.7262     7.6058     88.083  27.189466     28.463      7.540   256.4709     7.1775     1.6690     0.0204      0.015      2.201      3.193        690 1.4651e+02 0.0000e+00
      2.252    22.7262     7.5904     87.891  27.202034     28.524      7.540   256.3195     7.1411     1.6690     0.0204      0.017      2.210      3.205        691 1.4490e+02 0.0000e+00
      2.265    22.7209     7.5727     87.678  27.119445     28.376      7.532   256.7359     7.1613     1.6288     0.0203      0.020      2.220      3.220        692 1.4333e+02 0.0000e+00
      2.273    22.7143     7.5512     87.426  27.173663     28.493      7.519   256.3952     7.1654     1.6556     0.0204      0.024      2.229      3.233        693 1.4208e+02 0.0000e+00
      2.282    22.7028     7.5409     87.306  27.193851     28.467      7.510   257.6066     6.8580     1.8705     0.0204      0.027      2.236      3.244        694 1.4091e+02 0.0000e+00
      2.287    22.6935     7.5302     87.172  27.153614     28.471      7.502   257.2281     6.8338     1.7899     0.0204      0.030      2.241      3.251        695 1.4064e+02 0.0000e+00
      2.288    22.6888     7.5271     87.122  27.105158     28.390      7.491   257.5688     6.8297     1.8973     0.0203      0.030      2.244      3.254        696 1.4050e+02 0.0000e+00
      2.289    22.6790     7.5036     86.841  27.076284     28.396      7.480   257.4552     6.8742     1.8705     0.0203      0.028      2.245      3.256        697 1.3948e+02 0.0000e+00
      2.289    22.6672     7.4823     86.589  27.100614     28.398      7.475   257.6445     6.6761     1.6959     0.0203      0.023      2.246      3.257        698 1.3968e+02 0.0000e+00
      2.293    22.6572     7.4688     86.425  27.163819     28.492      7.476   257.2659     6.6599     1.6422     0.0204      0.018      2.249      3.262        699 1.3835e+02 0.0000e+00
      2.300    22.6469     7.4615     86.332  27.116212     28.441      7.481   257.7581     6.6559     1.6690     0.0203      0.014      2.255      3.271        700 1.3679e+02 0.0000e+00
      2.307    22.6386     7.4663     86.381  27.100572     28.417      7.482   258.4395     6.6518     1.6422     0.0203      0.013      2.262      3.281        701 1.3677e+02 0.0000e+00
      2.313    22.6337     7.4792     86.525  27.153640     28.511      7.479   257.3416     6.7448     1.7362     0.0204      0.014      2.267      3.288        702 1.3607e+02 0.0000e+00
      2.315    22.6320     7.4951     86.704  27.109467     28.428      7.476   258.0609     6.7206     1.5885     0.0203      0.015      2.271      3.293        703 1.3516e+02 0.0000e+00
      2.319    22.6308     7.4994     86.750  27.155549     28.519      7.475   257.5309     6.7003     1.7093     0.0204      0.017      2.275      3.300        704 1.3357e+02 0.0000e+00
      2.326    22.6249     7.5074     86.841  27.185229     28.520      7.476   258.4017     6.7529     1.6690     0.0204      0.019      2.281      3.309        705 1.3253e+02 0.0000e+00
      2.334    22.6173     7.5043     86.802  27.161467     28.521      7.477   257.9852     6.7853     1.7496     0.0204      0.021      2.289      3.320        706 1.3154e+02 0.0000e+00
      2.342    22.6119     7.4880     86.609  27.096184     28.437      7.479   258.0231     6.7853     1.7228     0.0203      0.023      2.297      3.332        707 1.2996e+02 0.0000e+00
      2.350    22.6080     7.4633     86.318  27.088602     28.441      7.478   258.0988     6.7812     1.5616     0.0203      0.024      2.308      3.348        708 1.2747e+02 0.0000e+00
      2.369    22.6037     7.4542     86.208  27.081969     28.444      7.474   258.8181     6.8055     1.6422     0.0203      0.028      2.322      3.368        709 1.2512e+02 0.0000e+00
      2.383    22.5984     7.4465     86.113  27.045149     28.388      7.446   258.3259     6.8702     1.6959     0.0203      0.034      2.335      3.387        710 1.2386e+02 0.0000e+00
      2.389    22.5940     7.4418     86.051  27.075137     28.449      7.417   258.3638     6.8580     1.7362     0.0203      0.039      2.343      3.399        711 1.2315e+02 0.0000e+00
      2.397    22.5907     7.4511     86.153  27.044653     28.394      7.405   259.2724     6.8500     1.6825     0.0203      0.041      2.351      3.410        712 1.2175e+02 0.0000e+00
      2.405    22.5879     7.4740     86.414  27.112732     28.484      7.394   258.9317     6.8540     1.6153     0.0203      0.041      2.359      3.421        713 1.2043e+02 0.0000e+00
      2.413    22.5862     7.4912     86.603  27.168288     28.545      7.395   259.2345     6.8338     1.6422     0.0204      0.040      2.368      3.435        714 1.1875e+02 0.0000e+00
      2.427    22.5849     7.5045     86.743  27.094099     28.459      7.407   259.2724     7.0643     1.6690     0.0203      0.040      2.381      3.454        715 1.1603e+02 0.0000e+00
      2.445    22.5827     7.5088     86.775  27.086478     28.460      7.422   259.3102     7.0481     1.6825     0.0203      0.041      2.398      3.478        716 1.1332e+02 0.0000e+00
      2.462    22.5802     7.4980     86.634  27.088836     28.460      7.424   259.5752     7.0319     1.7496     0.0203      0.042      2.414      3.501        717 1.1145e+02 0.0000e+00
      2.476    22.5777     7.4847     86.467  27.031875     28.403      7.430   259.6131     7.0602     1.6556     0.0203      0.046      2.429      3.523        718 1.0925e+02 0.0000e+00
      2.492    22.5745     7.4692     86.278  27.038785     28.405      7.438   259.6131     7.2503     1.8436     0.0203      0.052      2.444      3.544        719 1.0512e+02 0.0000e+00
      2.508    22.5708     7.4487     86.030  27.109884     28.494      7.445   259.6888     7.2260     1.8570     0.0203      0.057      2.459      3.565        720 1.0115e+02 0.0000e+00
      2.521    22.5664     7.4210     85.704  27.091621     28.467      7.443   260.3324     7.2381     1.9242     0.0203      0.059      2.471      3.583        721 9.9255e+01 0.0000e+00
      2.528    22.5630     7.3987     85.442  27.091158     28.469      7.443   260.2188     7.2503     1.8436     0.0203      0.059      2.480      3.596        722 9.9409e+01 0.0000e+00
      2.536    22.5600     7.3842     85.268  27.080816     28.472      7.442   259.9538     7.4444     1.7362     0.0203      0.055      2.488      3.608        723 9.9678e+01 0.0000e+00
      2.546    22.5543     7.3660     85.050  26.985913     28.356      7.445   260.1809     7.4201     1.6959     0.0203      0.050      2.498      3.623        724 9.9355e+01 0.0000e+00
      2.560    22.5459     7.3555     84.933  26.972102     28.358      7.446   260.2567     7.4484     1.6422     0.0203      0.047      2.511      3.641        725 9.8554e+01 0.0000e+00
      2.573    22.5354     7.3552     84.938  27.038713     28.420      7.449   260.0674     7.4120     1.6690     0.0203      0.045      2.524      3.660        726 9.7552e+01 0.0000e+00
      2.586    22.5254     7.3500     84.878  27.110535     28.513      7.447   260.4838     7.3514     1.6825     0.0203      0.044      2.536      3.679        727 9.6176e+01 0.0000e+00
      2.600    22.5176     7.3436     84.819  27.090243     28.490      7.447   261.0895     7.3433     1.6153     0.0203      0.044      2.548      3.697        728 9.4953e+01 0.0000e+00
      2.611    22.5109     7.3391     84.781  27.034326     28.437      7.442   261.2409     7.3675     1.7093     0.0203      0.046      2.559      3.712        729 9.4297e+01 0.0000e+00
      2.620    22.5052     7.3260     84.629  27.031898     28.442      7.443   261.0895     7.3595     1.6019     0.0203      0.047      2.569      3.727        730 9.3385e+01 0.0000e+00
      2.631    22.5009     7.3145     84.489  27.033976     28.446      7.445   261.0138     7.3595     1.6556     0.0203      0.047      2.580      3.743        731 9.2114e+01 0.0000e+00
      2.643    22.4983     7.2965     84.279  27.091035     28.508      7.445   261.0517     7.6021     1.8839     0.0203      0.047      2.592      3.760        732 9.1066e+01 0.0000e+00
      2.656    22.4942     7.2814     84.105  27.109120     28.540      7.442   261.4681     7.6263     1.8839     0.0203      0.046      2.603      3.776        733 9.0284e+01 0.0000e+00
      2.665    22.4897     7.2696     83.952  27.041115     28.454      7.436   261.3167     7.6304     1.8705     0.0203      0.045      2.613      3.791        734 8.9589e+01 0.0000e+00
      2.674    22.4927     7.2699     83.918  27.027439     28.456      7.431   261.7709     7.6304     1.8973     0.0203      0.043      2.621      3.802        735 8.9126e+01 0.0000e+00
      2.680    22.4967     7.2713     83.904  27.037205     28.459      7.428   261.6574     7.7396     1.6422     0.0203      0.041      2.627      3.810        736 8.8794e+01 0.0000e+00
      2.683    22.4977     7.2821     83.999  27.088253     28.516      7.423   261.5817     7.7476     1.5616     0.0203      0.038      2.632      3.817        737 8.8421e+01 0.0000e+00
      2.690    22.5059     7.2911     84.078  27.023202     28.454      7.422   261.5817     7.7557     1.7630     0.0203      0.034      2.638      3.825        738 8.7795e+01 0.0000e+00
      2.696    22.5146     7.2916     84.061  26.999578     28.395      7.422   261.6574     7.7355     1.6422     0.0203      0.031      2.644      3.834        739 8.7276e+01 0.0000e+00
      2.702    22.5143     7.2841     83.957  27.147297     28.596      7.421   261.3167     7.8002     1.7093     0.0204      0.027      2.650      3.843        740 8.6941e+01 0.0000e+00
      2.708    22.5104     7.2619     83.689  27.106173     28.502      7.422   261.4681     7.7962     1.6959     0.0203      0.024      2.657      3.853        741 8.6184e+01 0.0000e+00
      2.717    22.5087     7.2401     83.430  27.021107     28.444      7.422   261.3545     7.7800     1.6959     0.0203      0.024      2.665      3.865        742 8.5506e+01 0.0000e+00
      2.727    22.5089     7.2182     83.171  27.045643     28.446      7.424   261.8467     7.8043     1.6825     0.0203      0.025      2.675      3.880        743 8.4910e+01 0.0000e+00
      2.739    22.4983     7.1905     82.845  27.075640     28.506      7.424   261.8467     8.0469     1.6556     0.0203      0.029      2.685      3.894        744 8.4330e+01 0.0000e+00
      2.746    22.4758     7.1650     82.544  27.043067     28.447      7.416   262.3009     8.0590     1.7093     0.0203      0.031      2.693      3.905        745 8.4213e+01 0.0000e+00
      2.751    22.4562     7.1381     82.224  27.026891     28.453      7.418   262.3388     8.0711     1.7765     0.0203      0.032      2.699      3.914        746 8.4100e+01 0.0000e+00
      2.758    22.4389     7.1113     81.907  27.066131     28.497      7.417   261.9602     8.0550     1.6959     0.0203      0.032      2.707      3.925        747 8.3366e+01 0.0000e+00
      2.771    22.4222     7.0769     81.504  27.023885     28.479      7.414   262.4524     7.9417     1.7228     0.0203      0.034      2.717      3.940        748 8.2526e+01 0.0000e+00
      2.782    22.4084     7.0393     81.061  26.990535     28.430      7.413   262.0738     7.9337     1.6959     0.0203      0.035      2.727      3.954        749 8.2193e+01 0.0000e+00
      2.788    22.3977     7.0041     80.645  27.077995     28.558      7.408   262.4524     7.9256     1.7228     0.0203      0.034      2.734      3.964        750 8.1970e+01 0.0000e+00
      2.793    22.3903     6.9808     80.358  27.092921     28.566      7.406   262.6795     7.9498     1.6959     0.0203      0.033      2.739      3.972        751 8.1931e+01 0.0000e+00
      2.798    22.3850     6.9632     80.133  27.031256     28.514      7.404   262.5659     7.9013     1.6422     0.0203      0.031      2.744      3.980        752 8.1598e+01 0.0000e+00
      2.804    22.3808     6.9506     79.976  27.095450     28.577      7.401   262.5659     8.3097     1.6556     0.0203      0.030      2.751      3.990        753 8.0974e+01 0.0000e+00
      2.815    22.3769     6.9429     79.869  27.101972     28.610      7.404   262.4524     8.3016     1.5885     0.0203      0.030      2.761      4.005        754 8.0256e+01 0.0000e+00
      2.828    22.3719     6.9356     79.755  27.052786     28.524      7.404   262.8688     8.3178     1.7899     0.0203      0.030      2.772      4.021        755 7.9499e+01 0.0000e+00
      2.837    22.3657     6.9286     79.644  27.067727     28.585      7.400   262.7174     8.3097     1.6959     0.0203      0.031      2.781      4.034        756 7.9200e+01 0.0000e+00
      2.842    22.3605     6.9262     79.585  27.053735     28.529      7.396   263.3231     8.1278     1.6959     0.0203      0.031      2.787      4.042        757 7.9139e+01 0.0000e+00
      2.846    22.3559     6.9133     79.406  27.070199     28.592      7.395   263.0202     8.1035     1.6153     0.0203      0.032      2.792      4.049        758 7.8881e+01 0.0000e+00
      2.852    22.3502     6.8971     79.197  27.047240     28.536      7.394   263.2095     8.1156     1.7362     0.0203      0.031      2.798      4.058        759 7.8447e+01 0.0000e+00
      2.862    22.3432     6.8806     78.998  27.052665     28.569      7.395   262.9067     8.1237     1.7899     0.0203      0.031      2.807      4.071        760 7.7580e+01 0.0000e+00
      2.873    22.3304     6.8563     78.715  27.033805     28.543      7.394   263.0581     8.0631     1.9242     0.0203      0.031      2.816      4.085        761 7.6905e+01 0.0000e+00
      2.881    22.3160     6.8114     78.186  26.981778     28.488      7.389   263.3610     8.0469     1.8436     0.0203      0.030      2.824      4.097        762 7.6944e+01 0.0000e+00
      2.886    22.3081     6.7512     77.473  27.028479     28.554      7.388   263.5502     8.0186     1.8705     0.0203      0.029      2.830      4.105        763 7.6695e+01 0.0000e+00
      2.890    22.2963     6.6818     76.649  27.034981     28.563      7.383   263.5881     8.0711     1.8705     0.0203      0.028      2.835      4.111        764 7.6364e+01 0.0000e+00
      2.894    22.2769     6.6144     75.854  27.032981     28.568      7.382   263.7017     7.8730     1.6153     0.0203      0.028      2.840      4.119        765 7.5924e+01 0.0000e+00
