Data/DataNotYetUploadedToEDI/Raw_CTD/RawDownloads/092118_bvr50.cnv
* Sea-Bird SBE19plus  Data File:
* FileName = C:\DATA\092118_bvr_0001.hex
* Software version 2.6.3.104
* Temperature SN = 7809
* Conductivity SN = 7809
* System UpLoad Time = Sep 21 2018 18:25:24
* <ApplicationData>
* <Seaterm232>
# nquan = 17
# nvalues = 1506                        
# units = specified
# name 0 = depFM: Depth [fresh water, m]
# name 1 = tv290C: Temperature [ITS-90, deg C]
# name 2 = sbeox0Mg/L: Oxygen, SBE 43 [mg/l]
# name 3 = sbeox0PS: Oxygen, SBE 43 [% saturation]
# name 4 = c0uS/cm: Conductivity [uS/cm]
# name 5 = specc: Specific Conductance [uS/cm]
# name 6 = ph: pH
# name 7 = orp: Oxidation Reduction Potential [mV]
# name 8 = flECO-AFL: Fluorescence, WET Labs ECO-AFL/FL [mg/m^3]
# name 9 = turbWETntu0: Turbidity, WET Labs ECO [NTU]
# name 10 = sal00: Salinity, Practical [PSU]
# name 11 = dz/dtM: Descent Rate [m/s]
# name 12 = prdM: Pressure, Strain Gauge [db]
# name 13 = prdE: Pressure, Strain Gauge [psi]
# name 14 = scan: Scan Count
# name 15 = par/sat/log: PAR/Logarithmic, Satlantic
# name 16 = flag:  0.000e+00
# span 0 =     -0.595,     10.192       
# span 1 =     8.1259,    30.6701       
# span 2 =     0.0659,     9.3316       
# span 3 =      0.560,    111.437       
# span 4 =   0.984462, 121.531320       
# span 5 =      0.884,    183.426       
# span 6 =      5.994,      8.034       
# span 7 = -1240.7455,   961.9408       
# span 8 =    -0.1860,    14.3388       
# span 9 =    -0.7614,    25.7185       
# span 10 =     0.0137,     0.0846      
# span 11 =     -0.020,      0.196      
# span 12 =     -0.583,      9.995      
# span 13 =     -0.846,     14.496      
# span 14 =          1,       1506      
# span 15 = 1.2300e-01, 1.5475e+03      
# span 16 = 0.0000e+00, 0.0000e+00      
# interval = seconds: 0.25
# start_time = Sep 21 2018 17:31:12 [Instrument's time stamp, header]
# bad_flag = -9.990e-29
*END*
[from data line 766]
      2.915    22.2365     6.4999     74.510  27.007841     28.557      7.378   264.0045     7.8649     1.6690     0.0203      0.028      2.858      4.145        767 7.4642e+01 0.0000e+00
      2.924    22.2158     6.4439     73.852  27.032129     28.599      7.375   263.9667     7.8730     1.6288     0.0203      0.028      2.867      4.157        768 7.4205e+01 0.0000e+00
      2.930    22.2006     6.3891     73.209  27.030398     28.611      7.368   264.0045     7.7396     1.6422     0.0203      0.028      2.873      4.167        769 7.4133e+01 0.0000e+00
      2.934    22.1949     6.3454     72.696  27.039648     28.624      7.367   264.0424     7.7517     1.6825     0.0203      0.028      2.878      4.174        770 7.4045e+01 0.0000e+00
      2.940    22.1921     6.3086     72.266  27.079916     28.692      7.364   264.0424     7.7355     1.6019     0.0203      0.029      2.884      4.182        771 7.3565e+01 0.0000e+00
      2.948    22.1833     6.2804     71.938  27.039581     28.637      7.364   263.9667     7.7153     1.6825     0.0203      0.029      2.891      4.193        772 7.2929e+01 0.0000e+00
      2.957    22.1677     6.2573     71.670  27.030556     28.638      7.359   264.0045     7.7436     1.6288     0.0203      0.029      2.900      4.206        773 7.2419e+01 0.0000e+00
      2.967    22.1495     6.2406     71.475  27.061505     28.673      7.359   264.5724     7.9903     1.6153     0.0203      0.029      2.909      4.218        774 7.2217e+01 0.0000e+00
      2.973    22.1342     6.2230     71.261  27.030714     28.653      7.351   264.4210     7.9903     1.7228     0.0203      0.028      2.915      4.228        775 7.2027e+01 0.0000e+00
      2.977    22.1229     6.2251     71.269  27.039234     28.664      7.352   264.5345     7.9862     1.6288     0.0203      0.028      2.920      4.235        776 7.1923e+01 0.0000e+00
      2.981    22.1132     6.2224     71.221  27.021263     28.673      7.347   264.7617     7.9862     1.7093     0.0203      0.027      2.924      4.241        777 7.1732e+01 0.0000e+00
      2.987    22.1019     6.2220     71.208  26.993793     28.621      7.347   264.6481     8.2086     1.6288     0.0203      0.027      2.929      4.248        778 7.1354e+01 0.0000e+00
      2.992    22.0905     6.2155     71.131  27.014133     28.686      7.345   264.8374     8.1763     1.6690     0.0203      0.025      2.934      4.255        779 7.1286e+01 0.0000e+00
      2.995    22.0824     6.1969     70.913  27.055246     28.693      7.339   264.9131     8.1844     1.6959     0.0203      0.022      2.937      4.260        780 7.1273e+01 0.0000e+00
      2.997    22.0767     6.1814     70.726  27.090861     28.789      7.337   265.1024     8.1844     1.6690     0.0203      0.019      2.939      4.263        781 7.1208e+01 0.0000e+00
      2.998    22.0723     6.1663     70.537  26.999460     28.646      7.334   265.0645     8.1318     1.7362     0.0203      0.016      2.940      4.264        782 7.1202e+01 0.0000e+00
      2.999    22.0699     6.1543     70.378  26.961476     28.649      7.327   265.1781     8.1439     1.6690     0.0203      0.013      2.941      4.266        783 7.1213e+01 0.0000e+00
      3.001    22.0667     6.1467     70.271  26.989906     28.652      7.329   264.9131     8.0914     1.6153     0.0203      0.011      2.944      4.270        784 7.0981e+01 0.0000e+00
      3.006    22.0586     6.1388     70.162  27.023374     28.713      7.326   265.2160     8.1035     1.6556     0.0203      0.010      2.949      4.277        785 7.0412e+01 0.0000e+00
      3.013    22.0462     6.1262     69.999  27.038410     28.714      7.325   265.1781     8.0226     1.6422     0.0203      0.011      2.956      4.287        786 6.9918e+01 0.0000e+00
      3.022    22.0342     6.1149     69.850  27.000840     28.690      7.321   265.4810     8.0024     1.7899     0.0203      0.013      2.963      4.298        787 6.9648e+01 0.0000e+00
      3.029    22.0279     6.1048     69.717  26.981195     28.668      7.319   265.5567     7.9984     1.6825     0.0203      0.016      2.970      4.309        788 6.9168e+01 0.0000e+00
      3.037    22.0259     6.0961     69.598  27.033216     28.734      7.319   265.4810     7.9660     1.7093     0.0203      0.020      2.978      4.321        789 6.8425e+01 0.0000e+00
      3.047    22.0223     6.0775     69.369  27.025041     28.738      7.315   265.7081     7.8002     1.7093     0.0203      0.025      2.987      4.332        790 6.8064e+01 0.0000e+00
      3.053    22.0154     6.0586     69.140  26.991373     28.680      7.309   265.5945     7.8002     1.7093     0.0203      0.028      2.994      4.342        791 6.7816e+01 0.0000e+00
      3.058    22.0031     6.0218     68.710  27.015825     28.742      7.304   265.4052     7.7921     1.6422     0.0203      0.030      2.999      4.350        792 6.7339e+01 0.0000e+00
      3.063    21.9871     5.9753     68.174  26.994611     28.686      7.305   265.8217     7.7638     1.6825     0.0203      0.029      3.004      4.357        793 6.7068e+01 0.0000e+00
      3.069    21.9725     5.9160     67.500  27.047423     28.783      7.299   266.1245     7.7921     1.7093     0.0203      0.027      3.010      4.365        794 6.6788e+01 0.0000e+00
      3.075    21.9586     5.8543     66.803  27.039043     28.763      7.296   266.0488     7.9781     1.7362     0.0203      0.026      3.016      4.374        795 6.6283e+01 0.0000e+00
      3.082    21.9441     5.7861     66.028  26.975399     28.713      7.292   266.2760     7.9903     1.7765     0.0202      0.025      3.022      4.384        796 6.5748e+01 0.0000e+00
      3.090    21.9302     5.7335     65.432  26.978405     28.721      7.290   266.1245     8.0024     1.6825     0.0202      0.024      3.030      4.394        797 6.5365e+01 0.0000e+00
      3.097    21.9169     5.6889     64.928  27.035308     28.790      7.284   266.4652     8.0105     1.6422     0.0203      0.024      3.036      4.404        798 6.5062e+01 0.0000e+00
      3.101    21.9026     5.6607     64.607  27.082463     28.858      7.279   266.5410     8.0428     1.9376     0.0203      0.025      3.041      4.411        799 6.4756e+01 0.0000e+00
      3.106    21.8892     5.6379     64.345  27.097599     28.866      7.276   266.3517     8.0590     1.9510     0.0203      0.025      3.046      4.417        800 6.4533e+01 0.0000e+00
      3.111    21.8793     5.6398     64.361  27.105412     28.904      7.272   266.3895     8.0631     1.9376     0.0203      0.024      3.052      4.426        801 6.4146e+01 0.0000e+00
      3.119    21.8724     5.6413     64.370  27.043100     28.823      7.269   266.3517     8.0388     1.8167     0.0203      0.024      3.059      4.437        802 6.3549e+01 0.0000e+00
      3.129    21.8685     5.6520     64.472  27.026924     28.829      7.266   266.7681     8.2571     1.8705     0.0203      0.025      3.069      4.452        803 6.2663e+01 0.0000e+00
      3.142    21.8698     5.6623     64.553  27.036611     28.834      7.258   267.3360     8.2450     1.9645     0.0203      0.027      3.079      4.467        804 6.1974e+01 0.0000e+00
      3.151    21.8747     5.6786     64.698  27.031046     28.836      7.250   267.1467     8.2369     1.9242     0.0203      0.029      3.088      4.480        805 6.1805e+01 0.0000e+00
      3.155    21.8781     5.6811     64.691  26.974559     28.776      7.246   267.1088     8.2450     1.9645     0.0202      0.031      3.094      4.488        806 6.1640e+01 0.0000e+00
      3.160    21.8811     5.6864     64.723  27.047618     28.832      7.239   267.0331     8.2248     2.1390     0.0203      0.032      3.099      4.495        807 6.1284e+01 0.0000e+00
      3.167    21.8847     5.6752     64.575  27.147642     28.979      7.237   266.8817     8.2369     2.0047     0.0203      0.032      3.106      4.506        808 6.0652e+01 0.0000e+00
      3.178    21.8860     5.6449     64.226  27.057598     28.828      7.231   267.2602     8.2693     2.1122     0.0203      0.032      3.116      4.520        809 5.9914e+01 0.0000e+00
      3.189    21.8844     5.6110     63.832  27.070740     28.886      7.224   267.4874     8.2531     2.0719     0.0203      0.032      3.126      4.534        810 5.9499e+01 0.0000e+00
      3.196    21.8800     5.5650     63.291  27.042351     28.825      7.220   267.1845     8.2976     1.7899     0.0203      0.031      3.134      4.545        811 5.9260e+01 0.0000e+00
      3.202    21.8730     5.5175     62.734  27.033637     28.826      7.215   267.4495     8.3057     1.8302     0.0203      0.030      3.140      4.555        812 5.8962e+01 0.0000e+00
      3.209    21.8571     5.4709     62.185  27.081584     28.889      7.211   267.4874     8.3340     1.8705     0.0203      0.031      3.149      4.568        813 5.8253e+01 0.0000e+00
      3.223    21.8284     5.4267     61.670  27.041973     28.833      7.207   267.8281     8.3178     1.8436     0.0203      0.033      3.161      4.585        814 5.7383e+01 0.0000e+00
      3.236    21.7953     5.3869     61.219  27.053288     28.873      7.200   268.2445     8.2693     1.8167     0.0203      0.036      3.173      4.601        815 5.6747e+01 0.0000e+00
      3.246    21.7667     5.3394     60.684  27.037863     28.861      7.193   268.2067     8.3663     1.5750     0.0203      0.038      3.183      4.616        816 5.6285e+01 0.0000e+00
      3.254    21.7435     5.3054     60.295  27.031536     28.881      7.187   268.5474     8.3502     1.6288     0.0203      0.038      3.191      4.629        817 5.5881e+01 0.0000e+00
      3.262    21.7281     5.2696     59.878  27.031530     28.899      7.180   268.3960     8.3704     1.6422     0.0203      0.038      3.200      4.641        818 5.5208e+01 0.0000e+00
      3.274    21.7242     5.2379     59.507  27.037880     28.913      7.173   268.4717     8.3623     1.6556     0.0203      0.040      3.210      4.656        819 5.4714e+01 0.0000e+00
      3.284    21.7176     5.2129     59.221  27.082933     28.983      7.170   268.5853     8.0711     1.7093     0.0203      0.040      3.220      4.670        820 5.4223e+01 0.0000e+00
      3.292    21.7033     5.1932     59.009  27.064406     28.955      7.162   268.7367     8.1035     1.6690     0.0203      0.040      3.229      4.683        821 5.3771e+01 0.0000e+00
      3.300    21.6888     5.1732     58.785  27.031293     28.929      7.156   268.8881     8.1399     1.7362     0.0203      0.037      3.237      4.694        822 5.3392e+01 0.0000e+00
      3.309    21.6736     5.1514     58.524  27.035206     28.938      7.154   269.0017     8.1237     1.7630     0.0203      0.036      3.245      4.707        823 5.2757e+01 0.0000e+00
      3.319    21.6636     5.1458     58.460  27.029896     28.947      7.146   269.1153     7.9579     1.6556     0.0203      0.036      3.254      4.719        824 5.2393e+01 0.0000e+00
      3.325    21.6637     5.1406     58.404  27.037908     28.957      7.139   269.3045     7.9984     1.6690     0.0203      0.035      3.260      4.728        825 5.2200e+01 0.0000e+00
      3.329    21.6681     5.1381     58.380  27.084531     29.023      7.132   269.1910     8.0024     1.7228     0.0203      0.033      3.264      4.734        826 5.2043e+01 0.0000e+00
      3.332    21.6659     5.1420     58.411  27.090458     29.023      7.129   269.8724     8.0267     1.7362     0.0203      0.030      3.267      4.738        827 5.1987e+01 0.0000e+00
      3.333    21.6569     5.1388     58.359  27.060178     28.990      7.120   269.4560     7.9175     1.7362     0.0203      0.025      3.268      4.741        828 5.1934e+01 0.0000e+00
      3.334    21.6477     5.1364     58.335  27.033277     28.961      7.117   269.7588     7.9296     1.6959     0.0203      0.021      3.268      4.741        829 5.2049e+01 0.0000e+00
      3.332    21.6459     5.1360     58.359  27.034999     28.967      7.106   269.6074     7.9175     1.5885     0.0203      0.016      3.268      4.741        830 5.2071e+01 0.0000e+00
      3.332    21.6561     5.1373     58.398  27.028392     28.972      7.099   269.6831     7.8973     1.7093     0.0203      0.010      3.270      4.742        831 5.1845e+01 0.0000e+00
      3.337    21.6581     5.1337     58.363  27.041502     28.974      7.097   269.9860     7.8649     1.6690     0.0203      0.007      3.275      4.750        832 5.1444e+01 0.0000e+00
      3.349    21.6487     5.1275     58.287  27.077975     29.027      7.095   270.4403     7.8487     1.6422     0.0203      0.008      3.283      4.761        833 5.1036e+01 0.0000e+00
      3.355    21.6464     5.1168     58.159  27.101582     29.026      7.086   269.8345     7.8609     1.6556     0.0203      0.010      3.288      4.769        834 5.0980e+01 0.0000e+00
      3.356    21.6511     5.1106     58.065  27.101061     29.062      7.084   269.8724     7.8568     1.6422     0.0203      0.013      3.291      4.774        835 5.0947e+01 0.0000e+00
      3.359    21.6534     5.1046     57.942  27.048981     28.973      7.081   270.2510     7.8568     1.6422     0.0203      0.015      3.294      4.778        836 5.0841e+01 0.0000e+00
      3.362    21.6424     5.0960     57.805  27.077458     29.031      7.078   270.0995     7.9256     1.8839     0.0203      0.017      3.297      4.783        837 5.0654e+01 0.0000e+00
      3.367    21.6279     5.0843     57.660  27.095265     29.028      7.076   270.4403     7.9094     1.8705     0.0203      0.018      3.302      4.789        838 5.0478e+01 0.0000e+00
      3.373    21.6318     5.0693     57.483  27.086110     29.036      7.072   270.4403     7.8973     1.7630     0.0203      0.019      3.307      4.796        839 5.0302e+01 0.0000e+00
      3.377    21.6558     5.0556     57.324  27.088855     29.045      7.074   270.2510     7.9498     1.9645     0.0203      0.017      3.313      4.804        840 5.0025e+01 0.0000e+00
      3.384    21.6777     5.0337     57.074  27.091854     29.043      7.069   270.8945     7.7517     1.6422     0.0203      0.016      3.319      4.814        841 4.9817e+01 0.0000e+00
      3.392    21.6829     5.0163     56.878  27.112022     29.057      7.069   270.5160     7.7315     1.6422     0.0203      0.018      3.327      4.825        842 4.9468e+01 0.0000e+00
      3.401    21.6782     4.9799     56.467  27.093396     29.013      7.065   270.6295     7.7153     1.6153     0.0203      0.022      3.334      4.836        843 4.9143e+01 0.0000e+00
      3.407    21.6725     4.9541     56.173  27.085382     29.010      7.061   270.5917     7.7355     1.6690     0.0203      0.024      3.341      4.845        844 4.8980e+01 0.0000e+00
      3.413    21.6503     4.9366     55.974  27.092346     29.013      7.059   270.6295     7.5333     1.7228     0.0203      0.025      3.348      4.855        845 4.8606e+01 0.0000e+00
      3.422    21.6030     4.9255     55.850  27.084730     29.017      7.056   270.5917     7.5333     1.6959     0.0203      0.027      3.358      4.869        846 4.8002e+01 0.0000e+00
      3.436    21.5681     4.9078     55.651  27.094864     29.030      7.052   270.8188     7.5252     1.6825     0.0203      0.030      3.369      4.886        847 4.7602e+01 0.0000e+00
      3.447    21.5565     4.9071     55.629  27.168680     29.151      7.049   271.1595     7.5455     1.5885     0.0203      0.033      3.379      4.901        848 4.7324e+01 0.0000e+00
      3.454    21.5505     4.9143     55.668  27.170756     29.172      7.045   271.3110     7.2260     1.8705     0.0203      0.035      3.387      4.912        849 4.7142e+01 0.0000e+00
      3.459    21.5468     4.9192     55.672  27.092294     29.089      7.038   271.2353     7.2220     1.8705     0.0203      0.035      3.392      4.920        850 4.7020e+01 0.0000e+00
      3.463    21.5454     4.9237     55.683  27.088456     29.093      7.037   271.3867     7.2301     1.8436     0.0203      0.034      3.397      4.926        851 4.6845e+01 0.0000e+00
