Data/DataNotYetUploadedToEDI/Raw_CTD/RawDownloads/092120_fcr50.cnv
* Sea-Bird SBE19plus  Data File:
* FileName = C:\DATA\20200921_fcr_50_0001.hex
* Software version 2.8.0.119
* Temperature SN = 7809
* Conductivity SN = 7809
* System UpLoad Time = Sep 21 2020 16:58:39
* <ApplicationData>
* <Seaterm232>
# nquan = 15
# nvalues = 4710                        
# units = specified
# name 0 = depFM: Depth [fresh water, m]
# name 1 = dz/dtM: Descent Rate [m/s]
# name 2 = sbeox0Mg/L: Oxygen, SBE 43 [mg/l]
# name 3 = sbeox0PS: Oxygen, SBE 43 [% saturation]
# name 4 = specc: Specific Conductance [uS/cm]
# name 5 = c0uS/cm: Conductivity [uS/cm]
# name 6 = flECO-AFL: Fluorescence, WET Labs ECO-AFL/FL [mg/m^3]
# name 7 = ph: pH
# name 8 = orp: Oxidation Reduction Potential [mV]
# name 9 = par/sat/log: PAR/Logarithmic, Satlantic
# name 10 = turbWETntu0: Turbidity, WET Labs ECO [NTU]
# name 11 = prdM: Pressure, Strain Gauge [db]
# name 12 = prdE: Pressure, Strain Gauge [psi]
# name 13 = tv290C: Temperature [ITS-90, deg C]
# name 14 = flag:  0.000e+00
# span 0 =     -0.523,      9.692       
# span 1 =     -0.198,      0.928       
# span 2 =     0.0319,    10.5675       
# span 3 =      0.411,    104.689       
# span 4 =      0.578,    232.390       
# span 5 =   0.412606, 171.126969       
# span 6 =    -1.0289,   260.4037       
# span 7 =     15.445,     15.842       
# span 8 = -1240.7455,  1207.4642       
# span 9 = 1.2356e-01, 1.3681e+03       
# span 10 =   -11.8225,   413.7391      
# span 11 =     -0.513,      9.505      
# span 12 =     -0.744,     13.786      
# span 13 =    10.6699,    18.5614      
# span 14 = 0.0000e+00, 0.0000e+00      
# interval = seconds: 0.25
# start_time = Sep 20 2020 20:17:16 [Instrument's time stamp, header]
# bad_flag = -9.990e-29
*END*
[from data line 193]
      0.363      0.034     7.4592     79.549     36.946  32.179664     2.6658     15.473   172.5162 2.5432e+02    12.2437      0.357      0.517    18.5313 0.0000e+00
      0.372      0.034     7.4498     79.609     36.976  32.206905     2.6675     15.473   172.8268 2.5137e+02    12.3439      0.366      0.531    18.5341 0.0000e+00
      0.379      0.032     7.4453     79.689     36.962  32.196684     2.6562     15.473   173.0644 2.3467e+02    12.2890      0.371      0.538    18.5414 0.0000e+00
      0.388      0.029     7.4412     79.762     36.945  32.182969     2.6724     15.474   173.2387 2.2117e+02    12.1632      0.380      0.551    18.5438 0.0000e+00
      0.397      0.027     7.4465     79.795     36.929  32.167979     2.7213     15.475   173.5578 2.1594e+02    12.0249      0.390      0.565    18.5443 0.0000e+00
      0.403      0.026     7.4508     79.825     36.901  32.142341     2.7314     15.475   174.0831 2.1064e+02    11.9213      0.396      0.575    18.5470 0.0000e+00
      0.408      0.027     7.4588     79.872     36.884  32.126759     2.7185     15.475   173.9973 2.0843e+02    11.8370      0.400      0.582    18.5491 0.0000e+00
      0.411      0.029     7.4683     79.894     36.860  32.106466     2.7370     15.475   174.0694 2.0545e+02    11.8649      0.402      0.583    18.5510 0.0000e+00
      0.418      0.032     7.4685     79.882     36.836  32.087319     2.7738     15.475   174.7827 1.9716e+02    11.9829      0.407      0.591    18.5505 0.0000e+00
      0.428      0.037     7.4708     79.864     36.831  32.085599     2.8010     15.475   175.0502 1.9036e+02    12.0629      0.421      0.610    18.5464 0.0000e+00
      0.439      0.043     7.4780     79.847     36.829  32.085673     2.7997     15.475   175.3238 1.8450e+02    12.1108      0.430      0.624    18.5447 0.0000e+00
      0.451      0.048     7.4803     79.836     36.831  32.088220     2.7963     15.476   175.5968 1.7608e+02    12.2193      0.441      0.641    18.5476 0.0000e+00
      0.465      0.050     7.4763     79.821     36.862  32.116386     2.8165     15.476   175.5112 1.6819e+02    12.4132      0.458      0.664    18.5502 0.0000e+00
      0.479      0.049     7.4749     79.757     36.925  32.172437     2.8344     15.476   175.7517 1.6101e+02    12.5327      0.468      0.679    18.5528 0.0000e+00
      0.493      0.047     7.4730     79.687     36.950  32.194912     2.8505     15.477   176.2682 1.5355e+02    12.5659      0.483      0.701    18.5561 0.0000e+00
      0.506      0.044     7.4703     79.684     36.953  32.197797     2.8675     15.477   177.0237 1.4780e+02    12.5741      0.498      0.724    18.5584 0.0000e+00
      0.516      0.042     7.4728     79.723     36.965  32.207316     2.8491     15.477   177.7447 1.4258e+02    12.3905      0.506      0.734    18.5596 0.0000e+00
      0.526      0.039     7.4643     79.763     36.937  32.183106     2.8091     15.477   177.7585 1.3831e+02    12.0634      0.516      0.749    18.5608 0.0000e+00
      0.534      0.036     7.4530     79.793     36.910  32.158864     2.7942     15.477   177.6213 1.3565e+02    11.8808      0.524      0.760    18.5614 0.0000e+00
      0.542      0.033     7.4559     79.817     36.921  32.167997     2.8028     15.477   177.8921 1.3121e+02    11.7959      0.529      0.768    18.5610 0.0000e+00
      0.553      0.030     7.4607     79.846     36.921  32.166645     2.7894     15.477   178.7097 1.2648e+02    11.5181      0.543      0.788    18.5606 0.0000e+00
      0.562      0.027     7.4646     79.880     36.895  32.142516     2.7374     15.477   179.4188 1.2462e+02    11.0963      0.553      0.803    18.5601 0.0000e+00
      0.567      0.025     7.4675     79.887     36.883  32.130036     2.7078     15.477   179.4110 1.2320e+02    10.8850      0.555      0.805    18.5599 0.0000e+00
      0.571      0.024     7.4693     79.874     36.900  32.142641     2.7181     15.478   179.3033 1.2063e+02    10.8865      0.560      0.811    18.5594 0.0000e+00
      0.576      0.025     7.4716     79.873     36.931  32.168023     2.7082     15.478   179.4938 1.1891e+02    10.9767      0.566      0.821    18.5579 0.0000e+00
      0.581      0.030     7.4775     79.870     36.949  32.183133     2.6648     15.477   180.1651 1.1806e+02    11.0822      0.569      0.825    18.5555 0.0000e+00
      0.586      0.037     7.4784     79.857     36.965  32.198452     2.6417     15.477   180.7094 1.1542e+02    11.0980      0.573      0.831    18.5518 0.0000e+00
      0.596      0.044     7.4751     79.840     36.995  32.226346     2.6575     15.477   180.6537 1.0973e+02    11.1338      0.583      0.846    18.5482 0.0000e+00
      0.611      0.052     7.4771     79.804     37.039  32.266614     2.7228     15.478   180.7825 1.0328e+02    11.3778      0.598      0.868    18.5459 0.0000e+00
      0.627      0.058     7.4774     79.779     37.083  32.304654     2.8114     15.478   181.3197 9.8521e+01    11.7470      0.615      0.892    18.5449 0.0000e+00
      0.644      0.061     7.4743     79.799     37.085  32.305596     2.8419     15.478   181.4705 9.5191e+01    11.9244      0.633      0.917    18.5471 0.0000e+00
      0.659      0.061     7.4745     79.847     37.056  32.277999     2.8436     15.478   181.2290 9.0898e+01    11.9436      0.645      0.935    18.5511 0.0000e+00
      0.677      0.058     7.4691     79.913     36.996  32.224764     2.8610     15.479   181.2402 8.5620e+01    11.9790      0.663      0.962    18.5539 0.0000e+00
      0.696      0.055     7.4637     79.974     36.934  32.169513     2.8701     15.479   181.3473 8.2473e+01    12.0092      0.686      0.996    18.5549 0.0000e+00
      0.707      0.052     7.4689     79.990     36.876  32.117541     2.8677     15.479   181.7501 8.0863e+01    11.9654      0.695      1.009    18.5524 0.0000e+00
      0.715      0.050     7.4729     79.944     36.788  32.040500     2.8608     15.478   182.3239 7.8079e+01    11.8611      0.697      1.011    18.5478 0.0000e+00
      0.727      0.048     7.4805     79.857     36.740  31.999361     2.8528     15.478   182.5208 7.4777e+01    11.7791      0.712      1.033    18.5459 0.0000e+00
      0.740      0.046     7.4881     79.774     36.737  32.000817     2.8385     15.478   182.6682 7.2229e+01    11.5920      0.726      1.054    18.5459 0.0000e+00
      0.753      0.046     7.4902     79.734     36.725  31.994657     2.8211     15.478   182.9874 6.9656e+01    11.3152      0.737      1.069    18.5441 0.0000e+00
      0.768      0.045     7.4859     79.728     36.715  31.988334     2.8146     15.478   183.2829 6.7283e+01    11.1782      0.755      1.094    18.5407 0.0000e+00
      0.779      0.044     7.4756     79.709     36.714  31.987821     2.8077     15.478   183.4888 6.5718e+01    11.1374      0.766      1.111    18.5424 0.0000e+00
      0.787      0.041     7.4654     79.689     36.715  31.988455     2.8329     15.479   183.6689 6.4413e+01    11.1313      0.771      1.118    18.5499 0.0000e+00
      0.795      0.039     7.4601     79.691     36.723  31.996001     2.8999     15.480   183.6536 6.2708e+01    11.1731      0.778      1.129    18.5558 0.0000e+00
      0.807      0.039     7.4629     79.691     36.746  32.015611     2.9409     15.479   183.9062 6.0842e+01    11.1958      0.792      1.149    18.5586 0.0000e+00
      0.817      0.042     7.4596     79.670     36.770  32.035222     2.9467     15.479   184.4857 5.9290e+01    11.2003      0.802      1.163    18.5591 0.0000e+00
      0.825      0.045     7.4557     79.626     36.784  32.042768     2.9509     15.479   184.5519 5.7895e+01    11.3991      0.810      1.174    18.5595 0.0000e+00
      0.834      0.046     7.4583     79.558     36.789  32.043393     2.9733     15.480   184.5348 5.5926e+01    11.8140      0.816      1.183    18.5599 0.0000e+00
      0.848      0.044     7.4584     79.474     36.790  32.042778     2.9977     15.480   185.0526 5.3053e+01    12.0634      0.828      1.202    18.5595 0.0000e+00
      0.867      0.040     7.4567     79.416     36.780  32.035338     2.9982     15.480   185.4781 5.0930e+01    12.0791      0.855      1.239    18.5584 0.0000e+00
      0.879      0.035     7.4532     79.389     36.757  32.016882     2.9786     15.481   185.5506 4.9948e+01    11.8321      0.866      1.254    18.5519 0.0000e+00
      0.885      0.029     7.4489     79.356     36.747  32.009962     2.9429     15.481   185.4126 4.9219e+01    11.3784      0.867      1.257    18.5440 0.0000e+00
      0.889      0.024     7.4385     79.336     36.752  32.015115     2.9194     15.481   185.2720 4.8787e+01    11.1586      0.873      1.266    18.5437 0.0000e+00
      0.892      0.021     7.4321     79.359     36.752  32.015748     2.9236     15.480   185.3139 4.8505e+01    11.1666      0.875      1.269    18.5459 0.0000e+00
      0.893      0.022     7.4325     79.376     36.755  32.017610     2.9458     15.480   185.5748 4.8166e+01    11.3372      0.876      1.271    18.5474 0.0000e+00
      0.897      0.025     7.4274     79.357     36.779  32.037635     2.9777     15.481   186.3615 4.7337e+01    11.6420      0.879      1.273    18.5503 0.0000e+00
      0.906      0.028     7.4231     79.343     36.815  32.067522     2.9856     15.481   187.2543 4.5995e+01    11.7961      0.888      1.287    18.5521 0.0000e+00
      0.917      0.031     7.4280     79.334     36.810  32.061745     2.9827     15.481   187.5933 4.4986e+01    11.8280      0.901      1.308    18.5520 0.0000e+00
      0.927      0.033     7.4322     79.323     36.776  32.031225     2.9908     15.481   187.2775 4.4140e+01    11.8212      0.909      1.318    18.5508 0.0000e+00
      0.934      0.035     7.4263     79.323     36.758  32.015727     3.0265     15.481   187.0500 4.3122e+01    11.7826      0.916      1.329    18.5496 0.0000e+00
      0.942      0.037     7.4272     79.339     36.742  32.001262     3.1087     15.482   187.1646 4.2122e+01    11.8076      0.924      1.339    18.5473 0.0000e+00
      0.950      0.038     7.4267     79.373     36.722  31.983221     3.1653     15.482   187.2001 4.1137e+01    11.8486      0.933      1.352    18.5451 0.0000e+00
      0.960      0.038     7.4248     79.424     36.731  31.987929     3.1674     15.482   187.5663 3.9943e+01    11.8667      0.940      1.363    18.5448 0.0000e+00
      0.971      0.037     7.4249     79.466     36.742  31.994736     3.1528     15.482   187.9791 3.8449e+01    11.9231      0.951      1.380    18.5446 0.0000e+00
      0.984      0.036     7.4266     79.473     36.752  32.002071     3.1315     15.482   188.2326 3.7290e+01    11.9810      0.969      1.404    18.5449 0.0000e+00
      0.994      0.033     7.4294     79.455     36.766  32.013181     3.1201     15.482   188.6517 3.6627e+01    12.0176      0.976      1.415    18.5444 0.0000e+00
      1.000      0.029     7.4355     79.423     36.752  32.002174     3.1204     15.482   189.0889 3.6029e+01    12.0562      0.981      1.422    18.5404 0.0000e+00
      1.006      0.024     7.4423     79.390     36.743  31.995878     3.1064     15.482   189.2171 3.5394e+01    12.0026      0.986      1.431    18.5358 0.0000e+00
      1.011      0.021     7.4414     79.355     36.747  32.000502     3.0740     15.482   188.5669 3.4978e+01    11.8837      0.992      1.439    18.5332 0.0000e+00
      1.015      0.020     7.4409     79.327     36.738  31.994640     3.0533     15.482   188.1105 3.4643e+01    11.8197      0.996      1.445    18.5319 0.0000e+00
      1.020      0.021     7.4359     79.325     36.730  31.988449     3.0558     15.482   188.7748 3.4112e+01    11.7782      1.000      1.450    18.5329 0.0000e+00
      1.025      0.021     7.4337     79.359     36.732  31.989082     3.0764     15.482   189.4579 3.3646e+01    11.7258      1.006      1.459    18.5351 0.0000e+00
      1.030      0.020     7.4294     79.432     36.751  32.002301     3.1019     15.482   189.4869 3.3116e+01    11.6670      1.009      1.464    18.5372 0.0000e+00
      1.037      0.019     7.4256     79.525     36.777  32.021383     3.1155     15.482   189.2971 3.2445e+01    11.6160      1.016      1.473    18.5398 0.0000e+00
      1.044      0.017     7.4252     79.624     36.787  32.029458     3.1173     15.481   188.9706 3.2054e+01    11.5560      1.025      1.486    18.5416 0.0000e+00
      1.048      0.015     7.4275     79.699     36.794  32.036483     3.0953     15.481   188.8948 3.1885e+01    11.4215      1.028      1.492    18.5407 0.0000e+00
      1.050      0.012     7.4369     79.693     36.799  32.042881     3.0686     15.482   189.1543 3.1735e+01    11.2608      1.029      1.493    18.5346 0.0000e+00
      1.051      0.010     7.4465     79.630     36.798  32.043363     3.0607     15.483   189.0968 3.1582e+01    11.1576      1.030      1.494    18.5285 0.0000e+00
      1.053      0.009     7.4561     79.569     36.797  32.042313     3.0486     15.483   189.1466 3.1413e+01    11.0669      1.033      1.499    18.5287 0.0000e+00
      1.055      0.011     7.4664     79.490     36.784  32.030191     3.0366     15.483   189.4986 3.1282e+01    11.0223      1.035      1.501    18.5307 0.0000e+00
      1.056      0.015     7.4649     79.418     36.779  32.023691     3.0585     15.483   189.3947 3.1127e+01    11.0650      1.036      1.503    18.5325 0.0000e+00
      1.059      0.020     7.4533     79.401     36.784  32.027161     3.1037     15.484   188.9230 3.0752e+01    11.1025      1.037      1.505    18.5347 0.0000e+00
      1.065      0.026     7.4518     79.426     36.763  32.008705     3.1160     15.484   188.9571 3.0094e+01    11.0980      1.043      1.513    18.5354 0.0000e+00
      1.073      0.034     7.4431     79.492     36.742  31.990872     3.1018     15.484   189.3768 2.9295e+01    11.1138      1.053      1.527    18.5337 0.0000e+00
      1.083      0.040     7.4330     79.592     36.752  32.001887     3.1038     15.483   189.5232 2.8536e+01    11.5334      1.062      1.541    18.5310 0.0000e+00
      1.094      0.042     7.4349     79.708     36.764  32.014991     3.1210     15.483   189.8666 2.7673e+01    12.3263      1.072      1.556    18.5290 0.0000e+00
      1.108      0.042     7.4358     79.813     36.771  32.022421     3.1384     15.483   190.5177 2.6520e+01    12.8040      1.085      1.574    18.5282 0.0000e+00
      1.123      0.038     7.4426     79.882     36.776  32.028283     3.1429     15.483   190.5987 2.5555e+01    12.8450      1.104      1.601    18.5298 0.0000e+00
      1.134      0.032     7.4516     79.885     36.766  32.022419     3.1076     15.483   189.9855 2.5095e+01    12.4112      1.114      1.616    18.5337 0.0000e+00
      1.139      0.027     7.4630     79.790     36.755  32.014969     3.0547     15.483   189.7282 2.4879e+01    11.7134      1.117      1.621    18.5371 0.0000e+00
      1.143      0.023     7.4737     79.636     36.738  32.001656     3.0476     15.483   189.9832 2.4726e+01    11.4115      1.121      1.626    18.5383 0.0000e+00
      1.145      0.022     7.4799     79.461     36.723  31.988353     3.0593     15.483   190.3158 2.4564e+01    11.3699      1.122      1.628    18.5402 0.0000e+00
      1.148      0.022     7.4829     79.304     36.715  31.981016     3.0729     15.484   191.0826 2.4192e+01    11.3132      1.124      1.630    18.5447 0.0000e+00
      1.154      0.023     7.4697     79.212     36.710  31.976381     3.0984     15.484   191.9401 2.3607e+01    11.3096      1.131      1.639    18.5482 0.0000e+00
      1.164      0.023     7.4550     79.202     36.735  31.995765     3.1090     15.485   192.4251 2.3085e+01    11.3271      1.142      1.656    18.5493 0.0000e+00
      1.172      0.022     7.4377     79.276     36.772  32.025037     3.1158     15.485   192.5583 2.2640e+01    11.3528      1.149      1.668    18.5486 0.0000e+00
      1.177      0.019     7.4203     79.379     36.762  32.013078     3.1044     15.485   192.5183 2.2307e+01    11.2087      1.155      1.676    18.5477 0.0000e+00
