Data/DataNotYetUploadedToEDI/Raw_CTD/RawDownloads/092120_fcr50.cnv
* Sea-Bird SBE19plus  Data File:
* FileName = C:\DATA\20200921_fcr_50_0001.hex
* Software version 2.8.0.119
* Temperature SN = 7809
* Conductivity SN = 7809
* System UpLoad Time = Sep 21 2020 16:58:39
* <ApplicationData>
* <Seaterm232>
# nquan = 15
# nvalues = 4710                        
# units = specified
# name 0 = depFM: Depth [fresh water, m]
# name 1 = dz/dtM: Descent Rate [m/s]
# name 2 = sbeox0Mg/L: Oxygen, SBE 43 [mg/l]
# name 3 = sbeox0PS: Oxygen, SBE 43 [% saturation]
# name 4 = specc: Specific Conductance [uS/cm]
# name 5 = c0uS/cm: Conductivity [uS/cm]
# name 6 = flECO-AFL: Fluorescence, WET Labs ECO-AFL/FL [mg/m^3]
# name 7 = ph: pH
# name 8 = orp: Oxidation Reduction Potential [mV]
# name 9 = par/sat/log: PAR/Logarithmic, Satlantic
# name 10 = turbWETntu0: Turbidity, WET Labs ECO [NTU]
# name 11 = prdM: Pressure, Strain Gauge [db]
# name 12 = prdE: Pressure, Strain Gauge [psi]
# name 13 = tv290C: Temperature [ITS-90, deg C]
# name 14 = flag:  0.000e+00
# span 0 =     -0.523,      9.692       
# span 1 =     -0.198,      0.928       
# span 2 =     0.0319,    10.5675       
# span 3 =      0.411,    104.689       
# span 4 =      0.578,    232.390       
# span 5 =   0.412606, 171.126969       
# span 6 =    -1.0289,   260.4037       
# span 7 =     15.445,     15.842       
# span 8 = -1240.7455,  1207.4642       
# span 9 = 1.2356e-01, 1.3681e+03       
# span 10 =   -11.8225,   413.7391      
# span 11 =     -0.513,      9.505      
# span 12 =     -0.744,     13.786      
# span 13 =    10.6699,    18.5614      
# span 14 = 0.0000e+00, 0.0000e+00      
# interval = seconds: 0.25
# start_time = Sep 20 2020 20:17:16 [Instrument's time stamp, header]
# bad_flag = -9.990e-29
*END*
[from data line 1446]
      8.471      0.073     0.0650      0.540    103.489  76.283676     0.0297     15.643    76.9030 1.2370e-01     9.9462      8.305     12.046    11.8742 0.0000e+00
      8.495      0.067     0.0574      0.547    103.634  76.373301     0.0557     15.643    77.2804 1.2373e-01     9.7523      8.331     12.083    11.8734 0.0000e+00
      8.516      0.062     0.0615      0.574    103.731  76.435728     0.0541     15.642    77.5470 1.2373e-01     9.6700      8.354     12.116    11.8714 0.0000e+00
      8.530      0.059     0.0601      0.614    103.605  76.338998     0.0761     15.642    77.0285 1.2372e-01     9.6380      8.367     12.136    11.8640 0.0000e+00
      8.538      0.055     0.0571      0.654    103.795  76.475478     0.1225     15.643    76.4321 1.2375e-01     9.6051      8.373     12.143    11.8526 0.0000e+00
      8.547      0.054     0.0587      0.679    105.550  77.767916     0.1378     15.643    76.0147 1.2377e-01     9.5468      8.379     12.153    11.8428 0.0000e+00
      8.561      0.057     0.0611      0.670    108.250  79.755973     0.1282     15.642    75.4236 1.2374e-01     9.4830      8.395     12.174    11.8396 0.0000e+00
      8.577      0.063     0.0670      0.624    110.282  81.243776     0.1301     15.642    74.1032 1.2373e-01     9.3136      8.413     12.201    11.8388 0.0000e+00
      8.594      0.070     0.0710      0.567    111.787  82.337494     0.1502     15.643    72.3542 1.2377e-01     9.0786      8.427     12.222    11.8360 0.0000e+00
      8.612      0.076     0.0754      0.564    112.957  83.184883     0.1722     15.643    71.3125 1.2380e-01     8.9763      8.445     12.248    11.8363 0.0000e+00
      8.633      0.079     0.0733      0.596    113.969  83.920280     0.1862     15.644    70.3692 1.2376e-01     8.9693      8.466     12.279    11.8379 0.0000e+00
      8.656      0.082     0.0695      0.581    115.698  85.186115     0.2134     15.646    68.8652 1.2374e-01     8.7195      8.488     12.311    11.8326 0.0000e+00
      8.678      0.083     0.0579      0.540    118.480  87.230238     0.2435     15.646    68.0118 1.2373e-01     8.1872      8.512     12.345    11.8242 0.0000e+00
      8.699      0.082     0.0582      0.534    121.629  89.549739     0.2459     15.646    67.6227 1.2372e-01     7.8555      8.532     12.374    11.8180 0.0000e+00
      8.719      0.079     0.0684      0.547    123.965  91.280379     0.2429     15.645    66.8273 1.2371e-01     7.7985      8.549     12.399    11.8141 0.0000e+00
      8.741      0.074     0.0642      0.575    125.345  92.311395     0.2447     15.645    66.0526 1.2368e-01     7.5317      8.572     12.433    11.8110 0.0000e+00
      8.761      0.068     0.0554      0.611    126.234  92.979450     0.2388     15.645    65.3972 1.2373e-01     7.0672      8.594     12.465    11.8084 0.0000e+00
      8.777      0.063     0.0578      0.616    126.584  93.248503     0.2386     15.645    64.6667 1.2377e-01     6.8519      8.608     12.485    11.8086 0.0000e+00
      8.791      0.058     0.0589      0.618    126.867  93.464417     0.2521     15.645    64.3623 1.2370e-01     6.8857      8.619     12.502    11.8133 0.0000e+00
      8.804      0.054     0.0602      0.640    127.759  94.126279     0.2970     15.646    64.2973 1.2366e-01     6.8232      8.634     12.522    11.8203 0.0000e+00
      8.816      0.053     0.0694      0.640    129.479  95.395901     0.3611     15.646    63.5368 1.2366e-01     6.5776      8.647     12.541    11.8260 0.0000e+00
      8.828      0.055     0.0661      0.621    132.225  97.422609     0.3886     15.646    62.9970 1.2366e-01     6.3871      8.656     12.555    11.8303 0.0000e+00
      8.841      0.059     0.0648      0.610    134.996  99.471853     0.3816     15.646    63.0188 1.2370e-01     6.3065      8.668     12.571    11.8331 0.0000e+00
      8.857      0.061     0.0711      0.593    136.638 100.694478     0.3815     15.646    62.8538 1.2371e-01     5.9462      8.684     12.595    11.8346 0.0000e+00
      8.875      0.061     0.0702      0.564    137.467 101.319355     0.3966     15.645    62.9822 1.2370e-01     5.2920      8.704     12.623    11.8355 0.0000e+00
      8.893      0.060     0.0661      0.554    137.856 101.615695     0.4120     15.645    62.9361 1.2368e-01     4.9544      8.722     12.650    11.8363 0.0000e+00
      8.909      0.058     0.0662      0.561    137.922 101.667212     0.4242     15.646    62.3815 1.2372e-01     4.9889      8.738     12.674    11.8389 0.0000e+00
      8.923      0.055     0.0656      0.560    138.043 101.751244     0.4290     15.648    61.8698 1.2382e-01     5.0224      8.751     12.693    11.8441 0.0000e+00
      8.936      0.053     0.0593      0.557    138.305 101.931361     0.4322     15.648    61.0513 1.2385e-01     5.2908      8.763     12.710    11.8501 0.0000e+00
      8.946      0.053     0.0589      0.572    138.339 101.934948     0.4444     15.648    60.0555 1.2377e-01     5.8306      8.773     12.724    11.8540 0.0000e+00
      8.958      0.053     0.0615      0.595    138.185 101.794608     0.4435     15.648    59.5527 1.2372e-01     6.0893      8.784     12.739    11.8549 0.0000e+00
      8.973      0.052     0.0608      0.604    138.094 101.698846     0.4403     15.648    58.9299 1.2376e-01     6.0845      8.799     12.762    11.8532 0.0000e+00
      8.989      0.050     0.0589      0.597    138.002 101.604739     0.4628     15.649    57.7742 1.2375e-01     5.8072      8.817     12.788    11.8488 0.0000e+00
      9.004      0.048     0.0614      0.574    138.131 101.675408     0.4959     15.651    56.9363 1.2373e-01     5.2425      8.832     12.808    11.8405 0.0000e+00
      9.015      0.047     0.0657      0.543    139.011 102.298593     0.5164     15.652    56.1121 1.2372e-01     4.9211      8.842     12.825    11.8299 0.0000e+00
      9.023      0.047     0.0654      0.526    140.645 103.473023     0.5203     15.653    54.6059 1.2374e-01     4.8745      8.849     12.835    11.8194 0.0000e+00
      9.031      0.048     0.0659      0.549    142.572 104.860203     0.5134     15.653    52.8352 1.2379e-01     4.7810      8.855     12.843    11.8093 0.0000e+00
      9.044      0.051     0.0620      0.590    144.443 106.208496     0.4900     15.653    51.1362 1.2377e-01     4.6157      8.867     12.861    11.8008 0.0000e+00
      9.061      0.054     0.0590      0.610    146.039 107.357681     0.4673     15.653    49.6360 1.2370e-01     4.5246      8.885     12.888    11.7930 0.0000e+00
      9.077      0.056     0.0545      0.611    147.623 108.501972     0.4581     15.654    48.2911 1.2368e-01     4.4687      8.903     12.912    11.7828 0.0000e+00
      9.091      0.058     0.0584      0.609    150.091 110.299892     0.4458     15.655    47.0068 1.2375e-01     4.4554      8.915     12.930    11.7714 0.0000e+00
      9.106      0.059     0.0660      0.608    153.321 112.663287     0.4332     15.655    45.8947 1.2385e-01     4.5689      8.930     12.952    11.7615 0.0000e+00
      9.120      0.062     0.0663      0.594    155.434 114.209944     0.4296     15.655    44.9972 1.2383e-01     4.6403      8.946     12.975    11.7533 0.0000e+00
      9.134      0.064     0.0665      0.571    156.057 114.667594     0.4296     15.655    44.3293 1.2378e-01     4.6316      8.956     12.990    11.7463 0.0000e+00
      9.149      0.064     0.0654      0.559    156.518 115.011403     0.4530     15.655    43.8422 1.2383e-01     4.6354      8.970     13.009    11.7410 0.0000e+00
      9.170      0.061     0.0668      0.551    157.005 115.372612     0.5024     15.656    43.3232 1.2384e-01     4.6175      8.993     13.043    11.7378 0.0000e+00
      9.191      0.057     0.0650      0.532    156.961 115.339815     0.5311     15.656    42.7005 1.2376e-01     4.5524      9.017     13.077    11.7354 0.0000e+00
      9.206      0.053     0.0609      0.522    156.585 115.060780     0.5328     15.655    41.6475 1.2367e-01     4.4317      9.032     13.099    11.7354 0.0000e+00
      9.214      0.049     0.0604      0.527    159.704 117.350363     0.5428     15.655    40.2290 1.2366e-01     4.0851      9.036     13.106    11.7383 0.0000e+00
      9.221      0.047     0.0606      0.520    169.055 124.223877     0.5663     15.656    39.0568 1.2374e-01     3.5545      9.041     13.113    11.7394 0.0000e+00
      9.231      0.049     0.0573      0.488    180.424 132.587850     0.5785     15.658    37.8861 1.2381e-01     3.2685      9.051     13.128    11.7388 0.0000e+00
      9.243      0.054     0.0550      0.455    188.141 138.282101     0.5765     15.658    36.5707 1.2385e-01     3.2712      9.062     13.145    11.7379 0.0000e+00
      9.258      0.060     0.0580      0.468    190.719 140.208953     0.5893     15.657    35.3693 1.2384e-01     3.3473      9.078     13.167    11.7367 0.0000e+00
      9.276      0.065     0.0575      0.529    191.276 140.642677     0.6185     15.656    34.2018 1.2378e-01     3.4333      9.097     13.194    11.7370 0.0000e+00
      9.296      0.068     0.0533      0.583    192.153 141.293573     0.6330     15.656    32.8646 1.2375e-01     3.4524      9.116     13.221    11.7389 0.0000e+00
      9.315      0.070     0.0472      0.603    192.638 141.636035     0.6415     15.656    31.4195 1.2375e-01     3.4414      9.135     13.249    11.7455 0.0000e+00
      9.333      0.070     0.0476      0.608    192.449 141.466202     0.6821     15.657    30.2368 1.2370e-01     3.3009      9.153     13.275    11.7561 0.0000e+00
      9.350      0.069     0.0586      0.628    191.987 141.090074     0.7526     15.658    29.3194 1.2370e-01     2.9546      9.169     13.299    11.7635 0.0000e+00
      9.366      0.067     0.0646      0.648    191.178 140.469218     0.7976     15.658    28.4159 1.2380e-01     2.7558      9.184     13.321    11.7649 0.0000e+00
      9.383      0.064     0.0661      0.640    189.888 139.509130     0.7971     15.658    27.3141 1.2386e-01     2.7164      9.201     13.345    11.7613 0.0000e+00
      9.401      0.062     0.0645      0.608    189.006 138.858361     0.7849     15.659    25.9776 1.2383e-01     2.5824      9.219     13.371    11.7518 0.0000e+00
      9.417      0.061     0.0678      0.572    189.520 139.234506     0.7844     15.659    24.6466 1.2382e-01     2.4740      9.237     13.397    11.7407 0.0000e+00
      9.430      0.062     0.0721      0.548    190.536 139.974827     0.7913     15.660    23.6107 1.2385e-01     2.4699      9.249     13.414    11.7335 0.0000e+00
      9.442      0.065     0.0699      0.546    191.066 140.346607     0.7918     15.660    22.8305 1.2388e-01     2.4644      9.259     13.428    11.7311 0.0000e+00
      9.457      0.069     0.0663      0.559    191.374 140.540294     0.7900     15.660    22.1826 1.2384e-01     2.4423      9.273     13.450    11.7308 0.0000e+00
      9.476      0.074     0.0612      0.544    191.598 140.658134     0.8178     15.661    21.5411 1.2378e-01     2.4423      9.292     13.477    11.7308 0.0000e+00
      9.498      0.079     0.0588      0.509    191.879 140.814507     0.8695     15.662    20.8401 1.2371e-01     2.4310      9.314     13.509    11.7304 0.0000e+00
      9.522      0.081     0.0578      0.518    192.315 141.091345     0.9007     15.662    20.2454 1.2363e-01     2.3736      9.337     13.543    11.7258 0.0000e+00
      9.545      0.080     0.0619      0.551    192.767 141.389900     0.9184     15.662    19.7699 1.2365e-01     2.3318      9.360     13.576    11.7173 0.0000e+00
      9.566      0.075     0.0616      0.564    193.110 141.617451     0.9588     15.662    19.1350 1.2374e-01     2.4066      9.382     13.608    11.7043 0.0000e+00
      9.586      0.069     0.0512      0.559    193.209 141.673689     1.0174     15.662    18.0763 1.2379e-01     2.5568      9.403     13.636    11.6900 0.0000e+00
      9.601      0.061     0.0555      0.539    193.151 141.623304     1.0452     15.662    16.7771 1.2379e-01     2.6033      9.417     13.658    11.6787 0.0000e+00
      9.613      0.052     0.0617      0.524    193.096 141.582370     1.0377     15.662    15.3862 1.2377e-01     2.5910      9.426     13.673    11.6701 0.0000e+00
      9.627      0.043     0.0611      0.521    193.065 141.561521     1.0317     15.662    13.9923 1.2378e-01     2.6481      9.441     13.693    11.6641 0.0000e+00
      9.639      0.034     0.0623      0.521    193.153 141.626396     1.0395     15.663    12.6577 1.2377e-01     2.6757      9.456     13.714    11.6599 0.0000e+00
      9.647      0.027     0.0575      0.521    193.555 141.920213     1.0560     15.663    11.2948 1.2372e-01     2.6507      9.462     13.724    11.6577 0.0000e+00
      9.650      0.020     0.0567      0.526    194.255 142.434703     1.0683     15.663     9.9036 1.2371e-01     2.6539      9.463     13.726    11.6581 0.0000e+00
      9.653      0.014     0.0565      0.537    195.017 142.998675     1.0545     15.662     8.4849 1.2375e-01     2.6801      9.466     13.730    11.6591 0.0000e+00
      9.655      0.009     0.0567      0.535    195.701 143.507895     1.0222     15.662     6.9611 1.2378e-01     2.6928      9.469     13.734    11.6591 0.0000e+00
      9.657      0.006     0.0568      0.525    195.920 143.679221     1.0127     15.662     5.5897 1.2377e-01     2.6698      9.471     13.736    11.6586 0.0000e+00
      9.658      0.004     0.0561      0.531    195.008 143.028621     1.0161     15.662     4.4662 1.2377e-01     2.6437      9.471     13.737    11.6585 0.0000e+00
      9.659      0.003     0.0596      0.549    192.810 141.447051     1.0249     15.662     3.2709 1.2378e-01     2.6173      9.472     13.738    11.6598 0.0000e+00
      9.659      0.003     0.0584      0.561    190.599 139.866982     1.0516     15.662     1.8057 1.2376e-01     2.5909      9.472     13.738    11.6622 0.0000e+00
      9.659      0.003     0.0561      0.565    189.767 139.297689     1.0631     15.662     0.0862 1.2375e-01     2.5987      9.472     13.739    11.6644 0.0000e+00
      9.660      0.003     0.0569      0.558    189.799 139.348031     1.0581     15.661    -1.3437 1.2372e-01     2.6086      9.473     13.739    11.6684 0.0000e+00
      9.661      0.003     0.0603      0.539    189.841 139.391344     1.0779     15.661    -2.4050 1.2366e-01     2.6769      9.474     13.741    11.6765 0.0000e+00
      9.662      0.002     0.0609      0.532    190.072 139.566260     1.1119     15.661    -3.3670 1.2365e-01     2.8069      9.475     13.742    11.6884 0.0000e+00
      9.663      0.002     0.0616      0.541    190.659 139.995835     1.1251     15.661    -4.1140 1.2370e-01     2.8755      9.476     13.743    11.7013 0.0000e+00
      9.663      0.001     0.0615      0.541    191.014 140.247773     1.1241     15.661    -4.7257 1.2374e-01     2.8882      9.476     13.744    11.7081 0.0000e+00
      9.663      0.001     0.0575      0.521    190.860 140.124722     1.1190     15.661    -5.4282 1.2374e-01     2.8567      9.476     13.743    11.7102 0.0000e+00
      9.663      0.000     0.0571      0.515    190.747 140.038930     1.1013     15.661    -6.3269 1.2379e-01     2.7358      9.476     13.744    11.7119 0.0000e+00
      9.663 1.8782e-08     0.0586      0.528    190.829 140.103507     1.0723     15.661    -7.4178 1.2384e-01     2.6281      9.476     13.744    11.7118 0.0000e+00
      9.663 2.0661e-07     0.0607      0.537    190.783 140.076282     1.0536     15.662    -8.3802 1.2380e-01     2.6530      9.476     13.743    11.7089 0.0000e+00
      9.663 2.0658e-07     0.0550      0.546    190.365 139.773552     1.0756     15.662    -8.9292 1.2377e-01     2.7619      9.476     13.744    11.7052 0.0000e+00
      9.663 1.8475e-08     0.0547      0.560    189.561 139.186056     1.1188     15.662    -9.2373 1.2377e-01     2.8803      9.476     13.744    11.7043 0.0000e+00
      9.663 -1.679e-09     0.0583      0.568    188.741 138.586048     1.1373     15.662    -9.5240 1.2376e-01     2.9515      9.476     13.744    11.7062 0.0000e+00
