Data/DataNotYetUploadedToEDI/Raw_CTD/RawDownloads/092120_fcr50.cnv
* Sea-Bird SBE19plus  Data File:
* FileName = C:\DATA\20200921_fcr_50_0001.hex
* Software version 2.8.0.119
* Temperature SN = 7809
* Conductivity SN = 7809
* System UpLoad Time = Sep 21 2020 16:58:39
* <ApplicationData>
* <Seaterm232>
# nquan = 15
# nvalues = 4710                        
# units = specified
# name 0 = depFM: Depth [fresh water, m]
# name 1 = dz/dtM: Descent Rate [m/s]
# name 2 = sbeox0Mg/L: Oxygen, SBE 43 [mg/l]
# name 3 = sbeox0PS: Oxygen, SBE 43 [% saturation]
# name 4 = specc: Specific Conductance [uS/cm]
# name 5 = c0uS/cm: Conductivity [uS/cm]
# name 6 = flECO-AFL: Fluorescence, WET Labs ECO-AFL/FL [mg/m^3]
# name 7 = ph: pH
# name 8 = orp: Oxidation Reduction Potential [mV]
# name 9 = par/sat/log: PAR/Logarithmic, Satlantic
# name 10 = turbWETntu0: Turbidity, WET Labs ECO [NTU]
# name 11 = prdM: Pressure, Strain Gauge [db]
# name 12 = prdE: Pressure, Strain Gauge [psi]
# name 13 = tv290C: Temperature [ITS-90, deg C]
# name 14 = flag:  0.000e+00
# span 0 =     -0.523,      9.692       
# span 1 =     -0.198,      0.928       
# span 2 =     0.0319,    10.5675       
# span 3 =      0.411,    104.689       
# span 4 =      0.578,    232.390       
# span 5 =   0.412606, 171.126969       
# span 6 =    -1.0289,   260.4037       
# span 7 =     15.445,     15.842       
# span 8 = -1240.7455,  1207.4642       
# span 9 = 1.2356e-01, 1.3681e+03       
# span 10 =   -11.8225,   413.7391      
# span 11 =     -0.513,      9.505      
# span 12 =     -0.744,     13.786      
# span 13 =    10.6699,    18.5614      
# span 14 = 0.0000e+00, 0.0000e+00      
# interval = seconds: 0.25
# start_time = Sep 20 2020 20:17:16 [Instrument's time stamp, header]
# bad_flag = -9.990e-29
*END*
[from data line 4338]
      4.732      0.002     0.6586      8.233     59.394  43.953855    -0.3204     15.645   -18.8543 1.2373e-01     9.9168      4.638      6.727    12.0031 0.0000e+00
      4.736     -0.012     0.7329      8.525     59.271  43.859804    -0.3253     15.645   -18.4891 1.2374e-01     9.8966      4.644      6.736    12.0084 0.0000e+00
      4.737     -0.028     0.7988      8.695     59.183  43.795291    -0.3508     15.646   -17.8912 1.2375e-01     9.8236      4.649      6.743    12.0120 0.0000e+00
      4.730     -0.045     0.8505      8.722     59.112  43.745192    -0.3806     15.647   -17.2178 1.2377e-01     9.7546      4.642      6.733    12.0052 0.0000e+00
      4.713     -0.062     0.8891      8.612     59.213  43.825430    -0.3902     15.647   -16.8000 1.2374e-01     9.7496      4.623      6.706    11.9973 0.0000e+00
      4.688     -0.077     0.9239      8.382     59.531  44.067115    -0.3908     15.646   -16.1955 1.2374e-01     9.7281      4.597      6.668    11.9950 0.0000e+00
      4.663     -0.086     0.9427      8.090     59.779  44.254947    -0.3871     15.646   -15.3292 1.2379e-01     9.8381      4.573      6.632    11.9963 0.0000e+00
      4.638     -0.089     0.9442      7.788     59.774  44.255416    -0.3741     15.645   -14.7574 1.2376e-01    10.1535      4.550      6.599    11.9989 0.0000e+00
      4.614     -0.088     0.9336      7.510     59.693  44.199769    -0.3580     15.644   -14.3575 1.2372e-01    10.3828      4.524      6.561    12.0037 0.0000e+00
      4.592     -0.085     0.9051      7.340     59.711  44.216988    -0.3356     15.644   -13.5924 1.2372e-01    10.4133      4.502      6.529    12.0098 0.0000e+00
      4.572     -0.080     0.8711      7.335     59.870  44.336645    -0.2937     15.644   -12.6472 1.2369e-01    10.2824      4.484      6.503    12.0126 0.0000e+00
      4.553     -0.075     0.8393      7.460     60.009  44.440299    -0.2423     15.643   -11.8780 1.2362e-01    10.0695      4.465      6.476    12.0154 0.0000e+00
      4.534     -0.069     0.8041      7.669     60.029  44.454474    -0.2190     15.643   -11.2607 1.2357e-01     9.9680      4.446      6.449    12.0204 0.0000e+00
      4.515     -0.064     0.7832      7.930     60.019  44.444544    -0.2123     15.643   -10.8627 1.2362e-01     9.9828      4.427      6.421    12.0232 0.0000e+00
      4.499     -0.060     0.7851      8.196     60.024  44.447218    -0.2095     15.643   -10.3342 1.2366e-01     9.9734      4.410      6.396    12.0247 0.0000e+00
      4.486     -0.055     0.8004      8.407     59.992  44.423305    -0.1943     15.644    -9.3459 1.2367e-01     9.8189      4.399      6.380    12.0260 0.0000e+00
      4.475     -0.051     0.8239      8.554     59.887  44.345875    -0.1530     15.644    -8.2911 1.2373e-01     9.5915      4.389      6.366    12.0245 0.0000e+00
      4.462     -0.049     0.8531      8.639     59.787  44.272867    -0.1391     15.644    -7.6471 1.2379e-01     9.4910      4.375      6.346    12.0226 0.0000e+00
      4.450     -0.050     0.8859      8.671     59.653  44.175431    -0.1406     15.644    -7.5826 1.2380e-01     9.4965      4.363      6.328    12.0218 0.0000e+00
      4.440     -0.055     0.9074      8.685     59.492  44.056581    -0.1236     15.644    -7.5972 1.2378e-01     9.4517      4.354      6.315    12.0214 0.0000e+00
      4.428     -0.059     0.9235      8.690     59.471  44.042089    -0.1148     15.644    -7.2216 1.2374e-01     9.3265      4.343      6.301    12.0212 0.0000e+00
      4.411     -0.062     0.9333      8.692     59.499  44.063712    -0.1202     15.644    -6.7408 1.2374e-01     9.2190      4.328      6.277    12.0226 0.0000e+00
      4.390     -0.063     0.9337      8.705     59.499  44.064079    -0.1213     15.644    -6.3439 1.2378e-01     9.1472      4.305      6.244    12.0241 0.0000e+00
      4.370     -0.063     0.9357      8.750     59.474  44.046527    -0.0619     15.644    -5.9498 1.2377e-01     8.9045      4.283      6.213    12.0244 0.0000e+00
      4.355     -0.062     0.9359      8.823     59.381  43.978470     0.0442     15.644    -5.7611 1.2375e-01     8.5156      4.271      6.194    12.0255 0.0000e+00
      4.343     -0.060     0.9360      8.889     59.241  43.876058     0.1031     15.643    -5.6976 1.2380e-01     8.3254      4.259      6.178    12.0261 0.0000e+00
      4.329     -0.059     0.9359      8.934     59.081  43.760552     0.1168     15.643    -5.4398 1.2385e-01     8.2867      4.245      6.159    12.0257 0.0000e+00
      4.314     -0.059     0.9404      8.965     59.022  43.724618     0.1138     15.643    -5.0530 1.2387e-01     8.3575      4.231      6.137    12.0268 0.0000e+00
      4.299     -0.061     0.9511      8.995     59.055  43.759021     0.1058     15.643    -4.5486 1.2384e-01     8.5975      4.216      6.115    12.0275 0.0000e+00
      4.283     -0.064     0.9579      9.015     59.093  43.795625     0.1051     15.643    -4.2451 1.2379e-01     8.7505      4.201      6.093    12.0284 0.0000e+00
      4.267     -0.067     0.9627      9.016     59.159  43.849771     0.1061     15.643    -4.3952 1.2369e-01     8.7664      4.185      6.069    12.0305 0.0000e+00
      4.250     -0.072     0.9650      9.005     59.228  43.905831     0.0789     15.643    -4.6428 1.2361e-01     8.7551      4.167      6.043    12.0366 0.0000e+00
      4.233     -0.077     0.9684      9.019     59.205  43.902082     0.0145     15.642    -4.6581 1.2365e-01     8.7513      4.151      6.021    12.0480 0.0000e+00
      4.214     -0.082     0.9710      9.059     59.127  43.867949    -0.0230     15.641    -4.4082 1.2370e-01     8.7887      4.134      5.995    12.0552 0.0000e+00
      4.191     -0.085     0.9710      9.074     59.186  43.937548    -0.0220     15.640    -4.4605 1.2370e-01     8.8295      4.111      5.961    12.0590 0.0000e+00
      4.165     -0.085     0.9680      9.077     59.289  44.045289    -0.0211     15.639    -4.8597 1.2370e-01     8.7989      4.084      5.922    12.0601 0.0000e+00
      4.140     -0.084     0.9679      9.100     59.294  44.091421    -0.0122     15.637    -5.0187 1.2372e-01     8.6926      4.058      5.885    12.0691 0.0000e+00
      4.119     -0.081     0.9766      9.143     59.256  44.114466     0.0189     15.637    -4.8339 1.2375e-01     8.6081      4.039      5.857    12.0937 0.0000e+00
      4.100     -0.076     0.9755      9.202     59.131  44.070038     0.0501     15.636    -4.3469 1.2375e-01     8.5666      4.021      5.831    12.1142 0.0000e+00
      4.082     -0.071     0.9737      9.263     58.896  43.935218     0.0695     15.635    -4.1213 1.2375e-01     8.5006      4.003      5.805    12.1361 0.0000e+00
      4.064     -0.066     0.9764      9.309     58.702  43.817600     0.1959     15.634    -4.5144 1.2373e-01     8.2562      3.986      5.781    12.1739 0.0000e+00
      4.047     -0.063     0.9795      9.349     58.655  43.790690     0.4344     15.634    -4.8845 1.2371e-01     7.8440      3.967      5.755    12.2217 0.0000e+00
      4.033     -0.062     0.9855      9.389     58.674  43.800307     0.5688     15.634    -5.1539 1.2374e-01     7.6019      3.954      5.734    12.2644 0.0000e+00
      4.020     -0.063     0.9921      9.411     58.867  43.933879     0.5809     15.635    -5.7930 1.2374e-01     7.5607      3.943      5.719    12.2997 0.0000e+00
      4.006     -0.066     0.9962      9.407     59.322  44.262947     0.5521     15.636    -6.3305 1.2372e-01     7.4488      3.929      5.698    12.3254 0.0000e+00
      3.990     -0.069     0.9992      9.404     59.440  44.350792     0.4879     15.636    -6.2329 1.2376e-01     7.2105      3.913      5.675    12.3301 0.0000e+00
      3.971     -0.069     1.0052      9.427     59.097  44.107190     0.4429     15.636    -6.1619 1.2377e-01     7.0131      3.896      5.650    12.3233 0.0000e+00
      3.948     -0.070     1.0084      9.466     59.345  44.301435     0.4568     15.635    -6.6766 1.2372e-01     6.9502      3.871      5.615    12.3142 0.0000e+00
      3.926     -0.073     1.0064      9.501     60.409  45.112218     0.6653     15.634    -7.7237 1.2372e-01     6.6557      3.845      5.577    12.3010 0.0000e+00
      3.911     -0.076     1.0052      9.548     61.411  45.910852     1.0372     15.633    -8.7557 1.2373e-01     6.0626      3.834      5.561    12.2978 0.0000e+00
      3.899     -0.077     1.0075      9.622     62.048  46.465955     1.2344     15.631    -9.5185 1.2376e-01     5.7196      3.829      5.553    12.3186 0.0000e+00
      3.879     -0.077     1.0133      9.687     62.474  46.871637     1.2564     15.630   -10.5788 1.2377e-01     5.6325      3.808      5.522    12.3241 0.0000e+00
      3.852     -0.075     1.0161      9.712     62.706  47.133400     1.3989     15.627   -11.5953 1.2374e-01     5.2839      3.776      5.477    12.3207 0.0000e+00
      3.827     -0.070     1.0183      9.693     62.462  47.027727     1.6601     15.624   -12.0863 1.2376e-01     4.6633      3.752      5.442    12.3685 0.0000e+00
      3.807     -0.064     1.0271      9.635     61.597  46.419440     1.8011     15.624   -12.4718 1.2378e-01     4.3088      3.732      5.413    12.4411 0.0000e+00
      3.793     -0.058     1.0338      9.533     60.877  45.874058     1.8076     15.624   -13.0737 1.2374e-01     4.2589      3.716      5.389    12.5075 0.0000e+00
      3.787     -0.053     1.0341      9.353     60.877  45.830452     1.8050     15.625   -14.0285 1.2373e-01     4.2321      3.714      5.387    12.5816 0.0000e+00
      3.782     -0.052     1.0310      9.088     61.381  46.146125     1.8550     15.626   -15.1550 1.2373e-01     4.2246      3.714      5.385    12.6523 0.0000e+00
      3.768     -0.055     1.0228      8.795     62.349  46.833629     1.9452     15.627   -16.1101 1.2369e-01     4.2378      3.697      5.361    12.6922 0.0000e+00
      3.750     -0.060     1.0147      8.532     63.344  47.603072     1.9901     15.626   -16.8872 1.2370e-01     4.2539      3.677      5.333    12.6871 0.0000e+00
      3.731     -0.065     0.9973      8.353     63.463  47.766519     1.9873     15.624   -17.4959 1.2370e-01     4.2469      3.659      5.308    12.6462 0.0000e+00
      3.712     -0.066     0.9671      8.283     63.226  47.667058     1.9972     15.623   -18.0489 1.2364e-01     4.2223      3.640      5.281    12.5813 0.0000e+00
      3.693     -0.063     0.9354      8.277     64.171  48.432481     2.0333     15.622   -18.6692 1.2361e-01     4.2305      3.622      5.253    12.5332 0.0000e+00
      3.677     -0.059     0.9045      8.279     66.551  50.290222     2.0608     15.621   -19.3181 1.2361e-01     4.2434      3.604      5.227    12.5538 0.0000e+00
      3.664     -0.055     0.8825      8.294     68.774  52.093973     2.0723     15.618   -19.8711 1.2369e-01     4.2411      3.592      5.210    12.6302 0.0000e+00
      3.653     -0.052     0.8756      8.316     69.507  52.840806     2.0878     15.613   -20.3652 1.2379e-01     4.2720      3.584      5.197    12.7071 0.0000e+00
      3.642     -0.050     0.8782      8.292     69.657  53.159971     2.1052     15.609   -21.0758 1.2380e-01     4.3416      3.572      5.180    12.7325 0.0000e+00
      3.629     -0.050     0.8759      8.191     70.110  53.666665     2.1112     15.605   -22.0105 1.2377e-01     4.4305      3.559      5.163    12.7585 0.0000e+00
      3.615     -0.050     0.8758      7.999     70.408  54.013224     2.1121     15.603   -22.8912 1.2377e-01     4.4880      3.545      5.142    12.8473 0.0000e+00
      3.601     -0.049     0.8783      7.717     70.580  54.238080     2.1249     15.602   -23.3787 1.2375e-01     4.4543      3.531      5.122    13.0048 0.0000e+00
      3.588     -0.048     0.8727      7.348     70.724  54.416452     2.1325     15.600   -23.6882 1.2375e-01     4.3655      3.519      5.103    13.1736 0.0000e+00
      3.576     -0.045     0.8611      6.908     70.551  54.327973     2.1180     15.599   -24.4831 1.2378e-01     4.3412      3.507      5.087    13.2787 0.0000e+00
      3.565     -0.040     0.8395      6.447     70.242  54.121093     2.1216     15.599   -25.5901 1.2378e-01     4.4017      3.496      5.071    13.3594 0.0000e+00
      3.555     -0.034     0.8078      5.964     70.224  54.138235     2.2531     15.598   -26.2312 1.2372e-01     4.3415      3.487      5.057    13.4267 0.0000e+00
      3.546     -0.026     0.7700      5.466     71.017  54.789341     2.4770     15.596   -26.4708 1.2367e-01     4.1276      3.478      5.044    13.4736 0.0000e+00
      3.540     -0.016     0.7191      5.029     73.182  56.530918     2.5972     15.594   -26.7667 1.2374e-01     4.0128      3.470      5.032    13.5033 0.0000e+00
      3.537     -0.004     0.6719      4.691     75.951  58.806429     2.6195     15.593   -27.3132 1.2382e-01     4.0178      3.467      5.028    13.5197 0.0000e+00
      3.537      0.007     0.6233      4.468     77.059  59.877134     2.7459     15.590   -28.0018 1.2381e-01     4.0509      3.469      5.030    13.5427 0.0000e+00
      3.540      0.014     0.5646      4.335     76.419  59.629732     2.9818     15.585   -28.2958 1.2378e-01     4.1383      3.470      5.032    13.5658 0.0000e+00
      3.548      0.018     0.5200      4.229     75.897  59.436931     3.1059     15.581   -28.3731 1.2378e-01     4.2165      3.476      5.041    13.6029 0.0000e+00
      3.559      0.017     0.4820      4.114     75.331  59.134716     3.1115     15.579   -28.8499 1.2378e-01     4.2406      3.492      5.066    13.6854 0.0000e+00
      3.566      0.010     0.4580      3.963     74.058  58.199466     3.1170     15.578   -29.7585 1.2378e-01     4.2239      3.499      5.076    13.8375 0.0000e+00
      3.567     -0.002     0.4464      3.735     72.847  57.213811     3.1526     15.578   -30.8418 1.2376e-01     4.1181      3.497      5.071    14.0260 0.0000e+00
      3.567     -0.019     0.4341      3.431     72.329  56.682967     3.2171     15.580   -31.6232 1.2372e-01     3.9909      3.498      5.074    14.1713 0.0000e+00
      3.562     -0.037     0.4226      3.105     72.334  56.545432     3.2487     15.582   -32.1502 1.2367e-01     3.9563      3.496      5.071    14.2621 0.0000e+00
      3.549     -0.053     0.4086      2.795     72.637  56.694159     3.2491     15.583   -32.8263 1.2370e-01     3.9747      3.485      5.054    14.3140 0.0000e+00
      3.529     -0.066     0.3860      2.554     72.665  56.702412     3.1938     15.583   -33.6033 1.2381e-01     3.9735      3.461      5.020    14.2944 0.0000e+00
      3.506     -0.075     0.3522      2.445     72.230  56.391088     3.0667     15.583   -34.2312 1.2378e-01     3.9410      3.436      4.984    14.1838 0.0000e+00
      3.485     -0.078     0.3193      2.465     72.105  56.296807     2.9892     15.583   -34.3956 1.2368e-01     3.9252      3.418      4.957    14.0660 0.0000e+00
      3.463     -0.077     0.2861      2.587     72.320  56.451839     2.9816     15.583   -34.2998 1.2370e-01     3.9547      3.397      4.927    14.0029 0.0000e+00
      3.442     -0.073     0.2572      2.797     72.258  56.423346     3.0126     15.582   -34.7074 1.2373e-01     4.0909      3.374      4.893    13.9972 0.0000e+00
      3.425     -0.069     0.2470      3.077     72.004  56.269932     3.0786     15.580   -35.6248 1.2370e-01     4.3017      3.358      4.870    14.0464 0.0000e+00
      3.410     -0.065     0.2504      3.353     72.006  56.312119     3.1226     15.580   -36.0141 1.2368e-01     4.4096      3.347      4.854    14.0443 0.0000e+00
      3.395     -0.060     0.2633      3.573     72.260  56.552349     3.1338     15.580   -35.8005 1.2368e-01     4.4339      3.331      4.830    14.0086 0.0000e+00
      3.378     -0.056     0.2849      3.759     72.667  56.951230     3.2046     15.580   -36.2255 1.2369e-01     4.6643      3.312      4.804    14.0337 0.0000e+00
