Data/DataNotYetUploadedToEDI/Raw_CTD/RawDownloads/092120_fcr50.cnv
* Sea-Bird SBE19plus  Data File:
* FileName = C:\DATA\20200921_fcr_50_0001.hex
* Software version 2.8.0.119
* Temperature SN = 7809
* Conductivity SN = 7809
* System UpLoad Time = Sep 21 2020 16:58:39
* <ApplicationData>
* <Seaterm232>
# nquan = 15
# nvalues = 4710                        
# units = specified
# name 0 = depFM: Depth [fresh water, m]
# name 1 = dz/dtM: Descent Rate [m/s]
# name 2 = sbeox0Mg/L: Oxygen, SBE 43 [mg/l]
# name 3 = sbeox0PS: Oxygen, SBE 43 [% saturation]
# name 4 = specc: Specific Conductance [uS/cm]
# name 5 = c0uS/cm: Conductivity [uS/cm]
# name 6 = flECO-AFL: Fluorescence, WET Labs ECO-AFL/FL [mg/m^3]
# name 7 = ph: pH
# name 8 = orp: Oxidation Reduction Potential [mV]
# name 9 = par/sat/log: PAR/Logarithmic, Satlantic
# name 10 = turbWETntu0: Turbidity, WET Labs ECO [NTU]
# name 11 = prdM: Pressure, Strain Gauge [db]
# name 12 = prdE: Pressure, Strain Gauge [psi]
# name 13 = tv290C: Temperature [ITS-90, deg C]
# name 14 = flag:  0.000e+00
# span 0 =     -0.523,      9.692       
# span 1 =     -0.198,      0.928       
# span 2 =     0.0319,    10.5675       
# span 3 =      0.411,    104.689       
# span 4 =      0.578,    232.390       
# span 5 =   0.412606, 171.126969       
# span 6 =    -1.0289,   260.4037       
# span 7 =     15.445,     15.842       
# span 8 = -1240.7455,  1207.4642       
# span 9 = 1.2356e-01, 1.3681e+03       
# span 10 =   -11.8225,   413.7391      
# span 11 =     -0.513,      9.505      
# span 12 =     -0.744,     13.786      
# span 13 =    10.6699,    18.5614      
# span 14 = 0.0000e+00, 0.0000e+00      
# interval = seconds: 0.25
# start_time = Sep 20 2020 20:17:16 [Instrument's time stamp, header]
# bad_flag = -9.990e-29
*END*
[from data line 482]
      2.133      0.013     7.4509     79.659     36.738  32.004289     3.2935     15.496   207.5677 1.9281e+00    11.3059      2.093      3.035    18.5407 0.0000e+00
      2.136      0.012     7.4566     79.658     36.766  32.028938     3.3505     15.496   207.9557 1.9174e+00    11.5930      2.095      3.038    18.5412 0.0000e+00
      2.137      0.012     7.4571     79.670     36.788  32.047811     3.3956     15.496   208.1614 1.9169e+00    11.8000      2.095      3.039    18.5457 0.0000e+00
      2.138      0.013     7.4580     79.657     36.782  32.042139     3.4096     15.496   208.2480 1.9183e+00    11.8165      2.097      3.041    18.5502 0.0000e+00
      2.141      0.016     7.4556     79.627     36.760  32.023794     3.4150     15.495   207.9695 1.9117e+00    11.5524      2.099      3.045    18.5525 0.0000e+00
      2.145      0.020     7.4537     79.621     36.749  32.016354     3.4325     15.494   207.8065 1.8760e+00    11.1131      2.101      3.048    18.5542 0.0000e+00
      2.152      0.023     7.4586     79.643     36.746  32.015626     3.4587     15.494   208.0831 1.8079e+00    10.9336      2.108      3.057    18.5533 0.0000e+00
      2.161      0.025     7.4563     79.678     36.745  32.014994     3.4746     15.494   208.3882 1.7598e+00    10.9278      2.121      3.075    18.5515 0.0000e+00
      2.169      0.025     7.4515     79.697     36.737  32.008704     3.4441     15.495   208.5709 1.7384e+00    10.6993      2.127      3.085    18.5529 0.0000e+00
      2.175      0.024     7.4506     79.692     36.730  32.003030     3.3659     15.495   208.3997 1.7148e+00    10.3340      2.132      3.093    18.5564 0.0000e+00
      2.180      0.021     7.4528     79.692     36.739  32.009838     3.3201     15.494   208.2972 1.6949e+00    10.1496      2.138      3.103    18.5584 0.0000e+00
      2.184      0.018     7.4569     79.697     36.759  32.027568     3.3287     15.494   208.3635 1.6719e+00    10.1871      2.141      3.106    18.5600 0.0000e+00
      2.189      0.016     7.4597     79.699     36.759  32.027063     3.3557     15.495   208.3410 1.6531e+00    10.5470      2.147      3.114    18.5607 0.0000e+00
      2.193      0.016     7.4568     79.702     36.732  32.003732     3.3804     15.496   208.5412 1.6431e+00    11.1358      2.151      3.119    18.5607 0.0000e+00
      2.196      0.017     7.4574     79.705     36.727  31.999265     3.3882     15.496   209.0633 1.6272e+00    11.4702      2.154      3.122    18.5607 0.0000e+00
      2.199      0.018     7.4587     79.685     36.769  32.036493     3.3832     15.495   209.4048 1.6096e+00    11.5343      2.157      3.129    18.5595 0.0000e+00
      2.204      0.018     7.4583     79.643     36.811  32.073180     3.3683     15.494   209.1433 1.5825e+00    11.4299      2.160      3.132    18.5588 0.0000e+00
      2.211      0.018     7.4586     79.609     36.798  32.062163     3.3508     15.494   208.9984 1.5617e+00    11.1697      2.167      3.144    18.5587 0.0000e+00
      2.217      0.018     7.4599     79.576     36.762  32.030182     3.3344     15.495   209.2023 1.5569e+00    10.9973      2.175      3.155    18.5586 0.0000e+00
      2.221      0.017     7.4586     79.547     36.732  32.003731     3.3227     15.496   209.4571 1.5439e+00    10.9592      2.178      3.158    18.5596 0.0000e+00
      2.224      0.016     7.4516     79.543     36.725  31.996136     3.3229     15.496   209.7566 1.5188e+00    10.9149      2.180      3.161    18.5606 0.0000e+00
      2.228      0.014     7.4503     79.564     36.733  32.001786     3.3278     15.496   209.7255 1.4990e+00    10.7024      2.185      3.169    18.5605 0.0000e+00
      2.232      0.012     7.4472     79.609     36.742  32.008602     3.3348     15.496   209.5114 1.4895e+00    10.3802      2.189      3.176    18.5597 0.0000e+00
      2.235      0.011     7.4429     79.688     36.750  32.015098     3.3303     15.496   209.5776 1.4794e+00    10.1787      2.191      3.178    18.5597 0.0000e+00
      2.237      0.011     7.4432     79.759     36.753  32.016884     3.3120     15.497   209.9233 1.4765e+00    10.1198      2.194      3.183    18.5581 0.0000e+00
      2.239      0.012     7.4461     79.760     36.768  32.030199     3.2943     15.497   210.1643 1.4844e+00    10.0798      2.196      3.184    18.5550 0.0000e+00
      2.240      0.013     7.4492     79.730     36.789  32.049185     3.2783     15.496   210.2536 1.4800e+00    10.0048      2.197      3.186    18.5534 0.0000e+00
      2.244      0.015     7.4578     79.708     36.796  32.056105     3.2715     15.496   210.3156 1.4530e+00     9.9678      2.200      3.190    18.5527 0.0000e+00
      2.249      0.017     7.4694     79.666     36.789  32.050433     3.2781     15.496   210.1389 1.4230e+00     9.9754      2.205      3.197    18.5526 0.0000e+00
      2.255      0.019     7.4658     79.611     36.781  32.044046     3.3492     15.496   210.1822 1.4037e+00    10.4413      2.211      3.207    18.5533 0.0000e+00
      2.261      0.021     7.4605     79.577     36.779  32.042335     3.4731     15.495   210.3225 1.3845e+00    11.3776      2.216      3.214    18.5542 0.0000e+00
      2.266      0.022     7.4617     79.560     36.764  32.029740     3.5270     15.496   210.0280 1.3663e+00    11.8537      2.223      3.224    18.5548 0.0000e+00
      2.271      0.021     7.4566     79.540     36.750  32.018659     3.5238     15.497   209.8060 1.3618e+00    11.8382      2.227      3.230    18.5557 0.0000e+00
      2.277      0.020     7.4494     79.523     36.769  32.035238     3.5388     15.497   209.7887 1.3561e+00    11.9458      2.231      3.236    18.5567 0.0000e+00
      2.283      0.020     7.4465     79.516     36.774  32.039863     3.5661     15.497   209.9046 1.3331e+00    12.1929      2.241      3.250    18.5567 0.0000e+00
      2.288      0.021     7.4463     79.508     36.740  32.011134     3.5871     15.496   210.0031 1.3149e+00    12.3189      2.245      3.256    18.5573 0.0000e+00
      2.291      0.022     7.4436     79.514     36.733  32.005106     3.5917     15.496   209.9475 1.3107e+00    12.3028      2.246      3.258    18.5586 0.0000e+00
      2.295      0.022     7.4412     79.538     36.763  32.030422     3.5847     15.496   209.9205 1.2945e+00    12.2387      2.250      3.264    18.5592 0.0000e+00
      2.302      0.021     7.4418     79.551     36.801  32.063443     3.5872     15.496   209.7628 1.2491e+00    11.8877      2.256      3.272    18.5594 0.0000e+00
      2.312      0.021     7.4401     79.576     36.829  32.087137     3.6033     15.496   209.8476 1.2016e+00    11.2851      2.267      3.289    18.5595 0.0000e+00
      2.319      0.020     7.4395     79.638     36.803  32.063120     3.6068     15.496   210.2571 1.1891e+00    10.9608      2.275      3.300    18.5594 0.0000e+00
      2.322      0.019     7.4448     79.723     36.762  32.026838     3.6013     15.497   210.4118 1.1900e+00    10.9195      2.276      3.301    18.5593 0.0000e+00
      2.323      0.019     7.4443     79.826     36.766  32.029122     3.6223     15.497   210.5142 1.1851e+00    10.9568      2.278      3.304    18.5587 0.0000e+00
      2.326      0.019     7.4446     79.905     36.766  32.027292     3.6610     15.497   210.7209 1.1801e+00    11.0684      2.281      3.309    18.5581 0.0000e+00
      2.331      0.019     7.4538     79.934     36.741  32.004708     3.6789     15.497   210.7595 1.1645e+00    11.1365      2.286      3.315    18.5573 0.0000e+00
      2.338      0.020     7.4591     79.948     36.750  32.009850     3.6769     15.498   210.9812 1.1397e+00    11.1622      2.292      3.326    18.5557 0.0000e+00
      2.346      0.020     7.4726     79.955     36.775  32.026009     3.6646     15.498   211.3358 1.1157e+00    11.2759      2.301      3.338    18.5530 0.0000e+00
      2.351      0.019     7.4813     79.925     36.762  32.009738     3.6443     15.497   211.1755 1.0932e+00    11.4471      2.307      3.345    18.5518 0.0000e+00
      2.355      0.019     7.4815     79.859     36.758  32.003450     3.6417     15.497   210.9368 1.0722e+00    11.5505      2.309      3.348    18.5516 0.0000e+00
      2.358      0.019     7.4833     79.777     36.769  32.013425     3.6608     15.497   210.9449 1.0624e+00    11.5980      2.312      3.354    18.5471 0.0000e+00
      2.362      0.018     7.4870     79.666     36.755  32.003449     3.6753     15.497   210.9292 1.0571e+00    11.5415      2.315      3.359    18.5382 0.0000e+00
      2.366      0.018     7.4862     79.551     36.758  32.009727     3.6749     15.497   211.1763 1.0383e+00    11.4167      2.319      3.364    18.5301 0.0000e+00
      2.373      0.018     7.4775     79.462     36.775  32.025895     3.6653     15.497   211.6958 1.0188e+00    11.3590      2.327      3.375    18.5264 0.0000e+00
      2.379      0.018     7.4731     79.387     36.755  32.008592     3.6638     15.497   212.0484 1.0117e+00    11.3593      2.334      3.386    18.5269 0.0000e+00
      2.383      0.017     7.4594     79.344     36.735  31.990864     3.7045     15.496   212.1701 1.0147e+00    11.4204      2.336      3.389    18.5321 0.0000e+00
      2.386      0.017     7.4462     79.361     36.750  32.001888     3.7762     15.496   212.2212 1.0070e+00    11.5138      2.340      3.394    18.5376 0.0000e+00
      2.389      0.017     7.4396     79.425     36.767  32.014985     3.8055     15.497   212.1498 9.8578e-01    11.5609      2.342      3.397    18.5399 0.0000e+00
      2.393      0.017     7.4310     79.520     36.775  32.022321     3.7919     15.497   211.9083 9.8151e-01    11.5438      2.346      3.403    18.5402 0.0000e+00
      2.398      0.019     7.4258     79.634     36.780  32.027144     3.8022     15.497   211.8825 9.7577e-01    11.5819      2.351      3.411    18.5384 0.0000e+00
      2.404      0.022     7.4291     79.742     36.760  32.009851     3.8444     15.497   212.3536 9.4834e-01    11.7473      2.357      3.418    18.5352 0.0000e+00
      2.409      0.024     7.4361     79.843     36.751  32.003573     3.8728     15.497   212.7864 9.2873e-01    11.8608      2.363      3.427    18.5329 0.0000e+00
      2.414      0.025     7.4443     79.930     36.763  32.014684     3.8688     15.497   212.8998 9.0958e-01    11.8565      2.366      3.432    18.5331 0.0000e+00
      2.421      0.024     7.4572     79.995     36.765  32.017302     3.8637     15.497   213.0365 8.7829e-01    11.9015      2.374      3.442    18.5340 0.0000e+00
      2.431      0.023     7.4661     80.022     36.785  32.035229     3.8772     15.497   212.8044 8.5937e-01    12.2323      2.385      3.459    18.5345 0.0000e+00
      2.438      0.021     7.4760     79.979     36.790  32.041099     3.8891     15.497   212.4170 8.5377e-01    12.7661      2.392      3.469    18.5360 0.0000e+00
      2.441      0.018     7.4843     79.898     36.770  32.024825     3.8741     15.497   212.4819 8.4827e-01    13.0340      2.394      3.472    18.5377 0.0000e+00
      2.444      0.014     7.4895     79.821     36.773  32.028807     3.8479     15.496   212.8148 8.3566e-01    12.9995      2.397      3.477    18.5385 0.0000e+00
      2.447      0.013     7.4953     79.737     36.768  32.025800     3.8489     15.495   213.0865 8.2267e-01    12.7618      2.400      3.481    18.5393 0.0000e+00
      2.449      0.013     7.4886     79.663     36.726  31.988462     3.8675     15.496   213.0995 8.2230e-01    12.3568      2.402      3.485    18.5406 0.0000e+00
      2.451      0.015     7.4785     79.625     36.695  31.958035     3.8729     15.496   212.6283 8.2359e-01    12.1200      2.404      3.487    18.5429 0.0000e+00
      2.454      0.017     7.4727     79.610     36.722  31.975139     3.8664     15.496   211.8628 8.1608e-01    12.0953      2.406      3.490    18.5455 0.0000e+00
      2.459      0.018     7.4638     79.615     36.765  32.004915     3.8743     15.497   212.0175 8.0315e-01    12.2644      2.411      3.497    18.5474 0.0000e+00
      2.466      0.019     7.4547     79.643     36.766  32.000811     3.9111     15.498   212.6065 7.9238e-01    12.6191      2.418      3.507    18.5475 0.0000e+00
      2.473      0.019     7.4538     79.643     36.753  31.988963     3.9394     15.498   212.6177 7.8666e-01    12.8138      2.427      3.519    18.5433 0.0000e+00
      2.478      0.019     7.4537     79.585     36.752  31.988548     3.9404     15.497   212.7542 7.7779e-01    12.7989      2.431      3.525    18.5329 0.0000e+00
      2.482      0.019     7.4549     79.500     36.761  31.995792     3.9516     15.497   212.8802 7.7615e-01    12.6105      2.433      3.529    18.5197 0.0000e+00
      2.484      0.020     7.4615     79.404     36.781  32.013105     3.9795     15.498   212.3350 7.8089e-01    12.2523      2.436      3.534    18.5125 0.0000e+00
      2.488      0.022     7.4632     79.335     36.775  32.007547     4.0015     15.498   211.7543 7.6149e-01    12.0737      2.438      3.536    18.5125 0.0000e+00
      2.494      0.026     7.4547     79.355     36.755  31.992032     4.0084     15.498   211.6246 7.2361e-01    12.1336      2.445      3.546    18.5151 0.0000e+00
      2.503      0.031     7.4468     79.415     36.779  32.015854     3.9953     15.498   211.7134 6.9900e-01    12.1521      2.456      3.562    18.5165 0.0000e+00
      2.511      0.034     7.4381     79.462     36.804  32.041802     3.9760     15.499   211.9679 6.9081e-01    12.2284      2.463      3.572    18.5139 0.0000e+00
      2.519      0.034     7.4263     79.534     36.811  32.051990     3.9752     15.499   212.0340 6.7427e-01    12.4383      2.468      3.579    18.5125 0.0000e+00
      2.532      0.033     7.4318     79.648     36.836  32.075585     3.9961     15.499   211.7385 6.4007e-01    12.5269      2.483      3.601    18.5152 0.0000e+00
      2.543      0.031     7.4399     79.762     36.831  32.073306     4.0094     15.499   211.5779 6.1327e-01    12.5109      2.498      3.623    18.5199 0.0000e+00
      2.549      0.028     7.4397     79.861     36.773  32.024443     3.9073     15.498   211.6400 6.1124e-01    12.2789      2.500      3.626    18.5275 0.0000e+00
      2.552      0.025     7.4447     79.929     36.736  31.992357     3.7056     15.498   211.8885 6.1562e-01    11.8163      2.503      3.630    18.5329 0.0000e+00
      2.557      0.021     7.4582     79.933     36.748  32.002594     3.6021     15.498   212.2592 6.0639e-01    11.5866      2.507      3.636    18.5343 0.0000e+00
      2.564      0.018     7.4685     79.921     36.769  32.021314     3.6088     15.498   212.5083 5.9866e-01    11.5961      2.515      3.646    18.5366 0.0000e+00
      2.570      0.017     7.4768     79.952     36.777  32.028367     3.6158     15.498   212.5774 5.9961e-01    11.5532      2.522      3.658    18.5386 0.0000e+00
      2.574      0.017     7.4868     79.980     36.772  32.024418     3.5999     15.497   212.3202 5.9074e-01    11.4455      2.524      3.661    18.5395 0.0000e+00
      2.576      0.020     7.4841     79.951     36.785  32.037016     3.5893     15.497   212.2382 5.8021e-01    11.3927      2.526      3.665    18.5391 0.0000e+00
      2.578      0.025     7.4797     79.907     36.804  32.053801     3.6018     15.497   212.2741 5.7867e-01    11.4293      2.529      3.667    18.5384 0.0000e+00
      2.582      0.030     7.4850     79.872     36.785  32.037028     3.6171     15.497   211.9799 5.7508e-01    11.4760      2.531      3.670    18.5386 0.0000e+00
      2.590      0.034     7.4915     79.832     36.771  32.024543     3.6213     15.497   212.4663 5.5681e-01    11.5107      2.536      3.679    18.5398 0.0000e+00
      2.606      0.035     7.4843     79.782     36.776  32.029748     3.6146     15.498   213.5096 5.3264e-01    11.5405      2.555      3.706    18.5416 0.0000e+00
      2.622      0.035     7.4794     79.709     36.784  32.036504     3.6032     15.498   213.6665 5.2136e-01    11.5625      2.577      3.736    18.5421 0.0000e+00
