Data/DataNotYetUploadedToEDI/Raw_CTD/RawDownloads/092118_bvr50.cnv
* Sea-Bird SBE19plus  Data File:
* FileName = C:\DATA\092118_bvr_0001.hex
* Software version 2.6.3.104
* Temperature SN = 7809
* Conductivity SN = 7809
* System UpLoad Time = Sep 21 2018 18:25:24
* <ApplicationData>
* <Seaterm232>
# nquan = 17
# nvalues = 1506                        
# units = specified
# name 0 = depFM: Depth [fresh water, m]
# name 1 = tv290C: Temperature [ITS-90, deg C]
# name 2 = sbeox0Mg/L: Oxygen, SBE 43 [mg/l]
# name 3 = sbeox0PS: Oxygen, SBE 43 [% saturation]
# name 4 = c0uS/cm: Conductivity [uS/cm]
# name 5 = specc: Specific Conductance [uS/cm]
# name 6 = ph: pH
# name 7 = orp: Oxidation Reduction Potential [mV]
# name 8 = flECO-AFL: Fluorescence, WET Labs ECO-AFL/FL [mg/m^3]
# name 9 = turbWETntu0: Turbidity, WET Labs ECO [NTU]
# name 10 = sal00: Salinity, Practical [PSU]
# name 11 = dz/dtM: Descent Rate [m/s]
# name 12 = prdM: Pressure, Strain Gauge [db]
# name 13 = prdE: Pressure, Strain Gauge [psi]
# name 14 = scan: Scan Count
# name 15 = par/sat/log: PAR/Logarithmic, Satlantic
# name 16 = flag:  0.000e+00
# span 0 =     -0.595,     10.192       
# span 1 =     8.1259,    30.6701       
# span 2 =     0.0659,     9.3316       
# span 3 =      0.560,    111.437       
# span 4 =   0.984462, 121.531320       
# span 5 =      0.884,    183.426       
# span 6 =      5.994,      8.034       
# span 7 = -1240.7455,   961.9408       
# span 8 =    -0.1860,    14.3388       
# span 9 =    -0.7614,    25.7185       
# span 10 =     0.0137,     0.0846      
# span 11 =     -0.020,      0.196      
# span 12 =     -0.583,      9.995      
# span 13 =     -0.846,     14.496      
# span 14 =          1,       1506      
# span 15 = 1.2300e-01, 1.5475e+03      
# span 16 = 0.0000e+00, 0.0000e+00      
# interval = seconds: 0.25
# start_time = Sep 21 2018 17:31:12 [Instrument's time stamp, header]
# bad_flag = -9.990e-29
*END*
[from data line 1022]
      4.921    14.4583     0.1456      1.409  31.675618     40.019      6.493   285.0532     7.7234     1.9510     0.0224      0.038      4.826      7.000       1023 1.2966e+01 0.0000e+00
      4.931    14.3982     0.1413      1.365  31.971741     40.459      6.496   284.9774     7.7638     1.8436     0.0226      0.037      4.835      7.013       1024 1.2817e+01 0.0000e+00
      4.939    14.3410     0.1369      1.321  32.092795     40.662      6.496   284.7124     7.7355     1.9645     0.0227      0.036      4.844      7.025       1025 1.2670e+01 0.0000e+00
      4.948    14.2827     0.1312      1.265  32.088407     40.723      6.495   284.9774     6.8540     1.8436     0.0227      0.036      4.853      7.039       1026 1.2449e+01 0.0000e+00
      4.960    14.2234     0.1393      1.341  32.244111     40.960      6.493   285.0910     6.8419     1.8436     0.0228      0.037      4.865      7.057       1027 1.2127e+01 0.0000e+00
      4.977    14.1547     0.1289      1.241  32.373512     41.234      6.491   284.9774     6.8540     1.8705     0.0228      0.040      4.880      7.079       1028 1.1832e+01 0.0000e+00
      4.993    14.0794     0.1342      1.292  32.550129     41.439      6.487   284.8639     6.8580     1.9107     0.0229      0.043      4.895      7.100       1029 1.1614e+01 0.0000e+00
      5.005    14.0119     0.1288      1.239  32.884315     42.047      6.486   284.5989     7.5333     1.8705     0.0231      0.046      4.907      7.117       1030 1.1455e+01 0.0000e+00
      5.013    13.9548     0.1293      1.243  32.965907     42.128      6.482   284.8639     7.5455     1.8436     0.0231      0.047      4.916      7.130       1031 1.1337e+01 0.0000e+00
      5.021    13.9033     0.1297      1.246  32.952752     42.273      6.482   284.3717     7.5495     1.8839     0.0232      0.048      4.925      7.143       1032 1.1167e+01 0.0000e+00
      5.032    13.8484     0.1283      1.232  32.900717     42.191      6.481   284.4853     7.5333     1.9376     0.0231      0.047      4.935      7.157       1033 1.0978e+01 0.0000e+00
      5.042    13.7882     0.1258      1.206  32.912070     42.319      6.478   284.6367     8.3663     1.9107     0.0232      0.046      4.944      7.171       1034 1.0856e+01 0.0000e+00
      5.050    13.7379     0.1252      1.200  33.057268     42.522      6.476   284.4474     8.3502     1.8839     0.0232      0.043      4.952      7.182       1035 1.0762e+01 0.0000e+00
      5.056    13.6960     0.1291      1.237  33.194527     42.805      6.476   285.0532     8.3340     1.8705     0.0233      0.038      4.959      7.192       1036 1.0679e+01 0.0000e+00
      5.063    13.6573     0.1219      1.169  33.364040     43.041      6.475   285.2803     8.3623     1.8302     0.0234      0.035      4.965      7.202       1037 1.0503e+01 0.0000e+00
      5.071    13.6346     0.1226      1.175  33.617380     43.448      6.473   285.6967     9.1831     2.0987     0.0236      0.033      4.972      7.212       1038 1.0354e+01 0.0000e+00
      5.077    13.6267     0.1204      1.153  33.739285     43.637      6.470   285.9617     9.1629     2.1122     0.0236      0.031      4.979      7.221       1039 1.0328e+01 0.0000e+00
      5.083    13.6130     0.1166      1.116  33.686839     43.590      6.470   285.8482     9.1670     2.1122     0.0236      0.030      4.985      7.230       1040 1.0271e+01 0.0000e+00
      5.089    13.5751     0.1156      1.106  33.682659     43.599      6.469   286.3782     9.1346     2.0719     0.0236      0.027      4.991      7.238       1041 1.0186e+01 0.0000e+00
      5.096    13.5366     0.1086      1.038  33.685181     43.613      6.468   286.9839     9.1548     1.9779     0.0236      0.026      4.997      7.247       1042 1.0176e+01 0.0000e+00
      5.101    13.5016     0.1044      0.996  33.624395     43.585      6.468   286.4160     8.9001     1.7765     0.0236      0.025      5.002      7.256       1043 1.0127e+01 0.0000e+00
      5.107    13.4507     0.1080      1.029  33.580386     43.556      6.469   286.9839     8.9243     1.6959     0.0235      0.025      5.008      7.264       1044 1.0067e+01 0.0000e+00
      5.114    13.4214     0.1115      1.060  33.562032     43.593      6.465   286.6810     8.8960     1.7228     0.0236      0.024      5.014      7.272       1045 1.0016e+01 0.0000e+00
      5.116    13.4432     0.1165      1.106  33.528631     43.581      6.467   286.1132     8.8880     1.6422     0.0235      0.023      5.016      7.275       1046 9.9744e+00 0.0000e+00
      5.115    13.4448     0.1091      1.035  33.562661     43.687      6.467   286.4160     8.3663     1.8839     0.0236      0.020      5.016      7.275       1047 9.9455e+00 0.0000e+00
      5.114    13.4019     0.1127      1.068  33.579004     43.662      6.468   285.7346     8.3663     1.8973     0.0236      0.017      5.016      7.275       1048 9.8681e+00 0.0000e+00
      5.117    13.3940     0.1194      1.131  33.567601     43.656      6.469   286.4539     8.3502     1.8570     0.0236      0.013      5.018      7.277       1049 9.7922e+00 0.0000e+00
      5.120    13.3982     0.1211      1.146  33.576854     43.712      6.469   286.1132     8.3421     1.8167     0.0236      0.010      5.021      7.282       1050 9.7158e+00 0.0000e+00
      5.124    13.3676     0.1212      1.145  33.567500     43.716      6.467   286.2646     8.2288     2.0450     0.0236      0.009      5.025      7.288       1051 9.6883e+00 0.0000e+00
      5.127    13.3118     0.1173      1.107  33.579249     43.713      6.469   286.1132     8.2288     2.0584     0.0236      0.008      5.031      7.297       1052 9.6335e+00 0.0000e+00
      5.141    13.2383     0.1245      1.174  33.680861     43.892      6.469   287.1353     8.2410     2.1122     0.0236      0.011      5.045      7.316       1053 9.4320e+00 0.0000e+00
      5.165    13.1570     0.1161      1.093  33.826588     44.139      6.467   287.2867     8.2450     2.1122     0.0237      0.020      5.064      7.344       1054 9.2475e+00 0.0000e+00
      5.185    13.0789     0.1220      1.148  34.050358     44.516      6.462   287.4382     7.9256     1.8839     0.0238      0.032      5.083      7.371       1055 9.1829e+00 0.0000e+00
      5.199    13.0199     0.1210      1.138  34.292112     44.941      6.458   287.5139     7.9134     1.8705     0.0240      0.042      5.096      7.391       1056 9.1463e+00 0.0000e+00
      5.207    12.9751     0.1224      1.150  34.356154     45.107      6.453   286.7946     7.9337     1.9107     0.0240      0.050      5.106      7.406       1057 9.0732e+00 0.0000e+00
      5.217    12.9301     0.1231      1.155  34.356232     45.177      6.454   286.7567     7.9337     1.9510     0.0240      0.054      5.116      7.420       1058 8.9907e+00 0.0000e+00
      5.226    12.8856     0.1176      1.102  34.469985     45.377      6.451   286.1889     8.8596     1.8839     0.0241      0.055      5.124      7.432       1059 8.9114e+00 0.0000e+00
      5.232    12.8457     0.1220      1.142  34.570501     45.578      6.449   285.2046     8.8556     1.9645     0.0242      0.052      5.131      7.442       1060 8.8128e+00 0.0000e+00
      5.238    12.8055     0.1200      1.122  34.587053     45.632      6.446   284.8260     8.8435     1.9107     0.0242      0.045      5.138      7.452       1061 8.7654e+00 0.0000e+00
      5.248    12.7620     0.1241      1.159  34.716324     45.865      6.450   284.6746     8.8637     1.9107     0.0243      0.038      5.149      7.467       1062 8.6502e+00 0.0000e+00
      5.265    12.7127     0.1180      1.101  34.943481     46.209      6.449   284.0689     8.8354     1.7765     0.0244      0.036      5.163      7.487       1063 8.4590e+00 0.0000e+00
      5.279    12.6594     0.1182      1.102  34.986509     46.336      6.449   283.7660     8.9041     1.8302     0.0244      0.037      5.175      7.506       1064 8.3729e+00 0.0000e+00
      5.289    12.6145     0.1138      1.061  34.959377     46.323      6.447   283.5767     8.8880     1.9107     0.0244      0.040      5.185      7.521       1065 8.3620e+00 0.0000e+00
      5.294    12.5797     0.1158      1.080  34.977269     46.463      6.445   283.1603     8.8960     1.9242     0.0244      0.040      5.192      7.531       1066 8.3060e+00 0.0000e+00
      5.302    12.5400     0.1108      1.032  34.964266     46.444      6.443   282.6682     8.8960     1.9510     0.0244      0.041      5.201      7.543       1067 8.2011e+00 0.0000e+00
      5.313    12.4897     0.1131      1.052  35.034897     46.635      6.449   282.6303     9.0659     1.8973     0.0245      0.041      5.211      7.558       1068 8.0880e+00 0.0000e+00
      5.325    12.4308     0.1202      1.117  35.008022     46.610      6.447   282.0246     9.0376     1.8167     0.0245      0.041      5.222      7.575       1069 7.9938e+00 0.0000e+00
      5.338    12.3757     0.1211      1.124  34.938416     46.598      6.449   282.0624     9.0457     1.8839     0.0244      0.041      5.235      7.593       1070 7.9112e+00 0.0000e+00
      5.351    12.3347     0.1196      1.109  34.884281     46.597      6.448   281.5324     9.0537     1.9913     0.0244      0.040      5.247      7.610       1071 7.8309e+00 0.0000e+00
      5.361    12.2903     0.1197      1.109  35.016103     46.816      6.446   281.1160     8.2855     2.0719     0.0245      0.041      5.257      7.625       1072 7.7220e+00 0.0000e+00
      5.372    12.2381     0.1161      1.075  35.337897     47.353      6.447   280.9267     8.2895     2.0450     0.0247      0.043      5.266      7.638       1073 7.6644e+00 0.0000e+00
      5.377    12.2076     0.1153      1.067  35.492220     47.559      6.443   279.9424     8.2935     2.1122     0.0248      0.043      5.272      7.646       1074 7.6847e+00 0.0000e+00
      5.377    12.2036     0.1149      1.062  35.506219     47.702      6.444   279.8289     8.2814     2.0719     0.0248      0.040      5.274      7.649       1075 7.6241e+00 0.0000e+00
      5.379    12.1892     0.1075      0.993  35.439132     47.591      6.444   280.0181     7.9862     1.9913     0.0247      0.034      5.277      7.652       1076 7.5409e+00 0.0000e+00
      5.386    12.1455     0.1078      0.995  35.575723     47.820      6.443   279.3746     7.9700     1.8436     0.0248      0.028      5.283      7.662       1077 7.4578e+00 0.0000e+00
      5.397    12.0905     0.1085      1.001  35.899762     48.252      6.445   279.5639     7.9741     1.9510     0.0250      0.025      5.294      7.679       1078 7.3441e+00 0.0000e+00
      5.414    12.0425     0.1114      1.026  36.222253     48.760      6.443   279.3367     7.9620     1.9242     0.0252      0.026      5.309      7.699       1079 7.2572e+00 0.0000e+00
      5.426    12.0017     0.1154      1.062  36.479435     49.173      6.439   278.7689     8.1601     2.3539     0.0254      0.029      5.321      7.716       1080 7.2325e+00 0.0000e+00
      5.434    11.9687     0.1133      1.043  36.677150     49.500      6.442   278.5417     8.1965     2.2464     0.0255      0.032      5.329      7.729       1081 7.1770e+00 0.0000e+00
      5.441    11.9392     0.1170      1.076  36.777051     49.706      6.441   278.2010     8.1844     2.2733     0.0256      0.036      5.337      7.740       1082 7.0861e+00 0.0000e+00
      5.451    11.9057     0.1146      1.053  36.918682     49.901      6.443   277.6331     8.1844     2.1659     0.0257      0.040      5.345      7.753       1083 7.0737e+00 0.0000e+00
      5.459    11.8724     0.1157      1.063  37.183114     50.357      6.440   277.2546     8.1682     2.1927     0.0258      0.041      5.353      7.764       1084 7.0531e+00 0.0000e+00
      5.464    11.8443     0.1120      1.028  37.278498     50.479      6.440   276.4596     6.4860     2.2733     0.0259      0.038      5.359      7.772       1085 7.0222e+00 0.0000e+00
      5.469    11.8174     0.1106      1.015  37.304236     50.600      6.441   276.8381     6.4941     2.3404     0.0259      0.034      5.364      7.779       1086 6.9807e+00 0.0000e+00
      5.474    11.7788     0.1106      1.014  37.447716     50.791      6.442   276.3460     6.4699     2.2196     0.0260      0.029      5.370      7.789       1087 6.8654e+00 0.0000e+00
      5.485    11.7310     0.1055      0.967  37.782176     51.321      6.443   276.0053     6.4254     2.2196     0.0262      0.028      5.379      7.801       1088 6.7784e+00 0.0000e+00
      5.494    11.6899     0.1111      1.018  38.044841     51.717      6.442   275.6267     6.2111     2.2196     0.0264      0.028      5.388      7.814       1089 6.6929e+00 0.0000e+00
      5.501    11.6614     0.1078      0.986  38.129372     51.899      6.442   275.7024     6.2232     2.1122     0.0264      0.028      5.395      7.825       1090 6.5853e+00 0.0000e+00
      5.507    11.6389     0.1113      1.017  38.151604     51.995      6.443   275.5510     6.2030     2.1793     0.0264      0.028      5.402      7.835       1091 6.5575e+00 0.0000e+00
      5.517    11.6155     0.1094      1.000  38.165509     52.035      6.442   275.7781     6.1989     2.0719     0.0265      0.029      5.411      7.848       1092 6.5189e+00 0.0000e+00
      5.530    11.5907     0.1046      0.955  38.260399     52.220      6.443   275.2860     6.1383     2.0047     0.0265      0.032      5.422      7.864       1093 6.4796e+00 0.0000e+00
      5.541    11.5617     0.1127      1.029  38.389483     52.406      6.444   274.9453     6.1504     2.1927     0.0266      0.035      5.433      7.880       1094 6.4576e+00 0.0000e+00
      5.549    11.5306     0.1076      0.981  38.746458     52.938      6.439   274.1503     6.1464     2.1524     0.0268      0.036      5.441      7.892       1095 6.4447e+00 0.0000e+00
      5.555    11.5045     0.1050      0.958  39.091697     53.477      6.440   273.9231     6.1302     2.1524     0.0270      0.036      5.448      7.902       1096 6.4720e+00 0.0000e+00
      5.562    11.4785     0.1086      0.990  39.176070     53.599      6.442   273.8096     5.1759     2.1122     0.0271      0.035      5.455      7.913       1097 6.4016e+00 0.0000e+00
      5.572    11.4493     0.1096      0.998  39.264419     53.790      6.437   273.3174     5.1799     2.0316     0.0272      0.036      5.465      7.926       1098 6.3238e+00 0.0000e+00
      5.584    11.4218     0.1135      1.033  39.278405     53.829      6.436   272.5603     5.2002     2.1390     0.0272      0.036      5.475      7.941       1099 6.3109e+00 0.0000e+00
      5.593    11.3930     0.1070      0.974  39.277335     53.872      6.440   272.4467     5.2285     2.1524     0.0272      0.036      5.485      7.956       1100 6.1922e+00 0.0000e+00
      5.604    11.3606     0.1022      0.930  39.651409     54.411      6.437   272.4088     5.2123     2.0584     0.0274      0.035      5.495      7.971       1101 6.0381e+00 0.0000e+00
      5.614    11.3294     0.1037      0.942  40.088487     55.107      6.437   272.0303     5.1961     2.1524     0.0277      0.036      5.505      7.985       1102 5.9872e+00 0.0000e+00
      5.624    11.3000     0.1057      0.960  40.187009     55.233      6.436   271.8788     5.1961     1.9645     0.0277      0.038      5.515      7.999       1103 5.9437e+00 0.0000e+00
      5.633    11.2737     0.1034      0.939  40.329787     55.512      6.435   271.8410     5.2285     2.0987     0.0278      0.039      5.524      8.011       1104 5.9145e+00 0.0000e+00
      5.640    11.2525     0.0974      0.885  40.474473     55.749      6.438   271.2353     5.2042     1.9779     0.0279      0.039      5.531      8.021       1105 5.8825e+00 0.0000e+00
      5.646    11.2347     0.1046      0.949  40.451957     55.752      6.437   271.1595     4.9575     2.2196     0.0279      0.037      5.537      8.031       1106 5.8260e+00 0.0000e+00
