Data/DataNotYetUploadedToEDI/Raw_CTD/RawDownloads/092320_ccr50.cnv
* Sea-Bird SBE19plus  Data File:
* FileName = C:\DATA\092320_ccr50_0001.hex
* Software version 2.8.0.119
* Temperature SN = 7809
* Conductivity SN = 7809
* System UpLoad Time = Sep 23 2020 19:42:12
* <ApplicationData>
* <Seaterm232>
# nquan = 16
# nvalues = 5513                        
# units = specified
# name 0 = depFM: Depth [fresh water, m]
# name 1 = dz/dtM: Descent Rate [m/s]
# name 2 = sbeox0ML/L: Oxygen, SBE 43 [ml/l]
# name 3 = sbeox0PS: Oxygen, SBE 43 [% saturation]
# name 4 = specc: Specific Conductance [uS/cm]
# name 5 = c0uS/cm: Conductivity [uS/cm]
# name 6 = flECO-AFL: Fluorescence, WET Labs ECO-AFL/FL [mg/m^3]
# name 7 = ph: pH
# name 8 = orp: Oxidation Reduction Potential [mV]
# name 9 = par/sat/log: PAR/Logarithmic, Satlantic
# name 10 = turbWETntu0: Turbidity, WET Labs ECO [NTU]
# name 11 = prdM: Pressure, Strain Gauge [db]
# name 12 = prdE: Pressure, Strain Gauge [psi]
# name 13 = tv290C: Temperature [ITS-90, deg C]
# name 14 = density00: Density [density, kg/m^3]
# name 15 = flag:  0.000e+00
# span 0 =     -0.460,     20.469       
# span 1 =     -0.265,      0.107       
# span 2 =     0.3000,     6.1777       
# span 3 =      3.884,     99.679       
# span 4 =      4.187,     90.402       
# span 5 =   3.885163,  64.325565       
# span 6 =    -1.2022,     1.2065       
# span 7 =     15.234,     15.764       
# span 8 = -1240.2372,  1211.5436       
# span 9 = 1.2341e-01, 1.1972e+03       
# span 10 =    -3.1573,    92.4988      
# span 11 =     -0.453,     20.073      
# span 12 =     -0.656,     29.114      
# span 13 =    10.5521,    28.5859      
# span 14 =   996.0767,   999.7796      
# span 15 = 0.0000e+00, 0.0000e+00      
# interval = seconds: 0.25
# start_time = Sep 23 2020 00:06:24 [Instrument's time stamp, header]
# bad_flag = -9.990e-29
*END*
[from data line 1266]
      6.690      0.024     2.0389     28.629     52.996  46.317244     0.7153     15.565   230.4878 1.4122e+01     1.8383      6.562      9.517    18.8406   998.4903 0.0000e+00
      6.695      0.024     1.9929     28.035     53.026  46.269127     0.7104     15.567   230.5962 1.4096e+01     1.9195      6.565      9.523    18.8014   998.4980 0.0000e+00
      6.700      0.024     1.9505     27.566     53.040  46.195402     0.6971     15.568   230.7962 1.4059e+01     1.8711      6.571      9.530    18.7778   998.5026 0.0000e+00
      6.705      0.028     1.9091     27.174     53.103  46.124123     0.6885     15.572   230.8412 1.4070e+01     1.8366      6.577      9.539    18.7641   998.5052 0.0000e+00
      6.708      0.034     1.8688     26.686     53.269  46.105539     0.7210     15.577   230.7970 1.4083e+01     1.8797      6.577      9.539    18.6974   998.5180 0.0000e+00
      6.714      0.039     1.8296     25.965     53.426  46.097466     0.7554     15.582   230.7775 1.4013e+01     1.9466      6.580      9.544    18.6219   998.5326 0.0000e+00
      6.729      0.041     1.8024     24.971     53.525  46.089826     0.7612     15.584   230.7785 1.3885e+01     1.9584      6.597      9.568    18.5599   998.5445 0.0000e+00
      6.748      0.041     1.7861     23.754     53.576  46.076535     0.7529     15.584   230.8077 1.3770e+01     1.9193      6.618      9.600    18.4436   998.5668 0.0000e+00
      6.762      0.039     1.7641     22.382     53.601  46.063675     0.7319     15.584   230.7866 1.3727e+01     1.8515      6.634      9.624    18.2623   998.6012 0.0000e+00
      6.770      0.036     1.7223     20.897     53.619  46.061268     0.6976     15.585   230.7823 1.3753e+01     1.7571      6.640      9.631    18.1144   998.6288 0.0000e+00
      6.774      0.032     1.6579     19.432     53.642  46.047420     0.6812     15.587   230.9273 1.3788e+01     1.7046      6.643      9.635    18.0400   998.6427 0.0000e+00
      6.778      0.029     1.5764     18.197     53.693  46.023178     0.6959     15.589   230.9915 1.3785e+01     1.6974      6.646      9.639    17.9918   998.6517 0.0000e+00
      6.783      0.027     1.4872     17.312     53.778  46.022032     0.7139     15.591   230.8701 1.3763e+01     1.6703      6.650      9.645    17.9552   998.6585 0.0000e+00
      6.792      0.026     1.3860     16.778     53.853  46.033468     0.7268     15.593   230.8365 1.3724e+01     1.6511      6.659      9.659    17.9521   998.6590 0.0000e+00
      6.803      0.024     1.2823     16.506     53.879  46.034405     0.7372     15.593   230.9281 1.3674e+01     1.6373      6.673      9.678    17.9366   998.6619 0.0000e+00
      6.812      0.022     1.2005     16.383     53.882  46.033336     0.7446     15.593   231.0312 1.3669e+01     1.6404      6.684      9.693    17.8527   998.6775 0.0000e+00
      6.816      0.021     1.1431     16.343     53.880  46.020534     0.7394     15.593   231.0514 1.3707e+01     1.7225      6.686      9.697    17.7760   998.6915 0.0000e+00
      6.816      0.020     1.1115     16.361     53.889  46.006581     0.7129     15.593   230.9994 1.3735e+01     1.8075      6.683      9.693    17.7261   998.7006 0.0000e+00
      6.817      0.020     1.0969     16.416     53.905  45.991588     0.6912     15.594   231.0052 1.3712e+01     1.8440      6.683      9.692    17.7049   998.7045 0.0000e+00
      6.823      0.021     1.0896     16.471     53.937  45.966208     0.6779     15.595   231.0352 1.3633e+01     1.8887      6.690      9.703    17.7209   998.7016 0.0000e+00
      6.832      0.024     1.0878     16.484     54.005  45.953608     0.6660     15.598   231.1043 1.3566e+01     1.9354      6.701      9.719    17.7053   998.7045 0.0000e+00
      6.840      0.027     1.0896     16.448     54.083  45.966123     0.6715     15.600   231.2388 1.3533e+01     1.9274      6.709      9.730    17.6811   998.7090 0.0000e+00
      6.847      0.027     1.0950     16.423     54.133  45.990480     0.6777     15.600   231.3707 1.3493e+01     1.8610      6.714      9.738    17.6664   998.7117 0.0000e+00
      6.854      0.027     1.1004     16.385     54.152  45.994125     0.6746     15.600   231.4090 1.3442e+01     1.8530      6.721      9.749    17.6154   998.7209 0.0000e+00
      6.861      0.028     1.1046     16.265     54.256  46.010183     0.6630     15.602   231.3574 1.3396e+01     1.8664      6.730      9.760    17.5347   998.7355 0.0000e+00
      6.866      0.028     1.1001     16.101     54.500  46.057575     0.6420     15.607   231.3495 1.3363e+01     1.7823      6.733      9.765    17.4753   998.7462 0.0000e+00
      6.871      0.026     1.0991     15.921     54.716  46.058996     0.6300     15.612   231.3994 1.3301e+01     1.6602      6.736      9.770    17.4692   998.7473 0.0000e+00
      6.880      0.022     1.1007     15.708     54.806  46.027133     0.6230     15.615   231.4442 1.3191e+01     1.5918      6.746      9.784    17.4845   998.7446 0.0000e+00
      6.892      0.017     1.0902     15.479     54.842  46.053128     0.6137     15.614   231.5468 1.3125e+01     1.5729      6.761      9.805    17.4345   998.7536 0.0000e+00
      6.898      0.015     1.0829     15.239     54.892  46.119337     0.6131     15.613   231.6930 1.3169e+01     1.5686      6.769      9.819    17.2607   998.7847 0.0000e+00
      6.896      0.015     1.0766     14.944     54.942  46.129297     0.6166     15.614   231.7495 1.3262e+01     1.6096      6.765      9.812    17.0559   998.8207 0.0000e+00
      6.890      0.016     1.0636     14.621     55.023  46.110032     0.6081     15.615   231.8000 1.3288e+01     1.6222      6.754      9.794    16.9432   998.8403 0.0000e+00
      6.891      0.019     1.0470     14.364     55.190  46.140251     0.5965     15.618   231.8738 1.3202e+01     1.5491      6.752      9.794    16.9714   998.8353 0.0000e+00
      6.902      0.022     1.0314     14.152     55.369  46.177085     0.6288     15.622   231.8669 1.3078e+01     1.5154      6.768      9.816    17.0381   998.8238 0.0000e+00
      6.915      0.025     1.0126     13.917     55.460  46.174299     0.7030     15.625   231.8881 1.3015e+01     1.5923      6.784      9.839    16.9928   998.8318 0.0000e+00
      6.925      0.025     0.9876     13.704     55.481  46.169950     0.7491     15.626   231.9586 1.3004e+01     1.6891      6.792      9.851    16.8993   998.8481 0.0000e+00
      6.931      0.020     0.9737     13.536     55.479  46.187971     0.7477     15.625   231.9451 1.3009e+01     1.6900      6.798      9.859    16.8039   998.8646 0.0000e+00
      6.933      0.014     0.9654     13.366     55.460  46.201736     0.7140     15.625   231.8967 1.3027e+01     1.6379      6.800      9.862    16.6829   998.8853 0.0000e+00
      6.933      0.008     0.9481     13.215     55.462  46.209451     0.6762     15.625   231.8898 1.3046e+01     1.6430      6.798      9.860    16.6032   998.8989 0.0000e+00
      6.933      0.004     0.9325     13.095     55.493  46.217762     0.6722     15.625   231.8620 1.3041e+01     1.6832      6.798      9.859    16.5905   998.9010 0.0000e+00
      6.935      0.003     0.9240     12.984     55.538  46.238707     0.6852     15.625   231.8181 1.3021e+01     1.6773      6.800      9.862    16.6188   998.8962 0.0000e+00
      6.937      0.004     0.9094     12.905     55.599  46.272205     0.6800     15.625   231.8752 1.3039e+01     1.6398      6.803      9.869    16.6607   998.8891 0.0000e+00
      6.937      0.008     0.8983     12.858     55.693  46.305305     0.6668     15.626   232.0361 1.3086e+01     1.6418      6.804      9.868    16.6658   998.8882 0.0000e+00
      6.935      0.014     0.8931     12.805     55.902  46.384899     0.6685     15.629   232.1286 1.3103e+01     1.6676      6.799      9.861    16.6345   998.8936 0.0000e+00
      6.936      0.021     0.8836     12.744     56.175  46.472543     0.6816     15.632   232.1337 1.3062e+01     1.6769      6.800      9.861    16.6227   998.8956 0.0000e+00
      6.943      0.026     0.8787     12.707     56.353  46.475943     0.7106     15.635   232.1839 1.2984e+01     1.6862      6.807      9.873    16.6183   998.8964 0.0000e+00
      6.955      0.028     0.8773     12.676     56.418  46.425824     0.7427     15.639   232.2195 1.2908e+01     1.6770      6.819      9.892    16.5839   998.9023 0.0000e+00
      6.967      0.026     0.8758     12.593     56.410  46.374373     0.7451     15.640   232.2199 1.2853e+01     1.6338      6.835      9.912    16.5026   998.9161 0.0000e+00
      6.977      0.022     0.8721     12.439     56.389  46.361731     0.7306     15.639   232.2745 1.2823e+01     1.6106      6.845      9.928    16.3620   998.9398 0.0000e+00
      6.981      0.019     0.8730     12.246     56.406  46.399976     0.7002     15.639   232.4498 1.2833e+01     1.6364      6.849      9.934    16.2157   998.9642 0.0000e+00
      6.980      0.020     0.8748     12.065     56.463  46.455859     0.6545     15.640   232.6187 1.2888e+01     1.6365      6.846      9.929    16.1223   998.9795 0.0000e+00
      6.976      0.026     0.8701     11.931     56.581  46.529488     0.6268     15.640   232.5955 1.2916e+01     1.5779      6.839      9.920    16.0831   998.9859 0.0000e+00
      6.979      0.034     0.8582     11.820     56.724  46.591768     0.6127     15.641   232.6002 1.2836e+01     1.5457      6.839      9.920    16.0988   998.9833 0.0000e+00
      6.993      0.043     0.8431     11.705     56.859  46.637388     0.6080     15.642   232.7612 1.2665e+01     1.5562      6.855      9.942    16.1340   998.9777 0.0000e+00
      7.014      0.053     0.8288     11.630     57.006  46.700026     0.6654     15.642   232.9067 1.2503e+01     1.6019      6.879      9.977    16.1444   998.9761 0.0000e+00
      7.034      0.061     0.8208     11.612     57.173  46.777614     0.7722     15.644   232.9833 1.2416e+01     1.6859      6.901     10.008    16.1255   998.9793 0.0000e+00
      7.048      0.066     0.8164     11.605     57.387  46.877008     0.8217     15.647   233.0844 1.2352e+01     1.7137      6.913     10.026    16.0676   998.9889 0.0000e+00
      7.059      0.070     0.8068     11.559     57.675  47.012783     0.8069     15.650   233.2695 1.2247e+01     1.6635      6.921     10.038    16.0018   998.9997 0.0000e+00
      7.074      0.073     0.8019     11.459     57.990  47.149260     0.7835     15.653   233.5865 1.2092e+01     1.6974      6.936     10.060    15.9580   999.0068 0.0000e+00
      7.095      0.074     0.8033     11.344     58.185  47.193610     0.7685     15.656   234.0788 1.1927e+01     1.8486      6.957     10.091    15.9108   999.0147 0.0000e+00
      7.119      0.072     0.8051     11.234     58.254  47.167916     0.7683     15.658   234.5747 1.1757e+01     1.9462      6.980     10.124    15.8456   999.0253 0.0000e+00
      7.144      0.064     0.8041     11.088     58.290  47.155971     0.7626     15.659   234.9360 1.1576e+01     1.9165      7.006     10.161    15.7619   999.0389 0.0000e+00
      7.165      0.053     0.7976     10.885     58.319  47.176118     0.7467     15.659   235.0918 1.1469e+01     1.7641      7.031     10.198    15.6471   999.0574 0.0000e+00
      7.176      0.042     0.7900     10.665     58.355  47.221030     0.7380     15.658   234.9965 1.1475e+01     1.6142      7.042     10.213    15.5383   999.0747 0.0000e+00
      7.176      0.034     0.7859     10.476     58.395  47.254563     0.7431     15.658   234.9025 1.1533e+01     1.6144      7.038     10.207    15.4704   999.0854 0.0000e+00
      7.174      0.029     0.7768     10.338     58.439  47.264092     0.7601     15.659   234.9014 1.1547e+01     1.6642      7.033     10.200    15.4327   999.0913 0.0000e+00
      7.179      0.027     0.7612     10.237     58.495  47.272714     0.7816     15.660   234.8106 1.1472e+01     1.6668      7.036     10.206    15.4348   999.0910 0.0000e+00
      7.192      0.028     0.7440     10.166     58.559  47.295264     0.8026     15.661   234.6657 1.1364e+01     1.6463      7.053     10.229    15.4627   999.0867 0.0000e+00
      7.206      0.029     0.7301     10.133     58.638  47.346217     0.8045     15.661   234.6121 1.1299e+01     1.6223      7.070     10.254    15.4673   999.0861 0.0000e+00
      7.215      0.030     0.7218     10.142     58.767  47.444312     0.8051     15.661   234.5918 1.1289e+01     1.6168      7.077     10.266    15.4385   999.0906 0.0000e+00
      7.219      0.029     0.7153     10.171     58.966  47.592372     0.8388     15.662   234.5068 1.1293e+01     1.6139      7.079     10.268    15.4005   999.0966 0.0000e+00
      7.222      0.027     0.7105     10.192     59.184  47.739477     0.8780     15.663   234.3591 1.1273e+01     1.6209      7.081     10.271    15.3723   999.1010 0.0000e+00
      7.227      0.025     0.7081     10.196     59.278  47.762498     0.8879     15.664   234.1830 1.1225e+01     1.6337      7.086     10.277    15.3664   999.1019 0.0000e+00
      7.234      0.023     0.7095     10.208     59.164  47.616670     0.8815     15.665   234.0981 1.1156e+01     1.6317      7.094     10.289    15.3649   999.1022 0.0000e+00
      7.244      0.020     0.7122     10.241     58.972  47.436630     0.8772     15.665   234.1067 1.1088e+01     1.6301      7.104     10.304    15.3559   999.1037 0.0000e+00
      7.253      0.016     0.7146     10.260     58.867  47.363504     0.8557     15.664   234.0287 1.1076e+01     1.6142      7.115     10.320    15.3385   999.1065 0.0000e+00
      7.257      0.013     0.7147     10.240     58.906  47.430977     0.8308     15.663   233.8434 1.1119e+01     1.6107      7.119     10.325    15.2844   999.1150 0.0000e+00
      7.254      0.012     0.7155     10.218     59.026  47.554035     0.8247     15.663   233.7595 1.1159e+01     1.6227      7.113     10.316    15.2260   999.1238 0.0000e+00
      7.250      0.012     0.7198     10.240     59.071  47.581508     0.8097     15.663   233.7883 1.1157e+01     1.6222      7.108     10.309    15.2049   999.1270 0.0000e+00
      7.252      0.013     0.7219     10.256     59.006  47.509150     0.8025     15.663   233.7613 1.1103e+01     1.6391      7.109     10.311    15.2160   999.1253 0.0000e+00
      7.260      0.014     0.7190     10.234     58.921  47.441082     0.8233     15.664   233.6915 1.1027e+01     1.6555      7.119     10.325    15.2593   999.1187 0.0000e+00
      7.270      0.016     0.7139     10.213     58.829  47.393461     0.8326     15.664   233.6316 1.0973e+01     1.6487      7.131     10.343    15.2949   999.1134 0.0000e+00
      7.276      0.016     0.7186     10.200     58.763  47.377872     0.8189     15.663   233.5540 1.0953e+01     1.6247      7.137     10.352    15.2758   999.1163 0.0000e+00
      7.276      0.016     0.7219     10.220     58.808  47.443133     0.8105     15.662   233.5275 1.0962e+01     1.6065      7.136     10.350    15.2433   999.1212 0.0000e+00
      7.276      0.017     0.7170     10.277     58.933  47.547604     0.8166     15.662   233.4839 1.0963e+01     1.6346      7.133     10.346    15.2467   999.1206 0.0000e+00
      7.278      0.018     0.7168     10.318     59.056  47.625095     0.8260     15.662   233.2842 1.0922e+01     1.6896      7.135     10.348    15.2738   999.1165 0.0000e+00
      7.284      0.021     0.7139     10.333     59.168  47.681589     0.8287     15.662   233.0920 1.0839e+01     1.7217      7.142     10.358    15.3116   999.1106 0.0000e+00
      7.293      0.024     0.7138     10.342     59.262  47.722651     0.8306     15.663   233.0529 1.0730e+01     1.7487      7.152     10.373    15.3427   999.1059 0.0000e+00
      7.302      0.026     0.7207     10.342     59.323  47.740557     0.8486     15.665   233.0697 1.0644e+01     1.8434      7.162     10.388    15.3454   999.1056 0.0000e+00
