Data/DataNotYetUploadedToEDI/Raw_CTD/RawDownloads/092320_ccr10.cnv
* Sea-Bird SBE19plus  Data File:
* FileName = C:\DATA\092320_ccr50_0003.hex
* Software version 2.8.0.119
* Temperature SN = 7809
* Conductivity SN = 7809
* System UpLoad Time = Sep 23 2020 19:43:41
* <ApplicationData>
* <Seaterm232>
# nquan = 16
# nvalues = 741                         
# units = specified
# name 0 = depFM: Depth [fresh water, m]
# name 1 = dz/dtM: Descent Rate [m/s]
# name 2 = sbeox0ML/L: Oxygen, SBE 43 [ml/l]
# name 3 = sbeox0PS: Oxygen, SBE 43 [% saturation]
# name 4 = specc: Specific Conductance [uS/cm]
# name 5 = c0uS/cm: Conductivity [uS/cm]
# name 6 = flECO-AFL: Fluorescence, WET Labs ECO-AFL/FL [mg/m^3]
# name 7 = ph: pH
# name 8 = orp: Oxidation Reduction Potential [mV]
# name 9 = par/sat/log: PAR/Logarithmic, Satlantic
# name 10 = turbWETntu0: Turbidity, WET Labs ECO [NTU]
# name 11 = prdM: Pressure, Strain Gauge [db]
# name 12 = prdE: Pressure, Strain Gauge [psi]
# name 13 = tv290C: Temperature [ITS-90, deg C]
# name 14 = density00: Density [density, kg/m^3]
# name 15 = flag:  0.000e+00
# span 0 =     -0.485,      3.129       
# span 1 =     -0.239,      0.141       
# span 2 =     0.0367,     6.0989       
# span 3 =      0.600,     96.132       
# span 4 =      2.677,    218.654       
# span 5 =   2.484036, 194.519330       
# span 6 =    -2.6452,   259.7280       
# span 7 =     15.493,     15.651       
# span 8 =  -237.3273,   218.8014       
# span 9 = 2.1766e+01, 8.9587e+02       
# span 10 =    -6.7108,   962.0867      
# span 11 =     -0.475,      3.069      
# span 12 =     -0.689,      4.451      
# span 13 =    18.6617,    21.8810      
# span 14 =   997.8206,   998.5507      
# span 15 = 0.0000e+00, 0.0000e+00      
# interval = seconds: 0.25
# start_time = Sep 23 2020 02:29:05 [Instrument's time stamp, header]
# bad_flag = -9.990e-29
*END*
[from data line 724]
     -0.484 -3.826e-26     5.8904     94.819      4.400   4.083949    -1.0777     15.511   218.7735 2.4420e+02    -0.1660     -0.475     -0.688    21.4138   997.9097 0.0000e+00
     -0.484 -3.478e-27     5.8806     94.799      4.121   3.825514    -1.1057     15.509   216.8727 2.3670e+02    -0.2220     -0.474     -0.688    21.4123   997.9101 0.0000e+00
     -0.484 -3.162e-28     5.8738     94.775      3.975   3.689821    -1.1048     15.510   214.5462 2.2693e+02    -0.2378     -0.475     -0.689    21.4110   997.9104 0.0000e+00
     -0.484 -2.874e-29     5.8692     94.753      3.929   3.647067    -1.0479     15.512   212.9277 2.1500e+02    -0.2189     -0.475     -0.688    21.4098   997.9105 0.0000e+00
     -0.484 -2.613e-30     5.8669     94.755      4.043   3.752072    -0.9620     15.513   212.7916 1.9934e+02    -0.2336     -0.475     -0.688    21.4084   997.9107 0.0000e+00
     -0.484 -2.375e-31     5.8670     94.768      4.183   3.882370    -0.9059     15.516   214.5341 1.8303e+02    -0.2449     -0.475     -0.688    21.4071   997.9109 0.0000e+00
     -0.484 -2.160e-32     5.8651     94.770      4.057   3.765292    -0.8849     15.518   215.4119 1.7273e+02    -0.1843     -0.474     -0.688    21.4056   997.9113 0.0000e+00
     -0.484 -1.963e-33     5.8632     94.779      3.678   3.413541    -0.8880     15.516   214.1132 1.7286e+02    -0.1184     -0.474     -0.688    21.4039   997.9116 0.0000e+00
     -0.484 -1.785e-34     5.8638     94.798      3.287   3.050581    -0.8960     15.508   212.5979 1.7630e+02    -0.1690     -0.474     -0.688    21.4025   997.9120 0.0000e+00
     -0.484 -1.623e-35     5.8662     94.800      3.015   2.797938    -0.9059     15.499   211.4592 1.7029e+02    -0.2461     -0.474     -0.688    21.4011   997.9123 0.0000e+00
     -0.484 -1.475e-36     5.8651     94.791      2.844   2.639591    -0.9119     15.495   209.8957 1.5437e+02    -0.2268     -0.474     -0.688    21.3995   997.9126 0.0000e+00
     -0.484 -1.352e-37     5.8658     94.786      2.726   2.529795    -0.9024     15.496   208.1486 1.4751e+02    -0.2113     -0.474     -0.688    21.3981   997.9128 0.0000e+00
     -0.483 -2.438e-38     5.8685     94.786      2.677   2.484036    -0.8954     15.497   207.3708 1.5782e+02    -0.2299     -0.473     -0.687    21.3966   997.9131 0.0000e+00
     -0.483 -9.990e-29     5.8681 -9.990e-29 -9.990e-29 -9.990e-29 -9.990e-29 -9.990e-29 -9.990e-29 1.6480e+02 -9.990e-29     -0.474     -0.687    21.3952   997.9134 0.0000e+00
     -0.483 -9.990e-29     5.8674 -9.990e-29 -9.990e-29 -9.990e-29 -9.990e-29 -9.990e-29 -9.990e-29 1.6228e+02 -9.990e-29     -0.474     -0.688    21.3939   997.9136 0.0000e+00
     -0.483 -9.990e-29     5.8673 -9.990e-29 -9.990e-29 -9.990e-29 -9.990e-29 -9.990e-29 -9.990e-29 1.5903e+02 -9.990e-29     -0.474     -0.687    21.3920   997.9140 0.0000e+00
     -0.483 -9.990e-29     5.8678 -9.990e-29 -9.990e-29 -9.990e-29 -9.990e-29 -9.990e-29 -9.990e-29 1.5753e+02 -9.990e-29     -0.474     -0.687    21.3908   997.9143 0.0000e+00
