Data/DataNotYetUploadedToEDI/Raw_CTD/RawDownloads/092320_ccr10.cnv
* Sea-Bird SBE19plus  Data File:
* FileName = C:\DATA\092320_ccr50_0003.hex
* Software version 2.8.0.119
* Temperature SN = 7809
* Conductivity SN = 7809
* System UpLoad Time = Sep 23 2020 19:43:41
* <ApplicationData>
* <Seaterm232>
# nquan = 16
# nvalues = 741                         
# units = specified
# name 0 = depFM: Depth [fresh water, m]
# name 1 = dz/dtM: Descent Rate [m/s]
# name 2 = sbeox0ML/L: Oxygen, SBE 43 [ml/l]
# name 3 = sbeox0PS: Oxygen, SBE 43 [% saturation]
# name 4 = specc: Specific Conductance [uS/cm]
# name 5 = c0uS/cm: Conductivity [uS/cm]
# name 6 = flECO-AFL: Fluorescence, WET Labs ECO-AFL/FL [mg/m^3]
# name 7 = ph: pH
# name 8 = orp: Oxidation Reduction Potential [mV]
# name 9 = par/sat/log: PAR/Logarithmic, Satlantic
# name 10 = turbWETntu0: Turbidity, WET Labs ECO [NTU]
# name 11 = prdM: Pressure, Strain Gauge [db]
# name 12 = prdE: Pressure, Strain Gauge [psi]
# name 13 = tv290C: Temperature [ITS-90, deg C]
# name 14 = density00: Density [density, kg/m^3]
# name 15 = flag:  0.000e+00
# span 0 =     -0.485,      3.129       
# span 1 =     -0.239,      0.141       
# span 2 =     0.0367,     6.0989       
# span 3 =      0.600,     96.132       
# span 4 =      2.677,    218.654       
# span 5 =   2.484036, 194.519330       
# span 6 =    -2.6452,   259.7280       
# span 7 =     15.493,     15.651       
# span 8 =  -237.3273,   218.8014       
# span 9 = 2.1766e+01, 8.9587e+02       
# span 10 =    -6.7108,   962.0867      
# span 11 =     -0.475,      3.069      
# span 12 =     -0.689,      4.451      
# span 13 =    18.6617,    21.8810      
# span 14 =   997.8206,   998.5507      
# span 15 = 0.0000e+00, 0.0000e+00      
# interval = seconds: 0.25
# start_time = Sep 23 2020 02:29:05 [Instrument's time stamp, header]
# bad_flag = -9.990e-29
*END*
[from data line 633]
      0.710      0.015     5.5200     89.250     54.907  50.613388     2.3715     15.514   196.9607 4.1885e+02     4.5456      0.696      1.011    21.0387   998.0122 0.0000e+00
      0.712      0.019     5.5230     89.469     54.880  50.601952     2.3720     15.514   197.0589 4.2016e+02     4.5127      0.697      1.011    21.0549   998.0086 0.0000e+00
      0.717      0.019     5.5340     89.655     54.855  50.589460     2.4500     15.513   197.1154 4.1660e+02     4.5439      0.702      1.017    21.0653   998.0064 0.0000e+00
      0.726      0.013     5.5445     89.810     54.848  50.589366     2.6089     15.513   196.7843 4.0699e+02     4.6477      0.714      1.034    21.0726   998.0049 0.0000e+00
      0.735      0.004     5.5570     89.966     54.862  50.600827     2.7089     15.513   196.4965 4.0733e+02     4.7380      0.723      1.048    21.0842   998.0025 0.0000e+00
      0.738     -0.004     5.5705     90.088     54.873  50.601019     2.7152     15.514   196.5617 4.1527e+02     4.7432      0.726      1.053    21.0988   997.9992 0.0000e+00
      0.733     -0.009     5.5808     90.130     54.878  50.591669     2.6666     15.514   196.9707 4.1611e+02     4.6418      0.723      1.047    21.1085   997.9970 0.0000e+00
      0.720     -0.009     5.5886     90.150     54.911  50.614773     2.5974     15.514   197.5691 4.1603e+02     4.5083      0.706      1.023    21.1148   997.9956 0.0000e+00
      0.708     -0.004     5.5985     90.132     54.917  50.626338     2.5747     15.515   197.6881 4.1761e+02     4.4674      0.690      1.002    21.1153   997.9955 0.0000e+00
      0.705      0.001     5.6111     90.060     54.877  50.604493     2.5834     15.515   197.2909 4.1878e+02     4.5246      0.687      0.997    21.1038   997.9979 0.0000e+00
      0.714      0.001     5.6108     90.002     54.865  50.604691     2.5502     15.514   197.1548 4.1297e+02     4.5479      0.696      1.011    21.0865   998.0018 0.0000e+00
      0.730     -0.005     5.6149     89.948     54.888  50.628747     2.4785     15.514   197.4192 3.9881e+02     4.5094      0.719      1.043    21.0773   998.0039 0.0000e+00
      0.739     -0.014     5.6147     89.878     54.903  50.641346     2.4311     15.515   197.5624 3.9921e+02     4.4700      0.732      1.062    21.0863   998.0020 0.0000e+00
      0.730     -0.020     5.6037     89.844     54.894  50.630009     2.4256     15.515   197.5959 4.2025e+02     4.4843      0.722      1.047    21.1041   997.9982 0.0000e+00
      0.706     -0.020     5.6010     89.904     54.886  50.618682     2.4405     15.514   197.9963 4.3152e+02     4.6137      0.693      1.005    21.1159   997.9954 0.0000e+00
      0.683     -0.012     5.5979     90.035     54.903  50.631395     2.4491     15.514   198.5310 4.2022e+02     4.7299      0.662      0.961    21.1168   997.9950 0.0000e+00
      0.677      0.003     5.5928     90.161     54.926  50.656702     2.4446     15.515   198.4691 4.0918e+02     4.7223      0.655      0.950    21.1129   997.9959 0.0000e+00
      0.690      0.017     5.5885     90.230     54.930  50.670650     2.4417     15.515   197.9356 4.0158e+02     4.6926      0.672      0.976    21.1119   997.9961 0.0000e+00
      0.714      0.026     5.5936     90.238     54.921  50.673051     2.4613     15.514   197.7601 3.8558e+02     4.7136      0.700      1.016    21.1082   997.9970 0.0000e+00
      0.735      0.026     5.6047     90.223     54.927  50.685751     2.4912     15.513   197.9815 3.7375e+02     4.7712      0.726      1.053    21.1017   997.9986 0.0000e+00
      0.742      0.021     5.6133     90.213     54.933  50.697203     2.4983     15.514   198.2892 3.7560e+02     4.8048      0.735      1.065    21.1051   997.9980 0.0000e+00
      0.734      0.013     5.6163     90.213     54.913  50.684513     2.4998     15.514   198.5547 3.8862e+02     4.7763      0.722      1.047    21.1183   997.9950 0.0000e+00
      0.722      0.005     5.6141     90.222     54.879  50.659330     2.5005     15.513   198.4397 3.9597e+02     4.6680      0.704      1.020    21.1297   997.9924 0.0000e+00
      0.720     -0.004     5.6125     90.259     54.861  50.646743     2.4973     15.513   198.1031 3.8059e+02     4.5591      0.700      1.015    21.1348   997.9913 0.0000e+00
      0.730     -0.015     5.6107     90.335     54.873  50.659340     2.4987     15.513   197.9252 3.6153e+02     4.5581      0.716      1.038    21.1392   997.9904 0.0000e+00
      0.740     -0.029     5.6107     90.399     54.900  50.684637     2.4984     15.512   197.9241 3.5798e+02     4.5880      0.732      1.060    21.1453   997.9892 0.0000e+00
      0.738     -0.046     5.6101     90.417     54.917  50.698586     2.4931     15.512   198.0033 3.6528e+02     4.5428      0.731      1.059    21.1507   997.9880 0.0000e+00
      0.718     -0.064     5.6107     90.420     54.921  50.700991     2.4354     15.512   198.1093 3.7762e+02     4.4576      0.710      1.030    21.1549   997.9869 0.0000e+00
      0.685     -0.078     5.6175     90.432     54.933  50.713717     2.3346     15.513   198.1733 3.8792e+02     4.4508      0.671      0.974    21.1567   997.9864 0.0000e+00
      0.650     -0.083     5.6226     90.454     54.941  50.725446     2.2753     15.513   198.0886 3.8838e+02     4.4950      0.633      0.918    21.1559   997.9864 0.0000e+00
      0.625     -0.080     5.6225     90.507     54.925  50.715805     2.2618     15.513   197.9450 3.8694e+02     4.5113      0.609      0.883    21.1539   997.9867 0.0000e+00
      0.610     -0.071     5.6223     90.602     54.930  50.724169     2.1904     15.513   197.8139 3.9149e+02     4.4425      0.596      0.866    21.1518   997.9871 0.0000e+00
      0.602     -0.064     5.6233     90.686     54.968  50.763074     2.0424     15.513   197.5357 4.0114e+02     4.2804      0.589      0.856    21.1531   997.9868 0.0000e+00
      0.592     -0.062     5.6236     90.723     55.008  50.805175     1.9502     15.513   196.9909 4.1291e+02     4.1985      0.582      0.844    21.1580   997.9858 0.0000e+00
      0.578     -0.068     5.6254     90.731     55.048  50.852194     1.9342     15.513   196.3887 4.2405e+02     4.2083      0.568      0.825    21.1630   997.9846 0.0000e+00
      0.560     -0.079     5.6329     90.728     55.070  50.887054     1.9252     15.512   195.8477 4.3394e+02     4.0898      0.550      0.797    21.1669   997.9836 0.0000e+00
      0.537     -0.093     5.6390     90.729     55.071  50.909156     1.9072     15.511   195.2673 4.5376e+02     3.8639      0.529      0.766    21.1689   997.9831 0.0000e+00
      0.510     -0.108     5.6396     90.745     55.066  50.928944     1.8984     15.510   194.6198 4.7475e+02     3.7777      0.501      0.728    21.1740   997.9819 0.0000e+00
      0.481     -0.121     5.6391     90.775     55.043  50.935824     1.8858     15.510   194.0418 4.7155e+02     3.7683      0.473      0.685    21.1821   997.9800 0.0000e+00
      0.450     -0.128     5.6372     90.817     55.005  50.928886     1.8116     15.510   193.7846 4.7670e+02     3.7517      0.444      0.644    21.1942   997.9772 0.0000e+00
      0.414     -0.125     5.6346     90.892     54.960  50.908593     1.7067     15.510   193.7469 4.9470e+02     3.8168      0.408      0.593    21.2143   997.9727 0.0000e+00
      0.372     -0.113     5.6331     90.997     54.921  50.881016     1.6482     15.509   193.7589 4.8059e+02     3.8335      0.365      0.529    21.2384   997.9672 0.0000e+00
      0.333     -0.098     5.6326     91.052     54.893  50.849485     1.6278     15.509   193.8432 4.3774e+02     3.7822      0.319      0.462    21.2635   997.9615 0.0000e+00
      0.310     -0.086     5.6315     91.037     54.902  50.844870     1.5274     15.510   193.8202 4.0093e+02     3.6767      0.296      0.430    21.2904   997.9554 0.0000e+00
      0.305     -0.079     5.6330     91.016     54.954  50.888695     1.3395     15.510   193.6525 3.9193e+02     3.4862      0.299      0.434    21.3138   997.9503 0.0000e+00
      0.302     -0.077     5.6412     90.971     54.988  50.934831     1.2448     15.509   193.5358 4.0323e+02     3.4006      0.300      0.436    21.3219   997.9485 0.0000e+00
      0.287     -0.079     5.6471     90.911     54.983  50.958187     1.2416     15.508   193.5276 4.1935e+02     3.3975      0.287      0.417    21.3151   997.9499 0.0000e+00
      0.257     -0.083     5.6437     90.926     54.975  50.980627     1.2148     15.508   193.5533 4.6451e+02     3.3455      0.255      0.369    21.2970   997.9537 0.0000e+00
      0.221     -0.085     5.6456     91.016     54.980  51.015664     1.1683     15.508   193.3306 6.2606e+02     3.2867      0.215      0.311    21.2873   997.9557 0.0000e+00
      0.191     -0.086     5.6420     91.144     54.990  51.064334     1.1369     15.507   192.8140 8.3984e+02     3.2700      0.184      0.266    21.3048   997.9518 0.0000e+00
      0.172     -0.092     5.6298     91.288     54.991  51.124605     1.1310     15.505   192.3837 8.9587e+02     3.2811      0.163      0.237    21.3357   997.9448 0.0000e+00
      0.166     -0.109     5.6297     91.417     54.964  51.172928     1.1260     15.505   192.1713 7.8078e+02     3.2493      0.161      0.234    21.3637   997.9387 0.0000e+00
      0.158     -0.138     5.6332     91.521     54.922  51.204172     1.0283     15.504   192.1397 6.2398e+02     3.1258      0.162      0.235    21.3873   997.9335 0.0000e+00
      0.129     -0.173     5.6379     91.617     54.903  51.248450     0.8458     15.501   192.2597 5.6249e+02     2.9554      0.138      0.200    21.4174   997.9267 0.0000e+00
      0.070     -0.204     5.6419     91.696     54.856  51.263835     0.7508     15.497   192.4175 6.1081e+02     2.9051      0.080      0.116    21.4730   997.9142 0.0000e+00
     -0.013     -0.227     5.6417     91.702     54.799  51.263264     0.7759     15.496   192.7575 6.1080e+02     3.2046     -0.012     -0.017    21.5483   997.8970 0.0000e+00
     -0.096     -0.239     5.6405     91.621     54.801  51.305118     1.1119     15.496   195.1651 5.4686e+02     6.5078     -0.106     -0.153    21.6138   997.8820 0.0000e+00
     -0.157     -0.239     5.6401     91.419     54.790  51.325404     1.7322     15.498   199.8462 5.9787e+02    12.7336     -0.160     -0.232    21.6665   997.8700 0.0000e+00
     -0.203     -0.229     5.6416     91.042     54.888  51.445076     2.0583     15.497   201.9480 7.6692e+02    17.9523     -0.196     -0.285    21.7222   997.8574 0.0000e+00
     -0.249     -0.213     5.6355     90.473     55.117  51.672480     1.9558     15.494   200.1000 8.5629e+02    39.5310     -0.241     -0.349    21.7745   997.8453 0.0000e+00
     -0.303     -0.194     5.6274     89.726     55.123  51.661676     0.6262     15.493   197.2916 8.1886e+02   274.1205     -0.295     -0.429    21.8085   997.8375 0.0000e+00
     -0.362     -0.174     5.6148     88.945     54.940  51.441449    -1.7543     15.493   194.7511 7.2777e+02   704.2267     -0.355     -0.515    21.8327   997.8318 0.0000e+00
     -0.417     -0.148     5.5875     88.377     54.856  51.295927    -2.5167     15.494   193.8181 6.1366e+02   938.8304     -0.413     -0.600    21.8609   997.8251 0.0000e+00
     -0.459     -0.116     5.5519     88.184     54.865  51.235724     3.4536     15.497   195.1305 4.9488e+02   960.1194     -0.460     -0.668    21.8810   997.8206 0.0000e+00
     -0.478     -0.081     5.5043     88.352     54.853  51.157986    70.4226     15.500   197.8856 4.0168e+02   962.0429     -0.474     -0.688    21.8669   997.8237 0.0000e+00
     -0.481     -0.049     5.4549     88.693     54.262  50.546433   193.2042     15.503   200.8871 3.5622e+02   962.0867     -0.472     -0.684    21.8156   997.8352 0.0000e+00
     -0.482     -0.023     5.4235     88.968     46.763  43.523882   259.6725     15.505   203.1148 3.4672e+02   960.1350     -0.473     -0.685    21.7496   997.8499 0.0000e+00
     -0.484     -0.008     5.4183     89.040     29.553  27.490935   259.7280     15.505   204.8590 3.5735e+02   938.4449     -0.474     -0.687    21.6857   997.8644 0.0000e+00
     -0.484     -0.002     5.4398     88.887     14.493  13.476895   193.6559     15.505   206.2311 3.7803e+02   699.6615     -0.474     -0.688    21.6250   997.8776 0.0000e+00
     -0.484     -0.001     5.4734     88.552      8.648   8.038861    71.5330     15.505   205.8531 3.9530e+02   261.8107     -0.475     -0.689    21.5665   997.8913 0.0000e+00
     -0.484     -0.000     5.4981     88.159      7.124   6.620672     4.9039     15.505   204.5901 4.0186e+02    22.9954     -0.475     -0.688    21.5193   997.9008 0.0000e+00
     -0.484 -1.934e-08     5.5056     87.879      6.144   5.708178    -1.1508     15.505   206.1893 3.9776e+02     1.2619     -0.475     -0.689    21.4921   997.8987 0.0000e+00
     -0.484 -2.127e-07     5.4970     87.834      5.440   5.053110    -1.6743     15.506   209.7023 3.7849e+02    -0.8981     -0.475     -0.688    21.4805   997.8960 0.0000e+00
     -0.484 -2.127e-07     5.4748     88.100      5.423   5.036504    -1.2061     15.507   210.4986 3.5574e+02    -2.3662     -0.474     -0.688    21.4727   997.8974 0.0000e+00
     -0.484 -1.934e-08     5.4468     88.704      5.590   5.190623    -0.2390     15.507   209.0191 3.5388e+02    -4.6447     -0.474     -0.688    21.4608   997.8997 0.0000e+00
     -0.484 -1.758e-09     5.4290     89.570      5.470   5.079098     0.3005     15.507   209.6248 3.5760e+02    -5.8558     -0.475     -0.688    21.4473   997.9025 0.0000e+00
     -0.484 -1.598e-10     5.4258     90.565      5.132   4.765198     0.3008     15.507   212.6595 3.3648e+02    -5.9892     -0.475     -0.688    21.4365   997.9046 0.0000e+00
     -0.484 -1.453e-11     5.4414     91.558      4.642   4.309840    -0.4170     15.508   216.2862 3.0746e+02    -6.1880     -0.475     -0.688    21.4293   997.9063 0.0000e+00
     -0.484 -1.321e-12     5.4817     92.468      4.249   3.945148    -1.7311     15.508   218.8014 3.0294e+02    -6.5089     -0.474     -0.688    21.4260   997.9071 0.0000e+00
     -0.484 -1.201e-13     5.5380     93.226      4.136   3.840425    -2.4371     15.508   218.2914 3.0709e+02    -6.7108     -0.475     -0.689    21.4246   997.9074 0.0000e+00
     -0.484 -1.092e-14     5.6035     93.814      4.301   3.993995    -2.5146     15.508   216.2289 3.1657e+02    -6.6373     -0.475     -0.688    21.4239   997.9075 0.0000e+00
     -0.484 -9.925e-16     5.6657     94.268      4.816   4.471447    -2.5732     15.508   214.2550 3.1874e+02    -5.1391     -0.475     -0.689    21.4231   997.9075 0.0000e+00
     -0.484 -9.020e-17     5.7239     94.590      5.441   5.051454    -2.6297     15.508   212.4935 2.8614e+02    -2.3642     -0.475     -0.689    21.4225   997.9075 0.0000e+00
     -0.485 -8.200e-18     5.7720     94.805      5.782   5.367833    -2.6452     15.507   212.0525 2.6116e+02    -0.8614     -0.475     -0.689    21.4219   997.9077 0.0000e+00
     -0.485 -7.455e-19     5.8058     94.932      5.797   5.382179    -2.6077     15.507   213.9131 2.6208e+02    -0.7712     -0.475     -0.689    21.4213   997.9078 0.0000e+00
     -0.484 -6.780e-20     5.8357     95.005      5.696   5.288273    -2.1101     15.507   215.8892 2.7372e+02    -0.9647     -0.475     -0.689    21.4206   997.9081 0.0000e+00
     -0.484 -6.160e-21     5.8542     95.093      5.582   5.182852    -1.1782     15.507   216.4139 2.9666e+02    -1.2772     -0.474     -0.688    21.4196   997.9085 0.0000e+00
     -0.484 -5.600e-22     5.8671     95.127      5.380   4.994592    -0.6667     15.507   216.1279 3.0778e+02    -1.3917     -0.475     -0.688    21.4187   997.9088 0.0000e+00
     -0.484 -5.090e-23     5.8761     95.045      5.224   4.849487    -0.6372     15.508   215.0123 2.8888e+02    -1.3534     -0.475     -0.689    21.4176   997.9090 0.0000e+00
     -0.484 -4.629e-24     5.8759     94.936      5.126   4.758964    -0.7543     15.510   215.4871 2.6192e+02    -1.0543     -0.475     -0.688    21.4164   997.9092 0.0000e+00
