Data/DataNotYetUploadedToEDI/Raw_CTD/RawDownloads/092320_ccr10.cnv
* Sea-Bird SBE19plus  Data File:
* FileName = C:\DATA\092320_ccr50_0003.hex
* Software version 2.8.0.119
* Temperature SN = 7809
* Conductivity SN = 7809
* System UpLoad Time = Sep 23 2020 19:43:41
* <ApplicationData>
* <Seaterm232>
# nquan = 16
# nvalues = 741                         
# units = specified
# name 0 = depFM: Depth [fresh water, m]
# name 1 = dz/dtM: Descent Rate [m/s]
# name 2 = sbeox0ML/L: Oxygen, SBE 43 [ml/l]
# name 3 = sbeox0PS: Oxygen, SBE 43 [% saturation]
# name 4 = specc: Specific Conductance [uS/cm]
# name 5 = c0uS/cm: Conductivity [uS/cm]
# name 6 = flECO-AFL: Fluorescence, WET Labs ECO-AFL/FL [mg/m^3]
# name 7 = ph: pH
# name 8 = orp: Oxidation Reduction Potential [mV]
# name 9 = par/sat/log: PAR/Logarithmic, Satlantic
# name 10 = turbWETntu0: Turbidity, WET Labs ECO [NTU]
# name 11 = prdM: Pressure, Strain Gauge [db]
# name 12 = prdE: Pressure, Strain Gauge [psi]
# name 13 = tv290C: Temperature [ITS-90, deg C]
# name 14 = density00: Density [density, kg/m^3]
# name 15 = flag:  0.000e+00
# span 0 =     -0.485,      3.129       
# span 1 =     -0.239,      0.141       
# span 2 =     0.0367,     6.0989       
# span 3 =      0.600,     96.132       
# span 4 =      2.677,    218.654       
# span 5 =   2.484036, 194.519330       
# span 6 =    -2.6452,   259.7280       
# span 7 =     15.493,     15.651       
# span 8 =  -237.3273,   218.8014       
# span 9 = 2.1766e+01, 8.9587e+02       
# span 10 =    -6.7108,   962.0867      
# span 11 =     -0.475,      3.069      
# span 12 =     -0.689,      4.451      
# span 13 =    18.6617,    21.8810      
# span 14 =   997.8206,   998.5507      
# span 15 = 0.0000e+00, 0.0000e+00      
# interval = seconds: 0.25
# start_time = Sep 23 2020 02:29:05 [Instrument's time stamp, header]
# bad_flag = -9.990e-29
*END*
[from data line 181]
      1.070      0.049     0.7815     11.988    213.389 193.236129     3.1941     15.527   165.0595 1.5749e+02     4.2137      1.051      1.525    20.2331   998.2408 0.0000e+00
      1.079      0.051     0.7722     11.898    213.299 193.191079     3.1513     15.527   165.1056 1.5600e+02     4.1815      1.057      1.532    20.2445   998.2384 0.0000e+00
      1.091      0.049     0.7662     11.803    213.240 193.173634     3.1453     15.527   165.0937 1.5351e+02     4.1545      1.068      1.548    20.2545   998.2363 0.0000e+00
      1.106      0.047     0.7634     11.724    213.179 193.153160     3.1038     15.527   165.2599 1.5087e+02     4.1275      1.084      1.572    20.2639   998.2344 0.0000e+00
      1.121      0.046     0.7584     11.666    213.124 193.135428     3.0306     15.526   165.4812 1.4836e+02     4.0614      1.100      1.595    20.2732   998.2325 0.0000e+00
      1.133      0.046     0.7528     11.594    213.107 193.151134     2.9939     15.526   165.6179 1.4677e+02     4.0084      1.114      1.615    20.2818   998.2307 0.0000e+00
      1.141      0.045     0.7455     11.489    213.074 193.151244     2.9940     15.527   165.7948 1.4537e+02     4.0010      1.118      1.622    20.2902   998.2290 0.0000e+00
      1.150      0.042     0.7403     11.389    213.026 193.136795     2.9742     15.527   165.8986 1.4362e+02     4.0067      1.127      1.635    20.2982   998.2273 0.0000e+00
      1.161      0.039     0.7376     11.302    213.029 193.168333     2.9264     15.527   165.8403 1.4196e+02     4.0085      1.138      1.651    20.3058   998.2257 0.0000e+00
      1.174      0.035     0.7341     11.197    213.049 193.212848     2.9028     15.527   165.7779 1.4021e+02     4.0221      1.152      1.670    20.3131   998.2243 0.0000e+00
      1.186      0.034     0.7254     11.089    213.037 193.227387     2.8987     15.527   165.9186 1.3897e+02     4.0343      1.165      1.688    20.3203   998.2228 0.0000e+00
      1.193      0.035     0.7187     10.988    212.999 193.216241     2.8674     15.526   166.1651 1.3838e+02     4.0195      1.171      1.698    20.3271   998.2214 0.0000e+00
      1.196      0.037     0.7151     10.871    212.963 193.206013     2.8384     15.526   166.3500 1.3801e+02     4.0147      1.173      1.702    20.3336   998.2201 0.0000e+00
      1.201      0.040     0.7070     10.760    212.968 193.231656     2.8350     15.526   166.4335 1.3717e+02     4.0101      1.175      1.704    20.3399   998.2187 0.0000e+00
      1.211      0.042     0.6997     10.676    212.991 193.270502     2.8351     15.525   166.3140 1.3520e+02     3.9982      1.184      1.718    20.3458   998.2175 0.0000e+00
      1.229      0.042     0.6946     10.585    212.996 193.292017     2.8115     15.525   166.2810 1.3301e+02     3.9741      1.206      1.749    20.3513   998.2165 0.0000e+00
      1.247      0.041     0.6863     10.483    212.987 193.299951     2.7500     15.525   166.3794 1.3166e+02     3.8906      1.226      1.777    20.3566   998.2154 0.0000e+00
      1.257      0.038     0.6779     10.381    212.973 193.302501     2.7018     15.525   166.3854 1.3111e+02     3.8126      1.236      1.792    20.3617   998.2144 0.0000e+00
      1.262      0.035     0.6747     10.275    212.980 193.322870     2.6954     15.525   166.6115 1.3087e+02     3.8201      1.238      1.796    20.3659   998.2136 0.0000e+00
      1.264      0.031     0.6684     10.181    212.999 193.354388     2.6827     15.525   167.0479 1.3026e+02     3.9127      1.238      1.795    20.3699   998.2127 0.0000e+00
      1.271      0.028     0.6611     10.100    212.995 193.363833     2.6528     15.525   167.2743 1.2906e+02     4.0397      1.244      1.804    20.3737   998.2119 0.0000e+00
      1.282      0.026     0.6559     10.008    212.992 193.373136     2.6397     15.525   167.1978 1.2756e+02     4.1190      1.256      1.821    20.3770   998.2113 0.0000e+00
      1.293      0.025     0.6478      9.901    213.012 193.402930     2.6383     15.525   167.1552 1.2624e+02     4.1169      1.270      1.840    20.3803   998.2107 0.0000e+00
      1.301      0.026     0.6421      9.805    213.002 193.404320     2.6355     15.525   167.4477 1.2574e+02     4.0142      1.279      1.855    20.3837   998.2100 0.0000e+00
      1.303      0.029     0.6375      9.724    212.976 193.389951     2.6355     15.525   167.8085 1.2602e+02     3.9071      1.280      1.856    20.3867   998.2094 0.0000e+00
      1.303      0.034     0.6322      9.632    213.000 193.421062     2.6374     15.525   167.9902 1.2598e+02     3.8860      1.277      1.850    20.3896   998.2087 0.0000e+00
      1.308      0.038     0.6243      9.532    213.034 193.460726     2.6394     15.526   168.0965 1.2449e+02     3.8622      1.278      1.853    20.3922   998.2082 0.0000e+00
      1.324      0.040     0.6177      9.445    213.053 193.485818     2.6217     15.526   168.0609 1.2203e+02     3.8258      1.295      1.880    20.3946   998.2078 0.0000e+00
      1.344      0.041     0.6142      9.377    213.096 193.532603     2.5854     15.525   168.0755 1.2006e+02     3.8234      1.321      1.916    20.3969   998.2074 0.0000e+00
      1.359      0.044     0.6077      9.292    213.138 193.578724     2.5627     15.524   168.3592 1.1924e+02     3.7987      1.336      1.938    20.3988   998.2071 0.0000e+00
      1.366      0.045     0.6011      9.168    213.148 193.595802     2.5582     15.524   168.6525 1.1944e+02     3.7674      1.342      1.948    20.4011   998.2066 0.0000e+00
      1.368      0.044     0.5951      9.056    213.157 193.611192     2.5400     15.524   168.7818 1.1929e+02     3.7878      1.339      1.943    20.4032   998.2062 0.0000e+00
      1.375      0.042     0.5917      8.958    213.176 193.636914     2.5045     15.524   168.8046 1.1790e+02     3.7709      1.343      1.948    20.4047   998.2059 0.0000e+00
      1.391      0.040     0.5882      8.855    213.183 193.650995     2.4921     15.524   168.8413 1.1649e+02     3.7348      1.364      1.980    20.4067   998.2056 0.0000e+00
      1.410      0.037     0.5770      8.760    213.178 193.653542     2.4941     15.524   168.8817 1.1539e+02     3.7291      1.386      2.009    20.4086   998.2052 0.0000e+00
      1.424      0.033     0.5706      8.668    213.186 193.667727     2.4814     15.525   169.0351 1.1478e+02     3.7016      1.400      2.029    20.4104   998.2050 0.0000e+00
      1.429      0.028     0.5657      8.572    213.208 193.694596     2.4718     15.525   169.4057 1.1538e+02     3.7111      1.404      2.037    20.4123   998.2046 0.0000e+00
      1.428      0.023     0.5575      8.481    213.232 193.722610     2.4743     15.526   169.7489 1.1614e+02     3.7411      1.399      2.030    20.4141   998.2042 0.0000e+00
      1.427      0.019     0.5527      8.404    213.256 193.750633     2.4723     15.526   169.9149 1.1615e+02     3.7211      1.397      2.025    20.4157   998.2039 0.0000e+00
      1.433      0.017     0.5466      8.314    213.279 193.777607     2.4672     15.525   169.8649 1.1536e+02     3.6414      1.402      2.034    20.4172   998.2036 0.0000e+00
      1.443      0.017     0.5407      8.202    213.289 193.792946     2.4695     15.525   169.8319 1.1429e+02     3.5321      1.416      2.054    20.4190   998.2033 0.0000e+00
      1.452      0.020     0.5340      8.102    213.300 193.808188     2.4714     15.525   170.1185 1.1396e+02     3.4988      1.427      2.070    20.4205   998.2030 0.0000e+00
      1.455      0.022     0.5304      8.015    213.323 193.834001     2.4710     15.525   170.5775 1.1432e+02     3.5137      1.429      2.072    20.4219   998.2027 0.0000e+00
      1.454      0.023     0.5253      7.912    213.333 193.849233     2.4749     15.524   170.8216 1.1436e+02     3.5062      1.424      2.066    20.4234   998.2024 0.0000e+00
      1.457      0.023     0.5164      7.795    213.344 193.864457     2.4800     15.524   170.7466 1.1352e+02     3.5115      1.425      2.067    20.4248   998.2021 0.0000e+00
      1.467      0.023     0.5104      7.685    213.367 193.890173     2.4855     15.524   170.6162 1.1221e+02     3.5080      1.437      2.085    20.4261   998.2019 0.0000e+00
      1.480      0.023     0.5060      7.600    213.378 193.904358     2.4839     15.524   170.5356 1.1121e+02     3.4647      1.453      2.107    20.4274   998.2017 0.0000e+00
      1.488      0.024     0.4993      7.537    213.378 193.908054     2.4699     15.525   170.6329 1.1086e+02     3.4337      1.461      2.120    20.4285   998.2015 0.0000e+00
      1.491      0.024     0.4909      7.438    213.402 193.934862     2.4499     15.525   170.8454 1.1094e+02     3.4424      1.463      2.122    20.4298   998.2013 0.0000e+00
      1.492      0.024     0.4844      7.322    213.437 193.972678     2.4329     15.524   171.0408 1.1099e+02     3.4673      1.462      2.121    20.4309   998.2010 0.0000e+00
      1.495      0.025     0.4774      7.244    213.441 193.981564     2.4261     15.524   171.3612 1.1073e+02     3.4941      1.464      2.124    20.4318   998.2008 0.0000e+00
      1.502      0.026     0.4769      7.175    213.433 193.978349     2.4157     15.523   171.6211 1.1003e+02     3.4913      1.471      2.134    20.4330   998.2006 0.0000e+00
      1.513      0.029     0.4699      7.092    213.448 193.997770     2.3637     15.523   171.6876 1.0917e+02     3.5030      1.484      2.153    20.4341   998.2005 0.0000e+00
      1.524      0.031     0.4592      6.997    213.472 194.024516     2.2744     15.524   171.7355 1.0854e+02     3.5322      1.497      2.171    20.4354   998.2003 0.0000e+00
      1.533      0.031     0.4574      6.917    213.490 194.045924     2.2235     15.524   171.7710 1.0828e+02     3.5343      1.504      2.182    20.4366   998.2000 0.0000e+00
      1.538      0.030     0.4522      6.835    213.505 194.064750     2.2250     15.524   171.6862 1.0798e+02     3.5641      1.508      2.187    20.4377   998.1998 0.0000e+00
      1.543      0.029     0.4479      6.733    213.494 194.060276     2.1975     15.524   171.6559 1.0733e+02     3.5837      1.512      2.193    20.4388   998.1996 0.0000e+00
      1.552      0.032     0.4401      6.629    213.483 194.055795     2.1383     15.525   171.9217 1.0662e+02     3.5656      1.522      2.207    20.4401   998.1994 0.0000e+00
      1.560      0.040     0.4358      6.517    213.498 194.074525     2.1104     15.525   172.3178 1.0607e+02     3.5505      1.531      2.220    20.4412   998.1992 0.0000e+00
      1.566      0.050     0.4321      6.417    213.515 194.094884     2.1082     15.525   172.6600 1.0539e+02     3.5384      1.535      2.227    20.4424   998.1989 0.0000e+00
      1.576      0.058     0.4233      6.331    213.526 194.110092     2.0920     15.525   172.7897 1.0391e+02     3.5915      1.541      2.236    20.4436   998.1987 0.0000e+00
      1.596      0.061     0.4190      6.231    213.543 194.130498     2.0585     15.525   172.6812 1.0163e+02     3.7458      1.561      2.266    20.4448   998.1986 0.0000e+00
      1.623      0.057     0.4101      6.127    213.558 194.149753     2.0365     15.525   172.7247 9.9464e+01     3.8589      1.593      2.310    20.4461   998.1984 0.0000e+00
      1.646      0.049     0.4038      6.031    213.554 194.151036     2.0359     15.525   172.8856 9.8087e+01     3.8603      1.619      2.347    20.4474   998.1983 0.0000e+00
      1.658      0.037     0.3998      5.944    213.543 194.146024     2.0320     15.525   172.9925 9.7828e+01     3.7968      1.630      2.365    20.4487   998.1981 0.0000e+00
      1.658      0.025     0.3925      5.856    213.546 194.153117     1.9988     15.524   173.1563 9.8119e+01     3.6752      1.627      2.361    20.4498   998.1978 0.0000e+00
      1.655      0.018     0.3861      5.766    213.563 194.172843     1.9591     15.524   173.4033 9.8314e+01     3.5574      1.623      2.354    20.4511   998.1976 0.0000e+00
      1.652      0.019     0.3796      5.685    213.580 194.192665     1.9424     15.525   173.7420 9.8351e+01     3.5400      1.620      2.349    20.4523   998.1972 0.0000e+00
      1.655      0.026     0.3748      5.606    213.585 194.200920     1.9308     15.525   173.9824 9.7895e+01     3.6360      1.620      2.349    20.4534   998.1970 0.0000e+00
      1.665      0.035     0.3691      5.510    213.589 194.208699     1.9038     15.525   173.9874 9.6912e+01     3.7566      1.631      2.365    20.4543   998.1969 0.0000e+00
      1.680      0.040     0.3631      5.394    213.599 194.222764     1.8743     15.525   173.8021 9.5700e+01     3.8309      1.646      2.388    20.4555   998.1967 0.0000e+00
      1.697      0.041     0.3580      5.287    213.617 194.243076     1.8604     15.525   173.5485 9.4485e+01     3.8477      1.665      2.416    20.4563   998.1967 0.0000e+00
      1.712      0.040     0.3535      5.183    213.634 194.262436     1.8496     15.525   173.5021 9.3800e+01     3.7884      1.681      2.439    20.4572   998.1966 0.0000e+00
      1.719      0.037     0.3482      5.076    213.631 194.264976     1.8389     15.525   173.6715 9.3714e+01     3.6638      1.687      2.447    20.4584   998.1963 0.0000e+00
      1.720      0.035     0.3391      5.000    213.636 194.273793     1.8365     15.525   173.7890 9.3541e+01     3.5770      1.686      2.445    20.4594   998.1961 0.0000e+00
      1.724      0.032     0.3329      4.924    213.665 194.305085     1.8297     15.525   173.7185 9.2893e+01     3.5286      1.688      2.448    20.4604   998.1959 0.0000e+00
      1.734      0.030     0.3274      4.805    213.680 194.323550     1.8337     15.525   173.5941 9.1887e+01     3.4906      1.700      2.465    20.4613   998.1958 0.0000e+00
      1.749      0.030     0.3182      4.670    213.655 194.305199     1.8552     15.524   173.7476 9.0982e+01     3.5285      1.716      2.489    20.4625   998.1956 0.0000e+00
      1.760      0.030     0.3150      4.549    213.616 194.275082     1.8708     15.524   174.1115 9.0689e+01     3.5755      1.729      2.508    20.4636   998.1954 0.0000e+00
      1.765      0.031     0.3120      4.443    213.615 194.279191     1.8791     15.525   174.2940 9.0848e+01     3.5784      1.733      2.513    20.4645   998.1953 0.0000e+00
      1.766      0.032     0.3025      4.334    213.622 194.290926     1.8793     15.525   174.2336 9.0765e+01     3.6662      1.731      2.509    20.4657   998.1951 0.0000e+00
      1.771      0.034     0.2941      4.214    213.614 194.289062     1.8729     15.525   174.2415 9.0140e+01     3.7786      1.734      2.515    20.4668   998.1948 0.0000e+00
      1.781      0.038     0.2860      4.114    213.643 194.320616     1.8692     15.524   174.3903 8.9198e+01     3.7359      1.745      2.532    20.4681   998.1946 0.0000e+00
      1.795      0.042     0.2800      4.048    213.673 194.352668     1.8622     15.524   174.4829 8.8228e+01     3.6644      1.760      2.552    20.4692   998.1944 0.0000e+00
      1.810      0.044     0.2737      3.974    213.672 194.356830     1.8367     15.524   174.5870 8.7353e+01     3.6699      1.776      2.575    20.4704   998.1942 0.0000e+00
      1.823      0.043     0.2650      3.870    213.682 194.370944     1.8084     15.524   174.7026 8.6658e+01     3.6989      1.788      2.594    20.4716   998.1940 0.0000e+00
      1.834      0.038     0.2578      3.755    213.703 194.395406     1.8064     15.524   174.7624 8.6210e+01     3.7414      1.799      2.609    20.4728   998.1938 0.0000e+00
      1.842      0.032     0.2555      3.646    213.699 194.396782     1.8126     15.524   174.7942 8.5835e+01     3.7711      1.807      2.620    20.4739   998.1936 0.0000e+00
      1.848      0.027     0.2513      3.548    213.683 194.387586     1.8075     15.523   174.8290 8.5522e+01     3.7146      1.813      2.630    20.4752   998.1934 0.0000e+00
      1.853      0.024     0.2438      3.437    213.704 194.412130     1.8106     15.523   174.8390 8.5405e+01     3.5737      1.818      2.637    20.4765   998.1931 0.0000e+00
