Data/DataNotYetUploadedToEDI/Raw_CTD/RawDownloads/092320_ccr20.cnv
* Sea-Bird SBE19plus  Data File:
* FileName = C:\DATA\092320_ccr50_0004.hex
* Software version 2.8.0.119
* Temperature SN = 7809
* Conductivity SN = 7809
* System UpLoad Time = Sep 23 2020 19:44:27
* <ApplicationData>
* <Seaterm232>
# nquan = 16
# nvalues = 1804                        
# units = specified
# name 0 = depFM: Depth [fresh water, m]
# name 1 = dz/dtM: Descent Rate [m/s]
# name 2 = sbeox0ML/L: Oxygen, SBE 43 [ml/l]
# name 3 = sbeox0PS: Oxygen, SBE 43 [% saturation]
# name 4 = specc: Specific Conductance [uS/cm]
# name 5 = c0uS/cm: Conductivity [uS/cm]
# name 6 = flECO-AFL: Fluorescence, WET Labs ECO-AFL/FL [mg/m^3]
# name 7 = ph: pH
# name 8 = orp: Oxidation Reduction Potential [mV]
# name 9 = par/sat/log: PAR/Logarithmic, Satlantic
# name 10 = turbWETntu0: Turbidity, WET Labs ECO [NTU]
# name 11 = prdM: Pressure, Strain Gauge [db]
# name 12 = prdE: Pressure, Strain Gauge [psi]
# name 13 = tv290C: Temperature [ITS-90, deg C]
# name 14 = density00: Density [density, kg/m^3]
# name 15 = flag:  0.000e+00
# span 0 =     -0.486,      8.447       
# span 1 =     -0.187,      0.195       
# span 2 =     0.0417,     6.0012       
# span 3 =      0.576,     98.065       
# span 4 =      2.536,     82.625       
# span 5 =   2.365027,  61.370536       
# span 6 =    -1.1216,     3.5702       
# span 7 =     15.504,     16.025       
# span 8 =   145.6172,   915.4434       
# span 9 = 1.1807e+00, 5.9877e+02       
# span 10 =    -0.2544,    60.6429      
# span 11 =     -0.478,      8.284      
# span 12 =     -0.693,     12.014      
# span 13 =    11.9844,    22.7460      
# span 14 =   997.6060,   999.5713      
# span 15 = 0.0000e+00, 0.0000e+00      
# interval = seconds: 0.25
# start_time = Sep 23 2020 03:19:50 [Instrument's time stamp, header]
# bad_flag = -9.990e-29
*END*
[from data line 995]
      6.986      0.024     0.5380      6.046     63.670  53.272224     1.4467     15.684   233.9778 5.9287e+00     6.1755      6.850      9.935    16.8902   998.8527 0.0000e+00
      6.992      0.026     0.5191      5.494     63.751  53.307990     1.4297     15.685   234.1131 5.8960e+00     6.2010      6.857      9.945    16.8605   998.8579 0.0000e+00
      7.000      0.028     0.4881      5.016     63.765  53.294700     1.4395     15.685   234.2204 5.8603e+00     6.3610      6.864      9.956    16.8412   998.8613 0.0000e+00
      7.009      0.029     0.4504      4.616     63.771  53.302038     1.4791     15.685   234.4141 5.8162e+00     6.5651      6.874      9.969    16.8447   998.8607 0.0000e+00
      7.017      0.029     0.4098      4.296     63.796  53.333206     1.4986     15.685   234.5621 5.7795e+00     6.6428      6.882      9.981    16.8400   998.8616 0.0000e+00
      7.024      0.029     0.3704      4.056     63.829  53.354000     1.4844     15.684   234.6335 5.7596e+00     6.6144      6.889      9.991    16.8028   998.8680 0.0000e+00
      7.030      0.028     0.3395      3.880     63.863  53.362899     1.4601     15.684   234.6752 5.7369e+00     6.6683      6.895      9.999    16.7751   998.8728 0.0000e+00
      7.037      0.026     0.3113      3.738     63.980  53.440778     1.4344     15.684   234.7218 5.6929e+00     6.8126      6.901     10.010    16.7851   998.8712 0.0000e+00
      7.045      0.025     0.2898      3.595     64.185  53.596952     1.4207     15.685   234.8528 5.6434e+00     6.8826      6.909     10.021    16.8036   998.8680 0.0000e+00
      7.052      0.024     0.2741      3.472     64.362  53.726813     1.4273     15.685   235.1404 5.6102e+00     6.8979      6.915     10.030    16.7948   998.8696 0.0000e+00
      7.057      0.023     0.2622      3.367     64.497  53.804126     1.4284     15.686   235.6183 5.5920e+00     6.8947      6.920     10.037    16.7742   998.8731 0.0000e+00
      7.062      0.021     0.2551      3.242     64.682  53.896539     1.4158     15.689   235.9850 5.5764e+00     6.8437      6.925     10.044    16.7579   998.8759 0.0000e+00
      7.067      0.020     0.2435      3.122     64.925  54.018391     1.4090     15.691   236.0465 5.5582e+00     6.8301      6.930     10.051    16.7481   998.8778 0.0000e+00
      7.072      0.019     0.2350      3.020     65.160  54.134039     1.4130     15.692   235.9325 5.5402e+00     6.9017      6.934     10.058    16.7391   998.8795 0.0000e+00
      7.077      0.019     0.2305      2.890     65.340  54.214956     1.4259     15.694   235.8104 5.5224e+00     6.9542      6.940     10.066    16.7138   998.8838 0.0000e+00
      7.081      0.018     0.2204      2.711     65.431  54.234476     1.4408     15.695   235.8614 5.5081e+00     6.8803      6.944     10.072    16.6659   998.8920 0.0000e+00
      7.086      0.018     0.2117      2.506     65.481  54.242950     1.4406     15.696   236.0328 5.4970e+00     6.7295      6.949     10.078    16.5951   998.9041 0.0000e+00
      7.090      0.018     0.2075      2.331     65.591  54.317366     1.4237     15.696   236.1614 5.4739e+00     6.6417      6.953     10.084    16.5300   998.9153 0.0000e+00
      7.095      0.019     0.1986      2.197     65.785  54.435536     1.4168     15.697   236.2127 5.4394e+00     6.6431      6.958     10.091    16.4817   998.9235 0.0000e+00
      7.100      0.019     0.1867      2.066     65.988  54.528379     1.3957     15.699   236.3083 5.4141e+00     6.5749      6.962     10.097    16.4319   998.9318 0.0000e+00
      7.105      0.018     0.1705      1.944     66.098  54.550579     1.3406     15.700   236.4571 5.3893e+00     6.3664      6.967     10.104    16.4069   998.9360 0.0000e+00
      7.110      0.018     0.1578      1.846     66.098  54.513310     1.3036     15.701   236.4632 5.3635e+00     6.2161      6.973     10.113    16.4115   998.9353 0.0000e+00
      7.114      0.017     0.1513      1.790     66.120  54.522347     1.2913     15.701   236.3819 5.3465e+00     6.1659      6.978     10.120    16.3851   998.9399 0.0000e+00
      7.118      0.017     0.1414      1.791     66.198  54.596315     1.2962     15.702   236.3344 5.3205e+00     6.0336      6.980     10.124    16.3073   998.9529 0.0000e+00
      7.122      0.017     0.1328      1.788     66.251  54.645442     1.3152     15.702   236.3197 5.2833e+00     5.8521      6.984     10.130    16.2508   998.9623 0.0000e+00
      7.126      0.017     0.1264      1.744     66.296  54.671719     1.3216     15.702   236.2894 5.2466e+00     5.7570      6.988     10.135    16.2276   998.9661 0.0000e+00
      7.130      0.018     0.1205      1.711     66.391  54.723469     1.3160     15.702   236.2266 5.2195e+00     5.7079      6.991     10.140    16.2175   998.9678 0.0000e+00
      7.135      0.019     0.1234      1.722     66.573  54.826493     1.3519     15.703   236.1624 5.1966e+00     5.6355      6.997     10.148    16.2359   998.9649 0.0000e+00
      7.141      0.020     0.1248      1.758     66.902  55.028053     1.4314     15.705   236.1155 5.1654e+00     5.5687      7.002     10.156    16.2426   998.9637 0.0000e+00
      7.146      0.021     0.1190      1.789     67.377  55.318371     1.4765     15.707   236.0893 5.1327e+00     5.5180      7.008     10.164    16.2308   998.9657 0.0000e+00
      7.151      0.022     0.1161      1.795     67.898  55.605236     1.4875     15.710   236.1038 5.1140e+00     5.4690      7.013     10.172    16.2166   998.9681 0.0000e+00
      7.156      0.023     0.1180      1.785     68.362  55.828470     1.4883     15.712   236.1182 5.1058e+00     5.4228      7.017     10.178    16.1777   998.9746 0.0000e+00
      7.162      0.024     0.1210      1.778     68.737  55.984604     1.5143     15.715   236.0057 5.0906e+00     5.3369      7.024     10.187    16.1293   998.9827 0.0000e+00
      7.169      0.027     0.1241      1.736     69.134  56.158898     1.5830     15.719   235.9481 5.0568e+00     5.2553      7.031     10.197    16.0630   998.9937 0.0000e+00
      7.176      0.030     0.1247      1.638     69.538  56.347593     1.6320     15.722   236.1102 5.0121e+00     5.2601      7.037     10.207    15.9473   999.0127 0.0000e+00
      7.182      0.032     0.1229      1.520     69.848  56.487276     1.6488     15.725   236.2451 4.9694e+00     5.2918      7.043     10.215    15.8249   999.0327 0.0000e+00
      7.191      0.034     0.1244      1.390     70.150  56.640713     1.6910     15.727   236.2031 4.9274e+00     5.1235      7.051     10.226    15.7228   999.0492 0.0000e+00
      7.202      0.034     0.1230      1.260     70.460  56.805137     1.7704     15.728   236.1183 4.8789e+00     4.7355      7.063     10.243    15.6113   999.0671 0.0000e+00
      7.212      0.033     0.1142      1.166     70.655  56.887100     1.8169     15.729   236.0807 4.8216e+00     4.4805      7.074     10.261    15.5030   999.0843 0.0000e+00
      7.222      0.030     0.1065      1.098     70.683  56.869329     1.8332     15.730   236.0062 4.7840e+00     4.4427      7.083     10.273    15.4267   999.0963 0.0000e+00
      7.228      0.026     0.0980      1.037     70.747  56.907849     1.8817     15.730   235.9057 4.7603e+00     4.4848      7.089     10.281    15.3680   999.1056 0.0000e+00
      7.233      0.022     0.0865      0.991     70.952  57.035194     1.9467     15.731   235.8972 4.7207e+00     4.5435      7.095     10.289    15.3066   999.1152 0.0000e+00
      7.237      0.020     0.0814      0.974     71.108  57.074970     1.9697     15.733   235.9901 4.6778e+00     4.5347      7.098     10.294    15.2430   999.1252 0.0000e+00
      7.241      0.018     0.0771      0.977     71.221  57.071044     1.9602     15.735   236.1688 4.6375e+00     4.4811      7.100     10.298    15.2129   999.1298 0.0000e+00
      7.245      0.018     0.0725      0.971     71.347  57.114663     2.0129     15.737   236.3366 4.6055e+00     4.5131      7.105     10.305    15.2252   999.1279 0.0000e+00
      7.250      0.018     0.0690      0.966     71.351  57.094090     2.1397     15.737   236.3841 4.5878e+00     4.6470      7.111     10.314    15.2072   999.1308 0.0000e+00
      7.255      0.019     0.0675      0.976     71.206  56.949318     2.2250     15.737   236.3132 4.5651e+00     4.7607      7.114     10.320    15.1302   999.1425 0.0000e+00
      7.260      0.020     0.0698      0.994     71.040  56.761765     2.2426     15.738   236.3403 4.5294e+00     4.7554      7.119     10.326    15.0505   999.1547 0.0000e+00
      7.265      0.020     0.0683      1.017     71.087  56.732094     2.3811     15.739   236.6252 4.4889e+00     4.6862      7.125     10.334    15.0111   999.1608 0.0000e+00
      7.271      0.020     0.0676      1.048     71.300  56.844579     2.6600     15.742   236.8330 4.4484e+00     4.6787      7.130     10.342    15.0079   999.1614 0.0000e+00
      7.276      0.021     0.0688      1.083     71.362  56.851244     2.8201     15.744   236.7874 4.4133e+00     4.7334      7.136     10.350    14.9957   999.1632 0.0000e+00
      7.281      0.021     0.0700      1.099     71.357  56.812647     2.8580     15.745   236.7629 4.3792e+00     4.7994      7.140     10.356    14.9500   999.1699 0.0000e+00
      7.286      0.021     0.0719      1.093     71.402  56.822547     3.0133     15.745   236.7940 4.3479e+00     4.8241      7.146     10.364    14.8950   999.1783 0.0000e+00
      7.292      0.020     0.0735      1.072     71.368  56.780336     3.2766     15.745   236.7337 4.3252e+00     4.7908      7.151     10.372    14.8558   999.1843 0.0000e+00
      7.298      0.018     0.0776      1.044     71.238  56.683402     3.4182     15.744   236.6364 4.3046e+00     4.7410      7.157     10.381    14.8273   999.1884 0.0000e+00
      7.303      0.017     0.0783      1.016     71.092  56.603403     3.4390     15.743   236.6495 4.2822e+00     4.7029      7.162     10.387    14.8023   999.1922 0.0000e+00
      7.307      0.015     0.0780      0.990     71.001  56.575419     3.4426     15.742   236.6338 4.2596e+00     4.7065      7.165     10.392    14.7865   999.1946 0.0000e+00
      7.309      0.013     0.0760      0.960     70.990  56.599207     3.4706     15.741   236.4467 4.2405e+00     4.8194      7.168     10.396    14.7715   999.1968 0.0000e+00
      7.312      0.011     0.0740      0.931     71.007  56.636959     3.5396     15.740   236.3658 4.2239e+00     4.9692      7.171     10.401    14.7698   999.1970 0.0000e+00
      7.315      0.011     0.0721      0.926     71.004  56.650762     3.5702     15.739   236.4304 4.2056e+00     4.9729      7.174     10.405    14.8048   999.1918 0.0000e+00
      7.317      0.010     0.0701      0.951     71.006  56.639070     3.5548     15.739   236.4537 4.1949e+00     4.9330      7.176     10.407    14.8441   999.1860 0.0000e+00
      7.319      0.010     0.0682      0.974     71.059  56.622621     3.4680     15.741   236.3888 4.1966e+00     4.9670      7.178     10.411    14.8610   999.1835 0.0000e+00
      7.322      0.010     0.0651      0.989     71.264  56.705907     3.3225     15.744   236.3343 4.1924e+00     5.0066      7.181     10.415    14.8785   999.1809 0.0000e+00
      7.325      0.011     0.0644      1.022     71.802  57.074247     3.2544     15.745   236.3968 4.1844e+00     5.0347      7.184     10.419    14.8956   999.1783 0.0000e+00
      7.327      0.014     0.0673      1.036     72.572  57.645713     3.2354     15.745   236.3706 4.1782e+00     5.0316      7.187     10.423    14.8936   999.1786 0.0000e+00
      7.329      0.017     0.0700      1.010     73.124  58.025033     3.1024     15.746   236.1028 4.1562e+00     5.1071      7.187     10.424    14.8461   999.1857 0.0000e+00
      7.333      0.019     0.0683      0.992     73.246  58.039430     2.8773     15.747   235.6548 4.1128e+00     5.3289      7.189     10.427    14.7735   999.1965 0.0000e+00
      7.340      0.019     0.0735      0.993     73.127  57.883209     2.7642     15.749   235.0832 4.0573e+00     5.4816      7.198     10.439    14.7337   999.2027 0.0000e+00
      7.349      0.019     0.0754      0.988     73.103  57.851384     2.7644     15.749   234.4397 4.0199e+00     5.4774      7.208     10.455    14.7205   999.2050 0.0000e+00
      7.355      0.019     0.0709      0.985     73.476  58.162849     2.6602     15.748   233.8967 4.0100e+00     5.3812      7.214     10.464    14.6824   999.2109 0.0000e+00
      7.358      0.020     0.0698      0.987     74.101  58.663232     2.4392     15.748   233.5082 3.9913e+00     5.2452      7.215     10.465    14.6095   999.2216 0.0000e+00
      7.359      0.020     0.0713      0.976     74.493  58.946125     2.3049     15.749   232.9272 3.9681e+00     5.1716      7.216     10.465    14.5589   999.2289 0.0000e+00
      7.363      0.021     0.0703      0.962     74.587  58.978499     2.2755     15.750   231.9482 3.9464e+00     5.2122      7.219     10.470    14.5569   999.2292 0.0000e+00
      7.370      0.023     0.0694      0.946     74.649  58.991075     2.1226     15.751   230.7043 3.9012e+00     5.2903      7.226     10.481    14.5792   999.2261 0.0000e+00
      7.378      0.026     0.0713      0.928     74.862  59.098138     1.8293     15.753   229.2453 3.8489e+00     5.2916      7.236     10.496    14.5918   999.2246 0.0000e+00
      7.387      0.030     0.0690      0.908     75.193  59.256406     1.6568     15.755   227.6437 3.8024e+00     5.2280      7.244     10.507    14.5656   999.2285 0.0000e+00
      7.393      0.033     0.0687      0.871     75.478  59.379765     1.6199     15.757   226.0521 3.7710e+00     5.2084      7.251     10.516    14.5255   999.2344 0.0000e+00
      7.399      0.035     0.0678      0.848     75.663  59.445947     1.5260     15.759   224.4556 3.7469e+00     5.3630      7.255     10.523    14.5154   999.2359 0.0000e+00
      7.409      0.036     0.0655      0.848     75.731  59.421180     1.3715     15.760   222.8815 3.6982e+00     5.6210      7.264     10.535    14.4851   999.2405 0.0000e+00
      7.421      0.036     0.0663      0.847     75.719  59.334359     1.3059     15.761   221.3877 3.6472e+00     5.7531      7.278     10.556    14.3963   999.2535 0.0000e+00
      7.433      0.035     0.0616      0.857     75.714  59.285574     1.3154     15.762   219.9018 3.6080e+00     5.7591      7.290     10.572    14.3231   999.2641 0.0000e+00
      7.442      0.033     0.0594      0.873     75.699  59.276000     1.3045     15.762   218.4244 3.5595e+00     5.7275      7.299     10.586    14.2829   999.2699 0.0000e+00
      7.450      0.031     0.0621      0.883     75.676  59.282142     1.3073     15.761   217.1189 3.5231e+00     5.7486      7.307     10.598    14.2297   999.2775 0.0000e+00
      7.455      0.030     0.0599      0.884     75.681  59.296331     1.3491     15.760   216.2492 3.5116e+00     5.8769      7.311     10.604    14.1690   999.2861 0.0000e+00
      7.460      0.030     0.0617      0.869     75.649  59.256978     1.3812     15.761   215.8237 3.4937e+00     5.9743      7.315     10.609    14.1329   999.2912 0.0000e+00
      7.467      0.030     0.0629      0.853     75.508  59.123969     1.3801     15.761   215.5018 3.4574e+00     5.9991      7.321     10.620    14.1435   999.2897 0.0000e+00
      7.477      0.030     0.0632      0.845     75.316  58.958756     1.3358     15.760   215.1964 3.4148e+00     5.9361      7.331     10.635    14.1708   999.2859 0.0000e+00
      7.487      0.029     0.0643      0.833     75.193  58.847691     1.2567     15.760   215.0572 3.3700e+00     5.7619      7.343     10.651    14.1782   999.2850 0.0000e+00
      7.496      0.028     0.0622      0.814     75.159  58.797595     1.2244     15.761   214.9362 3.3338e+00     5.6785      7.353     10.664    14.1649   999.2869 0.0000e+00
