Data/DataNotYetUploadedToEDI/Raw_CTD/RawDownloads/092320_ccr50.cnv
* Sea-Bird SBE19plus  Data File:
* FileName = C:\DATA\092320_ccr50_0001.hex
* Software version 2.8.0.119
* Temperature SN = 7809
* Conductivity SN = 7809
* System UpLoad Time = Sep 23 2020 19:42:12
* <ApplicationData>
* <Seaterm232>
# nquan = 16
# nvalues = 5513                        
# units = specified
# name 0 = depFM: Depth [fresh water, m]
# name 1 = dz/dtM: Descent Rate [m/s]
# name 2 = sbeox0ML/L: Oxygen, SBE 43 [ml/l]
# name 3 = sbeox0PS: Oxygen, SBE 43 [% saturation]
# name 4 = specc: Specific Conductance [uS/cm]
# name 5 = c0uS/cm: Conductivity [uS/cm]
# name 6 = flECO-AFL: Fluorescence, WET Labs ECO-AFL/FL [mg/m^3]
# name 7 = ph: pH
# name 8 = orp: Oxidation Reduction Potential [mV]
# name 9 = par/sat/log: PAR/Logarithmic, Satlantic
# name 10 = turbWETntu0: Turbidity, WET Labs ECO [NTU]
# name 11 = prdM: Pressure, Strain Gauge [db]
# name 12 = prdE: Pressure, Strain Gauge [psi]
# name 13 = tv290C: Temperature [ITS-90, deg C]
# name 14 = density00: Density [density, kg/m^3]
# name 15 = flag:  0.000e+00
# span 0 =     -0.460,     20.469       
# span 1 =     -0.265,      0.107       
# span 2 =     0.3000,     6.1777       
# span 3 =      3.884,     99.679       
# span 4 =      4.187,     90.402       
# span 5 =   3.885163,  64.325565       
# span 6 =    -1.2022,     1.2065       
# span 7 =     15.234,     15.764       
# span 8 = -1240.2372,  1211.5436       
# span 9 = 1.2341e-01, 1.1972e+03       
# span 10 =    -3.1573,    92.4988      
# span 11 =     -0.453,     20.073      
# span 12 =     -0.656,     29.114      
# span 13 =    10.5521,    28.5859      
# span 14 =   996.0767,   999.7796      
# span 15 = 0.0000e+00, 0.0000e+00      
# interval = seconds: 0.25
# start_time = Sep 23 2020 00:06:24 [Instrument's time stamp, header]
# bad_flag = -9.990e-29
*END*
[from data line 2803]
     13.079     -0.002     2.9025     37.637     80.299  57.783707    -0.1245     15.689   262.8832 1.2358e-01     6.1434     12.823     18.599    10.9822   999.7003 0.0000e+00
     13.080      0.000     2.9039     37.670     80.299  57.783602    -0.1095     15.689   262.9840 1.2358e-01     6.1189     12.827     18.604    10.9840   999.7001 0.0000e+00
     13.084      0.001     2.9044     37.680     80.264  57.758305    -0.0986     15.689   262.9277 1.2364e-01     6.1004     12.831     18.609    10.9818   999.7004 0.0000e+00
     13.085      0.003     2.9037     37.653     80.230  57.731958    -0.1068     15.689   262.8907 1.2364e-01     5.9531     12.834     18.614    10.9780   999.7008 0.0000e+00
     13.085      0.006     2.9038     37.617     80.217  57.719158    -0.1137     15.689   263.0522 1.2356e-01     5.8151     12.832     18.612    10.9772   999.7009 0.0000e+00
     13.084      0.009     2.9085     37.597     80.237  57.730596    -0.1053     15.689   263.1598 1.2353e-01     5.8399     12.830     18.608    10.9776   999.7008 0.0000e+00
     13.084      0.014     2.9098     37.602     80.260  57.743187    -0.1006     15.689   263.0729 1.2363e-01     6.0800     12.830     18.608    10.9778   999.7008 0.0000e+00
     13.088      0.019     2.9062     37.602     80.268  57.744342    -0.1044     15.689   263.0334 1.2365e-01     6.4530     12.833     18.612    10.9767   999.7009 0.0000e+00
     13.097      0.023     2.9037     37.580     80.274  57.744551    -0.1137     15.689   263.1129 1.2358e-01     6.6427     12.841     18.625    10.9740   999.7012 0.0000e+00
     13.107      0.025     2.9009     37.559     80.279  57.745706    -0.1177     15.689   263.1740 1.2357e-01     6.6220     12.855     18.644    10.9723   999.7015 0.0000e+00
     13.115      0.025     2.9030     37.551     80.299  57.758307    -0.1138     15.690   263.2557 1.2351e-01     6.5115     12.863     18.657    10.9705   999.7017 0.0000e+00
     13.120      0.024     2.9041     37.542     80.317  57.769847    -0.1058     15.690   263.2409 1.2347e-01     6.4045     12.866     18.661    10.9673   999.7020 0.0000e+00
     13.123      0.023     2.9011     37.539     80.303  57.758182    -0.0960     15.690   263.0810 1.2357e-01     6.3925     12.869     18.666    10.9643   999.7023 0.0000e+00
     13.127      0.023     2.8996     37.574     80.286  57.744322    -0.0905     15.690   262.9567 1.2368e-01     6.4013     12.871     18.668    10.9625   999.7025 0.0000e+00
     13.132      0.025     2.8994     37.621     80.269  57.729316    -0.0972     15.690   262.9429 1.2368e-01     6.3735     12.877     18.676    10.9615   999.7027 0.0000e+00
     13.140      0.028     2.8994     37.632     80.238  57.703801    -0.1204     15.689   262.9138 1.2364e-01     6.3655     12.886     18.689    10.9609   999.7028 0.0000e+00
     13.149      0.031     2.8968     37.626     80.224  57.689932    -0.1326     15.689   262.7774 1.2364e-01     6.4415     12.895     18.703    10.9603   999.7029 0.0000e+00
     13.158      0.033     2.9007     37.632     80.228  57.688672    -0.1206     15.690   262.7569 1.2365e-01     6.5374     12.903     18.715    10.9591   999.7030 0.0000e+00
     13.166      0.033     2.9072     37.648     80.232  57.688568    -0.0991     15.691   262.8369 1.2370e-01     6.5978     12.911     18.726    10.9574   999.7032 0.0000e+00
     13.175      0.032     2.9063     37.665     80.234  57.688671    -0.0823     15.691   262.7993 1.2374e-01     6.5888     12.921     18.740    10.9559   999.7034 0.0000e+00
     13.184      0.031     2.9051     37.651     80.236  57.689920    -0.0696     15.691   262.7319 1.2373e-01     6.5319     12.929     18.752    10.9532   999.7038 0.0000e+00
     13.192      0.029     2.9066     37.612     80.256  57.703665    -0.0606     15.691   262.7109 1.2366e-01     6.5269     12.936     18.762    10.9502   999.7041 0.0000e+00
     13.199      0.027     2.9071     37.595     80.291  57.727808    -0.0600     15.692   262.6310 1.2354e-01     6.5626     12.945     18.774    10.9485   999.7043 0.0000e+00
     13.206      0.025     2.9103     37.585     80.293  57.727704    -0.0625     15.692   262.5405 1.2356e-01     6.5866     12.951     18.784    10.9476   999.7044 0.0000e+00
     13.211      0.024     2.9096     37.560     80.258  57.702408    -0.0708     15.691   262.5635 1.2366e-01     6.5421     12.955     18.790    10.9475   999.7044 0.0000e+00
     13.217      0.022     2.9034     37.530     80.221  57.676070    -0.0844     15.691   262.5650 1.2366e-01     6.4365     12.961     18.798    10.9472   999.7045 0.0000e+00
     13.222      0.020     2.9038     37.492     80.203  57.663374    -0.1033     15.691   262.4721 1.2366e-01     6.3397     12.967     18.807    10.9463   999.7046 0.0000e+00
     13.228      0.018     2.9042     37.447     80.220  57.675957    -0.1176     15.691   262.3863 1.2369e-01     6.3331     12.972     18.814    10.9457   999.7047 0.0000e+00
     13.233      0.017     2.9007     37.422     80.255  57.701148    -0.1142     15.691   262.3880 1.2370e-01     6.3916     12.978     18.823    10.9454   999.7048 0.0000e+00
     13.237      0.016     2.8993     37.400     80.274  57.713853    -0.1003     15.691   262.4933 1.2370e-01     6.4286     12.981     18.828    10.9458   999.7047 0.0000e+00
     13.240      0.015     2.8965     37.384     80.261  57.702511    -0.0831     15.691   262.5406 1.2367e-01     6.4381     12.984     18.831    10.9459   999.7047 0.0000e+00
     13.243      0.015     2.8911     37.403     80.249  57.691065    -0.0874     15.691   262.5299 1.2364e-01     6.4028     12.986     18.835    10.9458   999.7048 0.0000e+00
     13.246      0.015     2.8907     37.431     80.267  57.702521    -0.1140     15.691   262.6218 1.2365e-01     6.3452     12.990     18.841    10.9461   999.7048 0.0000e+00
     13.250      0.015     2.8895     37.459     80.285  57.713959    -0.1288     15.691   262.7047 1.2365e-01     6.3253     12.994     18.847    10.9457   999.7048 0.0000e+00
     13.255      0.016     2.8855     37.484     80.271  57.702304    -0.1236     15.691   262.6721 1.2365e-01     6.3338     12.999     18.853    10.9442   999.7050 0.0000e+00
     13.259      0.018     2.8899     37.504     80.253  57.688662    -0.1176     15.691   262.5716 1.2367e-01     6.3107     13.002     18.859    10.9426   999.7051 0.0000e+00
     13.263      0.018     2.8914     37.537     80.237  57.676062    -0.1223     15.691   262.5228 1.2362e-01     6.2864     13.006     18.864    10.9412   999.7053 0.0000e+00
     13.268      0.018     2.8934     37.557     80.238  57.677017    -0.1234     15.692   262.5978 1.2359e-01     6.3139     13.011     18.870    10.9401   999.7055 0.0000e+00
     13.274      0.018     2.8968     37.552     80.270  57.700213    -0.1214     15.692   262.7033 1.2363e-01     6.3685     13.017     18.879    10.9393   999.7056 0.0000e+00
     13.279      0.017     2.8961     37.550     80.273  57.702408    -0.1171     15.692   262.7665 1.2363e-01     6.3632     13.024     18.888    10.9390   999.7056 0.0000e+00
     13.283      0.017     2.9004     37.535     80.273  57.703554    -0.0907     15.691   262.7604 1.2363e-01     6.3191     13.027     18.893    10.9386   999.7057 0.0000e+00
     13.286      0.017     2.9030     37.496     80.286  57.714072    -0.0500     15.691   262.7146 1.2358e-01     6.3499     13.029     18.896    10.9384   999.7057 0.0000e+00
     13.289      0.018     2.9001     37.451     80.269  57.702521    -0.0350     15.691   262.6435 1.2351e-01     6.3577     13.031     18.901    10.9384   999.7058 0.0000e+00
     13.293      0.019     2.9014     37.388     80.254  57.690954    -0.0524     15.691   262.5897 1.2353e-01     6.3106     13.036     18.906    10.9388   999.7057 0.0000e+00
     13.299      0.019     2.9011     37.338     80.269  57.701264    -0.0693     15.693   262.5806 1.2359e-01     6.3299     13.042     18.915    10.9394   999.7057 0.0000e+00
     13.306      0.019     2.8955     37.321     80.269  57.700120    -0.0585     15.694   262.5331 1.2362e-01     6.3850     13.049     18.926    10.9403   999.7056 0.0000e+00
     13.312      0.017     2.8947     37.296     80.236  57.677123    -0.0363     15.693   262.4455 1.2367e-01     6.3930     13.056     18.936    10.9409   999.7056 0.0000e+00
     13.317      0.014     2.8877     37.262     80.235  57.677322    -0.0394     15.692   262.3825 1.2370e-01     6.3933     13.061     18.943    10.9405   999.7056 0.0000e+00
     13.320      0.010     2.8825     37.256     80.268  57.702534    -0.0577     15.693   262.3726 1.2368e-01     6.4571     13.063     18.946    10.9397   999.7057 0.0000e+00
     13.320      0.007     2.8842     37.291     80.302  57.727840    -0.0664     15.694   262.4124 1.2363e-01     6.5461     13.062     18.947    10.9392   999.7058 0.0000e+00
     13.319      0.007     2.8813     37.325     80.304  57.729184    -0.0587     15.694   262.5194 1.2362e-01     6.6106     13.061     18.945    10.9391   999.7058 0.0000e+00
     13.319      0.008     2.8781     37.357     80.289  57.718788    -0.0416     15.694   262.6332 1.2365e-01     6.6535     13.062     18.944    10.9397   999.7057 0.0000e+00
     13.322      0.011     2.8758     37.402     80.303  57.729195    -0.0310     15.694   262.6700 1.2365e-01     6.6523     13.063     18.946    10.9409   999.7056 0.0000e+00
     13.327      0.014     2.8815     37.431     80.299  57.727955    -0.0360     15.694   262.6201 1.2364e-01     6.5959     13.069     18.954    10.9415   999.7056 0.0000e+00
     13.333      0.016     2.8839     37.468     80.264  57.703805    -0.0538     15.693   262.5463 1.2361e-01     6.5555     13.075     18.964    10.9416   999.7056 0.0000e+00
     13.338      0.017     2.8838     37.504     80.245  57.691308    -0.0652     15.693   262.5521 1.2356e-01     6.5757     13.080     18.971    10.9417   999.7056 0.0000e+00
     13.342      0.017     2.8914     37.469     80.263  57.703909    -0.0499     15.693   262.6041 1.2354e-01     6.5654     13.085     18.978    10.9421   999.7056 0.0000e+00
     13.345      0.018     2.8905     37.386     80.298  57.729113    -0.0208     15.694   262.5726 1.2354e-01     6.4995     13.087     18.981    10.9430   999.7055 0.0000e+00
     13.348      0.018     2.8931     37.344     80.317  57.741932    -0.0184     15.694   262.5158 1.2359e-01     6.3966     13.090     18.985    10.9437   999.7055 0.0000e+00
     13.353      0.019     2.9003     37.358     80.303  57.731840    -0.0399     15.694   262.6054 1.2363e-01     6.2835     13.094     18.991    10.9442   999.7054 0.0000e+00
     13.359      0.019     2.8960     37.385     80.305  57.734151    -0.0526     15.694   262.7095 1.2364e-01     6.2308     13.100     18.999    10.9443   999.7054 0.0000e+00
     13.366      0.019     2.8859     37.404     80.355  57.769873    -0.0482     15.694   262.6558 1.2364e-01     6.2054     13.108     19.012    10.9441   999.7055 0.0000e+00
     13.371      0.019     2.8827     37.418     80.374  57.782579    -0.0347     15.694   262.5588 1.2362e-01     6.1821     13.114     19.020    10.9438   999.7056 0.0000e+00
     13.374      0.018     2.8856     37.438     80.344  57.760719    -0.0417     15.694   262.5693 1.2363e-01     6.1559     13.116     19.023    10.9437   999.7056 0.0000e+00
     13.377      0.018     2.8883     37.478     80.343  57.759678    -0.0659     15.694   262.6958 1.2371e-01     6.1283     13.119     19.027    10.9439   999.7056 0.0000e+00
     13.381      0.018     2.8893     37.524     80.358  57.769988    -0.0696     15.694   262.7980 1.2371e-01     6.1573     13.122     19.032    10.9440   999.7056 0.0000e+00
     13.386      0.018     2.8904     37.545     80.343  57.758325    -0.0484     15.695   262.7729 1.2367e-01     6.2673     13.127     19.039    10.9434   999.7057 0.0000e+00
     13.392      0.017     2.8914     37.566     80.326  57.745714    -0.0197     15.695   262.7361 1.2365e-01     6.3931     13.133     19.048    10.9429   999.7058 0.0000e+00
     13.397      0.016     2.8942     37.597     80.326  57.744569    -0.0085     15.695   262.6979 1.2362e-01     6.4430     13.139     19.056    10.9428   999.7058 0.0000e+00
     13.402      0.015     2.9004     37.604     80.325  57.744474    -0.0268     15.694   262.5687 1.2367e-01     6.3890     13.144     19.063    10.9426   999.7059 0.0000e+00
     13.405      0.015     2.8999     37.613     80.325  57.744569    -0.0507     15.694   262.4641 1.2373e-01     6.3248     13.146     19.066    10.9422   999.7059 0.0000e+00
     13.406      0.014     2.9008     37.623     80.327  57.745724    -0.0502     15.694   262.4665 1.2368e-01     6.3525     13.147     19.068    10.9416   999.7060 0.0000e+00
     13.409      0.014     2.9063     37.595     80.344  57.758429    -0.0392     15.694   262.5111 1.2361e-01     6.4149     13.150     19.071    10.9414   999.7060 0.0000e+00
     13.414      0.014     2.9044     37.560     80.362  57.771136    -0.0326     15.694   262.5741 1.2359e-01     6.3586     13.155     19.078    10.9415   999.7060 0.0000e+00
     13.419      0.014     2.9045     37.546     80.363  57.772301    -0.0273     15.694   262.6254 1.2363e-01     6.1863     13.161     19.088    10.9417   999.7060 0.0000e+00
     13.423      0.015     2.9088     37.537     80.363  57.772521    -0.0419     15.695   262.6157 1.2368e-01     6.0827     13.164     19.093    10.9416   999.7061 0.0000e+00
     13.426      0.015     2.9042     37.545     80.366  57.773790    -0.0473     15.695   262.6277 1.2367e-01     6.1017     13.166     19.096    10.9416   999.7061 0.0000e+00
     13.428      0.014     2.8998     37.569     80.386  57.787644    -0.0254     15.695   262.6849 1.2364e-01     6.1413     13.168     19.098    10.9417   999.7061 0.0000e+00
     13.432      0.014     2.9013     37.579     80.421  57.812960    -0.0158     15.695   262.7048 1.2363e-01     6.1504     13.172     19.104    10.9418   999.7061 0.0000e+00
     13.437      0.013     2.8989     37.583     80.440  57.825770    -0.0258     15.695   262.6970 1.2363e-01     6.1427     13.177     19.112    10.9419   999.7061 0.0000e+00
     13.441      0.013     2.8995     37.594     80.426  57.815479    -0.0426     15.695   262.6759 1.2361e-01     6.1175     13.182     19.118    10.9417   999.7061 0.0000e+00
     13.445      0.012     2.9034     37.605     80.426  57.815593    -0.0571     15.695   262.6215 1.2358e-01     6.0851     13.185     19.123    10.9415   999.7062 0.0000e+00
     13.447      0.010     2.9029     37.610     80.441  57.827145    -0.0570     15.696   262.5563 1.2359e-01     6.0944     13.187     19.126    10.9412   999.7062 0.0000e+00
     13.449      0.009     2.9030     37.619     80.442  57.828091    -0.0412     15.696   262.4903 1.2363e-01     6.1275     13.189     19.128    10.9411   999.7063 0.0000e+00
     13.450      0.008     2.9041     37.624     80.440  57.827031    -0.0384     15.695   262.5110 1.2363e-01     6.1419     13.190     19.130    10.9410   999.7063 0.0000e+00
     13.452      0.007     2.9055     37.624     80.422  57.814335    -0.0607     15.694   262.5485 1.2364e-01     6.1311     13.191     19.132    10.9408   999.7063 0.0000e+00
     13.455      0.006     2.9052     37.641     80.405  57.801640    -0.0727     15.695   262.5145 1.2364e-01     6.1005     13.194     19.137    10.9409   999.7063 0.0000e+00
     13.457      0.005     2.9059     37.657     80.404  57.800589    -0.0590     15.695   262.5291 1.2358e-01     6.1150     13.197     19.140    10.9413   999.7063 0.0000e+00
     13.457      0.004     2.9073     37.657     80.405  57.801629    -0.0478     15.696   262.4666 1.2355e-01     6.1681     13.198     19.142    10.9419   999.7062 0.0000e+00
