Data/DataNotYetUploadedToEDI/Raw_CTD/RawDownloads/092320_ccr30.cnv
* Sea-Bird SBE19plus  Data File:
* FileName = C:\DATA\092320_ccr50_0002.hex
* Software version 2.8.0.119
* Temperature SN = 7809
* Conductivity SN = 7809
* System UpLoad Time = Sep 23 2020 19:43:20
* <ApplicationData>
* <Seaterm232>
# nquan = 16
# nvalues = 2762                        
# units = specified
# name 0 = depFM: Depth [fresh water, m]
# name 1 = dz/dtM: Descent Rate [m/s]
# name 2 = sbeox0ML/L: Oxygen, SBE 43 [ml/l]
# name 3 = sbeox0PS: Oxygen, SBE 43 [% saturation]
# name 4 = specc: Specific Conductance [uS/cm]
# name 5 = c0uS/cm: Conductivity [uS/cm]
# name 6 = flECO-AFL: Fluorescence, WET Labs ECO-AFL/FL [mg/m^3]
# name 7 = ph: pH
# name 8 = orp: Oxidation Reduction Potential [mV]
# name 9 = par/sat/log: PAR/Logarithmic, Satlantic
# name 10 = turbWETntu0: Turbidity, WET Labs ECO [NTU]
# name 11 = prdM: Pressure, Strain Gauge [db]
# name 12 = prdE: Pressure, Strain Gauge [psi]
# name 13 = tv290C: Temperature [ITS-90, deg C]
# name 14 = density00: Density [density, kg/m^3]
# name 15 = flag:  0.000e+00
# span 0 =     -0.480,     13.930       
# span 1 =     -0.297,      0.187       
# span 2 =     0.0315,     6.3640       
# span 3 =      0.448,    103.086       
# span 4 =      2.992,    218.245       
# span 5 =   2.951440, 158.734537       
# span 6 =    -1.5165,     4.2317       
# span 7 =     15.065,     15.613       
# span 8 = -1240.7439,   249.3517       
# span 9 = 1.2345e-01, 1.1531e+03       
# span 10 =    -0.4192,    65.7080      
# span 11 =     -0.471,     13.661      
# span 12 =     -0.684,     19.813      
# span 13 =    10.8313,    24.3690      
# span 14 =   997.2132,   999.7624      
# span 15 = 0.0000e+00, 0.0000e+00      
# interval = seconds: 0.25
# start_time = Sep 23 2020 01:58:43 [Instrument's time stamp, header]
# bad_flag = -9.990e-29
*END*
[from data line 2080]
     10.748     -0.047     0.0465      0.602    209.339 150.831339    -0.0493     15.558    84.0832 1.3543e-01     4.4139     10.540     15.287    11.0210   999.7323 0.0000e+00
     10.736     -0.047     0.0479      0.613    209.354 150.844104    -0.0501     15.558    84.1078 1.3933e-01     4.4237     10.529     15.272    11.0215   999.7323 0.0000e+00
     10.725     -0.048     0.0474      0.624    209.354 150.846414    -0.0590     15.559    84.1415 1.4236e-01     4.4094     10.519     15.257    11.0220   999.7322 0.0000e+00
     10.713     -0.051     0.0459      0.631    209.369 150.859284    -0.0702     15.559    84.3181 1.4314e-01     4.4122     10.507     15.239    11.0225   999.7320 0.0000e+00
     10.700     -0.056     0.0459      0.621    209.384 150.872067    -0.0806     15.559    84.4366 1.4818e-01     4.3895     10.493     15.219    11.0228   999.7319 0.0000e+00
     10.687     -0.062     0.0474      0.584    209.383 150.873342    -0.0993     15.559    84.4553 1.5305e-01     4.3068     10.481     15.201    11.0234   999.7318 0.0000e+00
     10.672     -0.067     0.0480      0.554    209.382 150.874704    -0.1144     15.558    84.4578 1.5252e-01     4.2704     10.468     15.182    11.0240   999.7317 0.0000e+00
     10.653     -0.072     0.0491      0.564    209.399 150.888544    -0.1115     15.558    84.3812 1.5597e-01     4.2931     10.448     15.154    11.0243   999.7316 0.0000e+00
     10.630     -0.077     0.0490      0.571    209.430 150.913031    -0.1220     15.558    84.3893 1.6307e-01     4.2712     10.425     15.119    11.0249   999.7314 0.0000e+00
     10.608     -0.082     0.0452      0.558    209.431 150.915499    -0.1360     15.558    84.4697 1.6558e-01     4.1774     10.401     15.085    11.0254   999.7312 0.0000e+00
     10.589     -0.086     0.0403      0.569    209.432 150.918386    -0.1280     15.559    84.5790 1.6831e-01     4.0863     10.383     15.061    11.0259   999.7311 0.0000e+00
     10.569     -0.086     0.0441      0.596    209.470 150.947944    -0.1116     15.559    84.8504 1.8524e-01     4.0633     10.367     15.036    11.0263   999.7310 0.0000e+00
     10.545     -0.085     0.0456      0.607    209.475 150.953770    -0.1089     15.559    85.1702 2.0895e-01     4.0361     10.343     15.001    11.0268   999.7309 0.0000e+00
     10.519     -0.083     0.0412      0.591    209.432 150.925015    -0.1142     15.559    85.6059 2.1985e-01     4.0671     10.313     14.959    11.0273   999.7307 0.0000e+00
     10.496     -0.081     0.0438      0.580    209.421 150.919385    -0.0989     15.559    86.1608 2.2472e-01     4.2310     10.291     14.925    11.0278   999.7305 0.0000e+00
     10.479     -0.078     0.0461      0.594    209.460 150.949521    -0.0862     15.559    86.6308 2.2825e-01     4.3350     10.276     14.904    11.0284   999.7304 0.0000e+00
     10.463     -0.075     0.0483      0.614    209.486 150.970295    -0.0946     15.560    87.1598 2.2739e-01     4.3292     10.261     14.883    11.0289   999.7303 0.0000e+00
     10.445     -0.073     0.0450      0.620    209.496 150.979098    -0.0953     15.560    87.8236 2.3397e-01     4.2645     10.244     14.858    11.0294   999.7301 0.0000e+00
     10.425     -0.071     0.0438      0.609    209.511 150.992133    -0.0857     15.560    88.4618 2.4682e-01     4.1362     10.225     14.828    11.0299   999.7299 0.0000e+00
     10.405     -0.069     0.0457      0.596    209.520 151.000262    -0.0834     15.558    88.8543 2.5094e-01     4.0491     10.203     14.798    11.0304   999.7298 0.0000e+00
     10.386     -0.066     0.0477      0.600    209.536 151.013565    -0.0955     15.558    88.9554 2.4644e-01     4.0347     10.184     14.771    11.0307   999.7297 0.0000e+00
     10.369     -0.062     0.0485      0.612    209.549 151.025341    -0.1081     15.559    89.0822 2.5417e-01     4.0648     10.168     14.747    11.0313   999.7296 0.0000e+00
     10.356     -0.060     0.0469      0.592    209.531 151.015008    -0.1122     15.560    89.3548 2.6867e-01     4.1388     10.155     14.727    11.0317   999.7295 0.0000e+00
     10.344     -0.058     0.0454      0.548    209.530 151.016269    -0.1255     15.560    89.6701 2.6217e-01     4.1735     10.145     14.714    11.0322   999.7294 0.0000e+00
     10.331     -0.058     0.0454      0.516    209.561 151.040590    -0.1358     15.559    89.9696 2.5353e-01     4.1759     10.132     14.696    11.0327   999.7293 0.0000e+00
     10.315     -0.059     0.0487      0.518    209.576 151.053787    -0.1132     15.558    90.1365 2.6075e-01     4.2014     10.117     14.673    11.0331   999.7292 0.0000e+00
     10.298     -0.060     0.0465      0.558    209.566 151.048196    -0.0800     15.558    90.2253 2.7280e-01     4.2078     10.100     14.648    11.0338   999.7290 0.0000e+00
     10.281     -0.062     0.0415      0.586    209.548 151.036821    -0.0690     15.559    90.4410 2.9045e-01     4.1838     10.081     14.622    11.0342   999.7289 0.0000e+00
     10.265     -0.065     0.0392      0.581    209.554 151.043899    -0.0652     15.560    90.7660 3.0223e-01     4.1515     10.066     14.600    11.0347   999.7288 0.0000e+00
     10.251     -0.068     0.0382      0.584    209.587 151.069957    -0.0537     15.560    91.0569 3.0403e-01     4.1260     10.053     14.581    11.0352   999.7287 0.0000e+00
     10.236     -0.070     0.0434      0.591    209.621 151.096599    -0.0447     15.559    91.2915 3.1014e-01     4.0823     10.040     14.561    11.0356   999.7286 0.0000e+00
     10.217     -0.071     0.0473      0.609    209.639 151.110739    -0.0417     15.558    91.5374 3.1427e-01     4.0352     10.022     14.534    11.0363   999.7284 0.0000e+00
     10.195     -0.070     0.0433      0.630    209.639 151.113282    -0.0463     15.558    91.7928 3.1951e-01     4.0371      9.998     14.501    11.0366   999.7282 0.0000e+00
     10.173     -0.069     0.0454      0.595    209.656 151.127361    -0.0529     15.559    92.0567 3.3498e-01     4.0707      9.974     14.466    11.0372   999.7281 0.0000e+00
     10.155     -0.066     0.0459      0.547    209.690 151.153322    -0.0446     15.561    92.4048 3.4989e-01     4.0980      9.957     14.442    11.0377   999.7280 0.0000e+00
     10.142     -0.061     0.0450      0.542    209.713 151.171889    -0.0317     15.561    92.8179 3.5849e-01     4.0925      9.946     14.425    11.0381   999.7279 0.0000e+00
     10.129     -0.057     0.0522      0.536    209.694 151.160390    -0.0306     15.561    93.1804 3.6285e-01     4.1076      9.933     14.407    11.0385   999.7278 0.0000e+00
     10.116     -0.054     0.0463      0.541    209.665 151.141939    -0.0321     15.560    93.4325 3.6738e-01     4.2124      9.921     14.389    11.0391   999.7277 0.0000e+00
     10.102     -0.053     0.0390      0.546    209.660 151.140262    -0.0303     15.560    93.6285 3.7041e-01     4.3293      9.907     14.369    11.0395   999.7276 0.0000e+00
     10.087     -0.053     0.0436      0.529    209.657 151.140120    -0.0283     15.560    93.8296 3.6522e-01     4.3541      9.891     14.345    11.0398   999.7275 0.0000e+00
     10.074     -0.054     0.0402      0.543    209.654 151.140220    -0.0263     15.560    94.0570 3.6027e-01     4.3059      9.878     14.327    11.0404   999.7273 0.0000e+00
     10.061     -0.057     0.0409      0.579    209.653 151.141489    -0.0453     15.560    94.3137 3.6395e-01     4.2608      9.868     14.312    11.0409   999.7272 0.0000e+00
     10.048     -0.061     0.0443      0.579    209.670 151.155463    -0.0954     15.559    94.5242 3.7170e-01     4.2548      9.854     14.291    11.0415   999.7271 0.0000e+00
     10.033     -0.064     0.0389      0.578    209.704 151.181528    -0.1265     15.559    94.5361 3.7835e-01     4.2345      9.839     14.271    11.0419   999.7270 0.0000e+00
     10.015     -0.066     0.0403      0.586    209.729 151.201360    -0.1156     15.560    94.3721 3.9742e-01     4.2215      9.824     14.248    11.0424   999.7269 0.0000e+00
      9.995     -0.067     0.0475      0.574    209.729 151.203787    -0.1067     15.561    94.1761 4.2275e-01     4.1659      9.802     14.217    11.0430   999.7267 0.0000e+00
      9.975     -0.067     0.0436      0.567    209.736 151.210874    -0.1152     15.561    94.0600 4.3397e-01     4.0088      9.780     14.186    11.0434   999.7266 0.0000e+00
      9.958     -0.066     0.0436      0.565    209.750 151.223226    -0.1222     15.560    94.0865 4.4068e-01     3.9357      9.764     14.162    11.0437   999.7265 0.0000e+00
      9.944     -0.064     0.0470      0.552    209.751 151.225500    -0.1238     15.560    94.1519 4.4852e-01     3.9678      9.752     14.143    11.0442   999.7264 0.0000e+00
      9.929     -0.064     0.0431      0.540    209.766 151.238366    -0.1262     15.560    94.1614 4.5687e-01     4.0546      9.737     14.122    11.0449   999.7262 0.0000e+00
      9.914     -0.066     0.0436      0.547    209.781 151.251153    -0.1313     15.560    94.2883 4.6516e-01     4.1953      9.721     14.101    11.0453   999.7261 0.0000e+00
      9.898     -0.069     0.0441      0.562    209.780 151.252467    -0.1284     15.560    94.5671 4.7850e-01     4.2948      9.707     14.079    11.0457   999.7260 0.0000e+00
      9.880     -0.072     0.0425      0.578    209.780 151.254260    -0.1207     15.560    94.7794 4.9303e-01     4.3309      9.691     14.055    11.0462   999.7259 0.0000e+00
      9.858     -0.075     0.0409      0.603    209.803 151.272835    -0.1335     15.560    94.9617 5.0601e-01     4.3573      9.669     14.023    11.0467   999.7257 0.0000e+00
      9.837     -0.076     0.0417      0.618    209.818 151.285590    -0.1587     15.560    95.1372 5.2338e-01     4.4428      9.645     13.989    11.0471   999.7256 0.0000e+00
      9.818     -0.076     0.0439      0.608    209.808 151.280845    -0.1683     15.560    95.2673 5.3860e-01     4.5411      9.627     13.963    11.0476   999.7255 0.0000e+00
      9.799     -0.072     0.0436      0.607    209.802 151.279281    -0.1632     15.561    95.5027 5.5619e-01     4.5845      9.611     13.939    11.0481   999.7253 0.0000e+00
      9.779     -0.066     0.0468      0.598    209.782 151.266688    -0.1350     15.561    95.8318 5.7307e-01     4.5550      9.589     13.908    11.0486   999.7252 0.0000e+00
      9.761     -0.059     0.0490      0.544    209.765 151.256233    -0.0953     15.561    96.2345 5.7824e-01     4.4585      9.570     13.881    11.0491   999.7251 0.0000e+00
      9.747     -0.054     0.0460      0.491    209.796 151.280510    -0.0837     15.561    96.7588 5.8212e-01     4.3790      9.558     13.862    11.0496   999.7249 0.0000e+00
      9.737     -0.051     0.0466      0.497    209.828 151.304940    -0.0892     15.560    97.2658 5.9012e-01     4.3149      9.547     13.847    11.0502   999.7248 0.0000e+00
      9.728     -0.050     0.0484      0.531    209.813 151.296331    -0.0948     15.560    97.7191 6.0146e-01     4.2325      9.539     13.836    11.0506   999.7247 0.0000e+00
      9.718     -0.052     0.0423      0.555    209.820 151.304071    -0.0944     15.560    98.0234 6.1693e-01     4.2068      9.531     13.823    11.0510   999.7247 0.0000e+00
      9.705     -0.056     0.0349      0.573    209.860 151.334703    -0.0844     15.560    98.1061 6.2811e-01     4.2452      9.518     13.806    11.0516   999.7245 0.0000e+00
      9.688     -0.062     0.0378      0.593    209.875 151.347589    -0.0786     15.560    98.1165 6.3981e-01     4.2842      9.502     13.782    11.0520   999.7245 0.0000e+00
      9.669     -0.068     0.0415      0.604    209.851 151.332230    -0.0913     15.560    98.0628 6.5039e-01     4.3016      9.482     13.752    11.0524   999.7244 0.0000e+00
      9.650     -0.073     0.0430      0.607    209.860 151.340471    -0.1138     15.560    97.9736 6.5738e-01     4.2149      9.463     13.725    11.0529   999.7242 0.0000e+00
      9.633     -0.077     0.0436      0.602    209.917 151.383406    -0.1228     15.561    97.9838 6.7968e-01     4.0594      9.446     13.701    11.0535   999.7240 0.0000e+00
      9.614     -0.081     0.0463      0.572    209.943 151.404611    -0.1238     15.561    98.1004 7.1311e-01     4.0010      9.429     13.676    11.0541   999.7239 0.0000e+00
      9.593     -0.082     0.0468      0.539    209.941 151.405389    -0.1254     15.562    98.0936 7.4108e-01     4.0243      9.409     13.646    11.0544   999.7237 0.0000e+00
      9.571     -0.081     0.0463      0.532    209.921 151.392810    -0.1235     15.562    97.9007 7.6258e-01     4.1003      9.386     13.614    11.0549   999.7236 0.0000e+00
      9.546     -0.079     0.0478      0.547    209.901 151.380177    -0.1190     15.561    97.8331 7.8000e-01     4.2348      9.361     13.577    11.0554   999.7235 0.0000e+00
      9.522     -0.074     0.0441      0.553    209.898 151.380293    -0.1188     15.561    98.0502 7.8957e-01     4.2759      9.335     13.539    11.0557   999.7233 0.0000e+00
      9.505     -0.068     0.0404      0.541    209.915 151.394218    -0.1215     15.561    98.4610 8.0092e-01     4.2200      9.319     13.517    11.0563   999.7232 0.0000e+00
      9.492     -0.062     0.0403      0.527    209.949 151.420897    -0.0949     15.561    98.9294 8.2127e-01     4.2107      9.309     13.502    11.0568   999.7230 0.0000e+00
      9.480     -0.058     0.0425      0.533    209.984 151.447576    -0.0539     15.561    99.3247 8.3007e-01     4.2327      9.298     13.484    11.0573   999.7229 0.0000e+00
      9.467     -0.058     0.0433      0.558    210.000 151.461502    -0.0451     15.561    99.6264 8.3064e-01     4.2448      9.284     13.465    11.0577   999.7228 0.0000e+00
      9.452     -0.061     0.0418      0.578    209.997 151.461635    -0.0465     15.561    99.9102 8.3463e-01     4.2553      9.270     13.446    11.0581   999.7227 0.0000e+00
      9.437     -0.065     0.0398      0.566    209.977 151.449188    -0.0510     15.562   100.1753 8.4428e-01     4.2902      9.255     13.424    11.0586   999.7226 0.0000e+00
      9.419     -0.069     0.0405      0.538    209.960 151.438654    -0.0624     15.562   100.4228 8.6735e-01     4.3231      9.237     13.398    11.0592   999.7225 0.0000e+00
      9.399     -0.071     0.0428      0.522    209.990 151.461925    -0.0688     15.562   100.6655 8.9482e-01     4.3101      9.216     13.368    11.0596   999.7224 0.0000e+00
      9.380     -0.072     0.0459      0.525    210.005 151.475269    -0.0804     15.562   100.9594 9.2470e-01     4.3044      9.197     13.340    11.0601   999.7222 0.0000e+00
      9.361     -0.071     0.0440      0.546    209.998 151.472348    -0.0891     15.563   101.3083 9.5210e-01     4.2885      9.180     13.314    11.0607   999.7221 0.0000e+00
      9.342     -0.069     0.0408      0.551    210.021 151.490440    -0.0882     15.564   101.5278 9.6957e-01     4.2894      9.162     13.287    11.0610   999.7219 0.0000e+00
      9.324     -0.067     0.0401      0.544    210.035 151.502548    -0.0879     15.564   101.7206 9.7936e-01     4.3496      9.143     13.261    11.0615   999.7218 0.0000e+00
      9.308     -0.066     0.0392      0.559    210.016 151.491093    -0.0953     15.563   102.0042 9.8177e-01     4.3306      9.127     13.238    11.0620   999.7217 0.0000e+00
      9.294     -0.067     0.0430      0.576    209.997 151.479597    -0.1021     15.562   102.2040 9.9277e-01     4.2648      9.113     13.218    11.0625   999.7216 0.0000e+00
      9.279     -0.069     0.0433      0.563    210.010 151.491207    -0.1024     15.562   102.4157 1.0155e+00     4.3438      9.100     13.200    11.0629   999.7215 0.0000e+00
      9.261     -0.072     0.0404      0.543    210.025 151.503820    -0.1087     15.562   102.7579 1.0336e+00     4.4624      9.084     13.175    11.0634   999.7213 0.0000e+00
