Data/DataNotYetUploadedToEDI/Raw_CTD/RawDownloads/092320_ccr50.cnv
* Sea-Bird SBE19plus  Data File:
* FileName = C:\DATA\092320_ccr50_0001.hex
* Software version 2.8.0.119
* Temperature SN = 7809
* Conductivity SN = 7809
* System UpLoad Time = Sep 23 2020 19:42:12
* <ApplicationData>
* <Seaterm232>
# nquan = 16
# nvalues = 5513                        
# units = specified
# name 0 = depFM: Depth [fresh water, m]
# name 1 = dz/dtM: Descent Rate [m/s]
# name 2 = sbeox0ML/L: Oxygen, SBE 43 [ml/l]
# name 3 = sbeox0PS: Oxygen, SBE 43 [% saturation]
# name 4 = specc: Specific Conductance [uS/cm]
# name 5 = c0uS/cm: Conductivity [uS/cm]
# name 6 = flECO-AFL: Fluorescence, WET Labs ECO-AFL/FL [mg/m^3]
# name 7 = ph: pH
# name 8 = orp: Oxidation Reduction Potential [mV]
# name 9 = par/sat/log: PAR/Logarithmic, Satlantic
# name 10 = turbWETntu0: Turbidity, WET Labs ECO [NTU]
# name 11 = prdM: Pressure, Strain Gauge [db]
# name 12 = prdE: Pressure, Strain Gauge [psi]
# name 13 = tv290C: Temperature [ITS-90, deg C]
# name 14 = density00: Density [density, kg/m^3]
# name 15 = flag:  0.000e+00
# span 0 =     -0.460,     20.469       
# span 1 =     -0.265,      0.107       
# span 2 =     0.3000,     6.1777       
# span 3 =      3.884,     99.679       
# span 4 =      4.187,     90.402       
# span 5 =   3.885163,  64.325565       
# span 6 =    -1.2022,     1.2065       
# span 7 =     15.234,     15.764       
# span 8 = -1240.2372,  1211.5436       
# span 9 = 1.2341e-01, 1.1972e+03       
# span 10 =    -3.1573,    92.4988      
# span 11 =     -0.453,     20.073      
# span 12 =     -0.656,     29.114      
# span 13 =    10.5521,    28.5859      
# span 14 =   996.0767,   999.7796      
# span 15 = 0.0000e+00, 0.0000e+00      
# interval = seconds: 0.25
# start_time = Sep 23 2020 00:06:24 [Instrument's time stamp, header]
# bad_flag = -9.990e-29
*END*
[from data line 1537]
      8.244      0.023     1.9909     27.265     75.145  55.941425     0.3309     15.741   238.6543 4.3357e+00     2.4269      8.084     11.724    12.2301   999.5397 0.0000e+00
      8.251      0.027     1.9975     27.558     75.299  56.008432     0.3286     15.742   238.7360 4.3122e+00     2.3493      8.091     11.735    12.2388   999.5388 0.0000e+00
      8.259      0.030     2.0107     27.867     75.423  56.050229     0.3286     15.744   238.6565 4.2931e+00     2.3072      8.100     11.748    12.2477   999.5377 0.0000e+00
      8.266      0.030     2.0240     28.170     75.498  56.065594     0.3299     15.744   238.6399 4.2598e+00     2.3297      8.106     11.756    12.2469   999.5379 0.0000e+00
      8.275      0.029     2.0438     28.454     75.531  56.067106     0.3451     15.744   238.7074 4.2278e+00     2.3463      8.114     11.768    12.2229   999.5408 0.0000e+00
      8.285      0.027     2.0690     28.770     75.542  56.068493     0.3503     15.745   238.7842 4.2132e+00     2.3361      8.125     11.786    12.1879   999.5450 0.0000e+00
      8.292      0.024     2.0934     29.176     75.563  56.082355     0.3352     15.745   238.9660 4.2008e+00     2.3446      8.133     11.797    12.1519   999.5493 0.0000e+00
      8.297      0.021     2.1195     29.662     75.605  56.107661     0.3256     15.744   239.0133 4.1815e+00     2.3461      8.136     11.801    12.1222   999.5528 0.0000e+00
      8.299      0.019     2.1391     30.209     75.637  56.120366     0.3201     15.744   238.9253 4.1655e+00     2.3538      8.138     11.805    12.1085   999.5544 0.0000e+00
      8.303      0.018     2.1609     30.836     75.631  56.108913     0.3058     15.745   238.9340 4.1493e+00     2.4030      8.142     11.808    12.1070   999.5545 0.0000e+00
      8.308      0.018     2.1921     31.489     75.607  56.096228     0.2861     15.745   238.9467 4.1171e+00     2.4261      8.147     11.817    12.1088   999.5543 0.0000e+00
      8.314      0.017     2.2302     32.047     75.585  56.094042     0.2627     15.744   238.9067 4.0941e+00     2.3928      8.153     11.826    12.1044   999.5549 0.0000e+00
      8.319      0.016     2.2700     32.476     75.547  56.082491     0.2327     15.742   238.8808 4.0912e+00     2.4128      8.159     11.833    12.0947   999.5561 0.0000e+00
      8.324      0.014     2.3182     32.786     75.531  56.083634     0.2098     15.741   238.9773 4.0906e+00     2.5308      8.164     11.841    12.0873   999.5570 0.0000e+00
      8.327      0.013     2.3734     32.990     75.554  56.107886     0.2149     15.742   239.1271 4.0839e+00     2.6178      8.166     11.844    12.0915   999.5565 0.0000e+00
      8.328      0.013     2.4134     33.094     75.571  56.121630     0.2374     15.742   239.1433 4.0640e+00     2.6402      8.166     11.844    12.1037   999.5551 0.0000e+00
      8.330      0.013     2.4456     33.080     75.571  56.122766     0.2344     15.741   239.1730 4.0496e+00     2.6298      8.168     11.847    12.1155   999.5537 0.0000e+00
      8.333      0.013     2.4674     32.966     75.559  56.121619     0.2066     15.741   239.2284 4.0454e+00     2.5955      8.172     11.852    12.1251   999.5526 0.0000e+00
      8.338      0.014     2.4822     32.825     75.523  56.107768     0.1964     15.740   239.2964 4.0371e+00     2.5689      8.177     11.859    12.1300   999.5521 0.0000e+00
      8.343      0.014     2.4913     32.714     75.473  56.082358     0.2066     15.739   239.3938 4.0259e+00     2.5829      8.182     11.867    12.1287   999.5523 0.0000e+00
      8.347      0.013     2.4901     32.609     75.434  56.068498     0.2159     15.738   239.2868 4.0111e+00     2.6277      8.186     11.872    12.1269   999.5525 0.0000e+00
      8.350      0.012     2.4789     32.495     75.405  56.067247     0.2040     15.737   239.1213 3.9986e+00     2.6293      8.189     11.877    12.1333   999.5519 0.0000e+00
      8.352      0.011     2.4646     32.391     75.376  56.067255     0.1676     15.736   239.1134 3.9927e+00     2.5687      8.190     11.879    12.1442   999.5505 0.0000e+00
      8.353      0.011     2.4588     32.295     75.348  56.068616     0.1384     15.736   239.1059 3.9837e+00     2.5120      8.190     11.879    12.1498   999.5498 0.0000e+00
      8.355      0.012     2.4499     32.193     75.347  56.083733     0.1373     15.736   239.1163 3.9617e+00     2.5274      8.194     11.884    12.1592   999.5488 0.0000e+00
      8.359      0.013     2.4397     32.080     75.399  56.123004     0.1637     15.736   239.2392 3.9235e+00     2.6178      8.198     11.890    12.1751   999.5469 0.0000e+00
      8.363      0.016     2.4312     31.924     75.469  56.162295     0.2002     15.735   239.3010 3.8878e+00     2.7120      8.201     11.895    12.1874   999.5455 0.0000e+00
      8.367      0.018     2.4243     31.723     75.528  56.177643     0.2160     15.735   239.2616 3.8674e+00     2.7051      8.205     11.901    12.2048   999.5435 0.0000e+00
      8.372      0.018     2.4150     31.528     75.590  56.181497     0.2118     15.735   239.2787 3.8517e+00     2.6378      8.210     11.908    12.2184   999.5419 0.0000e+00
      8.377      0.018     2.4079     31.360     75.688  56.208841     0.2062     15.735   239.2498 3.8354e+00     2.6191      8.215     11.915    12.2170   999.5421 0.0000e+00
      8.383      0.018     2.3977     31.260     75.796  56.254121     0.2049     15.736   239.1701 3.8133e+00     2.6168      8.221     11.924    12.2099   999.5429 0.0000e+00
      8.388      0.017     2.3803     31.274     75.865  56.284265     0.2054     15.737   239.2615 3.7878e+00     2.6434      8.226     11.930    12.1914   999.5451 0.0000e+00
      8.392      0.017     2.3684     31.420     75.931  56.319188     0.2034     15.738   239.4090 3.7795e+00     2.6667      8.229     11.936    12.1592   999.5490 0.0000e+00
      8.395      0.017     2.3560     31.708     76.002  56.358735     0.1899     15.739   239.4908 3.7734e+00     2.6580      8.232     11.940    12.1261   999.5528 0.0000e+00
      8.398      0.018     2.3479     32.087     76.056  56.381267     0.1564     15.739   239.5620 3.7555e+00     2.7438      8.236     11.945    12.1026   999.5555 0.0000e+00
      8.403      0.019     2.3501     32.472     76.111  56.401030     0.1329     15.739   239.6679 3.7442e+00     2.8813      8.240     11.952    12.0904   999.5570 0.0000e+00
      8.408      0.021     2.3600     32.837     76.147  56.407089     0.1443     15.739   239.8254 3.7284e+00     2.9127      8.245     11.958    12.0833   999.5579 0.0000e+00
      8.413      0.021     2.3839     33.216     76.147  56.390971     0.1511     15.739   239.9165 3.7052e+00     2.8478      8.250     11.965    12.0749   999.5589 0.0000e+00
      8.420      0.021     2.4163     33.617     76.167  56.396711     0.1387     15.739   239.9095 3.6872e+00     2.8174      8.257     11.976    12.0636   999.5603 0.0000e+00
      8.427      0.020     2.4466     34.018     76.196  56.412947     0.1370     15.740   239.9129 3.6712e+00     2.8209      8.266     11.988    12.0489   999.5620 0.0000e+00
      8.432      0.020     2.4733     34.411     76.174  56.396712     0.1401     15.740   239.9570 3.6573e+00     2.8212      8.270     11.994    12.0340   999.5638 0.0000e+00
      8.434      0.019     2.5019     34.812     76.162  56.390984     0.1390     15.739   240.0123 3.6455e+00     2.8207      8.271     11.996    12.0235   999.5650 0.0000e+00
      8.438      0.017     2.5341     35.257     76.191  56.407220     0.1711     15.739   240.0655 3.6270e+00     2.8149      8.274     12.001    12.0184   999.5656 0.0000e+00
      8.443      0.015     2.5640     35.709     76.206  56.402442     0.2331     15.740   240.1709 3.6005e+00     2.8202      8.280     12.009    12.0148   999.5661 0.0000e+00
      8.448      0.013     2.5940     36.081     76.226  56.396718     0.2678     15.740   240.3398 3.5806e+00     2.8161      8.286     12.018    12.0142   999.5661 0.0000e+00
      8.453      0.012     2.6216     36.352     76.254  56.401510     0.2670     15.740   240.3867 3.5715e+00     2.8679      8.291     12.025    12.0196   999.5655 0.0000e+00
      8.456      0.010     2.6561     36.524     76.261  56.396835     0.2329     15.740   240.3938 3.5670e+00     2.9656      8.293     12.028    12.0184   999.5658 0.0000e+00
      8.456      0.010     2.6957     36.623     76.278  56.403709     0.1885     15.740   240.5122 3.5655e+00     3.0026      8.292     12.027    12.0044   999.5673 0.0000e+00
      8.456      0.010     2.7230     36.679     76.304  56.421099     0.1693     15.739   240.5269 3.5600e+00     2.9714      8.292     12.026    11.9884   999.5691 0.0000e+00
      8.458      0.011     2.7452     36.672     76.298  56.416519     0.1534     15.739   240.4860 3.5491e+00     2.9317      8.294     12.029    11.9783   999.5703 0.0000e+00
      8.462      0.013     2.7576     36.624     76.289  56.411852     0.1390     15.740   240.6195 3.5346e+00     2.9348      8.298     12.036    11.9727   999.5710 0.0000e+00
      8.467      0.016     2.7632     36.583     76.303  56.428201     0.1387     15.740   240.8507 3.5231e+00     2.9748      8.304     12.044    11.9691   999.5714 0.0000e+00
      8.472      0.018     2.7699     36.543     76.285  56.423628     0.1400     15.739   241.0439 3.5218e+00     3.0031      8.309     12.051    11.9673   999.5716 0.0000e+00
      8.475      0.018     2.7683     36.500     76.276  56.420097     0.1447     15.738   241.1489 3.5074e+00     3.0016      8.311     12.054    11.9680   999.5716 0.0000e+00
      8.479      0.017     2.7622     36.467     76.327  56.449030     0.1485     15.738   241.1739 3.4782e+00     3.0597      8.314     12.059    11.9688   999.5714 0.0000e+00
      8.485      0.016     2.7602     36.448     76.352  56.455824     0.1379     15.738   241.1743 3.4675e+00     3.1567      8.322     12.069    11.9719   999.5711 0.0000e+00
      8.491      0.015     2.7567     36.433     76.333  56.438706     0.1318     15.738   241.1535 3.4762e+00     3.2134      8.327     12.078    11.9813   999.5701 0.0000e+00
      8.495      0.014     2.7523     36.396     76.313  56.432623     0.1415     15.738   241.0941 3.4739e+00     3.2640      8.331     12.082    11.9852   999.5696 0.0000e+00
      8.497      0.014     2.7509     36.361     76.310  56.445814     0.1309     15.738   241.0587 3.4511e+00     3.2880      8.333     12.085    11.9769   999.5707 0.0000e+00
      8.499      0.013     2.7494     36.346     76.328  56.471162     0.0984     15.738   241.1564 3.4372e+00     3.2632      8.334     12.088    11.9653   999.5720 0.0000e+00
      8.502      0.013     2.7506     36.323     76.344  56.485026     0.0734     15.738   241.3288 3.4374e+00     3.2389      8.337     12.092    11.9627   999.5723 0.0000e+00
      8.505      0.013     2.7458     36.299     76.356  56.486381     0.0574     15.738   241.4227 3.4277e+00     3.2680      8.341     12.097    11.9704   999.5714 0.0000e+00
      8.510      0.014     2.7411     36.293     76.376  56.487538     0.0571     15.738   241.4308 3.4121e+00     3.4091      8.346     12.104    11.9818   999.5702 0.0000e+00
      8.514      0.017     2.7421     36.310     76.413  56.499006     0.0793     15.738   241.4272 3.4101e+00     3.6066      8.350     12.111    11.9922   999.5691 0.0000e+00
      8.518      0.019     2.7386     36.337     76.434  56.497970     0.0968     15.738   241.3789 3.4052e+00     3.6994      8.353     12.114    11.9933   999.5689 0.0000e+00
      8.521      0.019     2.7376     36.375     76.427  56.474986     0.0878     15.737   241.2765 3.3804e+00     3.6719      8.355     12.119    11.9868   999.5697 0.0000e+00
      8.526      0.017     2.7365     36.417     76.447  56.475197     0.0754     15.737   241.2222 3.3571e+00     3.6524      8.361     12.126    11.9774   999.5708 0.0000e+00
      8.534      0.014     2.7400     36.460     76.489  56.500512     0.0799     15.737   241.2387 3.3374e+00     3.8071      8.370     12.140    11.9660   999.5721 0.0000e+00
      8.541      0.011     2.7418     36.530     76.521  56.526953     0.1143     15.737   241.3032 3.3247e+00     4.0660      8.378     12.151    11.9565   999.5732 0.0000e+00
      8.542      0.008     2.7455     36.615     76.532  56.540793     0.1568     15.737   241.4007 3.3350e+00     4.2078      8.378     12.152    11.9436   999.5747 0.0000e+00
      8.539      0.005     2.7509     36.705     76.523  56.540811     0.1649     15.737   241.4706 3.3554e+00     4.2518      8.374     12.146    11.9320   999.5760 0.0000e+00
      8.538      0.004     2.7517     36.817     76.498  56.527181     0.1364     15.736   241.5458 3.3698e+00     4.2883      8.372     12.142    11.9289   999.5763 0.0000e+00
      8.538      0.005     2.7584     36.921     76.467  56.503052     0.0890     15.736   241.6217 3.3696e+00     4.3749      8.372     12.143    11.9324   999.5760 0.0000e+00
      8.541      0.007     2.7647     36.972     76.476  56.503169     0.0685     15.736   241.6139 3.3577e+00     4.4742      8.376     12.148    11.9372   999.5755 0.0000e+00
      8.545      0.010     2.7703     37.021     76.513  56.528579     0.0884     15.736   241.6234 3.3398e+00     4.4937      8.380     12.154    11.9405   999.5751 0.0000e+00
      8.549      0.012     2.7785     37.066     76.542  56.556185     0.1008     15.736   241.6511 3.3200e+00     4.4043      8.383     12.159    11.9461   999.5745 0.0000e+00
      8.551      0.013     2.7905     37.061     76.559  56.582853     0.0856     15.735   241.6041 3.3121e+00     4.2516      8.386     12.164    11.9443   999.5746 0.0000e+00
      8.553      0.014     2.7904     37.032     76.553  56.596939     0.0665     15.734   241.5714 3.3201e+00     4.1927      8.388     12.166    11.9371   999.5755 0.0000e+00
      8.556      0.015     2.7946     37.007     76.540  56.599468     0.0693     15.733   241.5999 3.3221e+00     4.2410      8.391     12.170    11.9359   999.5757 0.0000e+00
      8.561      0.016     2.8014     36.988     76.576  56.613445     0.0911     15.733   241.6909 3.3000e+00     4.3205      8.396     12.177    11.9394   999.5753 0.0000e+00
      8.566      0.017     2.7974     36.981     76.668  56.638870     0.1021     15.734   241.8114 3.2700e+00     4.3994      8.401     12.184    11.9489   999.5742 0.0000e+00
      8.571      0.018     2.7941     36.987     76.762  56.652728     0.0872     15.735   241.8526 3.2441e+00     4.4051      8.406     12.190    11.9641   999.5725 0.0000e+00
      8.575      0.017     2.7915     36.989     76.829  56.653889     0.0627     15.736   241.8451 3.2216e+00     4.3891      8.409     12.196    11.9778   999.5710 0.0000e+00
      8.580      0.016     2.7904     37.002     76.869  56.652852     0.0543     15.737   241.9782 3.2045e+00     4.4467      8.414     12.203    11.9711   999.5718 0.0000e+00
      8.585      0.014     2.7913     37.053     76.866  56.640158     0.0722     15.737   242.2567 3.1978e+00     4.5173      8.420     12.212    11.9373   999.5757 0.0000e+00
      8.590      0.013     2.7958     37.121     76.842  56.627453     0.0977     15.736   242.3735 3.1951e+00     4.5228      8.424     12.218    11.8960   999.5804 0.0000e+00
      8.591      0.012     2.7975     37.186     76.823  56.626288     0.0954     15.734   242.2720 3.1824e+00     4.4785      8.425     12.219    11.8628   999.5842 0.0000e+00
      8.592      0.011     2.7980     37.234     76.801  56.626087     0.0546     15.734   242.2343 3.1635e+00     4.4278      8.425     12.220    11.8428   999.5864 0.0000e+00
      8.594      0.011     2.8038     37.253     76.780  56.625044     0.0136     15.734   242.4341 3.1455e+00     4.3904      8.428     12.224    11.8371   999.5871 0.0000e+00
      8.598      0.012     2.8090     37.255     76.750  56.613691     0.0011     15.734   242.7085 3.1301e+00     4.4041      8.433     12.229    11.8424   999.5865 0.0000e+00
