Data/DataNotYetUploadedToEDI/Raw_CTD/RawDownloads/092320_ccr50.cnv
* Sea-Bird SBE19plus  Data File:
* FileName = C:\DATA\092320_ccr50_0001.hex
* Software version 2.8.0.119
* Temperature SN = 7809
* Conductivity SN = 7809
* System UpLoad Time = Sep 23 2020 19:42:12
* <ApplicationData>
* <Seaterm232>
# nquan = 16
# nvalues = 5513                        
# units = specified
# name 0 = depFM: Depth [fresh water, m]
# name 1 = dz/dtM: Descent Rate [m/s]
# name 2 = sbeox0ML/L: Oxygen, SBE 43 [ml/l]
# name 3 = sbeox0PS: Oxygen, SBE 43 [% saturation]
# name 4 = specc: Specific Conductance [uS/cm]
# name 5 = c0uS/cm: Conductivity [uS/cm]
# name 6 = flECO-AFL: Fluorescence, WET Labs ECO-AFL/FL [mg/m^3]
# name 7 = ph: pH
# name 8 = orp: Oxidation Reduction Potential [mV]
# name 9 = par/sat/log: PAR/Logarithmic, Satlantic
# name 10 = turbWETntu0: Turbidity, WET Labs ECO [NTU]
# name 11 = prdM: Pressure, Strain Gauge [db]
# name 12 = prdE: Pressure, Strain Gauge [psi]
# name 13 = tv290C: Temperature [ITS-90, deg C]
# name 14 = density00: Density [density, kg/m^3]
# name 15 = flag:  0.000e+00
# span 0 =     -0.460,     20.469       
# span 1 =     -0.265,      0.107       
# span 2 =     0.3000,     6.1777       
# span 3 =      3.884,     99.679       
# span 4 =      4.187,     90.402       
# span 5 =   3.885163,  64.325565       
# span 6 =    -1.2022,     1.2065       
# span 7 =     15.234,     15.764       
# span 8 = -1240.2372,  1211.5436       
# span 9 = 1.2341e-01, 1.1972e+03       
# span 10 =    -3.1573,    92.4988      
# span 11 =     -0.453,     20.073      
# span 12 =     -0.656,     29.114      
# span 13 =    10.5521,    28.5859      
# span 14 =   996.0767,   999.7796      
# span 15 = 0.0000e+00, 0.0000e+00      
# interval = seconds: 0.25
# start_time = Sep 23 2020 00:06:24 [Instrument's time stamp, header]
# bad_flag = -9.990e-29
*END*
[from data line 4068]
     20.043     -0.054     0.7253      8.870     88.784  63.255671     0.3033     15.727   261.2233 1.2363e-01    22.7361     19.656     28.507    10.6293   999.7708 0.0000e+00
     20.028     -0.056     0.7175      8.764     88.760  63.240545     0.2857     15.726   261.2365 1.2370e-01    22.6945     19.642     28.488    10.6272   999.7709 0.0000e+00
     20.012     -0.056     0.7082      8.665     88.769  63.248433     0.2904     15.726   261.2950 1.2376e-01    22.6588     19.625     28.463    10.6229   999.7712 0.0000e+00
     19.996     -0.055     0.6995      8.565     88.734  63.223953     0.3121     15.725   261.3283 1.2378e-01    22.6478     19.607     28.439    10.6203   999.7714 0.0000e+00
     19.981     -0.052     0.6899      8.460     88.702  63.198742     0.3284     15.725   261.2955 1.2376e-01    22.6654     19.594     28.419    10.6203   999.7713 0.0000e+00
     19.968     -0.048     0.6817      8.368     88.703  63.197793     0.3349     15.725   261.2426 1.2374e-01    22.8714     19.582     28.401    10.6216   999.7711 0.0000e+00
     19.957     -0.047     0.6746      8.321     88.718  63.212477     0.3434     15.725   261.2046 1.2369e-01    23.2503     19.571     28.385    10.6233   999.7709 0.0000e+00
     19.948     -0.047     0.6664      8.301     88.757  63.249202     0.3550     15.726   261.2664 1.2361e-01    23.4699     19.562     28.373    10.6239   999.7708 0.0000e+00
     19.939     -0.048     0.6586      8.276     88.767  63.260554     0.3602     15.726   261.3871 1.2357e-01    23.4999     19.554     28.361    10.6217   999.7710 0.0000e+00
     19.926     -0.051     0.6492      8.265     88.718  63.222654     0.3488     15.727   261.3737 1.2364e-01    22.8930     19.542     28.343    10.6188   999.7712 0.0000e+00
     19.911     -0.054     0.6467      8.305     88.657  63.172228     0.3326     15.728   261.3632 1.2375e-01    21.6592     19.526     28.320    10.6218   999.7708 0.0000e+00
     19.895     -0.057     0.6466      8.393     88.644  63.159215     0.3164     15.729   261.4315 1.2377e-01    20.9426     19.510     28.297    10.6289   999.7701 0.0000e+00
     19.880     -0.059     0.6439      8.481     88.691  63.192406     0.2957     15.731   261.3390 1.2373e-01    20.8539     19.495     28.276    10.6323   999.7697 0.0000e+00
     19.866     -0.061     0.6412      8.522     88.690  63.192271     0.2735     15.731   261.1918 1.2374e-01    20.8276     19.482     28.256    10.6293   999.7699 0.0000e+00
     19.851     -0.062     0.6447      8.530     88.641  63.157579     0.2575     15.732   261.1998 1.2370e-01    20.7623     19.468     28.236    10.6240   999.7703 0.0000e+00
     19.835     -0.063     0.6531      8.539     88.637  63.154226     0.2547     15.732   261.1782 1.2365e-01    20.6822     19.452     28.213    10.6214   999.7705 0.0000e+00
     19.818     -0.063     0.6619      8.533     88.635  63.151735     0.2494     15.732   261.1027 1.2361e-01    20.6486     19.435     28.188    10.6223   999.7704 0.0000e+00
     19.800     -0.062     0.6647      8.519     88.602  63.127455     0.2321     15.732   261.1469 1.2357e-01    20.6993     19.417     28.162    10.6235   999.7702 0.0000e+00
     19.784     -0.060     0.6627      8.527     88.586  63.114841     0.2164     15.733   261.1969 1.2358e-01    20.8831     19.400     28.138    10.6232   999.7701 0.0000e+00
     19.770     -0.057     0.6656      8.560     88.602  63.126306     0.2116     15.733   261.1045 1.2362e-01    21.1546     19.387     28.119    10.6226   999.7701 0.0000e+00
     19.756     -0.055     0.6645      8.620     88.620  63.138996     0.2217     15.732   260.9761 1.2368e-01    21.3035     19.374     28.100    10.6225   999.7700 0.0000e+00
     19.743     -0.053     0.6619      8.708     88.623  63.141171     0.2438     15.730   260.9352 1.2377e-01    21.3446     19.360     28.081    10.6219   999.7700 0.0000e+00
     19.730     -0.052     0.6629      8.779     88.639  63.152612     0.2495     15.728   260.9547 1.2376e-01    21.3084     19.349     28.063    10.6211   999.7700 0.0000e+00
     19.717     -0.052     0.6660      8.825     88.637  63.150237     0.2335     15.728   260.9536 1.2365e-01    21.1759     19.336     28.044    10.6208   999.7700 0.0000e+00
     19.704     -0.052     0.6690      8.877     88.584  63.112452     0.2235     15.728   260.8351 1.2363e-01    21.1153     19.324     28.027    10.6209   999.7699 0.0000e+00
     19.690     -0.050     0.6788      8.920     88.535  63.077034     0.2330     15.728   260.7272 1.2368e-01    21.1584     19.310     28.007    10.6211   999.7698 0.0000e+00
     19.675     -0.046     0.6845      8.929     88.577  63.103280     0.2725     15.728   260.7676 1.2368e-01    21.4577     19.295     27.985    10.6208   999.7698 0.0000e+00
     19.662     -0.041     0.6857      8.912     88.685  63.175604     0.3195     15.728   260.8068 1.2370e-01    21.9182     19.280     27.963    10.6204   999.7698 0.0000e+00
     19.652     -0.038     0.6914      8.884     88.711  63.188938     0.3336     15.728   260.8567 1.2369e-01    22.0909     19.270     27.948    10.6208   999.7697 0.0000e+00
     19.646     -0.037     0.6954      8.858     88.646  63.137398     0.3196     15.729   260.9407 1.2366e-01    22.0354     19.266     27.943    10.6206   999.7696 0.0000e+00
     19.641     -0.040     0.6958      8.856     88.540  63.060804     0.3111     15.731   260.8763 1.2366e-01    21.7971     19.262     27.938    10.6182   999.7699 0.0000e+00
     19.633     -0.047     0.6936      8.872     88.396  62.961853     0.3173     15.731   260.6803 1.2361e-01    21.4069     19.255     27.927    10.6159   999.7701 0.0000e+00
     19.622     -0.057     0.6920      8.867     88.290  62.894180     0.3174     15.730   260.5501 1.2357e-01    21.1974     19.245     27.912    10.6127   999.7704 0.0000e+00
     19.605     -0.063     0.6884      8.836     88.254  62.878041     0.3122     15.729   260.5065 1.2359e-01    21.1859     19.227     27.887    10.6086   999.7707 0.0000e+00
     19.583     -0.063     0.6888      8.816     88.355  62.957363     0.3026     15.728   260.4976 1.2361e-01    21.2681     19.205     27.855    10.6078   999.7706 0.0000e+00
     19.558     -0.057     0.6913      8.822     88.542  63.090712     0.2962     15.728   260.6144 1.2366e-01    21.3681     19.179     27.818    10.6101   999.7702 0.0000e+00
     19.538     -0.049     0.6918      8.864     88.554  63.092350     0.3018     15.728   260.8001 1.2369e-01    21.3642     19.155     27.781    10.6146   999.7696 0.0000e+00
     19.529     -0.044     0.6867      8.947     88.403  62.977169     0.3134     15.728   260.9365 1.2367e-01    21.2897     19.147     27.770    10.6216   999.7689 0.0000e+00
     19.530     -0.043     0.6855      9.072     88.217  62.841889     0.3125     15.729   261.0584 1.2369e-01    20.8793     19.153     27.779    10.6268   999.7684 0.0000e+00
     19.531     -0.047     0.6856      9.228     88.052  62.727582     0.2813     15.730   261.1553 1.2369e-01    20.1438     19.158     27.786    10.6269   999.7686 0.0000e+00
     19.522     -0.056     0.6883      9.366     87.967  62.675358     0.2511     15.731   261.1618 1.2366e-01    19.7443     19.150     27.774    10.6215   999.7690 0.0000e+00
     19.499     -0.066     0.6958      9.467     87.926  62.655287     0.2336     15.733   261.0515 1.2366e-01    19.6893     19.124     27.737    10.6154   999.7693 0.0000e+00
     19.471     -0.072     0.7041      9.521     87.945  62.675544     0.2219     15.734   260.9405 1.2366e-01    19.6839     19.094     27.693    10.6138   999.7694 0.0000e+00
     19.445     -0.073     0.7200      9.543     88.018  62.729659     0.2240     15.734   260.9371 1.2370e-01    19.8850     19.067     27.653    10.6161   999.7689 0.0000e+00
     19.425     -0.069     0.7293      9.570     88.031  62.737685     0.2407     15.734   260.9248 1.2378e-01    20.2668     19.046     27.623    10.6216   999.7683 0.0000e+00
     19.413     -0.064     0.7384      9.623     87.993  62.709049     0.2512     15.732   260.8774 1.2380e-01    20.4555     19.037     27.609    10.6275   999.7677 0.0000e+00
     19.405     -0.059     0.7420      9.733     87.983  62.701142     0.2467     15.732   260.8808 1.2372e-01    20.3810     19.032     27.603    10.6319   999.7673 0.0000e+00
     19.394     -0.057     0.7415      9.921     87.989  62.705631     0.2437     15.731   260.8802 1.2367e-01    20.1554     19.022     27.588    10.6332   999.7671 0.0000e+00
     19.376     -0.056     0.7447     10.165     87.982  62.699778     0.2434     15.729   260.8698 1.2369e-01    19.8912     19.003     27.561    10.6313   999.7672 0.0000e+00
     19.356     -0.055     0.7465     10.394     87.978  62.693923     0.2528     15.728   260.8408 1.2365e-01    19.7959     18.982     27.531    10.6297   999.7672 0.0000e+00
     19.339     -0.053     0.7556     10.576     87.988  62.698374     0.2620     15.728   260.7878 1.2359e-01    19.7929     18.963     27.504    10.6300   999.7671 0.0000e+00
     19.326     -0.049     0.7691     10.720     87.979  62.690053     0.2586     15.728   260.7450 1.2363e-01    19.7524     18.949     27.485    10.6307   999.7670 0.0000e+00
     19.318     -0.045     0.7923     10.833     87.934  62.656848     0.2506     15.728   260.6679 1.2368e-01    19.6828     18.946     27.478    10.6303   999.7670 0.0000e+00
     19.311     -0.042     0.8102     10.897     87.873  62.614624     0.2416     15.729   260.6294 1.2369e-01    19.6378     18.940     27.469    10.6283   999.7672 0.0000e+00
     19.301     -0.041     0.8238     10.884     87.792  62.560794     0.2350     15.730   260.7100 1.2364e-01    19.6555     18.929     27.454    10.6261   999.7673 0.0000e+00
     19.290     -0.042     0.8353     10.842     87.721  62.514350     0.2371     15.731   260.7825 1.2359e-01    19.5873     18.917     27.436    10.6247   999.7674 0.0000e+00
     19.278     -0.043     0.8433     10.795     87.695  62.497892     0.2491     15.731   260.7315 1.2361e-01    19.3974     18.905     27.420    10.6241   999.7674 0.0000e+00
     19.266     -0.045     0.8519     10.745     87.683  62.488883     0.2558     15.731   260.6095 1.2369e-01    19.2819     18.894     27.403    10.6249   999.7672 0.0000e+00
     19.254     -0.045     0.8464     10.710     87.656  62.468972     0.2517     15.731   260.5115 1.2373e-01    19.2546     18.882     27.385    10.6271   999.7669 0.0000e+00
     19.243     -0.046     0.8439     10.696     87.626  62.447788     0.2275     15.731   260.4930 1.2372e-01    18.9987     18.871     27.370    10.6302   999.7666 0.0000e+00
     19.233     -0.047     0.8404     10.706     87.590  62.423381     0.1925     15.732   260.5588 1.2369e-01    18.5572     18.861     27.356    10.6314   999.7664 0.0000e+00
     19.222     -0.049     0.8352     10.751     87.504  62.364496     0.1900     15.732   260.6183 1.2363e-01    18.3796     18.851     27.341    10.6308   999.7664 0.0000e+00
     19.209     -0.051     0.8331     10.861     87.422  62.307713     0.2075     15.732   260.6966 1.2361e-01    18.3969     18.838     27.322    10.6300   999.7664 0.0000e+00
     19.194     -0.052     0.8312     10.998     87.421  62.308713     0.2135     15.732   260.8168 1.2366e-01    18.5941     18.823     27.300    10.6299   999.7663 0.0000e+00
     19.179     -0.053     0.8329     11.146     87.424  62.313056     0.2245     15.732   260.7815 1.2374e-01    19.0127     18.808     27.278    10.6311   999.7661 0.0000e+00
     19.165     -0.053     0.8333     11.302     87.399  62.296678     0.2358     15.733   260.6996 1.2373e-01    19.2354     18.794     27.259    10.6327   999.7659 0.0000e+00
     19.153     -0.052     0.8449     11.441     87.403  62.301321     0.2348     15.734   260.7735 1.2369e-01    19.2611     18.782     27.241    10.6340   999.7656 0.0000e+00
     19.140     -0.051     0.8559     11.593     87.408  62.305656     0.2317     15.734   260.8138 1.2374e-01    19.2544     18.770     27.223    10.6347   999.7655 0.0000e+00
     19.127     -0.049     0.8656     11.753     87.379  62.285545     0.2274     15.734   260.7561 1.2373e-01    19.0868     18.757     27.205    10.6357   999.7654 0.0000e+00
     19.114     -0.046     0.8816     11.896     87.326  62.248792     0.2299     15.734   260.6780 1.2365e-01    18.8476     18.744     27.186    10.6367   999.7652 0.0000e+00
     19.102     -0.044     0.8885     12.026     87.227  62.178998     0.2337     15.734   260.6443 1.2364e-01    18.7307     18.732     27.168    10.6375   999.7651 0.0000e+00
     19.091     -0.042     0.9017     12.161     87.082  62.077104     0.2262     15.735   260.6936 1.2364e-01    18.7381     18.721     27.153    10.6381   999.7650 0.0000e+00
     19.082     -0.040     0.9154     12.306     86.932  61.969947     0.2143     15.735   260.7581 1.2362e-01    19.0060     18.712     27.140    10.6385   999.7649 0.0000e+00
     19.073     -0.038     0.9256     12.420     86.832  61.900044     0.2043     15.734   260.7351 1.2364e-01    19.4976     18.704     27.128    10.6390   999.7648 0.0000e+00
     19.063     -0.038     0.9358     12.476     86.782  61.867343     0.2011     15.734   260.6744 1.2368e-01    19.7721     18.695     27.114    10.6397   999.7646 0.0000e+00
     19.053     -0.039     0.9446     12.507     86.723  61.828738     0.1938     15.735   260.7124 1.2371e-01    19.7163     18.685     27.101    10.6402   999.7645 0.0000e+00
     19.044     -0.040     0.9587     12.575     86.698  61.814528     0.1739     15.735   260.7633 1.2368e-01    19.2340     18.676     27.087    10.6403   999.7644 0.0000e+00
     19.034     -0.043     0.9680     12.691     86.708  61.822621     0.1606     15.734   260.7742 1.2365e-01    18.4730     18.666     27.073    10.6411   999.7642 0.0000e+00
     19.023     -0.045     0.9716     12.854     86.676  61.799503     0.1675     15.734   260.7579 1.2365e-01    18.1033     18.656     27.058    10.6428   999.7640 0.0000e+00
     19.011     -0.046     0.9709     13.065     86.662  61.789179     0.1805     15.735   260.6529 1.2365e-01    18.0935     18.644     27.040    10.6446   999.7637 0.0000e+00
     18.998     -0.048     0.9766     13.308     86.711  61.824888     0.2035     15.736   260.5358 1.2363e-01    17.9432     18.632     27.022    10.6467   999.7634 0.0000e+00
     18.985     -0.049     0.9864     13.592     86.744  61.850000     0.2350     15.736   260.5467 1.2364e-01    17.6250     18.618     27.003    10.6480   999.7633 0.0000e+00
     18.973     -0.050     0.9974     13.875     86.729  61.838635     0.2465     15.736   260.6129 1.2371e-01    17.4052     18.606     26.986    10.6470   999.7633 0.0000e+00
     18.961     -0.051     1.0165     14.082     86.696  61.814555     0.2483     15.736   260.6481 1.2371e-01    17.3802     18.595     26.969    10.6464   999.7633 0.0000e+00
     18.948     -0.051     1.0331     14.245     86.694  61.813028     0.2369     15.737   260.6285 1.2363e-01    17.4591     18.582     26.951    10.6477   999.7631 0.0000e+00
     18.934     -0.051     1.0563     14.396     86.703  61.820175     0.2046     15.737   260.5479 1.2359e-01    17.5009     18.568     26.931    10.6484   999.7630 0.0000e+00
     18.921     -0.051     1.0831     14.505     86.637  61.773891     0.1819     15.736   260.4483 1.2360e-01    17.4732     18.555     26.912    10.6481   999.7630 0.0000e+00
     18.908     -0.050     1.0958     14.525     86.529  61.698203     0.1722     15.736   260.3699 1.2360e-01    17.4342     18.542     26.894    10.6475   999.7629 0.0000e+00
     18.895     -0.048     1.1079     14.489     86.484  61.667543     0.1724     15.737   260.2886 1.2362e-01    17.3035     18.529     26.875    10.6473   999.7629 0.0000e+00
     18.882     -0.046     1.1204     14.448     86.468  61.657346     0.1850     15.737   260.1535 1.2367e-01    17.0951     18.516     26.857    10.6481   999.7628 0.0000e+00
