Data/DataNotYetUploadedToEDI/Raw_CTD/RawDownloads/092320_ccr30.cnv
* Sea-Bird SBE19plus  Data File:
* FileName = C:\DATA\092320_ccr50_0002.hex
* Software version 2.8.0.119
* Temperature SN = 7809
* Conductivity SN = 7809
* System UpLoad Time = Sep 23 2020 19:43:20
* <ApplicationData>
* <Seaterm232>
# nquan = 16
# nvalues = 2762                        
# units = specified
# name 0 = depFM: Depth [fresh water, m]
# name 1 = dz/dtM: Descent Rate [m/s]
# name 2 = sbeox0ML/L: Oxygen, SBE 43 [ml/l]
# name 3 = sbeox0PS: Oxygen, SBE 43 [% saturation]
# name 4 = specc: Specific Conductance [uS/cm]
# name 5 = c0uS/cm: Conductivity [uS/cm]
# name 6 = flECO-AFL: Fluorescence, WET Labs ECO-AFL/FL [mg/m^3]
# name 7 = ph: pH
# name 8 = orp: Oxidation Reduction Potential [mV]
# name 9 = par/sat/log: PAR/Logarithmic, Satlantic
# name 10 = turbWETntu0: Turbidity, WET Labs ECO [NTU]
# name 11 = prdM: Pressure, Strain Gauge [db]
# name 12 = prdE: Pressure, Strain Gauge [psi]
# name 13 = tv290C: Temperature [ITS-90, deg C]
# name 14 = density00: Density [density, kg/m^3]
# name 15 = flag:  0.000e+00
# span 0 =     -0.480,     13.930       
# span 1 =     -0.297,      0.187       
# span 2 =     0.0315,     6.3640       
# span 3 =      0.448,    103.086       
# span 4 =      2.992,    218.245       
# span 5 =   2.951440, 158.734537       
# span 6 =    -1.5165,     4.2317       
# span 7 =     15.065,     15.613       
# span 8 = -1240.7439,   249.3517       
# span 9 = 1.2345e-01, 1.1531e+03       
# span 10 =    -0.4192,    65.7080      
# span 11 =     -0.471,     13.661      
# span 12 =     -0.684,     19.813      
# span 13 =    10.8313,    24.3690      
# span 14 =   997.2132,   999.7624      
# span 15 = 0.0000e+00, 0.0000e+00      
# interval = seconds: 0.25
# start_time = Sep 23 2020 01:58:43 [Instrument's time stamp, header]
# bad_flag = -9.990e-29
*END*
[from data line 1266]
      8.841      0.037     1.8064     24.610     76.758  56.038256     0.1442     15.385   229.3081 2.7699e+00     3.0460      8.669     12.575    11.5249   999.6226 0.0000e+00
      8.851      0.036     1.8175     24.959     76.774  56.040577     0.1312     15.384   229.2710 2.7408e+00     3.0182      8.679     12.589    11.5207   999.6231 0.0000e+00
      8.862      0.034     1.8307     25.333     76.801  56.054649     0.1285     15.382   229.1522 2.7190e+00     3.0295      8.690     12.604    11.5145   999.6237 0.0000e+00
      8.873      0.032     1.8502     25.737     76.842  56.081346     0.1295     15.378   229.1627 2.7064e+00     3.0795      8.703     12.622    11.5073   999.6246 0.0000e+00
      8.880      0.032     1.8764     26.160     76.885  56.109266     0.1151     15.373   229.3120 2.7029e+00     3.1078      8.710     12.633    11.5001   999.6255 0.0000e+00
      8.885      0.033     1.9032     26.593     76.934  56.138134     0.0884     15.367   229.4086 2.6977e+00     3.0625      8.714     12.638    11.4933   999.6262 0.0000e+00
      8.891      0.035     1.9313     27.049     76.997  56.176285     0.0636     15.362   229.4700 2.6844e+00     3.0129      8.719     12.644    11.4900   999.6266 0.0000e+00
      8.899      0.038     1.9628     27.510     77.025  56.189388     0.0533     15.359   229.4525 2.6569e+00     2.9547      8.726     12.655    11.4889   999.6268 0.0000e+00
      8.911      0.041     1.9957     27.930     77.005  56.169512     0.0602     15.359   229.3690 2.6241e+00     2.8731      8.739     12.675    11.4871   999.6271 0.0000e+00
      8.926      0.042     2.0281     28.295     77.037  56.190054     0.0700     15.360   229.4062 2.6027e+00     2.8850      8.754     12.696    11.4827   999.6276 0.0000e+00
      8.939      0.042     2.0629     28.608     77.116  56.247184     0.0665     15.362   229.4718 2.5855e+00     2.9614      8.767     12.715    11.4766   999.6283 0.0000e+00
      8.950      0.041     2.1015     28.891     77.174  56.288542     0.0573     15.365   229.4733 2.5575e+00     2.9727      8.778     12.732    11.4710   999.6290 0.0000e+00
      8.958      0.039     2.1326     29.116     77.206  56.308964     0.0637     15.369   229.5116 2.5329e+00     2.9185      8.785     12.743    11.4681   999.6293 0.0000e+00
      8.965      0.038     2.1614     29.229     77.206  56.303533     0.0760     15.370   229.5903 2.5225e+00     2.8895      8.791     12.750    11.4666   999.6295 0.0000e+00
      8.973      0.038     2.1837     29.261     77.192  56.286388     0.0725     15.370   229.6512 2.5032e+00     2.8977      8.799     12.761    11.4661   999.6296 0.0000e+00
      8.984      0.037     2.2058     29.267     77.207  56.292233     0.0596     15.369   229.7315 2.4717e+00     2.8795      8.810     12.779    11.4663   999.6297 0.0000e+00
      8.996      0.037     2.2266     29.263     77.233  56.310675     0.0633     15.368   229.7863 2.4451e+00     2.8067      8.822     12.796    11.4647   999.6299 0.0000e+00
      9.007      0.036     2.2329     29.244     77.245  56.318799     0.0884     15.365   229.7979 2.4355e+00     2.7382      8.833     12.813    11.4607   999.6304 0.0000e+00
      9.016      0.034     2.2343     29.236     77.259  56.326933     0.1066     15.362   229.8727 2.4334e+00     2.7383      8.842     12.825    11.4550   999.6311 0.0000e+00
      9.023      0.032     2.2339     29.242     77.288  56.345489     0.1112     15.360   230.0017 2.4223e+00     2.8079      8.849     12.834    11.4516   999.6315 0.0000e+00
      9.029      0.031     2.2355     29.263     77.301  56.352582     0.1066     15.358   230.1532 2.4021e+00     2.8927      8.855     12.843    11.4522   999.6314 0.0000e+00
      9.037      0.030     2.2316     29.318     77.299  56.349165     0.0786     15.356   230.2415 2.3744e+00     2.9053      8.861     12.852    11.4522   999.6315 0.0000e+00
      9.045      0.030     2.2317     29.387     77.325  56.367703     0.0588     15.355   230.2092 2.3487e+00     2.8582      8.870     12.865    11.4506   999.6317 0.0000e+00
      9.054      0.031     2.2332     29.489     77.351  56.386141     0.0675     15.355   230.1931 2.3306e+00     2.8379      8.879     12.879    11.4487   999.6320 0.0000e+00
      9.062      0.033     2.2319     29.591     77.346  56.381522     0.1078     15.358   230.2178 2.3071e+00     2.8657      8.887     12.890    11.4473   999.6322 0.0000e+00
      9.069      0.036     2.2400     29.645     77.340  56.375379     0.1742     15.364   230.2497 2.2691e+00     2.8854      8.894     12.900    11.4464   999.6323 0.0000e+00
      9.077      0.038     2.2419     29.682     77.346  56.375387     0.2024     15.372   230.3212 2.2347e+00     2.8705      8.901     12.910    11.4455   999.6324 0.0000e+00
      9.087      0.039     2.2512     29.716     77.368  56.381617     0.2013     15.379   230.3947 2.2088e+00     2.8573      8.912     12.924    11.4454   999.6325 0.0000e+00
      9.099      0.040     2.2624     29.745     77.388  56.387174     0.1989     15.384   230.4495 2.1679e+00     2.8970      8.923     12.942    11.4448   999.6326 0.0000e+00
      9.111      0.041     2.2628     29.753     77.382  56.379035     0.1738     15.389   230.5531 2.1269e+00     2.9727      8.936     12.960    11.4441   999.6327 0.0000e+00
      9.122      0.041     2.2673     29.723     77.341  56.346734     0.1551     15.392   230.7017 2.1174e+00     3.0173      8.947     12.976    11.4426   999.6329 0.0000e+00
      9.132      0.040     2.2691     29.688     77.306  56.314253     0.1540     15.393   230.7836 2.1275e+00     3.0579      8.955     12.988    11.4348   999.6338 0.0000e+00
      9.141      0.040     2.2729     29.705     77.309  56.303916     0.1409     15.393   230.7681 2.1235e+00     3.0864      8.964     13.001    11.4269   999.6348 0.0000e+00
      9.150      0.039     2.2741     29.750     77.304  56.285266     0.1204     15.393   230.7732 2.0968e+00     3.0524      8.972     13.014    11.4262   999.6348 0.0000e+00
      9.160      0.039     2.2713     29.782     77.312  56.279311     0.1168     15.394   230.9310 2.0615e+00     3.0253      8.982     13.028    11.4259   999.6349 0.0000e+00
      9.171      0.040     2.2660     29.860     77.342  56.295423     0.1169     15.394   231.1271 2.0339e+00     3.0329      8.995     13.044    11.4220   999.6353 0.0000e+00
      9.182      0.041     2.2684     29.991     77.337  56.289495     0.1119     15.393   231.1660 2.0156e+00     3.0415      9.006     13.061    11.4132   999.6363 0.0000e+00
      9.192      0.043     2.2764     30.132     77.319  56.271159     0.1222     15.393   231.0565 2.0006e+00     3.0268      9.015     13.075    11.4010   999.6377 0.0000e+00
      9.202      0.044     2.2742     30.280     77.323  56.264286     0.1274     15.393   231.0074 1.9816e+00     2.9924      9.024     13.088    11.3930   999.6386 0.0000e+00
      9.213      0.047     2.2813     30.441     77.347  56.269911     0.1182     15.393   231.0891 1.9532e+00     3.0030      9.034     13.103    11.3906   999.6389 0.0000e+00
      9.225      0.049     2.2932     30.612     77.369  56.275631     0.1148     15.393   231.1839 1.9180e+00     3.0183      9.047     13.121    11.3903   999.6390 0.0000e+00
      9.239      0.050     2.3034     30.761     77.371  56.269902     0.1153     15.393   231.2932 1.8663e+00     3.0736      9.060     13.140    11.3872   999.6394 0.0000e+00
      9.253      0.049     2.3154     30.855     77.368  56.264161     0.1145     15.393   231.3777 1.8184e+00     3.2251      9.074     13.161    11.3804   999.6402 0.0000e+00
      9.268      0.047     2.3274     30.895     77.376  56.269733     0.1241     15.393   231.3457 1.7963e+00     3.3061      9.088     13.182    11.3718   999.6412 0.0000e+00
      9.281      0.042     2.3426     30.900     77.378  56.273752     0.1369     15.392   231.2510 1.7765e+00     3.2973      9.102     13.202    11.3646   999.6420 0.0000e+00
      9.291      0.036     2.3550     30.872     77.341  56.249239     0.1448     15.391   231.2649 1.7545e+00     3.3247      9.113     13.217    11.3605   999.6425 0.0000e+00
      9.297      0.031     2.3625     30.827     77.307  56.227449     0.1718     15.390   231.3410 1.7450e+00     3.4309      9.118     13.224    11.3577   999.6428 0.0000e+00
      9.303      0.027     2.3641     30.768     77.355  56.264382     0.1958     15.389   231.3108 1.7368e+00     3.5510      9.123     13.231    11.3579   999.6428 0.0000e+00
      9.308      0.026     2.3656     30.729     77.422  56.314653     0.1964     15.387   231.2438 1.7222e+00     3.5762      9.129     13.240    11.3602   999.6426 0.0000e+00
      9.313      0.028     2.3616     30.751     77.437  56.327086     0.1886     15.386   231.1334 1.7100e+00     3.5293      9.133     13.247    11.3620   999.6424 0.0000e+00
      9.320      0.032     2.3588     30.758     77.472  56.351181     0.1783     15.386   231.0953 1.6921e+00     3.4987      9.139     13.255    11.3640   999.6422 0.0000e+00
      9.329      0.038     2.3543     30.747     77.570  56.415406     0.1859     15.385   231.2129 1.6611e+00     3.4812      9.149     13.269    11.3649   999.6422 0.0000e+00
      9.339      0.044     2.3462     30.777     77.658  56.468378     0.2049     15.383   231.2649 1.6229e+00     3.4543      9.158     13.283    11.3654   999.6422 0.0000e+00
      9.350      0.049     2.3546     30.840     77.696  56.483444     0.1880     15.382   231.2935 1.5910e+00     3.4823      9.169     13.298    11.3675   999.6420 0.0000e+00
      9.363      0.053     2.3534     30.921     77.690  56.470501     0.1443     15.382   231.3010 1.5628e+00     3.5804      9.181     13.316    11.3673   999.6421 0.0000e+00
      9.380      0.054     2.3503     31.052     77.650  56.438927     0.1248     15.381   231.2690 1.5295e+00     3.6439      9.199     13.342    11.3628   999.6427 0.0000e+00
      9.398      0.052     2.3541     31.259     77.619  56.419309     0.1246     15.379   231.2506 1.4959e+00     3.6665      9.219     13.371    11.3546   999.6438 0.0000e+00
      9.412      0.047     2.3603     31.542     77.619  56.423877     0.1698     15.377   231.2508 1.4603e+00     3.7166      9.232     13.389    11.3456   999.6448 0.0000e+00
      9.423      0.040     2.3656     31.901     77.625  56.430645     0.2706     15.376   231.2719 1.4308e+00     3.7356      9.241     13.403    11.3389   999.6455 0.0000e+00
      9.432      0.033     2.3741     32.256     77.633  56.437612     0.3329     15.376   231.2476 1.4127e+00     3.7233      9.250     13.415    11.3372   999.6457 0.0000e+00
      9.438      0.028     2.3919     32.563     77.643  56.444584     0.3314     15.376   231.3006 1.3992e+00     3.7402      9.257     13.424    11.3412   999.6453 0.0000e+00
      9.442      0.023     2.4102     32.851     77.654  56.451422     0.3094     15.376   231.3968 1.3836e+00     3.7340      9.259     13.430    11.3450   999.6449 0.0000e+00
      9.447      0.021     2.4423     33.088     77.663  56.456768     0.2960     15.376   231.4641 1.3552e+00     3.7163      9.263     13.436    11.3460   999.6448 0.0000e+00
      9.453      0.024     2.4709     33.223     77.649  56.445696     0.2934     15.375   231.5978 1.3348e+00     3.7318      9.271     13.447    11.3462   999.6448 0.0000e+00
      9.458      0.031     2.4916     33.272     77.651  56.444604     0.2865     15.374   231.7230 1.3328e+00     3.7501      9.276     13.453    11.3461   999.6449 0.0000e+00
      9.462      0.038     2.5153     33.255     77.662  56.443562     0.2707     15.374   231.7736 1.3188e+00     3.7324      9.277     13.456    11.3456   999.6449 0.0000e+00
      9.472      0.041     2.5362     33.188     77.666  56.433073     0.2168     15.375   231.7800 1.2803e+00     3.6897      9.285     13.467    11.3441   999.6451 0.0000e+00
      9.489      0.039     2.5447     33.103     77.692  56.444823     0.1494     15.375   231.7131 1.2351e+00     3.7147      9.303     13.493    11.3442   999.6452 0.0000e+00
      9.509      0.034     2.5479     33.040     77.705  56.458577     0.1330     15.375   231.6531 1.2053e+00     3.7940      9.328     13.528    11.3442   999.6454 0.0000e+00
      9.522      0.029     2.5474     33.050     77.707  56.472317     0.1428     15.374   231.7433 1.1944e+00     3.8237      9.345     13.552    11.3376   999.6461 0.0000e+00
      9.521      0.026     2.5410     33.141     77.710  56.483917     0.1252     15.374   231.8568 1.1969e+00     3.7993      9.340     13.546    11.3264   999.6472 0.0000e+00
      9.515      0.026     2.5353     33.273     77.692  56.471794     0.0818     15.374   231.9070 1.2007e+00     3.7743      9.327     13.527    11.3198   999.6479 0.0000e+00
      9.515      0.027     2.5270     33.386     77.677  56.452791     0.0563     15.374   232.0062 1.1887e+00     3.7612      9.326     13.525    11.3242   999.6474 0.0000e+00
      9.526      0.030     2.5280     33.466     77.680  56.444722     0.0555     15.374   232.1097 1.1659e+00     3.7433      9.340     13.545    11.3347   999.6464 0.0000e+00
      9.546      0.033     2.5351     33.555     77.675  56.437740     0.0629     15.375   232.1271 1.1408e+00     3.6953      9.363     13.578    11.3419   999.6458 0.0000e+00
      9.562      0.035     2.5473     33.640     77.663  56.431899     0.0693     15.375   232.1302 1.1227e+00     3.5936      9.381     13.606    11.3436   999.6457 0.0000e+00
      9.569      0.035     2.5575     33.691     77.668  56.437626     0.0564     15.374   232.1464 1.1178e+00     3.5087      9.387     13.614    11.3365   999.6464 0.0000e+00
      9.569      0.036     2.5610     33.726     77.680  56.443457     0.0402     15.374   232.1506 1.1154e+00     3.4931      9.383     13.610    11.3263   999.6475 0.0000e+00
      9.570      0.038     2.5692     33.768     77.686  56.438878     0.0458     15.374   232.1812 1.1114e+00     3.5072      9.382     13.608    11.3253   999.6476 0.0000e+00
      9.579      0.043     2.5770     33.810     77.714  56.445772     0.0672     15.375   232.2590 1.0919e+00     3.5080      9.389     13.618    11.3295   999.6472 0.0000e+00
      9.597      0.048     2.5797     33.827     77.755  56.463269     0.0783     15.377   232.3168 1.0602e+00     3.5025      9.409     13.647    11.3313   999.6471 0.0000e+00
      9.617      0.053     2.5817     33.842     77.760  56.459849     0.0755     15.377   232.3641 1.0397e+00     3.5104      9.433     13.682    11.3294   999.6474 0.0000e+00
      9.635      0.054     2.5854     33.883     77.775  56.467940     0.0620     15.378   232.4870 1.0327e+00     3.5008      9.451     13.707    11.3234   999.6481 0.0000e+00
      9.646      0.051     2.5905     33.924     77.817  56.497568     0.0495     15.378   232.5974 1.0387e+00     3.5235      9.461     13.721    11.3135   999.6492 0.0000e+00
      9.655      0.045     2.5917     33.973     77.823  56.500452     0.0579     15.379   232.6659 1.0415e+00     3.5785      9.468     13.732    11.3042   999.6503 0.0000e+00
      9.665      0.040     2.5907     34.040     77.826  56.502806     0.0684     15.379   232.7136 1.0306e+00     3.5823      9.478     13.746    11.2995   999.6508 0.0000e+00
      9.675      0.036     2.5971     34.105     77.853  56.526034     0.0709     15.379   232.6578 1.0202e+00     3.5352      9.488     13.762    11.2986   999.6509 0.0000e+00
      9.685      0.034     2.5984     34.144     77.847  56.527200     0.0502     15.380   232.6795 1.0097e+00     3.4557      9.498     13.777    11.2993   999.6510 0.0000e+00
      9.694      0.032     2.6020     34.141     77.828  56.516911     0.0080     15.381   232.8045 1.0010e+00     3.4107      9.507     13.789    11.2978   999.6511 0.0000e+00
