Data/DataNotYetUploadedToEDI/Raw_CTD/RawDownloads/092320_ccr20.cnv
* Sea-Bird SBE19plus  Data File:
* FileName = C:\DATA\092320_ccr50_0004.hex
* Software version 2.8.0.119
* Temperature SN = 7809
* Conductivity SN = 7809
* System UpLoad Time = Sep 23 2020 19:44:27
* <ApplicationData>
* <Seaterm232>
# nquan = 16
# nvalues = 1804                        
# units = specified
# name 0 = depFM: Depth [fresh water, m]
# name 1 = dz/dtM: Descent Rate [m/s]
# name 2 = sbeox0ML/L: Oxygen, SBE 43 [ml/l]
# name 3 = sbeox0PS: Oxygen, SBE 43 [% saturation]
# name 4 = specc: Specific Conductance [uS/cm]
# name 5 = c0uS/cm: Conductivity [uS/cm]
# name 6 = flECO-AFL: Fluorescence, WET Labs ECO-AFL/FL [mg/m^3]
# name 7 = ph: pH
# name 8 = orp: Oxidation Reduction Potential [mV]
# name 9 = par/sat/log: PAR/Logarithmic, Satlantic
# name 10 = turbWETntu0: Turbidity, WET Labs ECO [NTU]
# name 11 = prdM: Pressure, Strain Gauge [db]
# name 12 = prdE: Pressure, Strain Gauge [psi]
# name 13 = tv290C: Temperature [ITS-90, deg C]
# name 14 = density00: Density [density, kg/m^3]
# name 15 = flag:  0.000e+00
# span 0 =     -0.486,      8.447       
# span 1 =     -0.187,      0.195       
# span 2 =     0.0417,     6.0012       
# span 3 =      0.576,     98.065       
# span 4 =      2.536,     82.625       
# span 5 =   2.365027,  61.370536       
# span 6 =    -1.1216,     3.5702       
# span 7 =     15.504,     16.025       
# span 8 =   145.6172,   915.4434       
# span 9 = 1.1807e+00, 5.9877e+02       
# span 10 =    -0.2544,    60.6429      
# span 11 =     -0.478,      8.284      
# span 12 =     -0.693,     12.014      
# span 13 =    11.9844,    22.7460      
# span 14 =   997.6060,   999.5713      
# span 15 = 0.0000e+00, 0.0000e+00      
# interval = seconds: 0.25
# start_time = Sep 23 2020 03:19:50 [Instrument's time stamp, header]
# bad_flag = -9.990e-29
*END*
[from data line 904]
      6.447      0.021     5.1262     80.610     54.244  49.300064     1.0781     15.579   228.5745 8.2237e+00     2.2472      6.322      9.169    20.4322   998.1674 0.0000e+00
      6.453      0.023     5.1177     80.514     54.229  49.283212     1.0984     15.579   228.5514 8.1939e+00     2.3057      6.328      9.178    20.4328   998.1673 0.0000e+00
      6.459      0.025     5.1024     80.481     54.232  49.277454     1.0897     15.579   228.6169 8.1433e+00     2.2778      6.334      9.187    20.4318   998.1676 0.0000e+00
      6.466      0.026     5.0905     80.504     54.264  49.293926     1.0683     15.579   228.7635 8.0778e+00     2.1853      6.340      9.196    20.4347   998.1670 0.0000e+00
      6.474      0.028     5.0836     80.539     54.279  49.291851     1.0693     15.580   228.7752 8.0454e+00     2.1476      6.348      9.207    20.4399   998.1658 0.0000e+00
      6.481      0.031     5.0754     80.548     54.324  49.315843     1.0823     15.581   228.7578 8.0326e+00     2.2001      6.356      9.218    20.4372   998.1665 0.0000e+00
      6.488      0.035     5.0748     80.473     54.425  49.393491     1.0919     15.581   228.8121 8.0059e+00     2.2701      6.362      9.228    20.4281   998.1684 0.0000e+00
      6.495      0.039     5.0792     80.281     54.523  49.468661     1.0903     15.581   228.8291 7.9686e+00     2.2728      6.369      9.238    20.4165   998.1710 0.0000e+00
      6.504      0.041     5.0825     79.980     54.607  49.526197     1.0823     15.581   228.8773 7.9133e+00     2.1985      6.377      9.249    20.4009   998.1742 0.0000e+00
      6.518      0.042     5.0873     79.626     54.692  49.581121     1.0901     15.581   228.8781 7.8374e+00     2.1617      6.390      9.268    20.3847   998.1777 0.0000e+00
      6.533      0.041     5.0838     79.226     54.763  49.624701     1.1084     15.582   228.7531 7.7706e+00     2.2064      6.409      9.294    20.3730   998.1803 0.0000e+00
      6.545      0.039     5.0735     78.733     54.832  49.672076     1.1222     15.583   228.6570 7.7329e+00     2.2577      6.421      9.312    20.3618   998.1827 0.0000e+00
      6.554      0.036     5.0536     78.173     54.955  49.772902     1.1234     15.584   228.6617 7.7116e+00     2.2329      6.428      9.323    20.3449   998.1863 0.0000e+00
      6.560      0.032     5.0330     77.600     55.100  49.891233     1.1042     15.584   228.7246 7.6982e+00     2.1467      6.433      9.330    20.3228   998.1911 0.0000e+00
      6.565      0.030     5.0130     77.043     55.191  49.959767     1.0807     15.584   228.8156 7.6729e+00     2.1760      6.437      9.336    20.3008   998.1957 0.0000e+00
      6.572      0.029     4.9810     76.523     55.282  50.030000     1.0673     15.584   228.9007 7.6192e+00     2.3466      6.445      9.347    20.2877   998.1985 0.0000e+00
      6.581      0.030     4.9454     76.077     55.378  50.105367     1.0761     15.585   228.8930 7.5678e+00     2.4586      6.455      9.362    20.2810   998.2000 0.0000e+00
      6.590      0.030     4.9093     75.714     55.396  50.108976     1.1020     15.585   228.8944 7.5359e+00     2.4667      6.463      9.373    20.2697   998.2025 0.0000e+00
      6.597      0.030     4.8756     75.417     55.369  50.073621     1.1125     15.585   229.0045 7.4999e+00     2.4783      6.470      9.383    20.2554   998.2055 0.0000e+00
      6.605      0.029     4.8422     75.202     55.360  50.058894     1.0990     15.585   229.0204 7.4617e+00     2.5646      6.478      9.395    20.2451   998.2077 0.0000e+00
      6.613      0.027     4.8148     75.114     55.359  50.057907     1.0819     15.585   228.9141 7.4370e+00     2.6861      6.485      9.406    20.2350   998.2099 0.0000e+00
      6.620      0.026     4.7941     75.134     55.358  50.061684     1.0859     15.585   228.9232 7.4202e+00     2.7451      6.492      9.416    20.2216   998.2127 0.0000e+00
      6.626      0.026     4.7757     75.194     55.401  50.104565     1.1002     15.585   229.0446 7.4147e+00     2.8662      6.498      9.425    20.2118   998.2148 0.0000e+00
      6.632      0.025     4.7612     75.298     55.506  50.195370     1.1121     15.585   229.0914 7.4071e+00     3.1206      6.503      9.431    20.2053   998.2162 0.0000e+00
      6.638      0.025     4.7556     75.431     55.611  50.270547     1.1343     15.586   229.0592 7.3789e+00     3.2806      6.509      9.440    20.2051   998.2163 0.0000e+00
      6.645      0.025     4.7599     75.550     55.701  50.314965     1.1493     15.586   229.0853 7.3374e+00     3.3249      6.516      9.451    20.2108   998.2152 0.0000e+00
      6.652      0.025     4.7609     75.634     55.808  50.351363     1.1502     15.587   229.1484 7.3010e+00     3.4843      6.523      9.461    20.2177   998.2137 0.0000e+00
      6.658      0.024     4.7681     75.604     55.956  50.393032     1.1454     15.590   229.1338 7.2856e+00     3.6972      6.529      9.469    20.2186   998.2136 0.0000e+00
      6.664      0.022     4.7806     75.386     56.115  50.437622     1.1394     15.593   229.1675 7.2693e+00     3.7353      6.535      9.478    20.1988   998.2179 0.0000e+00
      6.670      0.020     4.7897     74.922     56.210  50.445841     1.1437     15.595   229.2117 7.2356e+00     3.7054      6.541      9.487    20.1654   998.2248 0.0000e+00
      6.675      0.019     4.8027     74.133     56.255  50.428804     1.1501     15.596   229.1522 7.2118e+00     3.7475      6.547      9.495    20.1207   998.2341 0.0000e+00
      6.679      0.019     4.8109     73.027     56.293  50.422058     1.1877     15.597   229.1358 7.1968e+00     3.9356      6.550      9.500    20.0279   998.2534 0.0000e+00
      6.683      0.020     4.8074     71.683     56.323  50.427724     1.2550     15.597   229.2714 7.1746e+00     4.2281      6.553      9.505    19.9245   998.2748 0.0000e+00
      6.686      0.021     4.7868     70.188     56.344  50.433783     1.2866     15.597   229.5009 7.1551e+00     4.3320      6.558      9.510    19.8636   998.2873 0.0000e+00
      6.691      0.023     4.7408     68.649     56.363  50.431796     1.2930     15.598   229.6735 7.1288e+00     4.2649      6.561      9.516    19.8124   998.2978 0.0000e+00
      6.698      0.025     4.6713     67.126     56.428  50.467185     1.3330     15.599   229.8105 7.0867e+00     4.2408      6.568      9.527    19.7723   998.3060 0.0000e+00
      6.707      0.025     4.5857     65.644     56.565  50.544121     1.3977     15.599   229.9527 7.0482e+00     4.2811      6.578      9.541    19.7580   998.3091 0.0000e+00
      6.715      0.024     4.4868     64.219     56.724  50.599906     1.4272     15.601   230.1027 7.0305e+00     4.3403      6.586      9.552    19.7561   998.3095 0.0000e+00
      6.721      0.023     4.3897     62.851     56.854  50.633528     1.4232     15.603   230.2464 7.0211e+00     4.3383      6.591      9.559    19.7331   998.3142 0.0000e+00
      6.725      0.021     4.2936     61.516     56.980  50.696512     1.3872     15.605   230.3999 6.9994e+00     4.2570      6.596      9.565    19.7152   998.3179 0.0000e+00
      6.729      0.020     4.1992     60.078     57.147  50.789830     1.3253     15.607   230.5821 6.9731e+00     4.2496      6.599      9.572    19.6971   998.3216 0.0000e+00
      6.733      0.021     4.1174     58.358     57.342  50.872683     1.2953     15.610   230.7284 6.9536e+00     4.3517      6.602      9.576    19.5943   998.3425 0.0000e+00
      6.738      0.023     4.0359     56.393     57.536  50.936094     1.2998     15.613   230.8787 6.9371e+00     4.3935      6.607      9.583    19.5047   998.3606 0.0000e+00
      6.744      0.025     3.9548     54.356     57.701  50.984837     1.3133     15.615   230.9366 6.9130e+00     4.4465      6.613      9.592    19.4886   998.3640 0.0000e+00
      6.751      0.026     3.8720     52.233     57.822  51.017366     1.3246     15.616   230.8254 6.8683e+00     4.6143      6.620      9.601    19.4464   998.3725 0.0000e+00
      6.760      0.026     3.7673     49.916     57.873  51.011762     1.3421     15.617   230.7389 6.8141e+00     4.7406      6.629      9.615    19.3611   998.3896 0.0000e+00
      6.769      0.025     3.6399     47.388     57.919  51.044026     1.3621     15.617   230.7511 6.7800e+00     4.8058      6.638      9.628    19.2556   998.4108 0.0000e+00
      6.775      0.024     3.5177     44.803     58.078  51.216931     1.3661     15.617   230.8008 6.7621e+00     4.8881      6.645      9.637    19.1662   998.4285 0.0000e+00
      6.779      0.023     3.3873     42.419     58.356  51.451241     1.3624     15.617   230.8241 6.7474e+00     4.9451      6.650      9.643    19.1076   998.4401 0.0000e+00
      6.783      0.021     3.2413     40.334     58.672  51.590790     1.3558     15.620   230.7748 6.7406e+00     4.9460      6.652      9.647    19.0563   998.4503 0.0000e+00
      6.788      0.019     3.0760     38.571     58.891  51.570360     1.3433     15.625   230.7212 6.7235e+00     4.9332      6.656      9.653    19.0379   998.4539 0.0000e+00
      6.794      0.018     2.8950     37.155     58.934  51.457962     1.3257     15.628   230.6920 6.6905e+00     5.0311      6.663      9.664    19.0976   998.4423 0.0000e+00
      6.800      0.017     2.7389     35.953     58.866  51.374731     1.3141     15.628   230.6796 6.6728e+00     5.2024      6.670      9.674    19.1355   998.4350 0.0000e+00
      6.804      0.016     2.6114     34.719     58.819  51.389593     1.3080     15.627   230.7436 6.6601e+00     5.2190      6.674      9.679    18.9895   998.4637 0.0000e+00
      6.806      0.016     2.5065     33.326     58.829  51.447216     1.2998     15.627   230.7777 6.6349e+00     5.1634      6.675      9.681    18.7525   998.5099 0.0000e+00
      6.809      0.016     2.4248     31.926     58.883  51.499953     1.2998     15.628   230.7477 6.6214e+00     5.1819      6.677      9.685    18.6079   998.5377 0.0000e+00
      6.813      0.017     2.3536     30.810     59.010  51.582685     1.2994     15.629   230.8107 6.6147e+00     5.3397      6.681      9.690    18.6044   998.5383 0.0000e+00
      6.818      0.019     2.2727     30.053     59.172  51.685387     1.2948     15.630   230.8509 6.5988e+00     5.6291      6.686      9.697    18.6885   998.5222 0.0000e+00
      6.824      0.021     2.1762     29.550     59.355  51.789042     1.2923     15.630   230.8035 6.5745e+00     5.7626      6.692      9.706    18.7383   998.5127 0.0000e+00
      6.830      0.022     2.0739     29.165     59.617  51.883280     1.2969     15.633   230.8399 6.5455e+00     5.7189      6.698      9.714    18.7366   998.5130 0.0000e+00
      6.836      0.022     2.0026     28.807     59.906  51.935508     1.2843     15.638   230.9461 6.5221e+00     5.6839      6.704      9.723    18.7061   998.5190 0.0000e+00
      6.842      0.021     1.9581     28.442     60.068  51.912191     1.2455     15.643   230.9701 6.5060e+00     5.6828      6.710      9.732    18.6634   998.5273 0.0000e+00
      6.848      0.018     1.9282     27.912     60.116  51.855180     1.2375     15.646   230.9581 6.4900e+00     5.7061      6.717      9.742    18.6546   998.5291 0.0000e+00
      6.853      0.016     1.9114     27.046     60.216  51.881158     1.2445     15.648   230.9735 6.4645e+00     5.7252      6.722      9.749    18.5403   998.5510 0.0000e+00
      6.856      0.014     1.8934     25.866     60.376  51.972181     1.2164     15.649   230.9839 6.4511e+00     5.6052      6.724      9.752    18.3207   998.5927 0.0000e+00
      6.858      0.014     1.8807     24.591     60.539  52.066545     1.1735     15.650   231.0842 6.4619e+00     5.3531      6.725      9.754    18.1844   998.6184 0.0000e+00
      6.860      0.015     1.8529     23.475     60.744  52.196417     1.1555     15.650   231.3256 6.4656e+00     5.2525      6.727      9.757    18.1165   998.6311 0.0000e+00
      6.864      0.017     1.7976     22.654     61.058  52.399219     1.1600     15.651   231.5798 6.4454e+00     5.2815      6.731      9.762    18.0708   998.6396 0.0000e+00
      6.869      0.019     1.7137     22.057     61.462  52.613223     1.1621     15.654   231.7484 6.4092e+00     5.2229      6.736      9.769    18.0366   998.6460 0.0000e+00
      6.875      0.021     1.6246     21.525     61.775  52.687890     1.1617     15.659   231.9872 6.3740e+00     5.0929      6.742      9.779    17.9984   998.6532 0.0000e+00
      6.882      0.022     1.5481     21.013     61.945  52.666645     1.1648     15.663   232.2298 6.3482e+00     4.9794      6.749      9.788    17.9607   998.6603 0.0000e+00
      6.888      0.022     1.4961     20.384     62.051  52.673694     1.1710     15.665   232.2729 6.3267e+00     4.9840      6.754      9.797    17.9261   998.6668 0.0000e+00
      6.893      0.022     1.4671     19.368     62.111  52.709508     1.1791     15.665   232.2499 6.3094e+00     5.0110      6.760      9.805    17.8267   998.6852 0.0000e+00
      6.897      0.022     1.4348     17.884     62.186  52.782102     1.1763     15.665   232.2960 6.3034e+00     4.9288      6.764      9.810    17.6289   998.7212 0.0000e+00
      6.902      0.022     1.4081     16.136     62.309  52.852802     1.1564     15.666   232.4855 6.2974e+00     4.8140      6.768      9.816    17.4765   998.7488 0.0000e+00
      6.908      0.022     1.3767     14.342     62.443  52.865662     1.1396     15.669   232.7345 6.2709e+00     4.7210      6.775      9.825    17.4234   998.7584 0.0000e+00
      6.915      0.022     1.3117     12.663     62.568  52.873944     1.1441     15.672   232.8983 6.2369e+00     4.6970      6.781      9.835    17.4158   998.7598 0.0000e+00
      6.921      0.021     1.2034     11.247     62.629  52.889294     1.1730     15.672   233.0027 6.2123e+00     4.7992      6.788      9.845    17.4494   998.7538 0.0000e+00
      6.927      0.019     1.0816     10.147     62.601  52.860683     1.2120     15.672   233.1367 6.1948e+00     4.9604      6.795      9.855    17.4367   998.7562 0.0000e+00
      6.932      0.018     0.9613      9.350     62.596  52.845574     1.2345     15.672   233.3135 6.1957e+00     4.9987      6.798      9.860    17.3240   998.7762 0.0000e+00
      6.934      0.017     0.8450      8.843     62.672  52.897129     1.2356     15.672   233.4200 6.1947e+00     4.9195      6.800      9.863    17.2229   998.7942 0.0000e+00
      6.937      0.017     0.7495      8.552     62.793  52.975921     1.2538     15.673   233.4771 6.1645e+00     4.9640      6.803      9.866    17.2119   998.7963 0.0000e+00
      6.942      0.018     0.6761      8.361     62.930  53.036073     1.3111     15.674   233.4889 6.1298e+00     5.1584      6.807      9.872    17.2242   998.7940 0.0000e+00
      6.947      0.019     0.6223      8.248     63.038  53.052741     1.3566     15.676   233.4764 6.0982e+00     5.2787      6.812      9.880    17.2047   998.7974 0.0000e+00
      6.953      0.020     0.5897      8.238     63.118  53.050328     1.3656     15.678   233.5844 6.0601e+00     5.2856      6.818      9.889    17.1985   998.7987 0.0000e+00
      6.958      0.020     0.5746      8.229     63.212  53.070313     1.3621     15.679   233.6764 6.0320e+00     5.4132      6.824      9.897    17.1927   998.7997 0.0000e+00
      6.964      0.019     0.5625      8.115     63.316  53.103763     1.3521     15.680   233.6420 6.0133e+00     5.6890      6.829      9.905    17.1407   998.8089 0.0000e+00
      6.969      0.018     0.5530      7.907     63.413  53.137138     1.3401     15.681   233.6840 5.9901e+00     5.8735      6.834      9.912    17.0727   998.8209 0.0000e+00
      6.973      0.018     0.5568      7.599     63.481  53.156229     1.3417     15.682   233.8405 5.9702e+00     5.9613      6.838      9.918    17.0163   998.8307 0.0000e+00
      6.977      0.019     0.5608      7.161     63.491  53.144006     1.3811     15.684   233.8990 5.9637e+00     6.0642      6.841      9.923    16.9724   998.8385 0.0000e+00
