Data/DataNotYetUploadedToEDI/Raw_CTD/RawDownloads/092320_ccr10.cnv
* Sea-Bird SBE19plus  Data File:
* FileName = C:\DATA\092320_ccr50_0003.hex
* Software version 2.8.0.119
* Temperature SN = 7809
* Conductivity SN = 7809
* System UpLoad Time = Sep 23 2020 19:43:41
* <ApplicationData>
* <Seaterm232>
# nquan = 16
# nvalues = 741                         
# units = specified
# name 0 = depFM: Depth [fresh water, m]
# name 1 = dz/dtM: Descent Rate [m/s]
# name 2 = sbeox0ML/L: Oxygen, SBE 43 [ml/l]
# name 3 = sbeox0PS: Oxygen, SBE 43 [% saturation]
# name 4 = specc: Specific Conductance [uS/cm]
# name 5 = c0uS/cm: Conductivity [uS/cm]
# name 6 = flECO-AFL: Fluorescence, WET Labs ECO-AFL/FL [mg/m^3]
# name 7 = ph: pH
# name 8 = orp: Oxidation Reduction Potential [mV]
# name 9 = par/sat/log: PAR/Logarithmic, Satlantic
# name 10 = turbWETntu0: Turbidity, WET Labs ECO [NTU]
# name 11 = prdM: Pressure, Strain Gauge [db]
# name 12 = prdE: Pressure, Strain Gauge [psi]
# name 13 = tv290C: Temperature [ITS-90, deg C]
# name 14 = density00: Density [density, kg/m^3]
# name 15 = flag:  0.000e+00
# span 0 =     -0.485,      3.129       
# span 1 =     -0.239,      0.141       
# span 2 =     0.0367,     6.0989       
# span 3 =      0.600,     96.132       
# span 4 =      2.677,    218.654       
# span 5 =   2.484036, 194.519330       
# span 6 =    -2.6452,   259.7280       
# span 7 =     15.493,     15.651       
# span 8 =  -237.3273,   218.8014       
# span 9 = 2.1766e+01, 8.9587e+02       
# span 10 =    -6.7108,   962.0867      
# span 11 =     -0.475,      3.069      
# span 12 =     -0.689,      4.451      
# span 13 =    18.6617,    21.8810      
# span 14 =   997.8206,   998.5507      
# span 15 = 0.0000e+00, 0.0000e+00      
# interval = seconds: 0.25
# start_time = Sep 23 2020 02:29:05 [Instrument's time stamp, header]
# bad_flag = -9.990e-29
*END*
[from data line 91]
      0.348      0.135     1.4166     21.239    217.486 190.888785     1.0310     15.565   153.3911 2.5493e+02     2.9471      0.342      0.497    18.8631   998.5152 0.0000e+00
      0.388      0.127     1.4090     21.139    217.472 190.895832     1.0908     15.564   153.9166 2.4616e+02     2.9589      0.385      0.557    18.8674   998.5145 0.0000e+00
      0.418      0.117     1.3989     21.035    217.460 190.904127     1.1201     15.564   154.5367 2.4127e+02     2.9859      0.413      0.598    18.8718   998.5138 0.0000e+00
      0.440      0.106     1.3880     20.919    217.462 190.925159     1.1281     15.564   155.2105 2.3596e+02     3.0334      0.430      0.624    18.8763   998.5130 0.0000e+00
      0.462      0.094     1.3806     20.781    217.477 190.958311     1.1671     15.565   155.6964 2.2836e+02     3.1206      0.450      0.653    18.8807   998.5122 0.0000e+00
      0.487      0.082     1.3746     20.637    217.484 190.985265     1.2304     15.565   155.9375 2.2013e+02     3.2168      0.477      0.693    18.8853   998.5114 0.0000e+00
      0.512      0.071     1.3677     20.507    217.473 190.995300     1.2635     15.565   155.9748 2.1293e+02     3.2694      0.504      0.731    18.8897   998.5107 0.0000e+00
      0.531      0.058     1.3605     20.369    217.474 191.015711     1.2812     15.564   155.9758 2.0828e+02     3.2755      0.523      0.759    18.8941   998.5099 0.0000e+00
      0.544      0.045     1.3512     20.206    217.479 191.040250     1.3295     15.563   156.0354 2.0492e+02     3.2905      0.534      0.776    18.8986   998.5091 0.0000e+00
      0.551      0.032     1.3403     20.065    217.451 191.036239     1.3986     15.563   156.2649 2.0253e+02     3.3140      0.542      0.786    18.9033   998.5082 0.0000e+00
      0.553      0.022     1.3330     19.971    217.423 191.031178     1.4498     15.564   156.9437 2.0172e+02     3.3191      0.543      0.787    18.9079   998.5073 0.0000e+00
      0.553      0.017     1.3248     19.864    217.413 191.043036     1.4723     15.564   157.6172 2.0110e+02     3.3182      0.541      0.785    18.9124   998.5065 0.0000e+00
      0.556      0.016     1.3125     19.727    217.400 191.051745     1.4985     15.563   157.6119 1.9974e+02     3.3714      0.544      0.789    18.9170   998.5056 0.0000e+00
      0.562      0.016     1.3015     19.612    217.400 191.072556     1.5580     15.563   157.3949 1.9854e+02     3.4470      0.551      0.800    18.9217   998.5047 0.0000e+00
      0.568      0.015     1.2983     19.509    217.411 191.102853     1.6096     15.563   157.6611 1.9854e+02     3.4773      0.558      0.810    18.9263   998.5038 0.0000e+00
      0.573      0.011     1.2921     19.398    217.382 191.098359     1.6167     15.563   157.9912 1.9869e+02     3.4974      0.563      0.816    18.9311   998.5029 0.0000e+00
      0.577      0.004     1.2797     19.301    217.340 191.082196     1.6144     15.563   157.7717 1.9849e+02     3.4499      0.566      0.823    18.9358   998.5020 0.0000e+00
      0.579     -0.006     1.2736     19.202    217.336 191.099292     1.6200     15.563   157.9328 1.9852e+02     3.3487      0.568      0.825    18.9402   998.5011 0.0000e+00
      0.576     -0.013     1.2677     19.079    217.327 191.113247     1.6173     15.562   159.2509 1.9841e+02     3.3042      0.565      0.820    18.9451   998.5002 0.0000e+00
      0.570     -0.014     1.2588     18.950    217.315 191.123061     1.6111     15.562   160.0291 1.9958e+02     3.2899      0.561      0.813    18.9500   998.4992 0.0000e+00
      0.560     -0.012     1.2531     18.816    217.326 191.154031     1.5834     15.562   159.3405 2.0391e+02     3.2780      0.551      0.799    18.9547   998.4982 0.0000e+00
      0.550     -0.009     1.2477     18.675    217.318 191.168004     1.5207     15.562   159.1840 2.0666e+02     3.2636      0.534      0.775    18.9595   998.4972 0.0000e+00
      0.549     -0.004     1.2383     18.549    217.290 191.164146     1.4824     15.563   160.2021 2.0346e+02     3.2539      0.532      0.773    18.9644   998.4962 0.0000e+00
      0.558      0.001     1.2300     18.430    217.273 191.171356     1.4927     15.563   160.9816 2.0008e+02     3.2971      0.550      0.797    18.9692   998.4953 0.0000e+00
      0.564      0.006     1.2219     18.309    217.271 191.191260     1.5399     15.562   161.2961 1.9981e+02     3.4083      0.558      0.808    18.9741   998.4944 0.0000e+00
      0.563      0.007     1.2112     18.205    217.344 191.276940     1.6137     15.562   161.5958 1.9891e+02     3.5353      0.551      0.799    18.9789   998.4935 0.0000e+00
      0.562      0.004     1.2035     18.118    217.429 191.376029     1.6697     15.562   161.2495 1.9728e+02     3.5961      0.549      0.796    18.9837   998.4925 0.0000e+00
      0.564     -0.000     1.1963     18.030    217.308 191.302269     1.6931     15.561   160.1204 1.9681e+02     3.5603      0.554      0.802    18.9888   998.4915 0.0000e+00
      0.565     -0.000     1.1872     17.941    217.014 191.088572     1.6961     15.561   159.3863 1.9693e+02     3.5481      0.556      0.806    18.9937   998.4906 0.0000e+00
      0.562      0.005     1.1805     17.827    216.739 190.902525     1.6967     15.561   159.1706 1.9629e+02     3.6206      0.551      0.799    18.9985   998.4896 0.0000e+00
      0.559      0.012     1.1756     17.673    216.530 190.779402     1.7003     15.560   159.1481 1.9442e+02     3.6469      0.546      0.792    19.0035   998.4887 0.0000e+00
      0.560      0.022     1.1690     17.536    216.354 190.687048     1.6918     15.559   159.6298 1.9168e+02     3.6261      0.546      0.793    19.0106   998.4873 0.0000e+00
      0.567      0.036     1.1636     17.440    216.202 190.617247     1.6900     15.559   160.1771 1.8833e+02     3.6098      0.555      0.804    19.0217   998.4850 0.0000e+00
      0.580      0.050     1.1576     17.339    216.079 190.574968     1.6980     15.559   160.1731 1.8571e+02     3.5863      0.569      0.825    19.0350   998.4823 0.0000e+00
      0.595      0.060     1.1444     17.214    215.986 190.559606     1.6921     15.559   160.0121 1.8224e+02     3.5828      0.583      0.844    19.0490   998.4796 0.0000e+00
      0.615      0.068     1.1346     17.101    215.911 190.559480     1.6860     15.559   160.0371 1.7586e+02     3.6021      0.602      0.873    19.0639   998.4767 0.0000e+00
      0.638      0.073     1.1299     17.016    215.849 190.573526     1.7199     15.558   160.1302 1.7134e+02     3.6824      0.628      0.910    19.0785   998.4739 0.0000e+00
      0.656      0.075     1.1237     16.932    215.800 190.601630     1.7867     15.558   160.1914 1.6879e+02     3.8320      0.645      0.934    19.0937   998.4709 0.0000e+00
      0.672      0.075     1.1136     16.843    215.764 190.643605     1.8266     15.558   160.1747 1.6422e+02     3.9341      0.658      0.953    19.1092   998.4679 0.0000e+00
      0.692      0.071     1.1052     16.753    215.737 190.697467     1.8298     15.557   160.1866 1.6010e+02     3.9216      0.678      0.983    19.1244   998.4650 0.0000e+00
      0.714      0.066     1.1013     16.653    215.694 190.741407     1.8258     15.556   160.2484 1.5759e+02     3.9553      0.701      1.017    19.1403   998.4619 0.0000e+00
      0.733      0.062     1.0950     16.538    215.655 190.791318     1.8725     15.556   160.4062 1.5575e+02     4.1362      0.721      1.047    19.1570   998.4587 0.0000e+00
      0.746      0.059     1.0887     16.416    215.626 190.853431     1.9665     15.555   160.5458 1.5450e+02     4.2897      0.734      1.064    19.1739   998.4554 0.0000e+00
      0.756      0.058     1.0828     16.281    215.596 190.917010     2.0077     15.555   160.5595 1.5349e+02     4.3339      0.743      1.077    19.1916   998.4519 0.0000e+00
      0.766      0.059     1.0763     16.161    215.566 190.984650     2.0092     15.555   160.7435 1.5365e+02     4.3276      0.749      1.087    19.2109   998.4481 0.0000e+00
      0.780      0.061     1.0674     16.067    215.509 191.031927     2.0797     15.555   160.9648 1.5405e+02     4.4196      0.763      1.107    19.2307   998.4443 0.0000e+00
      0.800      0.064     1.0605     15.957    215.404 191.041145     2.2019     15.554   161.1705 1.5363e+02     4.5884      0.785      1.138    19.2507   998.4404 0.0000e+00
      0.820      0.065     1.0500     15.844    215.274 191.032283     2.2667     15.553   161.5956 1.5399e+02     4.6516      0.804      1.166    19.2716   998.4363 0.0000e+00
      0.839      0.063     1.0405     15.739    215.172 191.052810     2.2803     15.551   161.9756 1.5569e+02     4.6682      0.825      1.196    19.2936   998.4320 0.0000e+00
      0.855      0.057     1.0372     15.638    215.091 191.097636     2.3098     15.550   162.1501 1.5910e+02     4.6173      0.841      1.218    19.3162   998.4276 0.0000e+00
      0.869      0.048     1.0277     15.553    214.987 191.126807     2.3658     15.550   162.0708 1.6277e+02     4.5169      0.851      1.235    19.3397   998.4229 0.0000e+00
      0.880      0.039     1.0199     15.467    214.876 191.149890     2.4040     15.550   161.8775 1.6527e+02     4.4846      0.865      1.254    19.3649   998.4179 0.0000e+00
      0.889      0.033     1.0135     15.381    214.778 191.185048     2.4093     15.549   162.0497 1.6890e+02     4.4673      0.873      1.267    19.3902   998.4128 0.0000e+00
      0.894      0.033     1.0048     15.310    214.691 191.232323     2.4388     15.548   162.5184 1.7317e+02     4.5135      0.876      1.273    19.4173   998.4074 0.0000e+00
      0.897      0.034     1.0004     15.230    214.600 191.274030     2.5038     15.547   162.7274 1.7627e+02     4.6313      0.878      1.275    19.4462   998.4015 0.0000e+00
      0.902      0.036     0.9940     15.132    214.505 191.305808     2.5463     15.546   162.6825 1.7740e+02     4.6896      0.882      1.279    19.4743   998.3958 0.0000e+00
      0.915      0.036     0.9869     15.026    214.440 191.360916     2.5615     15.546   162.8358 1.7647e+02     4.6699      0.894      1.298    19.5026   998.3902 0.0000e+00
      0.933      0.036     0.9832     14.920    214.391 191.428909     2.6409     15.546   163.2052 1.7560e+02     4.5643      0.917      1.330    19.5320   998.3844 0.0000e+00
      0.946      0.034     0.9773     14.820    214.336 191.488583     2.7806     15.545   163.7063 1.7510e+02     4.4426      0.930      1.350    19.5610   998.3785 0.0000e+00
      0.951      0.029     0.9701     14.720    214.308 191.570993     2.8584     15.544   164.2492 1.7391e+02     4.4347      0.932      1.352    19.5880   998.3731 0.0000e+00
      0.954      0.024     0.9628     14.619    214.285 191.658088     2.8753     15.543   164.5207 1.7192e+02     4.4688      0.936      1.356    19.6140   998.3678 0.0000e+00
      0.958      0.019     0.9554     14.528    214.223 191.710468     2.9376     15.543   164.5797 1.6975e+02     4.4777      0.940      1.364    19.6403   998.3625 0.0000e+00
      0.961      0.016     0.9485     14.444    214.153 191.756821     3.0596     15.543   164.2743 1.6792e+02     4.5067      0.942      1.366    19.6655   998.3574 0.0000e+00
      0.965      0.015     0.9420     14.354    214.117 191.835000     3.1382     15.542   163.6678 1.6661e+02     4.5109      0.945      1.370    19.6904   998.3523 0.0000e+00
      0.971      0.013     0.9344     14.264    214.127 191.952434     3.1545     15.539   163.4408 1.6596e+02     4.4606      0.952      1.380    19.7157   998.3472 0.0000e+00
      0.977      0.011     0.9282     14.179    214.161 192.089725     3.1800     15.539   163.5083 1.6569e+02     4.4470      0.959      1.390    19.7406   998.3421 0.0000e+00
      0.979      0.009     0.9231     14.089    214.182 192.216147     3.2080     15.539   163.6238 1.6657e+02     4.4845      0.963      1.395    19.7659   998.3370 0.0000e+00
      0.978      0.006     0.9162     13.996    214.191 192.330039     3.2166     15.538   163.7191 1.6857e+02     4.5017      0.960      1.392    19.7923   998.3316 0.0000e+00
      0.977      0.001     0.9100     13.896    214.206 192.443729     3.2269     15.538   163.6277 1.7013e+02     4.5169      0.957      1.387    19.8178   998.3263 0.0000e+00
      0.979     -0.004     0.9046     13.781    214.235 192.567702     3.2365     15.537   163.7241 1.7134e+02     4.4967      0.960      1.391    19.8422   998.3214 0.0000e+00
      0.980     -0.008     0.8982     13.685    214.251 192.678016     3.2384     15.535   164.1966 1.7295e+02     4.3612      0.963      1.397    19.8675   998.3163 0.0000e+00
      0.978     -0.007     0.8917     13.632    214.232 192.754439     3.2404     15.534   164.7805 1.7470e+02     4.2515      0.960      1.393    19.8926   998.3111 0.0000e+00
      0.971      0.002     0.8859     13.569    214.237 192.852334     3.2409     15.533   165.3633 1.7657e+02     4.2699      0.953      1.382    19.9157   998.3063 0.0000e+00
      0.964      0.014     0.8771     13.481    214.262 192.966458     3.2544     15.533   165.7364 1.7786e+02     4.3434      0.944      1.369    19.9383   998.3016 0.0000e+00
      0.962      0.025     0.8687     13.397    214.256 193.047249     3.2886     15.533   165.7641 1.7714e+02     4.4185      0.938      1.360    19.9610   998.2969 0.0000e+00
      0.974      0.030     0.8680     13.307    214.254 193.125814     3.3102     15.532   165.4403 1.7353e+02     4.4569      0.949      1.375    19.9827   998.2925 0.0000e+00
      0.999      0.026     0.8636     13.206    214.264 193.213023     3.3061     15.532   165.0046 1.6878e+02     4.4986      0.981      1.423    20.0044   998.2882 0.0000e+00
      1.022      0.017     0.8560     13.107    214.245 193.270401     3.3445     15.532   164.9700 1.6636e+02     4.5102      1.011      1.467    20.0261   998.2838 0.0000e+00
      1.026      0.009     0.8514     13.022    214.205 193.308054     3.4409     15.532   165.2805 1.6681e+02     4.4260      1.013      1.470    20.0462   998.2797 0.0000e+00
      1.010      0.003     0.8455     12.947    214.169 193.348612     3.4985     15.532   165.5749 1.6826e+02     4.3732      0.993      1.439    20.0649   998.2757 0.0000e+00
      0.990      0.001     0.8382     12.874    214.123 193.377171     3.5073     15.531   165.7765 1.6866e+02     4.3864      0.966      1.400    20.0830   998.2719 0.0000e+00
      0.984      0.003     0.8314     12.793    214.073 193.397627     3.5276     15.530   165.7389 1.6690e+02     4.3801      0.957      1.387    20.1006   998.2682 0.0000e+00
      0.997      0.010     0.8258     12.698    214.012 193.404173     3.5536     15.530   165.3782 1.6400e+02     4.3654      0.975      1.414    20.1175   998.2647 0.0000e+00
      1.017      0.019     0.8210     12.601    213.933 193.392444     3.5636     15.531   165.0294 1.6208e+02     4.3453      1.001      1.452    20.1345   998.2613 0.0000e+00
      1.028      0.026     0.8162     12.523    213.860 193.383811     3.5540     15.531   164.9631 1.6231e+02     4.3091      1.014      1.471    20.1513   998.2578 0.0000e+00
      1.027      0.030     0.8113     12.443    213.777 193.363826     3.4855     15.530   165.0066 1.6378e+02     4.2714      1.008      1.462    20.1664   998.2546 0.0000e+00
      1.024      0.030     0.8048     12.338    213.696 193.342724     3.3827     15.529   164.9525 1.6419e+02     4.2333      0.998      1.448    20.1805   998.2516 0.0000e+00
      1.029      0.030     0.7972     12.220    213.619 193.320594     3.3412     15.529   164.8256 1.6295e+02     4.2252      1.005      1.458    20.1948   998.2487 0.0000e+00
      1.043      0.034     0.7932     12.127    213.535 193.288179     3.3368     15.528   164.8481 1.6085e+02     4.2424      1.022      1.483    20.2083   998.2459 0.0000e+00
