Data/DataNotYetUploadedToEDI/Raw_CTD/RawDownloads/092320_ccr30.cnv
* Sea-Bird SBE19plus  Data File:
* FileName = C:\DATA\092320_ccr50_0002.hex
* Software version 2.8.0.119
* Temperature SN = 7809
* Conductivity SN = 7809
* System UpLoad Time = Sep 23 2020 19:43:20
* <ApplicationData>
* <Seaterm232>
# nquan = 16
# nvalues = 2762                        
# units = specified
# name 0 = depFM: Depth [fresh water, m]
# name 1 = dz/dtM: Descent Rate [m/s]
# name 2 = sbeox0ML/L: Oxygen, SBE 43 [ml/l]
# name 3 = sbeox0PS: Oxygen, SBE 43 [% saturation]
# name 4 = specc: Specific Conductance [uS/cm]
# name 5 = c0uS/cm: Conductivity [uS/cm]
# name 6 = flECO-AFL: Fluorescence, WET Labs ECO-AFL/FL [mg/m^3]
# name 7 = ph: pH
# name 8 = orp: Oxidation Reduction Potential [mV]
# name 9 = par/sat/log: PAR/Logarithmic, Satlantic
# name 10 = turbWETntu0: Turbidity, WET Labs ECO [NTU]
# name 11 = prdM: Pressure, Strain Gauge [db]
# name 12 = prdE: Pressure, Strain Gauge [psi]
# name 13 = tv290C: Temperature [ITS-90, deg C]
# name 14 = density00: Density [density, kg/m^3]
# name 15 = flag:  0.000e+00
# span 0 =     -0.480,     13.930       
# span 1 =     -0.297,      0.187       
# span 2 =     0.0315,     6.3640       
# span 3 =      0.448,    103.086       
# span 4 =      2.992,    218.245       
# span 5 =   2.951440, 158.734537       
# span 6 =    -1.5165,     4.2317       
# span 7 =     15.065,     15.613       
# span 8 = -1240.7439,   249.3517       
# span 9 = 1.2345e-01, 1.1531e+03       
# span 10 =    -0.4192,    65.7080      
# span 11 =     -0.471,     13.661      
# span 12 =     -0.684,     19.813      
# span 13 =    10.8313,    24.3690      
# span 14 =   997.2132,   999.7624      
# span 15 = 0.0000e+00, 0.0000e+00      
# interval = seconds: 0.25
# start_time = Sep 23 2020 01:58:43 [Instrument's time stamp, header]
# bad_flag = -9.990e-29
*END*
[from data line 1356]
      9.708      0.031     2.6132     34.011     77.863  56.542550    -0.0049     15.386   232.7798 1.0059e+00     3.4625      9.520     13.808    11.2997   999.6510 0.0000e+00
      9.714      0.032     2.6174     33.882     77.887  56.557452    -0.0068     15.386   232.8363 9.9473e-01     3.4470      9.525     13.815    11.3046   999.6505 0.0000e+00
      9.722      0.034     2.6154     33.748     77.932  56.581812    -0.0136     15.386   232.8729 9.6905e-01     3.4548      9.533     13.827    11.3065   999.6503 0.0000e+00
      9.732      0.036     2.6140     33.642     77.944  56.582978    -0.0109     15.387   232.9639 9.5976e-01     3.4543      9.542     13.841    11.3064   999.6504 0.0000e+00
      9.743      0.038     2.6060     33.546     77.930  56.571545    -0.0029     15.389   233.0763 9.7154e-01     3.4407      9.554     13.859    11.3069   999.6504 0.0000e+00
      9.754      0.040     2.5959     33.441     77.926  56.570620    -0.0021     15.390   233.1131 9.7475e-01     3.5988      9.566     13.875    11.3064   999.6506 0.0000e+00
      9.763      0.041     2.5843     33.365     77.930  56.571794    -0.0109     15.390   233.0636 9.6198e-01     3.8555      9.576     13.887    11.2997   999.6513 0.0000e+00
      9.773      0.042     2.5771     33.293     77.957  56.585742    -0.0236     15.390   232.9950 9.4775e-01     3.9703      9.583     13.900    11.2924   999.6520 0.0000e+00
      9.784      0.045     2.5723     33.208     78.001  56.612203    -0.0409     15.391   232.9719 9.3837e-01     3.9566      9.594     13.915    11.2929   999.6521 0.0000e+00
      9.795      0.047     2.5597     33.160     78.046  56.637622    -0.0395     15.392   233.0423 9.2976e-01     3.8955      9.606     13.932    11.2964   999.6518 0.0000e+00
      9.807      0.048     2.5567     33.136     78.059  56.638979    -0.0067     15.393   233.1586 9.2378e-01     3.8155      9.615     13.946    11.2947   999.6520 0.0000e+00
      9.822      0.048     2.5528     33.101     78.051  56.628594     0.0133     15.394   233.1731 9.1679e-01     3.7790      9.632     13.969    11.2895   999.6527 0.0000e+00
      9.837      0.046     2.5425     33.050     78.066  56.639113     0.0109     15.395   233.1311 9.0443e-01     3.7628      9.648     13.994    11.2871   999.6530 0.0000e+00
      9.848      0.043     2.5410     33.011     78.062  56.639113     0.0115     15.395   233.1676 8.9678e-01     3.7230      9.658     14.008    11.2826   999.6535 0.0000e+00
      9.857      0.038     2.5405     32.992     78.042  56.628595     0.0118     15.395   233.1840 8.8473e-01     3.7094      9.667     14.020    11.2762   999.6543 0.0000e+00
      9.866      0.033     2.5384     32.962     78.053  56.639000     0.0141     15.395   233.1579 8.7179e-01     3.7359      9.676     14.035    11.2729   999.6546 0.0000e+00
      9.874      0.028     2.5333     32.924     78.052  56.637863     0.0203     15.396   233.1961 8.6172e-01     3.7683      9.683     14.045    11.2728   999.6547 0.0000e+00
      9.880      0.025     2.5290     32.894     78.022  56.614850     0.0104     15.398   233.2161 8.3752e-01     3.8263      9.688     14.052    11.2757   999.6544 0.0000e+00
      9.885      0.023     2.5300     32.874     78.023  56.614850    -0.0197     15.399   233.2268 8.1411e-01     3.8882      9.694     14.060    11.2784   999.6541 0.0000e+00
      9.890      0.022     2.5265     32.883     78.054  56.637855    -0.0485     15.399   233.3254 8.0906e-01     3.8989      9.699     14.066    11.2799   999.6540 0.0000e+00
      9.895      0.022     2.5230     32.925     78.054  56.638896    -0.0611     15.399   233.3763 8.1617e-01     3.9219      9.703     14.073    11.2800   999.6540 0.0000e+00
      9.901      0.023     2.5214     32.965     78.037  56.627440    -0.0581     15.399   233.3257 8.1414e-01     3.9595      9.709     14.082    11.2787   999.6542 0.0000e+00
      9.906      0.024     2.5191     32.981     78.035  56.626400    -0.0492     15.400   233.3159 7.9797e-01     3.8733      9.715     14.090    11.2778   999.6543 0.0000e+00
      9.912      0.025     2.5192     32.976     78.037  56.626315    -0.0493     15.401   233.3440 7.8077e-01     3.7030      9.721     14.098    11.2783   999.6543 0.0000e+00
      9.920      0.025     2.5241     32.964     78.041  56.626422    -0.0590     15.401   233.4075 7.7118e-01     3.6519      9.729     14.110    11.2794   999.6542 0.0000e+00
      9.927      0.026     2.5274     32.963     78.047  56.627681    -0.0622     15.401   233.4810 7.7043e-01     3.7368      9.736     14.120    11.2801   999.6541 0.0000e+00
      9.933      0.027     2.5285     32.954     78.070  56.641533    -0.0496     15.402   233.4582 7.6866e-01     3.9737      9.740     14.128    11.2800   999.6542 0.0000e+00
      9.939      0.029     2.5280     32.929     78.114  56.666854    -0.0409     15.403   233.4761 7.5494e-01     4.3191      9.746     14.136    11.2795   999.6543 0.0000e+00
      9.945      0.031     2.5260     32.910     78.149  56.679728    -0.0515     15.404   233.6108 7.3764e-01     4.4798      9.753     14.145    11.2771   999.6546 0.0000e+00
      9.954      0.032     2.5272     32.924     78.154  56.670124    -0.0633     15.405   233.6252 7.3796e-01     4.4397      9.761     14.156    11.2743   999.6549 0.0000e+00
      9.965      0.032     2.5269     32.970     78.175  56.677773    -0.0593     15.406   233.5637 7.4855e-01     4.3495      9.771     14.172    11.2742   999.6549 0.0000e+00
      9.975      0.032     2.5245     33.072     78.218  56.708673    -0.0514     15.406   233.6417 7.5299e-01     4.2811      9.783     14.189    11.2708   999.6554 0.0000e+00
      9.983      0.032     2.5221     33.240     78.233  56.726107    -0.0434     15.406   233.7943 7.4715e-01     4.2992      9.790     14.199    11.2611   999.6565 0.0000e+00
      9.988      0.033     2.5251     33.460     78.274  56.761525    -0.0304     15.406   233.9456 7.3030e-01     4.2942      9.795     14.207    11.2513   999.6575 0.0000e+00
      9.994      0.036     2.5273     33.731     78.360  56.819276    -0.0271     15.407   234.0944 7.2163e-01     4.3925      9.801     14.215    11.2456   999.6581 0.0000e+00
     10.001      0.039     2.5347     34.047     78.427  56.852638    -0.0419     15.409   234.1304 7.2037e-01     4.6982      9.806     14.222    11.2457   999.6582 0.0000e+00
     10.013      0.044     2.5485     34.363     78.443  56.847248    -0.0567     15.410   233.9514 7.0745e-01     4.9002      9.817     14.239    11.2519   999.6576 0.0000e+00
     10.028      0.047     2.5644     34.651     78.417  56.817620    -0.0531     15.411   233.8222 6.9678e-01     4.9468      9.834     14.263    11.2583   999.6570 0.0000e+00
     10.043      0.049     2.5854     34.954     78.412  56.812029    -0.0465     15.411   233.9455 6.9540e-01     4.9528      9.849     14.284    11.2556   999.6574 0.0000e+00
     10.057      0.050     2.6116     35.317     78.455  56.843159    -0.0440     15.411   234.1513 6.8493e-01     4.9380      9.863     14.305    11.2434   999.6588 0.0000e+00
     10.068      0.051     2.6388     35.767     78.505  56.876388    -0.0412     15.411   234.2458 6.6758e-01     4.9404      9.874     14.321    11.2299   999.6602 0.0000e+00
     10.078      0.053     2.6586     36.282     78.545  56.896166    -0.0511     15.411   234.1413 6.5831e-01     4.9470      9.883     14.334    11.2225   999.6609 0.0000e+00
     10.089      0.053     2.6813     36.783     78.553  56.891709    -0.0680     15.412   234.0070 6.4733e-01     4.9485      9.893     14.349    11.2232   999.6610 0.0000e+00
     10.104      0.052     2.7077     37.226     78.557  56.886013    -0.0839     15.413   233.9977 6.3463e-01     4.9594      9.908     14.370    11.2253   999.6609 0.0000e+00
     10.122      0.049     2.7425     37.608     78.568  56.890806    -0.0908     15.414   234.0292 6.3135e-01     4.9749      9.927     14.399    11.2231   999.6612 0.0000e+00
     10.139      0.044     2.7860     37.929     78.562  56.886129    -0.0936     15.415   234.0438 6.2864e-01     4.9653      9.945     14.424    11.2169   999.6619 0.0000e+00
     10.150      0.038     2.8258     38.204     78.570  56.892994    -0.1079     15.415   234.0028 6.2794e-01     4.9456      9.955     14.439    11.2085   999.6629 0.0000e+00
     10.155      0.031     2.8599     38.459     78.592  56.910280    -0.1209     15.415   234.0490 6.2762e-01     4.9436      9.959     14.444    11.2028   999.6636 0.0000e+00
     10.158      0.026     2.8894     38.676     78.583  56.904561    -0.1177     15.416   234.2582 6.2043e-01     4.9409      9.962     14.448    11.2014   999.6637 0.0000e+00
     10.163      0.024     2.9142     38.845     78.559  56.887378    -0.1073     15.417   234.3817 6.1638e-01     4.9467      9.966     14.455    11.2018   999.6636 0.0000e+00
     10.168      0.026     2.9332     38.999     78.569  56.893096    -0.1088     15.417   234.4238 6.1523e-01     4.9455      9.971     14.461    11.2021   999.6636 0.0000e+00
     10.175      0.031     2.9539     39.095     78.598  56.910165    -0.1170     15.418   234.5085 6.1013e-01     4.9601      9.978     14.472    11.2032   999.6635 0.0000e+00
     10.185      0.037     2.9722     39.109     78.597  56.903165    -0.1209     15.419   234.5464 6.0303e-01     5.0546      9.987     14.485    11.2045   999.6634 0.0000e+00
     10.195      0.042     2.9813     39.079     78.564  56.871980    -0.1176     15.420   234.5372 6.0113e-01     5.1608      9.998     14.499    11.2044   999.6635 0.0000e+00
     10.206      0.046     2.9965     39.014     78.543  56.850735    -0.1065     15.421   234.5694 5.9993e-01     5.2144     10.009     14.516    11.2035   999.6637 0.0000e+00
     10.219      0.049     3.0051     38.919     78.530  56.836864    -0.0912     15.422   234.5911 5.9074e-01     5.1883     10.022     14.536    11.2014   999.6640 0.0000e+00
     10.233      0.049     3.0036     38.834     78.528  56.831324    -0.0659     15.423   234.6279 5.8043e-01     5.1196     10.036     14.555    11.1969   999.6645 0.0000e+00
     10.246      0.048     3.0027     38.768     78.554  56.847265    -0.0484     15.423   234.7561 5.6889e-01     5.1050     10.048     14.574    11.1914   999.6651 0.0000e+00
     10.260      0.046     2.9981     38.726     78.545  56.839019    -0.0520     15.423   234.8507 5.5335e-01     5.1483     10.062     14.594    11.1877   999.6655 0.0000e+00
     10.271      0.043     2.9884     38.719     78.485  56.795151    -0.0615     15.424   234.8247 5.3911e-01     5.1286     10.074     14.611    11.1859   999.6658 0.0000e+00
     10.281      0.041     2.9829     38.716     78.441  56.761542    -0.0770     15.425   234.8726 5.3082e-01     5.0046     10.083     14.625    11.1830   999.6661 0.0000e+00
     10.290      0.040     2.9781     38.687     78.433  56.750286    -0.0967     15.427   234.9997 5.2731e-01     4.9196     10.091     14.636    11.1801   999.6664 0.0000e+00
     10.298      0.040     2.9735     38.622     78.404  56.722567    -0.1082     15.427   234.9849 5.2380e-01     4.8896     10.098     14.646    11.1792   999.6666 0.0000e+00
     10.308      0.040     2.9748     38.515     78.354  56.680490    -0.1112     15.428   234.9510 5.2020e-01     4.8824     10.108     14.661    11.1795   999.6666 0.0000e+00
     10.320      0.039     2.9750     38.387     78.366  56.686205    -0.1042     15.429   235.0200 5.1268e-01     4.9356     10.121     14.679    11.1794   999.6666 0.0000e+00
     10.332      0.038     2.9735     38.268     78.424  56.728145    -0.0904     15.429   235.0449 5.0543e-01     4.9839     10.134     14.697    11.1758   999.6671 0.0000e+00
     10.343      0.035     2.9688     38.130     78.442  56.742906    -0.0971     15.430   234.9939 5.0265e-01     4.9504     10.144     14.713    11.1706   999.6677 0.0000e+00
     10.351      0.032     2.9612     37.962     78.434  56.737631    -0.1194     15.432   235.0062 4.9210e-01     4.9087     10.151     14.723    11.1662   999.6681 0.0000e+00
     10.357      0.029     2.9486     37.802     78.419  56.727882    -0.1405     15.432   235.1067 4.7386e-01     4.9259     10.157     14.731    11.1639   999.6684 0.0000e+00
     10.363      0.028     2.9421     37.675     78.364  56.688565    -0.1605     15.433   235.2633 4.5932e-01     4.9529     10.162     14.740    11.1648   999.6684 0.0000e+00
     10.369      0.028     2.9315     37.579     78.303  56.643401    -0.1711     15.433   235.4366 4.5624e-01     4.9603     10.168     14.748    11.1662   999.6682 0.0000e+00
     10.375      0.029     2.9167     37.509     78.286  56.626487    -0.1831     15.434   235.5679 4.6394e-01     4.9465     10.175     14.757    11.1664   999.6682 0.0000e+00
     10.383      0.032     2.9043     37.462     78.273  56.611111    -0.1902     15.435   235.6454 4.6889e-01     4.9928     10.183     14.768    11.1667   999.6682 0.0000e+00
     10.392      0.036     2.8941     37.418     78.244  56.584532    -0.1907     15.435   235.5998 4.5525e-01     5.0731     10.192     14.782    11.1676   999.6682 0.0000e+00
     10.402      0.040     2.8876     37.376     78.218  56.559216    -0.1892     15.435   235.5334 4.2611e-01     5.0935     10.200     14.794    11.1675   999.6682 0.0000e+00
     10.412      0.043     2.8812     37.313     78.226  56.559110    -0.1813     15.436   235.6174 4.0244e-01     5.1365     10.210     14.808    11.1644   999.6686 0.0000e+00
     10.424      0.045     2.8800     37.208     78.265  56.583240    -0.1818     15.437   235.6685 3.8909e-01     5.1465     10.221     14.825    11.1602   999.6690 0.0000e+00
     10.437      0.048     2.8755     37.074     78.287  56.596872    -0.1855     15.438   235.6355 3.7211e-01     5.0433     10.236     14.847    11.1563   999.6695 0.0000e+00
     10.450      0.050     2.8739     36.915     78.291  56.596871    -0.1882     15.439   235.6476 3.6976e-01     4.9523     10.248     14.864    11.1518   999.6700 0.0000e+00
     10.461      0.051     2.8703     36.703     78.277  56.583230    -0.1854     15.439   235.6428 3.7496e-01     4.9393     10.258     14.877    11.1475   999.6705 0.0000e+00
     10.475      0.051     2.8613     36.444     78.248  56.558986    -0.1897     15.440   235.6628 3.5079e-01     4.9550     10.272     14.898    11.1453   999.6708 0.0000e+00
     10.489      0.050     2.8510     36.195     78.248  56.557841    -0.2209     15.441   235.7174 3.2808e-01     4.9695     10.287     14.920    11.1445   999.6710 0.0000e+00
     10.503      0.049     2.8399     35.959     78.266  56.569372    -0.2484     15.442   235.7875 3.2780e-01     4.9438     10.299     14.939    11.1427   999.6712 0.0000e+00
     10.516      0.047     2.8246     35.730     78.271  56.571358    -0.2559     15.442   235.9078 3.2593e-01     4.8840     10.313     14.957    11.1401   999.6716 0.0000e+00
     10.528      0.044     2.8010     35.524     78.286  56.581857    -0.2440     15.443   235.9677 3.0822e-01     4.7956     10.325     14.975    11.1383   999.6718 0.0000e+00
     10.538      0.041     2.7833     35.354     78.270  56.569266    -0.2095     15.445   235.8238 2.8522e-01     4.6997     10.334     14.988    11.1375   999.6719 0.0000e+00
     10.547      0.039     2.7654     35.241     78.239  56.546167    -0.1821     15.446   235.6304 2.7490e-01     4.6857     10.343     15.001    11.1366   999.6721 0.0000e+00
     10.556      0.037     2.7468     35.157     78.254  56.556658    -0.1797     15.446   235.6080 2.7761e-01     4.6957     10.352     15.014    11.1355   999.6722 0.0000e+00
     10.566      0.035     2.7315     35.048     78.269  56.569058    -0.1896     15.446   235.6391 2.7561e-01     4.6132     10.362     15.027    11.1349   999.6723 0.0000e+00
     10.576      0.034     2.7167     34.932     78.268  56.569049    -0.1976     15.447   235.6625 2.5868e-01     4.4779     10.372     15.043    11.1349   999.6724 0.0000e+00
