Data/DataNotYetUploadedToEDI/Raw_CTD/RawDownloads/092320_ccr20.cnv
* Sea-Bird SBE19plus  Data File:
* FileName = C:\DATA\092320_ccr50_0004.hex
* Software version 2.8.0.119
* Temperature SN = 7809
* Conductivity SN = 7809
* System UpLoad Time = Sep 23 2020 19:44:27
* <ApplicationData>
* <Seaterm232>
# nquan = 16
# nvalues = 1804                        
# units = specified
# name 0 = depFM: Depth [fresh water, m]
# name 1 = dz/dtM: Descent Rate [m/s]
# name 2 = sbeox0ML/L: Oxygen, SBE 43 [ml/l]
# name 3 = sbeox0PS: Oxygen, SBE 43 [% saturation]
# name 4 = specc: Specific Conductance [uS/cm]
# name 5 = c0uS/cm: Conductivity [uS/cm]
# name 6 = flECO-AFL: Fluorescence, WET Labs ECO-AFL/FL [mg/m^3]
# name 7 = ph: pH
# name 8 = orp: Oxidation Reduction Potential [mV]
# name 9 = par/sat/log: PAR/Logarithmic, Satlantic
# name 10 = turbWETntu0: Turbidity, WET Labs ECO [NTU]
# name 11 = prdM: Pressure, Strain Gauge [db]
# name 12 = prdE: Pressure, Strain Gauge [psi]
# name 13 = tv290C: Temperature [ITS-90, deg C]
# name 14 = density00: Density [density, kg/m^3]
# name 15 = flag:  0.000e+00
# span 0 =     -0.486,      8.447       
# span 1 =     -0.187,      0.195       
# span 2 =     0.0417,     6.0012       
# span 3 =      0.576,     98.065       
# span 4 =      2.536,     82.625       
# span 5 =   2.365027,  61.370536       
# span 6 =    -1.1216,     3.5702       
# span 7 =     15.504,     16.025       
# span 8 =   145.6172,   915.4434       
# span 9 = 1.1807e+00, 5.9877e+02       
# span 10 =    -0.2544,    60.6429      
# span 11 =     -0.478,      8.284      
# span 12 =     -0.693,     12.014      
# span 13 =    11.9844,    22.7460      
# span 14 =   997.6060,   999.5713      
# span 15 = 0.0000e+00, 0.0000e+00      
# interval = seconds: 0.25
# start_time = Sep 23 2020 03:19:50 [Instrument's time stamp, header]
# bad_flag = -9.990e-29
*END*
     -0.486      0.030     5.7797     95.842     24.508  23.391710    -0.9819     16.025   915.4434 4.4152e+02     0.0057     -0.477     -0.692    22.7460   997.6060 0.0000e+00
     -0.485      0.059     5.7802     95.866     38.783  37.007235    -0.9940     15.905   456.6086 4.7838e+02     0.1226     -0.476     -0.690    22.7438   997.6069 0.0000e+00
     -0.478      0.090     5.7792     95.883     48.870  46.620635    -1.0013     15.740   191.6685 5.1434e+02     1.5243     -0.478     -0.693    22.7413   997.6069 0.0000e+00
     -0.449      0.123     5.7794     95.873     52.832  50.384548    -1.0416     15.620   168.3236 5.3482e+02    16.9534     -0.453     -0.658    22.7384   997.6089 0.0000e+00
     -0.398      0.154     5.7824     95.840     52.949  50.458781    -1.0996     15.558   167.9810 5.4503e+02    45.2580     -0.387     -0.562    22.7252   997.6176 0.0000e+00
     -0.345      0.179     5.7855     95.822     52.803  50.248794    -1.1216     15.539   164.7255 5.5008e+02    60.5761     -0.335     -0.485    22.7067   997.6264 0.0000e+00
     -0.298      0.194     5.7885     95.826     52.718  50.068124    -1.0971     15.529   160.8826 5.5312e+02    60.6429     -0.295     -0.428    22.6944   997.6334 0.0000e+00
     -0.248      0.195     5.7892     95.876     52.750  49.988750    -0.7655     15.519   160.8365 5.5131e+02    45.7567     -0.244     -0.354    22.6851   997.6366 0.0000e+00
     -0.193      0.184     5.7885     96.030     52.923  50.050965    -0.1545     15.519   162.7915 5.2943e+02    18.1251     -0.191     -0.276    22.6556   997.6432 0.0000e+00
     -0.141      0.169     5.7959     96.295     53.152  50.185185     0.1769     15.524   167.4850 4.8953e+02     2.9999     -0.135     -0.196    22.5855   997.6600 0.0000e+00
     -0.097      0.149     5.8069     96.638     53.313  50.277927     0.2079     15.529   173.1887 4.6323e+02     1.5839     -0.090     -0.131    22.4852   997.6832 0.0000e+00
     -0.062      0.125     5.8200     97.003     53.356  50.283173     0.1929     15.532   174.5380 4.5731e+02     1.4169     -0.059     -0.085    22.3735   997.7093 0.0000e+00
     -0.035      0.099     5.8411     97.333     53.324  50.248572     0.1669     15.534   173.0448 4.5395e+02     1.3581     -0.031     -0.044    22.2739   997.7323 0.0000e+00
     -0.015      0.077     5.8665     97.603     53.293  50.240573     0.1505     15.534   172.3423 4.5198e+02     1.3187     -0.013     -0.018    22.1968   997.7503 0.0000e+00
     -0.002      0.063     5.8947     97.808     53.277  50.249994     0.1385     15.534   171.9816 4.5625e+02     1.2831      0.000     -0.000    22.1420   997.7629 0.0000e+00
      0.007      0.058     5.9231     97.967     53.250  50.235517     0.1171     15.535   171.9530 4.6112e+02     1.2718      0.009      0.012    22.1048   997.7714 0.0000e+00
      0.015      0.058     5.9436     98.048     53.212  50.192553     0.0825     15.536   172.2544 4.5695e+02     1.3543      0.013      0.018    22.0988   997.7727 0.0000e+00
      0.027      0.059     5.9578     98.063     53.147  50.111523     0.0633     15.536   172.7002 4.4191e+02     1.4555      0.022      0.031    22.1301   997.7657 0.0000e+00
      0.049      0.060     5.9647     98.065     53.078  50.017797     0.0657     15.537   173.7295 4.2996e+02     1.5007      0.046      0.068    22.1605   997.7588 0.0000e+00
      0.074      0.061     5.9749     97.940     53.040  49.948308     0.0639     15.538   175.0629 4.3041e+02     1.4883      0.078      0.114    22.1703   997.7567 0.0000e+00
      0.089      0.061     5.9817     97.509     53.033  49.906309     0.0509     15.539   175.7442 4.2658e+02     1.4084      0.090      0.129    22.1627   997.7585 0.0000e+00
      0.099      0.056     5.9802     96.589     53.053  49.890950     0.0521     15.540   175.6864 4.0464e+02     1.3931      0.095      0.137    22.1415   997.7633 0.0000e+00
      0.112      0.047     5.9887     94.985     53.087  49.889570     0.0595     15.541   174.1059 3.6441e+02     1.4401      0.109      0.159    22.1131   997.7698 0.0000e+00
      0.125      0.039     5.9885     92.733     53.122  49.889572     0.0536     15.541   171.3469 3.3172e+02     1.4618      0.124      0.179    22.0808   997.7773 0.0000e+00
      0.136      0.034     5.9685     90.085     53.155  49.890928     0.0480     15.542   169.7741 3.3110e+02     1.4502      0.134      0.194    22.0457   997.7853 0.0000e+00
      0.143      0.031     5.9237     87.359     53.190  49.905929     0.0400     15.544   169.2861 3.4236e+02     1.4027      0.142      0.205    22.0138   997.7926 0.0000e+00
      0.148      0.026     5.8272     84.942     53.238  49.943917     0.0333     15.544   169.1457 3.4428e+02     1.4031      0.146      0.211    21.9837   997.7995 0.0000e+00
      0.153      0.022     5.6859     83.139     53.268  49.969213     0.0435     15.544   169.5394 3.3938e+02     1.4200      0.148      0.214    21.9501   997.8070 0.0000e+00
      0.158      0.019     5.5218     81.959     53.257  49.957772     0.0583     15.544   169.8306 3.3510e+02     1.4353      0.155      0.225    21.9207   997.8138 0.0000e+00
      0.164      0.017     5.3467     81.212     53.232  49.932581     0.0589     15.544   169.5682 3.2202e+02     1.4513      0.163      0.236    21.9041   997.8175 0.0000e+00
      0.169      0.014     5.1911     80.733     53.219  49.918641     0.0500     15.543   169.6367 3.0027e+02     1.4078      0.166      0.241    21.8992   997.8188 0.0000e+00
      0.173      0.011     5.0810     80.399     53.221  49.916229     0.0468     15.543   170.3152 2.9065e+02     1.3898      0.170      0.247    21.8982   997.8190 0.0000e+00
      0.174      0.008     5.0153     80.130     53.213  49.903405     0.0584     15.544   170.8880 2.9235e+02     1.4387      0.172      0.250    21.8973   997.8191 0.0000e+00
      0.174      0.006     4.9720     79.866     53.204  49.890581     0.0756     15.545   171.8309 2.9135e+02     1.4846      0.171      0.248    21.8963   997.8193 0.0000e+00
      0.174      0.005     4.9456     79.473     53.206  49.888176     0.0733     15.545   172.6817 2.8859e+02     1.4984      0.170      0.246    21.8949   997.8196 0.0000e+00
      0.176      0.004     4.9278     78.891     53.197  49.874322     0.0595     15.545   172.1403 2.8369e+02     1.4681      0.173      0.250    21.8912   997.8205 0.0000e+00
      0.180      0.003     4.9111     78.271     53.180  49.850068     0.0522     15.545   171.6519 2.8146e+02     1.4273      0.176      0.255    21.8854   997.8219 0.0000e+00
      0.181      0.003     4.9001     77.851     53.189  49.848923     0.0521     15.545   173.6603 2.8512e+02     1.4176      0.178      0.258    21.8810   997.8228 0.0000e+00
      0.180      0.002     4.8784     77.790     53.209  49.860460     0.0670     15.546   175.6014 2.8434e+02     1.4534      0.178      0.258    21.8782   997.8234 0.0000e+00
      0.179      0.002     4.8390     78.109     53.217  49.862551     0.0803     15.546   174.6452 2.7823e+02     1.4826      0.176      0.255    21.8726   997.8247 0.0000e+00
      0.179      0.002     4.7958     78.724     53.236  49.874203     0.0791     15.546   173.4555 2.7353e+02     1.3925      0.175      0.254    21.8635   997.8267 0.0000e+00
      0.180      0.002     4.7672     79.500     53.244  49.874328     0.0707     15.546   172.9187 2.7377e+02     1.2575      0.176      0.255    21.8544   997.8287 0.0000e+00
      0.181      0.002     4.7641     80.315     53.244  49.864043     0.0650     15.546   172.4571 2.7491e+02     1.2231      0.177      0.257    21.8474   997.8304 0.0000e+00
      0.183      0.001     4.7858     81.076     53.268  49.876840     0.0778     15.547   172.4337 2.7819e+02     1.2508      0.179      0.260    21.8430   997.8314 0.0000e+00
      0.183      0.000     4.8273     81.676     53.303  49.902040     0.0920     15.547   172.4646 2.8346e+02     1.3184      0.180      0.262    21.8386   997.8325 0.0000e+00
      0.182     -0.001     4.8784     82.053     53.323  49.914724     0.0835     15.548   172.5716 2.8442e+02     1.4223      0.179      0.261    21.8306   997.8341 0.0000e+00
      0.181     -0.002     4.9309     82.238     53.318  49.903178     0.0616     15.548   172.9535 2.8317e+02     1.4423      0.178      0.258    21.8207   997.8364 0.0000e+00
      0.179     -0.002     4.9811     82.288     53.311  49.889438     0.0465     15.548   173.4687 2.8060e+02     1.4234      0.176      0.256    21.8114   997.8385 0.0000e+00
      0.179     -0.001     5.0207     82.256     53.302  49.875584     0.0433     15.548   173.8966 2.7080e+02     1.4341      0.176      0.255    21.8040   997.8402 0.0000e+00
      0.180      0.001     5.0430     82.200     53.293  49.862677     0.0516     15.548   174.2544 2.5757e+02     1.4337      0.176      0.255    21.7982   997.8416 0.0000e+00
      0.181      0.001     5.0534     82.127     53.293  49.860368     0.0606     15.547   174.4399 2.5104e+02     1.4193      0.177      0.256    21.7922   997.8429 0.0000e+00
      0.182      0.001     5.0567     82.037     53.283  49.847668     0.0569     15.546   174.4185 2.5026e+02     1.3970      0.178      0.258    21.7857   997.8443 0.0000e+00
      0.182      0.001     5.0528     81.976     53.273  49.836113     0.0549     15.546   174.4256 2.5194e+02     1.4393      0.179      0.259    21.7800   997.8455 0.0000e+00
      0.182      0.001     5.0503     81.934     53.288  49.847667     0.0658     15.547   174.6983 2.5486e+02     1.5178      0.179      0.259    21.7762   997.8464 0.0000e+00
      0.182      0.001     5.0468     81.843     53.305  49.860357     0.0735     15.547   175.2207 2.5691e+02     1.5225      0.178      0.258    21.7736   997.8470 0.0000e+00
      0.182      0.001     5.0393     81.687     53.310  49.862534     0.0722     15.547   175.7508 2.5771e+02     1.4616      0.178      0.258    21.7709   997.8476 0.0000e+00
      0.182      0.000     5.0360     81.483     53.324  49.873985     0.0682     15.547   176.0317 2.5706e+02     1.4001      0.179      0.259    21.7690   997.8480 0.0000e+00
      0.183      0.000     5.0363     81.222     53.324  49.871810     0.0633     15.547   175.9502 2.5471e+02     1.3965      0.179      0.260    21.7666   997.8486 0.0000e+00
      0.183     -0.001     5.0312     80.919     53.288  49.836228     0.0706     15.547   175.7976 2.5213e+02     1.4530      0.181      0.262    21.7636   997.8493 0.0000e+00
      0.183     -0.001     5.0202     80.576     53.278  49.824777     0.0800     15.548   175.8213 2.5108e+02     1.4991      0.180      0.261    21.7615   997.8497 0.0000e+00
      0.182     -0.001     5.0095     80.196     53.318  49.860360     0.0720     15.548   175.8929 2.5013e+02     1.4736      0.178      0.258    21.7597   997.8502 0.0000e+00
      0.180      0.000     4.9923     79.802     53.345  49.885437     0.0510     15.548   175.9743 2.4873e+02     1.3838      0.177      0.256    21.7576   997.8506 0.0000e+00
      0.180      0.001     4.9739     79.382     53.333  49.873975     0.0357     15.548   176.1183 2.4801e+02     1.3403      0.176      0.255    21.7553   997.8511 0.0000e+00
      0.181      0.002     4.9541     78.991     53.306  49.848777     0.0399     15.548   176.3429 2.4762e+02     1.3943      0.177      0.256    21.7534   997.8515 0.0000e+00
      0.182      0.002     4.9285     78.724     53.291  49.834786     0.0541     15.549   176.5394 2.4701e+02     1.4540      0.179      0.258    21.7521   997.8518 0.0000e+00
      0.184      0.001     4.9063     78.600     53.288  49.831811     0.0450     15.549   176.6009 2.4642e+02     1.4092      0.180      0.261    21.7516   997.8520 0.0000e+00
      0.184     -0.000     4.8792     78.617     53.268  49.812803     0.0055     15.549   176.6561 2.4623e+02     1.2645      0.182      0.263    21.7519   997.8520 0.0000e+00
      0.184     -0.002     4.8513     78.717     53.250  49.795474    -0.0131     15.549   176.6898 2.4688e+02     1.1466      0.182      0.263    21.7521   997.8519 0.0000e+00
      0.183     -0.002     4.8364     78.824     53.270  49.812792    -0.0082     15.549   176.7509 2.4884e+02     1.1508      0.179      0.260    21.7520   997.8519 0.0000e+00
      0.181     -0.002     4.8273     78.904     53.291  49.831686     0.0071     15.548   177.0504 2.4964e+02     1.2813      0.177      0.256    21.7516   997.8520 0.0000e+00
      0.179     -0.001     4.8305     78.919     53.294  49.833412     0.0382     15.548   177.4720 2.4980e+02     1.3854      0.175      0.254    21.7507   997.8522 0.0000e+00
      0.179      0.001     4.8390     78.764     53.295  49.833658     0.0532     15.548   177.8052 2.5433e+02     1.3789      0.175      0.254    21.7502   997.8522 0.0000e+00
      0.180      0.002     4.8454     78.366     53.296  49.834660     0.0460     15.548   177.9808 2.6084e+02     1.3751      0.178      0.256    21.7498   997.8523 0.0000e+00
      0.182      0.002     4.8513     77.896     53.306  49.845530     0.0374     15.548   178.0463 2.6368e+02     1.4085      0.180      0.259    21.7489   997.8526 0.0000e+00
      0.184      0.002     4.8539     77.517     53.297  49.838078     0.0438     15.549   178.0810 2.6092e+02     1.4395      0.181      0.262    21.7478   997.8528 0.0000e+00
      0.185      0.001     4.8497     77.219     53.264  49.808068     0.0567     15.549   178.1420 2.5337e+02     1.4400      0.182      0.264    21.7472   997.8530 0.0000e+00
      0.184     -0.001     4.8182     77.019     53.255  49.800197     0.0602     15.548   178.3549 2.4747e+02     1.4145      0.181      0.263    21.7476   997.8529 0.0000e+00
      0.183     -0.001     4.7841     76.921     53.261  49.806409     0.0578     15.548   178.6754 2.4662e+02     1.4060      0.179      0.259    21.7488   997.8526 0.0000e+00
      0.181     -0.001     4.7644     76.855     53.275  49.819674     0.0558     15.548   178.9197 2.4742e+02     1.4408      0.178      0.258    21.7502   997.8522 0.0000e+00
      0.181     -0.001     4.7438     76.760     53.289  49.833571     0.0644     15.548   179.1578 2.5043e+02     1.4918      0.178      0.258    21.7512   997.8520 0.0000e+00
      0.182     -0.001     4.7312     76.551     53.302  49.847439     0.0754     15.548   179.4033 2.5811e+02     1.5073      0.178      0.259    21.7516   997.8520 0.0000e+00
      0.182      0.000     4.7276     76.107     53.314  49.860350     0.0841     15.548   179.4787 2.6729e+02     1.4562      0.179      0.260    21.7519   997.8519 0.0000e+00
      0.182      0.001     4.7246     75.462     53.315  49.862678     0.0838     15.548   179.4673 2.7304e+02     1.3895      0.179      0.259    21.7522   997.8518 0.0000e+00
      0.182      0.002     4.7192     74.738     53.328  49.875589     0.0718     15.548   179.6097 2.7228e+02     1.4223      0.179      0.259    21.7528   997.8517 0.0000e+00
      0.182      0.002     4.7116     73.980     53.342  49.889454     0.0733     15.547   179.9102 2.6671e+02     1.5089      0.178      0.258    21.7542   997.8513 0.0000e+00
      0.183      0.002     4.6826     73.232     53.355  49.903309     0.0824     15.547   180.1754 2.6115e+02     1.5441      0.179      0.260    21.7555   997.8511 0.0000e+00
      0.184      0.001     4.6382     72.543     53.365  49.916114     0.0671     15.547   180.1490 2.5909e+02     1.5045      0.181      0.262    21.7566   997.8509 0.0000e+00
      0.185      0.001     4.5947     71.937     53.361  49.917288     0.0410     15.547   179.9347 2.6010e+02     1.4412      0.183      0.264    21.7577   997.8506 0.0000e+00
      0.185      0.002     4.5461     71.423     53.357  49.917499     0.0439     15.547   180.1657 2.6161e+02     1.4657      0.183      0.265    21.7586   997.8504 0.0000e+00
      0.184      0.003     4.4990     70.998     53.357  49.918676     0.0552     15.547   180.7915 2.6466e+02     1.5261      0.181      0.262    21.7604   997.8501 0.0000e+00
