Data/DataNotYetUploadedToEDI/Raw_CTD/RawDownloads/092320_ccr20.cnv
* Sea-Bird SBE19plus  Data File:
* FileName = C:\DATA\092320_ccr50_0004.hex
* Software version 2.8.0.119
* Temperature SN = 7809
* Conductivity SN = 7809
* System UpLoad Time = Sep 23 2020 19:44:27
* <ApplicationData>
* <Seaterm232>
# nquan = 16
# nvalues = 1804                        
# units = specified
# name 0 = depFM: Depth [fresh water, m]
# name 1 = dz/dtM: Descent Rate [m/s]
# name 2 = sbeox0ML/L: Oxygen, SBE 43 [ml/l]
# name 3 = sbeox0PS: Oxygen, SBE 43 [% saturation]
# name 4 = specc: Specific Conductance [uS/cm]
# name 5 = c0uS/cm: Conductivity [uS/cm]
# name 6 = flECO-AFL: Fluorescence, WET Labs ECO-AFL/FL [mg/m^3]
# name 7 = ph: pH
# name 8 = orp: Oxidation Reduction Potential [mV]
# name 9 = par/sat/log: PAR/Logarithmic, Satlantic
# name 10 = turbWETntu0: Turbidity, WET Labs ECO [NTU]
# name 11 = prdM: Pressure, Strain Gauge [db]
# name 12 = prdE: Pressure, Strain Gauge [psi]
# name 13 = tv290C: Temperature [ITS-90, deg C]
# name 14 = density00: Density [density, kg/m^3]
# name 15 = flag:  0.000e+00
# span 0 =     -0.486,      8.447       
# span 1 =     -0.187,      0.195       
# span 2 =     0.0417,     6.0012       
# span 3 =      0.576,     98.065       
# span 4 =      2.536,     82.625       
# span 5 =   2.365027,  61.370536       
# span 6 =    -1.1216,     3.5702       
# span 7 =     15.504,     16.025       
# span 8 =   145.6172,   915.4434       
# span 9 = 1.1807e+00, 5.9877e+02       
# span 10 =    -0.2544,    60.6429      
# span 11 =     -0.478,      8.284      
# span 12 =     -0.693,     12.014      
# span 13 =    11.9844,    22.7460      
# span 14 =   997.6060,   999.5713      
# span 15 = 0.0000e+00, 0.0000e+00      
# interval = seconds: 0.25
# start_time = Sep 23 2020 03:19:50 [Instrument's time stamp, header]
# bad_flag = -9.990e-29
*END*
[from data line 543]
      3.943      0.030     5.3648     85.774     54.088  49.453414     1.3963     15.576   216.4827 3.5632e+01     2.0391      3.867      5.609    20.7112   998.0970 0.0000e+00
      3.952      0.032     5.3670     85.830     54.104  49.467613     1.4116     15.576   216.4904 3.5462e+01     2.0192      3.877      5.623    20.7114   998.0969 0.0000e+00
      3.961      0.032     5.3700     85.865     54.091  49.455267     1.4219     15.577   216.2963 3.5311e+01     1.9862      3.884      5.634    20.7113   998.0969 0.0000e+00
      3.971      0.031     5.3741     85.823     54.065  49.431141     1.4359     15.577   216.1148 3.5142e+01     1.9840      3.894      5.648    20.7110   998.0971 0.0000e+00
      3.980      0.029     5.3824     85.756     54.064  49.429904     1.4656     15.577   216.1020 3.5004e+01     1.9922      3.905      5.663    20.7110   998.0971 0.0000e+00
      3.985      0.028     5.3816     85.706     54.075  49.440304     1.4758     15.577   216.2275 3.4915e+01     1.9826      3.909      5.670    20.7106   998.0973 0.0000e+00
      3.990      0.028     5.3904     85.657     54.065  49.429893     1.4738     15.577   216.3417 3.4783e+01     1.9706      3.912      5.674    20.7100   998.0974 0.0000e+00
      3.996      0.028     5.3826     85.602     54.067  49.431028     1.4510     15.576   216.3646 3.4599e+01     1.9511      3.918      5.683    20.7100   998.0974 0.0000e+00
      4.004      0.028     5.3786     85.520     54.092  49.454023     1.4108     15.575   216.3326 3.4400e+01     1.9177      3.927      5.696    20.7097   998.0975 0.0000e+00
      4.014      0.027     5.3765     85.424     54.092  49.453919     1.4072     15.575   216.2126 3.4200e+01     1.9097      3.937      5.710    20.7093   998.0977 0.0000e+00
      4.023      0.027     5.3724     85.350     54.065  49.429768     1.4252     15.576   216.0333 3.4037e+01     1.9573      3.945      5.722    20.7088   998.0978 0.0000e+00
      4.029      0.027     5.3711     85.358     54.050  49.416026     1.4285     15.576   215.9705 3.3929e+01     1.9781      3.952      5.732    20.7082   998.0979 0.0000e+00
      4.033      0.027     5.3641     85.399     54.049  49.414764     1.4191     15.576   216.1415 3.3856e+01     1.9212      3.956      5.737    20.7078   998.0981 0.0000e+00
      4.037      0.028     5.3591     85.396     54.049  49.414505     1.4063     15.576   216.4666 3.3746e+01     1.8871      3.957      5.740    20.7079   998.0981 0.0000e+00
      4.045      0.030     5.3507     85.408     54.049  49.412891     1.3974     15.576   216.6324 3.3565e+01     1.9095      3.965      5.751    20.7076   998.0981 0.0000e+00
      4.055      0.031     5.3534     85.490     54.030  49.395246     1.4069     15.576   216.5106 3.3339e+01     1.9514      3.976      5.766    20.7076   998.0982 0.0000e+00
      4.065      0.031     5.3592     85.558     54.027  49.391668     1.4173     15.576   216.3704 3.3111e+01     1.9809      3.987      5.783    20.7076   998.0982 0.0000e+00
      4.075      0.030     5.3565     85.553     54.073  49.433128     1.4081     15.577   216.4000 3.2950e+01     1.9922      3.997      5.798    20.7069   998.0984 0.0000e+00
      4.081      0.029     5.3547     85.535     54.094  49.452031     1.4104     15.577   216.5249 3.2853e+01     1.9855      4.004      5.806    20.7061   998.0986 0.0000e+00
      4.086      0.028     5.3634     85.554     54.069  49.429722     1.4162     15.577   216.5896 3.2754e+01     1.9681      4.007      5.813    20.7054   998.0988 0.0000e+00
      4.091      0.027     5.3703     85.641     54.055  49.417397     1.4114     15.577   216.6660 3.2639e+01     1.9888      4.012      5.818    20.7052   998.0988 0.0000e+00
      4.098      0.027     5.3660     85.738     54.069  49.430006     1.4089     15.577   216.8457 3.2487e+01     2.0293      4.018      5.827    20.7049   998.0990 0.0000e+00
      4.107      0.027     5.3659     85.753     54.096  49.455179     1.4054     15.577   216.8698 3.2317e+01     2.0108      4.027      5.841    20.7046   998.0991 0.0000e+00
      4.116      0.027     5.3641     85.671     54.110  49.467750     1.4075     15.577   216.7854 3.2191e+01     1.9377      4.037      5.855    20.7050   998.0990 0.0000e+00
      4.124      0.027     5.3722     85.573     54.097  49.455008     1.4160     15.577   216.7722 3.2096e+01     1.9006      4.044      5.865    20.7052   998.0990 0.0000e+00
      4.129      0.027     5.3809     85.523     54.068  49.428108     1.4214     15.577   216.8827 3.2002e+01     1.9055      4.049      5.873    20.7051   998.0990 0.0000e+00
      4.134      0.027     5.3820     85.460     54.034  49.396515     1.4155     15.577   217.1745 3.1892e+01     1.8932      4.054      5.879    20.7050   998.0991 0.0000e+00
      4.139      0.027     5.3750     85.360     54.029  49.390520     1.4125     15.577   217.2890 3.1744e+01     1.8901      4.057      5.885    20.7052   998.0991 0.0000e+00
      4.147      0.026     5.3650     85.256     54.061  49.419124     1.4221     15.577   217.1482 3.1554e+01     1.9024      4.066      5.897    20.7051   998.0991 0.0000e+00
      4.157      0.026     5.3666     85.193     54.068  49.424857     1.4269     15.577   217.1068 3.1372e+01     1.9379      4.078      5.914    20.7046   998.0993 0.0000e+00
      4.164      0.026     5.3620     85.205     54.037  49.396335     1.4229     15.577   217.2187 3.1261e+01     2.0111      4.086      5.926    20.7038   998.0995 0.0000e+00
      4.169      0.027     5.3552     85.249     54.032  49.391768     1.4121     15.577   217.3822 3.1202e+01     2.0319      4.089      5.931    20.7023   998.0999 0.0000e+00
      4.172      0.028     5.3479     85.262     54.077  49.433148     1.4006     15.576   217.5360 3.1121e+01     1.9835      4.090      5.932    20.7014   998.1001 0.0000e+00
      4.178      0.031     5.3423     85.272     54.099  49.452147     1.3900     15.576   217.6158 3.0970e+01     1.9408      4.095      5.940    20.7015   998.1000 0.0000e+00
      4.188      0.033     5.3446     85.325     54.077  49.430982     1.3883     15.576   217.6578 3.0760e+01     1.9627      4.106      5.955    20.7014   998.1001 0.0000e+00
      4.199      0.033     5.3496     85.404     54.078  49.431243     1.4090     15.576   217.6146 3.0564e+01     2.0072      4.118      5.973    20.7016   998.1001 0.0000e+00
      4.211      0.032     5.3493     85.487     54.104  49.455303     1.4300     15.576   217.5240 3.0403e+01     1.9984      4.131      5.991    20.7015   998.1002 0.0000e+00
      4.220      0.029     5.3478     85.550     54.118  49.467890     1.4230     15.577   217.5943 3.0287e+01     1.9597      4.141      6.005    20.7000   998.1006 0.0000e+00
      4.224      0.027     5.3534     85.600     54.106  49.456430     1.4008     15.577   217.6893 3.0253e+01     1.9508      4.144      6.010    20.6985   998.1009 0.0000e+00
      4.227      0.026     5.3577     85.641     54.092  49.443740     1.4003     15.576   217.6410 3.0200e+01     1.9943      4.144      6.011    20.6982   998.1009 0.0000e+00
      4.232      0.026     5.3641     85.607     54.090  49.441451     1.4167     15.576   217.6117 3.0052e+01     2.0039      4.148      6.017    20.6983   998.1010 0.0000e+00
      4.240      0.027     5.3682     85.505     54.077  49.428752     1.4274     15.576   217.6797 2.9857e+01     1.9647      4.157      6.029    20.6982   998.1010 0.0000e+00
      4.250      0.029     5.3693     85.400     54.065  49.417197     1.4240     15.576   217.7757 2.9674e+01     1.9325      4.169      6.046    20.6987   998.1010 0.0000e+00
      4.259      0.031     5.3759     85.285     54.078  49.428741     1.4053     15.577   217.9120 2.9529e+01     1.8894      4.178      6.059    20.6989   998.1010 0.0000e+00
      4.265      0.031     5.3729     85.170     54.093  49.441326     1.4010     15.577   218.1228 2.9394e+01     1.8889      4.183      6.066    20.6981   998.1012 0.0000e+00
      4.271      0.030     5.3638     85.086     54.094  49.442366     1.4198     15.577   218.2585 2.9264e+01     1.9605      4.189      6.075    20.6969   998.1014 0.0000e+00
      4.279      0.028     5.3588     85.026     54.094  49.441316     1.4320     15.578   218.2626 2.9133e+01     2.0354      4.196      6.087    20.6964   998.1016 0.0000e+00
      4.288      0.028     5.3513     85.009     54.081  49.428626     1.4246     15.578   218.3441 2.9007e+01     2.0388      4.205      6.098    20.6962   998.1017 0.0000e+00
      4.295      0.028     5.3424     85.056     54.067  49.415926     1.4065     15.577   218.4705 2.8905e+01     1.9673      4.213      6.109    20.6958   998.1018 0.0000e+00
      4.302      0.028     5.3387     85.117     54.066  49.414758     1.3941     15.576   218.5850 2.8819e+01     1.9258      4.219      6.119    20.6950   998.1020 0.0000e+00
      4.309      0.027     5.3341     85.160     54.066  49.414507     1.3992     15.576   218.6964 2.8724e+01     1.9492      4.225      6.128    20.6943   998.1022 0.0000e+00
      4.315      0.027     5.3317     85.201     54.064  49.412894     1.4203     15.576   218.6990 2.8596e+01     1.9762      4.232      6.138    20.6940   998.1023 0.0000e+00
      4.322      0.027     5.3368     85.227     54.045  49.395249     1.4303     15.576   218.7025 2.8451e+01     1.9773      4.238      6.147    20.6942   998.1022 0.0000e+00
      4.329      0.028     5.3418     85.227     54.041  49.391672     1.4153     15.576   218.7391 2.8324e+01     1.9626      4.245      6.157    20.6938   998.1023 0.0000e+00
      4.335      0.028     5.3429     85.208     54.086  49.433140     1.4013     15.577   218.7111 2.8223e+01     1.9357      4.251      6.166    20.6933   998.1025 0.0000e+00
      4.343      0.028     5.3463     85.172     54.108  49.452137     1.4133     15.577   218.6216 2.8092e+01     1.9257      4.258      6.176    20.6935   998.1025 0.0000e+00
      4.351      0.028     5.3487     85.175     54.085  49.430860     1.4362     15.577   218.6046 2.7919e+01     1.9801      4.267      6.189    20.6934   998.1025 0.0000e+00
      4.359      0.029     5.3472     85.242     54.084  49.429880     1.4309     15.577   218.7627 2.7781e+01     2.0092      4.275      6.200    20.6935   998.1025 0.0000e+00
      4.366      0.032     5.3480     85.339     54.096  49.440295     1.4065     15.577   218.8993 2.7688e+01     1.9352      4.281      6.209    20.6933   998.1026 0.0000e+00
      4.372      0.034     5.3428     85.434     54.087  49.429783     1.3984     15.577   218.8795 2.7598e+01     1.8738      4.287      6.217    20.6928   998.1028 0.0000e+00
      4.380      0.036     5.3426     85.497     54.089  49.429773     1.4087     15.577   218.8675 2.7469e+01     1.9190      4.293      6.227    20.6927   998.1028 0.0000e+00
      4.390      0.036     5.3485     85.518     54.103  49.440173     1.4070     15.577   218.8396 2.7258e+01     2.0012      4.304      6.242    20.6925   998.1030 0.0000e+00
      4.403      0.035     5.3544     85.463     54.091  49.428523     1.3775     15.577   218.7143 2.7027e+01     2.0094      4.318      6.263    20.6917   998.1032 0.0000e+00
      4.415      0.034     5.3623     85.306     54.077  49.415920     1.3486     15.577   218.6436 2.6871e+01     1.9496      4.331      6.283    20.6897   998.1036 0.0000e+00
      4.422      0.034     5.3655     85.084     54.076  49.414784     1.3345     15.576   218.6727 2.6777e+01     1.9315      4.338      6.291    20.6874   998.1042 0.0000e+00
      4.426      0.034     5.3682     84.846     54.076  49.414784     1.3311     15.576   218.8080 2.6699e+01     1.9619      4.340      6.296    20.6861   998.1045 0.0000e+00
      4.431      0.035     5.3662     84.625     54.079  49.415919     1.3455     15.576   218.9887 2.6593e+01     1.9739      4.345      6.301    20.6855   998.1046 0.0000e+00
      4.439      0.037     5.3548     84.466     54.094  49.428514     1.3650     15.576   219.1374 2.6408e+01     2.0079      4.352      6.311    20.6854   998.1046 0.0000e+00
      4.452      0.038     5.3396     84.402     54.108  49.440060     1.3668     15.576   219.2289 2.6192e+01     2.0298      4.366      6.332    20.6854   998.1047 0.0000e+00
      4.467      0.038     5.3244     84.414     54.096  49.428525     1.3574     15.576   219.3204 2.6016e+01     1.9630      4.382      6.356    20.6853   998.1048 0.0000e+00
      4.479      0.036     5.3095     84.448     54.082  49.416043     1.3565     15.577   219.3840 2.5873e+01     1.9556      4.393      6.372    20.6841   998.1050 0.0000e+00
      4.487      0.033     5.2986     84.469     54.082  49.416148     1.3665     15.577   219.3091 2.5773e+01     2.0438      4.401      6.383    20.6819   998.1056 0.0000e+00
      4.492      0.029     5.2953     84.481     54.097  49.429785     1.3724     15.577   219.2746 2.5708e+01     2.0683      4.405      6.389    20.6813   998.1058 0.0000e+00
      4.497      0.026     5.2975     84.477     54.124  49.453926     1.3605     15.577   219.3980 2.5632e+01     2.0110      4.408      6.395    20.6815   998.1057 0.0000e+00
      4.502      0.024     5.3009     84.473     54.124  49.454028     1.3380     15.577   219.5104 2.5509e+01     1.9695      4.414      6.403    20.6814   998.1058 0.0000e+00
      4.510      0.024     5.3009     84.493     54.099  49.431018     1.3383     15.577   219.5145 2.5367e+01     1.9779      4.423      6.415    20.6813   998.1058 0.0000e+00
      4.519      0.024     5.3029     84.549     54.097  49.429717     1.3540     15.577   219.5339 2.5284e+01     1.9749      4.432      6.428    20.6812   998.1059 0.0000e+00
      4.524      0.024     5.3018     84.629     54.107  49.438297     1.3565     15.577   219.5733 2.5240e+01     1.9686      4.438      6.436    20.6810   998.1060 0.0000e+00
      4.528      0.024     5.3011     84.681     54.074  49.407755     1.3499     15.577   219.5602 2.5173e+01     1.9699      4.441      6.441    20.6812   998.1060 0.0000e+00
      4.533      0.025     5.3022     84.691     54.040  49.377945     1.3408     15.576   219.6346 2.5085e+01     1.9564      4.445      6.447    20.6810   998.1060 0.0000e+00
      4.539      0.026     5.3052     84.687     54.060  49.395366     1.3419     15.576   219.7837 2.4983e+01     1.9768      4.450      6.454    20.6805   998.1061 0.0000e+00
      4.547      0.028     5.3128     84.687     54.096  49.427895     1.3534     15.577   219.8148 2.4855e+01     2.0448      4.458      6.466    20.6804   998.1062 0.0000e+00
      4.557      0.028     5.3154     84.657     54.125  49.453745     1.3745     15.577   219.8384 2.4743e+01     2.0917      4.469      6.482    20.6811   998.1061 0.0000e+00
      4.566      0.029     5.3159     84.582     54.125  49.453901     1.3975     15.577   219.9827 2.4653e+01     2.0636      4.478      6.495    20.6815   998.1060 0.0000e+00
      4.572      0.029     5.3144     84.497     54.099  49.429784     1.4024     15.577   220.0977 2.4545e+01     1.9805      4.484      6.502    20.6812   998.1062 0.0000e+00
      4.577      0.029     5.3160     84.432     54.085  49.416149     1.3959     15.576   220.1096 2.4428e+01     1.9108      4.487      6.509    20.6806   998.1063 0.0000e+00
      4.583      0.028     5.3146     84.406     54.087  49.416046     1.3850     15.576   220.1261 2.4305e+01     1.9068      4.493      6.517    20.6801   998.1065 0.0000e+00
      4.591      0.027     5.3086     84.418     54.102  49.428539     1.3757     15.576   220.1251 2.4157e+01     1.9663      4.502      6.530    20.6798   998.1066 0.0000e+00
      4.600      0.027     5.3031     84.468     54.116  49.440188     1.3694     15.576   220.0119 2.4020e+01     1.9787      4.511      6.543    20.6795   998.1067 0.0000e+00
