Data/DataNotYetUploadedToEDI/Raw_CTD/RawDownloads/092320_ccr30.cnv
* Sea-Bird SBE19plus  Data File:
* FileName = C:\DATA\092320_ccr50_0002.hex
* Software version 2.8.0.119
* Temperature SN = 7809
* Conductivity SN = 7809
* System UpLoad Time = Sep 23 2020 19:43:20
* <ApplicationData>
* <Seaterm232>
# nquan = 16
# nvalues = 2762                        
# units = specified
# name 0 = depFM: Depth [fresh water, m]
# name 1 = dz/dtM: Descent Rate [m/s]
# name 2 = sbeox0ML/L: Oxygen, SBE 43 [ml/l]
# name 3 = sbeox0PS: Oxygen, SBE 43 [% saturation]
# name 4 = specc: Specific Conductance [uS/cm]
# name 5 = c0uS/cm: Conductivity [uS/cm]
# name 6 = flECO-AFL: Fluorescence, WET Labs ECO-AFL/FL [mg/m^3]
# name 7 = ph: pH
# name 8 = orp: Oxidation Reduction Potential [mV]
# name 9 = par/sat/log: PAR/Logarithmic, Satlantic
# name 10 = turbWETntu0: Turbidity, WET Labs ECO [NTU]
# name 11 = prdM: Pressure, Strain Gauge [db]
# name 12 = prdE: Pressure, Strain Gauge [psi]
# name 13 = tv290C: Temperature [ITS-90, deg C]
# name 14 = density00: Density [density, kg/m^3]
# name 15 = flag:  0.000e+00
# span 0 =     -0.480,     13.930       
# span 1 =     -0.297,      0.187       
# span 2 =     0.0315,     6.3640       
# span 3 =      0.448,    103.086       
# span 4 =      2.992,    218.245       
# span 5 =   2.951440, 158.734537       
# span 6 =    -1.5165,     4.2317       
# span 7 =     15.065,     15.613       
# span 8 = -1240.7439,   249.3517       
# span 9 = 1.2345e-01, 1.1531e+03       
# span 10 =    -0.4192,    65.7080      
# span 11 =     -0.471,     13.661      
# span 12 =     -0.684,     19.813      
# span 13 =    10.8313,    24.3690      
# span 14 =   997.2132,   999.7624      
# span 15 = 0.0000e+00, 0.0000e+00      
# interval = seconds: 0.25
# start_time = Sep 23 2020 01:58:43 [Instrument's time stamp, header]
# bad_flag = -9.990e-29
*END*
[from data line 2622]
      1.338     -0.076     0.0475      0.614    215.098 156.009977     1.2767     15.588    79.1335 1.7584e+02     1.4834      1.312      1.903    11.2601   999.6659 0.0000e+00
      1.317     -0.074     0.0489      0.612    215.064 155.987144     1.2597     15.588    78.6525 1.7814e+02     1.4338      1.292      1.873    11.2607   999.6658 0.0000e+00
      1.297     -0.071     0.0466      0.602    215.062 155.987817     1.2307     15.588    78.3167 1.8019e+02     1.4393      1.270      1.842    11.2611   999.6656 0.0000e+00
      1.279     -0.066     0.0435      0.604    215.101 156.018121     1.2219     15.588    78.1716 1.8192e+02     1.4818      1.253      1.818    11.2615   999.6656 0.0000e+00
      1.263     -0.062     0.0490      0.598    215.120 156.034363     1.2204     15.588    77.9298 1.8370e+02     1.5009      1.239      1.797    11.2621   999.6655 0.0000e+00
      1.249     -0.060     0.0470      0.597    215.148 156.056525     1.2019     15.589    77.7166 1.8522e+02     1.4642      1.224      1.776    11.2626   999.6653 0.0000e+00
      1.237     -0.060     0.0448      0.592    215.197 156.094574     1.1707     15.589    77.7442 1.8669e+02     1.4155      1.213      1.759    11.2631   999.6652 0.0000e+00
      1.225     -0.063     0.0476      0.568    215.217 156.111386     1.1478     15.589    77.7470 1.8913e+02     1.4275      1.203      1.745    11.2636   999.6651 0.0000e+00
      1.208     -0.070     0.0451      0.554    215.242 156.132125     1.1348     15.589    77.6648 1.9213e+02     1.4374      1.185      1.721    11.2640   999.6650 0.0000e+00
      1.188     -0.079     0.0457      0.560    215.269 156.153818     1.1280     15.589    77.6966 1.9504e+02     1.3288      1.165      1.690    11.2646   999.6648 0.0000e+00
      1.168     -0.086     0.0467      0.575    215.305 156.182171     1.1335     15.590    77.7022 1.9824e+02     1.2136      1.147      1.663    11.2651   999.6647 0.0000e+00
      1.146     -0.089     0.0427      0.588    215.354 156.219587     1.1342     15.590    77.3886 2.0207e+02     1.2124      1.127      1.634    11.2656   999.6645 0.0000e+00
      1.117     -0.089     0.0419      0.581    215.356 156.223189     1.1263     15.589    76.9156 2.0614e+02     1.2457      1.095      1.588    11.2662   999.6644 0.0000e+00
      1.087     -0.088     0.0431      0.563    215.356 156.225733     1.1050     15.588    76.6291 2.0940e+02     1.2731      1.063      1.542    11.2667   999.6642 0.0000e+00
      1.066     -0.090     0.0437      0.563    215.387 156.250346     1.0674     15.589    76.5915 2.1186e+02     1.3027      1.042      1.512    11.2672   999.6640 0.0000e+00
      1.051     -0.094     0.0460      0.572    215.405 156.265438     1.0442     15.590    76.6332 2.1436e+02     1.3291      1.032      1.496    11.2678   999.6639 0.0000e+00
      1.036     -0.099     0.0451      0.575    215.422 156.280528     1.0432     15.590    76.6168 2.1814e+02     1.3512      1.020      1.479    11.2684   999.6638 0.0000e+00
      1.011     -0.106     0.0420      0.565    215.453 156.305131     1.0363     15.590    76.5658 2.2370e+02     1.3640      0.995      1.443    11.2688   999.6636 0.0000e+00
      0.975     -0.114     0.0430      0.542    215.453 156.307568     1.0088     15.590    76.3608 2.2957e+02     1.3807      0.957      1.388    11.2693   999.6634 0.0000e+00
      0.938     -0.120     0.0443      0.534    215.453 156.309996     0.9866     15.590    76.0309 2.3455e+02     1.3813      0.917      1.330    11.2698   999.6632 0.0000e+00
      0.905     -0.122     0.0439      0.539    215.484 156.334497     0.9775     15.590    75.7610 2.3921e+02     1.3722      0.885      1.285    11.2704   999.6630 0.0000e+00
      0.876     -0.121     0.0444      0.546    215.499 156.348453     0.9461     15.590    75.4203 2.4429e+02     1.3735      0.858      1.246    11.2710   999.6628 0.0000e+00
      0.847     -0.118     0.0407      0.562    215.499 156.351072     0.8934     15.589    75.0953 2.4972e+02     1.3284      0.830      1.204    11.2715   999.6626 0.0000e+00
      0.820     -0.117     0.0402      0.568    215.517 156.366175     0.8651     15.589    75.0998 2.5577e+02     1.2386      0.804      1.167    11.2720   999.6624 0.0000e+00
      0.790     -0.120     0.0421      0.560    215.565 156.403390     0.8516     15.589    75.2178 2.6255e+02     1.1810      0.775      1.125    11.2726   999.6623 0.0000e+00
      0.759     -0.125     0.0407      0.576    215.583 156.418007     0.7968     15.589    75.2304 2.7011e+02     1.1813      0.743      1.078    11.2732   999.6621 0.0000e+00
      0.727     -0.130     0.0436      0.593    215.576 156.415235     0.7177     15.589    75.3388 2.7836e+02     1.2068      0.713      1.034    11.2738   999.6619 0.0000e+00
      0.694     -0.134     0.0445      0.573    215.598 156.433719     0.6781     15.589    75.5812 2.8671e+02     1.2158      0.682      0.989    11.2743   999.6617 0.0000e+00
      0.657     -0.135     0.0415      0.558    215.617 156.449979     0.6709     15.589    75.9247 2.9474e+02     1.2211      0.644      0.934    11.2749   999.6614 0.0000e+00
      0.619     -0.134     0.0435      0.563    215.661 156.484170     0.6302     15.590    76.1363 3.0303e+02     1.2362      0.605      0.879    11.2753   999.6612 0.0000e+00
      0.584     -0.130     0.0480      0.560    215.718 156.527931     0.5490     15.590    75.9893 3.1294e+02     1.2273      0.572      0.831    11.2758   999.6610 0.0000e+00
      0.550     -0.125     0.0431      0.574    215.721 156.532214     0.4995     15.589    75.6955 3.2207e+02     1.2164      0.538      0.779    11.2764   999.6608 0.0000e+00
      0.519     -0.120     0.0414      0.593    215.722 156.535960     0.4893     15.589    75.4238 3.2982e+02     1.2420      0.509      0.736    11.2770   999.6606 0.0000e+00
      0.492     -0.117     0.0446      0.579    215.770 156.573233     0.5121     15.589    75.2858 3.3782e+02     1.2617      0.483      0.701    11.2775   999.6604 0.0000e+00
      0.466     -0.116     0.0417      0.564    215.803 156.599846     0.5655     15.590    75.4031 3.4488e+02     1.2142      0.457      0.664    11.2781   999.6603 0.0000e+00
      0.438     -0.114     0.0434      0.563    215.803 156.602387     0.5904     15.591    75.6376 3.5208e+02     1.1826      0.430      0.625    11.2786   999.6601 0.0000e+00
      0.406     -0.110     0.0473      0.549    215.802 156.603970     0.5845     15.591    75.7111 3.6144e+02     1.2231      0.399      0.579    11.2791   999.6599 0.0000e+00
      0.373     -0.102     0.0441      0.537    215.820 156.618984     0.5512     15.590    75.4323 3.7690e+02     1.2231      0.366      0.529    11.2797   999.6597 0.0000e+00
      0.343     -0.089     0.0421      0.548    215.868 156.656254     0.4928     15.590    74.5038 3.9272e+02     1.1835      0.333      0.484    11.2804   999.6595 0.0000e+00
      0.320     -0.074     0.0441      0.562    215.886 156.671554     0.4515     15.590    73.1748 3.9764e+02     1.1557      0.310      0.450    11.2808   999.6593 0.0000e+00
      0.306     -0.054     0.0421      0.579    215.889 156.676303     0.4420     15.590    72.4410 3.9522e+02     1.1267      0.299      0.434    11.2814   999.6592 0.0000e+00
      0.298     -0.032     0.0397      0.604    215.937 156.713677     0.3879     15.590    72.2568 3.8961e+02     1.1076      0.292      0.424    11.2820   999.6591 0.0000e+00
      0.292     -0.012     0.0423      0.602    215.971 156.740404     0.2547     15.589    71.2054 3.8289e+02     1.0971      0.285      0.413    11.2825   999.6590 0.0000e+00
      0.288      0.003     0.0432      0.581    215.972 156.744089     0.1665     15.589    68.8493 3.7852e+02     1.1025      0.280      0.405    11.2831   999.6590 0.0000e+00
      0.293      0.013     0.0433      0.573    215.988 156.758239     0.1615     15.589    66.0523 3.7442e+02     1.1375      0.283      0.411    11.2837   999.6589 0.0000e+00
      0.305      0.018     0.0478      0.562    216.020 156.783806     0.1558     15.589    63.6294 3.6967e+02     1.2120      0.300      0.436    11.2842   999.6590 0.0000e+00
      0.317      0.025     0.0469      0.542    216.036 156.797861     0.1255     15.590    62.3547 3.6761e+02     1.3165      0.315      0.457    11.2848   999.6590 0.0000e+00
      0.321      0.034     0.0434      0.541    216.036 156.800498     0.1105     15.591    62.0837 3.6960e+02     1.4064      0.318      0.460    11.2854   999.6589 0.0000e+00
      0.319      0.041     0.0443      0.563    216.053 156.815684     0.1171     15.591    61.8148 3.7057e+02     1.4400      0.311      0.450    11.2860   999.6588 0.0000e+00
      0.323      0.041     0.0436      0.568    216.103 156.853799     0.1206     15.591    61.4272 3.6688e+02     1.3792      0.310      0.449    11.2866   999.6588 0.0000e+00
      0.344      0.038     0.0410      0.560    216.133 156.878299     0.1139     15.591    61.6986 3.6077e+02     1.2552      0.333      0.483    11.2871   999.6588 0.0000e+00
      0.371      0.039     0.0402      0.570    216.099 156.856562     0.1126     15.591    62.7731 3.5392e+02     1.1761      0.369      0.536    11.2877   999.6590 0.0000e+00
      0.384      0.043     0.0440      0.575    216.082 156.846337     0.1239     15.591    64.0091 3.4946e+02     1.1438      0.387      0.561    11.2883   999.6590 0.0000e+00
      0.379      0.046     0.0445      0.575    216.128 156.882351     0.1269     15.590    64.9410 3.4848e+02     1.1060      0.371      0.538    11.2889   999.6589 0.0000e+00
      0.374      0.043     0.0413      0.570    216.162 156.908963     0.1289     15.590    65.3507 3.4412e+02     1.1312      0.357      0.519    11.2894   999.6588 0.0000e+00
      0.389      0.034     0.0448      0.558    216.164 156.912748     0.1302     15.590    65.4351 3.3364e+02     1.1729      0.376      0.546    11.2900   999.6588 0.0000e+00
      0.416      0.024     0.0438      0.546    216.181 156.928108     0.1139     15.591    65.4456 3.2547e+02     1.1636      0.411      0.596    11.2907   999.6588 0.0000e+00
      0.437      0.013     0.0439      0.524    216.231 156.967013     0.1025     15.591    64.3587 3.2595e+02     1.1563      0.437      0.633    11.2910   999.6590 0.0000e+00
      0.438     -0.002     0.0446      0.512    216.273 157.000095     0.1166     15.591    60.2951 3.2903e+02     1.1542      0.437      0.635    11.2915   999.6589 0.0000e+00
      0.420     -0.019     0.0416      0.522    216.282 157.008907     0.1414     15.591    53.9989 3.2802e+02     1.1721      0.414      0.600    11.2922   999.6587 0.0000e+00
      0.399     -0.034     0.0432      0.532    216.280 157.009719     0.1546     15.591    49.4061 3.2542e+02     1.2012      0.388      0.562    11.2927   999.6585 0.0000e+00
      0.386     -0.045     0.0395      0.527    216.277 157.009911     0.1516     15.592    48.3001 3.2207e+02     1.2312      0.375      0.544    11.2933   999.6584 0.0000e+00
      0.383     -0.052     0.0382      0.530    216.276 157.011241     0.1337     15.592    48.8859 3.1679e+02     1.2261      0.375      0.544    11.2940   999.6584 0.0000e+00
      0.379     -0.060     0.0400      0.545    216.292 157.025813     0.1200     15.592    49.6055 3.1203e+02     1.1740      0.376      0.544    11.2946   999.6583 0.0000e+00
      0.368     -0.075     0.0418      0.561    216.334 157.058419     0.1281     15.592    50.5471 3.0561e+02     1.1504      0.365      0.529    11.2951   999.6582 0.0000e+00
      0.345     -0.094     0.0399      0.586    216.369 157.086277     0.1271     15.591    51.9258 2.9935e+02     1.1469      0.341      0.495    11.2956   999.6581 0.0000e+00
      0.315     -0.113     0.0399      0.582    216.394 157.107285     0.0995     15.591    53.4546 2.9924e+02     1.1307      0.310      0.450    11.2962   999.6578 0.0000e+00
      0.278     -0.127     0.0426      0.547    216.409 157.120916     0.0707     15.592    54.9213 2.9554e+02     1.1268      0.274      0.398    11.2966   999.6576 0.0000e+00
      0.238     -0.132     0.0415      0.531    216.409 157.123416     0.0549     15.592    56.1510 2.8402e+02     1.1334      0.232      0.337    11.2973   999.6573 0.0000e+00
      0.199     -0.130     0.0463      0.541    216.425 157.137516     0.0424     15.592    57.1384 2.8336e+02     1.1425      0.192      0.278    11.2981   999.6571 0.0000e+00
      0.166     -0.120     0.0463      0.572    216.458 157.163715     0.0337     15.591    57.9983 3.0143e+02     1.2373      0.162      0.236    11.2983   999.6570 0.0000e+00
      0.137     -0.103     0.0404      0.597    216.483 157.184820     0.0353     15.591    58.8895 3.2373e+02     1.3873      0.134      0.195    11.2991   999.6568 0.0000e+00
      0.111     -0.078     0.0404      0.566    216.502 157.201177     0.0433     15.591    59.8270 3.3596e+02     1.4446      0.107      0.156    11.2998   999.6566 0.0000e+00
      0.090     -0.051     0.0407      0.516    216.544 157.233803     0.0530     15.591    60.6435 3.3662e+02     1.4500      0.087      0.125    11.3002   999.6564 0.0000e+00
      0.076     -0.026     0.0433      0.513    216.577 157.260089     0.0575     15.591    61.3623 3.3295e+02     1.5559      0.069      0.101    11.3009   999.6563 0.0000e+00
      0.076     -0.006     0.0486      0.545    216.577 157.263644     0.0600     15.591    62.0649 3.3188e+02     1.6949      0.069      0.099    11.3014   999.6562 0.0000e+00
      0.088      0.008     0.0439      0.558    216.591 157.276782     0.0731     15.591    62.7711 3.3399e+02     1.7223      0.087      0.125    11.3021   999.6563 0.0000e+00
      0.103      0.014     0.0376      0.541    216.607 157.291259     0.0833     15.591    63.4477 3.3696e+02     1.7500      0.105      0.151    11.3027   999.6563 0.0000e+00
      0.109      0.015     0.0378      0.536    216.632 157.311009     0.0875     15.592    64.2230 3.4023e+02     2.2696      0.111      0.160    11.3032   999.6563 0.0000e+00
      0.107      0.011     0.0429      0.570    216.647 157.324052     0.1145     15.592    65.0900 3.4083e+02     3.2674      0.106      0.154    11.3038   999.6562 0.0000e+00
      0.102      0.006     0.0439      0.604    216.640 157.321274     0.1328     15.591    65.8421 3.3594e+02     3.8918      0.100      0.144    11.3045   999.6561 0.0000e+00
      0.101      0.003     0.0409      0.592    216.664 157.341272     0.1378     15.590    66.6063 3.2827e+02     4.8063      0.098      0.142    11.3052   999.6560 0.0000e+00
      0.105      0.003     0.0395      0.549    216.705 157.374326     0.2509     15.591    67.3608 3.2264e+02    14.5997      0.102      0.148    11.3056   999.6560 0.0000e+00
      0.110      0.002     0.0434      0.519    216.739 157.401716     0.4419     15.593    67.9954 3.2108e+02    32.4879      0.110      0.158    11.3061   999.6560 0.0000e+00
      0.112     -0.005     0.0483      0.527    216.757 157.417079     0.5291     15.593    68.6872 3.2433e+02    42.1835      0.112      0.162    11.3068   999.6559 0.0000e+00
      0.112     -0.015     0.0460      0.550    216.774 157.432394     0.5240     15.593    69.3579 3.2854e+02    43.0778      0.108      0.158    11.3075   999.6559 0.0000e+00
      0.111     -0.027     0.0417      0.547    216.807 157.459209     0.5133     15.592    69.9103 3.2739e+02    43.3690      0.112      0.163    11.3081   999.6558 0.0000e+00
      0.102     -0.037     0.0381      0.519    216.840 157.485935     0.4952     15.591    70.5478 3.2849e+02    43.7129      0.107      0.154    11.3087   999.6558 0.0000e+00
      0.084     -0.037     0.0401      0.512    216.856 157.500171     0.4766     15.591    71.2156 3.3652e+02    43.8370      0.079      0.114    11.3092   999.6556 0.0000e+00
