Data/DataNotYetUploadedToEDI/Raw_CTD/RawDownloads/092418_fcr45.cnv
* Sea-Bird SBE19plus  Data File:
* FileName = C:\DATA\092418_fcr_0004.hex
* Software version 2.6.3.104
* Temperature SN = 7809
* Conductivity SN = 7809
* System UpLoad Time = Sep 24 2018 16:48:55
* <ApplicationData>
* <Seaterm232>
# nquan = 17
# nvalues = 1205                        
# units = specified
# name 0 = depFM: Depth [fresh water, m]
# name 1 = tv290C: Temperature [ITS-90, deg C]
# name 2 = sbeox0Mg/L: Oxygen, SBE 43 [mg/l]
# name 3 = sbeox0PS: Oxygen, SBE 43 [% saturation]
# name 4 = c0uS/cm: Conductivity [uS/cm]
# name 5 = specc: Specific Conductance [uS/cm]
# name 6 = ph: pH
# name 7 = orp: Oxidation Reduction Potential [mV]
# name 8 = flECO-AFL: Fluorescence, WET Labs ECO-AFL/FL [mg/m^3]
# name 9 = turbWETntu0: Turbidity, WET Labs ECO [NTU]
# name 10 = sal00: Salinity, Practical [PSU]
# name 11 = dz/dtM: Descent Rate [m/s]
# name 12 = prdM: Pressure, Strain Gauge [db]
# name 13 = prdE: Pressure, Strain Gauge [psi]
# name 14 = scan: Scan Count
# name 15 = par/sat/log: PAR/Logarithmic, Satlantic
# name 16 = flag:  0.000e+00
# span 0 =     -0.489,      7.658       
# span 1 =    14.2629,    22.0485       
# span 2 =    -0.6907,     9.2002       
# span 3 =     -7.679,    100.609       
# span 4 =  -0.199281,  88.259875       
# span 5 =      0.589,    111.136       
# span 6 =      6.349,      7.900       
# span 7 =    87.5140,   299.4389       
# span 8 =    -0.2143,     6.4699       
# span 9 =    -0.3720,   285.4014       
# span 10 =     0.0092,     0.0541      
# span 11 =     -0.281,      0.262      
# span 12 =     -0.479,      7.509      
# span 13 =     -0.695,     10.892      
# span 14 =          1,       1205      
# span 15 = 1.2459e-01, 1.9639e+02      
# span 16 = 0.0000e+00, 0.0000e+00      
# interval = seconds: 0.25
# start_time = Sep 24 2018 15:05:35 [Instrument's time stamp, header]
# bad_flag = -9.990e-29
*END*
[from data line 1107]
      6.305    15.8390     0.0961      0.973  71.193666     87.166      6.385   164.1371     3.3846     2.3136     0.0436      0.044      6.184      8.970       1108 1.2570e-01 0.0000e+00
      6.313    15.8517     0.0944      0.955  71.040768     87.020      6.389   163.2664     3.3441     2.3270     0.0435      0.033      6.189      8.977       1109 1.2556e-01 0.0000e+00
      6.315    15.8637     0.0978      0.988  71.014589     86.918      6.390   161.9414     3.3684     2.3136     0.0435      0.027      6.192      8.981       1110 1.2603e-01 0.0000e+00
      6.313    15.8646     0.0953      0.962  70.929129     86.825      6.395   160.7678     3.3724     2.2196     0.0435      0.023      6.193      8.982       1111 1.2532e-01 0.0000e+00
      6.319    15.8620     0.0951      0.959  70.939135     86.762      6.396   159.0642     3.4290     2.1256     0.0434      0.019      6.197      8.987       1112 1.2634e-01 0.0000e+00
      6.324    15.8754     0.1004      1.012  70.883283     86.762      6.400   157.6256     3.4331     2.0719     0.0434      0.016      6.202      8.994       1113 1.2919e-01 0.0000e+00
      6.328    15.8921     0.1009      1.017  70.731239     86.495      6.401   156.7549     3.4210     2.1659     0.0433      0.015      6.205      8.999       1114 1.2628e-01 0.0000e+00
      6.327    15.9097     0.1041      1.050  70.593564     86.397      6.402   155.4678     3.4371     2.1659     0.0433      0.013      6.206      9.001       1115 1.2521e-01 0.0000e+00
      6.329    15.9336     0.0980      0.988  70.490113     86.122      6.403   154.2185     3.3724     2.4076     0.0432      0.011      6.212      9.009       1116 1.2594e-01 0.0000e+00
      6.348    15.9629     0.1031      1.038  70.473736     86.188      6.406   153.4235     3.3805     2.2733     0.0432      0.014      6.227      9.031       1117 1.2556e-01 0.0000e+00
      6.371    15.9749     0.1035      1.038  70.197993     85.692      6.407   153.1585     3.3603     2.2196     0.0430      0.023      6.248      9.061       1118 1.2578e-01 0.0000e+00
      6.391    15.9340     0.1047      1.049  70.209346     85.701      6.408   152.1742     3.3603     2.2330     0.0430      0.034      6.269      9.091       1119 1.2546e-01 0.0000e+00
      6.414    15.8676     0.1079      1.080  70.578422     86.115      6.406   151.9471     3.3684     2.3539     0.0432      0.045      6.289      9.120       1120 1.2556e-01 0.0000e+00
      6.431    15.8153     0.1044      1.045  70.570553     86.204      6.404   150.5842     3.3522     2.2464     0.0432      0.056      6.304      9.142       1121 1.2559e-01 0.0000e+00
      6.438    15.7758     0.1047      1.047  70.397431     86.106      6.402   149.7135     3.4088     2.2733     0.0431      0.063      6.312      9.155       1122 1.2574e-01 0.0000e+00
      6.441    15.7552     0.1061      1.060  70.377987     86.215      6.405   148.8428     3.3805     2.3270     0.0432      0.065      6.318      9.164       1123 1.2576e-01 0.0000e+00
      6.450    15.7598     0.1101      1.100  70.357122     86.266      6.407   147.9720     3.3846     2.3136     0.0432      0.061      6.327      9.176       1124 1.2569e-01 0.0000e+00
      6.464    15.7771     0.1048      1.047  70.334305     86.275      6.410   147.2906     3.4412     2.2867     0.0432      0.054      6.340      9.195       1125 1.2568e-01 0.0000e+00
      6.479    15.7579     0.1046      1.045  70.317274     86.265      6.408   146.1928     3.4290     2.2867     0.0432      0.048      6.356      9.219       1126 1.2564e-01 0.0000e+00
      6.501    15.6661     0.1064      1.062  70.734836     86.673      6.412   145.3978     3.4452     2.3136     0.0434      0.047      6.378      9.250       1127 1.2571e-01 0.0000e+00
      6.531    15.5525     0.1058      1.055  72.013246     88.359      6.409   145.1328     3.4371     2.3539     0.0441      0.051      6.403      9.285       1128 1.2577e-01 0.0000e+00
      6.551    15.4792     0.1057      1.054  72.826517     89.561      6.406   143.7320     3.5018     2.2599     0.0446      0.059      6.423      9.315       1129 1.2564e-01 0.0000e+00
      6.565    15.4376     0.1004      1.001  73.169427     90.159      6.407   143.4670     3.4857     2.2196     0.0449      0.068      6.439      9.339       1130 1.2569e-01 0.0000e+00
      6.583    15.4008     0.1016      1.013  73.844829     91.255      6.408   142.3313     3.5059     2.3002     0.0453      0.075      6.455      9.362       1131 1.2570e-01 0.0000e+00
      6.599    15.3697     0.0980      0.977  74.363224     91.902      6.406   141.8013     3.5099     2.3404     0.0456      0.077      6.471      9.385       1132 1.2571e-01 0.0000e+00
      6.614    15.3550     0.0943      0.940  74.455813     92.194      6.407   140.7413     3.4897     2.3136     0.0457      0.075      6.486      9.406       1133 1.2565e-01 0.0000e+00
      6.628    15.3508     0.0980      0.977  74.323949     91.988      6.407   139.8327     3.5099     2.3136     0.0456      0.072      6.499      9.425       1134 1.2565e-01 0.0000e+00
      6.637    15.3371     0.1003      0.998  74.170770     91.953      6.405   139.4542     3.5180     2.3002     0.0456      0.065      6.511      9.444       1135 1.2559e-01 0.0000e+00
      6.655    15.3129     0.1042      1.035  74.289871     91.960      6.411   138.6592     3.5018     2.3002     0.0456      0.060      6.528      9.468       1136 1.2562e-01 0.0000e+00
      6.677    15.2923     0.1036      1.028  75.007789     93.034      6.412   137.4477     3.4452     2.2062     0.0461      0.060      6.548      9.497       1137 1.2583e-01 0.0000e+00
      6.698    15.2819     0.1036      1.027  75.327763     93.402      6.413   136.9934     3.4452     2.2599     0.0462      0.062      6.571      9.530       1138 1.2570e-01 0.0000e+00
      6.725    15.2637     0.1011      1.003  75.852987     94.077      6.412   136.5013     3.4371     2.2062     0.0465      0.067      6.596      9.566       1139 1.2561e-01 0.0000e+00
      6.755    15.2395     0.1011      1.003  76.285818     94.794      6.412   135.7063     3.4290     2.3404     0.0469      0.075      6.619      9.600       1140 1.2563e-01 0.0000e+00
      6.768    15.2339     0.1013      1.005  76.185868     94.454      6.412   135.3656     3.3563     2.3136     0.0467      0.079      6.631      9.617       1141 1.2563e-01 0.0000e+00
      6.762    15.2457     0.1028      1.019  75.917952     94.514      6.412   134.1920     3.4331     2.4479     0.0467      0.077      6.632      9.618       1142 1.2559e-01 0.0000e+00
      6.756    15.2484     0.1024      1.013  75.787150     93.933      6.414   133.1320     3.4129     2.3002     0.0465      0.068      6.637      9.627       1143 1.2562e-01 0.0000e+00
      6.785    15.2158     0.1028      1.016  75.367968     93.943      6.413   133.5106     3.3886     2.3404     0.0465      0.061      6.671      9.677       1144 1.2575e-01 0.0000e+00
      6.870    15.1519     0.1043      1.031  75.637238     93.513      6.407   133.7377     3.3522     2.1122     0.0463      0.072      6.741      9.778       1145 1.2573e-01 0.0000e+00
      6.967    15.0719     0.1103      1.090  78.513224     97.981      6.400   132.5641     3.3724     2.0987     0.0483      0.102      6.820      9.892       1146 1.2560e-01 0.0000e+00
      7.024    15.0119     0.1063      1.050  80.705021    100.226      6.399   131.0499     3.4048     2.1390     0.0493      0.135      6.876      9.973       1147 1.2563e-01 0.0000e+00
      7.045    14.9888     0.1093      1.078  81.112888    101.479      6.401   129.6870     3.3603     2.1524     0.0498      0.160      6.902     10.010       1148 1.2572e-01 0.0000e+00
      7.047    14.9982     0.1050      1.036  80.413364    100.266      6.409   128.4756     3.3603     2.1659     0.0492      0.176      6.912     10.024       1149 1.2561e-01 0.0000e+00
      7.052    15.0187     0.1007      0.993  79.584076     99.657      6.411   127.1884     3.5018     2.1122     0.0490      0.177      6.920     10.036       1150 1.2563e-01 0.0000e+00
      7.069    14.9989     0.1014      0.998  79.915611     99.707      6.419   126.1284     3.5140     2.1122     0.0490      0.162      6.937     10.062       1151 1.2573e-01 0.0000e+00
      7.102    14.9400     0.1003      0.987  83.122037    103.848      6.427   124.9548     3.5099     2.1524     0.0509      0.134      6.966     10.104       1152 1.2561e-01 0.0000e+00
      7.140    14.8807     0.0985      0.970  86.355145    108.107      6.429   124.0841     3.5018     2.1524     0.0528      0.103      7.001     10.154       1153 1.2558e-01 0.0000e+00
      7.175    14.8494     0.0986      0.971  86.267588    107.878      6.433   123.5163     3.3886     2.0853     0.0527      0.086      7.033     10.201       1154 1.2576e-01 0.0000e+00
      7.199    14.8405     0.1037      1.020  85.758123    107.586      6.438   122.7591     3.3724     2.1390     0.0525      0.087      7.058     10.237       1155 1.2583e-01 0.0000e+00
      7.215    14.8269     0.1002      0.985  85.383666    107.071      6.440   121.8884     3.3805     2.1390     0.0523      0.095      7.077     10.264       1156 1.2568e-01 0.0000e+00
      7.236    14.7904     0.1029      1.012  85.633534    107.446      6.441   121.1691     3.3886     2.1659     0.0525      0.103      7.098     10.294       1157 1.2562e-01 0.0000e+00
      7.263    14.7593     0.1031      1.013  87.766408    110.120      6.443   120.4498     3.4735     2.1122     0.0537      0.107      7.124     10.332       1158 1.2574e-01 0.0000e+00
      7.294    14.7514     0.1051      1.032  88.259875    111.136      6.446   119.9955     3.4897     2.0719     0.0541      0.105      7.153     10.374       1159 1.2561e-01 0.0000e+00
      7.325    14.7165     0.1033      1.014  86.446709    108.445      6.448   119.0870     3.4937     2.1390     0.0529      0.102      7.181     10.415       1160 1.2569e-01 0.0000e+00
      7.348    14.6697     0.1006      0.986  86.662875    109.128      6.448   118.1027     3.4937     2.1659     0.0532      0.099      7.202     10.445       1161 1.2575e-01 0.0000e+00
      7.358    14.6541     0.0980      0.959  87.217727    109.757      6.449   117.9134     3.6191     2.3136     0.0535      0.095      7.214     10.464       1162 1.2559e-01 0.0000e+00
      7.364    14.6496     0.1048      1.026  86.767191    109.360      6.452   116.3612     3.6393     2.3673     0.0533      0.090      7.222     10.475       1163 1.2570e-01 0.0000e+00
      7.372    14.6400     0.1016      0.995  86.777589    109.399      6.453   115.6420     3.6231     2.3136     0.0533      0.082      7.230     10.487       1164 1.2562e-01 0.0000e+00
      7.382    14.6241     0.1040      1.017  86.580397    109.200      6.455   114.5441     3.6312     2.3270     0.0532      0.071      7.239     10.500       1165 1.2560e-01 0.0000e+00
      7.390    14.6054     0.1071      1.047  86.328731    108.837      6.458   113.4462     3.7606     2.0450     0.0530      0.058      7.250     10.516       1166 1.2567e-01 0.0000e+00
      7.409    14.5854     0.1030      1.008  85.871729    108.422      6.462   113.0298     3.7566     2.0853     0.0528      0.048      7.268     10.541       1167 1.2565e-01 0.0000e+00
      7.434    14.5603     0.1054      1.031  84.978674    107.200      6.461   111.9698     3.7606     2.1524     0.0523      0.046      7.289     10.572       1168 1.2570e-01 0.0000e+00
      7.454    14.5316     0.1007      0.984  84.526416    106.794      6.460   111.4398     3.7566     2.0450     0.0521      0.050      7.309     10.602       1169 1.2572e-01 0.0000e+00
      7.473    14.4953     0.1013      0.990  84.293923    106.508      6.458   110.5691     3.8132     2.3136     0.0519      0.058      7.329     10.630       1170 1.2567e-01 0.0000e+00
      7.494    14.4454     0.1025      1.001  83.959895    106.195      6.461   109.7741     3.8374     2.2196     0.0518      0.066      7.349     10.657       1171 1.2564e-01 0.0000e+00
      7.513    14.4013     0.0962      0.939  83.723211    105.974      6.464   109.2441     3.8294     2.2464     0.0517      0.073      7.366     10.682       1172 1.2588e-01 0.0000e+00
      7.525    14.3897     0.0967      0.944  83.607436    105.965      6.468   108.3355     3.7768     2.3136     0.0516      0.075      7.377     10.700       1173 1.2593e-01 0.0000e+00
      7.529    14.3885     0.0873      0.852  83.717544    106.230      6.471   107.3512     3.8132     2.2464     0.0517      0.072      7.385     10.712       1174 1.2569e-01 0.0000e+00
      7.540    14.3662     0.0920      0.898  83.883521    106.471      6.475   106.7076     3.6959     2.2330     0.0519      0.065      7.395     10.726       1175 1.2568e-01 0.0000e+00
      7.554    14.3465     0.0924      0.903  84.084680    106.722      6.478   106.0641     3.6919     2.2733     0.0520      0.058      7.406     10.742       1176 1.2568e-01 0.0000e+00
      7.562    14.3490     0.0922      0.901  84.269921    107.033      6.481   105.1934     3.6919     2.3539     0.0521      0.051      7.416     10.755       1177 1.2563e-01 0.0000e+00
      7.570    14.3431     0.0910      0.888  84.396265    107.232      6.484   104.7012     3.6676     2.2196     0.0522      0.045      7.425     10.769       1178 1.2561e-01 0.0000e+00
      7.583    14.3211     0.0893      0.872  84.492342    107.363      6.486   104.2091     3.6434     2.1390     0.0522      0.041      7.436     10.786       1179 1.2581e-01 0.0000e+00
      7.596    14.3052     0.0849      0.829  84.626049    107.522      6.490   103.2626     3.6514     2.1390     0.0523      0.040      7.449     10.804       1180 1.2579e-01 0.0000e+00
      7.609    14.2966     0.0929      0.907  84.913687    107.976      6.492   102.2783     3.6474     2.0719     0.0525      0.042      7.460     10.821       1181 1.2560e-01 0.0000e+00
      7.619    14.2909     0.0945      0.923  85.085795    108.233      6.491   101.7483     3.6231     2.1793     0.0526      0.044      7.470     10.835       1182 1.2561e-01 0.0000e+00
      7.625    14.2853     0.0918      0.896  85.184893    108.364      6.496   100.9155     3.7000     2.1122     0.0527      0.043      7.478     10.846       1183 1.2567e-01 0.0000e+00
      7.633    14.2780     0.0870      0.849  85.355271    108.629      6.499   100.6505     3.7040     2.0853     0.0528      0.041      7.484     10.855       1184 1.2582e-01 0.0000e+00
      7.636    14.2725     0.0899      0.878  85.349477    108.608      6.498   100.0448     3.7121     2.1793     0.0528      0.039      7.488     10.861       1185 1.2576e-01 0.0000e+00
      7.639    14.2714     0.0907      0.886  85.400234    108.700      6.501    99.4012     3.7081     2.1122     0.0528      0.035      7.492     10.866       1186 1.2570e-01 0.0000e+00
      7.644    14.2746     0.0935      0.914  85.678630    109.072      6.501    99.5526     3.7081     2.1122     0.0530      0.029      7.496     10.872       1187 1.2565e-01 0.0000e+00
      7.648    14.2751     0.0848      0.829  85.984188    109.468      6.505    98.8333     3.6676     2.1390     0.0532      0.024      7.500     10.877       1188 1.2553e-01 0.0000e+00
      7.650    14.2714     0.0845      0.827  86.120077    109.636      6.507    97.9626     3.6959     2.0719     0.0533      0.019      7.502     10.881       1189 1.2566e-01 0.0000e+00
      7.653    14.2687     0.0853      0.835  85.985241    109.457      6.509    96.8648     3.6717     2.0987     0.0532      0.016      7.504     10.885       1190 1.2572e-01 0.0000e+00
      7.654    14.2701     0.0860      0.842  85.824928    109.254      6.513    95.5019     3.5948     2.1122     0.0531      0.014      7.506     10.887       1191 1.2564e-01 0.0000e+00
