Data/DataNotYetUploadedToEDI/Raw_CTD/RawDownloads/092418_fcr10.cnv
* Sea-Bird SBE19plus  Data File:
* FileName = C:\DATA\092418_fcr_0001.hex
* Software version 2.6.3.104
* Temperature SN = 7809
* Conductivity SN = 7809
* System UpLoad Time = Sep 24 2018 16:47:26
* <ApplicationData>
* <Seaterm232>
# nquan = 17
# nvalues = 495                         
# units = specified
# name 0 = depFM: Depth [fresh water, m]
# name 1 = tv290C: Temperature [ITS-90, deg C]
# name 2 = sbeox0Mg/L: Oxygen, SBE 43 [mg/l]
# name 3 = sbeox0PS: Oxygen, SBE 43 [% saturation]
# name 4 = c0uS/cm: Conductivity [uS/cm]
# name 5 = specc: Specific Conductance [uS/cm]
# name 6 = ph: pH
# name 7 = orp: Oxidation Reduction Potential [mV]
# name 8 = flECO-AFL: Fluorescence, WET Labs ECO-AFL/FL [mg/m^3]
# name 9 = turbWETntu0: Turbidity, WET Labs ECO [NTU]
# name 10 = sal00: Salinity, Practical [PSU]
# name 11 = dz/dtM: Descent Rate [m/s]
# name 12 = prdM: Pressure, Strain Gauge [db]
# name 13 = prdE: Pressure, Strain Gauge [psi]
# name 14 = scan: Scan Count
# name 15 = par/sat/log: PAR/Logarithmic, Satlantic
# name 16 = flag:  0.000e+00
# span 0 =     -0.499,      2.818       
# span 1 =    17.5836,    22.0433       
# span 2 =     4.2768,     9.2469       
# span 3 =     47.858,    102.011       
# span 4 =   0.678773,  36.312196       
# span 5 =      0.794,     39.101       
# span 6 =      6.219,      7.661       
# span 7 =  -233.6291,   406.3099       
# span 8 =    -0.2183,     2.1432       
# span 9 =    -0.3183,    16.9769       
# span 10 =     0.0089,     0.0243      
# span 11 =     -0.195,      0.180      
# span 12 =     -0.489,      2.763      
# span 13 =     -0.709,      4.007      
# span 14 =          1,        495      
# span 15 = 6.1240e+00, 2.3159e+02      
# span 16 = 0.0000e+00, 0.0000e+00      
# interval = seconds: 0.25
# start_time = Sep 24 2018 13:58:29 [Instrument's time stamp, header]
# bad_flag = -9.990e-29
*END*
[from data line 171]
      0.172    20.7556     4.3178     48.770  34.336678     37.519      6.951   209.3387     1.8803     3.3475     0.0235     -0.004      0.169      0.245        172 6.4148e+01 0.0000e+00
      0.173    20.7485     4.5716     51.953  34.344547     37.499      6.952   211.5344     1.8520     3.3475     0.0235     -0.004      0.170      0.246        173 6.3461e+01 0.0000e+00
      0.173    20.7415     4.9514     56.452  34.334012     37.537      6.954   212.1022     1.8803     3.3475     0.0235     -0.004      0.170      0.246        174 6.2454e+01 0.0000e+00
      0.173    20.7350     5.3975     61.638  34.320137     37.482      6.957   212.2158     1.8884     3.2938     0.0235     -0.003      0.170      0.246        175 6.2659e+01 0.0000e+00
      0.174    20.7289     5.8656     67.033  34.332160     37.548      6.955   213.7301     1.8925     3.2401     0.0235     -0.002      0.170      0.247        176 6.2475e+01 0.0000e+00
      0.174    20.7224     6.2816     71.797  34.319052     37.493      6.951   213.3515     1.8035     3.3878     0.0235     -0.000      0.170      0.247        177 6.3163e+01 0.0000e+00
      0.173    20.7160     6.6191     75.656  34.277141     37.498      6.948   213.3137     1.8035     3.2804     0.0235      0.001      0.170      0.247        178 6.3110e+01 0.0000e+00
      0.174    20.7104     6.8794     78.634  34.354665     37.534      6.945   212.7458     1.7914     3.3072     0.0235      0.001      0.171      0.249        179 6.2296e+01 0.0000e+00
      0.177    20.7087     7.0083     80.109  34.252234     37.508      6.949   211.9129     1.8197     3.2938     0.0235      0.002      0.173      0.252        180 6.2495e+01 0.0000e+00
      0.179    20.9093     7.0285     80.344  34.493585     37.635      6.949   209.8308     1.8722     3.2938     0.0235      0.002      0.175      0.254        181 6.1471e+01 0.0000e+00
      0.180    21.3383     6.9994     80.019  34.944011     38.340      6.949   210.3229     1.9005     3.4012     0.0238      0.004      0.176      0.254        182 6.1853e+01 0.0000e+00
      0.177    21.6643     6.9526     79.485  34.551712     37.542      6.947   210.0201     1.8480     3.3475     0.0235      0.003      0.175      0.253        183 6.3842e+01 0.0000e+00
      0.177    21.8266     6.8831     78.691  34.358903     37.117      6.942   213.2380     1.8803     3.3207     0.0235      0.003      0.178      0.258        184 6.2457e+01 0.0000e+00
      0.191    21.9158     6.8172     77.938  34.472028     36.897      6.915   211.2315     1.8601     3.3072     0.0235      0.006      0.188      0.273        185 5.9347e+01 0.0000e+00
      0.208    21.9513     6.7635     77.324  34.381125     36.735      6.884   211.0044     1.8601     3.4012     0.0235      0.012      0.201      0.293        186 5.7944e+01 0.0000e+00
      0.217    21.9602     6.7156     76.777  34.442286     36.669      6.867   214.4872     1.8642     3.2938     0.0235      0.019      0.210      0.306        187 5.6755e+01 0.0000e+00
      0.218    21.9598     6.6831     76.407  34.544151     36.817      6.853   214.6387     1.8803     3.3610     0.0236      0.023      0.214      0.311        188 5.4649e+01 0.0000e+00
      0.220    21.9627     6.6506     76.041  34.550900     36.753      6.830   215.0930     1.7954     3.3475     0.0235      0.025      0.218      0.315        189 5.2975e+01 0.0000e+00
      0.227    21.9637     6.6239     75.745  34.671133     36.931      6.823   204.4172     1.8075     3.3744     0.0236      0.028      0.223      0.323        190 5.2060e+01 0.0000e+00
      0.234    21.9666     6.5993     75.460  34.720744     36.959      6.823   202.8651     1.8075     3.3207     0.0236      0.029      0.229      0.332        191 5.1309e+01 0.0000e+00
      0.239    21.9706     6.5757     75.181  34.578129     36.809      6.841   203.8115     1.8116     3.3878     0.0236      0.027      0.233      0.338        192 5.1656e+01 0.0000e+00
      0.239    21.9726     6.5552     74.941  34.581705     36.807      6.872   203.9629     1.9046     3.5221     0.0236      0.021      0.234      0.340        193 5.2397e+01 0.0000e+00
      0.238    21.9727     6.5428     74.799  34.568010     36.803      6.888   208.8844     1.9127     3.5221     0.0236      0.016      0.234      0.340        194 5.3130e+01 0.0000e+00
      0.239    21.9728     6.5241     74.591  34.535859     36.743      6.898   205.6286     1.9288     3.4952     0.0235      0.013      0.235      0.340        195 5.3678e+01 0.0000e+00
      0.240    21.9727     6.5185     74.539  34.592059     36.832      6.915   205.3636     1.9127     3.6027     0.0236      0.011      0.236      0.342        196 5.3989e+01 0.0000e+00
      0.243    21.9728     6.5113     74.466  34.527726     36.743      6.925   208.9601     1.7995     3.2938     0.0235      0.009      0.237      0.343        197 5.3860e+01 0.0000e+00
      0.242    21.9739     6.5082     74.427  34.467638     36.683      6.929   204.6444     1.8035     3.2267     0.0235      0.006      0.236      0.343        198 5.4023e+01 0.0000e+00
      0.239    21.9787     6.5125     74.466  34.518554     36.742      6.932   204.6065     1.7995     3.3072     0.0235      0.002      0.235      0.340        199 5.3958e+01 0.0000e+00
      0.238    21.9840     6.5141     74.473  34.523674     36.741      6.930   214.4494     1.7914     3.3207     0.0235      0.000      0.233      0.338        200 5.3556e+01 0.0000e+00
      0.238    21.9818     6.5230     74.580  34.520577     36.738      6.929   211.5344     1.8439     3.4012     0.0235     -0.000      0.233      0.337        201 5.4116e+01 0.0000e+00
      0.237    21.9753     6.5213     74.573  34.552062     36.763      6.931   216.2665     1.9288     3.3341     0.0235     -0.001      0.232      0.336        202 5.4707e+01 0.0000e+00
      0.234    21.9716     6.5315     74.703  34.514148     36.735      6.935   210.8908     1.9288     3.2804     0.0235     -0.003      0.231      0.335        203 5.5486e+01 0.0000e+00
      0.234    21.9715     6.5320     74.713  34.478793     36.681      6.941   208.9979     1.9248     3.2804     0.0235     -0.004      0.231      0.336        204 5.5493e+01 0.0000e+00
      0.239    21.9755     6.5282     74.671  34.507094     36.743      6.944   205.4394     1.9450     3.3475     0.0235     -0.003      0.235      0.341        205 5.4546e+01 0.0000e+00
      0.246    21.9839     6.5169     74.546  34.478931     36.684      6.948   212.5944     2.0178     3.2938     0.0235      0.001      0.241      0.350        206 5.2983e+01 0.0000e+00
      0.252    21.9901     6.5097     74.464  34.454528     36.681      6.951   212.2537     1.9693     3.2804     0.0235      0.005      0.245      0.355        207 5.2235e+01 0.0000e+00
      0.250    21.9882     6.5099     74.459  34.448489     36.645      6.950   212.9351     1.9652     3.3744     0.0235      0.008      0.244      0.353        208 5.2124e+01 0.0000e+00
      0.243    21.9803     6.5120     74.477  34.516099     36.729      6.949   216.8344     2.0016     3.2804     0.0235      0.007      0.239      0.347        209 5.0885e+01 0.0000e+00
      0.240    21.9733     6.5173     74.533  34.518669     36.730      6.942   210.3987     1.9288     3.0790     0.0235      0.005      0.235      0.342        210 4.9465e+01 0.0000e+00
      0.238    21.9759     6.5264     74.639  34.474949     36.677      6.925   209.3765     1.9288     3.1998     0.0235      0.003      0.233      0.338        211 5.2379e+01 0.0000e+00
      0.234    21.9853     6.5286     74.668  34.451886     36.683      6.920   204.2279     1.9208     3.0253     0.0235     -0.002      0.236      0.341        212 5.5656e+01 0.0000e+00
      0.249    21.9942     6.5339     74.731  34.428746     36.621      6.919   204.2279     1.8844     3.1595     0.0235     -0.002      0.246      0.357        213 5.3425e+01 0.0000e+00
      0.269    21.9975     6.5403     74.807  34.474090     36.703      6.907   203.6601     1.7226     3.4012     0.0235      0.003      0.260      0.377        214 5.2018e+01 0.0000e+00
      0.277    21.9981     6.5407     74.811  34.425110     36.607      6.898   203.5844     1.7388     3.3744     0.0235      0.011      0.267      0.388        215 5.1745e+01 0.0000e+00
      0.273    22.0013     6.5439     74.837  34.460040     36.664      6.878   203.5844     1.7388     3.2938     0.0235      0.017      0.266      0.386        216 5.1501e+01 0.0000e+00
      0.264    22.0008     6.5424     74.818  34.519588     36.723      6.884   202.7136     1.7428     3.3475     0.0235      0.020      0.262      0.380        217 5.0611e+01 0.0000e+00
      0.265    21.9962     6.5378     74.767  34.469628     36.661      6.896   202.4865     1.7186     3.3878     0.0235      0.019      0.261      0.379        218 4.7113e+01 0.0000e+00
      0.269    21.9919     6.5397     74.788  34.462900     36.661      6.907   202.7893     1.7348     3.3341     0.0235      0.017      0.265      0.384        219 4.5240e+01 0.0000e+00
      0.275    21.9890     6.5401     74.797  34.557618     36.754      6.913   202.6758     1.7348     3.2938     0.0235      0.013      0.271      0.393        220 4.5714e+01 0.0000e+00
      0.284    21.9903     6.5433     74.839  34.559350     36.787      6.915   202.2972     1.7186     3.3207     0.0236      0.009      0.281      0.408        221 4.4518e+01 0.0000e+00
      0.302    21.9930     6.5411     74.816  34.490402     36.670      6.927   202.3729     1.7469     3.3744     0.0235      0.011      0.295      0.428        222 4.4330e+01 0.0000e+00
      0.316    21.9947     6.5438     74.850  34.495142     36.729      6.925   202.8651     1.8035     3.3475     0.0235      0.019      0.306      0.444        223 4.5776e+01 0.0000e+00
      0.319    21.9972     6.5420     74.832  34.494137     36.667      6.913   202.5243     1.8035     3.3744     0.0235      0.028      0.310      0.450        224 4.7993e+01 0.0000e+00
      0.316    21.9958     6.5436     74.853  34.521307     36.755      6.912   202.5243     1.8035     3.4012     0.0235      0.032      0.308      0.447        225 5.1611e+01 0.0000e+00
      0.309    21.9895     6.5418     74.834  34.490987     36.664      6.919   202.4865     1.8116     3.3072     0.0235      0.028      0.304      0.442        226 5.2952e+01 0.0000e+00
      0.308    21.9876     6.5321     74.727  34.502214     36.724      6.921   202.5243     1.8561     3.3207     0.0235      0.022      0.304      0.441        227 5.3132e+01 0.0000e+00
      0.315    21.9885     6.5286     74.691  34.477679     36.670      6.932   202.7136     1.8803     3.4684     0.0235      0.016      0.309      0.448        228 5.2685e+01 0.0000e+00
      0.322    21.9883     6.5302     74.709  34.462210     36.671      6.936   202.8272     1.8884     3.2804     0.0235      0.011      0.316      0.458        229 5.1786e+01 0.0000e+00
      0.330    21.9911     6.5309     74.713  34.521465     36.730      6.942   203.1679     1.8561     3.3072     0.0235      0.007      0.322      0.467        230 5.0151e+01 0.0000e+00
      0.334    21.9948     6.5296     74.692  34.492905     36.701      6.946   203.2815     1.7307     3.2938     0.0235      0.008      0.326      0.473        231 4.8136e+01 0.0000e+00
      0.334    21.9967     6.5364     74.769  34.468097     36.669      6.948   203.6222     1.7186     3.3072     0.0235      0.011      0.327      0.475        232 4.6812e+01 0.0000e+00
      0.334    21.9986     6.5328     74.730  34.463370     36.666      6.950   203.5465     1.7388     3.3610     0.0235      0.014      0.328      0.476        233 4.5400e+01 0.0000e+00
      0.336    22.0009     6.5316     74.719  34.469130     36.664      6.945   204.0765     1.7226     3.4012     0.0235      0.016      0.331      0.479        234 4.4524e+01 0.0000e+00
      0.341    22.0024     6.5286     74.684  34.460926     36.663      6.940   203.6979     1.7509     3.2535     0.0235      0.015      0.334      0.484        235 4.4033e+01 0.0000e+00
      0.344    22.0034     6.5286     74.683  34.473578     36.661      6.936   204.1144     1.7469     3.3610     0.0235      0.012      0.336      0.488        236 4.4232e+01 0.0000e+00
      0.345    22.0059     6.5334     74.737  34.483041     36.690      6.931   204.0386     1.7590     3.3207     0.0235      0.010      0.337      0.489        237 4.4953e+01 0.0000e+00
      0.343    22.0088     6.5399     74.812  34.419493     36.600      6.921   204.1144     1.7388     3.3207     0.0235      0.007      0.337      0.489        238 4.5435e+01 0.0000e+00
      0.345    22.0091     6.5405     74.824  34.404381     36.598      6.919   203.9629     1.8075     3.3207     0.0235      0.006      0.338      0.491        239 4.5332e+01 0.0000e+00
      0.348    22.0059     6.5365     74.780  34.412878     36.595      6.919   203.9629     1.7792     3.1864     0.0235      0.007      0.341      0.494        240 4.5016e+01 0.0000e+00
      0.350    22.0020     6.5339     74.751  34.408915     36.595      6.919   204.5308     1.8156     3.4012     0.0235      0.007      0.343      0.497        241 4.4672e+01 0.0000e+00
      0.351    22.0010     6.5358     74.771  34.468624     36.657      6.912   204.6444     1.8358     3.2670     0.0235      0.006      0.344      0.499        242 4.4271e+01 0.0000e+00
      0.351    22.0028     6.5393     74.811  34.486856     36.690      6.906   204.6444     1.7995     3.3207     0.0235      0.005      0.344      0.499        243 4.3702e+01 0.0000e+00
      0.351    22.0045     6.5382     74.797  34.475197     36.661      6.908   205.2501     1.7914     3.3475     0.0235      0.004      0.344      0.500        244 4.3043e+01 0.0000e+00
      0.352    22.0043     6.5360     74.772  34.453478     36.659      6.910   205.1365     1.7914     3.1864     0.0235      0.004      0.345      0.501        245 4.2764e+01 0.0000e+00
      0.353    22.0034     6.5345     74.755  34.484227     36.658      6.912   205.4394     1.8156     3.3072     0.0235      0.005      0.346      0.502        246 4.2793e+01 0.0000e+00
      0.355    22.0026     6.5358     74.766  34.496242     36.718      6.912   205.5908     1.8318     3.3341     0.0235      0.004      0.348      0.504        247 4.2968e+01 0.0000e+00
      0.356    22.0037     6.5382     74.791  34.438526     36.600      6.912   205.7044     2.0542     3.1864     0.0235      0.004      0.349      0.506        248 4.3309e+01 0.0000e+00
      0.356    22.0063     6.5309     74.709  34.467085     36.689      6.908   206.3479     2.0259     3.2938     0.0235      0.003      0.349      0.506        249 4.3644e+01 0.0000e+00
      0.355    22.0084     6.5331     74.735  34.431046     36.599      6.911   206.7265     2.0542     3.3207     0.0235      0.003      0.348      0.504        250 4.3906e+01 0.0000e+00
      0.352    22.0083     6.5307     74.708  34.453719     36.657      6.911   207.0294     2.0744     3.3341     0.0235      0.002      0.345      0.501        251 4.4473e+01 0.0000e+00
      0.349    22.0075     6.5347     74.754  34.468523     36.655      6.913   207.2565     1.9329     3.4012     0.0235     -0.000      0.343      0.497        252 4.4672e+01 0.0000e+00
      0.348    22.0075     6.5365     74.770  34.412623     36.596      6.916   207.5215     1.9491     3.3744     0.0235     -0.002      0.342      0.496        253 4.4701e+01 0.0000e+00
      0.349    22.0068     6.5415     74.825  34.463973     36.656      6.919   207.6729     1.9248     3.2938     0.0235     -0.004      0.342      0.496        254 4.4695e+01 0.0000e+00
      0.349    22.0068     6.5398     74.805  34.434275     36.626      6.915   207.9758     1.9208     3.3207     0.0235     -0.004      0.343      0.497        255 4.4309e+01 0.0000e+00
