Data/DataNotYetUploadedToEDI/Raw_CTD/RawDownloads/092418_fcr45.cnv
* Sea-Bird SBE19plus  Data File:
* FileName = C:\DATA\092418_fcr_0004.hex
* Software version 2.6.3.104
* Temperature SN = 7809
* Conductivity SN = 7809
* System UpLoad Time = Sep 24 2018 16:48:55
* <ApplicationData>
* <Seaterm232>
# nquan = 17
# nvalues = 1205                        
# units = specified
# name 0 = depFM: Depth [fresh water, m]
# name 1 = tv290C: Temperature [ITS-90, deg C]
# name 2 = sbeox0Mg/L: Oxygen, SBE 43 [mg/l]
# name 3 = sbeox0PS: Oxygen, SBE 43 [% saturation]
# name 4 = c0uS/cm: Conductivity [uS/cm]
# name 5 = specc: Specific Conductance [uS/cm]
# name 6 = ph: pH
# name 7 = orp: Oxidation Reduction Potential [mV]
# name 8 = flECO-AFL: Fluorescence, WET Labs ECO-AFL/FL [mg/m^3]
# name 9 = turbWETntu0: Turbidity, WET Labs ECO [NTU]
# name 10 = sal00: Salinity, Practical [PSU]
# name 11 = dz/dtM: Descent Rate [m/s]
# name 12 = prdM: Pressure, Strain Gauge [db]
# name 13 = prdE: Pressure, Strain Gauge [psi]
# name 14 = scan: Scan Count
# name 15 = par/sat/log: PAR/Logarithmic, Satlantic
# name 16 = flag:  0.000e+00
# span 0 =     -0.489,      7.658       
# span 1 =    14.2629,    22.0485       
# span 2 =    -0.6907,     9.2002       
# span 3 =     -7.679,    100.609       
# span 4 =  -0.199281,  88.259875       
# span 5 =      0.589,    111.136       
# span 6 =      6.349,      7.900       
# span 7 =    87.5140,   299.4389       
# span 8 =    -0.2143,     6.4699       
# span 9 =    -0.3720,   285.4014       
# span 10 =     0.0092,     0.0541      
# span 11 =     -0.281,      0.262      
# span 12 =     -0.479,      7.509      
# span 13 =     -0.695,     10.892      
# span 14 =          1,       1205      
# span 15 = 1.2459e-01, 1.9639e+02      
# span 16 = 0.0000e+00, 0.0000e+00      
# interval = seconds: 0.25
# start_time = Sep 24 2018 15:05:35 [Instrument's time stamp, header]
# bad_flag = -9.990e-29
*END*
[from data line 86]
      0.305    21.8650     6.2482     71.272  33.797094     36.082      7.378   191.5457     2.9398     1.8839     0.0232      0.008      0.300      0.434         87 4.9586e+01 0.0000e+00
      0.306    21.8649     6.2291     71.049  34.020969     36.261      7.367   192.4165     2.9721     1.9510     0.0233      0.014      0.300      0.435         88 4.9033e+01 0.0000e+00
      0.306    21.8623     6.1990     70.701  34.264822     36.588      7.356   192.1136     3.0449     1.9242     0.0234      0.016      0.301      0.436         89 4.7931e+01 0.0000e+00
      0.308    21.8595     6.1694     70.362  34.323986     36.588      7.344   192.2272     3.0328     1.8839     0.0234      0.014      0.301      0.436         90 4.7261e+01 0.0000e+00
      0.306    21.8596     6.1447     70.084  34.303213     36.620      7.316   193.4008     3.0287     1.9242     0.0234      0.009      0.300      0.434         91 4.8305e+01 0.0000e+00
      0.303    21.8599     6.1304     69.925  34.320332     36.593      7.292   194.0822     3.0206     1.9645     0.0234      0.004      0.297      0.431         92 4.9256e+01 0.0000e+00
      0.300    21.8577     6.1141     69.742  34.391653     36.712      7.279   193.9686     3.0247     1.9645     0.0235     -0.000      0.295      0.427         93 4.9178e+01 0.0000e+00
      0.297    21.8562     6.0995     69.580  34.481363     36.771      7.272   195.2179     3.0247     1.9510     0.0235     -0.003      0.292      0.422         94 5.0163e+01 0.0000e+00
      0.293    21.8574     6.0753     69.305  34.564565     36.892      7.272   195.8236     3.0247     1.9376     0.0236     -0.006      0.289      0.419         95 5.0619e+01 0.0000e+00
      0.293    21.8574     6.0438     68.945  34.703300     37.013      7.275   195.2936     3.0166     1.9645     0.0236     -0.008      0.290      0.420         96 4.9443e+01 0.0000e+00
      0.300    21.8554     6.0001     68.449  34.812873     37.161      7.276   196.3536     3.0085     1.9376     0.0237     -0.006      0.295      0.428         97 4.8464e+01 0.0000e+00
      0.308    21.8522     5.9706     68.112  34.695114     37.012      7.276   197.2243     3.0287     1.9779     0.0236     -0.003      0.301      0.436         98 4.7657e+01 0.0000e+00
      0.310    21.8485     5.9411     67.776  34.582939     36.894      7.276   197.5650     3.0651     2.0047     0.0236      0.002      0.303      0.439         99 4.6787e+01 0.0000e+00
      0.308    21.8474     5.9145     67.472  34.566936     36.897      7.263   197.3000     3.0409     1.8705     0.0236      0.005      0.301      0.436        100 4.6613e+01 0.0000e+00
      0.304    21.8505     5.9009     67.306  34.477779     36.780      7.247   197.4893     3.0934     1.8436     0.0235      0.006      0.298      0.431        101 4.8671e+01 0.0000e+00
      0.299    21.8535     5.8952     67.234  34.397331     36.722      7.235   197.4515     3.0934     1.9645     0.0235      0.005      0.294      0.426        102 5.0231e+01 0.0000e+00
      0.297    21.8554     5.8864     67.136  34.400145     36.689      7.226   197.9058     3.0934     1.9376     0.0235      0.003      0.292      0.422        103 5.0906e+01 0.0000e+00
      0.294    21.8584     5.8818     67.089  34.385308     36.717      7.220   197.6786     3.1177     1.9913     0.0235     -0.002      0.289      0.419        104 5.2058e+01 0.0000e+00
      0.291    21.8588     5.8851     67.129  34.326826     36.596      7.216   198.5872     3.0975     1.9376     0.0234     -0.007      0.287      0.415        105 5.0240e+01 0.0000e+00
      0.290    21.8587     5.8892     67.164  34.383954     36.713      7.224   199.3822     3.1015     1.9510     0.0235     -0.010      0.285      0.412        106 4.9766e+01 0.0000e+00
      0.287    21.8607     5.8873     67.126  34.373524     36.653      7.226   199.6093     3.1096     1.8839     0.0235     -0.011      0.282      0.409        107 4.9563e+01 0.0000e+00
      0.286    21.8611     5.8727     66.960  34.339806     36.653      7.221   200.3665     3.0853     1.9779     0.0235     -0.011      0.280      0.406        108 4.9770e+01 0.0000e+00
      0.283    21.8616     5.8535     66.748  34.336946     36.621      7.217   200.7829     3.0813     1.8973     0.0234     -0.010      0.277      0.401        109 5.1994e+01 0.0000e+00
      0.279    21.8599     5.8323     66.510  34.347426     36.651      7.223   200.3286     3.0489     1.8839     0.0235     -0.010      0.274      0.397        110 5.1531e+01 0.0000e+00
      0.277    21.8526     5.8074     66.224  34.356420     36.651      7.229   200.0636     3.0328     1.9510     0.0235     -0.010      0.270      0.392        111 5.1090e+01 0.0000e+00
      0.272    21.8474     5.7875     65.984  34.296098     36.592      7.232   200.4422     3.0328     1.8839     0.0234     -0.011      0.265      0.385        112 5.2169e+01 0.0000e+00
      0.265    21.8492     5.7689     65.723  34.214903     36.509      7.234   221.3773     3.0409     1.9913     0.0234     -0.013      0.260      0.377        113 5.2479e+01 0.0000e+00
      0.259    21.8534     5.7305     65.260  34.220218     36.513      7.236   201.1615     3.0934     1.9779     0.0234     -0.015      0.255      0.370        114 5.0586e+01 0.0000e+00
      0.259    21.8544     5.6901     64.802  34.319142     36.631      7.239   201.4265     3.0570     1.9242     0.0235     -0.016      0.255      0.369        115 5.1672e+01 0.0000e+00
      0.261    21.8452     5.6494     64.342  34.299386     36.597      7.239   201.8808     3.0772     1.9510     0.0234     -0.015      0.255      0.369        116 5.3335e+01 0.0000e+00
      0.260    21.8332     5.6039     63.824  34.304113     36.597      7.235   201.8051     3.1096     1.9376     0.0234     -0.013      0.254      0.368        117 5.2845e+01 0.0000e+00
      0.255    21.8327     5.5670     63.405  34.283602     36.604      7.235   201.4643     3.1096     1.9779     0.0234     -0.011      0.250      0.363        118 5.1797e+01 0.0000e+00
      0.251    21.8394     5.5252     62.929  34.235947     36.524      7.233   201.6536     3.0934     1.8570     0.0234     -0.011      0.248      0.360        119 5.1100e+01 0.0000e+00
      0.255    21.8406     5.4906     62.531  34.274457     36.613      7.236   201.7293     3.0934     1.9107     0.0234     -0.007      0.250      0.364        120 5.0723e+01 0.0000e+00
      0.260    21.8405     5.4700     62.295  34.235680     36.519      7.236   201.7293     3.0894     1.9107     0.0234     -0.003      0.255      0.371        121 5.0328e+01 0.0000e+00
      0.266    21.8286     5.4554     62.132  34.195233     36.518      7.230   202.5243     3.0853     1.9645     0.0234      0.001      0.260      0.378        122 4.9971e+01 0.0000e+00
      0.270    21.7930     5.4534     62.093  34.176509     36.459      7.226   203.4329     3.1055     1.9645     0.0234      0.004      0.262      0.381        123 5.0156e+01 0.0000e+00
      0.267    21.7712     5.4563     62.112  34.081048     36.407      7.218   203.7736     3.0894     1.9242     0.0234      0.006      0.261      0.379        124 5.0946e+01 0.0000e+00
      0.262    21.7732     5.4538     62.084  33.958170     36.257      7.206   203.5086     3.0853     1.9913     0.0233      0.006      0.258      0.374        125 4.9874e+01 0.0000e+00
      0.259    21.7759     5.4398     61.929  33.943916     36.304      7.203   203.9251     3.0853     2.0719     0.0233      0.005      0.256      0.371        126 5.0699e+01 0.0000e+00
      0.263    21.7766     5.4222     61.731  33.950517     36.272      7.201   204.0765     3.0975     2.1256     0.0233      0.004      0.258      0.374        127 5.1717e+01 0.0000e+00
      0.268    21.7772     5.3885     61.345  33.920302     36.270      7.201   205.0986     3.0934     2.1793     0.0233      0.002      0.262      0.379        128 5.2163e+01 0.0000e+00
      0.268    21.7771     5.3529     60.921  33.833240     36.150      7.193   204.9851     3.0611     2.1390     0.0232      0.001      0.262      0.380        129 5.2045e+01 0.0000e+00
      0.265    21.7735     5.3079     60.383  33.821619     36.149      7.185   204.2279     3.1015     2.1122     0.0232     -0.000      0.262      0.379        130 5.2410e+01 0.0000e+00
      0.267    21.7733     5.2628     59.844  33.934764     36.269      7.185   204.4172     3.2390     2.1659     0.0233      0.000      0.264      0.383        131 5.2117e+01 0.0000e+00
      0.275    21.7743     5.2129     59.258  34.077956     36.421      7.186   204.9472     3.2269     2.1793     0.0233      0.004      0.271      0.393        132 4.9777e+01 0.0000e+00
      0.286    21.7621     5.1677     58.732  34.088255     36.451      7.183   205.4772     3.2471     2.1659     0.0234      0.010      0.278      0.404        133 4.9465e+01 0.0000e+00
      0.290    21.7502     5.1356     58.356  33.951603     36.270      7.164   206.0072     3.2107     2.0853     0.0233      0.014      0.281      0.409        134 4.8286e+01 0.0000e+00
      0.287    21.7513     5.1045     57.991  33.862495     36.221      7.146   205.9694     3.1096     2.0047     0.0233      0.014      0.281      0.408        135 4.8287e+01 0.0000e+00
      0.284    21.7537     5.0835     57.742  33.754321     36.081      7.135   206.2344     3.0934     2.0047     0.0232      0.012      0.279      0.405        136 4.8812e+01 0.0000e+00
      0.284    21.7560     5.0654     57.528  33.730362     36.080      7.132   205.9315     3.1258     1.9779     0.0232      0.011      0.279      0.405        137 4.8381e+01 0.0000e+00
      0.286    21.7540     5.0464     57.303  33.684722     36.018      7.137   206.3479     3.1055     1.9645     0.0232      0.010      0.279      0.405        138 5.0165e+01 0.0000e+00
      0.284    21.7380     5.0354     57.161  33.573876     35.897      7.140   207.2186     3.3401     2.1390     0.0231      0.006      0.277      0.401        139 5.0163e+01 0.0000e+00
      0.276    21.7157     5.0226     57.000  33.571757     35.898      7.140   207.5972     3.3846     2.1793     0.0231     -0.001      0.272      0.395        140 5.2191e+01 0.0000e+00
      0.274    21.6940     5.0074     56.814  33.568742     35.911      7.141   207.9379     3.3603     2.1390     0.0231     -0.006      0.270      0.392        141 5.4069e+01 0.0000e+00
      0.277    21.6774     4.9840     56.540  33.577634     35.928      7.142   207.6351     3.3603     2.1256     0.0231     -0.007      0.273      0.396        142 5.3153e+01 0.0000e+00
      0.284    21.6665     4.9667     56.334  33.620010     36.005      7.147   208.0136     3.1783     1.9376     0.0231     -0.004      0.278      0.403        143 5.3266e+01 0.0000e+00
      0.287    21.6565     4.9422     56.047  33.634636     36.017      7.148   207.8244     3.1662     1.9913     0.0231     -0.001      0.281      0.408        144 5.2288e+01 0.0000e+00
      0.288    21.6466     4.9192     55.777  33.618750     36.026      7.139   208.3165     3.1419     1.8973     0.0231      0.002      0.282      0.409        145 5.1491e+01 0.0000e+00
      0.286    21.6372     4.8989     55.536  33.580476     35.973      7.134   207.9379     3.1622     1.9510     0.0231      0.003      0.281      0.409        146 5.0403e+01 0.0000e+00
      0.287    21.6298     4.8758     55.265  33.622961     36.041      7.134   207.9001     3.1379     2.1256     0.0231      0.005      0.281      0.409        147 4.9006e+01 0.0000e+00
      0.288    21.6208     4.8571     55.050  33.625193     36.048      7.134   208.8465     3.1541     2.1256     0.0231      0.007      0.281      0.409        148 4.7555e+01 0.0000e+00
      0.287    21.6066     4.8435     54.896  33.577704     35.994      7.131   209.3008     3.1824     2.1927     0.0231      0.006      0.279      0.406        149 4.8260e+01 0.0000e+00
      0.281    21.5914     4.8359     54.804  33.533788     35.971      7.131   209.2629     3.1702     2.2062     0.0231      0.001      0.276      0.401        150 5.0167e+01 0.0000e+00
      0.278    21.5803     4.8280     54.706  33.472264     35.892      7.131   209.6037     3.1419     2.0316     0.0231     -0.003      0.274      0.398        151 5.0477e+01 0.0000e+00
      0.283    21.5719     4.8253     54.667  33.506001     35.964      7.129   210.5122     3.1541     2.0182     0.0231     -0.004      0.276      0.401        152 5.1075e+01 0.0000e+00
      0.285    21.5631     4.8153     54.552  33.521465     35.972      7.125   210.3987     3.1460     1.9107     0.0231     -0.003      0.278      0.403        153 5.0954e+01 0.0000e+00
      0.282    21.5545     4.8078     54.469  33.453023     35.919      7.122   210.0201     3.1419     2.0182     0.0231     -0.003      0.276      0.401        154 5.1095e+01 0.0000e+00
      0.279    21.5458     4.8056     54.441  33.413249     35.866      7.122   210.3987     3.1986     1.9913     0.0230     -0.003      0.274      0.398        155 5.0513e+01 0.0000e+00
      0.278    21.5359     4.8046     54.429  33.422692     35.902      7.123   210.5501     3.2996     2.0182     0.0231     -0.004      0.273      0.397        156 4.8872e+01 0.0000e+00
      0.280    21.5278     4.7940     54.309  33.411621     35.879      7.124   210.8908     3.2754     1.9376     0.0230     -0.002      0.275      0.400        157 4.8575e+01 0.0000e+00
      0.285    21.5251     4.7812     54.159  33.456687     35.946      7.127   210.7394     3.2754     1.9107     0.0231      0.001      0.280      0.407        158 4.7076e+01 0.0000e+00
      0.292    21.5240     4.7659     53.980  33.574197     36.073      7.127   210.9287     3.3239     1.9913     0.0231      0.003      0.285      0.413        159 4.6051e+01 0.0000e+00
      0.295    21.5187     4.7500     53.787  33.561936     36.075      7.127   211.4587     3.1864     2.1122     0.0231      0.005      0.288      0.418        160 4.6451e+01 0.0000e+00
      0.296    21.5111     4.7307     53.543  33.471947     35.956      7.129   211.7615     3.1298     2.0987     0.0231      0.007      0.289      0.418        161 4.5977e+01 0.0000e+00
      0.293    21.5039     4.7111     53.296  33.478602     35.990      7.129   212.2915     3.1622     2.0987     0.0231      0.009      0.289      0.418        162 4.4987e+01 0.0000e+00
      0.293    21.5020     4.6962     53.113  33.464692     35.966      7.128   211.9129     3.1379     2.0584     0.0231      0.009      0.291      0.421        163 4.5731e+01 0.0000e+00
      0.302    21.5034     4.6756     52.867  33.518916     36.031      7.125   212.5187     3.2228     1.9376     0.0231      0.010      0.297      0.430        164 4.6389e+01 0.0000e+00
      0.311    21.5008     4.6732     52.825  33.559399     36.093      7.118   213.2758     3.2309     1.9645     0.0231      0.011      0.303      0.438        165 4.7072e+01 0.0000e+00
      0.311    21.4998     4.6818     52.910  33.414312     35.911      7.112   213.0108     3.2188     1.8570     0.0231      0.011      0.303      0.439        166 4.9408e+01 0.0000e+00
      0.305    21.5000     4.6769     52.849  33.343613     35.854      7.109   212.6322     3.2309     1.9913     0.0230      0.009      0.300      0.435        167 5.1408e+01 0.0000e+00
      0.302    21.4955     4.6700     52.763  33.321180     35.824      7.107   213.3515     3.2309     1.9510     0.0230      0.007      0.297      0.430        168 5.1824e+01 0.0000e+00
      0.301    21.4895     4.6656     52.698  33.353266     35.854      7.100   213.9951     3.2430     1.9107     0.0230      0.005      0.295      0.428        169 5.1735e+01 0.0000e+00
      0.299    21.4775     4.6563     52.576  33.333338     35.857      7.095   213.9194     3.2430     1.9242     0.0230      0.003      0.293      0.425        170 5.2071e+01 0.0000e+00
