Data/DataNotYetUploadedToEDI/Raw_CTD/RawDownloads/092418_fcr50.cnv
* Sea-Bird SBE19plus  Data File:
* FileName = C:\DATA\092418_fcr_0005.hex
* Software version 2.6.3.104
* Temperature SN = 7809
* Conductivity SN = 7809
* System UpLoad Time = Sep 24 2018 16:49:21
* <ApplicationData>
* <Seaterm232>
# nquan = 17
# nvalues = 768                         
# units = specified
# name 0 = depFM: Depth [fresh water, m]
# name 1 = tv290C: Temperature [ITS-90, deg C]
# name 2 = sbeox0Mg/L: Oxygen, SBE 43 [mg/l]
# name 3 = sbeox0PS: Oxygen, SBE 43 [% saturation]
# name 4 = c0uS/cm: Conductivity [uS/cm]
# name 5 = specc: Specific Conductance [uS/cm]
# name 6 = ph: pH
# name 7 = orp: Oxidation Reduction Potential [mV]
# name 8 = flECO-AFL: Fluorescence, WET Labs ECO-AFL/FL [mg/m^3]
# name 9 = turbWETntu0: Turbidity, WET Labs ECO [NTU]
# name 10 = sal00: Salinity, Practical [PSU]
# name 11 = dz/dtM: Descent Rate [m/s]
# name 12 = prdM: Pressure, Strain Gauge [db]
# name 13 = prdE: Pressure, Strain Gauge [psi]
# name 14 = scan: Scan Count
# name 15 = par/sat/log: PAR/Logarithmic, Satlantic
# name 16 = flag:  0.000e+00
# span 0 =     -0.502,      9.809       
# span 1 =    12.8542,    22.0365       
# span 2 =     0.0103,     9.2819       
# span 3 =      0.115,    102.429       
# span 4 =  -0.521462, 148.581431       
# span 5 =      0.041,    196.209       
# span 6 =      6.358,      7.815       
# span 7 =    98.0005,  1240.2295       
# span 8 =    -0.2062,     7.2665       
# span 9 =    -0.3317,    40.2207       
# span 10 =     0.0089,     0.0929      
# span 11 =     -0.004,      0.198      
# span 12 =     -0.492,      9.618      
# span 13 =     -0.713,     13.950      
# span 14 =          1,        768      
# span 15 = 1.2348e-01, 1.8224e+02      
# span 16 = 0.0000e+00, 0.0000e+00      
# interval = seconds: 0.25
# start_time = Sep 24 2018 17:47:13 [Instrument's time stamp, header]
# bad_flag = -9.990e-29
*END*
[from data line 256]
      1.766    22.0251     7.0278     80.427  34.365322     36.552      7.078   290.3153     4.6947     1.9913     0.0235      0.046      1.733      2.513        257 1.8970e+01 0.0000e+00
      1.779    22.0254     7.0307     80.460  34.365191     36.523      7.081   290.5803     4.7351     1.9645     0.0235      0.045      1.745      2.532        258 1.8640e+01 0.0000e+00
      1.795    22.0261     7.0313     80.467  34.347424     36.523      7.083   290.6182     4.6947     1.8436     0.0235      0.047      1.759      2.552        259 1.8310e+01 0.0000e+00
      1.807    22.0261     7.0246     80.391  34.357776     36.523      7.077   290.6939     4.7109     1.9376     0.0235      0.047      1.770      2.567        260 1.8291e+01 0.0000e+00
      1.812    22.0260     7.0255     80.401  34.352309     36.522      7.067   290.5803     4.5330     1.9376     0.0235      0.045      1.780      2.580        261 1.8129e+01 0.0000e+00
      1.825    22.0262     7.0290     80.440  34.413541     36.582      7.061   290.2775     4.5613     1.9242     0.0235      0.045      1.792      2.599        262 1.7684e+01 0.0000e+00
      1.847    22.0256     7.0344     80.501  34.370543     36.552      7.055   290.2017     4.5249     1.9779     0.0235      0.047      1.807      2.621        263 1.7468e+01 0.0000e+00
      1.854    22.0255     7.0473     80.647  34.316850     36.463      7.036   289.7853     4.5087     1.9376     0.0234      0.048      1.817      2.635        264 1.7485e+01 0.0000e+00
      1.857    22.0255     7.0524     80.705  34.391393     36.582      7.034   289.5582     4.5410     1.9107     0.0235      0.046      1.822      2.643        265 1.7303e+01 0.0000e+00
      1.865    22.0252     7.0651     80.850  34.366745     36.523      7.042   290.1639     4.5330     2.0182     0.0235      0.043      1.828      2.652        266 1.7185e+01 0.0000e+00
      1.870    22.0250     7.0721     80.931  34.347523     36.523      7.047   290.0125     4.5289     1.9645     0.0235      0.039      1.835      2.662        267 1.7084e+01 0.0000e+00
      1.881    22.0250     7.0765     80.979  34.385659     36.553      7.060   289.2932     4.5451     1.9376     0.0235      0.037      1.845      2.676        268 1.6721e+01 0.0000e+00
      1.895    22.0252     7.0717     80.919  34.348943     36.523      7.063   290.2396     4.1165     1.6153     0.0235      0.036      1.855      2.691        269 1.6662e+01 0.0000e+00
      1.899    22.0253     7.0668     80.859  34.363559     36.523      7.057   289.3310     4.1165     1.7228     0.0235      0.033      1.862      2.702        270 1.6718e+01 0.0000e+00
      1.905    22.0250     7.0547     80.717  34.397126     36.582      7.058   289.1796     4.1407     1.7496     0.0235      0.030      1.870      2.712        271 1.6394e+01 0.0000e+00
      1.917    22.0243     7.0478     80.638  34.366482     36.523      7.062   290.3153     4.1448     1.7630     0.0235      0.032      1.880      2.728        272 1.6112e+01 0.0000e+00
      1.931    22.0236     7.0305     80.438  34.342382     36.523      7.072   289.7475     4.4480     1.8302     0.0235      0.035      1.894      2.747        273 1.5906e+01 0.0000e+00
      1.947    22.0231     7.0223     80.347  34.338149     36.494      7.076   289.4067     4.4521     1.9913     0.0234      0.039      1.908      2.767        274 1.5649e+01 0.0000e+00
      1.960    22.0228     6.9933     80.018  34.401406     36.584      7.076   289.3310     4.4642     1.9376     0.0235      0.043      1.921      2.787        275 1.5469e+01 0.0000e+00
      1.971    22.0228     6.9707     79.761  34.411941     36.584      7.078   290.1260     4.4844     1.9376     0.0235      0.044      1.931      2.802        276 1.5409e+01 0.0000e+00
      1.978    22.0230     6.9466     79.488  34.354695     36.525      7.075   289.6717     4.6583     1.6422     0.0235      0.045      1.940      2.815        277 1.5311e+01 0.0000e+00
      1.988    22.0213     6.9260     79.251  34.354024     36.525      7.080   289.7475     4.6381     1.7228     0.0235      0.046      1.951      2.831        278 1.4965e+01 0.0000e+00
      2.006    22.0182     6.9084     79.046  34.353464     36.525      7.080   289.9746     4.6502     1.5885     0.0235      0.048      1.966      2.853        279 1.4724e+01 0.0000e+00
      2.021    22.0160     6.8889     78.819  34.385048     36.556      7.084   289.8989     4.6300     1.7093     0.0235      0.049      1.981      2.874        280 1.4552e+01 0.0000e+00
      2.034    22.0143     6.8771     78.679  34.403688     36.588      7.087   289.8610     4.7230     1.9107     0.0235      0.049      1.995      2.894        281 1.4227e+01 0.0000e+00
      2.049    22.0133     6.8529     78.398  34.359924     36.530      7.084   290.5803     4.7149     1.9645     0.0235      0.050      2.009      2.914        282 1.4078e+01 0.0000e+00
      2.061    22.0127     6.8319     78.135  34.350543     36.532      7.080   289.9367     4.7109     1.9107     0.0235      0.051      2.021      2.932        283 1.3937e+01 0.0000e+00
      2.074    22.0141     6.8088     77.841  34.356051     36.532      7.079   290.0125     4.6987     1.9107     0.0235      0.053      2.032      2.948        284 1.3785e+01 0.0000e+00
      2.084    22.0161     6.7642     77.319  34.353072     36.533      7.069   289.7853     4.7311     1.9510     0.0235      0.054      2.042      2.962        285 1.3720e+01 0.0000e+00
      2.089    22.0175     6.6721     76.255  34.383907     36.562      7.059   290.0125     4.5410     1.9107     0.0235      0.050      2.051      2.974        286 1.3623e+01 0.0000e+00
      2.101    22.0189     6.5150     74.436  34.406644     36.590      7.052   290.2396     4.5046     2.0047     0.0235      0.046      2.061      2.989        287 1.3500e+01 0.0000e+00
      2.114    22.0180     6.3353     72.365  34.354431     36.529      7.050   289.8989     4.5127     1.8167     0.0235      0.044      2.075      3.009        288 1.3256e+01 0.0000e+00
      2.132    22.0156     6.1195     69.879  34.359916     36.528      7.056   289.7475     4.5168     1.8705     0.0235      0.045      2.089      3.029        289 1.3093e+01 0.0000e+00
      2.143    22.0124     5.8759     67.073  34.459132     36.648      7.052   290.0125     4.2620     1.9913     0.0235      0.045      2.099      3.044        290 1.3061e+01 0.0000e+00
      2.145    22.0101     5.5511     63.343  34.408898     36.590      7.047   289.3689     4.2418     1.9376     0.0235      0.043      2.105      3.053        291 1.3008e+01 0.0000e+00
      2.152    22.0067     5.1680     58.958  34.333463     36.503      7.056   290.0882     4.2822     1.9645     0.0234      0.041      2.115      3.067        292 1.2777e+01 0.0000e+00
      2.173    21.9919     4.7219     53.857  34.404728     36.594      7.062   290.5803     4.2661     1.9242     0.0235      0.043      2.132      3.093        293 1.2430e+01 0.0000e+00
      2.197    21.9729     4.2407     48.354  34.468492     36.656      7.058   290.6560     4.6219     1.8705     0.0235      0.048      2.153      3.124        294 1.2223e+01 0.0000e+00
      2.218    21.9641     3.7988     43.302  34.461707     36.668      7.060   289.7475     4.5855     1.9913     0.0235      0.053      2.176      3.158        295 1.1885e+01 0.0000e+00
      2.246    21.9553     3.3840     38.563  34.472492     36.683      7.055   289.9746     4.5774     1.8705     0.0235      0.060      2.201      3.193        296 1.1502e+01 0.0000e+00
      2.270    21.9401     3.0024     34.212  34.514392     36.749      7.044   290.0882     4.5693     1.9107     0.0235      0.069      2.223      3.226        297 1.1302e+01 0.0000e+00
      2.286    21.9265     2.7268     31.067  34.557851     36.786      7.033   290.3910     4.5006     1.8973     0.0235      0.077      2.241      3.251        298 1.1153e+01 0.0000e+00
      2.300    21.9118     2.5397     28.916  34.566695     36.828      7.031   290.5425     4.5087     1.9645     0.0236      0.083      2.256      3.271        299 1.1042e+01 0.0000e+00
      2.314    21.8930     2.4284     27.627  34.592362     36.838      7.032   290.8453     4.4925     2.0316     0.0236      0.083      2.273      3.296        300 1.0825e+01 0.0000e+00
      2.339    21.8745     2.3707     26.954  34.614886     36.909      7.030   291.0346     4.5087     1.7899     0.0236      0.080      2.293      3.326        301 1.0578e+01 0.0000e+00
      2.361    21.8623     2.3285     26.462  34.597985     36.864      7.024   291.0346     4.5087     1.9376     0.0236      0.077      2.314      3.356        302 1.0443e+01 0.0000e+00
      2.378    21.8513     2.2578     25.648  34.643060     36.969      7.023   290.8075     4.0679     1.8839     0.0236      0.075      2.333      3.383        303 1.0229e+01 0.0000e+00
      2.399    21.8353     2.1934     24.906  34.647771     36.948      7.018   291.1103     4.0720     1.9645     0.0236      0.073      2.351      3.409        304 1.0039e+01 0.0000e+00
      2.414    21.8185     2.1142     24.001  34.621787     36.957      7.012   291.7917     4.0801     1.9913     0.0236      0.073      2.365      3.430        305 9.9847e+00 0.0000e+00
      2.421    21.8052     1.9909     22.598  34.586433     36.910      7.005   291.1482     4.0477     1.9779     0.0236      0.071      2.376      3.447        306 9.8430e+00 0.0000e+00
      2.437    21.8009     1.8341     20.814  34.573148     36.923      7.001   291.4132     3.9628     1.7093     0.0236      0.069      2.391      3.468        307 9.6420e+00 0.0000e+00
      2.458    21.7914     1.6521     18.748  34.638327     36.993      6.999   291.8675     3.9426     1.6690     0.0236      0.067      2.409      3.494        308 9.5063e+00 0.0000e+00
      2.475    21.7593     1.4585     16.550  34.653608     37.027      6.986   290.6939     3.9305     1.7630     0.0236      0.064      2.427      3.520        309 9.3565e+00 0.0000e+00
      2.491    21.7195     1.3078     14.834  34.643104     37.004      6.983   291.0346     3.9709     1.7093     0.0236      0.062      2.444      3.545        310 9.1450e+00 0.0000e+00
      2.512    21.6875     1.1904     13.498  34.621750     37.030      6.976   291.5267     4.1448     1.7899     0.0236      0.064      2.463      3.573        311 8.9887e+00 0.0000e+00
      2.531    21.6632     1.1161     12.653  34.531914     36.942      6.967   291.8296     4.1488     1.6690     0.0235      0.065      2.483      3.601        312 8.8255e+00 0.0000e+00
      2.551    21.6404     1.0782     12.225  34.517667     36.967      6.956   292.0946     4.1690     1.7496     0.0235      0.069      2.503      3.631        313 8.5254e+00 0.0000e+00
      2.577    21.6201     1.0610     12.031  34.580182     37.046      6.942   292.3217     4.1326     1.7362     0.0236      0.075      2.525      3.664        314 8.2698e+00 0.0000e+00
      2.599    21.6073     1.0507     11.914  34.661725     37.154      6.926   292.4353     4.2701     1.9913     0.0236      0.078      2.545      3.693        315 8.1968e+00 0.0000e+00
      2.611    21.5987     1.0647     12.071  34.683109     37.200      6.912   292.3596     4.2620     1.9242     0.0236      0.078      2.560      3.713        316 8.0991e+00 0.0000e+00
      2.623    21.5905     1.0819     12.267  34.701862     37.211      6.903   292.4353     4.2499     1.9107     0.0236      0.077      2.571      3.729        317 7.9588e+00 0.0000e+00
      2.631    21.5882     1.0884     12.334  34.757021     37.307      6.888   292.6625     4.2782     1.9376     0.0237      0.072      2.581      3.743        318 7.9347e+00 0.0000e+00
      2.640    21.5842     1.0960     12.413  34.644127     37.164      6.878   293.0032     3.6231     1.6959     0.0236      0.065      2.592      3.759        319 7.8475e+00 0.0000e+00
      2.659    21.5667     1.0953     12.399  34.634763     37.166      6.870   293.1546     3.6191     1.7228     0.0236      0.060      2.609      3.784        320 7.5816e+00 0.0000e+00
      2.682    21.5474     1.0748     12.161  34.709362     37.258      6.860   293.2682     3.6029     1.6153     0.0236      0.057      2.627      3.809        321 7.4831e+00 0.0000e+00
      2.693    21.5396     1.0568     11.952  34.699577     37.243      6.841   293.6089     3.5948     1.6422     0.0236      0.054      2.639      3.828        322 7.5414e+00 0.0000e+00
      2.699    21.5463     1.0702     12.099  34.676605     37.258      6.826   293.3439     3.3967     1.9376     0.0236      0.052      2.649      3.842        323 7.4333e+00 0.0000e+00
      2.711    21.5522     1.1218     12.679  34.648988     37.205      6.813   293.7603     3.3441     1.9779     0.0236      0.052      2.660      3.858        324 7.2547e+00 0.0000e+00
      2.729    21.5438     1.2387     13.995  34.674636     37.259      6.809   293.7982     3.3482     1.9645     0.0236      0.054      2.674      3.878        325 7.2261e+00 0.0000e+00
      2.740    21.5401     1.4374     16.234  34.644685     37.195      6.793   294.3660     3.3603     2.0316     0.0236      0.054      2.684      3.893        326 7.2631e+00 0.0000e+00
      2.742    21.5392     1.6603     18.745  34.656603     37.231      6.774   294.5932     3.3522     1.9510     0.0236      0.050      2.693      3.906        327 7.1429e+00 0.0000e+00
      2.758    21.5158     1.9043     21.492  34.689462     37.265      6.770   294.4039     2.7457     1.9645     0.0236      0.046      2.708      3.928        328 6.9861e+00 0.0000e+00
      2.785    21.4850     2.1433     24.179  34.574139     37.144      6.768   294.9339     2.7133     1.9376     0.0236      0.047      2.729      3.958        329 6.8393e+00 0.0000e+00
      2.805    21.4603     2.3577     26.587  34.473902     37.044      6.757   295.0096     2.7052     1.8973     0.0235      0.053      2.749      3.987        330 6.7906e+00 0.0000e+00
      2.818    21.4365     2.5725     29.001  34.399023     37.008      6.748   294.5553     2.7093     1.9242     0.0235      0.058      2.767      4.013        331 6.6867e+00 0.0000e+00
      2.842    21.4143     2.8508     32.134  34.222493     36.817      6.741   294.5932     2.3170     2.1659     0.0234      0.063      2.788      4.043        332 6.4450e+00 0.0000e+00
      2.870    21.3957     3.1569     35.578  34.011511     36.625      6.731   296.2968     2.2645     2.1390     0.0233      0.070      2.811      4.077        333 6.3470e+00 0.0000e+00
      2.886    21.3790     3.4806     39.220  33.890541     36.493      6.723   295.6153     2.2645     2.0853     0.0233      0.077      2.830      4.104        334 6.2210e+00 0.0000e+00
      2.900    21.3607     3.7979     42.788  33.868902     36.507      6.717   295.7668     2.2604     2.1390     0.0233      0.080      2.847      4.129        335 6.0563e+00 0.0000e+00
      2.923    21.3422     4.0682     45.820  33.890173     36.520      6.708   295.3125     2.5920     2.1390     0.0233      0.080      2.872      4.165        336 5.8645e+00 0.0000e+00
      2.963    21.3244     4.2819     48.222  33.804766     36.474      6.704   295.6910     2.6041     2.2196     0.0232      0.083      2.904      4.212        337 5.6572e+00 0.0000e+00
      2.998    21.3074     4.4308     49.895  33.648990     36.278      6.688   296.9782     2.5799     2.1659     0.0232      0.092      2.934      4.257        338 5.5890e+00 0.0000e+00
      3.015    21.2865     4.5406     51.122  33.431626     36.111      6.679   296.4482     2.5799     2.1122     0.0231      0.097      2.959      4.292        339 5.4020e+00 0.0000e+00
      3.043    21.2635     4.5813     51.573  32.889086     35.490      6.681   296.9782     2.1836     2.2464     0.0228      0.100      2.982      4.325        340 5.2329e+00 0.0000e+00
