Data/DataNotYetUploadedToEDI/Raw_CTD/RawDownloads/092418_fcr20.cnv
* Sea-Bird SBE19plus  Data File:
* FileName = C:\DATA\092418_fcr_0002.hex
* Software version 2.6.3.104
* Temperature SN = 7809
* Conductivity SN = 7809
* System UpLoad Time = Sep 24 2018 16:48:00
* <ApplicationData>
* <Seaterm232>
# nquan = 17
# nvalues = 1229                        
# units = specified
# name 0 = depFM: Depth [fresh water, m]
# name 1 = tv290C: Temperature [ITS-90, deg C]
# name 2 = sbeox0Mg/L: Oxygen, SBE 43 [mg/l]
# name 3 = sbeox0PS: Oxygen, SBE 43 [% saturation]
# name 4 = c0uS/cm: Conductivity [uS/cm]
# name 5 = specc: Specific Conductance [uS/cm]
# name 6 = ph: pH
# name 7 = orp: Oxidation Reduction Potential [mV]
# name 8 = flECO-AFL: Fluorescence, WET Labs ECO-AFL/FL [mg/m^3]
# name 9 = turbWETntu0: Turbidity, WET Labs ECO [NTU]
# name 10 = sal00: Salinity, Practical [PSU]
# name 11 = dz/dtM: Descent Rate [m/s]
# name 12 = prdM: Pressure, Strain Gauge [db]
# name 13 = prdE: Pressure, Strain Gauge [psi]
# name 14 = scan: Scan Count
# name 15 = par/sat/log: PAR/Logarithmic, Satlantic
# name 16 = flag:  0.000e+00
# span 0 =     -0.491,      3.595       
# span 1 =    18.2089,    22.0542       
# span 2 =     4.2496,     9.2258       
# span 3 =     47.861,    103.608       
# span 4 =   0.828152,  36.119680       
# span 5 =      0.945,     38.542       
# span 6 =      6.310,      7.770       
# span 7 =   152.0228,   391.0156       
# span 8 =    -0.2021,     2.9276       
# span 9 =    -0.3049,     8.7053       
# span 10 =     0.0092,     0.0242      
# span 11 =     -0.191,      0.251      
# span 12 =     -0.482,      3.525      
# span 13 =     -0.698,      5.113      
# span 14 =          1,       1229      
# span 15 = 2.5242e+00, 2.5959e+02      
# span 16 = 0.0000e+00, 0.0000e+00      
# interval = seconds: 0.25
# start_time = Sep 24 2018 14:18:44 [Instrument's time stamp, header]
# bad_flag = -9.990e-29
*END*
[from data line 426]
      0.321    22.0391     6.2942     72.052  34.532593     36.689      7.023   229.8194     2.1391     3.0924     0.0235     -0.003      0.315      0.457        427 9.6073e+01 0.0000e+00
      0.322    22.0380     6.2940     72.051  34.508782     36.690      7.036   230.0466     2.1917     3.1730     0.0235     -0.003      0.316      0.458        428 9.4764e+01 0.0000e+00
      0.323    22.0374     6.2880     71.983  34.480619     36.631      7.048   229.9330     2.1836     3.0387     0.0235     -0.003      0.316      0.459        429 9.4496e+01 0.0000e+00
      0.323    22.0343     6.2770     71.857  34.508330     36.692      7.054   230.5387     2.1957     3.0521     0.0235     -0.003      0.316      0.459        430 9.4493e+01 0.0000e+00
      0.322    22.0306     6.2683     71.754  34.533611     36.692      7.055   230.0844     2.2119     3.1058     0.0235     -0.002      0.316      0.458        431 9.4659e+01 0.0000e+00
      0.322    22.0297     6.2587     71.644  34.538127     36.724      7.052   230.4630     2.1108     3.0521     0.0235     -0.001      0.316      0.458        432 9.5626e+01 0.0000e+00
      0.323    22.0304     6.2528     71.580  34.532368     36.697      7.056   230.3116     2.1229     3.1730     0.0235      0.000      0.316      0.459        433 9.6503e+01 0.0000e+00
      0.323    22.0324     6.2592     71.658  34.511125     36.698      7.063   230.2737     2.1027     3.1730     0.0235      0.001      0.316      0.459        434 9.6930e+01 0.0000e+00
      0.322    22.0354     6.2652     71.730  34.475595     36.638      7.070   230.8416     2.1027     3.0924     0.0235      0.000      0.316      0.458        435 9.7345e+01 0.0000e+00
      0.321    22.0380     6.2726     71.816  34.517268     36.696      7.075   230.8794     2.2079     3.1193     0.0235     -0.000      0.315      0.458        436 9.7041e+01 0.0000e+00
      0.322    22.0397     6.2790     71.889  34.548231     36.723      7.074   231.3716     2.2200     3.0790     0.0235     -0.001      0.315      0.458        437 9.6415e+01 0.0000e+00
      0.323    22.0407     6.2883     71.996  34.526032     36.691      7.064   231.2959     2.2079     3.1595     0.0235     -0.000      0.316      0.459        438 9.5648e+01 0.0000e+00
      0.323    22.0415     6.2986     72.114  34.515238     36.690      7.052   231.4473     2.1876     3.0521     0.0235      0.000      0.316      0.459        439 9.5201e+01 0.0000e+00
      0.323    22.0410     6.3003     72.133  34.532007     36.689      7.042   231.4851     2.1917     3.0790     0.0235      0.000      0.316      0.459        440 9.5118e+01 0.0000e+00
      0.322    22.0388     6.3034     72.168  34.564475     36.748      7.026   232.2801     2.1998     3.1595     0.0236      0.000      0.316      0.458        441 9.5246e+01 0.0000e+00
      0.322    22.0383     6.3015     72.147  34.534144     36.689      7.008   231.5987     2.1796     3.0924     0.0235      0.000      0.316      0.458        442 9.5680e+01 0.0000e+00
      0.322    22.0409     6.2973     72.099  34.540096     36.721      6.991   231.5230     2.1998     3.1864     0.0235      0.000      0.316      0.458        443 9.6055e+01 0.0000e+00
      0.322    22.0443     6.2956     72.080  34.527412     36.691      6.979   231.9394     2.1755     3.0924     0.0235      0.000      0.316      0.458        444 9.6639e+01 0.0000e+00
      0.322    22.0466     6.2884     71.998  34.520273     36.689      6.979   231.4851     2.2079     3.1730     0.0235     -0.000      0.316      0.458        445 9.6819e+01 0.0000e+00
      0.323    22.0479     6.2802     71.904  34.578636     36.746      6.979   231.8259     2.2159     3.1730     0.0236     -0.000      0.317      0.459        446 9.6922e+01 0.0000e+00
      0.323    22.0482     6.2783     71.881  34.573406     36.744      6.981   231.8637     2.1917     3.1730     0.0236      0.000      0.317      0.459        447 9.6936e+01 0.0000e+00
      0.323    22.0483     6.2789     71.887  34.586095     36.743      6.978   232.0151     2.1917     3.1327     0.0236      0.000      0.317      0.459        448 9.6310e+01 0.0000e+00
      0.323    22.0485     6.2769     71.864  34.592500     36.773      6.970   232.0530     2.3049     3.0790     0.0236      0.001      0.317      0.459        449 9.5633e+01 0.0000e+00
      0.324    22.0482     6.2790     71.889  34.535777     36.683      6.972   232.0530     2.3292     3.1193     0.0235      0.001      0.317      0.460        450 9.5583e+01 0.0000e+00
      0.325    22.0477     6.2833     71.938  34.508404     36.683      6.970   232.4316     2.3292     3.1327     0.0235      0.001      0.318      0.461        451 9.5266e+01 0.0000e+00
      0.325    22.0478     6.2885     71.997  34.537597     36.683      6.962   232.3559     2.3453     3.1327     0.0235      0.001      0.318      0.461        452 9.5519e+01 0.0000e+00
      0.324    22.0483     6.2854     71.962  34.558759     36.743      6.959   232.5073     2.1715     3.1864     0.0236      0.001      0.318      0.461        453 9.6417e+01 0.0000e+00
      0.324    22.0485     6.2857     71.965  34.600692     36.743      6.958   232.6587     2.2038     3.0924     0.0236      0.001      0.318      0.461        454 9.6051e+01 0.0000e+00
      0.324    22.0485     6.2798     71.896  34.633694     36.832      6.955   232.6966     2.2079     3.0655     0.0236      0.001      0.318      0.461        455 9.6683e+01 0.0000e+00
      0.324    22.0484     6.2770     71.864  34.665972     36.802      6.950   232.6209     2.1917     3.1730     0.0236      0.000      0.318      0.461        456 9.6811e+01 0.0000e+00
      0.324    22.0480     6.2762     71.855  34.857092     37.069      6.945   232.7344     2.2159     3.0253     0.0237      0.000      0.318      0.461        457 9.6496e+01 0.0000e+00
      0.324    22.0476     6.2775     71.872  34.840701     37.010      6.946   232.5451     2.2079     3.0790     0.0237     -0.000      0.317      0.460        458 9.6700e+01 0.0000e+00
      0.323    22.0474     6.2782     71.880  34.686369     36.862      6.951   233.0752     2.2038     3.2535     0.0236     -0.001      0.316      0.459        459 9.6402e+01 0.0000e+00
      0.322    22.0475     6.2822     71.926  34.633961     36.803      6.959   233.0373     2.2200     3.1595     0.0236     -0.001      0.316      0.458        460 9.6532e+01 0.0000e+00
      0.323    22.0475     6.2814     71.917  34.609356     36.773      6.968   233.0752     2.1796     3.0924     0.0236     -0.001      0.316      0.459        461 9.6184e+01 0.0000e+00
      0.323    22.0474     6.2814     71.917  34.628020     36.803      6.967   233.0752     2.1876     3.0790     0.0236     -0.001      0.317      0.460        462 9.6637e+01 0.0000e+00
      0.324    22.0472     6.2841     71.948  34.640390     36.803      6.969   232.9994     2.2038     3.1998     0.0236     -0.001      0.317      0.460        463 9.6789e+01 0.0000e+00
      0.323    22.0468     6.2828     71.934  34.623617     36.803      6.966   233.2266     2.2159     3.1730     0.0236     -0.000      0.317      0.460        464 9.7241e+01 0.0000e+00
      0.323    22.0463     6.2817     71.924  34.589581     36.744      6.961   233.4537     2.1917     3.1193     0.0236     -0.000      0.317      0.460        465 9.7304e+01 0.0000e+00
      0.323    22.0461     6.2799     71.905  34.623436     36.803      6.956   233.6809     2.2726     3.1193     0.0236      0.000      0.317      0.459        466 9.7089e+01 0.0000e+00
      0.323    22.0468     6.2837     71.948  34.611142     36.774      6.949   233.4916     2.2645     3.0387     0.0236      0.000      0.317      0.459        467 9.7128e+01 0.0000e+00
      0.323    22.0478     6.2876     71.994  34.575222     36.744      6.937   233.7187     2.2604     3.1461     0.0236      0.000      0.317      0.460        468 9.6786e+01 0.0000e+00
      0.324    22.0480     6.2909     72.032  34.638480     36.803      6.927   234.0594     2.2604     3.1730     0.0236      0.000      0.317      0.460        469 9.6708e+01 0.0000e+00
      0.323    22.0479     6.2956     72.086  34.621388     36.803      6.926   234.1352     2.2604     3.0655     0.0236     -0.000      0.317      0.459        470 9.6355e+01 0.0000e+00
      0.323    22.0481     6.2972     72.105  34.596491     36.743      6.922   233.8702     2.2564     3.0655     0.0236     -0.000      0.317      0.459        471 9.6648e+01 0.0000e+00
      0.323    22.0483     6.2971     72.105  34.639806     36.832      6.922   233.9459     2.2645     3.1058     0.0236     -0.000      0.317      0.459        472 9.6431e+01 0.0000e+00
      0.323    22.0482     6.3025     72.167  34.597141     36.743      6.926   234.2109     2.2523     3.0521     0.0236      0.000      0.317      0.459        473 9.6221e+01 0.0000e+00
      0.323    22.0489     6.3052     72.196  34.619933     36.802      6.935   234.2866     2.2847     3.0387     0.0236     -0.000      0.316      0.459        474 9.6664e+01 0.0000e+00
      0.322    22.0508     6.3071     72.217  34.581785     36.743      6.939   234.3623     2.2604     3.0655     0.0236     -0.000      0.316      0.458        475 9.6749e+01 0.0000e+00
      0.322    22.0515     6.3055     72.199  34.525989     36.683      6.943   234.7030     2.2523     3.1193     0.0235     -0.001      0.316      0.458        476 9.7075e+01 0.0000e+00
      0.322    22.0517     6.3060     72.203  34.570745     36.741      6.946   234.3623     2.2968     3.1730     0.0236     -0.001      0.316      0.458        477 9.7447e+01 0.0000e+00
      0.322    22.0522     6.3031     72.169  34.555742     36.711      6.948   233.8702     2.2079     3.1193     0.0235     -0.001      0.316      0.458        478 9.7049e+01 0.0000e+00
      0.323    22.0523     6.3053     72.192  34.574315     36.740      6.940   234.2866     2.1876     3.2535     0.0236     -0.000      0.317      0.459        479 9.7548e+01 0.0000e+00
      0.323    22.0527     6.3091     72.234  34.577288     36.740      6.941   234.2866     2.1836     3.1461     0.0236     -0.000      0.317      0.459        480 9.7612e+01 0.0000e+00
      0.322    22.0531     6.3042     72.179  34.522386     36.680      6.942   234.3623     2.1755     3.0924     0.0235     -0.000      0.316      0.458        481 9.7778e+01 0.0000e+00
      0.321    22.0535     6.2969     72.097  34.524014     36.680      6.942   234.5894     2.1957     3.0924     0.0235     -0.000      0.315      0.457        482 9.8041e+01 0.0000e+00
      0.322    22.0538     6.2974     72.105  34.515949     36.680      6.944   234.8923     2.1876     3.1058     0.0235     -0.000      0.315      0.457        483 9.7781e+01 0.0000e+00
      0.321    22.0530     6.2999     72.135  34.502765     36.650      6.943   234.8923     2.2159     3.1193     0.0235     -0.000      0.315      0.457        484 9.8308e+01 0.0000e+00
      0.322    22.0527     6.3039     72.182  34.510764     36.679      6.939   234.9680     2.1836     3.1058     0.0235     -0.001      0.315      0.457        485 9.7862e+01 0.0000e+00
      0.322    22.0525     6.3113     72.267  34.476340     36.620      6.945   235.1194     2.1674     3.1193     0.0235     -0.001      0.315      0.457        486 9.8471e+01 0.0000e+00
      0.322    22.0514     6.3131     72.288  34.515950     36.680      6.954   235.2330     2.2564     3.1461     0.0235     -0.001      0.315      0.457        487 9.8228e+01 0.0000e+00
      0.322    22.0507     6.3064     72.210  34.520782     36.680      6.962   235.0816     2.2685     3.1193     0.0235     -0.000      0.315      0.457        488 9.7845e+01 0.0000e+00
      0.322    22.0492     6.3120     72.274  34.529639     36.681      6.974   234.9680     2.2402     3.1864     0.0235      0.000      0.315      0.457        489 9.7522e+01 0.0000e+00
      0.321    22.0479     6.3098     72.248  34.534584     36.711      6.982   235.4980     2.2321     3.0924     0.0235      0.000      0.315      0.457        490 9.6634e+01 0.0000e+00
      0.322    22.0486     6.3087     72.235  34.484973     36.623      6.981   235.1573     2.2726     3.1998     0.0235     -0.000      0.315      0.457        491 9.6776e+01 0.0000e+00
      0.322    22.0500     6.3055     72.198  34.502410     36.684      6.980   235.6494     2.2443     3.1730     0.0235      0.000      0.315      0.457        492 9.6538e+01 0.0000e+00
      0.322    22.0514     6.2989     72.123  34.483227     36.624      6.983   235.4602     2.2847     3.0521     0.0235     -0.000      0.315      0.457        493 9.7022e+01 0.0000e+00
      0.321    22.0527     6.3009     72.146  34.508846     36.682      6.988   235.5359     2.2443     3.1193     0.0235     -0.000      0.315      0.457        494 9.7288e+01 0.0000e+00
      0.321    22.0535     6.3079     72.227  34.529839     36.681      6.985   235.3466     2.2726     3.1730     0.0235     -0.000      0.315      0.457        495 9.7503e+01 0.0000e+00
      0.322    22.0538     6.3119     72.272  34.546070     36.710      6.988   235.4602     2.2604     3.1193     0.0235     -0.000      0.315      0.457        496 9.7587e+01 0.0000e+00
      0.322    22.0539     6.3150     72.308  34.518303     36.679      6.987   235.3466     2.2685     3.1998     0.0235     -0.000      0.315      0.457        497 9.8450e+01 0.0000e+00
      0.321    22.0535     6.3187     72.351  34.534738     36.679      6.987   235.6494     2.2604     3.1193     0.0235      0.000      0.315      0.457        498 9.8715e+01 0.0000e+00
      0.322    22.0529     6.3182     72.345  34.614587     36.798      6.992   235.7252     2.2038     2.8641     0.0236     -0.000      0.315      0.457        499 9.8248e+01 0.0000e+00
      0.322    22.0524     6.3156     72.313  34.596872     36.739      6.992   235.4223     2.2159     2.9581     0.0236      0.000      0.315      0.457        500 9.8371e+01 0.0000e+00
      0.321    22.0521     6.3162     72.320  34.586441     36.769      6.989   235.8387     2.1755     2.8776     0.0236      0.000      0.315      0.457        501 9.8244e+01 0.0000e+00
      0.322    22.0521     6.3154     72.309  34.538599     36.680      6.975   235.6873     2.2119     2.8776     0.0235      0.000      0.315      0.457        502 9.8497e+01 0.0000e+00
      0.321    22.0522     6.3193     72.355  34.567442     36.740      6.965   235.7630     2.1998     2.9178     0.0236      0.000      0.315      0.457        503 9.8419e+01 0.0000e+00
      0.321    22.0521     6.3123     72.274  34.580203     36.740      6.954   235.9902     2.2119     2.7701     0.0236     -0.000      0.314      0.456        504 9.8637e+01 0.0000e+00
      0.321    22.0523     6.3119     72.271  34.522717     36.680      6.945   236.2173     2.1917     2.8507     0.0235     -0.000      0.314      0.456        505 9.8956e+01 0.0000e+00
      0.321    22.0525     6.3043     72.184  34.520356     36.680      6.937   236.4444     2.1876     2.9178     0.0235     -0.000      0.314      0.456        506 9.8684e+01 0.0000e+00
      0.321    22.0528     6.2940     72.067  34.553484     36.710      6.930   236.4066     2.2119     2.9984     0.0235     -0.001      0.314      0.456        507 9.8883e+01 0.0000e+00
      0.320    22.0529     6.2900     72.021  34.570458     36.740      6.923   236.2173     2.1715     3.1327     0.0236     -0.001      0.314      0.456        508 9.9437e+01 0.0000e+00
      0.321    22.0524     6.2894     72.013  34.528890     36.680      6.918   236.4444     2.1917     3.1327     0.0235     -0.001      0.314      0.456        509 9.8909e+01 0.0000e+00
      0.321    22.0515     6.2916     72.038  34.516246     36.680      6.912   236.4444     2.1876     3.1864     0.0235     -0.000      0.315      0.457        510 9.8971e+01 0.0000e+00
