Data/DataNotYetUploadedToEDI/Raw_CTD/RawDownloads/092418_fcr50.cnv
* Sea-Bird SBE19plus  Data File:
* FileName = C:\DATA\092418_fcr_0005.hex
* Software version 2.6.3.104
* Temperature SN = 7809
* Conductivity SN = 7809
* System UpLoad Time = Sep 24 2018 16:49:21
* <ApplicationData>
* <Seaterm232>
# nquan = 17
# nvalues = 768                         
# units = specified
# name 0 = depFM: Depth [fresh water, m]
# name 1 = tv290C: Temperature [ITS-90, deg C]
# name 2 = sbeox0Mg/L: Oxygen, SBE 43 [mg/l]
# name 3 = sbeox0PS: Oxygen, SBE 43 [% saturation]
# name 4 = c0uS/cm: Conductivity [uS/cm]
# name 5 = specc: Specific Conductance [uS/cm]
# name 6 = ph: pH
# name 7 = orp: Oxidation Reduction Potential [mV]
# name 8 = flECO-AFL: Fluorescence, WET Labs ECO-AFL/FL [mg/m^3]
# name 9 = turbWETntu0: Turbidity, WET Labs ECO [NTU]
# name 10 = sal00: Salinity, Practical [PSU]
# name 11 = dz/dtM: Descent Rate [m/s]
# name 12 = prdM: Pressure, Strain Gauge [db]
# name 13 = prdE: Pressure, Strain Gauge [psi]
# name 14 = scan: Scan Count
# name 15 = par/sat/log: PAR/Logarithmic, Satlantic
# name 16 = flag:  0.000e+00
# span 0 =     -0.502,      9.809       
# span 1 =    12.8542,    22.0365       
# span 2 =     0.0103,     9.2819       
# span 3 =      0.115,    102.429       
# span 4 =  -0.521462, 148.581431       
# span 5 =      0.041,    196.209       
# span 6 =      6.358,      7.815       
# span 7 =    98.0005,  1240.2295       
# span 8 =    -0.2062,     7.2665       
# span 9 =    -0.3317,    40.2207       
# span 10 =     0.0089,     0.0929      
# span 11 =     -0.004,      0.198      
# span 12 =     -0.492,      9.618      
# span 13 =     -0.713,     13.950      
# span 14 =          1,        768      
# span 15 = 1.2348e-01, 1.8224e+02      
# span 16 = 0.0000e+00, 0.0000e+00      
# interval = seconds: 0.25
# start_time = Sep 24 2018 17:47:13 [Instrument's time stamp, header]
# bad_flag = -9.990e-29
*END*
[from data line 426]
      4.187    20.5542     0.1096      1.213  45.088034     49.429      6.462   300.1203     2.2483     5.8988     0.0285      0.065      4.104      5.952        427 1.1104e+00 0.0000e+00
      4.205    20.5338     0.1169      1.293  45.558753     50.019      6.453   300.8018     2.8225     5.3617     0.0287      0.064      4.122      5.978        428 1.0911e+00 0.0000e+00
      4.217    20.5047     0.1175      1.299  45.905676     50.344      6.445   301.0289     2.8670     5.4691     0.0289      0.062      4.138      6.002        429 1.0208e+00 0.0000e+00
      4.239    20.4733     0.1234      1.363  46.436692     51.010      6.437   300.7261     2.8508     5.4289     0.0291      0.065      4.155      6.027        430 1.0104e+00 0.0000e+00
      4.253    20.4508     0.1305      1.441  46.826721     51.443      6.429   300.3096     2.8427     5.4557     0.0293      0.067      4.170      6.048        431 1.0062e+00 0.0000e+00
      4.264    20.4253     0.1281      1.414  47.022714     51.694      6.427   299.9689     2.8184     5.3886     0.0294      0.067      4.183      6.067        432 9.4617e-01 0.0000e+00
      4.281    20.3953     0.1318      1.456  47.379794     52.119      6.427   299.8175     3.5423     5.4020     0.0296      0.067      4.197      6.087        433 8.9489e-01 0.0000e+00
      4.292    20.3697     0.1301      1.438  47.658397     52.456      6.423   299.2496     3.5625     5.4960     0.0297      0.063      4.210      6.107        434 8.8448e-01 0.0000e+00
      4.307    20.3407     0.1261      1.393  48.219158     53.077      6.423   297.0160     3.5746     5.4826     0.0300      0.059      4.224      6.128        435 8.6732e-01 0.0000e+00
      4.325    20.3142     0.1264      1.397  49.056087     54.092      6.420   297.6218     3.5584     5.5094     0.0304      0.058      4.238      6.148        436 8.5113e-01 0.0000e+00
      4.332    20.2949     0.1297      1.434  49.287820     54.343      6.414   298.5303     3.8294     5.4289     0.0305      0.056      4.250      6.164        437 8.5652e-01 0.0000e+00
      4.346    20.2693     0.1267      1.400  49.295960     54.375      6.413   298.8332     3.8374     5.4154     0.0305      0.053      4.263      6.183        438 8.3759e-01 0.0000e+00
      4.365    20.2446     0.1249      1.379  49.698901     54.860      6.416   297.2432     3.8011     5.4154     0.0307      0.054      4.278      6.205        439 8.1085e-01 0.0000e+00
      4.376    20.2240     0.1278      1.409  49.854816     55.078      6.413   296.6375     3.8253     5.4557     0.0308      0.054      4.294      6.228        440 7.9679e-01 0.0000e+00
      4.399    20.2031     0.1315      1.447  49.903272     55.107      6.417   295.9939     4.6704     5.2274     0.0308      0.056      4.313      6.256        441 7.5537e-01 0.0000e+00
      4.420    20.1942     0.1324      1.455  50.321243     55.658      6.414   296.1832     4.6745     5.2812     0.0310      0.060      4.330      6.280        442 7.4271e-01 0.0000e+00
      4.424    20.2026     0.1338      1.470  50.106342     55.436      6.407   295.9182     4.6381     5.2006     0.0309      0.060      4.342      6.298        443 7.4120e-01 0.0000e+00
      4.441    20.2173     0.1327      1.456  49.814570     55.045      6.407   293.9496     4.6421     5.2140     0.0308      0.060      4.356      6.318        444 6.9373e-01 0.0000e+00
      4.460    20.2238     0.1301      1.426  50.239161     55.623      6.404   293.0789     5.2608     5.2946     0.0310      0.063      4.371      6.340        445 6.7153e-01 0.0000e+00
      4.469    20.2355     0.1318      1.444  50.201211     55.481      6.403   292.7003     5.2729     5.2543     0.0310      0.061      4.386      6.362        446 6.7460e-01 0.0000e+00
      4.491    20.2495     0.1311      1.436  49.980507     55.256      6.404   292.2460     5.2770     5.2006     0.0309      0.061      4.404      6.387        447 6.6296e-01 0.0000e+00
      4.510    20.2295     0.1327      1.451  49.949905     55.213      6.400   291.9810     5.3053     5.2946     0.0309      0.062      4.422      6.413        448 6.5422e-01 0.0000e+00
      4.524    20.1801     0.1305      1.424  50.447045     55.686      6.400   291.9810     5.8431     4.7172     0.0311      0.061      4.439      6.438        449 6.5729e-01 0.0000e+00
      4.548    20.1097     0.1340      1.460  51.498804     56.981      6.403   290.9589     5.8310     4.8112     0.0316      0.064      4.458      6.466        450 6.3961e-01 0.0000e+00
      4.564    20.0234     0.1353      1.473  51.905908     57.413      6.404   290.1260     5.8390     4.8380     0.0318      0.069      4.476      6.493        451 5.9979e-01 0.0000e+00
      4.582    19.9489     0.1341      1.459  52.700842     58.372      6.408   288.7632     5.8512     4.8649     0.0322      0.070      4.494      6.518        452 5.6361e-01 0.0000e+00
      4.602    19.9023     0.1392      1.514  53.507562     59.509      6.403   289.4446     7.0400     4.5292     0.0327      0.071      4.510      6.541        453 5.2160e-01 0.0000e+00
      4.609    19.8603     0.1332      1.447  53.425117     59.329      6.403   289.1796     7.0157     4.5560     0.0326      0.070      4.522      6.559        454 5.4007e-01 0.0000e+00
      4.624    19.8204     0.1361      1.477  53.872125     60.043      6.409   288.6875     7.0077     4.6366     0.0328      0.067      4.533      6.574        455 5.5738e-01 0.0000e+00
      4.633    19.8028     0.1353      1.466  54.109017     60.286      6.407   288.0060     7.0279     4.6500     0.0329      0.062      4.542      6.588        456 5.1526e-01 0.0000e+00
      4.637    19.7742     0.1324      1.433  53.872461     60.093      6.409   289.4446     7.0117     4.5560     0.0328      0.055      4.552      6.603        457 5.0753e-01 0.0000e+00
      4.660    19.7056     0.1335      1.443  54.433713     60.707      6.417   288.2710     6.5063     4.3949     0.0331      0.052      4.571      6.630        458 4.7949e-01 0.0000e+00
      4.687    19.6203     0.1325      1.432  55.369854     61.870      6.417   287.7032     6.5224     4.3815     0.0336      0.054      4.594      6.663        459 4.5262e-01 0.0000e+00
      4.706    19.5467     0.1332      1.439  55.913631     62.497      6.417   286.5674     6.5224     4.3681     0.0339      0.057      4.614      6.693        460 4.4274e-01 0.0000e+00
      4.725    19.4948     0.1292      1.395  56.221092     63.026      6.414   287.3246     6.4941     4.3815     0.0341      0.061      4.631      6.717        461 4.5231e-01 0.0000e+00
      4.738    19.4667     0.1309      1.411  56.442007     63.317      6.410   287.3624     7.0966     3.7235     0.0342      0.066      4.645      6.737        462 4.5940e-01 0.0000e+00
      4.746    19.4305     0.1273      1.372  56.440353     63.455      6.408   288.0439     7.1168     3.7907     0.0342      0.067      4.656      6.753        463 4.0749e-01 0.0000e+00
      4.760    19.3676     0.1295      1.394  56.668523     63.651      6.409   286.7189     7.1007     3.7369     0.0343      0.068      4.670      6.773        464 4.1293e-01 0.0000e+00
      4.780    19.3038     0.1312      1.410  57.286282     64.520      6.408   286.4539     7.1007     3.7772     0.0347      0.067      4.686      6.797        465 4.0768e-01 0.0000e+00
      4.795    19.2419     0.1310      1.407  57.542048     64.803      6.407   286.1132     7.1896     3.5087     0.0348      0.062      4.703      6.822        466 4.1355e-01 0.0000e+00
      4.814    19.1764     0.1289      1.384  57.716013     65.148      6.405   285.6210     7.2341     3.6295     0.0349      0.059      4.721      6.847        467 4.3146e-01 0.0000e+00
      4.833    19.1281     0.1248      1.340  57.782410     65.303      6.406   284.7124     7.2381     3.5758     0.0350      0.060      4.737      6.871        468 3.7843e-01 0.0000e+00
      4.846    19.1065     0.1315      1.411  57.637614     65.210      6.403   283.9932     7.2665     3.6161     0.0349      0.061      4.750      6.889        469 3.8049e-01 0.0000e+00
      4.850    19.0922     0.1246      1.335  57.658733     65.346      6.399   283.9174     6.7893     3.2804     0.0349      0.060      4.758      6.900        470 4.0059e-01 0.0000e+00
      4.858    19.0580     0.1232      1.320  57.578020     65.249      6.399   283.5767     6.8257     3.3878     0.0349      0.058      4.768      6.915        471 3.7520e-01 0.0000e+00
      4.879    18.9980     0.1289      1.380  57.945918     65.684      6.400   283.2360     6.8540     3.4281     0.0351      0.056      4.784      6.938        472 3.5970e-01 0.0000e+00
      4.898    18.9466     0.1207      1.293  58.447938     66.367      6.398   281.1917     6.8217     3.3341     0.0354      0.054      4.800      6.962        473 3.7399e-01 0.0000e+00
      4.905    18.9090     0.1240      1.327  58.437860     66.366      6.397   281.1539     5.9037     3.3878     0.0353      0.052      4.812      6.979        474 3.4213e-01 0.0000e+00
      4.919    18.8679     0.1239      1.325  58.374180     66.443      6.396   281.9867     5.8997     3.4281     0.0354      0.050      4.825      6.998        475 3.4559e-01 0.0000e+00
      4.937    18.8311     0.1243      1.330  58.289694     66.339      6.394   282.6682     5.8835     3.3341     0.0353      0.052      4.840      7.019        476 3.4876e-01 0.0000e+00
      4.947    18.8088     0.1199      1.283  58.246121     66.402      6.390   281.0781     5.9037     3.3878     0.0353      0.053      4.854      7.038        477 3.4601e-01 0.0000e+00
      4.962    18.7972     0.1223      1.307  58.220597     66.394      6.388   282.5546     5.8795     3.1327     0.0353      0.056      4.869      7.061        478 3.4992e-01 0.0000e+00
      4.986    18.7660     0.1186      1.267  58.202717     66.429      6.391   282.5167     5.1476     3.1864     0.0353      0.058      4.889      7.090        479 3.1170e-01 0.0000e+00
      5.006    18.7085     0.1163      1.242  58.327773     66.572      6.389   282.3653     5.1476     3.0924     0.0354      0.060      4.909      7.119        480 3.2160e-01 0.0000e+00
      5.024    18.6596     0.1219      1.302  58.569744     66.907      6.388   282.3274     5.1152     3.1864     0.0355      0.063      4.926      7.143        481 3.2649e-01 0.0000e+00
      5.038    18.6492     0.1157      1.233  58.673606     67.125      6.384   280.9646     5.1193     3.1193     0.0356      0.067      4.937      7.161        482 3.2506e-01 0.0000e+00
      5.040    18.6656     0.1202      1.279  58.584556     67.072      6.384   280.3210     3.1500     3.0521     0.0356      0.064      4.945      7.173        483 3.0389e-01 0.0000e+00
      5.051    18.6564     0.1198      1.272  58.561832     67.088      6.385   280.1696     3.1783     3.1461     0.0356      0.060      4.956      7.188        484 2.9747e-01 0.0000e+00
      5.071    18.6215     0.1220      1.293  58.701896     67.189      6.384   279.0339     3.1662     3.0790     0.0356      0.059      4.972      7.211        485 3.2305e-01 0.0000e+00
      5.086    18.5960     0.1226      1.298  58.885321     67.459      6.388   278.5796     3.1581     3.1864     0.0357      0.056      4.986      7.231        486 2.9967e-01 0.0000e+00
      5.095    18.5924     0.1276      1.350  58.957110     67.549      6.385   278.3146     2.8346     3.1730     0.0358      0.051      4.995      7.245        487 2.9072e-01 0.0000e+00
      5.099    18.5772     0.1251      1.323  58.850119     67.521      6.383   277.8224     2.8629     3.1193     0.0357      0.047      5.002      7.255        488 3.1344e-01 0.0000e+00
      5.109    18.5253     0.1300      1.373  58.988796     67.594      6.386   278.0874     2.8589     3.1730     0.0358      0.044      5.012      7.269        489 2.8280e-01 0.0000e+00
      5.123    18.5125     0.1267      1.337  59.378397     68.189      6.386   277.9739     2.8508     3.1730     0.0360      0.044      5.025      7.288        490 2.8696e-01 0.0000e+00
      5.139    18.5256     0.1310      1.382  59.196687     67.957      6.389   277.3681     2.6082     2.9178     0.0359      0.046      5.041      7.311        491 3.0091e-01 0.0000e+00
      5.160    18.4576     0.1267      1.335  59.214957     68.039      6.389   276.4974     2.5799     2.8507     0.0359      0.048      5.061      7.341        492 2.5909e-01 0.0000e+00
      5.185    18.3358     0.1235      1.299  59.830772     68.721      6.389   277.0653     2.5718     2.8641     0.0362      0.052      5.082      7.371        493 2.6103e-01 0.0000e+00
      5.200    18.2325     0.1243      1.307  60.419811     69.506      6.387   276.1946     2.6082     2.9178     0.0366      0.057      5.100      7.397        494 2.4823e-01 0.0000e+00
      5.218    18.1523     0.1251      1.316  60.768420     70.126      6.385   275.5510     2.7335     2.8776     0.0368      0.064      5.117      7.422        495 2.6125e-01 0.0000e+00
      5.235    18.0992     0.1255      1.319  60.970850     70.484      6.379   274.9074     2.7497     2.9178     0.0369      0.070      5.132      7.444        496 2.8459e-01 0.0000e+00
      5.246    18.0583     0.1229      1.291  61.029141     70.748      6.378   274.7181     2.7335     2.8641     0.0370      0.071      5.147      7.465        497 2.2202e-01 0.0000e+00
      5.266    18.0132     0.1246      1.308  61.705609     71.482      6.378   274.4910     2.7174     2.9044     0.0373      0.070      5.164      7.489        498 2.1975e-01 0.0000e+00
      5.283    17.9830     0.1206      1.266  63.395749     73.694      6.379   273.6581     2.8265     2.8373     0.0383      0.069      5.181      7.514        499 2.4632e-01 0.0000e+00
      5.299    17.9517     0.1213      1.273  63.885390     74.261      6.377   273.5067     2.8387     2.8776     0.0385      0.066      5.198      7.540        500 2.3974e-01 0.0000e+00
      5.322    17.9011     0.1210      1.268  63.680056     74.020      6.376   273.1660     2.8508     2.9313     0.0384      0.066      5.217      7.567        501 2.3093e-01 0.0000e+00
      5.337    17.8473     0.1167      1.221  63.948310     74.495      6.372   272.5224     2.8468     2.9984     0.0386      0.067      5.235      7.592        502 2.2683e-01 0.0000e+00
      5.355    17.8008     0.1195      1.249  63.551587     74.031      6.371   272.1817     2.8427     2.9850     0.0384      0.068      5.251      7.616        503 2.0470e-01 0.0000e+00
      5.372    17.7894     0.1232      1.286  62.926437     73.436      6.364   271.6517     3.1379     2.9581     0.0381      0.069      5.265      7.636        504 1.9713e-01 0.0000e+00
      5.378    17.7936     0.1214      1.266  62.855293     73.388      6.364   271.8031     3.1622     2.8507     0.0381      0.067      5.276      7.652        505 1.9870e-01 0.0000e+00
      5.394    17.7635     0.1173      1.224  62.957083     73.603      6.364   271.3488     3.1783     2.8238     0.0382      0.064      5.289      7.670        506 1.8937e-01 0.0000e+00
      5.408    17.7244     0.1219      1.270  62.710680     73.233      6.365   271.6138     3.1743     3.0253     0.0380      0.061      5.303      7.690        507 2.0123e-01 0.0000e+00
      5.418    17.7014     0.1191      1.241  62.449186     73.025      6.366   270.5538     2.9115     2.9447     0.0379      0.057      5.315      7.708        508 1.9672e-01 0.0000e+00
      5.433    17.6974     0.1211      1.261  62.391584     72.994      6.365   269.7588     2.9034     2.8507     0.0379      0.053      5.327      7.726        509 1.9540e-01 0.0000e+00
      5.443    17.6774     0.1177      1.224  62.455714     73.131      6.368   268.8881     2.8953     2.8507     0.0379      0.051      5.341      7.747        510 1.8334e-01 0.0000e+00
