Data/DataNotYetUploadedToEDI/Raw_CTD/RawDownloads/092418_fcr10.cnv
* Sea-Bird SBE19plus  Data File:
* FileName = C:\DATA\092418_fcr_0001.hex
* Software version 2.6.3.104
* Temperature SN = 7809
* Conductivity SN = 7809
* System UpLoad Time = Sep 24 2018 16:47:26
* <ApplicationData>
* <Seaterm232>
# nquan = 17
# nvalues = 495                         
# units = specified
# name 0 = depFM: Depth [fresh water, m]
# name 1 = tv290C: Temperature [ITS-90, deg C]
# name 2 = sbeox0Mg/L: Oxygen, SBE 43 [mg/l]
# name 3 = sbeox0PS: Oxygen, SBE 43 [% saturation]
# name 4 = c0uS/cm: Conductivity [uS/cm]
# name 5 = specc: Specific Conductance [uS/cm]
# name 6 = ph: pH
# name 7 = orp: Oxidation Reduction Potential [mV]
# name 8 = flECO-AFL: Fluorescence, WET Labs ECO-AFL/FL [mg/m^3]
# name 9 = turbWETntu0: Turbidity, WET Labs ECO [NTU]
# name 10 = sal00: Salinity, Practical [PSU]
# name 11 = dz/dtM: Descent Rate [m/s]
# name 12 = prdM: Pressure, Strain Gauge [db]
# name 13 = prdE: Pressure, Strain Gauge [psi]
# name 14 = scan: Scan Count
# name 15 = par/sat/log: PAR/Logarithmic, Satlantic
# name 16 = flag:  0.000e+00
# span 0 =     -0.499,      2.818       
# span 1 =    17.5836,    22.0433       
# span 2 =     4.2768,     9.2469       
# span 3 =     47.858,    102.011       
# span 4 =   0.678773,  36.312196       
# span 5 =      0.794,     39.101       
# span 6 =      6.219,      7.661       
# span 7 =  -233.6291,   406.3099       
# span 8 =    -0.2183,     2.1432       
# span 9 =    -0.3183,    16.9769       
# span 10 =     0.0089,     0.0243      
# span 11 =     -0.195,      0.180      
# span 12 =     -0.489,      2.763      
# span 13 =     -0.709,      4.007      
# span 14 =          1,        495      
# span 15 = 6.1240e+00, 2.3159e+02      
# span 16 = 0.0000e+00, 0.0000e+00      
# interval = seconds: 0.25
# start_time = Sep 24 2018 13:58:29 [Instrument's time stamp, header]
# bad_flag = -9.990e-29
*END*
[from data line 426]
      1.747    21.8766     6.5872     75.079  34.219578     36.478      6.899   232.2423     1.8682     3.3207     0.0234      0.091      1.714      2.487        427 1.5633e+01 0.0000e+00
      1.764    21.8705     6.5936     75.145  34.208264     36.485      6.902   232.0530     1.9491     3.3610     0.0234      0.082      1.731      2.510        428 1.5403e+01 0.0000e+00
      1.783    21.8651     6.5916     75.118  34.222677     36.490      6.904   232.6209     1.9288     3.3744     0.0234      0.075      1.751      2.539        429 1.5079e+01 0.0000e+00
      1.809    21.8614     6.5804     74.986  34.231302     36.525      6.900   233.1509     1.9410     3.3878     0.0234      0.071      1.776      2.576        430 1.4702e+01 0.0000e+00
      1.841    21.8582     6.5756     74.928  34.227190     36.499      6.894   233.3402     1.9652     3.3610     0.0234      0.073      1.805      2.618        431 1.4258e+01 0.0000e+00
      1.872    21.8547     6.5615     74.766  34.198139     36.502      6.889   233.4537     1.9935     3.3744     0.0234      0.079      1.833      2.659        432 1.3897e+01 0.0000e+00
      1.896    21.8502     6.5431     74.557  34.178489     36.445      6.887   233.1130     1.9935     3.3475     0.0234      0.088      1.858      2.694        433 1.3652e+01 0.0000e+00
      1.916    21.8425     6.5213     74.310  34.281304     36.596      6.888   233.2266     2.0016     3.4012     0.0234      0.095      1.878      2.724        434 1.3438e+01 0.0000e+00
      1.933    21.8313     6.4983     74.048  34.307438     36.600      6.889   233.7187     1.9935     3.4281     0.0234      0.097      1.896      2.749        435 1.3296e+01 0.0000e+00
      1.949    21.8208     6.5008     74.072  34.294247     36.606      6.888   233.3780     1.9733     3.2938     0.0234      0.095      1.911      2.772        436 1.3181e+01 0.0000e+00
      1.964    21.8138     6.5019     74.077  34.297723     36.615      6.890   233.9459     1.9935     3.3207     0.0234      0.090      1.926      2.794        437 1.2959e+01 0.0000e+00
      1.980    21.8094     6.5018     74.066  34.214149     36.534      6.889   233.7944     2.0138     3.3475     0.0234      0.081      1.942      2.816        438 1.2752e+01 0.0000e+00
      1.996    21.8062     6.5179     74.240  34.220323     36.539      6.892   233.7187     1.9895     3.3207     0.0234      0.073      1.957      2.838        439 1.2649e+01 0.0000e+00
      2.010    21.8034     6.5240     74.288  34.290045     36.632      6.893   233.7944     1.9976     3.3072     0.0234      0.066      1.972      2.861        440 1.2441e+01 0.0000e+00
      2.029    21.8012     6.5366     74.400  34.305319     36.634      6.892   234.1352     1.8520     3.3207     0.0234      0.063      1.988      2.884        441 1.2260e+01 0.0000e+00
      2.044    21.8004     6.5499     74.502  34.290283     36.637      6.896   234.1352     1.8925     3.2938     0.0234      0.062      2.004      2.906        442 1.2175e+01 0.0000e+00
      2.057    21.8010     6.5443     74.355  34.219791     36.549      6.895   234.3623     1.9005     3.3207     0.0234      0.061      2.017      2.924        443 1.2029e+01 0.0000e+00
      2.067    21.8020     6.5381     74.143  34.215111     36.549      6.897   234.4002     1.8601     3.2938     0.0234      0.060      2.027      2.941        444 1.1882e+01 0.0000e+00
      2.079    21.8014     6.5142     73.711  34.296109     36.639      6.897   234.5137     1.7226     3.1193     0.0234      0.057      2.038      2.957        445 1.1773e+01 0.0000e+00
      2.092    21.7991     6.4796     73.165  34.296927     36.638      6.897   234.7787     1.7307     3.1193     0.0234      0.055      2.051      2.976        446 1.1629e+01 0.0000e+00
      2.107    21.7935     6.4352     72.522  34.303060     36.638      6.897   234.7787     1.7348     3.0924     0.0234      0.053      2.065      2.996        447 1.1464e+01 0.0000e+00
      2.120    21.7870     6.3933     71.930  34.288477     36.640      6.895   234.7787     1.7428     3.1461     0.0234      0.052      2.079      3.016        448 1.1329e+01 0.0000e+00
      2.134    21.7797     6.3419     71.244  34.226110     36.555      6.895   234.8923     1.6822     3.1730     0.0234      0.051      2.094      3.038        449 1.1143e+01 0.0000e+00
      2.153    21.7651     6.3061     70.698  34.291708     36.650      6.892   234.9302     1.6579     3.0387     0.0234      0.052      2.111      3.062        450 1.0960e+01 0.0000e+00
      2.171    21.7424     6.2841     70.290  34.295812     36.655      6.890   235.0437     1.6701     3.0118     0.0234      0.056      2.129      3.088        451 1.0828e+01 0.0000e+00
      2.191    21.7094     6.2702     69.996  34.221008     36.577      6.889   235.3844     1.6943     3.1730     0.0234      0.060      2.148      3.116        452 1.0658e+01 0.0000e+00
      2.211    21.6499     6.2745     69.925  34.295840     36.684      6.880   235.4223     1.7348     3.1193     0.0234      0.065      2.168      3.145        453 1.0450e+01 0.0000e+00
      2.231    21.5526     6.2862     69.981  34.350976     36.770      6.876   235.8766     1.7509     3.0790     0.0235      0.069      2.188      3.173        454 1.0254e+01 0.0000e+00
      2.251    21.4401     6.3034     70.149  34.419315     36.876      6.874   235.9902     1.7509     3.1730     0.0235      0.072      2.207      3.201        455 1.0095e+01 0.0000e+00
      2.270    21.3321     6.3241     70.370  34.566701     37.135      6.872   235.6494     1.7145     3.1327     0.0236      0.075      2.226      3.228        456 9.8769e+00 0.0000e+00
      2.289    21.2319     6.3480     70.624  34.582791     37.224      6.868   235.8009     1.7469     3.0924     0.0236      0.076      2.244      3.255        457 9.7086e+00 0.0000e+00
      2.307    21.1470     6.3771     70.920  34.636593     37.372      6.864   236.2930     1.8035     3.0655     0.0236      0.076      2.262      3.281        458 9.6276e+00 0.0000e+00
      2.324    21.0677     6.3869     71.009  34.707392     37.543      6.864   236.1037     1.8278     3.0790     0.0236      0.075      2.281      3.309        459 9.4277e+00 0.0000e+00
      2.348    20.9646     6.3942     71.080  34.791298     37.673      6.862   236.4444     1.7914     3.0924     0.0237      0.076      2.303      3.341        460 9.1883e+00 0.0000e+00
      2.374    20.8480     6.3894     71.027  34.917756     37.919      6.851   236.6337     1.7914     3.1461     0.0238      0.077      2.328      3.376        461 8.9603e+00 0.0000e+00
      2.400    20.7464     6.3900     71.041  34.965256     38.004      6.848   237.1637     1.8682     2.9178     0.0238      0.081      2.352      3.411        462 8.7477e+00 0.0000e+00
      2.421    20.6608     6.3839     70.979  35.028806     38.224      6.837   237.2016     1.8561     2.9178     0.0238      0.084      2.373      3.441        463 8.6099e+00 0.0000e+00
      2.436    20.6074     6.3775     70.902  35.016668     38.247      6.833   237.0502     1.8601     2.8910     0.0238      0.085      2.389      3.465        464 8.5060e+00 0.0000e+00
      2.451    20.5890     6.3690     70.799  35.039725     38.380      6.837   237.4666     1.8884     2.8776     0.0238      0.084      2.404      3.486        465 8.4278e+00 0.0000e+00
      2.466    20.5829     6.3692     70.794  35.000150     38.364      6.838   237.4666     1.8520     2.9447     0.0238      0.081      2.419      3.507        466 8.3242e+00 0.0000e+00
      2.480    20.5734     6.3735     70.823  34.947314     38.318      6.841   237.2016     1.8763     2.9581     0.0238      0.076      2.436      3.532        467 8.1461e+00 0.0000e+00
      2.505    20.5551     6.3729     70.800  34.986863     38.384      6.842   237.9587     1.8803     2.8104     0.0238      0.073      2.457      3.564        468 7.9435e+00 0.0000e+00
      2.531    20.5395     6.3768     70.827  35.010253     38.392      6.837   237.7694     1.8682     2.8641     0.0238      0.071      2.480      3.597        469 7.8030e+00 0.0000e+00
      2.549    20.5329     6.3775     70.815  35.036839     38.469      6.833   238.7537     1.8803     2.7970     0.0238      0.071      2.498      3.623        470 7.7380e+00 0.0000e+00
      2.560    20.5329     6.3779     70.806  35.013099     38.421      6.830   238.2995     1.8803     2.9447     0.0238      0.072      2.510      3.641        471 7.6860e+00 0.0000e+00
      2.569    20.5380     6.3776     70.776  34.980491     38.427      6.828   238.1102     1.8682     2.9447     0.0238      0.071      2.521      3.657        472 7.5994e+00 0.0000e+00
      2.583    20.5419     6.3734     70.707  34.958794     38.365      6.831   238.3373     1.8803     2.9715     0.0238      0.068      2.535      3.677        473 7.4596e+00 0.0000e+00
      2.602    20.5379     6.3681     70.655  34.980784     38.422      6.835   238.1102     1.7752     2.9715     0.0238      0.066      2.552      3.702        474 7.3360e+00 0.0000e+00
      2.622    20.5324     6.3605     70.586  35.012436     38.418      6.834   238.4509     1.8116     2.9178     0.0238      0.064      2.572      3.730        475 7.2081e+00 0.0000e+00
      2.643    20.5265     6.3557     70.549  35.038033     38.484      6.837   238.3752     1.8197     2.9313     0.0238      0.062      2.592      3.760        476 7.0757e+00 0.0000e+00
      2.664    20.5141     6.3478     70.468  35.008246     38.427      6.837   238.7537     1.7995     2.9178     0.0238      0.063      2.612      3.789        477 7.0034e+00 0.0000e+00
      2.683    20.5016     6.3410     70.384  34.990193     38.432      6.834   238.8295     1.7914     2.9178     0.0238      0.068      2.629      3.814        478 6.9025e+00 0.0000e+00
      2.697    20.4892     6.3405     70.368  35.001189     38.442      6.835   238.4130     1.8035     3.2535     0.0238      0.071      2.644      3.836        479 6.7993e+00 0.0000e+00
      2.710    20.4765     6.3420     70.380  34.994567     38.453      6.833   238.3373     1.8197     3.1193     0.0238      0.073      2.658      3.856        480 6.7357e+00 0.0000e+00
      2.724    20.4657     6.3501     70.474  34.998439     38.463      6.837   238.2237     1.8237     3.1730     0.0238      0.070      2.673      3.877        481 6.6089e+00 0.0000e+00
      2.743    20.4470     6.3547     70.531  35.055692     38.536      6.835   238.5266     1.8237     3.1595     0.0238      0.068      2.688      3.899        482 6.5221e+00 0.0000e+00
      2.757    20.4320     6.3705     70.709  35.101268     38.606      6.833   238.8295     1.7388     3.0253     0.0239      0.064      2.701      3.917        483 6.5128e+00 0.0000e+00
      2.761    20.4358 -9.990e-29 -9.990e-29  35.060357     38.561      6.826   238.2995     1.7226     3.1461     0.0238      0.059      2.708      3.927        484 6.4817e+00 0.0000e+00
      2.765    20.4469 -9.990e-29 -9.990e-29  35.106613     38.635      6.820   238.2616     1.7307     3.1461     0.0239      0.052      2.713      3.936        485 6.4308e+00 0.0000e+00
      2.776    20.4581 -9.990e-29 -9.990e-29  35.103024     38.632      6.819   238.0723     1.7226     3.1193     0.0239      0.046      2.723      3.950        486 6.3489e+00 0.0000e+00
      2.790    20.4630 -9.990e-29 -9.990e-29  35.064823     38.561      6.822   238.3373     1.6701     2.9178     0.0238      0.044      2.734      3.966        487 6.2541e+00 0.0000e+00
      2.798    20.4580 -9.990e-29 -9.990e-29  35.035518     38.551      6.821   238.6023     1.6701     2.9178     0.0238      0.041      2.743      3.978        488 6.2653e+00 0.0000e+00
      2.803    20.4502 -9.990e-29 -9.990e-29  35.020860     38.485      6.821   238.4130     1.6903     3.0118     0.0238      0.037      2.749      3.986        489 6.2404e+00 0.0000e+00
      2.807    20.4462 -9.990e-29 -9.990e-29  35.083066     38.613      6.825   239.2459     1.6903     2.9313     0.0239      0.032      2.753      3.992        490 6.2047e+00 0.0000e+00
      2.811    20.4490 -9.990e-29 -9.990e-29  35.136050     38.619      6.812   239.1323     1.6013     3.1058     0.0239      0.030      2.756      3.997        491 6.1920e+00 0.0000e+00
      2.813    20.4537 -9.990e-29 -9.990e-29  35.014239     38.561      6.806   239.9273     1.5811     3.0521     0.0238      0.027      2.759      4.001        492 6.1240e+00 0.0000e+00
      2.815    20.4552 -9.990e-29 -9.990e-29  35.205002     38.651      6.804   239.6623     1.5851     3.1461     0.0239      0.024      2.761      4.004        493 6.1630e+00 0.0000e+00
      2.817 -9.990e-29 -9.990e-29 -9.990e-29  35.254539     38.893      6.802   239.3595     1.6094     3.1461     0.0240      0.018      2.763      4.006        494 6.1726e+00 0.0000e+00
      2.818 -9.990e-29 -9.990e-29 -9.990e-29  34.952591     38.307      6.804   240.0409     1.4679     4.3412     0.0237      0.013      2.763      4.007        495 6.1328e+00 0.0000e+00
