Data/DataNotYetUploadedToEDI/Raw_CTD/RawDownloads/092418_fcr20.cnv
* Sea-Bird SBE19plus  Data File:
* FileName = C:\DATA\092418_fcr_0002.hex
* Software version 2.6.3.104
* Temperature SN = 7809
* Conductivity SN = 7809
* System UpLoad Time = Sep 24 2018 16:48:00
* <ApplicationData>
* <Seaterm232>
# nquan = 17
# nvalues = 1229                        
# units = specified
# name 0 = depFM: Depth [fresh water, m]
# name 1 = tv290C: Temperature [ITS-90, deg C]
# name 2 = sbeox0Mg/L: Oxygen, SBE 43 [mg/l]
# name 3 = sbeox0PS: Oxygen, SBE 43 [% saturation]
# name 4 = c0uS/cm: Conductivity [uS/cm]
# name 5 = specc: Specific Conductance [uS/cm]
# name 6 = ph: pH
# name 7 = orp: Oxidation Reduction Potential [mV]
# name 8 = flECO-AFL: Fluorescence, WET Labs ECO-AFL/FL [mg/m^3]
# name 9 = turbWETntu0: Turbidity, WET Labs ECO [NTU]
# name 10 = sal00: Salinity, Practical [PSU]
# name 11 = dz/dtM: Descent Rate [m/s]
# name 12 = prdM: Pressure, Strain Gauge [db]
# name 13 = prdE: Pressure, Strain Gauge [psi]
# name 14 = scan: Scan Count
# name 15 = par/sat/log: PAR/Logarithmic, Satlantic
# name 16 = flag:  0.000e+00
# span 0 =     -0.491,      3.595       
# span 1 =    18.2089,    22.0542       
# span 2 =     4.2496,     9.2258       
# span 3 =     47.861,    103.608       
# span 4 =   0.828152,  36.119680       
# span 5 =      0.945,     38.542       
# span 6 =      6.310,      7.770       
# span 7 =   152.0228,   391.0156       
# span 8 =    -0.2021,     2.9276       
# span 9 =    -0.3049,     8.7053       
# span 10 =     0.0092,     0.0242      
# span 11 =     -0.191,      0.251      
# span 12 =     -0.482,      3.525      
# span 13 =     -0.698,      5.113      
# span 14 =          1,       1229      
# span 15 = 2.5242e+00, 2.5959e+02      
# span 16 = 0.0000e+00, 0.0000e+00      
# interval = seconds: 0.25
# start_time = Sep 24 2018 14:18:44 [Instrument's time stamp, header]
# bad_flag = -9.990e-29
*END*
[from data line 766]
      1.404    22.0347     6.3082     72.203  34.463663     36.635      6.862   255.0324     2.3453     3.1864     0.0235      0.007      1.377      1.996        767 2.4935e+01 0.0000e+00
      1.408    22.0350     6.3036     72.151  34.474347     36.635      6.860   255.6381     2.3777     2.9178     0.0235      0.008      1.380      2.001        768 2.4926e+01 0.0000e+00
      1.409    22.0354     6.3077     72.197  34.478575     36.664      6.857   255.8652     2.4181     2.7970     0.0235      0.009      1.382      2.004        769 2.4947e+01 0.0000e+00
      1.409    22.0350     6.3095     72.214  34.428744     36.575      6.852   255.7895     2.3858     2.9178     0.0235      0.009      1.382      2.004        770 2.4994e+01 0.0000e+00
      1.409    22.0338     6.3137     72.253  34.447393     36.634      6.846   255.8274     2.3979     2.7970     0.0235      0.009      1.382      2.004        771 2.5064e+01 0.0000e+00
      1.409    22.0331     6.3170     72.286  34.425711     36.575      6.845   255.2216     2.4181     3.1998     0.0235      0.008      1.383      2.007        772 2.4880e+01 0.0000e+00
      1.415    22.0326     6.3180     72.296  34.455727     36.635      6.847   255.6381     2.4020     3.1998     0.0235      0.008      1.387      2.012        773 2.4793e+01 0.0000e+00
      1.418    22.0321     6.3168     72.284  34.469351     36.636      6.845   255.7138     2.4060     3.1461     0.0235      0.008      1.391      2.017        774 2.4794e+01 0.0000e+00
      1.422    22.0320     6.3167     72.284  34.438412     36.607      6.843   255.4866     2.3817     3.1461     0.0235      0.007      1.395      2.024        775 2.4679e+01 0.0000e+00
      1.428    22.0327     6.3207     72.330  34.464576     36.637      6.850   255.4109     2.4788     3.1193     0.0235      0.009      1.403      2.035        776 2.4445e+01 0.0000e+00
      1.443    22.0334     6.3206     72.327  34.466450     36.637      6.858   256.0545     2.4626     3.0253     0.0235      0.015      1.415      2.052        777 2.4035e+01 0.0000e+00
      1.457    22.0338     6.3177     72.294  34.465737     36.636      6.863   255.6381     2.4505     3.0655     0.0235      0.022      1.428      2.070        778 2.3803e+01 0.0000e+00
      1.467    22.0335     6.3185     72.299  34.465462     36.636      6.862   255.8274     2.4464     3.1730     0.0235      0.029      1.438      2.086        779 2.3664e+01 0.0000e+00
      1.477    22.0304     6.3188     72.303  34.466790     36.635      6.865   256.6224     2.3898     3.1595     0.0235      0.034      1.447      2.100        780 2.3484e+01 0.0000e+00
      1.485    22.0245     6.3228     72.349  34.434426     36.606      6.857   255.9031     2.3979     3.0924     0.0235      0.038      1.455      2.111        781 2.3341e+01 0.0000e+00
      1.490    22.0202     6.3250     72.376  34.416769     36.578      6.855   255.9788     2.3898     3.1327     0.0235      0.039      1.462      2.120        782 2.3140e+01 0.0000e+00
      1.498    22.0197     6.3263     72.391  34.399798     36.583      6.863   256.3574     2.3898     3.0521     0.0235      0.039      1.467      2.129        783 2.2975e+01 0.0000e+00
      1.502    22.0203     6.3260     72.386  34.366580     36.527      6.853   256.2059     2.4141     3.0790     0.0235      0.036      1.472      2.135        784 2.2929e+01 0.0000e+00
      1.503    22.0209     6.3244     72.368  34.398798     36.587      6.837   256.4331     2.3494     3.1730     0.0235      0.030      1.473      2.137        785 2.2925e+01 0.0000e+00
      1.503    22.0211     6.3239     72.363  34.419018     36.586      6.820   256.1302     2.3049     3.1461     0.0235      0.023      1.473      2.136        786 2.2947e+01 0.0000e+00
      1.501    22.0210     6.3209     72.327  34.430385     36.616      6.815   256.3574     2.3251     3.0924     0.0235      0.017      1.473      2.136        787 2.2923e+01 0.0000e+00
      1.503    22.0203     6.3195     72.309  34.414307     36.586      6.822   256.2059     2.3413     3.0387     0.0235      0.012      1.475      2.139        788 2.2776e+01 0.0000e+00
      1.508    22.0180     6.3214     72.330  34.409371     36.586      6.837   256.2816     2.5314     3.1461     0.0235      0.009      1.479      2.145        789 2.2698e+01 0.0000e+00
      1.513    22.0176     6.3265     72.387  34.406872     36.586      6.847   256.1302     2.5111     3.0790     0.0235      0.008      1.483      2.151        790 2.2630e+01 0.0000e+00
      1.518    22.0186     6.3318     72.448  34.417417     36.588      6.859   256.6981     2.5111     3.1193     0.0235      0.008      1.488      2.159        791 2.2530e+01 0.0000e+00
      1.523    22.0188     6.3361     72.498  34.425904     36.618      6.868   256.3574     2.5314     2.9984     0.0235      0.010      1.493      2.166        792 2.2467e+01 0.0000e+00
      1.526    22.0189     6.3355     72.493  34.366653     36.528      6.875   256.5466     2.5273     3.1730     0.0235      0.013      1.497      2.171        793 2.2370e+01 0.0000e+00
      1.530    22.0188     6.3316     72.452  34.342872     36.528      6.878   256.5088     2.4950     3.0790     0.0235      0.015      1.500      2.176        794 2.2351e+01 0.0000e+00
      1.533    22.0189     6.3337     72.481  34.425844     36.588      6.882   256.5466     2.5435     3.1595     0.0235      0.017      1.503      2.180        795 2.2325e+01 0.0000e+00
      1.534    22.0187     6.3257     72.390  34.441334     36.647      6.886   256.5845     2.5394     3.1327     0.0235      0.016      1.505      2.183        796 2.2248e+01 0.0000e+00
      1.537    22.0178     6.3272     72.401  34.382906     36.528      6.885   256.6224     2.4586     3.1730     0.0235      0.014      1.507      2.186        797 2.2206e+01 0.0000e+00
      1.540    22.0168     6.3274     72.398  34.409587     36.617      6.889   256.9252     2.4707     3.1730     0.0235      0.013      1.509      2.189        798 2.2152e+01 0.0000e+00
      1.540    22.0157     6.3314     72.441  34.378474     36.529      6.887   257.1902     2.4545     3.2267     0.0235      0.011      1.510      2.190        799 2.2152e+01 0.0000e+00
      1.540    22.0150     6.3370     72.504  34.391970     36.589      6.884   257.3038     2.4869     3.1595     0.0235      0.009      1.510      2.190        800 2.2187e+01 0.0000e+00
      1.539    22.0150     6.3461     72.607  34.422449     36.590      6.879   257.3795     2.3817     3.1058     0.0235      0.007      1.509      2.189        801 2.2211e+01 0.0000e+00
      1.538    22.0151     6.3526     72.682  34.399858     36.591      6.877   257.1902     2.4060     3.1327     0.0235      0.004      1.508      2.188        802 2.2223e+01 0.0000e+00
      1.538    22.0167     6.3510     72.662  34.420086     36.590      6.877   257.2659     2.3858     3.0924     0.0235      0.002      1.508      2.188        803 2.2253e+01 0.0000e+00
      1.538    22.0197     6.3445     72.586  34.486243     36.680      6.875   257.0388     2.4060     3.1595     0.0235      0.001      1.508      2.188        804 2.2317e+01 0.0000e+00
      1.539    22.0225     6.3378     72.508  34.465807     36.649      6.876   257.1902     2.3736     3.1461     0.0235     -0.000      1.510      2.191        805 2.2313e+01 0.0000e+00
      1.543    22.0229     6.3347     72.472  34.356549     36.527      6.880   257.1902     2.2564     2.8507     0.0235      0.000      1.514      2.196        806 2.2208e+01 0.0000e+00
      1.550    22.0194     6.3356     72.481  34.355306     36.525      6.885   257.2659     2.2604     2.8641     0.0235      0.003      1.520      2.205        807 2.2090e+01 0.0000e+00
      1.557    22.0153     6.3337     72.461  34.408041     36.584      6.885   257.7202     2.2766     2.8776     0.0235      0.007      1.526      2.212        808 2.1944e+01 0.0000e+00
      1.559    22.0132     6.3390     72.521  34.409545     36.587      6.881   257.0388     2.2847     2.8507     0.0235      0.011      1.529      2.217        809 2.1830e+01 0.0000e+00
      1.561    22.0122     6.3390     72.517  34.383091     36.561      6.873   257.6824     2.3979     2.8910     0.0235      0.013      1.531      2.220        810 2.1742e+01 0.0000e+00
      1.563    22.0119     6.3466     72.601  34.351997     36.533      6.870   257.2659     2.3656     2.7836     0.0235      0.014      1.534      2.224        811 2.1602e+01 0.0000e+00
      1.568    22.0122     6.3516     72.656  34.359273     36.533      6.869   257.4552     2.4100     2.9715     0.0235      0.015      1.538      2.231        812 2.1483e+01 0.0000e+00
      1.574    22.0115     6.3571     72.715  34.403691     36.593      6.875   257.1902     2.3939     2.8910     0.0235      0.016      1.544      2.239        813 2.1323e+01 0.0000e+00
      1.581    22.0101     6.3588     72.734  34.415345     36.593      6.884   257.4174     2.3656     2.8373     0.0235      0.016      1.550      2.248        814 2.1198e+01 0.0000e+00
      1.588    22.0091     6.3625     72.774  34.404083     36.593      6.893   257.5688     2.3817     2.9178     0.0235      0.017      1.557      2.258        815 2.1122e+01 0.0000e+00
      1.595    22.0082     6.3657     72.811  34.388050     36.565      6.900   257.9095     2.4060     2.7433     0.0235      0.019      1.564      2.268        816 2.0984e+01 0.0000e+00
      1.600    22.0080     6.3682     72.835  34.405642     36.595      6.905   257.4552     2.4060     2.8641     0.0235      0.021      1.569      2.276        817 2.0905e+01 0.0000e+00
      1.604    22.0083     6.3765     72.919  34.352534     36.536      6.906   257.5688     2.4586     3.1193     0.0235      0.023      1.573      2.282        818 2.0898e+01 0.0000e+00
      1.608    22.0083     6.3810     72.959  34.305861     36.477      6.912   257.4931     2.4424     3.0924     0.0234      0.023      1.577      2.288        819 2.0856e+01 0.0000e+00
      1.613    22.0061     6.3861     73.017  34.345103     36.536      6.914   257.9095     2.4586     3.1730     0.0235      0.022      1.582      2.295        820 2.0805e+01 0.0000e+00
      1.619    22.0032     6.3954     73.130  34.303698     36.477      6.918   257.8717     2.4707     3.2267     0.0234      0.021      1.588      2.303        821 2.0674e+01 0.0000e+00
      1.625    22.0015     6.4039     73.229  34.327733     36.508      6.920   257.8717     2.4788     3.1730     0.0234      0.021      1.594      2.312        822 2.0548e+01 0.0000e+00
      1.631    21.9996     6.4090     73.284  34.344850     36.540      6.922   258.1367     2.4950     3.1193     0.0235      0.020      1.600      2.320        823 2.0501e+01 0.0000e+00
      1.637    21.9982     6.4119     73.315  34.312052     36.482      6.925   258.1745     2.4626     3.0924     0.0234      0.021      1.605      2.329        824 2.0414e+01 0.0000e+00
      1.642    21.9977     6.4146     73.346  34.338894     36.543      6.924   258.1367     2.4950     3.2133     0.0235      0.021      1.610      2.336        825 2.0328e+01 0.0000e+00
      1.647    21.9971     6.4102     73.294  34.311447     36.485      6.927   258.1367     2.4181     3.1193     0.0234      0.022      1.615      2.343        826 2.0228e+01 0.0000e+00
      1.652    21.9942     6.4025     73.201  34.286898     36.485      6.930   258.4395     2.3858     2.9984     0.0234      0.022      1.621      2.351        827 2.0058e+01 0.0000e+00
      1.660    21.9865     6.3988     73.154  34.310134     36.485      6.932   258.4395     2.3777     2.8507     0.0234      0.022      1.627      2.360        828 1.9860e+01 0.0000e+00
      1.666    21.9788     6.4016     73.182  34.282530     36.488      6.934   258.5531     2.4060     2.8776     0.0234      0.022      1.634      2.369        829 1.9723e+01 0.0000e+00
      1.672    21.9785     6.4091     73.266  34.232285     36.405      6.935   258.4395     2.3939     2.9178     0.0234      0.023      1.639      2.377        830 1.9707e+01 0.0000e+00
      1.675    21.9829     6.4101     73.283  34.283700     36.500      6.935   258.4395     2.3292     3.1058     0.0234      0.022      1.643      2.383        831 1.9698e+01 0.0000e+00
      1.680    21.9839     6.4118     73.311  34.307514     36.500      6.932   258.5909     2.3211     3.1461     0.0234      0.022      1.648      2.389        832 1.9612e+01 0.0000e+00
      1.685    21.9813     6.4106     73.304  34.291616     36.496      6.931   258.5531     2.3090     3.0655     0.0234      0.021      1.653      2.397        833 1.9533e+01 0.0000e+00
      1.692    21.9797     6.4076     73.274  34.214518     36.407      6.933   258.4774     2.3251     3.1595     0.0234      0.021      1.659      2.406        834 1.9430e+01 0.0000e+00
      1.697    21.9801     6.3997     73.183  34.225525     36.409      6.934   258.4774     2.4869     2.9581     0.0234      0.021      1.664      2.414        835 1.9377e+01 0.0000e+00
      1.702    21.9791     6.3960     73.130  34.277917     36.499      6.926   258.7045     2.4586     2.7970     0.0234      0.020      1.669      2.420        836 1.9374e+01 0.0000e+00
      1.706    21.9756     6.3865     73.003  34.238285     36.409      6.929   258.6667     2.4303     2.8776     0.0234      0.020      1.674      2.427        837 1.9264e+01 0.0000e+00
      1.712    21.9720     6.3855     72.989  34.274846     36.500      6.928   258.4774     2.4626     2.9044     0.0234      0.020      1.679      2.434        838 1.9168e+01 0.0000e+00
      1.717    21.9693     6.3834     72.971  34.262074     36.443      6.928   258.9317     2.5758     2.9313     0.0234      0.020      1.684      2.441        839 1.9085e+01 0.0000e+00
      1.722    21.9682     6.3860     73.003  34.283838     36.505      6.929   259.3102     2.6163     2.9715     0.0234      0.020      1.689      2.449        840 1.9018e+01 0.0000e+00
      1.726    21.9718     6.3952     73.108  34.218108     36.418      6.924   258.8938     2.5839     2.9044     0.0234      0.020      1.693      2.455        841 1.8991e+01 0.0000e+00
      1.729    21.9784     6.3984     73.142  34.225251     36.419      6.924   258.8938     2.5839     2.8238     0.0234      0.019      1.696      2.460        842 1.8934e+01 0.0000e+00
      1.733    21.9833     6.4071     73.239  34.334261     36.565      6.921   259.4238     2.4181     2.9447     0.0235      0.018      1.699      2.465        843 1.8924e+01 0.0000e+00
      1.736    21.9856     6.4146     73.326  34.319693     36.500      6.924   259.5752     2.3817     2.9313     0.0234      0.017      1.703      2.470        844 1.8807e+01 0.0000e+00
      1.741    21.9854     6.4204     73.391  34.302690     36.526      6.925   259.3859     2.3898     2.9447     0.0234      0.017      1.708      2.477        845 1.8695e+01 0.0000e+00
      1.749    21.9778     6.4293     73.488  34.236795     36.405      6.924   259.5752     2.4060     2.8910     0.0234      0.017      1.715      2.487        846 1.8626e+01 0.0000e+00
      1.756    21.9650     6.4243     73.426  34.194104     36.405      6.922   259.6131     2.3858     2.8776     0.0234      0.018      1.721      2.495        847 1.8548e+01 0.0000e+00
      1.758    21.9626     6.4205     73.382  34.177883     36.352      6.920   259.4617     2.1472     2.9044     0.0234      0.018      1.723      2.500        848 1.8560e+01 0.0000e+00
      1.757    21.9674     6.4076     73.237  34.197673     36.422      6.914   259.4617     2.1674     2.9715     0.0234      0.018      1.723      2.500        849 1.8566e+01 0.0000e+00
      1.757    21.9687     6.4018     73.167  34.228793     36.423      6.911   259.6888     2.1149     2.9178     0.0234      0.016      1.723      2.499        850 1.8533e+01 0.0000e+00
      1.756    21.9686     6.4032     73.171  34.228125     36.449      6.906   259.4617     2.1512     2.8641     0.0234      0.013      1.723      2.499        851 1.8549e+01 0.0000e+00
