Data/DataNotYetUploadedToEDI/Raw_CTD/RawDownloads/092418_fcr45.cnv
* Sea-Bird SBE19plus  Data File:
* FileName = C:\DATA\092418_fcr_0004.hex
* Software version 2.6.3.104
* Temperature SN = 7809
* Conductivity SN = 7809
* System UpLoad Time = Sep 24 2018 16:48:55
* <ApplicationData>
* <Seaterm232>
# nquan = 17
# nvalues = 1205                        
# units = specified
# name 0 = depFM: Depth [fresh water, m]
# name 1 = tv290C: Temperature [ITS-90, deg C]
# name 2 = sbeox0Mg/L: Oxygen, SBE 43 [mg/l]
# name 3 = sbeox0PS: Oxygen, SBE 43 [% saturation]
# name 4 = c0uS/cm: Conductivity [uS/cm]
# name 5 = specc: Specific Conductance [uS/cm]
# name 6 = ph: pH
# name 7 = orp: Oxidation Reduction Potential [mV]
# name 8 = flECO-AFL: Fluorescence, WET Labs ECO-AFL/FL [mg/m^3]
# name 9 = turbWETntu0: Turbidity, WET Labs ECO [NTU]
# name 10 = sal00: Salinity, Practical [PSU]
# name 11 = dz/dtM: Descent Rate [m/s]
# name 12 = prdM: Pressure, Strain Gauge [db]
# name 13 = prdE: Pressure, Strain Gauge [psi]
# name 14 = scan: Scan Count
# name 15 = par/sat/log: PAR/Logarithmic, Satlantic
# name 16 = flag:  0.000e+00
# span 0 =     -0.489,      7.658       
# span 1 =    14.2629,    22.0485       
# span 2 =    -0.6907,     9.2002       
# span 3 =     -7.679,    100.609       
# span 4 =  -0.199281,  88.259875       
# span 5 =      0.589,    111.136       
# span 6 =      6.349,      7.900       
# span 7 =    87.5140,   299.4389       
# span 8 =    -0.2143,     6.4699       
# span 9 =    -0.3720,   285.4014       
# span 10 =     0.0092,     0.0541      
# span 11 =     -0.281,      0.262      
# span 12 =     -0.479,      7.509      
# span 13 =     -0.695,     10.892      
# span 14 =          1,       1205      
# span 15 = 1.2459e-01, 1.9639e+02      
# span 16 = 0.0000e+00, 0.0000e+00      
# interval = seconds: 0.25
# start_time = Sep 24 2018 15:05:35 [Instrument's time stamp, header]
# bad_flag = -9.990e-29
*END*
     -0.488    18.2633     9.1989     97.685   0.605404      0.718      6.419   269.1153    -0.1738    -0.0229     0.0092      0.000     -0.478     -0.694          1 1.1961e+02 0.0000e+00
     -0.488    18.2629     9.1940     97.633   0.528334      0.589      6.419   268.5474    -0.1941    -0.0497     0.0092 1.0527e-16     -0.478     -0.694          2 1.2671e+02 0.0000e+00
     -0.488    18.2626     9.1981     97.677   0.549024      0.653      6.414   268.8881    -0.1900     0.0040     0.0092      0.000     -0.478     -0.694          3 1.1924e+02 0.0000e+00
     -0.488    18.2621     9.1957     97.652   0.520443      0.589      6.417   268.1688    -0.1779     0.0308     0.0092      0.000     -0.478     -0.694          4 1.1706e+02 0.0000e+00
     -0.488    18.2611     9.1996     97.696   0.504689      0.589      6.417   268.0553    -0.1860     0.0040     0.0092     -0.000     -0.478     -0.694          5 1.2676e+02 0.0000e+00
     -0.488    18.2603     9.1964     97.665   0.568629      0.653      6.413   267.4495    -0.1860     0.0308     0.0092     -0.000     -0.478     -0.694          6 1.1093e+02 0.0000e+00
     -0.488    18.2589     9.1993     97.698   0.559298      0.653      6.418   267.6767    -0.1738    -0.0497     0.0092     -0.000     -0.479     -0.694          7 9.1378e+01 0.0000e+00
     -0.488    18.2576     9.1971     97.676   0.516302      0.589      6.416   267.9795    -0.1819    -0.0766     0.0092     -0.000     -0.479     -0.694          8 8.3156e+01 0.0000e+00
     -0.487    18.2569     9.1953     97.656   0.503711      0.589      6.419   267.4874    -0.1658    -0.0229     0.0092 -1.744e-07     -0.479     -0.694          9 8.2789e+01 0.0000e+00
     -0.488    18.2564     9.1952     97.655   0.515754      0.589      6.417   268.7367    -0.1698     0.0040     0.0092     -0.000     -0.479     -0.694         10 8.5105e+01 0.0000e+00
     -0.488    18.2565     9.2002     97.708   0.560527      0.653      6.423   267.2981    -0.2021    -0.0632     0.0092      0.000     -0.478     -0.694         11 8.9477e+01 0.0000e+00
     -0.488    18.2570     9.1969     97.675   0.684846      0.782      6.431   268.8124    -0.1779    -0.0229     0.0092      0.000     -0.478     -0.694         12 1.0577e+02 0.0000e+00
     -0.488    18.2573     9.1964     97.672   0.775538      0.911      6.430   272.4845    -0.1941     0.0040     0.0092      0.000     -0.478     -0.694         13 1.1492e+02 0.0000e+00
     -0.488    18.2574     9.1965     97.674   0.802946      0.911      6.429   264.1181    -0.1779    -0.0497     0.0092      0.000     -0.479     -0.694         14 1.0349e+02 0.0000e+00
     -0.488    18.2584     9.1956     97.666   0.976417      1.137      6.417   267.7524    -0.1860    -0.0095     0.0092     -0.000     -0.479     -0.694         15 8.7857e+01 0.0000e+00
     -0.488    18.2600     9.1996     97.708   1.033375      1.202      6.410   266.4274    -0.1819     0.0174     0.0092     -0.000     -0.479     -0.694         16 7.6293e+01 0.0000e+00
     -0.488    18.2611     9.1952     97.661   0.939315      1.073      6.417   260.7867    -0.1860    -0.1974     0.0092     -0.000     -0.479     -0.694         17 7.3561e+01 0.0000e+00
     -0.488    18.2615     9.1982     97.694   0.856614      1.008      6.422   266.9195    -0.2021    -0.2243     0.0092     -0.000     -0.479     -0.694         18 7.3844e+01 0.0000e+00
     -0.487    18.2614     9.1908     97.616   0.810612      0.911      6.421   269.5317    -0.1617    -0.1169     0.0092     -0.000     -0.478     -0.694         19 7.4689e+01 0.0000e+00
     -0.488    18.2615     9.1930     97.639   0.848527      1.008      6.425   267.6388    -0.1617    -0.3720     0.0092      0.000     -0.478     -0.694         20 7.4313e+01 0.0000e+00
     -0.488    18.2618     9.1965     97.677   0.809432      0.911      6.427   277.4060    -0.1860    -0.2243     0.0092      0.000     -0.478     -0.694         21 6.8201e+01 0.0000e+00
     -0.488    18.2625     9.1975     97.688   0.859266      1.008      6.427   283.8039    -0.1536    -0.3183     0.0092      0.000     -0.479     -0.694         22 6.9973e+01 0.0000e+00
     -0.488    18.2634     9.1972     97.684   0.934545      1.072      6.427   290.2017    -0.2021    -0.1840     0.0092      0.000     -0.479     -0.694         23 7.9182e+01 0.0000e+00
     -0.488    18.2642     9.1968     97.680   0.982214      1.137      6.425   290.4667    -0.2021    -0.1840     0.0092      0.000     -0.478     -0.694         24 8.5140e+01 0.0000e+00
     -0.488    18.2646     9.1925     97.636   1.036802      1.201      6.428   289.7475    -0.2021    -0.1303     0.0092      0.000     -0.478     -0.694         25 9.3604e+01 0.0000e+00
     -0.488    18.2646     9.1932     97.643   1.044256      1.201      6.426   289.9367    -0.1860    -0.1974     0.0092     -0.000     -0.479     -0.695         26 1.1072e+02 0.0000e+00
     -0.489    18.2648     9.1993     97.709   1.091368      1.266      6.428   288.7253    -0.2021    -0.1840     0.0092     -0.000     -0.479     -0.695         27 1.1852e+02 0.0000e+00
     -0.488    18.2651     9.1955     97.669   1.096601      1.266      6.425   287.3624    -0.1860    -0.3183     0.0092     -0.000     -0.479     -0.694         28 1.2062e+02 0.0000e+00
     -0.488    18.2653     9.1969     97.684   1.037743      1.201      6.430   289.1039    -0.1860    -0.1974     0.0092     -0.000     -0.479     -0.694         29 1.2319e+02 0.0000e+00
     -0.488    18.2654     9.1916     97.628   0.986971      1.137      6.426   290.3153    -0.1819    -0.2512     0.0092     -0.000     -0.479     -0.694         30 1.2307e+02 0.0000e+00
     -0.488    18.2655     9.1922     97.634   0.982141      1.137      6.429   289.7475    -0.1779    -0.1974     0.0092     -0.000     -0.479     -0.694         31 1.2481e+02 0.0000e+00
     -0.488    18.2656     9.1952     97.667   0.925325      1.072      6.430   289.5960    -0.1900    -0.2243     0.0092     -0.000     -0.479     -0.694         32 1.2857e+02 0.0000e+00
     -0.488    18.2656     9.1972     97.688   0.880033      1.008      6.430   289.4446    -0.1941    -0.2780     0.0092      0.000     -0.479     -0.694         33 1.3022e+02 0.0000e+00
     -0.488    18.2658     9.1948     97.663   0.920074      1.072      6.431   289.3689    -0.1860    -0.2109     0.0092      0.000     -0.479     -0.694         34 1.2743e+02 0.0000e+00
     -0.488    18.2662     9.1902     97.615   0.875494      1.008      6.431   289.9367    -0.1779    -0.2109     0.0092      0.000     -0.479     -0.694         35 1.2967e+02 0.0000e+00
     -0.488    18.2664     9.1952     97.668   0.876299      1.008      6.430   290.2017    -0.1900    -0.2780     0.0092     -0.000     -0.479     -0.694         36 1.3450e+02 0.0000e+00
     -0.488    18.2669     9.1932     97.647   0.859859      1.008      6.429   289.7475    -0.2021    -0.2512     0.0092      0.000     -0.479     -0.694         37 1.3295e+02 0.0000e+00
     -0.488    18.2671     9.1939     97.656   0.807132      0.911      6.431   289.8232    -0.1860    -0.2243     0.0092     -0.000     -0.479     -0.694         38 1.2719e+02 0.0000e+00
     -0.488    18.2671     9.1935     97.651   0.853096      1.008      6.429   289.8989    -0.1738    -0.1437     0.0092     -0.000     -0.479     -0.694         39 1.2134e+02 0.0000e+00
     -0.488    18.2670     9.1967     97.685   0.802657      0.911      6.430   289.4067    -0.2143    -0.2646     0.0092      0.000     -0.479     -0.694         40 1.2526e+02 0.0000e+00
     -0.488    18.2672     9.1942     97.659   0.721865      0.847      6.431   289.7475    -0.1981    -0.2109     0.0092      0.000     -0.479     -0.694         41 1.2719e+02 0.0000e+00
     -0.488    18.2674     9.1941     97.657   0.746390      0.847      6.432   289.1417    -0.1941    -0.1303     0.0092      0.000     -0.478     -0.694         42 1.1651e+02 0.0000e+00
     -0.488    18.2675     9.1962     97.680   0.772136      0.911      6.433   289.7475    -0.1981    -0.3049     0.0092      0.000     -0.478     -0.694         43 1.1170e+02 0.0000e+00
     -0.488    18.2674     9.1986     97.705   0.689824      0.782      6.430   289.7853    -0.1900    -0.2512     0.0092      0.000     -0.479     -0.694         44 1.1158e+02 0.0000e+00
     -0.488    18.2679     9.1756     97.666   0.671184      0.782      6.433   289.8232    -0.1941    -0.1437     0.0092      0.000     -0.479     -0.694         45 1.1066e+02 0.0000e+00
     -0.488    18.2677     9.0303     97.709   0.736120      0.847      6.433   290.4667    -0.2021    -0.3183     0.0092      0.000     -0.479     -0.694         46 1.0719e+02 0.0000e+00
     -0.488    18.2691     8.8905     97.745   0.668227      0.782      6.432   290.3910    -0.2021    -0.2512     0.0092     -0.000     -0.478     -0.694         47 1.0217e+02 0.0000e+00
     -0.488    18.2676     8.8037     97.739   0.696460      0.782      6.433   290.3153    -0.1981    -0.2109     0.0092      0.000     -0.478     -0.694         48 9.9760e+01 0.0000e+00
     -0.488    18.2700     8.7376     97.739   0.641769      0.782      6.433   290.4667    -0.1779    -0.2512     0.0092      0.000     -0.478     -0.694         49 9.7062e+01 0.0000e+00
     -0.488    18.2664     8.6703     97.724   0.736288      0.782      6.433   290.0125    -0.2021    -0.1437     0.0092     -0.000     -0.478     -0.694         50 9.5724e+01 0.0000e+00
     -0.488    18.2727     8.6306     97.796   0.519618      0.718      6.433   290.8832    -0.1981    -0.2512     0.0092      0.000     -0.478     -0.694         51 1.0104e+02 0.0000e+00
     -0.488    18.2621     8.6154     97.889   0.852199      0.782      6.433   291.9432    -0.1819    -0.2377     0.0092      0.000     -0.479     -0.694         52 1.1111e+02 0.0000e+00
     -0.488    18.2791     8.6275     98.165   0.322398      0.718      6.435   290.3532    -0.1860    -0.2243     0.0092     -0.000     -0.479     -0.694         53 1.2765e+02 0.0000e+00
     -0.488    18.2514     8.6697     98.731   1.119731      0.718      6.432   289.5203    -0.1779    -0.2780     0.0092     -0.000     -0.479     -0.694         54 1.4712e+02 0.0000e+00
     -0.488    18.4040     8.7768    100.008  -0.199281      0.718      6.437   290.4667    -0.1698    -0.2512     0.0092     -0.000     -0.477     -0.691         55 1.6180e+02 0.0000e+00
     -0.486    19.1623     8.8278    100.609   2.023099      0.782      6.456   293.0032    -0.1819    -0.1706     0.0092      0.000     -0.462     -0.670         56 1.7337e+02 0.0000e+00
     -0.436    19.9766     8.8137    100.476  12.036757     15.516      6.619   299.4389    -0.1617    -0.2243     0.0139      0.014     -0.422     -0.611         57 1.8081e+02 0.0000e+00
     -0.371    20.4617     8.6731     98.901  20.867549     21.994      7.031   215.4337    -0.1779    -0.2243     0.0167      0.041     -0.362     -0.525         58 1.8830e+02 0.0000e+00
     -0.303    20.8558     8.4404     96.235  31.211950     36.200      7.458   205.7801    -0.2143    -0.3452     0.0227      0.078     -0.296     -0.429         59 1.9639e+02 0.0000e+00
     -0.231    21.2338     8.1636     93.082  33.814257     36.269      7.772   209.5279    -0.1617    -0.1303     0.0229      0.122     -0.228     -0.331         60 1.9454e+02 0.0000e+00
     -0.167    21.5123     7.8287     89.287  32.895987     36.423      7.900   203.5086    -0.1860    -0.3317     0.0231      0.166     -0.161     -0.233         61 1.7718e+02 0.0000e+00
     -0.092    21.6516     7.5012     85.573  33.926223     36.359      7.894   203.7358    -0.1617    -0.1706     0.0232      0.209     -0.092     -0.133         62 1.4852e+02 0.0000e+00
     -0.023    21.7256     7.2134     82.301  33.451283     36.144      7.868   196.8836     2.4464     4.6635     0.0232      0.243     -0.027     -0.038         63 1.4015e+02 0.0000e+00
      0.034    21.7703     6.9688     79.510  33.724157     36.036      7.794   181.5893     2.4505     4.5426     0.0231      0.262      0.029      0.042         64 1.2975e+02 0.0000e+00
      0.078    21.7996     6.7753     77.297  33.467944     35.860      7.767   207.1808     2.4747     4.5963     0.0231      0.260      0.074      0.107         65 9.2506e+01 0.0000e+00
      0.113    21.8108     6.6420     75.790  33.592170     35.886      7.759   191.2807     2.4626     4.5829     0.0231      0.245      0.109      0.158         66 7.4162e+01 0.0000e+00
      0.144    21.8253     6.5001     74.184  33.450918     35.744      7.712   202.3729     2.4505     4.5829     0.0231      0.224      0.136      0.197         67 6.9325e+01 0.0000e+00
      0.157    21.8382     6.3951     72.985  33.376821     35.646      7.662   210.1337     3.0247     2.1122     0.0230      0.196      0.154      0.224         68 6.4868e+01 0.0000e+00
      0.171    21.8333     6.2970     71.868  33.358172     35.605      7.631   206.1208     3.0328     2.1122     0.0230      0.164      0.174      0.252         69 6.0066e+01 0.0000e+00
      0.204    21.8341     6.2082     70.861  33.503775     35.773      7.601   191.7350     3.0368     2.0853     0.0231      0.136      0.199      0.289         70 5.5624e+01 0.0000e+00
      0.234    21.8481     6.1312     69.985  33.521819     35.778      7.572   190.7886     3.0206     2.1793     0.0231      0.116      0.224      0.325         71 5.3369e+01 0.0000e+00
      0.247    21.8607     6.0651     69.224  33.513645     35.777      7.538   191.3186     3.0449     1.8705     0.0231      0.100      0.239      0.348         72 5.1884e+01 0.0000e+00
      0.252    21.8681     5.9918     68.375  33.573257     35.826      7.507   189.6907     3.0166     2.0450     0.0231      0.087      0.248      0.360         73 5.0255e+01 0.0000e+00
      0.259    21.8674     5.9349     67.713  33.566249     35.816      7.492   186.3593     2.9802     1.9242     0.0231      0.075      0.258      0.374         74 4.7123e+01 0.0000e+00
      0.279    21.8648     5.8988     67.298  33.581671     35.811      7.490   186.9272     3.0247     1.9510     0.0231      0.069      0.274      0.397         75 4.7149e+01 0.0000e+00
      0.299    21.8732     5.8669     66.934  33.494753     35.752      7.475   188.5172     3.1743     1.9913     0.0231      0.067      0.289      0.419         76 4.5503e+01 0.0000e+00
      0.306    21.8825     5.8495     66.736  33.288904     35.486      7.456   189.1229     3.1622     1.9376     0.0230      0.061      0.298      0.432         77 4.6946e+01 0.0000e+00
      0.306    21.8825     5.8566     66.817  33.333712     35.568      7.437   189.0093     3.1581     1.8839     0.0230      0.050      0.299      0.433         78 4.7376e+01 0.0000e+00
      0.302    21.8838     5.8870     67.160  33.438985     35.651      7.417   189.5393     3.1339     1.9107     0.0231      0.039      0.294      0.427         79 4.7936e+01 0.0000e+00
      0.290    21.8890     5.9422     67.786  33.454439     35.681      7.415   189.2365     2.9721     1.9242     0.0231      0.029      0.285      0.414         80 5.1198e+01 0.0000e+00
      0.281    21.8909     6.0153     68.620  33.522064     35.739      7.414   190.9779     2.9883     1.9779     0.0231      0.017      0.277      0.402         81 5.1509e+01 0.0000e+00
      0.276    21.8861     6.1003     69.591  33.562410     35.795      7.414   189.1229     2.9721     1.8973     0.0231      0.003      0.274      0.398         82 5.3403e+01 0.0000e+00
      0.284    21.8765     6.1664     70.342  33.522846     35.734      7.411   190.4100     2.9559     1.8570     0.0231     -0.008      0.279      0.405         83 5.2915e+01 0.0000e+00
      0.295    21.8675     6.2187     70.936  33.571301     35.797      7.406   190.7507     2.9762     2.0047     0.0231     -0.011      0.288      0.417         84 5.1790e+01 0.0000e+00
      0.302    21.8642     6.2531     71.331  33.561422     35.804      7.401   191.3943     2.9964     1.9913     0.0231     -0.007      0.295      0.427         85 5.2155e+01 0.0000e+00
