Data/DataNotYetUploadedToEDI/Raw_CTD/RawDownloads/092418_fcr10.cnv
* Sea-Bird SBE19plus  Data File:
* FileName = C:\DATA\092418_fcr_0001.hex
* Software version 2.6.3.104
* Temperature SN = 7809
* Conductivity SN = 7809
* System UpLoad Time = Sep 24 2018 16:47:26
* <ApplicationData>
* <Seaterm232>
# nquan = 17
# nvalues = 495                         
# units = specified
# name 0 = depFM: Depth [fresh water, m]
# name 1 = tv290C: Temperature [ITS-90, deg C]
# name 2 = sbeox0Mg/L: Oxygen, SBE 43 [mg/l]
# name 3 = sbeox0PS: Oxygen, SBE 43 [% saturation]
# name 4 = c0uS/cm: Conductivity [uS/cm]
# name 5 = specc: Specific Conductance [uS/cm]
# name 6 = ph: pH
# name 7 = orp: Oxidation Reduction Potential [mV]
# name 8 = flECO-AFL: Fluorescence, WET Labs ECO-AFL/FL [mg/m^3]
# name 9 = turbWETntu0: Turbidity, WET Labs ECO [NTU]
# name 10 = sal00: Salinity, Practical [PSU]
# name 11 = dz/dtM: Descent Rate [m/s]
# name 12 = prdM: Pressure, Strain Gauge [db]
# name 13 = prdE: Pressure, Strain Gauge [psi]
# name 14 = scan: Scan Count
# name 15 = par/sat/log: PAR/Logarithmic, Satlantic
# name 16 = flag:  0.000e+00
# span 0 =     -0.499,      2.818       
# span 1 =    17.5836,    22.0433       
# span 2 =     4.2768,     9.2469       
# span 3 =     47.858,    102.011       
# span 4 =   0.678773,  36.312196       
# span 5 =      0.794,     39.101       
# span 6 =      6.219,      7.661       
# span 7 =  -233.6291,   406.3099       
# span 8 =    -0.2183,     2.1432       
# span 9 =    -0.3183,    16.9769       
# span 10 =     0.0089,     0.0243      
# span 11 =     -0.195,      0.180      
# span 12 =     -0.489,      2.763      
# span 13 =     -0.709,      4.007      
# span 14 =          1,        495      
# span 15 = 6.1240e+00, 2.3159e+02      
# span 16 = 0.0000e+00, 0.0000e+00      
# interval = seconds: 0.25
# start_time = Sep 24 2018 13:58:29 [Instrument's time stamp, header]
# bad_flag = -9.990e-29
*END*
[from data line 341]
     -0.193    22.0308     6.4672     74.031  34.325456     36.498      6.910   251.0195     1.7348     3.3475     0.0234     -0.015     -0.190     -0.276        342 1.8738e+02 0.0000e+00
     -0.191    22.0334     6.4611     73.959  34.304374     36.463      6.896   250.0352     1.7348     3.4012     0.0234     -0.002     -0.187     -0.272        343 1.8890e+02 0.0000e+00
     -0.191    22.0344     6.4593     73.939  34.345828     36.519      6.893   249.9595     1.8156     3.3744     0.0235      0.005     -0.184     -0.267        344 1.8725e+02 0.0000e+00
     -0.182    22.0343     6.4608     73.956  34.362835     36.517      6.892   248.9752     1.7914     3.3207     0.0235      0.011     -0.177     -0.257        345 1.8796e+02 0.0000e+00
     -0.168    22.0344     6.4611     73.959  34.342520     36.516      6.885   248.7102     1.8075     3.2804     0.0235      0.017     -0.164     -0.239        346 1.8829e+02 0.0000e+00
     -0.153    22.0347     6.4621     73.969  34.311797     36.457      6.878   247.3852     1.8075     3.3744     0.0234      0.024     -0.149     -0.216        347 1.9033e+02 0.0000e+00
     -0.135    22.0351     6.4669     74.024  34.312101     36.486      6.877   247.3852     1.7954     3.5221     0.0234      0.031     -0.132     -0.191        348 1.9052e+02 0.0000e+00
     -0.116    22.0361     6.4738     74.103  34.312486     36.456      6.860   228.1916     1.7914     3.5221     0.0234      0.039     -0.113     -0.164        349 1.6975e+02 0.0000e+00
     -0.093    22.0379     6.4846     74.226  34.340974     36.515      6.852   242.6909     1.7914     3.5355     0.0235      0.050     -0.093     -0.135        350 1.4321e+02 0.0000e+00
     -0.076    22.0389     6.4940     74.336  34.306303     36.455      6.852   223.0051     1.7954     3.4952     0.0234      0.060     -0.075     -0.109        351 1.3324e+02 0.0000e+00
     -0.062    22.0383     6.4972     74.371  34.296321     36.454      6.866   222.1723     1.7914     3.5221     0.0234      0.067     -0.060     -0.087        352 1.2810e+02 0.0000e+00
     -0.047    22.0376     6.4932     74.320  34.353398     36.513      6.884   236.9366     1.7995     3.3475     0.0235      0.069     -0.045     -0.064        353 1.2514e+02 0.0000e+00
     -0.028    22.0378     6.4849     74.225  34.324240     36.483      6.895   221.4151     1.8197     3.2804     0.0234      0.070     -0.026     -0.038        354 1.2495e+02 0.0000e+00
     -0.006    22.0378     6.4764     74.128  34.302951     36.454      6.898   220.3173     1.7873     3.3610     0.0234      0.070     -0.006     -0.010        355 1.2176e+02 0.0000e+00
      0.013    22.0369     6.4669     74.020  34.350236     36.513      6.895   219.8630     1.8035     3.3744     0.0235      0.071      0.013      0.018        356 1.1227e+02 0.0000e+00
      0.031    22.0364     6.4648     73.998  34.354364     36.513      6.895   219.1058     1.8925     3.3610     0.0235      0.071      0.031      0.045        357 1.1125e+02 0.0000e+00
      0.051    22.0367     6.4563     73.904  34.357126     36.514      6.899   219.0301     1.8561     3.3207     0.0235      0.071      0.051      0.074        358 1.0992e+02 0.0000e+00
      0.074    22.0365     6.4453     73.780  34.346798     36.514      6.903   219.0301     1.8803     3.3072     0.0235      0.074      0.073      0.106        359 9.9186e+01 0.0000e+00
      0.098    22.0362     6.4363     73.679  34.337561     36.485      6.899   218.8787     1.8682     3.3610     0.0234      0.078      0.098      0.142        360 9.7565e+01 0.0000e+00
      0.128    22.0374     6.4368     73.683  34.338967     36.514      6.892   218.6894     1.8561     3.3878     0.0235      0.083      0.125      0.181        361 9.2965e+01 0.0000e+00
      0.156    22.0366     6.4366     73.681  34.315393     36.455      6.887   218.3108     1.8561     3.3207     0.0234      0.088      0.152      0.220        362 8.7484e+01 0.0000e+00
      0.180    22.0331     6.4401     73.721  34.337243     36.514      6.891   219.0680     1.8722     3.3341     0.0235      0.093      0.176      0.255        363 8.5979e+01 0.0000e+00
      0.202    22.0324     6.4487     73.819  34.371088     36.514      6.897   218.7273     1.8561     3.4012     0.0235      0.096      0.198      0.288        364 8.0569e+01 0.0000e+00
      0.224    22.0330     6.4577     73.922  34.362242     36.547      6.900   218.7651     1.8439     3.3475     0.0235      0.098      0.221      0.320        365 7.6148e+01 0.0000e+00
      0.249    22.0335     6.4701     74.065  34.377909     36.518      6.895   218.8030     1.8722     3.3341     0.0235      0.098      0.245      0.354        366 7.4131e+01 0.0000e+00
      0.273    22.0352     6.4844     74.227  34.381248     36.576      6.893   218.9923     1.8844     3.2938     0.0235      0.097      0.270      0.392        367 7.1066e+01 0.0000e+00
      0.304    22.0371     6.4919     74.310  34.328432     36.457      6.884   219.1058     1.8803     3.3341     0.0234      0.097      0.299      0.434        368 6.6237e+01 0.0000e+00
      0.338    22.0388     6.4926     74.318  34.325013     36.515      6.884   219.2951     1.8278     3.3207     0.0235      0.099      0.330      0.479        369 6.3822e+01 0.0000e+00
      0.368    22.0395     6.4912     74.303  34.326188     36.455      6.887   218.9544     1.8197     3.3744     0.0234      0.103      0.359      0.522        370 6.2805e+01 0.0000e+00
      0.393    22.0391     6.4833     74.215  34.356623     36.542      6.890   219.2951     1.8197     3.3475     0.0235      0.107      0.384      0.558        371 6.1323e+01 0.0000e+00
      0.414    22.0388     6.4796     74.175  34.376106     36.512      6.892   220.0523     1.7995     3.2401     0.0235      0.108      0.405      0.588        372 6.0562e+01 0.0000e+00
      0.433    22.0386     6.4740     74.112  34.390911     36.572      6.899   220.1658     1.7914     3.3072     0.0235      0.107      0.426      0.618        373 6.0020e+01 0.0000e+00
      0.455    22.0387     6.4770     74.147  34.367854     36.513      6.904   220.9608     1.8156     3.3744     0.0235      0.103      0.449      0.650        374 5.8540e+01 0.0000e+00
      0.483    22.0391     6.4842     74.231  34.345489     36.513      6.903   221.3394     1.7833     3.4012     0.0235      0.100      0.474      0.688        375 5.6832e+01 0.0000e+00
      0.512    22.0394     6.4889     74.285  34.359434     36.513      6.899   222.0587     1.8075     3.2267     0.0235      0.097      0.502      0.728        376 5.4903e+01 0.0000e+00
      0.540    22.0384     6.4895     74.293  34.380157     36.542      6.897   222.4373     1.8237     3.3475     0.0235      0.095      0.528      0.766        377 5.2843e+01 0.0000e+00
      0.564    22.0364     6.4845     74.230  34.408668     36.571      6.894   222.9294     1.9733     3.5087     0.0235      0.096      0.551      0.799        378 5.1308e+01 0.0000e+00
      0.580    22.0358     6.4721     74.079  34.412922     36.572      6.885   222.8158     1.9855     3.6161     0.0235      0.096      0.569      0.825        379 4.9899e+01 0.0000e+00
      0.596    22.0372     6.4629     73.968  34.404520     36.574      6.885   223.0051     2.0178     3.5490     0.0235      0.094      0.586      0.849        380 4.7911e+01 0.0000e+00
      0.616    22.0386     6.4608     73.946  34.359811     36.515      6.887   223.7244     1.9572     3.5490     0.0235      0.092      0.605      0.876        381 4.6350e+01 0.0000e+00
      0.635    22.0401     6.4566     73.904  34.349935     36.514      6.890   223.9516     1.8480     3.3207     0.0235      0.087      0.625      0.906        382 4.4843e+01 0.0000e+00
      0.660    22.0413     6.4569     73.911  34.327841     36.483      6.892   224.2166     1.8601     3.3878     0.0234      0.083      0.648      0.940        383 4.2936e+01 0.0000e+00
      0.686    22.0416     6.4613     73.963  34.357651     36.512      6.895   224.5573     1.8803     3.3207     0.0235      0.081      0.674      0.978        384 4.1538e+01 0.0000e+00
      0.717    22.0421     6.4704     74.068  34.342494     36.511      6.899   225.1630     1.8803     3.3341     0.0235      0.083      0.703      1.019        385 3.9794e+01 0.0000e+00
      0.747    22.0429     6.4806     74.185  34.317048     36.451      6.896   225.1251     1.8682     3.4415     0.0234      0.089      0.732      1.061        386 3.8413e+01 0.0000e+00
      0.775    22.0433     6.4907     74.300  34.330006     36.510      6.895   225.4658     1.8642     3.3475     0.0235      0.097      0.760      1.103        387 3.7762e+01 0.0000e+00
      0.804    22.0400     6.4946     74.344  34.326368     36.450      6.890   225.8066     1.8844     3.2938     0.0234      0.104      0.790      1.145        388 3.6488e+01 0.0000e+00
      0.836    22.0330     6.4915     74.309  34.529169     36.717      6.887   225.9580     1.8642     3.3207     0.0235      0.110      0.820      1.189        389 3.5323e+01 0.0000e+00
      0.869    22.0291     6.4924     74.318  34.641096     36.809      6.892   226.5637     1.8480     3.4415     0.0236      0.115      0.850      1.233        390 3.4413e+01 0.0000e+00
      0.896    22.0308     6.4976     74.378  34.572613     36.755      6.893   226.3366     1.8237     3.4281     0.0236      0.117      0.878      1.273        391 3.3286e+01 0.0000e+00
      0.922    22.0349     6.5024     74.432  34.466116     36.639      6.899   226.8287     1.8844     3.3341     0.0235      0.117      0.904      1.312        392 3.2345e+01 0.0000e+00
      0.949    22.0374     6.5045     74.455  34.358442     36.519      6.903   226.7530     1.8803     3.3878     0.0235      0.115      0.929      1.348        393 3.1340e+01 0.0000e+00
      0.971    22.0389     6.5054     74.464  34.350735     36.516      6.903   227.2830     1.8722     3.3475     0.0235      0.112      0.952      1.381        394 3.0542e+01 0.0000e+00
      0.993    22.0395     6.5051     74.456  34.327424     36.484      6.908   227.2073     1.9814     3.2535     0.0234      0.108      0.974      1.412        395 2.9760e+01 0.0000e+00
      1.016    22.0390     6.5007     74.400  34.298482     36.453      6.906   227.3966     1.9733     3.3341     0.0234      0.103      0.998      1.447        396 2.8875e+01 0.0000e+00
      1.043    22.0387     6.5001     74.388  34.297783     36.453      6.901   227.6994     2.0259     3.3475     0.0234      0.099      1.024      1.485        397 2.8026e+01 0.0000e+00
      1.072    22.0385     6.4959     74.337  34.298637     36.453      6.896   227.9644     1.9733     3.3744     0.0234      0.097      1.051      1.525        398 2.7069e+01 0.0000e+00
      1.102    22.0383     6.4977     74.355  34.297421     36.453      6.894   227.8887     1.9248     3.4012     0.0234      0.099      1.081      1.568        399 2.6271e+01 0.0000e+00
      1.133    22.0380     6.4967     74.341  34.328955     36.483      6.897   228.1159     1.9248     3.2938     0.0234      0.102      1.111      1.611        400 2.5620e+01 0.0000e+00
      1.162    22.0378     6.4957     74.324  34.348363     36.513      6.903   228.4187     1.9248     3.3207     0.0235      0.105      1.138      1.651        401 2.5064e+01 0.0000e+00
      1.187    22.0374     6.4840     74.182  34.302924     36.454      6.906   228.6080     1.8965     3.2938     0.0234      0.109      1.163      1.688        402 2.4617e+01 0.0000e+00
      1.210    22.0370     6.4735     74.055  34.296533     36.454      6.907   228.8351     2.0704     3.5221     0.0234      0.110      1.186      1.721        403 2.4139e+01 0.0000e+00
      1.232    22.0359     6.4546     73.829  34.297004     36.454      6.907   228.9866     2.0704     3.4818     0.0234      0.108      1.208      1.753        404 2.3784e+01 0.0000e+00
      1.254    22.0327     6.4408     73.664  34.302339     36.455      6.904   229.1759     2.0623     3.4952     0.0234      0.104      1.230      1.784        405 2.3435e+01 0.0000e+00
      1.277    22.0288     6.4232     73.457  34.319550     36.485      6.900   229.8194     2.0502     3.6027     0.0234      0.099      1.253      1.818        406 2.2987e+01 0.0000e+00
      1.302    22.0253     6.4132     73.338  34.305242     36.458      6.899   230.0466     2.0299     3.3744     0.0234      0.095      1.277      1.853        407 2.2513e+01 0.0000e+00
      1.329    22.0226     6.4030     73.214  34.290490     36.461      6.892   229.7816     2.0299     3.4147     0.0234      0.093      1.302      1.889        408 2.1973e+01 0.0000e+00
      1.354    22.0210     6.3996     73.156  34.308254     36.464      6.891   230.0844     2.0057     3.2535     0.0234      0.093      1.327      1.925        409 2.1592e+01 0.0000e+00
      1.377    22.0196     6.3988     73.122  34.283137     36.466      6.891   230.4630     2.0016     3.3072     0.0234      0.094      1.352      1.961        410 2.1198e+01 0.0000e+00
      1.406    22.0154     6.4014     73.129  34.232782     36.378      6.891   230.5009     1.9935     3.3744     0.0234      0.096      1.379      2.000        411 2.0629e+01 0.0000e+00
      1.435    22.0094     6.4092     73.197  34.281954     36.468      6.891   230.6144     1.9895     3.4415     0.0234      0.099      1.405      2.038        412 2.0205e+01 0.0000e+00
      1.459    22.0046     6.4215     73.323  34.310914     36.471      6.893   230.4630     1.9976     3.4550     0.0234      0.101      1.428      2.072        413 1.9773e+01 0.0000e+00
      1.478    21.9987     6.4376     73.495  34.285712     36.476      6.894   230.8037     2.0057     3.3207     0.0234      0.101      1.448      2.101        414 1.9354e+01 0.0000e+00
      1.495    21.9930     6.4563     73.697  34.224351     36.391      6.894   230.6901     1.9895     3.3744     0.0234      0.097      1.466      2.127        415 1.9112e+01 0.0000e+00
      1.512    21.9891     6.4860     74.024  34.209344     36.395      6.895   230.9551     1.9976     3.3341     0.0234      0.092      1.483      2.151        416 1.8866e+01 0.0000e+00
      1.528    21.9861     6.5172     74.370  34.304392     36.489      6.896   230.9173     1.9652     3.3207     0.0234      0.087      1.499      2.175        417 1.8603e+01 0.0000e+00
      1.547    21.9807     6.5438     74.665  34.284004     36.492      6.897   231.4851     2.0016     3.3341     0.0234      0.081      1.518      2.202        418 1.8282e+01 0.0000e+00
      1.568    21.9672     6.5689     74.944  34.234718     36.405      6.891   231.4094     1.9855     3.3610     0.0234      0.076      1.539      2.233        419 1.7916e+01 0.0000e+00
      1.594    21.9499     6.5785     75.047  34.276761     36.498      6.889   231.4851     2.0623     3.4012     0.0234      0.074      1.564      2.269        420 1.7494e+01 0.0000e+00
      1.623    21.9333     6.5868     75.138  34.231687     36.420      6.883   231.6744     2.0785     3.4415     0.0234      0.077      1.591      2.308        421 1.7103e+01 0.0000e+00
      1.652    21.9181     6.5791     75.045  34.201852     36.433      6.884   231.9394     2.0542     3.4012     0.0234      0.084      1.619      2.348        422 1.6747e+01 0.0000e+00
      1.679    21.9080     6.5761     75.005  34.224930     36.446      6.887   232.2044     2.0866     3.2938     0.0234      0.091      1.645      2.386        423 1.6335e+01 0.0000e+00
      1.704    21.9000     6.5732     74.960  34.232630     36.488      6.893   232.5830     1.8763     3.2267     0.0234      0.097      1.669      2.421        424 1.6041e+01 0.0000e+00
      1.723    21.8914     6.5759     74.974  34.221932     36.465      6.893   232.3559     1.8803     3.3475     0.0234      0.100      1.687      2.447        425 1.5918e+01 0.0000e+00
