Data/DataNotYetUploadedToEDI/Raw_CTD/RawDownloads/092418_fcr20.cnv
* Sea-Bird SBE19plus  Data File:
* FileName = C:\DATA\092418_fcr_0002.hex
* Software version 2.6.3.104
* Temperature SN = 7809
* Conductivity SN = 7809
* System UpLoad Time = Sep 24 2018 16:48:00
* <ApplicationData>
* <Seaterm232>
# nquan = 17
# nvalues = 1229                        
# units = specified
# name 0 = depFM: Depth [fresh water, m]
# name 1 = tv290C: Temperature [ITS-90, deg C]
# name 2 = sbeox0Mg/L: Oxygen, SBE 43 [mg/l]
# name 3 = sbeox0PS: Oxygen, SBE 43 [% saturation]
# name 4 = c0uS/cm: Conductivity [uS/cm]
# name 5 = specc: Specific Conductance [uS/cm]
# name 6 = ph: pH
# name 7 = orp: Oxidation Reduction Potential [mV]
# name 8 = flECO-AFL: Fluorescence, WET Labs ECO-AFL/FL [mg/m^3]
# name 9 = turbWETntu0: Turbidity, WET Labs ECO [NTU]
# name 10 = sal00: Salinity, Practical [PSU]
# name 11 = dz/dtM: Descent Rate [m/s]
# name 12 = prdM: Pressure, Strain Gauge [db]
# name 13 = prdE: Pressure, Strain Gauge [psi]
# name 14 = scan: Scan Count
# name 15 = par/sat/log: PAR/Logarithmic, Satlantic
# name 16 = flag:  0.000e+00
# span 0 =     -0.491,      3.595       
# span 1 =    18.2089,    22.0542       
# span 2 =     4.2496,     9.2258       
# span 3 =     47.861,    103.608       
# span 4 =   0.828152,  36.119680       
# span 5 =      0.945,     38.542       
# span 6 =      6.310,      7.770       
# span 7 =   152.0228,   391.0156       
# span 8 =    -0.2021,     2.9276       
# span 9 =    -0.3049,     8.7053       
# span 10 =     0.0092,     0.0242      
# span 11 =     -0.191,      0.251      
# span 12 =     -0.482,      3.525      
# span 13 =     -0.698,      5.113      
# span 14 =          1,       1229      
# span 15 = 2.5242e+00, 2.5959e+02      
# span 16 = 0.0000e+00, 0.0000e+00      
# interval = seconds: 0.25
# start_time = Sep 24 2018 14:18:44 [Instrument's time stamp, header]
# bad_flag = -9.990e-29
*END*
[from data line 1022]
      2.671    21.4751     6.3371     71.763  33.374107     35.900      6.782   267.4117     1.6215     4.8649     0.0230      0.024      2.620      3.799       1023 7.4479e+00 0.0000e+00
      2.683    21.4652     6.3269     71.636  33.349033     35.867      6.778   267.4117     1.5568     5.0260     0.0230      0.026      2.630      3.813       1024 7.4215e+00 0.0000e+00
      2.689    21.4653     6.3096     71.431  33.349264     35.873      6.777   267.4874     1.5326     5.0126     0.0230      0.028      2.636      3.822       1025 7.4040e+00 0.0000e+00
      2.690    21.4743     6.3171     71.510  33.403475     35.941      6.779   266.9195     1.5690     5.1200     0.0231      0.028      2.639      3.827       1026 7.3366e+00 0.0000e+00
      2.694    21.4837     6.3133     71.466  33.400191     35.941      6.777   267.2981     1.5771     5.0797     0.0231      0.027      2.642      3.832       1027 7.2929e+00 0.0000e+00
      2.699    21.4883     6.3205     71.553  33.383007     35.904      6.774   267.7903     1.5649     4.8380     0.0230      0.026      2.646      3.837       1028 7.2587e+00 0.0000e+00
      2.701    21.4948     6.3371     71.744  33.395201     35.926      6.770   267.9038     1.5730     4.7843     0.0231      0.023      2.648      3.840       1029 7.2647e+00 0.0000e+00
      2.699    21.4973     6.3398     71.773  33.355356     35.864      6.773   267.1088     1.5326     4.7440     0.0230      0.018      2.648      3.840       1030 7.2687e+00 0.0000e+00
      2.698    21.4925     6.3537     71.931  33.402936     35.918      6.774   267.3360     1.5487     4.8649     0.0231      0.012      2.649      3.842       1031 7.2220e+00 0.0000e+00
      2.706    21.4879     6.3625     72.028  33.454607     35.976      6.773   267.4117     1.6094     4.8783     0.0231      0.010      2.655      3.850       1032 7.1068e+00 0.0000e+00
      2.716    21.4808     6.3676     72.077  33.409672     35.920      6.771   267.8660     1.6296     4.8112     0.0231      0.011      2.661      3.860       1033 7.0682e+00 0.0000e+00
      2.720    21.4720     6.3723     72.119  33.369894     35.893      6.767   268.2445     1.5892     4.8112     0.0230      0.013      2.665      3.866       1034 7.1135e+00 0.0000e+00
      2.719    21.4654     6.3777     72.176  33.355838     35.869      6.763   267.9795     1.6418     4.8112     0.0230      0.013      2.666      3.867       1035 7.1028e+00 0.0000e+00
      2.720    21.4614     6.3759     72.156  33.338202     35.876      6.763   267.9038     1.5649     4.9589     0.0230      0.013      2.667      3.868       1036 7.0667e+00 0.0000e+00
      2.721    21.4610     6.3670     72.052  33.362191     35.881      6.761   267.6767     1.5487     4.8783     0.0230      0.013      2.670      3.872       1037 7.0425e+00 0.0000e+00
      2.727    21.4647     6.3613     71.976  33.385298     35.944      6.766   267.9795     1.5609     4.7843     0.0231      0.014      2.675      3.880       1038 7.0059e+00 0.0000e+00
      2.735    21.4666     6.3564     71.899  33.368757     35.884      6.764   267.9417     1.5932     4.8112     0.0230      0.014      2.682      3.891       1039 6.9074e+00 0.0000e+00
      2.744    21.4660     6.3462     71.761  33.353121     35.911      6.766   267.9038     1.6094     4.7575     0.0230      0.015      2.691      3.903       1040 6.8208e+00 0.0000e+00
      2.752    21.4661     6.3425     71.694  33.286137     35.790      6.768   268.2445     1.6175     4.9320     0.0230      0.017      2.698      3.914       1041 6.7581e+00 0.0000e+00
      2.758    21.4642     6.3419     71.666  33.333499     35.880      6.769   268.1688     1.6175     4.7843     0.0230      0.021      2.705      3.924       1042 6.6875e+00 0.0000e+00
      2.766    21.4583     6.3417     71.650  33.412800     35.940      6.771   268.0553     1.6337     4.8515     0.0231      0.025      2.712      3.934       1043 6.6186e+00 0.0000e+00
      2.773    21.4508     6.3445     71.673  33.395031     35.942      6.771   268.2445     1.6094     4.7977     0.0231      0.028      2.718      3.943       1044 6.5583e+00 0.0000e+00
      2.777    21.4476     6.3621     71.863  33.355613     35.886      6.770   268.2824     1.5730     4.8112     0.0230      0.029      2.723      3.950       1045 6.5566e+00 0.0000e+00
      2.779    21.4476     6.3820     72.078  33.372894     35.922      6.770   268.5095     1.5649     4.8112     0.0230      0.027      2.727      3.956       1046 6.5432e+00 0.0000e+00
      2.787    21.4453     6.3961     72.230  33.403181     35.955      6.770   268.2445     1.5326     4.8783     0.0231      0.025      2.734      3.966       1047 6.4697e+00 0.0000e+00
      2.798    21.4364     6.4173     72.465  33.406884     35.955      6.773   268.3203     1.5568     4.7709     0.0231      0.024      2.744      3.980       1048 6.3773e+00 0.0000e+00
      2.809    21.4211     6.4404     72.722  33.338631     35.896      6.775   268.3581     1.5649     4.7843     0.0230      0.026      2.753      3.993       1049 6.2939e+00 0.0000e+00
      2.814    21.4049     6.4554     72.889  33.280540     35.813      6.776   268.4338     1.5811     4.8112     0.0230      0.027      2.759      4.002       1050 6.2670e+00 0.0000e+00
      2.819    21.3879     6.4722     73.077  33.330908     35.915      6.777   268.3203     1.5528     4.7575     0.0230      0.027      2.765      4.011       1051 6.1902e+00 0.0000e+00
      2.829    21.3723     6.4804     73.167  33.335266     35.897      6.777   268.5474     1.5487     4.8380     0.0230      0.029      2.774      4.023       1052 6.0582e+00 0.0000e+00
      2.839    21.3621     6.4884     73.253  33.334434     35.941      6.780   268.3203     1.5285     4.7575     0.0230      0.031      2.783      4.037       1053 5.9722e+00 0.0000e+00
      2.847    21.3561     6.4969     73.341  33.272640     35.862      6.781   268.6988     1.5649     4.7977     0.0230      0.033      2.791      4.049       1054 5.9179e+00 0.0000e+00
      2.854    21.3498     6.5012     73.374  33.263900     35.870      6.781   268.8881     1.5609     4.7575     0.0230      0.032      2.798      4.059       1055 5.9038e+00 0.0000e+00
      2.860    21.3421     6.5049     73.400  33.256352     35.875      6.782   268.5095     1.5528     4.8380     0.0230      0.031      2.805      4.068       1056 5.8424e+00 0.0000e+00
      2.867    21.3374     6.5133     73.473  33.222728     35.820      6.783   268.5474     1.5043     4.6232     0.0230      0.030      2.811      4.077       1057 5.7743e+00 0.0000e+00
      2.873    21.3348     6.5216     73.553  33.246439     35.886      6.784   268.8124     1.4962     4.6769     0.0230      0.030      2.817      4.086       1058 5.7494e+00 0.0000e+00
      2.879    21.3324     6.5350     73.706  33.167539     35.769      6.784   268.7367     1.5043     4.6366     0.0229      0.029      2.823      4.096       1059 5.6622e+00 0.0000e+00
      2.887    21.3301     6.5563     73.942  33.142993     35.771      6.784   268.6610     1.5043     4.7440     0.0229      0.027      2.831      4.106       1060 5.6158e+00 0.0000e+00
      2.895    21.3288     6.5757     74.138  33.158369     35.773      6.787   268.8124     1.4800     4.5023     0.0229      0.027      2.838      4.116       1061 5.6069e+00 0.0000e+00
      2.901    21.3271     6.5959     74.324  33.148405     35.775      6.785   268.8503     1.5043     4.2338     0.0229      0.026      2.844      4.125       1062 5.5506e+00 0.0000e+00
      2.905    21.3238     6.6083     74.413  33.214702     35.836      6.787   269.0017     1.4840     4.2338     0.0230      0.026      2.848      4.132       1063 5.5598e+00 0.0000e+00
      2.908    21.3176     6.6200     74.496  33.194482     35.837      6.786   268.8881     1.4800     4.2338     0.0230      0.025      2.852      4.137       1064 5.5491e+00 0.0000e+00
      2.913    21.3079     6.6204     74.468  33.114261     35.719      6.787   268.8881     1.4638     4.2338     0.0229      0.023      2.857      4.143       1065 5.4762e+00 0.0000e+00
      2.917    21.2962     6.6147     74.415  33.136610     35.784      6.789   268.8503     1.5528     3.9115     0.0229      0.022      2.861      4.149       1066 5.4685e+00 0.0000e+00
      2.921    21.2814     6.6156     74.460  33.107363     35.731      6.786   269.0395     1.5771     4.0189     0.0229      0.020      2.866      4.155       1067 5.4721e+00 0.0000e+00
      2.927    21.2720     6.6246     74.593  33.091355     35.740      6.788   268.8881     1.5811     3.9518     0.0229      0.018      2.871      4.163       1068 5.4252e+00 0.0000e+00
      2.933    21.2726     6.6388     74.756  33.097228     35.752      6.789   268.9260     1.5487     3.9249     0.0229      0.018      2.877      4.173       1069 5.3704e+00 0.0000e+00
      2.942    21.2697     6.6470     74.864  33.100059     35.759      6.790   268.9638     1.6215     3.9786     0.0229      0.019      2.885      4.184       1070 5.2930e+00 0.0000e+00
      2.949    21.2543     6.6588     75.021  33.087837     35.758      6.791   268.9260     1.6054     3.9786     0.0229      0.021      2.891      4.194       1071 5.2350e+00 0.0000e+00
      2.954    21.2256     6.6674     75.105  33.053131     35.700      6.787   269.6074     1.6215     4.0055     0.0229      0.023      2.896      4.200       1072 5.2373e+00 0.0000e+00
      2.955    21.1908     6.6797     75.194  33.083943     35.773      6.787   269.3045     1.6134     4.0324     0.0229      0.023      2.898      4.204       1073 5.2328e+00 0.0000e+00
      2.958    21.1566     6.6825     75.180  33.049499     35.734      6.788   269.1910     1.6256     4.1129     0.0229      0.022      2.902      4.209       1074 5.2297e+00 0.0000e+00
      2.964    21.1356     6.6808     75.140  32.977391     35.701      6.788   269.1910     1.6256     4.1532     0.0229      0.021      2.907      4.216       1075 5.1811e+00 0.0000e+00
      2.971    21.1418     6.6813     75.133  32.995769     35.727      6.787   269.2288     1.6256     4.2338     0.0229      0.020      2.913      4.225       1076 5.1056e+00 0.0000e+00
      2.975    21.1666     6.6866     75.166  33.026642     35.805      6.787   269.3424     1.6418     4.2069     0.0229      0.019      2.918      4.232       1077 5.0835e+00 0.0000e+00
      2.979    21.1870     6.6929     75.216  32.998288     35.739      6.790   269.4560     1.5487     4.1398     0.0229      0.018      2.922      4.238       1078 5.0705e+00 0.0000e+00
      2.984    21.1912     6.6994     75.286  33.031056     35.781      6.788   269.1910     1.5528     4.1801     0.0229      0.017      2.926      4.243       1079 5.0479e+00 0.0000e+00
      2.987    21.2010     6.7088     75.413  33.045162     35.764      6.791   269.6074     1.5811     4.1935     0.0229      0.018      2.929      4.248       1080 5.0601e+00 0.0000e+00
      2.991    21.2168     6.7290     75.663  33.040031     35.762      6.789   269.4560     1.5568     4.2606     0.0229      0.018      2.933      4.253       1081 5.0170e+00 0.0000e+00
      2.994    21.2080     6.7431     75.810  33.037437     35.754      6.790   269.7588     1.6862     4.1801     0.0229      0.017      2.936      4.258       1082 4.9674e+00 0.0000e+00
      2.998    21.1753     6.7567     75.954  32.929769     35.620      6.791   269.7210     1.6660     4.1666     0.0228      0.016      2.940      4.263       1083 4.9588e+00 0.0000e+00
      3.001    21.1440     6.7693     76.072  32.936782     35.627      6.793   269.7588     1.6984     4.1264     0.0228      0.015      2.943      4.268       1084 4.9222e+00 0.0000e+00
      3.003    21.1297     6.7795     76.147  32.969404     35.713      6.789   269.1531     1.7145     4.2338     0.0229      0.014      2.945      4.272       1085 4.9173e+00 0.0000e+00
      3.006    21.1208     6.7813     76.152  32.889186     35.616      6.794   269.4560     1.6943     4.1801     0.0228      0.013      2.948      4.277       1086 4.9091e+00 0.0000e+00
      3.010    21.1033     6.7805     76.147  32.858701     35.627      6.794   269.2667     1.5487     3.9786     0.0228      0.013      2.953      4.283       1087 4.8904e+00 0.0000e+00
      3.017    21.0887     6.7740     76.070  32.888734     35.633      6.794   269.5317     1.5690     3.9249     0.0228      0.014      2.959      4.292       1088 4.8414e+00 0.0000e+00
      3.025    21.0866     6.7729     76.045  32.851817     35.648      6.795   269.6074     1.5568     3.8444     0.0228      0.016      2.966      4.302       1089 4.7819e+00 0.0000e+00
      3.032    21.1016     6.7791     76.094  32.815687     35.568      6.796   269.7967     1.5487     3.9249     0.0228      0.018      2.973      4.312       1090 4.7345e+00 0.0000e+00
      3.038    21.1156     6.7812     76.095  32.844739     35.661      6.795   269.5317     1.6984     4.1264     0.0228      0.020      2.979      4.321       1091 4.6960e+00 0.0000e+00
      3.044    21.1102     6.7828     76.084  32.815663     35.558      6.796   270.2888     1.6943     4.1264     0.0228      0.022      2.985      4.329       1092 4.7020e+00 0.0000e+00
      3.049    21.1026     6.7818     76.046  32.851868     35.637      6.794   269.6831     1.6781     4.2069     0.0228      0.024      2.990      4.336       1093 4.6858e+00 0.0000e+00
      3.053    21.0866     6.7777     75.967  32.829332     35.582      6.797   269.4560     1.7064     4.2069     0.0228      0.024      2.995      4.343       1094 4.6611e+00 0.0000e+00
      3.060    21.0608     6.7791     75.928  32.784401     35.557      6.798   269.8724     1.6781     4.0055     0.0228      0.024      3.001      4.352       1095 4.6334e+00 0.0000e+00
      3.066    21.0507     6.7820     75.920  32.878134     35.660      6.800   270.1374     1.6701     3.9518     0.0228      0.023      3.006      4.360       1096 4.5823e+00 0.0000e+00
      3.070    21.0528     6.7751     75.832  32.860960     35.681      6.796   270.2510     1.6903     3.9786     0.0228      0.022      3.010      4.366       1097 4.5810e+00 0.0000e+00
      3.071    21.0506     6.7753     75.834  32.805782     35.597      6.799   269.9103     1.7064     4.0726     0.0228      0.020      3.012      4.369       1098 4.5839e+00 0.0000e+00
      3.073    21.0413     6.7764     75.852  32.857845     35.686      6.799   269.9481     1.5649     4.1935     0.0228      0.018      3.014      4.371       1099 4.5683e+00 0.0000e+00
      3.076    21.0280     6.7843     75.958  32.885133     35.688      6.799   270.0995     1.5487     4.2606     0.0228      0.016      3.017      4.376       1100 4.5447e+00 0.0000e+00
      3.081    21.0124     6.7931     76.042  32.860785     35.695      6.802   270.0617     1.5528     4.0995     0.0228      0.015      3.022      4.383       1101 4.5041e+00 0.0000e+00
      3.087    20.9932     6.8095     76.188  32.888148     35.706      6.799   270.1374     1.5649     4.0324     0.0228      0.015      3.028      4.392       1102 4.4725e+00 0.0000e+00
      3.095    20.9754     6.8243     76.325  32.851086     35.718      6.799   270.0995     1.5204     4.0324     0.0228      0.015      3.035      4.403       1103 4.4165e+00 0.0000e+00
      3.103    20.9524     6.8341     76.410  32.817953     35.642      6.804   270.0617     1.4881     3.9518     0.0228      0.017      3.043      4.414       1104 4.3853e+00 0.0000e+00
      3.111    20.9166     6.8471     76.529  32.899738     35.808      6.803   270.2131     1.4881     4.0055     0.0228      0.020      3.051      4.425       1105 4.3706e+00 0.0000e+00
      3.119    20.8888     6.8563     76.638  32.897587     35.764      6.805   270.0238     1.4962     3.8981     0.0228      0.024      3.058      4.435       1106 4.3208e+00 0.0000e+00
