Data/DataNotYetUploadedToEDI/Raw_CTD/RawDownloads/092418_fcr50.cnv
* Sea-Bird SBE19plus  Data File:
* FileName = C:\DATA\092418_fcr_0005.hex
* Software version 2.6.3.104
* Temperature SN = 7809
* Conductivity SN = 7809
* System UpLoad Time = Sep 24 2018 16:49:21
* <ApplicationData>
* <Seaterm232>
# nquan = 17
# nvalues = 768                         
# units = specified
# name 0 = depFM: Depth [fresh water, m]
# name 1 = tv290C: Temperature [ITS-90, deg C]
# name 2 = sbeox0Mg/L: Oxygen, SBE 43 [mg/l]
# name 3 = sbeox0PS: Oxygen, SBE 43 [% saturation]
# name 4 = c0uS/cm: Conductivity [uS/cm]
# name 5 = specc: Specific Conductance [uS/cm]
# name 6 = ph: pH
# name 7 = orp: Oxidation Reduction Potential [mV]
# name 8 = flECO-AFL: Fluorescence, WET Labs ECO-AFL/FL [mg/m^3]
# name 9 = turbWETntu0: Turbidity, WET Labs ECO [NTU]
# name 10 = sal00: Salinity, Practical [PSU]
# name 11 = dz/dtM: Descent Rate [m/s]
# name 12 = prdM: Pressure, Strain Gauge [db]
# name 13 = prdE: Pressure, Strain Gauge [psi]
# name 14 = scan: Scan Count
# name 15 = par/sat/log: PAR/Logarithmic, Satlantic
# name 16 = flag:  0.000e+00
# span 0 =     -0.502,      9.809       
# span 1 =    12.8542,    22.0365       
# span 2 =     0.0103,     9.2819       
# span 3 =      0.115,    102.429       
# span 4 =  -0.521462, 148.581431       
# span 5 =      0.041,    196.209       
# span 6 =      6.358,      7.815       
# span 7 =    98.0005,  1240.2295       
# span 8 =    -0.2062,     7.2665       
# span 9 =    -0.3317,    40.2207       
# span 10 =     0.0089,     0.0929      
# span 11 =     -0.004,      0.198      
# span 12 =     -0.492,      9.618      
# span 13 =     -0.713,     13.950      
# span 14 =          1,        768      
# span 15 = 1.2348e-01, 1.8224e+02      
# span 16 = 0.0000e+00, 0.0000e+00      
# interval = seconds: 0.25
# start_time = Sep 24 2018 17:47:13 [Instrument's time stamp, header]
# bad_flag = -9.990e-29
*END*
[from data line 596]
      6.797    15.1792     0.1044      1.033  68.127456     84.761      6.396   198.5493     3.0449     1.7630     0.0423      0.036      6.669      9.672        597 1.2561e-01 0.0000e+00
      6.816    15.1480     0.1058      1.046  68.446212     85.173      6.397   196.7700     3.0570     1.7630     0.0425      0.036      6.686      9.697        598 1.2580e-01 0.0000e+00
      6.840    15.0968     0.1081      1.068  68.645228     85.417      6.396   196.5050     3.0570     1.9376     0.0426      0.040      6.709      9.730        599 1.2569e-01 0.0000e+00
      6.868    15.0396     0.1027      1.014  68.919538     85.803      6.398   196.3158     3.0328     1.9645     0.0428      0.049      6.732      9.765        600 1.2566e-01 0.0000e+00
      6.886    15.0099     0.1076      1.062  69.233753     86.362      6.393   195.6343     3.0409     1.9913     0.0430      0.059      6.750      9.790        601 1.2569e-01 0.0000e+00
      6.893    15.0081     0.1022      1.008  69.056348     86.211      6.392   193.4386     3.0692     1.9913     0.0429      0.066      6.762      9.807        602 1.2565e-01 0.0000e+00
      6.907    15.0050     0.1034      1.020  69.080944     86.307      6.392   192.9465     3.0368     1.9376     0.0429      0.070      6.774      9.825        603 1.2576e-01 0.0000e+00
      6.921    14.9855     0.1012      0.998  69.470547     86.836      6.395   192.4543     2.9883     2.0182     0.0432      0.070      6.788      9.847        604 1.2570e-01 0.0000e+00
      6.939    14.9529     0.1044      1.029  69.759835     87.157      6.398   191.4700     2.9721     2.0182     0.0433      0.068      6.807      9.874        605 1.2560e-01 0.0000e+00
      6.966    14.9224     0.1023      1.008  70.236084     87.829      6.399   189.6529     2.9640     1.9779     0.0436      0.067      6.831      9.908        606 1.2566e-01 0.0000e+00
      6.991    14.8888     0.1013      0.999  70.749573     88.534      6.398   189.4636     2.9923     1.9645     0.0439      0.068      6.856      9.943        607 1.2575e-01 0.0000e+00
      7.016    14.8546     0.1059      1.043  70.844004     88.739      6.397   188.8957     2.9802     1.7362     0.0440      0.071      6.880      9.977        608 1.2579e-01 0.0000e+00
      7.038    14.8265     0.1047      1.031  70.831640     88.745      6.399   187.8357     2.9842     1.7093     0.0440      0.078      6.901     10.009        609 1.2576e-01 0.0000e+00
      7.058    14.7985     0.1079      1.062  70.883833     88.962      6.398   187.3436     2.9559     1.6959     0.0441      0.084      6.921     10.039        610 1.2574e-01 0.0000e+00
      7.079    14.7717     0.1037      1.020  70.719663     88.743      6.399   186.3593     2.9802     1.6690     0.0440      0.088      6.944     10.072        611 1.2571e-01 0.0000e+00
      7.109    14.7521     0.1023      1.006  70.560611     88.665      6.400   185.8672     2.9802     1.8705     0.0439      0.092      6.968     10.106        612 1.2562e-01 0.0000e+00
      7.127    14.7410     0.1044      1.026  70.457883     88.549      6.396   185.2236     2.9721     2.0047     0.0439      0.091      6.985     10.131        613 1.2567e-01 0.0000e+00
      7.130    14.7331     0.1030      1.012  70.491009     88.663      6.394   184.3907     2.9721     1.9913     0.0439      0.084      6.995     10.146        614 1.2577e-01 0.0000e+00
      7.145    14.7278     0.1034      1.015  70.489696     88.688      6.398   183.5200     2.9842     1.9913     0.0439      0.078      7.008     10.164        615 1.2567e-01 0.0000e+00
      7.162    14.7266     0.1014      0.995  70.370402     88.529      6.398   184.0500     2.9802     1.6153     0.0439      0.072      7.022     10.184        616 1.2569e-01 0.0000e+00
      7.171    14.7119     0.0990      0.971  70.372085     88.577      6.400   183.1036     3.0125     1.7093     0.0439      0.065      7.037     10.206        617 1.2566e-01 0.0000e+00
      7.196    14.6813     0.0942      0.924  70.012251     88.120      6.403   181.8164     2.9721     1.7093     0.0437      0.062      7.058     10.236        618 1.2565e-01 0.0000e+00
      7.224    14.6552     0.1038      1.017  69.689260     87.694      6.403   182.5736     2.9600     1.7765     0.0435      0.063      7.081     10.271        619 1.2576e-01 0.0000e+00
      7.241    14.6347     0.0965      0.945  69.645106     87.799      6.406   181.5893     2.9802     1.6959     0.0435      0.064      7.102     10.301        620 1.2569e-01 0.0000e+00
      7.262    14.6117     0.0961      0.942  69.591880     87.679      6.409   180.5293     2.9964     1.6288     0.0434      0.070      7.123     10.331        621 1.2585e-01 0.0000e+00
      7.288    14.5896     0.0987      0.966  69.755524     88.043      6.408   179.9614     2.9923     1.7496     0.0436      0.078      7.145     10.363        622 1.2586e-01 0.0000e+00
      7.307    14.5698     0.1049      1.027  69.738565     87.988      6.412   179.5829     2.9762     1.6422     0.0436      0.082      7.165     10.392        623 1.2571e-01 0.0000e+00
      7.326    14.5527     0.1026      1.004  69.523882     87.825      6.411   179.0907     2.9802     1.9107     0.0435      0.084      7.183     10.419        624 1.2569e-01 0.0000e+00
      7.342    14.5420     0.1050      1.027  69.398833     87.656      6.412   178.1821     2.9964     1.9376     0.0434      0.084      7.201     10.444        625 1.2561e-01 0.0000e+00
      7.361    14.5278     0.1038      1.016  69.478285     87.837      6.415   177.0464     2.9923     1.9645     0.0435      0.081      7.220     10.471        626 1.2580e-01 0.0000e+00
      7.384    14.5048     0.1045      1.022  69.543854     87.930      6.414   176.7057     2.9883     2.0182     0.0435      0.078      7.239     10.498        627 1.2576e-01 0.0000e+00
      7.397    14.4850     0.1066      1.042  69.376663     87.749      6.417   175.9486     2.9721     1.9242     0.0434      0.077      7.254     10.520        628 1.2561e-01 0.0000e+00
      7.409    14.4673     0.1017      0.994  69.448698     87.872      6.416   175.4943     3.0611     1.7496     0.0435      0.072      7.268     10.540        629 1.2571e-01 0.0000e+00
      7.426    14.4480     0.0968      0.946  69.691897     88.271      6.420   173.8286     3.0368     1.7228     0.0436      0.068      7.283     10.563        630 1.2578e-01 0.0000e+00
      7.445    14.4295     0.0999      0.977  69.371114     87.883      6.422   173.2607     3.0651     1.7093     0.0435      0.067      7.302     10.591        631 1.2576e-01 0.0000e+00
      7.468    14.4127     0.0931      0.909  69.313172     87.786      6.423   172.8821     3.0247     1.7228     0.0434      0.068      7.322     10.621        632 1.2574e-01 0.0000e+00
      7.488    14.4030     0.0927      0.906  69.912571     88.712      6.422   171.5571     2.9842     1.7765     0.0438      0.069      7.340     10.646        633 1.2564e-01 0.0000e+00
      7.497    14.3887     0.0934      0.912  69.813540     88.540      6.422   171.1785     2.9883     1.6556     0.0437      0.068      7.353     10.664        634 1.2553e-01 0.0000e+00
      7.510    14.3690     0.0943      0.920  69.614676     88.311      6.425   170.8378     2.9681     1.7496     0.0436      0.066      7.365     10.682        635 1.2553e-01 0.0000e+00
      7.525    14.3514     0.0957      0.934  69.565886     88.344      6.428   170.2321     2.9883     1.8302     0.0436      0.065      7.380     10.703        636 1.2562e-01 0.0000e+00
      7.540    14.3393     0.1022      0.997  69.785147     88.531      6.427   169.1343     2.9802     1.7899     0.0437      0.064      7.394     10.723        637 1.2578e-01 0.0000e+00
      7.552    14.3327     0.0982      0.959  69.906298     88.960      6.427   168.7178     2.9964     1.9242     0.0439      0.060      7.405     10.740        638 1.2567e-01 0.0000e+00
      7.560    14.3229     0.0997      0.973  70.187566     88.990      6.430   168.0742     2.9883     1.6959     0.0439      0.055      7.415     10.755        639 1.2568e-01 0.0000e+00
      7.572    14.3209     0.1010      0.986  71.514850     91.101      6.431   167.6957     2.9923     1.7765     0.0449      0.050      7.426     10.770        640 1.2591e-01 0.0000e+00
      7.583    14.3215     0.0975      0.951  72.354618     91.840      6.430   167.0142     2.9964     1.6556     0.0452      0.048      7.440     10.790        641 1.2587e-01 0.0000e+00
      7.605    14.3065     0.0962      0.938  73.807309     93.907      6.427   166.4464     2.9883     1.7630     0.0461      0.050      7.460     10.820        642 1.2568e-01 0.0000e+00
      7.633    14.2866     0.0987      0.963  75.709326     96.256      6.428   166.1435     3.0085     1.8436     0.0472      0.055      7.482     10.851        643 1.2570e-01 0.0000e+00
      7.648    14.2726     0.1011      0.986  75.901013     96.613      6.426   165.8407     2.9559     1.7899     0.0474      0.059      7.499     10.876        644 1.2573e-01 0.0000e+00
      7.660    14.2643     0.0969      0.944  75.678641     96.201      6.424   165.3485     3.0409     1.7765     0.0472      0.062      7.512     10.895        645 1.2569e-01 0.0000e+00
      7.672    14.2664     0.0955      0.930  75.926650     96.767      6.422   164.7050     3.0368     1.7362     0.0474      0.064      7.523     10.911        646 1.2578e-01 0.0000e+00
      7.680    14.2691     0.0912      0.888  75.503235     96.077      6.427   163.9478     3.0247     1.7093     0.0471      0.064      7.532     10.924        647 1.2574e-01 0.0000e+00
      7.690    14.2620     0.0988      0.961  75.165468     95.713      6.427   163.6450     3.0409     1.7362     0.0469      0.060      7.540     10.936        648 1.2566e-01 0.0000e+00
      7.696    14.2525     0.1002      0.975  75.158298     95.707      6.428   163.3799     3.0611     1.5616     0.0469      0.054      7.549     10.949        649 1.2570e-01 0.0000e+00
      7.711    14.2471     0.0935      0.910  74.709804     95.118      6.428   162.3199     3.0409     1.4542     0.0467      0.047      7.562     10.969        650 1.2570e-01 0.0000e+00
      7.728    14.2400     0.0896      0.871  74.445808     94.821      6.428   161.6764     3.0570     1.5348     0.0465      0.043      7.577     10.989        651 1.2573e-01 0.0000e+00
      7.737    14.2306     0.0971      0.944  74.714219     95.154      6.429   161.2221     3.0692     1.5348     0.0467      0.043      7.588     11.006        652 1.2575e-01 0.0000e+00
      7.748    14.2295     0.1039      1.010  74.702657     95.243      6.430   160.8435     3.0328     1.6153     0.0467      0.043      7.598     11.021        653 1.2578e-01 0.0000e+00
      7.759    14.2155     0.1030      1.001  74.044190     94.303      6.432   159.8971     2.9519     1.4810     0.0463      0.044      7.609     11.036        654 1.2580e-01 0.0000e+00
      7.771    14.1836     0.1031      1.001  73.721023     93.984      6.431   159.4428     2.9842     1.4676     0.0461      0.046      7.619     11.051        655 1.2567e-01 0.0000e+00
      7.778    14.1636     0.1007      0.977  73.708212     93.943      6.432   159.0264     2.9964     1.5213     0.0461      0.045      7.627     11.063        656 1.2565e-01 0.0000e+00
      7.786    14.1444     0.0996      0.967  73.822427     94.204      6.434   159.5185     2.9802     1.5079     0.0462      0.044      7.637     11.076        657 1.2579e-01 0.0000e+00
      7.800    14.1210     0.1042      1.011  74.024633     94.498      6.435   158.3828     3.0570     1.6959     0.0463      0.041      7.648     11.093        658 1.2565e-01 0.0000e+00
      7.811    14.1067     0.0983      0.954  74.080610     94.617      6.437   157.4742     3.0247     1.6959     0.0464      0.040      7.661     11.111        659 1.2558e-01 0.0000e+00
      7.825    14.0920     0.0927      0.900  74.228232     94.853      6.438   158.4206     3.0409     1.7899     0.0465      0.042      7.676     11.134        660 1.2571e-01 0.0000e+00
      7.848    14.0729     0.0984      0.955  74.762130     95.567      6.439   158.0421     3.0287     1.6556     0.0468      0.046      7.695     11.161        661 1.2570e-01 0.0000e+00
      7.866    14.0570     0.0910      0.883  75.139734     96.140      6.441   156.4899     2.9883     1.6690     0.0471      0.051      7.712     11.185        662 1.2572e-01 0.0000e+00
      7.876    14.0473     0.0911      0.882  75.154994     96.117      6.443   156.8685     2.9883     1.6422     0.0470      0.055      7.724     11.202        663 1.2568e-01 0.0000e+00
      7.885    14.0396     0.0945      0.915  75.218622     96.335      6.442   157.1335     3.0085     1.7630     0.0471      0.057      7.734     11.216        664 1.2564e-01 0.0000e+00
      7.895    14.0285     0.0963      0.933  75.268585     96.323      6.447   157.0578     2.9883     1.7228     0.0471      0.056      7.745     11.233        665 1.2567e-01 0.0000e+00
      7.913    14.0151     0.0948      0.918  75.449434     96.664      6.451   155.6949     3.0449     1.7093     0.0473      0.056      7.760     11.255        666 1.2564e-01 0.0000e+00
      7.931    14.0068     0.0970      0.939  75.647349     96.871      6.450   155.3542     3.0368     1.6959     0.0474      0.056      7.776     11.278        667 1.2565e-01 0.0000e+00
      7.943    13.9967     0.0993      0.961  75.616644     96.941      6.448   155.3542     3.0489     1.6690     0.0474      0.054      7.790     11.299        668 1.2574e-01 0.0000e+00
      7.959    13.9798     0.0968      0.937  75.636246     96.890      6.448   154.7106     3.0570     1.7362     0.0474      0.053      7.805     11.320        669 1.2569e-01 0.0000e+00
      7.974    13.9698     0.0931      0.901  75.801271     97.236      6.446   152.9692     2.9842     1.6959     0.0475      0.054      7.819     11.340        670 1.2569e-01 0.0000e+00
      7.985    13.9626     0.0925      0.895  75.797617     97.173      6.448   153.1585     2.9883     1.7228     0.0475      0.056      7.834     11.363        671 1.2580e-01 0.0000e+00
      8.008    13.9460     0.0925      0.894  75.997424     97.520      6.448   152.5906     2.9802     1.7362     0.0476      0.060      7.853     11.391        672 1.2572e-01 0.0000e+00
      8.031    13.9253     0.0911      0.881  76.236144     97.825      6.445   152.1363     2.9721     1.7093     0.0478      0.063      7.875     11.422        673 1.2571e-01 0.0000e+00
      8.053    13.9074     0.0956      0.924  76.451531     98.119      6.446   149.8271     2.9762     1.6690     0.0479      0.067      7.897     11.454        674 1.2587e-01 0.0000e+00
      8.076    13.8998     0.0916      0.885  76.888428     98.783      6.448   149.6756     2.9762     1.7496     0.0482      0.071      7.916     11.481        675 1.2575e-01 0.0000e+00
      8.085    13.8974     0.0967      0.934  76.851497     98.757      6.442   149.5242     2.9883     1.8167     0.0482      0.073      7.931     11.502        676 1.2563e-01 0.0000e+00
      8.101    13.8813     0.0975      0.941  76.854138     98.741      6.447   147.4799     3.0247     1.7630     0.0482      0.074      7.948     11.528        677 1.2581e-01 0.0000e+00
      8.131    13.8615     0.0910      0.879  77.360669     99.465      6.444   147.4042     3.3643     1.7899     0.0485      0.077      7.969     11.558        678 1.2587e-01 0.0000e+00
      8.145    13.8527     0.0961      0.927  77.499088     99.651      6.443   147.2906     3.3482     1.6153     0.0486      0.077      7.984     11.580        679 1.2565e-01 0.0000e+00
      8.148    13.8505     0.0906      0.874  77.424890     99.595      6.445   145.9656     3.3441     1.6556     0.0485      0.071      7.992     11.592        680 1.2566e-01 0.0000e+00
