Data/DataNotYetUploadedToEDI/Raw_CTD/RawDownloads/092418_fcr50.cnv
* Sea-Bird SBE19plus  Data File:
* FileName = C:\DATA\092418_fcr_0005.hex
* Software version 2.6.3.104
* Temperature SN = 7809
* Conductivity SN = 7809
* System UpLoad Time = Sep 24 2018 16:49:21
* <ApplicationData>
* <Seaterm232>
# nquan = 17
# nvalues = 768                         
# units = specified
# name 0 = depFM: Depth [fresh water, m]
# name 1 = tv290C: Temperature [ITS-90, deg C]
# name 2 = sbeox0Mg/L: Oxygen, SBE 43 [mg/l]
# name 3 = sbeox0PS: Oxygen, SBE 43 [% saturation]
# name 4 = c0uS/cm: Conductivity [uS/cm]
# name 5 = specc: Specific Conductance [uS/cm]
# name 6 = ph: pH
# name 7 = orp: Oxidation Reduction Potential [mV]
# name 8 = flECO-AFL: Fluorescence, WET Labs ECO-AFL/FL [mg/m^3]
# name 9 = turbWETntu0: Turbidity, WET Labs ECO [NTU]
# name 10 = sal00: Salinity, Practical [PSU]
# name 11 = dz/dtM: Descent Rate [m/s]
# name 12 = prdM: Pressure, Strain Gauge [db]
# name 13 = prdE: Pressure, Strain Gauge [psi]
# name 14 = scan: Scan Count
# name 15 = par/sat/log: PAR/Logarithmic, Satlantic
# name 16 = flag:  0.000e+00
# span 0 =     -0.502,      9.809       
# span 1 =    12.8542,    22.0365       
# span 2 =     0.0103,     9.2819       
# span 3 =      0.115,    102.429       
# span 4 =  -0.521462, 148.581431       
# span 5 =      0.041,    196.209       
# span 6 =      6.358,      7.815       
# span 7 =    98.0005,  1240.2295       
# span 8 =    -0.2062,     7.2665       
# span 9 =    -0.3317,    40.2207       
# span 10 =     0.0089,     0.0929      
# span 11 =     -0.004,      0.198      
# span 12 =     -0.492,      9.618      
# span 13 =     -0.713,     13.950      
# span 14 =          1,        768      
# span 15 = 1.2348e-01, 1.8224e+02      
# span 16 = 0.0000e+00, 0.0000e+00      
# interval = seconds: 0.25
# start_time = Sep 24 2018 17:47:13 [Instrument's time stamp, header]
# bad_flag = -9.990e-29
*END*
[from data line 86]
      0.064    21.7559     6.0350     68.624  36.880443     39.428      7.310   290.3153     3.4857     1.7228     0.0246      0.004      0.063      0.091         87 1.4794e+02 0.0000e+00
      0.061    21.7493     5.9966     68.185  36.792176     39.324      7.300   289.8989     3.4735     1.7362     0.0245      0.002      0.061      0.089         88 1.4761e+02 0.0000e+00
      0.062    21.7423     5.9512     67.662  36.676410     39.214      7.298   289.8989     3.4816     1.6422     0.0245      0.000      0.061      0.089         89 1.4760e+02 0.0000e+00
      0.063    21.7353     5.9044     67.126  36.668600     39.219      7.294   289.2175     3.4573     1.6556     0.0245     -0.001      0.062      0.090         90 1.4783e+02 0.0000e+00
      0.065    21.7239     5.8687     66.715  36.594282     39.136      7.286   289.9746     3.4614     1.7228     0.0245     -0.001      0.064      0.092         91 1.4779e+02 0.0000e+00
      0.066    21.7106     5.8291     66.254  36.531624     39.082      7.282   289.8232     3.4573     1.7899     0.0244     -0.000      0.064      0.093         92 1.4769e+02 0.0000e+00
      0.065    21.7011     5.7823     65.710  36.479645     39.032      7.275   290.3910     3.6070     1.7630     0.0244     -0.000      0.063      0.092         93 1.4774e+02 0.0000e+00
      0.064    21.6955     5.7309     65.113  36.481019     39.043      7.267   290.5803     3.6070     1.6690     0.0244      0.000      0.063      0.092         94 1.4780e+02 0.0000e+00
      0.064    21.6932     5.6925     64.665  36.440943     39.021      7.259   290.0882     3.6393     1.6556     0.0244      0.001      0.063      0.092         95 1.4770e+02 0.0000e+00
      0.064    21.6928     5.6388     64.042  36.381226     38.936      7.250   289.8232     3.6150     1.6690     0.0244      0.001      0.063      0.092         96 1.4776e+02 0.0000e+00
      0.065    21.6930     5.5970     63.555  36.407040     38.997      7.242   289.8989     3.6070     1.7899     0.0244      0.001      0.064      0.093         97 1.4815e+02 0.0000e+00
      0.066    21.6906     5.5514     63.025  36.379160     38.938      7.235   289.9746     3.6110     1.6422     0.0244      0.000      0.065      0.095         98 1.4794e+02 0.0000e+00
      0.066    21.6862     5.5079     62.519  36.297286     38.878      7.234   290.0503     3.6231     1.7496     0.0243      0.000      0.065      0.095         99 1.4791e+02 0.0000e+00
      0.066    21.6830     5.4640     62.010  36.271659     38.820      7.233   289.6339     3.6272     1.7630     0.0243      0.001      0.066      0.096        100 1.4852e+02 0.0000e+00
      0.070    21.6784     5.4247     61.552  36.262761     38.854      7.237   290.4667     3.6393     1.9645     0.0243      0.002      0.069      0.099        101 1.4866e+02 0.0000e+00
      0.073    21.6706     5.3871     61.115  36.130408     38.677      7.236   290.0882     3.6191     1.8705     0.0243      0.004      0.071      0.102        102 1.4869e+02 0.0000e+00
      0.073    21.6613     5.3542     60.732  36.050804     38.621      7.234   290.6182     3.6110     1.9645     0.0242      0.005      0.071      0.103        103 1.4863e+02 0.0000e+00
      0.073    21.6513     5.3231     60.369  36.005922     38.567      7.230   290.1639     3.6231     1.8570     0.0242      0.005      0.072      0.104        104 1.4881e+02 0.0000e+00
      0.073    21.6413     5.2965     60.057  35.948997     38.515      7.225   290.3910     3.7081     1.7899     0.0242      0.005      0.072      0.104        105 1.4912e+02 0.0000e+00
      0.074    21.6311     5.2510     59.532  35.943698     38.523      7.213   291.1482     3.6959     1.7496     0.0242      0.004      0.072      0.105        106 1.4906e+02 0.0000e+00
      0.074    21.6208     5.2352     59.344  35.893887     38.472      7.198   291.2239     3.6757     1.7899     0.0242      0.004      0.072      0.105        107 1.4942e+02 0.0000e+00
      0.074    21.6109     5.2116     59.067  35.892358     38.480      7.179   291.0725     3.6717     1.6959     0.0242      0.003      0.073      0.105        108 1.4966e+02 0.0000e+00
      0.075    21.6014     5.1894     58.806  35.945606     38.548      7.166   291.2996     3.5544     1.7362     0.0242      0.002      0.073      0.106        109 1.4959e+02 0.0000e+00
      0.074    21.5916     5.1667     58.540  35.886943     38.497      7.157   291.6025     3.5746     1.7630     0.0242      0.001      0.073      0.106        110 1.4991e+02 0.0000e+00
      0.074    21.5822     5.1397     58.225  35.846734     38.445      7.154   291.6025     3.5544     1.6959     0.0241      0.001      0.072      0.105        111 1.4987e+02 0.0000e+00
      0.074    21.5732     5.1218     58.013  35.847356     38.483      7.152   292.2839     3.5706     1.7496     0.0241      0.000      0.072      0.105        112 1.4968e+02 0.0000e+00
      0.074    21.5645     5.1012     57.769  35.797200     38.400      7.153   292.0946     3.5342     1.6825     0.0241      0.000      0.073      0.105        113 1.4990e+02 0.0000e+00
      0.074    21.5559     5.0889     57.620  35.701550     38.348      7.152   292.3975     3.3724     1.8167     0.0241      0.000      0.073      0.105        114 1.4962e+02 0.0000e+00
      0.073    21.5471     5.0703     57.408  35.669812     38.265      7.153   291.4510     3.3967     1.7630     0.0240     -0.000      0.073      0.105        115 1.4947e+02 0.0000e+00
      0.074    21.5397     5.0619     57.305  35.688410     38.362      7.151   291.9432     3.4412     1.8033     0.0241     -0.000      0.073      0.105        116 1.4964e+02 0.0000e+00
      0.073    21.5318     5.0639     57.317  35.619093     38.219      7.146   291.2239     3.4331     1.7362     0.0240     -0.000      0.072      0.104        117 1.4969e+02 0.0000e+00
      0.073    21.5233     5.0706     57.397  35.607789     38.285      7.139   291.4510     3.5544     1.7362     0.0240     -0.000      0.072      0.104        118 1.4924e+02 0.0000e+00
      0.073    21.5151     5.0770     57.468  35.494874     38.112      7.129   291.5267     3.5463     1.7630     0.0240     -0.000      0.072      0.104        119 1.4944e+02 0.0000e+00
      0.074    21.5072     5.0909     57.624  35.463038     38.119      7.123   291.4889     3.5746     1.7765     0.0240     -0.000      0.072      0.105        120 1.4894e+02 0.0000e+00
      0.074    21.4994     5.1051     57.784  35.528781     38.185      7.121   291.0725     3.5544     1.6825     0.0240     -0.000      0.072      0.105        121 1.4933e+02 0.0000e+00
      0.074    21.4912     5.1170     57.903  35.413061     38.072      7.113   291.3753     3.4735     1.9242     0.0239     -0.000      0.072      0.105        122 1.4811e+02 0.0000e+00
      0.074    21.4811     5.1293     58.035  35.429104     38.078      7.111   291.0346     3.4857     1.9376     0.0239      0.000      0.074      0.107        123 1.5040e+02 0.0000e+00
      0.078    21.4731     5.1270     58.007  35.568136     38.265      7.116   289.2932     3.4937     1.7630     0.0240      0.001      0.079      0.114        124 1.3979e+02 0.0000e+00
      0.088    21.4717     5.1222     57.942  35.803546     38.484      7.124   289.0660     3.4857     1.9107     0.0241      0.005      0.087      0.126        125 1.1743e+02 0.0000e+00
      0.101    21.4644     5.1092     57.786  35.907258     38.671      7.144   289.4446     3.4735     1.9107     0.0242      0.011      0.097      0.141        126 1.1735e+02 0.0000e+00
      0.108    21.4562     5.1006     57.682  35.676340     38.341      7.145   289.6717     3.4654     1.8973     0.0240      0.016      0.105      0.153        127 1.1662e+02 0.0000e+00
      0.113    21.4585     5.0812     57.469  35.764681     38.498      7.131   289.0660     3.4654     1.8839     0.0241      0.021      0.113      0.163        128 1.1532e+02 0.0000e+00
      0.124    21.4579     5.0716     57.373  35.856637     38.595      7.134   288.6117     3.4937     1.8973     0.0242      0.027      0.122      0.176        129 1.1436e+02 0.0000e+00
      0.133    21.4571     5.0739     57.391  35.799171     38.502      7.130   287.6653     3.7485     1.7362     0.0241      0.031      0.132      0.191        130 1.0721e+02 0.0000e+00
      0.146    21.4553     5.0781     57.431  35.865855     38.624      7.141   286.0753     3.7849     1.7899     0.0242      0.035      0.142      0.207        131 1.0894e+02 0.0000e+00
      0.157    21.4425     5.0784     57.429  35.803307     38.504      7.147   285.8482     3.7364     1.7899     0.0241      0.037      0.152      0.221        132 1.0801e+02 0.0000e+00
      0.163    21.4358     5.0823     57.467  35.610087     38.354      7.122   285.9996     3.7242     1.6690     0.0241      0.037      0.158      0.230        133 1.0716e+02 0.0000e+00
      0.164    21.4336     5.0787     57.418  35.335207     38.005      7.086   285.3939     3.7444     1.7362     0.0239      0.035      0.163      0.236        134 1.0810e+02 0.0000e+00
      0.170    21.4242     5.0666     57.275  35.344629     38.070      7.061   284.2960     3.6110     1.8436     0.0239      0.033      0.170      0.246        135 1.0560e+02 0.0000e+00
      0.184    21.4155     5.0690     57.302  35.479731     38.192      7.067   284.6367     3.6272     1.7630     0.0240      0.033      0.180      0.261        136 1.0484e+02 0.0000e+00
      0.194    21.4103     5.0515     57.101  35.463655     38.200      7.081   284.1446     3.6070     1.7362     0.0240      0.032      0.192      0.279        137 1.0332e+02 0.0000e+00
      0.210    21.4167     5.0346     56.898  35.542587     38.267      7.101   284.1446     3.6150     1.6959     0.0240      0.034      0.207      0.300        138 9.9254e+01 0.0000e+00
      0.229    21.4263     5.0167     56.682  35.767062     38.543      7.123   284.4853     3.5584     2.0182     0.0241      0.038      0.224      0.325        139 9.7756e+01 0.0000e+00
      0.245    21.4206     5.0041     56.536  35.718147     38.478      7.144   285.0153     3.5544     1.9107     0.0241      0.044      0.238      0.345        140 9.8061e+01 0.0000e+00
      0.253    21.4126     4.9886     56.354  35.484825     38.198      7.118   284.8260     3.5665     1.9510     0.0240      0.049      0.248      0.359        141 9.6238e+01 0.0000e+00
      0.260    21.4081     4.9861     56.318  35.404948     38.143      7.109   285.0910     3.5382     1.9376     0.0240      0.052      0.256      0.371        142 9.6107e+01 0.0000e+00
      0.269    21.4027     4.9724     56.160  35.372686     38.089      7.113   284.7882     3.6757     1.9376     0.0239      0.051      0.263      0.382        143 9.6877e+01 0.0000e+00
      0.275    21.3958     4.9643     56.068  35.406346     38.153      7.109   284.3339     3.6797     2.0047     0.0240      0.047      0.271      0.393        144 9.4247e+01 0.0000e+00
      0.286    21.3904     4.9583     55.990  35.422376     38.157      7.123   285.0532     3.6757     2.0584     0.0240      0.043      0.281      0.407        145 9.3340e+01 0.0000e+00
      0.298    21.3901     4.9581     55.976  35.352741     38.103      7.116   286.1889     3.6717     1.8839     0.0239      0.039      0.291      0.421        146 9.3959e+01 0.0000e+00
      0.304    21.3870     4.9635     56.046  35.255748     37.987      7.117   285.4696     3.5342     1.8570     0.0239      0.035      0.300      0.434        147 9.2873e+01 0.0000e+00
      0.314    21.3755     4.9810     56.230  35.305823     38.047      7.143   285.3939     3.5625     1.9645     0.0239      0.034      0.311      0.450        148 8.9580e+01 0.0000e+00
      0.333    21.3640     5.0171     56.629  35.468372     38.231      7.147   286.3782     3.5665     1.9779     0.0240      0.038      0.327      0.473        149 8.8122e+01 0.0000e+00
      0.351    21.3599     5.0851     57.379  35.350036     38.119      7.138   285.0910     3.5503     1.9510     0.0239      0.042      0.342      0.495        150 8.8483e+01 0.0000e+00
      0.359    21.3540     5.1871     58.529  35.275146     38.009      7.144   285.4317     3.5989     1.9510     0.0239      0.045      0.353      0.512        151 8.6439e+01 0.0000e+00
      0.372    21.3474     5.3028     59.837  35.383630     38.193      7.158   287.7032     3.5908     1.8705     0.0240      0.048      0.365      0.530        152 8.4551e+01 0.0000e+00
      0.388    21.3443     5.4124     61.094  35.333664     38.077      7.129   286.6810     3.6110     2.0450     0.0239      0.051      0.379      0.550        153 8.4077e+01 0.0000e+00
      0.400    21.3440     5.5177     62.360  35.070413     37.872      7.116   286.8324     3.6110     1.9376     0.0238      0.052      0.393      0.569        154 8.3278e+01 0.0000e+00
      0.413    21.3333     5.6207     63.616  35.177409     37.874      7.136   286.6432     3.6231     1.8839     0.0238      0.054      0.409      0.594        155 8.1038e+01 0.0000e+00
      0.442    21.3260     5.7171     64.737  35.556407     38.447      7.155   286.6810     3.6757     1.9242     0.0241      0.058      0.432      0.627        156 7.7708e+01 0.0000e+00
      0.468    21.3301     5.7810     65.514  35.162257     37.882      7.132   286.6053     3.6878     2.0047     0.0238      0.062      0.452      0.655        157 7.5613e+01 0.0000e+00
      0.469    21.3220     5.7992     65.765  34.748543     37.529      7.133   287.3624     3.6676     1.8570     0.0237      0.063      0.462      0.670        158 7.6268e+01 0.0000e+00
      0.478    21.3094     5.7950     65.727  35.092571     37.823      7.147   287.0217     3.6919     1.9510     0.0238      0.063      0.472      0.685        159 7.5742e+01 0.0000e+00
      0.501    21.2974     5.7589     65.336  35.356924     38.226      7.156   288.5739     4.0801     1.7362     0.0240      0.064      0.489      0.710        160 7.3969e+01 0.0000e+00
      0.518    21.2945     5.7141     64.875  35.042368     37.780      7.138   287.9303     4.0679     1.7228     0.0238      0.064      0.504      0.732        161 7.2654e+01 0.0000e+00
      0.522    21.2979     5.6598     64.252  34.861231     37.672      7.139   287.2489     4.0882     1.7362     0.0237      0.061      0.514      0.747        162 7.2140e+01 0.0000e+00
      0.536    21.3140     5.5954     63.489  35.196805     37.974      7.149   287.2110     4.0841     1.7496     0.0238      0.056      0.532      0.771        163 7.0517e+01 0.0000e+00
      0.570    21.3796     5.5470     62.896  35.603454     38.486      7.164   287.5896     4.2135     1.9242     0.0241      0.056      0.562      0.815        164 6.6380e+01 0.0000e+00
      0.614    21.4494     5.4952     62.280  35.808391     38.623      7.172   287.8167     4.1892     1.8436     0.0241      0.067      0.600      0.870        165 6.3196e+01 0.0000e+00
      0.651    21.4793     5.4614     61.865  35.861153     38.690      7.168   288.4603     4.2054     1.9376     0.0242      0.085      0.634      0.920        166 6.1545e+01 0.0000e+00
      0.674    21.5171     5.4428     61.630  35.597083     38.297      7.153   288.8389     4.1933     2.0047     0.0240      0.096      0.657      0.953        167 6.0298e+01 0.0000e+00
      0.683    21.5542     5.4358     61.538  35.098960     37.766      7.135   288.2332     4.2014     1.9913     0.0238      0.100      0.672      0.975        168 5.9126e+01 0.0000e+00
      0.699    21.5600     5.4369     61.532  35.235406     37.822      7.141   287.1732     4.2175     1.9645     0.0238      0.102      0.692      1.004        169 5.7081e+01 0.0000e+00
      0.739    21.5779     5.4532     61.701  35.664525     38.364      7.149   288.7632     4.1771     1.9510     0.0241      0.108      0.720      1.045        170 5.5088e+01 0.0000e+00
