Data/DataNotYetUploadedToEDI/Raw_CTD/RawDownloads/092418_fcr45.cnv
* Sea-Bird SBE19plus  Data File:
* FileName = C:\DATA\092418_fcr_0004.hex
* Software version 2.6.3.104
* Temperature SN = 7809
* Conductivity SN = 7809
* System UpLoad Time = Sep 24 2018 16:48:55
* <ApplicationData>
* <Seaterm232>
# nquan = 17
# nvalues = 1205                        
# units = specified
# name 0 = depFM: Depth [fresh water, m]
# name 1 = tv290C: Temperature [ITS-90, deg C]
# name 2 = sbeox0Mg/L: Oxygen, SBE 43 [mg/l]
# name 3 = sbeox0PS: Oxygen, SBE 43 [% saturation]
# name 4 = c0uS/cm: Conductivity [uS/cm]
# name 5 = specc: Specific Conductance [uS/cm]
# name 6 = ph: pH
# name 7 = orp: Oxidation Reduction Potential [mV]
# name 8 = flECO-AFL: Fluorescence, WET Labs ECO-AFL/FL [mg/m^3]
# name 9 = turbWETntu0: Turbidity, WET Labs ECO [NTU]
# name 10 = sal00: Salinity, Practical [PSU]
# name 11 = dz/dtM: Descent Rate [m/s]
# name 12 = prdM: Pressure, Strain Gauge [db]
# name 13 = prdE: Pressure, Strain Gauge [psi]
# name 14 = scan: Scan Count
# name 15 = par/sat/log: PAR/Logarithmic, Satlantic
# name 16 = flag:  0.000e+00
# span 0 =     -0.489,      7.658       
# span 1 =    14.2629,    22.0485       
# span 2 =    -0.6907,     9.2002       
# span 3 =     -7.679,    100.609       
# span 4 =  -0.199281,  88.259875       
# span 5 =      0.589,    111.136       
# span 6 =      6.349,      7.900       
# span 7 =    87.5140,   299.4389       
# span 8 =    -0.2143,     6.4699       
# span 9 =    -0.3720,   285.4014       
# span 10 =     0.0092,     0.0541      
# span 11 =     -0.281,      0.262      
# span 12 =     -0.479,      7.509      
# span 13 =     -0.695,     10.892      
# span 14 =          1,       1205      
# span 15 = 1.2459e-01, 1.9639e+02      
# span 16 = 0.0000e+00, 0.0000e+00      
# interval = seconds: 0.25
# start_time = Sep 24 2018 15:05:35 [Instrument's time stamp, header]
# bad_flag = -9.990e-29
*END*
[from data line 1192]
      7.655    14.2658     0.0796      0.779  85.529577    108.865      6.514    94.9340     3.5625     2.1793     0.0529      0.010      7.507     10.888       1193 1.2576e-01 0.0000e+00
      7.655    14.2629 -9.990e-29 -9.990e-29  85.577787    108.968      6.516    93.3819     3.5544     2.1256     0.0529      0.008      7.507     10.888       1194 1.2553e-01 0.0000e+00
      7.655    14.2712 -9.990e-29 -9.990e-29  85.546005    108.913      6.517    92.5869     3.6393     2.0719     0.0529      0.005      7.507     10.889       1195 1.2567e-01 0.0000e+00
      7.656    14.2845 -9.990e-29 -9.990e-29  85.390740    108.742      6.519    91.6026     3.6191     2.1390     0.0528      0.004      7.508     10.890       1196 1.2580e-01 0.0000e+00
      7.657    14.3021 -9.990e-29 -9.990e-29  85.295302    108.577      6.520    91.1862     3.5948     2.2062     0.0528      0.003      7.509     10.891       1197 1.2558e-01 0.0000e+00
      7.657    14.3278 -9.990e-29 -9.990e-29  85.248523    108.503      6.521    90.5426     3.6191     2.0450     0.0527      0.002      7.509     10.891       1198 1.2559e-01 0.0000e+00
      7.657    14.3640 -9.990e-29 -9.990e-29  85.181354    108.349      6.523    90.6183     3.6312     2.1524     0.0527      0.002      7.509     10.891       1199 1.2555e-01 0.0000e+00
      7.657    14.4001 -9.990e-29 -9.990e-29  85.022091    108.098      6.526    89.9747     3.6231     2.1390     0.0526      0.001      7.509     10.891       1200 1.2566e-01 0.0000e+00
      7.657    14.4255 -9.990e-29 -9.990e-29  84.822331    107.717      6.527    89.7097     3.6474     2.1793     0.0524      0.001      7.509     10.892       1201 1.2554e-01 0.0000e+00
      7.657    14.4221 -9.990e-29 -9.990e-29  84.656901    107.435      6.528    89.1419     3.6474     2.1659     0.0523      0.001      7.509     10.892       1202 1.2555e-01 0.0000e+00
      7.657    14.4076 -9.990e-29 -9.990e-29  84.633307    107.301      6.529    88.3847     3.6272     2.1256     0.0522      0.001      7.509     10.892       1203 1.2574e-01 0.0000e+00
      7.658 -9.990e-29 -9.990e-29 -9.990e-29  84.584091    107.301      6.530    88.1954     3.6353     2.1524     0.0522      0.000      7.509     10.892       1204 1.2568e-01 0.0000e+00
      7.658 -9.990e-29 -9.990e-29 -9.990e-29  84.480303    107.143      6.530    87.5140     3.5948     2.0450     0.0522      0.000      7.509     10.892       1205 1.2570e-01 0.0000e+00
