Data/DataNotYetUploadedToEDI/Raw_CTD/RawDownloads/092418_fcr20.cnv
* Sea-Bird SBE19plus  Data File:
* FileName = C:\DATA\092418_fcr_0002.hex
* Software version 2.6.3.104
* Temperature SN = 7809
* Conductivity SN = 7809
* System UpLoad Time = Sep 24 2018 16:48:00
* <ApplicationData>
* <Seaterm232>
# nquan = 17
# nvalues = 1229                        
# units = specified
# name 0 = depFM: Depth [fresh water, m]
# name 1 = tv290C: Temperature [ITS-90, deg C]
# name 2 = sbeox0Mg/L: Oxygen, SBE 43 [mg/l]
# name 3 = sbeox0PS: Oxygen, SBE 43 [% saturation]
# name 4 = c0uS/cm: Conductivity [uS/cm]
# name 5 = specc: Specific Conductance [uS/cm]
# name 6 = ph: pH
# name 7 = orp: Oxidation Reduction Potential [mV]
# name 8 = flECO-AFL: Fluorescence, WET Labs ECO-AFL/FL [mg/m^3]
# name 9 = turbWETntu0: Turbidity, WET Labs ECO [NTU]
# name 10 = sal00: Salinity, Practical [PSU]
# name 11 = dz/dtM: Descent Rate [m/s]
# name 12 = prdM: Pressure, Strain Gauge [db]
# name 13 = prdE: Pressure, Strain Gauge [psi]
# name 14 = scan: Scan Count
# name 15 = par/sat/log: PAR/Logarithmic, Satlantic
# name 16 = flag:  0.000e+00
# span 0 =     -0.491,      3.595       
# span 1 =    18.2089,    22.0542       
# span 2 =     4.2496,     9.2258       
# span 3 =     47.861,    103.608       
# span 4 =   0.828152,  36.119680       
# span 5 =      0.945,     38.542       
# span 6 =      6.310,      7.770       
# span 7 =   152.0228,   391.0156       
# span 8 =    -0.2021,     2.9276       
# span 9 =    -0.3049,     8.7053       
# span 10 =     0.0092,     0.0242      
# span 11 =     -0.191,      0.251      
# span 12 =     -0.482,      3.525      
# span 13 =     -0.698,      5.113      
# span 14 =          1,       1229      
# span 15 = 2.5242e+00, 2.5959e+02      
# span 16 = 0.0000e+00, 0.0000e+00      
# interval = seconds: 0.25
# start_time = Sep 24 2018 14:18:44 [Instrument's time stamp, header]
# bad_flag = -9.990e-29
*END*
[from data line 86]
      0.301    21.8039     4.9912     56.706  34.688791     37.048      7.056   176.9707     2.1189     3.1058     0.0236     -0.009      0.294      0.427         87 7.8903e+01 0.0000e+00
      0.296    21.7990     4.9708     56.454  34.660970     37.022      7.046   173.7907     2.2362     3.1327     0.0236     -0.011      0.289      0.419         88 8.0338e+01 0.0000e+00
      0.287    21.7906     4.9439     56.136  34.635394     36.995      7.035   172.5035     2.2847     3.1730     0.0236     -0.012      0.283      0.410         89 8.1606e+01 0.0000e+00
      0.283    21.7792     4.9277     55.913  34.690966     37.058      7.029   172.9957     2.2847     3.1193     0.0236     -0.012      0.280      0.406         90 8.0608e+01 0.0000e+00
      0.287    21.7637     4.9059     55.635  34.769756     37.155      7.026   173.0714     2.2604     3.0924     0.0237     -0.012      0.281      0.408         91 7.9369e+01 0.0000e+00
      0.290    21.7680     4.8925     55.471  34.685628     37.073      7.022   173.8664     2.2766     3.1193     0.0236     -0.010      0.282      0.408         92 7.9494e+01 0.0000e+00
      0.284    21.7537     4.8746     55.252  34.528758     36.908      7.015   174.3964     2.2483     3.1193     0.0235     -0.011      0.278      0.403         93 8.1157e+01 0.0000e+00
      0.275    21.6959     4.8599     55.074  34.549790     36.933      7.011   174.1693     2.2766     3.0790     0.0236     -0.012      0.271      0.393         94 8.3266e+01 0.0000e+00
      0.269    21.6592     4.8450     54.884  34.629798     37.032      7.009   174.4721     2.2685     3.1461     0.0236     -0.012      0.266      0.386         95 8.4165e+01 0.0000e+00
      0.269    21.6561     4.8296     54.673  34.636796     37.082      7.013   175.0021     2.2321     2.9984     0.0236     -0.012      0.265      0.385         96 8.4479e+01 0.0000e+00
      0.273    21.6480     4.8094     54.425  34.689386     37.169      7.014   175.1536     2.3292     3.0924     0.0236     -0.010      0.268      0.389         97 8.3846e+01 0.0000e+00
      0.279    21.6318     4.7900     54.203  34.623680     37.112      7.017   175.4186     2.3170     3.1730     0.0236     -0.008      0.272      0.394         98 8.2751e+01 0.0000e+00
      0.281    21.6161     4.7733     54.007  34.481318     36.937      7.014   175.9864     2.3130     3.0655     0.0235     -0.005      0.273      0.396         99 8.2702e+01 0.0000e+00
      0.275    21.5827     4.7562     53.797  34.481020     36.982      7.011   176.1000     2.3373     3.0924     0.0235     -0.004      0.270      0.391        100 8.3796e+01 0.0000e+00
      0.268    21.5540     4.7332     53.520  34.475773     36.962      7.013   177.1221     2.2604     3.1193     0.0235     -0.002      0.266      0.385        101 8.3310e+01 0.0000e+00
      0.270    21.5423     4.7165     53.322  34.576826     37.111      7.010   176.7814     2.2928     3.1461     0.0236     -0.000      0.266      0.387        102 8.2079e+01 0.0000e+00
      0.278    21.5282     4.6974     53.103  34.622185     37.193      7.007   176.7057     2.2685     3.1730     0.0236      0.001      0.271      0.393        103 8.2075e+01 0.0000e+00
      0.282    21.5178     4.6751     52.853  34.478653     37.022      7.004   177.7657     2.2483     3.1193     0.0235      0.002      0.275      0.398        104 8.2114e+01 0.0000e+00
      0.280    21.4969     4.6486     52.550  34.458891     37.034      6.988   177.8414     2.3373     3.1461     0.0235      0.002      0.275      0.397        105 8.1994e+01 0.0000e+00
      0.277    21.4630     4.6311     52.346  34.439186     37.012      6.954   178.3714     2.3817     3.1193     0.0235      0.001      0.272      0.394        106 8.2091e+01 0.0000e+00
      0.275    21.4452     4.6113     52.115  34.414213     36.998      6.938   178.5229     2.4100     3.0253     0.0235      0.001      0.271      0.393        107 8.1728e+01 0.0000e+00
      0.276    21.4428     4.5945     51.920  34.460326     37.086      6.934   178.9771     2.3898     3.1193     0.0235      0.003      0.272      0.393        108 8.1727e+01 0.0000e+00
      0.279    21.4351     4.5759     51.705  34.470783     37.100      6.936   179.5450     2.2523     3.0521     0.0235      0.003      0.273      0.396        109 8.2130e+01 0.0000e+00
      0.279    21.4193     4.5587     51.505  34.460520     37.102      6.936   179.8479     2.2362     3.0253     0.0235      0.001      0.274      0.397        110 8.2551e+01 0.0000e+00
      0.278    21.4037     4.5335     51.216  34.413787     37.047      6.940   179.9614     2.2685     3.1864     0.0235     -0.001      0.273      0.396        111 8.3259e+01 0.0000e+00
      0.278    21.3941     4.5212     51.073  34.380663     37.030      6.945   180.6050     2.2362     3.1595     0.0235     -0.001      0.273      0.395        112 8.3408e+01 0.0000e+00
      0.277    21.3918     4.5043     50.877  34.353468     37.013      6.950   180.8700     2.3130     3.1327     0.0235      0.000      0.273      0.395        113 8.3439e+01 0.0000e+00
      0.278    21.3931     4.4887     50.695  34.417983     37.080      6.958   180.6050     2.2968     3.1058     0.0235      0.001      0.273      0.396        114 8.2689e+01 0.0000e+00
      0.280    21.3903     4.4759     50.546  34.448662     37.143      6.959   181.1729     2.3373     3.1998     0.0235      0.001      0.273      0.396        115 8.2294e+01 0.0000e+00
      0.279    21.3838     4.4634     50.399  34.374602     37.021      6.964   180.9457     2.3413     3.0924     0.0235      0.001      0.273      0.396        116 8.2628e+01 0.0000e+00
      0.278    21.3778     4.4470     50.209  34.361867     37.053      6.967   181.0971     2.3049     3.1193     0.0235     -0.000      0.273      0.396        117 8.2178e+01 0.0000e+00
      0.279    21.3722     4.4329     50.045  34.375542     37.028      6.974   181.5893     2.2645     3.1193     0.0235      0.000      0.273      0.396        118 8.2225e+01 0.0000e+00
      0.278    21.3667     4.4233     49.933  34.387244     37.093      6.974   182.2329     2.2240     3.0253     0.0235      0.000      0.273      0.395        119 8.3010e+01 0.0000e+00
      0.277    21.3617     4.4098     49.778  34.317652     36.977      6.976   182.0814     2.2847     3.1327     0.0235      0.000      0.272      0.394        120 8.3320e+01 0.0000e+00
      0.277    21.3574     4.3954     49.611  34.343524     37.042      6.977   182.6493     2.2766     3.1461     0.0235     -0.000      0.272      0.394        121 8.3522e+01 0.0000e+00
      0.278    21.3530     4.3827     49.463  34.355047     37.046      6.977   182.8007     2.2887     3.1461     0.0235     -0.001      0.272      0.395        122 8.3604e+01 0.0000e+00
      0.278    21.3483     4.3655     49.264  34.332970     37.019      6.979   183.3307     2.3130     3.0924     0.0235     -0.001      0.273      0.396        123 8.3468e+01 0.0000e+00
      0.279    21.3432     4.3602     49.199  34.341345     37.053      6.979   184.0122     2.3251     3.1058     0.0235     -0.000      0.274      0.397        124 8.3653e+01 0.0000e+00
      0.280    21.3378     4.3480     49.057  34.314971     36.996      6.979   183.7850     2.3292     3.1998     0.0235      0.001      0.275      0.399        125 8.3432e+01 0.0000e+00
      0.281    21.3324     4.3384     48.946  34.336139     37.061      6.980   184.2393     2.2604     3.1730     0.0235      0.001      0.276      0.400        126 8.2900e+01 0.0000e+00
      0.282    21.3270     4.3243     48.784  34.315005     37.005      6.978   184.5800     2.2483     3.0924     0.0235      0.002      0.276      0.401        127 8.3009e+01 0.0000e+00
      0.282    21.3222     4.3184     48.716  34.341275     37.069      6.977   184.7693     2.2523     3.2133     0.0235      0.003      0.277      0.402        128 8.2510e+01 0.0000e+00
      0.284    21.3186     4.3127     48.650  34.333105     37.044      6.979   185.3372     2.2685     3.0655     0.0235      0.003      0.278      0.404        129 8.2073e+01 0.0000e+00
      0.286    21.3151     4.3052     48.565  34.295518     37.017      6.977   185.7914     2.3292     3.2267     0.0235      0.004      0.280      0.406        130 8.2295e+01 0.0000e+00
      0.285    21.3107     4.2967     48.468  34.299085     37.020      6.971   186.0186     2.3090     3.1730     0.0235      0.004      0.280      0.406        131 8.2345e+01 0.0000e+00
      0.286    21.3061     4.2827     48.301  34.299012     37.023      6.965   186.7000     2.2968     3.1461     0.0235      0.003      0.280      0.407        132 8.2447e+01 0.0000e+00
      0.287    21.3010     4.2734     48.195  34.295610     37.027      6.957   186.2836     2.3170     3.1193     0.0235      0.003      0.281      0.408        133 8.1906e+01 0.0000e+00
      0.288    21.2960     4.2649     48.108  34.303321     37.030      6.951   186.5486     2.3332     3.1595     0.0235      0.003      0.282      0.409        134 8.1863e+01 0.0000e+00
      0.289    21.2912     4.2693     48.150  34.319075     37.064      6.953   186.4729     2.3292     3.2267     0.0235      0.003      0.283      0.411        135 8.2158e+01 0.0000e+00
      0.290    21.2876     4.2776     48.247  34.305664     37.038      6.950   186.6243     2.3009     3.1461     0.0235      0.004      0.286      0.415        136 8.1503e+01 0.0000e+00
      0.295    21.2852     4.2889     48.369  34.290356     37.042      6.955   186.6622     2.3170     3.1461     0.0235      0.004      0.290      0.421        137 8.0760e+01 0.0000e+00
      0.301    21.2829     4.3047     48.481  34.308470     37.045      6.959   187.1164     2.3009     3.1193     0.0235      0.007      0.296      0.430        138 8.0399e+01 0.0000e+00
      0.310    21.2811     4.3125     48.522  34.283124     37.047      6.964   187.1543     2.3292     3.3744     0.0235      0.011      0.304      0.440        139 7.8695e+01 0.0000e+00
      0.318    21.2816     4.3154     48.557  34.232932     36.958      6.964   188.0629     2.2766     3.2804     0.0234      0.015      0.309      0.448        140 7.7866e+01 0.0000e+00
      0.318    21.2804     4.3132     48.541  34.222653     36.990      6.936   188.5172     2.3211     3.4012     0.0234      0.017      0.309      0.448        141 7.9078e+01 0.0000e+00
      0.308    21.2709     4.3169     48.577  34.236606     36.959      6.887   188.1386     2.3211     3.3744     0.0234      0.015      0.302      0.438        142 7.9877e+01 0.0000e+00
      0.299    21.2703     4.3190     48.594  34.274879     37.050      6.867   188.1764     2.2766     3.2267     0.0235      0.010      0.295      0.428        143 8.0715e+01 0.0000e+00
      0.295    21.2781     4.3222     48.633  34.323303     37.058      6.874   188.2522     2.2362     3.1461     0.0235      0.003      0.292      0.423        144 8.1014e+01 0.0000e+00
      0.298    21.2712     4.3212     48.627  34.383940     37.180      6.884   188.6307     2.2443     3.2133     0.0235     -0.003      0.293      0.425        145 8.0783e+01 0.0000e+00
      0.303    21.2756     4.3216     48.632  34.318044     37.052      6.897   189.2365     2.2443     3.0924     0.0235     -0.006      0.297      0.430        146 8.1301e+01 0.0000e+00
      0.307    21.2664     4.3161     48.569  34.316341     37.089      6.906   189.5393     2.2604     3.1058     0.0235     -0.007      0.299      0.433        147 8.2308e+01 0.0000e+00
      0.304    21.2000     4.3097     48.495  34.297090     37.055      6.919   189.9936     2.2604     3.1730     0.0235     -0.007      0.298      0.432        148 8.3024e+01 0.0000e+00
      0.300    21.1496     4.3003     48.388  34.223376     36.969      6.929   190.2586     2.2766     3.1998     0.0234     -0.004      0.296      0.428        149 8.3069e+01 0.0000e+00
      0.300    21.1520     4.2861     48.226  34.289462     37.116      6.934   190.5993     2.2362     3.0521     0.0235      0.000      0.295      0.428        150 8.1802e+01 0.0000e+00
      0.302    21.1609     4.2843     48.202  34.363151     37.217      6.936   191.0157     2.1957     3.1730     0.0235      0.002      0.296      0.430        151 8.0847e+01 0.0000e+00
      0.305    21.1547     4.2742     48.086  34.368940     37.245      6.934   191.1672     2.2119     3.0521     0.0235      0.002      0.298      0.433        152 8.0616e+01 0.0000e+00
      0.306    21.1475     4.2667     48.002  34.311919     37.146      6.935   190.8265     2.1755     3.1730     0.0235      0.002      0.300      0.435        153 8.0370e+01 0.0000e+00
      0.307    21.1510     4.2675     48.010  34.285831     37.152      6.937   191.3186     2.2038     3.1595     0.0235      0.001      0.301      0.437        154 8.0576e+01 0.0000e+00
      0.308    21.1563     4.2671     48.008  34.223471     37.067      6.940   191.8107     2.2968     2.9984     0.0234      0.002      0.302      0.439        155 8.0899e+01 0.0000e+00
      0.309    21.1569     4.2690     48.019  34.211589     37.064      6.944   192.1515     2.3292     3.1461     0.0234      0.004      0.303      0.440        156 8.1048e+01 0.0000e+00
      0.310    21.1554     4.2711     48.004  34.300615     37.150      6.950   192.3029     2.3130     3.1327     0.0235      0.005      0.304      0.442        157 8.1400e+01 0.0000e+00
      0.313    21.1540     4.2801     48.075  34.320269     37.180      6.954   192.2272     2.3211     3.2267     0.0235      0.006      0.307      0.445        158 8.1644e+01 0.0000e+00
      0.315    21.1524     4.2752     48.010  34.305753     37.151      6.957   192.6057     2.3292     3.1461     0.0235      0.006      0.309      0.448        159 8.0933e+01 0.0000e+00
      0.316    21.1502     4.2784     48.051  34.289025     37.152      6.957   193.0222     2.3292     3.0655     0.0235      0.006      0.309      0.448        160 8.0580e+01 0.0000e+00
      0.313    21.1466     4.2793     48.067  34.222466     37.063      6.955   193.3629     2.3373     3.1864     0.0234      0.005      0.307      0.445        161 8.0961e+01 0.0000e+00
      0.309    21.1443     4.2843     48.119  34.210649     37.064      6.954   193.1357     2.3251     3.0924     0.0234      0.003      0.305      0.442        162 8.0888e+01 0.0000e+00
      0.310    21.1440     4.2896     48.174  34.303730     37.158      6.952   192.9465     2.3373     3.0924     0.0235      0.001      0.306      0.444        163 7.9799e+01 0.0000e+00
      0.316    21.1436     4.2963     48.247  34.314223     37.190      6.953   193.3629     2.2079     3.0655     0.0235      0.001      0.310      0.449        164 7.9152e+01 0.0000e+00
      0.320    21.1464     4.2922     48.200  34.227249     37.069      6.948   194.3472     2.1836     3.0521     0.0234      0.002      0.312      0.452        165 8.0106e+01 0.0000e+00
      0.315    21.1329     4.2882     48.153  34.204375     37.070      6.930   194.2336     2.2159     3.1730     0.0234      0.001      0.309      0.448        166 8.1427e+01 0.0000e+00
      0.309    21.0941     4.2889     48.160  34.224065     37.067      6.924   194.3850     2.1836     3.1461     0.0234     -0.000      0.305      0.442        167 8.1954e+01 0.0000e+00
      0.308    21.0616     4.2798     48.057  34.202746     37.078      6.921   194.6879     2.3130     2.9178     0.0234     -0.002      0.301      0.437        168 8.2604e+01 0.0000e+00
      0.302    21.0509     4.2729     47.977  34.230912     37.110      6.922   195.2179     2.3090     2.8910     0.0234     -0.003      0.296      0.430        169 8.3877e+01 0.0000e+00
      0.297    21.0560     4.2623     47.861  34.277995     37.227      6.925   195.2558     2.3251     2.9178     0.0235     -0.007      0.292      0.424        170 8.4521e+01 0.0000e+00
