Data/DataNotYetUploadedToEDI/Raw_CTD/RawDownloads/092418_fcr10.cnv
* Sea-Bird SBE19plus  Data File:
* FileName = C:\DATA\092418_fcr_0001.hex
* Software version 2.6.3.104
* Temperature SN = 7809
* Conductivity SN = 7809
* System UpLoad Time = Sep 24 2018 16:47:26
* <ApplicationData>
* <Seaterm232>
# nquan = 17
# nvalues = 495                         
# units = specified
# name 0 = depFM: Depth [fresh water, m]
# name 1 = tv290C: Temperature [ITS-90, deg C]
# name 2 = sbeox0Mg/L: Oxygen, SBE 43 [mg/l]
# name 3 = sbeox0PS: Oxygen, SBE 43 [% saturation]
# name 4 = c0uS/cm: Conductivity [uS/cm]
# name 5 = specc: Specific Conductance [uS/cm]
# name 6 = ph: pH
# name 7 = orp: Oxidation Reduction Potential [mV]
# name 8 = flECO-AFL: Fluorescence, WET Labs ECO-AFL/FL [mg/m^3]
# name 9 = turbWETntu0: Turbidity, WET Labs ECO [NTU]
# name 10 = sal00: Salinity, Practical [PSU]
# name 11 = dz/dtM: Descent Rate [m/s]
# name 12 = prdM: Pressure, Strain Gauge [db]
# name 13 = prdE: Pressure, Strain Gauge [psi]
# name 14 = scan: Scan Count
# name 15 = par/sat/log: PAR/Logarithmic, Satlantic
# name 16 = flag:  0.000e+00
# span 0 =     -0.499,      2.818       
# span 1 =    17.5836,    22.0433       
# span 2 =     4.2768,     9.2469       
# span 3 =     47.858,    102.011       
# span 4 =   0.678773,  36.312196       
# span 5 =      0.794,     39.101       
# span 6 =      6.219,      7.661       
# span 7 =  -233.6291,   406.3099       
# span 8 =    -0.2183,     2.1432       
# span 9 =    -0.3183,    16.9769       
# span 10 =     0.0089,     0.0243      
# span 11 =     -0.195,      0.180      
# span 12 =     -0.489,      2.763      
# span 13 =     -0.709,      4.007      
# span 14 =          1,        495      
# span 15 = 6.1240e+00, 2.3159e+02      
# span 16 = 0.0000e+00, 0.0000e+00      
# interval = seconds: 0.25
# start_time = Sep 24 2018 13:58:29 [Instrument's time stamp, header]
# bad_flag = -9.990e-29
*END*
[from data line 256]
      0.351    22.0043     6.5439     74.853  34.452175     36.656      6.920   207.9001     1.9329     3.0924     0.0235     -0.002      0.344      0.499        257 4.4133e+01 0.0000e+00
      0.352    22.0028     6.5379     74.784  34.423798     36.597      6.921   208.0136     1.9086     3.1327     0.0235     -0.001      0.345      0.500        258 4.3834e+01 0.0000e+00
      0.353    22.0033     6.5393     74.796  34.455241     36.658      6.921   208.0136     1.9208     3.2267     0.0235      0.001      0.346      0.502        259 4.3604e+01 0.0000e+00
      0.353    22.0038     6.5328     74.723  34.442701     36.630      6.919   207.8622     1.7833     3.2267     0.0235      0.003      0.347      0.503        260 4.3379e+01 0.0000e+00
      0.353    22.0048     6.5297     74.689  34.409746     36.600      6.922   208.6194     1.8075     3.4012     0.0235      0.003      0.347      0.503        261 4.3350e+01 0.0000e+00
      0.354    22.0041     6.5292     74.683  34.466596     36.659      6.921   209.0358     1.8278     3.3341     0.0235      0.003      0.347      0.503        262 4.3541e+01 0.0000e+00
      0.353    22.0015     6.5236     74.615  34.520234     36.717      6.922   208.9601     1.8075     3.3341     0.0235      0.002      0.347      0.503        263 4.3814e+01 0.0000e+00
      0.353    21.9996     6.5160     74.526  34.520932     36.718      6.923   209.0737     1.8156     3.3475     0.0235      0.001      0.347      0.503        264 4.4100e+01 0.0000e+00
      0.354    21.9997     6.5173     74.541  34.465728     36.661      6.925   209.3387     1.8682     3.4012     0.0235      0.001      0.347      0.503        265 4.4199e+01 0.0000e+00
      0.354    22.0007     6.5187     74.553  34.440655     36.632      6.923   209.8687     1.8682     3.3475     0.0235      0.001      0.347      0.503        266 4.4331e+01 0.0000e+00
      0.353    22.0008     6.5178     74.545  34.463167     36.662      6.927   210.2472     1.8722     3.3475     0.0235      0.000      0.346      0.502        267 4.4662e+01 0.0000e+00
      0.351    21.9993     6.5251     74.630  34.467368     36.661      6.925   210.6637     1.8682     3.3072     0.0235     -0.001      0.345      0.500        268 4.4751e+01 0.0000e+00
      0.350    21.9971     6.5291     74.677  34.465084     36.661      6.924   210.1337     1.8682     3.3207     0.0235     -0.001      0.344      0.498        269 4.4910e+01 0.0000e+00
      0.349    21.9977     6.5347     74.740  34.466010     36.662      6.922   210.7394     1.8763     3.3207     0.0235     -0.002      0.343      0.497        270 4.4972e+01 0.0000e+00
      0.350    21.9992     6.5332     74.725  34.466216     36.664      6.925   210.8151     1.8358     3.2670     0.0235     -0.002      0.343      0.497        271 4.5090e+01 0.0000e+00
      0.350    21.9984     6.5364     74.765  34.494483     36.693      6.922   210.8908     1.8682     3.2670     0.0235     -0.003      0.343      0.497        272 4.5358e+01 0.0000e+00
      0.350    21.9963     6.5389     74.793  34.519800     36.722      6.918   211.1558     1.9288     3.2267     0.0235     -0.003      0.343      0.497        273 4.5316e+01 0.0000e+00
      0.349    21.9949     6.5423     74.827  34.464366     36.663      6.916   210.8908     1.9491     3.3475     0.0235     -0.002      0.343      0.497        274 4.5245e+01 0.0000e+00
      0.350    21.9939     6.5415     74.808  34.415190     36.605      6.916   210.8908     1.9369     3.2804     0.0235     -0.001      0.343      0.498        275 4.5092e+01 0.0000e+00
      0.351    21.9923     6.5455     74.849  34.462374     36.666      6.915   211.4587     1.9288     3.3207     0.0235     -0.000      0.344      0.498        276 4.4976e+01 0.0000e+00
      0.350    21.9931     6.5451     74.838  34.524272     36.726      6.917   211.3072     1.8803     3.2938     0.0235      0.000      0.344      0.498        277 4.5221e+01 0.0000e+00
      0.350    21.9946     6.5371     74.740  34.545754     36.757      6.914   211.1558     1.8561     3.2938     0.0235      0.001      0.345      0.499        278 4.4993e+01 0.0000e+00
      0.353    21.9948     6.5370     74.739  34.524609     36.726      6.917   211.4965     1.8601     3.2938     0.0235      0.001      0.346      0.501        279 4.4589e+01 0.0000e+00
      0.354    21.9949     6.5333     74.709  34.520929     36.725      6.917   211.7237     1.8722     3.3878     0.0235      0.002      0.346      0.502        280 4.4638e+01 0.0000e+00
      0.353    21.9960     6.5286     74.667  34.579989     36.785      6.913   212.4429     1.8561     3.3744     0.0236      0.002      0.345      0.501        281 4.4734e+01 0.0000e+00
      0.350    21.9983     6.5244     74.626  34.569735     36.785      6.905   211.9887     1.8844     3.3341     0.0236      0.001      0.344      0.499        282 4.5082e+01 0.0000e+00
      0.350    21.9983     6.5211     74.594  34.533690     36.724      6.895   212.2915     1.8601     3.3072     0.0235      0.000      0.343      0.498        283 4.5105e+01 0.0000e+00
      0.350    21.9944     6.5187     74.562  34.535877     36.752      6.887   212.1022     1.8561     3.4550     0.0235     -0.000      0.344      0.498        284 4.5128e+01 0.0000e+00
      0.351    21.9883     6.5189     74.559  34.537356     36.723      6.884   212.2915     1.8601     3.3341     0.0235     -0.001      0.344      0.498        285 4.5482e+01 0.0000e+00
      0.350    21.9839     6.5196     74.565  34.561505     36.785      6.884   212.3294     1.8520     3.2267     0.0236     -0.001      0.343      0.497        286 4.5574e+01 0.0000e+00
      0.350    21.9800     6.5266     74.642  34.535482     36.730      6.883   212.5944     1.8803     3.3878     0.0235     -0.002      0.343      0.497        287 4.5296e+01 0.0000e+00
      0.350    21.9751     6.5302     74.681  34.510432     36.734      6.879   212.9351     1.8480     3.3744     0.0235     -0.002      0.343      0.497        288 4.5399e+01 0.0000e+00
      0.350    21.9757     6.5272     74.649  34.533370     36.737      6.872   212.8972     1.8601     3.2938     0.0235     -0.001      0.343      0.497        289 4.5519e+01 0.0000e+00
      0.349    21.9840     6.5215     74.589  34.595907     36.830      6.856   213.3894     1.7914     3.2535     0.0236     -0.000      0.343      0.497        290 4.5565e+01 0.0000e+00
      0.350    21.9921     6.5191     74.566  34.640202     36.859      6.836   213.3515     1.7995     3.2938     0.0236     -0.000      0.343      0.497        291 4.5573e+01 0.0000e+00
      0.350    21.9972     6.5232     74.617  34.567215     36.793      6.825   213.4272     1.8197     3.2804     0.0236     -0.000      0.343      0.498        292 4.5532e+01 0.0000e+00
      0.351    22.0005     6.5260     74.652  34.538452     36.727      6.818   213.4651     1.8156     3.4012     0.0235     -0.000      0.344      0.499        293 4.5552e+01 0.0000e+00
      0.352    21.9984     6.5320     74.720  34.557367     36.783      6.821   213.6165     1.7752     3.2938     0.0236      0.001      0.345      0.500        294 4.5441e+01 0.0000e+00
      0.352    21.9946     6.5323     74.719  34.514018     36.691      6.824   213.4651     1.8116     3.3744     0.0235      0.001      0.345      0.501        295 4.5209e+01 0.0000e+00
      0.353    21.9929     6.5371     74.768  34.503428     36.722      6.826   213.8815     1.8075     3.2938     0.0235      0.002      0.346      0.502        296 4.4757e+01 0.0000e+00
      0.353    21.9911     6.5293     74.680  34.481577     36.666      6.828   213.6544     1.8075     3.3475     0.0235      0.002      0.346      0.502        297 4.4933e+01 0.0000e+00
      0.353    21.9896     6.5229     74.611  34.511558     36.727      6.822   214.1465     1.8278     3.4012     0.0235      0.002      0.346      0.502        298 4.5239e+01 0.0000e+00
      0.353    21.9913     6.5135     74.512  34.466118     36.669      6.803   214.4115     1.7995     3.3207     0.0235      0.002      0.346      0.502        299 4.5249e+01 0.0000e+00
      0.352    21.9947     6.5026     74.394  34.478813     36.670      6.789   214.2980     1.7995     3.2938     0.0235      0.001      0.346      0.501        300 4.5274e+01 0.0000e+00
      0.352    21.9975     6.5050     74.427  34.525416     36.758      6.780   214.3358     1.8197     3.2670     0.0235      0.001      0.345      0.500        301 4.5500e+01 0.0000e+00
      0.351    22.0006     6.5078     74.463  34.437777     36.606      6.788   214.2980     1.8439     3.3610     0.0235     -0.000      0.344      0.499        302 4.5712e+01 0.0000e+00
      0.351    22.0020     6.5144     74.539  34.439595     36.664      6.800   214.6765     1.8075     3.3207     0.0235     -0.001      0.344      0.499        303 4.5692e+01 0.0000e+00
      0.352    22.0016     6.5218     74.621  34.434183     36.602      6.807   214.7901     1.8035     3.3475     0.0235     -0.001      0.345      0.500        304 4.5736e+01 0.0000e+00
      0.353    21.9988     6.5369     74.791  34.444510     36.660      6.817   215.0930     1.7995     3.2938     0.0235     -0.001      0.346      0.502        305 4.5775e+01 0.0000e+00
      0.353    21.9953     6.5473     74.906  34.426742     36.601      6.820   215.2822     1.7914     3.3744     0.0235     -0.000      0.346      0.502        306 4.5739e+01 0.0000e+00
      0.353    21.9953     6.5544     74.985  34.426640     36.633      6.825   215.0930     1.8965     3.3341     0.0235      0.000      0.346      0.502        307 4.5749e+01 0.0000e+00
      0.352    21.9987     6.5564     75.008  34.414983     36.606      6.831   215.2065     1.8803     3.2938     0.0235      0.000      0.345      0.501        308 4.5709e+01 0.0000e+00
      0.351    22.0044     6.5540     74.985  34.411594     36.606      6.839   215.3201     1.8520     3.2938     0.0235      0.000      0.345      0.500        309 4.5598e+01 0.0000e+00
      0.351    22.0091     6.5509     74.951  34.401203     36.603      6.849   215.6987     1.8439     3.3744     0.0235      0.000      0.344      0.499        310 4.5697e+01 0.0000e+00
      0.351    22.0132     6.5443     74.867  34.368601     36.539      6.857   215.8122     1.7914     3.3207     0.0235     -0.000      0.344      0.499        311 4.5955e+01 0.0000e+00
      0.350    22.0164     6.5408     74.812  34.452163     36.655      6.864   215.7744     1.8075     3.3610     0.0235     -0.001      0.344      0.499        312 4.6168e+01 0.0000e+00
      0.351    22.0166     6.5409     74.799  34.445491     36.622      6.872   216.1908     1.7954     3.3341     0.0235     -0.001      0.345      0.500        313 4.6433e+01 0.0000e+00
      0.352    22.0148     6.5396     74.774  34.406558     36.589      6.882   216.4180     1.7914     3.2804     0.0235     -0.001      0.345      0.500        314 4.6488e+01 0.0000e+00
      0.352    22.0122     6.5405     74.784  34.411644     36.589      6.884   216.2287     1.9652     3.3341     0.0235     -0.000      0.346      0.501        315 4.6257e+01 0.0000e+00
      0.353    22.0100     6.5424     74.808  34.409505     36.591      6.884   216.4180     1.9410     3.3341     0.0235      0.001      0.346      0.501        316 4.6154e+01 0.0000e+00
      0.353    22.0081     6.5385     74.758  34.468533     36.652      6.881   217.2130     1.9288     3.3341     0.0235      0.001      0.345      0.500        317 4.6095e+01 0.0000e+00
      0.349    22.0086     6.5324     74.684  34.456812     36.654      6.877   217.0994     1.9248     3.3072     0.0235      0.000      0.341      0.495        318 4.7270e+01 0.0000e+00
      0.342    22.0112     6.5228     74.572  34.394438     36.566      6.877   217.0615     2.0178     3.1058     0.0235     -0.002      0.336      0.487        319 4.8176e+01 0.0000e+00
      0.337    22.0119     6.5094     74.418  34.397874     36.595      6.864   216.9858     2.0057     3.0924     0.0235     -0.006      0.330      0.478        320 4.9671e+01 0.0000e+00
      0.331    22.0066     6.4976     74.287  34.363565     36.534      6.844   217.7051     2.0097     3.1461     0.0235     -0.010      0.320      0.463        321 5.1724e+01 0.0000e+00
      0.309    21.9958     6.4889     74.195  34.407479     36.593      6.849   217.4780     1.9895     3.0924     0.0235     -0.018      0.300      0.434        322 5.9168e+01 0.0000e+00
      0.277    21.9861     6.4836     74.143  34.461849     36.656      6.864   217.5158     1.9572     3.0924     0.0235     -0.032      0.271      0.393        323 6.8566e+01 0.0000e+00
      0.245    21.9800     6.4786     74.094  34.473840     36.665      6.887   217.6294     1.9248     3.1461     0.0235     -0.049      0.241      0.349        324 7.9743e+01 0.0000e+00
      0.217    21.9793     6.4825     74.150  34.481529     36.702      6.901   218.0458     1.9612     3.1193     0.0235     -0.066      0.211      0.306        325 8.7507e+01 0.0000e+00
      0.185    21.9801     6.4913     74.262  34.422629     36.618      6.894   218.2730     1.9369     3.0790     0.0235     -0.083      0.176      0.255        326 1.0510e+02 0.0000e+00
      0.136    21.9768     6.4990     74.356  34.398860     36.618      6.880   218.1215     1.9005     3.0655     0.0235     -0.103      0.126      0.183        327 1.4353e+02 0.0000e+00
      0.065    21.9737     6.5180     74.578  34.362828     36.558      6.872   218.0080     1.7348     3.3475     0.0235     -0.129      0.064      0.093        328 1.6005e+02 0.0000e+00
     -0.004    21.9719     6.5241     74.652  34.348846     36.561      6.878   217.9322     1.7388     3.3072     0.0235     -0.158      0.000     -0.000        329 1.5770e+02 0.0000e+00
     -0.062    21.9716     6.5245     74.660  34.327292     36.533      6.891   219.2951     1.7711     3.3744     0.0234     -0.181     -0.052     -0.076        330 1.6134e+02 0.0000e+00
     -0.094    21.9747     6.5195     74.611  34.359997     36.565      6.911   218.7273     1.7469     3.2938     0.0235     -0.194     -0.087     -0.126        331 1.7397e+02 0.0000e+00
     -0.110    21.9800     6.5241     74.671  34.397115     36.624      6.921   219.1058     1.7226     3.3072     0.0235     -0.195     -0.109     -0.159        332 1.8450e+02 0.0000e+00
     -0.133    21.9856     6.5182     74.607  34.370067     36.563      6.909   218.5380     1.7590     3.3744     0.0235     -0.188     -0.131     -0.190        333 1.8472e+02 0.0000e+00
     -0.158    21.9917     6.5069     74.480  34.393655     36.618      6.907   219.4087     1.7469     3.3610     0.0235     -0.171     -0.154     -0.224        334 1.8091e+02 0.0000e+00
     -0.181    22.0000     6.5044     74.450  34.308444     36.494      6.897   248.1045     1.7388     3.3475     0.0234     -0.147     -0.174     -0.253        335 1.8270e+02 0.0000e+00
     -0.194    22.0076     6.4964     74.359  34.327826     36.520      6.908   252.3066     1.6498     3.3207     0.0234     -0.118     -0.188     -0.273        336 1.8597e+02 0.0000e+00
     -0.201    22.0116     6.4860     74.240  34.399188     36.602      6.912   252.2688     1.6256     3.3341     0.0235     -0.092     -0.197     -0.285        337 1.8470e+02 0.0000e+00
     -0.207    22.0150     6.4783     74.153  34.367914     36.537      6.924   250.9438     1.6862     3.3207     0.0235     -0.073     -0.202     -0.292        338 1.8599e+02 0.0000e+00
     -0.209    22.0174     6.4751     74.117  34.396399     36.593      6.936   250.7923     1.6741     3.3475     0.0235     -0.060     -0.203     -0.294        339 1.8725e+02 0.0000e+00
     -0.205    22.0200     6.4620     73.970  34.363735     36.531      6.941   250.3759     1.7226     3.3341     0.0235     -0.047     -0.200     -0.290        340 1.8559e+02 0.0000e+00
