Data/DataNotYetUploadedToEDI/Raw_CTD/RawDownloads/092520_fcr50_SSSon_0001.cnv
* Sea-Bird SBE19plus  Data File:
* FileName = C:\DATA\092520_fcr50_SSSon_0001.hex
* Software version 2.8.0.119
* Temperature SN = 7809
* Conductivity SN = 7809
* System UpLoad Time = Sep 25 2020 16:17:03
* <ApplicationData>
* <Seaterm232>
# nquan = 16
# nvalues = 2210                        
# units = specified
# name 0 = depFM: Depth [fresh water, m]
# name 1 = dz/dtM: Descent Rate [m/s]
# name 2 = sbeox0ML/L: Oxygen, SBE 43 [ml/l]
# name 3 = sbeox0PS: Oxygen, SBE 43 [% saturation]
# name 4 = specc: Specific Conductance [uS/cm]
# name 5 = c0uS/cm: Conductivity [uS/cm]
# name 6 = flECO-AFL: Fluorescence, WET Labs ECO-AFL/FL [mg/m^3]
# name 7 = ph: pH
# name 8 = orp: Oxidation Reduction Potential [mV]
# name 9 = par/sat/log: PAR/Logarithmic, Satlantic
# name 10 = turbWETntu0: Turbidity, WET Labs ECO [NTU]
# name 11 = prdM: Pressure, Strain Gauge [db]
# name 12 = prdE: Pressure, Strain Gauge [psi]
# name 13 = tv290C: Temperature [ITS-90, deg C]
# name 14 = density00: Density [density, kg/m^3]
# name 15 = flag:  0.000e+00
# span 0 =     -0.660,      9.587       
# span 1 =     -0.380,      0.183       
# span 2 =    -0.0063,     7.0950       
# span 3 =      0.043,    107.251       
# span 4 =      0.571,    198.649       
# span 5 =   0.457780, 146.073232       
# span 6 =    -0.9851,     9.1771       
# span 7 =     15.481,     15.729       
# span 8 =  -233.7069,   275.4453       
# span 9 = 1.2355e-01, 6.1071e+01       
# span 10 =    -0.2947,   950.7896      
# span 11 =     -0.648,      9.403      
# span 12 =     -0.940,     13.637      
# span 13 =    11.7264,    18.1496      
# span 14 =   998.5866,   999.6444      
# span 15 = 0.0000e+00, 0.0000e+00      
# interval = seconds: 0.25
# start_time = Sep 25 2020 02:53:40 [Instrument's time stamp, header]
# bad_flag = -9.990e-29
*END*
[from data line 2170]
     -0.637     -0.158     4.5659     69.323     38.485  32.754750     3.4022     15.540    84.7346 2.1606e+01   114.5113     -0.641     -0.930    17.7967   998.6486 0.0000e+00
     -0.648     -0.100     4.5879     69.307     38.700  32.892750     1.0024     15.541    85.0096 2.0570e+01    48.6124     -0.635     -0.920    17.7772   998.6523 0.0000e+00
     -0.648     -0.053     4.6118     69.160     38.360  32.565204    -0.3154     15.544    85.3170 1.9212e+01    12.8558     -0.637     -0.923    17.7071   998.6651 0.0000e+00
     -0.648     -0.018     4.6287     68.752     32.900  27.906089    -0.4475     15.546    85.8701 1.8555e+01    11.8446     -0.634     -0.921    17.6192   998.6809 0.0000e+00
     -0.648     -0.003     4.6346     68.201     20.305  17.212646    -0.4520     15.547    86.1912 1.8831e+01    36.7298     -0.636     -0.923    17.5469   998.6943 0.0000e+00
     -0.648 -4.198e-08     4.6411     67.793      9.699   8.217773    -0.3795     15.547    85.6712 1.9146e+01    83.0239     -0.636     -0.922    17.4901   998.7042 0.0000e+00
     -0.648 -4.618e-07     4.6427     67.752      6.567   5.561330    -0.2665     15.548    84.4877 1.9120e+01   108.4325     -0.636     -0.922    17.4392   998.7139 0.0000e+00
     -0.648 -4.618e-07     4.6153     68.203      6.349   5.375047    -0.2205     15.549    84.3574 1.9128e+01   110.5831     -0.636     -0.923    17.3965   998.7208 0.0000e+00
     -0.648 -4.198e-08     4.5730     69.201      5.925   5.014976    -0.2144     15.549    85.0416 2.0178e+01   108.5801     -0.636     -0.922    17.3644   998.7206 0.0000e+00
     -0.648 -3.816e-09     4.5431     70.737      5.545   4.692640     0.0549     15.548    84.1568 2.3036e+01    84.6268     -0.635     -0.921    17.3446   998.7203 0.0000e+00
     -0.648 -3.469e-10     4.5380     72.692      5.416   4.582426     0.5659     15.548    82.8654 2.5431e+01    40.6616     -0.636     -0.922    17.3327   998.7227 0.0000e+00
     -0.649 -3.154e-11     4.5686     74.852      5.477   4.632780     0.8328     15.549    82.8490 2.5047e+01    16.9753     -0.636     -0.923    17.3247   998.7241 0.0000e+00
     -0.649 -2.867e-12     4.6356     77.025      5.445   4.604509     0.8597     15.550    83.0986 2.3567e+01    18.2423     -0.636     -0.923    17.3177   998.7252 0.0000e+00
     -0.649 -2.615e-13     4.7424     79.031      5.316   4.494048     0.9475     15.550    82.6134 2.2561e+01    55.7744     -0.637     -0.923    17.3096   998.7265 0.0000e+00
     -0.648 -3.327e-14     4.8811     80.736      5.326   4.501041     1.0844     15.550    81.9731 2.1840e+01   124.8702     -0.636     -0.922    17.3007   998.7281 0.0000e+00
     -0.648 -1.075e-13     5.0309     82.117      5.250   4.435621     1.1316     15.551    82.1541 2.1462e+01   162.2793     -0.636     -0.922    17.2910   998.7297 0.0000e+00
     -0.648 -1.159e-12     5.1827     83.219      5.210   4.400010     1.0708     15.551    83.3395 2.1704e+01   162.0105     -0.636     -0.922    17.2784   998.7320 0.0000e+00
     -0.648 -1.275e-11     5.3231     84.084      5.497   4.640689     0.5682     15.550    84.6899 2.3454e+01   121.1395     -0.636     -0.922    17.2643   998.7345 0.0000e+00
     -0.648 -1.402e-10     5.4393     84.708      5.926   5.001339    -0.3485     15.549    84.8011 2.8205e+01    45.6347     -0.636     -0.923    17.2507   998.7369 0.0000e+00
     -0.649 -1.542e-09     5.5323     85.022      6.253   5.275773    -0.8578     15.548    83.5661 3.4254e+01     4.3767     -0.637     -0.924    17.2365   998.7394 0.0000e+00
     -0.649 -1.696e-08     5.6071     84.951      6.206   5.234299    -0.9068     15.548    81.8031 3.7522e+01     0.6401     -0.637     -0.923    17.2223   998.7418 0.0000e+00
     -0.649 -1.866e-07     5.6668     84.493      5.637   4.753320    -0.9033     15.548    80.6921 3.8056e+01     0.3180     -0.636     -0.923    17.2076   998.7445 0.0000e+00
     -0.649 -1.897e-07     5.7125     83.724      4.772   4.022265    -0.9104     15.550    80.8891 3.8191e+01     0.1387     -0.636     -0.923    17.1932   998.7471 0.0000e+00
     -0.649 -5.388e-08     5.7378     82.788      4.143   3.491384    -0.9259     15.551    81.6035 3.8021e+01     0.0514     -0.636     -0.923    17.1805   998.7495 0.0000e+00
     -0.649 -4.080e-07     5.7339     81.833      4.189   3.529821    -0.9189     15.552    82.1021 3.7577e+01     0.1207     -0.636     -0.922    17.1684   998.7517 0.0000e+00
     -0.649     -0.000     5.7032     80.993      4.349   3.663365    -0.9026     15.552    83.2185 3.7402e+01     0.1531     -0.636     -0.923    17.1565   998.7536 0.0000e+00
     -0.649     -0.000     5.6488     80.411      3.806   3.205346    -0.9189     15.552    84.5180 3.5851e+01     0.1332     -0.637     -0.924    17.1448   998.7554 0.0000e+00
     -0.649     -0.001     5.5832     80.166      3.560   2.997004    -0.9541     15.553    84.3062 3.2742e+01     0.1900     -0.636     -0.923    17.1334   998.7571 0.0000e+00
     -0.649     -0.001     5.5178     80.233      4.145   3.488360    -0.9656     15.555    83.6697 3.1237e+01     0.2906     -0.637     -0.923    17.1220   998.7592 0.0000e+00
     -0.649     -0.000     5.4580     80.512      4.621   3.887785    -0.9629     15.556    83.6186 3.2683e+01     0.3193     -0.637     -0.924    17.1107   998.7614 0.0000e+00
     -0.650 -1.847e-08     5.4180     80.884      4.710   3.961750    -0.9684     15.557    83.6888 3.3385e+01     0.1594     -0.638     -0.924    17.0996   998.7630 0.0000e+00
     -0.650 -2.032e-07     5.4039     81.245      4.459   3.749032    -0.9851     15.559    83.8300 3.0565e+01    -0.1321     -0.637     -0.926    17.0881   998.7649 0.0000e+00
     -0.649 -2.032e-07     5.4121     81.520      4.203   3.533372    -0.9832     15.560    84.1209 2.6842e+01    -0.2526     -0.636     -0.923    17.0756   998.7673 0.0000e+00
     -0.649 -1.848e-08     5.4358     81.707      3.798   3.191646    -0.9646     15.560    84.5388 2.3782e+01    -0.1996     -0.637     -0.922    17.0629   998.7696 0.0000e+00
     -0.649 -1.693e-09     5.4643     81.855      3.391   2.848388    -0.9700     15.561    84.9251 2.0833e+01    -0.1771     -0.636     -0.923    17.0493   998.7721 0.0000e+00
     -0.649 -3.054e-10     5.4927     81.924      3.339   2.804279    -0.9815     15.562    85.0922 1.8261e+01    -0.1866     -0.637     -0.923    17.0363   998.7742 0.0000e+00
     -0.649 -9.990e-29     5.5132 -9.990e-29 -9.990e-29 -9.990e-29 -9.990e-29 -9.990e-29 -9.990e-29 1.6370e+01 -9.990e-29     -0.637     -0.924    17.0225   998.7766 0.0000e+00
     -0.649 -9.990e-29     5.5242 -9.990e-29 -9.990e-29 -9.990e-29 -9.990e-29 -9.990e-29 -9.990e-29 1.5101e+01 -9.990e-29     -0.636     -0.923    17.0100   998.7787 0.0000e+00
     -0.649 -9.990e-29     5.5377 -9.990e-29 -9.990e-29 -9.990e-29 -9.990e-29 -9.990e-29 -9.990e-29 1.4142e+01 -9.990e-29     -0.637     -0.924    16.9951   998.7811 0.0000e+00
     -0.649 -9.990e-29     5.5468 -9.990e-29 -9.990e-29 -9.990e-29 -9.990e-29 -9.990e-29 -9.990e-29 1.3697e+01 -9.990e-29     -0.637     -0.924    16.9845   998.7830 0.0000e+00
