Data/DataNotYetUploadedToEDI/Raw_CTD/RawDownloads/092520_fcr50_0001.cnv
* Sea-Bird SBE19plus  Data File:
* FileName = C:\DATA\09252020_fcr50_0005.hex
* Software version 2.8.0.119
* Temperature SN = 7809
* Conductivity SN = 7809
* System UpLoad Time = Sep 25 2020 09:49:54
* <ApplicationData>
* <Seaterm232>
# nquan = 16
# nvalues = 2787                        
# units = specified
# name 0 = depFM: Depth [fresh water, m]
# name 1 = dz/dtM: Descent Rate [m/s]
# name 2 = sbeox0ML/L: Oxygen, SBE 43 [ml/l]
# name 3 = sbeox0PS: Oxygen, SBE 43 [% saturation]
# name 4 = specc: Specific Conductance [uS/cm]
# name 5 = c0uS/cm: Conductivity [uS/cm]
# name 6 = flECO-AFL: Fluorescence, WET Labs ECO-AFL/FL [mg/m^3]
# name 7 = ph: pH
# name 8 = orp: Oxidation Reduction Potential [mV]
# name 9 = par/sat/log: PAR/Logarithmic, Satlantic
# name 10 = turbWETntu0: Turbidity, WET Labs ECO [NTU]
# name 11 = prdM: Pressure, Strain Gauge [db]
# name 12 = prdE: Pressure, Strain Gauge [psi]
# name 13 = tv290C: Temperature [ITS-90, deg C]
# name 14 = density00: Density [density, kg/m^3]
# name 15 = flag:  0.000e+00
# span 0 =     -0.640,      9.596       
# span 1 =     -0.359,      4.099       
# span 2 =     0.0335,     6.7585       
# span 3 =      0.455,     98.615       
# span 4 =      1.741,    242.754       
# span 5 =   1.375537, 178.137783       
# span 6 =    -1.0162,    21.5273       
# span 7 =     15.467,     15.710       
# span 8 =   -70.8554,   289.4967       
# span 9 = 1.2355e-01, 7.6814e+01       
# span 10 =    -0.3408,   260.2103      
# span 11 =     -0.628,      9.411      
# span 12 =     -0.911,     13.650      
# span 13 =    11.6299,    18.0940      
# span 14 =   998.5965,   999.6700      
# span 15 = 0.0000e+00, 0.0000e+00      
# interval = seconds: 0.25
# start_time = Sep 24 2020 20:25:12 [Instrument's time stamp, header]
# bad_flag = -9.990e-29
*END*
[from data line 181]
     -0.296      0.027     6.2538     94.518     37.089  31.866136     2.7669     15.522   224.3812 3.5859e+01    16.5904     -0.288     -0.417    17.8934   998.6324 0.0000e+00
     -0.294      0.017     6.2567     94.617     37.064  31.845134     2.7909     15.522   224.7762 3.5650e+01    14.1903     -0.289     -0.419    17.9229   998.6269 0.0000e+00
     -0.294      0.010     6.2569     94.713     37.011  31.796503     2.7803     15.523   223.5476 3.5497e+01    13.9666     -0.289     -0.420    17.9436   998.6232 0.0000e+00
     -0.293      0.005     6.2594     94.781     36.931  31.722252     2.7344     15.523   222.0026 3.5413e+01    13.8171     -0.287     -0.418    17.9523   998.6216 0.0000e+00
     -0.292      0.003     6.2665     94.806     36.849  31.645266     2.6547     15.522   220.8077 3.5372e+01    13.6181     -0.287     -0.416    17.9559   998.6209 0.0000e+00
     -0.292      0.003     6.2724     94.814     36.763  31.563561     2.6083     15.522   220.2000 3.5457e+01    13.4833     -0.286     -0.415    17.9565   998.6208 0.0000e+00
     -0.291      0.003     6.2800     94.809     36.692  31.495697     2.5925     15.523   220.4195 3.5658e+01    13.4232     -0.287     -0.416    17.9514   998.6217 0.0000e+00
     -0.290      0.002     6.2871     94.803     36.657  31.459164     2.6073     15.523   220.7944 3.5889e+01    13.3718     -0.286     -0.413    17.9437   998.6231 0.0000e+00
     -0.289      0.002     6.2874     94.809     36.638  31.439058     2.6738     15.523   220.6892 3.6229e+01    13.3089     -0.284     -0.411    17.9344   998.6248 0.0000e+00
     -0.289      0.003     6.2908     94.797     36.647  31.442926     2.7283     15.521   219.8358 3.6633e+01    13.2798     -0.284     -0.412    17.9246   998.6266 0.0000e+00
     -0.288      0.006     6.2908     94.711     36.649  31.442486     2.7313     15.500   218.2196 3.6993e+01    13.2606     -0.283     -0.410    17.9144   998.6284 0.0000e+00
     -0.288      0.011     6.2911     94.599     36.641  31.433737     2.7197     15.469   216.4623 3.7287e+01    13.2142     -0.283     -0.410    17.9059   998.6299 0.0000e+00
     -0.288      0.017     6.2926     94.579     36.686  31.464032     2.7315     15.467   215.7959 3.7535e+01    13.4401     -0.282     -0.409    17.8991   998.6312 0.0000e+00
     -0.285      0.022     6.2948     94.651     36.733  31.491539     2.7699     15.487   215.8410 3.7854e+01    13.9660     -0.282     -0.408    17.8958   998.6318 0.0000e+00
     -0.276      0.027     6.2892     94.773     36.689  31.449080     2.8014     15.499   213.9957 3.8259e+01    14.2510     -0.274     -0.397    17.8914   998.6326 0.0000e+00
     -0.262      0.033     6.2755     94.933     36.624  31.394783     2.8075     15.502   211.2949 3.8580e+01    14.2424     -0.254     -0.369    17.8942   998.6322 0.0000e+00
     -0.252      0.041     6.2774     95.099     36.641  31.406037     2.8443     15.506   209.8588 3.8668e+01    14.4451     -0.243     -0.353    17.8857   998.6338 0.0000e+00
     -0.247      0.047     6.2874     95.256     36.709  31.458260     2.9316     15.513   209.1079 3.8648e+01    14.9174     -0.243     -0.352    17.8538   998.6398 0.0000e+00
     -0.240      0.049     6.2952     95.494     36.783  31.518631     2.9949     15.519   209.0988 3.8747e+01    15.1800     -0.240     -0.349    17.8511   998.6402 0.0000e+00
     -0.222      0.048     6.3061     96.121     36.834  31.564970     3.0094     15.523   208.7164 3.9002e+01    15.1143     -0.222     -0.322    17.8629   998.6381 0.0000e+00
     -0.198      0.046     6.3178     97.201     36.832  31.574425     2.9534     15.525   207.8398 3.9140e+01    14.4667     -0.190     -0.275    17.8538   998.6400 0.0000e+00
     -0.183      0.045     6.3308     98.195     36.804  31.569530     2.8431     15.525   207.7063 3.9067e+01    13.3930     -0.177     -0.256    17.8414   998.6423 0.0000e+00
     -0.178      0.044     6.3368     98.615     36.779  31.569251     2.7911     15.524   208.2200 3.9007e+01    12.8783     -0.176     -0.255    17.8369   998.6431 0.0000e+00
     -0.175      0.044     6.3705     98.341     36.760  31.571081     2.8020     15.524   209.4913 3.8997e+01    12.8775     -0.172     -0.250    17.8378   998.6430 0.0000e+00
     -0.169      0.046     6.4620     97.478     36.766  31.591682     2.8410     15.523   210.7737 3.9050e+01    13.1429     -0.168     -0.244    17.8552   998.6398 0.0000e+00
     -0.157      0.051     6.5349     96.263     36.794  31.628015     2.8909     15.522   211.2497 3.9206e+01    13.6490     -0.156     -0.226    17.8860   998.6342 0.0000e+00
     -0.137      0.053     6.5597     94.798     36.785  31.629730     2.9093     15.522   211.4605 3.9429e+01    13.9165     -0.135     -0.197    17.9146   998.6291 0.0000e+00
     -0.115      0.050     6.5369     93.108     36.757  31.612426     2.9205     15.522   211.4300 3.9590e+01    13.9391     -0.111     -0.161    17.9409   998.6244 0.0000e+00
     -0.097      0.044     6.4683     91.490     36.746  31.609141     2.9205     15.521   211.1389 3.9559e+01    13.6141     -0.092     -0.133    17.9613   998.6207 0.0000e+00
     -0.089      0.035     6.3834     90.352     36.718  31.590017     2.8909     15.521   210.9527 3.9398e+01    12.9394     -0.086     -0.124    17.9775   998.6178 0.0000e+00
     -0.087      0.030     6.2883     89.805     36.693  31.571542     2.8669     15.521   210.8996 3.9241e+01    12.5796     -0.085     -0.124    17.9898   998.6155 0.0000e+00
     -0.087      0.036     6.1672     89.722     36.696  31.576092     2.8594     15.521   211.2711 3.9105e+01    12.5592     -0.085     -0.124    17.9976   998.6140 0.0000e+00
     -0.086      0.053     6.0448     89.892     36.701  31.581587     2.8581     15.521   211.6583 3.8945e+01    12.5902     -0.085     -0.124    18.0064   998.6124 0.0000e+00
     -0.080      0.070     5.9687     90.139     36.691  31.574546     2.8699     15.521   211.5370 3.8576e+01    13.1605     -0.084     -0.122    18.0139   998.6110 0.0000e+00
     -0.056      0.081     5.9350     90.400     36.666  31.554405     2.8973     15.521   211.6974 3.4508e+01    14.2361     -0.066     -0.096    18.0167   998.6106 0.0000e+00
     -0.013      0.084     5.9348     90.634     36.635  31.528393     2.9123     15.521   212.2215 2.7097e+01    14.8494     -0.010     -0.015    18.0194   998.6103 0.0000e+00
      0.027      0.078     5.9508     90.731     36.615  31.513822     2.9180     15.520   212.7113 2.3432e+01    14.9107      0.039      0.057    18.0213   998.6102 0.0000e+00
      0.044      0.063     5.9672     90.563     36.603  31.505122     2.9185     15.520   213.2321 2.3462e+01    14.4619      0.048      0.069    18.0245   998.6096 0.0000e+00
      0.048      0.041     5.9847     90.122     36.585  31.486646     2.8992     15.520   213.5274 2.3517e+01    13.5769      0.046      0.067    18.0257   998.6094 0.0000e+00
      0.048      0.020     6.0029     89.489     36.584  31.480764     2.8752     15.521   213.7009 2.3384e+01    13.0682      0.047      0.069    18.0238   998.6098 0.0000e+00
      0.048      0.006     6.0134     88.765     36.605  31.497440     2.8585     15.521   213.9528 2.3314e+01    13.0145      0.047      0.068    18.0294   998.6087 0.0000e+00
      0.047      0.001     6.0009     88.015     36.608  31.497940     2.8401     15.522   214.2506 2.3334e+01    13.0313      0.046      0.067    18.0361   998.6074 0.0000e+00
      0.047 5.3983e-10     5.9698     87.210     36.600  31.486810     2.8047     15.522   214.6344 2.3310e+01    13.0301      0.046      0.067    18.0303   998.6085 0.0000e+00
      0.048 5.9382e-09     5.9276     86.372     36.609  31.489750     2.7841     15.521   214.9797 2.3381e+01    13.0344      0.047      0.068    18.0185   998.6107 0.0000e+00
      0.048 6.5320e-08     5.8763     85.583     36.589  31.470025     2.7911     15.521   215.2418 2.3430e+01    13.0498      0.047      0.068    18.0190   998.6107 0.0000e+00
      0.048 6.5320e-08     5.8296     84.892     36.558  31.438652     2.7941     15.521   215.5665 2.3407e+01    13.1124      0.047      0.069    18.0203   998.6104 0.0000e+00
      0.048 5.9385e-09     5.7766     84.289     36.553  31.427646     2.7913     15.522   215.9797 2.3426e+01    13.2426      0.047      0.068    18.0093   998.6124 0.0000e+00
      0.048 5.3984e-10     5.7193     83.732     36.526  31.400386     2.7863     15.522   216.3659 2.3397e+01    13.2851      0.047      0.068    18.0005   998.6141 0.0000e+00
      0.048 4.8955e-11     5.6661     83.226     36.485  31.362819     2.7906     15.523   216.7090 2.3322e+01    13.2480      0.047      0.069    18.0022   998.6138 0.0000e+00
      0.048 3.1215e-12     5.6206     82.783     36.475  31.354098     2.8441     15.523   217.0309 2.3250e+01    13.4122      0.047      0.068    17.9957   998.6149 0.0000e+00
      0.048 -1.434e-11     5.5847     82.418     36.481  31.358388     2.9367     15.523   217.2472 2.3127e+01    13.7599      0.047      0.068    17.9833   998.6172 0.0000e+00
      0.048 -1.621e-10     5.5469     82.124     36.476  31.351239     2.9940     15.523   217.4305 2.3055e+01    13.9506      0.047      0.068    17.9800   998.6178 0.0000e+00
      0.048 -1.784e-09     5.5139     81.882     36.459  31.331098     3.0038     15.523   217.6130 2.3120e+01    13.9665      0.047      0.068    17.9764   998.6184 0.0000e+00
      0.048 -1.962e-08     5.4841     81.690     36.434  31.305189     2.9977     15.523   217.6465 2.3161e+01    13.9515      0.047      0.068    17.9760   998.6185 0.0000e+00
      0.048 -2.158e-07     5.4595     81.520     36.422  31.291753     2.9777     15.523   217.5770 2.3144e+01    13.9412      0.047      0.068    17.9776   998.6182 0.0000e+00
      0.048      0.000     5.4421     81.326     36.431  31.295524     2.9426     15.523   217.5471 2.3144e+01    13.9457      0.047      0.068    17.9715   998.6193 0.0000e+00
      0.048      0.000     5.4263     81.089     36.428  31.287337     2.9157     15.523   217.6293 2.3097e+01    13.9718      0.047      0.068    17.9604   998.6214 0.0000e+00
      0.048      0.000     5.4154     80.825     36.401  31.256193     2.9197     15.523   218.1413 2.3038e+01    13.9820      0.047      0.068    17.9556   998.6223 0.0000e+00
      0.048     -0.003     5.4052     80.546     36.387  31.236188     2.9151     15.524   218.4888 2.2979e+01    13.7935      0.047      0.068    17.9537   998.6226 0.0000e+00
      0.048     -0.015     5.3938     80.210     36.397  31.235773     2.8884     15.524   217.7010 2.3007e+01    13.4789      0.048      0.069    17.9485   998.6236 0.0000e+00
      0.048     -0.042     5.3784     79.794     36.437  31.251169     2.8838     15.526   216.8763 2.3225e+01    13.3361      0.047      0.069    17.9393   998.6253 0.0000e+00
      0.046     -0.086     5.3608     79.320     36.532  31.295423     2.8786     15.532   217.2077 2.3752e+01    13.3026      0.047      0.069    17.9307   998.6269 0.0000e+00
      0.036     -0.134     5.3459     78.855     36.610  31.326689     2.7773     15.539   218.0935 2.5582e+01    13.0391      0.044      0.064    17.9166   998.6294 0.0000e+00
     -0.000     -0.174     5.3249     78.500     36.605  31.311944     2.6029     15.542   218.4667 2.7707e+01    12.5536      0.016      0.023    17.9096   998.6305 0.0000e+00
     -0.072     -0.204     5.2981     78.369     36.615  31.307468     2.5057     15.541   215.9547 2.7678e+01    12.3084     -0.063     -0.091    17.8949   998.6329 0.0000e+00
     -0.162     -0.227     5.2727     78.559     36.700  31.335994     2.4699     15.539   211.1246 2.6750e+01    12.4435     -0.168     -0.243    17.8284   998.6447 0.0000e+00
     -0.233     -0.236     5.2463     79.167     36.846  31.403021     2.1424     15.538   209.6249 2.6489e+01    13.3973     -0.243     -0.352    17.7603   998.6568 0.0000e+00
     -0.275     -0.221     5.2193     80.221     37.144  31.610252     1.5308     15.539   211.4156 2.6231e+01    15.0853     -0.271     -0.394    17.7646   998.6558 0.0000e+00
     -0.316     -0.183     5.2078     81.651     37.584  31.938201     1.1972     15.540   212.5567 2.5543e+01    16.4084     -0.293     -0.425    17.7744   998.6539 0.0000e+00
     -0.380     -0.138     5.2264     83.378     37.965  32.195890     1.2276     15.542   212.8390 2.4659e+01    21.0857     -0.376     -0.545    17.6926   998.6685 0.0000e+00
     -0.434     -0.097     5.2760     85.310     38.211  32.314907     1.8986     15.546   212.6779 2.4452e+01    71.4670     -0.449     -0.652    17.5980   998.6852 0.0000e+00
     -0.445     -0.062     5.3550     87.263     38.383  32.361965     3.1208     15.551   212.0717 2.4824e+01   163.7539     -0.440     -0.639    17.5460   998.6947 0.0000e+00
     -0.434     -0.035     5.4577     88.977     38.520  32.384052     3.7781     15.554   210.9299 2.5123e+01   214.0181     -0.424     -0.614    17.4977   998.7036 0.0000e+00
     -0.424     -0.024     5.5849     90.292     37.867  31.757012     3.8385     15.557   210.3158 2.5617e+01   218.3227     -0.417     -0.604    17.4120   998.7193 0.0000e+00
     -0.416     -0.037     5.7333     91.148     30.279  25.351384     3.8990     15.558   211.5302 2.6023e+01   216.5214     -0.405     -0.586    17.2832   998.7420 0.0000e+00
     -0.416     -0.062     5.8891     91.509     17.690  14.791866     4.4421     15.558   213.9113 2.5648e+01   192.4446     -0.404     -0.585    17.1495   998.7659 0.0000e+00
     -0.436     -0.080     6.0239     91.491     13.924  11.625631     5.4175     15.558   216.7352 2.4607e+01   148.1783     -0.412     -0.596    17.0258   998.7870 0.0000e+00
     -0.487     -0.085     6.1259     91.258     17.039  14.219219     5.9268     15.559   219.8623 2.3572e+01   124.0578     -0.470     -0.682    16.9165   998.8066 0.0000e+00
     -0.545     -0.079     6.1991     90.930     18.546  15.473426     5.8504     15.559   222.4674 2.3386e+01   122.6640     -0.559     -0.810    16.8307   998.8194 0.0000e+00
     -0.563     -0.062     6.2267     90.642     19.881  16.584984     4.5418     15.559   224.3141 2.4085e+01   131.4979     -0.563     -0.816    16.7718   998.8219 0.0000e+00
     -0.553     -0.037     6.2256     90.508     21.226  17.705709     2.1204     15.559   226.5314 2.4598e+01   147.9543     -0.537     -0.778    16.7369   998.8280 0.0000e+00
     -0.544     -0.009     6.2103     90.573     21.571  17.992865     0.7979     15.559   228.7994 2.4614e+01   156.6334     -0.534     -0.774    16.7200   998.8335 0.0000e+00
     -0.541      0.009     6.1853     90.815     21.462  17.901338     0.7587     15.559   230.0536 2.4708e+01   154.2775     -0.530     -0.769    16.7104   998.8343 0.0000e+00
     -0.540      0.011     6.1636     91.160     21.270  17.740300     1.7036     15.560   230.7696 2.4899e+01   119.1607     -0.531     -0.769    16.7048   998.8362 0.0000e+00
     -0.540      0.006     6.1534     91.534     21.139  17.630820     3.4586     15.562   231.6917 2.5069e+01    54.5958     -0.530     -0.768    16.7021   998.8371 0.0000e+00
     -0.539      0.003     6.1594     91.937     21.093  17.592048     4.4012     15.562   232.6847 2.5271e+01    19.3257     -0.529     -0.767    16.7005   998.8373 0.0000e+00
     -0.537      0.002     6.1768     92.331     21.089  17.588512     4.3550     15.561   233.1388 2.5362e+01    15.9222     -0.527     -0.764    16.6995   998.8375 0.0000e+00
     -0.537      0.002     6.2045     92.652     21.089  17.588067     3.0249     15.561   233.0528 2.5277e+01    13.7536     -0.526     -0.763    16.6987   998.8376 0.0000e+00
     -0.537      0.002     6.2276     92.902     21.087  17.586655     0.5927     15.562   232.9350 2.5229e+01    10.2367     -0.527     -0.764    16.6978   998.8376 0.0000e+00
     -0.537      0.001     6.2566     93.096     21.069  17.571436    -0.6961     15.562   233.1780 2.5241e+01     8.4193     -0.527     -0.765    16.6971   998.8378 0.0000e+00
