Data/DataNotYetUploadedToEDI/Raw_CTD/RawDownloads/092520_fcr50_0001.cnv
* Sea-Bird SBE19plus  Data File:
* FileName = C:\DATA\09252020_fcr50_0005.hex
* Software version 2.8.0.119
* Temperature SN = 7809
* Conductivity SN = 7809
* System UpLoad Time = Sep 25 2020 09:49:54
* <ApplicationData>
* <Seaterm232>
# nquan = 16
# nvalues = 2787                        
# units = specified
# name 0 = depFM: Depth [fresh water, m]
# name 1 = dz/dtM: Descent Rate [m/s]
# name 2 = sbeox0ML/L: Oxygen, SBE 43 [ml/l]
# name 3 = sbeox0PS: Oxygen, SBE 43 [% saturation]
# name 4 = specc: Specific Conductance [uS/cm]
# name 5 = c0uS/cm: Conductivity [uS/cm]
# name 6 = flECO-AFL: Fluorescence, WET Labs ECO-AFL/FL [mg/m^3]
# name 7 = ph: pH
# name 8 = orp: Oxidation Reduction Potential [mV]
# name 9 = par/sat/log: PAR/Logarithmic, Satlantic
# name 10 = turbWETntu0: Turbidity, WET Labs ECO [NTU]
# name 11 = prdM: Pressure, Strain Gauge [db]
# name 12 = prdE: Pressure, Strain Gauge [psi]
# name 13 = tv290C: Temperature [ITS-90, deg C]
# name 14 = density00: Density [density, kg/m^3]
# name 15 = flag:  0.000e+00
# span 0 =     -0.640,      9.596       
# span 1 =     -0.359,      4.099       
# span 2 =     0.0335,     6.7585       
# span 3 =      0.455,     98.615       
# span 4 =      1.741,    242.754       
# span 5 =   1.375537, 178.137783       
# span 6 =    -1.0162,    21.5273       
# span 7 =     15.467,     15.710       
# span 8 =   -70.8554,   289.4967       
# span 9 = 1.2355e-01, 7.6814e+01       
# span 10 =    -0.3408,   260.2103      
# span 11 =     -0.628,      9.411      
# span 12 =     -0.911,     13.650      
# span 13 =    11.6299,    18.0940      
# span 14 =   998.5965,   999.6700      
# span 15 = 0.0000e+00, 0.0000e+00      
# interval = seconds: 0.25
# start_time = Sep 24 2020 20:25:12 [Instrument's time stamp, header]
# bad_flag = -9.990e-29
*END*
[from data line 814]
      1.944      0.013     4.5141     68.029     37.112  31.723112     3.2750     15.544   245.7977 1.3457e-01    10.6739      1.909      2.768    17.7324   998.6719 0.0000e+00
      1.949      0.012     4.5197     67.937     37.132  31.741048     3.2804     15.545   245.4780 1.3278e-01    10.7233      1.913      2.774    17.7331   998.6718 0.0000e+00
      1.949      0.009     4.5284     67.772     37.125  31.736538     3.2757     15.545   244.7691 1.3033e-01    10.8202      1.911      2.772    17.7336   998.6717 0.0000e+00
      1.950      0.005     4.5329     67.584     37.118  31.732028     3.2666     15.545   244.4540 1.3543e-01    10.8496      1.913      2.774    17.7345   998.6716 0.0000e+00
      1.950      0.004     4.5323     67.418     37.137  31.749960     3.2561     15.544   244.5071 1.4198e-01    10.8386      1.913      2.774    17.7350   998.6715 0.0000e+00
      1.950      0.004     4.5266     67.282     37.150  31.763018     3.2345     15.544   244.8958 1.3913e-01    10.7554      1.913      2.774    17.7358   998.6713 0.0000e+00
      1.950      0.007     4.5136     67.206     37.149  31.763018     3.1774     15.544   245.3683 1.3409e-01    10.5301      1.913      2.774    17.7384   998.6709 0.0000e+00
      1.951      0.011     4.4995     67.227     37.134  31.749961     3.1376     15.545   245.3154 1.3192e-01    10.3802      1.913      2.774    17.7412   998.6703 0.0000e+00
      1.954      0.016     4.4885     67.318     37.114  31.732039     3.1438     15.545   244.9452 1.2767e-01    10.4191      1.916      2.777    17.7435   998.6699 0.0000e+00
      1.961      0.022     4.4790     67.445     37.122  31.736663     3.1951     15.544   244.5917 1.2498e-01    10.8286      1.923      2.789    17.7449   998.6697 0.0000e+00
      1.968      0.028     4.4716     67.612     37.131  31.742422     3.2907     15.544   244.2246 1.2541e-01    11.4871      1.930      2.801    17.7461   998.6695 0.0000e+00
      1.973      0.031     4.4747     67.807     37.128  31.738213     3.3367     15.545   244.2060 1.2695e-01    11.7885      1.933      2.804    17.7470   998.6694 0.0000e+00
      1.982      0.032     4.4818     67.978     37.142  31.749218     3.3225     15.545   244.6250 1.2717e-01    11.7956      1.941      2.815    17.7449   998.6698 0.0000e+00
      1.995      0.030     4.4901     68.109     37.141  31.748594     3.3189     15.546   244.9026 1.2518e-01    11.8136      1.959      2.842    17.7416   998.6705 0.0000e+00
      2.005      0.027     4.5015     68.199     37.121  31.730667     3.3309     15.546   244.9819 1.2394e-01    11.7306      1.970      2.857    17.7390   998.6710 0.0000e+00
      2.010      0.022     4.5163     68.219     37.111  31.722801     3.3439     15.545   244.8953 1.2388e-01    11.5133      1.971      2.858    17.7370   998.6713 0.0000e+00
      2.014      0.017     4.5286     68.196     37.104  31.716938     3.3434     15.545   244.8015 1.2382e-01    11.3498      1.976      2.865    17.7362   998.6716 0.0000e+00
      2.017      0.012     4.5357     68.176     37.112  31.723226     3.3336     15.545   244.8799 1.2390e-01    11.3328      1.978      2.869    17.7359   998.6717 0.0000e+00
      2.018      0.009     4.5445     68.125     37.126  31.735375     3.3205     15.546   244.8969 1.2564e-01    11.2732      1.978      2.868    17.7360   998.6716 0.0000e+00
      2.019      0.007     4.5443     68.025     37.126  31.736944     3.2897     15.546   245.0072 1.2722e-01    11.0747      1.980      2.872    17.7358   998.6717 0.0000e+00
      2.021      0.005     4.5406     67.909     37.132  31.742192     3.2676     15.545   245.4397 1.2558e-01    10.9243      1.982      2.875    17.7355   998.6717 0.0000e+00
      2.023      0.005     4.5413     67.803     37.124  31.735383     3.2721     15.545   245.9107 1.2384e-01    10.8969      1.984      2.877    17.7358   998.6716 0.0000e+00
      2.024      0.004     4.5386     67.752     37.105  31.718072     3.2965     15.545   245.8830 1.2371e-01    10.9153      1.985      2.879    17.7363   998.6716 0.0000e+00
      2.024      0.003     4.5301     67.759     37.112  31.723217     3.3334     15.545   245.7929 1.2369e-01    10.9408      1.985      2.879    17.7379   998.6713 0.0000e+00
      2.025      0.002     4.5224     67.761     37.125  31.734137     3.3465     15.545   245.8541 1.2364e-01    10.9300      1.986      2.880    17.7394   998.6710 0.0000e+00
      2.025      0.002     4.5139     67.714     37.112  31.723216     3.3403     15.546   245.5903 1.2363e-01    10.8877      1.986      2.880    17.7388   998.6711 0.0000e+00
      2.025      0.002     4.5096     67.609     37.106  31.718063     3.3533     15.546   245.5288 1.2368e-01    10.8764      1.986      2.880    17.7368   998.6714 0.0000e+00
      2.026      0.004     4.5135     67.486     37.126  31.735280     3.3803     15.546   246.0566 1.2370e-01    10.8959      1.987      2.881    17.7351   998.6718 0.0000e+00
      2.026      0.008     4.5136     67.370     37.132  31.741048     3.3993     15.546   246.3800 1.2371e-01    10.9172      1.987      2.882    17.7343   998.6720 0.0000e+00
      2.026      0.012     4.5117     67.283     37.113  31.724360     3.4021     15.545   246.2554 1.2370e-01    10.8939      1.987      2.882    17.7345   998.6719 0.0000e+00
      2.029      0.014     4.5027     67.291     37.113  31.723850     3.3656     15.545   246.0980 1.2371e-01    10.9233      1.988      2.883    17.7353   998.6718 0.0000e+00
      2.036      0.014     4.4939     67.411     37.125  31.734876     3.3026     15.545   246.1123 1.2376e-01    11.0667      1.995      2.893    17.7364   998.6716 0.0000e+00
      2.044      0.013     4.4868     67.622     37.120  31.730782     3.2790     15.546   246.4282 1.2375e-01    11.1507      2.007      2.911    17.7372   998.6715 0.0000e+00
      2.048      0.012     4.4776     67.901     37.128  31.737799     3.2895     15.547   246.6482 1.2369e-01    11.1507      2.009      2.914    17.7366   998.6716 0.0000e+00
      2.048      0.009     4.4787     68.182     37.148  31.756264     3.2868     15.547   246.7075 1.2368e-01    11.1004      2.008      2.913    17.7359   998.6717 0.0000e+00
      2.048      0.004     4.4875     68.381     37.156  31.763705     3.2755     15.546   246.8011 1.2373e-01    10.8854      2.009      2.914    17.7358   998.6718 0.0000e+00
      2.048      0.001     4.5013     68.484     37.156  31.764329     3.2764     15.545   246.8333 1.2373e-01    10.5774      2.009      2.913    17.7363   998.6717 0.0000e+00
      2.049 9.0072e-08     4.5215     68.496     37.155  31.763818     3.2881     15.545   246.8388 1.2370e-01    10.4322      2.009      2.914    17.7372   998.6715 0.0000e+00
      2.049 9.9079e-07     4.5430     68.374     37.147  31.757522     3.2930     15.546   246.8678 1.2373e-01    10.3998      2.009      2.914    17.7378   998.6714 0.0000e+00
      2.048      0.000     4.5562     68.128     37.140  31.751650     3.2976     15.546   246.9250 1.2376e-01    10.1857      2.009      2.913    17.7393   998.6712 0.0000e+00
      2.048      0.000     4.5615     67.851     37.146  31.756275     3.3147     15.546   246.9288 1.2374e-01     9.8342      2.009      2.913    17.7410   998.6709 0.0000e+00
      2.048      0.001     4.5649     67.656     37.139  31.749987     3.3277     15.545   246.8282 1.2373e-01     9.6866      2.009      2.914    17.7421   998.6706 0.0000e+00
      2.048      0.004     4.5563     67.622     37.128  31.739066     3.3312     15.545   246.9128 1.2374e-01     9.7066      2.009      2.913    17.7427   998.6705 0.0000e+00
      2.048      0.008     4.5372     67.726     37.143  31.751122     3.3287     15.545   247.0912 1.2372e-01     9.5262      2.009      2.914    17.7420   998.6706 0.0000e+00
      2.049      0.012     4.5164     67.902     37.163  31.768859     3.3167     15.545   246.7481 1.2371e-01     9.1524      2.009      2.913    17.7413   998.6708 0.0000e+00
      2.053      0.016     4.5003     68.099     37.156  31.763186     3.3095     15.545   246.2917 1.2375e-01     8.9643      2.012      2.917    17.7405   998.6709 0.0000e+00
      2.061      0.022     4.5001     68.283     37.136  31.745978     3.3178     15.545   246.4769 1.2374e-01     9.0031      2.020      2.932    17.7383   998.6714 0.0000e+00
      2.068      0.028     4.5087     68.468     37.141  31.751130     3.3601     15.545   246.5789 1.2367e-01     9.3131      2.030      2.945    17.7373   998.6716 0.0000e+00
      2.072      0.033     4.5212     68.672     37.155  31.762040     3.4301     15.546   246.2340 1.2363e-01     9.8619      2.032      2.948    17.7389   998.6713 0.0000e+00
      2.079      0.035     4.5358     68.877     37.145  31.750996     3.4781     15.546   246.2640 1.2367e-01    10.1803      2.035      2.951    17.7391   998.6713 0.0000e+00
      2.094      0.035     4.5471     69.047     37.143  31.744491     3.4831     15.546   246.4257 1.2371e-01    10.2440      2.053      2.978    17.7387   998.6715 0.0000e+00
      2.108      0.035     4.5587     69.170     37.151  31.746828     3.4228     15.546   246.2099 1.2371e-01    10.3227      2.072      3.006    17.7406   998.6712 0.0000e+00
      2.115      0.034     4.5727     69.226     37.119  31.715797     3.3210     15.546   245.8929 1.2371e-01    10.4110      2.076      3.011    17.7401   998.6713 0.0000e+00
      2.120      0.030     4.5881     69.193     37.088  31.686524     3.2637     15.547   245.6902 1.2371e-01    10.4186      2.078      3.013    17.7358   998.6721 0.0000e+00
      2.128      0.027     4.6000     69.099     37.118  31.710114     3.2640     15.547   245.7377 1.2370e-01    10.4154      2.086      3.026    17.7286   998.6734 0.0000e+00
      2.135      0.028     4.6092     68.975     37.163  31.747234     3.2769     15.546   246.2087 1.2367e-01    10.4407      2.096      3.040    17.7217   998.6747 0.0000e+00
      2.139      0.033     4.6147     68.825     37.173  31.754655     3.3144     15.546   246.6539 1.2363e-01    10.6209      2.099      3.043    17.7171   998.6756 0.0000e+00
      2.144      0.038     4.6115     68.675     37.155  31.736405     3.3749     15.547   246.3882 1.2367e-01    11.0153      2.100      3.045    17.7133   998.6763 0.0000e+00
      2.155      0.040     4.6046     68.556     37.135  31.716909     3.3975     15.547   245.9202 1.2378e-01    11.2618      2.111      3.061    17.7112   998.6767 0.0000e+00
      2.173      0.039     4.5969     68.488     37.128  31.709257     3.3967     15.547   245.8997 1.2383e-01    11.3345      2.131      3.090    17.7098   998.6771 0.0000e+00
      2.189      0.038     4.5860     68.436     37.126  31.707328     3.3938     15.547   246.2270 1.2381e-01    11.4485      2.150      3.118    17.7085   998.6774 0.0000e+00
      2.198      0.035     4.5759     68.355     37.110  31.693589     3.3726     15.547   246.5218 1.2376e-01    11.5419      2.158      3.129    17.7046   998.6782 0.0000e+00
      2.201      0.030     4.5675     68.282     37.081  31.670036     3.3500     15.547   246.7106 1.2372e-01    11.5705      2.158      3.130    17.6989   998.6792 0.0000e+00
      2.204      0.024     4.5639     68.254     37.087  31.676328     3.3402     15.546   246.9621 1.2375e-01    11.5547      2.160      3.134    17.6969   998.6795 0.0000e+00
      2.211      0.019     4.5631     68.235     37.121  31.706215     3.3588     15.546   247.0675 1.2374e-01    11.3848      2.169      3.145    17.6972   998.6795 0.0000e+00
      2.219      0.016     4.5553     68.170     37.130  31.714176     3.3928     15.547   247.0380 1.2366e-01    11.0949      2.178      3.158    17.6984   998.6793 0.0000e+00
      2.223      0.014     4.5491     68.030     37.124  31.709137     3.3992     15.548   246.9495 1.2365e-01    10.9344      2.181      3.163    17.6998   998.6791 0.0000e+00
      2.225      0.011     4.5487     67.830     37.122  31.708731     3.3792     15.547   246.9435 1.2373e-01    10.8852      2.182      3.164    17.7006   998.6789 0.0000e+00
      2.226      0.007     4.5485     67.612     37.120  31.709270     3.3129     15.547   247.1383 1.2378e-01    10.8093      2.182      3.165    17.7015   998.6788 0.0000e+00
      2.227      0.005     4.5452     67.415     37.125  31.715663     3.2074     15.547   247.4118 1.2376e-01    10.7388      2.184      3.168    17.7023   998.6787 0.0000e+00
      2.229      0.003     4.5351     67.266     37.131  31.722584     3.1536     15.546   247.6689 1.2373e-01    10.7191      2.186      3.170    17.7034   998.6785 0.0000e+00
      2.229      0.002     4.5206     67.186     37.137  31.729505     3.1482     15.546   247.6656 1.2375e-01    10.7077      2.186      3.170    17.7051   998.6782 0.0000e+00
      2.229      0.002     4.5047     67.159     37.143  31.735896     3.1520     15.546   247.5451 1.2377e-01    10.7038      2.186      3.170    17.7074   998.6777 0.0000e+00
      2.229      0.001     4.4912     67.163     37.143  31.736425     3.1808     15.547   247.5021 1.2372e-01    10.7408      2.186      3.170    17.7097   998.6773 0.0000e+00
      2.229      0.001     4.4800     67.213     37.142  31.735896     3.2098     15.547   247.4895 1.2368e-01    10.7433      2.186      3.170    17.7124   998.6769 0.0000e+00
      2.229      0.002     4.4747     67.283     37.135  31.729504     3.2166     15.547   247.7371 1.2370e-01    10.6995      2.186      3.170    17.7156   998.6763 0.0000e+00
      2.230      0.002     4.4745     67.330     37.128  31.722584     3.2061     15.547   248.0868 1.2372e-01    10.6577      2.187      3.172    17.7175   998.6759 0.0000e+00
      2.231      0.002     4.4726     67.360     37.121  31.715672     3.1400     15.547   248.1040 1.2374e-01    10.5127      2.188      3.173    17.7183   998.6758 0.0000e+00
      2.231      0.003     4.4772     67.401     37.115  31.709375     3.0463     15.547   247.6868 1.2378e-01    10.3196      2.188      3.174    17.7182   998.6758 0.0000e+00
      2.231      0.006     4.4836     67.485     37.117  31.709886     3.0176     15.547   247.6025 1.2376e-01    10.2454      2.188      3.174    17.7174   998.6759 0.0000e+00
      2.231      0.011     4.4861     67.617     37.132  31.721846     3.0225     15.547   247.9452 1.2371e-01    10.1995      2.188      3.174    17.7164   998.6761 0.0000e+00
      2.232      0.017     4.4877     67.755     37.139  31.727095     3.0375     15.547   247.7010 1.2372e-01    10.2447      2.188      3.173    17.7143   998.6765 0.0000e+00
      2.236      0.023     4.4899     67.870     37.119  31.709905     3.0853     15.547   247.3163 1.2375e-01    10.4828      2.190      3.176    17.7123   998.6769 0.0000e+00
      2.246      0.033     4.4949     67.989     37.113  31.704348     3.1233     15.547   247.5963 1.2376e-01    10.6755      2.201      3.192    17.7109   998.6772 0.0000e+00
      2.258      0.047     4.5053     68.134     37.134  31.723345     3.1445     15.547   247.9021 1.2371e-01    10.7548      2.218      3.215    17.7102   998.6774 0.0000e+00
      2.267      0.058     4.5161     68.312     37.166  31.749251     3.1695     15.547   247.7443 1.2366e-01    11.1327      2.224      3.225    17.7100   998.6775 0.0000e+00
      2.277      0.062     4.5220     68.504     37.188  31.763805     3.1965     15.546   247.7534 1.2367e-01    11.8452      2.225      3.228    17.7097   998.6775 0.0000e+00
      2.301      0.060     4.5296     68.667     37.207  31.772411     3.2137     15.546   247.9261 1.2365e-01    12.2981      2.252      3.267    17.7095   998.6777 0.0000e+00
      2.332      0.055     4.5392     68.791     37.238  31.789848     3.2152     15.547   247.7681 1.2366e-01    12.3507      2.296      3.330    17.7103   998.6778 0.0000e+00
