Data/DataNotYetUploadedToEDI/Raw_CTD/RawDownloads/092520_fcr50_SSSon_0001.cnv
* Sea-Bird SBE19plus  Data File:
* FileName = C:\DATA\092520_fcr50_SSSon_0001.hex
* Software version 2.8.0.119
* Temperature SN = 7809
* Conductivity SN = 7809
* System UpLoad Time = Sep 25 2020 16:17:03
* <ApplicationData>
* <Seaterm232>
# nquan = 16
# nvalues = 2210                        
# units = specified
# name 0 = depFM: Depth [fresh water, m]
# name 1 = dz/dtM: Descent Rate [m/s]
# name 2 = sbeox0ML/L: Oxygen, SBE 43 [ml/l]
# name 3 = sbeox0PS: Oxygen, SBE 43 [% saturation]
# name 4 = specc: Specific Conductance [uS/cm]
# name 5 = c0uS/cm: Conductivity [uS/cm]
# name 6 = flECO-AFL: Fluorescence, WET Labs ECO-AFL/FL [mg/m^3]
# name 7 = ph: pH
# name 8 = orp: Oxidation Reduction Potential [mV]
# name 9 = par/sat/log: PAR/Logarithmic, Satlantic
# name 10 = turbWETntu0: Turbidity, WET Labs ECO [NTU]
# name 11 = prdM: Pressure, Strain Gauge [db]
# name 12 = prdE: Pressure, Strain Gauge [psi]
# name 13 = tv290C: Temperature [ITS-90, deg C]
# name 14 = density00: Density [density, kg/m^3]
# name 15 = flag:  0.000e+00
# span 0 =     -0.660,      9.587       
# span 1 =     -0.380,      0.183       
# span 2 =    -0.0063,     7.0950       
# span 3 =      0.043,    107.251       
# span 4 =      0.571,    198.649       
# span 5 =   0.457780, 146.073232       
# span 6 =    -0.9851,     9.1771       
# span 7 =     15.481,     15.729       
# span 8 =  -233.7069,   275.4453       
# span 9 = 1.2355e-01, 6.1071e+01       
# span 10 =    -0.2947,   950.7896      
# span 11 =     -0.648,      9.403      
# span 12 =     -0.940,     13.637      
# span 13 =    11.7264,    18.1496      
# span 14 =   998.5866,   999.6444      
# span 15 = 0.0000e+00, 0.0000e+00      
# interval = seconds: 0.25
# start_time = Sep 25 2020 02:53:40 [Instrument's time stamp, header]
# bad_flag = -9.990e-29
*END*
[from data line 633]
      1.990      0.014     5.0731     75.147     37.126  31.791937     3.1877     15.562   252.0712 1.4976e-01    12.0465      1.953      2.834    17.8161   998.6569 0.0000e+00
      1.993      0.016     5.0380     75.289     37.128  31.793402     3.1624     15.562   252.4472 1.4133e-01    11.8157      1.954      2.835    17.8150   998.6571 0.0000e+00
      1.994      0.017     5.0066     75.536     37.141  31.804313     3.1036     15.562   252.8104 1.3618e-01    11.4001      1.955      2.836    17.8140   998.6573 0.0000e+00
      1.999      0.016     4.9911     75.782     37.133  31.796978     3.0676     15.562   252.7624 1.3875e-01    11.1412      1.959      2.841    17.8131   998.6574 0.0000e+00
      2.007      0.015     4.9942     75.846     37.099  31.768149     3.0609     15.562   252.2969 1.3779e-01    11.0888      1.969      2.856    17.8123   998.6576 0.0000e+00
      2.013      0.015     5.0032     75.634     37.106  31.772973     3.0511     15.562   252.0870 1.3029e-01    10.9725      1.976      2.867    17.8117   998.6578 0.0000e+00
      2.015      0.015     5.0215     75.122     37.129  31.791856     3.0353     15.562   252.2030 1.2824e-01    10.6968      1.976      2.866    17.8115   998.6578 0.0000e+00
      2.016      0.016     5.0446     74.328     37.146  31.806124     3.0231     15.562   252.4092 1.3066e-01    10.4678      1.977      2.867    17.8113   998.6579 0.0000e+00
      2.018      0.019     5.0499     73.400     37.161  31.818597     3.0276     15.562   252.6877 1.2835e-01    10.4345      1.977      2.868    17.8109   998.6579 0.0000e+00
      2.023      0.022     5.0359     72.475     37.158  31.815769     3.0702     15.562   253.0742 1.2938e-01    10.6030      1.983      2.877    17.8100   998.6581 0.0000e+00
      2.030      0.025     5.0033     71.592     37.181  31.835371     3.1372     15.562   253.6420 1.3301e-01    10.8580      1.990      2.887    17.8092   998.6583 0.0000e+00
      2.040      0.026     4.9456     70.807     37.216  31.865269     3.1612     15.562   253.8740 1.3006e-01    10.9416      1.998      2.899    17.8083   998.6585 0.0000e+00
      2.050      0.025     4.8795     70.147     37.211  31.860036     3.1406     15.562   253.7287 1.2679e-01    10.8590      2.012      2.917    17.8076   998.6587 0.0000e+00
      2.057      0.024     4.8196     69.598     37.183  31.835548     3.1081     15.562   253.5193 1.2620e-01    10.8547      2.020      2.928    17.8070   998.6588 0.0000e+00
      2.060      0.021     4.7582     69.178     37.169  31.822972     3.0640     15.562   253.0633 1.2610e-01    10.9585      2.019      2.929    17.8066   998.6589 0.0000e+00
      2.062      0.020     4.7051     68.877     37.184  31.834877     3.0268     15.563   252.9473 1.2877e-01    10.9805      2.022      2.933    17.8060   998.6591 0.0000e+00
      2.066      0.021     4.6634     68.684     37.206  31.852591     3.0112     15.563   253.6652 1.3126e-01    10.9160      2.026      2.939    17.8052   998.6592 0.0000e+00
      2.071      0.023     4.6247     68.622     37.200  31.846815     3.0557     15.562   254.2583 1.2956e-01    11.1050      2.031      2.946    17.8046   998.6593 0.0000e+00
      2.077      0.027     4.5981     68.665     37.180  31.828472     3.1556     15.561   254.2678 1.2751e-01    11.5832      2.037      2.952    17.8038   998.6595 0.0000e+00
      2.086      0.029     4.5788     68.748     37.173  31.821144     3.2266     15.562   254.5535 1.2559e-01    11.9265      2.044      2.964    17.8034   998.6596 0.0000e+00
      2.096      0.031     4.5643     68.825     37.175  31.821664     3.2371     15.562   254.8736 1.2388e-01    11.9935      2.057      2.983    17.8021   998.6600 0.0000e+00
      2.104      0.032     4.5613     68.862     37.190  31.834759     3.2260     15.562   254.5246 1.2373e-01    11.9129      2.065      2.994    17.8000   998.6604 0.0000e+00
      2.111      0.031     4.5665     68.874     37.212  31.852583     3.2536     15.562   254.2060 1.2372e-01    11.9139      2.070      3.001    17.7983   998.6608 0.0000e+00
      2.120      0.028     4.5725     68.901     37.207  31.846823     3.3146     15.563   254.3772 1.2372e-01    12.0733      2.078      3.014    17.7970   998.6610 0.0000e+00
      2.128      0.025     4.5792     68.928     37.187  31.828565     3.3524     15.563   254.4435 1.2373e-01    12.1918      2.088      3.029    17.7964   998.6611 0.0000e+00
      2.133      0.023     4.5813     68.955     37.180  31.822163     3.3582     15.563   254.3181 1.2378e-01    12.1801      2.093      3.036    17.7955   998.6613 0.0000e+00
      2.138      0.022     4.5799     69.010     37.194  31.832865     3.3363     15.562   254.6686 1.2380e-01    12.1035      2.097      3.040    17.7941   998.6616 0.0000e+00
      2.143      0.022     4.5835     69.068     37.193  31.831069     3.3074     15.562   255.1546 1.2375e-01    12.0891      2.103      3.049    17.7922   998.6619 0.0000e+00
      2.147      0.022     4.5857     69.129     37.159  31.800453     3.2941     15.562   254.7732 1.2367e-01    12.1432      2.107      3.056    17.7908   998.6622 0.0000e+00
      2.152      0.022     4.5857     69.240     37.136  31.779909     3.2902     15.562   254.0146 1.2363e-01    12.1744      2.108      3.058    17.7900   998.6624 0.0000e+00
      2.159      0.023     4.5910     69.370     37.129  31.773008     3.2605     15.562   253.7261 1.2369e-01    12.1227      2.117      3.071    17.7888   998.6626 0.0000e+00
      2.168      0.023     4.5956     69.460     37.139  31.780460     3.1920     15.562   253.8664 1.2375e-01    11.9992      2.128      3.086    17.7873   998.6630 0.0000e+00
      2.173      0.023     4.5968     69.538     37.171  31.806558     3.1494     15.563   254.2474 1.2376e-01    11.9511      2.132      3.092    17.7857   998.6633 0.0000e+00
      2.177      0.022     4.6058     69.624     37.205  31.834770     3.1555     15.563   254.3754 1.2380e-01    11.9873      2.135      3.097    17.7843   998.6636 0.0000e+00
      2.182      0.022     4.6176     69.714     37.245  31.867796     3.1889     15.563   254.1230 1.2383e-01    12.0594      2.140      3.104    17.7830   998.6638 0.0000e+00
      2.188      0.023     4.6212     69.779     37.270  31.888645     3.2200     15.563   253.9497 1.2381e-01    12.1359      2.145      3.111    17.7815   998.6641 0.0000e+00
      2.193      0.026     4.6265     69.778     37.280  31.896501     3.2166     15.563   253.8285 1.2379e-01    12.1231      2.151      3.120    17.7802   998.6644 0.0000e+00
      2.198      0.029     4.6327     69.743     37.285  31.899339     3.2143     15.563   253.5181 1.2376e-01    12.1447      2.155      3.125    17.7788   998.6646 0.0000e+00
      2.206      0.031     4.6387     69.725     37.240  31.859504     3.2307     15.563   253.2937 1.2371e-01    12.4322      2.162      3.136    17.7776   998.6649 0.0000e+00
      2.217      0.034     4.6459     69.710     37.167  31.795539     3.2335     15.563   253.6097 1.2375e-01    12.8526      2.175      3.154    17.7764   998.6652 0.0000e+00
      2.227      0.038     4.6438     69.655     37.127  31.760404     3.2201     15.563   254.0697 1.2377e-01    13.0381      2.185      3.169    17.7748   998.6655 0.0000e+00
      2.235      0.039     4.6402     69.570     37.119  31.751910     3.2015     15.564   253.8663 1.2375e-01    13.0276      2.192      3.179    17.7736   998.6658 0.0000e+00
      2.245      0.037     4.6395     69.486     37.125  31.756295     3.1901     15.564   253.4733 1.2375e-01    13.0004      2.199      3.190    17.7722   998.6661 0.0000e+00
      2.258      0.035     4.6407     69.407     37.119  31.749968     3.2151     15.563   253.5339 1.2377e-01    12.9149      2.214      3.212    17.7703   998.6664 0.0000e+00
      2.269      0.033     4.6367     69.357     37.108  31.738846     3.2660     15.563   253.6523 1.2382e-01    12.7503      2.229      3.232    17.7683   998.6669 0.0000e+00
      2.275      0.032     4.6293     69.350     37.121  31.748716     3.2810     15.563   253.5287 1.2382e-01    12.6238      2.231      3.237    17.7665   998.6672 0.0000e+00
      2.279      0.032     4.6253     69.372     37.115  31.742420     3.2626     15.563   253.9315 1.2374e-01    12.5860      2.233      3.238    17.7647   998.6676 0.0000e+00
      2.286      0.033     4.6187     69.421     37.097  31.726156     3.2347     15.563   254.9958 1.2370e-01    12.4991      2.241      3.250    17.7629   998.6679 0.0000e+00
      2.295      0.035     4.6153     69.506     37.117  31.742410     3.1918     15.564   255.2120 1.2372e-01    12.3637      2.252      3.267    17.7610   998.6683 0.0000e+00
      2.305      0.038     4.6158     69.627     37.125  31.748603     3.1541     15.564   254.7385 1.2373e-01    12.2535      2.259      3.277    17.7595   998.6686 0.0000e+00
      2.316      0.039     4.6173     69.745     37.113  31.737587     3.1309     15.564   254.6911 1.2375e-01    12.1624      2.270      3.292    17.7582   998.6689 0.0000e+00
      2.330      0.038     4.6204     69.804     37.113  31.736112     3.1306     15.564   254.5528 1.2377e-01    12.1202      2.287      3.317    17.7570   998.6693 0.0000e+00
      2.341      0.035     4.6258     69.794     37.108  31.730770     3.1417     15.565   254.4427 1.2377e-01    12.0861      2.297      3.332    17.7557   998.6695 0.0000e+00
      2.348      0.033     4.6350     69.744     37.116  31.736436     3.1506     15.565   255.1664 1.2378e-01    12.0247      2.302      3.339    17.7545   998.6697 0.0000e+00
      2.354      0.031     4.6449     69.687     37.122  31.741164     3.1526     15.565   255.9048 1.2373e-01    11.9622      2.308      3.348    17.7533   998.6700 0.0000e+00
      2.359      0.028     4.6490     69.616     37.103  31.724484     3.1374     15.565   255.7984 1.2368e-01    12.0163      2.313      3.355    17.7516   998.6704 0.0000e+00
      2.365      0.026     4.6476     69.529     37.105  31.725099     3.1376     15.565   255.3429 1.2371e-01    12.2327      2.318      3.362    17.7503   998.6706 0.0000e+00
      2.375      0.025     4.6433     69.445     37.133  31.748604     3.1555     15.564   255.0430 1.2371e-01    12.3808      2.329      3.379    17.7491   998.6709 0.0000e+00
      2.384      0.025     4.6401     69.370     37.142  31.754902     3.1628     15.563   254.9258 1.2368e-01    12.4340      2.341      3.394    17.7479   998.6711 0.0000e+00
      2.389      0.026     4.6359     69.301     37.122  31.737799     3.1586     15.563   254.9586 1.2371e-01    12.5673      2.344      3.399    17.7472   998.6712 0.0000e+00
      2.391      0.029     4.6289     69.225     37.117  31.732155     3.1529     15.563   255.3530 1.2375e-01    12.7219      2.344      3.400    17.7464   998.6714 0.0000e+00
      2.395      0.031     4.6238     69.131     37.138  31.750102     3.1613     15.564   255.9093 1.2375e-01    12.7934      2.348      3.405    17.7453   998.6716 0.0000e+00
      2.404      0.033     4.6186     69.006     37.156  31.764456     3.1741     15.564   256.1782 1.2376e-01    12.8470      2.356      3.416    17.7443   998.6718 0.0000e+00
      2.418      0.033     4.6147     68.839     37.174  31.778807     3.1641     15.564   256.1092 1.2377e-01    12.8896      2.372      3.439    17.7435   998.6721 0.0000e+00
      2.432      0.032     4.6099     68.621     37.196  31.796735     3.1459     15.564   255.5047 1.2377e-01    12.9312      2.387      3.461    17.7425   998.6723 0.0000e+00
      2.441      0.031     4.6040     68.382     37.191  31.790882     3.1442     15.564   254.8917 1.2372e-01    13.0063      2.396      3.474    17.7420   998.6724 0.0000e+00
      2.445      0.031     4.5962     68.186     37.170  31.771492     3.1534     15.564   255.0647 1.2367e-01    13.0770      2.399      3.479    17.7411   998.6726 0.0000e+00
      2.447      0.032     4.5853     68.035     37.149  31.752621     3.1715     15.564   255.1881 1.2364e-01    13.1340      2.400      3.480    17.7393   998.6730 0.0000e+00
      2.452      0.033     4.5710     67.916     37.150  31.753046     3.1625     15.564   254.9209 1.2366e-01    12.9410      2.403      3.485    17.7372   998.6734 0.0000e+00
      2.463      0.033     4.5521     67.847     37.179  31.776629     3.1101     15.564   254.8451 1.2376e-01    12.5622      2.413      3.499    17.7353   998.6737 0.0000e+00
      2.480      0.033     4.5401     67.802     37.189  31.783974     3.0728     15.564   254.6161 1.2386e-01    12.3997      2.434      3.530    17.7340   998.6741 0.0000e+00
      2.492      0.032     4.5310     67.722     37.184  31.778406     3.0738     15.564   254.3022 1.2383e-01    12.3141      2.449      3.552    17.7329   998.6744 0.0000e+00
      2.497      0.029     4.5216     67.562     37.178  31.772753     3.0934     15.565   254.1482 1.2376e-01    11.8016      2.450      3.553    17.7320   998.6745 0.0000e+00
      2.498      0.025     4.5180     67.324     37.187  31.779076     3.1005     15.565   254.0445 1.2375e-01    10.9756      2.449      3.553    17.7305   998.6748 0.0000e+00
      2.502      0.022     4.5172     67.049     37.203  31.791408     3.0839     15.565   254.1661 1.2374e-01    10.5332      2.452      3.557    17.7285   998.6752 0.0000e+00
      2.509      0.022     4.5131     66.795     37.208  31.794963     3.0737     15.565   254.5863 1.2370e-01    10.5039      2.460      3.568    17.7268   998.6755 0.0000e+00
      2.516      0.023     4.5023     66.624     37.242  31.822052     3.0812     15.565   254.9955 1.2369e-01    10.5189      2.469      3.580    17.7257   998.6757 0.0000e+00
      2.522      0.024     4.4858     66.557     37.294  31.865153     3.0986     15.566   255.0700 1.2369e-01    10.4739      2.473      3.587    17.7249   998.6759 0.0000e+00
      2.529      0.024     4.4657     66.529     37.304  31.871970     3.1034     15.566   255.2285 1.2371e-01    10.4399      2.480      3.596    17.7237   998.6762 0.0000e+00
      2.535      0.024     4.4478     66.504     37.269  31.841034     3.0813     15.565   255.5355 1.2376e-01    10.4860      2.488      3.607    17.7218   998.6766 0.0000e+00
      2.540      0.025     4.4350     66.502     37.232  31.808329     3.0610     15.565   255.3405 1.2380e-01    10.5847      2.492      3.616    17.7196   998.6770 0.0000e+00
      2.544      0.026     4.4336     66.471     37.217  31.793768     3.0389     15.565   254.9358 1.2378e-01    10.6713      2.494      3.617    17.7177   998.6775 0.0000e+00
      2.550      0.027     4.4335     66.390     37.217  31.791868     3.0145     15.566   255.0301 1.2375e-01    10.6754      2.498      3.624    17.7154   998.6778 0.0000e+00
      2.560      0.030     4.4290     66.304     37.210  31.785352     3.0135     15.566   255.7922 1.2375e-01    10.6688      2.512      3.644    17.7128   998.6783 0.0000e+00
      2.569      0.034     4.4325     66.205     37.203  31.778430     3.0177     15.565   256.5787 1.2377e-01    10.6938      2.521      3.656    17.7110   998.6787 0.0000e+00
      2.575      0.035     4.4311     66.104     37.197  31.771612     3.0177     15.565   256.4515 1.2377e-01    10.9097      2.524      3.660    17.7095   998.6789 0.0000e+00
      2.585      0.034     4.4229     66.023     37.193  31.766364     3.0134     15.565   255.9745 1.2371e-01    11.2882      2.534      3.675    17.7077   998.6793 0.0000e+00
      2.597      0.033     4.4192     65.893     37.210  31.778419     2.9942     15.565   255.8889 1.2367e-01    11.4584      2.549      3.696    17.7057   998.6797 0.0000e+00
      2.607      0.033     4.4125     65.674     37.226  31.790473     2.9962     15.565   255.8473 1.2368e-01    11.4569      2.559      3.711    17.7040   998.6801 0.0000e+00
      2.612      0.033     4.4036     65.419     37.221  31.785214     3.0272     15.565   256.0730 1.2369e-01    11.3737      2.562      3.716    17.7025   998.6804 0.0000e+00
