Data/DataNotYetUploadedToEDI/Raw_CTD/RawDownloads/092520_fcr50_0001.cnv
* Sea-Bird SBE19plus  Data File:
* FileName = C:\DATA\09252020_fcr50_0005.hex
* Software version 2.8.0.119
* Temperature SN = 7809
* Conductivity SN = 7809
* System UpLoad Time = Sep 25 2020 09:49:54
* <ApplicationData>
* <Seaterm232>
# nquan = 16
# nvalues = 2787                        
# units = specified
# name 0 = depFM: Depth [fresh water, m]
# name 1 = dz/dtM: Descent Rate [m/s]
# name 2 = sbeox0ML/L: Oxygen, SBE 43 [ml/l]
# name 3 = sbeox0PS: Oxygen, SBE 43 [% saturation]
# name 4 = specc: Specific Conductance [uS/cm]
# name 5 = c0uS/cm: Conductivity [uS/cm]
# name 6 = flECO-AFL: Fluorescence, WET Labs ECO-AFL/FL [mg/m^3]
# name 7 = ph: pH
# name 8 = orp: Oxidation Reduction Potential [mV]
# name 9 = par/sat/log: PAR/Logarithmic, Satlantic
# name 10 = turbWETntu0: Turbidity, WET Labs ECO [NTU]
# name 11 = prdM: Pressure, Strain Gauge [db]
# name 12 = prdE: Pressure, Strain Gauge [psi]
# name 13 = tv290C: Temperature [ITS-90, deg C]
# name 14 = density00: Density [density, kg/m^3]
# name 15 = flag:  0.000e+00
# span 0 =     -0.640,      9.596       
# span 1 =     -0.359,      4.099       
# span 2 =     0.0335,     6.7585       
# span 3 =      0.455,     98.615       
# span 4 =      1.741,    242.754       
# span 5 =   1.375537, 178.137783       
# span 6 =    -1.0162,    21.5273       
# span 7 =     15.467,     15.710       
# span 8 =   -70.8554,   289.4967       
# span 9 = 1.2355e-01, 7.6814e+01       
# span 10 =    -0.3408,   260.2103      
# span 11 =     -0.628,      9.411      
# span 12 =     -0.911,     13.650      
# span 13 =    11.6299,    18.0940      
# span 14 =   998.5965,   999.6700      
# span 15 = 0.0000e+00, 0.0000e+00      
# interval = seconds: 0.25
# start_time = Sep 24 2020 20:25:12 [Instrument's time stamp, header]
# bad_flag = -9.990e-29
*END*
[from data line 2441]
      3.763     -0.052     0.3233      4.270     61.283  46.135787     0.9895     15.675    59.8032 1.2359e-01     4.7312      3.690      5.351    12.4312   999.4905 0.0000e+00
      3.751     -0.048     0.3179      4.250     60.961  45.921103     1.1052     15.674    59.7439 1.2359e-01     4.6932      3.680      5.336    12.5036   999.4817 0.0000e+00
      3.738     -0.047     0.3163      4.217     61.161  46.064442     1.2924     15.674    59.2370 1.2362e-01     4.6097      3.666      5.317    12.5714   999.4736 0.0000e+00
      3.727     -0.049     0.3202      4.150     62.044  46.726014     1.3830     15.674    58.3215 1.2365e-01     4.5105      3.652      5.297    12.5986   999.4703 0.0000e+00
      3.720     -0.052     0.3170      4.078     62.923  47.443777     1.3900     15.673    57.5368 1.2365e-01     4.4550      3.648      5.291    12.6422   999.4648 0.0000e+00
      3.710     -0.057     0.3154      4.016     63.196  47.758526     1.3780     15.671    56.9762 1.2365e-01     4.4537      3.644      5.283    12.6785   999.4601 0.0000e+00
      3.693     -0.062     0.3151      3.941     63.527  48.118924     1.3519     15.669    56.2754 1.2365e-01     4.4952      3.624      5.255    12.6564   999.4628 0.0000e+00
      3.671     -0.067     0.3083      3.874     64.337  48.816986     1.3321     15.667    55.6027 1.2366e-01     4.5103      3.598      5.219    12.6288   999.4664 0.0000e+00
      3.651     -0.070     0.3019      3.845     64.687  49.150392     1.3197     15.666    55.4674 1.2369e-01     4.4653      3.579      5.191    12.6772   999.4608 0.0000e+00
      3.634     -0.069     0.2984      3.821     64.390  48.975216     1.3255     15.665    55.4140 1.2368e-01     4.4311      3.564      5.171    12.7874   999.4471 0.0000e+00
      3.617     -0.064     0.2913      3.787     64.201  48.858039     1.4211     15.663    54.6985 1.2363e-01     4.5773      3.548      5.145    12.8792   999.4356 0.0000e+00
      3.598     -0.057     0.2841      3.747     64.033  48.749676     1.5883     15.661    53.6137 1.2359e-01     4.8600      3.527      5.115    12.9361   999.4290 0.0000e+00
      3.583     -0.051     0.2837      3.666     63.489  48.363512     1.6790     15.661    52.8801 1.2365e-01     4.9994      3.512      5.095    12.9921   999.4220 0.0000e+00
      3.573     -0.044     0.2821      3.552     62.843  47.871953     1.6980     15.662    52.7126 1.2375e-01     4.9921      3.505      5.084    13.0361   999.4160 0.0000e+00
      3.563     -0.039     0.2782      3.450     62.695  47.695646     1.8076     15.663    52.8788 1.2380e-01     5.0818      3.495      5.069    13.0507   999.4141 0.0000e+00
      3.555     -0.037     0.2776      3.361     63.559  48.263637     2.0136     15.664    52.9106 1.2379e-01     5.3281      3.485      5.055    13.0549   999.4136 0.0000e+00
      3.549     -0.039     0.2711      3.279     65.028  49.341938     2.1385     15.664    52.5814 1.2379e-01     5.4976      3.479      5.046    13.0906   999.4087 0.0000e+00
      3.542     -0.044     0.2600      3.216     66.425  50.446208     2.1534     15.663    52.1678 1.2377e-01     5.5173      3.475      5.039    13.1120   999.4057 0.0000e+00
      3.532     -0.050     0.2541      3.190     67.600  51.454743     2.1271     15.660    51.7810 1.2367e-01     5.4981      3.466      5.028    13.0454   999.4140 0.0000e+00
      3.517     -0.056     0.2479      3.192     67.921  51.883103     2.0881     15.656    51.3467 1.2366e-01     5.4714      3.451      5.005    12.9442   999.4271 0.0000e+00
      3.498     -0.061     0.2420      3.218     67.556  51.815240     2.0818     15.653    50.8739 1.2374e-01     5.4697      3.430      4.975    12.9115   999.4318 0.0000e+00
      3.479     -0.063     0.2359      3.253     67.613  52.031683     2.0891     15.649    50.2811 1.2375e-01     5.5108      3.411      4.947    12.9534   999.4267 0.0000e+00
      3.462     -0.063     0.2345      3.276     67.908  52.404447     2.0806     15.646    49.7719 1.2373e-01     5.5918      3.395      4.924    13.0336   999.4171 0.0000e+00
      3.446     -0.061     0.2339      3.298     67.760  52.448312     2.0741     15.641    49.5349 1.2370e-01     5.6592      3.379      4.900    13.1784   999.3987 0.0000e+00
      3.432     -0.056     0.2345      3.312     67.318  52.244695     2.0683     15.637    49.5664 1.2369e-01     5.6736      3.365      4.880    13.3678   999.3735 0.0000e+00
      3.419     -0.052     0.2385      3.305     66.936  52.038564     2.0680     15.635    49.6365 1.2370e-01     5.6970      3.354      4.864    13.4850   999.3583 0.0000e+00
      3.406     -0.051     0.2377      3.267     66.313  51.607374     2.0791     15.635    48.8337 1.2368e-01     5.7700      3.339      4.843    13.5665   999.3476 0.0000e+00
      3.393     -0.051     0.2399      3.210     65.539  51.032278     2.0884     15.635    47.1732 1.2365e-01     5.8706      3.326      4.824    13.7083   999.3283 0.0000e+00
      3.383     -0.052     0.2401      3.168     65.367  50.927896     2.0850     15.633    46.0801 1.2362e-01     5.9177      3.319      4.814    13.8183   999.3131 0.0000e+00
      3.370     -0.053     0.2399      3.157     65.545  51.107508     2.0665     15.631    45.7687 1.2362e-01     5.8932      3.308      4.798    13.8745   999.3053 0.0000e+00
      3.354     -0.055     0.2367      3.177     65.700  51.235303     2.0364     15.632    45.9895 1.2367e-01     5.9175      3.289      4.770    13.9199   999.2988 0.0000e+00
      3.338     -0.056     0.2310      3.214     65.875  51.329930     2.0076     15.634    47.2008 1.2369e-01     6.0391      3.272      4.746    13.9285   999.2970 0.0000e+00
      3.325     -0.056     0.2281      3.281     65.900  51.298963     2.0045     15.635    48.5410 1.2364e-01     6.1626      3.262      4.731    13.9403   999.2954 0.0000e+00
      3.310     -0.054     0.2267      3.419     65.774  51.178349     2.0082     15.635    49.0303 1.2357e-01     6.1740      3.247      4.711    13.9975   999.2875 0.0000e+00
      3.294     -0.052     0.2286      3.601     65.528  51.014711     1.9960     15.634    48.8143 1.2359e-01     6.1085      3.228      4.682    14.0077   999.2860 0.0000e+00
      3.281     -0.051     0.2318      3.737     65.213  50.844631     1.9709     15.631    48.1672 1.2366e-01     6.0565      3.215      4.663    13.9554   999.2933 0.0000e+00
      3.272     -0.051     0.2348      3.831     65.001  50.773201     1.9529     15.629    47.7442 1.2372e-01     6.0614      3.210      4.655    13.9118   999.2993 0.0000e+00
      3.261     -0.049     0.2448      3.906     64.734  50.659223     1.9586     15.628    48.0020 1.2375e-01     6.1335      3.201      4.642    13.8856   999.3028 0.0000e+00
      3.246     -0.047     0.2629      3.939     64.117  50.292213     1.9542     15.625    48.4447 1.2373e-01     6.1729      3.184      4.618    13.9061   999.2999 0.0000e+00
      3.230     -0.045     0.2706      3.951     63.300  49.828617     1.9004     15.621    48.6227 1.2368e-01     6.1937      3.166      4.592    13.9779   999.2897 0.0000e+00
      3.218     -0.044     0.2757      3.983     62.711  49.562919     1.8227     15.616    48.6918 1.2363e-01     6.2827      3.154      4.576    14.0532   999.2792 0.0000e+00
      3.210     -0.043     0.2827      4.027     62.637  49.620059     1.7882     15.613    48.8506 1.2366e-01     6.3907      3.148      4.566    14.1249   999.2690 0.0000e+00
      3.202     -0.041     0.2836      4.085     62.542  49.567074     1.7979     15.613    49.1656 1.2373e-01     6.4688      3.140      4.554    14.1922   999.2593 0.0000e+00
      3.192     -0.041     0.2814      4.213     61.990  49.112767     1.8347     15.613    49.4890 1.2372e-01     6.4722      3.131      4.541    14.3416   999.2377 0.0000e+00
      3.182     -0.043     0.2836      4.432     61.583  48.762659     1.8888     15.614    49.0611 1.2365e-01     6.3972      3.121      4.527    14.5508   999.2072 0.0000e+00
      3.170     -0.047     0.2867      4.719     61.303  48.509010     1.9184     15.615    48.1218 1.2365e-01     6.3512      3.108      4.509    14.6345   999.1950 0.0000e+00
      3.157     -0.048     0.2881      5.043     60.614  47.950849     1.9254     15.615    47.9403 1.2372e-01     6.3976      3.096      4.490    14.6300   999.1957 0.0000e+00
      3.144     -0.048     0.2973      5.359     59.699  47.284255     1.9064     15.614    47.9858 1.2375e-01     6.5120      3.084      4.472    14.6127   999.1978 0.0000e+00
      3.130     -0.047     0.3141      5.652     58.343  46.354532     1.8515     15.611    47.3810 1.2368e-01     6.6354      3.070      4.452    14.5874   999.2013 0.0000e+00
      3.117     -0.045     0.3348      5.922     56.156  44.836806     1.8148     15.605    46.9088 1.2364e-01     6.6882      3.055      4.432    14.5640   999.2048 0.0000e+00
      3.107     -0.044     0.3599      6.153     54.098  43.472821     1.8059     15.597    47.2668 1.2369e-01     6.6693      3.046      4.418    14.5236   999.2103 0.0000e+00
      3.098     -0.044     0.3827      6.388     53.011  42.877808     1.8016     15.589    47.9237 1.2376e-01     6.5451      3.039      4.407    14.5697   999.2031 0.0000e+00
      3.089     -0.044     0.4009      6.680     52.850  42.975468     1.8099     15.581    48.3125 1.2376e-01     6.3191      3.029      4.395    14.7065   999.1828 0.0000e+00
      3.077     -0.045     0.4209      7.100     53.259  43.447724     1.8205     15.577    48.8703 1.2367e-01     6.1678      3.017      4.377    14.8937   999.1540 0.0000e+00
      3.063     -0.046     0.4319      7.793     53.529  43.699874     1.8155     15.577    50.0214 1.2366e-01     6.1238      3.003      4.356    15.1868   999.1088 0.0000e+00
      3.050     -0.046     0.4445      8.823     53.530  43.675376     1.8063     15.579    51.3901 1.2370e-01     6.1307      2.991      4.337    15.4573   999.0667 0.0000e+00
      3.038     -0.046     0.4629     10.131     53.616  43.722836     1.8423     15.581    52.4268 1.2363e-01     6.1823      2.980      4.321    15.6797   999.0315 0.0000e+00
      3.027     -0.045     0.4842     11.620     53.688  43.765807     1.9178     15.581    53.3505 1.2357e-01     6.1978      2.968      4.305    15.8308   999.0078 0.0000e+00
      3.016     -0.044     0.5316     13.205     53.377  43.496603     1.9657     15.581    54.4701 1.2361e-01     6.1809      2.957      4.289    15.8336   999.0073 0.0000e+00
      3.006     -0.042     0.6049     14.705     52.611  42.880242     1.9725     15.580    55.4673 1.2365e-01     6.1839      2.949      4.278    15.7829   999.0153 0.0000e+00
      2.995     -0.041     0.6994     15.895     51.891  42.344182     1.9725     15.579    56.1157 1.2362e-01     6.2347      2.938      4.261    15.7675   999.0178 0.0000e+00
      2.982     -0.041     0.8034     16.707     51.886  42.411068     1.9936     15.576    56.1143 1.2362e-01     6.3825      2.923      4.240    15.7610   999.0189 0.0000e+00
      2.972     -0.042     0.9180     17.175     52.469  42.927290     2.0271     15.574    55.3639 1.2367e-01     6.4948      2.913      4.226    15.7312   999.0234 0.0000e+00
      2.964     -0.044     1.0311     17.380     52.819  43.189996     2.0440     15.574    54.7005 1.2371e-01     6.4947      2.907      4.217    15.7305   999.0232 0.0000e+00
      2.955     -0.044     1.1114     17.437     52.493  42.857710     2.0359     15.577    54.4604 1.2374e-01     6.5863      2.899      4.205    15.7891   999.0134 0.0000e+00
      2.942     -0.045     1.1654     17.440     51.847  42.274049     2.0242     15.580    53.7515 1.2374e-01     6.8132      2.886      4.186    15.8770   998.9993 0.0000e+00
      2.928     -0.047     1.1944     17.470     51.349  41.846145     2.0270     15.581    53.0125 1.2370e-01     6.9713      2.871      4.163    15.9303   998.9909 0.0000e+00
      2.915     -0.047     1.2058     17.574     51.193  41.746575     2.0320     15.580    53.0101 1.2374e-01     7.0228      2.858      4.146    15.9002   998.9959 0.0000e+00
      2.904     -0.046     1.2106     17.749     51.372  41.958882     2.0365     15.578    53.1201 1.2382e-01     7.3323      2.850      4.132    15.8064   999.0108 0.0000e+00
      2.890     -0.044     1.2099     18.001     51.757  42.318448     2.0527     15.578    53.3961 1.2377e-01     7.9319      2.833      4.109    15.7552   999.0186 0.0000e+00
      2.879     -0.042     1.2111     18.368     52.020  42.539296     2.0658     15.577    53.6802 1.2367e-01     8.2993      2.822      4.093    15.7269   999.0229 0.0000e+00
      2.872     -0.041     1.2186     18.851     51.879  42.407351     2.0707     15.577    53.3723 1.2370e-01     8.3413      2.818      4.087    15.7458   999.0197 0.0000e+00
      2.863     -0.041     1.2283     19.411     51.636  42.183137     2.1210     15.577    53.0287 1.2380e-01     8.0620      2.807      4.072    15.8512   999.0029 0.0000e+00
      2.853     -0.042     1.2426     20.001     51.273  41.859670     2.2164     15.578    53.3117 1.2384e-01     7.5660      2.796      4.056    15.8941   998.9962 0.0000e+00
      2.842     -0.045     1.2683     20.525     50.591  41.289320     2.2704     15.578    53.6963 1.2378e-01     7.3229      2.789      4.044    15.8889   998.9972 0.0000e+00
      2.829     -0.048     1.3037     20.874     49.660  40.555633     2.2688     15.577    53.7217 1.2373e-01     7.3534      2.775      4.025    15.8710   998.9998 0.0000e+00
      2.815     -0.049     1.3440     21.062     48.765  39.907455     2.2544     15.574    54.0485 1.2373e-01     7.5920      2.760      4.003    15.8442   999.0040 0.0000e+00
      2.802     -0.049     1.3876     21.187     48.330  39.672697     2.2296     15.570    54.6358 1.2369e-01     7.9416      2.748      3.986    15.8151   999.0085 0.0000e+00
      2.789     -0.048     1.4295     21.338     47.972  39.494613     2.2072     15.567    54.8862 1.2368e-01     8.0784      2.735      3.967    15.7872   999.0127 0.0000e+00
      2.775     -0.046     1.4517     21.621     47.448  39.150747     2.2029     15.565    55.4410 1.2372e-01     8.0779      2.721      3.945    15.8083   999.0090 0.0000e+00
      2.765     -0.043     1.4589     22.157     47.040  38.879048     2.1967     15.563    56.6120 1.2372e-01     8.0731      2.710      3.931    15.8960   998.9943 0.0000e+00
      2.756     -0.040     1.4614     23.004     46.742  38.684891     2.2185     15.562    57.6016 1.2371e-01     8.0551      2.704      3.923    16.0457   998.9700 0.0000e+00
      2.745     -0.037     1.4652     24.137     46.493  38.516906     2.2658     15.560    58.3721 1.2370e-01     8.0668      2.692      3.905    16.1736   998.9490 0.0000e+00
      2.734     -0.035     1.4787     25.536     46.443  38.498160     2.2734     15.560    59.0446 1.2371e-01     8.0769      2.679      3.886    16.2618   998.9341 0.0000e+00
      2.726     -0.035     1.5111     27.130     46.689  38.712129     2.2533     15.560    59.5386 1.2376e-01     8.0738      2.674      3.879    16.3260   998.9234 0.0000e+00
      2.720     -0.039     1.5698     28.743     46.896  38.882624     2.2511     15.560    59.9565 1.2375e-01     8.0289      2.668      3.869    16.3808   998.9141 0.0000e+00
      2.713     -0.044     1.6453     30.223     46.787  38.782509     2.2658     15.559    60.2259 1.2368e-01     7.9459      2.662      3.860    16.4270   998.9063 0.0000e+00
      2.703     -0.049     1.7410     31.494     46.624  38.644057     2.2690     15.558    60.6442 1.2368e-01     7.8953      2.656      3.851    16.4455   998.9031 0.0000e+00
      2.687     -0.056     1.8557     32.514     46.579  38.604906     2.2705     15.558    60.9706 1.2373e-01     7.8629      2.636      3.824    16.4574   998.9012 0.0000e+00
      2.668     -0.063     1.9695     33.276     46.542  38.563005     2.3126     15.559    60.8181 1.2371e-01     7.8630      2.614      3.792    16.4582   998.9011 0.0000e+00
