Data/DataNotYetUploadedToEDI/Raw_CTD/RawDownloads/092520_fcr50_SSSon_0001.cnv
* Sea-Bird SBE19plus  Data File:
* FileName = C:\DATA\092520_fcr50_SSSon_0001.hex
* Software version 2.8.0.119
* Temperature SN = 7809
* Conductivity SN = 7809
* System UpLoad Time = Sep 25 2020 16:17:03
* <ApplicationData>
* <Seaterm232>
# nquan = 16
# nvalues = 2210                        
# units = specified
# name 0 = depFM: Depth [fresh water, m]
# name 1 = dz/dtM: Descent Rate [m/s]
# name 2 = sbeox0ML/L: Oxygen, SBE 43 [ml/l]
# name 3 = sbeox0PS: Oxygen, SBE 43 [% saturation]
# name 4 = specc: Specific Conductance [uS/cm]
# name 5 = c0uS/cm: Conductivity [uS/cm]
# name 6 = flECO-AFL: Fluorescence, WET Labs ECO-AFL/FL [mg/m^3]
# name 7 = ph: pH
# name 8 = orp: Oxidation Reduction Potential [mV]
# name 9 = par/sat/log: PAR/Logarithmic, Satlantic
# name 10 = turbWETntu0: Turbidity, WET Labs ECO [NTU]
# name 11 = prdM: Pressure, Strain Gauge [db]
# name 12 = prdE: Pressure, Strain Gauge [psi]
# name 13 = tv290C: Temperature [ITS-90, deg C]
# name 14 = density00: Density [density, kg/m^3]
# name 15 = flag:  0.000e+00
# span 0 =     -0.660,      9.587       
# span 1 =     -0.380,      0.183       
# span 2 =    -0.0063,     7.0950       
# span 3 =      0.043,    107.251       
# span 4 =      0.571,    198.649       
# span 5 =   0.457780, 146.073232       
# span 6 =    -0.9851,     9.1771       
# span 7 =     15.481,     15.729       
# span 8 =  -233.7069,   275.4453       
# span 9 = 1.2355e-01, 6.1071e+01       
# span 10 =    -0.2947,   950.7896      
# span 11 =     -0.648,      9.403      
# span 12 =     -0.940,     13.637      
# span 13 =    11.7264,    18.1496      
# span 14 =   998.5866,   999.6444      
# span 15 = 0.0000e+00, 0.0000e+00      
# interval = seconds: 0.25
# start_time = Sep 25 2020 02:53:40 [Instrument's time stamp, header]
# bad_flag = -9.990e-29
*END*
[from data line 1356]
      6.529      0.033     0.0448      0.664     65.953  48.699639    -0.1848     15.715   139.3330 1.2363e-01     8.8205      6.403      9.286    11.9180   999.5645 0.0000e+00
      6.544      0.031     0.0466      0.672     66.021  48.749399    -0.1785     15.715   138.5480 1.2362e-01     8.7458      6.423      9.317    11.9176   999.5647 0.0000e+00
      6.550      0.030     0.0471      0.656     66.135  48.834575    -0.1551     15.715   138.3005 1.2364e-01     8.7996      6.425      9.320    11.9178   999.5647 0.0000e+00
      6.550      0.027     0.0488      0.638     66.313  48.967491    -0.1115     15.715   138.5781 1.2373e-01     8.8877      6.422      9.314    11.9181   999.5646 0.0000e+00
      6.555      0.022     0.0501      0.644     66.387  49.022959    -0.0893     15.715   138.5496 1.2378e-01     8.8832      6.426      9.321    11.9171   999.5649 0.0000e+00
      6.564      0.017     0.0519      0.656     66.350  48.997231    -0.0972     15.717   138.1273 1.2375e-01     8.8146      6.437      9.336    11.9166   999.5650 0.0000e+00
      6.571      0.016     0.0497      0.653     66.318  48.973929    -0.1210     15.717   137.6883 1.2369e-01     8.7442      6.446      9.349    11.9179   999.5648 0.0000e+00
      6.575      0.014     0.0469      0.643     66.261  48.931715    -0.1578     15.717   137.4568 1.2371e-01     8.7533      6.448      9.353    11.9187   999.5649 0.0000e+00
      6.576      0.010     0.0489      0.649     66.176  48.867825    -0.1704     15.717   137.3075 1.2378e-01     8.8219      6.448      9.353    11.9189   999.5649 0.0000e+00
      6.577      0.006     0.0499      0.660     66.134  48.836453    -0.1679     15.716   137.4317 1.2378e-01     8.8526      6.450      9.355    11.9201   999.5647 0.0000e+00
      6.578      0.005     0.0501      0.651     66.179  48.869912    -0.1950     15.716   137.6681 1.2371e-01     8.8837      6.451      9.356    11.9211   999.5646 0.0000e+00
      6.578      0.006     0.0474      0.625     66.293  48.954857    -0.2407     15.716   137.5847 1.2369e-01     8.9587      6.451      9.356    11.9205   999.5646 0.0000e+00
      6.579      0.010     0.0489      0.618     66.490  49.101512    -0.2522     15.716   137.3703 1.2376e-01     9.0038      6.451      9.356    11.9198   999.5647 0.0000e+00
      6.580      0.016     0.0506      0.628     66.772  49.309573    -0.2387     15.716   137.2258 1.2384e-01     9.0166      6.452      9.358    11.9194   999.5647 0.0000e+00
      6.584      0.023     0.0500      0.625     67.033  49.501949    -0.2118     15.716   137.6450 1.2380e-01     9.0450      6.455      9.362    11.9195   999.5647 0.0000e+00
      6.590      0.030     0.0464      0.624     67.147  49.585941    -0.1559     15.716   138.3089 1.2368e-01     9.0370      6.460      9.370    11.9206   999.5647 0.0000e+00
      6.601      0.035     0.0454      0.635     67.117  49.563083    -0.1248     15.716   138.1122 1.2368e-01     8.9894      6.472      9.387    11.9211   999.5647 0.0000e+00
      6.614      0.036     0.0488      0.635     67.092  49.543088    -0.1221     15.716   137.4169 1.2373e-01     8.9843      6.485      9.407    11.9210   999.5649 0.0000e+00
      6.627      0.036     0.0467      0.607     67.082  49.534695    -0.1141     15.716   137.3876 1.2369e-01     9.0100      6.500      9.427    11.9207   999.5651 0.0000e+00
      6.637      0.035     0.0467      0.582     66.984  49.461596    -0.1133     15.715   138.0166 1.2365e-01     9.0950      6.512      9.444    11.9205   999.5653 0.0000e+00
      6.641      0.032     0.0481      0.584     66.844  49.357781    -0.1125     15.715   138.3965 1.2368e-01     9.2214      6.514      9.447    11.9201   999.5653 0.0000e+00
      6.644      0.028     0.0494      0.596     66.762  49.295516    -0.1135     15.715   138.1951 1.2371e-01     9.2332      6.512      9.446    11.9193   999.5653 0.0000e+00
      6.653      0.025     0.0458      0.616     66.745  49.280282    -0.1160     15.715   137.7334 1.2370e-01     9.2038      6.522      9.460    11.9185   999.5655 0.0000e+00
      6.664      0.025     0.0424      0.632     66.775  49.300589    -0.1059     15.716   137.6315 1.2369e-01     9.2435      6.538      9.482    11.9180   999.5656 0.0000e+00
      6.671      0.026     0.0447      0.643     66.845  49.350531    -0.0961     15.716   137.9091 1.2371e-01     9.2672      6.544      9.492    11.9173   999.5656 0.0000e+00
      6.673      0.026     0.0441      0.657     66.880  49.376112    -0.1020     15.716   137.9927 1.2372e-01     9.2500      6.543      9.491    11.9159   999.5658 0.0000e+00
      6.677      0.024     0.0470      0.660     66.853  49.355882    -0.1196     15.716   137.8683 1.2372e-01     9.2415      6.546      9.494    11.9137   999.5660 0.0000e+00
      6.685      0.022     0.0480      0.651     66.860  49.359937    -0.1476     15.716   137.5238 1.2369e-01     9.2327      6.555      9.506    11.9122   999.5662 0.0000e+00
      6.695      0.023     0.0482      0.641     66.950  49.425138    -0.1730     15.717   137.1824 1.2363e-01     9.2466      6.569      9.526    11.9116   999.5664 0.0000e+00
      6.700      0.024     0.0503      0.640     67.064  49.509195    -0.1695     15.717   137.2679 1.2365e-01     9.3070      6.573      9.533    11.9113   999.5665 0.0000e+00
      6.701      0.024     0.0500      0.640     67.122  49.550732    -0.1629     15.717   137.3532 1.2373e-01     9.3449      6.569      9.527    11.9109   999.5665 0.0000e+00
      6.706      0.024     0.0495      0.626     67.117  49.546341    -0.1785     15.716   137.2673 1.2372e-01     9.3952      6.575      9.534    11.9099   999.5666 0.0000e+00
      6.717      0.026     0.0479      0.607     67.168  49.583103    -0.1965     15.715   137.0899 1.2368e-01     9.4694      6.589      9.556    11.9092   999.5668 0.0000e+00
      6.726      0.029     0.0482      0.596     67.295  49.677713    -0.1987     15.715   136.5849 1.2371e-01     9.4860      6.598      9.570    11.9090   999.5669 0.0000e+00
      6.729      0.031     0.0491      0.596     67.375  49.737712    -0.1859     15.717   136.0660 1.2373e-01     9.5277      6.597      9.568    11.9086   999.5670 0.0000e+00
      6.734      0.029     0.0475      0.603     67.373  49.737015    -0.1845     15.717   136.0633 1.2370e-01     9.5623      6.599      9.573    11.9076   999.5671 0.0000e+00
      6.747      0.026     0.0453      0.603     67.368  49.732786    -0.2005     15.717   136.0359 1.2368e-01     9.4918      6.617      9.596    11.9070   999.5672 0.0000e+00
      6.759      0.023     0.0450      0.598     67.392  49.750084    -0.2084     15.717   135.4777 1.2372e-01     9.4309      6.633      9.620    11.9071   999.5674 0.0000e+00
      6.762      0.019     0.0446      0.607     67.399  49.755651    -0.2030     15.716   135.0779 1.2377e-01     9.4443      6.633      9.620    11.9082   999.5673 0.0000e+00
      6.762      0.013     0.0457      0.626     67.373  49.736591    -0.2021     15.715   135.1603 1.2369e-01     9.4821      6.630      9.615    11.9092   999.5671 0.0000e+00
      6.764      0.008     0.0461      0.645     67.337  49.710148    -0.1890     15.715   135.3554 1.2359e-01     9.4415      6.634      9.622    11.9087   999.5672 0.0000e+00
      6.766      0.003     0.0440      0.650     67.310  49.689944    -0.1489     15.715   135.2862 1.2363e-01     9.2964      6.637      9.626    11.9081   999.5673 0.0000e+00
      6.766      0.002     0.0461      0.636     67.301  49.682816    -0.1182     15.715   135.0111 1.2371e-01     9.2036      6.635      9.623    11.9080   999.5673 0.0000e+00
      6.767      0.002     0.0470      0.610     67.307  49.687466    -0.1036     15.716   134.7824 1.2375e-01     9.2814      6.635      9.625    11.9082   999.5673 0.0000e+00
      6.767      0.003     0.0494      0.588     67.299  49.682660    -0.1063     15.716   134.6725 1.2377e-01     9.5156      6.636      9.626    11.9084   999.5672 0.0000e+00
      6.767      0.007     0.0497      0.607     67.304  49.688210    -0.1323     15.716   134.8874 1.2376e-01     9.7355      6.635      9.624    11.9081   999.5673 0.0000e+00
      6.767      0.014     0.0481      0.646     67.479  49.818085    -0.1595     15.716   135.3151 1.2376e-01     9.7771      6.636      9.625    11.9078   999.5673 0.0000e+00
      6.767      0.022     0.0471      0.667     67.701  49.982883    -0.1785     15.716   135.3695 1.2373e-01     9.7088      6.636      9.625    11.9079   999.5673 0.0000e+00
      6.772      0.027     0.0421      0.658     67.680  49.966158    -0.1797     15.716   135.0291 1.2363e-01     9.5623      6.638      9.627    11.9088   999.5672 0.0000e+00
      6.787      0.029     0.0458      0.639     67.552  49.869885    -0.1644     15.716   134.8135 1.2361e-01     9.3803      6.654      9.650    11.9100   999.5671 0.0000e+00
      6.803      0.028     0.0493      0.628     67.508  49.834915    -0.1559     15.716   134.9993 1.2367e-01     9.3271      6.676      9.683    11.9112   999.5671 0.0000e+00
      6.812      0.024     0.0516      0.621     67.459  49.797365    -0.1635     15.716   135.2975 1.2369e-01     9.3310      6.682      9.693    11.9119   999.5673 0.0000e+00
      6.813      0.018     0.0501      0.618     67.373  49.733379    -0.1600     15.716   135.3210 1.2373e-01     9.3241      6.680      9.688    11.9113   999.5672 0.0000e+00
      6.813      0.010     0.0475      0.606     67.322  49.696303    -0.1327     15.716   135.1119 1.2373e-01     9.4164      6.681      9.690    11.9093   999.5673 0.0000e+00
      6.814      0.004     0.0479      0.583     67.279  49.666598    -0.1106     15.715   135.0052 1.2368e-01     9.5190      6.683      9.693    11.9075   999.5676 0.0000e+00
      6.814      0.001     0.0462      0.574     67.223  49.628229    -0.1018     15.715   135.2352 1.2363e-01     9.5699      6.682      9.691    11.9068   999.5677 0.0000e+00
      6.814      0.001     0.0474      0.595     67.198  49.613419    -0.1029     15.715   135.4851 1.2368e-01     9.6543      6.682      9.693    11.9062   999.5677 0.0000e+00
      6.814      0.001     0.0460      0.633     67.194  49.614537    -0.1144     15.715   135.4455 1.2381e-01     9.7143      6.684      9.694    11.9067   999.5677 0.0000e+00
      6.814      0.001     0.0439      0.665     67.227  49.641749    -0.1169     15.714   135.1860 1.2385e-01     9.7120      6.683      9.692    11.9080   999.5675 0.0000e+00
      6.814      0.002     0.0421      0.675     67.288  49.688427    -0.1053     15.714   135.0148 1.2383e-01     9.7299      6.682      9.691    11.9098   999.5673 0.0000e+00
      6.815      0.005     0.0447      0.661     67.350  49.734392    -0.0785     15.715   135.0104 1.2384e-01     9.8276      6.683      9.693    11.9128   999.5669 0.0000e+00
      6.816      0.010     0.0479      0.656     67.548  49.879995    -0.0510     15.715   135.0465 1.2380e-01     9.9319      6.684      9.694    11.9162   999.5666 0.0000e+00
      6.816      0.015     0.0506      0.663     67.953  50.178820    -0.0494     15.716   135.1067 1.2371e-01     9.9262      6.684      9.694    11.9189   999.5663 0.0000e+00
      6.819      0.020     0.0523      0.653     68.288  50.426253    -0.0588     15.716   134.7924 1.2371e-01     9.8961      6.685      9.696    11.9200   999.5662 0.0000e+00
      6.827      0.023     0.0493      0.646     68.333  50.458503    -0.0689     15.716   134.2578 1.2380e-01     9.9462      6.693      9.706    11.9193   999.5663 0.0000e+00
      6.838      0.026     0.0486      0.651     68.313  50.441743    -0.0950     15.715   134.2354 1.2384e-01    10.0172      6.708      9.729    11.9191   999.5664 0.0000e+00
      6.848      0.027     0.0514      0.641     68.621  50.668133    -0.1460     15.715   134.4354 1.2381e-01    10.0329      6.718      9.745    11.9197   999.5666 0.0000e+00
      6.851      0.027     0.0490      0.623     69.036  50.973036    -0.1899     15.715   134.4394 1.2380e-01     9.9988      6.719      9.745    11.9194   999.5668 0.0000e+00
      6.854      0.024     0.0477      0.622     69.097  51.016463    -0.2057     15.715   134.1977 1.2377e-01     9.9477      6.719      9.746    11.9185   999.5669 0.0000e+00
      6.862      0.023     0.0505      0.628     69.081  51.002705    -0.2032     15.715   133.7497 1.2371e-01     9.8279      6.730      9.761    11.9169   999.5670 0.0000e+00
      6.871      0.023     0.0484      0.609     69.335  51.187734    -0.1884     15.716   133.5830 1.2368e-01     9.6489      6.740      9.777    11.9155   999.5674 0.0000e+00
      6.875      0.026     0.0467      0.592     69.728  51.475403    -0.1894     15.716   133.7301 1.2366e-01     9.5001      6.742      9.779    11.9152   999.5677 0.0000e+00
      6.878      0.028     0.0463      0.600     70.018  51.686505    -0.1961     15.716   133.6361 1.2363e-01     9.4018      6.744      9.780    11.9141   999.5677 0.0000e+00
      6.885      0.028     0.0488      0.601     70.137  51.771368    -0.1922     15.715   133.3059 1.2366e-01     9.3869      6.751      9.791    11.9119   999.5680 0.0000e+00
      6.896      0.030     0.0461      0.608     70.181  51.802870    -0.1908     15.715   133.1795 1.2368e-01     9.4577      6.764      9.810    11.9099   999.5684 0.0000e+00
      6.906      0.033     0.0428      0.611     70.196  51.813355    -0.1790     15.715   133.2267 1.2372e-01     9.5371      6.775      9.825    11.9085   999.5688 0.0000e+00
      6.913      0.035     0.0472      0.598     70.139  51.771116    -0.1644     15.715   133.2735 1.2372e-01     9.5569      6.780      9.833    11.9059   999.5693 0.0000e+00
      6.919      0.033     0.0442      0.594     70.007  51.673213    -0.1567     15.715   133.3161 1.2365e-01     9.5246      6.784      9.840    11.9037   999.5695 0.0000e+00
      6.929      0.031     0.0462      0.596     69.886  51.582266    -0.1440     15.715   133.3115 1.2360e-01     9.4905      6.793      9.854    11.9035   999.5695 0.0000e+00
      6.940      0.030     0.0474      0.598     69.859  51.560617    -0.1254     15.715   133.2175 1.2361e-01     9.4889      6.808      9.875    11.9035   999.5696 0.0000e+00
      6.947      0.029     0.0440      0.610     69.915  51.601986    -0.1031     15.715   133.1266 1.2365e-01     9.5046      6.816      9.885    11.9035   999.5696 0.0000e+00
      6.952      0.027     0.0454      0.637     69.965  51.637886    -0.1027     15.715   133.2448 1.2367e-01     9.5093      6.815      9.884    11.9029   999.5696 0.0000e+00
      6.959      0.025     0.0446      0.648     69.933  51.613617    -0.1393     15.715   133.4423 1.2367e-01     9.5111      6.823      9.895    11.9014   999.5698 0.0000e+00
      6.968      0.026     0.0454      0.647     69.865  51.562588    -0.1746     15.715   133.5362 1.2366e-01     9.4914      6.835      9.913    11.9006   999.5699 0.0000e+00
      6.974      0.033     0.0447      0.660     69.820  51.528974    -0.1760     15.715   133.6057 1.2365e-01     9.5117      6.840      9.921    11.9004   999.5700 0.0000e+00
      6.976      0.041     0.0492      0.678     69.814  51.524734    -0.1472     15.715   133.7654 1.2365e-01     9.7570      6.840      9.920    11.9002   999.5701 0.0000e+00
      6.982      0.045     0.0494      0.676     69.882  51.574840    -0.1127     15.715   134.0045 1.2368e-01    10.1226      6.843      9.925    11.8991   999.5702 0.0000e+00
      6.999      0.046     0.0481      0.649     69.953  51.626727    -0.1019     15.715   134.0875 1.2366e-01    10.2582      6.859      9.948    11.8982   999.5703 0.0000e+00
      7.023      0.049     0.0499      0.625     69.978  51.644016    -0.1122     15.715   133.9953 1.2360e-01    10.1951      6.891      9.995    11.8978   999.5705 0.0000e+00
      7.040      0.050     0.0515      0.621     70.083  51.720372    -0.1131     15.715   133.9221 1.2363e-01    10.1840      6.911     10.024    11.8982   999.5706 0.0000e+00
