Data/DataNotYetUploadedToEDI/Raw_CTD/RawDownloads/092520_fcr50_SSSon_0001.cnv
* Sea-Bird SBE19plus  Data File:
* FileName = C:\DATA\092520_fcr50_SSSon_0001.hex
* Software version 2.8.0.119
* Temperature SN = 7809
* Conductivity SN = 7809
* System UpLoad Time = Sep 25 2020 16:17:03
* <ApplicationData>
* <Seaterm232>
# nquan = 16
# nvalues = 2210                        
# units = specified
# name 0 = depFM: Depth [fresh water, m]
# name 1 = dz/dtM: Descent Rate [m/s]
# name 2 = sbeox0ML/L: Oxygen, SBE 43 [ml/l]
# name 3 = sbeox0PS: Oxygen, SBE 43 [% saturation]
# name 4 = specc: Specific Conductance [uS/cm]
# name 5 = c0uS/cm: Conductivity [uS/cm]
# name 6 = flECO-AFL: Fluorescence, WET Labs ECO-AFL/FL [mg/m^3]
# name 7 = ph: pH
# name 8 = orp: Oxidation Reduction Potential [mV]
# name 9 = par/sat/log: PAR/Logarithmic, Satlantic
# name 10 = turbWETntu0: Turbidity, WET Labs ECO [NTU]
# name 11 = prdM: Pressure, Strain Gauge [db]
# name 12 = prdE: Pressure, Strain Gauge [psi]
# name 13 = tv290C: Temperature [ITS-90, deg C]
# name 14 = density00: Density [density, kg/m^3]
# name 15 = flag:  0.000e+00
# span 0 =     -0.660,      9.587       
# span 1 =     -0.380,      0.183       
# span 2 =    -0.0063,     7.0950       
# span 3 =      0.043,    107.251       
# span 4 =      0.571,    198.649       
# span 5 =   0.457780, 146.073232       
# span 6 =    -0.9851,     9.1771       
# span 7 =     15.481,     15.729       
# span 8 =  -233.7069,   275.4453       
# span 9 = 1.2355e-01, 6.1071e+01       
# span 10 =    -0.2947,   950.7896      
# span 11 =     -0.648,      9.403      
# span 12 =     -0.940,     13.637      
# span 13 =    11.7264,    18.1496      
# span 14 =   998.5866,   999.6444      
# span 15 = 0.0000e+00, 0.0000e+00      
# interval = seconds: 0.25
# start_time = Sep 25 2020 02:53:40 [Instrument's time stamp, header]
# bad_flag = -9.990e-29
*END*
[from data line 543]
      1.430      0.009     5.3909     82.060     35.751  30.777333     3.9520     15.553   250.5990 8.1319e-01    11.9493      1.403      2.035    18.0418   998.6124 0.0000e+00
      1.431      0.008     5.3872     82.572     35.766  30.789799     3.9615     15.554   250.5652 8.2096e-01    11.9347      1.403      2.034    18.0409   998.6126 0.0000e+00
      1.432      0.009     5.3903     83.200     35.806  30.824205     3.9531     15.554   250.6167 8.1619e-01    11.8898      1.403      2.035    18.0404   998.6126 0.0000e+00
      1.435      0.013     5.4045     83.876     35.794  30.812670     3.9367     15.554   251.0497 7.9389e-01    11.8524      1.406      2.040    18.0401   998.6127 0.0000e+00
      1.439      0.018     5.4268     84.583     35.755  30.777215     3.9442     15.554   251.5856 7.8511e-01    11.8610      1.412      2.048    18.0396   998.6128 0.0000e+00
      1.443      0.021     5.4618     85.273     35.755  30.776180     3.9677     15.554   251.6751 7.8838e-01    11.9248      1.414      2.051    18.0388   998.6130 0.0000e+00
      1.448      0.022     5.5065     85.883     35.785  30.800153     3.9638     15.554   251.3582 7.7982e-01    11.9378      1.418      2.056    18.0385   998.6131 0.0000e+00
      1.457      0.022     5.5500     86.356     35.803  30.813301     3.9059     15.553   251.1094 7.6336e-01    11.9153      1.429      2.073    18.0372   998.6134 0.0000e+00
      1.467      0.021     5.5990     86.651     35.801  30.808258     3.8304     15.553   251.2482 7.5248e-01    11.9953      1.440      2.088    18.0348   998.6138 0.0000e+00
      1.472      0.020     5.6463     86.781     35.797  30.802613     3.8059     15.554   251.4872 7.4917e-01    12.1159      1.444      2.094    18.0333   998.6142 0.0000e+00
      1.474      0.018     5.6879     86.801     35.805  30.808495     3.8186     15.554   251.2458 7.4189e-01    12.1713      1.444      2.095    18.0319   998.6144 0.0000e+00
      1.476      0.014     5.7210     86.712     35.815  30.815929     3.8030     15.554   250.9105 7.2072e-01    12.1506      1.446      2.097    18.0275   998.6152 0.0000e+00
      1.480      0.013     5.7412     86.499     35.833  30.829052     3.7597     15.554   250.9608 6.9957e-01    12.1056      1.451      2.105    18.0219   998.6163 0.0000e+00
      1.484      0.016     5.7478     86.217     35.848  30.840275     3.7431     15.555   251.4243 6.9263e-01    12.1425      1.457      2.112    18.0190   998.6168 0.0000e+00
      1.487      0.021     5.7492     85.901     35.832  30.824744     3.7643     15.555   251.6098 6.9799e-01    12.2193      1.459      2.115    18.0177   998.6171 0.0000e+00
      1.490      0.025     5.7457     85.569     35.843  30.831592     3.8447     15.554   250.9666 6.9830e-01    12.1078      1.460      2.117    18.0163   998.6174 0.0000e+00
      1.495      0.028     5.7285     85.235     35.878  30.859627     3.9530     15.554   250.7028 6.7531e-01    11.8236      1.464      2.122    18.0140   998.6178 0.0000e+00
      1.507      0.030     5.7102     84.909     35.866  30.846497     3.9959     15.555   251.0016 6.3883e-01    11.6669      1.476      2.142    18.0114   998.6184 0.0000e+00
      1.519      0.031     5.6892     84.642     35.889  30.863160     4.0098     15.556   250.7939 6.2188e-01    11.6890      1.492      2.165    18.0091   998.6189 0.0000e+00
      1.527      0.031     5.6666     84.467     35.976  30.934215     4.0930     15.555   250.4288 6.2713e-01    11.8850      1.498      2.173    18.0059   998.6195 0.0000e+00
      1.533      0.030     5.6462     84.394     35.993  30.944299     4.2195     15.555   250.6307 6.2502e-01    12.2174      1.503      2.180    18.0029   998.6200 0.0000e+00
      1.540      0.029     5.6222     84.445     35.976  30.921634     4.2714     15.557   250.8259 6.1119e-01    12.3771      1.512      2.192    17.9993   998.6207 0.0000e+00
      1.545      0.027     5.6050     84.601     36.050  30.977381     4.2627     15.558   250.4654 5.9581e-01    12.3056      1.515      2.197    17.9930   998.6220 0.0000e+00
      1.551      0.025     5.5943     84.856     36.138  31.047334     4.3047     15.557   250.1446 5.8416e-01    12.1083      1.518      2.203    17.9892   998.6228 0.0000e+00
      1.560      0.024     5.5879     85.245     36.172  31.069544     4.3791     15.557   250.1301 5.7048e-01    11.8802      1.532      2.222    17.9850   998.6236 0.0000e+00
      1.568      0.022     5.5946     85.834     36.241  31.119028     4.3990     15.557   250.2906 5.6045e-01    11.7445      1.541      2.235    17.9706   998.6262 0.0000e+00
      1.573      0.022     5.6065     86.653     36.346  31.201521     4.3830     15.558   250.4500 5.6740e-01    11.6351      1.542      2.237    17.9584   998.6285 0.0000e+00
      1.576      0.022     5.6228     87.624     36.400  31.242175     4.3760     15.558   250.5945 5.6400e-01    11.5876      1.544      2.240    17.9546   998.6293 0.0000e+00
      1.580      0.022     5.6484     88.635     36.391  31.229905     4.3719     15.558   251.0053 5.4158e-01    11.7534      1.548      2.246    17.9437   998.6313 0.0000e+00
      1.586      0.024     5.6872     89.569     36.413  31.243500     4.3620     15.558   251.2007 5.2789e-01    12.0262      1.555      2.256    17.9279   998.6343 0.0000e+00
      1.592      0.027     5.7461     90.294     36.534  31.343090     4.3427     15.558   250.8067 5.2338e-01    12.1391      1.561      2.266    17.9172   998.6363 0.0000e+00
      1.600      0.030     5.8137     90.756     36.626  31.418934     4.3193     15.559   250.6290 5.1540e-01    12.1233      1.568      2.274    17.9103   998.6377 0.0000e+00
      1.610      0.034     5.8837     91.002     36.606  31.399188     4.3078     15.559   251.0311 5.0574e-01    12.3159      1.579      2.291    17.9038   998.6388 0.0000e+00
      1.618      0.035     5.9507     91.089     36.634  31.421555     4.3179     15.559   251.3670 4.9995e-01    12.7159      1.589      2.305    17.8971   998.6401 0.0000e+00
      1.626      0.034     6.0010     91.070     36.726  31.499041     4.3370     15.559   251.4204 4.9250e-01    12.9435      1.593      2.311    17.8913   998.6413 0.0000e+00
      1.636      0.033     6.0299     91.009     36.742  31.511278     4.3384     15.559   251.5044 4.7410e-01    12.9398      1.603      2.325    17.8874   998.6421 0.0000e+00
      1.648      0.030     6.0456     90.973     36.737  31.506063     4.3064     15.559   251.4366 4.5681e-01    13.0486      1.619      2.348    17.8850   998.6425 0.0000e+00
      1.656      0.026     6.0506     91.062     36.806  31.562886     4.2737     15.560   251.1164 4.4886e-01    13.3656      1.626      2.359    17.8822   998.6431 0.0000e+00
      1.660      0.023     6.0477     91.367     36.883  31.627312     4.2769     15.560   251.5046 4.3381e-01    13.5795      1.626      2.360    17.8796   998.6436 0.0000e+00
      1.664      0.020     6.0429     91.831     36.912  31.650586     4.2887     15.560   252.6030 4.2648e-01    13.6096      1.632      2.367    17.8788   998.6438 0.0000e+00
      1.668      0.018     6.0384     92.295     36.918  31.653951     4.2730     15.560   253.2120 4.4292e-01    13.4204      1.636      2.373    17.8761   998.6443 0.0000e+00
      1.671      0.018     6.0415     92.707     36.936  31.667996     4.2491     15.559   253.0172 4.4692e-01    13.0436      1.637      2.374    17.8720   998.6451 0.0000e+00
      1.676      0.019     6.0629     93.078     36.967  31.693501     4.2480     15.559   252.4853 4.3412e-01    12.8643      1.642      2.383    17.8709   998.6454 0.0000e+00
      1.684      0.020     6.1005     93.440     36.986  31.708552     4.2700     15.559   252.5449 4.2279e-01    12.8661      1.652      2.396    17.8693   998.6457 0.0000e+00
      1.689      0.022     6.1314     93.835     37.005  31.723082     4.2758     15.559   252.9636 4.0555e-01    12.6186      1.657      2.403    17.8655   998.6464 0.0000e+00
      1.693      0.024     6.1585     94.194     37.030  31.742293     4.2411     15.559   252.6439 3.9249e-01    12.1381      1.659      2.406    17.8640   998.6467 0.0000e+00
      1.697      0.024     6.1836     94.442     37.041  31.750493     4.2130     15.560   252.2934 3.8501e-01    11.8638      1.662      2.412    17.8634   998.6468 0.0000e+00
      1.705      0.024     6.2043     94.596     37.051  31.758778     4.2222     15.561   252.3390 3.7904e-01    11.8426      1.671      2.424    17.8606   998.6474 0.0000e+00
      1.714      0.023     6.2346     94.668     37.076  31.779023     4.2281     15.560   252.2487 3.7905e-01    11.8807      1.683      2.440    17.8579   998.6479 0.0000e+00
      1.721      0.023     6.2610     94.656     37.106  31.804931     4.1513     15.560   252.4917 3.7478e-01    11.9465      1.688      2.449    17.8560   998.6483 0.0000e+00
      1.725      0.022     6.2759     94.560     37.122  31.818244     4.0187     15.560   252.6968 3.6365e-01    12.0546      1.692      2.454    17.8548   998.6486 0.0000e+00
      1.729      0.020     6.2867     94.385     37.117  31.813101     3.9500     15.560   252.0608 3.5617e-01    12.1240      1.695      2.459    17.8536   998.6488 0.0000e+00
      1.732      0.019     6.2911     94.149     37.110  31.806191     3.9510     15.560   251.5126 3.5759e-01    12.1335      1.697      2.462    17.8526   998.6490 0.0000e+00
      1.737      0.021     6.2908     93.891     37.101  31.798137     3.9343     15.560   251.9195 3.5977e-01    12.2716      1.704      2.471    17.8522   998.6491 0.0000e+00
      1.742      0.024     6.2842     93.688     37.080  31.779171     3.8726     15.560   252.4200 3.5216e-01    12.4900      1.710      2.479    17.8516   998.6493 0.0000e+00
      1.747      0.025     6.2724     93.595     37.068  31.767211     3.8248     15.560   252.4022 3.3750e-01    12.5760      1.711      2.482    17.8511   998.6494 0.0000e+00
      1.756      0.025     6.2560     93.635     37.085  31.780419     3.8143     15.561   252.2217 3.2546e-01    12.6252      1.721      2.496    17.8500   998.6496 0.0000e+00
      1.767      0.025     6.2370     93.853     37.123  31.811969     3.8214     15.561   251.6995 3.1278e-01    12.8102      1.734      2.515    17.8488   998.6499 0.0000e+00
      1.774      0.025     6.2219     94.173     37.147  31.831457     3.8354     15.561   251.3370 3.1003e-01    13.0286      1.741      2.526    17.8474   998.6502 0.0000e+00
      1.777      0.026     6.2168     94.421     37.141  31.825698     3.8299     15.561   251.7104 3.1635e-01    13.1364      1.743      2.528    17.8451   998.6506 0.0000e+00
      1.779      0.027     6.2172     94.622     37.118  31.805788     3.8130     15.561   252.0845 3.0649e-01    13.1521      1.743      2.528    17.8436   998.6509 0.0000e+00
      1.784      0.026     6.2321     94.841     37.090  31.781053     3.8020     15.561   252.1602 2.9487e-01    13.1837      1.747      2.534    17.8425   998.6511 0.0000e+00
      1.795      0.025     6.2627     94.986     37.090  31.780421     3.7826     15.561   252.1092 2.8587e-01    13.2777      1.759      2.551    17.8408   998.6514 0.0000e+00
      1.806      0.024     6.2758     95.012     37.111  31.798140     3.7687     15.561   251.9850 2.7031e-01    13.3282      1.774      2.574    17.8400   998.6517 0.0000e+00
      1.813      0.022     6.2857     94.967     37.119  31.804958     3.7586     15.560   251.9480 2.6733e-01    13.2789      1.780      2.583    17.8392   998.6519 0.0000e+00
      1.816      0.020     6.3056     94.844     37.114  31.799409     3.7276     15.560   252.1783 2.6869e-01    13.0252      1.781      2.582    17.8382   998.6520 0.0000e+00
      1.817      0.020     6.3161     94.659     37.109  31.794491     3.6991     15.561   252.2744 2.5976e-01    12.6294      1.781      2.584    17.8383   998.6520 0.0000e+00
      1.818      0.021     6.3148     94.478     37.127  31.808948     3.7002     15.561   251.9050 2.5781e-01    12.4078      1.782      2.585    17.8381   998.6521 0.0000e+00
      1.823      0.025     6.3132     94.253     37.173  31.847316     3.7022     15.561   251.9279 2.5980e-01    12.3711      1.786      2.589    17.8370   998.6523 0.0000e+00
      1.834      0.029     6.3061     93.938     37.209  31.877714     3.6857     15.561   252.6383 2.4885e-01    12.3575      1.798      2.607    17.8359   998.6526 0.0000e+00
      1.845      0.032     6.2891     93.529     37.188  31.859257     3.6623     15.561   253.0950 2.3490e-01    12.4495      1.812      2.627    17.8348   998.6528 0.0000e+00
      1.854      0.033     6.2808     92.985     37.136  31.814489     3.6298     15.561   253.2330 2.2714e-01    12.7283      1.818      2.638    17.8332   998.6532 0.0000e+00
      1.862      0.032     6.2675     92.332     37.096  31.780548     3.6072     15.561   253.4465 2.2464e-01    12.9477      1.825      2.648    17.8317   998.6535 0.0000e+00
      1.871      0.031     6.2444     91.595     37.080  31.766101     3.5992     15.561   253.1814 2.2433e-01    12.9391      1.835      2.663    17.8313   998.6536 0.0000e+00
      1.877      0.030     6.2212     90.716     37.082  31.766705     3.5319     15.561   252.8666 2.2224e-01    12.6932      1.840      2.669    17.8311   998.6536 0.0000e+00
      1.883      0.030     6.1824     89.621     37.107  31.787854     3.4139     15.562   253.3408 2.1424e-01    12.3425      1.844      2.674    17.8306   998.6537 0.0000e+00
      1.892      0.031     6.1385     88.353     37.158  31.831478     3.3553     15.562   254.0099 1.9919e-01    12.1666      1.856      2.692    17.8304   998.6538 0.0000e+00
      1.900      0.032     6.0911     87.039     37.181  31.850039     3.3581     15.562   254.1600 1.9503e-01    12.1802      1.864      2.704    17.8301   998.6539 0.0000e+00
      1.907      0.032     6.0355     85.719     37.149  31.821930     3.3714     15.562   253.7788 1.9916e-01    12.1984      1.867      2.707    17.8296   998.6540 0.0000e+00
      1.917      0.031     5.9620     84.349     37.134  31.808844     3.3912     15.562   253.4446 1.8701e-01    12.1468      1.880      2.725    17.8294   998.6541 0.0000e+00
      1.928      0.031     5.8728     82.908     37.147  31.818718     3.4166     15.562   253.6476 1.6896e-01    12.1396      1.894      2.746    17.8287   998.6543 0.0000e+00
      1.934      0.032     5.7854     81.443     37.143  31.814415     3.4297     15.562   253.7376 1.6284e-01    12.2133      1.898      2.753    17.8272   998.6546 0.0000e+00
      1.938      0.033     5.6993     80.048     37.152  31.820259     3.3881     15.561   253.4140 1.6114e-01    12.3520      1.899      2.755    17.8262   998.6548 0.0000e+00
      1.944      0.032     5.6095     78.831     37.160  31.825930     3.2949     15.561   253.2622 1.5704e-01    12.5125      1.904      2.761    17.8252   998.6550 0.0000e+00
      1.956      0.030     5.5118     77.828     37.153  31.819538     3.2281     15.561   253.1076 1.5671e-01    12.5740      1.917      2.781    17.8235   998.6554 0.0000e+00
      1.969      0.028     5.4133     77.006     37.138  31.806415     3.2187     15.561   253.0932 1.5578e-01    12.5802      1.935      2.805    17.8221   998.6557 0.0000e+00
      1.977      0.026     5.3167     76.342     37.125  31.794160     3.2294     15.562   253.2605 1.4552e-01    12.4842      1.941      2.815    17.8208   998.6561 0.0000e+00
      1.979      0.022     5.2354     75.799     37.130  31.798246     3.2346     15.562   252.8933 1.4058e-01    12.2717      1.941      2.815    17.8193   998.6563 0.0000e+00
      1.981      0.017     5.1709     75.377     37.125  31.792374     3.2243     15.562   252.1813 1.4653e-01    12.1402      1.942      2.816    17.8184   998.6564 0.0000e+00
