Data/DataNotYetUploadedToEDI/Raw_CTD/RawDownloads/092520_fcr50_0001.cnv
* Sea-Bird SBE19plus  Data File:
* FileName = C:\DATA\09252020_fcr50_0005.hex
* Software version 2.8.0.119
* Temperature SN = 7809
* Conductivity SN = 7809
* System UpLoad Time = Sep 25 2020 09:49:54
* <ApplicationData>
* <Seaterm232>
# nquan = 16
# nvalues = 2787                        
# units = specified
# name 0 = depFM: Depth [fresh water, m]
# name 1 = dz/dtM: Descent Rate [m/s]
# name 2 = sbeox0ML/L: Oxygen, SBE 43 [ml/l]
# name 3 = sbeox0PS: Oxygen, SBE 43 [% saturation]
# name 4 = specc: Specific Conductance [uS/cm]
# name 5 = c0uS/cm: Conductivity [uS/cm]
# name 6 = flECO-AFL: Fluorescence, WET Labs ECO-AFL/FL [mg/m^3]
# name 7 = ph: pH
# name 8 = orp: Oxidation Reduction Potential [mV]
# name 9 = par/sat/log: PAR/Logarithmic, Satlantic
# name 10 = turbWETntu0: Turbidity, WET Labs ECO [NTU]
# name 11 = prdM: Pressure, Strain Gauge [db]
# name 12 = prdE: Pressure, Strain Gauge [psi]
# name 13 = tv290C: Temperature [ITS-90, deg C]
# name 14 = density00: Density [density, kg/m^3]
# name 15 = flag:  0.000e+00
# span 0 =     -0.640,      9.596       
# span 1 =     -0.359,      4.099       
# span 2 =     0.0335,     6.7585       
# span 3 =      0.455,     98.615       
# span 4 =      1.741,    242.754       
# span 5 =   1.375537, 178.137783       
# span 6 =    -1.0162,    21.5273       
# span 7 =     15.467,     15.710       
# span 8 =   -70.8554,   289.4967       
# span 9 = 1.2355e-01, 7.6814e+01       
# span 10 =    -0.3408,   260.2103      
# span 11 =     -0.628,      9.411      
# span 12 =     -0.911,     13.650      
# span 13 =    11.6299,    18.0940      
# span 14 =   998.5965,   999.6700      
# span 15 = 0.0000e+00, 0.0000e+00      
# interval = seconds: 0.25
# start_time = Sep 24 2020 20:25:12 [Instrument's time stamp, header]
# bad_flag = -9.990e-29
*END*
[from data line 1356]
      5.918      0.048     1.1453     12.345     56.431  41.833781    -0.2600     15.709   146.0123 1.2379e-01     9.4400      5.810      8.427    12.0826   999.5397 0.0000e+00
      5.915      0.033     1.1116     11.289     56.429  41.832847    -0.2546     15.709   146.2122 1.2373e-01     9.4502      5.798      8.409    12.0787   999.5401 0.0000e+00
      5.915      0.019     1.0656     10.107     56.441  41.844285    -0.2565     15.709   146.4171 1.2371e-01     9.4357      5.800      8.413    12.0702   999.5411 0.0000e+00
      5.917      0.013     1.0016      8.821     56.437  41.845130    -0.2538     15.708   146.2522 1.2374e-01     9.4358      5.804      8.420    12.0635   999.5419 0.0000e+00
      5.917      0.015     0.9333      7.494     56.428  41.843063    -0.2516     15.707   145.7675 1.2371e-01     9.4512      5.801      8.413    12.0631   999.5419 0.0000e+00
      5.921      0.022     0.8533      6.239     56.392  41.819304    -0.2581     15.707   145.7181 1.2362e-01     9.4844      5.804      8.418    12.0640   999.5418 0.0000e+00
      5.931      0.030     0.7634      5.086     56.379  41.811783    -0.2660     15.706   146.1719 1.2363e-01     9.4593      5.817      8.437    12.0655   999.5417 0.0000e+00
      5.941      0.038     0.6667      4.058     56.470  41.879082    -0.2607     15.706   146.4350 1.2378e-01     9.4231      5.828      8.453    12.0700   999.5412 0.0000e+00
      5.949      0.042     0.5602      3.208     56.550  41.934738    -0.2422     15.707   146.1468 1.2386e-01     9.3896      5.832      8.459    12.0744   999.5408 0.0000e+00
      5.961      0.043     0.4677      2.564     56.533  41.913406    -0.2327     15.707   145.6989 1.2382e-01     9.2951      5.841      8.472    12.0772   999.5405 0.0000e+00
      5.978      0.043     0.3798      2.147     56.578  41.938539    -0.2498     15.707   145.7517 1.2378e-01     9.2077      5.864      8.506    12.0783   999.5404 0.0000e+00
      5.992      0.047     0.3000      1.917     56.819  42.111644    -0.2687     15.707   146.0971 1.2378e-01     9.1568      5.881      8.530    12.0794   999.5404 0.0000e+00
      5.997      0.050     0.2369      1.851     57.155  42.355948    -0.2605     15.707   146.3481 1.2382e-01     9.1601      5.880      8.529    12.0771   999.5407 0.0000e+00
      6.003      0.050     0.1857      1.919     57.331  42.480153    -0.2460     15.708   146.1191 1.2383e-01     9.2126      5.881      8.530    12.0666   999.5419 0.0000e+00
      6.020      0.046     0.1576      2.042     57.241  42.407272    -0.2462     15.709   145.5641 1.2378e-01     9.2436      5.902      8.560    12.0581   999.5430 0.0000e+00
      6.042      0.041     0.1400      2.179     57.100  42.299983    -0.2629     15.709   145.4029 1.2375e-01     9.2250      5.929      8.599    12.0550   999.5436 0.0000e+00
      6.057      0.036     0.1350      2.304     57.044  42.262088    -0.2768     15.709   145.7179 1.2375e-01     9.1594      5.945      8.622    12.0510   999.5443 0.0000e+00
      6.062      0.027     0.1441      2.375     56.957  42.203019    -0.2706     15.708   146.1896 1.2370e-01     9.1019      5.946      8.625    12.0461   999.5449 0.0000e+00
      6.062      0.016     0.1535      2.387     56.804  42.093625    -0.2644     15.708   146.2026 1.2366e-01     9.0798      5.943      8.620    12.0388   999.5456 0.0000e+00
      6.063      0.007     0.1640      2.343     56.697  42.018578    -0.2586     15.708   145.7886 1.2371e-01     9.0641      5.945      8.623    12.0349   999.5461 0.0000e+00
      6.063      0.002     0.1755      2.233     56.656  41.993912    -0.2581     15.708   145.6579 1.2382e-01     9.0490      5.946      8.625    12.0398   999.5455 0.0000e+00
      6.063      0.001     0.1804      2.093     56.638  41.985830    -0.2682     15.708   145.7408 1.2387e-01     9.0343      5.945      8.623    12.0455   999.5448 0.0000e+00
      6.063      0.001     0.1807      1.955     56.630  41.984335    -0.2665     15.708   145.8439 1.2381e-01     9.0244      5.946      8.624    12.0486   999.5444 0.0000e+00
      6.063      0.000     0.1789      1.825     56.613  41.975855    -0.2568     15.707   146.0444 1.2374e-01     9.0328      5.946      8.624    12.0520   999.5440 0.0000e+00
      6.063      0.000     0.1687      1.733     56.563  41.946778    -0.2551     15.707   146.1006 1.2375e-01     9.0323      5.946      8.624    12.0576   999.5433 0.0000e+00
      6.064      0.000     0.1571      1.708     56.471  41.886690    -0.2650     15.707   146.0075 1.2380e-01     9.0183      5.946      8.625    12.0632   999.5427 0.0000e+00
      6.064      0.001     0.1476      1.755     56.371  41.820649    -0.2714     15.707   145.9514 1.2385e-01     9.0690      5.946      8.625    12.0655   999.5424 0.0000e+00
      6.064      0.005     0.1362      1.881     56.306  41.783070    -0.2654     15.707   146.0241 1.2387e-01     9.1652      5.946      8.624    12.0689   999.5420 0.0000e+00
      6.064      0.013     0.1283      2.090     56.325  41.813214    -0.2604     15.707   146.5431 1.2384e-01     9.2202      5.946      8.625    12.0763   999.5412 0.0000e+00
      6.064      0.021     0.1269      2.359     56.462  41.931224    -0.2576     15.707   147.2361 1.2380e-01     9.2193      5.946      8.625    12.0852   999.5401 0.0000e+00
      6.068      0.027     0.1300      2.654     56.552  42.003842    -0.2603     15.706   147.5201 1.2377e-01     9.1887      5.947      8.626    12.0915   999.5393 0.0000e+00
      6.080      0.031     0.1391      2.957     56.544  41.992964    -0.2646     15.704   147.5678 1.2374e-01     9.1927      5.956      8.640    12.0971   999.5387 0.0000e+00
      6.098      0.036     0.1555      3.239     56.805  42.180574    -0.2623     15.703   147.5546 1.2369e-01     9.2333      5.984      8.679    12.1134   999.5370 0.0000e+00
      6.109      0.042     0.1770      3.498     57.580  42.748692    -0.2516     15.704   147.8764 1.2362e-01     9.1997      5.997      8.697    12.1348   999.5346 0.0000e+00
      6.110      0.049     0.1990      3.774     58.394  43.339167    -0.2207     15.705   148.5331 1.2363e-01     9.0610      5.988      8.686    12.1380   999.5342 0.0000e+00
      6.116      0.057     0.2229      4.088     58.868  43.670052    -0.2030     15.705   148.8700 1.2370e-01     8.9288      5.994      8.694    12.1287   999.5353 0.0000e+00
      6.132      0.068     0.2448      4.403     59.370  44.019594    -0.2091     15.706   149.1107 1.2367e-01     8.9064      6.013      8.721    12.1245   999.5358 0.0000e+00
      6.156      0.085     0.2622      4.687     60.155  44.581620    -0.1994     15.707   149.2066 1.2363e-01     9.0308      6.035      8.754    12.1213   999.5367 0.0000e+00
      6.181      0.101     0.2825      4.921     61.346  45.450011    -0.1811     15.707   149.3408 1.2364e-01     9.1962      6.062      8.794    12.1096   999.5386 0.0000e+00
      6.206      0.107     0.3076      5.086     62.375  46.202100    -0.1786     15.708   150.0445 1.2367e-01     9.2247      6.083      8.824    12.0883   999.5410 0.0000e+00
      6.238      0.101     0.3327      5.162     62.360  46.183156    -0.1880     15.709   150.5743 1.2374e-01     9.1689      6.112      8.864    12.0677   999.5438 0.0000e+00
      6.279      0.088     0.3539      5.096     61.841  45.792450    -0.1992     15.708   150.4115 1.2377e-01     9.1395      6.161      8.936    12.0516   999.5461 0.0000e+00
      6.311      0.073     0.3728      4.848     61.591  45.605075    -0.2186     15.708   149.9696 1.2374e-01     9.1095      6.201      8.994    12.0399   999.5481 0.0000e+00
      6.318      0.057     0.3851      4.461     61.625  45.631878    -0.2418     15.708   149.8772 1.2375e-01     9.0815      6.200      8.993    12.0334   999.5495 0.0000e+00
      6.315      0.041     0.3924      3.984     61.765  45.735588    -0.2611     15.708   150.1552 1.2380e-01     9.0404      6.187      8.975    12.0271   999.5499 0.0000e+00
      6.318      0.026     0.3900      3.446     61.911  45.843168    -0.2706     15.707   150.3190 1.2383e-01     8.9902      6.195      8.985    12.0195   999.5506 0.0000e+00
      6.327      0.018     0.3686      2.901     62.096  45.980251    -0.2607     15.707   150.3088 1.2383e-01     8.9899      6.205      8.999    12.0178   999.5508 0.0000e+00
      6.337      0.017     0.3383      2.389     62.204  46.059721    -0.2465     15.707   150.2041 1.2378e-01     9.0024      6.215      9.014    12.0214   999.5504 0.0000e+00
      6.343      0.016     0.3023      1.916     61.922  45.851663    -0.2415     15.707   149.9994 1.2373e-01     9.0043      6.223      9.025    12.0215   999.5505 0.0000e+00
      6.344      0.012     0.2600      1.533     61.266  45.369358    -0.2484     15.706   149.8994 1.2372e-01     9.0123      6.221      9.022    12.0209   999.5506 0.0000e+00
      6.344      0.007     0.2169      1.278     60.659  44.926503    -0.2636     15.706   150.0268 1.2369e-01     8.9963      6.221      9.022    12.0209   999.5507 0.0000e+00
      6.345      0.003     0.1799      1.113     60.323  44.687447    -0.2632     15.706   150.1632 1.2368e-01     8.9831      6.223      9.026    12.0197   999.5509 0.0000e+00
      6.345      0.001     0.1421      1.028     60.158  44.574075    -0.2534     15.706   150.0005 1.2372e-01     8.9904      6.222      9.024    12.0202   999.5508 0.0000e+00
      6.345      0.001     0.1108      1.002     59.974  44.444565    -0.2497     15.706   149.6939 1.2375e-01     9.0149      6.222      9.025    12.0222   999.5502 0.0000e+00
      6.345      0.000     0.0951      1.003     59.723  44.264315    -0.2462     15.705   149.7256 1.2375e-01     8.9702      6.223      9.026    12.0282   999.5493 0.0000e+00
      6.345      0.000     0.0811      1.020     59.505  44.108831    -0.2583     15.705   149.9532 1.2370e-01     8.8279      6.222      9.024    12.0373   999.5482 0.0000e+00
      6.345      0.001     0.0760      1.070     59.296  43.961323    -0.2729     15.704   150.1237 1.2367e-01     8.7709      6.222      9.025    12.0456   999.5472 0.0000e+00
      6.345      0.004     0.0748      1.148     59.084  43.814005    -0.2613     15.704   149.9792 1.2373e-01     8.7959      6.223      9.026    12.0511   999.5465 0.0000e+00
      6.345      0.008     0.0754      1.238     58.947  43.724308    -0.2508     15.704   149.4963 1.2375e-01     8.7869      6.223      9.025    12.0546   999.5460 0.0000e+00
      6.346      0.010     0.0759      1.362     58.899  43.702111    -0.2611     15.704   149.2762 1.2367e-01     8.7307      6.223      9.026    12.0596   999.5454 0.0000e+00
      6.349      0.012     0.0793      1.496     59.015  43.799571    -0.2704     15.704   149.3829 1.2364e-01     8.6993      6.225      9.028    12.0660   999.5446 0.0000e+00
      6.357      0.012     0.0873      1.636     59.213  43.950433    -0.2684     15.704   149.6684 1.2368e-01     8.7508      6.234      9.042    12.0737   999.5436 0.0000e+00
      6.363      0.011     0.0909      1.798     59.288  44.002538    -0.2654     15.704   149.7163 1.2370e-01     8.8737      6.243      9.056    12.0844   999.5424 0.0000e+00
      6.364      0.009     0.1030      1.982     59.267  43.985176    -0.2634     15.704   149.2740 1.2375e-01     9.0176      6.240      9.051    12.0965   999.5410 0.0000e+00
      6.364      0.007     0.1126      2.194     59.276  43.994446    -0.2620     15.704   149.0521 1.2377e-01     9.0480      6.240      9.050    12.1083   999.5397 0.0000e+00
      6.365      0.007     0.1219      2.407     59.432  44.114624    -0.2680     15.704   149.2714 1.2371e-01     9.0007      6.243      9.055    12.1123   999.5394 0.0000e+00
      6.365      0.011     0.1354      2.602     59.755  44.358980    -0.2599     15.704   149.6022 1.2370e-01     8.9954      6.241      9.053    12.1056   999.5401 0.0000e+00
      6.365      0.019     0.1476      2.807     60.335  44.790415    -0.2302     15.704   149.7816 1.2375e-01     9.0187      6.241      9.052    12.1024   999.5404 0.0000e+00
      6.369      0.024     0.1652      3.029     60.816  45.140867    -0.2042     15.704   149.7199 1.2378e-01     9.0420      6.244      9.058    12.1064   999.5399 0.0000e+00
      6.378      0.026     0.1821      3.224     60.700  45.040916    -0.1941     15.704   149.6295 1.2378e-01     9.0374      6.252      9.068    12.1102   999.5397 0.0000e+00
      6.393      0.027     0.1952      3.387     60.545  44.915191    -0.1941     15.704   149.6356 1.2378e-01     8.9976      6.270      9.094    12.1153   999.5392 0.0000e+00
      6.405      0.027     0.2097      3.532     60.859  45.144471    -0.2044     15.704   149.7072 1.2375e-01     8.9728      6.286      9.118    12.1184   999.5391 0.0000e+00
      6.407      0.026     0.2292      3.643     61.466  45.590994    -0.2235     15.704   149.9799 1.2375e-01     9.0115      6.284      9.114    12.1122   999.5403 0.0000e+00
      6.405      0.024     0.2436      3.741     61.940  45.933266    -0.2336     15.704   150.3516 1.2377e-01     9.0536      6.279      9.106    12.0972   999.5417 0.0000e+00
      6.410      0.023     0.2545      3.803     62.103  46.044824    -0.2505     15.705   150.3288 1.2374e-01     9.0353      6.285      9.116    12.0861   999.5429 0.0000e+00
      6.419      0.024     0.2677      3.790     62.289  46.177929    -0.2662     15.705   150.1352 1.2369e-01     8.9958      6.294      9.129    12.0867   999.5430 0.0000e+00
      6.428      0.027     0.2737      3.732     62.595  46.399762    -0.2517     15.704   150.1619 1.2367e-01     8.9883      6.304      9.143    12.0864   999.5433 0.0000e+00
      6.435      0.027     0.2820      3.623     62.661  46.441252    -0.2369     15.704   150.5657 1.2363e-01     9.0142      6.311      9.154    12.0761   999.5448 0.0000e+00
      6.441      0.025     0.2898      3.454     62.305  46.171624    -0.2395     15.705   151.1462 1.2367e-01     9.0335      6.315      9.160    12.0660   999.5460 0.0000e+00
      6.449      0.020     0.2853      3.255     61.896  45.869881    -0.2546     15.705   151.2436 1.2379e-01     8.9472      6.325      9.172    12.0649   999.5462 0.0000e+00
      6.456      0.016     0.2826      3.043     61.676  45.713546    -0.2670     15.704   150.9687 1.2380e-01     8.7946      6.335      9.186    12.0620   999.5467 0.0000e+00
      6.457      0.011     0.2749      2.836     61.532  45.614709    -0.2555     15.704   150.7481 1.2372e-01     8.7676      6.334      9.186    12.0533   999.5478 0.0000e+00
      6.457      0.007     0.2604      2.656     61.457  45.563733    -0.2396     15.703   151.0708 1.2362e-01     8.8269      6.331      9.182    12.0472   999.5483 0.0000e+00
      6.458      0.006     0.2456      2.490     61.508  45.605114    -0.2466     15.703   151.8588 1.2361e-01     8.7904      6.334      9.187    12.0490   999.5479 0.0000e+00
      6.459      0.006     0.2290      2.323     61.678  45.734110    -0.2639     15.703   152.2747 1.2366e-01     8.7037      6.335      9.188    12.0567   999.5470 0.0000e+00
      6.459      0.010     0.2127      2.189     61.923  45.917097    -0.2681     15.703   152.2278 1.2371e-01     8.7412      6.333      9.186    12.0633   999.5461 0.0000e+00
      6.461      0.015     0.1992      2.098     62.433  46.293809    -0.2590     15.703   152.2388 1.2372e-01     8.7966      6.335      9.189    12.0673   999.5456 0.0000e+00
      6.466      0.019     0.1883      2.013     63.123  46.796789    -0.2498     15.703   152.4929 1.2370e-01     8.8929      6.341      9.196    12.0700   999.5454 0.0000e+00
      6.471      0.021     0.1738      1.965     63.309  46.919117    -0.2523     15.704   152.8052 1.2373e-01     9.1157      6.345      9.201    12.0720   999.5453 0.0000e+00
      6.480      0.022     0.1627      1.967     63.194  46.820455    -0.2601     15.705   153.0027 1.2378e-01     9.1911      6.354      9.215    12.0734   999.5452 0.0000e+00
