Data/DataNotYetUploadedToEDI/Raw_CTD/RawDownloads/092719_fcr_50.cnv
* Sea-Bird SBE19plus  Data File:
* FileName = C:\DATA\092719_fcr_0003.hex
* Software version 2.8.0.119 SB_Terminal.dll
* Temperature SN = 7809
* Conductivity SN = 7809
* System UpLoad Time = Sep 28 2019 13:25:39
* <ApplicationData>
* <Seaterm232>
# nquan = 16
# nvalues = 910                         
# units = specified
# name 0 = depFM: Depth [fresh water, m]
# name 1 = dz/dtM: Descent Rate [m/s]
# name 2 = sbeox0ML/L: Oxygen, SBE 43 [ml/l]
# name 3 = sbeox0PS: Oxygen, SBE 43 [% saturation]
# name 4 = specc: Specific Conductance [uS/cm]
# name 5 = c0uS/cm: Conductivity [uS/cm]
# name 6 = flECO-AFL: Fluorescence, WET Labs ECO-AFL/FL [mg/m^3]
# name 7 = ph: pH
# name 8 = orp: Oxidation Reduction Potential [mV]
# name 9 = par/sat/log: PAR/Logarithmic, Satlantic
# name 10 = turbWETntu0: Turbidity, WET Labs ECO [NTU]
# name 11 = prdM: Pressure, Strain Gauge [db]
# name 12 = prdE: Pressure, Strain Gauge [psi]
# name 13 = tv290C: Temperature [ITS-90, deg C]
# name 14 = density00: Density [density, kg/m^3]
# name 15 = flag:  0.000e+00
# span 0 =     -0.547,      9.622       
# span 1 =     -0.280,      0.131       
# span 2 =     0.0666,     6.2643       
# span 3 =      0.969,    102.531       
# span 4 =      0.612,    143.749       
# span 5 =   0.605811, 108.742680       
# span 6 =    -0.4562,    13.3140       
# span 7 =     -2.349,      8.110       
# span 8 = -1234.6939,  1228.2263       
# span 9 = 1.2347e-01, 1.1676e+03       
# span 10 =    -3.2227,    64.0445      
# span 11 =     -0.537,      9.436      
# span 12 =     -0.778,     13.686      
# span 13 =    12.7485,    24.5449      
# span 14 =   997.1686,   999.5026      
# span 15 = 0.0000e+00, 0.0000e+00      
# interval = seconds: 0.25
# start_time = Sep 27 2019 11:19:24 [Instrument's time stamp, header]
# bad_flag = -9.990e-29
*END*
[from data line 633]
      6.180      0.032     1.4543     19.772     57.569  43.527220     0.2647      6.176    66.8417 1.2369e-01    10.8172      6.062      8.792    12.7973   999.4558 0.0000e+00
      6.185      0.028     1.4559     19.761     57.568  43.526094     0.2758      6.176    66.8685 1.2361e-01    10.8636      6.065      8.797    12.7968   999.4559 0.0000e+00
      6.191      0.026     1.4620     19.742     57.571  43.526095     0.3018      6.175    67.3769 1.2361e-01    10.9071      6.070      8.804    12.7983   999.4557 0.0000e+00
      6.200      0.025     1.4654     19.721     57.575  43.527231     0.3274      6.174    68.3417 1.2369e-01    10.9174      6.081      8.819    12.8012   999.4554 0.0000e+00
      6.209      0.025     1.4639     19.721     57.593  43.539824     0.3340      6.173    69.0697 1.2368e-01    10.8894      6.091      8.833    12.8023   999.4553 0.0000e+00
      6.214      0.024     1.4633     19.723     57.609  43.551359     0.3303      6.173    69.4687 1.2363e-01    10.8309      6.095      8.839    12.8008   999.4555 0.0000e+00
      6.218      0.022     1.4626     19.701     57.593  43.539700     0.3340      6.173    69.6379 1.2359e-01    10.8988      6.098      8.844    12.7988   999.4558 0.0000e+00
      6.223      0.021     1.4593     19.686     57.574  43.525857     0.3448      6.173    69.8251 1.2359e-01    11.0874      6.103      8.851    12.7970   999.4560 0.0000e+00
      6.228      0.024     1.4603     19.687     57.554  43.510972     0.3473      6.172    70.1833 1.2361e-01    11.1780      6.108      8.859    12.7962   999.4561 0.0000e+00
      6.233      0.030     1.4621     19.672     57.524  43.486729     0.3384      6.171    70.6997 1.2361e-01    11.1422      6.111      8.864    12.7964   999.4562 0.0000e+00
      6.238      0.037     1.4584     19.647     57.525  43.486720     0.3331      6.170    71.3357 1.2364e-01    11.0477      6.116      8.870    12.7967   999.4561 0.0000e+00
      6.248      0.044     1.4566     19.630     57.557  43.510857     0.3349      6.169    71.8509 1.2364e-01    10.9532      6.127      8.885    12.7971   999.4561 0.0000e+00
      6.263      0.050     1.4593     19.620     57.576  43.524587     0.3427      6.169    72.1113 1.2368e-01    10.9168      6.142      8.908    12.7969   999.4562 0.0000e+00
      6.280      0.055     1.4569     19.624     57.577  43.525722     0.3493      6.169    72.3325 1.2375e-01    10.9029      6.159      8.934    12.7959   999.4564 0.0000e+00
      6.296      0.059     1.4546     19.644     57.575  43.524587     0.3452      6.168    72.7186 1.2377e-01    10.8832      6.175      8.956    12.7949   999.4566 0.0000e+00
      6.310      0.059     1.4537     19.675     57.557  43.510858     0.3369      6.168    73.2516 1.2373e-01    10.8421      6.187      8.973    12.7942   999.4568 0.0000e+00
      6.324      0.056     1.4524     19.702     57.525  43.486720     0.3353      6.167    73.7874 1.2373e-01    10.8319      6.201      8.994    12.7940   999.4568 0.0000e+00
      6.341      0.051     1.4530     19.730     57.524  43.486720     0.3438      6.165    73.9489 1.2373e-01    10.8914      6.218      9.019    12.7947   999.4568 0.0000e+00
      6.356      0.046     1.4542     19.755     57.554  43.510869     0.3527      6.165    73.9138 1.2366e-01    10.9389      6.235      9.044    12.7950   999.4569 0.0000e+00
      6.367      0.042     1.4575     19.758     57.571  43.524722     0.3307      6.165    74.2232 1.2358e-01    11.0120      6.246      9.059    12.7949   999.4569 0.0000e+00
      6.374      0.039     1.4588     19.756     57.574  43.527220     0.2854      6.164    74.6779 1.2357e-01    11.1532      6.250      9.065    12.7948   999.4569 0.0000e+00
      6.380      0.037     1.4607     19.756     57.591  43.541074     0.2736      6.163    75.1096 1.2356e-01    11.2693      6.254      9.071    12.7955   999.4569 0.0000e+00
      6.389      0.037     1.4644     19.753     57.622  43.565233     0.2913      6.163    75.4848 1.2352e-01    11.3019      6.264      9.086    12.7974   999.4567 0.0000e+00
      6.400      0.039     1.4627     19.742     57.620  43.565338     0.3084      6.163    75.6014 1.2352e-01    11.1868      6.276      9.104    12.7982   999.4567 0.0000e+00
      6.410      0.044     1.4630     19.727     57.585  43.542343     0.3251      6.163    75.7445 1.2357e-01    10.9593      6.286      9.118    12.7983   999.4567 0.0000e+00
      6.421      0.048     1.4631     19.710     57.580  43.541198     0.3369      6.161    76.1832 1.2358e-01    10.8121      6.296      9.132    12.7986   999.4567 0.0000e+00
      6.433      0.051     1.4628     19.691     57.593  43.551493     0.3385      6.160    76.6894 1.2355e-01    10.8167      6.308      9.149    12.7992   999.4567 0.0000e+00
      6.447      0.053     1.4622     19.686     57.578  43.539826     0.3360      6.160    77.0466 1.2358e-01    10.9822      6.322      9.170    12.8001   999.4567 0.0000e+00
      6.462      0.054     1.4602     19.692     57.560  43.527118     0.3401      6.160    77.4047 1.2361e-01    11.2076      6.337      9.192    12.8037   999.4563 0.0000e+00
      6.477      0.052     1.4599     19.700     57.555  43.524836     0.3362      6.158    77.8352 1.2361e-01    11.2803      6.353      9.214    12.8079   999.4558 0.0000e+00
      6.492      0.049     1.4569     19.714     57.535  43.512242     0.3237      6.158    78.2088 1.2363e-01    11.2379      6.366      9.233    12.8076   999.4560 0.0000e+00
      6.505      0.044     1.4575     19.726     57.519  43.501842     0.3192      6.158    78.6518 1.2365e-01    11.1867      6.380      9.253    12.8059   999.4562 0.0000e+00
      6.516      0.039     1.4581     19.745     57.553  43.526085     0.3079      6.157    79.1475 1.2364e-01    11.1530      6.391      9.269    12.8064   999.4562 0.0000e+00
      6.524      0.036     1.4580     19.769     57.591  43.551369     0.2915      6.156    79.5568 1.2363e-01    11.1583      6.398      9.279    12.8082   999.4560 0.0000e+00
      6.530      0.035     1.4599     19.779     57.599  43.553564     0.2865      6.156    79.9007 1.2364e-01    11.1528      6.404      9.287    12.8108   999.4557 0.0000e+00
      6.537      0.036     1.4600     19.777     57.602  43.552618     0.2819      6.156    80.2080 1.2362e-01    11.1192      6.410      9.298    12.8128   999.4555 0.0000e+00
      6.546      0.037     1.4611     19.767     57.590  43.539928     0.2785      6.156    80.6053 1.2358e-01    11.1123      6.418      9.309    12.8114   999.4557 0.0000e+00
      6.556      0.040     1.4644     19.758     57.576  43.527127     0.2883      6.155    81.0046 1.2355e-01    11.1348      6.428      9.323    12.8076   999.4563 0.0000e+00
      6.568      0.042     1.4645     19.758     57.575  43.524829     0.2965      6.154    81.3364 1.2353e-01    11.1298      6.441      9.341    12.8045   999.4567 0.0000e+00
      6.580      0.042     1.4647     19.748     57.560  43.512139     0.2913      6.153    81.6909 1.2352e-01    11.0843      6.453      9.359    12.8017   999.4571 0.0000e+00
      6.591      0.042     1.4638     19.731     57.545  43.500679     0.2777      6.153    82.0217 1.2356e-01    11.0433      6.464      9.375    12.7988   999.4575 0.0000e+00
      6.601      0.043     1.4626     19.727     57.562  43.513254     0.2702      6.152    82.4117 1.2361e-01    11.0602      6.474      9.390    12.7964   999.4578 0.0000e+00
      6.611      0.046     1.4639     19.741     57.594  43.537194     0.2796      6.150    82.7061 1.2367e-01    11.1246      6.484      9.404    12.7946   999.4581 0.0000e+00
      6.621      0.051     1.4629     19.747     57.592  43.536144     0.2875      6.150    82.8279 1.2369e-01    11.1667      6.491      9.415    12.7936   999.4583 0.0000e+00
      6.633      0.057     1.4608     19.746     57.545  43.500564     0.2781      6.148    83.0249 1.2364e-01    11.1437      6.502      9.431    12.7934   999.4583 0.0000e+00
      6.649      0.062     1.4601     19.750     57.529  43.487980     0.2700      6.145    83.2808 1.2359e-01    11.0754      6.519      9.455    12.7935   999.4584 0.0000e+00
      6.668      0.064     1.4627     19.751     57.559  43.510985     0.2763      6.142    83.5978 1.2357e-01    11.0615      6.539      9.484    12.7936   999.4585 0.0000e+00
      6.688      0.061     1.4626     19.747     57.575  43.524734     0.2851      6.141    83.8476 1.2354e-01    11.1396      6.558      9.512    12.7938   999.4586 0.0000e+00
      6.707      0.054     1.4621     19.763     57.574  43.527223     0.2987      6.140    83.8915 1.2355e-01    11.2004      6.579      9.542    12.7938   999.4586 0.0000e+00
      6.722      0.045     1.4627     19.807     57.585  43.541074     0.3197      6.140    83.9566 1.2358e-01    11.1739      6.595      9.566    12.7939   999.4587 0.0000e+00
      6.729      0.036     1.4632     19.843     57.609  43.565223     0.3306      6.140    84.2042 1.2360e-01    11.1149      6.601      9.574    12.7938   999.4588 0.0000e+00
      6.733      0.028     1.4617     19.857     57.601  43.565223     0.3348      6.140    84.5626 1.2361e-01    11.1087      6.602      9.576    12.7946   999.4587 0.0000e+00
      6.736      0.023     1.4622     19.853     57.563  43.541084     0.3435      6.140    84.9336 1.2361e-01    11.0992      6.606      9.581    12.7977   999.4583 0.0000e+00
      6.741      0.022     1.4675     19.843     57.541  43.527344     0.3499      6.140    85.2485 1.2366e-01    11.0006      6.610      9.588    12.8017   999.4578 0.0000e+00
      6.747      0.023     1.4695     19.835     57.539  43.526095     0.3422      6.140    85.4454 1.2367e-01    10.8994      6.616      9.595    12.8081   999.4571 0.0000e+00
      6.754      0.026     1.4705     19.820     57.542  43.525982     0.3290      6.140    85.5934 1.2357e-01    10.8591      6.623      9.605    12.8143   999.4563 0.0000e+00
      6.762      0.028     1.4696     19.797     57.548  43.525972     0.3205      6.141    85.7466 1.2352e-01    10.8736      6.631      9.618    12.8177   999.4560 0.0000e+00
      6.769      0.030     1.4683     19.778     57.555  43.525971     0.3078      6.141    86.1794 1.2354e-01    10.9111      6.640      9.629    12.8207   999.4557 0.0000e+00
      6.776      0.033     1.4685     19.768     57.560  43.525972     0.2973      6.140    86.8686 1.2357e-01    10.9193      6.645      9.638    12.8210   999.4556 0.0000e+00
      6.783      0.036     1.4675     19.754     57.562  43.525972     0.2892      6.138    87.1970 1.2363e-01    10.9066      6.651      9.647    12.8182   999.4559 0.0000e+00
      6.792      0.040     1.4653     19.735     57.566  43.525971     0.2795      6.138    87.1389 1.2368e-01    10.8891      6.660      9.660    12.8142   999.4565 0.0000e+00
      6.803      0.043     1.4638     19.720     57.571  43.525962     0.2921      6.138    87.1122 1.2364e-01    11.1331      6.670      9.674    12.8087   999.4572 0.0000e+00
      6.816      0.045     1.4639     19.713     57.575  43.525859     0.3288      6.138    87.7349 1.2360e-01    11.6612      6.683      9.693    12.8058   999.4576 0.0000e+00
      6.830      0.047     1.4628     19.719     57.575  43.524714     0.3501      6.138    88.9029 1.2360e-01    11.9653      6.699      9.717    12.8056   999.4577 0.0000e+00
      6.843      0.049     1.4613     19.747     57.560  43.512120     0.3426      6.138    89.6197 1.2357e-01    11.9919      6.712      9.735    12.8025   999.4582 0.0000e+00
      6.853      0.049     1.4600     19.783     57.545  43.500576     0.3161      6.138    89.6897 1.2355e-01    11.8188      6.720      9.747    12.7987   999.4587 0.0000e+00
      6.864      0.049     1.4596     19.809     57.561  43.512130     0.2896      6.137    89.5779 1.2358e-01    11.5109      6.730      9.761    12.7963   999.4591 0.0000e+00
      6.877      0.049     1.4596     19.836     57.579  43.524830     0.2814      6.137    89.9875 1.2358e-01    11.3826      6.744      9.781    12.7943   999.4594 0.0000e+00
      6.891      0.050     1.4620     19.851     57.583  43.527130     0.2784      6.136    90.8573 1.2355e-01    11.3817      6.757      9.802    12.7938   999.4595 0.0000e+00
      6.904      0.052     1.4660     19.852     57.599  43.539941     0.2874      6.136    91.4043 1.2359e-01    11.3037      6.771      9.820    12.7943   999.4595 0.0000e+00
      6.917      0.054     1.4663     19.856     57.614  43.552734     0.3132      6.135    91.6109 1.2362e-01    11.1607      6.783      9.838    12.7939   999.4596 0.0000e+00
      6.930      0.054     1.4697     19.847     57.615  43.554816     0.3296      6.134    91.7207 1.2360e-01    11.0939      6.796      9.857    12.7928   999.4598 0.0000e+00
      6.945      0.054     1.4709     19.814     57.627  43.565113     0.3382      6.133    91.8716 1.2360e-01    11.1192      6.811      9.878    12.7922   999.4599 0.0000e+00
      6.960      0.054     1.4695     19.782     57.607  43.550239     0.3486      6.133    92.2302 1.2361e-01    11.1380      6.826      9.900    12.7926   999.4600 0.0000e+00
      6.974      0.054     1.4711     19.768     57.545  43.501971     0.3506      6.133    92.7015 1.2362e-01    11.1253      6.839      9.919    12.7938   999.4599 0.0000e+00
      6.987      0.054     1.4706     19.760     57.530  43.489472     0.3453      6.133    93.0965 1.2363e-01    11.0966      6.851      9.937    12.7949   999.4598 0.0000e+00
      7.000      0.054     1.4674     19.759     57.579  43.526110     0.3453      6.133    93.3920 1.2364e-01    11.1188      6.864      9.956    12.7966   999.4597 0.0000e+00
      7.013      0.055     1.4639     19.767     57.629  43.563978     0.3418      6.132    93.3497 1.2364e-01    11.1966      6.877      9.974    12.7966   999.4597 0.0000e+00
      7.027      0.057     1.4643     19.772     57.629  43.566352     0.3200      6.131    93.1004 1.2364e-01    11.2831      6.891      9.995    12.7952   999.4599 0.0000e+00
      7.043      0.060     1.4631     19.766     57.611  43.554815     0.2904      6.130    93.3038 1.2365e-01    11.3452      6.906     10.017    12.7944   999.4601 0.0000e+00
      7.058      0.064     1.4631     19.763     57.607  43.551486     0.2781      6.129    93.9160 1.2364e-01    11.3260      6.921     10.037    12.7933   999.4603 0.0000e+00
      7.073      0.066     1.4641     19.768     57.577  43.526100     0.2845      6.127    94.4798 1.2363e-01    11.2802      6.936     10.059    12.7931   999.4605 0.0000e+00
      7.090      0.067     1.4646     19.743     57.547  43.501847     0.3065      6.126    94.4416 1.2362e-01    11.3147      6.953     10.085    12.7959   999.4602 0.0000e+00
      7.110      0.066     1.4640     19.705     57.562  43.512236     0.3365      6.125    93.9704 1.2356e-01    11.3832      6.972     10.112    12.7989   999.4599 0.0000e+00
      7.130      0.063     1.4620     19.687     57.581  43.524716     0.3436      6.124    94.0312 1.2351e-01    11.3877      6.993     10.143    12.7974   999.4602 0.0000e+00
      7.147      0.061     1.4657     19.672     57.583  43.525747     0.3315      6.124    94.6601 1.2351e-01    11.3368      7.012     10.170    12.7949   999.4606 0.0000e+00
      7.159      0.058     1.4627     19.643     57.582  43.524697     0.3299      6.124    95.2936 1.2354e-01    11.3250      7.022     10.184    12.7938   999.4607 0.0000e+00
      7.170      0.053     1.4579     19.580     57.566  43.512017     0.3410      6.123    95.3243 1.2357e-01    11.3756      7.029     10.196    12.7922   999.4609 0.0000e+00
      7.183      0.048     1.4587     19.490     57.550  43.499433     0.3442      6.122    94.8589 1.2366e-01    11.4247      7.043     10.216    12.7911   999.4612 0.0000e+00
      7.198      0.043     1.4568     19.405     57.550  43.499538     0.3422      6.122    94.7428 1.2376e-01    11.3942      7.060     10.239    12.7907   999.4613 0.0000e+00
