Data/DataNotYetUploadedToEDI/Raw_CTD/RawDownloads/092719_fcr45.cnv
* Sea-Bird SBE19plus  Data File:
* FileName = C:\DATA\092719_fcr_0007.hex
* Software version 2.8.0.119 SB_Terminal.dll
* Temperature SN = 7809
* Conductivity SN = 7809
* System UpLoad Time = Sep 28 2019 13:26:58
* <ApplicationData>
* <Seaterm232>
# nquan = 16
# nvalues = 817                         
# units = specified
# name 0 = depFM: Depth [fresh water, m]
# name 1 = dz/dtM: Descent Rate [m/s]
# name 2 = sbeox0ML/L: Oxygen, SBE 43 [ml/l]
# name 3 = sbeox0PS: Oxygen, SBE 43 [% saturation]
# name 4 = specc: Specific Conductance [uS/cm]
# name 5 = c0uS/cm: Conductivity [uS/cm]
# name 6 = flECO-AFL: Fluorescence, WET Labs ECO-AFL/FL [mg/m^3]
# name 7 = ph: pH
# name 8 = orp: Oxidation Reduction Potential [mV]
# name 9 = par/sat/log: PAR/Logarithmic, Satlantic
# name 10 = turbWETntu0: Turbidity, WET Labs ECO [NTU]
# name 11 = prdM: Pressure, Strain Gauge [db]
# name 12 = prdE: Pressure, Strain Gauge [psi]
# name 13 = tv290C: Temperature [ITS-90, deg C]
# name 14 = density00: Density [density, kg/m^3]
# name 15 = flag:  0.000e+00
# span 0 =     -0.545,      7.367       
# span 1 =     -0.276,      0.308       
# span 2 =     0.0793,     6.8101       
# span 3 =      1.083,    111.699       
# span 4 =      1.228,    104.295       
# span 5 =   1.094429,  87.336116       
# span 6 =    -2.2153,   236.8778       
# span 7 =      6.331,      8.739       
# span 8 =  -998.1729,   143.0118       
# span 9 = 1.2347e-01, 1.9643e+03       
# span 10 =    -0.5108,   894.4556      
# span 11 =     -0.538,      7.225      
# span 12 =     -0.780,     10.479      
# span 13 =    12.6032,    22.9379      
# span 14 =   997.5716,   999.4937      
# span 15 = 0.0000e+00, 0.0000e+00      
# interval = seconds: 0.25
# start_time = Sep 27 2019 13:17:03 [Instrument's time stamp, header]
# bad_flag = -9.990e-29
*END*
[from data line 724]
      6.763      0.076     1.0303     13.884     57.436  43.358340     0.1838      6.405    73.1254 1.2374e-01     9.5521      6.634      9.622    12.7599   999.4630 0.0000e+00
      6.783      0.071     1.0305     13.866     57.434  43.353841     0.1589      6.404    73.3526 1.2374e-01     9.4524      6.654      9.650    12.7574   999.4634 0.0000e+00
      6.798      0.064     1.0317     13.880     57.460  43.371841     0.1436      6.402    73.5536 1.2367e-01     9.4987      6.667      9.670    12.7519   999.4642 0.0000e+00
      6.810      0.055     1.0321     13.896     57.483  43.385478     0.1556      6.401    73.7501 1.2366e-01     9.5877      6.678      9.685    12.7456   999.4650 0.0000e+00
      6.823      0.048     1.0293     13.896     57.499  43.391724     0.1901      6.401    74.0071 1.2365e-01     9.5782      6.691      9.703    12.7410   999.4657 0.0000e+00
      6.837      0.042     1.0267     13.882     57.496  43.383867     0.2143      6.401    74.2524 1.2363e-01     9.5153      6.706      9.726    12.7391   999.4660 0.0000e+00
      6.847      0.038     1.0293     13.821     57.461  43.353972     0.2150      6.400    74.4788 1.2358e-01     9.4820      6.717      9.742    12.7385   999.4661 0.0000e+00
      6.855      0.034     1.0315     13.707     57.456  43.347742     0.1898      6.398    74.7654 1.2359e-01     9.5038      6.722      9.749    12.7356   999.4665 0.0000e+00
      6.862      0.030     1.0301     13.580     57.490  43.372030     0.1610      6.398    75.0506 1.2361e-01     9.5498      6.728      9.759    12.7291   999.4673 0.0000e+00
      6.869      0.026     1.0314     13.415     57.518  43.393642     0.1521      6.398    75.2595 1.2354e-01     9.5459      6.737      9.771    12.7236   999.4681 0.0000e+00
      6.875      0.024     1.0272     13.175     57.550  43.418562     0.1523      6.398    75.3983 1.2358e-01     9.4886      6.743      9.780    12.7216   999.4683 0.0000e+00
      6.880      0.027     1.0163     12.920     57.549  43.419359     0.1635      6.397    75.5240 1.2370e-01     9.4466      6.747      9.786    12.7188   999.4687 0.0000e+00
      6.885      0.034     1.0080     12.692     57.527  43.403276     0.1917      6.395    75.6620 1.2371e-01     9.4645      6.753      9.794    12.7175   999.4689 0.0000e+00
      6.891      0.044     0.9985     12.459     57.543  43.414596     0.2155      6.393    75.8617 1.2365e-01     9.5086      6.757      9.800    12.7187   999.4687 0.0000e+00
      6.901      0.054     0.9775     12.254     57.567  43.429229     0.2173      6.393    76.0456 1.2360e-01     9.5217      6.763      9.810    12.7193   999.4688 0.0000e+00
      6.918      0.064     0.9561     12.096     57.606  43.453205     0.1882      6.393    76.1647 1.2361e-01     9.5562      6.782      9.836    12.7206   999.4687 0.0000e+00
      6.942      0.072     0.9433     11.971     57.694  43.513993     0.1492      6.392    76.3551 1.2368e-01     9.6313      6.809      9.875    12.7215   999.4686 0.0000e+00
      6.965      0.075     0.9228     11.900     57.804  43.592741     0.1364      6.390    76.6274 1.2369e-01     9.6773      6.831      9.907    12.7216   999.4688 0.0000e+00
      6.985      0.074     0.9072     11.860     57.878  43.643376     0.1460      6.389    76.8764 1.2365e-01     9.7187      6.849      9.934    12.7191   999.4692 0.0000e+00
      7.006      0.069     0.8977     11.812     58.021  43.745230     0.1522      6.389    77.0424 1.2361e-01     9.7703      6.871      9.966    12.7126   999.4700 0.0000e+00
      7.024      0.064     0.8857     11.733     58.532  44.125774     0.1596      6.386    77.1705 1.2357e-01     9.8101      6.891      9.995    12.7071   999.4709 0.0000e+00
      7.036      0.060     0.8827     11.590     59.285  44.688580     0.1838      6.384    77.3071 1.2359e-01     9.8715      6.900     10.008    12.7041   999.4713 0.0000e+00
      7.047      0.056     0.8806     11.349     59.740  45.025640     0.2023      6.384    77.4036 1.2363e-01     9.9232      6.907     10.018    12.7001   999.4719 0.0000e+00
      7.062      0.051     0.8773     10.987     59.750  45.026131     0.2091      6.383    77.4777 1.2366e-01     9.9437      6.924     10.043    12.6943   999.4727 0.0000e+00
      7.078      0.046     0.8728     10.493     59.572  44.885005     0.2142      6.382    77.6003 1.2366e-01     9.9884      6.943     10.071    12.6898   999.4735 0.0000e+00
      7.091      0.042     0.8628      9.903     59.437  44.779812     0.2127      6.382    77.6811 1.2364e-01    10.0699      6.955     10.087    12.6875   999.4742 0.0000e+00
      7.101      0.041     0.8458      9.269     59.426  44.770253     0.2071      6.382    77.6801 1.2363e-01    10.1101      6.964     10.101    12.6823   999.4750 0.0000e+00
      7.108      0.041     0.8194      8.583     59.678  44.959931     0.2073      6.380    77.6743 1.2362e-01    10.1133      6.972     10.112    12.6748   999.4760 0.0000e+00
      7.112      0.046     0.7825      7.830     60.377  45.485661     0.2156      6.377    77.6979 1.2365e-01    10.1418      6.974     10.114    12.6692   999.4765 0.0000e+00
      7.120      0.054     0.7355      7.028     61.122  46.046618     0.2205      6.374    77.7078 1.2374e-01    10.1597      6.979     10.122    12.6659   999.4770 0.0000e+00
      7.136      0.062     0.6900      6.205     61.351  46.217629     0.2150      6.372    77.5351 1.2376e-01    10.1666      6.996     10.146    12.6656   999.4771 0.0000e+00
      7.159      0.068     0.6395      5.437     61.271  46.156270     0.2001      6.370    77.1589 1.2369e-01    10.1924      7.020     10.182    12.6661   999.4770 0.0000e+00
      7.183      0.072     0.5825      4.793     61.241  46.130291     0.1967      6.367    76.6860 1.2359e-01    10.4716      7.046     10.219    12.6652   999.4776 0.0000e+00
      7.204      0.072     0.5232      4.282     61.281  46.157532     0.2091      6.365    76.2056 1.2353e-01    10.9856      7.066     10.249    12.6642   999.4783 0.0000e+00
      7.220      0.066     0.4594      3.889     61.386  46.231620     0.2109      6.364    75.9105 1.2352e-01    11.2616      7.080     10.269    12.6640   999.4784 0.0000e+00
      7.235      0.058     0.4001      3.619     61.521  46.327530     0.2013      6.363    75.7850 1.2354e-01    11.2861      7.095     10.290    12.6622   999.4786 0.0000e+00
      7.249      0.049     0.3524      3.450     61.659  46.428093     0.1964      6.361    75.6345 1.2358e-01    11.3470      7.111     10.314    12.6599   999.4789 0.0000e+00
      7.261      0.041     0.3157      3.320     61.750  46.494931     0.2048      6.360    75.4685 1.2363e-01    11.4739      7.122     10.329    12.6580   999.4792 0.0000e+00
      7.270      0.034     0.2854      3.189     61.758  46.500598     0.2160      6.360    75.3261 1.2371e-01    11.5424      7.130     10.342    12.6536   999.4799 0.0000e+00
      7.278      0.028     0.2659      3.045     61.750  46.496613     0.2187      6.360    75.1169 1.2375e-01    11.5522      7.139     10.354    12.6480   999.4806 0.0000e+00
      7.284      0.023     0.2554      2.882     61.847  46.573758     0.2120      6.360    74.8318 1.2370e-01    11.5275      7.144     10.361    12.6450   999.4810 0.0000e+00
      7.288      0.021     0.2471      2.694     62.225  46.861804     0.2041      6.360    74.5464 1.2366e-01    11.2765      7.147     10.366    12.6442   999.4812 0.0000e+00
      7.291      0.021     0.2371      2.495     62.908  47.375569     0.2101      6.359    74.3329 1.2369e-01    10.8771      7.149     10.369    12.6439   999.4813 0.0000e+00
      7.295      0.022     0.2267      2.322     64.193  48.340110     0.2149      6.358    74.2298 1.2369e-01    10.6633      7.153     10.375    12.6450   999.4811 0.0000e+00
      7.301      0.024     0.2148      2.185     66.587  50.140461     0.2095      6.357    74.2461 1.2365e-01    10.6255      7.160     10.385    12.6493   999.4806 0.0000e+00
      7.309      0.025     0.2006      2.054     70.063  52.756451     0.2063      6.356    74.2722 1.2366e-01    10.7803      7.168     10.396    12.6539   999.4803 0.0000e+00
      7.317      0.025     0.1847      1.940     75.504  56.847860     0.2017      6.356    74.2011 1.2369e-01    11.0930      7.175     10.407    12.6531   999.4806 0.0000e+00
      7.324      0.024     0.1708      1.863     81.689  61.487409     0.1976      6.355    74.1604 1.2369e-01    11.2597      7.183     10.418    12.6488   999.4814 0.0000e+00
      7.330      0.022     0.1632      1.814     84.369  63.481880     0.2000      6.354    74.2101 1.2373e-01    11.2887      7.188     10.426    12.6470   999.4827 0.0000e+00
      7.334      0.020     0.1521      1.784     81.610  61.390002     0.2050      6.352    74.2859 1.2372e-01    11.4105      7.192     10.430    12.6468   999.4837 0.0000e+00
      7.337      0.018     0.1431      1.776     76.085  57.229073     0.2052      6.351    74.3020 1.2361e-01    11.6182      7.195     10.436    12.6457   999.4857 0.0000e+00
      7.342      0.017     0.1377      1.756     73.940  55.621052     0.1947      6.350    74.3191 1.2352e-01    11.7032      7.200     10.443    12.6350   999.4902 0.0000e+00
      7.347      0.016     0.1346      1.693     75.520  56.817452     0.1900      6.349    74.4931 1.2355e-01    11.7162      7.205     10.449    12.6158   999.4934 0.0000e+00
      7.352      0.014     0.1318      1.636     76.373  57.462580     0.2181      6.349    74.5994 1.2360e-01    12.0382      7.210     10.457    12.6061   999.4937 0.0000e+00
      7.356      0.012     0.1320      1.592     75.841  57.067977     0.2572      6.349    74.4860 1.2361e-01    12.6146      7.214     10.464    12.6032   999.4907 0.0000e+00
      7.358      0.009     0.1333      1.529     74.555  56.112786     0.2717      6.349    74.4982 1.2361e-01    12.9168      7.217     10.467    12.6080   999.4895 0.0000e+00
      7.360      0.006     0.1249      1.477     73.310  55.189904     0.2717      6.349    74.6605 1.2363e-01    12.9069      7.218     10.469    12.6168   999.4902 0.0000e+00
      7.360      0.004     0.1208      1.480     72.787  54.804553     0.2662      6.348    74.6420 1.2363e-01    12.7566      7.218     10.469    12.6161   999.4900 0.0000e+00
      7.360      0.002     0.1197      1.547     72.808  54.820783     0.2579      6.348    74.5324 1.2360e-01    12.5413      7.218     10.469    12.6178   999.4898 0.0000e+00
      7.360      0.001     0.1133      1.682     72.716  54.750836     0.2580      6.348    74.5401 1.2361e-01    12.4673      7.218     10.469    12.6281   999.4880 0.0000e+00
      7.361      0.001     0.1079      1.884     72.084  54.276473     0.2682      6.348    74.5623 1.2363e-01    12.5169      7.219     10.470    12.6409   999.4858 0.0000e+00
      7.361      0.001     0.1084      2.122     71.682  53.977164     0.2850      6.348    74.5431 1.2362e-01    12.8134      7.219     10.470    12.6468   999.4850 0.0000e+00
      7.361      0.001     0.1136      2.374     71.782  54.054326     0.3050      6.347    74.5668 1.2363e-01    13.3649      7.219     10.470    12.6444   999.4853 0.0000e+00
      7.362      0.001     0.1226      2.611     71.883  54.129440     0.3200      6.346    74.5904 1.2365e-01    13.6796      7.219     10.471    12.6435   999.4856 0.0000e+00
      7.362      0.001     0.1394      2.799     71.623  53.932413     0.3273      6.346    74.6555 1.2366e-01    13.7020      7.220     10.472    12.6448   999.4850 0.0000e+00
      7.362      0.001     0.1571      2.930     70.642  53.196738     0.3318      6.346    74.7523 1.2366e-01    13.6679      7.220     10.472    12.6477   999.4845 0.0000e+00
      7.362      0.000     0.1764      3.005     69.425  52.286018     0.3143      6.346    74.7281 1.2359e-01    13.3989      7.220     10.471    12.6502   999.4844 0.0000e+00
      7.362 1.8628e-08     0.1959      3.022     68.621  51.687585     0.2805      6.346    74.7071 1.2354e-01    12.9065      7.220     10.472    12.6472   999.4847 0.0000e+00
      7.362 2.0491e-07     0.2091      2.964     68.096  51.297124     0.2614      6.345    74.7565 1.2360e-01    12.6312      7.220     10.472    12.6457   999.4849 0.0000e+00
      7.362 2.0494e-07     0.2195      2.854     67.776  51.058669     0.2565      6.343    74.7233 1.2365e-01    12.5929      7.220     10.472    12.6491   999.4840 0.0000e+00
      7.363 1.8963e-08     0.2240      2.754     67.906  51.154724     0.2642      6.342    74.6493 1.2367e-01    12.6079      7.220     10.472    12.6535   999.4829 0.0000e+00
      7.363 5.3881e-09     0.2270      2.686     68.207  51.378657     0.2764      6.342    74.7232 1.2367e-01    12.6484      7.220     10.472    12.6592   999.4821 0.0000e+00
      7.363 4.0796e-08     0.2219      2.626     68.090  51.288920     0.2740      6.341    74.9272 1.2362e-01    12.6566      7.220     10.472    12.6636   999.4814 0.0000e+00
      7.363 4.4708e-07     0.2114      2.556     67.734  51.022532     0.2615      6.341    75.0510 1.2355e-01    12.6412      7.220     10.472    12.6647   999.4811 0.0000e+00
      7.363      0.000     0.2034      2.493     67.551  50.889165     0.2558      6.340    75.1019 1.2353e-01    12.5287      7.220     10.472    12.6638   999.4812 0.0000e+00
      7.362      0.000     0.1993      2.464     67.704  51.010326     0.2653      6.339    75.1984 1.2355e-01    12.3449      7.220     10.472    12.6606   999.4819 0.0000e+00
      7.362      0.001     0.1958      2.471     67.885  51.153550     0.2811      6.339    75.2724 1.2362e-01    12.2542      7.220     10.472    12.6584   999.4820 0.0000e+00
      7.362      0.002     0.1896      2.476     67.716  51.032858     0.2819      6.339    75.3071 1.2369e-01    12.2509      7.220     10.471    12.6600   999.4817 0.0000e+00
      7.363      0.002     0.1845      2.463     67.429  50.821476     0.2661      6.338    75.3599 1.2369e-01    12.2717      7.220     10.472    12.6635   999.4811 0.0000e+00
      7.364      0.002     0.1812      2.441     67.171  50.630400     0.2465      6.336    75.4808 1.2367e-01    12.3092      7.222     10.475    12.6685   999.4806 0.0000e+00
      7.366      0.002     0.1841      2.439     67.168  50.628147     0.2439      6.334    75.5639 1.2370e-01    12.3775      7.223     10.477    12.6740   999.4801 0.0000e+00
      7.366      0.002     0.1841      2.465     67.475  50.857761     0.2616      6.334    75.5905 1.2372e-01    12.4420      7.223     10.477    12.6790   999.4793 0.0000e+00
      7.366      0.001     0.1834      2.495     67.744  51.056435     0.2696      6.334    75.7168 1.2370e-01    12.4003      7.223     10.477    12.6830   999.4788 0.0000e+00
      7.366      0.000     0.1806      2.523     68.005  51.251743     0.2628      6.334    75.8004 1.2362e-01    12.2671      7.223     10.477    12.6850   999.4784 0.0000e+00
      7.366 2.0321e-08     0.1798      2.567     68.254  51.440618     0.2570      6.333    75.8274 1.2354e-01    12.1745      7.223     10.477    12.6853   999.4783 0.0000e+00
      7.366 2.2353e-07     0.1833      2.617     68.159  51.370955     0.2601      6.331    75.9569 1.2355e-01    12.1664      7.224     10.478    12.6832   999.4789 0.0000e+00
      7.366 2.2355e-07     0.1855      2.664     67.724  51.044676     0.2664      6.331    76.0756 1.2361e-01    12.2015      7.223     10.476    12.6798   999.4792 0.0000e+00
      7.366 2.0489e-08     0.1865      2.713     67.397  50.798674     0.2634      6.331    76.1443 1.2364e-01    12.2384      7.223     10.477    12.6779   999.4795 0.0000e+00
      7.366 3.6947e-09     0.1905      2.737     67.328  50.746807     0.2589      6.331    76.1856 1.2361e-01    12.2523      7.224     10.478    12.6796   999.4796 0.0000e+00
