Data/DataNotYetUploadedToEDI/Raw_CTD/RawDownloads/092719_fcr_50.cnv
* Sea-Bird SBE19plus  Data File:
* FileName = C:\DATA\092719_fcr_0003.hex
* Software version 2.8.0.119 SB_Terminal.dll
* Temperature SN = 7809
* Conductivity SN = 7809
* System UpLoad Time = Sep 28 2019 13:25:39
* <ApplicationData>
* <Seaterm232>
# nquan = 16
# nvalues = 910                         
# units = specified
# name 0 = depFM: Depth [fresh water, m]
# name 1 = dz/dtM: Descent Rate [m/s]
# name 2 = sbeox0ML/L: Oxygen, SBE 43 [ml/l]
# name 3 = sbeox0PS: Oxygen, SBE 43 [% saturation]
# name 4 = specc: Specific Conductance [uS/cm]
# name 5 = c0uS/cm: Conductivity [uS/cm]
# name 6 = flECO-AFL: Fluorescence, WET Labs ECO-AFL/FL [mg/m^3]
# name 7 = ph: pH
# name 8 = orp: Oxidation Reduction Potential [mV]
# name 9 = par/sat/log: PAR/Logarithmic, Satlantic
# name 10 = turbWETntu0: Turbidity, WET Labs ECO [NTU]
# name 11 = prdM: Pressure, Strain Gauge [db]
# name 12 = prdE: Pressure, Strain Gauge [psi]
# name 13 = tv290C: Temperature [ITS-90, deg C]
# name 14 = density00: Density [density, kg/m^3]
# name 15 = flag:  0.000e+00
# span 0 =     -0.547,      9.622       
# span 1 =     -0.280,      0.131       
# span 2 =     0.0666,     6.2643       
# span 3 =      0.969,    102.531       
# span 4 =      0.612,    143.749       
# span 5 =   0.605811, 108.742680       
# span 6 =    -0.4562,    13.3140       
# span 7 =     -2.349,      8.110       
# span 8 = -1234.6939,  1228.2263       
# span 9 = 1.2347e-01, 1.1676e+03       
# span 10 =    -3.2227,    64.0445      
# span 11 =     -0.537,      9.436      
# span 12 =     -0.778,     13.686      
# span 13 =    12.7485,    24.5449      
# span 14 =   997.1686,   999.5026      
# span 15 = 0.0000e+00, 0.0000e+00      
# interval = seconds: 0.25
# start_time = Sep 27 2019 11:19:24 [Instrument's time stamp, header]
# bad_flag = -9.990e-29
*END*
[from data line 814]
      8.443      0.054     1.3983     18.951     57.578  43.525991     0.3296      6.068   116.5401 1.2357e-01    11.0250      8.281     12.010    12.7902   999.4671 0.0000e+00
      8.455      0.057     1.4000     18.934     57.560  43.512356     0.3441      6.068   116.8411 1.2361e-01    11.0650      8.289     12.023    12.7912   999.4671 0.0000e+00
      8.470      0.060     1.4031     18.949     57.547  43.501851     0.3436      6.068   117.2026 1.2367e-01    11.0971      8.305     12.045    12.7931   999.4669 0.0000e+00
      8.488      0.063     1.4040     18.962     57.580  43.525971     0.3327      6.068   117.6420 1.2367e-01    11.0860      8.324     12.073    12.7941   999.4668 0.0000e+00
      8.507      0.068     1.4050     18.956     57.614  43.550006     0.3248      6.066   118.0232 1.2367e-01    11.0620      8.341     12.099    12.7942   999.4669 0.0000e+00
      8.524      0.077     1.3997     18.941     57.601  43.538463     0.3273      6.064   118.0266 1.2367e-01    11.0691      8.359     12.124    12.7947   999.4669 0.0000e+00
      8.539      0.087     1.4040     18.895     57.571  43.513388     0.3361      6.063   117.9411 1.2363e-01    11.0737      8.373     12.144    12.7939   999.4671 0.0000e+00
      8.557      0.097     1.4056     18.850     57.558  43.500812     0.3443      6.061   118.1934 1.2359e-01    11.0842      8.387     12.164    12.7930   999.4673 0.0000e+00
      8.584      0.102     1.4028     18.828     57.577  43.513399     0.3488      6.058   118.5819 1.2360e-01    11.0983      8.414     12.203    12.7924   999.4675 0.0000e+00
      8.620      0.102     1.4052     18.808     57.611  43.538578     0.3388      6.057   118.9384 1.2368e-01    11.1783      8.452     12.259    12.7906   999.4679 0.0000e+00
      8.658      0.099     1.3987     18.785     57.629  43.551267     0.3272      6.057   118.7188 1.2376e-01    11.4293      8.495     12.320    12.7883   999.4683 0.0000e+00
      8.684      0.092     1.3954     18.745     57.614  43.539817     0.3300      6.057   118.1628 1.2372e-01    11.6758      8.523     12.361    12.7850   999.4689 0.0000e+00
      8.699      0.081     1.3952     18.698     57.597  43.527138     0.3371      6.056   118.3256 1.2364e-01    11.7651      8.533     12.375    12.7832   999.4692 0.0000e+00
      8.712      0.069     1.3928     18.665     57.593  43.524953     0.3360      6.056   118.7938 1.2363e-01    11.7560      8.541     12.387    12.7833   999.4693 0.0000e+00
      8.728      0.059     1.3924     18.644     57.576  43.513399     0.3254      6.057   119.0921 1.2363e-01    11.5981      8.559     12.413    12.7828   999.4694 0.0000e+00
      8.745      0.054     1.3889     18.622     57.576  43.514439     0.3210      6.058   118.9205 1.2363e-01    11.3639      8.578     12.441    12.7828   999.4694 0.0000e+00
      8.759      0.053     1.3843     18.592     57.606  43.537529     0.3346      6.058   118.2676 1.2361e-01    11.2842      8.590     12.458    12.7833   999.4695 0.0000e+00
      8.769      0.052     1.3825     18.578     57.607  43.538588     0.3508      6.058   118.0814 1.2357e-01    11.3223      8.598     12.471    12.7839   999.4694 0.0000e+00
      8.779      0.050     1.3809     18.596     57.592  43.527242     0.3350      6.057   118.4756 1.2357e-01    11.5300      8.610     12.486    12.7845   999.4694 0.0000e+00
      8.793      0.050     1.3800     18.622     57.593  43.527346     0.3000      6.057   118.9906 1.2360e-01    11.9271      8.623     12.507    12.7854   999.4693 0.0000e+00
      8.807      0.052     1.3767     18.661     57.609  43.539836     0.2826      6.058   119.0594 1.2363e-01    12.1252      8.637     12.528    12.7865   999.4693 0.0000e+00
      8.820      0.055     1.3747     18.716     57.624  43.551268     0.2811      6.058   118.6191 1.2362e-01    12.1229      8.649     12.545    12.7868   999.4693 0.0000e+00
      8.833      0.058     1.3779     18.756     57.607  43.538578     0.2995      6.057   118.4859 1.2357e-01    11.9643      8.661     12.562    12.7861   999.4694 0.0000e+00
      8.847      0.060     1.3789     18.774     57.573  43.513389     0.3221      6.056   118.8250 1.2355e-01    11.5843      8.675     12.581    12.7855   999.4696 0.0000e+00
      8.863      0.060     1.3811     18.790     57.556  43.500699     0.3293      6.056   119.2777 1.2359e-01    11.3305      8.690     12.604    12.7854   999.4697 0.0000e+00
      8.881      0.059     1.3873     18.798     57.572  43.512140     0.3351      6.056   119.5720 1.2359e-01    11.2550      8.709     12.631    12.7858   999.4697 0.0000e+00
      8.899      0.057     1.3903     18.789     57.589  43.524726     0.3402      6.056   119.6293 1.2357e-01    11.1953      8.728     12.658    12.7863   999.4697 0.0000e+00
      8.914      0.052     1.3902     18.765     57.593  43.525880     0.3477      6.056   119.6268 1.2359e-01    11.1656      8.743     12.680    12.7869   999.4697 0.0000e+00
      8.925      0.046     1.3920     18.731     57.597  43.526087     0.3480      6.056   119.7135 1.2366e-01    11.1586      8.754     12.696    12.7873   999.4697 0.0000e+00
      8.934      0.041     1.3931     18.699     57.602  43.527232     0.3346      6.056   119.9034 1.2371e-01    11.1438      8.762     12.707    12.7867   999.4698 0.0000e+00
      8.942      0.037     1.3918     18.684     57.621  43.539723     0.3250      6.056   120.2020 1.2370e-01    11.2155      8.769     12.718    12.7861   999.4699 0.0000e+00
      8.951      0.036     1.3904     18.666     57.635  43.550114     0.3268      6.056   120.5705 1.2361e-01    11.4029      8.778     12.731    12.7851   999.4701 0.0000e+00
      8.959      0.037     1.3875     18.617     57.600  43.525870     0.3389      6.056   120.7452 1.2356e-01    11.5086      8.785     12.742    12.7820   999.4705 0.0000e+00
      8.968      0.038     1.3848     18.561     57.564  43.500586     0.3411      6.056   120.7662 1.2357e-01    11.5105      8.795     12.755    12.7791   999.4709 0.0000e+00
      8.979      0.041     1.3839     18.512     57.562  43.498391     0.3273      6.056   120.8239 1.2358e-01    11.4918      8.806     12.772    12.7769   999.4713 0.0000e+00
      8.990      0.046     1.3845     18.457     57.566  43.499336     0.3116      6.056   121.0130 1.2355e-01    11.4796      8.816     12.786    12.7767   999.4714 0.0000e+00
      9.000      0.051     1.3791     18.403     57.583  43.512007     0.2985      6.056   121.3314 1.2352e-01    11.5271      8.826     12.800    12.7803   999.4709 0.0000e+00
      9.013      0.054     1.3742     18.359     57.599  43.524600     0.2899      6.055   121.4903 1.2354e-01    11.6061      8.838     12.817    12.7824   999.4707 0.0000e+00
      9.029      0.056     1.3722     18.329     57.598  43.524609     0.2855      6.055   121.4714 1.2355e-01    11.6158      8.853     12.841    12.7803   999.4711 0.0000e+00
      9.048      0.059     1.3671     18.313     57.582  43.512110     0.2973      6.054   121.4470 1.2353e-01    11.3822      8.874     12.870    12.7784   999.4714 0.0000e+00
      9.064      0.064     1.3632     18.323     57.567  43.500471     0.3288      6.052   121.6265 1.2355e-01    11.0101      8.890     12.894    12.7786   999.4715 0.0000e+00
      9.076      0.069     1.3595     18.348     57.581  43.510871     0.3541      6.051   122.0068 1.2358e-01    10.8532      8.900     12.909    12.7795   999.4714 0.0000e+00
      9.090      0.072     1.3579     18.378     57.581  43.510862     0.3604      6.051   122.2586 1.2353e-01    10.8942      8.912     12.926    12.7800   999.4714 0.0000e+00
      9.110      0.073     1.3556     18.407     57.569  43.500357     0.3530      6.051   122.3481 1.2352e-01    10.9488      8.933     12.956    12.7798   999.4715 0.0000e+00
      9.135      0.072     1.3571     18.429     57.585  43.510852     0.3426      6.050   122.4011 1.2356e-01    10.9890      8.959     12.995    12.7796   999.4716 0.0000e+00
      9.159      0.071     1.3594     18.451     57.585  43.510757     0.3395      6.050   122.4690 1.2352e-01    11.0520      8.985     13.031    12.7799   999.4717 0.0000e+00
      9.176      0.068     1.3614     18.478     57.570  43.499213     0.3402      6.049   122.5661 1.2347e-01    11.1203      9.001     13.055    12.7793   999.4719 0.0000e+00
      9.189      0.061     1.3640     18.497     57.569  43.498268     0.3252      6.049   122.7146 1.2347e-01    11.1922      9.010     13.068    12.7778   999.4721 0.0000e+00
      9.202      0.052     1.3652     18.503     57.570  43.499327     0.2981      6.048   122.8022 1.2350e-01    11.2990      9.022     13.086    12.7767   999.4723 0.0000e+00
      9.217      0.046     1.3666     18.503     57.586  43.512016     0.2886      6.048   122.7654 1.2355e-01    11.3296      9.040     13.112    12.7761   999.4725 0.0000e+00
      9.230      0.043     1.3693     18.489     57.603  43.524706     0.2884      6.048   122.7860 1.2357e-01    11.3009      9.054     13.131    12.7763   999.4725 0.0000e+00
      9.237      0.041     1.3712     18.475     57.605  43.525756     0.2793      6.047   122.8780 1.2362e-01    11.2789      9.058     13.138    12.7766   999.4725 0.0000e+00
      9.244      0.038     1.3702     18.475     57.606  43.524717     0.2737      6.047   122.9315 1.2367e-01    11.1955      9.064     13.147    12.7766   999.4725 0.0000e+00
      9.254      0.036     1.3719     18.480     57.591  43.512132     0.2819      6.047   123.0032 1.2366e-01    11.1111      9.074     13.161    12.7769   999.4725 0.0000e+00
      9.265      0.036     1.3696     18.482     57.576  43.500588     0.2824      6.046   123.1429 1.2364e-01    11.0783      9.086     13.177    12.7772   999.4725 0.0000e+00
      9.275      0.036     1.3680     18.472     57.591  43.512133     0.2712      6.045   123.2437 1.2363e-01    11.0618      9.097     13.194    12.7764   999.4727 0.0000e+00
      9.283      0.036     1.3692     18.453     57.607  43.524728     0.2852      6.045   123.2748 1.2356e-01    11.0747      9.103     13.203    12.7749   999.4729 0.0000e+00
      9.291      0.035     1.3689     18.436     57.607  43.525883     0.3216      6.046   123.2614 1.2352e-01    11.1024      9.110     13.213    12.7735   999.4731 0.0000e+00
      9.300      0.034     1.3700     18.417     57.607  43.526090     0.3386      6.047   123.2544 1.2357e-01    11.1019      9.120     13.228    12.7732   999.4732 0.0000e+00
      9.310      0.034     1.3689     18.397     57.607  43.527245     0.3344      6.047   123.2759 1.2358e-01    11.0698      9.130     13.243    12.7739   999.4732 0.0000e+00
      9.318      0.034     1.3670     18.372     57.624  43.539840     0.3320      6.046   123.4350 1.2356e-01    11.0087      9.138     13.254    12.7744   999.4731 0.0000e+00
      9.326      0.034     1.3661     18.346     57.639  43.551385     0.3352      6.046   123.7163 1.2361e-01    10.9207      9.145     13.265    12.7747   999.4731 0.0000e+00
      9.336      0.034     1.3645     18.343     57.624  43.539842     0.3383      6.046   123.8370 1.2371e-01    10.8579      9.155     13.279    12.7759   999.4730 0.0000e+00
      9.344      0.034     1.3631     18.354     57.608  43.527257     0.3356      6.046   123.7762 1.2372e-01    10.8392      9.164     13.291    12.7769   999.4729 0.0000e+00
      9.352      0.034     1.3615     18.357     57.607  43.526216     0.3193      6.046   123.6691 1.2373e-01    10.8581      9.171     13.301    12.7769   999.4730 0.0000e+00
      9.361      0.035     1.3582     18.361     57.610  43.527256     0.2982      6.046   123.8321 1.2373e-01    10.9559      9.180     13.314    12.7763   999.4731 0.0000e+00
      9.370      0.036     1.3584     18.359     57.627  43.539831     0.2878      6.045   124.1986 1.2364e-01    11.0709      9.189     13.327    12.7758   999.4732 0.0000e+00
      9.379      0.037     1.3607     18.354     57.642  43.551271     0.2803      6.044   124.2291 1.2357e-01    11.1343      9.198     13.341    12.7757   999.4733 0.0000e+00
      9.389      0.040     1.3594     18.369     57.624  43.538581     0.2765      6.044   123.9435 1.2358e-01    11.1984      9.207     13.354    12.7752   999.4734 0.0000e+00
      9.398      0.043     1.3608     18.384     57.589  43.513383     0.2774      6.044   123.7564 1.2359e-01    11.2556      9.217     13.368    12.7745   999.4735 0.0000e+00
      9.408      0.046     1.3608     18.399     57.571  43.500602     0.2736      6.044   124.0314 1.2360e-01    11.2693      9.226     13.381    12.7736   999.4737 0.0000e+00
      9.420      0.049     1.3585     18.423     57.584  43.511037     0.2735      6.044   124.5157 1.2363e-01    11.2980      9.237     13.396    12.7740   999.4737 0.0000e+00
      9.435      0.051     1.3616     18.431     57.586  43.512552     0.2932      6.045   124.6217 1.2361e-01    11.3080      9.252     13.419    12.7752   999.4736 0.0000e+00
      9.450      0.052     1.3620     18.430     57.595  43.518920     0.3213      6.045   124.3671 1.2358e-01    11.2264      9.268     13.442    12.7761   999.4735 0.0000e+00
      9.464      0.054     1.3624     18.460     57.687  43.588039     0.3350      6.045   123.9316 1.2360e-01    11.1294      9.281     13.461    12.7771   999.4735 0.0000e+00
      9.477      0.054     1.3657     18.501     57.855  43.713294     0.3379      6.044   123.5717 1.2363e-01    11.0857      9.294     13.480    12.7777   999.4735 0.0000e+00
      9.489      0.054     1.3663     18.516     58.093  43.890414     0.3395      6.042   123.5439 1.2361e-01    11.0918      9.306     13.497    12.7776   999.4735 0.0000e+00
      9.502      0.054     1.3640     18.519     58.263  44.015146     0.3453      6.041   123.5088 1.2360e-01    11.1051      9.318     13.514    12.7772   999.4736 0.0000e+00
      9.517      0.054     1.3671     18.508     58.268  44.014965     0.3473      6.040   123.3199 1.2362e-01    11.0821      9.333     13.536    12.7769   999.4738 0.0000e+00
      9.532      0.052     1.3726     18.474     58.442  44.142213     0.3387      6.039   123.2392 1.2355e-01    11.0440      9.349     13.558    12.7760   999.4740 0.0000e+00
      9.547      0.047     1.3713     18.401     58.971  44.537698     0.3269      6.038   123.1351 1.2351e-01    11.0376      9.363     13.579    12.7735   999.4745 0.0000e+00
      9.561      0.041     1.3731     18.266     59.487  44.923290     0.3262      6.037   123.0931 1.2361e-01    11.1023      9.377     13.599    12.7700   999.4751 0.0000e+00
      9.571      0.033     1.3718     18.079     59.922  45.248365     0.3397      6.037   123.2479 1.2369e-01    11.2040      9.387     13.616    12.7663   999.4756 0.0000e+00
      9.577      0.025     1.3698     17.854     61.246  46.245609     0.3422      6.036   123.2007 1.2368e-01    11.2508      9.392     13.623    12.7625   999.4761 0.0000e+00
      9.580      0.019     1.3662     17.587     63.775  48.153550     0.3311      6.035   122.8663 1.2365e-01    11.2426      9.395     13.626    12.7593   999.4767 0.0000e+00
      9.582      0.015     1.3550     17.266     66.172  49.963096     0.3271      6.034   122.5599 1.2363e-01    11.2362      9.397     13.629    12.7561   999.4774 0.0000e+00
      9.584      0.013     1.3410     16.880     68.014  51.357395     0.3367      6.034   122.5074 1.2366e-01    11.2713      9.398     13.631    12.7527   999.4777 0.0000e+00
      9.587      0.014     1.3248     16.404     70.857  53.515034     0.3507      6.034   122.5749 1.2366e-01    11.3389      9.401     13.636    12.7507   999.4783 0.0000e+00
      9.591      0.015     1.3047     15.796     79.723  60.233110     0.3496      6.034   122.2583 1.2358e-01    11.3982      9.405     13.641    12.7499   999.4797 0.0000e+00
