Data/DataNotYetUploadedToEDI/Raw_CTD/RawDownloads/092719_fcr_50.cnv
* Sea-Bird SBE19plus  Data File:
* FileName = C:\DATA\092719_fcr_0003.hex
* Software version 2.8.0.119 SB_Terminal.dll
* Temperature SN = 7809
* Conductivity SN = 7809
* System UpLoad Time = Sep 28 2019 13:25:39
* <ApplicationData>
* <Seaterm232>
# nquan = 16
# nvalues = 910                         
# units = specified
# name 0 = depFM: Depth [fresh water, m]
# name 1 = dz/dtM: Descent Rate [m/s]
# name 2 = sbeox0ML/L: Oxygen, SBE 43 [ml/l]
# name 3 = sbeox0PS: Oxygen, SBE 43 [% saturation]
# name 4 = specc: Specific Conductance [uS/cm]
# name 5 = c0uS/cm: Conductivity [uS/cm]
# name 6 = flECO-AFL: Fluorescence, WET Labs ECO-AFL/FL [mg/m^3]
# name 7 = ph: pH
# name 8 = orp: Oxidation Reduction Potential [mV]
# name 9 = par/sat/log: PAR/Logarithmic, Satlantic
# name 10 = turbWETntu0: Turbidity, WET Labs ECO [NTU]
# name 11 = prdM: Pressure, Strain Gauge [db]
# name 12 = prdE: Pressure, Strain Gauge [psi]
# name 13 = tv290C: Temperature [ITS-90, deg C]
# name 14 = density00: Density [density, kg/m^3]
# name 15 = flag:  0.000e+00
# span 0 =     -0.547,      9.622       
# span 1 =     -0.280,      0.131       
# span 2 =     0.0666,     6.2643       
# span 3 =      0.969,    102.531       
# span 4 =      0.612,    143.749       
# span 5 =   0.605811, 108.742680       
# span 6 =    -0.4562,    13.3140       
# span 7 =     -2.349,      8.110       
# span 8 = -1234.6939,  1228.2263       
# span 9 = 1.2347e-01, 1.1676e+03       
# span 10 =    -3.2227,    64.0445      
# span 11 =     -0.537,      9.436      
# span 12 =     -0.778,     13.686      
# span 13 =    12.7485,    24.5449      
# span 14 =   997.1686,   999.5026      
# span 15 = 0.0000e+00, 0.0000e+00      
# interval = seconds: 0.25
# start_time = Sep 27 2019 11:19:24 [Instrument's time stamp, header]
# bad_flag = -9.990e-29
*END*
[from data line 724]
      7.221      0.031     1.4511     19.261     57.602  43.538666     0.3417      6.121    95.7025 1.2371e-01    11.0530      7.084     10.274    12.7899   999.4615 0.0000e+00
      7.226      0.026     1.4429     19.220     57.620  43.552414     0.3379      6.120    96.0385 1.2366e-01    10.9504      7.086     10.278    12.7897   999.4615 0.0000e+00
      7.228      0.022     1.4372     19.203     57.620  43.552519     0.3409      6.119    95.9189 1.2369e-01    10.9130      7.088     10.280    12.7897   999.4616 0.0000e+00
      7.231      0.022     1.4313     19.210     57.603  43.539935     0.3434      6.119    95.8039 1.2368e-01    10.9616      7.091     10.283    12.7896   999.4616 0.0000e+00
      7.235      0.024     1.4261     19.264     57.584  43.527256     0.3336      6.119    96.0258 1.2365e-01    11.0790      7.095     10.289    12.7894   999.4617 0.0000e+00
      7.242      0.029     1.4226     19.340     57.582  43.526206     0.3348      6.119    96.2779 1.2363e-01    11.1520      7.102     10.301    12.7896   999.4617 0.0000e+00
      7.252      0.033     1.4224     19.387     57.582  43.527247     0.3497      6.119    96.7016 1.2364e-01    11.1568      7.111     10.315    12.7895   999.4617 0.0000e+00
      7.262      0.036     1.4209     19.420     57.598  43.539841     0.3497      6.119    97.3622 1.2367e-01    11.2024      7.121     10.329    12.7900   999.4617 0.0000e+00
      7.272      0.037     1.4258     19.455     57.614  43.551490     0.3339      6.119    97.6411 1.2371e-01    11.2778      7.132     10.344    12.7917   999.4615 0.0000e+00
      7.282      0.037     1.4340     19.475     57.600  43.541090     0.3237      6.118    97.6645 1.2366e-01    11.2818      7.142     10.358    12.7926   999.4615 0.0000e+00
      7.291      0.037     1.4359     19.464     57.600  43.541090     0.3300      6.117    97.8162 1.2356e-01    11.2837      7.150     10.370    12.7928   999.4615 0.0000e+00
      7.300      0.036     1.4381     19.425     57.611  43.551499     0.3410      6.116    98.3571 1.2357e-01    11.3332      7.159     10.383    12.7937   999.4614 0.0000e+00
      7.309      0.036     1.4412     19.373     57.592  43.539964     0.3443      6.116    99.1287 1.2363e-01    11.3566      7.168     10.396    12.7934   999.4615 0.0000e+00
      7.318      0.036     1.4435     19.338     57.575  43.528609     0.3433      6.117    99.4883 1.2363e-01    11.3367      7.176     10.409    12.7923   999.4617 0.0000e+00
      7.327      0.037     1.4421     19.320     57.591  43.541202     0.3380      6.117    99.5209 1.2362e-01    11.3215      7.185     10.422    12.7926   999.4617 0.0000e+00
      7.337      0.039     1.4392     19.285     57.621  43.565237     0.3322      6.116    99.6089 1.2363e-01    11.3365      7.195     10.435    12.7948   999.4614 0.0000e+00
      7.347      0.042     1.4340     19.246     57.616  43.565227     0.3334      6.116   100.0366 1.2366e-01    11.3213      7.205     10.449    12.7982   999.4611 0.0000e+00
      7.357      0.044     1.4309     19.242     57.582  43.541077     0.3363      6.115   100.6484 1.2367e-01    11.2369      7.215     10.464    12.7989   999.4610 0.0000e+00
      7.369      0.046     1.4317     19.265     57.563  43.527234     0.3320      6.115   100.9839 1.2362e-01    11.1689      7.226     10.480    12.7983   999.4611 0.0000e+00
      7.382      0.047     1.4285     19.285     57.558  43.524840     0.3253      6.115   101.0812 1.2359e-01    11.1208      7.239     10.500    12.7997   999.4611 0.0000e+00
      7.396      0.047     1.4235     19.311     57.539  43.512132     0.3331      6.113   101.1368 1.2365e-01    11.0810      7.254     10.521    12.8042   999.4606 0.0000e+00
      7.408      0.047     1.4238     19.345     57.525  43.500577     0.3477      6.111   101.3977 1.2369e-01    11.1147      7.265     10.536    12.8067   999.4602 0.0000e+00
      7.418      0.047     1.4269     19.374     57.545  43.512122     0.3462      6.111   101.7404 1.2367e-01    11.1676      7.274     10.550    12.8043   999.4607 0.0000e+00
      7.429      0.046     1.4276     19.404     57.569  43.524727     0.3324      6.110   101.8394 1.2366e-01    11.1297      7.286     10.567    12.8057   999.4605 0.0000e+00
      7.441      0.045     1.4291     19.434     57.575  43.525976     0.3111      6.110   101.9920 1.2363e-01    11.0503      7.298     10.584    12.8094   999.4601 0.0000e+00
      7.453      0.045     1.4330     19.444     57.580  43.527226     0.2873      6.110   102.2948 1.2363e-01    11.0597      7.309     10.600    12.8083   999.4603 0.0000e+00
      7.466      0.046     1.4342     19.425     57.598  43.539831     0.2878      6.110   102.4885 1.2367e-01    11.1116      7.322     10.620    12.8041   999.4609 0.0000e+00
      7.477      0.047     1.4366     19.381     57.615  43.551386     0.2999      6.109   102.6136 1.2367e-01    11.1208      7.334     10.636    12.7990   999.4616 0.0000e+00
      7.487      0.049     1.4402     19.340     57.601  43.539945     0.3035      6.109   102.7751 1.2360e-01    11.0405      7.341     10.647    12.7955   999.4620 0.0000e+00
      7.499      0.053     1.4404     19.300     57.585  43.528495     0.3145      6.108   103.0645 1.2355e-01    10.8942      7.354     10.665    12.7943   999.4622 0.0000e+00
      7.513      0.059     1.4397     19.251     57.600  43.539935     0.3280      6.108   103.4458 1.2355e-01    10.8262      7.368     10.686    12.7932   999.4625 0.0000e+00
      7.528      0.066     1.4349     19.192     57.615  43.551271     0.3368      6.107   103.7714 1.2358e-01    10.8415      7.381     10.706    12.7918   999.4627 0.0000e+00
      7.545      0.072     1.4322     19.132     57.599  43.538572     0.3428      6.105   103.9899 1.2359e-01    10.9812      7.397     10.729    12.7911   999.4628 0.0000e+00
      7.566      0.076     1.4299     19.117     57.566  43.513383     0.3394      6.103   104.1950 1.2357e-01    11.2044      7.418     10.759    12.7914   999.4629 0.0000e+00
      7.590      0.075     1.4255     19.141     57.550  43.500694     0.3300      6.102   104.4444 1.2358e-01    11.2786      7.443     10.794    12.7920   999.4630 0.0000e+00
      7.613      0.070     1.4223     19.165     57.565  43.512134     0.3344      6.101   104.5966 1.2362e-01    11.2887      7.467     10.830    12.7922   999.4631 0.0000e+00
      7.632      0.063     1.4150     19.178     57.580  43.524718     0.3399      6.101   104.8302 1.2361e-01    11.3264      7.487     10.860    12.7916   999.4632 0.0000e+00
      7.646      0.054     1.4145     19.198     57.581  43.525863     0.3191      6.101   105.2042 1.2356e-01    11.2752      7.501     10.879    12.7911   999.4634 0.0000e+00
      7.655      0.046     1.4182     19.235     57.581  43.525978     0.2916      6.100   105.4184 1.2357e-01    11.1613      7.508     10.889    12.7906   999.4634 0.0000e+00
      7.662      0.041     1.4197     19.262     57.579  43.526101     0.2757      6.100   105.5277 1.2362e-01    11.0633      7.513     10.896    12.7909   999.4634 0.0000e+00
      7.670      0.040     1.4205     19.262     57.577  43.527352     0.2736      6.099   105.6647 1.2363e-01    11.0403      7.521     10.908    12.7919   999.4633 0.0000e+00
      7.681      0.043     1.4206     19.262     57.592  43.541101     0.2925      6.098   105.8713 1.2364e-01    11.0808      7.532     10.926    12.7924   999.4633 0.0000e+00
      7.692      0.048     1.4250     19.272     57.623  43.565354     0.3221      6.097   106.2180 1.2362e-01    11.0946      7.543     10.940    12.7925   999.4634 0.0000e+00
      7.704      0.052     1.4277     19.287     57.626  43.566604     0.3375      6.097   106.6737 1.2362e-01    11.0756      7.553     10.954    12.7934   999.4633 0.0000e+00
      7.719      0.055     1.4262     19.300     57.616  43.556213     0.3302      6.097   107.0790 1.2369e-01    11.0481      7.569     10.977    12.7956   999.4631 0.0000e+00
      7.735      0.059     1.4258     19.309     57.633  43.566708     0.3124      6.097   107.3321 1.2366e-01    11.0564      7.587     11.004    12.7987   999.4628 0.0000e+00
      7.751      0.064     1.4273     19.327     57.636  43.566500     0.2956      6.096   107.4976 1.2359e-01    11.1113      7.602     11.026    12.7998   999.4627 0.0000e+00
      7.764      0.069     1.4280     19.344     57.621  43.553697     0.2917      6.094   107.7033 1.2354e-01    11.1542      7.614     11.043    12.7980   999.4631 0.0000e+00
      7.779      0.071     1.4297     19.338     57.602  43.538898     0.2907      6.092   108.0987 1.2356e-01    11.1484      7.627     11.062    12.7958   999.4633 0.0000e+00
      7.800      0.071     1.4298     19.329     57.571  43.514559     0.2757      6.091   108.5778 1.2364e-01    11.1396      7.647     11.090    12.7938   999.4637 0.0000e+00
      7.825      0.070     1.4309     19.316     57.571  43.513395     0.2572      6.090   108.6787 1.2368e-01    11.1458      7.675     11.131    12.7919   999.4641 0.0000e+00
      7.848      0.066     1.4342     19.268     57.587  43.524825     0.2582      6.090   108.5438 1.2371e-01    11.1262      7.701     11.168    12.7907   999.4644 0.0000e+00
      7.863      0.060     1.4322     19.213     57.588  43.525760     0.2784      6.090   108.6676 1.2370e-01    11.1321      7.713     11.186    12.7896   999.4646 0.0000e+00
      7.873      0.053     1.4310     19.181     57.586  43.524710     0.3019      6.089   108.8849 1.2364e-01    11.1181      7.719     11.195    12.7884   999.4647 0.0000e+00
      7.883      0.046     1.4328     19.152     57.569  43.512125     0.3175      6.088   109.1066 1.2365e-01    11.0554      7.730     11.211    12.7877   999.4649 0.0000e+00
      7.895      0.041     1.4271     19.131     57.554  43.500591     0.3197      6.088   109.0251 1.2366e-01    11.0287      7.742     11.229    12.7876   999.4649 0.0000e+00
      7.905      0.041     1.4217     19.120     57.569  43.512241     0.3287      6.088   108.6736 1.2358e-01    11.0573      7.752     11.244    12.7876   999.4650 0.0000e+00
      7.914      0.042     1.4214     19.109     57.586  43.526000     0.3390      6.088   108.8151 1.2353e-01    11.1065      7.761     11.258    12.7878   999.4650 0.0000e+00
      7.924      0.042     1.4182     19.097     57.605  43.539948     0.3410      6.088   109.1868 1.2354e-01    11.1002      7.771     11.270    12.7878   999.4650 0.0000e+00
      7.935      0.043     1.4166     19.072     57.623  43.553897     0.3607      6.087   109.5538 1.2356e-01    11.0472      7.781     11.285    12.7877   999.4650 0.0000e+00
      7.946      0.044     1.4164     19.022     57.642  43.567655     0.3877      6.087   109.7246 1.2361e-01    11.0219      7.793     11.302    12.7882   999.4651 0.0000e+00
      7.959      0.045     1.4152     18.963     57.657  43.579305     0.3978      6.087   109.3592 1.2366e-01    11.0564      7.805     11.320    12.7889   999.4651 0.0000e+00
      7.971      0.047     1.4146     18.916     57.642  43.567769     0.3705      6.086   109.1802 1.2368e-01    11.1039      7.816     11.337    12.7892   999.4651 0.0000e+00
      7.982      0.048     1.4138     18.890     57.625  43.555166     0.3089      6.085   109.3662 1.2363e-01    11.1039      7.827     11.352    12.7888   999.4652 0.0000e+00
      7.993      0.049     1.4090     18.884     57.623  43.553916     0.2688      6.084   109.6296 1.2356e-01    11.0577      7.839     11.369    12.7887   999.4652 0.0000e+00
      8.006      0.051     1.4042     18.877     57.622  43.552658     0.2670      6.083   109.8699 1.2356e-01    11.0033      7.851     11.387    12.7888   999.4653 0.0000e+00
      8.020      0.052     1.4006     18.870     57.606  43.539950     0.2787      6.083   109.8624 1.2364e-01    10.9703      7.865     11.406    12.7887   999.4654 0.0000e+00
      8.034      0.052     1.3984     18.892     57.589  43.527260     0.2888      6.083   109.8839 1.2370e-01    10.9208      7.878     11.426    12.7888   999.4654 0.0000e+00
      8.048      0.052     1.3988     18.912     57.588  43.526211     0.2838      6.083   110.1284 1.2372e-01    10.8645      7.893     11.448    12.7890   999.4655 0.0000e+00
      8.062      0.051     1.3987     18.888     57.590  43.527260     0.2703      6.082   110.4099 1.2372e-01    10.8462      7.906     11.467    12.7886   999.4656 0.0000e+00
      8.075      0.050     1.3963     18.873     57.607  43.539949     0.2818      6.082   110.8788 1.2369e-01    10.8964      7.918     11.485    12.7883   999.4657 0.0000e+00
      8.087      0.050     1.3986     18.883     57.624  43.552639     0.3197      6.082   111.4955 1.2364e-01    11.0120      7.930     11.502    12.7881   999.4657 0.0000e+00
      8.098      0.053     1.4038     18.863     57.625  43.553698     0.3471      6.082   111.8441 1.2359e-01    11.0978      7.941     11.518    12.7879   999.4658 0.0000e+00
      8.110      0.059     1.3979     18.814     57.623  43.552753     0.3523      6.080   111.9104 1.2356e-01    11.1146      7.953     11.535    12.7880   999.4659 0.0000e+00
      8.123      0.068     1.3965     18.781     57.607  43.541208     0.3312      6.078   111.9524 1.2354e-01    11.1487      7.965     11.552    12.7879   999.4659 0.0000e+00
      8.140      0.079     1.4002     18.764     57.606  43.541104     0.2907      6.076   112.6971 1.2351e-01    11.2481      7.980     11.574    12.7880   999.4660 0.0000e+00
      8.162      0.092     1.3983     18.761     57.620  43.551494     0.2789      6.073   113.9454 1.2354e-01    11.3338      8.002     11.607    12.7881   999.4661 0.0000e+00
      8.190      0.104     1.3925     18.785     57.604  43.539844     0.2925      6.070   114.4839 1.2361e-01    11.3662      8.031     11.648    12.7880   999.4663 0.0000e+00
      8.220      0.112     1.3905     18.810     57.587  43.527231     0.2913      6.068   114.3037 1.2361e-01    11.3442      8.062     11.691    12.7883   999.4663 0.0000e+00
      8.250      0.114     1.3903     18.833     57.586  43.525982     0.2818      6.068   114.0032 1.2355e-01    11.2969      8.090     11.733    12.7885   999.4664 0.0000e+00
      8.283      0.109     1.3878     18.868     57.584  43.524743     0.2728      6.067   114.4647 1.2350e-01    11.2864      8.122     11.780    12.7889   999.4666 0.0000e+00
      8.318      0.098     1.3920     18.892     57.568  43.512243     0.2778      6.067   115.4949 1.2355e-01    11.3159      8.159     11.835    12.7890   999.4667 0.0000e+00
      8.345      0.085     1.3936     18.912     57.555  43.501842     0.2984      6.067   115.7899 1.2367e-01    11.3581      8.187     11.875    12.7891   999.4668 0.0000e+00
      8.361      0.071     1.3937     18.926     57.586  43.525982     0.2971      6.069   115.6229 1.2370e-01    11.3372      8.201     11.895    12.7889   999.4669 0.0000e+00
      8.371      0.060     1.3988     18.911     57.618  43.550131     0.2795      6.069   115.3685 1.2364e-01    11.2604      8.209     11.906    12.7887   999.4670 0.0000e+00
      8.381      0.052     1.3990     18.893     57.603  43.539835     0.2759      6.069   115.3814 1.2361e-01    11.2487      8.218     11.920    12.7889   999.4670 0.0000e+00
      8.392      0.047     1.4004     18.890     57.587  43.528489     0.2803      6.069   116.2088 1.2365e-01    11.2932      8.230     11.937    12.7888   999.4670 0.0000e+00
      8.405      0.047     1.4035     18.908     57.601  43.539947     0.2977      6.069   116.9403 1.2371e-01    11.2747      8.243     11.954    12.7888   999.4671 0.0000e+00
      8.418      0.048     1.4000     18.937     57.614  43.551379     0.3214      6.069   116.9136 1.2371e-01    11.1562      8.256     11.974    12.7888   999.4672 0.0000e+00
