Data/DataNotYetUploadedToEDI/Raw_CTD/RawDownloads/092719_fcr45.cnv
* Sea-Bird SBE19plus  Data File:
* FileName = C:\DATA\092719_fcr_0007.hex
* Software version 2.8.0.119 SB_Terminal.dll
* Temperature SN = 7809
* Conductivity SN = 7809
* System UpLoad Time = Sep 28 2019 13:26:58
* <ApplicationData>
* <Seaterm232>
# nquan = 16
# nvalues = 817                         
# units = specified
# name 0 = depFM: Depth [fresh water, m]
# name 1 = dz/dtM: Descent Rate [m/s]
# name 2 = sbeox0ML/L: Oxygen, SBE 43 [ml/l]
# name 3 = sbeox0PS: Oxygen, SBE 43 [% saturation]
# name 4 = specc: Specific Conductance [uS/cm]
# name 5 = c0uS/cm: Conductivity [uS/cm]
# name 6 = flECO-AFL: Fluorescence, WET Labs ECO-AFL/FL [mg/m^3]
# name 7 = ph: pH
# name 8 = orp: Oxidation Reduction Potential [mV]
# name 9 = par/sat/log: PAR/Logarithmic, Satlantic
# name 10 = turbWETntu0: Turbidity, WET Labs ECO [NTU]
# name 11 = prdM: Pressure, Strain Gauge [db]
# name 12 = prdE: Pressure, Strain Gauge [psi]
# name 13 = tv290C: Temperature [ITS-90, deg C]
# name 14 = density00: Density [density, kg/m^3]
# name 15 = flag:  0.000e+00
# span 0 =     -0.545,      7.367       
# span 1 =     -0.276,      0.308       
# span 2 =     0.0793,     6.8101       
# span 3 =      1.083,    111.699       
# span 4 =      1.228,    104.295       
# span 5 =   1.094429,  87.336116       
# span 6 =    -2.2153,   236.8778       
# span 7 =      6.331,      8.739       
# span 8 =  -998.1729,   143.0118       
# span 9 = 1.2347e-01, 1.9643e+03       
# span 10 =    -0.5108,   894.4556      
# span 11 =     -0.538,      7.225      
# span 12 =     -0.780,     10.479      
# span 13 =    12.6032,    22.9379      
# span 14 =   997.5716,   999.4937      
# span 15 = 0.0000e+00, 0.0000e+00      
# interval = seconds: 0.25
# start_time = Sep 27 2019 13:17:03 [Instrument's time stamp, header]
# bad_flag = -9.990e-29
*END*
[from data line 91]
      0.166      0.029     5.2569     84.275     38.566  36.426040     1.7234      7.849    96.8769 1.0215e+03     6.7533      0.164      0.237    22.2486   997.7344 0.0000e+00
      0.172      0.029     5.2413     83.547     38.547  36.401162     1.7523      7.839    96.7972 1.3174e+03     6.7370      0.169      0.246    22.2658   997.7306 0.0000e+00
      0.177      0.025     5.2184     82.848     38.518  36.370505     1.7635      7.828    96.7060 1.5848e+03     6.6953      0.173      0.251    22.2634   997.7311 0.0000e+00
      0.182      0.021     5.1788     82.184     38.525  36.372727     1.7717      7.817    96.6337 1.3473e+03     6.7077      0.178      0.258    22.2352   997.7375 0.0000e+00
      0.188      0.017     5.1330     81.550     38.521  36.364549     1.8522      7.807    96.6122 1.1823e+03     6.8211      0.184      0.267    22.2168   997.7418 0.0000e+00
      0.193      0.013     5.0899     80.922     38.495  36.335093     1.9910      7.799    96.6172 1.3760e+03     6.9520      0.191      0.277    22.2103   997.7433 0.0000e+00
      0.197      0.009     5.0472     80.291     38.497  36.333928     2.0545      7.790    96.6090 1.4281e+03     6.9799      0.195      0.283    22.2071   997.7441 0.0000e+00
      0.198      0.006     5.0069     79.631     38.515  36.350461     2.0558      7.781    96.6847 1.1740e+03     6.9614      0.194      0.282    22.2037   997.7448 0.0000e+00
      0.197      0.004     4.9702     78.891     38.508  36.344571     2.0670      7.772    96.7587 1.0419e+03     7.0238      0.193      0.280    22.1944   997.7470 0.0000e+00
      0.196      0.002     4.9325     78.093     38.488  36.326191     2.0780      7.765    96.7288 1.1742e+03     7.1447      0.192      0.279    22.1873   997.7486 0.0000e+00
      0.196      0.002     4.8942     77.264     38.482  36.318640     2.0760      7.758    96.7538 1.2327e+03     7.2104      0.191      0.278    22.1841   997.7493 0.0000e+00
      0.197      0.002     4.8569     76.409     38.482  36.316746     2.0682      7.753    96.8892 1.1157e+03     7.2282      0.193      0.280    22.1846   997.7492 0.0000e+00
      0.200      0.002     4.8098     75.596     38.472  36.303296     2.0963      7.748    96.9024 1.0716e+03     7.2938      0.197      0.284    22.1871   997.7486 0.0000e+00
      0.201      0.001     4.7601     74.863     38.454  36.282948     2.1558      7.744    96.8283 1.1500e+03     7.3818      0.199      0.288    22.1870   997.7487 0.0000e+00
      0.201      0.000     4.7114     74.179     38.435  36.261136     2.1901      7.739    96.8531 1.1504e+03     7.4067      0.198      0.286    22.1839   997.7494 0.0000e+00
      0.199     -0.002     4.6567     73.542     38.405  36.229977     2.1892      7.734    96.9446 1.1865e+03     7.3986      0.195      0.283    22.1801   997.7503 0.0000e+00
      0.197     -0.002     4.6064     72.971     38.401  36.223563     2.1797      7.728    97.0739 1.2497e+03     7.5125      0.193      0.279    22.1765   997.7510 0.0000e+00
      0.197     -0.002     4.5640     72.446     38.429  36.247048     2.1886      7.722    97.1254 1.1959e+03     7.7684      0.192      0.278    22.1720   997.7520 0.0000e+00
      0.197     -0.002     4.5225     71.957     38.446  36.260043     2.2013      7.715    97.1369 1.1088e+03     7.9029      0.193      0.280    22.1669   997.7532 0.0000e+00
      0.198     -0.001     4.4826     71.490     38.442  36.253733     2.1947      7.707    97.2134 1.0733e+03     7.8613      0.194      0.281    22.1630   997.7541 0.0000e+00
      0.198      0.000     4.4495     71.015     38.425  36.234221     2.1868      7.700    97.2754 1.1052e+03     7.8232      0.195      0.282    22.1595   997.7549 0.0000e+00
      0.197      0.001     4.4178     70.565     38.407  36.214535     2.1921      7.694    97.2847 1.1303e+03     7.7702      0.193      0.280    22.1555   997.7558 0.0000e+00
      0.196      0.002     4.3879     70.165     38.402  36.206117     2.1978      7.686    97.3260 1.1200e+03     7.6790      0.192      0.278    22.1519   997.7566 0.0000e+00
      0.196      0.002     4.3620     69.773     38.393  36.195912     2.1865      7.679    97.4309 1.1714e+03     7.6374      0.191      0.277    22.1485   997.7574 0.0000e+00
      0.198      0.003     4.3314     69.366     38.419  36.218092     2.1770      7.672    97.5199 1.2445e+03     7.6282      0.193      0.280    22.1442   997.7584 0.0000e+00
      0.200      0.004     4.3034     68.983     38.624  36.410809     2.1782      7.666    97.6280 1.2298e+03     7.6003      0.197      0.286    22.1397   997.7595 0.0000e+00
      0.201      0.006     4.2812     68.764     38.973  36.748809     2.1756      7.660    97.6195 1.1850e+03     7.5945      0.198      0.287    22.1366   997.7602 0.0000e+00
      0.201      0.006     4.2578     69.266     39.206  37.004260     2.1798      7.653    97.5029 1.1273e+03     7.6242      0.197      0.285    22.1335   997.7608 0.0000e+00
      0.203      0.006     4.2326     71.623     39.231  37.087525     2.1858      7.644    97.5085 1.0675e+03     7.6308      0.197      0.287    22.1314   997.7613 0.0000e+00
      0.206      0.005     4.2071     76.574     39.141  37.057421     2.1876      7.632    97.6012 1.0184e+03     7.5773      0.203      0.294    22.1275   997.7623 0.0000e+00
      0.208      0.003     4.1871     83.602     39.067  37.021203     2.1927      7.618    97.7641 1.0217e+03     7.4685      0.205      0.297    22.1256   997.7629 0.0000e+00
      0.208      0.002     4.1819     91.359     39.059  37.030516     2.1955      7.607    97.9294 1.0969e+03     7.3962      0.203      0.295    22.1717   997.7525 0.0000e+00
      0.208      0.001     4.2950     98.530     39.064  37.043101     2.1950      7.599    98.0506 1.1203e+03     7.4252      0.206      0.298    22.2682   997.7303 0.0000e+00
      0.208      0.001     4.6064    104.404     39.067  37.046422     2.1872      7.592    98.1972 1.1158e+03     7.5558      0.205      0.297    22.3452   997.7126 0.0000e+00
      0.205      0.001     5.0608    108.640     39.096  37.070664     2.1795      7.584    98.3260 1.1317e+03     7.7636      0.201      0.290    22.3829   997.7039 0.0000e+00
      0.205      0.002     5.5635    111.044     39.110  37.082310     2.1800      7.577    98.4026 1.1535e+03     7.9054      0.200      0.291    22.4025   997.6994 0.0000e+00
      0.208      0.002     6.0084    111.699     39.087  37.060278     2.1835      7.572    98.3497 1.1597e+03     7.9270      0.204      0.295    22.4107   997.6975 0.0000e+00
      0.210      0.002     6.3709    111.020     39.087  37.058181     2.2055      7.569    98.2022 1.1399e+03     7.7297      0.207      0.300    22.4100   997.6976 0.0000e+00
      0.211      0.002     6.6351    109.654     39.091  37.056941     2.2378      7.566    98.1682 1.1130e+03     7.3546      0.208      0.302    22.4036   997.6991 0.0000e+00
      0.211      0.002     6.7786    108.175     39.082  37.045277     2.2438      7.562    98.2827 1.0873e+03     7.1611      0.208      0.301    22.4020   997.6996 0.0000e+00
      0.210      0.001     6.8101    106.897     39.082  37.044103     2.2353      7.556    98.3814 1.0874e+03     7.1917      0.206      0.298    22.4047   997.6989 0.0000e+00
      0.210      0.000     6.7529    105.892     39.083  37.042749     2.2389      7.549    98.3302 1.0624e+03     7.2338      0.205      0.297    22.4001   997.6999 0.0000e+00
      0.211      0.000     6.6588    105.117     39.073  37.028902     2.2352      7.543    98.2656 1.0199e+03     7.3092      0.207      0.299    22.3910   997.7020 0.0000e+00
      0.212      0.001     6.5624    104.524     39.049  37.003627     2.2074      7.539    98.3739 1.0420e+03     7.4808      0.208      0.301    22.3890   997.7025 0.0000e+00
      0.212      0.002     6.4845    104.108     39.042  36.991038     2.1806      7.537    98.6076 1.0772e+03     7.6038      0.208      0.301    22.3900   997.7023 0.0000e+00
      0.211      0.004     6.4250    103.856     39.064  37.003630     2.1805      7.534    98.7676 1.0924e+03     7.6493      0.207      0.300    22.3849   997.7035 0.0000e+00
      0.211      0.004     6.3806    103.730     39.098  37.028905     2.2056      7.529    98.7611 1.0701e+03     7.6716      0.206      0.299    22.3781   997.7050 0.0000e+00
      0.213      0.004     6.3442    103.667     39.116  37.042743     2.2331      7.524    98.7865 1.0266e+03     7.6441      0.208      0.302    22.3760   997.7055 0.0000e+00
      0.216      0.004     6.3198    103.605     39.117  37.043991     2.2432      7.522    98.9025 1.0373e+03     7.6116      0.212      0.308    22.3708   997.7067 0.0000e+00
      0.218      0.004     6.3074    103.546     39.116  37.043991     2.2419      7.518    98.9587 1.0489e+03     7.6382      0.215      0.311    22.3575   997.7098 0.0000e+00
      0.217      0.004     6.3017    103.509     39.110  37.042752     2.2436      7.514    99.0363 1.1156e+03     7.6715      0.212      0.308    22.3457   997.7125 0.0000e+00
      0.216      0.003     6.3007    103.474     39.090  37.029017     2.2464      7.509    99.0661 1.2160e+03     7.6534      0.211      0.306    22.3444   997.7128 0.0000e+00
      0.218      0.002     6.2956    103.402     39.061  37.004877     2.2491      7.504    98.9741 1.1790e+03     7.6162      0.214      0.310    22.3457   997.7126 0.0000e+00
      0.220      0.002     6.2919    103.272     39.061  37.004773     2.2499      7.501    98.9568 1.0997e+03     7.5814      0.216      0.313    22.3444   997.7128 0.0000e+00
      0.221      0.002     6.2895    103.088     39.087  37.027759     2.2566      7.498    99.0290 1.0479e+03     7.4955      0.218      0.315    22.3502   997.7115 0.0000e+00
      0.220      0.003     6.2869    102.891     39.090  37.028894     2.2869      7.496    99.0735 1.0498e+03     7.3314      0.216      0.313    22.3608   997.7091 0.0000e+00
      0.219      0.003     6.2827    102.728     39.080  37.018498     2.3122      7.494    99.0640 1.1158e+03     7.2032      0.213      0.309    22.3642   997.7082 0.0000e+00
      0.219      0.002     6.2750    102.626     39.091  37.029008     2.3113      7.491    99.0860 1.1043e+03     7.1917      0.214      0.311    22.3623   997.7087 0.0000e+00
      0.222      0.002     6.2630    102.592     39.087  37.029016     2.3020      7.488    99.1678 1.0563e+03     7.2906      0.219      0.317    22.3607   997.7092 0.0000e+00
      0.224      0.002     6.2499    102.617     39.071  37.018611     2.3043      7.484    99.2784 1.0407e+03     7.4149      0.222      0.322    22.3584   997.7097 0.0000e+00
      0.224      0.002     6.2401    102.696     39.082  37.030151     2.3222      7.480    99.3911 9.9363e+02     7.4492      0.220      0.320    22.3569   997.7100 0.0000e+00
      0.223      0.001     6.2336    102.791     39.097  37.041597     2.3267      7.478    99.4118 9.4385e+02     7.4104      0.217      0.315    22.3555   997.7102 0.0000e+00
      0.222      0.001     6.2315    102.895     39.086  37.030049     2.3077      7.474    99.3570 9.4070e+02     7.3716      0.217      0.316    22.3615   997.7089 0.0000e+00
      0.223      0.002     6.2313    103.035     39.070  37.017476     2.2914      7.471    99.3306 8.7717e+02     7.3736      0.219      0.318    22.3711   997.7067 0.0000e+00
      0.224      0.004     6.2375    103.163     39.066  37.016531     2.2942      7.471    99.3505 8.4094e+02     7.4013      0.220      0.319    22.3713   997.7066 0.0000e+00
      0.224      0.005     6.2445    103.231     39.067  37.018632     2.3072      7.467    99.4259 9.6781e+02     7.4119      0.221      0.320    22.3657   997.7080 0.0000e+00
      0.225      0.003     6.2489    103.233     39.093  37.042876     2.3096      7.461    99.4669 1.0329e+03     7.4041      0.220      0.319    22.3623   997.7087 0.0000e+00
      0.229      0.000     6.2592    103.166     39.103  37.055769     2.3051      7.456    99.5029 9.4774e+02     7.4053      0.224      0.325    22.3669   997.7076 0.0000e+00
      0.232     -0.003     6.2674    103.064     39.089  37.047575     2.3054      7.452    99.6039 8.0838e+02     7.3925      0.230      0.333    22.3738   997.7061 0.0000e+00
      0.231     -0.005     6.2708    102.981     39.110  37.070762     2.3051      7.449    99.5695 7.6569e+02     7.3805      0.229      0.333    22.3732   997.7062 0.0000e+00
      0.223     -0.007     6.2722    102.929     39.123  37.082229     2.3093      7.446    99.4310 8.6708e+02     7.3915      0.217      0.316    22.3712   997.7067 0.0000e+00
      0.218     -0.010     6.2666    102.901     39.104  37.059264     2.3138      7.443    99.4780 9.3201e+02     7.2638      0.211      0.306    22.3751   997.7058 0.0000e+00
      0.219     -0.015     6.2575    102.873     39.094  37.046988     2.3163      7.439    99.6206 9.4402e+02     7.0492      0.214      0.311    22.3838   997.7037 0.0000e+00
      0.220     -0.021     6.2520    102.798     39.107  37.060753     2.3217      7.434    99.6929 1.0589e+03     6.9593      0.217      0.315    22.3910   997.7021 0.0000e+00
      0.216     -0.031     6.2492    102.677     39.137  37.098745     2.3178      7.429    99.7499 1.2590e+03     6.9316      0.214      0.310    22.3887   997.7026 0.0000e+00
      0.208     -0.045     6.2486    102.566     39.147  37.125515     2.2956      7.425    99.7078 1.4053e+03     6.8449      0.205      0.297    22.3801   997.7045 0.0000e+00
      0.195     -0.066     6.2493    102.488     39.132  37.130554     2.2607      7.423    99.5276 1.4489e+03     6.6975      0.194      0.281    22.3741   997.7059 0.0000e+00
      0.176     -0.091     6.2449    102.445     39.142  37.159707     2.2435      7.424    99.3785 1.4272e+03     6.6566      0.176      0.254    22.3752   997.7056 0.0000e+00
      0.152     -0.110     6.2340    102.472     39.184  37.224123     2.2347      7.427    99.3666 1.4473e+03     6.7435      0.149      0.215    22.3865   997.7029 0.0000e+00
      0.123     -0.110     6.2242    102.627     39.203  37.274702     2.0934      7.427    99.3843 1.5164e+03     6.7650      0.124      0.180    22.4116   997.6970 0.0000e+00
      0.080     -0.089     6.2165    102.942     39.161  37.263494     1.8364      7.427    99.5065 1.6009e+03     6.7199      0.087      0.126    22.4390   997.6904 0.0000e+00
      0.027     -0.057     6.2106    103.378     39.103  37.215603     1.7016      7.430    99.6393 1.6394e+03     6.6901      0.018      0.025    22.4593   997.6854 0.0000e+00
      0.001     -0.028     6.2072    103.846     39.103  37.203457     1.6950      7.433    99.4416 1.4604e+03     6.6998     -0.023     -0.033    22.4892   997.6783 0.0000e+00
      0.024     -0.016     6.2099    104.256     39.156  37.243568     1.6957      7.436    99.1811 1.2276e+03     6.7068      0.016      0.024    22.5360   997.6677 0.0000e+00
      0.068     -0.029     6.2246    104.579     39.225  37.319728     1.6932      7.439    99.0716 1.3324e+03     6.5769      0.077      0.112    22.5829   997.6570 0.0000e+00
      0.092     -0.069     6.2516    104.842     39.298  37.426088     1.6995      7.442    98.9781 1.6117e+03     6.3745      0.106      0.154    22.5940   997.6546 0.0000e+00
      0.076     -0.132     6.2860    105.068     39.334  37.514008     1.7023      7.442    98.6521 1.7036e+03     6.3250      0.091      0.130    22.5638   997.6615 0.0000e+00
      0.016     -0.201     6.3139    105.215     39.319  37.557664     1.6143      7.438    97.7114 1.7099e+03     6.7651      0.027      0.038    22.5418   997.6663 0.0000e+00
     -0.076     -0.255     6.3312    105.214     39.274  37.573164     0.6348      7.436    96.6376 1.7875e+03    11.7281     -0.069     -0.101    22.5528   997.6633 0.0000e+00
