Data/DataNotYetUploadedToEDI/Raw_CTD/RawDownloads/092719_fcr_50.cnv
* Sea-Bird SBE19plus  Data File:
* FileName = C:\DATA\092719_fcr_0003.hex
* Software version 2.8.0.119 SB_Terminal.dll
* Temperature SN = 7809
* Conductivity SN = 7809
* System UpLoad Time = Sep 28 2019 13:25:39
* <ApplicationData>
* <Seaterm232>
# nquan = 16
# nvalues = 910                         
# units = specified
# name 0 = depFM: Depth [fresh water, m]
# name 1 = dz/dtM: Descent Rate [m/s]
# name 2 = sbeox0ML/L: Oxygen, SBE 43 [ml/l]
# name 3 = sbeox0PS: Oxygen, SBE 43 [% saturation]
# name 4 = specc: Specific Conductance [uS/cm]
# name 5 = c0uS/cm: Conductivity [uS/cm]
# name 6 = flECO-AFL: Fluorescence, WET Labs ECO-AFL/FL [mg/m^3]
# name 7 = ph: pH
# name 8 = orp: Oxidation Reduction Potential [mV]
# name 9 = par/sat/log: PAR/Logarithmic, Satlantic
# name 10 = turbWETntu0: Turbidity, WET Labs ECO [NTU]
# name 11 = prdM: Pressure, Strain Gauge [db]
# name 12 = prdE: Pressure, Strain Gauge [psi]
# name 13 = tv290C: Temperature [ITS-90, deg C]
# name 14 = density00: Density [density, kg/m^3]
# name 15 = flag:  0.000e+00
# span 0 =     -0.547,      9.622       
# span 1 =     -0.280,      0.131       
# span 2 =     0.0666,     6.2643       
# span 3 =      0.969,    102.531       
# span 4 =      0.612,    143.749       
# span 5 =   0.605811, 108.742680       
# span 6 =    -0.4562,    13.3140       
# span 7 =     -2.349,      8.110       
# span 8 = -1234.6939,  1228.2263       
# span 9 = 1.2347e-01, 1.1676e+03       
# span 10 =    -3.2227,    64.0445      
# span 11 =     -0.537,      9.436      
# span 12 =     -0.778,     13.686      
# span 13 =    12.7485,    24.5449      
# span 14 =   997.1686,   999.5026      
# span 15 = 0.0000e+00, 0.0000e+00      
# interval = seconds: 0.25
# start_time = Sep 27 2019 11:19:24 [Instrument's time stamp, header]
# bad_flag = -9.990e-29
*END*
[from data line 272]
      1.307      0.068     5.6854     91.601     39.045  36.688045     2.6618      6.780   180.1072 7.3452e+01     6.5412      1.279      1.856    22.0136   997.7933 0.0000e+00
      1.332      0.070     5.6719     91.056     39.059  36.693929     2.7039      6.781   180.2140 7.2172e+01     6.5790      1.308      1.899    22.0080   997.7947 0.0000e+00
      1.353      0.070     5.6559     90.395     39.060  36.689413     2.7004      6.782   180.3803 7.1206e+01     6.5966      1.329      1.927    21.9982   997.7970 0.0000e+00
      1.368      0.068     5.6337     89.631     39.073  36.696906     2.6972      6.785   180.3971 7.0227e+01     6.6229      1.341      1.946    21.9866   997.7997 0.0000e+00
      1.383      0.063     5.6084     88.801     39.101  36.721047     2.6998      6.786   180.3311 6.9375e+01     6.7328      1.357      1.967    21.9750   997.8024 0.0000e+00
      1.397      0.060     5.5765     87.940     39.111  36.727394     2.7068      6.786   180.5282 6.8881e+01     6.8116      1.372      1.988    21.9656   997.8046 0.0000e+00
      1.411      0.060     5.5364     87.077     39.100  36.710175     2.7119      6.783   180.8872 6.8329e+01     6.8213      1.383      2.006    21.9592   997.8061 0.0000e+00
      1.425      0.061     5.4892     86.288     39.103  36.703261     2.7098      6.776   181.0581 6.7469e+01     6.8175      1.397      2.026    21.9537   997.8074 0.0000e+00
      1.442      0.060     5.4378     85.602     39.115  36.707265     2.6725      6.771   181.0461 6.6585e+01     6.6677      1.413      2.049    21.9506   997.8082 0.0000e+00
      1.461      0.060     5.3855     84.964     39.106  36.695102     2.6162      6.769   180.8286 6.5710e+01     6.4520      1.431      2.076    21.9499   997.8084 0.0000e+00
      1.479      0.060     5.3310     84.334     39.096  36.683137     2.5929      6.768   180.6650 6.4837e+01     6.3723      1.452      2.105    21.9400   997.8107 0.0000e+00
      1.493      0.064     5.2831     83.693     39.106  36.689542     2.5900      6.764   181.1326 6.4212e+01     6.3593      1.466      2.126    21.9247   997.8142 0.0000e+00
      1.503      0.069     5.2448     83.048     39.133  36.709067     2.5980      6.756   181.9224 6.3815e+01     6.4263      1.473      2.136    21.9156   997.8164 0.0000e+00
      1.515      0.073     5.2062     82.468     39.168  36.728782     2.6204      6.750   182.2989 6.3298e+01     6.5591      1.483      2.150    21.9111   997.8175 0.0000e+00
      1.535      0.076     5.1682     81.968     39.193  36.737477     2.6444      6.750   182.1575 6.2055e+01     6.5895      1.502      2.178    21.9081   997.8182 0.0000e+00
      1.565      0.078     5.1301     81.496     39.218  36.750703     2.6619      6.752   181.8472 6.0203e+01     6.5311      1.535      2.226    21.9071   997.8186 0.0000e+00
      1.593      0.079     5.0879     80.955     39.238  36.761734     2.7019      6.753   181.8165 5.8850e+01     6.4434      1.568      2.274    21.9015   997.8200 0.0000e+00
      1.611      0.077     5.0543     80.225     39.231  36.743896     2.7732      6.752   182.3028 5.8075e+01     6.3482      1.581      2.293    21.8816   997.8246 0.0000e+00
      1.624      0.072     5.0272     79.310     39.225  36.725435     2.8138      6.751   183.0809 5.7060e+01     6.2982      1.590      2.307    21.8589   997.8298 0.0000e+00
      1.639      0.069     5.0010     78.323     39.241  36.728924     2.8288      6.750   183.5671 5.5734e+01     6.2971      1.607      2.331    21.8480   997.8322 0.0000e+00
      1.656      0.071     4.9724     77.299     39.244  36.722579     2.8845      6.747   183.6211 5.4661e+01     6.2029      1.625      2.357    21.8407   997.8340 0.0000e+00
      1.673      0.078     4.9290     76.204     39.239  36.712185     2.9590      6.743   183.5618 5.3643e+01     5.9798      1.641      2.379    21.8264   997.8373 0.0000e+00
      1.692      0.084     4.8701     75.041     39.264  36.730187     2.9839      6.740   183.8822 5.1850e+01     5.8281      1.656      2.402    21.8079   997.8415 0.0000e+00
      1.717      0.088     4.8110     73.881     39.289  36.749811     2.9773      6.738   184.4835 4.9400e+01     5.7770      1.681      2.439    21.7925   997.8451 0.0000e+00
      1.744      0.089     4.7504     72.808     39.303  36.759025     3.0005      6.735   184.7238 4.7082e+01     5.5261      1.712      2.484    21.7820   997.8477 0.0000e+00
      1.769      0.087     4.6841     71.879     39.325  36.778114     3.0480      6.733   184.7219 4.5183e+01     5.0234      1.736      2.519    21.7743   997.8495 0.0000e+00
      1.791      0.081     4.6110     71.095     39.339  36.790194     3.0735      6.733   184.6331 4.3517e+01     4.7124      1.755      2.546    21.7677   997.8511 0.0000e+00
      1.811      0.073     4.5384     70.385     39.326  36.778134     3.0757      6.733   184.4251 4.2096e+01     4.7162      1.777      2.578    21.7620   997.8524 0.0000e+00
      1.830      0.064     4.4717     69.744     39.306  36.759254     3.0828      6.733   184.4438 4.0921e+01     4.6758      1.798      2.607    21.7577   997.8534 0.0000e+00
      1.844      0.056     4.4135     69.249     39.299  36.752331     3.1080      6.733   184.6863 3.9845e+01     4.4529      1.808      2.623    21.7552   997.8540 0.0000e+00
      1.854      0.051     4.3693     68.951     39.306  36.757897     3.1282      6.732   184.9491 3.8840e+01     4.2826      1.817      2.636    21.7548   997.8542 0.0000e+00
      1.865      0.048     4.3250     68.808     39.315  36.763082     3.1278      6.731   185.2123 3.7855e+01     4.2559      1.829      2.653    21.7552   997.8542 0.0000e+00
      1.877      0.048     4.2835     68.754     39.306  36.751541     3.1212      6.730   185.3736 3.6913e+01     4.2939      1.841      2.672    21.7549   997.8543 0.0000e+00
      1.889      0.049     4.2513     68.751     39.301  36.745297     3.0483      6.728   185.2638 3.6104e+01     4.5124      1.852      2.688    21.7548   997.8544 0.0000e+00
      1.902      0.050     4.2347     68.739     39.308  36.751062     2.9135      6.726   185.0895 3.5414e+01     4.8337      1.864      2.703    21.7538   997.8547 0.0000e+00
      1.915      0.050     4.2283     68.649     39.314  36.757779     2.8438      6.725   185.1599 3.4768e+01     4.9662      1.878      2.723    21.7506   997.8554 0.0000e+00
      1.930      0.048     4.2249     68.423     39.319  36.763030     2.8294      6.722   185.3397 3.4179e+01     4.9668      1.893      2.745    21.7459   997.8565 0.0000e+00
      1.944      0.045     4.2272     68.052     39.307  36.751083     2.8099      6.718   185.5430 3.3753e+01     4.9729      1.908      2.766    21.7421   997.8575 0.0000e+00
      1.956      0.040     4.2274     67.606     39.297  36.740272     2.7898      6.716   185.6382 3.3512e+01     4.9743      1.919      2.784    21.7420   997.8576 0.0000e+00
      1.964      0.036     4.2234     67.151     39.317  36.759257     2.7763      6.714   185.4582 3.3356e+01     4.9843      1.927      2.795    21.7444   997.8570 0.0000e+00
      1.971      0.033     4.2100     66.715     39.348  36.790207     2.7776      6.712   185.2597 3.3202e+01     4.9946      1.933      2.804    21.7454   997.8568 0.0000e+00
      1.976      0.033     4.1851     66.334     39.355  36.797127     2.8310      6.711   185.3039 3.3053e+01     4.9355      1.937      2.810    21.7432   997.8573 0.0000e+00
      1.982      0.036     4.1563     66.078     39.338  36.779447     2.9365      6.709   185.5619 3.2838e+01     4.8265      1.942      2.816    21.7408   997.8578 0.0000e+00
      1.992      0.042     4.1281     65.990     39.328  36.766867     3.0044      6.708   185.8838 3.2552e+01     4.7581      1.953      2.832    21.7419   997.8577 0.0000e+00
      2.005      0.049     4.1004     66.009     39.339  36.771960     3.0188      6.705   185.9268 3.2203e+01     4.7321      1.968      2.854    21.7450   997.8571 0.0000e+00
      2.017      0.057     4.0752     66.025     39.350  36.777538     3.0156      6.701   185.8242 3.1606e+01     4.6754      1.978      2.869    21.7463   997.8568 0.0000e+00
      2.032      0.065     4.0578     65.969     39.348  36.770834     3.0081      6.696   186.0192 3.0735e+01     4.5634      1.990      2.887    21.7438   997.8576 0.0000e+00
      2.051      0.070     4.0548     65.811     39.336  36.754368     3.0076      6.691   186.2190 2.9858e+01     4.4924      2.011      2.917    21.7386   997.8587 0.0000e+00
      2.071      0.074     4.0592     65.508     39.361  36.768864     3.0088      6.687   186.1754 2.9012e+01     4.4724      2.031      2.945    21.7328   997.8601 0.0000e+00
      2.093      0.075     4.0622     65.038     39.430  36.819140     3.0055      6.685   186.1813 2.8054e+01     4.4534      2.051      2.974    21.7255   997.8619 0.0000e+00
      2.114      0.075     4.0593     64.426     39.485  36.854443     2.9236      6.682   186.3759 2.7223e+01     4.2951      2.075      3.010    21.7192   997.8634 0.0000e+00
      2.133      0.073     4.0512     63.651     39.528  36.878315     2.7732      6.680   186.6350 2.6578e+01     4.0003      2.093      3.036    21.7141   997.8646 0.0000e+00
      2.149      0.070     4.0344     62.603     39.586  36.917345     2.7038      6.678   186.8186 2.5885e+01     3.8712      2.106      3.055    21.7045   997.8668 0.0000e+00
      2.166      0.066     4.0053     61.175     39.633  36.945486     2.7090      6.677   186.8755 2.5178e+01     3.8809      2.124      3.081    21.6860   997.8711 0.0000e+00
      2.183      0.062     3.9701     59.358     39.673  36.964643     2.6798      6.677   186.8926 2.4520e+01     3.7906      2.141      3.105    21.6625   997.8764 0.0000e+00
      2.199      0.059     3.9261     57.148     39.753  37.022003     2.6203      6.677   187.0257 2.3925e+01     3.6312      2.157      3.128    21.6426   997.8810 0.0000e+00
      2.214      0.057     3.8667     54.550     39.822  37.067717     2.5870      6.677   187.2812 2.3447e+01     3.5597      2.173      3.151    21.6249   997.8850 0.0000e+00
      2.227      0.055     3.7791     51.614     39.846  37.073031     2.5897      6.677   187.5725 2.3065e+01     3.5813      2.184      3.169    21.6043   997.8896 0.0000e+00
      2.239      0.054     3.6685     48.304     39.874  37.086230     2.6268      6.676   187.7939 2.2700e+01     3.5969      2.196      3.185    21.5824   997.8946 0.0000e+00
      2.252      0.054     3.5354     44.661     39.897  37.100343     2.6710      6.674   187.8071 2.2306e+01     3.5847      2.209      3.203    21.5601   997.8996 0.0000e+00
      2.266      0.056     3.3725     40.860     39.916  37.116713     2.6912      6.673   187.8181 2.1902e+01     3.5649      2.222      3.223    21.5366   997.9050 0.0000e+00
      2.281      0.059     3.1957     37.033     39.969  37.157204     2.7060      6.670   187.9272 2.1512e+01     3.5548      2.237      3.244    21.5140   997.9101 0.0000e+00
      2.296      0.061     2.9930     33.464     40.055  37.209057     2.7288      6.665   188.0076 2.1172e+01     3.5607      2.252      3.266    21.4959   997.9141 0.0000e+00
      2.312      0.062     2.7605     30.488     40.129  37.235819     2.7500      6.660   188.1886 2.0849e+01     3.5697      2.266      3.286    21.4866   997.9162 0.0000e+00
      2.329      0.062     2.5268     28.042     40.162  37.226822     2.7542      6.655   188.4796 2.0484e+01     3.5663      2.284      3.311    21.4895   997.9157 0.0000e+00
      2.348      0.061     2.2835     25.727     40.194  37.227170     2.7541      6.650   188.7728 2.0179e+01     3.5844      2.304      3.342    21.4884   997.9160 0.0000e+00
      2.363      0.059     2.0530     23.175     40.231  37.239984     2.7050      6.647   188.9812 1.9927e+01     3.5915      2.318      3.362    21.4501   997.9246 0.0000e+00
      2.378      0.058     1.8741     20.240     40.265  37.254783     2.5940      6.643   188.8484 1.9678e+01     3.5541      2.331      3.381    21.3869   997.9386 0.0000e+00
      2.391      0.058     1.7354     17.041     40.310  37.279129     2.5217      6.637   188.5434 1.9493e+01     3.5594      2.345      3.403    21.3364   997.9498 0.0000e+00
      2.403      0.061     1.6019     13.894     40.331  37.280426     2.4899      6.631   188.7353 1.9296e+01     3.5564      2.355      3.416    21.3003   997.9579 0.0000e+00
      2.417      0.069     1.4468     11.002     40.339  37.270436     2.3313      6.625   189.3613 1.8996e+01     3.4856      2.367      3.434    21.2752   997.9635 0.0000e+00
      2.435      0.079     1.2641      8.460     40.373  37.285263     2.0426      6.618   189.8317 1.8675e+01     3.4234      2.389      3.465    21.2579   997.9674 0.0000e+00
      2.455      0.089     1.0549      6.328     40.443  37.332731     1.8776      6.612   189.6049 1.8320e+01     3.4275      2.408      3.491    21.2360   997.9723 0.0000e+00
      2.479      0.094     0.8575      4.648     40.535  37.400019     1.8541      6.605   188.9410 1.7792e+01     3.4373      2.427      3.520    21.2121   997.9776 0.0000e+00
      2.510      0.094     0.6761      3.438     40.620  37.464051     1.8455      6.599   188.6889 1.7176e+01     3.3770      2.461      3.569    21.1906   997.9824 0.0000e+00
      2.543      0.089     0.5165      2.587     40.710  37.535638     1.8766      6.597   188.7077 1.6704e+01     3.2886      2.498      3.624    21.1703   997.9870 0.0000e+00
      2.568      0.080     0.3847      1.977     40.825  37.630806     1.9446      6.597   188.8239 1.6419e+01     3.1884      2.523      3.659    21.1496   997.9917 0.0000e+00
      2.583      0.070     0.2769      1.548     40.940  37.726041     1.9749      6.598   188.9751 1.6233e+01     3.1156      2.534      3.675    21.1275   997.9966 0.0000e+00
      2.593      0.059     0.2072      1.267     41.027  37.798422     1.9653      6.600   188.4708 1.6071e+01     3.0969      2.543      3.688    21.1085   998.0008 0.0000e+00
      2.605      0.050     0.1559      1.135     41.110  37.871189     1.9063      6.601   187.5450 1.5899e+01     3.0603      2.554      3.704    21.0953   998.0037 0.0000e+00
      2.618      0.047     0.1194      1.171     41.290  38.034567     1.7907      6.601   187.1598 1.5718e+01     3.0015      2.567      3.723    21.0832   998.0065 0.0000e+00
      2.630      0.047     0.0933      1.351     41.603  38.313824     1.7291      6.600   187.3412 1.5560e+01     2.9424      2.580      3.741    21.0698   998.0095 0.0000e+00
      2.640      0.047     0.0761      1.612     41.851  38.518098     1.7339      6.599   187.6732 1.5414e+01     2.8697      2.589      3.755    21.0588   998.0119 0.0000e+00
      2.652      0.046     0.0666      1.917     41.902  38.536556     1.7359      6.599   187.4743 1.5226e+01     2.8436      2.600      3.770    21.0527   998.0133 0.0000e+00
      2.666      0.044     0.0693      2.215     41.851  38.473483     1.7363      6.598   186.6569 1.5015e+01     2.8893      2.615      3.792    21.0556   998.0128 0.0000e+00
      2.678      0.042     0.0831      2.454     41.830  38.453734     1.7378      6.597   186.2221 1.4814e+01     2.9304      2.628      3.812    21.0520   998.0138 0.0000e+00
      2.688      0.040     0.0991      2.611     41.856  38.488205     1.7373      6.596   186.3469 1.4669e+01     2.9476      2.637      3.825    21.0166   998.0216 0.0000e+00
      2.697      0.038     0.1199      2.686     41.937  38.572888     1.7392      6.595   186.5317 1.4574e+01     2.9008      2.644      3.835    20.9723   998.0313 0.0000e+00
      2.705      0.038     0.1397      2.685     42.367  38.969809     1.7337      6.593   186.4763 1.4473e+01     2.7581      2.651      3.846    20.9518   998.0357 0.0000e+00
