Data/DataNotYetUploadedToEDI/Raw_CTD/RawDownloads/092719_fcr45.cnv
* Sea-Bird SBE19plus  Data File:
* FileName = C:\DATA\092719_fcr_0007.hex
* Software version 2.8.0.119 SB_Terminal.dll
* Temperature SN = 7809
* Conductivity SN = 7809
* System UpLoad Time = Sep 28 2019 13:26:58
* <ApplicationData>
* <Seaterm232>
# nquan = 16
# nvalues = 817                         
# units = specified
# name 0 = depFM: Depth [fresh water, m]
# name 1 = dz/dtM: Descent Rate [m/s]
# name 2 = sbeox0ML/L: Oxygen, SBE 43 [ml/l]
# name 3 = sbeox0PS: Oxygen, SBE 43 [% saturation]
# name 4 = specc: Specific Conductance [uS/cm]
# name 5 = c0uS/cm: Conductivity [uS/cm]
# name 6 = flECO-AFL: Fluorescence, WET Labs ECO-AFL/FL [mg/m^3]
# name 7 = ph: pH
# name 8 = orp: Oxidation Reduction Potential [mV]
# name 9 = par/sat/log: PAR/Logarithmic, Satlantic
# name 10 = turbWETntu0: Turbidity, WET Labs ECO [NTU]
# name 11 = prdM: Pressure, Strain Gauge [db]
# name 12 = prdE: Pressure, Strain Gauge [psi]
# name 13 = tv290C: Temperature [ITS-90, deg C]
# name 14 = density00: Density [density, kg/m^3]
# name 15 = flag:  0.000e+00
# span 0 =     -0.545,      7.367       
# span 1 =     -0.276,      0.308       
# span 2 =     0.0793,     6.8101       
# span 3 =      1.083,    111.699       
# span 4 =      1.228,    104.295       
# span 5 =   1.094429,  87.336116       
# span 6 =    -2.2153,   236.8778       
# span 7 =      6.331,      8.739       
# span 8 =  -998.1729,   143.0118       
# span 9 = 1.2347e-01, 1.9643e+03       
# span 10 =    -0.5108,   894.4556      
# span 11 =     -0.538,      7.225      
# span 12 =     -0.780,     10.479      
# span 13 =    12.6032,    22.9379      
# span 14 =   997.5716,   999.4937      
# span 15 = 0.0000e+00, 0.0000e+00      
# interval = seconds: 0.25
# start_time = Sep 27 2019 13:17:03 [Instrument's time stamp, header]
# bad_flag = -9.990e-29
*END*
[from data line 181]
     -0.263     -0.261     6.3451    104.598     39.204  37.574566    -2.1580      7.429    96.8453 1.8182e+03    25.7824     -0.269     -0.390    22.6809   997.6327 0.0000e+00
     -0.326     -0.216     6.3483    103.796     39.190  37.573306    -2.2153      7.424    97.6914 1.7912e+03    25.8818     -0.321     -0.466    22.7524   997.6158 0.0000e+00
     -0.376     -0.156     6.3369    102.656     39.175  37.559342    -1.8427      7.421    98.3947 1.7760e+03    22.2099     -0.375     -0.542    22.8376   997.5954 0.0000e+00
     -0.407     -0.096     6.3215    101.271     39.152  37.532677    -1.1282      7.418    98.4658 1.7869e+03    15.5674     -0.410     -0.595    22.8944   997.5819 0.0000e+00
     -0.416     -0.049     6.2960     99.770     39.130  37.504797    -0.2789      7.416    98.2069 1.6858e+03    13.7009     -0.412     -0.598    22.9196   997.5760 0.0000e+00
     -0.411     -0.018     6.2437     98.307     39.108  37.476146     5.2531      7.416    98.5341 1.5683e+03    33.7909     -0.407     -0.590    22.9379   997.5716 0.0000e+00
     -0.399      0.006     6.1737     96.992     39.083  37.440141    65.8191      7.415    99.8404 1.7033e+03   258.6372     -0.391     -0.567    22.9350   997.5723 0.0000e+00
     -0.390      0.027     6.0890     95.909     39.045  37.386826   176.8083      7.410   101.6123 1.8262e+03   670.7938     -0.376     -0.545    22.9263   997.5745 0.0000e+00
     -0.391      0.055     5.9954     95.107     39.020  37.339293   236.8758      7.401   102.5775 1.8232e+03   893.8698     -0.383     -0.555    22.9197   997.5760 0.0000e+00
     -0.394      0.097     5.9071     94.534     39.015  37.309709   236.8778      7.394   102.3036 1.8458e+03   894.4556     -0.392     -0.569    22.9091   997.5784 0.0000e+00
     -0.381      0.152     5.8278     94.117     39.008  37.282994   176.8934      7.394   101.6575 1.8715e+03   678.4012     -0.383     -0.555    22.8958   997.5816 0.0000e+00
     -0.340      0.212     5.7630     93.761     39.009  37.270152    66.0759      7.400   101.1320 1.8928e+03   279.0755     -0.347     -0.502    22.8739   997.5870 0.0000e+00
     -0.268      0.266     5.7205     93.316     39.029  37.281359     5.6226      7.409   100.6817 1.9098e+03    61.1460     -0.274     -0.396    22.8408   997.5951 0.0000e+00
     -0.168      0.300     5.6911     92.686     39.044  37.291537     0.1385      7.417   100.3431 1.9093e+03    41.2623     -0.168     -0.243    22.8068   997.6036 0.0000e+00
     -0.060      0.306     5.6701     91.875     39.019  37.266252    -0.3105      7.425   100.2216 1.8446e+03    38.7284     -0.053     -0.076    22.7803   997.6102 0.0000e+00
      0.032      0.283     5.6546     90.925     38.981  37.229540     0.1858      7.430   100.2449 1.5996e+03    30.4113      0.041      0.060    22.7641   997.6145 0.0000e+00
      0.101      0.236     5.6313     89.898     38.981  37.228500     1.1708      7.433   100.1949 1.1466e+03    15.4866      0.104      0.151    22.7551   997.6169 0.0000e+00
      0.151      0.178     5.5928     88.850     39.008  37.253670     1.7150      7.433   100.2186 7.6258e+02     7.3562      0.153      0.222    22.7498   997.6184 0.0000e+00
      0.185      0.123     5.5436     87.816     39.036  37.279984     1.7724      7.434   100.3600 6.4621e+02     6.5996      0.189      0.274    22.7474   997.6191 0.0000e+00
      0.201      0.081     5.4847     86.840     39.051  37.292764     1.7955      7.435   100.9579 6.7529e+02     6.5348      0.202      0.292    22.7467   997.6193 0.0000e+00
      0.205      0.053     5.4216     85.978     39.046  37.281233     1.8382      7.435   108.3947 8.2230e+02     6.5389      0.201      0.292    22.7468   997.6192 0.0000e+00
      0.207      0.038     5.3581     85.274     39.049  37.267501     1.8725      7.433   115.7675 9.8822e+02     6.5518      0.202      0.293    22.7465   997.6194 0.0000e+00
      0.213      0.032     5.2947     84.719     39.057  37.253656     1.8887      7.430   109.9998 9.4876e+02     6.5593      0.207      0.299    22.7454   997.6196 0.0000e+00
      0.223      0.030     5.2347     84.301     39.063  37.240754     1.9395      7.428   103.0149 7.6982e+02     6.6302      0.218      0.315    22.7468   997.6193 0.0000e+00
      0.236      0.031     5.1815     84.046     39.076  37.238429     2.0272      7.426   101.7797 7.4288e+02     6.8182      0.232      0.335    22.7413   997.6207 0.0000e+00
      0.248      0.032     5.1424     83.999     39.072  37.225525     2.0727      7.424   101.3457 9.0267e+02     6.9643      0.244      0.354    22.7162   997.6266 0.0000e+00
      0.254      0.034     5.1125     84.232     39.063  37.211666     2.0734      7.421   101.7247 8.8345e+02     7.0206      0.250      0.363    22.6841   997.6342 0.0000e+00
      0.255      0.038     5.0888     84.788     39.052  37.197797     2.0884      7.420   102.3186 7.8712e+02     7.0402      0.250      0.363    22.6590   997.6401 0.0000e+00
      0.260      0.044     5.0742     85.534     39.041  37.184788     2.1154      7.418   102.9337 7.8845e+02     7.0050      0.251      0.365    22.6416   997.6442 0.0000e+00
      0.272      0.054     5.0714     86.327     39.036  37.181315     2.1215      7.416   103.4832 7.2907e+02     6.9552      0.265      0.384    22.6312   997.6466 0.0000e+00
      0.291      0.065     5.0830     87.173     39.006  37.155810     2.1190      7.413   103.8012 7.0055e+02     6.9292      0.286      0.414    22.6241   997.6483 0.0000e+00
      0.311      0.075     5.1215     88.086     38.977  37.130305     2.1026      7.410   104.1114 6.3851e+02     6.8546      0.304      0.440    22.6195   997.6495 0.0000e+00
      0.332      0.080     5.1716     89.016     38.973  37.126842     2.0538      7.407   104.4812 5.9825e+02     6.7418      0.324      0.470    22.6164   997.6503 0.0000e+00
      0.357      0.079     5.2171     89.879     38.959  37.113937     2.0226      7.407   104.7438 6.7709e+02     6.7119      0.350      0.510    22.6171   997.6503 0.0000e+00
      0.380      0.072     5.2678     90.574     38.946  37.101223     2.0117      7.409   104.8768 7.0043e+02     6.7230      0.374      0.543    22.6234   997.6489 0.0000e+00
      0.400      0.062     5.3235     90.987     38.946  37.100066     1.9737      7.411   104.9716 6.4605e+02     6.6792      0.394      0.572    22.6266   997.6482 0.0000e+00
      0.415      0.051     5.3819     91.055     38.947  37.099951     1.9188      7.414   105.2011 6.1033e+02     6.5766      0.409      0.593    22.6267   997.6483 0.0000e+00
      0.424      0.041     5.4356     90.781     38.949  37.099828     1.8855      7.416   105.5876 6.6175e+02     6.4980      0.417      0.604    22.6272   997.6482 0.0000e+00
      0.429      0.036     5.4808     90.214     38.950  37.098568     1.8746      7.415   105.9440 7.2300e+02     6.5146      0.423      0.614    22.6271   997.6482 0.0000e+00
      0.433      0.034     5.5072     89.410     38.938  37.084720     1.8736      7.412   106.1554 6.9372e+02     6.5484      0.424      0.616    22.6259   997.6485 0.0000e+00
      0.438      0.033     5.5112     88.439     38.914  37.059330     1.9348      7.412   106.3359 6.6455e+02     6.5466      0.427      0.619    22.6234   997.6491 0.0000e+00
      0.451      0.032     5.4939     87.426     38.905  37.045472     2.0594      7.414   106.4920 6.9295e+02     6.5260      0.440      0.637    22.6211   997.6497 0.0000e+00
      0.466      0.028     5.4584     86.589     38.911  37.044110     2.1309      7.415   106.5812 6.7835e+02     6.4952      0.460      0.668    22.6183   997.6505 0.0000e+00
      0.476      0.021     5.4094     86.199     38.917  37.042852     2.1328      7.417   106.6399 6.9121e+02     6.5019      0.470      0.682    22.6151   997.6513 0.0000e+00
      0.479      0.008     5.3480     86.361     38.908  37.030251     2.0733      7.417   106.5134 7.6818e+02     6.4755      0.468      0.680    22.6132   997.6516 0.0000e+00
      0.479     -0.011     5.2833     86.946     38.898  37.018700     1.9572      7.416   106.3423 7.6954e+02     6.3726      0.472      0.685    22.6073   997.6530 0.0000e+00
      0.477     -0.030     5.2263     87.746     38.911  37.030127     1.8916      7.415   106.3780 7.1557e+02     6.3073      0.469      0.680    22.5953   997.6559 0.0000e+00
      0.468     -0.041     5.2010     88.585     38.926  37.041468     1.8782      7.415   106.5142 7.0614e+02     6.3080      0.463      0.672    22.5861   997.6579 0.0000e+00
      0.449     -0.043     5.2154     89.353     38.917  37.028868     1.8294      7.417   106.6992 8.4408e+02     6.4468      0.444      0.644    22.5817   997.6589 0.0000e+00
      0.425     -0.038     5.2556     89.964     38.895  37.004728     1.7529      7.420   106.8937 9.5767e+02     6.6734      0.411      0.597    22.5792   997.6593 0.0000e+00
      0.409     -0.028     5.3082     90.329     38.895  37.003478     1.7155      7.421   107.0594 8.4226e+02     6.7549      0.396      0.574    22.5785   997.6595 0.0000e+00
      0.408     -0.016     5.3612     90.380     38.905  37.013761     1.7153      7.421   107.2398 7.2083e+02     6.7109      0.398      0.576    22.5748   997.6603 0.0000e+00
      0.414     -0.002     5.4100     90.103     38.892  37.002105     1.7415      7.423   107.3535 7.1831e+02     6.6335      0.405      0.588    22.5683   997.6618 0.0000e+00
      0.421      0.010     5.4493     89.505     38.879  36.989505     1.7990      7.426   107.4889 7.4619e+02     6.5403      0.414      0.601    22.5647   997.6628 0.0000e+00
      0.426      0.016     5.4735     88.650     38.878  36.988358     1.8390      7.426   107.7572 8.1547e+02     6.5006      0.419      0.607    22.5630   997.6631 0.0000e+00
      0.427      0.017     5.4762     87.636     38.879  36.988240     1.8427      7.427   108.0166 8.3920e+02     6.5140      0.419      0.608    22.5634   997.6630 0.0000e+00
      0.429      0.016     5.4595     86.497     38.879  36.988074     1.8527      7.427   108.2160 7.2293e+02     6.5064      0.420      0.608    22.5650   997.6627 0.0000e+00
      0.434      0.014     5.4224     85.262     38.879  36.986342     1.8912      7.426   108.4474 7.1453e+02     6.4741      0.425      0.617    22.5651   997.6626 0.0000e+00
      0.440      0.012     5.3669     84.013     38.860  36.967300     1.9265      7.423   108.6633 8.2834e+02     6.4838      0.431      0.626    22.5644   997.6628 0.0000e+00
      0.445      0.010     5.3062     82.849     38.842  36.948257     1.9415      7.421   108.7616 8.2604e+02     6.5257      0.438      0.634    22.5636   997.6630 0.0000e+00
      0.448      0.009     5.2370     81.847     38.842  36.946513     1.9507      7.420   108.9482 7.7778e+02     6.5217      0.441      0.640    22.5623   997.6633 0.0000e+00
      0.447      0.011     5.1602     80.994     38.843  36.946214     1.9687      7.420   109.2848 7.9573e+02     6.5002      0.439      0.638    22.5610   997.6636 0.0000e+00
      0.445      0.016     5.0828     80.241     38.844  36.944639     1.9940      7.417   109.5623 8.0473e+02     6.5280      0.435      0.631    22.5591   997.6641 0.0000e+00
      0.446      0.023     5.0104     79.603     38.829  36.927469     2.0054      7.412   109.6351 6.9450e+02     6.5636      0.433      0.628    22.5562   997.6648 0.0000e+00
      0.454      0.031     4.9505     79.088     38.834  36.929024     2.0105      7.404   109.6482 5.6558e+02     6.5702      0.444      0.644    22.5542   997.6652 0.0000e+00
      0.468      0.037     4.9012     78.646     38.873  36.963438     2.0465      7.398   109.8071 5.4333e+02     6.5095      0.458      0.665    22.5526   997.6657 0.0000e+00
      0.483      0.039     4.8545     78.224     38.876  36.962723     2.1035      7.397   109.9221 5.7695e+02     6.3868      0.473      0.686    22.5511   997.6661 0.0000e+00
      0.496      0.036     4.8156     77.790     38.836  36.920365     2.1271      7.399   109.9199 6.4545e+02     6.2990      0.489      0.710    22.5472   997.6671 0.0000e+00
      0.505      0.028     4.7868     77.362     38.811  36.895605     2.1241      7.404   109.9528 7.3010e+02     6.2675      0.498      0.721    22.5415   997.6685 0.0000e+00
      0.510      0.020     4.7610     76.961     38.836  36.917248     2.1277      7.410   110.0616 7.2041e+02     6.2680      0.500      0.725    22.5382   997.6692 0.0000e+00
      0.513      0.017     4.7371     76.587     38.849  36.928145     2.1273      7.415   110.2027 6.2029e+02     6.2725      0.504      0.731    22.5338   997.6702 0.0000e+00
      0.512      0.022     4.7107     76.257     38.823  36.900414     2.1282      7.420   110.3680 5.4428e+02     6.2886      0.503      0.731    22.5279   997.6716 0.0000e+00
      0.509      0.036     4.6840     75.966     38.824  36.899311     2.1384      7.422   110.5980 5.1251e+02     6.3325      0.496      0.721    22.5259   997.6721 0.0000e+00
      0.514      0.056     4.6608     75.715     38.844  36.914814     2.1819      7.420   110.9190 5.0560e+02     6.4421      0.498      0.723    22.5253   997.6722 0.0000e+00
      0.531      0.076     4.6370     75.539     38.829  36.897434     2.2632      7.415   111.2380 5.0709e+02     6.5980      0.516      0.749    22.5222   997.6731 0.0000e+00
      0.560      0.093     4.6179     75.423     38.814  36.879579     2.3066      7.408   111.3571 4.9158e+02     6.6765      0.546      0.792    22.5179   997.6741 0.0000e+00
      0.596      0.101     4.6012     75.333     38.828  36.889349     2.3080      7.403   111.4128 4.8907e+02     6.7031      0.583      0.846    22.5154   997.6749 0.0000e+00
      0.632      0.096     4.5842     75.300     38.829  36.888611     2.3150      7.403   111.6534 5.0855e+02     6.6251      0.622      0.901    22.5119   997.6760 0.0000e+00
      0.661      0.083     4.5749     75.404     38.814  36.870657     2.3220      7.405   111.9432 5.0161e+02     6.4212      0.654      0.948    22.5061   997.6774 0.0000e+00
      0.679      0.063     4.5697     75.675     38.809  36.862682     2.3233      7.407   112.0772 4.6991e+02     6.3030      0.670      0.971    22.5014   997.6785 0.0000e+00
      0.686      0.042     4.5636     76.071     38.805  36.855653     2.3218      7.410   112.0683 4.8787e+02     6.2774      0.673      0.977    22.4984   997.6793 0.0000e+00
      0.689      0.026     4.5598     76.547     38.803  36.849147     2.3214      7.414   112.0946 5.4227e+02     6.2756      0.677      0.981    22.4954   997.6799 0.0000e+00
      0.691      0.017     4.5651     77.075     38.805  36.847473     2.3617      7.416   112.1372 5.4053e+02     6.4121      0.678      0.983    22.4917   997.6808 0.0000e+00
      0.692      0.018     4.5838     77.657     38.798  36.835403     2.4451      7.416   112.1529 4.9487e+02     6.6165      0.678      0.985    22.4879   997.6817 0.0000e+00
      0.693      0.030     4.6092     78.374     38.800  36.830153     2.4880      7.412   112.2852 4.5741e+02     6.6830      0.680      0.987    22.4830   997.6829 0.0000e+00
      0.696      0.050     4.6384     79.210     38.826  36.847464     2.4820      7.404   112.5318 4.4327e+02     6.6588      0.679      0.986    22.4769   997.6843 0.0000e+00
      0.706      0.070     4.6726     80.031     38.839  36.854279     2.4857      7.397   112.8112 4.3857e+02     6.6844      0.687      0.997    22.4725   997.6853 0.0000e+00
      0.730      0.087     4.7045     80.753     38.839  36.849068     2.4976      7.392   112.9971 4.3542e+02     6.7628      0.711      1.032    22.4673   997.6866 0.0000e+00
      0.765      0.096     4.7488     81.338     38.841  36.847923     2.4959      7.391   113.0576 4.2262e+02     6.7877      0.748      1.085    22.4571   997.6892 0.0000e+00
      0.802      0.098     4.8058     81.843     38.837  36.840431     2.4915      7.392   113.1124 4.0469e+02     6.7566      0.790      1.145    22.4462   997.6919 0.0000e+00
