Data/DataNotYetUploadedToEDI/Raw_CTD/RawDownloads/092719_fcr30.cnv
* Sea-Bird SBE19plus  Data File:
* FileName = C:\DATA\092719_fcr_0006.hex
* Software version 2.8.0.119 SB_Terminal.dll
* Temperature SN = 7809
* Conductivity SN = 7809
* System UpLoad Time = Sep 28 2019 13:26:32
* <ApplicationData>
* <Seaterm232>
# nquan = 16
# nvalues = 709                         
# units = specified
# name 0 = depFM: Depth [fresh water, m]
# name 1 = dz/dtM: Descent Rate [m/s]
# name 2 = sbeox0ML/L: Oxygen, SBE 43 [ml/l]
# name 3 = sbeox0PS: Oxygen, SBE 43 [% saturation]
# name 4 = specc: Specific Conductance [uS/cm]
# name 5 = c0uS/cm: Conductivity [uS/cm]
# name 6 = flECO-AFL: Fluorescence, WET Labs ECO-AFL/FL [mg/m^3]
# name 7 = ph: pH
# name 8 = orp: Oxidation Reduction Potential [mV]
# name 9 = par/sat/log: PAR/Logarithmic, Satlantic
# name 10 = turbWETntu0: Turbidity, WET Labs ECO [NTU]
# name 11 = prdM: Pressure, Strain Gauge [db]
# name 12 = prdE: Pressure, Strain Gauge [psi]
# name 13 = tv290C: Temperature [ITS-90, deg C]
# name 14 = density00: Density [density, kg/m^3]
# name 15 = flag:  0.000e+00
# span 0 =     -0.545,      5.453       
# span 1 =     -0.392,      0.331       
# span 2 =     0.0747,     6.8873       
# span 3 =      1.021,    113.584       
# span 4 =     27.018,    110.577       
# span 5 =  25.103513,  93.460762       
# span 6 =     0.1279,     9.7099       
# span 7 =      6.503,      8.818       
# span 8 =    -4.7359,   203.8879       
# span 9 = 1.2348e-01, 3.5941e+02       
# span 10 =     2.2471,    70.0363      
# span 11 =     -0.538,      5.348      
# span 12 =     -0.780,      7.756      
# span 13 =    12.7464,    23.0624      
# span 14 =   997.5433,   999.4587      
# span 15 = 0.0000e+00, 0.0000e+00      
# interval = seconds: 0.25
# start_time = Sep 27 2019 13:09:17 [Instrument's time stamp, header]
# bad_flag = -9.990e-29
*END*
[from data line 91]
      0.114      0.007     4.5534     73.462     39.006  36.927322     2.5655      8.047   180.0939 1.8622e+02     6.6347      0.111      0.161    22.3291   997.7158 0.0000e+00
      0.118      0.008     4.5253     73.236     39.024  36.944632     2.5745      8.043   179.8324 1.8295e+02     6.8527      0.115      0.166    22.3289   997.7159 0.0000e+00
      0.121      0.007     4.4998     73.045     39.026  36.946049     2.5753      8.038   179.6881 1.7801e+02     6.9826      0.120      0.172    22.3293   997.7159 0.0000e+00
      0.125      0.004     4.4813     72.850     39.026  36.944461     2.5665      8.031   179.7269 1.8281e+02     6.9936      0.123      0.178    22.3298   997.7157 0.0000e+00
      0.126     -0.001     4.4645     72.619     39.007  36.925424     2.5547      8.021   179.8706 1.9255e+02     6.8211      0.124      0.180    22.3301   997.7156 0.0000e+00
      0.125     -0.006     4.4506     72.334     38.989  36.906294     2.5540      8.008   179.9636 1.9206e+02     6.5029      0.123      0.179    22.3303   997.7156 0.0000e+00
      0.121     -0.011     4.4405     71.994     38.988  36.903589     2.5674      7.998   179.9038 1.8677e+02     6.2914      0.119      0.173    22.3299   997.7157 0.0000e+00
      0.115     -0.012     4.4293     71.617     38.978  36.892717     2.5770      7.990   179.4920 1.8710e+02     6.2311      0.113      0.164    22.3286   997.7160 0.0000e+00
      0.110     -0.011     4.4157     71.208     38.988  36.901778     2.5755      7.984   178.9426 1.8955e+02     6.2986      0.107      0.156    22.3264   997.7164 0.0000e+00
      0.106     -0.007     4.3988     70.787     39.038  36.949670     2.5740      7.976   178.5961 1.9704e+02     6.4521      0.103      0.149    22.3243   997.7169 0.0000e+00
      0.104     -0.002     4.3775     70.409     39.053  36.963990     2.5775      7.968   178.3986 2.0399e+02     6.5461      0.101      0.146    22.3222   997.7174 0.0000e+00
      0.106      0.003     4.3548     70.105     39.036  36.947970     2.5833      7.959   178.1897 1.9704e+02     6.5499      0.104      0.149    22.3202   997.7178 0.0000e+00
      0.109      0.007     4.3303     69.870     39.034  36.946396     2.6098      7.950   177.9640 1.8508e+02     6.5313      0.107      0.155    22.3191   997.7181 0.0000e+00
      0.112      0.009     4.3024     69.673     39.032  36.944962     2.6538      7.943   177.6475 1.7884e+02     6.5170      0.110      0.160    22.3187   997.7183 0.0000e+00
      0.115      0.009     4.2793     69.496     39.016  36.930629     2.6825      7.937   177.2030 1.8422e+02     6.5087      0.113      0.163    22.3194   997.7181 0.0000e+00
      0.117      0.008     4.2605     69.361     38.983  36.900045     2.6969      7.931   176.8908 1.9411e+02     6.5291      0.115      0.166    22.3201   997.7179 0.0000e+00
      0.118      0.006     4.2470     69.243     38.975  36.892549     2.7057      7.923   176.7984 1.9034e+02     6.5672      0.116      0.168    22.3210   997.7178 0.0000e+00
      0.120      0.004     4.2361     69.084     38.986  36.903460     2.7031      7.915   176.6879 1.8048e+02     6.5764      0.118      0.172    22.3220   997.7175 0.0000e+00
      0.121      0.002     4.2235     68.884     38.988  36.905020     2.6998      7.908   176.5009 1.7428e+02     6.5746      0.120      0.174    22.3227   997.7174 0.0000e+00
      0.121      0.001     4.2161     68.670     38.996  36.911418     2.7089      7.902   176.3453 1.7413e+02     6.5785      0.119      0.173    22.3236   997.7171 0.0000e+00
      0.121      0.000     4.2109     68.433     39.002  36.917345     2.7091      7.895   176.1833 1.8135e+02     6.5580      0.118      0.172    22.3241   997.7170 0.0000e+00
      0.120     -0.002     4.2011     68.173     38.998  36.913208     2.6853      7.888   176.0044 1.8892e+02     6.6540      0.117      0.170    22.3237   997.7171 0.0000e+00
      0.120     -0.003     4.1873     67.898     39.011  36.924869     2.6553      7.883   175.8174 1.9307e+02     6.8868      0.117      0.170    22.3232   997.7172 0.0000e+00
      0.120     -0.004     4.1758     67.613     39.018  36.931385     2.6406      7.877   175.6433 1.9562e+02     7.0131      0.117      0.170    22.3226   997.7174 0.0000e+00
      0.119     -0.006     4.1607     67.331     39.015  36.928519     2.6464      7.868   175.5340 2.0116e+02     7.0011      0.117      0.170    22.3226   997.7174 0.0000e+00
      0.117     -0.007     4.1448     67.053     39.108  37.017168     2.6219      7.858   175.4417 2.0568e+02     6.8076      0.115      0.166    22.3225   997.7174 0.0000e+00
      0.114     -0.007     4.1283     66.872     39.263  37.178069     2.5518      7.850   175.3020 2.0574e+02     6.4762      0.112      0.162    22.3220   997.7175 0.0000e+00
      0.111     -0.006     4.1105     67.453     39.328  37.287124     2.5097      7.843   175.0493 2.0345e+02     6.3052      0.109      0.158    22.3209   997.7178 0.0000e+00
      0.109     -0.003     4.0936     70.136     39.286  37.320213     2.5119      7.837   174.7094 1.9894e+02     6.3123      0.106      0.154    22.3201   997.7179 0.0000e+00
      0.108      0.001     4.0770     75.656     39.220  37.324358     2.5178      7.830   174.5482 1.9506e+02     6.3985      0.105      0.152    22.3190   997.7182 0.0000e+00
      0.109      0.005     4.0568     83.315     39.189  37.337328     2.5196      7.824   174.4762 1.9414e+02     6.4954      0.106      0.153    22.3211   997.7178 0.0000e+00
      0.111      0.009     4.0479     91.667     39.181  37.350149     2.5173      7.815   174.1837 1.9376e+02     6.5005      0.108      0.157    22.3821   997.7037 0.0000e+00
      0.114      0.011     4.1796     99.362     39.174  37.352459     2.5075      7.803   174.0217 1.8806e+02     6.4924      0.112      0.163    22.5004   997.6763 0.0000e+00
      0.119      0.012     4.5290    105.655     39.182  37.365257     2.5218      7.791   174.0676 1.8178e+02     6.5943      0.117      0.169    22.5907   997.6554 0.0000e+00
      0.123      0.012     5.0198    110.225     39.187  37.377951     2.5599      7.781   173.8778 1.8208e+02     6.7159      0.121      0.175    22.6412   997.6436 0.0000e+00
      0.127      0.011     5.5550    112.854     39.182  37.378991     2.5695      7.772   173.4481 1.7790e+02     6.7179      0.126      0.182    22.6644   997.6383 0.0000e+00
      0.129      0.009     6.0324    113.584     39.176  37.377846     2.5596      7.767   173.0868 1.7018e+02     6.6841      0.127      0.184    22.6690   997.6372 0.0000e+00
      0.130      0.006     6.4154    112.887     39.158  37.364111     2.5620      7.762   172.9518 1.6972e+02     6.6685      0.126      0.183    22.6761   997.6356 0.0000e+00
      0.131      0.003     6.6968    111.447     39.131  37.339881     2.5725      7.757   172.9345 1.6870e+02     6.6279      0.128      0.187    22.6867   997.6330 0.0000e+00
      0.133     -0.001     6.8545    109.833     39.136  37.338791     2.5736      7.750   172.7915 1.6881e+02     6.5856      0.130      0.189    22.6947   997.6311 0.0000e+00
      0.133     -0.004     6.8873    108.421     39.161  37.350920     2.5579      7.740   172.5985 1.7440e+02     6.5501      0.130      0.189    22.6988   997.6303 0.0000e+00
      0.132     -0.006     6.8271    107.341     39.180  37.359566     2.5483      7.733   172.4090 1.7947e+02     6.5264      0.130      0.189    22.7042   997.6290 0.0000e+00
      0.129     -0.006     6.7290    106.539     39.195  37.379841     2.5346      7.730   172.2213 1.8323e+02     6.4308      0.127      0.185    22.7075   997.6282 0.0000e+00
      0.124     -0.005     6.6230    105.949     39.208  37.405649     2.4966      7.727   172.3073 1.8123e+02     6.2463      0.120      0.174    22.7039   997.6289 0.0000e+00
      0.121     -0.001     6.5384    105.532     39.207  37.417719     2.4620      7.721   172.3305 1.7537e+02     6.1302      0.116      0.168    22.6821   997.6340 0.0000e+00
      0.122      0.004     6.4782    105.242     39.175  37.398846     2.4456      7.714   172.1578 1.7352e+02     6.1082      0.118      0.173    22.6623   997.6387 0.0000e+00
      0.125      0.009     6.4292    105.021     39.134  37.367899     2.4711      7.708   172.1117 1.7442e+02     6.2428      0.122      0.178    22.6753   997.6357 0.0000e+00
      0.128      0.013     6.3916    104.847     39.123  37.360932     2.5371      7.700   172.0310 1.8020e+02     6.5444      0.125      0.181    22.6985   997.6303 0.0000e+00
      0.133      0.015     6.3647    104.692     39.141  37.378087     2.5765      7.693   171.7849 1.8689e+02     6.7404      0.130      0.190    22.7149   997.6266 0.0000e+00
      0.138      0.015     6.3479    104.494     39.148  37.384897     2.5742      7.686   171.4592 1.8616e+02     6.7447      0.137      0.199    22.7286   997.6233 0.0000e+00
      0.141      0.014     6.3329    104.262     39.145  37.379797     2.5609      7.680   171.2757 1.8217e+02     6.6626      0.139      0.201    22.7405   997.6205 0.0000e+00
      0.143      0.014     6.3220    104.057     39.150  37.379902     2.5554      7.674   171.1150 1.7907e+02     6.5999      0.139      0.202    22.7444   997.6196 0.0000e+00
      0.147      0.013     6.3155    103.909     39.164  37.386155     2.5586      7.668   168.4842 1.7403e+02     6.6086      0.144      0.209    22.7430   997.6200 0.0000e+00
      0.151      0.012     6.3029    103.830     39.175  37.391912     2.5657      7.663   163.5573 1.6496e+02     6.6038      0.149      0.217    22.7437   997.6198 0.0000e+00
      0.154      0.012     6.2870    103.819     39.172  37.386027     2.5719      7.661   161.0166 1.5909e+02     6.5745      0.151      0.219    22.7426   997.6200 0.0000e+00
      0.157      0.011     6.2754    103.849     39.168  37.378473     2.5719      7.658   163.1468 1.5923e+02     6.5500      0.154      0.223    22.7346   997.6219 0.0000e+00
      0.160      0.010     6.2676    103.900     39.161  37.364044     2.5751      7.654   167.8036 1.6062e+02     6.5369      0.157      0.228    22.7224   997.6248 0.0000e+00
      0.162      0.008     6.2632    103.952     39.147  37.338510     2.5837      7.652   170.4306 1.5837e+02     6.5474      0.159      0.231    22.7192   997.6256 0.0000e+00
      0.164      0.006     6.2638    103.977     39.147  37.323629     2.5987      7.650   170.6464 1.5119e+02     6.5450      0.161      0.234    22.7157   997.6264 0.0000e+00
      0.166      0.004     6.2666    104.008     39.153  37.311042     2.6169      7.645   170.6699 1.4769e+02     6.5406      0.163      0.236    22.7102   997.6277 0.0000e+00
      0.167      0.003     6.2705    104.083     39.173  37.313242     2.6228      7.640   170.5431 1.5069e+02     6.5596      0.164      0.237    22.7032   997.6294 0.0000e+00
      0.167      0.003     6.2772    104.154     39.214  37.350205     2.6264      7.637   170.3173 1.5295e+02     6.5784      0.164      0.238    22.6868   997.6331 0.0000e+00
      0.167      0.002     6.2800    104.209     39.222  37.377109     2.6345      7.635   169.9197 1.5675e+02     6.5715      0.163      0.237    22.6676   997.6376 0.0000e+00
      0.167      0.002     6.2823    104.268     39.202  37.384659     2.6339      7.633   167.1122 1.6017e+02     6.5416      0.163      0.236    22.6444   997.6431 0.0000e+00
      0.168      0.003     6.2935    104.323     39.178  37.378055     2.6275      7.631   161.9256 1.5617e+02     6.5111      0.165      0.239    22.6140   997.6501 0.0000e+00
      0.169      0.004     6.2987    104.359     39.162  37.360764     2.6271      7.627   158.5741 1.5191e+02     6.5314      0.166      0.240    22.6040   997.6525 0.0000e+00
      0.170      0.004     6.2966    104.337     39.182  37.366019     2.6379      7.620   157.4775 1.5302e+02     6.5902      0.166      0.242    22.6396   997.6443 0.0000e+00
      0.171      0.003     6.2957    104.237     39.208  37.378092     2.6535      7.614   156.6690 1.5549e+02     6.6327      0.168      0.244    22.6838   997.6339 0.0000e+00
      0.172      0.003     6.2960    104.112     39.209  37.379772     2.6677      7.610   155.9405 1.5292e+02     6.6845      0.168      0.244    22.7062   997.6287 0.0000e+00
      0.173      0.003     6.3000    104.044     39.201  37.386335     2.6708      7.605   155.2939 1.5021e+02     6.7245      0.171      0.248    22.7023   997.6296 0.0000e+00
      0.173      0.004     6.3025    104.036     39.191  37.393984     2.6733      7.600   154.7870 1.5254e+02     6.7566      0.170      0.247    22.6766   997.6356 0.0000e+00
      0.173      0.007     6.2979    104.022     39.196  37.408814     2.6893      7.594   154.3721 1.5478e+02     6.8436      0.168      0.244    22.6550   997.6407 0.0000e+00
      0.173      0.011     6.2878    103.976     39.220  37.438704     2.6918      7.585   153.9761 1.5467e+02     6.9241      0.168      0.244    22.6538   997.6410 0.0000e+00
      0.176      0.015     6.2806    103.926     39.210  37.438015     2.6776      7.575   153.6140 1.5000e+02     6.9421      0.172      0.250    22.6790   997.6351 0.0000e+00
      0.182      0.018     6.2792    103.904     39.165  37.400497     2.6738      7.566   153.2632 1.4281e+02     6.9631      0.179      0.259    22.7073   997.6285 0.0000e+00
      0.190      0.020     6.2776    103.896     39.133  37.365936     2.6804      7.560   152.9178 1.3811e+02     7.0143      0.186      0.270    22.7157   997.6265 0.0000e+00
      0.196      0.021     6.2738    103.859     39.116  37.337510     2.6881      7.556   152.6217 1.3603e+02     7.0372      0.194      0.281    22.7194   997.6257 0.0000e+00
      0.201      0.021     6.2674    103.763     39.104  37.310684     2.6891      7.551   152.3492 1.3560e+02     7.0108      0.198      0.287    22.7357   997.6220 0.0000e+00
      0.203      0.020     6.2653    103.646     39.107  37.295455     2.6833      7.546   152.0329 1.3507e+02     6.9898      0.199      0.288    22.7489   997.6188 0.0000e+00
      0.208      0.019     6.2670    103.589     39.116  37.280309     2.7038      7.538   151.7229 1.3263e+02     6.9473      0.202      0.294    22.7402   997.6208 0.0000e+00
      0.214      0.017     6.2675    103.594     39.119  37.254464     2.7474      7.530   151.4400 1.2849e+02     6.8907      0.211      0.305    22.7219   997.6252 0.0000e+00
      0.220      0.017     6.2640    103.642     39.129  37.236824     2.7685      7.526   151.1080 1.2547e+02     6.8622      0.217      0.315    22.7037   997.6295 0.0000e+00
      0.224      0.016     6.2553    103.700     39.109  37.193936     2.7593      7.526   150.8052 1.2422e+02     6.7995      0.221      0.321    22.6818   997.6346 0.0000e+00
      0.228      0.013     6.2577    103.770     39.055  37.116722     2.7059      7.527   150.6183 1.2380e+02     6.6563      0.224      0.324    22.6511   997.6418 0.0000e+00
      0.230      0.012     6.2624    103.930     39.034  37.064889     2.6257      7.528   150.4837 1.2410e+02     6.4743      0.226      0.327    22.6101   997.6513 0.0000e+00
      0.232      0.012     6.2702    104.132     39.076  37.074974     2.5862      7.528   150.3812 1.2598e+02     6.3691      0.228      0.330    22.5745   997.6596 0.0000e+00
      0.234      0.013     6.2786    104.292     39.131  37.111669     2.5847      7.527   150.2400 1.2871e+02     6.3341      0.229      0.332    22.5486   997.6657 0.0000e+00
      0.237      0.015     6.2816    104.410     39.148  37.127700     2.5803      7.527   150.0674 1.2939e+02     6.3131      0.231      0.335    22.5168   997.6730 0.0000e+00
      0.242      0.015     6.2997    104.469     39.154  37.141858     2.5597      7.525   149.9293 1.2928e+02     6.3779      0.236      0.342    22.4725   997.6833 0.0000e+00
