Data/DataNotYetUploadedToEDI/Raw_CTD/RawDownloads/092719_fcr30.cnv
* Sea-Bird SBE19plus  Data File:
* FileName = C:\DATA\092719_fcr_0006.hex
* Software version 2.8.0.119 SB_Terminal.dll
* Temperature SN = 7809
* Conductivity SN = 7809
* System UpLoad Time = Sep 28 2019 13:26:32
* <ApplicationData>
* <Seaterm232>
# nquan = 16
# nvalues = 709                         
# units = specified
# name 0 = depFM: Depth [fresh water, m]
# name 1 = dz/dtM: Descent Rate [m/s]
# name 2 = sbeox0ML/L: Oxygen, SBE 43 [ml/l]
# name 3 = sbeox0PS: Oxygen, SBE 43 [% saturation]
# name 4 = specc: Specific Conductance [uS/cm]
# name 5 = c0uS/cm: Conductivity [uS/cm]
# name 6 = flECO-AFL: Fluorescence, WET Labs ECO-AFL/FL [mg/m^3]
# name 7 = ph: pH
# name 8 = orp: Oxidation Reduction Potential [mV]
# name 9 = par/sat/log: PAR/Logarithmic, Satlantic
# name 10 = turbWETntu0: Turbidity, WET Labs ECO [NTU]
# name 11 = prdM: Pressure, Strain Gauge [db]
# name 12 = prdE: Pressure, Strain Gauge [psi]
# name 13 = tv290C: Temperature [ITS-90, deg C]
# name 14 = density00: Density [density, kg/m^3]
# name 15 = flag:  0.000e+00
# span 0 =     -0.545,      5.453       
# span 1 =     -0.392,      0.331       
# span 2 =     0.0747,     6.8873       
# span 3 =      1.021,    113.584       
# span 4 =     27.018,    110.577       
# span 5 =  25.103513,  93.460762       
# span 6 =     0.1279,     9.7099       
# span 7 =      6.503,      8.818       
# span 8 =    -4.7359,   203.8879       
# span 9 = 1.2348e-01, 3.5941e+02       
# span 10 =     2.2471,    70.0363      
# span 11 =     -0.538,      5.348      
# span 12 =     -0.780,      7.756      
# span 13 =    12.7464,    23.0624      
# span 14 =   997.5433,   999.4587      
# span 15 = 0.0000e+00, 0.0000e+00      
# interval = seconds: 0.25
# start_time = Sep 27 2019 13:09:17 [Instrument's time stamp, header]
# bad_flag = -9.990e-29
*END*
[from data line 452]
      1.842      0.060     5.2386     85.441     39.247  36.626482     4.3644      7.204   168.3642 1.2254e+01     5.9217      1.804      2.616    21.6650   997.8742 0.0000e+00
      1.863      0.063     5.2471     85.377     39.280  36.653505     4.3360      7.193   168.4195 1.1934e+01     6.0322      1.826      2.648    21.6635   997.8748 0.0000e+00
      1.885      0.062     5.2566     85.100     39.317  36.683111     4.3429      7.182   168.6022 1.1666e+01     6.0678      1.850      2.683    21.6621   997.8751 0.0000e+00
      1.905      0.057     5.2613     84.357     39.303  36.667071     4.3876      7.174   168.6804 1.1480e+01     5.9910      1.871      2.713    21.6599   997.8757 0.0000e+00
      1.918      0.049     5.2629     83.014     39.286  36.649982     4.4688      7.172   168.6767 1.1361e+01     5.7915      1.883      2.731    21.6553   997.8768 0.0000e+00
      1.928      0.040     5.2613     81.149     39.303  36.666916     4.5179      7.174   168.8155 1.1308e+01     5.6556      1.891      2.744    21.6511   997.8778 0.0000e+00
      1.933      0.034     5.2524     78.934     39.319  36.681398     4.5229      7.178   168.9820 1.1279e+01     5.6589      1.896      2.750    21.6459   997.8789 0.0000e+00
      1.937      0.032     5.2110     76.660     39.339  36.698142     4.5376      7.181   169.0548 1.1196e+01     5.6995      1.897      2.753    21.6398   997.8803 0.0000e+00
      1.944      0.034     5.1243     74.664     39.395  36.742411     4.6864      7.183   169.0934 1.1075e+01     5.6887      1.906      2.764    21.6399   997.8803 0.0000e+00
      1.953      0.037     5.0073     73.151     39.441  36.772325     4.9436      7.183   169.1912 1.0952e+01     5.6595      1.915      2.778    21.6423   997.8798 0.0000e+00
      1.965      0.041     4.8637     72.109     39.424  36.742444     5.0729      7.182   169.3762 1.0795e+01     5.6406      1.926      2.794    21.6425   997.8799 0.0000e+00
      1.979      0.043     4.7153     71.251     39.384  36.698463     5.0709      7.181   169.6096 1.0617e+01     5.6237      1.942      2.817    21.6408   997.8803 0.0000e+00
      1.991      0.044     4.5889     70.176     39.367  36.684866     4.9109      7.179   169.6897 1.0473e+01     5.6198      1.953      2.833    21.6326   997.8822 0.0000e+00
      2.001      0.045     4.4965     68.685     39.383  36.704993     4.6024      7.176   169.7428 1.0342e+01     5.6254      1.961      2.845    21.6121   997.8869 0.0000e+00
      2.011      0.047     4.4418     67.020     39.431  36.751402     4.4274      7.171   169.9938 1.0195e+01     5.6261      1.971      2.860    21.5896   997.8918 0.0000e+00
      2.022      0.052     4.3994     65.643     39.488  36.801684     4.4253      7.166   170.1428 1.0042e+01     5.6282      1.982      2.875    21.5816   997.8937 0.0000e+00
      2.033      0.059     4.3392     64.744     39.571  36.868634     4.6719      7.161   170.1675 9.8635e+00     5.6838      1.992      2.890    21.5872   997.8925 0.0000e+00
      2.048      0.068     4.2405     64.239     39.656  36.926144     5.1289      7.155   170.2935 9.6285e+00     5.8066      2.006      2.910    21.5963   997.8905 0.0000e+00
      2.068      0.079     4.1225     63.835     39.687  36.925736     5.3735      7.148   170.4618 9.3605e+00     5.8677      2.027      2.940    21.5992   997.8900 0.0000e+00
      2.090      0.089     4.0357     62.988     39.720  36.927121     5.4095      7.140   170.7396 9.1121e+00     5.8330      2.051      2.974    21.5957   997.8908 0.0000e+00
      2.114      0.097     3.9836     61.216     39.764  36.942846     5.6855      7.132   171.1576 8.8541e+00     5.6491      2.071      3.005    21.5864   997.8930 0.0000e+00
      2.141      0.100     3.9590     58.447     39.769  36.925420     6.2053      7.127   171.4716 8.5330e+00     5.3486      2.097      3.042    21.5571   997.8998 0.0000e+00
      2.171      0.097     3.9514     54.917     39.767  36.906809     6.4927      7.124   171.6103 8.2038e+00     5.2143      2.129      3.088    21.5145   997.9093 0.0000e+00
      2.201      0.092     3.9153     50.905     39.779  36.908214     6.5070      7.124   171.7168 7.9454e+00     5.1726      2.160      3.133    21.4780   997.9176 0.0000e+00
      2.225      0.083     3.8077     46.649     39.823  36.942394     6.3958      7.124   171.8119 7.7727e+00     4.9431      2.186      3.169    21.4462   997.9247 0.0000e+00
      2.242      0.073     3.6323     42.496     39.894  37.002709     6.1978      7.124   171.8140 7.6555e+00     4.6016      2.201      3.192    21.4173   997.9312 0.0000e+00
      2.255      0.064     3.4087     38.953     39.899  37.002725     6.0976      7.122   171.8280 7.5520e+00     4.4519      2.212      3.208    21.3949   997.9362 0.0000e+00
      2.268      0.058     3.1570     36.339     39.839  36.942580     6.1036      7.116   171.9815 7.4545e+00     4.4764      2.225      3.227    21.3844   997.9386 0.0000e+00
      2.282      0.053     2.8879     34.643     39.807  36.910239     6.0970      7.108   172.1211 7.3611e+00     4.4389      2.238      3.246    21.3790   997.9398 0.0000e+00
      2.297      0.049     2.6168     33.694     39.825  36.929056     5.9652      7.104   172.2250 7.2348e+00     4.3596      2.252      3.266    21.3700   997.9420 0.0000e+00
      2.312      0.047     2.3903     33.259     39.874  36.979676     5.7411      7.104   172.3779 7.0990e+00     4.3364      2.268      3.289    21.3637   997.9434 0.0000e+00
      2.324      0.046     2.2306     33.153     39.909  37.014491     5.6336      7.106   172.5076 7.0316e+00     4.3220      2.281      3.309    21.3600   997.9443 0.0000e+00
      2.332      0.048     2.1295     33.367     39.938  37.032640     5.6537      7.109   172.5878 6.9899e+00     4.3169      2.286      3.317    21.3534   997.9457 0.0000e+00
      2.339      0.053     2.0759     33.913     40.001  37.072160     5.8021      7.110   172.6598 6.8913e+00     4.2747      2.292      3.324    21.3554   997.9453 0.0000e+00
      2.351      0.059     2.0542     34.640     40.071  37.111438     6.0577      7.105   172.8617 6.7486e+00     4.1401      2.303      3.341    21.3689   997.9425 0.0000e+00
      2.367      0.065     2.0460     35.214     40.116  37.126659     6.2047      7.098   173.1358 6.5796e+00     4.0328      2.319      3.364    21.3743   997.9413 0.0000e+00
      2.389      0.067     2.0582     35.191     40.141  37.129209     6.2172      7.093   173.3073 6.3740e+00     3.9931      2.340      3.394    21.3622   997.9440 0.0000e+00
      2.414      0.065     2.0969     34.261     40.165  37.142250     6.0619      7.093   173.3861 6.1679e+00     3.8895      2.369      3.435    21.3360   997.9500 0.0000e+00
      2.436      0.062     2.1499     32.378     40.182  37.157379     5.7584      7.093   173.4002 6.0493e+00     3.6648      2.394      3.471    21.3011   997.9578 0.0000e+00
      2.447      0.058     2.1988     29.736     40.216  37.185183     5.5812      7.094   173.3916 6.0241e+00     3.5378      2.403      3.485    21.2671   997.9653 0.0000e+00
      2.451      0.057     2.2060     26.772     40.270  37.224521     5.5497      7.094   173.4546 5.9742e+00     3.5659      2.402      3.484    21.2379   997.9717 0.0000e+00
      2.460      0.058     2.1485     23.942     40.316  37.252150     5.3505      7.091   173.6457 5.8452e+00     3.6445      2.408      3.494    21.2269   997.9741 0.0000e+00
      2.477      0.060     2.0285     21.390     40.348  37.265318     4.9678      7.084   173.8091 5.6917e+00     3.7344      2.429      3.522    21.2345   997.9726 0.0000e+00
      2.498      0.064     1.8535     18.967     40.354  37.256768     4.7553      7.076   173.8814 5.5420e+00     3.7364      2.450      3.554    21.2307   997.9736 0.0000e+00
      2.520      0.066     1.6579     16.492     40.387  37.275688     4.7310      7.070   174.0043 5.3887e+00     3.7337      2.471      3.584    21.2142   997.9773 0.0000e+00
      2.540      0.066     1.4797     13.954     40.497  37.367113     4.7438      7.067   174.1759 5.2517e+00     3.7020      2.492      3.615    21.1957   997.9814 0.0000e+00
      2.554      0.065     1.3270     11.475     40.693  37.536999     4.7802      7.065   174.2361 5.1733e+00     3.5170      2.507      3.637    21.1751   997.9861 0.0000e+00
      2.564      0.062     1.1816      9.170     40.861  37.679381     4.8072      7.062   174.2161 5.1137e+00     3.3649      2.513      3.644    21.1560   997.9902 0.0000e+00
      2.577      0.060     1.0282      7.140     40.957  37.755623     4.8106      7.060   174.2777 4.9923e+00     3.3378      2.524      3.661    21.1422   997.9933 0.0000e+00
      2.597      0.059     0.8663      5.478     41.112  37.887537     4.7861      7.058   174.2932 4.8381e+00     3.3524      2.547      3.694    21.1307   997.9959 0.0000e+00
      2.616      0.060     0.7102      4.203     41.254  38.004786     4.6671      7.056   174.3176 4.7158e+00     3.3774      2.568      3.724    21.1191   997.9986 0.0000e+00
      2.631      0.065     0.5654      3.333     41.234  37.967188     4.4640      7.052   174.5721 4.6244e+00     3.3782      2.580      3.742    21.1019   998.0024 0.0000e+00
      2.643      0.073     0.4355      2.835     41.165  37.877257     4.3496      7.046   174.9606 4.5393e+00     3.3622      2.592      3.759    21.0839   998.0064 0.0000e+00
      2.654      0.082     0.3336      2.601     41.265  37.933028     4.3329      7.041   175.3166 4.4348e+00     3.3482      2.602      3.773    21.0759   998.0083 0.0000e+00
      2.673      0.092     0.2524      2.514     41.529  38.133640     4.2714      7.035   175.6056 4.2716e+00     3.3392      2.614      3.793    21.0606   998.0117 0.0000e+00
      2.705      0.100     0.1992      2.461     41.929  38.461940     4.1608      7.030   175.8738 4.0586e+00     3.3520      2.650      3.844    21.0360   998.0172 0.0000e+00
      2.741      0.103     0.1715      2.382     42.395  38.855441     4.0965      7.025   176.0652 3.8732e+00     3.3391      2.692      3.904    21.0061   998.0238 0.0000e+00
      2.773      0.099     0.1587      2.259     42.885  39.273065     4.0759      7.023   176.2851 3.7424e+00     3.3140      2.721      3.946    20.9606   998.0339 0.0000e+00
      2.799      0.090     0.1571      2.097     43.454  39.765973     3.9104      7.022   176.5529 3.6397e+00     3.2780      2.746      3.983    20.9044   998.0462 0.0000e+00
      2.819      0.077     0.1545      1.946     43.864  40.117425     3.6040      7.019   176.6361 3.5723e+00     3.1992      2.767      4.014    20.8582   998.0564 0.0000e+00
      2.832      0.065     0.1501      1.842     44.070  40.284790     3.4409      7.017   176.5161 3.5366e+00     3.1479      2.777      4.029    20.8211   998.0646 0.0000e+00
      2.843      0.059     0.1427      1.757     44.346  40.519846     3.4298      7.015   176.3935 3.4936e+00     3.1159      2.787      4.041    20.7829   998.0730 0.0000e+00
      2.856      0.059     0.1312      1.677     44.950  41.054886     3.4521      7.012   176.4431 3.4430e+00     3.0426      2.802      4.063    20.7510   998.0802 0.0000e+00
      2.870      0.065     0.1204      1.621     45.793  41.801906     3.5022      7.007   176.5146 3.3954e+00     2.9494      2.814      4.082    20.7224   998.0865 0.0000e+00
      2.884      0.074     0.1154      1.598     46.389  42.314318     3.5335      6.998   176.5696 3.3301e+00     2.9070      2.826      4.099    20.6982   998.0917 0.0000e+00
      2.904      0.080     0.1106      1.623     46.685  42.552163     3.5530      6.989   176.6785 3.2411e+00     2.9233      2.845      4.125    20.6813   998.0954 0.0000e+00
      2.930      0.082     0.1043      1.676     46.958  42.772879     3.6685      6.982   176.7129 3.1432e+00     2.9488      2.873      4.166    20.6654   998.0991 0.0000e+00
      2.958      0.081     0.1016      1.730     47.324  43.078176     3.8545      6.978   176.7265 3.0511e+00     2.9210      2.903      4.211    20.6421   998.1046 0.0000e+00
      2.982      0.078     0.0989      1.782     47.835  43.513239     3.9473      6.974   176.4986 2.9714e+00     2.8496      2.927      4.245    20.6036   998.1131 0.0000e+00
      2.999      0.073     0.1013      1.824     48.445  44.033013     3.9573      6.969   175.6786 2.9162e+00     2.8393      2.943      4.268    20.5653   998.1214 0.0000e+00
      3.011      0.068     0.1061      1.863     49.114  44.600493     3.9663      6.963   174.6413 2.8792e+00     2.8948      2.952      4.282    20.5396   998.1270 0.0000e+00
      3.024      0.066     0.1084      1.901     49.651  45.040753     4.0572      6.955   173.7652 2.8427e+00     2.8981      2.964      4.299    20.5116   998.1330 0.0000e+00
      3.039      0.067     0.1130      1.923     49.915  45.228675     4.2246      6.946   172.7431 2.7947e+00     2.8462      2.980      4.323    20.4797   998.1400 0.0000e+00
      3.058      0.070     0.1149      1.936     50.238  45.475588     4.3085      6.939   170.8015 2.7205e+00     2.8238      2.998      4.349    20.4435   998.1480 0.0000e+00
      3.079      0.074     0.1174      1.946     51.066  46.184567     4.3515      6.933   167.9276 2.6378e+00     2.8574      3.019      4.378    20.4027   998.1568 0.0000e+00
      3.100      0.078     0.1207      1.937     52.245  47.196477     4.8047      6.925   164.3224 2.5759e+00     3.0224      3.042      4.412    20.3546   998.1673 0.0000e+00
      3.120      0.080     0.1219      1.921     53.160  47.930699     5.6185      6.916   159.3041 2.5242e+00     3.2469      3.061      4.439    20.2971   998.1795 0.0000e+00
      3.140      0.081     0.1222      1.920     53.901  48.457184     6.0581      6.907   153.3691 2.4605e+00     3.3426      3.077      4.464    20.2514   998.1891 0.0000e+00
      3.160      0.081     0.1239      1.908     54.694  48.989249     6.1239      6.897   147.8857 2.3974e+00     3.3598      3.099      4.494    20.2202   998.1960 0.0000e+00
      3.181      0.080     0.1235      1.907     55.220  49.282710     6.3794      6.889   142.9082 2.3431e+00     3.3897      3.119      4.524    20.1775   998.2056 0.0000e+00
      3.203      0.077     0.1205      1.937     55.510  49.401175     6.8408      6.884   137.7544 2.2806e+00     3.4083      3.140      4.555    20.0946   998.2231 0.0000e+00
      3.225      0.072     0.1233      1.944     55.910  49.659241     7.0988      6.880   132.8938 2.2251e+00     3.3885      3.164      4.589    19.9616   998.2509 0.0000e+00
      3.244      0.067     0.1218      1.939     56.275  49.925776     7.1568      6.879   129.1377 2.1964e+00     3.3472      3.184      4.618    19.7809   998.2883 0.0000e+00
      3.258      0.062     0.1203      1.957     55.969  49.638561     7.5607      6.878   126.1530 2.1753e+00     3.2696      3.197      4.635    19.6028   998.3247 0.0000e+00
      3.268      0.059     0.1262      1.976     55.201  48.981102     8.2887      6.875   123.5645 2.1403e+00     3.1707      3.204      4.647    19.4785   998.3498 0.0000e+00
      3.281      0.059     0.1256      1.985     55.489  49.280546     8.6851      6.871   121.4148 2.0929e+00     3.1352      3.217      4.665    19.3958   998.3666 0.0000e+00
      3.297      0.061     0.1235      1.979     57.484  51.036035     8.7552      6.867   119.6055 2.0477e+00     3.1344      3.233      4.688    19.3404   998.3779 0.0000e+00
      3.313      0.065     0.1268      1.952     59.858  52.993405     9.0151      6.862   118.1226 2.0167e+00     3.1618      3.249      4.712    19.3285   998.3803 0.0000e+00
      3.331      0.068     0.1274      1.926     61.346  54.081125     9.4698      6.855   117.2506 1.9916e+00     3.2371      3.267      4.738    19.3504   998.3755 0.0000e+00
      3.350      0.068     0.1280      1.905     61.936  54.404381     9.7099      6.846   116.5480 1.9461e+00     3.2914      3.286      4.766    19.4130   998.3630 0.0000e+00
