Data/DataNotYetUploadedToEDI/Raw_CTD/RawDownloads/092719_fcr30.cnv
* Sea-Bird SBE19plus  Data File:
* FileName = C:\DATA\092719_fcr_0006.hex
* Software version 2.8.0.119 SB_Terminal.dll
* Temperature SN = 7809
* Conductivity SN = 7809
* System UpLoad Time = Sep 28 2019 13:26:32
* <ApplicationData>
* <Seaterm232>
# nquan = 16
# nvalues = 709                         
# units = specified
# name 0 = depFM: Depth [fresh water, m]
# name 1 = dz/dtM: Descent Rate [m/s]
# name 2 = sbeox0ML/L: Oxygen, SBE 43 [ml/l]
# name 3 = sbeox0PS: Oxygen, SBE 43 [% saturation]
# name 4 = specc: Specific Conductance [uS/cm]
# name 5 = c0uS/cm: Conductivity [uS/cm]
# name 6 = flECO-AFL: Fluorescence, WET Labs ECO-AFL/FL [mg/m^3]
# name 7 = ph: pH
# name 8 = orp: Oxidation Reduction Potential [mV]
# name 9 = par/sat/log: PAR/Logarithmic, Satlantic
# name 10 = turbWETntu0: Turbidity, WET Labs ECO [NTU]
# name 11 = prdM: Pressure, Strain Gauge [db]
# name 12 = prdE: Pressure, Strain Gauge [psi]
# name 13 = tv290C: Temperature [ITS-90, deg C]
# name 14 = density00: Density [density, kg/m^3]
# name 15 = flag:  0.000e+00
# span 0 =     -0.545,      5.453       
# span 1 =     -0.392,      0.331       
# span 2 =     0.0747,     6.8873       
# span 3 =      1.021,    113.584       
# span 4 =     27.018,    110.577       
# span 5 =  25.103513,  93.460762       
# span 6 =     0.1279,     9.7099       
# span 7 =      6.503,      8.818       
# span 8 =    -4.7359,   203.8879       
# span 9 = 1.2348e-01, 3.5941e+02       
# span 10 =     2.2471,    70.0363      
# span 11 =     -0.538,      5.348      
# span 12 =     -0.780,      7.756      
# span 13 =    12.7464,    23.0624      
# span 14 =   997.5433,   999.4587      
# span 15 = 0.0000e+00, 0.0000e+00      
# interval = seconds: 0.25
# start_time = Sep 27 2019 13:09:17 [Instrument's time stamp, header]
# bad_flag = -9.990e-29
*END*
[from data line 362]
      1.269      0.028     5.9343     99.340     38.959  36.454833     3.4782      7.303   160.7413 2.2238e+01     4.9304      1.245      1.807    21.7965   997.8421 0.0000e+00
      1.279      0.015     5.9795     99.714     38.996  36.491036     3.4722      7.309   160.7186 2.1993e+01     4.9820      1.257      1.822    21.7916   997.8433 0.0000e+00
      1.283      0.006     6.0282     99.901     39.015  36.512861     3.4520      7.312   160.7642 2.1951e+01     5.0794      1.263      1.831    21.7868   997.8444 0.0000e+00
      1.276      0.003     6.0717     99.890     39.027  36.528321     3.4327      7.312   160.8627 2.2120e+01     5.1241      1.254      1.819    21.7834   997.8451 0.0000e+00
      1.262      0.005     6.1068     99.711     39.050  36.551019     3.4304      7.309   160.9638 2.2270e+01     5.1620      1.234      1.790    21.7802   997.8457 0.0000e+00
      1.256      0.010     6.1293     99.434     39.034  36.533399     3.4494      7.307   160.9535 2.2116e+01     5.2427      1.224      1.774    21.7813   997.8455 0.0000e+00
      1.267      0.016     6.1410     99.122     39.008  36.505694     3.4807      7.308   160.8246 2.1674e+01     5.3466      1.239      1.797    21.7881   997.8439 0.0000e+00
      1.286      0.021     6.1386     98.816     39.040  36.533401     3.4970      7.312   160.7817 2.1278e+01     5.4025      1.265      1.835    21.7952   997.8425 0.0000e+00
      1.299      0.024     6.1256     98.541     39.060  36.551035     3.4989      7.315   160.8658 2.1146e+01     5.4268      1.277      1.853    21.7963   997.8424 0.0000e+00
      1.301      0.022     6.1078     98.303     39.038  36.528495     3.4954      7.317   160.8946 2.1171e+01     5.4439      1.278      1.852    21.7919   997.8433 0.0000e+00
      1.298      0.016     6.0884     98.077     39.027  36.514751     3.4970      7.318   160.8726 2.1218e+01     5.4777      1.273      1.846    21.7874   997.8443 0.0000e+00
      1.296      0.009     6.0695     97.826     39.027  36.511799     3.5188      7.319   160.9434 2.1160e+01     5.5733      1.266      1.837    21.7848   997.8448 0.0000e+00
      1.301      0.008     6.0523     97.554     39.009  36.492803     3.5416      7.320   161.0619 2.0940e+01     5.6494      1.275      1.848    21.7826   997.8454 0.0000e+00
      1.309      0.011     6.0387     97.310     38.992  36.475482     3.5475      7.320   161.0150 2.0777e+01     5.6435      1.289      1.869    21.7810   997.8458 0.0000e+00
      1.309      0.015     6.0261     97.091     39.012  36.492792     3.5560      7.319   160.8917 2.0745e+01     5.6008      1.286      1.865    21.7778   997.8465 0.0000e+00
      1.308      0.017     6.0119     96.894     39.034  36.511677     3.5839      7.318   160.8614 2.0657e+01     5.5923      1.279      1.854    21.7716   997.8479 0.0000e+00
      1.313      0.016     5.9931     96.749     39.038  36.513394     3.6078      7.317   160.9076 2.0467e+01     5.6393      1.286      1.865    21.7687   997.8486 0.0000e+00
      1.323      0.015     5.9789     96.625     39.039  36.513550     3.6101      7.316   160.9345 2.0282e+01     5.6770      1.300      1.886    21.7685   997.8486 0.0000e+00
      1.328      0.017     5.9665     96.500     39.039  36.513563     3.6210      7.316   160.9277 2.0197e+01     5.6544      1.305      1.893    21.7663   997.8492 0.0000e+00
      1.329      0.019     5.9523     96.380     39.039  36.513550     3.6525      7.316   160.9980 2.0204e+01     5.6279      1.303      1.890    21.7628   997.8500 0.0000e+00
      1.331      0.020     5.9458     96.255     39.039  36.513395     3.6704      7.316   161.0956 2.0201e+01     5.6522      1.304      1.892    21.7601   997.8505 0.0000e+00
      1.336      0.020     5.9386     96.126     39.038  36.511688     3.6720      7.315   161.1611 2.0145e+01     5.6866      1.309      1.899    21.7596   997.8507 0.0000e+00
      1.343      0.021     5.9301     96.030     39.018  36.492908     3.6984      7.314   161.1887 2.0053e+01     5.7159      1.316      1.909    21.7598   997.8507 0.0000e+00
      1.351      0.021     5.9234     96.003     39.001  36.476741     3.7384      7.314   161.1704 1.9993e+01     5.7764      1.326      1.923    21.7605   997.8506 0.0000e+00
      1.358      0.019     5.9158     96.044     39.033  36.506626     3.7568      7.314   161.1981 1.9991e+01     5.8284      1.334      1.934    21.7608   997.8505 0.0000e+00
      1.363      0.017     5.9072     96.141     39.065  36.536894     3.7733      7.314   161.2654 2.0001e+01     5.8536      1.337      1.939    21.7594   997.8509 0.0000e+00
      1.366      0.016     5.9001     96.283     39.052  36.525340     3.7983      7.313   161.3824 2.0027e+01     5.8838      1.340      1.943    21.7581   997.8512 0.0000e+00
      1.367      0.016     5.8989     96.427     39.018  36.493875     3.8166      7.313   161.5798 2.0046e+01     5.8661      1.341      1.944    21.7582   997.8512 0.0000e+00
      1.367      0.020     5.9017     96.553     38.998  36.473820     3.8302      7.311   161.6733 1.9982e+01     5.8037      1.339      1.941    21.7586   997.8511 0.0000e+00
      1.372      0.024     5.9073     96.655     38.999  36.473275     3.8496      7.309   161.7393 1.9834e+01     5.8169      1.345      1.949    21.7586   997.8511 0.0000e+00
      1.381      0.028     5.9176     96.687     39.016  36.487283     3.8604      7.306   161.9475 1.9669e+01     5.8614      1.355      1.964    21.7593   997.8510 0.0000e+00
      1.392      0.029     5.9270     96.660     39.048  36.516237     3.8480      7.303   162.1258 1.9484e+01     5.8504      1.363      1.978    21.7602   997.8508 0.0000e+00
      1.403      0.026     5.9336     96.629     39.035  36.505997     3.8222      7.301   162.1741 1.9296e+01     5.8480      1.377      1.998    21.7589   997.8512 0.0000e+00
      1.411      0.021     5.9428     96.604     39.016  36.490416     3.7999      7.300   162.1016 1.9185e+01     5.8325      1.386      2.011    21.7562   997.8518 0.0000e+00
      1.415      0.016     5.9446     96.595     39.045  36.518263     3.7949      7.300   162.1094 1.9158e+01     5.8275      1.388      2.013    21.7530   997.8525 0.0000e+00
      1.416      0.013     5.9408     96.617     39.053  36.525337     3.8138      7.300   162.3538 1.9199e+01     5.8520      1.390      2.016    21.7522   997.8528 0.0000e+00
      1.414      0.012     5.9392     96.666     39.041  36.512479     3.8465      7.300   162.5618 1.9229e+01     5.8343      1.386      2.011    21.7556   997.8520 0.0000e+00
      1.413      0.013     5.9369     96.734     39.020  36.489744     3.8610      7.299   162.6455 1.9164e+01     5.8103      1.383      2.005    21.7587   997.8513 0.0000e+00
      1.418      0.017     5.9356     96.806     38.969  36.440856     3.8590      7.298   162.7642 1.9046e+01     5.8238      1.389      2.015    21.7597   997.8511 0.0000e+00
      1.428      0.022     5.9375     96.881     38.957  36.429150     3.9434      7.296   162.8774 1.8951e+01     5.8998      1.401      2.033    21.7601   997.8510 0.0000e+00
      1.435      0.025     5.9406     96.960     39.007  36.475152     4.1181      7.295   162.8963 1.8879e+01     6.0068      1.408      2.042    21.7566   997.8518 0.0000e+00
      1.441      0.026     5.9461     97.016     39.023  36.489285     4.2110      7.295   162.9927 1.8771e+01     6.0689      1.411      2.048    21.7510   997.8531 0.0000e+00
      1.448      0.027     5.9509     97.050     39.008  36.473095     4.2080      7.295   163.2685 1.8662e+01     6.0617      1.420      2.060    21.7495   997.8535 0.0000e+00
      1.455      0.029     5.9546     97.074     39.009  36.469805     4.2044      7.295   163.4770 1.8581e+01     5.9853      1.427      2.069    21.7502   997.8533 0.0000e+00
      1.460      0.034     5.9612     97.089     38.995  36.449501     4.2103      7.295   163.5356 1.8457e+01     5.8984      1.431      2.076    21.7492   997.8536 0.0000e+00
      1.466      0.040     5.9640     97.078     38.970  36.418016     4.2189      7.294   163.5465 1.8293e+01     5.8630      1.437      2.084    21.7484   997.8538 0.0000e+00
      1.476      0.045     5.9660     97.010     38.965  36.406463     4.2215      7.292   163.6084 1.8081e+01     5.8525      1.446      2.096    21.7475   997.8541 0.0000e+00
      1.491      0.050     5.9682     96.885     39.005  36.436747     4.2251      7.292   163.6816 1.7801e+01     5.8369      1.461      2.119    21.7421   997.8553 0.0000e+00
      1.508      0.052     5.9703     96.710     39.044  36.466804     4.2450      7.291   163.6583 1.7526e+01     5.8058      1.479      2.145    21.7318   997.8577 0.0000e+00
      1.524      0.052     5.9723     96.490     39.032  36.452512     4.2617      7.290   163.6706 1.7296e+01     5.8044      1.495      2.168    21.7210   997.8601 0.0000e+00
      1.539      0.049     5.9687     96.200     39.035  36.454358     4.2709      7.290   163.7439 1.7107e+01     5.8519      1.510      2.190    21.7112   997.8624 0.0000e+00
      1.551      0.046     5.9624     95.835     39.073  36.489122     4.2703      7.288   163.7699 1.6978e+01     5.8566      1.522      2.208    21.7013   997.8648 0.0000e+00
      1.558      0.045     5.9517     95.460     39.077  36.492010     4.2198      7.286   163.8139 1.6874e+01     5.8285      1.528      2.216    21.6932   997.8666 0.0000e+00
      1.566      0.046     5.9396     95.135     39.076  36.489268     4.1370      7.285   164.0169 1.6724e+01     5.8069      1.534      2.223    21.6890   997.8676 0.0000e+00
      1.577      0.049     5.9229     94.876     39.111  36.519435     4.0934      7.284   164.3313 1.6514e+01     5.7923      1.546      2.242    21.6887   997.8677 0.0000e+00
      1.591      0.053     5.8975     94.619     39.135  36.539395     4.0993      7.281   164.6040 1.6264e+01     5.8156      1.560      2.263    21.6894   997.8676 0.0000e+00
      1.607      0.057     5.8740     94.284     39.137  36.540178     4.1649      7.277   164.8194 1.5999e+01     5.8261      1.575      2.285    21.6879   997.8680 0.0000e+00
      1.624      0.058     5.8531     93.892     39.127  36.528898     4.2704      7.274   164.9568 1.5745e+01     5.8213      1.593      2.311    21.6846   997.8688 0.0000e+00
      1.640      0.057     5.8394     93.477     39.130  36.529953     4.3262      7.271   164.9751 1.5521e+01     5.8562      1.609      2.333    21.6806   997.8698 0.0000e+00
      1.654      0.054     5.8269     92.942     39.156  36.552929     4.3459      7.266   164.9546 1.5323e+01     5.8867      1.622      2.352    21.6778   997.8704 0.0000e+00
      1.667      0.048     5.8049     92.150     39.157  36.552811     4.4223      7.262   164.9668 1.5103e+01     5.8953      1.634      2.371    21.6769   997.8707 0.0000e+00
      1.680      0.041     5.7796     91.135     39.131  36.528525     4.5293      7.260   165.0364 1.4858e+01     5.8949      1.648      2.389    21.6750   997.8712 0.0000e+00
      1.692      0.036     5.7563     90.036     39.113  36.513178     4.5739      7.259   165.1942 1.4702e+01     5.8492      1.662      2.409    21.6727   997.8718 0.0000e+00
      1.698      0.031     5.7291     88.984     39.093  36.494199     4.5799      7.257   165.3257 1.4663e+01     5.8018      1.667      2.418    21.6702   997.8724 0.0000e+00
      1.703      0.026     5.6785     88.081     39.089  36.489469     4.5588      7.256   165.4221 1.4607e+01     5.8137      1.668      2.419    21.6685   997.8728 0.0000e+00
      1.708      0.022     5.6120     87.370     39.122  36.519454     4.5012      7.256   165.5852 1.4494e+01     5.8288      1.675      2.429    21.6696   997.8726 0.0000e+00
      1.715      0.018     5.5421     86.875     39.145  36.539388     4.4638      7.254   165.6629 1.4395e+01     5.8202      1.682      2.440    21.6715   997.8722 0.0000e+00
      1.720      0.016     5.4742     86.574     39.146  36.540065     4.4702      7.251   165.6727 1.4326e+01     5.8415      1.687      2.447    21.6717   997.8722 0.0000e+00
      1.724      0.014     5.4188     86.367     39.131  36.527640     4.6486      7.250   165.7897 1.4280e+01     5.9876      1.691      2.454    21.6700   997.8726 0.0000e+00
      1.726      0.012     5.3743     86.181     39.116  36.516105     4.9726      7.250   165.8732 1.4266e+01     6.2110      1.693      2.456    21.6677   997.8731 0.0000e+00
      1.726      0.012     5.3438     86.033     39.126  36.527542     5.1455      7.249   165.8227 1.4259e+01     6.3130      1.693      2.455    21.6668   997.8733 0.0000e+00
      1.728      0.013     5.3283     85.959     39.136  36.538988     5.1522      7.248   165.8672 1.4209e+01     6.3039      1.693      2.457    21.6670   997.8733 0.0000e+00
      1.732      0.017     5.3178     85.989     39.124  36.527551     5.0533      7.248   166.1528 1.4116e+01     6.2311      1.699      2.464    21.6679   997.8730 0.0000e+00
      1.737      0.023     5.3046     86.160     39.113  36.516210     4.8688      7.247   166.4371 1.4011e+01     6.1218      1.703      2.471    21.6709   997.8724 0.0000e+00
      1.742      0.028     5.2944     86.472     39.129  36.528800     4.7598      7.246   166.5510 1.3894e+01     6.0964      1.708      2.477    21.6746   997.8716 0.0000e+00
      1.750      0.031     5.2895     86.857     39.157  36.552828     4.7410      7.245   166.5833 1.3732e+01     6.1206      1.715      2.488    21.6774   997.8710 0.0000e+00
      1.762      0.032     5.2897     87.189     39.157  36.552837     4.7372      7.244   166.6562 1.3551e+01     6.0867      1.727      2.506    21.6771   997.8711 0.0000e+00
      1.773      0.032     5.3006     87.347     39.132  36.528916     4.6881      7.242   166.7439 1.3412e+01     6.0466      1.740      2.524    21.6749   997.8717 0.0000e+00
      1.782      0.030     5.3213     87.281     39.120  36.517481     4.5893      7.239   166.7829 1.3314e+01     6.0948      1.749      2.535    21.6726   997.8723 0.0000e+00
      1.789      0.025     5.3483     87.026     39.147  36.541525     4.5311      7.237   166.8698 1.3231e+01     6.1451      1.754      2.544    21.6698   997.8729 0.0000e+00
      1.794      0.019     5.3720     86.656     39.174  36.565741     4.5221      7.236   166.9341 1.3149e+01     6.0981      1.759      2.552    21.6687   997.8732 0.0000e+00
      1.798      0.013     5.3828     86.228     39.164  36.556386     4.5590      7.235   166.9579 1.3088e+01     5.9196      1.763      2.557    21.6690   997.8731 0.0000e+00
      1.801      0.009     5.3779     85.811     39.163  36.555346     4.6375      7.234   167.0720 1.3057e+01     5.7236      1.767      2.563    21.6685   997.8732 0.0000e+00
      1.802      0.008     5.3601     85.465     39.159  36.553171     4.6828      7.233   167.1951 1.3053e+01     5.6944      1.768      2.565    21.6675   997.8735 0.0000e+00
      1.801      0.009     5.3368     85.214     39.134  36.530093     4.6832      7.231   167.2419 1.3069e+01     5.6975      1.766      2.562    21.6662   997.8738 0.0000e+00
      1.800      0.013     5.3087     85.094     39.135  36.530199     4.6162      7.231   167.3792 1.3058e+01     5.6309      1.764      2.559    21.6652   997.8740 0.0000e+00
      1.803      0.018     5.2812     85.115     39.162  36.554453     4.5057      7.230   167.7372 1.2975e+01     5.6104      1.767      2.562    21.6660   997.8738 0.0000e+00
      1.810      0.028     5.2603     85.225     39.180  36.569448     4.4560      7.227   168.0431 1.2859e+01     5.6458      1.776      2.575    21.6675   997.8735 0.0000e+00
      1.818      0.041     5.2433     85.348     39.197  36.584565     4.4487      7.223   168.1518 1.2736e+01     5.6653      1.783      2.586    21.6679   997.8735 0.0000e+00
