Data/DataNotYetUploadedToEDI/Raw_CTD/RawDownloads/092719_fcr45.cnv
* Sea-Bird SBE19plus  Data File:
* FileName = C:\DATA\092719_fcr_0007.hex
* Software version 2.8.0.119 SB_Terminal.dll
* Temperature SN = 7809
* Conductivity SN = 7809
* System UpLoad Time = Sep 28 2019 13:26:58
* <ApplicationData>
* <Seaterm232>
# nquan = 16
# nvalues = 817                         
# units = specified
# name 0 = depFM: Depth [fresh water, m]
# name 1 = dz/dtM: Descent Rate [m/s]
# name 2 = sbeox0ML/L: Oxygen, SBE 43 [ml/l]
# name 3 = sbeox0PS: Oxygen, SBE 43 [% saturation]
# name 4 = specc: Specific Conductance [uS/cm]
# name 5 = c0uS/cm: Conductivity [uS/cm]
# name 6 = flECO-AFL: Fluorescence, WET Labs ECO-AFL/FL [mg/m^3]
# name 7 = ph: pH
# name 8 = orp: Oxidation Reduction Potential [mV]
# name 9 = par/sat/log: PAR/Logarithmic, Satlantic
# name 10 = turbWETntu0: Turbidity, WET Labs ECO [NTU]
# name 11 = prdM: Pressure, Strain Gauge [db]
# name 12 = prdE: Pressure, Strain Gauge [psi]
# name 13 = tv290C: Temperature [ITS-90, deg C]
# name 14 = density00: Density [density, kg/m^3]
# name 15 = flag:  0.000e+00
# span 0 =     -0.545,      7.367       
# span 1 =     -0.276,      0.308       
# span 2 =     0.0793,     6.8101       
# span 3 =      1.083,    111.699       
# span 4 =      1.228,    104.295       
# span 5 =   1.094429,  87.336116       
# span 6 =    -2.2153,   236.8778       
# span 7 =      6.331,      8.739       
# span 8 =  -998.1729,   143.0118       
# span 9 = 1.2347e-01, 1.9643e+03       
# span 10 =    -0.5108,   894.4556      
# span 11 =     -0.538,      7.225      
# span 12 =     -0.780,     10.479      
# span 13 =    12.6032,    22.9379      
# span 14 =   997.5716,   999.4937      
# span 15 = 0.0000e+00, 0.0000e+00      
# interval = seconds: 0.25
# start_time = Sep 27 2019 13:17:03 [Instrument's time stamp, header]
# bad_flag = -9.990e-29
*END*
[from data line 362]
      2.096      0.058     4.5376     71.441     39.506  36.849230     2.8555      7.175   127.7713 5.6834e+01     3.9345      2.054      2.979    21.6774   997.8727 0.0000e+00
      2.115      0.051     4.5059     70.745     39.516  36.848826     2.8442      7.177   128.0667 5.5511e+01     3.7874      2.077      3.013    21.6627   997.8760 0.0000e+00
      2.128      0.046     4.4719     69.938     39.525  36.849358     2.7972      7.179   128.3451 5.4829e+01     3.4760      2.089      3.031    21.6514   997.8787 0.0000e+00
      2.136      0.042     4.4393     69.010     39.539  36.855650     2.7556      7.180   128.5558 5.4248e+01     3.3162      2.094      3.036    21.6434   997.8805 0.0000e+00
      2.142      0.039     4.4030     67.926     39.551  36.861421     2.7401      7.179   128.7217 5.3774e+01     3.2968      2.101      3.047    21.6327   997.8829 0.0000e+00
      2.149      0.039     4.3624     66.614     39.550  36.855657     2.6791      7.178   128.9746 5.3468e+01     3.2753      2.107      3.056    21.6191   997.8860 0.0000e+00
      2.157      0.041     4.3129     65.001     39.545  36.849425     2.5645      7.176   129.3763 5.2731e+01     3.2848      2.113      3.065    21.6092   997.8882 0.0000e+00
      2.171      0.046     4.2573     63.091     39.547  36.849540     2.4984      7.174   129.7067 5.1601e+01     3.2804      2.128      3.087    21.6015   997.8899 0.0000e+00
      2.187      0.052     4.1928     60.924     39.556  36.857042     2.4952      7.169   130.0445 5.0777e+01     3.2875      2.147      3.114    21.5930   997.8919 0.0000e+00
      2.199      0.060     4.1147     58.575     39.577  36.876658     2.4910      7.161   130.6214 5.0204e+01     3.3380      2.158      3.130    21.5877   997.8932 0.0000e+00
      2.211      0.068     4.0147     56.252     39.601  36.896294     2.4042      7.154   131.0887 4.9244e+01     3.3666      2.164      3.139    21.5866   997.8935 0.0000e+00
      2.228      0.074     3.8956     54.151     39.620  36.904031     2.2442      7.146   131.2210 4.7800e+01     3.3386      2.182      3.165    21.5840   997.8941 0.0000e+00
      2.251      0.077     3.7628     52.346     39.636  36.906722     2.1517      7.139   131.2746 4.6381e+01     3.2943      2.208      3.202    21.5814   997.8948 0.0000e+00
      2.275      0.077     3.6111     50.864     39.673  36.928818     2.1346      7.133   131.3925 4.5132e+01     3.2898      2.231      3.236    21.5850   997.8941 0.0000e+00
      2.300      0.074     3.4632     49.705     39.747  36.980750     2.0637      7.128   131.6139 4.3953e+01     3.2848      2.255      3.271    21.5837   997.8945 0.0000e+00
      2.320      0.067     3.3343     48.902     39.818  37.026813     1.9277      7.126   131.8872 4.3129e+01     3.2329      2.278      3.305    21.5672   997.8983 0.0000e+00
      2.334      0.059     3.2227     48.475     39.850  37.041409     1.8424      7.123   132.1156 4.2674e+01     3.1874      2.291      3.322    21.5513   997.9019 0.0000e+00
      2.344      0.052     3.1329     48.287     39.850  37.030262     1.8215      7.121   132.3103 4.2194e+01     3.1613      2.297      3.332    21.5396   997.9045 0.0000e+00
      2.354      0.046     3.0620     48.146     39.847  37.018957     1.8045      7.119   132.3485 4.1581e+01     3.0798      2.308      3.347    21.5166   997.9097 0.0000e+00
      2.365      0.042     3.0116     47.912     39.869  37.031665     1.7844      7.118   132.3191 4.1021e+01     2.9887      2.321      3.365    21.4881   997.9162 0.0000e+00
      2.376      0.039     2.9908     47.454     39.904  37.056963     1.7779      7.117   132.4710 4.0503e+01     2.9774      2.331      3.379    21.4677   997.9208 0.0000e+00
      2.387      0.039     2.9848     46.643     39.927  37.070920     1.7786      7.114   132.7221 3.9919e+01     2.9434      2.341      3.394    21.4556   997.9234 0.0000e+00
      2.398      0.040     2.9787     45.402     39.937  37.073459     1.7755      7.110   132.9465 3.9533e+01     2.8407      2.354      3.413    21.4460   997.9256 0.0000e+00
      2.405      0.044     2.9678     43.735     39.962  37.087645     1.7748      7.106   133.1200 3.9304e+01     2.8172      2.359      3.422    21.4366   997.9277 0.0000e+00
      2.412      0.050     2.9432     41.720     40.005  37.115482     1.7703      7.098   133.3561 3.8764e+01     2.8886      2.362      3.426    21.4273   997.9298 0.0000e+00
      2.424      0.059     2.8952     39.516     40.061  37.156120     1.7642      7.088   133.6508 3.7986e+01     2.9168      2.376      3.446    21.4178   997.9320 0.0000e+00
      2.441      0.069     2.8188     37.336     40.119  37.198126     1.7180      7.078   133.7583 3.7186e+01     2.8957      2.393      3.471    21.4107   997.9336 0.0000e+00
      2.462      0.078     2.7144     35.321     40.182  37.242519     1.6275      7.071   133.7948 3.6296e+01     2.8625      2.413      3.499    21.4006   997.9359 0.0000e+00
      2.486      0.083     2.5874     33.487     40.279  37.312006     1.5894      7.068   134.0059 3.5311e+01     2.8432      2.438      3.535    21.3830   997.9399 0.0000e+00
      2.511      0.085     2.4464     31.852     40.408  37.403509     1.6040      7.066   134.2455 3.4315e+01     2.8588      2.462      3.570    21.3682   997.9434 0.0000e+00
      2.535      0.082     2.3077     30.345     40.574  37.523657     1.6049      7.063   134.3685 3.3453e+01     2.8545      2.487      3.608    21.3567   997.9461 0.0000e+00
      2.556      0.075     2.1855     28.774     40.714  37.622099     1.5745      7.061   134.4606 3.2773e+01     2.7918      2.507      3.638    21.3399   997.9498 0.0000e+00
      2.573      0.067     2.0711     27.097     40.764  37.641582     1.5315      7.058   134.5855 3.2145e+01     2.6913      2.522      3.658    21.3163   997.9550 0.0000e+00
      2.589      0.057     1.9715     25.415     40.773  37.632222     1.5172      7.053   134.6740 3.1586e+01     2.6544      2.540      3.685    21.2791   997.9634 0.0000e+00
      2.602      0.048     1.8868     23.660     40.787  37.635855     1.5322      7.049   134.7561 3.1195e+01     2.6735      2.554      3.704    21.2347   997.9733 0.0000e+00
      2.612      0.043     1.7919     21.677     40.846  37.685495     1.5392      7.046   134.9763 3.0911e+01     2.6596      2.561      3.716    21.1954   997.9820 0.0000e+00
      2.621      0.042     1.6826     19.400     41.034  37.851561     1.5250      7.042   135.1853 3.0693e+01     2.6515      2.572      3.730    21.1604   997.9896 0.0000e+00
      2.629      0.046     1.5822     16.867     41.341  38.120289     1.5170      7.037   135.3039 3.0511e+01     2.6737      2.579      3.741    21.1382   997.9945 0.0000e+00
      2.636      0.056     1.4779     14.272     41.662  38.395551     1.5286      7.029   135.5496 3.0180e+01     2.6984      2.583      3.746    21.1301   997.9963 0.0000e+00
      2.648      0.066     1.3549     11.848     41.956  38.640574     1.5435      7.022   135.8338 2.9575e+01     2.7537      2.593      3.760    21.1264   997.9972 0.0000e+00
      2.669      0.074     1.2144      9.758     42.227  38.861040     1.5587      7.015   136.1586 2.8795e+01     2.8176      2.615      3.792    21.1208   997.9986 0.0000e+00
      2.697      0.077     1.0510      8.043     42.442  39.029805     1.5729      7.010   136.5518 2.7982e+01     2.8152      2.646      3.837    21.1041   998.0025 0.0000e+00
      2.724      0.077     0.8850      6.706     42.611  39.157526     1.5939      7.008   136.8014 2.7244e+01     2.8227      2.674      3.878    21.0771   998.0086 0.0000e+00
      2.746      0.072     0.7301      5.791     42.751  39.262611     1.7701      7.007   137.0259 2.6704e+01     2.8765      2.696      3.910    21.0452   998.0157 0.0000e+00
      2.760      0.065     0.6002      5.264     42.866  39.348126     2.0821      7.004   137.2864 2.6398e+01     2.8757      2.709      3.928    21.0097   998.0236 0.0000e+00
      2.769      0.056     0.4946      4.991     42.973  39.429678     2.2451      7.001   137.4570 2.6118e+01     2.8118      2.715      3.937    20.9753   998.0311 0.0000e+00
      2.780      0.050     0.4087      4.838     43.050  39.486849     2.3013      6.997   137.6264 2.5703e+01     2.7924      2.725      3.952    20.9425   998.0383 0.0000e+00
      2.795      0.045     0.3530      4.711     43.110  39.531508     2.7097      6.994   137.8718 2.5286e+01     2.8374      2.741      3.976    20.9124   998.0449 0.0000e+00
      2.809      0.041     0.3236      4.559     43.181  39.588732     3.4287      6.992   138.1004 2.5002e+01     2.8645      2.756      3.998    20.8901   998.0498 0.0000e+00
      2.820      0.039     0.3100      4.405     43.279  39.670871     3.8072      6.991   138.3262 2.4796e+01     2.8585      2.765      4.011    20.8720   998.0538 0.0000e+00
      2.828      0.038     0.3019      4.276     43.459  39.826323     3.8273      6.987   138.6231 2.4646e+01     2.8307      2.775      4.024    20.8544   998.0576 0.0000e+00
      2.834      0.041     0.2960      4.140     43.881  40.198622     3.8618      6.982   138.8502 2.4511e+01     2.8224      2.780      4.031    20.8423   998.0602 0.0000e+00
      2.840      0.047     0.2855      3.987     44.574  40.807622     4.3207      6.976   138.9212 2.4244e+01     2.8570      2.783      4.035    20.8360   998.0616 0.0000e+00
      2.851      0.057     0.2741      3.864     45.284  41.412482     5.1700      6.969   139.0519 2.3807e+01     2.8886      2.793      4.051    20.8280   998.0634 0.0000e+00
      2.868      0.067     0.2683      3.807     45.837  41.861532     5.6430      6.961   139.3110 2.3289e+01     2.8764      2.811      4.077    20.8171   998.0659 0.0000e+00
      2.889      0.074     0.2598      3.801     46.239  42.173684     5.7570      6.952   139.4725 2.2766e+01     2.8405      2.832      4.108    20.8043   998.0688 0.0000e+00
      2.912      0.076     0.2491      3.821     46.602  42.456546     6.5997      6.945   139.2842 2.2142e+01     2.9141      2.854      4.139    20.7789   998.0747 0.0000e+00
      2.938      0.073     0.2403      3.845     47.101  42.868870     8.1508      6.941   138.7555 2.1477e+01     3.0777      2.882      4.180    20.7269   998.0862 0.0000e+00
      2.961      0.068     0.2381      3.826     47.676  43.349448     9.0180      6.937   138.0709 2.1079e+01     3.1472      2.908      4.217    20.6576   998.1014 0.0000e+00
      2.973      0.060     0.2386      3.736     48.036  43.632091     9.2653      6.933   137.0288 2.0909e+01     3.1319      2.917      4.231    20.5954   998.1148 0.0000e+00
      2.981      0.050     0.2400      3.567     48.063  43.619468    11.1666      6.929   135.5337 2.0699e+01     3.2533      2.922      4.237    20.5448   998.1255 0.0000e+00
      2.992      0.041     0.2434      3.325     47.830  43.387262    14.6760      6.925   133.8459 2.0405e+01     3.5658      2.933      4.254    20.5031   998.1347 0.0000e+00
      3.005      0.034     0.2427      3.033     47.527  43.110281    16.6445      6.923   131.9375 2.0156e+01     3.7644      2.949      4.278    20.4604   998.1440 0.0000e+00
      3.014      0.030     0.2373      2.730     47.252  42.873771    17.2890      6.920   129.8390 2.0007e+01     3.8192      2.959      4.291    20.4081   998.1551 0.0000e+00
      3.019      0.030     0.2272      2.470     46.952  42.622931    22.4777      6.916   127.7454 1.9908e+01     4.1295      2.962      4.296    20.3655   998.1641 0.0000e+00
      3.023      0.035     0.2110      2.281     46.709  42.426648    31.9736      6.910   125.7248 1.9832e+01     4.6327      2.965      4.301    20.3439   998.1685 0.0000e+00
      3.028      0.045     0.1922      2.148     47.012  42.722778    37.1590      6.901   123.9066 1.9698e+01     4.8892      2.968      4.304    20.3418   998.1689 0.0000e+00
      3.036      0.059     0.1712      2.066     48.198  43.790643    37.6541      6.892   122.2813 1.9365e+01     4.9702      2.973      4.311    20.3582   998.1654 0.0000e+00
      3.053      0.071     0.1539      2.035     49.524  44.924956    37.9598      6.882   120.7002 1.8776e+01     5.4478      2.990      4.337    20.3863   998.1595 0.0000e+00
      3.079      0.078     0.1433      2.052     50.088  45.325656    38.4530      6.873   119.1582 1.8041e+01     6.2726      3.019      4.378    20.4094   998.1546 0.0000e+00
      3.110      0.079     0.1340      2.089     49.992  45.142882    38.6928      6.867   117.7479 1.7355e+01     6.6842      3.051      4.425    20.4412   998.1481 0.0000e+00
      3.137      0.076     0.1294      2.133     49.892  45.000934    38.3103      6.863   116.6404 1.6902e+01     6.6562      3.080      4.468    20.4522   998.1464 0.0000e+00
      3.153      0.069     0.1271      2.177     49.994  45.069815    33.7416      6.860   115.9199 1.6697e+01     6.2286      3.096      4.490    20.3703   998.1643 0.0000e+00
      3.161      0.063     0.1296      2.182     50.099  45.150203    25.3549      6.855   115.4884 1.6512e+01     5.4470      3.099      4.496    20.2323   998.1934 0.0000e+00
      3.171      0.058     0.1327      2.157     50.534  45.528379    20.7709      6.850   115.2098 1.6196e+01     5.0058      3.107      4.507    20.1246   998.2156 0.0000e+00
      3.184      0.054     0.1348      2.135     51.264  46.149639    20.3142      6.846   115.0462 1.5816e+01     4.9239      3.122      4.528    20.0829   998.2242 0.0000e+00
      3.201      0.052     0.1397      2.109     51.519  46.311539    19.9550      6.843   114.8869 1.5367e+01     4.9164      3.136      4.549    20.0707   998.2270 0.0000e+00
      3.221      0.049     0.1396      2.067     51.414  46.152330    16.4454      6.841   114.4880 1.4905e+01     4.9144      3.159      4.581    20.0533   998.2306 0.0000e+00
      3.237      0.044     0.1366      2.034     51.355  46.066181    10.0103      6.839   114.0093 1.4677e+01     4.8350      3.180      4.612    20.0500   998.2315 0.0000e+00
      3.244      0.041     0.1358      2.013     51.400  46.095420     6.5043      6.835   113.5735 1.4630e+01     4.7427      3.183      4.616    20.0246   998.2373 0.0000e+00
      3.246      0.042     0.1351      1.981     51.796  46.442330     6.2031      6.830   113.0042 1.4545e+01     4.6831      3.182      4.615    19.9379   998.2551 0.0000e+00
      3.250      0.046     0.1314      1.938     52.759  47.275936     6.3773      6.822   112.3743 1.4396e+01     4.9992      3.188      4.623    19.8640   998.2702 0.0000e+00
      3.260      0.053     0.1294      1.902     53.990  48.299655     6.7554      6.814   111.8084 1.4065e+01     5.6810      3.193      4.630    19.8385   998.2754 0.0000e+00
      3.279      0.063     0.1290      1.872     55.247  49.293713     6.9598      6.806   111.3239 1.3490e+01     6.0441      3.212      4.658    19.8335   998.2766 0.0000e+00
      3.304      0.071     0.1268      1.843     56.747  50.466689     6.9408      6.797   110.8179 1.2996e+01     6.0789      3.244      4.704    19.8322   998.2771 0.0000e+00
      3.326      0.074     0.1233      1.813     58.112  51.493618     6.4744      6.790   110.3371 1.2667e+01     6.3970      3.263      4.733    19.8188   998.2802 0.0000e+00
      3.344      0.072     0.1214      1.788     59.175  52.245864     5.6037      6.785   109.8126 1.2252e+01     7.0061      3.277      4.753    19.7449   998.2959 0.0000e+00
      3.364      0.067     0.1200      1.778     60.540  53.273163     5.1262      6.781   109.1221 1.1834e+01     7.3811      3.300      4.786    19.6142   998.3228 0.0000e+00
      3.381      0.062     0.1184      1.783     62.433  54.766773     5.0539      6.777   108.6991 1.1577e+01     7.5555      3.318      4.813    19.4749   998.3515 0.0000e+00
