Data/DataNotYetUploadedToEDI/Raw_CTD/RawDownloads/092719_fcr30.cnv
* Sea-Bird SBE19plus  Data File:
* FileName = C:\DATA\092719_fcr_0006.hex
* Software version 2.8.0.119 SB_Terminal.dll
* Temperature SN = 7809
* Conductivity SN = 7809
* System UpLoad Time = Sep 28 2019 13:26:32
* <ApplicationData>
* <Seaterm232>
# nquan = 16
# nvalues = 709                         
# units = specified
# name 0 = depFM: Depth [fresh water, m]
# name 1 = dz/dtM: Descent Rate [m/s]
# name 2 = sbeox0ML/L: Oxygen, SBE 43 [ml/l]
# name 3 = sbeox0PS: Oxygen, SBE 43 [% saturation]
# name 4 = specc: Specific Conductance [uS/cm]
# name 5 = c0uS/cm: Conductivity [uS/cm]
# name 6 = flECO-AFL: Fluorescence, WET Labs ECO-AFL/FL [mg/m^3]
# name 7 = ph: pH
# name 8 = orp: Oxidation Reduction Potential [mV]
# name 9 = par/sat/log: PAR/Logarithmic, Satlantic
# name 10 = turbWETntu0: Turbidity, WET Labs ECO [NTU]
# name 11 = prdM: Pressure, Strain Gauge [db]
# name 12 = prdE: Pressure, Strain Gauge [psi]
# name 13 = tv290C: Temperature [ITS-90, deg C]
# name 14 = density00: Density [density, kg/m^3]
# name 15 = flag:  0.000e+00
# span 0 =     -0.545,      5.453       
# span 1 =     -0.392,      0.331       
# span 2 =     0.0747,     6.8873       
# span 3 =      1.021,    113.584       
# span 4 =     27.018,    110.577       
# span 5 =  25.103513,  93.460762       
# span 6 =     0.1279,     9.7099       
# span 7 =      6.503,      8.818       
# span 8 =    -4.7359,   203.8879       
# span 9 = 1.2348e-01, 3.5941e+02       
# span 10 =     2.2471,    70.0363      
# span 11 =     -0.538,      5.348      
# span 12 =     -0.780,      7.756      
# span 13 =    12.7464,    23.0624      
# span 14 =   997.5433,   999.4587      
# span 15 = 0.0000e+00, 0.0000e+00      
# interval = seconds: 0.25
# start_time = Sep 27 2019 13:09:17 [Instrument's time stamp, header]
# bad_flag = -9.990e-29
*END*
[from data line 543]
      3.388      0.062     0.1254      1.870     62.562  54.774629     9.0276      6.831   113.4149 1.8150e+00     3.5246      3.322      4.818    19.2921   998.3892 0.0000e+00
      3.404      0.057     0.1249      1.857     62.770  54.947240     7.8409      6.825   112.0981 1.7742e+00     3.8576      3.341      4.845    19.0568   998.4362 0.0000e+00
      3.416      0.050     0.1239      1.848     62.956  55.113365     7.1938      6.819   111.0020 1.7563e+00     4.0095      3.351      4.859    18.8930   998.4684 0.0000e+00
      3.427      0.043     0.1225      1.837     63.284  55.385548     7.1238      6.814   109.8836 1.7338e+00     3.9853      3.360      4.873    18.8002   998.4865 0.0000e+00
      3.438      0.038     0.1221      1.805     63.954  55.951001     7.0913      6.811   108.7285 1.7067e+00     3.9912      3.374      4.893    18.7571   998.4951 0.0000e+00
      3.447      0.036     0.1208      1.761     65.320  57.121585     6.8519      6.808   107.8760 1.6942e+00     4.4075      3.381      4.904    18.7591   998.4948 0.0000e+00
      3.453      0.036     0.1205      1.731     67.106  58.610524     6.4061      6.803   107.4920 1.6844e+00     5.1840      3.385      4.909    18.7782   998.4912 0.0000e+00
      3.459      0.036     0.1204      1.707     68.531  59.720547     6.1575      6.798   106.9251 1.6618e+00     5.5801      3.392      4.920    18.7568   998.4953 0.0000e+00
      3.468      0.036     0.1184      1.686     70.041  60.884064     6.1093      6.793   105.8401 1.6263e+00     5.5926      3.400      4.931    18.7332   998.5001 0.0000e+00
      3.480      0.038     0.1139      1.677     72.429  62.828093     5.9612      6.788   104.6122 1.5905e+00     5.4992      3.412      4.949    18.7355   998.5002 0.0000e+00
      3.492      0.042     0.1132      1.669     75.054  64.985471     5.7200      6.783   103.4352 1.5709e+00     5.3024      3.427      4.971    18.6895   998.5099 0.0000e+00
      3.500      0.044     0.1120      1.662     77.680  67.138333     5.5945      6.779   102.1927 1.5583e+00     5.2122      3.433      4.979    18.5695   998.5334 0.0000e+00
      3.509      0.044     0.1098      1.663     80.662  69.597209     5.5790      6.774   100.8605 1.5343e+00     5.2273      3.438      4.986    18.4494   998.5565 0.0000e+00
      3.522      0.044     0.1106      1.665     83.223  71.701601     5.5407      6.769    99.7169 1.5059e+00     5.3539      3.455      5.011    18.3678   998.5731 0.0000e+00
      3.537      0.043     0.1096      1.651     84.242  72.491145     5.4784      6.764    98.9481 1.4888e+00     5.6292      3.470      5.033    18.2910   998.5885 0.0000e+00
      3.549      0.041     0.1094      1.632     83.474  71.767709     5.4500      6.759    98.1902 1.4766e+00     5.8028      3.481      5.048    18.2099   998.6045 0.0000e+00
      3.559      0.037     0.1095      1.613     82.425  70.838911     5.4575      6.754    97.2641 1.4625e+00     5.8146      3.492      5.064    18.1355   998.6197 0.0000e+00
      3.569      0.032     0.1110      1.594     82.682  71.052986     5.4917      6.749    96.4406 1.4455e+00     5.8047      3.501      5.077    18.0704   998.6329 0.0000e+00
      3.575      0.028     0.1091      1.587     83.812  72.003587     5.5516      6.745    95.7187 1.4313e+00     5.8150      3.507      5.085    18.0169   998.6433 0.0000e+00
      3.580      0.027     0.1080      1.581     84.998  72.985776     5.5829      6.742    94.9883 1.4241e+00     5.8407      3.510      5.092    17.9743   998.6507 0.0000e+00
      3.585      0.028     0.1073      1.559     86.396  74.153593     5.5759      6.738    94.3212 1.4211e+00     5.8854      3.516      5.100    17.9612   998.6523 0.0000e+00
      3.590      0.030     0.1049      1.525     88.449  75.885435     5.5270      6.732    93.5893 1.4127e+00     6.3231      3.520      5.105    17.9691   998.6512 0.0000e+00
      3.598      0.034     0.1053      1.498     90.343  77.453987     5.4425      6.726    92.5919 1.3898e+00     7.1667      3.526      5.115    17.9563   998.6541 0.0000e+00
      3.608      0.037     0.1053      1.479     90.826  77.791485     5.3950      6.720    91.8120 1.3657e+00     7.6628      3.539      5.131    17.9274   998.6599 0.0000e+00
      3.620      0.039     0.1041      1.468     90.239  77.231304     5.3785      6.714    91.4730 1.3500e+00     7.7989      3.550      5.149    17.9071   998.6640 0.0000e+00
      3.633      0.040     0.1006      1.456     89.593  76.659394     5.1915      6.708    90.6443 1.3395e+00     8.5503      3.562      5.167    17.9019   998.6659 0.0000e+00
      3.644      0.041     0.0995      1.429     90.545  77.491000     4.8415      6.700    89.4493 1.3246e+00     9.8661      3.575      5.186    17.8696   998.6728 0.0000e+00
      3.651      0.043     0.0981      1.397     94.925  81.243542     4.6490      6.689    88.7264 1.3025e+00    10.5340      3.582      5.195    17.8129   998.6832 0.0000e+00
      3.658      0.046     0.0976      1.380    101.294  86.598529     4.6234      6.675    88.0114 1.2849e+00    10.5950      3.586      5.200    17.7813   998.6887 0.0000e+00
      3.669      0.049     0.0976      1.377    105.379  89.876376     4.5924      6.660    87.4295 1.2759e+00    10.8988      3.597      5.218    17.7687   998.6906 0.0000e+00
      3.684      0.051     0.0950      1.390    105.613  89.823838     4.3445      6.648    87.0265 1.2643e+00    14.0105      3.612      5.239    17.7860   998.6874 0.0000e+00
      3.702      0.053     0.0924      1.416    105.253  89.336143     3.8975      6.637    85.5467 1.2278e+00    19.6734      3.630      5.264    17.8112   998.6846 0.0000e+00
      3.719      0.055     0.0914      1.430    106.994  90.725338     3.6610      6.625    83.6475 1.1868e+00    22.7386      3.650      5.294    17.7707   998.6951 0.0000e+00
      3.731      0.058     0.0917      1.440    109.419  92.682503     3.6449      6.614    82.5629 1.1767e+00    23.0509      3.661      5.309    17.6488   998.7190 0.0000e+00
      3.741      0.063     0.0920      1.457    110.577  93.460762     3.6503      6.605    81.5524 1.1610e+00    23.5150      3.666      5.318    17.5031   998.7447 0.0000e+00
      3.753      0.072     0.0958      1.458    109.800  92.497032     3.6648      6.595    79.9483 1.1104e+00    24.2857      3.678      5.334    17.4115   998.7606 0.0000e+00
      3.770      0.082     0.0962      1.471    107.687  90.322292     3.6738      6.584    77.7079 1.0543e+00    24.7016      3.696      5.360    17.3964   998.7643 0.0000e+00
      3.795      0.091     0.0956      1.512    106.466  88.868783     3.6800      6.574    75.1131 9.9375e-01    24.6761      3.720      5.395    17.3710   998.7701 0.0000e+00
      3.826      0.096     0.0993      1.551    106.571  88.605568     3.7831      6.565    72.3225 9.0911e-01    23.8793      3.751      5.440    17.2719   998.7883 0.0000e+00
      3.857      0.096     0.0979      1.581    106.070  87.966705     3.9846      6.560    69.1763 8.1866e-01    22.4417      3.784      5.487    17.1309   998.8130 0.0000e+00
      3.884      0.093     0.0981      1.607    105.128  86.998451     4.1046      6.556    65.9819 7.5602e-01    21.6807      3.811      5.527    16.9394   998.8452 0.0000e+00
      3.904      0.088     0.1035      1.639    105.048  86.697978     4.1341      6.551    62.9527 7.1812e-01    21.4946      3.830      5.555    16.7171   998.8829 0.0000e+00
      3.919      0.083     0.1061      1.676    105.187  86.560681     4.2277      6.546    59.9106 6.6371e-01    19.9293      3.842      5.573    16.5385   998.9139 0.0000e+00
      3.938      0.078     0.1083      1.710    104.942  86.101656     4.3782      6.543    56.7328 5.9708e-01    17.0433      3.859      5.597    16.4550   998.9277 0.0000e+00
      3.961      0.075     0.1098      1.740    104.742  85.665372     4.4449      6.540    52.5796 5.4846e-01    15.4407      3.885      5.635    16.3920   998.9378 0.0000e+00
      3.983      0.071     0.1123      1.752    104.830  85.484811     4.4532      6.536    46.7762 5.1161e-01    15.1684      3.908      5.669    16.2596   998.9601 0.0000e+00
      4.000      0.066     0.1158      1.742    105.028  85.445292     4.5131      6.534    40.7688 4.6350e-01    13.5865      3.921      5.688    16.1415   998.9797 0.0000e+00
      4.017      0.061     0.1178      1.723    104.966  85.250932     4.5974      6.534    35.6127 4.0833e-01    10.6364      3.939      5.713    16.0276   998.9982 0.0000e+00
      4.033      0.060     0.1210      1.711    103.744  84.152687     4.6312      6.533    30.5522 3.7640e-01     8.9939      3.959      5.741    15.8835   999.0215 0.0000e+00
      4.043      0.065     0.1224      1.695    100.956  81.773356     4.6357      6.530    25.8714 3.6461e-01     8.7693      3.966      5.752    15.7607   999.0413 0.0000e+00
      4.051      0.075     0.1216      1.676     98.393  79.512366     4.6772      6.527    22.6384 3.4778e-01     8.1512      3.970      5.758    15.6626   999.0570 0.0000e+00
      4.067      0.082     0.1194      1.656     97.521  78.571197     4.7513      6.525    19.9420 3.0910e-01     7.0917      3.984      5.778    15.5985   999.0674 0.0000e+00
      4.096      0.083     0.1197      1.620     97.736  78.535584     4.7953      6.521    16.3280 2.5813e-01     6.5441      4.014      5.822    15.5545   999.0742 0.0000e+00
      4.131      0.079     0.1183      1.590     98.254  78.827088     4.8026      6.519    12.4975 2.0820e-01     6.4782      4.054      5.881    15.5101   999.0800 0.0000e+00
      4.161      0.070     0.1167      1.586     98.789  79.233303     4.7957      6.518     9.3334 1.6248e-01     5.9999      4.086      5.927    15.4142   999.0939 0.0000e+00
      4.177      0.057     0.1171      1.574     99.237  79.630603     4.7729      6.516     6.6367 1.3821e-01     5.0867      4.101      5.947    15.2726   999.1158 0.0000e+00
      4.180      0.045     0.1139      1.533     98.692  79.241835     4.7519      6.516     4.4991 1.3695e-01     4.5474      4.101      5.948    15.1589   999.1334 0.0000e+00
      4.179      0.039     0.1107      1.489     96.885  77.776610     4.7409      6.516     3.1910 1.4078e-01     4.4608      4.096      5.940    15.0877   999.1445 0.0000e+00
      4.182      0.042     0.1119      1.455     95.306  76.353125     4.7359      6.516     2.4357 1.3830e-01     4.4656      4.099      5.945    15.0893   999.1444 0.0000e+00
      4.193      0.053     0.1121      1.444     94.337  75.323449     4.6827      6.515     1.4752 1.3328e-01     4.5406      4.109      5.960    15.1154   999.1408 0.0000e+00
      4.211      0.068     0.1072      1.440     93.530  74.421007     4.5825      6.514     0.0965 1.2797e-01     4.6798      4.128      5.987    15.1481   999.1359 0.0000e+00
      4.233      0.084     0.1048      1.427     92.670  73.518019     4.5306      6.514    -1.2434 1.2401e-01     4.7716      4.151      6.022    15.1726   999.1311 0.0000e+00
      4.258      0.096     0.1016      1.427     90.274  71.463938     4.5062      6.515    -2.3357 1.2365e-01     4.7325      4.174      6.054    15.0723   999.1460 0.0000e+00
      4.284      0.103     0.1014      1.431     86.341  68.214904     4.3312      6.515    -3.2152 1.2360e-01     4.4033      4.200      6.092    14.9127   999.1700 0.0000e+00
      4.313      0.103     0.1033      1.445     84.632  66.658928     4.0262      6.514    -3.8747 1.2355e-01     3.8397      4.230      6.135    14.7767   999.1900 0.0000e+00
      4.343      0.097     0.1001      1.474     86.105  67.590882     3.8625      6.514    -4.3735 1.2354e-01     3.5217      4.259      6.177    14.6456   999.2094 0.0000e+00
      4.372      0.087     0.1020      1.493     86.423  67.722257     3.8426      6.516    -4.6867 1.2356e-01     3.5087      4.290      6.222    14.5683   999.2202 0.0000e+00
      4.397      0.077     0.1020      1.497     84.042  65.831537     3.7431      6.519    -4.7359 1.2361e-01     3.3872      4.316      6.261    14.5213   999.2250 0.0000e+00
      4.411      0.067     0.1022      1.492     82.083  64.245804     3.5519      6.522    -4.7112 1.2368e-01     3.0691      4.328      6.278    14.3911   999.2430 0.0000e+00
      4.418      0.059     0.1068      1.483     81.978  64.059521     3.4383      6.525    -4.7317 1.2368e-01     2.9056      4.331      6.283    14.2152   999.2695 0.0000e+00
      4.429      0.055     0.1073      1.469     81.631  63.706296     3.4101      6.527    -4.6388 1.2364e-01     2.9187      4.341      6.297    14.1493   999.2792 0.0000e+00
      4.444      0.059     0.1079      1.444     79.100  61.690824     3.3060      6.528    -4.2770 1.2362e-01     2.8668      4.358      6.320    14.1778   999.2738 0.0000e+00
      4.460      0.070     0.1072      1.419     75.434  58.756720     3.1245      6.528    -3.7126 1.2359e-01     2.7698      4.374      6.344    14.1495   999.2769 0.0000e+00
      4.475      0.085     0.1068      1.405     72.744  56.509545     3.0193      6.529    -3.1494 1.2359e-01     2.7298      4.387      6.365    14.0594   999.2899 0.0000e+00
      4.494      0.095     0.1065      1.403     71.658  55.489291     2.9878      6.529    -2.7158 1.2362e-01     2.7103      4.402      6.386    14.0005   999.2985 0.0000e+00
      4.523      0.099     0.1042      1.403     71.697  55.379421     2.7782      6.528    -2.4274 1.2360e-01     2.5667      4.431      6.426    14.0026   999.2972 0.0000e+00
      4.561      0.095     0.1020      1.393     71.963  55.498659     2.3840      6.528    -2.2441 1.2358e-01     2.3700      4.474      6.488    13.9688   999.3004 0.0000e+00
      4.595      0.085     0.1013      1.371     71.737  55.279021     2.1658      6.530    -2.0480 1.2358e-01     2.3307      4.513      6.544    13.8401   999.3175 0.0000e+00
      4.616      0.071     0.1019      1.356     71.014  54.693253     2.1515      6.532    -1.6908 1.2357e-01     2.3544      4.532      6.573    13.7022   999.3360 0.0000e+00
      4.625      0.057     0.1022      1.356     70.078  53.943456     2.1594      6.533    -1.1946 1.2358e-01     2.2960      4.537      6.581    13.6041   999.3493 0.0000e+00
      4.628      0.048     0.1021      1.352     68.909  53.010987     2.2436      6.535    -0.5229 1.2362e-01     2.2471      4.537      6.580    13.5465   999.3573 0.0000e+00
      4.633      0.051     0.0997      1.346     67.643  51.994985     2.4065      6.536     0.3219 1.2363e-01     2.2547      4.542      6.587    13.5221   999.3604 0.0000e+00
      4.643      0.066     0.0979      1.334     66.578  51.124193     2.4989      6.536     1.0176 1.2361e-01     2.2900      4.553      6.603    13.5060   999.3623 0.0000e+00
      4.658      0.087     0.0996      1.313     65.241  50.041384     2.5028      6.536     1.4365 1.2360e-01     2.3458      4.566      6.622    13.4857   999.3647 0.0000e+00
      4.682      0.107     0.0985      1.295     63.298  48.493872     2.3841      6.537     1.6870 1.2361e-01     2.4043      4.586      6.652    13.4639   999.3673 0.0000e+00
      4.719      0.120     0.0984      1.281     61.625  47.148522     2.1565      6.539     2.0666 1.2364e-01     2.4730      4.625      6.709    13.4340   999.3709 0.0000e+00
      4.764      0.123     0.0979      1.265     60.919  46.540527     2.0309      6.541     3.0155 1.2365e-01     2.5215      4.675      6.780    13.3916   999.3765 0.0000e+00
      4.804      0.115     0.0959      1.253     61.243  46.731251     2.0098      6.542     4.2988 1.2363e-01     2.5324      4.715      6.838    13.3469   999.3822 0.0000e+00
      4.835      0.096     0.0946      1.253     62.355  47.549257     1.9531      6.542     5.6228 1.2364e-01     2.5715      4.745      6.881    13.3049   999.3869 0.0000e+00
