Data/DataNotYetUploadedToEDI/Raw_CTD/RawDownloads/093020_fcr50_0001.cnv
* Sea-Bird SBE19plus  Data File:
* FileName = C:\DATA\093020_fcr50_0001.hex
* Software version 2.8.0.119
* Temperature SN = 7809
* Conductivity SN = 7809
* System UpLoad Time = Sep 30 2020 12:36:02
* <ApplicationData>
* <Seaterm232>
# nquan = 16
# nvalues = 7843                        
# units = specified
# name 0 = depFM: Depth [fresh water, m]
# name 1 = dz/dtM: Descent Rate [m/s]
# name 2 = orp: Oxidation Reduction Potential [mV]
# name 3 = sbeox0Mg/L: Oxygen, SBE 43 [mg/l]
# name 4 = sbeox0PS: Oxygen, SBE 43 [% saturation]
# name 5 = par/sat/log: PAR/Logarithmic, Satlantic
# name 6 = ph: pH
# name 7 = specc: Specific Conductance [uS/cm]
# name 8 = c0uS/cm: Conductivity [uS/cm]
# name 9 = flECO-AFL: Fluorescence, WET Labs ECO-AFL/FL [mg/m^3]
# name 10 = turbWETntu0: Turbidity, WET Labs ECO [NTU]
# name 11 = tv290C: Temperature [ITS-90, deg C]
# name 12 = density00: Density [density, kg/m^3]
# name 13 = prdE: Pressure, Strain Gauge [psi]
# name 14 = prdM: Pressure, Strain Gauge [db]
# name 15 = flag:  0.000e+00
# span 0 =     -0.707,      9.697       
# span 1 =     -4.234,      4.242       
# span 2 =  -823.3982,   894.1429       
# span 3 =    -0.0298,     9.8472       
# span 4 =     -0.185,    101.046       
# span 5 = 1.2350e-01, 1.3178e+03       
# span 6 =     -2.489,     15.707       
# span 7 =      1.622,    341.532       
# span 8 =   1.235247, 255.121823       
# span 9 =    -2.8843,   259.7729       
# span 10 =    -6.8451,   106.1269      
# span 11 =    12.1115,    17.3673      
# span 12 =   998.7271,   999.6350      
# span 13 =     -1.006,     13.793      
# span 14 =     -0.693,      9.510      
# span 15 = 0.0000e+00, 0.0000e+00      
# interval = seconds: 0.25
# start_time = Sep 29 2020 20:19:00 [Instrument's time stamp, header]
# bad_flag = -9.990e-29
*END*
[from data line 6690]
      8.811 2.0863e-24   207.2814     1.3694     12.606 1.2374e-01     15.694     58.204  43.226335    -0.4797    16.1305    12.1308   999.5481     12.533      8.641 0.0000e+00
      8.811 1.8966e-25   207.3236     1.3574     12.656 1.2373e-01     15.694     58.205  43.227478    -0.4728    16.2540    12.1307   999.5481     12.532      8.640 0.0000e+00
      8.811 1.7242e-26   207.3735     1.3544     12.668 1.2367e-01     15.694     58.200  43.223304    -0.4440    16.5094    12.1308   999.5481     12.532      8.641 0.0000e+00
      8.811 1.5657e-27   207.3681     1.3534     12.637 1.2367e-01     15.694     58.221  43.239364    -0.4371    16.6432    12.1309   999.5481     12.531      8.640 0.0000e+00
      8.811 1.2318e-28   207.3445     1.3500     12.652 1.2373e-01     15.694     58.210  43.231205    -0.4462    16.6348    12.1308   999.5482     12.532      8.640 0.0000e+00
      8.811 -1.995e-28   207.3455     1.3627     12.715 1.2372e-01     15.694     58.152  43.188130    -0.4491    16.6829    12.1308   999.5481     12.533      8.641 0.0000e+00
      8.811 -2.335e-27   207.3809     1.3646     12.771 1.2364e-01     15.695     58.118  43.162936    -0.4441    16.8479    12.1308   999.5481     12.532      8.641 0.0000e+00
      8.811 -2.570e-26   207.3432     1.3536     12.778 1.2361e-01     15.695     58.142  43.180513    -0.4427    16.9813    12.1308   999.5481     12.533      8.641 0.0000e+00
      8.811 -2.827e-25   207.2332     1.3576     12.735 1.2362e-01     15.695     58.182  43.210205    -0.4414    16.9913    12.1310   999.5481     12.532      8.641 0.0000e+00
      8.811 -3.110e-24   207.1689     1.3663     12.682 1.2367e-01     15.695     58.174  43.204532    -0.4473    16.7971    12.1310   999.5481     12.533      8.641 0.0000e+00
      8.811 -3.421e-23   207.1684     1.3741     12.649 1.2369e-01     15.695     58.134  43.175402    -0.4667    16.4880    12.1308   999.5481     12.533      8.641 0.0000e+00
      8.811 -3.763e-22   207.2267     1.3755     12.631 1.2371e-01     15.695     58.134  43.175402    -0.4666    16.3779    12.1308   999.5481     12.532      8.641 0.0000e+00
      8.811 -4.140e-21   207.1852     1.3681     12.616 1.2378e-01     15.695     58.174  43.204541    -0.4459    16.4264    12.1309   999.5481     12.532      8.641 0.0000e+00
      8.811 -4.553e-20   207.0974     1.3616     12.616 1.2382e-01     15.695     58.182  43.210298    -0.4446    16.4219    12.1309   999.5481     12.533      8.641 0.0000e+00
      8.811 -5.009e-19   207.1123     1.3580     12.631 1.2377e-01     15.695     58.143  43.181532    -0.4515    16.3579    12.1309   999.5481     12.532      8.640 0.0000e+00
      8.811 -5.510e-18   207.1070     1.3575     12.651 1.2372e-01     15.694     58.133  43.174143    -0.4529    16.3059    12.1311   999.5481     12.532      8.640 0.0000e+00
      8.811 -6.061e-17   207.1189     1.3544     12.683 1.2376e-01     15.694     58.147  43.184447    -0.4519    16.3421    12.1311   999.5481     12.532      8.640 0.0000e+00
      8.811 -6.667e-16   207.1704     1.3546     12.709 1.2386e-01     15.694     58.140  43.179150    -0.4402    16.4181    12.1310   999.5481     12.533      8.641 0.0000e+00
      8.811 -7.333e-15   207.2136     1.3573     12.706 1.2387e-01     15.694     58.132  43.173574    -0.4349    16.4353    12.1310   999.5481     12.533      8.641 0.0000e+00
      8.811 -8.067e-14   207.2967     1.3582     12.690 1.2374e-01     15.695     58.142  43.180511    -0.4440    16.4128    12.1308   999.5481     12.532      8.641 0.0000e+00
      8.811 -8.873e-13   207.3157     1.3625     12.686 1.2364e-01     15.695     58.167  43.199547    -0.4555    16.3863    12.1308   999.5481     12.533      8.641 0.0000e+00
      8.811 -9.761e-12   207.2710     1.3672     12.691 1.2366e-01     15.695     58.186  43.213284    -0.4503    16.3889    12.1308   999.5481     12.533      8.641 0.0000e+00
      8.811 -1.074e-10   207.2715     1.3654     12.695 1.2368e-01     15.695     58.195  43.219640    -0.4379    16.5129    12.1309   999.5481     12.532      8.641 0.0000e+00
      8.811 -1.181e-09   207.2363     1.3626     12.666 1.2366e-01     15.695     58.186  43.212919    -0.4386    16.7188    12.1309   999.5481     12.532      8.641 0.0000e+00
      8.811 -1.299e-08   207.1901     1.3626     12.606 1.2366e-01     15.695     58.163  43.195507    -0.4493    16.8182    12.1310   999.5481     12.533      8.641 0.0000e+00
      8.811 -1.429e-07   207.2290     1.3632     12.593 1.2370e-01     15.695     58.168  43.199557    -0.4628    16.8218    12.1310   999.5481     12.532      8.640 0.0000e+00
      8.811 -2.620e-07   207.2757     1.3650     12.646 1.2369e-01     15.695     58.166  43.198403    -0.4592    16.8995    12.1308   999.5481     12.533      8.641 0.0000e+00
      8.811 -1.429e-07   207.2390     1.3638     12.699 1.2367e-01     15.695     58.144  43.181554    -0.4437    17.0713    12.1308   999.5481     12.532      8.641 0.0000e+00
      8.811 -1.299e-08   207.2146     1.3518     12.735 1.2368e-01     15.695     58.150  43.186280    -0.4377    17.1487    12.1308   999.5481     12.533      8.641 0.0000e+00
      8.811 -1.181e-09   207.2387     1.3485     12.737 1.2368e-01     15.695     58.157  43.192064    -0.4432    17.0791    12.1309   999.5481     12.533      8.641 0.0000e+00
      8.811 -1.074e-10   207.2722     1.3608     12.702 1.2371e-01     15.695     58.152  43.188005    -0.4541    16.8138    12.1308   999.5481     12.532      8.640 0.0000e+00
      8.811 -9.760e-12   207.2761     1.3636     12.669 1.2376e-01     15.695     58.169  43.200682    -0.4543    16.4132    12.1308   999.5481     12.533      8.641 0.0000e+00
      8.811 -8.870e-13   207.1996     1.3700     12.665 1.2376e-01     15.695     58.193  43.218381    -0.4462    16.2178    12.1307   999.5481     12.532      8.641 0.0000e+00
      8.811 -8.065e-14   207.2086     1.3706     12.703 1.2376e-01     15.695     58.184  43.211556    -0.4409    16.2025    12.1308   999.5481     12.532      8.641 0.0000e+00
      8.811 -7.330e-15   207.2121     1.3636     12.739 1.2376e-01     15.695     58.143  43.181647    -0.4482    16.1593    12.1308   999.5481     12.532      8.640 0.0000e+00
      8.811 -6.665e-16   207.0699     1.3607     12.729 1.2372e-01     15.695     58.133  43.174163    -0.4676    16.1079    12.1308   999.5481     12.533      8.641 0.0000e+00
      8.811 -6.060e-17   207.0380     1.3576     12.662 1.2372e-01     15.696     58.148  43.184552    -0.4660    16.1303    12.1306   999.5482     12.532      8.641 0.0000e+00
      8.811 -5.510e-18   207.1707     1.3655     12.602 1.2372e-01     15.696     58.142  43.180294    -0.4475    16.1895    12.1306   999.5482     12.532      8.640 0.0000e+00
      8.811 -5.044e-19   207.2122     1.3700     12.609 1.2369e-01     15.695     58.150  43.186164    -0.4444    16.2050    12.1305   999.5481     12.532      8.641 0.0000e+00
      8.811 -8.322e-20   207.1089     1.3709     12.655 1.2374e-01     15.695     58.158  43.192043    -0.4568    16.1815    12.1305   999.5481     12.532      8.640 0.0000e+00
      8.811 -4.188e-19   207.0400     1.3604     12.704 1.2377e-01     15.695     58.153  43.187890    -0.4736    16.1455    12.1305   999.5482     12.532      8.641 0.0000e+00
      8.811 -4.562e-18   207.0678     1.3495     12.738 1.2371e-01     15.696     58.169  43.199433    -0.4669    16.1116    12.1306   999.5481     12.532      8.640 0.0000e+00
      8.811 -5.017e-17   207.1008     1.3538     12.729 1.2373e-01     15.696     58.175  43.204645    -0.4422    16.1154    12.1305   999.5482     12.532      8.641 0.0000e+00
      8.811 -5.519e-16   207.0954     1.3596     12.701 1.2378e-01     15.696     58.152  43.187424    -0.4507    16.1238    12.1304   999.5482     12.532      8.640 0.0000e+00
      8.811 -6.071e-15   207.0029     1.3652     12.696 1.2376e-01     15.695     58.144  43.181657    -0.4935    16.0752    12.1304   999.5482     12.532      8.640 0.0000e+00
      8.811 -6.678e-14   206.8423     1.3702     12.678 1.2371e-01     15.695     58.167  43.198402    -0.5307    16.0428    12.1303   999.5482     12.532      8.641 0.0000e+00
      8.811 -7.346e-13   206.8735     1.3694     12.652 1.2370e-01     15.695     58.168  43.199443    -0.5383    16.0764    12.1304   999.5482     12.532      8.641 0.0000e+00
      8.811 -8.081e-12   207.0360     1.3614     12.641 1.2372e-01     15.696     58.161  43.194248    -0.5092    16.1383    12.1304   999.5482     12.532      8.641 0.0000e+00
      8.811 -8.889e-11   207.0010     1.3657     12.623 1.2373e-01     15.696     58.167  43.199069    -0.4644    16.1723    12.1305   999.5481     12.533      8.641 0.0000e+00
      8.811 -9.778e-10   206.8799     1.3632     12.654 1.2372e-01     15.696     58.160  43.194247    -0.4454    16.1441    12.1305   999.5482     12.532      8.640 0.0000e+00
      8.811 -1.076e-08   206.8629     1.3560     12.726 1.2372e-01     15.696     58.167  43.199433    -0.4607    16.1061    12.1306   999.5481     12.531      8.640 0.0000e+00
      8.811 -1.183e-07   206.8809     1.3617     12.749 1.2373e-01     15.696     58.166  43.198287    -0.4683    16.1587    12.1305   999.5481     12.532      8.640 0.0000e+00
      8.811 -2.169e-07   206.9256     1.3524     12.734 1.2374e-01     15.696     58.142  43.180396    -0.4519    16.2995    12.1305   999.5482     12.532      8.640 0.0000e+00
      8.811 -1.183e-07   206.9728     1.3560     12.711 1.2374e-01     15.696     58.133  43.173553    -0.4432    16.4007    12.1306   999.5481     12.532      8.641 0.0000e+00
      8.811 -1.076e-08   206.9361     1.3723     12.731 1.2371e-01     15.696     58.140  43.179033    -0.4491    16.4215    12.1307   999.5481     12.532      8.640 0.0000e+00
      8.811 -9.779e-10   206.8261     1.3695     12.806 1.2370e-01     15.696     58.145  43.183178    -0.4661    16.3800    12.1307   999.5481     12.532      8.640 0.0000e+00
      8.811 -8.787e-11   206.7615     1.3694     12.805 1.2372e-01     15.696     58.114  43.160179    -0.4960    16.2762    12.1306   999.5481     12.532      8.641 0.0000e+00
      8.811 3.2477e-12   206.8424     1.3642     12.716 1.2371e-01     15.696     58.107  43.154889    -0.5150    16.1970    12.1307   999.5481     12.532      8.640 0.0000e+00
      8.811 1.2387e-10   206.9437     1.3623     12.659 1.2372e-01     15.696     58.145  43.182701    -0.5055    16.2119    12.1308   999.5481     12.532      8.641 0.0000e+00
      8.811 1.3706e-09   206.9543     1.3809     12.645 1.2375e-01     15.696     58.140  43.179034    -0.4949    16.2153    12.1307   999.5481     12.532      8.640 0.0000e+00
      8.810 1.5077e-08   206.8846     1.3816     12.662 1.2370e-01     15.696     58.134  43.174039    -0.4917    16.1358    12.1308   999.5481     12.531      8.640 0.0000e+00
      8.810 -5.105e-08   206.7891     1.3615     12.687 1.2370e-01     15.696     58.149  43.185789    -0.4667    16.1086    12.1310   999.5481     12.531      8.640 0.0000e+00
      8.811 -1.495e-07   206.7463     1.3593     12.681 1.2375e-01     15.695     58.160  43.194132    -0.4413    16.1615    12.1310   999.5481     12.532      8.641 0.0000e+00
      8.811 -9.216e-08   206.7118     1.3577     12.713 1.2370e-01     15.695     58.183  43.211433    -0.4316    16.1919    12.1310   999.5481     12.532      8.640 0.0000e+00
      8.811 -6.826e-09   206.7153     1.3579     12.752 1.2364e-01     15.696     58.174  43.204520    -0.4356    16.1663    12.1309   999.5481     12.531      8.640 0.0000e+00
      8.811 1.6441e-08   206.7888     1.3684     12.746 1.2368e-01     15.696     58.133  43.174038    -0.4613    16.1267    12.1311   999.5481     12.532      8.641 0.0000e+00
      8.811 1.8917e-07   206.9118     1.3578     12.759 1.2372e-01     15.696     58.115  43.160293    -0.4668    16.1247    12.1310   999.5481     12.532      8.640 0.0000e+00
      8.811 3.4693e-07   207.0847     1.3647     12.774 1.2370e-01     15.696     58.121  43.165297    -0.4436    16.1432    12.1309   999.5481     12.532      8.640 0.0000e+00
      8.811 1.8923e-07   207.1586     1.3759     12.784 1.2370e-01     15.696     58.128  43.171054    -0.4386    16.2129    12.1309   999.5481     12.531      8.640 0.0000e+00
      8.811 1.7203e-08   207.1168     1.3644     12.769 1.2373e-01     15.696     58.123  43.166422    -0.4539    16.2803    12.1308   999.5481     12.532      8.640 0.0000e+00
      8.811 1.5639e-09   207.0953     1.3734     12.726 1.2373e-01     15.696     58.132  43.172770    -0.4662    16.3057    12.1310   999.5481     12.532      8.640 0.0000e+00
      8.811 1.4218e-10   207.0718     1.3716     12.742 1.2373e-01     15.696     58.147  43.184323    -0.4632    16.3833    12.1311   999.5481     12.532      8.640 0.0000e+00
      8.811 1.2925e-11   207.0048     1.3733     12.769 1.2370e-01     15.696     58.140  43.179138    -0.4471    16.4978    12.1310   999.5481     12.531      8.640 0.0000e+00
      8.811 1.1750e-12   206.9724     1.3771     12.764 1.2367e-01     15.696     58.132  43.173563    -0.4330    16.5910    12.1310   999.5481     12.532      8.640 0.0000e+00
      8.811 1.0682e-13   206.9383     1.3599     12.733 1.2372e-01     15.696     58.142  43.180398    -0.4361    16.6171    12.1310   999.5481     12.532      8.641 0.0000e+00
      8.811 9.7105e-15   206.8504     1.3705     12.695 1.2376e-01     15.696     58.166  43.198298    -0.4560    16.6071    12.1310   999.5481     12.532      8.640 0.0000e+00
      8.811 8.8275e-16   206.9425     1.3735     12.725 1.2371e-01     15.695     58.167  43.199547    -0.4635    16.6078    12.1310   999.5481     12.532      8.641 0.0000e+00
      8.811 7.9679e-17   207.1055     1.3706     12.766 1.2371e-01     15.695     58.162  43.195496    -0.4506    16.6252    12.1309   999.5481     12.533      8.641 0.0000e+00
      8.811 9.5556e-19   207.0136     1.3715     12.753 1.2379e-01     15.696     58.185  43.212806    -0.4431    16.6464    12.1309   999.5481     12.532      8.640 0.0000e+00
      8.811 -6.908e-17   206.8650     1.3577     12.731 1.2384e-01     15.696     58.192  43.218392    -0.4577    16.6244    12.1309   999.5481     12.532      8.641 0.0000e+00
      8.810 -7.671e-16   206.7714     1.3668     12.704 1.2392e-01     15.696     58.167  43.199557    -0.4756    16.5992    12.1309   999.5481     12.531      8.640 0.0000e+00
      8.810 -8.439e-15   206.7421     1.3762     12.687 1.2386e-01     15.696     58.135  43.175517    -0.4684    16.6161    12.1310   999.5481     12.531      8.640 0.0000e+00
      8.810 -9.283e-14   206.8549     1.3682     12.706 1.2379e-01     15.696     58.143  43.181656    -0.4569    16.6567    12.1310   999.5481     12.531      8.640 0.0000e+00
      8.810 -1.021e-12   206.9306     1.3685     12.710 1.2388e-01     15.696     58.181  43.210299    -0.4513    16.6786    12.1310   999.5481     12.532      8.640 0.0000e+00
      8.810 -1.123e-11   206.9689     1.3653     12.699 1.2388e-01     15.696     58.173  43.204427    -0.4474    16.6403    12.1312   999.5481     12.531      8.640 0.0000e+00
      8.811 -1.236e-10   207.0600     1.3594     12.691 1.2378e-01     15.696     58.132  43.174143    -0.4584    16.5377    12.1312   999.5481     12.532      8.640 0.0000e+00
      8.811 -1.359e-09   207.0856     1.3670     12.651 1.2372e-01     15.696     58.114  43.161551    -0.4598    16.4329    12.1313   999.5481     12.532      8.641 0.0000e+00
      8.811 -1.495e-08   207.0205     1.3669     12.616 1.2375e-01     15.697     58.138  43.179138    -0.4457    16.4037    12.1314   999.5481     12.532      8.640 0.0000e+00
      8.811 -1.645e-07   206.9615     1.3617     12.628 1.2382e-01     15.697     58.161  43.196342    -0.4407    16.4238    12.1313   999.5481     12.532      8.641 0.0000e+00
