Data/DataNotYetUploadedToEDI/Raw_CTD/RawDownloads/093020_fcr50_0001.cnv
* Sea-Bird SBE19plus  Data File:
* FileName = C:\DATA\093020_fcr50_0001.hex
* Software version 2.8.0.119
* Temperature SN = 7809
* Conductivity SN = 7809
* System UpLoad Time = Sep 30 2020 12:36:02
* <ApplicationData>
* <Seaterm232>
# nquan = 16
# nvalues = 7843                        
# units = specified
# name 0 = depFM: Depth [fresh water, m]
# name 1 = dz/dtM: Descent Rate [m/s]
# name 2 = orp: Oxidation Reduction Potential [mV]
# name 3 = sbeox0Mg/L: Oxygen, SBE 43 [mg/l]
# name 4 = sbeox0PS: Oxygen, SBE 43 [% saturation]
# name 5 = par/sat/log: PAR/Logarithmic, Satlantic
# name 6 = ph: pH
# name 7 = specc: Specific Conductance [uS/cm]
# name 8 = c0uS/cm: Conductivity [uS/cm]
# name 9 = flECO-AFL: Fluorescence, WET Labs ECO-AFL/FL [mg/m^3]
# name 10 = turbWETntu0: Turbidity, WET Labs ECO [NTU]
# name 11 = tv290C: Temperature [ITS-90, deg C]
# name 12 = density00: Density [density, kg/m^3]
# name 13 = prdE: Pressure, Strain Gauge [psi]
# name 14 = prdM: Pressure, Strain Gauge [db]
# name 15 = flag:  0.000e+00
# span 0 =     -0.707,      9.697       
# span 1 =     -4.234,      4.242       
# span 2 =  -823.3982,   894.1429       
# span 3 =    -0.0298,     9.8472       
# span 4 =     -0.185,    101.046       
# span 5 = 1.2350e-01, 1.3178e+03       
# span 6 =     -2.489,     15.707       
# span 7 =      1.622,    341.532       
# span 8 =   1.235247, 255.121823       
# span 9 =    -2.8843,   259.7729       
# span 10 =    -6.8451,   106.1269      
# span 11 =    12.1115,    17.3673      
# span 12 =   998.7271,   999.6350      
# span 13 =     -1.006,     13.793      
# span 14 =     -0.693,      9.510      
# span 15 = 0.0000e+00, 0.0000e+00      
# interval = seconds: 0.25
# start_time = Sep 29 2020 20:19:00 [Instrument's time stamp, header]
# bad_flag = -9.990e-29
*END*
[from data line 633]
      1.106      0.003   262.3641     7.3929     76.953 2.4433e+01     15.543     36.783  31.118920     2.6847    12.5697    17.3068   998.7444      1.573      1.085 0.0000e+00
      1.106      0.002   262.0982     7.3830     77.028 2.4410e+01     15.543     36.753  31.091807     2.6931    12.6206    17.3039   998.7449      1.574      1.085 0.0000e+00
      1.106      0.002   261.7103     7.3824     77.064 2.4385e+01     15.543     36.768  31.103447     2.6927    12.5942    17.3009   998.7453      1.574      1.085 0.0000e+00
      1.107      0.003   261.6308     7.3809     77.099 2.4363e+01     15.543     36.804  31.132762     2.6706    12.5257    17.2975   998.7460      1.575      1.086 0.0000e+00
      1.108      0.006   261.9115     7.3906     77.130 2.4314e+01     15.543     36.799  31.129032     2.6266    12.4444    17.2952   998.7465      1.575      1.086 0.0000e+00
      1.109      0.009   262.3512     7.4014     77.125 2.4210e+01     15.543     36.785  31.121795     2.5702    12.3666    17.2947   998.7465      1.577      1.087 0.0000e+00
      1.111      0.011   262.3879     7.4004     77.078 2.3991e+01     15.544     36.763  31.108709     2.5516    12.3740    17.2943   998.7466      1.578      1.088 0.0000e+00
      1.115      0.011   262.0104     7.4056     76.988 2.3674e+01     15.544     36.746  31.097706     2.5546    12.3623    17.2915   998.7471      1.585      1.093 0.0000e+00
      1.120      0.011   262.0039     7.4107     76.891 2.3454e+01     15.543     36.766  31.115647     2.5585    12.1568    17.2900   998.7475      1.595      1.100 0.0000e+00
      1.123      0.011   262.2222     7.4081     76.840 2.3383e+01     15.542     36.788  31.135302     2.5891    11.8453    17.2965   998.7463      1.599      1.103 0.0000e+00
      1.125      0.011   262.1548     7.4036     76.840 2.3333e+01     15.542     36.797  31.145029     2.6196    11.6859    17.3064   998.7445      1.600      1.103 0.0000e+00
      1.126      0.010   262.2216     7.3923     76.870 2.3200e+01     15.542     36.823  31.169814     2.6316    11.6714    17.3113   998.7436      1.601      1.104 0.0000e+00
      1.129      0.009   262.3413     7.3804     76.923 2.3000e+01     15.542     36.836  31.181207     2.6103    11.6703    17.3119   998.7435      1.604      1.106 0.0000e+00
      1.133      0.008   262.2249     7.3756     77.006 2.2842e+01     15.542     36.807  31.155883     2.5622    11.6730    17.3121   998.7436      1.613      1.112 0.0000e+00
      1.136      0.008   262.1051     7.3761     77.103 2.2750e+01     15.542     36.763  31.117402     2.5454    11.6691    17.3156   998.7429      1.617      1.115 0.0000e+00
      1.137      0.007   262.0117     7.3787     77.181 2.2692e+01     15.542     36.740  31.096602     2.5506    11.6575    17.3202   998.7422      1.617      1.115 0.0000e+00
      1.138      0.006   262.0413     7.3829     77.222 2.2645e+01     15.542     36.738  31.094725     2.5396    11.6356    17.3208   998.7421      1.619      1.116 0.0000e+00
      1.139      0.006   262.3775     7.3917     77.234 2.2565e+01     15.542     36.738  31.094710     2.5261    11.5431    17.3191   998.7424      1.620      1.117 0.0000e+00
      1.140      0.006   262.7207     7.4030     77.232 2.2453e+01     15.542     36.741  31.096412     2.5307    11.4320    17.3170   998.7427      1.622      1.119 0.0000e+00
      1.142      0.006   262.7496     7.4112     77.215 2.2374e+01     15.542     36.764  31.115296     2.5477    11.4248    17.3151   998.7430      1.625      1.121 0.0000e+00
      1.144      0.007   262.5549     7.4147     77.171 2.2294e+01     15.542     36.785  31.132704     2.5604    11.4551    17.3152   998.7431      1.627      1.121 0.0000e+00
      1.146      0.009   262.5174     7.4152     77.111 2.2198e+01     15.543     36.765  31.116559     2.5700    11.3184    17.3155   998.7430      1.630      1.123 0.0000e+00
      1.148      0.012   262.8133     7.4148     77.050 2.2120e+01     15.543     36.754  31.110423     2.5772    11.0416    17.3144   998.7432      1.633      1.126 0.0000e+00
      1.150      0.014   263.2929     7.4150     77.050 2.1958e+01     15.543     36.763  31.121959     2.5814    10.9236    17.3138   998.7433      1.635      1.127 0.0000e+00
      1.154      0.016   263.7554     7.4091     77.145 2.1665e+01     15.542     36.767  31.129158     2.6009    10.9913    17.3128   998.7436      1.640      1.131 0.0000e+00
      1.160      0.016   263.8461     7.4043     77.236 2.1359e+01     15.542     36.770  31.134028     2.6509    11.1393    17.3131   998.7435      1.651      1.138 0.0000e+00
      1.166      0.015   263.5288     7.3952     77.256 2.1148e+01     15.542     36.749  31.117400     2.7092    11.3044    17.3180   998.7427      1.661      1.145 0.0000e+00
      1.171      0.013   263.2751     7.3899     77.202 2.1033e+01     15.542     36.749  31.118441     2.7432    11.3747    17.3244   998.7416      1.666      1.149 0.0000e+00
      1.173      0.010   263.1006     7.4061     77.113 2.0969e+01     15.543     36.782  31.146616     2.7468    11.4047    17.3292   998.7407      1.668      1.150 0.0000e+00
      1.173      0.008   262.7102     7.4148     77.053 2.0933e+01     15.543     36.776  31.140849     2.7146    11.4957    17.3320   998.7402      1.668      1.150 0.0000e+00
      1.174      0.007   262.5982     7.4171     77.015 2.0901e+01     15.543     36.742  31.112156     2.6599    11.6165    17.3334   998.7399      1.669      1.151 0.0000e+00
      1.176      0.008   262.9518     7.4109     76.977 2.0847e+01     15.543     36.748  31.116901     2.6193    11.6643    17.3344   998.7398      1.672      1.153 0.0000e+00
      1.177      0.009   263.3713     7.3980     76.973 2.0771e+01     15.543     36.769  31.134786     2.6153    11.6949    17.3346   998.7398      1.674      1.154 0.0000e+00
      1.179      0.011   263.7128     7.3938     77.048 2.0607e+01     15.542     36.773  31.138062     2.6295    12.0211    17.3345   998.7398      1.676      1.155 0.0000e+00
      1.183      0.011   263.5526     7.3915     77.149 2.0375e+01     15.542     36.794  31.156512     2.6200    12.5527    17.3343   998.7398      1.682      1.160 0.0000e+00
      1.188      0.011   262.8109     7.3868     77.211 2.0209e+01     15.543     36.807  31.167535     2.6055    12.7668    17.3338   998.7400      1.690      1.165 0.0000e+00
      1.191      0.011   262.4025     7.3827     77.256 2.0114e+01     15.543     36.779  31.144452     2.6063    12.7226    17.3340   998.7400      1.694      1.168 0.0000e+00
      1.193      0.011   262.7450     7.3930     77.320 2.0060e+01     15.543     36.764  31.131202     2.5919    12.7383    17.3348   998.7398      1.696      1.170 0.0000e+00
      1.194      0.010   263.2534     7.4066     77.374 2.0022e+01     15.543     36.768  31.134213     2.5559    12.8540    17.3353   998.7397      1.698      1.171 0.0000e+00
      1.195      0.009   263.5588     7.4097     77.373 1.9928e+01     15.543     36.748  31.117417     2.5138    12.9882    17.3354   998.7397      1.699      1.172 0.0000e+00
      1.198      0.009   263.7701     7.4128     77.337 1.9774e+01     15.543     36.749  31.118443     2.4830    13.0217    17.3353   998.7397      1.704      1.175 0.0000e+00
      1.202      0.009   263.8295     7.4199     77.290 1.9653e+01     15.543     36.783  31.146618     2.4697    12.9851    17.3351   998.7398      1.711      1.180 0.0000e+00
      1.205      0.008   263.6746     7.4284     77.188 1.9587e+01     15.543     36.777  31.140863     2.4677    12.8203    17.3350   998.7398      1.714      1.182 0.0000e+00
      1.207      0.007   263.3599     7.4267     77.065 1.9533e+01     15.543     36.743  31.112311     2.4773    12.5397    17.3353   998.7398      1.716      1.183 0.0000e+00
      1.208      0.005   262.9496     7.4203     76.997 1.9499e+01     15.542     36.751  31.118611     2.4909    12.3729    17.3351   998.7398      1.717      1.185 0.0000e+00
      1.208      0.005   262.6716     7.4208     76.986 1.9479e+01     15.542     36.793  31.153596     2.4891    12.3139    17.3345   998.7399      1.719      1.185 0.0000e+00
      1.209      0.005   262.6660     7.4087     76.998 1.9466e+01     15.542     36.795  31.154648     2.4838    12.3084    17.3339   998.7400      1.720      1.186 0.0000e+00
      1.209      0.006   262.7085     7.3925     76.989 1.9424e+01     15.542     36.769  31.131329     2.4937    12.3746    17.3332   998.7401      1.719      1.185 0.0000e+00
      1.210      0.008   262.5839     7.3880     76.956 1.9302e+01     15.542     36.764  31.125418     2.5033    12.4272    17.3328   998.7402      1.722      1.187 0.0000e+00
      1.213      0.012   262.7081     7.3872     76.957 1.9152e+01     15.542     36.790  31.146616     2.4949    12.4295    17.3324   998.7403      1.725      1.189 0.0000e+00
      1.217      0.017   262.8342     7.3906     76.967 1.9022e+01     15.542     36.851  31.197301     2.4886    12.5052    17.3316   998.7405      1.730      1.193 0.0000e+00
      1.220      0.022   262.4732     7.3915     76.937 1.8872e+01     15.542     36.892  31.230694     2.5132    12.6899    17.3301   998.7407      1.735      1.196 0.0000e+00
      1.226      0.025   262.2149     7.3835     76.888 1.8518e+01     15.542     36.896  31.233153     2.5433    12.8430    17.3280   998.7411      1.739      1.199 0.0000e+00
      1.236      0.025   262.3783     7.3856     76.761 1.8032e+01     15.543     36.889  31.227024     2.5568    12.9146    17.3260   998.7415      1.756      1.212 0.0000e+00
      1.247      0.024   262.7278     7.3914     76.534 1.7773e+01     15.543     36.881  31.220043     2.5624    12.8342    17.3248   998.7418      1.778      1.226 0.0000e+00
      1.252      0.022   263.0863     7.3832     76.254 1.7694e+01     15.543     36.873  31.212190     2.5736    12.6268    17.3234   998.7421      1.783      1.229 0.0000e+00
      1.254      0.017   263.3566     7.3840     75.929 1.7580e+01     15.543     36.853  31.195511     2.5969    12.5358    17.3222   998.7423      1.784      1.230 0.0000e+00
      1.257      0.012   263.4153     7.3738     75.621 1.7431e+01     15.543     36.869  31.208708     2.6140    12.5922    17.3216   998.7425      1.789      1.233 0.0000e+00
      1.261      0.008   263.2791     7.3459     75.357 1.7325e+01     15.543     36.911  31.244872     2.6092    12.5872    17.3211   998.7426      1.794      1.237 0.0000e+00
      1.263      0.007   262.9146     7.3242     75.139 1.7282e+01     15.543     36.920  31.252102     2.5964    12.3388    17.3206   998.7427      1.797      1.239 0.0000e+00
      1.264      0.008   262.7077     7.2867     75.021 1.7274e+01     15.544     36.896  31.232677     2.6019    11.9917    17.3200   998.7428      1.798      1.239 0.0000e+00
      1.264      0.013   262.8430     7.2576     75.033 1.7288e+01     15.544     36.857  31.200346     2.6192    11.8932    17.3194   998.7429      1.798      1.239 0.0000e+00
      1.265      0.019   262.8295     7.2343     75.197 1.7275e+01     15.543     36.829  31.178397     2.6331    11.9716    17.3195   998.7429      1.800      1.241 0.0000e+00
      1.267      0.024   262.7165     7.2080     75.464 1.7075e+01     15.543     36.802  31.157629     2.6462    12.1841    17.3204   998.7427      1.799      1.240 0.0000e+00
      1.275      0.028   262.7680     7.1986     75.734 1.6497e+01     15.543     36.778  31.139587     2.6632    12.5736    17.3211   998.7426      1.807      1.246 0.0000e+00
      1.291      0.029   262.8494     7.1964     75.961 1.5864e+01     15.543     36.789  31.150582     2.6767    12.7674    17.3218   998.7426      1.840      1.269 0.0000e+00
      1.305      0.027   262.6692     7.2139     76.160 1.5627e+01     15.543     36.804  31.163687     2.6759    12.7074    17.3243   998.7422      1.863      1.284 0.0000e+00
      1.310      0.022   262.6535     7.2440     76.383 1.5604e+01     15.543     36.813  31.171147     2.6440    12.2595    17.3281   998.7415      1.863      1.284 0.0000e+00
      1.311      0.015   262.9176     7.2699     76.611 1.5588e+01     15.543     36.821  31.177336     2.5777    11.4038    17.3312   998.7409      1.864      1.285 0.0000e+00
      1.311      0.007   263.1084     7.2919     76.781 1.5577e+01     15.543     36.819  31.175066     2.5313    10.9098    17.3329   998.7407      1.865      1.286 0.0000e+00
      1.311      0.002   263.3260     7.3071     76.914 1.5556e+01     15.543     36.784  31.143710     2.5316    10.8884    17.3334   998.7406      1.865      1.286 0.0000e+00
      1.312      0.001   263.3117     7.3290     77.016 1.5549e+01     15.543     36.751  31.115434     2.5341    10.8696    17.3331   998.7406      1.866      1.286 0.0000e+00
      1.312      0.001   262.7630     7.3570     77.106 1.5565e+01     15.543     36.793  31.150395     2.5141    10.7848    17.3320   998.7408      1.866      1.286 0.0000e+00
      1.312      0.001   262.1982     7.3686     77.223 1.5576e+01     15.543     36.836  31.185750     2.4892    10.7214    17.3309   998.7410      1.865      1.286 0.0000e+00
      1.312      0.002   262.1612     7.3835     77.340 1.5554e+01     15.543     36.810  31.162249     2.4719    10.6870    17.3293   998.7412      1.866      1.286 0.0000e+00
      1.312      0.003   262.3163     7.3932     77.400 1.5529e+01     15.543     36.760  31.120023     2.4863    10.7473    17.3281   998.7415      1.866      1.287 0.0000e+00
      1.313      0.004   262.4390     7.3982     77.356 1.5504e+01     15.542     36.760  31.119305     2.5299    10.8669    17.3275   998.7417      1.868      1.288 0.0000e+00
      1.314      0.005   262.6987     7.4128     77.268 1.5463e+01     15.542     36.800  31.153562     2.5509    10.8972    17.3261   998.7420      1.868      1.288 0.0000e+00
      1.316      0.006   262.9607     7.4248     77.247 1.5411e+01     15.542     36.799  31.153556     2.5395    10.9075    17.3247   998.7422      1.871      1.290 0.0000e+00
      1.318      0.006   263.1119     7.4343     77.285 1.5341e+01     15.543     36.758  31.119233     2.5248    10.9220    17.3242   998.7422      1.876      1.293 0.0000e+00
      1.320      0.005   263.2355     7.4278     77.358 1.5286e+01     15.543     36.758  31.119231     2.5266    10.9700    17.3239   998.7423      1.878      1.295 0.0000e+00
      1.321      0.004   263.2509     7.4123     77.470 1.5269e+01     15.543     36.799  31.153539     2.5417    11.1095    17.3242   998.7423      1.879      1.296 0.0000e+00
      1.322      0.003   263.1261     7.4130     77.556 1.5274e+01     15.543     36.799  31.153385     2.5450    11.2017    17.3249   998.7422      1.880      1.296 0.0000e+00
      1.322      0.002   263.1034     7.4184     77.581 1.5275e+01     15.543     36.757  31.117362     2.5286    11.2261    17.3253   998.7420      1.880      1.296 0.0000e+00
      1.322      0.001   263.3210     7.4217     77.543 1.5267e+01     15.543     36.735  31.098657     2.5249    11.3703    17.3258   998.7420      1.880      1.296 0.0000e+00
      1.322      0.001   263.4332     7.4380     77.425 1.5273e+01     15.542     36.757  31.117548     2.5477    11.6060    17.3258   998.7420      1.880      1.296 0.0000e+00
      1.322      0.001   263.1702     7.4467     77.254 1.5281e+01     15.542     36.801  31.155443     2.5654    11.6730    17.3252   998.7421      1.881      1.297 0.0000e+00
      1.322      0.001   262.9805     7.4480     77.092 1.5273e+01     15.543     36.825  31.176185     2.5584    11.5965    17.3248   998.7422      1.881      1.297 0.0000e+00
      1.322      0.001   262.9455     7.4466     76.990 1.5266e+01     15.543     36.827  31.178005     2.5486    11.7116    17.3247   998.7422      1.880      1.296 0.0000e+00
      1.323      0.001   262.6612     7.4337     76.950 1.5262e+01     15.543     36.826  31.177447     2.5520    12.0349    17.3248   998.7421      1.881      1.297 0.0000e+00
