Data/DataNotYetUploadedToEDI/Raw_CTD/RawDownloads/093020_fcr50_0001.cnv
* Sea-Bird SBE19plus  Data File:
* FileName = C:\DATA\093020_fcr50_0001.hex
* Software version 2.8.0.119
* Temperature SN = 7809
* Conductivity SN = 7809
* System UpLoad Time = Sep 30 2020 12:36:02
* <ApplicationData>
* <Seaterm232>
# nquan = 16
# nvalues = 7843                        
# units = specified
# name 0 = depFM: Depth [fresh water, m]
# name 1 = dz/dtM: Descent Rate [m/s]
# name 2 = orp: Oxidation Reduction Potential [mV]
# name 3 = sbeox0Mg/L: Oxygen, SBE 43 [mg/l]
# name 4 = sbeox0PS: Oxygen, SBE 43 [% saturation]
# name 5 = par/sat/log: PAR/Logarithmic, Satlantic
# name 6 = ph: pH
# name 7 = specc: Specific Conductance [uS/cm]
# name 8 = c0uS/cm: Conductivity [uS/cm]
# name 9 = flECO-AFL: Fluorescence, WET Labs ECO-AFL/FL [mg/m^3]
# name 10 = turbWETntu0: Turbidity, WET Labs ECO [NTU]
# name 11 = tv290C: Temperature [ITS-90, deg C]
# name 12 = density00: Density [density, kg/m^3]
# name 13 = prdE: Pressure, Strain Gauge [psi]
# name 14 = prdM: Pressure, Strain Gauge [db]
# name 15 = flag:  0.000e+00
# span 0 =     -0.707,      9.697       
# span 1 =     -4.234,      4.242       
# span 2 =  -823.3982,   894.1429       
# span 3 =    -0.0298,     9.8472       
# span 4 =     -0.185,    101.046       
# span 5 = 1.2350e-01, 1.3178e+03       
# span 6 =     -2.489,     15.707       
# span 7 =      1.622,    341.532       
# span 8 =   1.235247, 255.121823       
# span 9 =    -2.8843,   259.7729       
# span 10 =    -6.8451,   106.1269      
# span 11 =    12.1115,    17.3673      
# span 12 =   998.7271,   999.6350      
# span 13 =     -1.006,     13.793      
# span 14 =     -0.693,      9.510      
# span 15 = 0.0000e+00, 0.0000e+00      
# interval = seconds: 0.25
# start_time = Sep 29 2020 20:19:00 [Instrument's time stamp, header]
# bad_flag = -9.990e-29
*END*
[from data line 2260]
      6.200      0.001   107.0460     1.4308     13.440 1.2378e-01     15.680     58.140  43.207129    -0.5245    15.8946    12.1539   999.5333      8.819      6.080 0.0000e+00
      6.200      0.001   107.2968     1.4401     13.440 1.2380e-01     15.680     58.144  43.213382    -0.5131    15.9328    12.1546   999.5333      8.819      6.080 0.0000e+00
      6.201      0.001   107.4837     1.4564     13.473 1.2379e-01     15.680     58.138  43.213270    -0.5036    15.9635    12.1542   999.5333      8.819      6.081 0.0000e+00
      6.201      0.001   107.4988     1.4510     13.461 1.2378e-01     15.679     58.123  43.205777    -0.5039    16.0260    12.1537   999.5334      8.820      6.081 0.0000e+00
      6.201      0.002   107.3936     1.4393     13.387 1.2380e-01     15.679     58.092  43.186274    -0.4789    16.2074    12.1542   999.5333      8.820      6.081 0.0000e+00
      6.202      0.003   107.3296     1.4416     13.352 1.2377e-01     15.679     58.061  43.167915    -0.4489    16.4059    12.1577   999.5329      8.821      6.082 0.0000e+00
      6.202      0.007   107.4129     1.4484     13.422 1.2371e-01     15.679     58.065  43.174253    -0.4372    16.4682    12.1617   999.5325      8.821      6.082 0.0000e+00
      6.203      0.013   107.6268     1.4493     13.500 1.2367e-01     15.679     58.095  43.199427    -0.4525    16.3423    12.1641   999.5322      8.822      6.083 0.0000e+00
      6.205      0.021   107.9376     1.4352     13.479 1.2365e-01     15.679     58.112  43.218365    -0.4900    16.1891    12.1675   999.5318      8.825      6.085 0.0000e+00
      6.208      0.028   108.1595     1.4265     13.399 1.2367e-01     15.679     58.094  43.212787    -0.5095    16.1259    12.1719   999.5312      8.827      6.086 0.0000e+00
      6.218      0.033   108.2450     1.4402     13.360 1.2375e-01     15.678     58.062  43.195477    -0.5073    16.0936    12.1747   999.5309      8.836      6.094 0.0000e+00
      6.234      0.037   108.3687     1.4549     13.414 1.2378e-01     15.678     58.062  43.199527    -0.4826    16.0730    12.1764   999.5309      8.868      6.115 0.0000e+00
      6.249      0.040   108.5362     1.4488     13.499 1.2375e-01     15.678     58.058  43.198279    -0.4486    15.9802    12.1816   999.5304      8.897      6.134 0.0000e+00
      6.255      0.040   108.7218     1.4357     13.514 1.2375e-01     15.678     58.037  43.180389    -0.4396    15.8642    12.1893   999.5294      8.898      6.134 0.0000e+00
      6.260      0.036   108.8915     1.4284     13.439 1.2376e-01     15.678     58.036  43.173659    -0.4411    15.8373    12.1956   999.5287      8.897      6.134 0.0000e+00
      6.271      0.031   109.0396     1.4369     13.326 1.2373e-01     15.679     58.054  43.180379    -0.4479    15.8612    12.1997   999.5283      8.919      6.150 0.0000e+00
      6.283      0.027   109.0503     1.4523     13.289 1.2371e-01     15.680     58.084  43.198156    -0.4446    15.9475    12.2004   999.5283      8.940      6.164 0.0000e+00
      6.289      0.026   108.9339     1.4527     13.371 1.2373e-01     15.680     58.088  43.198145    -0.4303    16.0564    12.1995   999.5284      8.947      6.168 0.0000e+00
      6.292      0.024   109.1811     1.4446     13.474 1.2373e-01     15.680     58.066  43.180245    -0.4370    16.0785    12.1933   999.5291      8.949      6.170 0.0000e+00
      6.296      0.022   109.7166     1.4263     13.498 1.2369e-01     15.681     58.058  43.172171    -0.4491    16.0441    12.1851   999.5301      8.954      6.174 0.0000e+00
      6.301      0.021   109.9881     1.4194     13.455 1.2363e-01     15.681     58.051  43.164011    -0.4435    16.0183    12.1817   999.5306      8.962      6.178 0.0000e+00
      6.307      0.021   110.0545     1.4343     13.416 1.2365e-01     15.681     58.028  43.145062    -0.4264    15.9722    12.1798   999.5308      8.969      6.184 0.0000e+00
      6.313      0.021   110.0887     1.4506     13.421 1.2375e-01     15.681     58.016  43.133500    -0.4241    15.8990    12.1788   999.5309      8.981      6.192 0.0000e+00
      6.319      0.020   110.3159     1.4518     13.488 1.2380e-01     15.680     58.042  43.151181    -0.4346    15.8545    12.1775   999.5311      8.990      6.198 0.0000e+00
      6.324      0.018   110.8223     1.4427     13.558 1.2372e-01     15.680     58.067  43.168394    -0.4386    15.8459    12.1744   999.5315      8.995      6.202 0.0000e+00
      6.328      0.017   111.0489     1.4392     13.548 1.2363e-01     15.681     58.045  43.151171    -0.4431    15.8636    12.1728   999.5317      9.001      6.207 0.0000e+00
      6.332      0.017   110.9050     1.4370     13.490 1.2368e-01     15.681     58.022  43.133385    -0.4419    15.9307    12.1714   999.5319      9.006      6.210 0.0000e+00
      6.335      0.017   110.8029     1.4469     13.433 1.2383e-01     15.678     58.038  43.143792    -0.4434    15.9708    12.1688   999.5322      9.011      6.213 0.0000e+00
      6.338      0.018   110.8472     1.4607     13.393 1.2388e-01     15.678     58.051  43.150037    -0.4612    16.0388    12.1681   999.5323      9.015      6.216 0.0000e+00
      6.343      0.019   111.0968     1.4555     13.350 1.2377e-01     15.679     58.046  43.145397    -0.4765    16.2043    12.1679   999.5323      9.021      6.220 0.0000e+00
      6.350      0.020   111.4970     1.4477     13.288 1.2373e-01     15.680     58.052  43.151173    -0.4751    16.3234    12.1674   999.5324      9.032      6.227 0.0000e+00
      6.356      0.022   111.8147     1.4413     13.279 1.2379e-01     15.680     58.058  43.156394    -0.4545    16.4146    12.1663   999.5326      9.043      6.235 0.0000e+00
      6.361      0.022   111.9267     1.4374     13.393 1.2379e-01     15.680     58.048  43.145043    -0.4368    16.3808    12.1624   999.5331      9.048      6.238 0.0000e+00
      6.366      0.021   111.8191     1.4353     13.540 1.2375e-01     15.680     58.050  43.140889    -0.4415    16.1544    12.1614   999.5332      9.054      6.243 0.0000e+00
      6.372      0.020   111.7181     1.4253     13.587 1.2375e-01     15.681     58.095  43.169645    -0.4543    16.0474    12.1641   999.5329      9.062      6.249 0.0000e+00
      6.378      0.018   111.8240     1.4180     13.541 1.2376e-01     15.682     58.107  43.175318    -0.4588    16.1168    12.1650   999.5328      9.073      6.255 0.0000e+00
      6.384      0.016   112.0669     1.4364     13.521 1.2372e-01     15.682     58.070  43.145990    -0.4573    16.1687    12.1616   999.5332      9.083      6.262 0.0000e+00
      6.387      0.016   112.3325     1.4591     13.570 1.2369e-01     15.681     58.053  43.132452    -0.4745    16.1595    12.1551   999.5340      9.085      6.264 0.0000e+00
      6.389      0.015   112.1957     1.4641     13.598 1.2371e-01     15.680     58.060  43.138601    -0.4949    16.1430    12.1506   999.5346      9.086      6.265 0.0000e+00
      6.391      0.014   111.7894     1.4522     13.538 1.2369e-01     15.680     58.082  43.156856    -0.4940    16.1409    12.1486   999.5348      9.088      6.266 0.0000e+00
      6.396      0.013   111.7220     1.4473     13.433 1.2364e-01     15.681     58.088  43.162725    -0.5025    16.1689    12.1466   999.5350      9.096      6.271 0.0000e+00
      6.403      0.013   111.9831     1.4595     13.404 1.2363e-01     15.681     58.064  43.146085    -0.5114    16.2069    12.1453   999.5353      9.110      6.281 0.0000e+00
      6.406      0.012   112.3655     1.4637     13.444 1.2364e-01     15.681     58.063  43.146105    -0.5059    16.1535    12.1467   999.5351      9.113      6.283 0.0000e+00
      6.406      0.010   112.3019     1.4580     13.463 1.2365e-01     15.681     58.085  43.162964    -0.5031    16.0729    12.1494   999.5348      9.110      6.281 0.0000e+00
      6.408      0.007   111.8160     1.4370     13.458 1.2367e-01     15.681     58.081  43.159478    -0.4975    16.0561    12.1500   999.5347      9.114      6.284 0.0000e+00
      6.410      0.005   111.6523     1.4357     13.449 1.2370e-01     15.681     58.093  43.167438    -0.4750    16.0201    12.1503   999.5347      9.118      6.287 0.0000e+00
      6.411      0.004   111.8723     1.4467     13.462 1.2369e-01     15.681     58.133  43.195725    -0.4410    15.9801    12.1521   999.5345      9.118      6.287 0.0000e+00
      6.412      0.004   112.1522     1.4455     13.489 1.2362e-01     15.681     58.120  43.184079    -0.4297    15.9511    12.1526   999.5345      9.120      6.288 0.0000e+00
      6.412      0.005   112.1113     1.4461     13.514 1.2362e-01     15.681     58.080  43.153588    -0.4337    15.8741    12.1518   999.5345      9.121      6.288 0.0000e+00
      6.412      0.009   111.8936     1.4423     13.522 1.2367e-01     15.680     58.068  43.144473    -0.4327    15.8046    12.1509   999.5346      9.120      6.288 0.0000e+00
      6.413      0.014   111.9291     1.4454     13.492 1.2367e-01     15.680     58.058  43.137353    -0.4367    15.7984    12.1495   999.5348      9.122      6.289 0.0000e+00
      6.417      0.019   112.1107     1.4491     13.473 1.2369e-01     15.680     58.049  43.130987    -0.4345    15.8671    12.1478   999.5350      9.125      6.292 0.0000e+00
      6.422      0.023   112.2829     1.4512     13.495 1.2376e-01     15.681     58.048  43.130986    -0.4255    15.9147    12.1468   999.5351      9.132      6.296 0.0000e+00
      6.432      0.027   112.4623     1.4550     13.489 1.2376e-01     15.681     58.054  43.137333    -0.4322    15.8588    12.1468   999.5352      9.147      6.307 0.0000e+00
      6.442      0.029   112.5589     1.4488     13.466 1.2373e-01     15.681     58.062  43.144253    -0.4490    15.8093    12.1470   999.5352      9.166      6.320 0.0000e+00
      6.451      0.029   112.5913     1.4428     13.456 1.2373e-01     15.681     58.074  43.151183    -0.4480    15.8660    12.1471   999.5353      9.177      6.326 0.0000e+00
      6.456      0.027   112.5955     1.4526     13.426 1.2374e-01     15.681     58.087  43.157637    -0.4288    15.9607    12.1481   999.5351      9.182      6.330 0.0000e+00
      6.462      0.022   112.5229     1.4497     13.419 1.2373e-01     15.682     58.093  43.158791    -0.4272    15.9580    12.1507   999.5349      9.189      6.336 0.0000e+00
      6.468      0.018   112.8319     1.4426     13.439 1.2370e-01     15.682     58.104  43.165140    -0.4468    15.8326    12.1517   999.5348      9.200      6.343 0.0000e+00
      6.474      0.015   113.4066     1.4492     13.479 1.2366e-01     15.681     58.113  43.170916    -0.4559    15.6813    12.1493   999.5351      9.210      6.350 0.0000e+00
      6.476      0.013   113.5354     1.4391     13.564 1.2365e-01     15.681     58.106  43.165140    -0.4519    15.6393    12.1459   999.5355      9.212      6.352 0.0000e+00
      6.477      0.010   113.3567     1.4399     13.620 1.2368e-01     15.681     58.097  43.158791    -0.4374    15.7020    12.1429   999.5359      9.211      6.351 0.0000e+00
      6.479      0.008   113.3109     1.4448     13.579 1.2371e-01     15.681     58.094  43.157637    -0.4227    15.7185    12.1413   999.5361      9.216      6.354 0.0000e+00
      6.482      0.007   113.8415     1.4433     13.496 1.2371e-01     15.681     58.084  43.151185    -0.4270    15.6678    12.1408   999.5361      9.220      6.357 0.0000e+00
      6.483      0.007   114.6961     1.4585     13.442 1.2371e-01     15.681     58.073  43.144255    -0.4410    15.6383    12.1402   999.5362      9.220      6.357 0.0000e+00
      6.485      0.007   115.0401     1.4683     13.437 1.2373e-01     15.680     58.063  43.137335    -0.4495    15.6706    12.1405   999.5362      9.223      6.360 0.0000e+00
      6.487      0.009   114.9022     1.4601     13.494 1.2374e-01     15.680     58.054  43.130995    -0.4440    15.7835    12.1420   999.5360      9.227      6.363 0.0000e+00
      6.488      0.013   114.7499     1.4470     13.555 1.2374e-01     15.680     58.054  43.131090    -0.4405    15.8705    12.1429   999.5359      9.228      6.362 0.0000e+00
      6.488      0.017   115.0056     1.4430     13.565 1.2374e-01     15.680     58.065  43.138477    -0.4550    15.8636    12.1432   999.5359      9.227      6.362 0.0000e+00
      6.492      0.020   115.5852     1.4394     13.553 1.2376e-01     15.681     58.091  43.156837    -0.4671    15.8729    12.1441   999.5358      9.231      6.364 0.0000e+00
      6.502      0.022   115.9936     1.4490     13.532 1.2376e-01     15.681     58.100  43.162622    -0.4539    16.1539    12.1447   999.5358      9.246      6.375 0.0000e+00
      6.513      0.022   116.1571     1.4597     13.497 1.2375e-01     15.680     58.075  43.144940    -0.4289    16.6511    12.1448   999.5358      9.266      6.389 0.0000e+00
      6.518      0.022   116.0996     1.4565     13.455 1.2372e-01     15.680     58.058  43.133503    -0.4315    16.8721    12.1442   999.5359      9.273      6.394 0.0000e+00
      6.520      0.019   115.9862     1.4563     13.429 1.2364e-01     15.680     58.080  43.151298    -0.4472    16.8010    12.1428   999.5361      9.274      6.393 0.0000e+00
      6.524      0.016   116.1628     1.4537     13.428 1.2363e-01     15.680     58.104  43.169647    -0.4476    16.5127    12.1423   999.5362      9.280      6.398 0.0000e+00
      6.528      0.015   116.5138     1.4502     13.441 1.2370e-01     15.680     58.095  43.164910    -0.4453    16.0980    12.1429   999.5361      9.287      6.403 0.0000e+00
      6.531      0.016   116.6165     1.4446     13.501 1.2374e-01     15.680     58.084  43.157512    -0.4378    15.9420    12.1438   999.5360      9.290      6.405 0.0000e+00
      6.533      0.017   116.5443     1.4402     13.571 1.2373e-01     15.681     58.065  43.143681    -0.4338    15.8960    12.1447   999.5359      9.291      6.406 0.0000e+00
      6.538      0.018   116.3293     1.4435     13.574 1.2371e-01     15.681     58.038  43.124646    -0.4444    15.7137    12.1457   999.5359      9.298      6.411 0.0000e+00
      6.546      0.019   116.0820     1.4404     13.525 1.2375e-01     15.681     58.029  43.117812    -0.4510    15.5573    12.1473   999.5357      9.312      6.420 0.0000e+00
      6.551      0.019   116.3074     1.4481     13.453 1.2377e-01     15.681     58.040  43.124533    -0.4381    15.5840    12.1483   999.5356      9.319      6.425 0.0000e+00
      6.554      0.019   116.7310     1.4625     13.414 1.2374e-01     15.682     58.068  43.142423    -0.4216    15.6931    12.1481   999.5356      9.321      6.426 0.0000e+00
      6.559      0.018   116.9885     1.4582     13.434 1.2377e-01     15.682     58.072  43.143671    -0.4325    15.7091    12.1494   999.5355      9.328      6.431 0.0000e+00
      6.565      0.017   116.7526     1.4542     13.439 1.2377e-01     15.682     58.068  43.139621    -0.4555    15.7783    12.1504   999.5354      9.340      6.439 0.0000e+00
      6.570      0.016   116.2021     1.4437     13.421 1.2372e-01     15.682     58.092  43.156931    -0.4621    15.9799    12.1480   999.5357      9.347      6.444 0.0000e+00
      6.573      0.014   116.0977     1.4360     13.430 1.2372e-01     15.681     58.099  43.162517    -0.4555    16.1215    12.1450   999.5361      9.349      6.446 0.0000e+00
      6.576      0.011   116.4367     1.4451     13.440 1.2369e-01     15.681     58.073  43.143672    -0.4423    16.1856    12.1435   999.5363      9.353      6.448 0.0000e+00
      6.579      0.008   116.8597     1.4457     13.472 1.2368e-01     15.681     58.040  43.119528    -0.4445    16.2391    12.1430   999.5363      9.359      6.453 0.0000e+00
      6.582      0.006   116.7385     1.4378     13.522 1.2368e-01     15.681     58.045  43.124533    -0.4630    16.2880    12.1424   999.5364      9.362      6.455 0.0000e+00
      6.582      0.005   116.1754     1.4444     13.508 1.2364e-01     15.680     58.065  43.140697    -0.4569    16.2964    12.1418   999.5365      9.362      6.455 0.0000e+00
