Data/DataNotYetUploadedToEDI/Raw_CTD/RawDownloads/093020_fcr50_0001.cnv
* Sea-Bird SBE19plus  Data File:
* FileName = C:\DATA\093020_fcr50_0001.hex
* Software version 2.8.0.119
* Temperature SN = 7809
* Conductivity SN = 7809
* System UpLoad Time = Sep 30 2020 12:36:02
* <ApplicationData>
* <Seaterm232>
# nquan = 16
# nvalues = 7843                        
# units = specified
# name 0 = depFM: Depth [fresh water, m]
# name 1 = dz/dtM: Descent Rate [m/s]
# name 2 = orp: Oxidation Reduction Potential [mV]
# name 3 = sbeox0Mg/L: Oxygen, SBE 43 [mg/l]
# name 4 = sbeox0PS: Oxygen, SBE 43 [% saturation]
# name 5 = par/sat/log: PAR/Logarithmic, Satlantic
# name 6 = ph: pH
# name 7 = specc: Specific Conductance [uS/cm]
# name 8 = c0uS/cm: Conductivity [uS/cm]
# name 9 = flECO-AFL: Fluorescence, WET Labs ECO-AFL/FL [mg/m^3]
# name 10 = turbWETntu0: Turbidity, WET Labs ECO [NTU]
# name 11 = tv290C: Temperature [ITS-90, deg C]
# name 12 = density00: Density [density, kg/m^3]
# name 13 = prdE: Pressure, Strain Gauge [psi]
# name 14 = prdM: Pressure, Strain Gauge [db]
# name 15 = flag:  0.000e+00
# span 0 =     -0.707,      9.697       
# span 1 =     -4.234,      4.242       
# span 2 =  -823.3982,   894.1429       
# span 3 =    -0.0298,     9.8472       
# span 4 =     -0.185,    101.046       
# span 5 = 1.2350e-01, 1.3178e+03       
# span 6 =     -2.489,     15.707       
# span 7 =      1.622,    341.532       
# span 8 =   1.235247, 255.121823       
# span 9 =    -2.8843,   259.7729       
# span 10 =    -6.8451,   106.1269      
# span 11 =    12.1115,    17.3673      
# span 12 =   998.7271,   999.6350      
# span 13 =     -1.006,     13.793      
# span 14 =     -0.693,      9.510      
# span 15 = 0.0000e+00, 0.0000e+00      
# interval = seconds: 0.25
# start_time = Sep 29 2020 20:19:00 [Instrument's time stamp, header]
# bad_flag = -9.990e-29
*END*
[from data line 7594]
      2.667     -0.075    90.0087     1.6282     17.666 1.1357e+00     15.554     53.828  43.689554     2.0172     8.7876    15.4344   999.0698      3.794      2.616 0.0000e+00
      2.647     -0.074    89.8085     1.6434     18.086 1.1825e+00     15.559     51.339  41.714899     2.0122     8.8247    15.4767   999.0631      3.762      2.594 0.0000e+00
      2.630     -0.072    89.6457     1.6850     18.702 1.2250e+00     15.564     49.938  40.652215     2.0080     8.9518    15.5171   999.0567      3.742      2.580 0.0000e+00
      2.615     -0.069    89.4177     1.7265     19.566 1.2746e+00     15.568     49.228  40.172157     2.0331     9.2604    15.5518   999.0512      3.722      2.566 0.0000e+00
      2.598     -0.067    89.5464     1.7583     20.724 1.3380e+00     15.569     48.704  39.846002     2.0671     9.5000    15.5763   999.0464      3.695      2.547 0.0000e+00
      2.579     -0.067    89.8254     1.7911     22.380 1.3965e+00     15.569     48.330  39.628572     2.0955     9.5832    15.6111   999.0397      3.669      2.530 0.0000e+00
      2.562     -0.069    90.1231     1.8489     24.821 1.4361e+00     15.569     48.098  39.510930     2.1001     9.6487    15.6902   999.0269      3.643      2.511 0.0000e+00
      2.546     -0.072    90.6515     1.9318     28.228 1.4799e+00     15.569     48.404  39.820045     2.0847     9.7076    15.7992   999.0092      3.620      2.496 0.0000e+00
      2.530     -0.077    90.8790     2.0320     32.283 1.5456e+00     15.570     49.424  40.700307     2.0704     9.7124    15.9095   998.9912      3.600      2.483 0.0000e+00
      2.511     -0.084    90.8088     2.1827     36.250 1.6195e+00     15.572     50.481  41.585233     2.0607     9.7066    15.9997   998.9764      3.572      2.463 0.0000e+00
      2.489     -0.091    91.0068     2.4076     39.560 1.6913e+00     15.573     50.708  41.760086     2.0723     9.6713    16.0749   998.9639      3.539      2.440 0.0000e+00
      2.465     -0.097    91.3809     2.7499     41.972 1.7975e+00     15.574     50.313  41.417997     2.0873     9.5608    16.1354   998.9540      3.511      2.421 0.0000e+00
      2.435     -0.100    91.7180     3.1813     43.520 1.9499e+00     15.575     49.892  41.067231     2.0794     9.4692    16.1786   998.9472      3.467      2.391 0.0000e+00
      2.404     -0.101    92.1575     3.5861     44.188 2.0817e+00     15.575     49.508  40.756262     2.0726     9.4564    16.1981   998.9444      3.413      2.353 0.0000e+00
      2.378     -0.098    92.8231     3.9241     43.816 2.1783e+00     15.576     49.282  40.577940     2.1003     9.6124    16.1741   998.9482      3.381      2.331 0.0000e+00
      2.356     -0.092    93.3991     4.1582     42.547 2.2849e+00     15.576     49.327  40.624961     2.1473     9.8445    16.1484   998.9521      3.354      2.313 0.0000e+00
      2.333     -0.087    93.3579     4.3069     40.870 2.3954e+00     15.577     48.932  40.309235     2.1552     9.9282    16.1506   998.9515      3.317      2.287 0.0000e+00
      2.311     -0.083    93.0986     4.3871     39.401 2.4844e+00     15.578     47.924  39.489781     2.1378     9.9377    16.1564   998.9503      3.285      2.264 0.0000e+00
      2.294     -0.082    93.1888     4.3422     38.613 2.5724e+00     15.578     47.264  38.968310     2.1762    10.0282    16.1629   998.9491      3.263      2.250 0.0000e+00
      2.276     -0.081    93.5020     4.1981     38.515 2.7048e+00     15.577     46.897  38.701060     2.2761    10.1639    16.1762   998.9469      3.241      2.235 0.0000e+00
      2.253     -0.081    93.7882     4.0105     38.832 2.8687e+00     15.575     46.046  38.035611     2.3528    10.2045    16.1859   998.9451      3.204      2.210 0.0000e+00
      2.229     -0.082    93.9818     3.8441     39.417 3.0130e+00     15.574     44.920  37.142126     2.3692    10.1758    16.1908   998.9436      3.166      2.183 0.0000e+00
      2.209     -0.082    94.3799     3.7668     40.251 3.1455e+00     15.573     44.207  36.592676     2.3602    10.1609    16.2131   998.9398      3.142      2.165 0.0000e+00
      2.190     -0.081    95.1600     3.7694     41.411 3.2911e+00     15.572     44.160  36.596259     2.3398    10.1271    16.2589   998.9322      3.118      2.150 0.0000e+00
      2.170     -0.081    95.9293     3.7992     42.948 3.4511e+00     15.571     44.520  36.931652     2.3128    10.0757    16.3000   998.9249      3.088      2.129 0.0000e+00
      2.148     -0.082    96.2814     3.8547     44.703 3.6116e+00     15.570     44.610  37.030607     2.3017    10.0205    16.3360   998.9183      3.055      2.106 0.0000e+00
      2.127     -0.082    96.5781     3.9309     46.573 3.7651e+00     15.570     44.207  36.713883     2.2999     9.9746    16.3834   998.9101      3.025      2.085 0.0000e+00
      2.107     -0.082    97.0217     4.0316     48.520 3.9366e+00     15.569     43.729  36.338750     2.3392    10.1051    16.4348   998.9015      3.000      2.068 0.0000e+00
      2.086     -0.082    97.3439     4.1915     50.431 4.1469e+00     15.568     43.272  35.985303     2.4232    10.3961    16.4793   998.8942      2.970      2.048 0.0000e+00
      2.062     -0.083    97.8055     4.3616     52.125 4.3508e+00     15.568     42.943  35.740311     2.4679    10.5402    16.5042   998.8899      2.930      2.020 0.0000e+00
      2.042     -0.085    98.4740     4.5419     53.360 4.5238e+00     15.567     42.968  35.788047     2.4791    10.4740    16.5186   998.8871      2.902      2.001 0.0000e+00
      2.025     -0.090    98.9738     4.7361     54.100 4.7434e+00     15.567     43.038  35.864475     2.3867    10.1793    16.5432   998.8828      2.883      1.988 0.0000e+00
      2.004     -0.097    99.2883     4.9213     54.525 5.0322e+00     15.567     42.770  35.649080     2.1903     9.7579    16.5765   998.8769      2.852      1.966 0.0000e+00
      1.979     -0.106    99.3505     5.0978     54.882 5.3498e+00     15.566     42.245  35.214389     2.0968     9.5679    16.6101   998.8709      2.816      1.941 0.0000e+00
      1.951     -0.117    98.7795     5.2133     55.374 5.7169e+00     15.566     41.736  34.796844     2.0961     9.5982    16.6445   998.8651      2.777      1.915 0.0000e+00
      1.918     -0.127    98.0636     5.2751     56.011 6.1568e+00     15.566     41.333  34.471423     2.1046     9.8158    16.6686   998.8609      2.730      1.882 0.0000e+00
      1.882     -0.131    98.2666     5.3078     56.625 6.6760e+00     15.567     40.988  34.198686     2.1239    10.1730    16.6725   998.8599      2.677      1.846 0.0000e+00
      1.844     -0.130    99.0830     5.3333     57.132 7.2731e+00     15.567     40.619  33.910475     2.1389    10.3807    16.6719   998.8596      2.623      1.809 0.0000e+00
      1.805     -0.126    99.5881     5.3802     57.653 7.8492e+00     15.566     40.204  33.588279     2.1525    10.4389    16.6807   998.8578      2.566      1.769 0.0000e+00
      1.772     -0.120    99.8130     5.4487     58.342 8.2919e+00     15.565     39.887  33.348755     2.1261    10.3271    16.6951   998.8551      2.513      1.732 0.0000e+00
      1.747     -0.114    99.9090     5.5119     59.330 8.6897e+00     15.563     39.797  33.298704     2.0483    10.0931    16.7118   998.8520      2.483      1.712 0.0000e+00
      1.725     -0.109    99.9751     5.5499     60.561 9.2170e+00     15.563     39.850  33.363841     1.9934     9.9786    16.7366   998.8476      2.458      1.694 0.0000e+00
      1.698     -0.107   100.3536     5.5933     61.770 9.8369e+00     15.563     39.845  33.374938     1.9966     9.9730    16.7684   998.8419      2.416      1.666 0.0000e+00
      1.669     -0.108   100.8721     5.6506     62.873 1.0433e+01     15.563     39.754  33.306001     2.0207     9.9909    16.8003   998.8361      2.373      1.636 0.0000e+00
      1.642     -0.112   101.2544     5.7409     63.901 1.1079e+01     15.562     39.579  33.164854     2.0849    10.0244    16.8320   998.8305      2.337      1.612 0.0000e+00
      1.613     -0.115   101.5344     5.8745     64.829 1.1847e+01     15.562     39.374  33.000794     2.2002    10.1025    16.8617   998.8254      2.295      1.583 0.0000e+00
      1.582     -0.117   101.8482     5.9887     65.636 1.2663e+01     15.562     39.178  32.845179     2.2702    10.1801    16.8796   998.8222      2.249      1.550 0.0000e+00
      1.552     -0.119   102.0373     6.0905     66.188 1.3510e+01     15.562     39.044  32.742675     2.2825    10.2080    16.8874   998.8206      2.207      1.522 0.0000e+00
      1.522     -0.122   101.9273     6.1946     66.383 1.4445e+01     15.561     38.922  32.649727     2.2733    10.1297    16.8927   998.8195      2.165      1.493 0.0000e+00
      1.492     -0.123   101.9821     6.2794     66.370 1.5448e+01     15.561     38.636  32.419284     2.2350     9.9884    16.9012   998.8178      2.122      1.462 0.0000e+00
      1.461     -0.121   102.3551     6.3627     66.383 1.6614e+01     15.561     38.409  32.240552     2.2096     9.9764    16.9141   998.8154      2.080      1.434 0.0000e+00
      1.428     -0.117   102.8243     6.4216     66.576 1.8031e+01     15.560     38.344  32.201810     2.2150    10.0187    16.9271   998.8130      2.032      1.401 0.0000e+00
      1.393     -0.111   103.2665     6.4303     66.983 1.9342e+01     15.560     38.331  32.204667     2.2139     9.9500    16.9395   998.8107      1.977      1.363 0.0000e+00
      1.363     -0.106   103.4857     6.4184     67.473 2.0295e+01     15.560     38.403  32.275118     2.1769     9.7985    16.9488   998.8087      1.934      1.333 0.0000e+00
      1.341     -0.101   103.5821     6.4139     67.966 2.1104e+01     15.559     38.414  32.292267     2.1313     9.6977    16.9643   998.8059      1.906      1.314 0.0000e+00
      1.321     -0.096   103.9153     6.4250     68.467 2.2042e+01     15.559     38.247  32.158234     2.1201     9.7276    16.9882   998.8017      1.881      1.297 0.0000e+00
      1.299     -0.092   104.2443     6.4709     68.964 2.3342e+01     15.560     38.036  31.986933     2.1375     9.8501    17.0063   998.7984      1.852      1.277 0.0000e+00
      1.273     -0.091   104.2055     6.5193     69.468 2.4885e+01     15.560     37.886  31.870708     2.1504     9.9433    17.0191   998.7961      1.811      1.249 0.0000e+00
      1.246     -0.092   104.4790     6.5616     69.886 2.6228e+01     15.559     37.826  31.831567     2.1415     9.9613    17.0293   998.7942      1.768      1.219 0.0000e+00
      1.224     -0.094   105.2272     6.6143     70.164 2.7461e+01     15.559     37.814  31.830923     2.1353     9.9652    17.0354   998.7931      1.742      1.201 0.0000e+00
      1.204     -0.097   105.6811     6.6553     70.380 2.9006e+01     15.559     37.769  31.799486     2.1906     9.9563    17.0426   998.7916      1.716      1.183 0.0000e+00
      1.180     -0.100   105.8368     6.7089     70.603 3.0762e+01     15.558     37.727  31.768711     2.2948     9.9564    17.0571   998.7889      1.678      1.157 0.0000e+00
      1.155     -0.105   105.9909     6.7503     70.866 3.2668e+01     15.558     37.733  31.776052     2.3461     9.9666    17.0738   998.7859      1.643      1.133 0.0000e+00
      1.127     -0.111   106.2543     6.7686     71.136 3.4993e+01     15.558     37.713  31.761364     2.3343     9.9768    17.0859   998.7837      1.606      1.107 0.0000e+00
      1.096     -0.116   106.6986     6.7890     71.398 3.7683e+01     15.558     37.661  31.718004     2.3242    10.1487    17.0943   998.7820      1.559      1.075 0.0000e+00
      1.064     -0.120   107.2331     6.8052     71.634 4.0561e+01     15.559     37.634  31.695912     2.3754    10.5001    17.1006   998.7807      1.514      1.044 0.0000e+00
      1.032     -0.122   107.8118     6.8345     71.799 4.3554e+01     15.559     37.620  31.684597     2.4670    10.6887    17.1040   998.7800      1.469      1.013 0.0000e+00
      1.002     -0.123   108.2748     6.8595     71.894 4.6721e+01     15.559     37.570  31.644637     2.4971    10.6438    17.1046   998.7798      1.425      0.983 0.0000e+00
      0.970     -0.123   108.5301     6.8844     71.919 5.0306e+01     15.560     37.506  31.593444     2.4721    10.6096    17.1058   998.7794      1.381      0.953 0.0000e+00
      0.937     -0.122   108.6615     6.9108     71.887 5.4043e+01     15.561     37.480  31.573187     2.4042    10.5845    17.1066   998.7791      1.332      0.919 0.0000e+00
      0.906     -0.121   108.5734     6.9245     71.857 5.7719e+01     15.561     37.499  31.590054     2.2953    10.5118    17.1072   998.7788      1.288      0.888 0.0000e+00
      0.876     -0.118   108.5831     6.9346     71.885 6.1905e+01     15.561     37.519  31.607041     2.2335    10.4512    17.1104   998.7781      1.249      0.861 0.0000e+00
      0.846     -0.113   108.9516     6.9358     71.954 6.6680e+01     15.561     37.496  31.588245     2.2190    10.4012    17.1135   998.7774      1.204      0.830 0.0000e+00
      0.816     -0.106   109.4144     6.9306     72.023 7.1519e+01     15.561     37.454  31.553126     2.2258    10.4230    17.1158   998.7769      1.159      0.800 0.0000e+00
      0.788     -0.100   109.7907     6.9241     72.081 7.5857e+01     15.562     37.389  31.499654     2.2574    10.5085    17.1168   998.7766      1.118      0.770 0.0000e+00
      0.763     -0.096   109.9740     6.9284     72.151 7.9366e+01     15.562     37.324  31.449282     2.2674    10.5070    17.1175   998.7764      1.082      0.746 0.0000e+00
      0.744     -0.092   110.0816     6.9368     72.287 8.2657e+01     15.561     37.319  31.451641     2.2623    10.4398    17.1177   998.7762      1.057      0.729 0.0000e+00
      0.726     -0.091   110.0601     6.9435     72.487 8.7073e+01     15.561     37.326  31.464738     2.3003    10.4854    17.1176   998.7762      1.035      0.714 0.0000e+00
      0.702     -0.091   109.9714     6.9486     72.682 9.2823e+01     15.561     37.263  31.417317     2.3728    10.6466    17.1197   998.7757      1.002      0.692 0.0000e+00
      0.676     -0.093   110.1275     6.9512     72.796 9.8541e+01     15.561     37.146  31.322401     2.4149    10.7404    17.1250   998.7746      0.957      0.661 0.0000e+00
      0.651     -0.096   110.3995     6.9634     72.821 1.0418e+02     15.561     37.077  31.268777     2.4079    10.7265    17.1345   998.7728      0.925      0.638 0.0000e+00
      0.627     -0.097   110.8506     6.9840     72.830 1.1075e+02     15.561     37.077  31.276527     2.3646    10.6508    17.1448   998.7709      0.895      0.618 0.0000e+00
      0.602     -0.094   111.4519     7.0049     72.873 1.1791e+02     15.560     37.082  31.289218     2.3120    10.5813    17.1524   998.7695      0.855      0.590 0.0000e+00
      0.576     -0.086   111.5611     7.0159     72.957 1.2511e+02     15.559     37.083  31.295353     2.2965    10.5720    17.1563   998.7686      0.818      0.564 0.0000e+00
      0.552     -0.075   111.3102     7.0137     73.082 1.3184e+02     15.559     37.069  31.287264     2.3000    10.5730    17.1615   998.7676      0.785      0.541 0.0000e+00
      0.531     -0.061   111.3438     7.0108     73.218 1.3630e+02     15.560     37.025  31.254869     2.2884    10.5241    17.1735   998.7654      0.752      0.518 0.0000e+00
      0.516     -0.046   111.6229     7.0146     73.403 1.3790e+02     15.560     36.975  31.220887     2.2798    10.6680    17.1872   998.7628      0.728      0.503 0.0000e+00
      0.509     -0.031   111.9314     7.0189     73.666 1.3811e+02     15.559     36.932  31.193626     2.2913    11.1111    17.1944   998.7615      0.722      0.498 0.0000e+00
      0.508     -0.018   112.3212     7.0347     73.903 1.3809e+02     15.559     36.903  31.179044     2.2943    11.3838    17.1961   998.7613      0.723      0.499 0.0000e+00
