Data/DataNotYetUploadedToEDI/Raw_CTD/RawDownloads/100118_fcr45.cnv
* Sea-Bird SBE19plus  Data File:
* FileName = C:\DATA\100118_fcr_0004.hex
* Software version 2.6.3.104
* Temperature SN = 7809
* Conductivity SN = 7809
* System UpLoad Time = Oct 01 2018 14:29:33
* <ApplicationData>
* <Seaterm232>
# nquan = 17
# nvalues = 1354                        
# units = specified
# name 0 = depFM: Depth [fresh water, m]
# name 1 = tv290C: Temperature [ITS-90, deg C]
# name 2 = sbeox0Mg/L: Oxygen, SBE 43 [mg/l]
# name 3 = sbeox0PS: Oxygen, SBE 43 [% saturation]
# name 4 = c0uS/cm: Conductivity [uS/cm]
# name 5 = specc: Specific Conductance [uS/cm]
# name 6 = ph: pH
# name 7 = orp: Oxidation Reduction Potential [mV]
# name 8 = flECO-AFL: Fluorescence, WET Labs ECO-AFL/FL [mg/m^3]
# name 9 = turbWETntu0: Turbidity, WET Labs ECO [NTU]
# name 10 = sal00: Salinity, Practical [PSU]
# name 11 = dz/dtM: Descent Rate [m/s]
# name 12 = prdM: Pressure, Strain Gauge [db]
# name 13 = prdE: Pressure, Strain Gauge [psi]
# name 14 = scan: Scan Count
# name 15 = par/sat/log: PAR/Logarithmic, Satlantic
# name 16 = flag:  0.000e+00
# span 0 =     -0.465,      7.832       
# span 1 =    14.0005,    22.5573       
# span 2 =    -0.0307,     9.0075       
# span 3 =     -0.333,    101.935       
# span 4 =   1.266213, 120.674473       
# span 5 =      1.533,    154.639       
# span 6 =      6.271,      7.989       
# span 7 =    28.9110,   490.8830       
# span 8 =    -0.3113,     5.6086       
# span 9 =    -0.5197,     5.4020       
# span 10 =     0.0110,     0.0739      
# span 11 =     -0.040,      0.248      
# span 12 =     -0.455,      7.680      
# span 13 =     -0.660,     11.139      
# span 14 =          1,       1354      
# span 15 = 1.2181e-01, 2.0487e+03      
# span 16 = 0.0000e+00, 0.0000e+00      
# interval = seconds: 0.25
# start_time = Oct 01 2018 15:23:07 [Instrument's time stamp, header]
# bad_flag = -9.990e-29
*END*
[from data line 511]
      0.892    20.9428     7.7221     86.488  33.895394     36.916      7.055   227.0558     4.5855     2.0182     0.0233      0.004      0.874      1.269        512 3.1460e+01 0.0000e+00
      0.893    20.9457     7.7265     86.527  33.893098     36.874      7.057   227.2073     4.5977     2.0182     0.0233      0.002      0.876      1.272        513 3.1367e+01 0.0000e+00
      0.897    20.9421     7.7311     86.572  33.920169     36.928      7.058   227.5480     4.5855     1.9242     0.0233      0.002      0.880      1.277        514 3.1282e+01 0.0000e+00
      0.902    20.9300     7.7363     86.632  33.891358     36.865      7.058   227.6237     4.5936     1.9779     0.0233      0.004      0.884      1.282        515 3.1597e+01 0.0000e+00
      0.905    20.9220     7.7420     86.690  33.869640     36.867      7.056   227.7751     4.5936     1.9107     0.0233      0.007      0.887      1.286        516 3.1266e+01 0.0000e+00
      0.905    20.9206     7.7410     86.638  33.887887     36.877      7.050   228.1916     4.5330     1.9645     0.0233      0.008      0.888      1.287        517 3.1151e+01 0.0000e+00
      0.906    20.9282     7.7368     86.547  33.898310     36.914      7.055   227.5858     4.5451     1.9242     0.0233      0.009      0.891      1.291        518 3.1689e+01 0.0000e+00
      0.914    20.9388     7.7240     86.383  33.886327     36.885      7.055   227.6994     4.5451     1.8705     0.0233      0.011      0.898      1.301        519 3.1617e+01 0.0000e+00
      0.925    20.9370     7.6976     86.082  33.932456     36.940      7.058   227.6994     4.5289     1.9645     0.0233      0.014      0.908      1.316        520 3.1761e+01 0.0000e+00
      0.937    20.9270     7.6838     85.925  33.929866     36.930      7.056   227.7751     4.4683     1.8570     0.0233      0.019      0.918      1.331        521 3.2086e+01 0.0000e+00
      0.947    20.9157     7.6552     85.601  33.889546     36.872      7.056   228.4566     4.4763     1.9510     0.0233      0.023      0.925      1.343        522 3.1607e+01 0.0000e+00
      0.947    20.9087     7.6341     85.364  33.864014     36.879      7.050   228.3430     4.4804     1.9376     0.0233      0.025      0.927      1.345        523 3.1541e+01 0.0000e+00
      0.942    20.9052     7.6197     85.201  33.872678     36.859      7.045   228.2673     4.4602     1.9779     0.0233      0.025      0.923      1.340        524 3.1505e+01 0.0000e+00
      0.936    20.9061     7.6151     85.141  33.908423     36.955      7.043   228.0023     4.7513     2.1256     0.0233      0.021      0.921      1.336        525 3.1369e+01 0.0000e+00
      0.941    20.9020     7.6105     85.086  33.849189     36.836      7.047   228.3051     4.7190     2.0853     0.0233      0.016      0.925      1.342        526 3.1572e+01 0.0000e+00
      0.954    20.8788     7.6166     85.156  33.857429     36.896      7.048   228.1537     4.7634     2.1927     0.0233      0.013      0.936      1.358        527 3.2228e+01 0.0000e+00
      0.969    20.8525     7.6210     85.205  33.838858     36.838      7.050   228.4566     4.7311     2.1256     0.0233      0.013      0.950      1.377        528 3.2402e+01 0.0000e+00
      0.982    20.8403     7.6239     85.237  33.812993     36.857      7.054   228.6837     4.4723     2.0450     0.0233      0.017      0.961      1.392        529 3.2196e+01 0.0000e+00
      0.987    20.8370     7.6233     85.228  33.800660     36.848      7.047   228.8730     4.4723     2.1524     0.0232      0.022      0.967      1.401        530 3.2831e+01 0.0000e+00
      0.987    20.8348     7.6154     85.137  33.735594     36.797      7.044   229.0244     4.4440     2.0987     0.0232      0.027      0.969      1.405        531 3.2594e+01 0.0000e+00
      0.990    20.8328     7.5996     84.958  33.745696     36.800      7.040   228.7594     4.4804     2.1122     0.0232      0.030      0.972      1.410        532 3.2413e+01 0.0000e+00
      0.997    20.8323     7.5865     84.808  33.817745     36.893      7.039   228.6080     4.5613     1.8973     0.0233      0.031      0.979      1.419        533 3.3162e+01 0.0000e+00
      1.007    20.8307     7.5737     84.664  33.823864     36.894      7.040   228.9866     4.5491     1.8705     0.0233      0.029      0.988      1.432        534 3.3786e+01 0.0000e+00
      1.018    20.8262     7.5653     84.569  33.827049     36.895      7.043   228.6459     4.5168     1.8973     0.0233      0.026      0.998      1.447        535 3.4008e+01 0.0000e+00
      1.027    20.8241     7.5609     84.519  33.843436     36.926      7.039   229.5166     4.5572     1.9376     0.0233      0.026      1.006      1.459        536 3.4318e+01 0.0000e+00
      1.032    20.8249     7.5588     84.494  33.744160     36.808      7.037   229.4030     4.5491     1.9242     0.0232      0.026      1.011      1.466        537 3.5177e+01 0.0000e+00
      1.034    20.8248     7.5651     84.562  33.743011     36.810      7.036   228.9487     5.0303     2.1793     0.0232      0.027      1.015      1.471        538 3.4589e+01 0.0000e+00
      1.039    20.8240     7.5658     84.566  33.815212     36.901      7.037   229.1001     5.0101     2.1390     0.0233      0.028      1.020      1.479        539 3.4592e+01 0.0000e+00
      1.047    20.8228     7.5663     84.568  33.743273     36.809      7.037   229.4030     5.0101     2.0987     0.0232      0.028      1.027      1.489        540 3.6764e+01 0.0000e+00
      1.054    20.8213     7.5643     84.543  33.743571     36.810      7.037   229.3273     5.0222     2.1927     0.0232      0.026      1.034      1.499        541 3.6461e+01 0.0000e+00
      1.062    20.8198     7.5637     84.534  33.844497     36.933      7.038   229.4030     5.5843     2.1927     0.0233      0.024      1.040      1.509        542 3.6184e+01 0.0000e+00
      1.067    20.8184     7.5539     84.423  33.825261     36.904      7.039   229.1759     5.6086     2.2196     0.0233      0.023      1.045      1.516        543 3.7758e+01 0.0000e+00
      1.069    20.8175     7.5464     84.340  33.826821     36.905      7.039   229.7816     5.5641     2.2196     0.0233      0.023      1.048      1.520        544 3.6739e+01 0.0000e+00
      1.071    20.8168     7.5318     84.177  33.812901     36.906      7.038   229.9330     5.5762     2.1793     0.0233      0.022      1.051      1.524        545 3.6086e+01 0.0000e+00
      1.075    20.8160     7.5227     84.075  33.753619     36.815      7.040   229.7437     5.5560     2.0853     0.0232      0.021      1.055      1.529        546 3.7881e+01 0.0000e+00
      1.080    20.8154     7.5121     83.957  33.781975     36.877      7.040   229.5544     5.5358     2.2062     0.0232      0.019      1.060      1.537        547 3.7761e+01 0.0000e+00
      1.088    20.8137     7.4936     83.750  33.836923     36.908      7.042   229.8573     5.5277     2.1524     0.0233      0.018      1.067      1.548        548 3.7204e+01 0.0000e+00
      1.096    20.8111     7.4808     83.607  33.803860     36.908      7.043   229.8194     5.5156     2.1927     0.0233      0.018      1.075      1.558        549 3.8135e+01 0.0000e+00
      1.103    20.8094     7.4634     83.414  33.763812     36.818      7.044   230.3873     5.3417     2.2196     0.0232      0.020      1.081      1.568        550 3.7353e+01 0.0000e+00
      1.107    20.8080     7.4665     83.447  33.797796     36.912      7.043   230.5387     5.3498     2.1927     0.0233      0.021      1.086      1.575        551 3.7839e+01 0.0000e+00
      1.112    20.8065     7.4693     83.477  33.761569     36.822      7.041   230.4251     5.3579     2.0719     0.0232      0.023      1.090      1.581        552 3.8046e+01 0.0000e+00
      1.115    20.8057     7.4703     83.488  33.779243     36.884      7.039   230.3494     5.3417     2.2867     0.0232      0.023      1.094      1.586        553 3.6670e+01 0.0000e+00
      1.119    20.8060     7.4644     83.421  33.746146     36.824      7.040   230.5009     5.3215     2.1659     0.0232      0.022      1.097      1.590        554 3.7150e+01 0.0000e+00
      1.121    20.8064     7.4771     83.563  33.743445     36.825      7.040   230.4630     5.3457     2.1524     0.0232      0.020      1.100      1.595        555 3.7211e+01 0.0000e+00
      1.125    20.8062     7.4809     83.607  33.812260     36.916      7.041   230.4630     5.3821     2.0853     0.0233      0.017      1.103      1.600        556 3.6722e+01 0.0000e+00
      1.127    20.8065     7.4850     83.654  33.749474     36.824      7.042   230.7280     5.3296     2.2599     0.0232      0.015      1.106      1.605        557 3.7145e+01 0.0000e+00
      1.132    20.8063     7.4819     83.621  33.732614     36.824      7.041   230.8037     5.3215     2.1122     0.0232      0.013      1.110      1.610        558 3.6650e+01 0.0000e+00
      1.137    20.8063     7.4752     83.546  33.744275     36.824      7.040   230.4630     5.4711     2.1390     0.0232      0.014      1.115      1.617        559 3.7166e+01 0.0000e+00
      1.143    20.8067     7.4768     83.566  33.734963     36.824      7.039   230.5766     5.4792     2.1927     0.0232      0.015      1.121      1.627        560 3.8232e+01 0.0000e+00
      1.151    20.8059     7.4762     83.560  33.744205     36.824      7.040   230.6523     5.4994     2.1390     0.0232      0.017      1.127      1.636        561 3.7388e+01 0.0000e+00
      1.156    20.8050     7.4704     83.495  33.732774     36.824      7.040   230.9173     5.4792     2.2062     0.0232      0.019      1.132      1.643        562 3.7930e+01 0.0000e+00
      1.158    20.8048     7.4631     83.415  33.749188     36.825      7.038   231.1066     5.4873     2.0853     0.0232      0.020      1.135      1.647        563 3.8191e+01 0.0000e+00
      1.159    20.8047     7.4704     83.499  33.812744     36.917      7.039   231.0309     5.4832     2.2196     0.0233      0.019      1.137      1.650        564 3.8565e+01 0.0000e+00
      1.163    20.8050     7.4698     83.493  33.801957     36.887      7.039   231.1823     5.4589     2.2196     0.0232      0.018      1.140      1.654        565 3.9721e+01 0.0000e+00
      1.166    20.8055     7.4730     83.528  33.821923     36.917      7.038   231.0687     5.4832     2.1256     0.0233      0.017      1.143      1.659        566 3.8484e+01 0.0000e+00
      1.171    20.8062     7.4780     83.582  33.817552     36.917      7.038   231.2959     5.4023     2.1659     0.0233      0.015      1.148      1.665        567 4.0151e+01 0.0000e+00
      1.175    20.8071     7.4836     83.640  33.748086     36.825      7.037   231.4094     5.3942     2.1122     0.0232      0.014      1.152      1.672        568 4.1892e+01 0.0000e+00
      1.180    20.8076     7.4895     83.701  33.730439     36.824      7.035   231.2201     5.4104     2.1256     0.0232      0.014      1.157      1.678        569 4.0032e+01 0.0000e+00
      1.184    20.8082     7.4946     83.757  33.750545     36.824      7.033   231.5230     5.4145     2.1659     0.0232      0.014      1.161      1.684        570 4.2447e+01 0.0000e+00
      1.187    20.8087     7.4890     83.693  33.782377     36.884      7.034   231.8637     5.4873     2.2062     0.0232      0.015      1.164      1.689        571 4.2542e+01 0.0000e+00
      1.191    20.8091     7.4754     83.543  33.750138     36.823      7.035   231.7880     5.4549     2.0853     0.0232      0.016      1.168      1.695        572 3.9748e+01 0.0000e+00
      1.196    20.8098     7.4572     83.339  33.731354     36.822      7.035   231.8637     5.4428     2.1122     0.0232      0.016      1.173      1.701        573 4.1313e+01 0.0000e+00
      1.201    20.8110     7.4454     83.208  33.746441     36.822      7.033   232.3559     5.4953     2.1390     0.0232      0.017      1.177      1.708        574 4.1836e+01 0.0000e+00
      1.204    20.8118     7.4400     83.153  33.731362     36.821      7.032   232.1666     5.3296     2.2330     0.0232      0.016      1.181      1.713        575 4.1084e+01 0.0000e+00
      1.207    20.8112     7.4383     83.141  33.750120     36.820      7.029   231.9773     5.3255     2.1122     0.0232      0.016      1.184      1.718        576 4.0846e+01 0.0000e+00
      1.212    20.8096     7.4401     83.165  33.782408     36.881      7.033   231.8637     5.3174     2.1927     0.0232      0.016      1.189      1.724        577 4.1605e+01 0.0000e+00
      1.218    20.8073     7.4457     83.227  33.750490     36.820      7.032   232.1666     5.3417     2.2599     0.0232      0.016      1.194      1.732        578 4.1999e+01 0.0000e+00
      1.224    20.8046     7.4487     83.255  33.730530     36.822      7.030   232.0909     5.3417     2.0584     0.0232      0.017      1.200      1.740        579 4.5467e+01 0.0000e+00
      1.230    20.8032     7.4519     83.288  33.747937     36.823      7.032   232.1666     5.4023     2.1390     0.0232      0.018      1.207      1.750        580 4.8093e+01 0.0000e+00
      1.239    20.8032     7.4534     83.303  33.728829     36.826      7.029   232.0151     5.4023     2.1659     0.0232      0.020      1.214      1.760        581 4.4861e+01 0.0000e+00
      1.243    20.8035     7.4441     83.197  33.754312     36.827      7.023   232.4694     5.4023     2.1122     0.0232      0.022      1.219      1.769        582 4.5305e+01 0.0000e+00
      1.249    20.8032     7.4319     83.057  33.775536     36.888      7.023   232.4316     5.3983     2.0450     0.0232      0.023      1.224      1.777        583 4.5458e+01 0.0000e+00
      1.254    20.8042     7.4208     82.931  33.761727     36.826      7.019   232.4316     5.4630     2.1659     0.0232      0.024      1.229      1.783        584 4.4027e+01 0.0000e+00
      1.257    20.8077     7.4122     82.833  33.801153     36.918      7.017   232.7723     5.4549     2.1927     0.0233      0.023      1.233      1.788        585 4.5375e+01 0.0000e+00
      1.260    20.8116     7.4110     82.818  33.756127     36.826      7.017   232.4316     5.4630     2.0719     0.0232      0.021      1.237      1.793        586 4.4533e+01 0.0000e+00
      1.266    20.8143     7.4103     82.810  33.728792     36.823      7.020   232.1666     5.4549     2.0719     0.0232      0.020      1.243      1.802        587 4.5995e+01 0.0000e+00
      1.277    20.8136     7.4191     82.910  33.746202     36.820      7.024   232.4694     5.4670     2.1793     0.0232      0.020      1.252      1.816        588 4.7859e+01 0.0000e+00
      1.288    20.8101     7.4223     82.947  33.793771     36.879      7.022   232.7344     5.4792     2.1390     0.0232      0.022      1.262      1.831        589 4.8713e+01 0.0000e+00
      1.297    20.8082     7.4255     82.984  33.817870     36.910      7.021   232.6209     5.4711     2.1659     0.0233      0.025      1.270      1.843        590 5.0391e+01 0.0000e+00
      1.302    20.8078     7.4216     82.940  33.745867     36.821      7.018   233.2266     5.4711     2.1256     0.0232      0.027      1.275      1.850        591 5.0654e+01 0.0000e+00
      1.303    20.8060     7.4171     82.889  33.735101     36.823      7.017   232.5830     5.4226     2.2330     0.0232      0.028      1.279      1.855        592 5.3652e+01 0.0000e+00
      1.309    20.8040     7.4107     82.820  33.742301     36.823      7.014   232.9994     5.4306     2.0450     0.0232      0.028      1.284      1.862        593 5.1280e+01 0.0000e+00
      1.315    20.8028     7.4008     82.716  33.736908     36.824      7.013   232.5830     5.4509     2.1390     0.0232      0.027      1.290      1.872        594 4.9302e+01 0.0000e+00
      1.323    20.8017     7.3918     82.620  33.801125     36.887      7.013   233.0373     5.4023     2.1793     0.0232      0.026      1.298      1.882        595 5.1163e+01 0.0000e+00
