Data/DataNotYetUploadedToEDI/Raw_CTD/RawDownloads/100120_bvr50_0001.cnv
* Sea-Bird SBE19plus  Data File:
* FileName = C:\DATA\100120_fcr50_0001.hex
* Software version 2.8.0.119
* Temperature SN = 7809
* Conductivity SN = 7809
* System UpLoad Time = Oct 01 2020 13:52:21
* <ApplicationData>
* <Seaterm232>
# nquan = 16
# nvalues = 2364                        
# units = specified
# name 0 = depFM: Depth [fresh water, m]
# name 1 = dz/dtM: Descent Rate [m/s]
# name 2 = sbeox0ML/L: Oxygen, SBE 43 [ml/l]
# name 3 = sbeox0PS: Oxygen, SBE 43 [% saturation]
# name 4 = specc: Specific Conductance [uS/cm]
# name 5 = c0uS/cm: Conductivity [uS/cm]
# name 6 = flECO-AFL: Fluorescence, WET Labs ECO-AFL/FL [mg/m^3]
# name 7 = ph: pH
# name 8 = orp: Oxidation Reduction Potential [mV]
# name 9 = par/sat/log: PAR/Logarithmic, Satlantic
# name 10 = turbWETntu0: Turbidity, WET Labs ECO [NTU]
# name 11 = prdM: Pressure, Strain Gauge [db]
# name 12 = prdE: Pressure, Strain Gauge [psi]
# name 13 = tv290C: Temperature [ITS-90, deg C]
# name 14 = density00: Density [density, kg/m^3]
# name 15 = flag:  0.000e+00
# span 0 =     -0.768,     10.366       
# span 1 =     -0.405,      0.251       
# span 2 =     0.0323,     6.3974       
# span 3 =      0.438,     96.271       
# span 4 =      0.922,    166.588       
# span 5 =   0.775069, 116.786878       
# span 6 =    -2.4876,     8.9292       
# span 7 =     15.437,     16.147       
# span 8 =  -130.2820,  1101.2394       
# span 9 = 1.2348e-01, 1.8140e+03       
# span 10 =    -9.3574,    21.3855      
# span 11 =     -0.754,     10.166      
# span 12 =     -1.093,     14.744      
# span 13 =    10.0493,    18.1545      
# span 14 =   998.5805,   999.8073      
# span 15 = 0.0000e+00, 0.0000e+00      
# interval = seconds: 0.25
# start_time = Sep 30 2020 21:00:35 [Instrument's time stamp, header]
# bad_flag = -9.990e-29
*END*
[from data line 1085]
      5.296      0.034     0.2568      3.072     44.203  36.157591     0.4003     15.655   217.4979 1.6054e-01     4.1424      5.193      7.531    16.0871   998.9723 0.0000e+00
      5.305      0.033     0.2434      2.974     44.726  36.516361     0.3783     15.657   217.4422 1.5514e-01     4.2127      5.201      7.544    16.0511   998.9784 0.0000e+00
      5.314      0.031     0.2335      2.954     45.378  36.987513     0.3908     15.660   217.6633 1.5427e-01     4.1945      5.212      7.561    16.0121   998.9850 0.0000e+00
      5.320      0.029     0.2228      2.960     46.119  37.538754     0.3884     15.663   217.6767 1.5452e-01     4.1633      5.218      7.568    15.9731   998.9919 0.0000e+00
      5.324      0.027     0.2112      2.895     46.645  37.913866     0.3879     15.665   217.5185 1.5168e-01     4.1788      5.219      7.570    15.9019   999.0038 0.0000e+00
      5.330      0.026     0.2039      2.738     47.015  38.159287     0.3939     15.666   217.5568 1.4807e-01     4.2434      5.226      7.580    15.8115   999.0184 0.0000e+00
      5.340      0.025     0.2038      2.543     47.389  38.411674     0.3942     15.668   217.7098 1.4810e-01     4.2932      5.238      7.597    15.7474   999.0289 0.0000e+00
      5.347      0.025     0.2083      2.330     47.616  38.553661     0.3918     15.670   217.7331 1.4499e-01     4.2662      5.245      7.607    15.6961   999.0374 0.0000e+00
      5.352      0.024     0.2040      2.080     47.485  38.416249     0.4127     15.671   217.7527 1.3696e-01     4.1910      5.249      7.613    15.6377   999.0468 0.0000e+00
      5.358      0.021     0.1916      1.816     47.091  38.083010     0.4744     15.672   217.7742 1.3063e-01     4.1744      5.254      7.621    15.5763   999.0566 0.0000e+00
      5.363      0.018     0.1771      1.563     46.763  37.824722     0.5281     15.671   217.5642 1.3118e-01     4.2364      5.260      7.629    15.5215   999.0654 0.0000e+00
      5.367      0.016     0.1645      1.328     46.672  37.768496     0.5473     15.670   217.3646 1.3818e-01     4.2879      5.263      7.634    15.4773   999.0725 0.0000e+00
      5.371      0.015     0.1456      1.151     46.516  37.657069     0.5439     15.670   217.2534 1.3913e-01     4.3861      5.267      7.640    15.4408   999.0781 0.0000e+00
      5.375      0.014     0.1261      1.041     46.296  37.492917     0.5255     15.670   217.0798 1.3277e-01     4.5652      5.271      7.645    15.4229   999.0808 0.0000e+00
      5.377      0.014     0.1098      0.969     46.369  37.560768     0.5154     15.669   216.8139 1.2827e-01     4.6680      5.273      7.647    15.4336   999.0789 0.0000e+00
      5.380      0.014     0.0906      0.923     46.494  37.652432     0.5268     15.669   216.2760 1.2552e-01     4.7015      5.275      7.651    15.4608   999.0748 0.0000e+00
      5.383      0.014     0.0787      0.907     46.442  37.585769     0.6156     15.669   215.6526 1.2440e-01     4.7304      5.279      7.657    15.4748   999.0725 0.0000e+00
      5.388      0.015     0.0719      0.914     46.617  37.706694     0.7691     15.669   215.2131 1.2943e-01     4.7085      5.284      7.664    15.4877   999.0703 0.0000e+00
      5.392      0.016     0.0672      0.943     47.044  38.035577     0.8469     15.670   214.7466 1.4016e-01     4.6773      5.288      7.670    15.5092   999.0672 0.0000e+00
      5.396      0.019     0.0634      0.988     47.424  38.325532     0.8600     15.672   214.0561 1.4714e-01     4.6960      5.291      7.675    15.4955   999.0694 0.0000e+00
      5.399      0.022     0.0631      1.026     47.884  38.673842     0.8994     15.673   213.1457 1.4489e-01     4.7282      5.294      7.680    15.4564   999.0753 0.0000e+00
      5.404      0.025     0.0634      1.051     48.340  39.010098     0.9608     15.674   212.1716 1.4168e-01     4.7238      5.299      7.686    15.4370   999.0785 0.0000e+00
      5.411      0.027     0.0652      1.071     48.570  39.154262     1.0021     15.675   211.2266 1.3905e-01     4.7110      5.305      7.695    15.4241   999.0808 0.0000e+00
      5.421      0.027     0.0697      1.094     48.624  39.147487     1.0081     15.676   210.1506 1.3210e-01     4.7450      5.316      7.710    15.4040   999.0840 0.0000e+00
      5.430      0.027     0.0719      1.134     48.572  39.055065     1.0710     15.677   208.7986 1.3007e-01     4.9293      5.327      7.726    15.3829   999.0876 0.0000e+00
      5.437      0.026     0.0737      1.189     48.448  38.925293     1.1985     15.678   207.0971 1.3152e-01     5.2226      5.332      7.734    15.3504   999.0928 0.0000e+00
      5.442      0.026     0.0751      1.219     48.439  38.911238     1.2628     15.679   205.0656 1.3010e-01     5.3729      5.337      7.741    15.3073   999.0994 0.0000e+00
      5.446      0.027     0.0766      1.210     48.663  39.075520     1.2671     15.680   202.9925 1.3015e-01     5.3730      5.341      7.746    15.2536   999.1078 0.0000e+00
      5.451      0.030     0.0788      1.190     48.953  39.261410     1.2984     15.681   201.3900 1.2875e-01     5.3950      5.345      7.751    15.1915   999.1173 0.0000e+00
      5.460      0.035     0.0844      1.160     49.257  39.445085     1.3648     15.683   200.2304 1.2860e-01     5.4678      5.354      7.767    15.1545   999.1230 0.0000e+00
      5.470      0.040     0.0875      1.124     49.495  39.582553     1.4023     15.685   199.0383 1.3032e-01     5.4974      5.364      7.780    15.1655   999.1213 0.0000e+00
      5.480      0.042     0.0845      1.098     49.565  39.590579     1.3987     15.686   197.9029 1.2721e-01     5.4448      5.372      7.791    15.1628   999.1219 0.0000e+00
      5.495      0.041     0.0844      1.084     49.641  39.605548     1.3976     15.687   196.8278 1.2402e-01     5.3816      5.389      7.816    15.1011   999.1314 0.0000e+00
      5.510      0.039     0.0820      1.073     49.810  39.700018     1.4176     15.689   195.4174 1.2401e-01     5.3852      5.407      7.841    15.0308   999.1423 0.0000e+00
      5.519      0.038     0.0790      1.065     49.950  39.780685     1.4496     15.690   193.5841 1.2423e-01     5.4196      5.414      7.852    14.9802   999.1501 0.0000e+00
      5.523      0.035     0.0773      1.065     50.025  39.819203     1.4601     15.691   191.6110 1.2408e-01     5.4196      5.415      7.854    14.9361   999.1566 0.0000e+00
      5.530      0.030     0.0764      1.046     50.082  39.848355     1.4504     15.691   189.6285 1.2384e-01     5.3851      5.420      7.862    14.8856   999.1642 0.0000e+00
      5.540      0.026     0.0765      1.025     50.142  39.879247     1.4184     15.691   187.5970 1.2377e-01     5.2780      5.433      7.880    14.8434   999.1706 0.0000e+00
      5.550      0.023     0.0743      1.027     50.241  39.938809     1.3679     15.692   185.8046 1.2377e-01     5.1887      5.445      7.896    14.8142   999.1752 0.0000e+00
      5.555      0.023     0.0767      1.008     50.421  40.060719     1.3458     15.692   184.3036 1.2373e-01     5.1973      5.449      7.903    14.7935   999.1783 0.0000e+00
      5.558      0.022     0.0746      0.967     50.560  40.147244     1.3413     15.692   182.6132 1.2373e-01     5.1765      5.450      7.905    14.7808   999.1801 0.0000e+00
      5.560      0.021     0.0708      0.940     50.604  40.159818     1.3421     15.693   180.4232 1.2373e-01     5.0745      5.451      7.906    14.7628   999.1828 0.0000e+00
      5.565      0.021     0.0744      0.937     50.695  40.212725     1.3651     15.695   178.0428 1.2365e-01     4.9595      5.456      7.914    14.7440   999.1857 0.0000e+00
      5.573      0.022     0.0724      0.952     50.795  40.279131     1.3904     15.695   175.9449 1.2365e-01     4.9186      5.465      7.927    14.7253   999.1886 0.0000e+00
      5.582      0.024     0.0678      0.956     50.860  40.327981     1.3999     15.694   174.2438 1.2371e-01     4.9589      5.475      7.940    14.6973   999.1929 0.0000e+00
      5.587      0.024     0.0664      0.939     50.896  40.359044     1.3935     15.694   172.7035 1.2372e-01     4.9657      5.481      7.949    14.6760   999.1960 0.0000e+00
      5.591      0.023     0.0657      0.930     50.870  40.337359     1.3897     15.694   171.0884 1.2376e-01     4.9325      5.483      7.952    14.6586   999.1986 0.0000e+00
      5.596      0.021     0.0680      0.932     50.853  40.319679     1.3920     15.695   169.4283 1.2381e-01     4.9342      5.487      7.958    14.6385   999.2015 0.0000e+00
      5.603      0.019     0.0692      0.932     50.873  40.335681     1.3934     15.696   167.6885 1.2377e-01     4.9518      5.495      7.970    14.6406   999.2013 0.0000e+00
      5.609      0.018     0.0658      0.924     50.872  40.340422     1.4163     15.696   165.7980 1.2374e-01     4.8705      5.502      7.980    14.6480   999.2003 0.0000e+00
      5.613      0.018     0.0661      0.919     50.831  40.313536     1.4491     15.695   163.8639 1.2374e-01     4.6378      5.504      7.983    14.6446   999.2008 0.0000e+00
      5.616      0.018     0.0661      0.917     50.844  40.327978     1.4566     15.695   161.8558 1.2371e-01     4.4738      5.507      7.987    14.6387   999.2016 0.0000e+00
      5.619      0.019     0.0666      0.917     51.077  40.515047     1.4593     15.695   159.5867 1.2365e-01     4.4664      5.510      7.992    14.6371   999.2019 0.0000e+00
      5.624      0.020     0.0656      0.922     51.529  40.861577     1.4716     15.695   156.9911 1.2365e-01     4.4456      5.514      7.997    14.6454   999.2007 0.0000e+00
      5.630      0.023     0.0650      0.933     51.947  41.153679     1.5198     15.696   154.1333 1.2371e-01     4.2909      5.521      8.007    14.6527   999.1995 0.0000e+00
      5.636      0.026     0.0656      0.962     52.225  41.317356     1.6036     15.697   151.1900 1.2372e-01     4.0380      5.527      8.017    14.6544   999.1993 0.0000e+00
      5.643      0.028     0.0643      0.959     52.455  41.444039     1.6447     15.698   148.4195 1.2366e-01     3.8938      5.534      8.027    14.6607   999.1985 0.0000e+00
      5.651      0.030     0.0665      0.924     52.645  41.542753     1.6546     15.699   145.9305 1.2367e-01     3.9216      5.541      8.037    14.6588   999.1991 0.0000e+00
      5.659      0.031     0.0645      0.909     52.884  41.685643     1.6378     15.701   143.4660 1.2374e-01     3.9269      5.549      8.048    14.6145   999.2058 0.0000e+00
      5.667      0.033     0.0702      0.897     53.208  41.902101     1.5748     15.703   140.8203 1.2373e-01     3.8204      5.558      8.060    14.5505   999.2152 0.0000e+00
      5.675      0.036     0.0700      0.871     53.458  42.065106     1.5322     15.704   138.2041 1.2368e-01     3.7334      5.565      8.073    14.4997   999.2227 0.0000e+00
      5.684      0.038     0.0640      0.852     53.583  42.133021     1.5222     15.704   135.9246 1.2369e-01     3.7333      5.573      8.083    14.4507   999.2298 0.0000e+00
      5.694      0.038     0.0655      0.870     53.640  42.151905     1.5113     15.705   133.9949 1.2377e-01     3.7497      5.582      8.095    14.4068   999.2363 0.0000e+00
      5.706      0.037     0.0646      0.902     53.682  42.166441     1.4967     15.706   132.0806 1.2385e-01     3.7262      5.595      8.115    14.3710   999.2416 0.0000e+00
      5.717      0.036     0.0624      0.909     53.718  42.181793     1.4882     15.707   129.9870 1.2381e-01     3.6890      5.607      8.133    14.3391   999.2464 0.0000e+00
      5.726      0.034     0.0596      0.901     53.769  42.210557     1.4851     15.707   127.7810 1.2380e-01     3.6785      5.616      8.146    14.3110   999.2505 0.0000e+00
      5.734      0.031     0.0619      0.900     53.849  42.260284     1.5066     15.706   125.6283 1.2380e-01     3.6677      5.623      8.156    14.2847   999.2542 0.0000e+00
      5.739      0.027     0.0657      0.890     53.889  42.275185     1.5673     15.706   123.6614 1.2369e-01     3.5922      5.628      8.163    14.2688   999.2565 0.0000e+00
      5.745      0.024     0.0658      0.864     53.900  42.263752     1.6080     15.707   121.8096 1.2365e-01     3.5212      5.634      8.172    14.2587   999.2580 0.0000e+00
      5.752      0.022     0.0639      0.835     53.904  42.248981     1.6083     15.709   120.1016 1.2373e-01     3.5302      5.642      8.183    14.2477   999.2596 0.0000e+00
      5.757      0.020     0.0650      0.799     53.884  42.223528     1.6184     15.709   118.5841 1.2377e-01     3.5979      5.647      8.190    14.2388   999.2610 0.0000e+00
      5.762      0.019     0.0648      0.780     53.867  42.209910     1.6448     15.708   117.1407 1.2381e-01     3.7222      5.650      8.195    14.2218   999.2633 0.0000e+00
      5.767      0.017     0.0614      0.797     53.863  42.211287     1.6606     15.708   115.8140 1.2381e-01     3.8302      5.655      8.202    14.2005   999.2663 0.0000e+00
      5.771      0.016     0.0608      0.820     53.900  42.240182     1.6659     15.708   114.5022 1.2377e-01     3.8394      5.659      8.209    14.1839   999.2688 0.0000e+00
      5.775      0.015     0.0569      0.826     53.988  42.305352     1.6614     15.708   112.9812 1.2377e-01     3.7654      5.663      8.214    14.1721   999.2704 0.0000e+00
      5.778      0.015     0.0545      0.831     54.068  42.364462     1.6258     15.709   111.4487 1.2377e-01     3.5874      5.666      8.219    14.1746   999.2701 0.0000e+00
      5.782      0.016     0.0572      0.840     54.177  42.447032     1.5787     15.709   109.9962 1.2368e-01     3.3694      5.671      8.225    14.1834   999.2688 0.0000e+00
      5.785      0.017     0.0598      0.845     54.396  42.605426     1.5584     15.709   108.4981 1.2358e-01     3.2932      5.674      8.229    14.1821   999.2690 0.0000e+00
      5.788      0.018     0.0591      0.839     54.636  42.756041     1.5521     15.710   107.0148 1.2364e-01     3.3186      5.674      8.230    14.1772   999.2698 0.0000e+00
      5.793      0.020     0.0594      0.829     54.846  42.871491     1.5600     15.711   105.6561 1.2372e-01     3.2987      5.680      8.239    14.1723   999.2705 0.0000e+00
      5.801      0.023     0.0605      0.830     55.041  42.985561     1.5873     15.712   104.4597 1.2376e-01     3.2248      5.690      8.253    14.1724   999.2706 0.0000e+00
      5.807      0.025     0.0610      0.839     55.157  43.056014     1.6156     15.714   103.3905 1.2380e-01     3.2146      5.695      8.260    14.1713   999.2709 0.0000e+00
      5.812      0.026     0.0609      0.861     55.212  43.088495     1.6344     15.714   102.4511 1.2376e-01     3.2784      5.699      8.264    14.1305   999.2767 0.0000e+00
      5.819      0.026     0.0587      0.867     55.271  43.124351     1.6338     15.714   101.4481 1.2371e-01     3.2411      5.706      8.276    14.0735   999.2847 0.0000e+00
      5.828      0.026     0.0603      0.843     55.355  43.172123     1.6178     15.714   100.2971 1.2374e-01     3.1065      5.716      8.289    14.0404   999.2895 0.0000e+00
      5.834      0.026     0.0595      0.840     55.453  43.221706     1.6030     15.714    99.2034 1.2374e-01     3.0237      5.721      8.297    14.0229   999.2920 0.0000e+00
      5.839      0.026     0.0624      0.858     55.567  43.279441     1.6078     15.714    98.1187 1.2373e-01     2.9954      5.725      8.303    14.0176   999.2928 0.0000e+00
      5.845      0.026     0.0644      0.847     55.715  43.362305     1.6560     15.715    96.9908 1.2379e-01     3.0392      5.732      8.314    14.0120   999.2936 0.0000e+00
      5.853      0.027     0.0594      0.821     55.888  43.461772     1.7182     15.718    95.8044 1.2384e-01     3.1754      5.740      8.325    13.9953   999.2960 0.0000e+00
      5.860      0.028     0.0595      0.806     56.023  43.529800     1.7308     15.719    94.6154 1.2380e-01     3.2688      5.745      8.334    13.9692   999.2997 0.0000e+00
