Data/DataNotYetUploadedToEDI/Raw_CTD/RawDownloads/100118_fcr45.cnv
* Sea-Bird SBE19plus  Data File:
* FileName = C:\DATA\100118_fcr_0004.hex
* Software version 2.6.3.104
* Temperature SN = 7809
* Conductivity SN = 7809
* System UpLoad Time = Oct 01 2018 14:29:33
* <ApplicationData>
* <Seaterm232>
# nquan = 17
# nvalues = 1354                        
# units = specified
# name 0 = depFM: Depth [fresh water, m]
# name 1 = tv290C: Temperature [ITS-90, deg C]
# name 2 = sbeox0Mg/L: Oxygen, SBE 43 [mg/l]
# name 3 = sbeox0PS: Oxygen, SBE 43 [% saturation]
# name 4 = c0uS/cm: Conductivity [uS/cm]
# name 5 = specc: Specific Conductance [uS/cm]
# name 6 = ph: pH
# name 7 = orp: Oxidation Reduction Potential [mV]
# name 8 = flECO-AFL: Fluorescence, WET Labs ECO-AFL/FL [mg/m^3]
# name 9 = turbWETntu0: Turbidity, WET Labs ECO [NTU]
# name 10 = sal00: Salinity, Practical [PSU]
# name 11 = dz/dtM: Descent Rate [m/s]
# name 12 = prdM: Pressure, Strain Gauge [db]
# name 13 = prdE: Pressure, Strain Gauge [psi]
# name 14 = scan: Scan Count
# name 15 = par/sat/log: PAR/Logarithmic, Satlantic
# name 16 = flag:  0.000e+00
# span 0 =     -0.465,      7.832       
# span 1 =    14.0005,    22.5573       
# span 2 =    -0.0307,     9.0075       
# span 3 =     -0.333,    101.935       
# span 4 =   1.266213, 120.674473       
# span 5 =      1.533,    154.639       
# span 6 =      6.271,      7.989       
# span 7 =    28.9110,   490.8830       
# span 8 =    -0.3113,     5.6086       
# span 9 =    -0.5197,     5.4020       
# span 10 =     0.0110,     0.0739      
# span 11 =     -0.040,      0.248      
# span 12 =     -0.455,      7.680      
# span 13 =     -0.660,     11.139      
# span 14 =          1,       1354      
# span 15 = 1.2181e-01, 2.0487e+03      
# span 16 = 0.0000e+00, 0.0000e+00      
# interval = seconds: 0.25
# start_time = Oct 01 2018 15:23:07 [Instrument's time stamp, header]
# bad_flag = -9.990e-29
*END*
[from data line 86]
      0.136    21.4473     6.3430     71.796  35.734188     38.451      7.316   180.4536     3.7364     2.0182     0.0241      0.001      0.134      0.194         87 8.7092e+01 0.0000e+00
      0.136    21.4478     6.3031     71.345  35.743982     38.482      7.314   180.3400     3.5706     1.8839     0.0241      0.001      0.134      0.195         88 8.7554e+01 0.0000e+00
      0.138    21.4484     6.2664     70.932  35.726619     38.452      7.314   180.2264     3.5746     2.0719     0.0241      0.001      0.135      0.195         89 8.7142e+01 0.0000e+00
      0.137    21.4491     6.2324     70.549  35.637164     38.361      7.316   180.1886     3.5665     1.9779     0.0241      0.000      0.135      0.195         90 8.7262e+01 0.0000e+00
      0.136    21.4501     6.2006     70.191  35.647700     38.361      7.316   180.6807     3.5625     2.0182     0.0241     -0.000      0.134      0.194         91 8.8031e+01 0.0000e+00
      0.135    21.4513     6.1637     69.775  35.713506     38.450      7.311   180.9079     3.5665     1.8436     0.0241     -0.000      0.133      0.192         92 8.7721e+01 0.0000e+00
      0.135    21.4524     6.1263     69.353  35.703560     38.419      7.310   181.5136     3.4412     1.9645     0.0241     -0.001      0.132      0.191         93 8.7547e+01 0.0000e+00
      0.133    21.4531     6.0828     68.861  35.719394     38.448      7.306   181.2486     3.4654     2.0047     0.0241     -0.001      0.131      0.190         94 8.8392e+01 0.0000e+00
      0.134    21.4540     6.0410     68.390  35.723459     38.448      7.306   181.2486     3.4654     1.9645     0.0241     -0.002      0.131      0.190         95 8.8373e+01 0.0000e+00
      0.135    21.4551     6.0009     67.938  35.728160     38.447      7.304   181.2486     3.4573     1.9913     0.0241     -0.002      0.132      0.191         96 8.8543e+01 0.0000e+00
      0.136    21.4561     5.9543     67.413  35.713544     38.446      7.300   181.5136     3.4210     2.1256     0.0241     -0.001      0.133      0.193         97 8.7998e+01 0.0000e+00
      0.137    21.4569     5.9023     66.825  35.652673     38.355      7.296   181.6271     3.4735     2.1927     0.0241     -0.000      0.135      0.195         98 8.7109e+01 0.0000e+00
      0.139    21.4581     5.8582     66.329  35.685280     38.414      7.285   181.6271     3.4573     2.1122     0.0241      0.001      0.136      0.197         99 8.7018e+01 0.0000e+00
      0.139    21.4594     5.8168     65.862  35.732282     38.444      7.279   181.8921     3.4614     2.1927     0.0241      0.002      0.136      0.198        100 8.6640e+01 0.0000e+00
      0.139    21.4607     5.7754     65.395  35.772128     38.503      7.274   182.1571     3.4533     2.0450     0.0241      0.003      0.136      0.198        101 8.7304e+01 0.0000e+00
      0.138    21.4619     5.7304     64.886  35.783983     38.502      7.273   182.3464     3.4412     2.2062     0.0241      0.003      0.136      0.197        102 8.7315e+01 0.0000e+00
      0.137    21.4631     5.6802     64.320  35.717529     38.441      7.274   182.7629     3.4493     2.2599     0.0241      0.002      0.136      0.196        103 8.7062e+01 0.0000e+00
      0.138    21.4643     5.6417     63.885  35.736195     38.440      7.274   182.6493     3.4412     2.2330     0.0241      0.001      0.136      0.197        104 8.6934e+01 0.0000e+00
      0.139    21.4656     5.6082     63.508  35.790411     38.529      7.276   182.6871     3.4452     1.9779     0.0241      0.001      0.137      0.198        105 8.6473e+01 0.0000e+00
      0.140    21.4667     5.5718     63.097  35.739034     38.438      7.275   182.8007     3.4371     1.9510     0.0241      0.001      0.137      0.198        106 8.6714e+01 0.0000e+00
      0.140    21.4680     5.5377     62.713  35.770473     38.497      7.270   183.2550     3.4493     1.9107     0.0241      0.000      0.137      0.198        107 8.6974e+01 0.0000e+00
      0.139    21.4698     5.5061     62.356  35.780941     38.496      7.270   183.8229     3.4493     1.9913     0.0241      0.000      0.136      0.197        108 8.7233e+01 0.0000e+00
      0.137    21.4715     5.4761     62.019  35.785323     38.495      7.269   184.3529     3.3765     1.9645     0.0241      0.000      0.134      0.194        109 8.8411e+01 0.0000e+00
      0.135    21.4730     5.4485     61.708  35.794678     38.523      7.265   184.5800     3.3603     1.9510     0.0241     -0.001      0.132      0.192        110 8.8978e+01 0.0000e+00
      0.135    21.4742     5.4202     61.388  35.739640     38.432      7.259   184.7693     3.3563     1.9242     0.0241     -0.002      0.132      0.191        111 8.7647e+01 0.0000e+00
      0.134    21.4753     5.4001     61.163  35.764840     38.491      7.255   184.6179     3.3643     1.9376     0.0241     -0.003      0.132      0.192        112 8.7786e+01 0.0000e+00
      0.137    21.4765     5.3716     60.842  35.792972     38.490      7.245   184.5043     3.3967     1.9913     0.0241     -0.003      0.133      0.193        113 8.7824e+01 0.0000e+00
      0.137    21.4779     5.3558     60.664  35.763947     38.489      7.228   184.5800     3.5140     1.8570     0.0241     -0.002      0.135      0.195        114 8.7079e+01 0.0000e+00
      0.138    21.4793     5.3337     60.416  35.741646     38.428      7.214   184.7693     3.5018     1.8436     0.0241     -0.001      0.135      0.195        115 8.7563e+01 0.0000e+00
      0.137    21.4808     5.3297     60.372  35.731749     38.457      7.204   185.0343     3.5180     1.8302     0.0241      0.000      0.134      0.194        116 8.8047e+01 0.0000e+00
      0.136    21.4824     5.3048     60.091  35.746605     38.425      7.199   185.2993     3.5180     1.9107     0.0241      0.001      0.133      0.193        117 8.8543e+01 0.0000e+00
      0.135    21.4837     5.2962     59.996  35.812133     38.544      7.197   185.4129     3.4493     1.9913     0.0241      0.001      0.133      0.193        118 8.8206e+01 0.0000e+00
      0.137    21.4851     5.2817     59.833  35.798491     38.483      7.197   185.8293     3.4331     1.9645     0.0241      0.001      0.134      0.194        119 8.7711e+01 0.0000e+00
      0.137    21.4865     5.2733     59.740  35.763580     38.482      7.193   185.9050     3.4371     1.9107     0.0241      0.000      0.134      0.194        120 8.8446e+01 0.0000e+00
      0.136    21.4880     5.2600     59.590  35.736945     38.421      7.194   186.1322     3.4250     1.9376     0.0241     -0.001      0.134      0.194        121 8.8248e+01 0.0000e+00
      0.137    21.4895     5.2535     59.519  35.742664     38.449      7.194   186.5486     3.3886     2.0450     0.0241     -0.000      0.134      0.195        122 8.7174e+01 0.0000e+00
      0.138    21.4909     5.2484     59.462  35.786123     38.478      7.195   186.9272     3.3926     2.0450     0.0241      0.000      0.135      0.196        123 8.7251e+01 0.0000e+00
      0.138    21.4922     5.2414     59.385  35.771836     38.477      7.197   187.1922     3.3846     1.9107     0.0241      0.001      0.136      0.197        124 8.7136e+01 0.0000e+00
      0.138    21.4935     5.2427     59.400  35.730783     38.416      7.196   187.2679     3.3805     1.9645     0.0241      0.001      0.136      0.197        125 8.7518e+01 0.0000e+00
      0.138    21.4949     5.2360     59.327  35.777894     38.475      7.195   187.3436     3.2471     1.8302     0.0241      0.001      0.135      0.196        126 8.7905e+01 0.0000e+00
      0.138    21.4965     5.2341     59.307  35.802181     38.504      7.194   187.3436     3.2592     1.9645     0.0241      0.001      0.135      0.196        127 8.7642e+01 0.0000e+00
      0.138    21.4978     5.2363     59.334  35.789533     38.473      7.194   187.4950     3.2511     1.9645     0.0241      0.001      0.136      0.197        128 8.7320e+01 0.0000e+00
      0.139    21.4990     5.2338     59.306  35.763977     38.471      7.194   187.8357     3.2794     2.0316     0.0241      0.001      0.136      0.197        129 8.6576e+01 0.0000e+00
      0.139    21.5005     5.2300     59.265  35.745010     38.410      7.195   187.8736     3.4169     1.9376     0.0241      0.001      0.136      0.197        130 8.6961e+01 0.0000e+00
      0.139    21.5018     5.2294     59.259  35.813137     38.529      7.194   188.5550     3.4452     1.9913     0.0241      0.001      0.136      0.197        131 8.7282e+01 0.0000e+00
      0.139    21.5032     5.2219     59.176  35.797827     38.468      7.194   188.2522     3.4412     1.9645     0.0241      0.000      0.136      0.197        132 8.7703e+01 0.0000e+00
      0.138    21.5045     5.2153     59.102  35.793719     38.497      7.195   188.4415     3.4290     1.9510     0.0241      0.000      0.136      0.197        133 8.7707e+01 0.0000e+00
      0.138    21.5058     5.2144     59.093  35.788589     38.466      7.194   188.8957     3.4533     1.9645     0.0241      0.000      0.135      0.195        134 8.7622e+01 0.0000e+00
      0.135    21.5072     5.2059     58.999  35.774552     38.465      7.193   189.1229     3.5018     1.9913     0.0241     -0.001      0.132      0.191        135 8.9516e+01 0.0000e+00
      0.131    21.5088     5.1989     58.919  35.781530     38.464      7.187   188.8200     3.4816     1.9645     0.0241     -0.003      0.128      0.185        136 9.0639e+01 0.0000e+00
      0.126    21.5106     5.1964     58.891  35.779905     38.462      7.182   189.0850     3.5099     1.9645     0.0241     -0.006      0.124      0.180        137 9.1302e+01 0.0000e+00
      0.125    21.5123     5.1873     58.788  35.776573     38.461      7.177   188.9715     3.5220     1.8973     0.0241     -0.008      0.123      0.179        138 9.1118e+01 0.0000e+00
      0.128    21.5134     5.1772     58.675  35.815333     38.490      7.173   188.5550     3.7242     2.1122     0.0241     -0.008      0.125      0.182        139 9.0217e+01 0.0000e+00
      0.131    21.5142     5.1753     58.654  35.820644     38.518      7.170   189.0472     3.7000     2.1524     0.0241     -0.006      0.128      0.186        140 8.9270e+01 0.0000e+00
      0.132    21.5153     5.1670     58.561  35.799622     38.457      7.171   189.3122     3.6959     2.1122     0.0241     -0.004      0.129      0.187        141 8.8957e+01 0.0000e+00
      0.131    21.5166     5.1577     58.455  35.811835     38.517      7.172   189.5393     3.6838     2.1390     0.0241     -0.002      0.128      0.186        142 9.0534e+01 0.0000e+00
      0.130    21.5179     5.1476     58.341  35.805444     38.456      7.170   189.3122     3.6393     1.9376     0.0241     -0.000      0.127      0.185        143 9.0104e+01 0.0000e+00
      0.129    21.5189     5.1395     58.250  35.837233     38.545      7.171   189.3122     3.6514     1.8839     0.0241      0.001      0.127      0.184        144 8.9153e+01 0.0000e+00
      0.129    21.5195     5.1278     58.117  35.801931     38.454      7.170   189.2365     3.6595     1.9376     0.0241      0.002      0.128      0.185        145 8.9850e+01 0.0000e+00
      0.131    21.5198     5.1214     58.045  35.819716     38.513      7.175   189.3122     3.6353     1.9376     0.0241      0.001      0.129      0.187        146 8.9876e+01 0.0000e+00
      0.133    21.5203     5.1110     57.927  35.844758     38.512      7.177   189.6529     3.6353     1.9376     0.0241      0.001      0.130      0.189        147 8.9018e+01 0.0000e+00
      0.133    21.5209     5.1028     57.834  35.770767     38.452      7.180   190.0315     3.6150     1.8436     0.0241      0.000      0.130      0.189        148 8.8875e+01 0.0000e+00
      0.134    21.5215     5.0960     57.758  35.793162     38.452      7.179   190.2207     3.6231     1.9242     0.0241      0.001      0.131      0.190        149 8.9146e+01 0.0000e+00
      0.134    21.5222     5.0880     57.668  35.846547     38.541      7.181   190.2207     3.6191     1.8705     0.0241      0.002      0.131      0.190        150 8.8459e+01 0.0000e+00
      0.134    21.5226     5.0783     57.558  35.793306     38.451      7.183   190.1829     3.6070     2.1122     0.0241      0.003      0.132      0.191        151 8.8176e+01 0.0000e+00
      0.135    21.5226     5.0669     57.430  35.770444     38.450      7.184   190.3722     3.6393     2.2464     0.0241      0.003      0.132      0.192        152 8.8108e+01 0.0000e+00
      0.135    21.5230     5.0587     57.337  35.786025     38.450      7.184   190.9400     3.6474     2.1659     0.0241      0.002      0.132      0.192        153 8.8258e+01 0.0000e+00
      0.134    21.5234     5.0500     57.239  35.773916     38.450      7.184   190.9022     3.6474     2.0719     0.0241      0.002      0.132      0.191        154 8.8539e+01 0.0000e+00
      0.134    21.5236     5.0434     57.164  35.785512     38.449      7.183   191.2807     3.6231     2.0987     0.0241      0.001      0.132      0.191        155 8.8860e+01 0.0000e+00
      0.134    21.5239     5.0335     57.054  35.801252     38.479      7.181   191.5079     3.4654     1.9913     0.0241      0.000      0.132      0.191        156 8.9067e+01 0.0000e+00
      0.135    21.5240     5.0267     56.976  35.783987     38.449      7.180   191.0915     3.4776     1.9913     0.0241      0.000      0.133      0.192        157 8.8245e+01 0.0000e+00
      0.137    21.5240     5.0186     56.885  35.777340     38.449      7.181   191.6972     3.4412     2.0182     0.0241      0.001      0.134      0.194        158 8.8123e+01 0.0000e+00
      0.136    21.5245     5.0144     56.837  35.839182     38.509      7.176   191.9622     3.4412     1.9107     0.0241      0.001      0.134      0.194        159 8.8213e+01 0.0000e+00
      0.137    21.5248     5.0127     56.818  35.825659     38.509      7.175   191.8486     3.5948     1.9376     0.0241      0.001      0.134      0.194        160 8.8336e+01 0.0000e+00
      0.137    21.5254     5.0024     56.702  35.794169     38.448      7.176   191.9243     3.5787     1.9510     0.0241      0.002      0.134      0.195        161 8.8154e+01 0.0000e+00
      0.137    21.5258     4.9974     56.646  35.848713     38.538      7.173   192.2272     3.6110     1.9779     0.0241      0.002      0.135      0.195        162 8.7507e+01 0.0000e+00
      0.137    21.5260     4.9927     56.593  35.787437     38.447      7.173   191.9622     3.5665     1.9376     0.0241      0.002      0.135      0.195        163 8.7862e+01 0.0000e+00
      0.137    21.5265     4.9865     56.524  35.781448     38.447      7.173   192.4543     3.5787     1.9376     0.0241      0.001      0.135      0.195        164 8.8605e+01 0.0000e+00
      0.136    21.5270     4.9794     56.444  35.767191     38.447      7.170   192.9465     3.5867     1.9913     0.0241      0.001      0.134      0.194        165 8.8841e+01 0.0000e+00
      0.135    21.5276     4.9752     56.398  35.745864     38.386      7.166   193.0979     3.5787     2.0450     0.0241     -0.000      0.132      0.192        166 8.9142e+01 0.0000e+00
      0.134    21.5279     4.9689     56.326  35.837647     38.536      7.162   193.0600     3.5706     2.0182     0.0241     -0.001      0.132      0.191        167 8.8683e+01 0.0000e+00
      0.135    21.5280     4.9671     56.307  35.801260     38.445      7.164   193.2115     3.5746     1.8436     0.0241     -0.001      0.133      0.192        168 8.7742e+01 0.0000e+00
      0.137    21.5283     4.9612     56.240  35.761490     38.445      7.164   193.5900     3.5665     1.9107     0.0241     -0.001      0.133      0.193        169 8.8050e+01 0.0000e+00
      0.136    21.5288     4.9488     56.099  35.798164     38.445      7.161   193.5900     3.5989     2.0182     0.0241     -0.001      0.133      0.193        170 8.8825e+01 0.0000e+00
