Data/DataNotYetUploadedToEDI/Raw_CTD/RawDownloads/100118_fcr50.cnv
* Sea-Bird SBE19plus  Data File:
* FileName = C:\DATA\100118_fcr_0005.hex
* Software version 2.6.3.104
* Temperature SN = 7809
* Conductivity SN = 7809
* System UpLoad Time = Oct 01 2018 14:30:00
* <ApplicationData>
* <Seaterm232>
# nquan = 17
# nvalues = 782                         
# units = specified
# name 0 = depFM: Depth [fresh water, m]
# name 1 = tv290C: Temperature [ITS-90, deg C]
# name 2 = sbeox0Mg/L: Oxygen, SBE 43 [mg/l]
# name 3 = sbeox0PS: Oxygen, SBE 43 [% saturation]
# name 4 = c0uS/cm: Conductivity [uS/cm]
# name 5 = specc: Specific Conductance [uS/cm]
# name 6 = ph: pH
# name 7 = orp: Oxidation Reduction Potential [mV]
# name 8 = flECO-AFL: Fluorescence, WET Labs ECO-AFL/FL [mg/m^3]
# name 9 = turbWETntu0: Turbidity, WET Labs ECO [NTU]
# name 10 = sal00: Salinity, Practical [PSU]
# name 11 = dz/dtM: Descent Rate [m/s]
# name 12 = prdM: Pressure, Strain Gauge [db]
# name 13 = prdE: Pressure, Strain Gauge [psi]
# name 14 = scan: Scan Count
# name 15 = par/sat/log: PAR/Logarithmic, Satlantic
# name 16 = flag:  0.000e+00
# span 0 =     -0.463,      9.867       
# span 1 =    12.7857,    24.8609       
# span 2 =     0.0798,     9.0004       
# span 3 =      0.758,    101.602       
# span 4 =  -1.102902, 224.456336       
# span 5 =     -1.028,    300.078       
# span 6 =      6.276,      8.067       
# span 7 =    42.2367,  1240.2295       
# span 8 =    -0.2021,     6.9430       
# span 9 =    -0.3854,    32.6607       
# span 10 =     0.0000,     0.1423      
# span 11 =     -0.145,      0.241      
# span 12 =     -0.454,      9.676      
# span 13 =     -0.658,     14.034      
# span 14 =          1,        782      
# span 15 = 1.2363e-01, 9.6423e+02      
# span 16 = 0.0000e+00, 0.0000e+00      
# interval = seconds: 0.25
# start_time = Oct 01 2018 16:48:50 [Instrument's time stamp, header]
# bad_flag = -9.990e-29
*END*
[from data line 681]
      7.597    14.0722     0.1040      1.007  80.456530    102.901      6.413   112.1212     3.1702     1.8167     0.0501      0.102      7.449     10.803        682 1.2543e-01 0.0000e+00
      7.628    14.0446     0.1017      0.984  79.791948    101.928      6.415   111.8184     3.2349     1.8436     0.0497      0.105      7.478     10.846        683 1.2540e-01 0.0000e+00
      7.653    14.0204     0.1059      1.025  79.704134    102.067      6.416   110.4555     3.2309     1.8436     0.0497      0.107      7.503     10.883        684 1.2556e-01 0.0000e+00
      7.672    14.0027     0.0974      0.943  79.525500    101.781      6.422   110.8719     3.2511     1.8570     0.0496      0.108      7.524     10.913        685 1.2553e-01 0.0000e+00
      7.693    13.9889     0.0961      0.930  79.271199    101.593      6.426   110.1527     3.2228     1.9510     0.0495      0.108      7.545     10.943        686 1.2550e-01 0.0000e+00
      7.717    13.9741     0.0968      0.936  79.247830    101.567      6.431   108.8276     3.2309     1.8705     0.0495      0.106      7.569     10.977        687 1.2552e-01 0.0000e+00
      7.742    13.9597     0.0950      0.918  79.079037    101.423      6.432   107.7298     3.2592     1.9376     0.0494      0.101      7.595     11.015        688 1.2563e-01 0.0000e+00
      7.774    13.9444     0.1009      0.975  78.946267    101.247      6.435   107.3512     3.2349     1.9645     0.0493      0.098      7.624     11.056        689 1.2547e-01 0.0000e+00
      7.804    13.9262     0.0993      0.959  78.996959    101.392      6.436   106.1776     3.2592     1.7899     0.0494      0.097      7.650     11.095        690 1.2547e-01 0.0000e+00
      7.824    13.9103     0.1013      0.978  79.105135    101.539      6.440   103.9062     3.2349     1.8302     0.0495      0.097      7.670     11.125        691 1.2546e-01 0.0000e+00
      7.837    13.8950     0.1032      0.996  79.168333    101.695      6.440   103.3005     3.2269     1.8973     0.0495      0.096      7.689     11.151        692 1.2536e-01 0.0000e+00
      7.861    13.8787     0.1065      1.028  79.364173    101.952      6.444   103.1491     3.2713     1.9645     0.0496      0.096      7.710     11.182        693 1.2556e-01 0.0000e+00
      7.887    13.8642     0.0975      0.941  79.455893    102.172      6.444   100.2341     3.2309     1.8705     0.0497      0.095      7.733     11.216        694 1.2551e-01 0.0000e+00
      7.907    13.8525     0.0985      0.950  79.440604    102.108      6.447   100.1205     3.2673     1.9645     0.0497      0.092      7.754     11.247        695 1.2550e-01 0.0000e+00
      7.927    13.8428     0.1004      0.969  79.442664    102.253      6.450    99.1741     3.2471     1.6690     0.0497      0.088      7.779     11.282        696 1.2551e-01 0.0000e+00
      7.965    13.8258     0.0950      0.916  79.661412    102.429      6.450    99.5148     3.2471     1.6422     0.0498      0.088      7.811     11.329        697 1.2542e-01 0.0000e+00
      8.003    13.8051     0.0963      0.928  80.357344    103.499      6.447    97.5840     3.2309     1.6153     0.0503      0.094      7.845     11.378        698 1.2553e-01 0.0000e+00
      8.028    13.7898     0.0982      0.945  80.687013    103.869      6.450    96.6755     3.2552     1.6422     0.0505      0.102      7.874     11.420        699 1.2546e-01 0.0000e+00
      8.059    13.7721     0.1043      1.004  80.915735    104.251      6.448    96.4105     3.2754     1.8839     0.0506      0.109      7.904     11.464        700 1.2545e-01 0.0000e+00
      8.094    13.7562     0.1000      0.963  81.618451    105.193      6.449    95.2748     3.2269     1.8033     0.0511      0.115      7.935     11.508        701 1.2563e-01 0.0000e+00
      8.118    13.7475     0.1009      0.971  81.833878    105.567      6.447    94.7826     3.2673     1.8973     0.0512      0.119      7.960     11.546        702 1.2562e-01 0.0000e+00
      8.139    13.7391     0.1048      1.008  81.925885    105.611      6.450    93.5333     3.2552     1.8839     0.0512      0.119      7.982     11.577        703 1.2549e-01 0.0000e+00
      8.161    13.7308     0.1049      1.009  82.425505    106.428      6.452    94.1012     3.2066     1.6959     0.0516      0.115      8.002     11.607        704 1.2546e-01 0.0000e+00
      8.180    13.7193     0.0965      0.927  82.757945    106.742      6.457    92.2083     3.2349     1.6690     0.0517      0.106      8.024     11.638        705 1.2557e-01 0.0000e+00
      8.208    13.7016     0.1008      0.968  83.206666    107.451      6.457    91.6783     3.2471     1.7496     0.0521      0.100      8.051     11.678        706 1.2564e-01 0.0000e+00
      8.244    13.6834     0.0951      0.914  83.710260    108.062      6.459    91.8676     3.2552     1.6422     0.0523      0.100      8.084     11.725        707 1.2558e-01 0.0000e+00
      8.281    13.6635     0.0941      0.904  84.569051    109.233      6.457    90.8833     3.2794     1.9376     0.0529      0.102      8.118     11.774        708 1.2553e-01 0.0000e+00
      8.311    13.6420     0.1000      0.960  85.794794    110.915      6.460    90.0505     3.2754     1.9645     0.0536      0.105      8.145     11.813        709 1.2558e-01 0.0000e+00
      8.324    13.6272     0.0912      0.875  86.168878    111.441      6.458    90.2019     3.2471     1.9376     0.0539      0.107      8.164     11.841        710 1.2556e-01 0.0000e+00
      8.343    13.6150     0.0948      0.909  86.273979    111.579      6.461    88.9526     3.2349     1.8705     0.0539      0.107      8.183     11.869        711 1.2547e-01 0.0000e+00
      8.370    13.6068     0.0988      0.947  87.239904    112.925      6.459    88.3469     3.2107     1.9107     0.0545      0.106      8.204     11.900        712 1.2548e-01 0.0000e+00
      8.384    13.6015     0.0984      0.944  87.583422    113.469      6.461    87.3626     3.1622     1.5885     0.0548      0.101      8.222     11.925        713 1.2558e-01 0.0000e+00
      8.400    13.5885     0.0889      0.852  87.481878    113.167      6.466    86.6054     3.1905     1.7362     0.0546      0.091      8.238     11.949        714 1.2555e-01 0.0000e+00
      8.420    13.5699     0.0960      0.920  88.585455    114.814      6.466    86.4540     3.2147     1.6422     0.0554      0.082      8.255     11.973        715 1.2563e-01 0.0000e+00
      8.432    13.5539     0.0958      0.917  89.421566    115.835      6.470    85.1669     3.1500     1.7228     0.0558      0.074      8.270     11.994        716 1.2559e-01 0.0000e+00
      8.447    13.5353     0.0995      0.952  89.533987    116.072      6.469    84.1447     3.2673     1.6959     0.0559      0.069      8.287     12.019        717 1.2546e-01 0.0000e+00
      8.471    13.5109     0.1044      0.999  91.419439    118.411      6.472    82.2519     3.2309     1.7362     0.0570      0.070      8.308     12.049        718 1.2549e-01 0.0000e+00
      8.494    13.4948     0.0889      0.850  93.588364    121.665      6.476    81.6083     3.2592     1.6825     0.0585      0.070      8.330     12.082        719 1.2546e-01 0.0000e+00
      8.517    13.4791     0.0964      0.923  94.270269    122.147      6.479    81.3811     3.2713     1.6288     0.0587      0.071      8.352     12.113        720 1.2554e-01 0.0000e+00
      8.538    13.4569     0.0981      0.939  96.668503    125.654      6.481    79.7533     3.2390     1.5348     0.0603      0.076      8.372     12.142        721 1.2550e-01 0.0000e+00
      8.555    13.4425     0.0980      0.938  98.843905    128.474      6.481    79.1854     3.2390     1.6422     0.0616      0.078      8.389     12.167        722 1.2541e-01 0.0000e+00
      8.569    13.4325     0.0909      0.870  99.803580    129.642      6.487    78.8447     3.2552     1.6690     0.0621      0.078      8.403     12.188        723 1.2540e-01 0.0000e+00
      8.582    13.4150     0.0914      0.875 101.097355    131.624      6.490    78.0118     3.2471     1.7362     0.0630      0.077      8.416     12.207        724 1.2530e-01 0.0000e+00
      8.595    13.3952     0.0931      0.891 102.381320    133.006      6.494    76.9140     3.2592     1.6959     0.0637      0.073      8.428     12.224        725 1.2539e-01 0.0000e+00
      8.606    13.3793     0.0913      0.873 104.186742    135.769      6.493    77.7090     3.2713     1.6690     0.0649      0.065      8.440     12.241        726 1.2553e-01 0.0000e+00
      8.620    13.3640     0.0945      0.904 105.516413    137.263      6.495    76.2326     3.2592     1.6690     0.0656      0.059      8.454     12.261        727 1.2548e-01 0.0000e+00
      8.636    13.3505     0.0929      0.889 106.797672    139.220      6.497    74.9454     3.2309     1.6556     0.0665      0.055      8.469     12.282        728 1.2546e-01 0.0000e+00
      8.650    13.3474     0.0897      0.858 108.038787    140.737      6.500    75.8161     3.2592     1.6153     0.0672      0.053      8.484     12.304        729 1.2554e-01 0.0000e+00
      8.665    13.3509     0.0890      0.851 109.895035    143.239      6.503    74.5668     3.2592     1.7093     0.0684      0.053      8.500     12.328        730 1.2540e-01 0.0000e+00
      8.688    13.3505     0.0867      0.829 112.822534    147.127      6.502    75.0590     3.2511     1.6690     0.0702      0.057      8.521     12.359        731 1.2537e-01 0.0000e+00
      8.714    13.3515     0.0837      0.799 115.023546    149.965      6.502    75.0590     3.2673     1.7496     0.0715      0.063      8.546     12.396        732 1.2541e-01 0.0000e+00
      8.741    13.3607     0.0886      0.845 124.307778    161.457      6.506    74.2640     3.2349     1.8033     0.0768      0.070      8.574     12.436        733 1.2548e-01 0.0000e+00
      8.775    13.3666     0.0916      0.873 138.773105    181.699      6.506    73.8097     3.2309     1.7093     0.0863      0.081      8.606     12.482        734 1.2568e-01 0.0000e+00
      8.811    13.3556     0.0918      0.874 143.386388    186.635      6.502    72.6740     3.2673     1.7496     0.0886      0.092      8.637     12.528        735 1.2552e-01 0.0000e+00
      8.837    13.3364     0.0906      0.862 142.499278    185.798      6.503    72.5604     3.2754     1.6959     0.0882      0.102      8.661     12.563        736 1.2542e-01 0.0000e+00
      8.850    13.3304     0.1003      0.954 141.874485    184.937      6.509    71.8033     3.2390     1.7899     0.0878      0.106      8.675     12.582        737 1.2558e-01 0.0000e+00
      8.853    13.3382     0.0989      0.941 141.152621    183.968      6.516    71.8033     3.2592     1.7228     0.0873      0.101      8.681     12.591        738 1.2553e-01 0.0000e+00
      8.854    13.3375     0.1010      0.960 141.549145    184.768      6.524    71.6518     3.2754     1.7228     0.0877      0.089      8.687     12.601        739 1.2554e-01 0.0000e+00
      8.871    13.3152     0.1006      0.955 141.917679    184.910      6.528    69.9104     3.2188     1.6556     0.0878      0.076      8.705     12.626        740 1.2565e-01 0.0000e+00
      8.905    13.2793     0.0984      0.934 141.409521    184.657      6.533    69.3425     3.2228     1.6959     0.0876      0.068      8.738     12.672        741 1.2556e-01 0.0000e+00
      8.953    13.2353     0.0945      0.896 139.230095    181.465      6.540    69.0397     3.2430     1.6556     0.0861      0.070      8.779     12.733        742 1.2554e-01 0.0000e+00
      8.999    13.1904     0.1029      0.976 137.475123    179.693      6.546    71.4247     3.2390     1.6288     0.0853      0.080      8.818     12.790        743 1.2563e-01 0.0000e+00
      9.023    13.1621     0.0960      0.910 136.826643    178.759      6.557    71.5383     3.2511     1.6690     0.0848      0.095      8.846     12.830        744 1.2554e-01 0.0000e+00
      9.040    13.1439     0.0934      0.885 136.788051    179.195      6.569    71.1597     3.2511     1.8705     0.0850      0.108      8.869     12.863        745 1.2545e-01 0.0000e+00
      9.070    13.1180     0.0948      0.898 136.539574    178.809      6.578    69.9861     3.2511     1.8302     0.0848      0.119      8.897     12.904        746 1.2554e-01 0.0000e+00
      9.106    13.0897     0.0943      0.893 136.331137    178.710      6.593    69.5697     3.2511     1.7630     0.0848      0.127      8.929     12.950        747 1.2547e-01 0.0000e+00
      9.137    13.0650     0.1039      0.984 136.481158    179.015      6.606    69.7590     3.2309     1.9510     0.0849      0.127      8.960     12.995        748 1.2538e-01 0.0000e+00
      9.166    13.0389     0.0969      0.918 136.174086    178.745      6.617    68.6232     3.2309     1.8705     0.0848      0.122      8.990     13.040        749 1.2549e-01 0.0000e+00
      9.199    13.0143     0.0896      0.848 135.521084    178.009      6.629    68.0932     3.3522     1.8705     0.0844      0.116      9.023     13.087        750 1.2555e-01 0.0000e+00
      9.239    12.9891     0.0913      0.864 135.386273    177.876      6.642    66.2382     3.3118     1.9645     0.0844      0.118      9.058     13.137        751 1.2556e-01 0.0000e+00
      9.268    12.9635     0.0926      0.876 135.954433    178.876      6.648    66.3518     3.3279     1.8973     0.0848      0.124      9.087     13.179        752 1.2558e-01 0.0000e+00
      9.288    12.9433     0.0923      0.873 136.155328    179.142      6.659    64.5347     3.2996     1.8705     0.0849      0.125      9.111     13.214        753 1.2550e-01 0.0000e+00
      9.316    12.9247     0.0896      0.847 136.716038    180.043      6.666    64.4211     3.6029     2.0853     0.0853      0.122      9.137     13.252        754 1.2538e-01 0.0000e+00
      9.348    12.9098     0.0884      0.836 138.207636    182.097      6.677    63.0582     3.5706     2.1659     0.0863      0.119      9.167     13.297        755 1.2547e-01 0.0000e+00
      9.381    12.8986     0.0874      0.826 139.008835    183.336      6.685    62.3768     3.5867     2.1524     0.0869      0.118      9.201     13.345        756 1.2558e-01 0.0000e+00
      9.419    12.8865     0.0882      0.834 140.369331    184.927      6.691    62.0361     3.5989     2.1390     0.0876      0.119      9.237     13.396        757 1.2550e-01 0.0000e+00
      9.455    12.8742     0.0937      0.885 143.848617    189.911      6.698    61.2032     3.6878     2.1927     0.0899      0.121      9.273     13.448        758 1.2551e-01 0.0000e+00
      9.490    12.8658     0.0920      0.869 148.782361    196.129      6.704    61.2411     3.6838     2.2330     0.0928      0.124      9.313     13.507        759 1.2551e-01 0.0000e+00
      9.547    12.8590     0.0885      0.837 157.402747    207.770      6.709    60.1432     3.6878     2.2599     0.0983      0.135      9.362     13.578        760 1.2540e-01 0.0000e+00
      9.600    12.8450     0.0872      0.824 163.788111    216.655      6.717    60.2568     3.7000     2.2733     0.1025      0.150      9.410     13.648        761 1.2544e-01 0.0000e+00
      9.639    12.8271     0.0873      0.825 163.363225    215.465      6.724    60.0297     3.7444     2.2196     0.1019      0.160      9.449     13.705        762 1.2548e-01 0.0000e+00
      9.669    12.8137     0.0891      0.843 162.974604    215.436      6.735    59.4618     3.7444     2.2062     0.1019      0.164      9.477     13.745        763 1.2551e-01 0.0000e+00
      9.684    12.8073     0.0864      0.817 163.406224    215.909      6.743    58.8561     3.7606     2.1927     0.1021      0.159      9.494     13.769        764 1.2552e-01 0.0000e+00
      9.688    12.8053     0.0860      0.814 163.214115    215.837      6.751    58.3261     3.7606     2.2464     0.1021      0.145      9.504     13.783        765 1.2553e-01 0.0000e+00
