Data/DataNotYetUploadedToEDI/Raw_CTD/RawDownloads/100118_fcr10.cnv
* Sea-Bird SBE19plus  Data File:
* FileName = C:\DATA\100118_fcr_0001.hex
* Software version 2.6.3.104
* Temperature SN = 7809
* Conductivity SN = 7809
* System UpLoad Time = Oct 01 2018 14:28:14
* <ApplicationData>
* <Seaterm232>
# nquan = 17
# nvalues = 592                         
# units = specified
# name 0 = depFM: Depth [fresh water, m]
# name 1 = tv290C: Temperature [ITS-90, deg C]
# name 2 = sbeox0Mg/L: Oxygen, SBE 43 [mg/l]
# name 3 = sbeox0PS: Oxygen, SBE 43 [% saturation]
# name 4 = c0uS/cm: Conductivity [uS/cm]
# name 5 = specc: Specific Conductance [uS/cm]
# name 6 = ph: pH
# name 7 = orp: Oxidation Reduction Potential [mV]
# name 8 = flECO-AFL: Fluorescence, WET Labs ECO-AFL/FL [mg/m^3]
# name 9 = turbWETntu0: Turbidity, WET Labs ECO [NTU]
# name 10 = sal00: Salinity, Practical [PSU]
# name 11 = dz/dtM: Descent Rate [m/s]
# name 12 = prdM: Pressure, Strain Gauge [db]
# name 13 = prdE: Pressure, Strain Gauge [psi]
# name 14 = scan: Scan Count
# name 15 = par/sat/log: PAR/Logarithmic, Satlantic
# name 16 = flag:  0.000e+00
# span 0 =     -0.466,      2.683       
# span 1 =    20.0218,    23.7865       
# span 2 =     4.6210,     9.1291       
# span 3 =     52.072,    102.370       
# span 4 =  -0.248200,  36.415515       
# span 5 =      0.579,     40.429       
# span 6 =      6.202,      7.782       
# span 7 =    98.1898,  1240.2295       
# span 8 =    -0.1819,     6.8540       
# span 9 =    -0.2512,    55.4882       
# span 10 =     0.0114,     0.0245      
# span 11 =     -0.244,      0.270      
# span 12 =     -0.457,      2.631      
# span 13 =     -0.662,      3.817      
# span 14 =          1,        592      
# span 15 = 1.2720e+01, 1.4451e+03      
# span 16 = 0.0000e+00, 0.0000e+00      
# interval = seconds: 0.25
# start_time = Oct 01 2018 14:10:55 [Instrument's time stamp, header]
# bad_flag = -9.990e-29
*END*
     -0.466    23.7604     8.2890     98.063   0.617500      0.637      6.225  1240.2295    -0.1617    -0.0766     0.0114      0.000     -0.457     -0.662          1 6.4024e+02 0.0000e+00
     -0.466    23.7619     8.2866     98.035   0.567784      0.580      6.222  1240.2295    -0.1617     0.0040     0.0114     -0.000     -0.457     -0.662          2 4.5116e+02 0.0000e+00
     -0.466    23.7642     8.2871     98.042   0.566765      0.580      6.216  1240.2295    -0.1536     0.0040     0.0114     -0.000     -0.457     -0.662          3 1.1313e+03 0.0000e+00
     -0.466    23.7666     8.2922     98.104   0.618768      0.637      6.212  1240.2295    -0.1617    -0.0363     0.0114     -0.000     -0.457     -0.662          4 1.2552e+03 0.0000e+00
     -0.466    23.7680     8.2878     98.053   0.562280      0.580      6.204  1240.2295    -0.1496     0.0443     0.0114     -0.000     -0.457     -0.662          5 9.5946e+02 0.0000e+00
     -0.465    23.7680     8.2879     98.055   0.577850      0.580      6.206  1240.2295    -0.1415     0.1248     0.0114      0.000     -0.456     -0.662          6 8.4431e+02 0.0000e+00
     -0.465    23.7678     8.3130     98.074   0.599392      0.637      6.206  1240.2295    -0.1698     0.0980     0.0114      0.000     -0.456     -0.662          7 7.0108e+02 0.0000e+00
     -0.465    23.7703     8.4127     98.108   0.594686      0.580      6.212  1240.2295    -0.1698    -0.1974     0.0114      0.000     -0.456     -0.662          8 7.2336e+02 0.0000e+00
     -0.465    23.7728     8.5020     98.109   0.583707      0.637      6.236  1240.2295    -0.1698    -0.1974     0.0114      0.000     -0.456     -0.662          9 7.2463e+02 0.0000e+00
     -0.465    23.7754     8.5652     98.129   0.613055      0.579      6.202  1240.2295    -0.1658    -0.1437     0.0114      0.000     -0.456     -0.662         10 6.6310e+02 0.0000e+00
     -0.465    23.7757     8.6197     98.133   0.558163      0.637      6.215  1240.2295    -0.1415    -0.1706     0.0114      0.000     -0.456     -0.661         11 6.4922e+02 0.0000e+00
     -0.465    23.7779     8.6709     98.167   0.652019      0.579      6.229  1240.2295    -0.1577    -0.1572     0.0114      0.000     -0.456     -0.661         12 9.1628e+02 0.0000e+00
     -0.465    23.7757     8.7191     98.340   0.496253      0.637      6.240  1081.3426    -0.1617    -0.1706     0.0114      0.000     -0.456     -0.661         13 1.1366e+03 0.0000e+00
     -0.465    23.7807     8.7683     98.669   0.811224      0.637      6.386  1240.2295    -0.1496    -0.1974     0.0114      0.000     -0.456     -0.661         14 1.1834e+03 0.0000e+00
     -0.465    23.7746     8.8215     99.139   0.260044      0.579      6.761  1240.2295    -0.1819    -0.1840     0.0114     -0.000     -0.456     -0.661         15 1.2653e+03 0.0000e+00
     -0.465    23.7865     8.8873     99.793   1.063760      0.579      6.651  1240.2295    -0.1617    -0.2512     0.0114      0.000     -0.455     -0.660         16 1.3299e+03 0.0000e+00
     -0.465    23.6062     8.9449    100.393  -0.248200      0.579      6.506  1240.2295    -0.1698    -0.0363     0.0114      0.000     -0.445     -0.646         17 1.3491e+03 0.0000e+00
     -0.430    23.0245     8.9935    100.910   1.892755      0.579      6.317  1240.2295    -0.1819     0.0577     0.0114      0.009     -0.414     -0.601         18 1.3939e+03 0.0000e+00
     -0.373    22.4565     9.0614    101.629  15.163141     16.823      6.450  1240.2295    -0.1415     0.0443     0.0161      0.031     -0.361     -0.524         19 1.4203e+03 0.0000e+00
     -0.304    22.0850     9.1064    102.103  26.722477     26.810      6.887    99.4769    -0.1698    -0.0497     0.0198      0.065     -0.295     -0.427         20 1.4451e+03 0.0000e+00
     -0.225    21.7536     9.1291    102.370  34.386799     37.250      7.410   106.7834     0.4246     3.3744     0.0239      0.109     -0.221     -0.321         21 1.4168e+03 0.0000e+00
     -0.150    21.4711     9.0066    101.010  35.478501     37.043      7.670   112.5755     0.4206     3.4012     0.0237      0.157     -0.151     -0.219         22 8.9097e+02 0.0000e+00
     -0.089    21.2732     8.8723     99.502  34.110650     36.854      7.753   114.1655     0.4206     3.3744     0.0235      0.200     -0.086     -0.125         23 2.1020e+02 0.0000e+00
     -0.023    21.1575     8.7110     97.692  34.517413     36.901      7.782    98.1898     0.4570     3.3610     0.0235      0.236     -0.021     -0.030         24 9.1842e+01 0.0000e+00
      0.049    21.0890     8.4866     95.180  34.082729     36.966      7.772   103.0733     4.1690     2.2464     0.0234      0.261      0.046      0.066         25 1.0353e+02 0.0000e+00
      0.113    21.0464     8.2196     92.184  34.384796     37.151      7.732   106.5184     4.1367     2.4210     0.0235      0.270      0.109      0.157         26 4.9007e+01 0.0000e+00
      0.170    21.0217     7.9430     89.084  34.289837     37.265      7.697   111.9698     4.1286     2.2599     0.0235      0.268      0.165      0.239         27 5.8124e+01 0.0000e+00
      0.222    21.0072     7.6891     86.243  34.349218     37.240      7.653   116.5505     4.1731     2.2733     0.0235      0.259      0.212      0.307         28 4.4436e+01 0.0000e+00
      0.257    20.9854     7.4725     83.823  34.548169     37.563      7.607   129.2706     4.1286     2.3002     0.0236      0.242      0.245      0.355         29 4.0562e+01 0.0000e+00
      0.271    20.9707     7.3460     82.415  34.783672     37.787      7.548   139.5299     5.7663     2.2867     0.0237      0.218      0.260      0.377         30 3.7547e+01 0.0000e+00
      0.270    20.9762     7.2396     81.240  34.827223     37.866      7.520   136.8799     5.7784     2.3941     0.0237      0.186      0.263      0.382         31 4.0469e+01 0.0000e+00
      0.266    20.9833     7.1275     79.998  34.760893     37.818      7.480   141.1577     5.7986     2.2062     0.0237      0.145      0.260      0.378         32 3.9554e+01 0.0000e+00
      0.262    20.9823     7.0411     79.031  34.480685     37.478      7.449   146.2306     5.7663     2.3404     0.0235      0.102      0.255      0.370         33 4.0908e+01 0.0000e+00
      0.252    20.9823     6.9789     78.334  34.286234     37.290      7.427   145.9278     4.9697     2.1659     0.0235      0.061      0.248      0.359         34 4.4879e+01 0.0000e+00
      0.244    20.9843     6.9380     77.883  34.231813     37.200      7.403   145.7763     4.9656     2.1390     0.0234      0.025      0.241      0.350         35 4.5933e+01 0.0000e+00
      0.243    20.9836     6.9095     77.569  34.281507     37.291      7.387   148.8806     4.9899     2.1524     0.0235     -0.000      0.238      0.346         36 4.4948e+01 0.0000e+00
      0.243    20.9846     6.8788     77.221  34.313361     37.289      7.378   151.4549     4.9778     2.1390     0.0235     -0.013      0.236      0.343         37 4.8601e+01 0.0000e+00
      0.237    20.9892     6.8211     76.566  34.310794     37.321      7.365   153.0071     4.7715     2.1122     0.0235     -0.018      0.231      0.335         38 5.2123e+01 0.0000e+00
      0.227    20.9943     6.7614     75.885  34.314356     37.289      7.360   153.4992     4.8241     2.1390     0.0235     -0.020      0.224      0.325         39 5.2704e+01 0.0000e+00
      0.222    21.0019     6.6996     75.182  34.338584     37.346      7.363   154.5214     4.7796     2.1927     0.0235     -0.021      0.221      0.320         40 5.2314e+01 0.0000e+00
      0.226    21.0134     6.6286     74.375  34.369611     37.342      7.364   154.8242     4.8120     2.0450     0.0235     -0.018      0.223      0.324         41 5.1245e+01 0.0000e+00
      0.235    21.0229     6.5312     73.276  34.512993     37.518      7.365   156.6414     4.9616     2.2733     0.0236     -0.012      0.228      0.332         42 4.9382e+01 0.0000e+00
      0.238    21.0253     6.4491     72.349  34.634647     37.630      7.363   158.6099     4.9414     2.0450     0.0236     -0.006      0.232      0.336         43 4.9969e+01 0.0000e+00
      0.237    21.0263     6.3844     71.617  34.544431     37.531      7.355   159.8214     4.9737     2.1793     0.0236     -0.003      0.231      0.335         44 5.0653e+01 0.0000e+00
      0.232    21.0310     6.3774     71.533  34.476978     37.438      7.347   160.8814     4.9575     2.1927     0.0235     -0.000      0.228      0.331         45 5.0828e+01 0.0000e+00
      0.230    21.0349     6.4232     72.043  34.510992     37.498      7.340   160.5407     4.9373     2.2733     0.0236      0.002      0.226      0.328         46 5.1499e+01 0.0000e+00
      0.230    21.0333     6.5015     72.917  34.531756     37.494      7.323   161.8278     4.9778     2.2196     0.0236      0.003      0.226      0.328         47 5.1102e+01 0.0000e+00
      0.231    21.0279     6.5880     73.884  34.510449     37.491      7.307   162.8878     4.9575     2.1793     0.0236      0.002      0.226      0.328         48 5.0746e+01 0.0000e+00
      0.230    21.0209     6.6753     74.856  34.478195     37.432      7.298   163.6450     4.9494     2.0584     0.0235     -0.001      0.227      0.329         49 4.9994e+01 0.0000e+00
      0.233    21.0141     6.7725     75.940  34.482926     37.466      7.295   165.5378     4.9656     2.0719     0.0236     -0.003      0.228      0.330         50 4.9574e+01 0.0000e+00
      0.232    21.0075     6.8528     76.840  34.474906     37.442      7.289   166.2192     4.9171     2.1793     0.0235     -0.002      0.228      0.331         51 5.0838e+01 0.0000e+00
      0.232    21.0029     6.9133     77.520  34.458522     37.447      7.281   167.2414     4.9050     2.2733     0.0235     -0.001      0.227      0.330         52 5.1578e+01 0.0000e+00
      0.230    20.9990     6.9441     77.871  34.473662     37.453      7.262   168.0742     4.8969     2.1793     0.0235      0.000      0.224      0.325         53 5.1851e+01 0.0000e+00
      0.223    20.9942     6.9502     77.942  34.456069     37.456      7.250   168.3771     4.8888     2.1659     0.0235     -0.002      0.219      0.318         54 5.3200e+01 0.0000e+00
      0.217    20.9906     6.9358     77.782  34.421108     37.399      7.246   167.2792     4.9778     2.2196     0.0235     -0.005      0.214      0.311         55 5.3786e+01 0.0000e+00
      0.215    20.9881     6.9087     77.480  34.368890     37.372      7.250   167.3550     4.9737     2.1793     0.0235     -0.008      0.212      0.308         56 5.3910e+01 0.0000e+00
      0.217    20.9853     6.8760     77.113  34.372773     37.345      7.259   167.8092     4.9616     2.1793     0.0235     -0.010      0.214      0.310         57 5.3142e+01 0.0000e+00
      0.221    20.9825     6.8391     76.702  34.445935     37.469      7.264   167.6200     4.9454     2.1122     0.0235     -0.009      0.217      0.315         58 5.1451e+01 0.0000e+00
      0.224    20.9781     6.7988     76.254  34.426125     37.410      7.268   169.9671     5.1152     2.2062     0.0235     -0.006      0.219      0.319         59 5.0833e+01 0.0000e+00
      0.225    20.9738     6.7633     75.860  34.516052     37.534      7.268   170.8757     5.0910     2.0853     0.0236     -0.003      0.221      0.321         60 5.0387e+01 0.0000e+00
      0.228    20.9730     6.7213     75.392  34.541619     37.568      7.262   171.0271     5.1031     2.2196     0.0236      0.001      0.224      0.324         61 4.9499e+01 0.0000e+00
      0.231    20.9748     6.6891     75.032  34.423967     37.420      7.260   172.2385     5.0748     2.2196     0.0235      0.006      0.227      0.329         62 4.7837e+01 0.0000e+00
      0.235    20.9779     6.6666     74.779  34.454874     37.481      7.250   173.6014     5.2770     2.1927     0.0235      0.010      0.230      0.334         63 4.7348e+01 0.0000e+00
      0.237    20.9797     6.6609     74.714  34.473497     37.479      7.235   173.2228     5.3012     2.1927     0.0235      0.011      0.231      0.336         64 4.8692e+01 0.0000e+00
      0.235    20.9808     6.6627     74.730  34.460103     37.477      7.227   172.9200     5.3093     2.3136     0.0235      0.009      0.229      0.333         65 4.9701e+01 0.0000e+00
      0.230    20.9823     6.6690     74.792  34.471544     37.475      7.224   172.5414     5.3053     2.1390     0.0235      0.006      0.225      0.327         66 5.0994e+01 0.0000e+00
      0.224    20.9826     6.6663     74.758  34.429602     37.444      7.214   174.3964     5.3093     2.0987     0.0235      0.002      0.220      0.320         67 5.2302e+01 0.0000e+00
      0.220    20.9837     6.6597     74.690  34.423328     37.412      7.203   174.8886     5.2810     2.2196     0.0235     -0.002      0.218      0.316         68 5.1792e+01 0.0000e+00
      0.221    20.9864     6.6460     74.545  34.449695     37.473      7.196   171.4435     5.2689     2.1390     0.0235     -0.006      0.218      0.316         69 5.0269e+01 0.0000e+00
      0.226    20.9894     6.6204     74.264  34.426445     37.411      7.198   170.9893     5.2972     2.1793     0.0235     -0.007      0.221      0.321         70 4.9281e+01 0.0000e+00
      0.229    20.9916     6.5874     73.898  34.452262     37.470      7.204   172.0114     5.2770     2.1390     0.0235     -0.006      0.225      0.326         71 4.8117e+01 0.0000e+00
      0.233    20.9923     6.5521     73.505  34.476877     37.467      7.209   171.5193     5.3012     2.0719     0.0235     -0.003      0.229      0.331         72 4.6206e+01 0.0000e+00
      0.235    20.9921     6.5046     72.977  34.484779     37.496      7.209   172.2007     5.2810     2.0987     0.0236      0.002      0.231      0.335         73 4.5097e+01 0.0000e+00
      0.237    20.9913     6.4684     72.575  34.472084     37.465      7.214   172.8064     5.2810     2.2196     0.0235      0.006      0.232      0.337         74 4.4515e+01 0.0000e+00
      0.238    20.9880     6.4452     72.320  34.463019     37.465      7.213   174.5100     5.2891     2.2062     0.0235      0.009      0.233      0.338         75 4.4608e+01 0.0000e+00
      0.238    20.9822     6.4278     72.130  34.525717     37.527      7.208   175.0778     5.4670     2.0987     0.0236      0.010      0.232      0.337         76 4.5331e+01 0.0000e+00
      0.234    20.9802     6.4128     71.967  34.512684     37.529      7.205   181.7029     5.4509     2.2196     0.0236      0.007      0.230      0.333         77 4.6044e+01 0.0000e+00
      0.231    20.9841     6.3959     71.784  34.479240     37.473      7.208   178.1064     5.4468     2.2733     0.0235      0.003      0.228      0.329         78 4.6502e+01 0.0000e+00
      0.230    20.9898     6.3790     71.600  34.537682     37.566      7.209   180.9836     5.4589     2.1659     0.0236     -0.000      0.226      0.327         79 4.6363e+01 0.0000e+00
      0.229    20.9941     6.3647     71.445  34.528923     37.533      7.209   183.3307     5.5358     2.1927     0.0236     -0.003      0.224      0.325         80 4.6140e+01 0.0000e+00
      0.229    20.9968     6.3368     71.138  34.519797     37.528      7.211   180.3021     5.5317     2.1390     0.0236     -0.005      0.224      0.325         81 4.6213e+01 0.0000e+00
      0.229    20.9991     6.3032     70.765  34.519382     37.525      7.206   179.7343     5.5398     2.1390     0.0236     -0.005      0.225      0.326         82 4.6435e+01 0.0000e+00
      0.229    21.0019     6.2504     70.179  34.470126     37.461      7.204   179.7721     5.5398     2.1256     0.0235     -0.005      0.225      0.326         83 4.6175e+01 0.0000e+00
      0.229    21.0050     6.2077     69.705  34.521780     37.520      7.207   179.9993     5.7137     2.1390     0.0236     -0.004      0.224      0.325         84 4.6065e+01 0.0000e+00
      0.229    21.0087     6.1517     69.084  34.544065     37.548      7.206   179.7721     5.7541     2.2464     0.0236     -0.002      0.224      0.325         85 4.6133e+01 0.0000e+00
