Data/DataNotYetUploadedToEDI/Raw_CTD/RawDownloads/100118_fcr30.cnv
* Sea-Bird SBE19plus  Data File:
* FileName = C:\DATA\100118_fcr_0003.hex
* Software version 2.6.3.104
* Temperature SN = 7809
* Conductivity SN = 7809
* System UpLoad Time = Oct 01 2018 14:28:55
* <ApplicationData>
* <Seaterm232>
# nquan = 17
# nvalues = 674                         
# units = specified
# name 0 = depFM: Depth [fresh water, m]
# name 1 = tv290C: Temperature [ITS-90, deg C]
# name 2 = sbeox0Mg/L: Oxygen, SBE 43 [mg/l]
# name 3 = sbeox0PS: Oxygen, SBE 43 [% saturation]
# name 4 = c0uS/cm: Conductivity [uS/cm]
# name 5 = specc: Specific Conductance [uS/cm]
# name 6 = ph: pH
# name 7 = orp: Oxidation Reduction Potential [mV]
# name 8 = flECO-AFL: Fluorescence, WET Labs ECO-AFL/FL [mg/m^3]
# name 9 = turbWETntu0: Turbidity, WET Labs ECO [NTU]
# name 10 = sal00: Salinity, Practical [PSU]
# name 11 = dz/dtM: Descent Rate [m/s]
# name 12 = prdM: Pressure, Strain Gauge [db]
# name 13 = prdE: Pressure, Strain Gauge [psi]
# name 14 = scan: Scan Count
# name 15 = par/sat/log: PAR/Logarithmic, Satlantic
# name 16 = flag:  0.000e+00
# span 0 =     -0.461,      5.524       
# span 1 =    17.0486,    21.8384       
# span 2 =     0.0936,     8.7346       
# span 3 =      0.980,     98.166       
# span 4 =   1.217757,  70.858517       
# span 5 =      1.289,     84.218       
# span 6 =      6.331,      7.992       
# span 7 =    57.2661,   247.3852       
# span 8 =    -0.4448,    10.0404       
# span 9 =    -0.7346,     6.1003       
# span 10 =     0.0107,     0.0427      
# span 11 =     -0.262,      0.179      
# span 12 =     -0.452,      5.417      
# span 13 =     -0.655,      7.856      
# span 14 =          1,        674      
# span 15 = 7.0247e-01, 2.0800e+03      
# span 16 = 0.0000e+00, 0.0000e+00      
# interval = seconds: 0.25
# start_time = Oct 01 2018 15:02:27 [Instrument's time stamp, header]
# bad_flag = -9.990e-29
*END*
[from data line 171]
      0.326    21.2182     4.7858     53.908  34.820231     37.674      7.184   196.1265     4.5370     2.0853     0.0237      0.001      0.320      0.464        172 3.8864e+01 0.0000e+00
      0.326    21.2171     5.1336     57.812  34.784766     37.614      7.181   196.2779     4.5653     2.2330     0.0237      0.002      0.320      0.465        173 3.8744e+01 0.0000e+00
      0.327    21.2164     5.7486     64.720  34.819514     37.675      7.178   197.1486     4.5774     2.1659     0.0237      0.002      0.321      0.466        174 3.8218e+01 0.0000e+00
      0.328    21.2169     6.4320     72.387  34.776988     37.615      7.177   197.4136     4.5451     2.1927     0.0237      0.002      0.321      0.466        175 3.8487e+01 0.0000e+00
      0.327    21.2180     7.1019     79.889  34.778377     37.616      7.167   197.4136     4.5249     2.1659     0.0237      0.002      0.320      0.465        176 3.8710e+01 0.0000e+00
      0.325    21.2194     7.7033     86.617  34.817787     37.676      7.163   197.6786     4.5693     2.0987     0.0237      0.001      0.319      0.463        177 3.8748e+01 0.0000e+00
      0.325    21.2208     8.1914     92.077  34.787257     37.615      7.162   197.8300     4.6138     2.1927     0.0237     -0.000      0.319      0.462        178 3.9111e+01 0.0000e+00
      0.325    21.2227     8.5345     95.915  34.816370     37.674      7.160   198.5493     4.6179     2.2196     0.0237     -0.001      0.318      0.461        179 3.9283e+01 0.0000e+00
      0.324    21.2237     8.7313     98.120  34.840869     37.673      7.163   198.8522     4.6381     2.1659     0.0237     -0.001      0.317      0.460        180 3.9056e+01 0.0000e+00
      0.323    21.2178     8.7346     98.166  34.756768     37.611      7.165   198.4358     4.5046     2.0719     0.0237     -0.002      0.317      0.460        181 3.8872e+01 0.0000e+00
      0.324    21.2070     8.6475     97.188  34.416868     37.217      7.163   199.4579     4.5168     2.0316     0.0235     -0.002      0.317      0.459        182 3.8702e+01 0.0000e+00
      0.321    21.1949     8.5329     95.877  34.166577     36.950      7.158   199.3822     4.5774     2.2196     0.0234     -0.003      0.315      0.457        183 3.8828e+01 0.0000e+00
      0.318    21.1806     8.4246     94.630  34.208218     37.019      7.152   199.4201     4.5410     2.2062     0.0234     -0.003      0.313      0.453        184 3.8987e+01 0.0000e+00
      0.317    21.1617     8.3222     93.463  34.216770     37.029      7.147   199.4958     4.4642     2.1927     0.0234     -0.004      0.312      0.453        185 3.8535e+01 0.0000e+00
      0.320    21.1380     8.2328     92.515  34.185596     37.010      7.149   199.6093     4.4480     2.0853     0.0234     -0.004      0.313      0.455        186 3.8494e+01 0.0000e+00
      0.322    21.1157     8.1450     91.614  34.217364     37.055      7.147   200.5558     4.4804     2.1659     0.0234     -0.003      0.314      0.457        187 3.8916e+01 0.0000e+00
      0.321    21.0998     8.0771     90.888  34.206900     37.074      7.147   200.7451     4.4683     2.1927     0.0234     -0.002      0.314      0.456        188 3.9540e+01 0.0000e+00
      0.319    21.0900     8.0493     90.553  34.228284     37.092      7.148   200.6693     4.5815     2.1390     0.0234     -0.002      0.313      0.454        189 3.9235e+01 0.0000e+00
      0.318    21.0867     8.0260     90.238  34.279729     37.196      7.150   201.0858     4.5936     2.1524     0.0235     -0.001      0.312      0.453        190 3.9100e+01 0.0000e+00
      0.316    21.0914     8.0146     90.063  34.231854     37.113      7.151   201.5779     4.5977     2.2196     0.0234     -0.001      0.310      0.450        191 3.9680e+01 0.0000e+00
      0.313    21.0911     7.9956     89.838  34.287869     37.207      7.153   201.0101     4.5977     2.0987     0.0235     -0.002      0.309      0.448        192 3.9304e+01 0.0000e+00
      0.317    21.0797     7.9788     89.663  34.298990     37.203      7.161   201.2751     4.6462     2.1524     0.0235     -0.002      0.311      0.452        193 3.8781e+01 0.0000e+00
      0.322    21.0627     7.9580     89.456  34.218015     37.112      7.162   201.4643     4.6664     2.1256     0.0234     -0.001      0.316      0.458        194 3.8553e+01 0.0000e+00
      0.327    21.0549     7.9414     89.279  34.210704     37.121      7.164   202.6379     4.6381     2.1793     0.0234      0.001      0.319      0.463        195 3.8574e+01 0.0000e+00
      0.326    21.0847     7.9284     89.120  34.159812     37.074      7.161   202.8272     4.6340     2.2196     0.0234      0.004      0.318      0.462        196 3.8665e+01 0.0000e+00
      0.320    21.1323     7.9049     88.850  34.162732     37.081      7.145   202.2215     4.6381     2.1659     0.0234      0.004      0.314      0.456        197 3.8762e+01 0.0000e+00
      0.316    21.1534     7.8842     88.604  34.236725     37.148      7.143   202.3729     4.7311     2.0987     0.0234      0.002      0.311      0.452        198 3.8455e+01 0.0000e+00
      0.317    21.1413     7.8599     88.321  34.215996     37.078      7.139   202.9408     4.7473     2.1122     0.0234      0.001      0.311      0.452        199 3.8407e+01 0.0000e+00
      0.320    21.1115     7.8445     88.142  34.218168     37.061      7.138   203.1679     4.7230     2.1122     0.0234      0.000      0.314      0.456        200 3.8816e+01 0.0000e+00
      0.323    21.0857     7.8306     87.990  34.293327     37.162      7.143   203.5086     4.7149     2.1122     0.0235     -0.001      0.315      0.458        201 3.8943e+01 0.0000e+00
      0.322    21.0784     7.8327     88.022  34.300403     37.186      7.150   203.9251     4.8564     2.1122     0.0235     -0.002      0.315      0.456        202 3.9126e+01 0.0000e+00
      0.317    21.0860     7.8423     88.124  34.298341     37.208      7.158   204.0008     4.8281     2.1524     0.0235     -0.003      0.311      0.451        203 3.9319e+01 0.0000e+00
      0.312    21.1012     7.8556     88.275  34.295904     37.213      7.152   204.4929     4.8484     2.1390     0.0235     -0.003      0.307      0.445        204 3.9162e+01 0.0000e+00
      0.310    21.1065     7.8659     88.417  34.303441     37.207      7.151   204.5308     4.8120     2.0987     0.0235     -0.003      0.304      0.442        205 3.8768e+01 0.0000e+00
      0.308    21.1004     7.8696     88.484  34.288958     37.195      7.153   204.7958     4.7311     1.9510     0.0235     -0.005      0.302      0.439        206 3.9383e+01 0.0000e+00
      0.306    21.0954     7.8720     88.517  34.224953     37.099      7.156   204.6444     4.7311     1.9645     0.0234     -0.008      0.300      0.437        207 3.9712e+01 0.0000e+00
      0.306    21.0885     7.8709     88.512  34.294124     37.196      7.153   204.9094     4.7230     1.9376     0.0235     -0.009      0.300      0.436        208 4.0008e+01 0.0000e+00
      0.306    21.0828     7.8731     88.531  34.291847     37.199      7.154   205.3636     4.7311     1.9645     0.0235     -0.009      0.300      0.436        209 3.9962e+01 0.0000e+00
      0.307    21.0798     7.8789     88.569  34.227788     37.114      7.159   205.7044     4.7230     2.0987     0.0234     -0.007      0.300      0.436        210 3.9529e+01 0.0000e+00
      0.307    21.0818     7.8767     88.555  34.195910     37.118      7.160   205.8558     4.7190     2.1927     0.0234     -0.004      0.300      0.435        211 3.9775e+01 0.0000e+00
      0.305    21.0861     7.8753     88.559  34.242554     37.121      7.160   206.2722     4.7392     2.1122     0.0234     -0.003      0.300      0.435        212 3.9527e+01 0.0000e+00
      0.305    21.0833     7.8757     88.579  34.318023     37.271      7.162   206.3479     4.7594     2.0450     0.0235     -0.002      0.300      0.436        213 3.9544e+01 0.0000e+00
      0.309    21.0846     7.8821     88.643  34.250270     37.116      7.165   206.1208     4.8807     2.1256     0.0234     -0.000      0.304      0.441        214 3.9289e+01 0.0000e+00
      0.315    21.0994     7.8874     88.662  34.267557     37.209      7.167   206.7265     4.8564     2.1927     0.0235      0.003      0.309      0.447        215 3.8833e+01 0.0000e+00
      0.319    21.1137     7.8872     88.648  34.237198     37.118      7.166   207.1808     4.8888     2.1927     0.0234      0.005      0.312      0.452        216 3.8919e+01 0.0000e+00
      0.319    21.1176     7.8786     88.615  34.199082     37.105      7.159   207.4079     4.9171     2.2062     0.0234      0.007      0.312      0.453        217 3.8481e+01 0.0000e+00
      0.318    21.1222     7.8766     88.660  34.226017     37.094      7.152   206.9915     4.8969     2.2062     0.0234      0.008      0.313      0.454        218 3.8158e+01 0.0000e+00
      0.320    21.1174     7.8827     88.768  34.203671     37.091      7.152   207.3322     4.5249     2.0719     0.0234      0.008      0.314      0.456        219 3.8376e+01 0.0000e+00
      0.323    21.1037     7.8939     88.907  34.226888     37.087      7.155   207.5594     4.5370     2.1390     0.0234      0.009      0.316      0.459        220 3.8287e+01 0.0000e+00
      0.325    21.1084     7.9188     89.174  34.226778     37.120      7.156   207.9001     4.5370     2.1390     0.0234      0.008      0.317      0.460        221 3.8758e+01 0.0000e+00
      0.323    21.1210     7.9419     89.422  34.174155     37.042      7.158   208.2408     4.5451     2.1390     0.0234      0.006      0.316      0.460        222 3.9513e+01 0.0000e+00
      0.321    21.1291     7.9703     89.715  34.203415     37.098      7.159   207.6729     4.6017     2.1256     0.0234      0.003      0.316      0.459        223 3.9497e+01 0.0000e+00
      0.323    21.1247     7.9888     89.897  34.220021     37.088      7.164   207.9758     4.5896     2.2062     0.0234      0.002      0.319      0.463        224 3.8320e+01 0.0000e+00
      0.332    21.1015     7.9970     90.006  34.153484     37.021      7.157   208.1272     4.6057     2.1659     0.0234      0.005      0.325      0.472        225 3.7282e+01 0.0000e+00
      0.341    21.0956     8.0001     90.062  34.167591     37.024      7.146   208.6951     4.6138     2.1390     0.0234      0.008      0.330      0.479        226 3.6683e+01 0.0000e+00
      0.336    21.1307     8.0015     90.098  34.232123     37.134      7.146   208.6194     4.8726     2.1659     0.0234      0.009      0.328      0.475        227 3.7251e+01 0.0000e+00
      0.326    21.1705     8.0012     90.104  34.221461     37.109      7.136   208.6194     4.8281     2.0987     0.0234      0.006      0.323      0.467        228 3.8002e+01 0.0000e+00
      0.326    21.1928     7.9979     90.076  34.210516     37.080      7.136   208.9222     4.8443     2.0584     0.0234      0.004      0.322      0.465        229 3.6930e+01 0.0000e+00
      0.331    21.2000     7.9986     90.092  34.216076     37.048      7.144   209.1872     4.8281     2.2330     0.0234      0.003      0.325      0.470        230 3.6182e+01 0.0000e+00
      0.336    21.1930     7.9952     90.068  34.155213     36.970      7.150   209.0737     4.7513     2.1122     0.0234      0.003      0.330      0.479        231 3.5751e+01 0.0000e+00
      0.344    21.1852     7.9956     90.086  34.167623     36.963      7.155   209.7551     4.7230     2.2599     0.0234      0.004      0.338      0.490        232 3.4396e+01 0.0000e+00
      0.355    21.1701     7.9871     90.007  34.230285     37.061      7.160   209.3008     4.7230     2.1927     0.0234      0.007      0.348      0.505        233 3.4763e+01 0.0000e+00
      0.365    21.1566     7.9904     90.069  34.225514     37.036      7.139   210.2851     4.7311     2.1524     0.0234      0.013      0.356      0.517        234 3.5704e+01 0.0000e+00
      0.370    21.1642     7.9900     90.081  34.203220     37.048      7.129   209.8308     4.9494     2.1659     0.0234      0.021      0.360      0.523        235 4.4811e+01 0.0000e+00
      0.368    21.1779     7.9915     90.099  34.169067     37.000      7.128   210.2472     4.9697     2.0450     0.0234      0.026      0.353      0.513        236 6.1146e+01 0.0000e+00
      0.343    21.1880     7.9779     89.937  34.149397     36.992      7.114   210.4744     4.9737     2.1122     0.0234      0.018      0.327      0.474        237 5.2114e+02 0.0000e+00
      0.289    21.1945     7.9717     89.852  34.227697     37.043      7.109   210.2094     4.9656     2.1122     0.0234     -0.005      0.274      0.397        238 9.2192e+02 0.0000e+00
      0.205    21.1988     7.9742     89.889  34.308867     37.155      7.113   210.3229     4.9333     2.1659     0.0235     -0.046      0.197      0.286        239 9.9969e+02 0.0000e+00
      0.108    21.2039     7.9738     89.906  34.315281     37.120      7.114   210.2472     5.2123     2.1659     0.0235     -0.103      0.110      0.161        240 1.3414e+03 0.0000e+00
      0.026    21.2118     7.9804     90.006  34.338334     37.176      7.121   210.0201     5.2204     2.2599     0.0235     -0.163      0.034      0.050        241 1.4613e+03 0.0000e+00
     -0.027    21.2198     7.9851     90.073  34.369143     37.173      7.134   210.2472     5.2082     2.1927     0.0235     -0.213     -0.024     -0.035        242 1.4580e+03 0.0000e+00
     -0.073    21.2296     7.9972     90.216  34.336249     37.166      7.137   210.2472     5.2123     2.1256     0.0235     -0.247     -0.071     -0.103        243 1.4916e+03 0.0000e+00
     -0.119    21.2432     8.0055     90.319  34.319954     37.099      7.142   210.0201     4.5936     2.1122     0.0235     -0.262     -0.112     -0.162        244 1.4637e+03 0.0000e+00
     -0.150    21.2520     8.0210     90.500  34.419073     37.242      7.139   211.3072     4.5936     2.2196     0.0235     -0.254     -0.142     -0.207        245 1.4530e+03 0.0000e+00
     -0.168    21.2536     8.0269     90.560  34.420485     37.201      7.140   210.0958     4.5936     2.1390     0.0235     -0.226     -0.160     -0.232        246 1.4749e+03 0.0000e+00
     -0.170    21.2475     8.0231     90.500  34.347848     37.134      7.144   211.7237     4.5855     2.2062     0.0235     -0.181     -0.165     -0.239        247 1.5171e+03 0.0000e+00
     -0.168    21.2403     8.0189     90.441  34.301872     37.072      7.138   210.7394     3.9426     1.9913     0.0235     -0.134     -0.162     -0.236        248 1.5015e+03 0.0000e+00
     -0.161    21.2445     8.0111     90.314  34.299764     37.077      7.136   211.1558     3.9628     2.0182     0.0235     -0.092     -0.156     -0.227        249 1.4698e+03 0.0000e+00
     -0.150    21.2573     8.0128     90.281  34.320819     37.114      7.135   218.3108     3.9507     1.9645     0.0235     -0.057     -0.147     -0.213        250 1.4798e+03 0.0000e+00
     -0.138    21.2716     8.0129     90.233  34.305327     37.079      7.132   212.2915     3.9628     1.9242     0.0235     -0.024     -0.138     -0.201        251 1.4938e+03 0.0000e+00
     -0.135    21.2798     8.0094     90.158  34.289384     37.070      7.119   212.2915     3.4857     1.9645     0.0235      0.001     -0.133     -0.192        252 1.4706e+03 0.0000e+00
     -0.131    21.2837     8.0091     90.137  34.222031     36.967      7.119   222.7401     3.5099     1.9376     0.0234      0.017     -0.128     -0.186        253 1.4825e+03 0.0000e+00
     -0.126    21.2886     8.0072     90.123  34.211204     36.961      7.122   222.1723     3.5220     2.0584     0.0234      0.025     -0.121     -0.174        254 1.4840e+03 0.0000e+00
     -0.110    21.2919     8.0071     90.104  34.302853     37.048      7.126   223.0430     3.5059     1.9107     0.0235      0.029     -0.106     -0.153        255 1.4794e+03 0.0000e+00
