Data/DataNotYetUploadedToEDI/Raw_CTD/RawDownloads/100118_fcr20.cnv
* Sea-Bird SBE19plus  Data File:
* FileName = C:\DATA\100118_fcr_0002.hex
* Software version 2.6.3.104
* Temperature SN = 7809
* Conductivity SN = 7809
* System UpLoad Time = Oct 01 2018 14:28:34
* <ApplicationData>
* <Seaterm232>
# nquan = 17
# nvalues = 643                         
# units = specified
# name 0 = depFM: Depth [fresh water, m]
# name 1 = tv290C: Temperature [ITS-90, deg C]
# name 2 = sbeox0Mg/L: Oxygen, SBE 43 [mg/l]
# name 3 = sbeox0PS: Oxygen, SBE 43 [% saturation]
# name 4 = c0uS/cm: Conductivity [uS/cm]
# name 5 = specc: Specific Conductance [uS/cm]
# name 6 = ph: pH
# name 7 = orp: Oxidation Reduction Potential [mV]
# name 8 = flECO-AFL: Fluorescence, WET Labs ECO-AFL/FL [mg/m^3]
# name 9 = turbWETntu0: Turbidity, WET Labs ECO [NTU]
# name 10 = sal00: Salinity, Practical [PSU]
# name 11 = dz/dtM: Descent Rate [m/s]
# name 12 = prdM: Pressure, Strain Gauge [db]
# name 13 = prdE: Pressure, Strain Gauge [psi]
# name 14 = scan: Scan Count
# name 15 = par/sat/log: PAR/Logarithmic, Satlantic
# name 16 = flag:  0.000e+00
# span 0 =     -0.465,      3.151       
# span 1 =    20.2097,    21.9873       
# span 2 =     5.3214,     8.8694       
# span 3 =     59.903,    100.026       
# span 4 =   0.877213,  34.367259       
# span 5 =      0.928,     37.586       
# span 6 =      6.324,      7.863       
# span 7 =   132.2991,   265.9352       
# span 8 =    -0.7602,     6.1666       
# span 9 =    -0.7748,    34.5138       
# span 10 =     0.0107,     0.0234      
# span 11 =     -0.179,      0.216      
# span 12 =     -0.456,      3.089      
# span 13 =     -0.660,      4.481      
# span 14 =          1,        643      
# span 15 = 1.9148e+01, 1.8617e+03      
# span 16 = 0.0000e+00, 0.0000e+00      
# interval = seconds: 0.25
# start_time = Oct 01 2018 14:36:12 [Instrument's time stamp, header]
# bad_flag = -9.990e-29
*END*
[from data line 511]
      1.673    20.7300     7.2023     80.373  33.647075     36.763      7.015   257.9852     5.0384     2.1390     0.0232      0.030      1.641      2.379        512 1.1327e+02 0.0000e+00
      1.680    20.7299     7.2077     80.433  33.722769     36.885      7.015   258.1745     5.0384     2.1390     0.0232      0.029      1.647      2.389        513 1.1219e+02 0.0000e+00
      1.686    20.7301     7.2065     80.419  33.750194     36.886      7.015   258.6288     5.0425     2.1256     0.0232      0.029      1.653      2.398        514 1.0583e+02 0.0000e+00
      1.691    20.7303     7.2098     80.455  33.731566     36.886      7.013   258.4017     5.0465     2.0719     0.0232      0.027      1.659      2.406        515 1.1360e+02 0.0000e+00
      1.697    20.7304     7.2060     80.413  33.686641     36.825      7.013   258.2502     5.0101     2.0853     0.0232      0.026      1.665      2.414        516 1.0584e+02 0.0000e+00
      1.705    20.7302     7.2082     80.438  33.687482     36.824      7.014   258.6667     4.8848     2.2196     0.0232      0.026      1.671      2.424        517 1.0366e+02 0.0000e+00
      1.711    20.7300     7.2118     80.478  33.730520     36.885      7.011   258.6667     4.9090     2.0853     0.0232      0.025      1.677      2.432        518 1.0370e+02 0.0000e+00
      1.714    20.7297     7.2248     80.625  33.692392     36.824      7.010   258.4774     4.8726     2.1659     0.0232      0.024      1.681      2.438        519 1.0698e+02 0.0000e+00
      1.718    20.7295     7.2255     80.633  33.675622     36.825      7.009   258.9317     4.8848     2.1793     0.0232      0.023      1.685      2.443        520 1.0791e+02 0.0000e+00
      1.722    20.7296     7.2302     80.685  33.692079     36.825      7.008   258.3259     5.0303     1.8705     0.0232      0.021      1.689      2.450        521 1.0148e+02 0.0000e+00
      1.729    20.7295     7.2358     80.746  33.731221     36.886      7.007   258.5531     4.9980     1.9645     0.0232      0.021      1.696      2.460        522 1.0384e+02 0.0000e+00
      1.738    20.7293     7.2417     80.809  33.686222     36.825      7.007   258.8181     5.0344     1.8570     0.0232      0.021      1.704      2.471        523 9.7603e+01 0.0000e+00
      1.746    20.7289     7.2544     80.949  33.688770     36.825      7.007   258.5531     5.0263     1.8839     0.0232      0.022      1.711      2.482        524 9.8592e+01 0.0000e+00
      1.751    20.7285     7.2641     81.054  33.728049     36.886      7.005   259.0074     5.0708     2.1256     0.0232      0.023      1.717      2.490        525 1.0354e+02 0.0000e+00
      1.756    20.7284     7.2725     81.143  33.696649     36.825      7.007   259.0831     5.0788     2.1122     0.0232      0.024      1.722      2.497        526 9.9364e+01 0.0000e+00
      1.761    20.7288     7.2721     81.135  33.668536     36.826      7.004   259.2724     5.0708     2.1524     0.0232      0.025      1.727      2.505        527 1.0145e+02 0.0000e+00
      1.767    20.7290     7.2753     81.168  33.644415     36.765      7.004   258.9695     5.0586     2.1390     0.0232      0.025      1.733      2.513        528 9.5680e+01 0.0000e+00
      1.773    20.7294     7.2729     81.140  33.667357     36.825      7.005   258.9695     4.9050     2.2196     0.0232      0.025      1.739      2.522        529 9.4282e+01 0.0000e+00
      1.779    20.7302     7.2710     81.116  33.699295     36.825      7.006   259.3859     4.8807     2.0853     0.0232      0.023      1.744      2.530        530 9.3796e+01 0.0000e+00
      1.784    20.7299     7.2718     81.122  33.723290     36.886      7.003   259.1209     4.9050     2.1927     0.0232      0.022      1.750      2.539        531 9.3638e+01 0.0000e+00
      1.792    20.7286     7.2823     81.235  33.696807     36.825      7.002   259.4617     4.8969     2.1122     0.0232      0.022      1.757      2.549        532 9.4832e+01 0.0000e+00
      1.799    20.7271     7.2899     81.317  33.672942     36.825      7.003   259.3481     4.9333     2.1793     0.0232      0.023      1.764      2.558        533 9.3322e+01 0.0000e+00
      1.805    20.7254     7.3061     81.495  33.693679     36.826      7.000   259.1209     4.9494     2.0719     0.0232      0.024      1.770      2.568        534 9.1407e+01 0.0000e+00
      1.812    20.7235     7.3317     81.779  33.671000     36.827      7.002   259.1209     4.9494     2.1256     0.0232      0.025      1.778      2.580        535 8.7167e+01 0.0000e+00
      1.824    20.7209     7.3552     82.039  33.641855     36.767      7.000   259.6888     4.9858     2.1659     0.0232      0.027      1.787      2.592        536 8.9432e+01 0.0000e+00
      1.830    20.7185     7.3815     82.331  33.670641     36.830      6.998   259.3481     4.9818     2.1524     0.0232      0.028      1.794      2.602        537 8.6724e+01 0.0000e+00
      1.833    20.7170     7.3813     82.327  33.694489     36.832      6.994   259.3859     5.0222     2.1122     0.0232      0.028      1.799      2.609        538 8.6869e+01 0.0000e+00
      1.840    20.7160     7.3427     81.896  33.671488     36.834      6.994   259.5374     5.0101     2.1122     0.0232      0.028      1.806      2.619        539 8.6734e+01 0.0000e+00
      1.851    20.7144     7.2716     81.100  33.639955     36.774      6.995   259.6888     5.0182     2.1524     0.0232      0.028      1.815      2.633        540 8.1413e+01 0.0000e+00
      1.862    20.7123     7.1880     80.162  33.674421     36.836      6.995   259.3481     5.0263     2.1122     0.0232      0.030      1.826      2.648        541 8.0740e+01 0.0000e+00
      1.872    20.7102     7.0873     79.031  33.687906     36.837      6.995   259.8024     5.2770     2.0987     0.0232      0.032      1.836      2.662        542 7.8233e+01 0.0000e+00
      1.882    20.7083     6.9852     77.884  33.682484     36.839      6.990   260.1052     5.2527     2.1390     0.0232      0.033      1.845      2.675        543 7.8334e+01 0.0000e+00
      1.888    20.7069     6.9051     76.987  33.740481     36.902      6.988   259.9538     5.2689     2.0987     0.0232      0.034      1.853      2.687        544 7.8390e+01 0.0000e+00
      1.898    20.7056     6.8592     76.472  33.734353     36.903      6.991   259.8024     5.2689     2.1927     0.0232      0.035      1.861      2.699        545 7.8287e+01 0.0000e+00
      1.906    20.7044     6.8498     76.361  33.749422     36.904      6.989   259.9538     4.8888     2.1390     0.0232      0.037      1.869      2.711        546 7.4168e+01 0.0000e+00
      1.913    20.7035     6.8436     76.287  33.810695     36.997      6.987   260.0295     4.8969     2.0584     0.0233      0.036      1.877      2.722        547 7.3389e+01 0.0000e+00
      1.922    20.7027     6.8313     76.150  33.747069     36.906      6.987   260.2567     4.8645     2.1524     0.0232      0.034      1.886      2.735        548 7.5641e+01 0.0000e+00
      1.932    20.7019     6.8160     75.981  33.739639     36.907      6.989   259.9538     4.9171     2.1659     0.0232      0.034      1.896      2.749        549 7.2429e+01 0.0000e+00
      1.945    20.7003     6.7725     75.496  33.790286     36.969      6.990   259.8402     4.8969     2.1122     0.0232      0.034      1.908      2.767        550 7.3358e+01 0.0000e+00
      1.961    20.6966     6.7273     74.987  33.684041     36.847      6.989   260.2188     4.8888     2.1256     0.0232      0.037      1.922      2.787        551 7.0638e+01 0.0000e+00
      1.974    20.6911     6.6830     74.489  33.634617     36.787      6.988   260.4459     4.9090     2.1390     0.0232      0.041      1.934      2.805        552 6.9056e+01 0.0000e+00
      1.982    20.6862     6.6313     73.909  33.733172     36.913      6.986   260.6731     4.8767     2.1122     0.0232      0.043      1.943      2.818        553 6.9189e+01 0.0000e+00
      1.988    20.6833     6.5955     73.510  33.739324     36.917      6.984   260.6731     4.9535     2.1659     0.0232      0.043      1.950      2.828        554 6.7405e+01 0.0000e+00
      1.996    20.6811     6.5700     73.226  33.745584     36.921      6.987   260.7867     4.9494     2.1524     0.0232      0.043      1.959      2.841        555 6.5915e+01 0.0000e+00
      2.009    20.6774     6.5502     73.007  33.784695     36.985      6.984   260.9381     4.9656     2.1256     0.0232      0.042      1.970      2.857        556 6.3413e+01 0.0000e+00
      2.022    20.6738     6.5407     72.910  33.749964     36.925      6.982   260.7867     4.9737     2.1927     0.0232      0.042      1.980      2.872        557 6.2746e+01 0.0000e+00
      2.025    20.6737     6.5266     72.763  33.729496     36.928      6.971   260.7488     4.9333     2.0719     0.0232      0.039      1.985      2.879        558 6.2587e+01 0.0000e+00
      2.025    20.6750     6.5190     72.682  33.750856     36.931      6.962   261.0517     4.9858     2.2330     0.0232      0.034      1.986      2.881        559 6.3082e+01 0.0000e+00
      2.027    20.6745     6.5183     72.676  33.812349     37.023      6.958   260.5595     4.9697     2.1927     0.0233      0.029      1.989      2.885        560 6.2840e+01 0.0000e+00
      2.033    20.6714     6.5332     72.841  33.801248     36.991      6.953   261.2031     4.9818     2.1390     0.0232      0.026      1.994      2.891        561 6.2388e+01 0.0000e+00
      2.037    20.6682     6.5630     73.170  33.735015     36.930      6.953   261.0138     4.9656     2.0987     0.0232      0.023      1.999      2.899        562 6.1996e+01 0.0000e+00
      2.044    20.6666     6.5958     73.528  33.746497     36.933      6.950   260.9381     4.8888     2.1122     0.0232      0.020      2.004      2.905        563 6.0139e+01 0.0000e+00
      2.047    20.6661     6.6299     73.897  33.816617     37.027      6.945   260.9759     4.9050     2.2196     0.0233      0.016      2.006      2.908        564 5.9113e+01 0.0000e+00
      2.043    20.6661     6.6611     74.234  33.825687     37.029      6.940   261.1274     4.9090     2.1927     0.0233      0.013      2.004      2.906        565 6.0101e+01 0.0000e+00
      2.040    20.6675     6.6729     74.352  33.824176     37.029      6.944   261.4681     4.9050     2.0450     0.0233      0.011      2.002      2.903        566 6.0558e+01 0.0000e+00
      2.040    20.6731     6.6545     74.132  33.848154     37.060      6.945   261.0517     5.0263     2.1122     0.0233      0.008      2.003      2.905        567 6.0000e+01 0.0000e+00
      2.046    20.6797     6.6156     73.683  33.825503     37.028      6.948   261.4681     5.0222     2.0719     0.0233      0.007      2.008      2.912        568 5.9087e+01 0.0000e+00
      2.055    20.6833     6.5612     73.065  33.822709     37.024      6.950   261.5059     5.0384     2.1390     0.0233      0.006      2.014      2.921        569 5.8834e+01 0.0000e+00
      2.059    20.6847     6.5132     72.520  33.821974     37.018      6.949   261.3167     5.0344     2.1524     0.0233      0.008      2.020      2.929        570 5.8279e+01 0.0000e+00
      2.066    20.6837     6.4811     72.150  33.826414     37.015      6.948   261.8845     4.8281     2.0719     0.0233      0.010      2.026      2.938        571 5.8265e+01 0.0000e+00
      2.073    20.6817     6.5022     72.381  33.817180     37.014      6.949   261.5059     4.8362     2.1390     0.0233      0.015      2.035      2.952        572 5.8122e+01 0.0000e+00
      2.087    20.6765     6.6078     73.551  33.803809     36.984      6.952   261.2409     4.8443     2.1390     0.0232      0.022      2.049      2.972        573 5.6071e+01 0.0000e+00
      2.109    20.6685     6.7604     75.234  33.813401     37.016      6.955   261.4681     4.8443     2.1390     0.0233      0.031      2.068      3.000        574 5.5799e+01 0.0000e+00
      2.130    20.6613     6.9329     77.141  33.834900     37.021      6.952   261.7331     4.8039     2.0987     0.0233      0.041      2.089      3.030        575 5.4201e+01 0.0000e+00
      2.151    20.6519     7.0845     78.814  33.866020     37.088      6.946   261.8845     4.7796     2.0719     0.0233      0.050      2.110      3.061        576 5.2505e+01 0.0000e+00
      2.175    20.6411     7.2027     80.117  33.833986     37.033      6.936   262.0738     4.7917     2.2196     0.0233      0.060      2.133      3.093        577 5.2081e+01 0.0000e+00
      2.199    20.6307     7.2605     80.755  33.815459     37.041      6.920   262.4902     4.8120     2.1390     0.0233      0.071      2.156      3.127        578 5.1175e+01 0.0000e+00
      2.221    20.6225     7.2824     80.993  33.740805     36.958      6.909   262.3388     4.7917     2.0584     0.0232      0.080      2.177      3.158        579 5.0735e+01 0.0000e+00
      2.242    20.6147     7.2654     80.795  33.630345     36.844      6.898   262.3388     4.2135     2.0719     0.0232      0.085      2.197      3.187        580 5.0190e+01 0.0000e+00
      2.259    20.6066     7.2232     80.319  33.626721     36.850      6.891   262.6038     4.1852     2.1524     0.0232      0.086      2.215      3.212        581 4.9219e+01 0.0000e+00
      2.275    20.6033     7.1731     79.747  33.626697     36.856      6.888   262.6417     4.2014     2.1927     0.0232      0.084      2.230      3.235        582 4.8365e+01 0.0000e+00
      2.289    20.5992     7.1353     79.310  33.630378     36.863      6.890   262.5281     4.1973     2.1256     0.0232      0.080      2.245      3.257        583 4.8433e+01 0.0000e+00
      2.305    20.5896     7.1066     78.977  33.622143     36.866      6.889   262.5659     4.1448     2.1390     0.0232      0.075      2.261      3.279        584 4.7506e+01 0.0000e+00
      2.322    20.5803     7.0943     78.825  33.636948     36.869      6.890   262.4145     4.1367     2.1390     0.0232      0.070      2.278      3.304        585 4.6367e+01 0.0000e+00
      2.341    20.5717     7.0802     78.669  33.671267     36.938      6.892   262.6417     4.1245     2.0853     0.0232      0.067      2.296      3.330        586 4.5447e+01 0.0000e+00
      2.360    20.5647     7.0776     78.643  33.638749     36.884      6.893   262.9067     4.1367     2.1390     0.0232      0.066      2.314      3.356        587 4.4641e+01 0.0000e+00
      2.377    20.5613     7.0619     78.464  33.618110     36.891      6.893   262.7931     4.0801     2.2062     0.0232      0.066      2.331      3.382        588 4.4043e+01 0.0000e+00
      2.396    20.5574     7.0295     78.098  33.637644     36.897      6.896   263.0960     4.0760     2.0316     0.0232      0.067      2.350      3.410        589 4.3077e+01 0.0000e+00
      2.419    20.5524     6.9889     77.643  33.673753     36.961      6.899   263.1717     4.0760     2.0853     0.0232      0.070      2.372      3.440        590 4.2405e+01 0.0000e+00
      2.442    20.5476     6.9523     77.241  33.632487     36.903      6.894   263.1717     4.0720     2.1793     0.0232      0.074      2.396      3.474        591 4.1870e+01 0.0000e+00
      2.469    20.5385     6.9144     76.833  33.629692     36.907      6.890   263.2852     3.9507     2.3136     0.0232      0.079      2.422      3.512        592 4.0797e+01 0.0000e+00
      2.498    20.5278     6.8842     76.510  33.617923     36.911      6.884   263.5881     3.9345     2.3270     0.0232      0.084      2.448      3.550        593 3.9650e+01 0.0000e+00
      2.522    20.5181     6.8641     76.282  33.587826     36.857      6.886   263.4367     3.9547     2.1793     0.0232      0.089      2.471      3.584        594 3.8833e+01 0.0000e+00
      2.539    20.5093     6.8549     76.143  33.667152     36.988      6.894   263.7017     3.9426     2.2464     0.0232      0.092      2.488      3.609        595 3.7992e+01 0.0000e+00
