Data/DataNotYetUploadedToEDI/Raw_CTD/RawDownloads/100118_fcr10.cnv
* Sea-Bird SBE19plus  Data File:
* FileName = C:\DATA\100118_fcr_0001.hex
* Software version 2.6.3.104
* Temperature SN = 7809
* Conductivity SN = 7809
* System UpLoad Time = Oct 01 2018 14:28:14
* <ApplicationData>
* <Seaterm232>
# nquan = 17
# nvalues = 592                         
# units = specified
# name 0 = depFM: Depth [fresh water, m]
# name 1 = tv290C: Temperature [ITS-90, deg C]
# name 2 = sbeox0Mg/L: Oxygen, SBE 43 [mg/l]
# name 3 = sbeox0PS: Oxygen, SBE 43 [% saturation]
# name 4 = c0uS/cm: Conductivity [uS/cm]
# name 5 = specc: Specific Conductance [uS/cm]
# name 6 = ph: pH
# name 7 = orp: Oxidation Reduction Potential [mV]
# name 8 = flECO-AFL: Fluorescence, WET Labs ECO-AFL/FL [mg/m^3]
# name 9 = turbWETntu0: Turbidity, WET Labs ECO [NTU]
# name 10 = sal00: Salinity, Practical [PSU]
# name 11 = dz/dtM: Descent Rate [m/s]
# name 12 = prdM: Pressure, Strain Gauge [db]
# name 13 = prdE: Pressure, Strain Gauge [psi]
# name 14 = scan: Scan Count
# name 15 = par/sat/log: PAR/Logarithmic, Satlantic
# name 16 = flag:  0.000e+00
# span 0 =     -0.466,      2.683       
# span 1 =    20.0218,    23.7865       
# span 2 =     4.6210,     9.1291       
# span 3 =     52.072,    102.370       
# span 4 =  -0.248200,  36.415515       
# span 5 =      0.579,     40.429       
# span 6 =      6.202,      7.782       
# span 7 =    98.1898,  1240.2295       
# span 8 =    -0.1819,     6.8540       
# span 9 =    -0.2512,    55.4882       
# span 10 =     0.0114,     0.0245      
# span 11 =     -0.244,      0.270      
# span 12 =     -0.457,      2.631      
# span 13 =     -0.662,      3.817      
# span 14 =          1,        592      
# span 15 = 1.2720e+01, 1.4451e+03      
# span 16 = 0.0000e+00, 0.0000e+00      
# interval = seconds: 0.25
# start_time = Oct 01 2018 14:10:55 [Instrument's time stamp, header]
# bad_flag = -9.990e-29
*END*
[from data line 426]
      0.210    20.8086     7.5565     84.346  33.834766     36.892      6.978   236.8987     5.1152     2.3270     0.0233      0.149      0.208      0.302        427 9.2372e+02 0.0000e+00
      0.254    20.7942     7.5422     84.182  33.812755     36.902      6.976   237.0502     5.2082     2.2464     0.0233      0.153      0.253      0.367        428 5.4787e+02 0.0000e+00
      0.311    20.7857     7.5236     83.974  33.834956     36.914      6.976   237.5423     5.2204     2.3002     0.0233      0.159      0.308      0.446        429 1.5300e+02 0.0000e+00
      0.376    20.7797     7.5011     83.720  33.836801     36.956      6.978   237.0502     5.2204     2.2330     0.0233      0.168      0.368      0.534        430 3.6664e+02 0.0000e+00
      0.439    20.7707     7.4832     83.516  33.751156     36.841      6.979   237.9966     5.2042     2.3270     0.0232      0.181      0.429      0.623        431 2.7271e+02 0.0000e+00
      0.499    20.7613     7.4686     83.351  33.733956     36.845      6.981   239.1702     5.2325     2.3404     0.0232      0.197      0.489      0.709        432 2.7416e+02 0.0000e+00
      0.559    20.7540     7.4556     83.202  33.739587     36.853      6.980   239.6245     5.7056     2.3404     0.0232      0.213      0.547      0.793        433 3.5171e+02 0.0000e+00
      0.615    20.7487     7.4397     83.023  33.684842     36.799      6.984   239.8137     5.7380     2.3270     0.0232      0.225      0.603      0.874        434 4.4384e+02 0.0000e+00
      0.671    20.7454     7.4335     82.952  33.683469     36.805      6.981   240.1923     5.7299     2.4210     0.0232      0.232      0.656      0.952        435 2.5599e+02 0.0000e+00
      0.723    20.7432     7.4152     82.745  33.741301     36.871      6.980   240.4952     5.6975     2.2330     0.0232      0.232      0.706      1.023        436 2.4216e+02 0.0000e+00
      0.765    20.7410     7.3900     82.464  33.731496     36.873      6.978   240.4952     6.0857     2.2867     0.0232      0.225      0.748      1.084        437 2.6519e+02 0.0000e+00
      0.800    20.7392     7.3667     82.202  33.695672     36.814      6.980   240.6087     6.0614     2.3404     0.0232      0.212      0.783      1.135        438 2.7334e+02 0.0000e+00
      0.829    20.7383     7.3506     82.023  33.726574     36.877      6.980   240.6845     6.0776     2.3539     0.0232      0.195      0.812      1.178        439 3.0652e+02 0.0000e+00
      0.856    20.7368     7.3371     81.872  33.693040     36.817      6.981   241.0252     6.1059     2.3807     0.0232      0.177      0.841      1.220        440 2.4534e+02 0.0000e+00
      0.889    20.7344     7.3305     81.797  33.737406     36.879      6.977   241.3659     6.0978     2.2464     0.0232      0.159      0.875      1.269        441 1.8254e+02 0.0000e+00
      0.931    20.7326     7.3222     81.705  33.789985     36.941      6.975   241.6687     6.0938     2.2599     0.0232      0.147      0.916      1.328        442 1.7026e+02 0.0000e+00
      0.980    20.7308     7.3120     81.592  33.746229     36.882      6.972   242.4259     6.0938     2.3270     0.0232      0.141      0.962      1.395        443 1.6390e+02 0.0000e+00
      1.030    20.7294     7.3126     81.600  33.821516     36.975      6.969   242.3123     6.0614     2.2733     0.0233      0.143      1.008      1.462        444 1.4554e+02 0.0000e+00
      1.074    20.7283     7.3222     81.709  33.814916     36.977      6.966   242.6530     5.9159     2.3136     0.0233      0.150      1.049      1.522        445 1.3994e+02 0.0000e+00
      1.106    20.7273     7.3336     81.838  33.695133     36.825      6.966   242.9938     5.9361     2.3136     0.0232      0.157      1.083      1.571        446 1.3225e+02 0.0000e+00
      1.134    20.7270     7.3421     81.930  33.733341     36.887      6.966   242.7287     5.8795     2.3136     0.0232      0.159      1.110      1.612        447 1.1149e+02 0.0000e+00
      1.159    20.7263     7.3549     82.070  33.737713     36.888      6.965   242.9559     5.9199     2.2464     0.0232      0.156      1.135      1.647        448 9.9742e+01 0.0000e+00
      1.181    20.7257     7.3641     82.170  33.689693     36.827      6.960   243.2966     5.9725     2.1390     0.0232      0.146      1.158      1.680        449 8.7707e+01 0.0000e+00
      1.203    20.7254     7.3742     82.281  33.733790     36.889      6.959   243.4480     5.9806     2.1793     0.0232      0.131      1.180      1.712        450 7.4061e+01 0.0000e+00
      1.228    20.7252     7.3855     82.405  33.742146     36.889      6.950   243.9780     5.9684     2.1793     0.0232      0.116      1.204      1.747        451 6.6478e+01 0.0000e+00
      1.256    20.7258     7.3822     82.368  33.738606     36.889      6.947   244.0538     5.9644     2.1659     0.0232      0.105      1.226      1.780        452 6.1611e+01 0.0000e+00
      1.267    20.7264     7.3680     82.210  33.738196     36.890      6.947   243.6752     5.9482     2.1927     0.0232      0.095      1.241      1.800        453 5.7966e+01 0.0000e+00
      1.275    20.7269     7.3562     82.079  33.742655     36.889      6.948   244.1673     5.9078     2.1793     0.0232      0.086      1.251      1.814        454 5.4130e+01 0.0000e+00
      1.286    20.7280     7.3411     81.911  33.733057     36.889      6.951   244.1295     5.8957     2.1793     0.0232      0.077      1.261      1.828        455 4.8803e+01 0.0000e+00
      1.294    20.7287     7.3202     81.679  33.690831     36.827      6.950   244.0159     5.9159     2.1659     0.0232      0.068      1.270      1.842        456 4.6743e+01 0.0000e+00
      1.303    20.7275     7.3126     81.595  33.735892     36.887      6.952   244.2809     5.8997     2.1524     0.0232      0.059      1.281      1.857        457 4.4549e+01 0.0000e+00
      1.321    20.7254     7.3072     81.534  33.825255     36.978      6.960   244.0159     5.7824     2.2733     0.0233      0.052      1.297      1.880        458 4.1447e+01 0.0000e+00
      1.342    20.7238     7.3007     81.462  33.816864     36.979      6.961   244.5838     5.7986     2.4076     0.0233      0.048      1.317      1.910        459 3.9990e+01 0.0000e+00
      1.367    20.7225     7.3042     81.500  33.746336     36.889      6.962   244.5838     5.8067     2.2733     0.0232      0.051      1.338      1.941        460 3.8827e+01 0.0000e+00
      1.384    20.7217     7.3141     81.609  33.735095     36.891      6.960   244.7730     5.7946     2.3270     0.0232      0.058      1.356      1.966        461 3.7905e+01 0.0000e+00
      1.396    20.7215     7.3270     81.754  33.741887     36.892      6.960   245.1895     6.3364     2.2733     0.0232      0.063      1.368      1.984        462 3.7908e+01 0.0000e+00
      1.405    20.7216     7.3334     81.825  33.737884     36.892      6.960   244.7730     6.3607     2.3404     0.0232      0.065      1.379      2.000        463 3.8649e+01 0.0000e+00
      1.419    20.7221     7.3465     81.970  33.740078     36.893      6.960   245.2273     6.3364     2.3270     0.0232      0.065      1.391      2.017        464 3.8875e+01 0.0000e+00
      1.430    20.7228     7.3537     82.049  33.739156     36.892      6.964   245.0002     6.3405     2.2464     0.0232      0.063      1.403      2.035        465 3.9613e+01 0.0000e+00
      1.444    20.7231     7.3592     82.111  33.739031     36.892      6.960   245.1895     5.7097     2.2330     0.0232      0.058      1.418      2.056        466 3.9962e+01 0.0000e+00
      1.463    20.7233     7.3693     82.225  33.740234     36.892      6.964   245.4166     5.7218     2.2464     0.0232      0.054      1.435      2.081        467 3.9876e+01 0.0000e+00
      1.482    20.7230     7.3724     82.258  33.737659     36.891      6.964   245.7952     5.7258     2.3136     0.0232      0.054      1.452      2.107        468 3.9830e+01 0.0000e+00
      1.498    20.7231     7.3744     82.279  33.742236     36.891      6.964   246.2873     5.7460     2.3539     0.0232      0.056      1.466      2.127        469 3.9233e+01 0.0000e+00
      1.504    20.7230     7.3660     82.185  33.734538     36.891      6.963   245.9845     5.8229     2.2464     0.0232      0.057      1.476      2.140        470 3.8622e+01 0.0000e+00
      1.511    20.7227     7.3495     82.001  33.747240     36.891      6.964   245.7573     5.8188     2.2733     0.0232      0.056      1.486      2.155        471 3.7516e+01 0.0000e+00
      1.530    20.7226     7.3282     81.764  33.785740     36.952      6.964   246.0223     5.8390     2.2733     0.0232      0.055      1.503      2.180        472 3.6805e+01 0.0000e+00
      1.557    20.7222     7.3133     81.599  33.745937     36.892      6.966   246.2495     5.8269     2.3270     0.0232      0.058      1.526      2.213        473 3.6220e+01 0.0000e+00
      1.581    20.7213     7.3019     81.474  33.737465     36.892      6.966   246.4766     5.8552     2.2867     0.0232      0.062      1.546      2.242        474 3.4902e+01 0.0000e+00
      1.590    20.7211     7.2905     81.347  33.736973     36.892      6.956   246.5145     6.0453     2.2196     0.0232      0.062      1.556      2.257        475 3.4645e+01 0.0000e+00
      1.588    20.7214     7.2957     81.406  33.746550     36.893      6.952   246.4766     6.0170     2.3539     0.0232      0.059      1.559      2.261        476 3.4571e+01 0.0000e+00
      1.591    20.7215     7.3012     81.466  33.784857     36.954      6.954   246.7795     6.0412     2.3673     0.0232      0.054      1.563      2.266        477 3.4199e+01 0.0000e+00
      1.601    20.7210     7.3117     81.584  33.748611     36.893      6.954   246.9688     6.0170     2.3673     0.0232      0.051      1.573      2.282        478 3.3855e+01 0.0000e+00
      1.623    20.7203     7.3223     81.700  33.732346     36.893      6.953   247.2338     5.9846     2.2599     0.0232      0.048      1.589      2.305        479 3.3608e+01 0.0000e+00
      1.637    20.7198     7.3259     81.740  33.745786     36.893      6.944   247.3473     5.9563     2.1659     0.0232      0.044      1.601      2.321        480 3.4133e+01 0.0000e+00
      1.635    20.7202     7.3234     81.710  33.731885     36.894      6.938   247.3473     5.9887     2.1256     0.0232      0.036      1.601      2.322        481 3.4600e+01 0.0000e+00
      1.626    20.7208     7.3265     81.743  33.749648     36.894      6.941   247.4609     5.9725     2.2062     0.0232      0.029      1.597      2.316        482 3.5169e+01 0.0000e+00
      1.626    20.7213     7.3266     81.742  33.782993     36.955      6.945   247.4988     5.7218     2.1659     0.0232      0.025      1.597      2.316        483 3.4914e+01 0.0000e+00
      1.633    20.7221     7.3255     81.728  33.749697     36.893      6.947   247.6502     5.7380     2.1524     0.0232      0.023      1.602      2.324        484 3.4897e+01 0.0000e+00
      1.641    20.7234     7.3233     81.703  33.731773     36.893      6.950   247.6502     5.7258     2.1793     0.0232      0.019      1.612      2.338        485 3.5389e+01 0.0000e+00
      1.656    20.7236     7.3237     81.706  33.745990     36.892      6.952   247.5366     5.7137     2.1390     0.0232      0.017      1.627      2.360        486 3.4985e+01 0.0000e+00
      1.682    20.7231     7.3236     81.704  33.732004     36.891      6.953   247.9152     5.8148     2.3136     0.0232      0.020      1.649      2.391        487 3.4509e+01 0.0000e+00
      1.705    20.7227     7.3233     81.701  33.749178     36.891      6.954   248.4073     5.8107     2.3002     0.0232      0.032      1.670      2.422        488 3.3687e+01 0.0000e+00
      1.723    20.7220     7.3273     81.745  33.783928     36.952      6.950   248.4452     5.7905     2.3404     0.0232      0.047      1.687      2.447        489 3.3579e+01 0.0000e+00
      1.734    20.7214     7.3369     81.853  33.748068     36.891      6.944   248.4073     5.7501     2.2733     0.0232      0.059      1.699      2.465        490 3.3170e+01 0.0000e+00
      1.742    20.7203     7.3488     81.987  33.734494     36.892      6.939   248.1423     5.9725     2.2330     0.0232      0.064      1.711      2.482        491 3.2000e+01 0.0000e+00
      1.759    20.7189     7.3575     82.085  33.741510     36.893      6.941   248.1802     5.9806     2.1390     0.0232      0.066      1.727      2.506        492 3.1141e+01 0.0000e+00
      1.785    20.7178     7.3771     82.305  33.680027     36.832      6.937   248.4831     5.9725     2.2196     0.0232      0.068      1.750      2.539        493 2.9869e+01 0.0000e+00
      1.809    20.7169     7.3898     82.446  33.692389     36.834      6.931   248.8616     5.9846     2.1390     0.0232      0.069      1.771      2.569        494 2.8646e+01 0.0000e+00
      1.822    20.7163     7.4085     82.657  33.785437     36.957      6.923   248.7102     5.9563     2.1793     0.0232      0.067      1.785      2.589        495 2.7948e+01 0.0000e+00
      1.829    20.7159     7.4271     82.867  33.742163     36.896      6.919   248.7102     6.0776     2.2867     0.0232      0.065      1.797      2.607        496 2.7335e+01 0.0000e+00
      1.848    20.7155     7.4336     82.937  33.686933     36.836      6.925   249.1645     6.1059     2.3404     0.0232      0.065      1.815      2.632        497 2.6644e+01 0.0000e+00
      1.875    20.7153     7.4384     82.990  33.735549     36.897      6.929   248.9373     6.1100     2.2733     0.0232      0.069      1.837      2.665        498 2.6060e+01 0.0000e+00
      1.898    20.7154     7.4389     82.996  33.740971     36.897      6.931   249.4673     6.0776     2.3002     0.0232      0.073      1.856      2.692        499 2.5315e+01 0.0000e+00
      1.904    20.7155     7.4424     83.032  33.739496     36.898      6.929   249.3916     5.9321     2.0719     0.0232      0.070      1.864      2.704        500 2.4837e+01 0.0000e+00
      1.899    20.7161     7.4333     82.919  33.737386     36.897      6.929   249.0131     5.9118     2.1659     0.0232      0.061      1.864      2.704        501 2.5317e+01 0.0000e+00
      1.899    20.7172     7.4282     82.858  33.743597     36.897      6.931   248.8616     5.8876     2.1122     0.0232      0.052      1.867      2.708        502 2.5354e+01 0.0000e+00
      1.914    20.7177     7.4165     82.726  33.731765     36.897      6.937   249.3159     5.9118     2.1927     0.0232      0.046      1.877      2.723        503 2.4397e+01 0.0000e+00
      1.929    20.7174     7.4154     82.710  33.692800     36.835      6.939   249.3538     5.6288     2.0450     0.0232      0.042      1.889      2.739        504 2.4647e+01 0.0000e+00
      1.933    20.7188     7.4126     82.660  33.673469     36.835      6.937   249.3916     5.6773     2.1659     0.0232      0.035      1.896      2.750        505 2.5305e+01 0.0000e+00
      1.938    20.7200     7.4162     82.658  33.696511     36.835      6.944   249.3159     5.6773     2.2196     0.0232      0.028      1.903      2.760        506 2.5028e+01 0.0000e+00
      1.950    20.7190     7.4110     82.559  33.782745     36.956      6.946   249.5431     5.6611     2.2196     0.0232      0.027      1.913      2.776        507 2.4844e+01 0.0000e+00
      1.966    20.7183     7.3983     82.387  33.744085     36.894      6.951   249.5431     5.9118     2.1122     0.0232      0.032      1.928      2.797        508 2.4577e+01 0.0000e+00
      1.984    20.7190     7.3947     82.331  33.685311     36.834      6.952   249.6188     5.9240     2.0719     0.0232      0.040      1.945      2.822        509 2.4088e+01 0.0000e+00
      2.003    20.7166     7.3972     82.374  33.737266     36.895      6.954   250.0352     5.8876     2.2196     0.0232      0.047      1.965      2.850        510 2.3465e+01 0.0000e+00
