Data/DataNotYetUploadedToEDI/Raw_CTD/RawDownloads/100118_fcr20.cnv
* Sea-Bird SBE19plus  Data File:
* FileName = C:\DATA\100118_fcr_0002.hex
* Software version 2.6.3.104
* Temperature SN = 7809
* Conductivity SN = 7809
* System UpLoad Time = Oct 01 2018 14:28:34
* <ApplicationData>
* <Seaterm232>
# nquan = 17
# nvalues = 643                         
# units = specified
# name 0 = depFM: Depth [fresh water, m]
# name 1 = tv290C: Temperature [ITS-90, deg C]
# name 2 = sbeox0Mg/L: Oxygen, SBE 43 [mg/l]
# name 3 = sbeox0PS: Oxygen, SBE 43 [% saturation]
# name 4 = c0uS/cm: Conductivity [uS/cm]
# name 5 = specc: Specific Conductance [uS/cm]
# name 6 = ph: pH
# name 7 = orp: Oxidation Reduction Potential [mV]
# name 8 = flECO-AFL: Fluorescence, WET Labs ECO-AFL/FL [mg/m^3]
# name 9 = turbWETntu0: Turbidity, WET Labs ECO [NTU]
# name 10 = sal00: Salinity, Practical [PSU]
# name 11 = dz/dtM: Descent Rate [m/s]
# name 12 = prdM: Pressure, Strain Gauge [db]
# name 13 = prdE: Pressure, Strain Gauge [psi]
# name 14 = scan: Scan Count
# name 15 = par/sat/log: PAR/Logarithmic, Satlantic
# name 16 = flag:  0.000e+00
# span 0 =     -0.465,      3.151       
# span 1 =    20.2097,    21.9873       
# span 2 =     5.3214,     8.8694       
# span 3 =     59.903,    100.026       
# span 4 =   0.877213,  34.367259       
# span 5 =      0.928,     37.586       
# span 6 =      6.324,      7.863       
# span 7 =   132.2991,   265.9352       
# span 8 =    -0.7602,     6.1666       
# span 9 =    -0.7748,    34.5138       
# span 10 =     0.0107,     0.0234      
# span 11 =     -0.179,      0.216      
# span 12 =     -0.456,      3.089      
# span 13 =     -0.660,      4.481      
# span 14 =          1,        643      
# span 15 = 1.9148e+01, 1.8617e+03      
# span 16 = 0.0000e+00, 0.0000e+00      
# interval = seconds: 0.25
# start_time = Oct 01 2018 14:36:12 [Instrument's time stamp, header]
# bad_flag = -9.990e-29
*END*
[from data line 426]
      1.026    20.7847     7.2836     81.351  33.739682     36.840      7.039   249.8838     4.7432     2.0987     0.0232      0.080      1.006      1.459        427 2.3817e+02 0.0000e+00
      1.043    20.7843     7.2784     81.289  33.681672     36.780      7.041   250.1488     5.1395     2.1390     0.0232      0.078      1.022      1.481        428 1.8946e+02 0.0000e+00
      1.056    20.7846     7.2805     81.310  33.690484     36.781      7.035   250.4516     5.1557     2.1390     0.0232      0.076      1.034      1.499        429 2.0386e+02 0.0000e+00
      1.062    20.7859     7.2856     81.367  33.728715     36.842      7.034   250.2245     5.1516     2.1122     0.0232      0.072      1.044      1.513        430 2.2434e+02 0.0000e+00
      1.073    20.7870     7.2934     81.454  33.752714     36.842      7.036   250.3759     5.1274     2.0719     0.0232      0.066      1.055      1.530        431 2.0783e+02 0.0000e+00
      1.091    20.7865     7.2922     81.440  33.779240     36.902      7.040   250.9438     5.1152     2.0987     0.0232      0.062      1.070      1.553        432 1.9795e+02 0.0000e+00
      1.109    20.7853     7.2992     81.521  33.695706     36.779      7.040   250.4895     5.3134     2.1659     0.0232      0.057      1.089      1.580        433 2.3653e+02 0.0000e+00
      1.132    20.7839     7.3056     81.594  33.678738     36.779      7.043   250.9816     5.3215     2.1793     0.0232      0.056      1.111      1.611        434 2.1233e+02 0.0000e+00
      1.157    20.7812     7.2977     81.508  33.741045     36.841      7.046   251.0195     5.3053     2.1256     0.0232      0.060      1.134      1.645        435 1.8993e+02 0.0000e+00
      1.179    20.7773     7.2936     81.465  33.736788     36.842      7.043   251.0952     5.3296     2.0987     0.0232      0.067      1.157      1.676        436 2.1460e+02 0.0000e+00
      1.200    20.7738     7.2983     81.519  33.743348     36.844      7.047   251.0195     5.1233     2.1122     0.0232      0.074      1.177      1.706        437 2.0234e+02 0.0000e+00
      1.221    20.7710     7.3144     81.699  33.732882     36.848      7.048   251.4738     5.1516     2.1390     0.0232      0.081      1.195      1.732        438 1.8635e+02 0.0000e+00
      1.234    20.7694     7.3230     81.796  33.749814     36.850      7.046   251.8902     5.1557     2.1659     0.0232      0.082      1.208      1.751        439 1.8891e+02 0.0000e+00
      1.240    20.7693     7.3348     81.928  33.811245     36.944      7.044   251.4359     5.1152     2.0584     0.0233      0.078      1.214      1.761        440 1.7632e+02 0.0000e+00
      1.241    20.7692     7.3413     82.001  33.745400     36.854      7.043   251.4359     5.1961     2.1256     0.0232      0.068      1.217      1.765        441 1.4922e+02 0.0000e+00
      1.243    20.7693     7.3394     81.981  33.742790     36.854      7.042   252.0038     5.2002     2.0987     0.0232      0.056      1.218      1.767        442 1.6010e+02 0.0000e+00
      1.241    20.7705     7.3400     81.990  33.784838     36.915      7.043   251.5873     5.2082     2.1659     0.0232      0.041      1.219      1.769        443 1.8029e+02 0.0000e+00
      1.247    20.7721     7.3414     82.007  33.752384     36.854      7.043   252.3823     5.2204     2.2062     0.0232      0.029      1.224      1.775        444 2.0315e+02 0.0000e+00
      1.254    20.7735     7.3399     81.990  33.723867     36.853      7.039   252.1173     5.1355     2.1793     0.0232      0.020      1.229      1.783        445 1.8546e+02 0.0000e+00
      1.258    20.7747     7.3415     82.006  33.701705     36.791      7.037   252.3445     5.1314     2.1122     0.0232      0.014      1.236      1.793        446 1.7072e+02 0.0000e+00
      1.269    20.7755     7.3507     82.109  33.720654     36.851      7.039   252.3823     5.1678     2.1524     0.0232      0.015      1.246      1.808        447 1.7230e+02 0.0000e+00
      1.287    20.7762     7.3561     82.168  33.700286     36.789      7.041   252.6473     5.1395     2.1524     0.0232      0.021      1.261      1.829        448 1.7136e+02 0.0000e+00
      1.300    20.7763     7.3633     82.246  33.727053     36.849      7.040   252.8366     4.9333     2.1256     0.0232      0.029      1.271      1.845        449 1.8142e+02 0.0000e+00
      1.302    20.7765     7.3719     82.340  33.746653     36.848      7.035   252.4581     4.9575     2.0987     0.0232      0.033      1.276      1.851        450 1.8364e+02 0.0000e+00
      1.301    20.7772     7.3844     82.476  33.735204     36.848      7.033   252.8745     4.9171     2.1390     0.0232      0.034      1.277      1.851        451 1.8244e+02 0.0000e+00
      1.303    20.7779     7.3782     82.403  33.741302     36.848      7.036   252.5716     4.9575     2.1122     0.0232      0.032      1.278      1.854        452 1.6846e+02 0.0000e+00
      1.306    20.7789     7.3758     82.372  33.739064     36.848      7.032   252.9502     4.9697     2.1793     0.0232      0.028      1.281      1.859        453 1.7889e+02 0.0000e+00
      1.312    20.7797     7.3770     82.383  33.737988     36.847      7.032   253.4424     5.0061     2.2062     0.0232      0.024      1.286      1.865        454 1.8045e+02 0.0000e+00
      1.315    20.7797     7.3804     82.423  33.742641     36.846      7.029   253.2152     5.0101     2.1256     0.0232      0.018      1.291      1.871        455 1.8623e+02 0.0000e+00
      1.320    20.7789     7.3868     82.494  33.733274     36.846      7.031   253.2152     5.0101     2.1122     0.0232      0.013      1.296      1.879        456 1.7295e+02 0.0000e+00
      1.330    20.7783     7.3991     82.631  33.690334     36.785      7.026   253.5181     5.0303     2.0987     0.0232      0.014      1.304      1.891        457 1.6556e+02 0.0000e+00
      1.337    20.7780     7.4100     82.750  33.736768     36.846      7.024   253.3666     5.0546     2.1256     0.0232      0.018      1.311      1.901        458 1.7470e+02 0.0000e+00
      1.341    20.7769     7.4133     82.784  33.734800     36.847      7.023   253.7074     5.0788     2.1390     0.0232      0.021      1.315      1.907        459 1.6481e+02 0.0000e+00
      1.344    20.7749     7.4166     82.821  33.692783     36.786      7.026   253.6695     5.0708     2.1659     0.0232      0.022      1.318      1.912        460 1.8507e+02 0.0000e+00
      1.349    20.7729     7.4121     82.771  33.729745     36.848      7.025   253.8588     5.0627     2.0047     0.0232      0.022      1.323      1.918        461 1.6454e+02 0.0000e+00
      1.353    20.7705     7.4174     82.833  33.748112     36.850      7.030   253.6316     4.8726     1.9645     0.0232      0.021      1.328      1.926        462 1.5547e+02 0.0000e+00
      1.360    20.7679     7.4177     82.837  33.669927     36.790      7.030   254.0859     4.8928     1.9376     0.0232      0.021      1.335      1.936        463 1.6117e+02 0.0000e+00
      1.369    20.7668     7.4180     82.841  33.708424     36.792      7.034   253.8588     4.8807     1.9510     0.0232      0.021      1.343      1.948        464 1.6512e+02 0.0000e+00
      1.379    20.7673     7.4060     82.707  33.789171     36.947      7.030   254.3888     4.8726     1.9779     0.0233      0.022      1.352      1.960        465 1.7403e+02 0.0000e+00
      1.387    20.7676     7.4007     82.649  33.717719     36.795      7.031   254.4266     5.0869     2.1390     0.0232      0.024      1.360      1.972        466 1.4850e+02 0.0000e+00
      1.394    20.7669     7.3939     82.571  33.767691     36.917      7.034   254.4266     5.1072     2.1390     0.0232      0.027      1.367      1.983        467 1.6162e+02 0.0000e+00
      1.402    20.7655     7.3935     82.564  33.756636     36.855      7.032   254.3888     5.0708     2.1793     0.0232      0.030      1.374      1.993        468 1.5579e+02 0.0000e+00
      1.408    20.7643     7.3888     82.509  33.672165     36.795      7.031   254.8431     5.0869     2.1390     0.0232      0.031      1.380      2.002        469 1.5605e+02 0.0000e+00
      1.411    20.7640     7.3796     82.405  33.694883     36.796      7.030   254.8431     4.9535     2.1122     0.0232      0.030      1.384      2.008        470 1.6097e+02 0.0000e+00
      1.416    20.7645     7.3812     82.427  33.728365     36.858      7.031   254.6916     4.9494     2.1390     0.0232      0.028      1.388      2.014        471 1.4646e+02 0.0000e+00
      1.420    20.7655     7.3807     82.424  33.749118     36.858      7.032   254.9188     4.9414     2.1659     0.0232      0.025      1.392      2.019        472 1.5503e+02 0.0000e+00
      1.423    20.7662     7.3833     82.456  33.728367     36.858      7.030   255.0324     4.9575     2.1524     0.0232      0.021      1.395      2.023        473 1.3547e+02 0.0000e+00
      1.425    20.7664     7.3940     82.579  33.694878     36.796      7.032   255.1838     4.9211     2.0450     0.0232      0.019      1.398      2.028        474 1.4373e+02 0.0000e+00
      1.429    20.7671     7.3973     82.620  33.731482     36.857      7.030   254.9188     4.9656     2.1927     0.0232      0.016      1.402      2.033        475 1.4696e+02 0.0000e+00
      1.434    20.7675     7.3965     82.612  33.742125     36.856      7.032   255.1459     4.9494     2.1122     0.0232      0.015      1.408      2.041        476 1.5091e+02 0.0000e+00
      1.442    20.7662     7.3900     82.539  33.681634     36.795      7.032   255.3352     4.9414     2.1524     0.0232      0.015      1.413      2.050        477 1.5363e+02 0.0000e+00
      1.446    20.7641     7.3644     82.252  33.747450     36.856      7.035   255.3352     4.9292     2.0853     0.0232      0.016      1.418      2.057        478 1.3956e+02 0.0000e+00
      1.452    20.7627     7.3636     82.244  33.778839     36.918      7.032   255.4488     5.0061     2.1122     0.0232      0.018      1.423      2.063        479 1.4906e+02 0.0000e+00
      1.454    20.7627     7.3608     82.212  33.761194     36.858      7.029   255.4488     5.0101     2.0719     0.0232      0.018      1.425      2.067        480 1.4210e+02 0.0000e+00
      1.453    20.7643     7.3754     82.374  33.799066     36.951      7.028   255.7895     5.0303     2.1927     0.0233      0.017      1.425      2.067        481 1.4384e+02 0.0000e+00
      1.452    20.7665     7.3885     82.520  33.761365     36.859      7.028   255.6381     5.0141     2.0450     0.0232      0.015      1.425      2.067        482 1.4586e+02 0.0000e+00
      1.454    20.7687     7.3948     82.592  33.719146     36.858      7.026   255.5624     4.9373     2.1256     0.0232      0.012      1.426      2.069        483 1.5273e+02 0.0000e+00
      1.457    20.7710     7.4042     82.696  33.703328     36.795      7.028   255.7895     4.9616     2.0987     0.0232      0.009      1.429      2.072        484 1.5107e+02 0.0000e+00
      1.460    20.7728     7.4257     82.931  33.721738     36.855      7.030   255.8652     4.9454     2.1256     0.0232      0.007      1.432      2.077        485 1.4251e+02 0.0000e+00
      1.464    20.7735     7.4345     83.019  33.755546     36.853      7.029   255.7138     4.9494     2.0987     0.0232      0.007      1.436      2.082        486 1.4686e+02 0.0000e+00
      1.468    20.7735     7.4447     83.125  33.720564     36.851      7.027   256.0545     4.8120     2.1122     0.0232      0.007      1.439      2.088        487 1.4756e+02 0.0000e+00
      1.472    20.7731     7.4520     83.204  33.705960     36.790      7.028   256.0166     4.8241     2.1524     0.0232      0.010      1.444      2.094        488 1.3721e+02 0.0000e+00
      1.477    20.7728     7.4492     83.174  33.714410     36.851      7.028   256.2059     4.8362     2.1122     0.0232      0.012      1.449      2.101        489 1.4214e+02 0.0000e+00
      1.484    20.7727     7.4405     83.075  33.710048     36.790      7.030   256.5845     4.7917     2.1390     0.0232      0.015      1.455      2.110        490 1.4141e+02 0.0000e+00
      1.490    20.7721     7.4278     82.928  33.770697     36.912      7.027   256.4709     5.0910     2.1390     0.0232      0.017      1.460      2.117        491 1.3832e+02 0.0000e+00
      1.492    20.7716     7.4068     82.688  33.757556     36.851      7.025   256.2059     5.0829     2.0316     0.0232      0.018      1.465      2.124        492 1.3917e+02 0.0000e+00
      1.499    20.7723     7.3796     82.381  33.726404     36.852      7.027   256.4709     5.0708     2.1927     0.0232      0.019      1.472      2.135        493 1.3644e+02 0.0000e+00
      1.512    20.7722     7.3563     82.119  33.690844     36.791      7.024   256.6224     5.0910     2.2196     0.0232      0.022      1.483      2.151        494 1.4944e+02 0.0000e+00
      1.523    20.7690     7.3354     81.883  33.683189     36.790      7.024   256.5088     5.0910     2.1122     0.0232      0.026      1.493      2.166        495 1.3755e+02 0.0000e+00
      1.534    20.7631     7.3087     81.580  33.795242     36.913      7.023   256.8116     4.9616     2.1524     0.0232      0.029      1.503      2.181        496 1.3835e+02 0.0000e+00
      1.542    20.7580     7.2956     81.427  33.818294     36.946      7.022   256.2816     4.9656     2.1122     0.0233      0.033      1.513      2.194        497 1.3850e+02 0.0000e+00
      1.552    20.7565     7.2940     81.403  33.743467     36.859      7.022   256.4709     4.9494     2.1256     0.0232      0.035      1.523      2.208        498 1.3218e+02 0.0000e+00
      1.563    20.7571     7.2835     81.284  33.740087     36.863      7.023   256.5466     4.9656     2.0853     0.0232      0.038      1.533      2.223        499 1.2468e+02 0.0000e+00
      1.574    20.7562     7.2677     81.106  33.733538     36.864      7.021   256.1681     4.9656     2.1524     0.0232      0.041      1.543      2.238        500 1.2090e+02 0.0000e+00
      1.584    20.7530     7.2466     80.869  33.751620     36.864      7.020   257.1145     4.9292     2.0719     0.0232      0.041      1.553      2.252        501 1.2179e+02 0.0000e+00
      1.593    20.7494     7.2246     80.623  33.776894     36.926      7.018   257.0388     4.9616     2.1927     0.0232      0.040      1.562      2.265        502 1.1788e+02 0.0000e+00
      1.602    20.7474     7.2052     80.406  33.761396     36.867      7.018   257.0388     4.9575     2.0987     0.0232      0.039      1.571      2.278        503 1.2082e+02 0.0000e+00
      1.611    20.7466     7.1931     80.271  33.800565     36.962      7.017   257.1524     4.8281     2.1256     0.0233      0.039      1.580      2.292        504 1.1893e+02 0.0000e+00
      1.620    20.7449     7.1858     80.190  33.757806     36.872      7.017   257.3038     4.8201     2.1390     0.0232      0.038      1.589      2.304        505 1.1692e+02 0.0000e+00
      1.628    20.7414     7.1877     80.212  33.725642     36.872      7.016   257.2659     4.8322     2.1122     0.0232      0.037      1.596      2.316        506 1.0810e+02 0.0000e+00
      1.636    20.7369     7.1977     80.323  33.751626     36.874      7.018   257.4174     4.8241     2.1659     0.0232      0.036      1.604      2.327        507 1.1725e+02 0.0000e+00
      1.644    20.7338     7.2009     80.358  33.784782     36.938      7.017   257.7581     4.9575     2.1122     0.0232      0.034      1.612      2.338        508 1.1624e+02 0.0000e+00
      1.651    20.7321     7.2066     80.422  33.743693     36.880      7.016   257.7959     4.9535     2.1390     0.0232      0.033      1.619      2.349        509 1.1066e+02 0.0000e+00
      1.659    20.7311     7.2090     80.448  33.743453     36.883      7.017   257.8717     4.9616     2.1256     0.0232      0.032      1.627      2.359        510 1.2059e+02 0.0000e+00
