Data/DataNotYetUploadedToEDI/Raw_CTD/RawDownloads/100120_bvr50_0001.cnv
* Sea-Bird SBE19plus  Data File:
* FileName = C:\DATA\100120_fcr50_0001.hex
* Software version 2.8.0.119
* Temperature SN = 7809
* Conductivity SN = 7809
* System UpLoad Time = Oct 01 2020 13:52:21
* <ApplicationData>
* <Seaterm232>
# nquan = 16
# nvalues = 2364                        
# units = specified
# name 0 = depFM: Depth [fresh water, m]
# name 1 = dz/dtM: Descent Rate [m/s]
# name 2 = sbeox0ML/L: Oxygen, SBE 43 [ml/l]
# name 3 = sbeox0PS: Oxygen, SBE 43 [% saturation]
# name 4 = specc: Specific Conductance [uS/cm]
# name 5 = c0uS/cm: Conductivity [uS/cm]
# name 6 = flECO-AFL: Fluorescence, WET Labs ECO-AFL/FL [mg/m^3]
# name 7 = ph: pH
# name 8 = orp: Oxidation Reduction Potential [mV]
# name 9 = par/sat/log: PAR/Logarithmic, Satlantic
# name 10 = turbWETntu0: Turbidity, WET Labs ECO [NTU]
# name 11 = prdM: Pressure, Strain Gauge [db]
# name 12 = prdE: Pressure, Strain Gauge [psi]
# name 13 = tv290C: Temperature [ITS-90, deg C]
# name 14 = density00: Density [density, kg/m^3]
# name 15 = flag:  0.000e+00
# span 0 =     -0.768,     10.366       
# span 1 =     -0.405,      0.251       
# span 2 =     0.0323,     6.3974       
# span 3 =      0.438,     96.271       
# span 4 =      0.922,    166.588       
# span 5 =   0.775069, 116.786878       
# span 6 =    -2.4876,     8.9292       
# span 7 =     15.437,     16.147       
# span 8 =  -130.2820,  1101.2394       
# span 9 = 1.2348e-01, 1.8140e+03       
# span 10 =    -9.3574,    21.3855      
# span 11 =     -0.754,     10.166      
# span 12 =     -1.093,     14.744      
# span 13 =    10.0493,    18.1545      
# span 14 =   998.5805,   999.8073      
# span 15 = 0.0000e+00, 0.0000e+00      
# interval = seconds: 0.25
# start_time = Sep 30 2020 21:00:35 [Instrument's time stamp, header]
# bad_flag = -9.990e-29
*END*
[from data line 91]
     -0.263      0.111     6.1999     94.528     28.105  24.189257     2.4977     15.586   157.8245 1.3958e+03     2.8814     -0.259     -0.376    18.0478   998.6012 0.0000e+00
     -0.238      0.109     6.2145     94.922     28.105  24.187999     2.4659     15.588   156.9302 1.3672e+03     2.8869     -0.237     -0.344    18.0479   998.6012 0.0000e+00
     -0.206      0.102     6.2195     95.458     28.116  24.198953     2.4679     15.588   154.6181 1.3571e+03     2.9056     -0.205     -0.297    18.0443   998.6021 0.0000e+00
     -0.171      0.092     6.2288     96.077     28.108  24.194853     2.4837     15.588   153.5293 1.0892e+03     2.9012     -0.164     -0.238    18.0366   998.6038 0.0000e+00
     -0.141      0.081     6.2595     96.271     28.114  24.201855     2.5336     15.588   153.8332 5.0351e+02     2.9020     -0.134     -0.193    18.0272   998.6056 0.0000e+00
     -0.126      0.068     6.2800     95.476     28.131  24.220200     2.6227     15.588   153.9906 1.6292e+02     2.8805     -0.120     -0.174    18.0242   998.6062 0.0000e+00
     -0.120      0.057     6.3130     93.516     28.133  24.226396     2.6644     15.588   154.6576 1.2473e+02     2.8830     -0.118     -0.172    18.0296   998.6052 0.0000e+00
     -0.114      0.048     6.3691     90.580     28.113  24.213353     2.6655     15.589   155.4447 1.0774e+02     2.9657     -0.114     -0.165    18.0350   998.6043 0.0000e+00
     -0.104      0.042     6.3974     87.047     28.082  24.189345     2.6746     15.589   155.5057 1.0201e+02     2.9880     -0.102     -0.148    18.0368   998.6040 0.0000e+00
     -0.090      0.037     6.3474     83.335     28.080  24.189808     2.6886     15.589   155.3957 9.9488e+01     2.8436     -0.089     -0.130    18.0429   998.6028 0.0000e+00
     -0.073      0.032     6.2102     79.686     28.111  24.218962     2.7015     15.589   155.1462 9.2744e+01     2.6623     -0.070     -0.102    18.0526   998.6011 0.0000e+00
     -0.060      0.023     6.0077     76.388     28.116  24.224727     2.7056     15.589   154.9850 9.1201e+01     2.6154     -0.054     -0.080    18.0592   998.6000 0.0000e+00
     -0.058      0.013     5.7595     73.824     28.081  24.196098     2.7199     15.589   155.1668 9.2326e+01     2.6539     -0.055     -0.080    18.0645   998.5990 0.0000e+00
     -0.062      0.003     5.5114     72.117     28.073  24.189921     2.7879     15.589   154.9360 9.4036e+01     2.7163     -0.061     -0.088    18.0697   998.5980 0.0000e+00
     -0.067     -0.005     5.2641     71.130     28.099  24.213466     2.8889     15.589   154.4307 9.5957e+01     2.7859     -0.066     -0.095    18.0745   998.5971 0.0000e+00
     -0.070     -0.008     5.0319     70.659     28.114  24.227086     2.9402     15.589   154.3917 9.6093e+01     2.8431     -0.069     -0.100    18.0774   998.5966 0.0000e+00
     -0.072     -0.005     4.8614     70.514     28.114  24.227756     2.9494     15.590   154.8090 9.6029e+01     2.9266     -0.070     -0.102    18.0783   998.5964 0.0000e+00
     -0.073      0.000     4.7522     70.543     28.107  24.221579     2.9904     15.590   155.1736 9.5216e+01     2.9716     -0.072     -0.105    18.0801   998.5960 0.0000e+00
     -0.073      0.004     4.6919     70.642     28.100  24.215814     3.0459     15.589   155.3588 1.0387e+02     2.9416     -0.074     -0.107    18.0824   998.5955 0.0000e+00
     -0.070      0.006     4.6650     70.724     28.107  24.221477     3.0569     15.589   155.8429 1.1433e+02     2.9071     -0.070     -0.101    18.0841   998.5953 0.0000e+00
     -0.065      0.006     4.6588     70.723     28.112  24.226625     3.0475     15.589   156.2951 1.0730e+02     2.8971     -0.063     -0.092    18.0844   998.5953 0.0000e+00
     -0.063      0.005     4.6633     70.700     28.098  24.214634     3.0087     15.589   156.0946 9.9843e+01     2.8898     -0.060     -0.087    18.0838   998.5954 0.0000e+00
     -0.063      0.004     4.6709     70.765     28.084  24.203340     2.9227     15.589   156.0001 9.9723e+01     2.8528     -0.061     -0.089    18.0838   998.5954 0.0000e+00
     -0.064      0.001     4.6796     70.952     28.100  24.216915     2.8658     15.589   156.4423 9.6727e+01     2.8276     -0.062     -0.091    18.0850   998.5952 0.0000e+00
     -0.064     -0.007     4.6772     71.253     28.141  24.251927     2.8633     15.590   156.1938 9.7805e+01     2.8252     -0.063     -0.091    18.0859   998.5950 0.0000e+00
     -0.064     -0.025     4.6714     71.615     28.357  24.436405     2.9021     15.590   155.3173 1.0160e+02     2.7556     -0.063     -0.091    18.0863   998.5950 0.0000e+00
     -0.064     -0.055     4.6769     72.014     28.927  24.925275     2.9633     15.590   155.2230 1.0845e+02     2.6385     -0.062     -0.090    18.0863   998.5949 0.0000e+00
     -0.068     -0.090     4.6876     72.444     29.484  25.406046     2.9931     15.589   155.5700 2.1006e+02     2.5767     -0.061     -0.089    18.0867   998.5949 0.0000e+00
     -0.088     -0.122     4.7105     72.927     29.654  25.555972     2.9949     15.589   155.9857 5.2503e+02     2.5915     -0.074     -0.108    18.0860   998.5949 0.0000e+00
     -0.138     -0.145     4.7350     73.566     29.697  25.596383     2.9947     15.590   156.6360 9.1409e+02     2.6460     -0.129     -0.186    18.0818   998.5955 0.0000e+00
     -0.204     -0.156     4.7609     74.380     29.746  25.640952     2.9630     15.590   156.6351 1.1321e+03     2.7210     -0.206     -0.298    18.0774   998.5962 0.0000e+00
     -0.260     -0.156     4.7918     75.332     29.682  25.587447     2.8974     15.590   156.1466 1.2086e+03     2.8125     -0.263     -0.381    18.0783   998.5960 0.0000e+00
     -0.296     -0.142     4.8163     76.305     29.529  25.456870     2.8587     15.593   155.8925 1.2568e+03     2.8591     -0.296     -0.429    18.0861   998.5943 0.0000e+00
     -0.319     -0.120     4.8601     77.093     29.307  25.267244     2.8580     15.597   155.7135 1.2809e+03     2.8718     -0.313     -0.454    18.0929   998.5930 0.0000e+00
     -0.339     -0.102     4.9136     77.653     29.078  25.070608     2.8790     15.599   155.1869 1.2754e+03     2.8629     -0.331     -0.481    18.0967   998.5923 0.0000e+00
     -0.359     -0.096     4.9773     78.018     28.975  24.982100     2.9123     15.599   154.0002 1.2634e+03     2.7515     -0.353     -0.513    18.0990   998.5917 0.0000e+00
     -0.379     -0.101     5.0507     78.189     29.021  25.021610     2.9175     15.597   152.4633 1.2652e+03     2.6231     -0.371     -0.538    18.1004   998.5914 0.0000e+00
     -0.404     -0.113     5.1005     78.176     29.117  25.104363     2.8565     15.594   150.7148 1.2535e+03     2.3408     -0.394     -0.571    18.1042   998.5905 0.0000e+00
     -0.434     -0.126     5.1365     78.008     29.180  25.158142     2.2514     15.593   149.8090 1.2347e+03    -0.6950     -0.425     -0.616    18.1060   998.5899 0.0000e+00
     -0.470     -0.135     5.1612     77.731     29.186  25.164448     1.1326     15.592   152.4385 1.2292e+03    -6.2735     -0.458     -0.664    18.1059   998.5898 0.0000e+00
     -0.511     -0.138     5.1719     77.393     29.204  25.180617     0.5059     15.592   160.3107 1.2097e+03    -9.3184     -0.501     -0.727    18.1056   998.5896 0.0000e+00
     -0.553     -0.129     5.1710     77.002     29.404  25.353637     0.3770     15.593   170.5666 1.2186e+03    -9.3574     -0.545     -0.790    18.1045   998.5897 0.0000e+00
     -0.592     -0.110     5.1583     76.523     29.771  25.670787    -0.3485     15.594   179.3887 1.2865e+03    -6.1612     -0.583     -0.845    18.1045   998.5896 0.0000e+00
     -0.623     -0.085     5.1389     76.004     30.045  25.907397    -1.6768     15.593   189.2854 1.3618e+03    -0.2343     -0.617     -0.894    18.1054   998.5891 0.0000e+00
     -0.642     -0.059     5.1156     75.591     30.146  25.994543    -2.4177     15.591   202.3807 1.4079e+03     2.9088     -0.636     -0.923    18.1070   998.5888 0.0000e+00
     -0.646     -0.034     5.0920     75.420     30.181  26.026768    -2.4876     15.590   215.2026 1.3775e+03     2.8644     -0.636     -0.922    18.1083   998.5886 0.0000e+00
     -0.642     -0.013     5.0590     75.527     30.271  26.106746    -2.4456     15.590   224.8913 1.2702e+03     0.0184     -0.627     -0.910    18.1097   998.5885 0.0000e+00
     -0.641      0.002     5.0203     75.884     30.448  26.263849    -2.3683     15.590   230.1313 1.0483e+03    -5.2366     -0.628     -0.911    18.1108   998.5884 0.0000e+00
     -0.642      0.010     4.9896     76.568     30.607  26.404022    -2.3341     15.590   213.7713 9.0206e+02    -8.1443     -0.631     -0.916    18.1107   998.5885 0.0000e+00
     -0.639      0.013     4.9765     77.649     30.683  26.469575    -2.3375     15.590   175.7601 1.0704e+03    -8.4269     -0.629     -0.913    18.1121   998.5882 0.0000e+00
     -0.633      0.016     4.9866     78.989     30.704  26.485593    -2.2571     15.590   153.2437 1.2317e+03    -8.3797     -0.621     -0.902    18.1167   998.5874 0.0000e+00
     -0.627      0.020     5.0062     80.392     30.689  26.470825    -1.2675     15.589   151.8075 1.2291e+03    -7.6421     -0.611     -0.888    18.1254   998.5859 0.0000e+00
     -0.623      0.025     5.0466     81.717     30.629  26.417879     0.5487     15.589   152.6295 1.2270e+03    -6.3060     -0.612     -0.887    18.1320   998.5848 0.0000e+00
     -0.618      0.031     5.1237     82.831     30.334  26.162561     1.5253     15.588   153.2887 1.2422e+03    -5.5467     -0.608     -0.882    18.1307   998.5850 0.0000e+00
     -0.611      0.043     5.2178     83.668     29.688  25.603758     1.5664     15.588   154.8739 1.2517e+03    -5.0185     -0.598     -0.868    18.1264   998.5858 0.0000e+00
     -0.601      0.065     5.3127     84.261     29.050  25.052696     1.3134     15.582   156.2226 1.2520e+03     0.4576     -0.590     -0.855    18.1238   998.5864 0.0000e+00
     -0.590      0.094     5.4044     84.610     28.716  24.764045     0.8602     15.570   156.3461 1.2640e+03    10.5389     -0.580     -0.841    18.1219   998.5867 0.0000e+00
     -0.570      0.122     5.4807     84.761     28.584  24.650663     0.6067     15.565   155.6790 1.3068e+03    16.0033     -0.568     -0.824    18.1197   998.5872 0.0000e+00
     -0.531      0.143     5.5330     84.827     28.489  24.569724     0.6228     15.571   155.0390 1.3479e+03    16.1953     -0.530     -0.768    18.1176   998.5875 0.0000e+00
     -0.474      0.161     5.5742     84.887     28.387  24.483072     1.1608     15.578   154.8039 1.3392e+03    12.8603     -0.465     -0.675    18.1153   998.5879 0.0000e+00
     -0.417      0.179     5.5967     85.028     28.322  24.427458     2.1515     15.582   154.4707 1.3051e+03     6.6485     -0.401     -0.583    18.1136   998.5884 0.0000e+00
     -0.374      0.199     5.6020     85.288     28.295  24.404683     2.6922     15.585   153.9354 1.2643e+03     3.2310     -0.361     -0.525    18.1144   998.5885 0.0000e+00
     -0.342      0.216     5.6064     85.638     28.288  24.397961     2.7389     15.586   153.5794 1.1543e+03     2.8859     -0.340     -0.492    18.1164   998.5882 0.0000e+00
     -0.300      0.228     5.6065     86.022     28.301  24.409604     2.7932     15.586   153.3502 8.4540e+02     2.8871     -0.305     -0.444    18.1190   998.5879 0.0000e+00
     -0.230      0.234     5.6149     86.291     28.311  24.418607     2.9189     15.586   153.0575 4.4142e+02     2.9369     -0.234     -0.339    18.1214   998.5877 0.0000e+00
     -0.145      0.230     5.6335     86.205     28.266  24.379977     3.0005     15.586   152.8793 2.1267e+02     2.9039     -0.139     -0.200    18.1213   998.5881 0.0000e+00
     -0.067      0.211     5.6569     85.570     28.202  24.323062     3.0074     15.586   153.0024 1.2459e+02     2.8315     -0.059     -0.086    18.1202   998.5886 0.0000e+00
     -0.008      0.177     5.6856     84.380     28.179  24.301258     3.0027     15.587   153.0838 7.3637e+01     2.8170      0.001      0.002    18.1209   998.5888 0.0000e+00
      0.026      0.132     5.7100     82.825     28.187  24.306606     3.0282     15.588   152.9159 5.8738e+01     2.8323      0.035      0.052    18.1223   998.5888 0.0000e+00
      0.039      0.084     5.7090     81.098     28.208  24.324305     3.0873     15.588   152.9520 5.1240e+01     2.8794      0.040      0.057    18.1228   998.5887 0.0000e+00
      0.047      0.044     5.6683     79.316     28.209  24.324985     3.1172     15.587   153.2624 4.3856e+01     2.9397      0.043      0.063    18.1192   998.5893 0.0000e+00
      0.056      0.017     5.5843     77.637     28.198  24.314824     3.1130     15.587   153.3989 3.8972e+01     2.9102      0.060      0.086    18.1144   998.5903 0.0000e+00
      0.056      0.002     5.4762     76.231     28.214  24.328294     3.1020     15.587   153.4844 3.6702e+01     2.8655      0.059      0.085    18.1126   998.5906 0.0000e+00
      0.047     -0.002     5.3618     75.184     28.252  24.361011     3.0901     15.587   153.6069 3.4229e+01     2.8792      0.043      0.062    18.1123   998.5906 0.0000e+00
      0.041      0.003     5.2391     74.469     28.290  24.393291     3.0935     15.587   153.7625 3.1166e+01     2.9045      0.039      0.057    18.1117   998.5907 0.0000e+00
      0.038      0.016     5.1243     73.978     28.300  24.401466     3.0950     15.588   154.1613 2.9791e+01     2.8966      0.037      0.054    18.1096   998.5911 0.0000e+00
      0.039      0.035     5.0290     73.588     28.294  24.396444     3.1262     15.588   154.3846 2.7956e+01     2.8520      0.037      0.053    18.1092   998.5912 0.0000e+00
      0.049      0.054     4.9609     73.247     28.294  24.395986     3.2145     15.588   154.3974 2.4331e+01     2.8463      0.043      0.062    18.1094   998.5912 0.0000e+00
      0.073      0.066     4.9165     72.988     28.294  24.395930     3.2751     15.588   154.5738 2.0539e+01     2.8963      0.066      0.096    18.1090   998.5914 0.0000e+00
      0.105      0.069     4.8873     72.818     28.294  24.395770     3.2870     15.588   154.7107 1.7875e+01     2.9421      0.107      0.155    18.1086   998.5917 0.0000e+00
      0.130      0.061     4.8634     72.701     28.292  24.394044     3.3770     15.588   154.6756 1.6146e+01     2.9534      0.132      0.192    18.1078   998.5919 0.0000e+00
      0.145      0.035     4.8383     72.566     28.270  24.375060     3.5531     15.589   154.5799 1.5045e+01     2.9298      0.144      0.209    18.1086   998.5918 0.0000e+00
      0.153     -0.015     4.8219     72.359     28.248  24.356505     3.6526     15.589   154.5861 1.4634e+01     2.9313      0.152      0.221    18.1074   998.5921 0.0000e+00
      0.154     -0.083     4.8113     72.073     28.253  24.359963     3.6646     15.589   154.7506 1.5002e+01     2.9380      0.154      0.223    18.1061   998.5924 0.0000e+00
      0.142     -0.155     4.8052     71.711     28.246  24.353454     3.5168     15.589   154.9341 1.9166e+01     2.8725      0.150      0.218    18.1074   998.5921 0.0000e+00
      0.097     -0.219     4.7985     71.287     28.233  24.341233     3.2289     15.589   155.0839 3.2373e+01     2.8260      0.112      0.164    18.1073   998.5919 0.0000e+00
      0.011     -0.263     4.7837     70.825     28.232  24.339039     3.0928     15.589   155.2719 6.8056e+01     2.8575      0.018      0.025    18.1071   998.5915 0.0000e+00
     -0.097     -0.280     4.7657     70.350     28.217  24.326932     3.0911     15.590   155.5722 2.6272e+02     2.9091     -0.099     -0.144    18.1070   998.5910 0.0000e+00
     -0.197     -0.272     4.7410     69.872     28.210  24.321685     3.0748     15.593   155.8753 4.4609e+02     2.8999     -0.201     -0.291    18.1047   998.5909 0.0000e+00
