Data/DataNotYetUploadedToEDI/Raw_CTD/RawDownloads/100118_fcr30.cnv
* Sea-Bird SBE19plus  Data File:
* FileName = C:\DATA\100118_fcr_0003.hex
* Software version 2.6.3.104
* Temperature SN = 7809
* Conductivity SN = 7809
* System UpLoad Time = Oct 01 2018 14:28:55
* <ApplicationData>
* <Seaterm232>
# nquan = 17
# nvalues = 674                         
# units = specified
# name 0 = depFM: Depth [fresh water, m]
# name 1 = tv290C: Temperature [ITS-90, deg C]
# name 2 = sbeox0Mg/L: Oxygen, SBE 43 [mg/l]
# name 3 = sbeox0PS: Oxygen, SBE 43 [% saturation]
# name 4 = c0uS/cm: Conductivity [uS/cm]
# name 5 = specc: Specific Conductance [uS/cm]
# name 6 = ph: pH
# name 7 = orp: Oxidation Reduction Potential [mV]
# name 8 = flECO-AFL: Fluorescence, WET Labs ECO-AFL/FL [mg/m^3]
# name 9 = turbWETntu0: Turbidity, WET Labs ECO [NTU]
# name 10 = sal00: Salinity, Practical [PSU]
# name 11 = dz/dtM: Descent Rate [m/s]
# name 12 = prdM: Pressure, Strain Gauge [db]
# name 13 = prdE: Pressure, Strain Gauge [psi]
# name 14 = scan: Scan Count
# name 15 = par/sat/log: PAR/Logarithmic, Satlantic
# name 16 = flag:  0.000e+00
# span 0 =     -0.461,      5.524       
# span 1 =    17.0486,    21.8384       
# span 2 =     0.0936,     8.7346       
# span 3 =      0.980,     98.166       
# span 4 =   1.217757,  70.858517       
# span 5 =      1.289,     84.218       
# span 6 =      6.331,      7.992       
# span 7 =    57.2661,   247.3852       
# span 8 =    -0.4448,    10.0404       
# span 9 =    -0.7346,     6.1003       
# span 10 =     0.0107,     0.0427      
# span 11 =     -0.262,      0.179      
# span 12 =     -0.452,      5.417      
# span 13 =     -0.655,      7.856      
# span 14 =          1,        674      
# span 15 = 7.0247e-01, 2.0800e+03      
# span 16 = 0.0000e+00, 0.0000e+00      
# interval = seconds: 0.25
# start_time = Oct 01 2018 15:02:27 [Instrument's time stamp, header]
# bad_flag = -9.990e-29
*END*
[from data line 341]
      1.416    20.7667     7.2297     80.741  33.750934     36.856      7.056   230.0087     5.7137     2.0853     0.0232      0.040      1.387      2.012        342 3.5144e+01 0.0000e+00
      1.420    20.7666     7.2276     80.715  33.737520     36.856      7.052   230.4251     5.7137     2.2464     0.0232      0.038      1.392      2.019        343 3.5143e+01 0.0000e+00
      1.423    20.7671     7.2195     80.622  33.820793     36.948      7.049   229.9709     5.7218     2.1122     0.0233      0.035      1.397      2.026        344 3.5022e+01 0.0000e+00
      1.431    20.7673     7.2138     80.557  33.795581     36.917      7.046   230.1980     5.8916     2.1793     0.0232      0.032      1.403      2.035        345 3.4745e+01 0.0000e+00
      1.438    20.7674     7.2116     80.531  33.739242     36.856      7.044   230.3116     5.9118     2.1793     0.0232      0.029      1.409      2.043        346 3.4819e+01 0.0000e+00
      1.441    20.7680     7.2165     80.584  33.742628     36.856      7.039   230.9551     5.9361     2.2733     0.0232      0.026      1.410      2.046        347 3.4506e+01 0.0000e+00
      1.434    20.7693     7.2236     80.663  33.732055     36.855      7.040   230.5387     5.9321     2.1122     0.0232      0.020      1.407      2.041        348 3.4519e+01 0.0000e+00
      1.429    20.7707     7.2319     80.757  33.752399     36.855      7.037   230.3116     5.7056     2.0719     0.0232      0.013      1.406      2.040        349 3.4796e+01 0.0000e+00
      1.439    20.7710     7.2397     80.844  33.776622     36.915      7.040   230.4630     5.7056     2.1927     0.0232      0.010      1.415      2.054        350 3.5107e+01 0.0000e+00
      1.463    20.7704     7.2469     80.923  33.761222     36.853      7.040   230.9551     5.6813     2.1659     0.0232      0.014      1.435      2.082        351 3.5522e+01 0.0000e+00
      1.489    20.7686     7.2532     80.994  33.801219     36.944      7.039   230.9173     5.7056     2.1122     0.0233      0.023      1.458      2.115        352 3.5737e+01 0.0000e+00
      1.509    20.7669     7.2434     80.884  33.697191     36.792      7.039   231.1823     5.9806     2.3002     0.0232      0.034      1.478      2.144        353 3.5647e+01 0.0000e+00
      1.524    20.7654     7.2412     80.859  33.683096     36.794      7.029   231.6366     5.9765     2.1659     0.0232      0.045      1.492      2.165        354 3.5544e+01 0.0000e+00
      1.533    20.7642     7.2280     80.711  33.818760     36.948      7.023   231.5230     5.9765     2.1122     0.0233      0.055      1.505      2.183        355 3.5348e+01 0.0000e+00
      1.548    20.7636     7.2206     80.626  33.795258     36.918      7.022   231.8637     5.9644     2.2196     0.0232      0.064      1.521      2.206        356 3.5383e+01 0.0000e+00
      1.572    20.7629     7.2197     80.614  33.742000     36.858      7.017   231.9394     5.9361     2.2196     0.0232      0.070      1.543      2.237        357 3.5552e+01 0.0000e+00
      1.599    20.7627     7.2306     80.735  33.736762     36.859      7.007   232.2044     5.9684     2.1927     0.0232      0.072      1.568      2.274        358 3.5272e+01 0.0000e+00
      1.625    20.7628     7.2366     80.801  33.742466     36.859      6.998   232.1666     5.9523     2.2330     0.0232      0.074      1.596      2.314        359 3.5362e+01 0.0000e+00
      1.659    20.7628     7.2532     80.984  33.734901     36.859      6.990   232.6587     5.9482     2.1927     0.0232      0.080      1.626      2.358        360 3.5830e+01 0.0000e+00
      1.691    20.7626     7.2680     81.149  33.746177     36.859      6.986   232.7723     6.1504     2.2733     0.0232      0.089      1.655      2.400        361 3.5814e+01 0.0000e+00
      1.714    20.7624     7.2821     81.306  33.787747     36.920      6.986   233.3402     6.1504     2.3539     0.0232      0.099      1.676      2.431        362 3.5386e+01 0.0000e+00
      1.723    20.7621     7.2938     81.437  33.742480     36.860      6.981   233.1509     6.1545     2.3673     0.0232      0.102      1.688      2.448        363 3.5394e+01 0.0000e+00
      1.728    20.7618     7.2919     81.416  33.743199     36.860      6.983   232.9237     6.1383     2.2867     0.0232      0.096      1.697      2.461        364 3.5603e+01 0.0000e+00
      1.744    20.7614     7.2835     81.320  33.816508     36.951      6.986   232.9237     6.1625     2.2867     0.0233      0.087      1.710      2.481        365 3.5865e+01 0.0000e+00
      1.760    20.7602     7.2748     81.216  33.829182     36.952      6.990   233.2266     6.0453     2.1927     0.0233      0.077      1.726      2.503        366 3.5644e+01 0.0000e+00
      1.775    20.7592     7.2522     80.950  33.816393     36.952      6.997   233.4916     6.0574     2.1256     0.0233      0.067      1.743      2.528        367 3.5391e+01 0.0000e+00
      1.795    20.7588     7.2031     80.371  33.802768     36.922      7.003   233.2266     6.0655     2.1927     0.0232      0.060      1.764      2.560        368 3.5992e+01 0.0000e+00
      1.829    20.7577     7.0990     79.178  33.727517     36.862      6.999   233.6052     6.0251     2.1659     0.0232      0.061      1.793      2.601        369 3.6270e+01 0.0000e+00
      1.861    20.7565     6.9349     77.319  33.702453     36.802      6.997   233.9459     5.4953     2.2062     0.0232      0.070      1.822      2.642        370 3.6463e+01 0.0000e+00
      1.883    20.7560     6.6913     74.582  33.804305     36.955      6.996   234.3244     5.5277     2.1793     0.0233      0.082      1.843      2.673        371 3.6547e+01 0.0000e+00
      1.892    20.7557     6.3669     70.955  33.749043     36.864      6.985   234.4380     5.5520     2.2062     0.0232      0.087      1.854      2.688        372 3.6278e+01 0.0000e+00
      1.893    20.7555     5.9694     66.521  33.741571     36.865      6.977   234.0594     5.5034     2.0584     0.0232      0.083      1.859      2.695        373 3.6488e+01 0.0000e+00
      1.900    20.7563     5.5196     61.506  33.783948     36.926      6.981   233.8702     5.0465     2.0719     0.0232      0.076      1.867      2.707        374 3.6310e+01 0.0000e+00
      1.917    20.7549     5.1345     57.213  33.755618     36.865      6.986   234.1352     5.0667     2.1659     0.0232      0.068      1.882      2.730        375 3.6483e+01 0.0000e+00
      1.940    20.7509     4.8165     53.665  33.865795     37.017      6.990   234.3244     5.0910     2.1122     0.0233      0.061      1.903      2.760        376 3.6490e+01 0.0000e+00
      1.966    20.7414     4.5874     51.101  33.884078     37.018      6.997   234.0594     5.0667     2.1524     0.0233      0.056      1.928      2.795        377 3.5950e+01 0.0000e+00
      1.990    20.7224     4.4444     49.500  33.881143     37.022      6.995   234.8544     5.1476     2.1390     0.0233      0.058      1.950      2.828        378 3.6277e+01 0.0000e+00
      2.008    20.7018     4.3680     48.644  33.988074     37.151      6.994   234.5137     5.1435     2.2196     0.0233      0.064      1.971      2.859        379 3.6240e+01 0.0000e+00
      2.033    20.6833     4.3299     48.217  34.136536     37.320      6.992   234.7787     5.1152     2.1793     0.0234      0.074      1.994      2.893        380 3.6279e+01 0.0000e+00
      2.060    20.6689     4.3351     48.269  34.200542     37.428      6.991   234.7030     5.1597     2.1927     0.0234      0.085      2.019      2.928        381 3.6657e+01 0.0000e+00
      2.084    20.6612     4.3538     48.470  34.116019     37.321      6.990   235.5737     5.1476     2.2196     0.0234      0.091      2.039      2.957        382 3.6248e+01 0.0000e+00
      2.094    20.6573     4.3677     48.622  34.152764     37.394      6.971   235.2709     5.1314     2.1524     0.0234      0.090      2.049      2.972        383 3.5721e+01 0.0000e+00
      2.089    20.6551     4.3780     48.739  34.214132     37.462      6.959   235.0437     5.1718     2.1927     0.0234      0.080      2.050      2.973        384 3.6028e+01 0.0000e+00
      2.088    20.6544     4.3677     48.626  34.158275     37.403      6.959   235.2330     5.1799     2.1793     0.0234      0.066      2.054      2.978        385 3.6061e+01 0.0000e+00
      2.105    20.6488     4.3777     48.739  34.133312     37.375      6.961   235.4223     4.9009     2.2062     0.0234      0.055      2.071      3.003        386 3.5779e+01 0.0000e+00
      2.141    20.6378     4.3832     48.796  34.215543     37.467      6.961   235.7630     4.9252     2.1390     0.0234      0.053      2.098      3.043        387 3.5776e+01 0.0000e+00
      2.172    20.6301     4.3947     48.915  34.293190     37.563      6.958   236.0280     4.8888     2.1927     0.0235      0.055      2.126      3.084        388 3.5726e+01 0.0000e+00
      2.192    20.6249     4.4013     48.977  34.303592     37.573      6.954   236.4823     4.8969     2.2062     0.0235      0.059      2.147      3.114        389 3.5535e+01 0.0000e+00
      2.204    20.6210     4.4085     49.045  34.291572     37.579      6.947   236.0280     4.8888     2.2599     0.0235      0.065      2.161      3.134        390 3.5568e+01 0.0000e+00
      2.214    20.6155     4.3983     48.922  34.308153     37.583      6.945   235.9902     4.9737     2.1122     0.0235      0.072      2.174      3.152        391 3.5999e+01 0.0000e+00
      2.233    20.6082     4.3851     48.767  34.312616     37.617      6.939   236.4444     4.9414     2.1927     0.0235      0.079      2.189      3.174        392 3.5568e+01 0.0000e+00
      2.249    20.6057     4.3703     48.596  34.315675     37.591      6.932   236.8987     4.9778     2.0987     0.0235      0.079      2.201      3.192        393 3.5535e+01 0.0000e+00
      2.251    20.6079     4.3527     48.395  34.334005     37.658      6.913   236.4066     4.9737     2.2062     0.0235      0.069      2.206      3.199        394 3.5893e+01 0.0000e+00
      2.249    20.6097     4.3199     48.028  34.319464     37.599      6.908   236.7473     5.0465     2.0719     0.0235      0.053      2.207      3.201        395 3.5643e+01 0.0000e+00
      2.253    20.6106     4.2665     47.433  34.333772     37.658      6.907   236.5580     5.0101     2.2062     0.0235      0.041      2.215      3.212        396 3.5787e+01 0.0000e+00
      2.273    20.6069     4.2018     46.709  34.345856     37.626      6.907   236.5580     5.0101     2.2330     0.0235      0.036      2.235      3.241        397 3.5279e+01 0.0000e+00
      2.310    20.5971     4.1393     46.007  34.334083     37.656      6.904   237.3909     5.0222     2.1659     0.0235      0.042      2.267      3.288        398 3.4367e+01 0.0000e+00
      2.352    20.5851     4.0932     45.488  34.318766     37.598      6.896   237.6180     5.0182     2.2196     0.0235      0.054      2.302      3.340        399 3.3689e+01 0.0000e+00
      2.382    20.5730     4.0536     45.043  34.335264     37.667      6.886   237.3909     5.0222     2.0719     0.0235      0.068      2.332      3.382        400 3.3229e+01 0.0000e+00
      2.401    20.5628     4.0447     44.941  34.313558     37.616      6.883   237.4666     5.0465     2.1524     0.0235      0.083      2.354      3.415        401 3.3296e+01 0.0000e+00
      2.421    20.5546     4.0722     45.244  34.345783     37.687      6.876   237.6559     5.0061     2.1122     0.0235      0.096      2.374      3.445        402 3.2983e+01 0.0000e+00
      2.444    20.5476     4.1230     45.804  34.384132     37.726      6.870   237.9587     4.5693     2.1390     0.0235      0.105      2.393      3.472        403 3.2600e+01 0.0000e+00
      2.458    20.5417     4.1790     46.419  34.414121     37.764      6.862   238.0345     4.5896     2.1793     0.0235      0.105      2.407      3.492        404 3.2058e+01 0.0000e+00
      2.464    20.5394     4.2126     46.789  34.456750     37.831      6.854   238.0345     4.6179     2.1256     0.0236      0.093      2.415      3.503        405 3.2026e+01 0.0000e+00
      2.466    20.5383     4.1991     46.632  34.420052     37.775      6.842   238.1102     4.5815     2.1793     0.0235      0.075      2.423      3.514        406 3.2338e+01 0.0000e+00
      2.483    20.5336     4.1374     45.939  34.459793     37.838      6.839   237.5802     4.6017     2.2599     0.0236      0.061      2.439      3.537        407 3.1642e+01 0.0000e+00
      2.512    20.5261     4.0382     44.835  34.466608     37.839      6.838   238.2995     4.6098     2.2196     0.0236      0.057      2.465      3.575        408 3.0946e+01 0.0000e+00
      2.546    20.5185     3.9087     43.397  34.441229     37.812      6.830   238.7537     4.6381     2.1927     0.0235      0.061      2.493      3.615        409 3.0535e+01 0.0000e+00
      2.566    20.5126     3.7689     41.846  34.461723     37.849      6.824   238.8295     4.6057     2.1793     0.0236      0.066      2.513      3.644        410 3.0579e+01 0.0000e+00
      2.574    20.5089     3.6351     40.361  34.470765     37.855      6.821   238.0345     4.5855     2.0987     0.0236      0.069      2.524      3.660        411 3.0254e+01 0.0000e+00
      2.581    20.5057     3.5348     39.247  34.518951     37.922      6.817   238.0345     4.6745     2.0719     0.0236      0.071      2.533      3.674        412 2.9826e+01 0.0000e+00
      2.596    20.5005     3.4646     38.465  34.520385     37.925      6.816   238.3373     4.6947     2.1793     0.0236      0.073      2.547      3.693        413 2.9569e+01 0.0000e+00
      2.613    20.4941     3.4273     38.048  34.528295     37.927      6.812   238.5645     4.6704     2.1659     0.0236      0.071      2.562      3.715        414 2.8989e+01 0.0000e+00
      2.626    20.4892     3.4162     37.926  34.598079     38.024      6.810   238.1859     4.6624     2.2062     0.0236      0.065      2.576      3.736        415 2.8837e+01 0.0000e+00
      2.641    20.4817     3.4182     37.951  34.581825     37.999      6.808   238.5266     4.6098     2.3002     0.0236      0.057      2.592      3.759        416 2.8494e+01 0.0000e+00
      2.663    20.4733     3.4156     37.922  34.578182     38.003      6.800   238.7537     4.5977     2.3673     0.0236      0.054      2.608      3.783        417 2.8060e+01 0.0000e+00
      2.674    20.4704     3.4282     38.070  34.632273     38.070      6.792   238.3752     4.6057     2.3136     0.0236      0.056      2.620      3.801        418 2.8079e+01 0.0000e+00
      2.679    20.4706     3.4344     38.160  34.633142     38.077      6.782   237.9966     4.5936     2.3404     0.0236      0.056      2.629      3.814        419 2.7882e+01 0.0000e+00
      2.691    20.4718     3.4477     38.331  34.577104     38.018      6.784   238.4887     3.8981     2.2733     0.0236      0.056      2.641      3.831        420 2.7425e+01 0.0000e+00
      2.711    20.4722     3.4858     38.767  34.553727     37.987      6.781   238.8295     3.8860     2.2733     0.0236      0.055      2.653      3.848        421 2.6995e+01 0.0000e+00
      2.712    20.4712     3.5753     39.757  34.573263     38.017      6.779   238.1859     3.8981     2.3002     0.0236      0.050      2.660      3.858        422 2.7269e+01 0.0000e+00
      2.715    20.4686     3.7079     41.226  34.582448     38.017      6.779   238.4130     3.9143     2.3673     0.0236      0.045      2.666      3.867        423 2.7070e+01 0.0000e+00
      2.732    20.4652     3.8578     42.892  34.631268     38.079      6.774   239.0187     3.7566     2.2464     0.0236      0.041      2.674      3.878        424 2.6487e+01 0.0000e+00
      2.730    20.4671     3.9763     44.208  34.571822     38.020      6.765   238.0723     3.7647     2.2599     0.0236      0.035      2.676      3.880        425 2.7145e+01 0.0000e+00
