Data/DataNotYetUploadedToEDI/Raw_CTD/RawDownloads/100118_fcr50.cnv
* Sea-Bird SBE19plus  Data File:
* FileName = C:\DATA\100118_fcr_0005.hex
* Software version 2.6.3.104
* Temperature SN = 7809
* Conductivity SN = 7809
* System UpLoad Time = Oct 01 2018 14:30:00
* <ApplicationData>
* <Seaterm232>
# nquan = 17
# nvalues = 782                         
# units = specified
# name 0 = depFM: Depth [fresh water, m]
# name 1 = tv290C: Temperature [ITS-90, deg C]
# name 2 = sbeox0Mg/L: Oxygen, SBE 43 [mg/l]
# name 3 = sbeox0PS: Oxygen, SBE 43 [% saturation]
# name 4 = c0uS/cm: Conductivity [uS/cm]
# name 5 = specc: Specific Conductance [uS/cm]
# name 6 = ph: pH
# name 7 = orp: Oxidation Reduction Potential [mV]
# name 8 = flECO-AFL: Fluorescence, WET Labs ECO-AFL/FL [mg/m^3]
# name 9 = turbWETntu0: Turbidity, WET Labs ECO [NTU]
# name 10 = sal00: Salinity, Practical [PSU]
# name 11 = dz/dtM: Descent Rate [m/s]
# name 12 = prdM: Pressure, Strain Gauge [db]
# name 13 = prdE: Pressure, Strain Gauge [psi]
# name 14 = scan: Scan Count
# name 15 = par/sat/log: PAR/Logarithmic, Satlantic
# name 16 = flag:  0.000e+00
# span 0 =     -0.463,      9.867       
# span 1 =    12.7857,    24.8609       
# span 2 =     0.0798,     9.0004       
# span 3 =      0.758,    101.602       
# span 4 =  -1.102902, 224.456336       
# span 5 =     -1.028,    300.078       
# span 6 =      6.276,      8.067       
# span 7 =    42.2367,  1240.2295       
# span 8 =    -0.2021,     6.9430       
# span 9 =    -0.3854,    32.6607       
# span 10 =     0.0000,     0.1423      
# span 11 =     -0.145,      0.241      
# span 12 =     -0.454,      9.676      
# span 13 =     -0.658,     14.034      
# span 14 =          1,        782      
# span 15 = 1.2363e-01, 9.6423e+02      
# span 16 = 0.0000e+00, 0.0000e+00      
# interval = seconds: 0.25
# start_time = Oct 01 2018 16:48:50 [Instrument's time stamp, header]
# bad_flag = -9.990e-29
*END*
[from data line 256]
      0.099    21.1865     7.3586     82.687  34.521416     37.356      7.115   231.0687     3.2147     2.2733     0.0236      0.006      0.097      0.141        257 2.4922e+02 0.0000e+00
      0.101    21.1982     7.3520     82.589  34.546664     37.403      7.105   231.5987     3.2309     2.2330     0.0236      0.007      0.099      0.143        258 2.9178e+02 0.0000e+00
      0.102    21.1940     7.3506     82.549  34.525804     37.368      7.100   230.8794     3.2390     2.2062     0.0236      0.008      0.101      0.147        259 3.3709e+02 0.0000e+00
      0.107    21.1808     7.3491     82.530  34.458405     37.298      7.096   231.1066     3.3158     2.2464     0.0235      0.009      0.106      0.154        260 3.5170e+02 0.0000e+00
      0.114    21.1690     7.3473     82.515  34.422943     37.241      7.091   230.6523     3.3077     2.2464     0.0235      0.011      0.112      0.163        261 3.6379e+02 0.0000e+00
      0.122    21.1603     7.3543     82.593  34.391999     37.252      7.089   230.1601     3.3037     2.2733     0.0235      0.014      0.121      0.177        262 4.1672e+02 0.0000e+00
      0.137    21.1431     7.3739     82.822  34.318979     37.140      7.087   229.5923     3.3037     2.2599     0.0235      0.019      0.136      0.198        263 3.8878e+02 0.0000e+00
      0.159    21.1179     7.3875     82.992  34.365539     37.238      7.055   230.1223     3.3118     2.3136     0.0235      0.027      0.154      0.223        264 4.5915e+02 0.0000e+00
      0.173    21.1012     7.4006     83.133  34.363719     37.221      7.036   229.4030     3.2754     2.3136     0.0235      0.036      0.169      0.244        265 5.0123e+02 0.0000e+00
      0.184    21.0911     7.4048     83.145  34.350907     37.243      7.029   227.7751     3.2349     2.2196     0.0235      0.044      0.182      0.264        266 7.1812e+02 0.0000e+00
      0.200    21.0820     7.4053     83.090  34.351837     37.255      7.029   226.7908     3.2633     2.2464     0.0235      0.051      0.197      0.285        267 9.1427e+02 0.0000e+00
      0.218    21.0676     7.3958     82.933  34.362571     37.264      7.031   226.4123     3.2349     2.2733     0.0235      0.056      0.213      0.309        268 8.8529e+02 0.0000e+00
      0.234    21.0532     7.3778     82.705  34.307897     37.240      7.029   225.6551     3.1177     2.3002     0.0235      0.060      0.232      0.336        269 9.6423e+02 0.0000e+00
      0.261    21.0512     7.3645     82.557  34.241946     37.131      7.023   225.5794     3.1177     2.2062     0.0234      0.065      0.256      0.371        270 4.0694e+02 0.0000e+00
      0.288    21.0539     7.3486     82.382  34.385342     37.355      7.018   224.7844     3.1136     2.2330     0.0235      0.070      0.282      0.411        271 1.1980e+02 0.0000e+00
      0.315    21.0542     7.3364     82.258  34.366700     37.296      7.017   225.3523     3.1217     2.2196     0.0235      0.076      0.312      0.453        272 2.3311e+02 0.0000e+00
      0.353    21.0601     7.3310     82.197  34.294805     37.233      7.015   225.3901     3.1783     2.3673     0.0235      0.087      0.343      0.499        273 2.1340e+02 0.0000e+00
      0.383    21.0692     7.3330     82.225  34.356188     37.293      7.011   225.6551     3.1905     2.2867     0.0235      0.098      0.372      0.540        274 1.9566e+02 0.0000e+00
      0.400    21.0662     7.3361     82.275  34.379277     37.319      7.008   225.4280     3.1945     2.2464     0.0235      0.104      0.394      0.572        275 1.4044e+02 0.0000e+00
      0.424    21.0440     7.3442     82.386  34.295726     37.220      7.025   225.7687     3.1824     2.2062     0.0235      0.107      0.419      0.607        276 1.6458e+02 0.0000e+00
      0.460    21.0078     7.3522     82.489  34.163601     37.072      7.026   226.8287     3.3846     2.3673     0.0234      0.110      0.446      0.647        277 1.3973e+02 0.0000e+00
      0.480    20.9757     7.3582     82.559  34.098863     37.028      7.004   226.8287     3.3765     2.3136     0.0234      0.108      0.466      0.675        278 1.4013e+02 0.0000e+00
      0.486    20.9613     7.3634     82.618  34.050085     36.998      6.992   227.0558     3.3724     2.3136     0.0234      0.101      0.475      0.689        279 1.3285e+02 0.0000e+00
      0.488    20.9595     7.3685     82.679  34.105697     37.083      6.981   227.3966     3.3805     2.2464     0.0234      0.088      0.479      0.694        280 1.3544e+02 0.0000e+00
      0.491    20.9632     7.3705     82.668  34.177949     37.187      6.988   226.8287     3.5463     2.2330     0.0234      0.072      0.483      0.699        281 1.3591e+02 0.0000e+00
      0.497    20.9699     7.3761     82.666  34.167769     37.157      7.004   227.1316     3.5625     2.3539     0.0234      0.058      0.488      0.707        282 1.3643e+02 0.0000e+00
      0.504    20.9709     7.3725     82.579  34.148023     37.155      7.024   227.7373     3.5867     2.3404     0.0234      0.046      0.493      0.715        283 1.3314e+02 0.0000e+00
      0.506    20.9733     7.3767     82.596  34.113551     37.088      7.035   228.4187     3.5908     2.2464     0.0234      0.033      0.495      0.718        284 1.3482e+02 0.0000e+00
      0.503    20.9838     7.3736     82.540  34.151354     37.149      7.044   227.9644     3.5463     2.2062     0.0234      0.019      0.493      0.715        285 1.3497e+02 0.0000e+00
      0.499    20.9956     7.3638     82.412  34.219601     37.207      7.059   228.3051     3.3846     2.2062     0.0234      0.012      0.493      0.715        286 1.3424e+02 0.0000e+00
      0.506    21.0042     7.3498     82.240  34.236209     37.229      7.074   227.8887     3.3846     2.0719     0.0234      0.010      0.498      0.722        287 1.3619e+02 0.0000e+00
      0.518    21.0057     7.3338     82.051  34.219650     37.189      7.082   228.8730     3.3805     2.1256     0.0234      0.011      0.506      0.733        288 1.3592e+02 0.0000e+00
      0.521    21.0066     7.3273     81.974  34.210549     37.182      7.085   228.2673     3.3886     2.1659     0.0234      0.012      0.513      0.743        289 1.3483e+02 0.0000e+00
      0.527    21.0076     7.3193     81.890  34.217877     37.181      7.093   228.5323     3.3603     2.0987     0.0234      0.013      0.526      0.763        290 1.3021e+02 0.0000e+00
      0.564    20.9873     7.3151     81.860  34.151217     37.120      7.099   229.3273     3.3724     2.1793     0.0234      0.023      0.556      0.807        291 1.2428e+02 0.0000e+00
      0.611    20.9482     7.3149     81.872  34.115569     37.058      7.095   229.2894     3.3684     2.1524     0.0234      0.044      0.596      0.865        292 1.2059e+02 0.0000e+00
      0.647    20.9185     7.3176     81.895  34.113962     37.104      7.092   229.3273     3.3765     2.0987     0.0234      0.068      0.633      0.918        293 1.1596e+02 0.0000e+00
      0.679    20.9005     7.3173     81.877  34.064259     37.046      7.088   229.8573     3.5059     2.2867     0.0234      0.090      0.667      0.967        294 1.1312e+02 0.0000e+00
      0.715    20.8871     7.3157     81.847  34.088472     37.130      7.080   230.1223     3.5099     2.2464     0.0234      0.108      0.702      1.018        295 1.0996e+02 0.0000e+00
      0.755    20.8760     7.3172     81.849  34.113499     37.145      7.070   229.8194     3.4816     2.3539     0.0234      0.125      0.739      1.071        296 1.0649e+02 0.0000e+00
      0.789    20.8663     7.3200     81.865  34.092435     37.155      7.068   230.3873     3.5342     2.2867     0.0234      0.139      0.771      1.117        297 1.0381e+02 0.0000e+00
      0.813    20.8599     7.3192     81.839  34.114693     37.164      7.060   230.2737     3.4412     2.2867     0.0234      0.142      0.791      1.148        298 1.0345e+02 0.0000e+00
      0.819    20.8579     7.3081     81.701  34.174773     37.263      7.059   231.1066     3.4371     2.2733     0.0234      0.130      0.801      1.162        299 1.0372e+02 0.0000e+00
      0.820    20.8611     7.2748     81.323  34.165951     37.238      7.054   230.5387     3.4331     2.3002     0.0234      0.111      0.802      1.163        300 1.0435e+02 0.0000e+00
      0.814    20.8712     7.2327     80.850  34.096018     37.179      7.060   230.4630     3.4493     2.3673     0.0234      0.089      0.801      1.162        301 1.0490e+02 0.0000e+00
      0.817    20.8799     7.1855     80.325  34.113524     37.176      7.067   230.8794     3.5261     2.0853     0.0234      0.066      0.805      1.167        302 1.0446e+02 0.0000e+00
      0.831    20.8761     7.1373     79.788  34.144163     37.229      7.077   230.5009     3.5261     2.1390     0.0234      0.046      0.818      1.187        303 1.0414e+02 0.0000e+00
      0.854    20.8670     7.0906     79.269  34.176507     37.222      7.083   230.5766     3.4937     2.0584     0.0234      0.034      0.841      1.221        304 1.0345e+02 0.0000e+00
      0.889    20.8588     7.0617     78.950  34.221550     37.317      7.084   230.9551     3.4978     2.0719     0.0234      0.036      0.875      1.269        305 1.0292e+02 0.0000e+00
      0.934    20.8500     7.0449     78.765  34.177079     37.232      7.084   230.8794     3.5099     2.1927     0.0234      0.051      0.915      1.327        306 1.0283e+02 0.0000e+00
      0.976    20.8403     7.0422     78.740  34.142888     37.239      7.079   231.6366     3.7889     2.2599     0.0234      0.076      0.956      1.387        307 1.0231e+02 0.0000e+00
      1.017    20.8297     7.0505     78.833  34.115824     37.185      7.071   231.5987     3.7606     2.1927     0.0234      0.102      0.995      1.443        308 1.0330e+02 0.0000e+00
      1.051    20.8216     7.0658     79.002  34.151451     37.254      7.070   231.5987     3.7647     2.3404     0.0234      0.125      1.026      1.488        309 1.0532e+02 0.0000e+00
      1.073    20.8173     7.0813     79.172  34.187524     37.293      7.062   232.0909     3.7566     2.3941     0.0234      0.137      1.047      1.518        310 1.0409e+02 0.0000e+00
      1.078    20.8162     7.0906     79.273  34.159905     37.269      7.049   231.2959     4.0396     2.3270     0.0234      0.134      1.057      1.533        311 1.0172e+02 0.0000e+00
      1.084    20.8176     7.0972     79.348  34.156171     37.273      7.049   231.4094     4.0315     2.2733     0.0234      0.120      1.064      1.543        312 1.0009e+02 0.0000e+00
      1.093    20.8192     7.1027     79.410  34.162518     37.274      7.049   232.3937     4.0356     2.2464     0.0234      0.100      1.070      1.553        313 9.9160e+01 0.0000e+00
      1.097    20.8211     7.1042     79.427  34.152006     37.273      7.047   232.0151     4.0477     2.2464     0.0234      0.076      1.075      1.560        314 9.7958e+01 0.0000e+00
      1.099    20.8230     7.1052     79.438  34.169253     37.271      7.046   231.9394     3.8213     2.2867     0.0234      0.054      1.077      1.563        315 9.8532e+01 0.0000e+00
      1.099    20.8256     7.0929     79.300  34.170712     37.300      7.046   231.8637     3.8577     2.2867     0.0234      0.035      1.078      1.564        316 1.0011e+02 0.0000e+00
      1.100    20.8283     7.0794     79.152  34.120534     37.207      7.048   231.9773     3.8374     2.3136     0.0234      0.022      1.080      1.567        317 1.0112e+02 0.0000e+00
      1.105    20.8288     7.0739     79.094  34.142729     37.266      7.048   231.9773     3.8213     2.2733     0.0234      0.015      1.084      1.572        318 1.0394e+02 0.0000e+00
      1.112    20.8272     7.0676     79.024  34.113431     37.203      7.049   232.1287     3.7000     2.1390     0.0234      0.014      1.090      1.581        319 1.0329e+02 0.0000e+00
      1.119    20.8253     7.0667     79.014  34.097681     37.202      7.051   232.3559     3.7000     2.1390     0.0234      0.014      1.096      1.589        320 1.0071e+02 0.0000e+00
      1.121    20.8240     7.0706     79.057  34.162331     37.265      7.049   232.1666     3.6838     2.1256     0.0234      0.014      1.099      1.594        321 9.9371e+01 0.0000e+00
      1.121    20.8240     7.0859     79.231  34.181255     37.297      7.048   232.5073     3.7121     2.1659     0.0234      0.014      1.100      1.595        322 9.9031e+01 0.0000e+00
      1.122    20.8245     7.1055     79.452  34.163098     37.267      7.049   232.6966     3.7364     2.1122     0.0234      0.014      1.101      1.597        323 9.9723e+01 0.0000e+00
      1.126    20.8250     7.1178     79.586  34.155272     37.267      7.049   232.5830     3.7606     2.1659     0.0234      0.014      1.104      1.601        324 1.0070e+02 0.0000e+00
      1.129    20.8244     7.1263     79.683  34.161340     37.267      7.052   232.5451     3.7566     2.1524     0.0234      0.013      1.106      1.605        325 1.0203e+02 0.0000e+00
      1.129    20.8242     7.1268     79.697  34.155547     37.267      7.052   232.6587     3.7727     2.1122     0.0234      0.011      1.107      1.606        326 1.0311e+02 0.0000e+00
      1.129    20.8265     7.1186     79.619  34.162480     37.267      7.051   232.4316     3.7525     1.9779     0.0234      0.008      1.107      1.607        327 1.0486e+02 0.0000e+00
      1.130    20.8281     7.1120     79.557  34.182367     37.298      7.051   232.8480     3.6959     2.0987     0.0234      0.006      1.108      1.608        328 1.0668e+02 0.0000e+00
      1.132    20.8283     7.1000     79.427  34.160454     37.265      7.052   232.8859     3.7081     2.1122     0.0234      0.006      1.110      1.611        329 1.0779e+02 0.0000e+00
      1.135    20.8281     7.0887     79.305  34.100781     37.203      7.052   232.9237     3.7161     2.0584     0.0234      0.006      1.114      1.616        330 1.0947e+02 0.0000e+00
      1.141    20.8282     7.0807     79.216  34.108348     37.203      7.054   233.3023     3.7000     2.0719     0.0234      0.007      1.119      1.623        331 1.1108e+02 0.0000e+00
      1.147    20.8303     7.0797     79.187  34.151038     37.264      7.054   233.0752     3.7606     2.2733     0.0234      0.009      1.126      1.632        332 1.1103e+02 0.0000e+00
      1.156    20.8309     7.0796     79.170  34.166279     37.264      7.053   233.3023     3.7647     2.3136     0.0234      0.012      1.133      1.643        333 1.1104e+02 0.0000e+00
      1.163    20.8293     7.0760     79.123  34.178348     37.293      7.050   233.4916     3.7768     2.3270     0.0234      0.017      1.137      1.649        334 1.1013e+02 0.0000e+00
      1.158    20.8306     7.0834     79.204  34.165674     37.262      7.046   233.3023     3.7687     2.2464     0.0234      0.018      1.135      1.646        335 1.0754e+02 0.0000e+00
      1.151    20.8362     7.0969     79.355  34.152396     37.263      7.043   233.3780     3.7727     2.1659     0.0234      0.015      1.131      1.640        336 1.0672e+02 0.0000e+00
      1.151    20.8444     7.1251     79.669  34.165218     37.262      7.041   233.6430     3.7444     2.1122     0.0234      0.012      1.129      1.638        337 1.0643e+02 0.0000e+00
      1.151    20.8518     7.1564     80.022  34.149717     37.258      7.040   232.9994     3.7768     2.1256     0.0234      0.007      1.131      1.640        338 1.0598e+02 0.0000e+00
      1.157    20.8550     7.1761     80.281  34.171682     37.251      7.042   234.1730     3.7444     2.2062     0.0234      0.004      1.135      1.645        339 1.0535e+02 0.0000e+00
      1.162    20.8578     7.1915     80.519  34.226846     37.336      7.039   233.4159     3.5948     2.1390     0.0234      0.002      1.141      1.653        340 1.0590e+02 0.0000e+00
