Data/DataNotYetUploadedToEDI/Raw_CTD/RawDownloads/100118_fcr45.cnv
* Sea-Bird SBE19plus  Data File:
* FileName = C:\DATA\100118_fcr_0004.hex
* Software version 2.6.3.104
* Temperature SN = 7809
* Conductivity SN = 7809
* System UpLoad Time = Oct 01 2018 14:29:33
* <ApplicationData>
* <Seaterm232>
# nquan = 17
# nvalues = 1354                        
# units = specified
# name 0 = depFM: Depth [fresh water, m]
# name 1 = tv290C: Temperature [ITS-90, deg C]
# name 2 = sbeox0Mg/L: Oxygen, SBE 43 [mg/l]
# name 3 = sbeox0PS: Oxygen, SBE 43 [% saturation]
# name 4 = c0uS/cm: Conductivity [uS/cm]
# name 5 = specc: Specific Conductance [uS/cm]
# name 6 = ph: pH
# name 7 = orp: Oxidation Reduction Potential [mV]
# name 8 = flECO-AFL: Fluorescence, WET Labs ECO-AFL/FL [mg/m^3]
# name 9 = turbWETntu0: Turbidity, WET Labs ECO [NTU]
# name 10 = sal00: Salinity, Practical [PSU]
# name 11 = dz/dtM: Descent Rate [m/s]
# name 12 = prdM: Pressure, Strain Gauge [db]
# name 13 = prdE: Pressure, Strain Gauge [psi]
# name 14 = scan: Scan Count
# name 15 = par/sat/log: PAR/Logarithmic, Satlantic
# name 16 = flag:  0.000e+00
# span 0 =     -0.465,      7.832       
# span 1 =    14.0005,    22.5573       
# span 2 =    -0.0307,     9.0075       
# span 3 =     -0.333,    101.935       
# span 4 =   1.266213, 120.674473       
# span 5 =      1.533,    154.639       
# span 6 =      6.271,      7.989       
# span 7 =    28.9110,   490.8830       
# span 8 =    -0.3113,     5.6086       
# span 9 =    -0.5197,     5.4020       
# span 10 =     0.0110,     0.0739      
# span 11 =     -0.040,      0.248      
# span 12 =     -0.455,      7.680      
# span 13 =     -0.660,     11.139      
# span 14 =          1,       1354      
# span 15 = 1.2181e-01, 2.0487e+03      
# span 16 = 0.0000e+00, 0.0000e+00      
# interval = seconds: 0.25
# start_time = Oct 01 2018 15:23:07 [Instrument's time stamp, header]
# bad_flag = -9.990e-29
*END*
[from data line 1192]
      6.008    16.1610     0.1128      1.137  73.106814     88.685      6.370   131.4663     3.1905     2.7970     0.0444      0.076      5.889      8.542       1193 4.0052e-01 0.0000e+00
      6.015    16.1643     0.1129      1.137  73.305487     89.012      6.370   130.5199     3.1905     3.0118     0.0446      0.072      5.900      8.557       1194 3.9524e-01 0.0000e+00
      6.025    16.1615     0.1132      1.139  73.852773     89.607      6.376   129.2327     3.1824     2.9044     0.0448      0.068      5.912      8.574       1195 3.9688e-01 0.0000e+00
      6.046    16.1169     0.1124      1.131  74.951524     91.165      6.378   128.3620     3.1419     2.5150     0.0455      0.066      5.931      8.601       1196 3.8697e-01 0.0000e+00
      6.071    16.0526     0.1092      1.100  75.385117     91.438      6.379   127.3777     3.1258     2.5016     0.0456      0.066      5.954      8.636       1197 3.8629e-01 0.0000e+00
      6.098    15.9907     0.1122      1.130  75.690483     92.155      6.382   126.3556     3.1096     2.4344     0.0459      0.068      5.979      8.673       1198 3.5584e-01 0.0000e+00
      6.125    15.9311     0.1103      1.111  75.789945     92.196      6.381   125.2577     3.1298     2.5016     0.0459      0.072      6.004      8.709       1199 3.2070e-01 0.0000e+00
      6.145    15.8775     0.1097      1.105  76.004337     92.780      6.380   124.3491     3.2592     2.7701     0.0462      0.077      6.025      8.739       1200 3.4254e-01 0.0000e+00
      6.162    15.8293     0.1049      1.057  75.780355     92.538      6.381   123.0998     3.2835     2.6761     0.0461      0.082      6.042      8.764       1201 3.2380e-01 0.0000e+00
      6.179    15.7832     0.1033      1.042  75.325812     92.112      6.380   122.1534     3.2471     2.7567     0.0459      0.086      6.060      8.789       1202 3.1705e-01 0.0000e+00
      6.197    15.7338     0.1046      1.054  75.203065     92.117      6.380   121.4720     3.2349     2.6090     0.0458      0.086      6.078      8.815       1203 3.3057e-01 0.0000e+00
      6.217    15.6910     0.1019      1.027  75.725141     92.738      6.384   120.1091     3.2996     2.5956     0.0461      0.083      6.096      8.842       1204 3.2378e-01 0.0000e+00
      6.235    15.6721     0.0968      0.975  77.142754     94.773      6.385   119.6927     3.2835     2.4613     0.0470      0.078      6.111      8.864       1205 3.2620e-01 0.0000e+00
      6.242    15.6764     0.0959      0.967  77.569805     95.290      6.386   118.0270     3.2916     2.5419     0.0472      0.071      6.119      8.875       1206 3.1696e-01 0.0000e+00
      6.243    15.6909     0.0954      0.961  77.066008     94.745      6.389   116.8534     3.3158     2.5419     0.0470      0.062      6.122      8.880       1207 3.1379e-01 0.0000e+00
      6.245    15.7048     0.0950      0.955  76.907866     94.497      6.391   115.5662     3.3077     2.2464     0.0469      0.053      6.126      8.885       1208 3.1018e-01 0.0000e+00
      6.252    15.7164     0.0967      0.972  77.201933     94.872      6.393   114.4684     3.3199     2.2867     0.0470      0.044      6.131      8.892       1209 3.1196e-01 0.0000e+00
      6.258    15.7208     0.0951      0.955  77.324147     94.982      6.398   113.6734     3.3077     2.2196     0.0471      0.036      6.137      8.902       1210 3.0787e-01 0.0000e+00
      6.264    15.7303     0.0951      0.955  76.934077     94.468      6.400   112.5377     3.3037     2.2196     0.0469      0.028      6.146      8.914       1211 2.8729e-01 0.0000e+00
      6.280    15.7496     0.0987      0.991  77.271283     94.806      6.405   111.8184     3.2916     2.2733     0.0470      0.025      6.158      8.931       1212 2.7506e-01 0.0000e+00
      6.290    15.7495     0.0982      0.985  77.588052     95.366      6.405   110.8341     3.3279     2.5821     0.0473      0.025      6.169      8.947       1213 2.9139e-01 0.0000e+00
      6.299    15.7389     0.0967      0.969  77.698930     95.150      6.409   109.6605     3.3360     2.5284     0.0472      0.030      6.180      8.963       1214 3.1515e-01 0.0000e+00
      6.317    15.7590     0.0992      0.994  78.589609     96.591      6.413   108.6005     3.3199     2.5016     0.0478      0.036      6.193      8.982       1215 3.0447e-01 0.0000e+00
      6.328    15.7627     0.0970      0.972  78.292601     96.004      6.409   107.4269     3.3279     2.5016     0.0476      0.041      6.207      9.001       1216 2.9521e-01 0.0000e+00
      6.341    15.7091     0.0984      0.986  78.425191     96.158      6.414   106.2912     3.3724     2.2464     0.0476      0.045      6.223      9.025       1217 2.7518e-01 0.0000e+00
      6.369    15.6468     0.0978      0.979  79.881005     98.034      6.410   105.5341     3.3603     2.3136     0.0485      0.052      6.244      9.055       1218 2.5317e-01 0.0000e+00
      6.388    15.6050     0.1030      1.030  80.077310     98.343      6.412   104.5876     3.3724     2.3136     0.0486      0.058      6.262      9.083       1219 2.5431e-01 0.0000e+00
      6.401    15.5791     0.1004      1.002  79.726515     98.042      6.412   104.0198     3.4048     2.3404     0.0485      0.061      6.277      9.105       1220 2.7224e-01 0.0000e+00
      6.414    15.5608     0.1051      1.047  79.515087     97.940      6.413   102.9976     3.3886     2.2733     0.0484      0.064      6.288      9.122       1221 2.5938e-01 0.0000e+00
      6.422    15.5471     0.1090      1.085  79.329882     97.687      6.416   102.0891     3.4007     2.2196     0.0483      0.064      6.296      9.134       1222 2.3995e-01 0.0000e+00
      6.427    15.5197     0.1045      1.039  79.184231     97.667      6.416   100.9533     3.3684     2.2733     0.0483      0.059      6.305      9.145       1223 2.7023e-01 0.0000e+00
      6.439    15.4845     0.1050      1.043  79.458582     97.868      6.419    99.9691     3.3967     2.1927     0.0483      0.055      6.316      9.161       1224 2.5285e-01 0.0000e+00
      6.455    15.4698     0.1049      1.042  80.028795     98.870      6.420    99.0605     3.5140     2.3404     0.0488      0.050      6.330      9.181       1225 2.4762e-01 0.0000e+00
      6.470    15.4678     0.1044      1.037  79.901364     98.576      6.419    98.6062     3.4897     2.3404     0.0486      0.045      6.345      9.202       1226 2.5694e-01 0.0000e+00
      6.485    15.4619     0.1041      1.034  79.409130     98.197      6.423    97.4326     3.5140     2.2196     0.0485      0.045      6.359      9.222       1227 2.2217e-01 0.0000e+00
      6.496    15.4407     0.1037      1.029  78.709391     97.161      6.426    96.7133     3.5301     2.3404     0.0480      0.047      6.371      9.240       1228 2.4658e-01 0.0000e+00
      6.507    15.3872     0.0973      0.966  78.126884     96.588      6.428    96.0698     3.4493     2.2464     0.0477      0.049      6.383      9.258       1229 2.5352e-01 0.0000e+00
      6.523    15.3082     0.1021      1.013  77.964361     96.325      6.427    95.1612     3.4493     2.4076     0.0476      0.052      6.398      9.280       1230 2.1470e-01 0.0000e+00
      6.543    15.2294     0.0990      0.982  77.693108     96.246      6.430    94.5176     3.4331     2.3002     0.0476      0.055      6.417      9.307       1231 2.2379e-01 0.0000e+00
      6.563    15.1664     0.1038      1.029  76.740740     95.150      6.432    93.9119     3.4412     2.2733     0.0470      0.058      6.435      9.333       1232 2.1716e-01 0.0000e+00
      6.579    15.1228     0.0992      0.983  76.653175     95.198      6.432    93.3440     3.3724     2.5150     0.0470      0.060      6.451      9.357       1233 2.1906e-01 0.0000e+00
      6.592    15.0921     0.0999      0.989  79.050476     98.380      6.437    92.5869     3.4129     2.5419     0.0484      0.062      6.466      9.378       1234 2.2166e-01 0.0000e+00
      6.609    15.0671     0.0962      0.952  81.306774    101.419      6.438    92.0947     3.3967     2.5419     0.0498      0.063      6.481      9.401       1235 2.1429e-01 0.0000e+00
      6.625    15.0461     0.1005      0.994  82.702931    102.998      6.439    91.6783     3.3724     2.4210     0.0505      0.065      6.496      9.422       1236 1.9425e-01 0.0000e+00
      6.638    15.0294     0.0967      0.956  84.596058    105.685      6.444    91.1105     3.4816     2.5016     0.0517      0.065      6.509      9.440       1237 1.8147e-01 0.0000e+00
      6.649    15.0152     0.0998      0.986  85.550696    106.755      6.444    90.3155     3.4412     2.4881     0.0522      0.062      6.520      9.456       1238 1.8907e-01 0.0000e+00
      6.658    15.0020     0.1018      1.006  85.469044    106.799      6.445    90.2397     3.4331     2.4881     0.0522      0.057      6.528      9.469       1239 1.9446e-01 0.0000e+00
      6.664    14.9909     0.0976      0.963  85.351781    106.592      6.448    89.7476     3.4452     2.4747     0.0521      0.051      6.535      9.479       1240 2.0203e-01 0.0000e+00
      6.671    14.9805     0.1021      1.007  85.042547    106.347      6.450    88.8012     3.4250     2.5284     0.0520      0.046      6.543      9.491       1241 1.6100e-01 0.0000e+00
      6.681    14.9643     0.0991      0.978  84.872757    106.027      6.452    88.0062     3.4857     2.2330     0.0519      0.042      6.556      9.509       1242 1.6559e-01 0.0000e+00
      6.704    14.9355     0.1001      0.987  83.808978    104.967      6.453    87.8926     3.4452     2.2464     0.0514      0.041      6.576      9.538       1243 1.7535e-01 0.0000e+00
      6.734    14.8984     0.1011      0.997  82.798841    103.328      6.448    87.0597     3.4331     2.1927     0.0506      0.047      6.600      9.573       1244 1.6007e-01 0.0000e+00
      6.753    14.8681     0.1030      1.015  83.751527    105.050      6.449    86.0754     3.4493     2.1927     0.0514      0.054      6.620      9.600       1245 1.8402e-01 0.0000e+00
      6.762    14.8463     0.1005      0.991  84.020660    105.185      6.444    85.3562     3.4573     2.5016     0.0514      0.059      6.631      9.617       1246 1.9733e-01 0.0000e+00
      6.771    14.8263     0.0950      0.937  83.385527    104.631      6.446    84.4476     3.4452     2.4881     0.0512      0.063      6.641      9.632       1247 1.7710e-01 0.0000e+00
      6.782    14.8094     0.0954      0.941  83.055514    104.161      6.447    83.5390     3.4573     2.5687     0.0510      0.064      6.652      9.648       1248 1.9207e-01 0.0000e+00
      6.798    14.7930     0.0926      0.914  82.558474    103.686      6.447    82.7440     3.4452     2.4613     0.0507      0.063      6.666      9.668       1249 1.6881e-01 0.0000e+00
      6.812    14.7743     0.0924      0.912  82.279881    103.273      6.450    81.9111     3.4695     2.3404     0.0505      0.060      6.679      9.688       1250 1.5844e-01 0.0000e+00
      6.823    14.7579     0.0876      0.865  82.629316    103.842      6.451    80.9647     3.4210     2.2733     0.0508      0.053      6.691      9.704       1251 1.9548e-01 0.0000e+00
      6.833    14.7441     0.0939      0.927  83.134374    104.491      6.453    80.5104     3.4654     2.2330     0.0511      0.048      6.702      9.720       1252 1.4974e-01 0.0000e+00
      6.847    14.7290     0.0906      0.893  83.613427    105.133      6.457    79.6776     3.4412     2.2733     0.0514      0.047      6.715      9.739       1253 1.6278e-01 0.0000e+00
      6.864    14.7168     0.0959      0.946  84.262837    106.015      6.457    78.6176     3.4614     2.3404     0.0518      0.050      6.728      9.758       1254 1.6239e-01 0.0000e+00
      6.871    14.7103     0.0895      0.882  84.437013    106.267      6.460    78.3904     3.4412     2.1927     0.0519      0.050      6.736      9.770       1255 1.3332e-01 0.0000e+00
      6.874    14.7143     0.0925      0.911  84.407502    106.229      6.460    78.0118     3.4735     2.3941     0.0519      0.047      6.740      9.775       1256 1.5454e-01 0.0000e+00
      6.874    14.7277     0.0852      0.839  84.299577    106.176      6.462    77.7090     3.4331     2.3941     0.0518      0.040      6.740      9.774       1257 1.4699e-01 0.0000e+00
      6.867    14.7422     0.0880      0.867  83.857811    105.532      6.465    77.0276     3.3805     2.1659     0.0515      0.031      6.735      9.768       1258 1.7043e-01 0.0000e+00
      6.861    14.7654     0.0858      0.844  83.470777    105.070      6.467    75.6647     3.3441     2.0182     0.0513      0.021      6.729      9.760       1259 1.9430e-01 0.0000e+00
      6.857    14.7793     0.0879      0.865  83.146101    104.576      6.469    74.9076     3.3765     2.1927     0.0511      0.010      6.727      9.757       1260 1.7690e-01 0.0000e+00
      6.862    14.7725     0.0913      0.898  83.488890    104.937      6.472    73.0525     3.3724     2.1524     0.0513      0.001      6.731      9.762       1261 1.5989e-01 0.0000e+00
      6.870    14.7646     0.0950      0.935  83.965767    105.601      6.477    73.0904     3.3805     2.1793     0.0516     -0.003      6.738      9.772       1262 1.3219e-01 0.0000e+00
      6.880    14.7468     0.0950      0.934  83.979627    105.484      6.477    73.0525     3.4048     2.1390     0.0515     -0.001      6.748      9.786       1263 1.3932e-01 0.0000e+00
      6.892    14.7210     0.0942      0.926  84.274344    106.029      6.480    72.2954     3.3805     2.1122     0.0518      0.006      6.759      9.803       1264 1.6684e-01 0.0000e+00
      6.905    14.6999     0.0938      0.921  84.431450    106.149      6.482    71.4247     3.4048     2.1659     0.0518      0.016      6.772      9.822       1265 1.6111e-01 0.0000e+00
      6.917    14.6807     0.0957      0.940  84.794965    106.747      6.484    70.8947     3.3724     2.2062     0.0521      0.028      6.785      9.841       1266 1.5398e-01 0.0000e+00
      6.934    14.6640     0.0891      0.875  85.427459    107.580      6.485    70.3268     3.5140     2.3136     0.0525      0.038      6.800      9.862       1267 1.2678e-01 0.0000e+00
      6.948    14.6493     0.0921      0.905  85.695814    107.985      6.485    69.7590     3.4937     2.1793     0.0526      0.046      6.814      9.882       1268 1.3669e-01 0.0000e+00
      6.962    14.6368     0.0864      0.849  85.769224    108.101      6.486    69.3425     3.5261     2.3404     0.0527      0.050      6.827      9.902       1269 1.7019e-01 0.0000e+00
      6.976    14.6277     0.0871      0.855  85.841571    108.247      6.489    68.6990     3.5018     2.3136     0.0528      0.053      6.841      9.921       1270 1.5437e-01 0.0000e+00
      6.988    14.6179     0.0876      0.859  85.873389    108.317      6.489    68.0554     3.4573     2.3270     0.0528      0.054      6.853      9.939       1271 1.3885e-01 0.0000e+00
      6.999    14.6061     0.0916      0.899  85.878305    108.341      6.491    67.7904     3.4129     2.2464     0.0528      0.054      6.864      9.955       1272 1.3042e-01 0.0000e+00
      7.009    14.5939     0.0868      0.852  86.013862    108.545      6.492    67.4875     3.4573     2.2733     0.0529      0.052      6.874      9.969       1273 1.2181e-01 0.0000e+00
      7.018    14.5812     0.0890      0.873  86.061495    108.649      6.492    66.6925     3.4250     2.2733     0.0529      0.050      6.884      9.983       1274 1.3475e-01 0.0000e+00
      7.030    14.5684     0.0927      0.909  85.937970    108.505      6.493    66.3518     3.4290     2.1927     0.0529      0.047      6.895      9.999       1275 1.4017e-01 0.0000e+00
      7.042    14.5581     0.0882      0.865  85.900005    108.504      6.497    65.6704     3.4493     2.0182     0.0528      0.045      6.906     10.016       1276 1.3247e-01 0.0000e+00
