Data/DataNotYetUploadedToEDI/Raw_CTD/RawDownloads/100118_fcr30.cnv
* Sea-Bird SBE19plus  Data File:
* FileName = C:\DATA\100118_fcr_0003.hex
* Software version 2.6.3.104
* Temperature SN = 7809
* Conductivity SN = 7809
* System UpLoad Time = Oct 01 2018 14:28:55
* <ApplicationData>
* <Seaterm232>
# nquan = 17
# nvalues = 674                         
# units = specified
# name 0 = depFM: Depth [fresh water, m]
# name 1 = tv290C: Temperature [ITS-90, deg C]
# name 2 = sbeox0Mg/L: Oxygen, SBE 43 [mg/l]
# name 3 = sbeox0PS: Oxygen, SBE 43 [% saturation]
# name 4 = c0uS/cm: Conductivity [uS/cm]
# name 5 = specc: Specific Conductance [uS/cm]
# name 6 = ph: pH
# name 7 = orp: Oxidation Reduction Potential [mV]
# name 8 = flECO-AFL: Fluorescence, WET Labs ECO-AFL/FL [mg/m^3]
# name 9 = turbWETntu0: Turbidity, WET Labs ECO [NTU]
# name 10 = sal00: Salinity, Practical [PSU]
# name 11 = dz/dtM: Descent Rate [m/s]
# name 12 = prdM: Pressure, Strain Gauge [db]
# name 13 = prdE: Pressure, Strain Gauge [psi]
# name 14 = scan: Scan Count
# name 15 = par/sat/log: PAR/Logarithmic, Satlantic
# name 16 = flag:  0.000e+00
# span 0 =     -0.461,      5.524       
# span 1 =    17.0486,    21.8384       
# span 2 =     0.0936,     8.7346       
# span 3 =      0.980,     98.166       
# span 4 =   1.217757,  70.858517       
# span 5 =      1.289,     84.218       
# span 6 =      6.331,      7.992       
# span 7 =    57.2661,   247.3852       
# span 8 =    -0.4448,    10.0404       
# span 9 =    -0.7346,     6.1003       
# span 10 =     0.0107,     0.0427      
# span 11 =     -0.262,      0.179      
# span 12 =     -0.452,      5.417      
# span 13 =     -0.655,      7.856      
# span 14 =          1,        674      
# span 15 = 7.0247e-01, 2.0800e+03      
# span 16 = 0.0000e+00, 0.0000e+00      
# interval = seconds: 0.25
# start_time = Oct 01 2018 15:02:27 [Instrument's time stamp, header]
# bad_flag = -9.990e-29
*END*
[from data line 426]
      2.732    20.4704     4.1288     45.892  34.584637     38.052      6.761   238.8673     3.7768     2.2599     0.0236      0.024      2.673      3.877        427 2.6433e+01 0.0000e+00
      2.724    20.4815     4.1558     46.179  34.543192     37.957      6.757   238.5645     3.5382     2.2330     0.0236      0.015      2.661      3.860        428 2.7551e+01 0.0000e+00
      2.682    20.5085     4.1526     46.140  34.500407     37.957      6.758   238.3373     3.5220     2.1390     0.0236     -0.004      2.633      3.819        429 2.8847e+01 0.0000e+00
      2.649    20.5396     4.1082     45.647  34.370971     37.763      6.760   238.6023     3.5018     2.0853     0.0235     -0.024      2.610      3.786        430 2.8938e+01 0.0000e+00
      2.655    20.5546     4.0531     45.035  34.348389     37.741      6.754   239.3216     3.5018     2.2062     0.0235     -0.038      2.611      3.787        431 2.7989e+01 0.0000e+00
      2.683    20.5488     3.9874     44.303  34.439530     37.807      6.742   239.6623     3.5018     2.0584     0.0235     -0.040      2.629      3.813        432 2.7635e+01 0.0000e+00
      2.703    20.5424     3.9299     43.660  34.465132     37.825      6.733   239.7380     3.7768     2.3270     0.0236     -0.030      2.644      3.835        433 2.7544e+01 0.0000e+00
      2.700    20.5410     3.8810     43.118  34.464804     37.830      6.729   239.3973     3.7687     2.3270     0.0236     -0.018      2.645      3.836        434 2.7388e+01 0.0000e+00
      2.687    20.5398     3.8439     42.702  34.469596     37.835      6.729   239.1323     3.7566     2.2599     0.0236     -0.011      2.638      3.827        435 2.7647e+01 0.0000e+00
      2.686    20.5380     3.8049     42.257  34.459171     37.836      6.730   239.3595     3.7647     2.2733     0.0236      0.001      2.638      3.827        436 2.7349e+01 0.0000e+00
      2.700    20.5273     3.7786     41.939  34.477777     37.838      6.730   239.2459     3.5908     2.2867     0.0236      0.017      2.648      3.841        437 2.6808e+01 0.0000e+00
      2.715    20.5129     3.7578     41.680  34.535411     37.931      6.732   239.4730     3.5948     2.3002     0.0236      0.025      2.660      3.857        438 2.6746e+01 0.0000e+00
      2.720    20.5088     3.7234     41.280  34.535732     37.909      6.731   239.1702     3.5706     2.3002     0.0236      0.022      2.666      3.867        439 2.6945e+01 0.0000e+00
      2.720    20.5093     3.6894     40.900  34.507041     37.922      6.726   239.2080     3.5544     2.3136     0.0236      0.016      2.668      3.868        440 2.6790e+01 0.0000e+00
      2.719    20.5092     3.6831     40.826  34.482152     37.863      6.725   239.0566     3.4857     2.2867     0.0236      0.014      2.668      3.868        441 2.6826e+01 0.0000e+00
      2.719    20.5065     3.6869     40.862  34.507393     37.924      6.728   239.2080     3.5059     2.2733     0.0236      0.017      2.669      3.872        442 2.6936e+01 0.0000e+00
      2.726    20.5024     3.6960     40.957  34.534942     37.925      6.727   239.0945     3.4937     2.3002     0.0236      0.020      2.676      3.882        443 2.6506e+01 0.0000e+00
      2.740    20.5033     3.7121     41.124  34.536838     37.957      6.729   239.2459     3.4897     2.3002     0.0236      0.020      2.689      3.900        444 2.5984e+01 0.0000e+00
      2.757    20.5003     3.7423     41.447  34.534693     37.930      6.724   239.6245     3.8981     2.2196     0.0236      0.021      2.705      3.923        445 2.5658e+01 0.0000e+00
      2.777    20.4839     3.8165     42.265  34.507957     37.929      6.723   239.6623     3.9102     2.3136     0.0236      0.026      2.724      3.950        446 2.5131e+01 0.0000e+00
      2.798    20.4541     3.9578     43.829  34.540454     37.932      6.719   239.4352     3.9224     2.2867     0.0236      0.038      2.744      3.979        447 2.4391e+01 0.0000e+00
      2.818    20.4198     4.1628     46.100  34.553566     38.007      6.715   239.8516     3.8738     2.2733     0.0236      0.050      2.763      4.007        448 2.4116e+01 0.0000e+00
      2.835    20.3984     4.3991     48.726  34.550960     37.970      6.711   239.8137     4.0235     2.3404     0.0236      0.061      2.781      4.033        449 2.3694e+01 0.0000e+00
      2.855    20.3930     4.6626     51.653  34.573367     38.091      6.703   239.7380     4.0194     2.2733     0.0236      0.070      2.800      4.061        450 2.3147e+01 0.0000e+00
      2.876    20.3883     4.8890     54.157  34.496039     37.956      6.695   239.9652     4.0032     2.3002     0.0236      0.074      2.820      4.091        451 2.2651e+01 0.0000e+00
      2.897    20.3809     5.0834     56.297  34.558234     38.083      6.689   239.6245     4.0315     2.3404     0.0236      0.077      2.841      4.121        452 2.2215e+01 0.0000e+00
      2.920    20.3729     5.2213     57.803  34.584941     38.087      6.684   239.9273     4.0032     2.2733     0.0236      0.079      2.862      4.151        453 2.1757e+01 0.0000e+00
      2.940    20.3588     5.3079     58.737  34.522119     38.032      6.680   240.2680     3.8536     2.3404     0.0236      0.080      2.881      4.180        454 2.1219e+01 0.0000e+00
      2.957    20.3457     5.3728     59.423  34.517791     38.038      6.675   240.4195     3.8374     2.3673     0.0236      0.079      2.895      4.200        455 2.1096e+01 0.0000e+00
      2.961    20.3413     5.4222     59.941  34.501361     38.019      6.668   240.0409     3.8172     2.3136     0.0236      0.075      2.902      4.210        456 2.1080e+01 0.0000e+00
      2.961    20.3398     5.4609     60.346  34.512914     38.061      6.662   239.7759     3.8374     2.2330     0.0236      0.067      2.905      4.213        457 2.1028e+01 0.0000e+00
      2.965    20.3413     5.4982     60.739  34.473763     38.003      6.663   239.8137     2.9236     2.5150     0.0236      0.056      2.908      4.217        458 2.0952e+01 0.0000e+00
      2.968    20.3501     5.5376     61.150  34.461118     38.005      6.663   239.7380     2.9317     2.6627     0.0236      0.044      2.912      4.223        459 2.0755e+01 0.0000e+00
      2.975    20.3578     5.5754     61.542  34.469338     38.003      6.666   239.8895     2.9317     2.4479     0.0236      0.033      2.919      4.233        460 2.0458e+01 0.0000e+00
      2.986    20.3550     5.6228     62.040  34.463533     37.996      6.669   239.7380     2.9155     2.5419     0.0236      0.026      2.930      4.250        461 2.0239e+01 0.0000e+00
      3.002    20.3423     5.6705     62.543  34.438683     37.958      6.673   239.9273     2.7942     2.4881     0.0236      0.024      2.945      4.272        462 1.9940e+01 0.0000e+00
      3.021    20.3246     5.7075     62.931  34.411291     37.930      6.673   239.5487     2.7982     2.5284     0.0235      0.029      2.965      4.301        463 1.9367e+01 0.0000e+00
      3.048    20.3027     5.7170     63.018  34.408654     37.940      6.675   240.0787     2.8063     2.5284     0.0235      0.041      2.990      4.337        464 1.8760e+01 0.0000e+00
      3.077    20.2757     5.6982     62.794  34.412315     37.956      6.670   240.1166     2.8023     2.4747     0.0235      0.055      3.015      4.374        465 1.8325e+01 0.0000e+00
      3.099    20.2513     5.6782     62.557  34.406743     37.974      6.670   239.9652     2.4869     2.5016     0.0235      0.069      3.038      4.406        466 1.7951e+01 0.0000e+00
      3.115    20.2326     5.6944     62.721  34.385941     37.966      6.669   240.6087     2.4464     2.5150     0.0235      0.078      3.055      4.431        467 1.7632e+01 0.0000e+00
      3.131    20.2156     5.7263     63.060  34.408559     38.017      6.670   240.2302     2.4667     2.5150     0.0235      0.083      3.073      4.457        468 1.7305e+01 0.0000e+00
      3.153    20.1968     5.7492     63.302  34.289637     37.909      6.672   240.2680     2.4667     2.5150     0.0235      0.085      3.095      4.488        469 1.6752e+01 0.0000e+00
      3.182    20.1758     5.7101     62.859  34.237383     37.831      6.670   240.9495     2.1553     2.4881     0.0235      0.086      3.120      4.525        470 1.6205e+01 0.0000e+00
      3.209    20.1548     5.5946     61.574  34.443943     38.125      6.666   240.7223     2.1310     2.4747     0.0236      0.087      3.145      4.563        471 1.5840e+01 0.0000e+00
      3.232    20.1359     5.4096     59.523  34.477433     38.142      6.666   240.6087     2.1391     2.5419     0.0236      0.087      3.169      4.598        472 1.5498e+01 0.0000e+00
      3.257    20.1198     5.1689     56.860  34.432965     38.129      6.666   240.8737     2.1108     2.3941     0.0236      0.089      3.193      4.632        473 1.5124e+01 0.0000e+00
      3.279    20.1056     4.9497     54.433  34.469635     38.176      6.667   240.7980     2.1512     2.4747     0.0236      0.092      3.216      4.664        474 1.4807e+01 0.0000e+00
      3.300    20.0920     4.7465     52.186  34.342839     38.066      6.669   240.9495     2.3534     2.6224     0.0235      0.094      3.238      4.696        475 1.4477e+01 0.0000e+00
      3.326    20.0789     4.5902     50.456  34.175581     37.861      6.665   240.9873     2.3130     2.6761     0.0234      0.096      3.260      4.728        476 1.4108e+01 0.0000e+00
      3.346    20.0676     4.5037     49.492  34.143978     37.873      6.663   240.9873     2.3373     2.7567     0.0234      0.094      3.280      4.757        477 1.3852e+01 0.0000e+00
      3.362    20.0580     4.4800     49.217  34.233893     37.946      6.665   241.0630     2.3615     2.7567     0.0235      0.089      3.297      4.782        478 1.3644e+01 0.0000e+00
      3.381    20.0491     4.5144     49.580  34.419565     38.203      6.668   241.1766     2.3009     2.7836     0.0236      0.085      3.315      4.808        479 1.3380e+01 0.0000e+00
      3.399    20.0397     4.6029     50.537  34.476389     38.242      6.671   241.2523     2.2887     2.7298     0.0236      0.082      3.335      4.836        480 1.3102e+01 0.0000e+00
      3.420    20.0283     4.7090     51.688  34.459746     38.250      6.675   241.1387     2.2604     2.6224     0.0236      0.079      3.355      4.866        481 1.2724e+01 0.0000e+00
      3.445    20.0157     4.8155     52.841  34.469937     38.258      6.676   241.5930     2.2685     2.6896     0.0236      0.079      3.377      4.899        482 1.2419e+01 0.0000e+00
      3.466    20.0023     4.9167     53.936  34.463710     38.267      6.680   241.6687     2.3211     2.5150     0.0236      0.079      3.400      4.931        483 1.2190e+01 0.0000e+00
      3.490    19.9886     5.0062     54.905  34.467502     38.278      6.679   241.7823     2.3090     2.4613     0.0236      0.080      3.423      4.964        484 1.1830e+01 0.0000e+00
      3.513    19.9766     5.0608     55.492  34.435568     38.258      6.676   241.8959     2.3292     2.4344     0.0236      0.083      3.445      4.996        485 1.1573e+01 0.0000e+00
      3.533    19.9652     5.0732     55.617  34.414487     38.239      6.679   242.0095     2.3332     2.4479     0.0236      0.086      3.467      5.029        486 1.1280e+01 0.0000e+00
      3.561    19.9521     5.0448     55.297  34.404775     38.249      6.675   242.4259     2.4747     2.6761     0.0236      0.088      3.494      5.067        487 1.0821e+01 0.0000e+00
      3.594    19.9370     4.9828     54.607  34.358692     38.197      6.672   242.4637     2.4869     2.8238     0.0235      0.093      3.524      5.109        488 1.0553e+01 0.0000e+00
      3.622    19.9212     4.9302     54.021  34.293903     38.146      6.669   242.5773     2.4869     2.6761     0.0235      0.097      3.550      5.148        489 1.0317e+01 0.0000e+00
      3.643    19.9065     4.8874     53.544  34.218504     38.065      6.667   242.8802     2.4383     2.7701     0.0235      0.099      3.573      5.182        490 1.0057e+01 0.0000e+00
      3.665    19.8929     4.8752     53.406  34.244940     38.110      6.668   242.8423     2.3534     2.6493     0.0235      0.100      3.594      5.212        491 9.8736e+00 0.0000e+00
      3.686    19.8783     4.8760     53.411  34.349981     38.247      6.668   242.9938     2.3413     2.7030     0.0235      0.099      3.614      5.242        492 9.6538e+00 0.0000e+00
      3.706    19.8638     4.8920     53.579  34.414008     38.321      6.665   243.1830     2.3413     2.7298     0.0236      0.097      3.631      5.267        493 9.5012e+00 0.0000e+00
      3.718    19.8517     4.9233     53.911  34.521143     38.458      6.665   243.1830     2.3292     2.6761     0.0236      0.092      3.645      5.287        494 9.3930e+00 0.0000e+00
      3.728    19.8408     4.9507     54.199  34.572540     38.532      6.667   243.0695     2.3494     2.6896     0.0236      0.082      3.657      5.304        495 9.2842e+00 0.0000e+00
      3.742    19.8316     4.9351     54.013  34.527992     38.480      6.667   242.8045     2.3049     2.7298     0.0236      0.072      3.672      5.325        496 9.0868e+00 0.0000e+00
      3.762    19.8238     4.8673     53.257  34.487616     38.459      6.672   243.1073     2.2645     2.7433     0.0236      0.066      3.690      5.352        497 8.8018e+00 0.0000e+00
      3.784    19.8139     4.7928     52.431  34.474509     38.435      6.673   242.8802     2.2887     2.7433     0.0236      0.065      3.710      5.380        498 8.5989e+00 0.0000e+00
      3.802    19.8044     4.6561     50.927  34.455341     38.442      6.672   243.0695     2.2726     2.7970     0.0236      0.064      3.726      5.404        499 8.4800e+00 0.0000e+00
      3.812    19.7976     4.3913     48.026  34.363192     38.326      6.672   243.3723     2.1472     2.6493     0.0235      0.063      3.737      5.420        500 8.3701e+00 0.0000e+00
      3.820    19.7933     3.9853     43.581  34.411251     38.396      6.672   243.2209     2.1351     2.6896     0.0236      0.061      3.747      5.434        501 8.2841e+00 0.0000e+00
      3.830    19.7894     3.4368     37.581  34.484507     38.496      6.674   243.1830     2.1634     2.7433     0.0236      0.059      3.758      5.451        502 8.1342e+00 0.0000e+00
      3.847    19.7827     2.8760     31.446  34.479626     38.468      6.678   243.5995     2.1593     2.6224     0.0236      0.058      3.773      5.471        503 7.9573e+00 0.0000e+00
      3.862    19.7734     2.3344     25.524  34.565610     38.596      6.677   243.4102     2.0219     2.7567     0.0236      0.055      3.788      5.494        504 7.8458e+00 0.0000e+00
      3.878    19.7619     1.8147     19.841  34.644413     38.665      6.677   243.3723     2.0097     2.7433     0.0237      0.053      3.806      5.520        505 7.6557e+00 0.0000e+00
      3.902    19.7482     1.3790     15.077  34.559500     38.610      6.675   243.5616     2.0219     2.7298     0.0236      0.054      3.829      5.554        506 7.4116e+00 0.0000e+00
      3.934    19.7347     1.0203     11.154  34.878887     38.901      6.666   244.3945     2.0097     2.6493     0.0238      0.062      3.856      5.593        507 7.1226e+00 0.0000e+00
      3.960    19.7240     0.8141      8.897  35.759485     40.006      6.656   244.2809     2.0704     2.8910     0.0242      0.073      3.880      5.627        508 7.0339e+00 0.0000e+00
      3.973    19.7163     0.7150      7.811  36.073509     40.299      6.651   244.5080     2.0542     2.8776     0.0243      0.080      3.896      5.650        509 7.0005e+00 0.0000e+00
      3.986    19.7104     0.6623      7.234  36.059978     40.309      6.651   244.4323     2.1027     2.9581     0.0243      0.082      3.910      5.670        510 6.8660e+00 0.0000e+00
