Data/DataNotYetUploadedToEDI/Raw_CTD/RawDownloads/100118_fcr20.cnv
* Sea-Bird SBE19plus  Data File:
* FileName = C:\DATA\100118_fcr_0002.hex
* Software version 2.6.3.104
* Temperature SN = 7809
* Conductivity SN = 7809
* System UpLoad Time = Oct 01 2018 14:28:34
* <ApplicationData>
* <Seaterm232>
# nquan = 17
# nvalues = 643                         
# units = specified
# name 0 = depFM: Depth [fresh water, m]
# name 1 = tv290C: Temperature [ITS-90, deg C]
# name 2 = sbeox0Mg/L: Oxygen, SBE 43 [mg/l]
# name 3 = sbeox0PS: Oxygen, SBE 43 [% saturation]
# name 4 = c0uS/cm: Conductivity [uS/cm]
# name 5 = specc: Specific Conductance [uS/cm]
# name 6 = ph: pH
# name 7 = orp: Oxidation Reduction Potential [mV]
# name 8 = flECO-AFL: Fluorescence, WET Labs ECO-AFL/FL [mg/m^3]
# name 9 = turbWETntu0: Turbidity, WET Labs ECO [NTU]
# name 10 = sal00: Salinity, Practical [PSU]
# name 11 = dz/dtM: Descent Rate [m/s]
# name 12 = prdM: Pressure, Strain Gauge [db]
# name 13 = prdE: Pressure, Strain Gauge [psi]
# name 14 = scan: Scan Count
# name 15 = par/sat/log: PAR/Logarithmic, Satlantic
# name 16 = flag:  0.000e+00
# span 0 =     -0.465,      3.151       
# span 1 =    20.2097,    21.9873       
# span 2 =     5.3214,     8.8694       
# span 3 =     59.903,    100.026       
# span 4 =   0.877213,  34.367259       
# span 5 =      0.928,     37.586       
# span 6 =      6.324,      7.863       
# span 7 =   132.2991,   265.9352       
# span 8 =    -0.7602,     6.1666       
# span 9 =    -0.7748,    34.5138       
# span 10 =     0.0107,     0.0234      
# span 11 =     -0.179,      0.216      
# span 12 =     -0.456,      3.089      
# span 13 =     -0.660,      4.481      
# span 14 =          1,        643      
# span 15 = 1.9148e+01, 1.8617e+03      
# span 16 = 0.0000e+00, 0.0000e+00      
# interval = seconds: 0.25
# start_time = Oct 01 2018 14:36:12 [Instrument's time stamp, header]
# bad_flag = -9.990e-29
*END*
[from data line 341]
      0.080    20.9969     8.0980     90.902  33.934503     36.881      7.104   243.3723     3.2026     1.8570     0.0233      0.006      0.079      0.114        342 1.2424e+03 0.0000e+00
      0.088    20.9946     8.1004     90.940  33.913207     36.851      7.103   246.0223     3.2430     1.9510     0.0233      0.008      0.084      0.122        343 1.2321e+03 0.0000e+00
      0.089    20.9930     8.1111     91.064  33.924849     36.884      7.105   245.4923     3.7121     2.0853     0.0233      0.010      0.086      0.124        344 1.2238e+03 0.0000e+00
      0.086    20.9921     8.1235     91.205  33.890359     36.825      7.102   242.9180     3.8819     2.1122     0.0233      0.011      0.084      0.121        345 1.2218e+03 0.0000e+00
      0.082    20.9928     8.1250     91.225  33.926475     36.887      7.100   243.2209     3.8738     2.1256     0.0233      0.010      0.081      0.117        346 1.2234e+03 0.0000e+00
      0.080    20.9951     8.1307     91.293  33.939216     36.888      7.104   244.5080     3.8779     2.0584     0.0233      0.008      0.080      0.115        347 1.2229e+03 0.0000e+00
      0.081    21.0038     8.1268     91.251  33.933814     36.887      7.104   242.8802     3.8819     2.1659     0.0233      0.005      0.081      0.117        348 1.2240e+03 0.0000e+00
      0.085    21.0157     8.1127     91.095  33.962853     36.916      7.106   246.7416     4.0639     2.1390     0.0233      0.002      0.084      0.120        349 1.2273e+03 0.0000e+00
      0.087    21.0216     8.1034     90.987  33.932733     36.879      7.102   246.6280     4.0720     2.1659     0.0233      0.000      0.086      0.124        350 1.2228e+03 0.0000e+00
      0.089    21.0242     8.0914     90.848  33.882328     36.808      7.101   246.9688     4.0679     2.1927     0.0233     -0.000      0.087      0.126        351 1.2314e+03 0.0000e+00
      0.090    21.0294     8.0820     90.741  33.877298     36.804      7.093   243.8645     4.0679     2.0450     0.0233      0.002      0.088      0.127        352 1.2470e+03 0.0000e+00
      0.090    21.0354     8.0773     90.690  33.879680     36.802      7.085   246.7038     4.2297     2.1793     0.0233      0.004      0.089      0.128        353 1.2484e+03 0.0000e+00
      0.091    21.0383     8.0725     90.641  33.938673     36.858      7.081   247.1202     4.2216     2.1659     0.0233      0.006      0.090      0.130        354 1.2434e+03 0.0000e+00
      0.094    21.0392     8.0752     90.671  33.952157     36.884      7.073   244.3566     4.1973     2.2196     0.0233      0.006      0.092      0.133        355 1.2403e+03 0.0000e+00
      0.095    21.0409     8.0811     90.741  33.892552     36.790      7.067   246.6659     4.1973     2.0584     0.0233      0.006      0.094      0.136        356 1.2329e+03 0.0000e+00
      0.098    21.0428     8.0906     90.873  33.923882     36.850      7.071   243.4859     3.8900     2.0853     0.0233      0.006      0.096      0.139        357 1.2397e+03 0.0000e+00
      0.101    21.0440     8.1032     91.030  33.942823     36.849      7.075   243.0695     3.8941     2.1122     0.0233      0.006      0.099      0.144        358 1.2367e+03 0.0000e+00
      0.105    21.0449     8.1169     91.172  33.928291     36.847      7.082   242.9938     3.8900     2.0987     0.0233      0.008      0.103      0.149        359 1.2507e+03 0.0000e+00
      0.109    21.0436     8.1126     91.108  33.941965     36.847      7.087   242.9938     3.8819     2.1659     0.0233      0.009      0.107      0.154        360 1.2241e+03 0.0000e+00
      0.111    21.0410     8.1240     91.229  33.955460     36.876      7.093   246.9688     3.4452     2.1524     0.0233      0.011      0.109      0.157        361 1.2409e+03 0.0000e+00
      0.111    21.0399     8.1321     91.322  33.881841     36.786      7.088   247.0445     3.4210     2.0853     0.0233      0.011      0.109      0.158        362 1.2887e+03 0.0000e+00
      0.112    21.0412     8.1514     91.540  33.885305     36.788      7.089   246.7795     3.4331     2.1793     0.0233      0.010      0.110      0.160        363 1.1226e+03 0.0000e+00
      0.116    21.0437     8.1488     91.509  33.921495     36.850      7.094   245.7195     3.4129     2.1122     0.0233      0.010      0.112      0.161        364 1.0863e+03 0.0000e+00
      0.115    21.0435     8.1379     91.383  33.896117     36.788      7.094   244.1295     3.4412     2.1122     0.0233      0.008      0.107      0.155        365 1.2742e+03 0.0000e+00
      0.097    21.0463     8.1413     91.412  33.916886     36.847      7.087   247.0445     3.3603     2.1927     0.0233      0.002      0.089      0.129        366 1.3180e+03 0.0000e+00
      0.059    21.0597     8.1222     91.190  33.925302     36.816      7.087   246.9688     3.3522     2.1122     0.0233     -0.014      0.059      0.085        367 1.2914e+03 0.0000e+00
      0.024    21.0682     8.1161     91.118  33.974611     36.906      7.084   243.1073     3.3603     2.1390     0.0233     -0.034      0.030      0.044        368 1.3376e+03 0.0000e+00
      0.012    21.0621     8.1063     91.003  33.944487     36.834      7.083   245.9845     3.3886     2.2196     0.0233     -0.051      0.015      0.022        369 1.3001e+03 0.0000e+00
      0.011    21.0532     8.1002     90.932  33.933130     36.827      7.082   247.1959     3.0853     1.8570     0.0233     -0.061      0.010      0.015        370 1.2732e+03 0.0000e+00
      0.007    21.0493     8.1012     90.948  33.929429     36.832      7.083   247.3852     3.1096     1.8436     0.0233     -0.066      0.008      0.012        371 1.3100e+03 0.0000e+00
      0.007    21.0505     8.1202     91.177  33.889782     36.779      7.092   246.9309     3.1419     1.9510     0.0233     -0.064      0.010      0.015        372 1.3162e+03 0.0000e+00
      0.017    21.0511     8.1208     91.204  33.952818     36.873      7.094   247.1959     3.1096     2.0182     0.0233     -0.051      0.017      0.025        373 1.3242e+03 0.0000e+00
      0.029    21.0498     8.1370     91.413  33.939951     36.841      7.096   247.2338     3.1783     2.1524     0.0233     -0.029      0.026      0.039        374 1.3166e+03 0.0000e+00
      0.035    21.0479     8.1472     91.547  33.876139     36.780      7.095   246.9309     3.1541     2.1659     0.0233     -0.005      0.034      0.050        375 1.3206e+03 0.0000e+00
      0.043    21.0430     8.1335     91.392  33.883953     36.781      7.095   246.8552     3.1622     2.1390     0.0233      0.012      0.041      0.060        376 1.3095e+03 0.0000e+00
      0.049    21.0390     8.1035     91.061  33.870917     36.783      7.094   247.5366     3.1662     2.1927     0.0233      0.021      0.048      0.069        377 1.3000e+03 0.0000e+00
      0.055    21.0370     8.0632     90.612  33.892362     36.787      7.094   244.9623     3.2147     2.1390     0.0233      0.026      0.054      0.078        378 1.3092e+03 0.0000e+00
      0.062    21.0339     8.0114     90.024  33.946232     36.881      7.092   247.2338     3.2471     2.1793     0.0233      0.029      0.059      0.086        379 1.3038e+03 0.0000e+00
      0.066    21.0325     7.9591     89.430  33.892846     36.791      7.092   247.9909     3.2349     2.1122     0.0233      0.028      0.059      0.085        380 1.3191e+03 0.0000e+00
      0.054    21.0353     7.8864     88.607  33.929146     36.855      7.069   247.2716     3.2309     2.1524     0.0233      0.021      0.041      0.060        381 1.2544e+03 0.0000e+00
      0.005    21.0438     7.7867     87.480  33.930712     36.856      7.072   246.8930     3.2592     2.0182     0.0233      0.002     -0.002     -0.003        382 1.2420e+03 0.0000e+00
     -0.064    21.0555     7.6603     86.056  33.890897     36.793      7.076   244.4323     3.2511     2.1927     0.0233     -0.032     -0.065     -0.095        383 1.2899e+03 0.0000e+00
     -0.143    21.0706     7.5083     84.350  33.949039     36.877      7.073   246.5523     3.2390     2.1793     0.0233     -0.078     -0.132     -0.191        384 1.2246e+03 0.0000e+00
     -0.194    21.0810     7.3582     82.654  34.006630     36.898      7.080   247.0445     3.2309     2.0853     0.0233     -0.123     -0.183     -0.266        385 1.2704e+03 0.0000e+00
     -0.225    21.0814     7.2516     81.427  34.026811     36.947      7.078   242.3880     3.2592    -0.5869     0.0234     -0.158     -0.215     -0.313        386 1.3301e+03 0.0000e+00
     -0.244    21.0838     7.2204     81.051  33.953574     36.816      7.077   246.0223     3.2592    -0.6674     0.0233     -0.179     -0.228     -0.331        387 1.2785e+03 0.0000e+00
     -0.228    21.0865     7.2766     81.652  33.979143     36.878      7.079   247.0823     3.2349    -0.6674     0.0233     -0.174     -0.218     -0.316        388 1.2759e+03 0.0000e+00
     -0.198    21.0835     7.3909     82.907  33.994989     36.875      7.080   248.1802     3.2511    -0.6674     0.0233     -0.140     -0.192     -0.278        389 1.3023e+03 0.0000e+00
     -0.164    21.0796     7.5379     84.532  33.963510     36.843      7.081   248.4831     3.2430    -0.6540     0.0233     -0.085     -0.160     -0.232        390 1.3096e+03 0.0000e+00
     -0.129    21.0759     7.6838     86.141  33.988661     36.876      7.083   249.0131     6.1666    34.5004     0.0233     -0.022     -0.126     -0.184        391 1.3450e+03 0.0000e+00
     -0.095    21.0720     7.8203     87.645  33.993346     36.879      7.087   248.5209     6.1625    34.5138     0.0233      0.036     -0.096     -0.138        392 1.3086e+03 0.0000e+00
     -0.069    21.0697     7.9333     88.896  33.987338     36.882      7.086   248.3316     6.1464    34.5004     0.0233      0.077     -0.068     -0.097        393 1.3220e+03 0.0000e+00
     -0.041    21.0709     7.9904     89.525  33.936828     36.824      7.079   247.4230     6.1383    34.5138     0.0233      0.104     -0.040     -0.057        394 1.3016e+03 0.0000e+00
     -0.011    21.0642     8.0095     89.708  33.937584     36.826      7.075   245.5680     2.8629     2.1122     0.0233      0.119     -0.012     -0.017        395 1.3331e+03 0.0000e+00
      0.015    21.0466     8.0031     89.591  33.956745     36.855      7.079   244.5459     2.8629     2.1524     0.0233      0.120      0.017      0.025        396 1.2628e+03 0.0000e+00
      0.049    21.0292     7.9822     89.320  33.883329     36.769      7.077   244.5838     2.8508     2.1659     0.0233      0.119      0.048      0.070        397 1.3863e+03 0.0000e+00
      0.083    21.0111     7.9499     88.934  33.880673     36.784      7.083   244.8109     2.8346     2.0450     0.0233      0.118      0.081      0.117        398 1.2266e+03 0.0000e+00
      0.115    20.9939     7.9152     88.529  33.871090     36.797      7.085   244.7352     2.8508     2.2196     0.0233      0.118      0.113      0.163        399 7.8040e+02 0.0000e+00
      0.146    20.9793     7.8781     88.100  33.835952     36.752      7.086   244.8109     2.8508     2.1524     0.0233      0.119      0.144      0.208        400 6.9632e+02 0.0000e+00
      0.179    20.9637     7.8366     87.622  33.865098     36.826      7.076   244.3566     2.8670     2.0987     0.0233      0.122      0.178      0.257        401 3.7631e+02 0.0000e+00
      0.217    20.9486     7.7917     87.109  33.864482     36.807      7.064   244.6973     2.8670     2.1122     0.0233      0.126      0.218      0.316        402 7.4253e+02 0.0000e+00
      0.272    20.9393     7.7567     86.709  33.807071     36.789      7.058   244.9245     3.1824     2.1659     0.0233      0.135      0.268      0.388        403 1.0309e+03 0.0000e+00
      0.328    20.9326     7.7096     86.173  33.758620     36.710      7.061   244.3566     3.1945     2.1524     0.0232      0.147      0.319      0.463        404 4.3173e+02 0.0000e+00
      0.375    20.9153     7.6549     85.558  33.806164     36.809      7.068   244.0916     3.1702     2.1390     0.0233      0.159      0.364      0.528        405 3.5147e+02 0.0000e+00
      0.410    20.8900     7.6020     84.960  33.747909     36.723      7.072   244.3188     3.1905     2.1927     0.0232      0.167      0.400      0.580        406 6.8371e+02 0.0000e+00
      0.437    20.8686     7.5529     84.405  33.682845     36.676      7.075   244.1295     3.1702     2.0584     0.0232      0.169      0.430      0.623        407 3.4724e+02 0.0000e+00
      0.468    20.8544     7.5112     83.933  33.738866     36.757      7.076   244.7730     3.6150     2.0853     0.0232      0.167      0.464      0.673        408 2.7634e+02 0.0000e+00
      0.515    20.8449     7.4777     83.556  33.737515     36.774      7.073   245.8330     3.6029     2.0450     0.0232      0.164      0.505      0.733        409 3.5478e+02 0.0000e+00
      0.563    20.8367     7.4386     83.115  33.743847     36.786      7.075   246.2873     3.6393     2.1256     0.0232      0.160      0.550      0.797        410 3.0971e+02 0.0000e+00
      0.602    20.8287     7.4157     82.857  33.730993     36.793      7.079   246.1738     3.6393     2.2062     0.0232      0.154      0.591      0.857        411 4.6744e+02 0.0000e+00
      0.643    20.8221     7.3995     82.674  33.694208     36.739      7.076   247.1202     3.8577     2.0719     0.0232      0.152      0.631      0.914        412 3.8330e+02 0.0000e+00
      0.683    20.8165     7.4049     82.732  33.730319     36.806      7.070   247.3852     3.9062     2.2196     0.0232      0.154      0.668      0.969        413 4.6023e+02 0.0000e+00
      0.716    20.8118     7.3945     82.613  33.745367     36.812      7.071   247.2716     3.8577     2.1659     0.0232      0.157      0.702      1.018        414 3.2799e+02 0.0000e+00
      0.749    20.8087     7.3923     82.587  33.734795     36.816      7.070   247.7638     3.8900     2.0584     0.0232      0.158      0.734      1.065        415 2.7158e+02 0.0000e+00
      0.782    20.8053     7.3981     82.650  33.743478     36.820      7.068   247.8773     4.2984     2.1256     0.0232      0.153      0.765      1.109        416 4.0026e+02 0.0000e+00
      0.808    20.8009     7.3975     82.641  33.734563     36.822      7.063   248.1802     4.2459     2.1390     0.0232      0.144      0.792      1.149        417 3.2792e+02 0.0000e+00
      0.832    20.7981     7.3989     82.656  33.686583     36.764      7.059   248.1423     4.2863     2.1793     0.0232      0.134      0.817      1.185        418 2.8143e+02 0.0000e+00
      0.859    20.7963     7.3924     82.584  33.684569     36.768      7.051   248.6723     4.2822     2.1659     0.0232      0.125      0.842      1.222        419 2.9627e+02 0.0000e+00
      0.886    20.7942     7.3823     82.473  33.737070     36.831      7.047   248.7481     4.3955     2.2464     0.0232      0.117      0.867      1.258        420 2.8800e+02 0.0000e+00
      0.907    20.7927     7.3705     82.343  33.739869     36.832      7.047   248.9752     4.3874     2.1659     0.0232      0.109      0.888      1.288        421 2.4143e+02 0.0000e+00
      0.922    20.7913     7.3588     82.212  33.740398     36.834      7.048   249.0509     4.3833     2.1256     0.0232      0.102      0.906      1.314        422 2.5971e+02 0.0000e+00
      0.945    20.7896     7.3431     82.034  33.736414     36.835      7.044   249.6188     4.4076     2.1793     0.0232      0.095      0.925      1.341        423 2.2811e+02 0.0000e+00
      0.959    20.7880     7.3350     81.941  33.685517     36.775      7.034   249.4673     4.7998     2.0853     0.0232      0.088      0.943      1.367        424 2.3599e+02 0.0000e+00
      0.980    20.7868     7.3188     81.757  33.685118     36.777      7.038   249.3916     4.7837     2.0719     0.0232      0.083      0.963      1.397        425 2.4099e+02 0.0000e+00
