Data/DataNotYetUploadedToEDI/Raw_CTD/RawDownloads/100120_bvr50_0001.cnv
* Sea-Bird SBE19plus  Data File:
* FileName = C:\DATA\100120_fcr50_0001.hex
* Software version 2.8.0.119
* Temperature SN = 7809
* Conductivity SN = 7809
* System UpLoad Time = Oct 01 2020 13:52:21
* <ApplicationData>
* <Seaterm232>
# nquan = 16
# nvalues = 2364                        
# units = specified
# name 0 = depFM: Depth [fresh water, m]
# name 1 = dz/dtM: Descent Rate [m/s]
# name 2 = sbeox0ML/L: Oxygen, SBE 43 [ml/l]
# name 3 = sbeox0PS: Oxygen, SBE 43 [% saturation]
# name 4 = specc: Specific Conductance [uS/cm]
# name 5 = c0uS/cm: Conductivity [uS/cm]
# name 6 = flECO-AFL: Fluorescence, WET Labs ECO-AFL/FL [mg/m^3]
# name 7 = ph: pH
# name 8 = orp: Oxidation Reduction Potential [mV]
# name 9 = par/sat/log: PAR/Logarithmic, Satlantic
# name 10 = turbWETntu0: Turbidity, WET Labs ECO [NTU]
# name 11 = prdM: Pressure, Strain Gauge [db]
# name 12 = prdE: Pressure, Strain Gauge [psi]
# name 13 = tv290C: Temperature [ITS-90, deg C]
# name 14 = density00: Density [density, kg/m^3]
# name 15 = flag:  0.000e+00
# span 0 =     -0.768,     10.366       
# span 1 =     -0.405,      0.251       
# span 2 =     0.0323,     6.3974       
# span 3 =      0.438,     96.271       
# span 4 =      0.922,    166.588       
# span 5 =   0.775069, 116.786878       
# span 6 =    -2.4876,     8.9292       
# span 7 =     15.437,     16.147       
# span 8 =  -130.2820,  1101.2394       
# span 9 = 1.2348e-01, 1.8140e+03       
# span 10 =    -9.3574,    21.3855      
# span 11 =     -0.754,     10.166      
# span 12 =     -1.093,     14.744      
# span 13 =    10.0493,    18.1545      
# span 14 =   998.5805,   999.8073      
# span 15 = 0.0000e+00, 0.0000e+00      
# interval = seconds: 0.25
# start_time = Sep 30 2020 21:00:35 [Instrument's time stamp, header]
# bad_flag = -9.990e-29
*END*
[from data line 1266]
      6.439      0.024     0.0524      0.671     67.163  50.345225     1.6007     15.756    40.0086 1.2365e-01     2.4345      6.315      9.159    12.5289   999.4932 0.0000e+00
      6.444      0.021     0.0508      0.695     67.202  50.371577     1.6069     15.757    39.5284 1.2367e-01     2.3933      6.318      9.163    12.5025   999.4963 0.0000e+00
      6.450      0.019     0.0480      0.706     67.379  50.512101     1.5729     15.757    39.0335 1.2372e-01     2.2728      6.326      9.175    12.4880   999.4981 0.0000e+00
      6.455      0.017     0.0485      0.671     67.635  50.710681     1.5036     15.757    38.6713 1.2372e-01     2.1785      6.331      9.183    12.4836   999.4987 0.0000e+00
      6.459      0.017     0.0500      0.650     67.943  50.930919     1.4655     15.757    38.3325 1.2374e-01     2.1465      6.334      9.187    12.4758   999.4996 0.0000e+00
      6.462      0.017     0.0512      0.661     68.258  51.142755     1.4652     15.758    37.9491 1.2374e-01     2.1601      6.337      9.191    12.4710   999.5003 0.0000e+00
      6.465      0.017     0.0556      0.656     68.585  51.366725     1.4615     15.758    37.6493 1.2365e-01     2.1714      6.339      9.196    12.4808   999.4991 0.0000e+00
      6.469      0.017     0.0488      0.642     68.833  51.543125     1.4395     15.757    37.2025 1.2365e-01     2.1460      6.344      9.202    12.4917   999.4980 0.0000e+00
      6.474      0.018     0.0466      0.635     68.941  51.624360     1.4181     15.757    36.6770 1.2370e-01     2.1271      6.349      9.209    12.4824   999.4992 0.0000e+00
      6.480      0.018     0.0513      0.652     69.055  51.713843     1.4034     15.757    36.3720 1.2366e-01     2.1494      6.355      9.217    12.4582   999.5022 0.0000e+00
      6.485      0.017     0.0483      0.671     69.164  51.799430     1.3956     15.757    36.0950 1.2362e-01     2.1744      6.360      9.225    12.4403   999.5045 0.0000e+00
      6.489      0.016     0.0487      0.671     69.202  51.833563     1.3905     15.757    35.7377 1.2367e-01     2.1900      6.364      9.230    12.4354   999.5053 0.0000e+00
      6.493      0.016     0.0458      0.670     69.423  51.999530     1.3706     15.757    35.3207 1.2372e-01     2.1661      6.367      9.234    12.4374   999.5050 0.0000e+00
      6.496      0.016     0.0487      0.668     69.910  52.345390     1.3461     15.758    34.8393 1.2369e-01     2.1261      6.371      9.239    12.4416   999.5046 0.0000e+00
      6.499      0.016     0.0513      0.672     70.360  52.649201     1.3326     15.759    34.3906 1.2369e-01     2.1519      6.373      9.244    12.4432   999.5045 0.0000e+00
      6.504      0.016     0.0494      0.671     70.613  52.814811     1.3307     15.759    33.9397 1.2374e-01     2.1685      6.377      9.250    12.4475   999.5040 0.0000e+00
      6.510      0.017     0.0509      0.659     70.797  52.950474     1.3336     15.758    33.5177 1.2379e-01     2.0868      6.384      9.259    12.4545   999.5032 0.0000e+00
      6.515      0.017     0.0489      0.646     70.872  53.019216     1.3385     15.758    33.1597 1.2380e-01     1.9885      6.390      9.268    12.4398   999.5051 0.0000e+00
      6.518      0.016     0.0509      0.652     70.675  52.883817     1.3428     15.758    32.7947 1.2377e-01     1.9417      6.392      9.271    12.4071   999.5093 0.0000e+00
      6.521      0.016     0.0504      0.672     70.524  52.774187     1.3566     15.759    32.4602 1.2372e-01     1.8991      6.395      9.275    12.3873   999.5117 0.0000e+00
      6.525      0.016     0.0493      0.678     70.705  52.900451     1.3819     15.759    32.1264 1.2369e-01     1.8849      6.399      9.281    12.3897   999.5115 0.0000e+00
      6.529      0.016     0.0479      0.676     70.968  53.076673     1.3995     15.759    31.7707 1.2372e-01     1.9407      6.403      9.287    12.4027   999.5101 0.0000e+00
      6.533      0.018     0.0475      0.671     71.406  53.380541     1.4076     15.759    31.4288 1.2377e-01     1.9902      6.407      9.293    12.4127   999.5088 0.0000e+00
      6.537      0.023     0.0515      0.675     72.141  53.906827     1.4130     15.759    31.0032 1.2375e-01     2.0376      6.412      9.300    12.4161   999.5082 0.0000e+00
      6.542      0.027     0.0501      0.692     72.776  54.358663     1.4267     15.759    30.4964 1.2363e-01     2.1025      6.415      9.304    12.4101   999.5091 0.0000e+00
      6.548      0.030     0.0510      0.697     73.200  54.651528     1.4395     15.760    30.1204 1.2355e-01     2.1218      6.419      9.310    12.3920   999.5114 0.0000e+00
      6.559      0.032     0.0498      0.669     73.567  54.907062     1.4541     15.761    29.8124 1.2362e-01     2.1343      6.431      9.327    12.3740   999.5137 0.0000e+00
      6.571      0.033     0.0499      0.626     73.926  55.161597     1.4886     15.761    29.5252 1.2370e-01     2.1498      6.445      9.349    12.3605   999.5158 0.0000e+00
      6.580      0.033     0.0521      0.612     74.234  55.378825     1.5230     15.761    29.3157 1.2371e-01     2.1370      6.453      9.361    12.3437   999.5180 0.0000e+00
      6.586      0.032     0.0532      0.628     74.424  55.500873     1.5352     15.761    28.9994 1.2373e-01     2.1180      6.459      9.368    12.3263   999.5201 0.0000e+00
      6.592      0.029     0.0510      0.644     74.538  55.557379     1.5314     15.762    28.7125 1.2370e-01     2.0919      6.465      9.376    12.3128   999.5219 0.0000e+00
      6.599      0.027     0.0453      0.652     74.568  55.553837     1.5253     15.762    28.5150 1.2360e-01     2.1301      6.471      9.386    12.3053   999.5229 0.0000e+00
      6.607      0.026     0.0450      0.668     74.455  55.458009     1.5273     15.762    28.2459 1.2356e-01     2.2714      6.479      9.397    12.2999   999.5237 0.0000e+00
      6.614      0.025     0.0471      0.687     74.399  55.415059     1.5374     15.763    27.9531 1.2361e-01     2.3924      6.486      9.408    12.2875   999.5253 0.0000e+00
      6.621      0.023     0.0489      0.697     74.574  55.542704     1.5329     15.764    27.5571 1.2370e-01     2.4254      6.493      9.418    12.2648   999.5280 0.0000e+00
      6.626      0.020     0.0483      0.698     74.839  55.730919     1.5114     15.764    27.0702 1.2379e-01     2.4297      6.498      9.425    12.2431   999.5306 0.0000e+00
      6.631      0.018     0.0498      0.684     75.179  55.975656     1.4859     15.764    26.7125 1.2383e-01     2.3765      6.503      9.432    12.2365   999.5314 0.0000e+00
      6.635      0.016     0.0522      0.652     75.680  56.342011     1.4639     15.764    26.4157 1.2384e-01     2.2971      6.507      9.438    12.2400   999.5309 0.0000e+00
      6.638      0.014     0.0522      0.612     76.133  56.666668     1.4552     15.764    26.0628 1.2379e-01     2.2592      6.510      9.441    12.2390   999.5311 0.0000e+00
      6.641      0.014     0.0528      0.584     76.409  56.851877     1.4478     15.764    25.7147 1.2375e-01     2.1924      6.512      9.444    12.2301   999.5323 0.0000e+00
      6.644      0.015     0.0521      0.594     76.720  57.056719     1.4504     15.764    25.4769 1.2372e-01     2.1074      6.516      9.450    12.2239   999.5331 0.0000e+00
      6.648      0.016     0.0488      0.625     77.178  57.364619     1.4772     15.765    25.4249 1.2363e-01     2.0904      6.519      9.455    12.2227   999.5335 0.0000e+00
      6.651      0.016     0.0462      0.639     77.608  57.652393     1.5145     15.766    25.3433 1.2357e-01     2.1579      6.522      9.460    12.2147   999.5346 0.0000e+00
      6.656      0.016     0.0422      0.637     77.923  57.867977     1.5482     15.766    25.0923 1.2357e-01     2.2029      6.527      9.467    12.2005   999.5364 0.0000e+00
      6.661      0.015     0.0438      0.627     78.107  58.001807     1.5413     15.765    24.6283 1.2365e-01     2.1197      6.533      9.476    12.1844   999.5384 0.0000e+00
      6.666      0.014     0.0483      0.633     78.179  58.063473     1.4987     15.765    24.0344 1.2374e-01     1.9752      6.538      9.483    12.1606   999.5414 0.0000e+00
      6.669      0.013     0.0479      0.668     78.394  58.232406     1.4709     15.765    23.6754 1.2374e-01     1.8978      6.541      9.486    12.1361   999.5444 0.0000e+00
      6.671      0.011     0.0486      0.703     78.771  58.519642     1.4726     15.765    23.4717 1.2369e-01     1.9051      6.542      9.488    12.1245   999.5458 0.0000e+00
      6.673      0.011     0.0466      0.702     79.149  58.804611     1.4530     15.765    23.2057 1.2370e-01     1.9606      6.544      9.491    12.1247   999.5459 0.0000e+00
      6.676      0.012     0.0464      0.687     79.680  59.200218     1.3857     15.765    22.9547 1.2376e-01     2.0197      6.547      9.496    12.1314   999.5451 0.0000e+00
      6.679      0.014     0.0501      0.687     80.770  59.999184     1.3367     15.766    22.6743 1.2378e-01     2.0013      6.550      9.499    12.1391   999.5443 0.0000e+00
      6.682      0.018     0.0544      0.676     82.298  61.094707     1.3269     15.766    22.3972 1.2378e-01     1.9103      6.552      9.502    12.1434   999.5440 0.0000e+00
      6.686      0.020     0.0535      0.648     83.557  61.962365     1.3531     15.766    22.1856 1.2375e-01     1.9152      6.555      9.507    12.1457   999.5438 0.0000e+00
      6.692      0.022     0.0499      0.616     84.441  62.547432     1.4154     15.767    22.0085 1.2368e-01     2.0598      6.562      9.517    12.1476   999.5437 0.0000e+00
      6.700      0.024     0.0530      0.599     85.589  63.339372     1.4603     15.768    21.8903 1.2367e-01     2.1823      6.571      9.531    12.1466   999.5443 0.0000e+00
      6.707      0.025     0.0509      0.611     87.196  64.483959     1.4672     15.769    21.6164 1.2370e-01     2.1956      6.578      9.541    12.1225   999.5478 0.0000e+00
      6.712      0.025     0.0490      0.622     88.301  65.265510     1.4600     15.770    21.1915 1.2375e-01     2.1507      6.582      9.547    12.0749   999.5538 0.0000e+00
      6.718      0.024     0.0464      0.627     88.641  65.480779     1.4500     15.771    20.9698 1.2375e-01     2.1557      6.587      9.554    12.0306   999.5590 0.0000e+00
      6.726      0.022     0.0433      0.617     89.141  65.815679     1.4515     15.772    20.7419 1.2368e-01     2.1876      6.596      9.567    11.9963   999.5633 0.0000e+00
      6.732      0.020     0.0473      0.608     89.613  66.137007     1.4677     15.772    20.2431 1.2368e-01     2.1925      6.604      9.578    11.9720   999.5670 0.0000e+00
      6.736      0.018     0.0464      0.612     89.543  66.061082     1.4738     15.772    19.7572 1.2370e-01     2.2146      6.606      9.581    11.9546   999.5694 0.0000e+00
      6.741      0.015     0.0482      0.603     89.544  66.041657     1.4689     15.772    19.5129 1.2373e-01     2.2150      6.610      9.587    11.9324   999.5718 0.0000e+00
      6.745      0.013     0.0468      0.611     89.977  66.346995     1.4657     15.772    19.4407 1.2377e-01     2.1974      6.615      9.594    11.9119   999.5744 0.0000e+00
      6.747      0.011     0.0446      0.646     90.472  66.702220     1.4639     15.772    19.3138 1.2377e-01     2.2071      6.616      9.596    11.8987   999.5762 0.0000e+00
      6.748      0.011     0.0478      0.666     90.758  66.904618     1.4566     15.773    19.0968 1.2373e-01     2.1947      6.617      9.597    11.8847   999.5776 0.0000e+00
      6.751      0.011     0.0448      0.674     90.906  67.014568     1.4541     15.773    18.8828 1.2369e-01     2.1173      6.620      9.602    11.8722   999.5790 0.0000e+00
      6.755      0.011     0.0446      0.682     91.230  67.268921     1.4616     15.772    18.6189 1.2370e-01     1.9918      6.624      9.608    11.8656   999.5800 0.0000e+00
      6.757      0.012     0.0500      0.669     91.600  67.564754     1.4619     15.772    18.3152 1.2374e-01     1.9129      6.627      9.611    11.8609   999.5807 0.0000e+00
      6.760      0.013     0.0508      0.644     91.713  67.667773     1.4574     15.772    18.0499 1.2371e-01     1.9188      6.628      9.614    11.8547   999.5815 0.0000e+00
      6.763      0.013     0.0503      0.612     91.810  67.751833     1.4358     15.772    17.8201 1.2367e-01     1.9605      6.632      9.619    11.8525   999.5817 0.0000e+00
      6.767      0.014     0.0527      0.569     91.983  67.881966     1.4014     15.772    17.6022 1.2373e-01     1.9706      6.636      9.625    11.8636   999.5807 0.0000e+00
      6.770      0.017     0.0508      0.555     92.371  68.160673     1.3946     15.772    17.4802 1.2380e-01     1.9373      6.639      9.629    11.8790   999.5793 0.0000e+00
      6.774      0.019     0.0482      0.570     93.041  68.642732     1.4103     15.771    17.3777 1.2382e-01     1.9362      6.643      9.634    11.8885   999.5781 0.0000e+00
      6.779      0.020     0.0477      0.595     93.381  68.879746     1.4383     15.771    17.1367 1.2378e-01     1.9229      6.647      9.641    11.8977   999.5771 0.0000e+00
      6.785      0.020     0.0413      0.630     93.200  68.738132     1.4849     15.771    16.8900 1.2368e-01     1.8449      6.654      9.652    11.8986   999.5771 0.0000e+00
      6.792      0.019     0.0409      0.635     92.825  68.456000     1.5164     15.771    16.7175 1.2363e-01     1.8166      6.662      9.662    11.8922   999.5779 0.0000e+00
      6.797      0.017     0.0441      0.638     92.406  68.138150     1.5231     15.772    16.4274 1.2367e-01     1.8555      6.666      9.669    11.8866   999.5789 0.0000e+00
      6.800      0.015     0.0429      0.673     92.070  67.882425     1.5182     15.773    15.9642 1.2371e-01     1.9038      6.669      9.673    11.8764   999.5803 0.0000e+00
      6.803      0.015     0.0501      0.699     91.928  67.779372     1.4967     15.772    15.5046 1.2371e-01     1.9542      6.671      9.677    11.8723   999.5806 0.0000e+00
      6.805      0.015     0.0480      0.693     91.920  67.781992     1.4724     15.772    15.0866 1.2371e-01     1.9492      6.673      9.679    11.8727   999.5804 0.0000e+00
      6.808      0.016     0.0463      0.649     92.001  67.850562     1.4526     15.772    14.7820 1.2371e-01     1.8792      6.676      9.683    11.8655   999.5811 0.0000e+00
      6.813      0.019     0.0522      0.619     92.325  68.099970     1.4491     15.772    14.5745 1.2370e-01     1.8279      6.681      9.690    11.8593   999.5816 0.0000e+00
      6.818      0.023     0.0529      0.639     93.110  68.700049     1.4964     15.771    14.2132 1.2372e-01     1.9134      6.686      9.698    11.8614   999.5813 0.0000e+00
      6.824      0.028     0.0545      0.657     94.445  69.703234     1.5764     15.771    13.9407 1.2374e-01     2.0885      6.692      9.706    11.8681   999.5807 0.0000e+00
      6.832      0.032     0.0485      0.636     95.987  70.821749     1.6147     15.771    13.8611 1.2369e-01     2.1942      6.700      9.717    11.8722   999.5803 0.0000e+00
      6.841      0.034     0.0444      0.606     97.144  71.608058     1.6068     15.772    13.6811 1.2369e-01     2.1959      6.708      9.729    11.8748   999.5801 0.0000e+00
      6.852      0.034     0.0486      0.604     97.747  71.963333     1.5659     15.774    13.4849 1.2369e-01     2.1430      6.718      9.744    11.8876   999.5789 0.0000e+00
      6.862      0.034     0.0512      0.615     98.170  72.192916     1.5019     15.775    13.2089 1.2368e-01     2.1383      6.730      9.762    11.9071   999.5774 0.0000e+00
      6.872      0.032     0.0483      0.614     98.638  72.476606     1.4635     15.775    12.7540 1.2374e-01     2.1735      6.741      9.776    11.9000   999.5789 0.0000e+00
