Data/DataNotYetUploadedToEDI/Raw_CTD/RawDownloads/100118_fcr20.cnv
* Sea-Bird SBE19plus  Data File:
* FileName = C:\DATA\100118_fcr_0002.hex
* Software version 2.6.3.104
* Temperature SN = 7809
* Conductivity SN = 7809
* System UpLoad Time = Oct 01 2018 14:28:34
* <ApplicationData>
* <Seaterm232>
# nquan = 17
# nvalues = 643                         
# units = specified
# name 0 = depFM: Depth [fresh water, m]
# name 1 = tv290C: Temperature [ITS-90, deg C]
# name 2 = sbeox0Mg/L: Oxygen, SBE 43 [mg/l]
# name 3 = sbeox0PS: Oxygen, SBE 43 [% saturation]
# name 4 = c0uS/cm: Conductivity [uS/cm]
# name 5 = specc: Specific Conductance [uS/cm]
# name 6 = ph: pH
# name 7 = orp: Oxidation Reduction Potential [mV]
# name 8 = flECO-AFL: Fluorescence, WET Labs ECO-AFL/FL [mg/m^3]
# name 9 = turbWETntu0: Turbidity, WET Labs ECO [NTU]
# name 10 = sal00: Salinity, Practical [PSU]
# name 11 = dz/dtM: Descent Rate [m/s]
# name 12 = prdM: Pressure, Strain Gauge [db]
# name 13 = prdE: Pressure, Strain Gauge [psi]
# name 14 = scan: Scan Count
# name 15 = par/sat/log: PAR/Logarithmic, Satlantic
# name 16 = flag:  0.000e+00
# span 0 =     -0.465,      3.151       
# span 1 =    20.2097,    21.9873       
# span 2 =     5.3214,     8.8694       
# span 3 =     59.903,    100.026       
# span 4 =   0.877213,  34.367259       
# span 5 =      0.928,     37.586       
# span 6 =      6.324,      7.863       
# span 7 =   132.2991,   265.9352       
# span 8 =    -0.7602,     6.1666       
# span 9 =    -0.7748,    34.5138       
# span 10 =     0.0107,     0.0234      
# span 11 =     -0.179,      0.216      
# span 12 =     -0.456,      3.089      
# span 13 =     -0.660,      4.481      
# span 14 =          1,        643      
# span 15 = 1.9148e+01, 1.8617e+03      
# span 16 = 0.0000e+00, 0.0000e+00      
# interval = seconds: 0.25
# start_time = Oct 01 2018 14:36:12 [Instrument's time stamp, header]
# bad_flag = -9.990e-29
*END*
[from data line 171]
      0.306    21.1741     5.4575     61.301  34.236575     37.076      7.164   224.9737     3.5706     2.2062     0.0234      0.000      0.300      0.435        172 6.3594e+02 0.0000e+00
      0.303    21.1745     5.7795     64.828  34.218720     37.045      7.166   225.1251     3.5787     2.1122     0.0234     -0.001      0.297      0.431        173 9.6707e+02 0.0000e+00
      0.300    21.1763     6.2736     70.322  34.212185     37.045      7.162   224.6708     3.5544     2.1659     0.0234     -0.003      0.294      0.427        174 7.5571e+02 0.0000e+00
      0.297    21.1786     6.8409     76.656  34.215050     37.045      7.144   225.1251     3.5503     2.1927     0.0234     -0.005      0.291      0.423        175 6.3736e+02 0.0000e+00
      0.294    21.1817     7.3966     82.868  34.155840     36.983      7.131   224.8980     3.5867     2.1390     0.0234     -0.006      0.290      0.421        176 8.0722e+02 0.0000e+00
      0.296    21.1836     7.9014     88.508  34.107935     36.921      7.130   224.3301     4.0113     1.9107     0.0234     -0.007      0.291      0.422        177 6.5462e+02 0.0000e+00
      0.300    21.1853     8.3308     93.301  34.185700     37.009      7.132   225.2766     4.0235     1.8436     0.0234     -0.006      0.293      0.425        178 7.3592e+02 0.0000e+00
      0.300    21.1862     8.6077     96.391  34.207340     37.038      7.128   224.7087     4.0154     1.8973     0.0234     -0.004      0.294      0.427        179 7.9527e+02 0.0000e+00
      0.301    21.1889     8.7387     97.857  34.169970     36.976      7.124   225.5037     4.0032     1.9645     0.0234     -0.002      0.295      0.428        180 5.9001e+02 0.0000e+00
      0.302    21.1550     8.7484     97.960  34.143239     36.975      7.123   225.6551     3.5503     2.1927     0.0234      0.001      0.296      0.430        181 8.2300e+02 0.0000e+00
      0.304    21.0645     8.6614     96.978  33.944047     36.731      7.134   225.9580     3.5665     2.1927     0.0233      0.003      0.298      0.432        182 1.0392e+03 0.0000e+00
      0.304    20.9912     8.5498     95.730  33.824749     36.634      7.141   226.1094     3.5867     2.1927     0.0232      0.005      0.299      0.434        183 6.2991e+02 0.0000e+00
      0.306    20.9571     8.4395     94.500  33.846886     36.741      7.144   226.2230     3.5625     2.1122     0.0233      0.005      0.300      0.435        184 7.5982e+02 0.0000e+00
      0.307    20.9394     8.3428     93.421  33.827565     36.767      7.138   226.1094     4.2216     2.2196     0.0233      0.005      0.300      0.436        185 1.0186e+03 0.0000e+00
      0.306    20.9306     8.2586     92.480  33.819171     36.795      7.134   225.9958     4.2135     2.1122     0.0233      0.004      0.299      0.435        186 6.0190e+02 0.0000e+00
      0.304    20.9217     8.2056     91.885  33.827695     36.809      7.134   226.7908     4.1852     2.1122     0.0233      0.003      0.298      0.433        187 5.3634e+02 0.0000e+00
      0.303    20.9129     8.1648     91.425  33.816965     36.816      7.131   226.5637     4.1690     2.0584     0.0233      0.001      0.297      0.431        188 4.9275e+02 0.0000e+00
      0.302    20.9069     8.1349     91.083  33.832528     36.823      7.131   226.6773     4.2135     2.2733     0.0233     -0.000      0.297      0.430        189 9.9633e+02 0.0000e+00
      0.302    20.9056     8.1138     90.839  33.837988     36.861      7.132   226.9044     4.2054     2.2196     0.0233     -0.002      0.297      0.431        190 1.5754e+03 0.0000e+00
      0.305    20.9028     8.0930     90.606  33.839831     36.835      7.140   227.1316     4.2095     2.1390     0.0233     -0.002      0.298      0.432        191 6.1828e+02 0.0000e+00
      0.305    20.8990     8.0726     90.385  33.800580     36.836      7.144   227.2073     4.1690     2.1793     0.0233     -0.001      0.299      0.434        192 2.2183e+02 0.0000e+00
      0.306    20.8997     8.0480     90.113  33.768212     36.747      7.151   227.4723     4.1286     2.1524     0.0232     -0.001      0.299      0.434        193 4.7760e+02 0.0000e+00
      0.304    20.9023     8.0332     89.946  33.791147     36.841      7.153   227.6237     4.1488     2.1122     0.0233      0.000      0.299      0.433        194 5.0458e+02 0.0000e+00
      0.305    20.9044     8.0221     89.820  33.772039     36.749      7.155   227.5858     4.1488     2.1659     0.0232      0.001      0.299      0.433        195 5.7670e+02 0.0000e+00
      0.305    20.9056     8.0140     89.729  33.821647     36.869      7.157   226.9801     4.1326     2.1659     0.0233      0.002      0.299      0.434        196 5.9913e+02 0.0000e+00
      0.306    20.9047     8.0099     89.682  33.848033     36.837      7.157   227.6237     4.1569     2.1390     0.0233      0.002      0.300      0.435        197 4.4728e+02 0.0000e+00
      0.306    20.9028     8.0124     89.703  33.798512     36.836      7.155   227.9644     4.4036     2.0047     0.0233      0.001      0.300      0.436        198 5.0617e+02 0.0000e+00
      0.307    20.8989     8.0171     89.747  33.764653     36.745      7.157   227.6616     4.3955     2.1256     0.0232      0.001      0.301      0.436        199 5.3508e+02 0.0000e+00
      0.307    20.8946     8.0246     89.830  33.801206     36.838      7.155   228.1159     4.4036     2.0987     0.0233      0.001      0.301      0.436        200 5.7305e+02 0.0000e+00
      0.306    20.8948     8.0269     89.863  33.841990     36.841      7.159   228.3430     4.4036     2.0853     0.0233      0.001      0.300      0.435        201 6.2584e+02 0.0000e+00
      0.305    20.8985     8.0298     89.898  33.832520     36.875      7.157   228.6837     3.7404     2.0987     0.0233      0.001      0.299      0.434        202 3.8327e+02 0.0000e+00
      0.305    20.9006     8.0322     89.922  33.842647     36.845      7.158   228.6459     3.7566     2.0182     0.0233      0.000      0.299      0.434        203 3.9432e+02 0.0000e+00
      0.304    20.9002     8.0294     89.899  33.799732     36.841      7.155   228.7594     3.7606     2.1524     0.0233     -0.001      0.298      0.433        204 5.0192e+02 0.0000e+00
      0.303    20.8990     8.0322     89.945  33.767304     36.749      7.159   228.8351     3.7768     2.1927     0.0232     -0.002      0.298      0.432        205 5.3427e+02 0.0000e+00
      0.306    20.8987     8.0296     89.927  33.794035     36.840      7.162   228.9109     3.8213     2.1390     0.0233     -0.001      0.300      0.435        206 6.0396e+02 0.0000e+00
      0.309    20.8983     8.0293     89.922  33.766467     36.750      7.165   228.9866     3.8051     2.1122     0.0232     -0.000      0.302      0.439        207 1.0128e+03 0.0000e+00
      0.310    20.8946     8.0288     89.914  33.771958     36.811      7.165   229.3273     3.8294     2.1390     0.0232      0.001      0.304      0.441        208 1.0060e+03 0.0000e+00
      0.312    20.8891     8.0350     89.984  33.698235     36.689      7.163   229.0244     3.8132     2.2330     0.0232      0.003      0.306      0.444        209 5.9964e+02 0.0000e+00
      0.315    20.8888     8.0432     90.076  33.739593     36.753      7.161   229.5544     3.8132     2.0987     0.0232      0.005      0.307      0.446        210 6.3481e+02 0.0000e+00
      0.314    20.8932     8.0437     90.081  33.809456     36.849      7.156   229.8573     3.8253     2.1390     0.0233      0.006      0.307      0.446        211 6.2987e+02 0.0000e+00
      0.312    20.8940     8.0378     90.015  33.759569     36.758      7.155   229.7437     3.8051     2.0853     0.0232      0.006      0.306      0.443        212 1.1373e+03 0.0000e+00
      0.310    20.8932     8.0335     89.968  33.801677     36.846      7.158   229.8194     3.8051     2.1793     0.0233      0.004      0.304      0.440        213 1.5429e+03 0.0000e+00
      0.307    20.8978     8.0253     89.876  33.816364     36.815      7.154   229.6680     3.6070     2.2196     0.0232      0.001      0.300      0.435        214 4.8716e+02 0.0000e+00
      0.301    20.9060     8.0195     89.807  33.800601     36.846      7.147   229.3273     3.6474     2.1390     0.0233     -0.003      0.294      0.427        215 9.1883e+02 0.0000e+00
      0.293    20.9119     8.0177     89.784  33.761983     36.751      7.145   229.1759     3.6393     2.1122     0.0232     -0.008      0.289      0.420        216 1.8082e+03 0.0000e+00
      0.293    20.9114     8.0142     89.748  33.805111     36.836      7.144   228.6837     3.6555     2.1927     0.0233     -0.011      0.289      0.419        217 8.7024e+02 0.0000e+00
      0.299    20.9097     8.0198     89.816  33.835891     36.831      7.141   228.9109     3.6312     2.0316     0.0233     -0.011      0.292      0.424        218 3.5679e+02 0.0000e+00
      0.301    20.9103     8.0255     89.882  33.842298     36.862      7.135   229.2137     3.6312     2.1927     0.0233     -0.009      0.294      0.426        219 7.1002e+02 0.0000e+00
      0.300    20.9106     8.0325     89.962  33.826792     36.832      7.133   231.2959     3.6474     2.1659     0.0233     -0.007      0.293      0.426        220 1.1665e+03 0.0000e+00
      0.298    20.9104     8.0396     90.044  33.736565     36.741      7.135   230.3116     3.6353     2.1122     0.0232     -0.004      0.292      0.424        221 5.6071e+02 0.0000e+00
      0.297    20.9102     8.0368     90.019  33.746997     36.741      7.136   230.5766     3.6110     2.2196     0.0232     -0.002      0.292      0.424        222 5.4180e+02 0.0000e+00
      0.298    20.9106     8.0378     90.036  33.813811     36.832      7.141   230.0466     3.9062     2.1659     0.0233      0.001      0.293      0.425        223 4.4823e+02 0.0000e+00
      0.300    20.9105     8.0258     89.904  33.831348     36.832      7.142   229.6301     3.8900     2.1390     0.0233      0.002      0.295      0.428        224 6.5266e+02 0.0000e+00
      0.305    20.9082     8.0183     89.822  33.784483     36.802      7.146   229.5544     3.8981     2.0853     0.0232      0.003      0.298      0.433        225 1.5211e+03 0.0000e+00
      0.308    20.9068     8.0102     89.735  33.753513     36.741      7.149   229.7059     3.8860     2.0987     0.0232      0.003      0.302      0.437        226 8.4525e+02 0.0000e+00
      0.310    20.9087     8.0019     89.647  33.810579     36.834      7.147   230.3494     3.8860     2.0316     0.0233      0.005      0.304      0.440        227 9.3165e+02 0.0000e+00
      0.310    20.9113     7.9993     89.624  33.832087     36.835      7.150   230.1223     3.8779     2.1659     0.0233      0.007      0.305      0.442        228 1.0213e+03 0.0000e+00
      0.313    20.9125     8.0002     89.637  33.875024     36.894      7.150   230.1601     3.8698     2.1122     0.0233      0.008      0.307      0.446        229 7.6096e+02 0.0000e+00
      0.317    20.9133     8.0026     89.663  33.875767     36.892      7.151   230.7659     3.8819     2.0987     0.0233      0.010      0.309      0.449        230 4.9050e+02 0.0000e+00
      0.317    20.9147     8.0181     89.835  33.801506     36.800      7.147   230.4630     3.6919     2.1524     0.0232      0.009      0.309      0.448        231 5.3546e+02 0.0000e+00
      0.311    20.9180     8.0329     90.008  33.819162     36.830      7.144   230.4630     3.6838     2.2196     0.0233      0.007      0.307      0.445        232 4.4769e+02 0.0000e+00
      0.312    20.9216     8.0527     90.235  33.824139     36.829      7.138   230.3873     3.7081     2.1659     0.0233      0.004      0.307      0.444        233 7.0175e+02 0.0000e+00
      0.314    20.9227     8.0685     90.410  33.824967     36.826      7.140   230.1601     3.6797     2.1524     0.0233      0.002      0.309      0.447        234 1.4293e+03 0.0000e+00
      0.318    20.9242     8.0824     90.563  33.877442     36.884      7.138   230.6901     3.6231     2.2464     0.0233      0.002      0.311      0.451        235 7.4457e+02 0.0000e+00
      0.319    20.9264     8.0886     90.631  33.877457     36.883      7.140   230.8794     3.6393     2.1659     0.0233      0.003      0.312      0.453        236 5.7667e+02 0.0000e+00
      0.318    20.9291     8.0911     90.655  33.913914     36.912      7.137   231.1066     3.6393     2.0987     0.0233      0.002      0.311      0.452        237 5.8819e+02 0.0000e+00
      0.317    20.9325     8.0845     90.582  33.921038     36.941      7.139   231.1823     3.6312     2.1927     0.0233      0.001      0.311      0.451        238 4.7924e+02 0.0000e+00
      0.318    20.9343     8.0716     90.442  33.898247     36.878      7.140   230.7280     3.6070     2.1390     0.0233      0.002      0.312      0.453        239 7.4558e+02 0.0000e+00
      0.322    20.9338     8.0691     90.418  33.912619     36.936      7.142   231.2959     3.4857     2.1122     0.0233      0.004      0.316      0.458        240 6.3268e+02 0.0000e+00
      0.326    20.9333     8.0686     90.409  33.843838     36.813      7.144   231.5609     3.4937     2.1390     0.0233      0.005      0.319      0.463        241 6.0603e+02 0.0000e+00
      0.328    20.9367     8.0750     90.473  33.865220     36.874      7.140   231.5987     3.4897     2.0987     0.0233      0.006      0.320      0.465        242 6.1611e+02 0.0000e+00
      0.326    20.9400     8.0801     90.524  33.915665     36.905      7.131   231.7123     3.4978     2.1659     0.0233      0.005      0.320      0.464        243 6.5548e+02 0.0000e+00
      0.325    20.9386     8.0834     90.556  33.870027     36.872      7.111   231.9773     3.6474     2.0853     0.0233      0.005      0.320      0.464        244 9.7162e+02 0.0000e+00
      0.327    20.9374     8.0806     90.521  33.833048     36.808      7.101   232.0151     3.6717     2.1793     0.0233      0.006      0.321      0.465        245 8.7773e+02 0.0000e+00
      0.327    20.9362     8.0805     90.520  33.872717     36.870      7.103   232.0151     3.6838     2.1793     0.0233      0.005      0.321      0.465        246 1.0918e+03 0.0000e+00
      0.327    20.9340     8.0800     90.512  33.939282     36.932      7.104   232.0151     3.6676     2.1793     0.0233      0.004      0.321      0.465        247 1.3340e+03 0.0000e+00
      0.326    20.9346     8.0757     90.460  33.928143     36.933      7.104   232.2423     3.7970     2.1524     0.0233      0.001      0.320      0.464        248 8.0097e+02 0.0000e+00
      0.326    20.9375     8.0676     90.362  33.916236     36.904      7.102   232.5073     3.8051     2.1256     0.0233     -0.000      0.320      0.463        249 4.9696e+02 0.0000e+00
      0.326    20.9395     8.0576     90.248  33.924446     36.934      7.105   232.5830     3.8334     2.1122     0.0233     -0.000      0.320      0.463        250 5.9952e+02 0.0000e+00
      0.325    20.9378     8.0438     90.094  33.888270     36.871      7.108   232.6209     3.8253     2.1659     0.0233     -0.000      0.319      0.463        251 7.2328e+02 0.0000e+00
      0.326    20.9331     8.0304     89.946  33.872288     36.869      7.114   233.0373     4.0235     2.1256     0.0233     -0.001      0.319      0.463        252 6.9662e+02 0.0000e+00
      0.326    20.9294     8.0157     89.784  33.885024     36.871      7.116   233.5673     4.0315     2.0719     0.0233     -0.001      0.320      0.464        253 4.2545e+02 0.0000e+00
      0.327    20.9266     8.0116     89.743  33.872420     36.875      7.118   233.4537     3.9871     2.1122     0.0233     -0.000      0.320      0.464        254 6.5089e+02 0.0000e+00
      0.326    20.9251     8.0023     89.641  33.858319     36.847      7.120   233.3780     4.0356     2.1122     0.0233     -0.000      0.320      0.464        255 9.9856e+02 0.0000e+00
