Data/DataNotYetUploadedToEDI/Raw_CTD/RawDownloads/100118_fcr50.cnv
* Sea-Bird SBE19plus  Data File:
* FileName = C:\DATA\100118_fcr_0005.hex
* Software version 2.6.3.104
* Temperature SN = 7809
* Conductivity SN = 7809
* System UpLoad Time = Oct 01 2018 14:30:00
* <ApplicationData>
* <Seaterm232>
# nquan = 17
# nvalues = 782                         
# units = specified
# name 0 = depFM: Depth [fresh water, m]
# name 1 = tv290C: Temperature [ITS-90, deg C]
# name 2 = sbeox0Mg/L: Oxygen, SBE 43 [mg/l]
# name 3 = sbeox0PS: Oxygen, SBE 43 [% saturation]
# name 4 = c0uS/cm: Conductivity [uS/cm]
# name 5 = specc: Specific Conductance [uS/cm]
# name 6 = ph: pH
# name 7 = orp: Oxidation Reduction Potential [mV]
# name 8 = flECO-AFL: Fluorescence, WET Labs ECO-AFL/FL [mg/m^3]
# name 9 = turbWETntu0: Turbidity, WET Labs ECO [NTU]
# name 10 = sal00: Salinity, Practical [PSU]
# name 11 = dz/dtM: Descent Rate [m/s]
# name 12 = prdM: Pressure, Strain Gauge [db]
# name 13 = prdE: Pressure, Strain Gauge [psi]
# name 14 = scan: Scan Count
# name 15 = par/sat/log: PAR/Logarithmic, Satlantic
# name 16 = flag:  0.000e+00
# span 0 =     -0.463,      9.867       
# span 1 =    12.7857,    24.8609       
# span 2 =     0.0798,     9.0004       
# span 3 =      0.758,    101.602       
# span 4 =  -1.102902, 224.456336       
# span 5 =     -1.028,    300.078       
# span 6 =      6.276,      8.067       
# span 7 =    42.2367,  1240.2295       
# span 8 =    -0.2021,     6.9430       
# span 9 =    -0.3854,    32.6607       
# span 10 =     0.0000,     0.1423      
# span 11 =     -0.145,      0.241      
# span 12 =     -0.454,      9.676      
# span 13 =     -0.658,     14.034      
# span 14 =          1,        782      
# span 15 = 1.2363e-01, 9.6423e+02      
# span 16 = 0.0000e+00, 0.0000e+00      
# interval = seconds: 0.25
# start_time = Oct 01 2018 16:48:50 [Instrument's time stamp, header]
# bad_flag = -9.990e-29
*END*
[from data line 596]
      4.828    18.9112     0.1241      1.327  60.465155     68.704      6.305   244.6973     6.6599     5.8183     0.0364      0.065      4.735      6.868        597 2.9649e+00 0.0000e+00
      4.830    18.9249     0.1246      1.331  59.813309     68.190      6.308   243.4480     6.6559     5.8317     0.0361      0.053      4.740      6.875        598 3.0154e+00 0.0000e+00
      4.841    18.9371     0.1237      1.319  59.505396     67.677      6.313   242.0095     6.6397     5.8183     0.0359      0.044      4.752      6.893        599 2.9344e+00 0.0000e+00
      4.871    18.9523     0.1251      1.331  59.037027     67.269      6.314   242.0095     6.9430     6.2211     0.0357      0.046      4.772      6.921        600 2.9048e+00 0.0000e+00
      4.884    18.9506     0.1269      1.347  59.089672     67.128      6.320   241.5173     6.9268     6.0868     0.0357      0.044      4.786      6.941        601 2.9587e+00 0.0000e+00
      4.886    18.9404     0.1271      1.347  59.855586     68.182      6.323   240.1923     6.9349     6.0600     0.0361      0.039      4.793      6.951        602 2.9484e+00 0.0000e+00
      4.890    18.9089     0.1264      1.336  59.806069     67.996      6.324   237.7316     6.9187     5.9257     0.0360      0.038      4.804      6.968        603 2.9009e+00 0.0000e+00
      4.921    18.8279     0.1236      1.304  60.754768     69.031      6.321   238.2616     5.6166     5.6437     0.0365      0.047      4.832      7.008        604 2.7073e+00 0.0000e+00
      4.972    18.7390     0.1292      1.358  62.802689     71.658      6.316   239.4730     5.6086     5.6706     0.0376      0.063      4.873      7.068        605 2.4968e+00 0.0000e+00
      5.014    18.6563     0.1364      1.429  63.375000     72.179      6.308   239.8895     5.5924     5.6303     0.0379      0.081      4.913      7.126        606 2.3811e+00 0.0000e+00
      5.044    18.5818     0.1394      1.456  63.814202     73.026      6.308   239.4352     5.6086     5.6303     0.0382      0.095      4.945      7.172        607 2.2771e+00 0.0000e+00
      5.068    18.5230     0.1388      1.446  64.156948     73.423      6.310   238.9052     5.5924     5.6169     0.0384      0.105      4.973      7.214        608 2.1757e+00 0.0000e+00
      5.103    18.4513     0.1466      1.523  64.195924     73.677      6.309   238.5266     4.2135     4.9992     0.0384      0.119      5.008      7.265        609 1.9844e+00 0.0000e+00
      5.153    18.3550     0.1458      1.511  64.389469     73.936      6.304   238.6023     4.2135     5.1334     0.0385      0.135      5.053      7.330        610 1.7729e+00 0.0000e+00
      5.203    18.2462     0.1514      1.566  64.747763     74.508      6.296   238.5266     4.2216     5.0797     0.0388      0.148      5.101      7.398        611 1.6052e+00 0.0000e+00
      5.249    18.1283     0.1582      1.634  64.938139     74.902      6.292   237.6559     4.2297     5.0260     0.0389      0.153      5.143      7.460        612 1.4667e+00 0.0000e+00
      5.282    18.0168     0.1540      1.587  65.103073     75.218      6.289   232.6587     3.7485     4.5695     0.0390      0.153      5.178      7.511        613 1.3715e+00 0.0000e+00
      5.310    17.9091     0.1567      1.613  65.522763     76.009      6.286   227.8887     3.7687     4.5560     0.0393      0.154      5.213      7.561        614 1.2455e+00 0.0000e+00
      5.360    17.7744     0.1563      1.612  65.336707     75.913      6.287   225.1251     3.7444     4.6098     0.0393      0.160      5.258      7.626        615 1.0937e+00 0.0000e+00
      5.415    17.6158     0.1557      1.606  65.572333     76.363      6.282   221.7558     3.7566     4.6098     0.0394      0.167      5.307      7.696        616 9.8912e-01 0.0000e+00
      5.456    17.4641     0.1483      1.526  66.091013     77.324      6.279   218.7273     3.0530     3.8041     0.0398      0.168      5.352      7.762        617 8.9627e-01 0.0000e+00
      5.503    17.3230     0.1457      1.494  66.027964     77.383      6.279   214.6765     3.0611     3.8309     0.0398      0.168      5.397      7.827        618 8.1760e-01 0.0000e+00
      5.550    17.1969     0.1402      1.432  66.393513     78.220      6.278   211.2694     3.0328     3.7772     0.0401      0.170      5.441      7.891        619 7.6242e-01 0.0000e+00
      5.589    17.0902     0.1429      1.456  66.586747     78.645      6.279   207.9001     3.0368     3.7907     0.0403      0.173      5.483      7.953        620 6.8696e-01 0.0000e+00
      5.636    16.9891     0.1423      1.447  66.649024     78.949      6.276   204.7201     3.1136     3.1058     0.0404      0.178      5.527      8.016        621 6.5659e-01 0.0000e+00
      5.682    16.8892     0.1430      1.450  67.415194     80.076      6.277   202.0322     3.1136     3.1595     0.0408      0.180      5.570      8.078        622 6.2528e-01 0.0000e+00
      5.722    16.7936     0.1475      1.492  68.098878     81.107      6.279   198.4736     3.1379     3.1461     0.0413      0.176      5.606      8.130        623 5.7771e-01 0.0000e+00
      5.745    16.7576     0.1527      1.541  68.382664     81.596      6.281   194.8393     3.1379     3.0924     0.0415      0.168      5.623      8.155        624 5.7927e-01 0.0000e+00
      5.731    16.8086     0.1574      1.585  68.072125     81.487      6.288   190.6750     3.1379     2.9447     0.0414      0.148      5.623      8.155        625 5.9053e-01 0.0000e+00
      5.725    16.8296     0.1592      1.600  67.326887     80.552      6.294   188.2900     3.1096     2.8776     0.0409      0.119      5.630      8.164        626 5.5683e-01 0.0000e+00
      5.766    16.7224     0.1587      1.594  67.646595     80.886      6.288   186.3972     3.1055     2.9447     0.0411      0.100      5.670      8.223        627 4.6838e-01 0.0000e+00
      5.857    16.5478     0.1618      1.622  68.268348     81.641      6.286   184.5043     3.1460     2.9715     0.0415      0.102      5.738      8.322        628 4.0606e-01 0.0000e+00
      5.927    16.3947     0.1586      1.590  68.127542     81.589      6.283   181.6650     3.0611     3.0387     0.0414      0.115      5.802      8.416        629 3.9225e-01 0.0000e+00
      5.962    16.2723     0.1562      1.563  67.911027     81.764      6.286   178.9393     3.0368     2.9044     0.0414      0.130      5.851      8.487        630 3.9983e-01 0.0000e+00
      6.013    16.1534     0.1552      1.552  68.181468     82.272      6.289   177.9171     3.0449     2.9313     0.0416      0.153      5.904      8.563        631 3.7285e-01 0.0000e+00
      6.090    16.0286     0.1473      1.471  68.949695     83.597      6.287   176.1000     3.0570     2.8910     0.0422      0.187      5.969      8.658        632 3.2870e-01 0.0000e+00
      6.157    15.9130     0.1414      1.412  69.034592     83.841      6.289   173.9043     3.0489     2.8373     0.0422      0.222      6.034      8.752        633 3.0196e-01 0.0000e+00
      6.214    15.8051     0.1376      1.373  69.293929     84.401      6.292   171.9357     3.2592     2.7567     0.0424      0.241      6.091      8.834        634 2.6653e-01 0.0000e+00
      6.264    15.7038     0.1357      1.353  70.231333     85.875      6.296   170.0050     3.2673     2.7970     0.0431      0.239      6.137      8.901        635 2.8569e-01 0.0000e+00
      6.295    15.6317     0.1261      1.257  70.363657     86.199      6.301   168.1121     3.2633     2.7433     0.0432      0.223      6.173      8.953        636 2.8495e-01 0.0000e+00
      6.326    15.5681     0.1258      1.253  70.406843     86.456      6.306   166.4085     3.2592     2.6896     0.0432      0.211      6.205      8.999        637 2.5743e-01 0.0000e+00
      6.360    15.5098     0.1216      1.210  70.979856     87.361      6.309   164.4021     3.2511     2.2599     0.0436      0.199      6.237      9.047        638 2.6481e-01 0.0000e+00
      6.393    15.4713     0.1225      1.217  71.225275     87.777      6.314   162.3957     3.2188     2.2733     0.0438      0.180      6.271      9.096        639 2.5082e-01 0.0000e+00
      6.432    15.4270     0.1232      1.224  71.230486     87.904      6.317   161.0707     3.2228     2.3136     0.0438      0.159      6.306      9.147        640 2.6489e-01 0.0000e+00
      6.467    15.3768     0.1200      1.191  71.775629     88.642      6.317   159.6699     3.2511     2.2196     0.0442      0.145      6.339      9.194        641 2.4107e-01 0.0000e+00
      6.492    15.3377     0.1192      1.183  72.448451     89.641      6.320   158.6857     3.2430     2.2867     0.0446      0.135      6.368      9.236        642 2.1663e-01 0.0000e+00
      6.524    15.3097     0.1234      1.224  72.383922     89.614      6.325   156.1871     3.2511     2.3673     0.0446      0.130      6.397      9.277        643 2.5656e-01 0.0000e+00
      6.553    15.2810     0.1272      1.260  72.242237     89.528      6.325   155.0514     3.2471     2.2330     0.0445      0.128      6.422      9.314        644 2.5166e-01 0.0000e+00
      6.567    15.2485     0.1166      1.154  72.357401     89.762      6.329   154.0671     3.2430     2.2867     0.0446      0.122      6.440      9.341        645 2.3847e-01 0.0000e+00
      6.581    15.2195     0.1171      1.158  72.567474     90.035      6.331   151.1142     3.1986     2.1927     0.0447      0.111      6.461      9.371        646 2.3980e-01 0.0000e+00
      6.619    15.1790     0.1109      1.096  72.931650     90.630      6.334   150.6599     3.1905     2.2196     0.0450      0.105      6.497      9.422        647 2.1284e-01 0.0000e+00
      6.677    15.1269     0.1184      1.169  72.468772     90.103      6.332   150.2813     3.1945     2.2196     0.0447      0.108      6.540      9.486        648 1.9744e-01 0.0000e+00
      6.709    15.0973     0.1134      1.118  71.747056     89.217      6.330   148.0478     3.1945     2.2464     0.0443      0.114      6.572      9.532        649 1.9625e-01 0.0000e+00
      6.719    15.0859     0.1181      1.164  71.839111     89.546      6.328   146.5335     3.1945     2.2464     0.0444      0.115      6.591      9.560        650 1.8906e-01 0.0000e+00
      6.738    15.0563     0.1180      1.162  71.967989     89.715      6.331   144.9813     3.1864     2.2196     0.0445      0.113      6.611      9.588        651 1.9676e-01 0.0000e+00
      6.765    15.0145     0.1184      1.165  72.388930     90.263      6.334   143.6942     3.1783     2.3270     0.0448      0.113      6.636      9.624        652 1.9346e-01 0.0000e+00
      6.796    14.9868     0.1222      1.202  72.919763     91.063      6.340   142.8613     3.1743     2.2196     0.0451      0.114      6.666      9.669        653 1.9102e-01 0.0000e+00
      6.834    14.9549     0.1194      1.173  72.941619     91.092      6.345   141.1577     3.1783     2.1793     0.0451      0.115      6.699      9.717        654 1.8120e-01 0.0000e+00
      6.864    14.9140     0.1224      1.202  73.431455     91.817      6.350   139.7949     3.1864     2.1659     0.0454      0.109      6.729      9.760        655 1.6988e-01 0.0000e+00
      6.887    14.8718     0.1111      1.090  73.795909     92.381      6.356   139.6435     3.1702     2.0987     0.0457      0.104      6.754      9.797        656 1.7657e-01 0.0000e+00
      6.914    14.8193     0.1150      1.128  74.360112     93.040      6.359   137.4477     3.1541     2.1390     0.0459      0.108      6.779      9.833        657 1.8476e-01 0.0000e+00
      6.939    14.7705     0.1105      1.082  75.552357     94.855      6.360   136.5013     3.1581     2.2062     0.0468      0.112      6.805      9.870        658 2.1112e-01 0.0000e+00
      6.966    14.7355     0.1113      1.090  76.026789     95.371      6.364   134.7977     3.2107     2.3136     0.0470      0.112      6.834      9.912        659 1.8251e-01 0.0000e+00
      7.005    14.7027     0.1097      1.073  76.176826     95.837      6.365   135.1763     3.2066     2.2733     0.0472      0.113      6.868      9.961        660 1.4532e-01 0.0000e+00
      7.039    14.6587     0.1153      1.127  76.435541     96.100      6.366   134.0784     3.1986     2.2867     0.0473      0.114      6.900     10.008        661 1.6095e-01 0.0000e+00
      7.064    14.6174     0.1152      1.126  76.923333     96.917      6.364   132.1856     3.1783     2.3002     0.0476      0.113      6.927     10.047        662 1.3556e-01 0.0000e+00
      7.090    14.5870     0.1189      1.161  77.620450     97.805      6.366   131.6556     3.1339     2.0987     0.0480      0.115      6.951     10.082        663 1.3023e-01 0.0000e+00
      7.112    14.5552     0.1147      1.119  78.302280     98.860      6.370   130.5956     3.1217     2.1122     0.0485      0.115      6.973     10.114        664 1.4241e-01 0.0000e+00
      7.131    14.5226     0.1128      1.100  78.838895     99.537      6.370   129.6870     3.1177     2.1793     0.0488      0.111      6.994     10.144        665 1.5764e-01 0.0000e+00
      7.154    14.4945     0.1148      1.119  79.122359    100.041      6.375   127.6806     3.1177     2.1390     0.0490      0.106      7.017     10.177        666 1.9034e-01 0.0000e+00
      7.180    14.4642     0.1115      1.087  79.138437    100.089      6.380   126.8477     3.1298     1.9510     0.0490      0.100      7.042     10.214        667 1.5710e-01 0.0000e+00
      7.209    14.4293     0.1079      1.051  79.056700    100.089      6.378   126.4313     3.1177     1.9510     0.0490      0.095      7.070     10.254        668 1.3391e-01 0.0000e+00
      7.238    14.3961     0.1066      1.038  78.599944     99.598      6.383   123.8948     3.1136     1.8436     0.0488      0.095      7.098     10.294        669 1.2916e-01 0.0000e+00
      7.265    14.3647     0.1089      1.060  78.518008     99.473      6.385   123.3648     3.1015     1.8839     0.0487      0.098      7.125     10.334        670 1.2363e-01 0.0000e+00
      7.293    14.3326     0.1039      1.011  78.980374    100.340      6.387   123.1377     3.1096     1.9242     0.0491      0.101      7.152     10.373        671 1.2876e-01 0.0000e+00
      7.321    14.3024     0.1086      1.055  78.797350     99.992      6.389   120.1848     3.0934     1.9779     0.0489      0.105      7.180     10.413        672 1.2525e-01 0.0000e+00
      7.350    14.2759     0.1073      1.043  78.656642    100.039      6.392   119.2005     3.1136     1.9242     0.0489      0.108      7.208     10.454        673 1.2541e-01 0.0000e+00
      7.380    14.2526     0.1066      1.035  79.125794    100.579      6.396   119.0113     3.1136     1.9107     0.0491      0.111      7.237     10.496        674 1.2588e-01 0.0000e+00
      7.407    14.2337     0.1109      1.076  81.304808    103.463      6.395   117.9512     3.1177     1.8436     0.0504      0.111      7.264     10.536        675 1.2914e-01 0.0000e+00
      7.435    14.2137     0.1063      1.032  83.287039    106.237      6.401   116.9291     3.1055     1.8436     0.0517      0.111      7.292     10.577        676 1.2618e-01 0.0000e+00
      7.466    14.1886     0.1055      1.024  82.960913    105.610      6.405   116.0584     3.1096     1.9107     0.0514      0.112      7.319     10.615        677 1.2513e-01 0.0000e+00
      7.485    14.1669     0.1084      1.051  82.483551    105.234      6.407   114.5820     3.1258     1.9107     0.0512      0.110      7.341     10.646        678 1.2570e-01 0.0000e+00
      7.503    14.1476     0.1100      1.066  82.008269    104.588      6.409   114.2791     3.1702     1.8570     0.0509      0.106      7.361     10.676        679 1.2530e-01 0.0000e+00
      7.529    14.1232     0.1056      1.024  81.203979    103.680      6.412   113.4462     3.1824     1.9107     0.0505      0.102      7.386     10.712        680 1.2562e-01 0.0000e+00
