Data/DataNotYetUploadedToEDI/Raw_CTD/RawDownloads/100118_fcr10.cnv
* Sea-Bird SBE19plus  Data File:
* FileName = C:\DATA\100118_fcr_0001.hex
* Software version 2.6.3.104
* Temperature SN = 7809
* Conductivity SN = 7809
* System UpLoad Time = Oct 01 2018 14:28:14
* <ApplicationData>
* <Seaterm232>
# nquan = 17
# nvalues = 592                         
# units = specified
# name 0 = depFM: Depth [fresh water, m]
# name 1 = tv290C: Temperature [ITS-90, deg C]
# name 2 = sbeox0Mg/L: Oxygen, SBE 43 [mg/l]
# name 3 = sbeox0PS: Oxygen, SBE 43 [% saturation]
# name 4 = c0uS/cm: Conductivity [uS/cm]
# name 5 = specc: Specific Conductance [uS/cm]
# name 6 = ph: pH
# name 7 = orp: Oxidation Reduction Potential [mV]
# name 8 = flECO-AFL: Fluorescence, WET Labs ECO-AFL/FL [mg/m^3]
# name 9 = turbWETntu0: Turbidity, WET Labs ECO [NTU]
# name 10 = sal00: Salinity, Practical [PSU]
# name 11 = dz/dtM: Descent Rate [m/s]
# name 12 = prdM: Pressure, Strain Gauge [db]
# name 13 = prdE: Pressure, Strain Gauge [psi]
# name 14 = scan: Scan Count
# name 15 = par/sat/log: PAR/Logarithmic, Satlantic
# name 16 = flag:  0.000e+00
# span 0 =     -0.466,      2.683       
# span 1 =    20.0218,    23.7865       
# span 2 =     4.6210,     9.1291       
# span 3 =     52.072,    102.370       
# span 4 =  -0.248200,  36.415515       
# span 5 =      0.579,     40.429       
# span 6 =      6.202,      7.782       
# span 7 =    98.1898,  1240.2295       
# span 8 =    -0.1819,     6.8540       
# span 9 =    -0.2512,    55.4882       
# span 10 =     0.0114,     0.0245      
# span 11 =     -0.244,      0.270      
# span 12 =     -0.457,      2.631      
# span 13 =     -0.662,      3.817      
# span 14 =          1,        592      
# span 15 = 1.2720e+01, 1.4451e+03      
# span 16 = 0.0000e+00, 0.0000e+00      
# interval = seconds: 0.25
# start_time = Oct 01 2018 14:10:55 [Instrument's time stamp, header]
# bad_flag = -9.990e-29
*END*
[from data line 341]
      0.319    20.7813     7.5641     84.493  33.844267     36.968      7.009   231.8637     6.4901     2.1390     0.0233     -0.001      0.313      0.453        342 8.3220e+01 0.0000e+00
      0.318    20.7808     7.5697     84.560  33.827935     36.937      7.009   232.0909     6.4941     2.2330     0.0233     -0.001      0.313      0.453        343 8.4009e+01 0.0000e+00
      0.318    20.7792     7.5880     84.768  33.821060     36.936      7.009   231.8259     6.2758     2.1122     0.0233     -0.002      0.313      0.455        344 8.4139e+01 0.0000e+00
      0.322    20.7765     7.5976     84.877  33.823165     36.936      7.010   232.0909     6.2879     2.1256     0.0233     -0.001      0.316      0.459        345 8.3387e+01 0.0000e+00
      0.325    20.7754     7.6110     85.025  33.825317     36.938      7.007   232.5073     6.3122     2.1927     0.0233      0.000      0.318      0.461        346 8.2139e+01 0.0000e+00
      0.324    20.7751     7.6215     85.138  33.818384     36.940      7.005   232.5451     6.2960     2.1390     0.0233      0.002      0.318      0.461        347 8.0855e+01 0.0000e+00
      0.323    20.7751     7.6218     85.136  33.802138     36.910      7.006   232.2423     6.2879     2.1659     0.0232      0.003      0.317      0.460        348 7.9640e+01 0.0000e+00
      0.323    20.7756     7.6180     85.094  33.815879     36.941      7.005   232.5073     6.4173     2.3136     0.0233      0.003      0.317      0.460        349 7.9631e+01 0.0000e+00
      0.323    20.7761     7.6010     84.903  33.741974     36.849      7.003   232.6209     6.3809     2.2464     0.0232      0.003      0.317      0.459        350 8.0388e+01 0.0000e+00
      0.322    20.7771     7.5866     84.741  33.745836     36.849      6.990   232.8101     6.4496     2.3404     0.0232      0.002      0.316      0.458        351 8.0489e+01 0.0000e+00
      0.321    20.7789     7.5787     84.650  33.811074     36.940      6.984   232.7344     6.4254     2.3136     0.0233      0.000      0.315      0.457        352 8.2505e+01 0.0000e+00
      0.320    20.7817     7.5790     84.659  33.838718     36.939      6.982   233.0373     6.3809     2.3136     0.0233     -0.002      0.313      0.455        353 8.4389e+01 0.0000e+00
      0.319    20.7843     7.5806     84.682  33.889364     37.030      6.979   233.0752     6.3930     2.2733     0.0233     -0.003      0.312      0.452        354 8.4829e+01 0.0000e+00
      0.316    20.7848     7.5882     84.767  33.837011     36.935      6.981   233.3023     6.4052     2.2599     0.0233     -0.004      0.310      0.450        355 8.4555e+01 0.0000e+00
      0.315    20.7836     7.5923     84.814  33.814903     36.933      6.981   233.1887     6.4254     2.2733     0.0233     -0.004      0.309      0.448        356 8.3561e+01 0.0000e+00
      0.315    20.7809     7.5975     84.876  33.827910     36.933      6.980   233.0752     6.3566     2.2464     0.0233     -0.005      0.309      0.448        357 8.1039e+01 0.0000e+00
      0.315    20.7787     7.6020     84.927  33.731857     36.843      6.983   233.7944     6.3566     2.1927     0.0232     -0.005      0.309      0.448        358 7.9109e+01 0.0000e+00
      0.315    20.7783     7.6012     84.913  33.756507     36.845      6.985   234.5516     6.3485     2.1524     0.0232     -0.004      0.309      0.448        359 7.9100e+01 0.0000e+00
      0.315    20.7782     7.6000     84.893  33.826889     36.969      6.984   234.2866     6.3445     2.2196     0.0233     -0.003      0.310      0.449        360 8.0789e+01 0.0000e+00
      0.317    20.7764     7.5979     84.867  33.762891     36.847      6.986   234.0973     6.3728     2.1122     0.0232     -0.002      0.311      0.451        361 8.2879e+01 0.0000e+00
      0.319    20.7755     7.6004     84.899  33.806496     36.938      6.988   233.8702     6.3728     2.2733     0.0233      0.000      0.313      0.454        362 8.2516e+01 0.0000e+00
      0.320    20.7787     7.5942     84.833  33.831934     36.940      6.992   233.9459     6.3405     2.1256     0.0233      0.002      0.314      0.455        363 8.1714e+01 0.0000e+00
      0.321    20.7815     7.5860     84.742  33.820203     36.941      6.993   234.1352     6.3243     2.1927     0.0233      0.003      0.314      0.455        364 8.0220e+01 0.0000e+00
      0.319    20.7816     7.5741     84.605  33.791440     36.907      6.994   234.3623     6.5507     2.2196     0.0232      0.003      0.313      0.454        365 7.8752e+01 0.0000e+00
      0.317    20.7825     7.5543     84.380  33.749105     36.844      6.996   234.5137     6.5669     2.2867     0.0232      0.002      0.311      0.451        366 7.7998e+01 0.0000e+00
      0.314    20.7849     7.5510     84.338  33.813575     36.936      6.998   235.1573     6.5467     2.3136     0.0233      0.001      0.308      0.447        367 7.8353e+01 0.0000e+00
      0.312    20.7855     7.5431     84.244  33.829829     36.935      6.998   234.5137     6.5467     2.2196     0.0233     -0.002      0.307      0.445        368 7.9958e+01 0.0000e+00
      0.314    20.7823     7.5396     84.204  33.817844     36.933      7.001   234.4759     6.5386     2.2599     0.0233     -0.003      0.307      0.446        369 7.9867e+01 0.0000e+00
      0.314    20.7783     7.5447     84.264  33.828490     36.932      7.000   234.6273     6.4820     2.1793     0.0233     -0.004      0.308      0.447        370 7.9351e+01 0.0000e+00
      0.315    20.7770     7.5556     84.391  33.846235     36.966      7.002   235.0816     6.4941     2.1256     0.0233     -0.004      0.308      0.447        371 7.7773e+01 0.0000e+00
      0.313    20.7788     7.5635     84.477  33.825417     36.938      6.998   240.0409     6.5103     2.2733     0.0233     -0.003      0.307      0.445        372 7.7321e+01 0.0000e+00
      0.311    20.7809     7.5795     84.653  33.824745     36.939      6.999   236.2930     6.4779     2.0719     0.0233     -0.003      0.305      0.442        373 7.9052e+01 0.0000e+00
      0.309    20.7813     7.5887     84.755  33.817416     36.938      7.000   235.5737     6.4254     2.2196     0.0233     -0.003      0.304      0.441        374 8.1354e+01 0.0000e+00
      0.311    20.7791     7.5923     84.794  33.745569     36.845      6.999   235.1952     6.4416     2.1927     0.0232     -0.002      0.307      0.445        375 8.5551e+01 0.0000e+00
      0.318    20.7765     7.5991     84.872  33.736223     36.844      7.000   235.1573     6.4254     2.1256     0.0232      0.000      0.314      0.455        376 8.6339e+01 0.0000e+00
      0.330    20.7735     7.5998     84.886  33.799393     36.907      7.000   234.8166     6.4173     2.1659     0.0232      0.004      0.326      0.473        377 8.8930e+01 0.0000e+00
      0.350    20.7705     7.5991     84.895  33.815235     36.940      6.998   235.3087     6.4941     2.2464     0.0233      0.013      0.341      0.494        378 8.1414e+01 0.0000e+00
      0.362    20.7695     7.5975     84.906  33.835131     36.942      6.986   235.3466     6.4699     2.2867     0.0233      0.023      0.351      0.509        379 7.6456e+01 0.0000e+00
      0.361    20.7716     7.5957     84.916  33.804289     36.945      6.942   235.5737     6.4779     2.4344     0.0233      0.029      0.352      0.510        380 6.4347e+01 0.0000e+00
      0.353    20.7746     7.5913     84.905  33.764651     36.854      6.903   235.1952     6.5022     2.2464     0.0232      0.030      0.350      0.506        381 7.0324e+01 0.0000e+00
      0.354    20.7738     7.6016     85.066  33.854804     37.005      6.902   235.3466     6.0938     2.1927     0.0233      0.028      0.350      0.507        382 5.3789e+01 0.0000e+00
      0.363    20.7718     7.6082     85.173  33.810717     36.911      6.917   235.3844     6.1019     2.2599     0.0232      0.025      0.355      0.515        383 7.9499e+01 0.0000e+00
      0.368    20.7710     7.6209     85.331  33.730551     36.850      6.927   235.7252     6.1140     2.3673     0.0232      0.020      0.360      0.522        384 4.4750e+01 0.0000e+00
      0.369    20.7706     7.6436     85.605  33.746981     36.852      6.935   235.4980     6.1221     2.3404     0.0232      0.013      0.361      0.523        385 1.2458e+02 0.0000e+00
      0.367    20.7714     7.6701     85.913  33.730959     36.853      6.936   235.7252     6.1666     2.2464     0.0232      0.007      0.357      0.518        386 4.8414e+02 0.0000e+00
      0.356    20.7755     7.6897     86.143  33.750490     36.853      6.931   235.3844     6.1504     2.2330     0.0232      0.003      0.345      0.500        387 6.2681e+02 0.0000e+00
      0.334    20.7862     7.7156     86.440  33.811641     36.944      6.936   235.7630     6.1625     2.2733     0.0233     -0.005      0.318      0.461        388 8.7447e+02 0.0000e+00
      0.283    20.8026     7.7275     86.571  33.862446     36.971      6.952   236.2173     6.1545     2.3136     0.0233     -0.023      0.265      0.385        389 9.8687e+02 0.0000e+00
      0.196    20.8211     7.7397     86.704  33.865195     36.993      6.964   235.7630     6.1625     2.3404     0.0233     -0.063      0.185      0.268        390 9.0598e+02 0.0000e+00
      0.085    20.8443     7.7459     86.776  33.837869     36.919      6.971   235.1194     5.8350     2.0719     0.0233     -0.120      0.090      0.131        391 1.0852e+03 0.0000e+00
     -0.005    20.8715     7.7535     86.854  33.866788     36.965      6.979   235.4223     5.8512     2.1390     0.0233     -0.181      0.011      0.016        392 1.1052e+03 0.0000e+00
     -0.046    20.8904     7.7546     86.867  33.888507     36.946      6.989   235.4223     5.8512     2.0719     0.0233     -0.226     -0.031     -0.046        393 1.1385e+03 0.0000e+00
     -0.047    20.9012     7.7425     86.746  33.929451     36.985      6.993   235.6494     5.8593     2.1524     0.0233     -0.244     -0.039     -0.056        394 1.2115e+03 0.0000e+00
     -0.029    20.9121     7.7467     86.804  33.964100     37.000      6.990   244.1295     5.3215     2.3539     0.0233     -0.231     -0.025     -0.036        395 1.1960e+03 0.0000e+00
     -0.001    20.9200     7.7301     86.621  33.934346     36.962      6.987   239.8137     5.3336     2.2599     0.0233     -0.189     -0.003     -0.004        396 1.2018e+03 0.0000e+00
      0.019    20.9257     7.7188     86.516  33.936820     36.952      6.986   236.7094     5.3296     2.2867     0.0233     -0.125      0.015      0.022        397 1.1951e+03 0.0000e+00
      0.029    20.9297     7.7094     86.440  33.931362     36.946      6.986   236.4066     5.3619     2.3404     0.0233     -0.055      0.025      0.036        398 1.2225e+03 0.0000e+00
      0.028    20.9280     7.7105     86.465  33.941134     36.941      6.980   236.2173     5.1152     2.9447     0.0233      0.004      0.029      0.041        399 1.2394e+03 0.0000e+00
      0.030    20.9265     7.7021     86.383  33.924656     36.938      6.983   235.9902     5.0788     2.9313     0.0233      0.037      0.034      0.050        400 1.2241e+03 0.0000e+00
      0.047    20.9269     7.7048     86.425  33.862901     36.848      6.985   236.1416     5.0788     2.8776     0.0233      0.049      0.048      0.070        401 1.2126e+03 0.0000e+00
      0.070    20.9237     7.7089     86.478  33.929019     36.941      6.986   236.3687     5.1112     2.8507     0.0233      0.050      0.064      0.094        402 1.2026e+03 0.0000e+00
      0.080    20.9240     7.7142     86.540  33.990650     37.001      6.980   236.9744     5.0788     2.1524     0.0233      0.046      0.069      0.101        403 1.2127e+03 0.0000e+00
      0.061    20.9322     7.7226     86.632  33.934480     36.943      6.975   236.2173     5.0869     2.2464     0.0233      0.035      0.053      0.077        404 1.2219e+03 0.0000e+00
      0.022    20.9382     7.7336     86.740  33.939610     36.943      6.982   236.1037     5.0991     2.0316     0.0233      0.016      0.018      0.026        405 1.2046e+03 0.0000e+00
     -0.024    20.9411     7.7410     86.800  33.924953     36.936      6.979   236.6716     5.0788     2.1390     0.0233     -0.009     -0.030     -0.044        406 1.2005e+03 0.0000e+00
     -0.092    20.9538     7.7503     86.883  33.923064     36.901      6.974   236.9744     4.6098     2.1122     0.0233     -0.046     -0.090     -0.131        407 1.1858e+03 0.0000e+00
     -0.162    20.9703     7.7548     86.903  33.971615     36.990      6.980   246.8552     4.6098     2.0719     0.0233     -0.094     -0.145     -0.210        408 1.1819e+03 0.0000e+00
     -0.186    20.9785     7.7543     86.865  33.953495     36.919      6.979   245.2652     4.6219     2.1390     0.0233     -0.135     -0.170     -0.246        409 1.2106e+03 0.0000e+00
     -0.170    20.9852     7.7460     86.754  33.975264     36.966      6.987   247.6502     4.6098     2.1659     0.0233     -0.152     -0.165     -0.240        410 1.2134e+03 0.0000e+00
     -0.151    20.9923     7.7304     86.571  33.944518     36.899      6.988   247.9531     4.6219     2.1659     0.0233     -0.142     -0.151     -0.220        411 1.2161e+03 0.0000e+00
     -0.143    20.9964     7.7082     86.310  33.932442     36.894      6.992   248.5588     2.5435    55.4614     0.0233     -0.112     -0.142     -0.207        412 1.2192e+03 0.0000e+00
     -0.142    20.9980     7.6809     85.968  33.960633     36.918      6.985   248.2559     2.5394    55.4882     0.0233     -0.074     -0.142     -0.206        413 1.2163e+03 0.0000e+00
     -0.150    20.9963     7.6649     85.745  33.939088     36.885      6.967   247.5366     2.5435    55.4748     0.0233     -0.038     -0.146     -0.211        414 1.2232e+03 0.0000e+00
     -0.152    20.9874     7.6481     85.525  33.988910     36.944      6.969   247.5366     2.5273    55.4345     0.0233     -0.006     -0.146     -0.211        415 1.2347e+03 0.0000e+00
     -0.144    20.9746     7.6467     85.490  33.987597     36.945      6.975   247.6123     4.1529     2.3941     0.0233      0.015     -0.139     -0.201        416 1.2303e+03 0.0000e+00
     -0.130    20.9616     7.6407     85.399  33.940722     36.892      6.980   247.2716     4.1650     2.2733     0.0233      0.019     -0.125     -0.181        417 1.2148e+03 0.0000e+00
     -0.108    20.9433     7.6387     85.351  33.958281     36.933      6.980   246.8552     4.1690     2.3404     0.0233      0.020     -0.105     -0.152        418 1.2354e+03 0.0000e+00
     -0.084    20.9250     7.6314     85.256  33.936095     36.912      6.979   245.6059     4.1852     2.3404     0.0233      0.027     -0.082     -0.118        419 1.1975e+03 0.0000e+00
     -0.060    20.9140     7.6220     85.141  33.879373     36.866      6.974   244.2430     4.8079     2.3404     0.0233      0.040     -0.056     -0.080        420 1.2625e+03 0.0000e+00
     -0.026    20.9091     7.6150     85.047  33.880601     36.881      6.970   237.4666     4.7837     2.2599     0.0233      0.059     -0.023     -0.032        421 1.1950e+03 0.0000e+00
      0.017    20.9013     7.6125     85.004  33.875264     36.890      6.975   237.4666     4.8281     2.3404     0.0233      0.082      0.017      0.025        422 1.2636e+03 0.0000e+00
      0.060    20.8799     7.6036     84.892  33.886020     36.894      6.981   237.5423     4.7958     2.2733     0.0233      0.104      0.058      0.085        423 5.5210e+02 0.0000e+00
      0.102    20.8537     7.5912     84.745  33.837562     36.869      6.988   237.5044     5.0788     2.2733     0.0233      0.121      0.098      0.141        424 4.4398e+02 0.0000e+00
      0.136    20.8354     7.5819     84.636  33.757642     36.765      6.985   237.5423     5.1072     2.2867     0.0232      0.134      0.134      0.193        425 1.1659e+03 0.0000e+00
