Data/DataNotYetUploadedToEDI/Raw_CTD/RawDownloads/100118_fcr10.cnv
* Sea-Bird SBE19plus  Data File:
* FileName = C:\DATA\100118_fcr_0001.hex
* Software version 2.6.3.104
* Temperature SN = 7809
* Conductivity SN = 7809
* System UpLoad Time = Oct 01 2018 14:28:14
* <ApplicationData>
* <Seaterm232>
# nquan = 17
# nvalues = 592                         
# units = specified
# name 0 = depFM: Depth [fresh water, m]
# name 1 = tv290C: Temperature [ITS-90, deg C]
# name 2 = sbeox0Mg/L: Oxygen, SBE 43 [mg/l]
# name 3 = sbeox0PS: Oxygen, SBE 43 [% saturation]
# name 4 = c0uS/cm: Conductivity [uS/cm]
# name 5 = specc: Specific Conductance [uS/cm]
# name 6 = ph: pH
# name 7 = orp: Oxidation Reduction Potential [mV]
# name 8 = flECO-AFL: Fluorescence, WET Labs ECO-AFL/FL [mg/m^3]
# name 9 = turbWETntu0: Turbidity, WET Labs ECO [NTU]
# name 10 = sal00: Salinity, Practical [PSU]
# name 11 = dz/dtM: Descent Rate [m/s]
# name 12 = prdM: Pressure, Strain Gauge [db]
# name 13 = prdE: Pressure, Strain Gauge [psi]
# name 14 = scan: Scan Count
# name 15 = par/sat/log: PAR/Logarithmic, Satlantic
# name 16 = flag:  0.000e+00
# span 0 =     -0.466,      2.683       
# span 1 =    20.0218,    23.7865       
# span 2 =     4.6210,     9.1291       
# span 3 =     52.072,    102.370       
# span 4 =  -0.248200,  36.415515       
# span 5 =      0.579,     40.429       
# span 6 =      6.202,      7.782       
# span 7 =    98.1898,  1240.2295       
# span 8 =    -0.1819,     6.8540       
# span 9 =    -0.2512,    55.4882       
# span 10 =     0.0114,     0.0245      
# span 11 =     -0.244,      0.270      
# span 12 =     -0.457,      2.631      
# span 13 =     -0.662,      3.817      
# span 14 =          1,        592      
# span 15 = 1.2720e+01, 1.4451e+03      
# span 16 = 0.0000e+00, 0.0000e+00      
# interval = seconds: 0.25
# start_time = Oct 01 2018 14:10:55 [Instrument's time stamp, header]
# bad_flag = -9.990e-29
*END*
[from data line 171]
      0.272    21.2429     4.7496     53.355  34.890629     37.709      7.078   210.5122     6.5790     2.1524     0.0237      0.002      0.267      0.387        172 4.2840e+01 0.0000e+00
      0.277    21.2352     5.1269     57.505  34.828484     37.648      7.073   215.1687     6.5871     2.1927     0.0237      0.002      0.272      0.394        173 4.3188e+01 0.0000e+00
      0.282    21.2331     5.6961     63.841  34.888234     37.715      7.067   215.0551     6.5790     2.2196     0.0237      0.003      0.276      0.400        174 4.3101e+01 0.0000e+00
      0.284    21.2374     6.3369     70.994  34.875589     37.722      7.067   215.6230     6.5709     2.1122     0.0237      0.004      0.278      0.403        175 4.2716e+01 0.0000e+00
      0.284    21.2433     6.9763     78.137  34.903538     37.723      7.060   215.7744     6.5831     2.1524     0.0237      0.006      0.278      0.403        176 4.3140e+01 0.0000e+00
      0.283    21.2451     7.5573     84.634  34.912767     37.780      7.061   215.8122     6.7165     2.3002     0.0237      0.007      0.278      0.403        177 4.3039e+01 0.0000e+00
      0.284    21.2423     8.0073     89.670  34.864102     37.654      7.057   215.7365     6.7206     2.2196     0.0237      0.008      0.278      0.403        178 4.2970e+01 0.0000e+00
      0.284    21.2361     8.3031     92.978  34.845469     37.713      7.058   215.5472     6.7529     2.2599     0.0237      0.008      0.279      0.404        179 4.2949e+01 0.0000e+00
      0.286    21.2271     8.4572     94.700  34.876641     37.655      7.057   212.2158     6.7570     2.3136     0.0237      0.005      0.280      0.407        180 4.2700e+01 0.0000e+00
      0.288    21.1741     8.4520     94.636  34.765998     37.660      7.059   215.6230     6.6154     2.3404     0.0237      0.004      0.282      0.409        181 4.2656e+01 0.0000e+00
      0.289    21.0697     8.3766     93.788  34.271407     37.003      7.061   216.1151     6.6437     2.3539     0.0234      0.003      0.284      0.411        182 4.2461e+01 0.0000e+00
      0.290    20.9892     8.2716     92.610  34.038992     36.892      7.063   215.7744     6.6154     2.3807     0.0234      0.004      0.285      0.413        183 4.2434e+01 0.0000e+00
      0.291    20.9505     8.1574     91.331  34.076602     36.949      7.059   215.8501     6.6154     2.3136     0.0234      0.005      0.286      0.414        184 4.2798e+01 0.0000e+00
      0.293    20.9291     8.0492     90.117  34.076363     37.073      7.061   215.7744     6.4092     2.1659     0.0234      0.005      0.287      0.416        185 4.2784e+01 0.0000e+00
      0.293    20.9165     7.9743     89.274  34.068981     37.044      7.057   215.8501     6.3971     2.2330     0.0234      0.005      0.287      0.416        186 4.2955e+01 0.0000e+00
      0.292    20.9099     7.8937     88.362  34.026498     37.060      7.054   216.3044     6.4213     2.1390     0.0234      0.004      0.286      0.415        187 4.3381e+01 0.0000e+00
      0.290    20.9075     7.8300     87.644  34.069931     37.071      7.052   216.3422     6.4132     2.2599     0.0234      0.003      0.285      0.413        188 4.3538e+01 0.0000e+00
      0.289    20.9056     7.7889     87.187  34.163216     37.228      7.054   216.2287     6.4092     2.2196     0.0234      0.001      0.284      0.412        189 4.3759e+01 0.0000e+00
      0.289    20.9035     7.7429     86.684  34.118002     37.139      7.056   216.4180     6.4052     2.2196     0.0234     -0.001      0.283      0.411        190 4.3901e+01 0.0000e+00
      0.288    20.9005     7.7130     86.363  34.096544     37.140      7.056   216.3801     6.4254     2.2464     0.0234     -0.002      0.283      0.411        191 4.3806e+01 0.0000e+00
      0.290    20.8984     7.6825     86.030  34.100951     37.142      7.060   216.3422     6.3971     2.1122     0.0234     -0.002      0.284      0.413        192 4.3585e+01 0.0000e+00
      0.292    20.8970     7.6553     85.728  34.112518     37.145      7.064   216.6830     6.5305     2.1659     0.0234     -0.002      0.286      0.415        193 4.3441e+01 0.0000e+00
      0.293    20.8965     7.6454     85.619  34.141463     37.207      7.061   216.9101     6.5063     2.1122     0.0234     -0.000      0.287      0.416        194 4.3331e+01 0.0000e+00
      0.293    20.8953     7.6379     85.528  34.094585     37.117      7.058   216.4180     6.5305     2.1390     0.0234      0.001      0.288      0.417        195 4.3330e+01 0.0000e+00
      0.294    20.8920     7.6396     85.538  34.081889     37.147      7.058   216.4937     6.5629     2.1659     0.0234      0.003      0.289      0.419        196 4.3403e+01 0.0000e+00
      0.295    20.8872     7.6342     85.471  34.068296     37.088      7.056   216.5315     6.7529     2.4210     0.0234      0.003      0.289      0.420        197 4.3101e+01 0.0000e+00
      0.296    20.8842     7.6373     85.501  34.081848     37.151      7.057   216.5694     6.7367     2.2599     0.0234      0.004      0.290      0.421        198 4.3255e+01 0.0000e+00
      0.297    20.8863     7.6360     85.486  34.065027     37.094      7.057   216.9858     6.7367     2.3270     0.0234      0.004      0.291      0.422        199 4.3379e+01 0.0000e+00
      0.297    20.8930     7.6315     85.447  34.089231     37.158      7.056   215.5472     6.7206     2.3539     0.0234      0.003      0.291      0.422        200 4.3327e+01 0.0000e+00
      0.297    20.9010     7.6331     85.477  34.081382     37.126      7.059   217.6294     6.7165     2.2733     0.0234      0.003      0.291      0.422        201 4.3582e+01 0.0000e+00
      0.297    20.9062     7.6376     85.536  34.045137     37.089      7.055   217.4022     6.7327     2.3673     0.0234      0.002      0.291      0.422        202 4.3705e+01 0.0000e+00
      0.297    20.9084     7.6389     85.552  34.104681     37.144      7.057   217.7430     6.7206     2.3270     0.0234      0.002      0.291      0.422        203 4.4083e+01 0.0000e+00
      0.296    20.9088     7.6439     85.595  34.096247     37.140      7.054   217.5158     6.7206     2.2733     0.0234      0.001      0.291      0.421        204 4.4401e+01 0.0000e+00
      0.296    20.9052     7.6424     85.559  34.055629     37.077      7.054   217.8187     6.7367     2.3136     0.0234      0.001      0.291      0.421        205 4.4612e+01 0.0000e+00
      0.296    20.8995     7.6392     85.513  34.066258     37.107      7.056   218.0837     6.6073     2.2196     0.0234     -0.000      0.290      0.420        206 4.4950e+01 0.0000e+00
      0.295    20.8955     7.6277     85.383  34.053365     37.080      7.054   218.1973     6.6073     2.2733     0.0234     -0.001      0.290      0.420        207 4.4931e+01 0.0000e+00
      0.295    20.8927     7.6152     85.259  34.042021     37.084      7.053   217.7430     6.6073     2.1927     0.0234     -0.001      0.290      0.421        208 4.4562e+01 0.0000e+00
      0.297    20.8930     7.6016     85.130  34.050721     37.088      7.056   218.2351     6.5871     2.1390     0.0234     -0.001      0.291      0.422        209 4.3960e+01 0.0000e+00
      0.299    20.8992     7.5939     85.064  34.042539     37.090      7.061   218.0458     6.4335     2.2733     0.0234      0.000      0.293      0.424        210 4.3588e+01 0.0000e+00
      0.300    20.9065     7.5900     85.031  34.052204     37.090      7.059   218.5380     6.4496     2.3002     0.0234      0.001      0.294      0.426        211 4.3492e+01 0.0000e+00
      0.300    20.9115     7.5895     85.020  34.068348     37.115      7.063   218.8408     6.4254     2.2196     0.0234      0.002      0.294      0.426        212 4.3603e+01 0.0000e+00
      0.300    20.9126     7.5969     85.082  34.052101     37.079      7.062   218.3865     6.4496     2.1524     0.0234      0.003      0.294      0.426        213 4.3863e+01 0.0000e+00
      0.300    20.9051     7.6042     85.153  34.042765     37.075      7.059   218.5001     6.3607     2.2464     0.0234      0.003      0.294      0.426        214 4.4210e+01 0.0000e+00
      0.299    20.8938     7.6193     85.321  34.050310     37.074      7.058   218.9544     6.3566     2.4210     0.0234      0.003      0.294      0.426        215 4.4949e+01 0.0000e+00
      0.299    20.8867     7.6275     85.407  34.042711     37.080      7.058   218.9923     6.3728     2.3136     0.0234      0.002      0.294      0.426        216 4.5552e+01 0.0000e+00
      0.299    20.8868     7.6345     85.480  34.052224     37.089      7.060   218.7651     6.3607     2.2733     0.0234      0.001      0.294      0.427        217 4.5671e+01 0.0000e+00
      0.301    20.8959     7.6333     85.462  34.068130     37.125      7.063   219.2194     6.2960     2.1793     0.0234      0.000      0.295      0.428        218 4.5334e+01 0.0000e+00
      0.301    20.9096     7.6346     85.479  34.052574     37.095      7.062   219.2194     6.2758     2.1122     0.0234      0.000      0.296      0.429        219 4.5071e+01 0.0000e+00
      0.302    20.9215     7.6379     85.525  34.041929     37.087      7.063   219.2194     6.2919     2.1256     0.0234      0.001      0.297      0.430        220 4.4735e+01 0.0000e+00
      0.302    20.9285     7.6285     85.432  34.051720     37.076      7.065   219.2573     6.3283     2.1927     0.0234      0.002      0.297      0.430        221 4.4375e+01 0.0000e+00
      0.302    20.9250     7.6253     85.412  34.040384     37.066      7.063   219.6737     6.3122     2.1390     0.0234      0.002      0.296      0.429        222 4.4151e+01 0.0000e+00
      0.301    20.9131     7.6229     85.394  34.056030     37.061      7.063   219.6358     6.5305     2.2733     0.0234      0.002      0.296      0.429        223 4.3951e+01 0.0000e+00
      0.302    20.9062     7.6286     85.442  34.121214     37.155      7.064   220.0144     6.5305     2.3002     0.0234      0.001      0.296      0.429        224 4.4043e+01 0.0000e+00
      0.301    20.9051     7.6364     85.501  34.048235     37.074      7.064   219.6358     6.5386     2.3136     0.0234      0.001      0.296      0.429        225 4.3966e+01 0.0000e+00
      0.302    20.9025     7.6347     85.449  33.998575     37.018      7.064   219.9765     6.5709     2.3404     0.0233      0.000      0.297      0.430        226 4.3824e+01 0.0000e+00
      0.303    20.8988     7.6354     85.426  34.034738     37.080      7.064   220.3551     6.5346     2.2464     0.0234      0.000      0.298      0.432        227 4.3744e+01 0.0000e+00
      0.303    20.8961     7.6299     85.347  34.003233     37.021      7.064   220.2037     6.5305     2.3270     0.0233      0.001      0.298      0.432        228 4.4218e+01 0.0000e+00
      0.303    20.8972     7.6273     85.316  34.037783     37.085      7.060   220.3551     6.5548     2.3673     0.0234      0.001      0.298      0.432        229 4.4148e+01 0.0000e+00
      0.305    20.9028     7.6210     85.255  34.080710     37.117      7.059   220.3173     6.5629     2.3539     0.0234      0.002      0.299      0.433        230 4.4004e+01 0.0000e+00
      0.306    20.9106     7.6179     85.217  34.038780     37.086      7.056   217.9701     6.7287     2.1659     0.0234      0.002      0.300      0.435        231 4.3988e+01 0.0000e+00
      0.307    20.9200     7.6122     85.133  34.060308     37.082      7.058   219.2573     6.7206     2.1793     0.0234      0.003      0.302      0.438        232 4.3015e+01 0.0000e+00
      0.311    20.9246     7.6153     85.147  34.083573     37.136      7.056   220.8851     6.7206     2.1390     0.0234      0.004      0.305      0.443        233 4.3167e+01 0.0000e+00
      0.314    20.9154     7.6136     85.099  34.009825     37.007      7.052   218.6515     6.7529     2.1927     0.0233      0.005      0.306      0.445        234 4.3890e+01 0.0000e+00
      0.312    20.8983     7.6114     85.056  33.974146     37.003      7.042   221.4530     6.4779     2.1122     0.0233      0.006      0.306      0.444        235 4.4907e+01 0.0000e+00
      0.311    20.8786     7.6045     84.970  33.979694     36.980      7.028   217.8944     6.4779     2.1390     0.0233      0.005      0.306      0.443        236 4.5803e+01 0.0000e+00
      0.311    20.8603     7.5869     84.771  33.973270     37.024      7.021   217.4780     6.4699     2.0987     0.0233      0.005      0.306      0.444        237 4.5142e+01 0.0000e+00
      0.314    20.8502     7.5725     84.604  33.952491     36.979      7.020   217.8187     6.4618     2.1390     0.0233      0.004      0.307      0.446        238 4.4839e+01 0.0000e+00
      0.315    20.8493     7.5585     84.450  33.975903     37.055      7.016   218.0080     6.7367     2.2196     0.0233      0.003      0.308      0.447        239 4.6555e+01 0.0000e+00
      0.312    20.8542     7.5505     84.376  33.944141     37.002      7.018   217.4780     6.7933     2.1927     0.0233      0.002      0.310      0.450        240 4.6504e+01 0.0000e+00
      0.324    20.8523     7.5490     84.378  33.932713     37.003      7.025   217.4780     6.7367     2.1927     0.0233      0.003      0.319      0.463        241 4.3724e+01 0.0000e+00
      0.342    20.8410     7.5520     84.430  33.901159     36.969      7.026   217.6294     6.7489     2.0853     0.0233      0.010      0.332      0.482        242 4.2335e+01 0.0000e+00
      0.351    20.8275     7.5670     84.601  33.835130     36.878      7.017   218.0458     6.7448     2.1659     0.0233      0.018      0.341      0.494        243 4.3206e+01 0.0000e+00
      0.349    20.8114     7.5886     84.809  33.807299     36.888      6.988   222.0965     6.3607     2.3807     0.0233      0.022      0.343      0.497        244 4.3987e+01 0.0000e+00
      0.349    20.7993     7.6086     85.013  33.757866     36.807      6.946   218.8030     6.3445     2.2464     0.0232      0.023      0.343      0.498        245 4.3390e+01 0.0000e+00
      0.351    20.7949     7.6178     85.110  33.807687     36.912      6.932   219.8630     6.3485     2.3673     0.0233      0.023      0.344      0.499        246 4.3765e+01 0.0000e+00
      0.352    20.7926     7.6185     85.112  33.834269     36.921      6.940   218.3865     6.3566     2.2867     0.0233      0.021      0.344      0.500        247 4.4863e+01 0.0000e+00
      0.353    20.7895     7.6142     85.065  33.843412     36.956      6.957   218.6894     6.8338     2.1793     0.0233      0.017      0.344      0.499        248 4.6846e+01 0.0000e+00
      0.349    20.7911     7.5985     84.901  33.825969     36.927      6.968   222.9294     6.8540     2.2733     0.0233      0.009      0.340      0.492        249 4.9674e+01 0.0000e+00
      0.336    20.8002     7.5945     84.874  33.826324     36.930      6.979   220.3551     6.8540     2.1659     0.0233     -0.001      0.331      0.479        250 5.2258e+01 0.0000e+00
      0.327    20.8111     7.5909     84.845  33.872626     36.989      6.973   219.6737     6.8378     2.1659     0.0233     -0.009      0.322      0.467        251 5.5455e+01 0.0000e+00
      0.322    20.8228     7.5956     84.895  33.886967     36.982      6.963   219.5980     6.5426    13.9825     0.0233     -0.013      0.317      0.460        252 5.8599e+01 0.0000e+00
      0.319    20.8235     7.6032     84.972  33.897439     37.003      6.962   219.6358     6.5426    13.8750     0.0233     -0.018      0.314      0.455        253 6.0631e+01 0.0000e+00
      0.319    20.8055     7.6062     85.003  33.889244     36.964      6.972   223.0430     6.5669    13.9287     0.0233     -0.020      0.314      0.455        254 6.2205e+01 0.0000e+00
      0.322    20.7926     7.6096     85.046  33.808194     36.901      6.988   219.9387     6.5386    13.9825     0.0233     -0.019      0.316      0.459        255 6.2704e+01 0.0000e+00
