Data/DataNotYetUploadedToEDI/Raw_CTD/RawDownloads/100118_fcr50.cnv
* Sea-Bird SBE19plus  Data File:
* FileName = C:\DATA\100118_fcr_0005.hex
* Software version 2.6.3.104
* Temperature SN = 7809
* Conductivity SN = 7809
* System UpLoad Time = Oct 01 2018 14:30:00
* <ApplicationData>
* <Seaterm232>
# nquan = 17
# nvalues = 782                         
# units = specified
# name 0 = depFM: Depth [fresh water, m]
# name 1 = tv290C: Temperature [ITS-90, deg C]
# name 2 = sbeox0Mg/L: Oxygen, SBE 43 [mg/l]
# name 3 = sbeox0PS: Oxygen, SBE 43 [% saturation]
# name 4 = c0uS/cm: Conductivity [uS/cm]
# name 5 = specc: Specific Conductance [uS/cm]
# name 6 = ph: pH
# name 7 = orp: Oxidation Reduction Potential [mV]
# name 8 = flECO-AFL: Fluorescence, WET Labs ECO-AFL/FL [mg/m^3]
# name 9 = turbWETntu0: Turbidity, WET Labs ECO [NTU]
# name 10 = sal00: Salinity, Practical [PSU]
# name 11 = dz/dtM: Descent Rate [m/s]
# name 12 = prdM: Pressure, Strain Gauge [db]
# name 13 = prdE: Pressure, Strain Gauge [psi]
# name 14 = scan: Scan Count
# name 15 = par/sat/log: PAR/Logarithmic, Satlantic
# name 16 = flag:  0.000e+00
# span 0 =     -0.463,      9.867       
# span 1 =    12.7857,    24.8609       
# span 2 =     0.0798,     9.0004       
# span 3 =      0.758,    101.602       
# span 4 =  -1.102902, 224.456336       
# span 5 =     -1.028,    300.078       
# span 6 =      6.276,      8.067       
# span 7 =    42.2367,  1240.2295       
# span 8 =    -0.2021,     6.9430       
# span 9 =    -0.3854,    32.6607       
# span 10 =     0.0000,     0.1423      
# span 11 =     -0.145,      0.241      
# span 12 =     -0.454,      9.676      
# span 13 =     -0.658,     14.034      
# span 14 =          1,        782      
# span 15 = 1.2363e-01, 9.6423e+02      
# span 16 = 0.0000e+00, 0.0000e+00      
# interval = seconds: 0.25
# start_time = Oct 01 2018 16:48:50 [Instrument's time stamp, header]
# bad_flag = -9.990e-29
*END*
[from data line 341]
      1.194    20.8466     7.2068     80.792  34.153417     37.240      7.041   233.3780     3.5584     2.0987     0.0234      0.012      1.176      1.704        342 1.0961e+02 0.0000e+00
      1.235    20.8359     7.2191     80.947  34.158555     37.240      7.034   233.8323     3.5706     2.1256     0.0234      0.031      1.208      1.750        343 1.1693e+02 0.0000e+00
      1.263    20.8320     7.2388     81.174  34.104328     37.188      7.024   234.5894     3.5908     2.2733     0.0234      0.052      1.234      1.789        344 1.1889e+02 0.0000e+00
      1.276    20.8312     7.2617     81.431  34.161593     37.258      7.009   234.6273     3.5706     2.2196     0.0234      0.067      1.249      1.811        345 1.2106e+02 0.0000e+00
      1.282    20.8310     7.2848     81.691  34.176261     37.292      7.003   234.1352     3.5503     2.2196     0.0234      0.075      1.256      1.821        346 1.1991e+02 0.0000e+00
      1.285    20.8295     7.3093     81.968  34.175046     37.261      7.003   234.1352     3.5706     2.2464     0.0234      0.076      1.256      1.821        347 1.1178e+02 0.0000e+00
      1.275    20.8326     7.3255     82.148  34.192762     37.323      7.006   233.5294     3.5787     2.2062     0.0234      0.067      1.240      1.798        348 1.1377e+02 0.0000e+00
      1.233    20.8569     7.3449     82.362  34.124556     37.202      7.015   233.5294     3.7161     2.1122     0.0234      0.041      1.199      1.740        349 1.1701e+02 0.0000e+00
      1.162    20.8979     7.3551     82.469  34.200615     37.322      7.021   233.7944     3.6878     2.0450     0.0234     -0.006      1.139      1.653        350 1.0974e+02 0.0000e+00
      1.091    20.9360     7.3615     82.535  34.246384     37.332      7.023   233.8323     3.7161     2.1524     0.0234     -0.063      1.080      1.567        351 1.0653e+02 0.0000e+00
      1.051    20.9619     7.3600     82.510  34.215866     37.268      7.032   234.2866     3.6838     2.2062     0.0234     -0.111      1.043      1.513        352 1.0716e+02 0.0000e+00
      1.049    20.9734     7.3604     82.512  34.208921     37.237      7.024   234.3244     3.4452     2.1927     0.0234     -0.137      1.032      1.496        353 1.0646e+02 0.0000e+00
      1.053    20.9769     7.3612     82.518  34.225353     37.216      7.015   234.4002     3.4573     2.2464     0.0234     -0.145      1.032      1.497        354 1.0611e+02 0.0000e+00
      1.054    20.9778     7.3592     82.496  34.284373     37.298      7.007   234.2866     3.4412     2.2196     0.0235     -0.136      1.034      1.499        355 1.0545e+02 0.0000e+00
      1.056    20.9780     7.3580     82.485  34.313404     37.295      7.003   233.9080     3.4573     2.2733     0.0235     -0.110      1.037      1.503        356 1.0486e+02 0.0000e+00
      1.061    20.9788     7.3514     82.417  34.278191     37.295      7.005   234.7409     3.6312     2.2464     0.0235     -0.070      1.041      1.509        357 1.0420e+02 0.0000e+00
      1.065    20.9787     7.3440     82.336  34.239225     37.203      7.009   234.6273     3.6474     2.2330     0.0234     -0.030      1.046      1.517        358 1.0388e+02 0.0000e+00
      1.073    20.9758     7.3343     82.225  34.272927     37.294      7.007   234.9302     3.6272     2.2599     0.0235     -0.000      1.051      1.525        359 1.0303e+02 0.0000e+00
      1.078    20.9719     7.3212     82.077  34.236250     37.203      7.007   235.0816     3.6393     2.2464     0.0234      0.014      1.056      1.532        360 1.0242e+02 0.0000e+00
      1.079    20.9677     7.3117     81.967  34.195901     37.205      7.005   234.4380     3.6797     2.2330     0.0234      0.016      1.060      1.536        361 1.0199e+02 0.0000e+00
      1.084    20.9633     7.3110     81.954  34.234173     37.208      7.013   234.3623     3.7040     2.2464     0.0234      0.017      1.063      1.541        362 1.0118e+02 0.0000e+00
      1.088    20.9607     7.3116     81.955  34.277593     37.303      7.011   235.2709     3.7121     2.2867     0.0235      0.018      1.066      1.546        363 1.0067e+02 0.0000e+00
      1.088    20.9597     7.3121     81.951  34.230834     37.215      7.013   235.0816     3.7000     2.2733     0.0234      0.017      1.068      1.549        364 1.0056e+02 0.0000e+00
      1.091    20.9599     7.3200     82.025  34.203395     37.217      7.019   235.0816     3.6878     2.1256     0.0234      0.015      1.070      1.553        365 1.0021e+02 0.0000e+00
      1.095    20.9618     7.3278     82.103  34.222775     37.218      7.020   235.0816     3.7000     2.1122     0.0234      0.013      1.073      1.557        366 9.9735e+01 0.0000e+00
      1.097    20.9652     7.3339     82.169  34.206718     37.218      7.020   235.0816     3.7000     2.1390     0.0234      0.011      1.075      1.560        367 9.9670e+01 0.0000e+00
      1.097    20.9662     7.3318     82.142  34.223378     37.217      7.018   235.3844     3.6919     2.0182     0.0234      0.010      1.075      1.560        368 9.9623e+01 0.0000e+00
      1.097    20.9647     7.3158     81.963  34.231697     37.244      7.018   234.7409     3.7081     2.0584     0.0234      0.008      1.075      1.560        369 9.9426e+01 0.0000e+00
      1.098    20.9637     7.2969     81.756  34.226019     37.213      7.017   235.5737     3.6393     2.1122     0.0234      0.007      1.076      1.560        370 9.9363e+01 0.0000e+00
      1.097    20.9617     7.2707     81.466  34.200786     37.214      7.017   235.2709     3.6231     2.2196     0.0234      0.005      1.076      1.560        371 9.9265e+01 0.0000e+00
      1.097    20.9585     7.2494     81.233  34.233443     37.215      7.017   235.5737     3.6474     2.1122     0.0234      0.004      1.076      1.561        372 9.9135e+01 0.0000e+00
      1.098    20.9550     7.2256     80.972  34.274349     37.308      7.020   235.4602     3.6595     2.0719     0.0235      0.002      1.077      1.562        373 9.9158e+01 0.0000e+00
      1.100    20.9489     7.2155     80.857  34.238849     37.219      7.021   235.4980     3.7687     2.2196     0.0234      0.002      1.079      1.565        374 9.8985e+01 0.0000e+00
      1.102    20.9400     7.2030     80.717  34.277623     37.313      7.020   234.3623     3.7889     2.2733     0.0235      0.002      1.081      1.567        375 9.8802e+01 0.0000e+00
      1.103    20.9343     7.2046     80.733  34.226097     37.227      7.024   235.0059     3.7444     2.2062     0.0234      0.003      1.082      1.569        376 9.8224e+01 0.0000e+00
      1.103    20.9324     7.2110     80.805  34.214006     37.234      7.026   234.8923     3.7525     2.2330     0.0234      0.004      1.082      1.569        377 9.7146e+01 0.0000e+00
      1.103    20.9303     7.2295     81.013  34.292674     37.330      7.023   234.8923     3.8051     2.2733     0.0235      0.004      1.082      1.569        378 9.6360e+01 0.0000e+00
      1.104    20.9307     7.2523     81.269  34.217169     37.240      7.026   235.5737     3.8294     2.2733     0.0234      0.004      1.082      1.570        379 9.6600e+01 0.0000e+00
      1.105    20.9333     7.2616     81.374  34.219004     37.242      7.027   235.7630     3.8213     2.3404     0.0234      0.004      1.083      1.571        380 9.7904e+01 0.0000e+00
      1.104    20.9361     7.2748     81.517  34.290390     37.333      7.026   234.2866     3.8091     2.3404     0.0235      0.003      1.083      1.571        381 9.7493e+01 0.0000e+00
      1.104    20.9401     7.2807     81.572  34.217299     37.240      7.028   234.6273     3.9709     2.3270     0.0234      0.002      1.083      1.571        382 9.6036e+01 0.0000e+00
      1.105    20.9426     7.2866     81.629  34.161683     37.176      7.027   234.5516     3.9345     2.2062     0.0234      0.001      1.084      1.572        383 9.5367e+01 0.0000e+00
      1.107    20.9424     7.2876     81.629  34.211320     37.234      7.029   235.1952     3.9426     2.2733     0.0234      0.002      1.085      1.574        384 9.4496e+01 0.0000e+00
      1.108    20.9414     7.2836     81.577  34.214837     37.232      7.027   234.7409     3.9547     2.2330     0.0234      0.002      1.086      1.576        385 9.3724e+01 0.0000e+00
      1.108    20.9408     7.2863     81.607  34.216618     37.232      7.026   235.6494     3.8213     2.3136     0.0234      0.003      1.087      1.576        386 9.3455e+01 0.0000e+00
      1.108    20.9410     7.2812     81.553  34.298072     37.324      7.026   235.3466     3.8253     2.3136     0.0235      0.002      1.087      1.576        387 9.3338e+01 0.0000e+00
      1.109    20.9416     7.2752     81.491  34.291406     37.325      7.024   234.7409     3.8213     2.3270     0.0235      0.002      1.087      1.577        388 9.3072e+01 0.0000e+00
      1.109    20.9419     7.2714     81.453  34.224914     37.233      7.019   234.9302     3.8294     2.2733     0.0234      0.003      1.087      1.577        389 9.2946e+01 0.0000e+00
      1.109    20.9422     7.2669     81.402  34.202883     37.233      7.018   234.7787     3.8294     2.2867     0.0234      0.002      1.087      1.577        390 9.3042e+01 0.0000e+00
      1.109    20.9390     7.2596     81.319  34.229854     37.233      7.014   235.2330     3.9588     2.2464     0.0234      0.002      1.088      1.578        391 9.3016e+01 0.0000e+00
      1.109    20.9325     7.2581     81.305  34.280317     37.323      7.011   236.1794     3.9709     2.3136     0.0235      0.001      1.088      1.578        392 9.3021e+01 0.0000e+00
      1.110    20.9264     7.2634     81.367  34.229050     37.235      7.010   235.7630     3.9385     2.3136     0.0234      0.001      1.089      1.579        393 9.3144e+01 0.0000e+00
      1.112    20.9198     7.2670     81.392  34.204687     37.240      7.008   236.1794     3.9345     2.3673     0.0234      0.001      1.090      1.581        394 9.3207e+01 0.0000e+00
      1.112    20.9154     7.2715     81.400  34.221672     37.245      7.009   235.5737     3.7768     2.2196     0.0234      0.002      1.090      1.581        395 9.3373e+01 0.0000e+00
      1.111    20.9150     7.2700     81.341  34.207917     37.251      7.010   235.0816     3.7485     2.0987     0.0234      0.001      1.090      1.581        396 9.3541e+01 0.0000e+00
      1.112    20.9171     7.2639     81.260  34.221808     37.254      7.011   235.6494     3.7364     2.1390     0.0234      0.001      1.091      1.582        397 9.3450e+01 0.0000e+00
      1.115    20.9203     7.2503     81.115  34.234044     37.285      7.013   236.9744     3.7525     2.1256     0.0234      0.002      1.093      1.586        398 9.3335e+01 0.0000e+00
      1.118    20.9223     7.2406     81.004  34.222347     37.253      7.014   237.0502     4.0639     2.0719     0.0234      0.003      1.095      1.590        399 9.3598e+01 0.0000e+00
      1.119    20.9224     7.2313     80.891  34.206707     37.250      7.015   237.0502     4.0679     2.1390     0.0234      0.004      1.097      1.591        400 9.3835e+01 0.0000e+00
      1.119    20.9218     7.2253     80.815  34.223848     37.248      7.015   236.4823     4.0760     2.1927     0.0234      0.005      1.097      1.591        401 9.3883e+01 0.0000e+00
      1.119    20.9234     7.2251     80.802  34.201013     37.248      7.013   236.4066     4.0922     2.0182     0.0234      0.005      1.097      1.592        402 9.4341e+01 0.0000e+00
      1.119    20.9250     7.2220     80.746  34.175813     37.188      7.013   236.4444     3.9588     2.1390     0.0234      0.005      1.100      1.595        403 9.4352e+01 0.0000e+00
      1.123    20.9154     7.2139     80.617  34.225554     37.278      7.017   236.7094     3.9466     2.1390     0.0234      0.005      1.112      1.613        404 9.3374e+01 0.0000e+00
      1.159    20.8893     7.2050     80.466  34.228080     37.246      7.015   239.0945     3.9709     2.1122     0.0234      0.014      1.147      1.664        405 9.1195e+01 0.0000e+00
      1.230    20.8626     7.1824     80.175  34.202326     37.254      7.001   238.6780     3.9224     2.1659     0.0234      0.039      1.205      1.748        406 8.9076e+01 0.0000e+00
      1.297    20.8549     7.1459     79.733  34.168641     37.214      6.995   238.4887     3.8132     2.2464     0.0234      0.074      1.264      1.834        407 8.8686e+01 0.0000e+00
      1.339    20.8585     7.0598     78.739  34.151389     37.236      6.996   238.2237     3.8132     2.3136     0.0234      0.110      1.312      1.904        408 8.8897e+01 0.0000e+00
      1.380    20.8575     6.8989     76.920  34.164497     37.242      6.995   238.4509     3.8577     2.2464     0.0234      0.142      1.355      1.966        409 8.7265e+01 0.0000e+00
      1.428    20.8518     6.6173     73.765  34.181990     37.270      6.990   237.8452     3.8213     2.3002     0.0234      0.169      1.399      2.029        410 8.6230e+01 0.0000e+00
      1.470    20.8461     6.2565     69.739  34.218587     37.301      6.988   238.3752     3.8294     2.2599     0.0234      0.188      1.441      2.090        411 8.5939e+01 0.0000e+00
      1.509    20.8394     5.7964     64.618  34.148608     37.245      6.983   238.5645     3.7444     2.2599     0.0234      0.193      1.480      2.146        412 8.2815e+01 0.0000e+00
      1.547    20.8263     5.2965     59.065  34.120799     37.189      6.980   238.4130     3.7808     2.2464     0.0234      0.185      1.516      2.199        413 8.0360e+01 0.0000e+00
      1.581    20.8009     4.8104     53.663  34.134575     37.255      6.978   238.6023     3.7606     2.3002     0.0234      0.169      1.550      2.248        414 7.7917e+01 0.0000e+00
      1.612    20.7693     4.3956     49.035  34.190782     37.265      6.976   238.6780     3.7525     2.2733     0.0234      0.157      1.581      2.293        415 7.6235e+01 0.0000e+00
      1.643    20.7442     4.1661     46.463  34.466045     37.652      6.977   236.7852     3.7566     2.0584     0.0236      0.150      1.611      2.337        416 7.4463e+01 0.0000e+00
      1.673    20.7225     4.1322     46.073  34.652060     37.831      6.978   237.1259     3.7566     2.0719     0.0236      0.142      1.642      2.381        417 7.0251e+01 0.0000e+00
      1.706    20.7012     4.2473     47.345  34.760028     38.004      6.977   237.3909     3.7606     2.1927     0.0237      0.134      1.673      2.426        418 6.8319e+01 0.0000e+00
      1.740    20.6848     4.4169     49.236  34.835858     38.084      6.979   238.2237     3.7768     2.1256     0.0237      0.130      1.701      2.466        419 6.7355e+01 0.0000e+00
      1.758    20.6743     4.5597     50.838  34.824615     38.101      6.969   238.2616     3.8213     2.1390     0.0237      0.123      1.717      2.491        420 6.5733e+01 0.0000e+00
      1.757    20.6715     4.6132     51.432  34.774031     38.054      6.969   237.8830     3.8253     2.2330     0.0237      0.110      1.721      2.496        421 6.5258e+01 0.0000e+00
      1.751    20.6777     4.6025     51.301  34.780189     38.063      6.966   236.1794     3.8253     2.3673     0.0237      0.092      1.716      2.489        422 6.5424e+01 0.0000e+00
      1.742    20.6945     4.5722     50.952  34.757641     38.065      6.967   236.2173     3.8172     2.3404     0.0237      0.070      1.709      2.480        423 6.5255e+01 0.0000e+00
      1.736    20.7109     4.5002     50.139  34.594494     37.846      6.966   236.4066     3.7161     2.1390     0.0236      0.045      1.708      2.477        424 6.4213e+01 0.0000e+00
      1.748    20.7108     4.4115     49.144  34.568025     37.832      6.966   237.2394     3.7040     2.0450     0.0236      0.025      1.716      2.489        425 6.3606e+01 0.0000e+00
