Data/DataNotYetUploadedToEDI/Raw_CTD/RawDownloads/100120_bvr50_0001.cnv
* Sea-Bird SBE19plus  Data File:
* FileName = C:\DATA\100120_fcr50_0001.hex
* Software version 2.8.0.119
* Temperature SN = 7809
* Conductivity SN = 7809
* System UpLoad Time = Oct 01 2020 13:52:21
* <ApplicationData>
* <Seaterm232>
# nquan = 16
# nvalues = 2364                        
# units = specified
# name 0 = depFM: Depth [fresh water, m]
# name 1 = dz/dtM: Descent Rate [m/s]
# name 2 = sbeox0ML/L: Oxygen, SBE 43 [ml/l]
# name 3 = sbeox0PS: Oxygen, SBE 43 [% saturation]
# name 4 = specc: Specific Conductance [uS/cm]
# name 5 = c0uS/cm: Conductivity [uS/cm]
# name 6 = flECO-AFL: Fluorescence, WET Labs ECO-AFL/FL [mg/m^3]
# name 7 = ph: pH
# name 8 = orp: Oxidation Reduction Potential [mV]
# name 9 = par/sat/log: PAR/Logarithmic, Satlantic
# name 10 = turbWETntu0: Turbidity, WET Labs ECO [NTU]
# name 11 = prdM: Pressure, Strain Gauge [db]
# name 12 = prdE: Pressure, Strain Gauge [psi]
# name 13 = tv290C: Temperature [ITS-90, deg C]
# name 14 = density00: Density [density, kg/m^3]
# name 15 = flag:  0.000e+00
# span 0 =     -0.768,     10.366       
# span 1 =     -0.405,      0.251       
# span 2 =     0.0323,     6.3974       
# span 3 =      0.438,     96.271       
# span 4 =      0.922,    166.588       
# span 5 =   0.775069, 116.786878       
# span 6 =    -2.4876,     8.9292       
# span 7 =     15.437,     16.147       
# span 8 =  -130.2820,  1101.2394       
# span 9 = 1.2348e-01, 1.8140e+03       
# span 10 =    -9.3574,    21.3855      
# span 11 =     -0.754,     10.166      
# span 12 =     -1.093,     14.744      
# span 13 =    10.0493,    18.1545      
# span 14 =   998.5805,   999.8073      
# span 15 = 0.0000e+00, 0.0000e+00      
# interval = seconds: 0.25
# start_time = Sep 30 2020 21:00:35 [Instrument's time stamp, header]
# bad_flag = -9.990e-29
*END*
[from data line 362]
      1.254      0.017     3.7394     56.296     27.819  23.962271     7.3536     15.591   180.1464 7.2697e+00     2.9205      1.230      1.784    18.0668   998.6044 0.0000e+00
      1.259      0.019     3.7382     56.168     27.807  23.951883     7.3232     15.592   180.3063 7.2222e+00     2.8616      1.235      1.791    18.0660   998.6046 0.0000e+00
      1.265      0.021     3.7367     56.048     27.821  23.963518     7.3085     15.592   180.5893 7.1607e+00     2.8262      1.241      1.799    18.0657   998.6047 0.0000e+00
      1.270      0.022     3.7307     55.953     27.836  23.976107     7.2340     15.592   180.9016 7.0927e+00     2.8353      1.246      1.806    18.0648   998.6049 0.0000e+00
      1.276      0.022     3.7255     55.869     27.837  23.977251     7.1183     15.592   181.3293 7.0304e+00     2.8687      1.251      1.814    18.0641   998.6050 0.0000e+00
      1.282      0.021     3.7148     55.833     27.838  23.977356     7.0725     15.593   181.4588 6.9577e+00     2.9209      1.258      1.824    18.0638   998.6051 0.0000e+00
      1.288      0.020     3.7068     55.870     27.839  23.977366     7.0616     15.593   181.0906 6.8850e+00     2.9178      1.264      1.833    18.0633   998.6052 0.0000e+00
      1.293      0.020     3.7018     55.949     27.839  23.977365     6.9679     15.592   180.8347 6.8516e+00     2.8651      1.269      1.840    18.0629   998.6053 0.0000e+00
      1.297      0.021     3.6948     56.047     27.839  23.977345     6.8264     15.592   180.8603 6.8225e+00     2.8669      1.272      1.845    18.0624   998.6054 0.0000e+00
      1.301      0.023     3.6913     56.188     27.839  23.977127     6.7620     15.592   180.8834 6.7693e+00     2.9057      1.276      1.850    18.0616   998.6056 0.0000e+00
      1.306      0.026     3.6952     56.404     27.836  23.974725     6.7716     15.592   180.7706 6.7333e+00     2.9232      1.279      1.856    18.0607   998.6058 0.0000e+00
      1.313      0.030     3.7014     56.677     27.806  23.948309     6.8943     15.592   180.8723 6.7004e+00     2.9065      1.286      1.867    18.0605   998.6058 0.0000e+00
      1.323      0.034     3.7067     56.941     27.764  23.911409     7.1300     15.592   181.1668 6.6324e+00     2.8748      1.298      1.883    18.0601   998.6060 0.0000e+00
      1.333      0.037     3.7153     57.193     27.761  23.909094     7.2657     15.593   181.2340 6.5786e+00     2.8834      1.308      1.898    18.0594   998.6062 0.0000e+00
      1.343      0.038     3.7295     57.470     27.775  23.920321     7.2862     15.593   181.4264 6.5388e+00     2.9076      1.316      1.909    18.0591   998.6063 0.0000e+00
      1.354      0.038     3.7505     57.742     27.775  23.920311     7.3489     15.593   181.8587 6.4931e+00     2.8925      1.328      1.925    18.0591   998.6063 0.0000e+00
      1.364      0.037     3.7680     57.983     27.762  23.908979     7.4614     15.592   182.2449 6.4752e+00     2.8728      1.339      1.941    18.0577   998.6066 0.0000e+00
      1.373      0.034     3.7823     58.218     27.763  23.910141     7.5207     15.592   182.3103 6.4603e+00     2.8758      1.347      1.953    18.0567   998.6069 0.0000e+00
      1.382      0.030     3.8025     58.413     27.792  23.934358     7.5230     15.592   181.9606 6.4299e+00     2.8940      1.356      1.967    18.0576   998.6067 0.0000e+00
      1.390      0.025     3.8216     58.528     27.808  23.948098     7.5177     15.592   181.7174 6.4106e+00     2.8866      1.364      1.979    18.0570   998.6068 0.0000e+00
      1.396      0.021     3.8357     58.574     27.810  23.949441     7.4463     15.592   181.6922 6.4059e+00     2.8211      1.370      1.987    18.0558   998.6071 0.0000e+00
      1.399      0.018     3.8524     58.516     27.811  23.950593     7.3282     15.592   181.7418 6.4040e+00     2.8228      1.373      1.991    18.0559   998.6071 0.0000e+00
      1.401      0.017     3.8676     58.360     27.825  23.962030     7.2727     15.592   181.8880 6.4039e+00     2.9067      1.374      1.992    18.0555   998.6072 0.0000e+00
      1.405      0.017     3.8727     58.209     27.824  23.960877     7.2509     15.592   182.1692 6.3974e+00     2.9084      1.376      1.996    18.0549   998.6073 0.0000e+00
      1.410      0.017     3.8783     58.177     27.796  23.936652     7.1704     15.592   182.3879 6.3822e+00     2.8782      1.383      2.005    18.0544   998.6074 0.0000e+00
      1.416      0.018     3.8750     58.306     27.780  23.922816     7.0523     15.592   182.1237 6.3726e+00     2.9194      1.389      2.015    18.0539   998.6075 0.0000e+00
      1.421      0.019     3.8608     58.530     27.778  23.920423     6.9954     15.593   181.9856 6.3846e+00     2.9944      1.394      2.021    18.0540   998.6075 0.0000e+00
      1.425      0.019     3.8486     58.827     27.763  23.907720     6.9979     15.593   182.1806 6.3930e+00     3.0637      1.398      2.027    18.0541   998.6076 0.0000e+00
      1.429      0.019     3.8441     59.246     27.750  23.896065     7.0250     15.592   182.2451 6.3859e+00     3.0703      1.401      2.032    18.0535   998.6077 0.0000e+00
      1.433      0.018     3.8564     59.755     27.761  23.906348     7.0756     15.591   182.3349 6.3982e+00     3.0400      1.405      2.037    18.0533   998.6077 0.0000e+00
      1.439      0.018     3.8718     60.254     27.760  23.905204     7.1134     15.591   182.4919 6.3899e+00     3.0754      1.411      2.046    18.0534   998.6077 0.0000e+00
      1.445      0.018     3.8887     60.683     27.734  23.882237     7.1299     15.591   182.5086 6.3630e+00     3.1203      1.418      2.057    18.0522   998.6080 0.0000e+00
      1.449      0.018     3.9176     61.041     27.734  23.882341     7.1029     15.592   182.4501 6.3775e+00     3.0342      1.422      2.062    18.0516   998.6081 0.0000e+00
      1.453      0.018     3.9545     61.338     27.762  23.906461     7.0353     15.592   182.4734 6.3953e+00     2.8924      1.424      2.066    18.0526   998.6079 0.0000e+00
      1.456      0.019     3.9888     61.560     27.778  23.920184     6.9989     15.592   182.6182 6.4011e+00     2.8819      1.428      2.071    18.0526   998.6080 0.0000e+00
      1.460      0.020     4.0169     61.689     27.780  23.921431     6.9961     15.592   182.8242 6.4099e+00     2.9418      1.431      2.076    18.0513   998.6082 0.0000e+00
      1.465      0.022     4.0402     61.738     27.780  23.921535     7.0020     15.592   182.8130 6.3944e+00     2.9301      1.436      2.083    18.0511   998.6083 0.0000e+00
      1.472      0.024     4.0602     61.733     27.780  23.921441     7.0218     15.592   182.7416 6.3834e+00     2.8776      1.443      2.093    18.0520   998.6081 0.0000e+00
      1.479      0.026     4.0758     61.705     27.779  23.920288     7.0453     15.592   182.8216 6.4070e+00     2.8568      1.451      2.104    18.0519   998.6082 0.0000e+00
      1.486      0.028     4.0836     61.687     27.764  23.907595     7.0667     15.592   182.9191 6.4208e+00     2.8847      1.459      2.114    18.0513   998.6083 0.0000e+00
      1.492      0.029     4.0862     61.660     27.749  23.894806     7.0797     15.591   182.9745 6.4253e+00     2.9058      1.463      2.121    18.0514   998.6083 0.0000e+00
      1.500      0.029     4.0856     61.592     27.747  23.892510     7.1268     15.591   182.9752 6.4324e+00     2.8717      1.470      2.131    18.0513   998.6084 0.0000e+00
      1.510      0.028     4.0822     61.523     27.732  23.879826     7.2168     15.592   182.9274 6.4180e+00     2.8500      1.481      2.147    18.0502   998.6086 0.0000e+00
      1.518      0.027     4.0817     61.503     27.719  23.868286     7.2716     15.592   183.0851 6.4130e+00     2.9176      1.490      2.160    18.0497   998.6088 0.0000e+00
      1.524      0.026     4.0818     61.542     27.733  23.879815     7.2936     15.592   183.3335 6.4130e+00     2.9682      1.495      2.168    18.0507   998.6087 0.0000e+00
      1.529      0.023     4.0753     61.614     27.747  23.892385     7.3963     15.592   183.3486 6.4039e+00     2.9122      1.499      2.174    18.0509   998.6086 0.0000e+00
      1.534      0.020     4.0698     61.695     27.748  23.893434     7.5882     15.591   183.4398 6.4093e+00     2.8594      1.505      2.182    18.0494   998.6089 0.0000e+00
      1.539      0.018     4.0683     61.839     27.747  23.892489     7.7072     15.592   183.7475 6.4166e+00     2.8788      1.511      2.191    18.0489   998.6090 0.0000e+00
      1.544      0.017     4.0713     62.107     27.733  23.880968     7.7183     15.592   183.8856 6.4294e+00     2.9060      1.515      2.197    18.0496   998.6089 0.0000e+00
      1.548      0.014     4.0774     62.427     27.733  23.880978     7.6466     15.593   183.8194 6.4262e+00     2.8793      1.518      2.202    18.0500   998.6089 0.0000e+00
      1.552      0.012     4.0814     62.763     27.748  23.892605     7.5172     15.593   183.8077 6.3960e+00     2.8658      1.523      2.208    18.0501   998.6088 0.0000e+00
      1.555      0.010     4.0870     63.149     27.750  23.894702     7.4505     15.592   183.6584 6.3750e+00     2.9134      1.526      2.213    18.0504   998.6088 0.0000e+00
      1.556      0.010     4.1089     63.502     27.764  23.906337     7.4609     15.592   183.4766 6.3625e+00     2.9396      1.526      2.213    18.0507   998.6087 0.0000e+00
      1.557      0.011     4.1317     63.766     27.764  23.906441     7.5184     15.591   183.5886 6.3415e+00     2.9424      1.527      2.215    18.0503   998.6088 0.0000e+00
      1.560      0.013     4.1497     63.949     27.752  23.895959     7.6020     15.591   183.8071 6.3143e+00     2.9480      1.530      2.219    18.0495   998.6090 0.0000e+00
      1.563      0.016     4.1804     64.024     27.765  23.906441     7.6421     15.592   183.9685 6.2848e+00     2.9041      1.532      2.222    18.0489   998.6091 0.0000e+00
      1.568      0.019     4.2046     63.982     27.765  23.906336     7.6403     15.592   183.9908 6.2393e+00     2.8576      1.537      2.229    18.0490   998.6091 0.0000e+00
      1.574      0.021     4.2203     63.822     27.752  23.894693     7.5712     15.592   183.9053 6.1963e+00     2.8671      1.543      2.238    18.0487   998.6092 0.0000e+00
      1.581      0.022     4.2348     63.558     27.750  23.892500     7.4270     15.592   183.8806 6.1633e+00     2.8472      1.551      2.248    18.0480   998.6094 0.0000e+00
      1.587      0.022     4.2390     63.220     27.735  23.879825     7.3370     15.592   183.7783 6.1244e+00     2.7883      1.557      2.258    18.0478   998.6095 0.0000e+00
      1.592      0.022     4.2368     62.826     27.721  23.868276     7.3216     15.593   183.8723 6.0919e+00     2.7726      1.561      2.263    18.0478   998.6094 0.0000e+00
      1.597      0.022     4.2258     62.406     27.735  23.879701     7.3071     15.593   184.1574 6.0618e+00     2.7946      1.565      2.270    18.0474   998.6095 0.0000e+00
      1.602      0.022     4.2072     61.981     27.749  23.891127     7.2387     15.593   184.1276 6.0144e+00     2.8486      1.571      2.279    18.0467   998.6097 0.0000e+00
      1.608      0.022     4.1852     61.567     27.735  23.879596     7.1233     15.592   184.0292 5.9780e+00     2.9102      1.576      2.287    18.0461   998.6098 0.0000e+00
      1.615      0.023     4.1579     61.200     27.720  23.867120     7.0568     15.592   184.0862 5.9575e+00     2.9219      1.583      2.296    18.0457   998.6099 0.0000e+00
      1.621      0.023     4.1300     60.897     27.720  23.867110     7.0638     15.592   184.1286 5.9155e+00     2.9217      1.592      2.307    18.0449   998.6101 0.0000e+00
      1.626      0.022     4.1015     60.628     27.735  23.879480     7.0938     15.592   184.3693 5.8819e+00     2.9078      1.595      2.313    18.0446   998.6102 0.0000e+00
      1.631      0.021     4.0732     60.382     27.747  23.889849     7.1146     15.593   184.7592 5.8702e+00     2.8912      1.600      2.320    18.0453   998.6101 0.0000e+00
      1.637      0.021     4.0481     60.182     27.719  23.865634     7.1151     15.594   184.7997 5.8535e+00     2.8925      1.606      2.329    18.0455   998.6101 0.0000e+00
      1.642      0.023     4.0294     60.022     27.689  23.840380     7.1193     15.594   185.0305 5.8408e+00     2.8549      1.611      2.337    18.0450   998.6102 0.0000e+00
      1.647      0.026     4.0121     59.883     27.687  23.838188     7.2608     15.593   185.3130 5.8291e+00     2.8484      1.615      2.343    18.0444   998.6104 0.0000e+00
      1.652      0.029     3.9943     59.787     27.688  23.839133     7.5191     15.593   184.8596 5.8088e+00     2.8824      1.620      2.349    18.0450   998.6103 0.0000e+00
      1.660      0.032     3.9816     59.747     27.703  23.851798     7.6478     15.593   184.7111 5.7833e+00     2.8894      1.626      2.357    18.0456   998.6102 0.0000e+00
      1.671      0.034     3.9718     59.748     27.718  23.864480     7.6440     15.593   184.9798 5.7575e+00     2.8976      1.638      2.376    18.0457   998.6101 0.0000e+00
      1.683      0.034     3.9619     59.818     27.719  23.865632     7.6740     15.592   184.9253 5.7372e+00     2.9136      1.652      2.397    18.0450   998.6104 0.0000e+00
      1.692      0.032     3.9548     60.021     27.719  23.865736     7.7436     15.592   184.9116 5.7095e+00     2.9450      1.658      2.406    18.0451   998.6104 0.0000e+00
      1.700      0.029     3.9533     60.366     27.719  23.865736     7.7795     15.593   184.8149 5.6852e+00     2.9680      1.667      2.418    18.0462   998.6102 0.0000e+00
      1.707      0.025     3.9528     60.854     27.719  23.865622     7.7744     15.594   184.7886 5.6752e+00     2.9173      1.677      2.432    18.0457   998.6104 0.0000e+00
      1.712      0.022     3.9546     61.507     27.717  23.864364     7.7674     15.594   185.1955 5.6615e+00     2.8810      1.679      2.435    18.0450   998.6105 0.0000e+00
      1.715      0.021     3.9688     62.330     27.701  23.850527     7.7813     15.594   185.5188 5.6604e+00     2.9075      1.682      2.439    18.0454   998.6104 0.0000e+00
      1.719      0.020     3.9917     63.271     27.671  23.825160     7.7988     15.593   185.6000 5.6621e+00     2.8936      1.685      2.443    18.0448   998.6106 0.0000e+00
      1.724      0.020     4.0233     64.210     27.656  23.811332     7.7885     15.592   185.6612 5.6316e+00     2.8512      1.689      2.451    18.0442   998.6107 0.0000e+00
      1.732      0.020     4.0663     65.019     27.655  23.810178     7.7524     15.592   185.4849 5.5972e+00     2.8405      1.699      2.466    18.0449   998.6106 0.0000e+00
      1.738      0.020     4.1214     65.614     27.656  23.811208     7.6476     15.592   185.2754 5.5855e+00     2.8328      1.706      2.474    18.0456   998.6105 0.0000e+00
      1.742      0.021     4.1873     65.969     27.671  23.823777     7.4847     15.592   185.4514 5.5697e+00     2.8269      1.708      2.479    18.0457   998.6105 0.0000e+00
      1.746      0.021     4.2522     66.072     27.685  23.835308     7.3950     15.593   185.6329 5.5492e+00     2.8383      1.712      2.484    18.0450   998.6106 0.0000e+00
      1.750      0.021     4.3084     65.921     27.671  23.823787     7.3733     15.594   185.4919 5.5338e+00     2.8332      1.715      2.487    18.0443   998.6108 0.0000e+00
      1.756      0.022     4.3476     65.553     27.657  23.811312     7.2897     15.594   185.2948 5.4994e+00     2.8333      1.721      2.497    18.0442   998.6108 0.0000e+00
      1.764      0.023     4.3715     65.050     27.657  23.811312     7.1469     15.594   185.2293 5.4700e+00     2.8394      1.731      2.510    18.0439   998.6109 0.0000e+00
