Data/DataNotYetUploadedToEDI/Raw_CTD/RawDownloads/100118_fcr30.cnv
* Sea-Bird SBE19plus  Data File:
* FileName = C:\DATA\100118_fcr_0003.hex
* Software version 2.6.3.104
* Temperature SN = 7809
* Conductivity SN = 7809
* System UpLoad Time = Oct 01 2018 14:28:55
* <ApplicationData>
* <Seaterm232>
# nquan = 17
# nvalues = 674                         
# units = specified
# name 0 = depFM: Depth [fresh water, m]
# name 1 = tv290C: Temperature [ITS-90, deg C]
# name 2 = sbeox0Mg/L: Oxygen, SBE 43 [mg/l]
# name 3 = sbeox0PS: Oxygen, SBE 43 [% saturation]
# name 4 = c0uS/cm: Conductivity [uS/cm]
# name 5 = specc: Specific Conductance [uS/cm]
# name 6 = ph: pH
# name 7 = orp: Oxidation Reduction Potential [mV]
# name 8 = flECO-AFL: Fluorescence, WET Labs ECO-AFL/FL [mg/m^3]
# name 9 = turbWETntu0: Turbidity, WET Labs ECO [NTU]
# name 10 = sal00: Salinity, Practical [PSU]
# name 11 = dz/dtM: Descent Rate [m/s]
# name 12 = prdM: Pressure, Strain Gauge [db]
# name 13 = prdE: Pressure, Strain Gauge [psi]
# name 14 = scan: Scan Count
# name 15 = par/sat/log: PAR/Logarithmic, Satlantic
# name 16 = flag:  0.000e+00
# span 0 =     -0.461,      5.524       
# span 1 =    17.0486,    21.8384       
# span 2 =     0.0936,     8.7346       
# span 3 =      0.980,     98.166       
# span 4 =   1.217757,  70.858517       
# span 5 =      1.289,     84.218       
# span 6 =      6.331,      7.992       
# span 7 =    57.2661,   247.3852       
# span 8 =    -0.4448,    10.0404       
# span 9 =    -0.7346,     6.1003       
# span 10 =     0.0107,     0.0427      
# span 11 =     -0.262,      0.179      
# span 12 =     -0.452,      5.417      
# span 13 =     -0.655,      7.856      
# span 14 =          1,        674      
# span 15 = 7.0247e-01, 2.0800e+03      
# span 16 = 0.0000e+00, 0.0000e+00      
# interval = seconds: 0.25
# start_time = Oct 01 2018 15:02:27 [Instrument's time stamp, header]
# bad_flag = -9.990e-29
*END*
[from data line 86]
      0.310    21.1044     6.3417     71.317  34.784687     37.706      7.341   161.1464     4.7068     2.1256     0.0237      0.001      0.304      0.441         87 4.0314e+01 0.0000e+00
      0.312    21.1047     6.2880     70.715  34.819523     37.767      7.345   162.2442     4.6624     2.1659     0.0237      0.001      0.306      0.444         88 4.0251e+01 0.0000e+00
      0.314    21.1058     6.2346     70.117  34.836417     37.768      7.341   162.5849     4.6583     2.2062     0.0237      0.001      0.308      0.446         89 4.0357e+01 0.0000e+00
      0.315    21.1080     6.1856     69.569  34.822977     37.768      7.337   163.3421     4.6826     2.1390     0.0237      0.001      0.309      0.448         90 4.0415e+01 0.0000e+00
      0.315    21.1106     6.1443     69.107  34.776935     37.706      7.336   164.3264     4.6624     2.1390     0.0237      0.002      0.309      0.448         91 4.0152e+01 0.0000e+00
      0.316    21.1132     6.0988     68.599  34.775086     37.704      7.329   165.2728     4.6543     2.1793     0.0237      0.003      0.309      0.448         92 3.9979e+01 0.0000e+00
      0.314    21.1160     6.0549     68.107  34.825277     37.763      7.323   165.4242     4.7270     2.1659     0.0237      0.004      0.308      0.447         93 4.0204e+01 0.0000e+00
      0.313    21.1182     6.0168     67.681  34.833101     37.761      7.322   166.2192     4.7351     2.2196     0.0237      0.003      0.307      0.445         94 3.9826e+01 0.0000e+00
      0.313    21.1201     5.9883     67.364  34.824661     37.759      7.321   166.3707     4.7432     2.1390     0.0237      0.001      0.307      0.445         95 3.9574e+01 0.0000e+00
      0.313    21.1218     5.9533     66.973  34.776465     37.696      7.316   166.7492     4.7311     2.1390     0.0237     -0.000      0.307      0.445         96 3.9736e+01 0.0000e+00
      0.313    21.1229     5.9259     66.666  34.774451     37.695      7.318   167.3171     4.7230     2.2464     0.0237     -0.001      0.307      0.446         97 3.9288e+01 0.0000e+00
      0.314    21.1244     5.8949     66.319  34.827166     37.754      7.312   168.3014     4.7311     2.1390     0.0237     -0.001      0.308      0.446         98 3.9720e+01 0.0000e+00
      0.314    21.1262     5.8638     65.971  34.829489     37.753      7.304   168.7935     4.7311     2.1793     0.0237     -0.001      0.308      0.446         99 4.0022e+01 0.0000e+00
      0.314    21.1282     5.8276     65.566  34.830874     37.752      7.299   169.1721     4.7230     2.1524     0.0237     -0.000      0.308      0.446        100 3.9930e+01 0.0000e+00
      0.313    21.1309     5.7931     65.180  34.825442     37.750      7.294   170.3457     4.6624     2.0987     0.0237      0.000      0.307      0.444        101 4.0478e+01 0.0000e+00
      0.310    21.1332     5.7563     64.770  34.836249     37.749      7.295   170.1185     4.6300     2.1659     0.0237     -0.001      0.306      0.443        102 4.0314e+01 0.0000e+00
      0.311    21.1343     5.7179     64.342  34.817424     37.746      7.294   170.3078     4.6421     2.1390     0.0237     -0.001      0.307      0.445        103 3.9703e+01 0.0000e+00
      0.319    21.1362     5.6865     63.991  34.789555     37.684      7.296   171.5950     4.6704     2.1659     0.0237      0.001      0.311      0.450        104 3.9521e+01 0.0000e+00
      0.320    21.1389     5.6497     63.578  34.811618     37.744      7.287   172.0871     4.6502     2.0987     0.0237      0.002      0.312      0.452        105 3.9576e+01 0.0000e+00
      0.315    21.1405     5.6232     63.284  34.789965     37.681      7.285   172.0114     4.6543     2.1927     0.0237      0.002      0.309      0.448        106 3.9082e+01 0.0000e+00
      0.312    21.1423     5.5913     62.925  34.816498     37.740      7.285   172.4278     4.6704     2.1256     0.0237      0.001      0.307      0.444        107 3.9066e+01 0.0000e+00
      0.311    21.1435     5.5771     62.765  34.837909     37.738      7.283   172.8443     4.6462     2.1927     0.0237      0.000      0.305      0.441        108 3.9382e+01 0.0000e+00
      0.308    21.1445     5.5590     62.562  34.822634     37.737      7.278   173.5636     4.6624     1.9913     0.0237     -0.001      0.302      0.438        109 3.9797e+01 0.0000e+00
      0.306    21.1465     5.5410     62.360  34.835509     37.736      7.275   173.9800     4.6785     1.9376     0.0237     -0.003      0.301      0.436        110 4.0253e+01 0.0000e+00
      0.306    21.1491     5.5264     62.199  34.821885     37.735      7.274   174.5100     4.6704     1.9913     0.0237     -0.006      0.301      0.436        111 4.0285e+01 0.0000e+00
      0.308    21.1518     5.5154     62.079  34.839588     37.734      7.272   175.2671     4.6340     1.8302     0.0237     -0.007      0.301      0.436        112 4.0489e+01 0.0000e+00
      0.307    21.1544     5.5000     61.908  34.872791     37.792      7.271   175.8350     4.6340     1.9645     0.0237     -0.006      0.301      0.436        113 4.0029e+01 0.0000e+00
      0.306    21.1562     5.4799     61.684  34.839877     37.729      7.269   176.2893     4.6543     2.0987     0.0237     -0.004      0.299      0.434        114 4.0374e+01 0.0000e+00
      0.301    21.1581     5.4608     61.472  34.821233     37.727      7.266   176.7057     4.6502     2.1122     0.0237     -0.004      0.296      0.430        115 4.0479e+01 0.0000e+00
      0.300    21.1602     5.4340     61.172  34.836677     37.726      7.263   176.7814     4.6381     2.1793     0.0237     -0.004      0.295      0.428        116 3.9905e+01 0.0000e+00
      0.302    21.1610     5.4096     60.900  34.820656     37.724      7.264   177.1978     4.6381     2.1659     0.0237     -0.003      0.297      0.430        117 3.9810e+01 0.0000e+00
      0.306    21.1614     5.3853     60.627  34.781858     37.662      7.262   177.8793     4.4723     2.2733     0.0237     -0.002      0.300      0.434        118 3.9465e+01 0.0000e+00
      0.308    21.1616     5.3563     60.301  34.766333     37.661      7.263   178.1821     4.4683     2.1122     0.0237     -0.001      0.302      0.438        119 3.9733e+01 0.0000e+00
      0.310    21.1624     5.3372     60.085  34.780661     37.661      7.259   178.7879     4.4723     2.0987     0.0237      0.001      0.304      0.440        120 3.9682e+01 0.0000e+00
      0.310    21.1646     5.3194     59.885  34.823340     37.721      7.258   179.5450     4.4521     2.1793     0.0237      0.003      0.304      0.441        121 3.9716e+01 0.0000e+00
      0.310    21.1669     5.2996     59.661  34.831849     37.721      7.259   179.7721     4.4238     2.0853     0.0237      0.005      0.304      0.441        122 3.9644e+01 0.0000e+00
      0.310    21.1696     5.2806     59.448  34.829387     37.719      7.258   180.0371     4.3955     2.2330     0.0237      0.005      0.304      0.441        123 3.9442e+01 0.0000e+00
      0.310    21.1720     5.2659     59.285  34.826402     37.717      7.256   180.6050     4.3995     2.0450     0.0237      0.005      0.304      0.441        124 3.9247e+01 0.0000e+00
      0.310    21.1740     5.2482     59.088  34.835561     37.715      7.256   181.3243     4.4238     2.1793     0.0237      0.003      0.304      0.441        125 3.9423e+01 0.0000e+00
      0.311    21.1759     5.2260     58.841  34.817987     37.713      7.252   181.2486     4.5168     2.3002     0.0237      0.002      0.305      0.442        126 3.9605e+01 0.0000e+00
      0.311    21.1773     5.2085     58.646  34.788957     37.651      7.247   181.5136     4.5006     2.1256     0.0237      0.001      0.305      0.442        127 3.9493e+01 0.0000e+00
      0.311    21.1781     5.1812     58.342  34.812373     37.709      7.246   182.0057     4.5572     2.1524     0.0237      0.001      0.305      0.442        128 3.9884e+01 0.0000e+00
      0.312    21.1782     5.1639     58.148  34.788846     37.648      7.245   182.0436     4.5491     2.1256     0.0237      0.001      0.306      0.443        129 3.9833e+01 0.0000e+00
      0.312    21.1779     5.1437     57.921  34.818237     37.708      7.244   182.7250     4.4723     2.1659     0.0237      0.001      0.306      0.444        130 3.9830e+01 0.0000e+00
      0.313    21.1775     5.1274     57.738  34.835111     37.708      7.242   183.3686     4.4723     2.1927     0.0237      0.002      0.307      0.446        131 3.9577e+01 0.0000e+00
      0.314    21.1773     5.1110     57.552  34.827160     37.708      7.241   183.7472     4.4642     2.1927     0.0237      0.002      0.308      0.447        132 3.9433e+01 0.0000e+00
      0.315    21.1781     5.0931     57.349  34.828132     37.708      7.237   184.3529     4.4440     2.0853     0.0237      0.002      0.308      0.447        133 3.9450e+01 0.0000e+00
      0.314    21.1797     5.0809     57.212  34.833902     37.708      7.232   184.7693     4.4723     2.1122     0.0237      0.002      0.307      0.446        134 3.9329e+01 0.0000e+00
      0.312    21.1819     5.0708     57.099  34.879293     37.768      7.225   184.9964     4.2620     1.9107     0.0237      0.001      0.306      0.444        135 3.9422e+01 0.0000e+00
      0.310    21.1843     5.0591     56.971  34.830956     37.706      7.214   185.3372     4.2742     1.9510     0.0237      0.000      0.304      0.442        136 3.9389e+01 0.0000e+00
      0.309    21.1864     5.0428     56.789  34.834741     37.705      7.196   185.4129     4.2984     1.9645     0.0237     -0.001      0.303      0.440        137 3.9698e+01 0.0000e+00
      0.309    21.1886     5.0375     56.730  34.874584     37.763      7.181   185.6022     4.2742     1.9376     0.0237     -0.002      0.303      0.440        138 3.9962e+01 0.0000e+00
      0.310    21.1904     5.0219     56.557  34.840686     37.701      7.163   185.8293     4.3267     2.0853     0.0237     -0.003      0.304      0.442        139 3.9939e+01 0.0000e+00
      0.313    21.1910     5.0043     56.360  34.817610     37.699      7.149   186.1322     4.3469     2.1659     0.0237     -0.002      0.307      0.445        140 4.0001e+01 0.0000e+00
      0.315    21.1905     4.9936     56.242  34.784673     37.637      7.142   186.4729     4.3429     2.1927     0.0237     -0.001      0.309      0.448        141 3.9684e+01 0.0000e+00
      0.317    21.1896     4.9780     56.068  34.763046     37.637      7.142   187.2300     4.3429     2.1390     0.0237      0.002      0.311      0.451        142 3.9273e+01 0.0000e+00
      0.320    21.1887     4.9652     55.927  34.785209     37.637      7.144   187.1922     4.3429     2.2196     0.0237      0.004      0.313      0.455        143 3.9081e+01 0.0000e+00
      0.322    21.1887     4.9554     55.819  34.816406     37.698      7.145   187.6843     4.3510     2.1659     0.0237      0.006      0.315      0.457        144 3.8586e+01 0.0000e+00
      0.322    21.1903     4.9406     55.654  34.842851     37.699      7.141   188.4036     4.3267     2.1659     0.0237      0.007      0.315      0.457        145 3.8437e+01 0.0000e+00
      0.321    21.1925     4.9271     55.502  34.811613     37.699      7.145   188.4793     4.3672     2.2330     0.0237      0.007      0.314      0.456        146 3.8712e+01 0.0000e+00
      0.320    21.1940     4.9214     55.439  34.795967     37.637      7.145   188.9715     4.2822     2.0182     0.0237      0.005      0.313      0.455        147 3.8760e+01 0.0000e+00
      0.318    21.1952     4.9093     55.302  34.862323     37.757      7.149   188.8200     4.2620     1.9376     0.0237      0.003      0.311      0.452        148 3.9084e+01 0.0000e+00
      0.317    21.1966     4.8960     55.152  34.847662     37.695      7.155   189.1607     4.2701     2.0316     0.0237      0.000      0.310      0.450        149 3.9470e+01 0.0000e+00
      0.316    21.1984     4.8898     55.080  34.873524     37.754      7.160   189.8800     4.2903     1.9376     0.0237     -0.002      0.310      0.450        150 3.9517e+01 0.0000e+00
      0.317    21.2002     4.8758     54.922  34.889450     37.753      7.167   190.3343     4.3591     2.0853     0.0237     -0.003      0.310      0.450        151 3.9608e+01 0.0000e+00
      0.316    21.2020     4.8692     54.850  34.827843     37.691      7.171   190.1072     4.3591     2.1659     0.0237     -0.003      0.310      0.449        152 3.9421e+01 0.0000e+00
      0.315    21.2044     4.8570     54.714  34.831565     37.690      7.171   190.5993     4.3227     2.1122     0.0237     -0.003      0.309      0.448        153 3.9249e+01 0.0000e+00
      0.314    21.2069     4.8434     54.563  34.884817     37.749      7.176   190.4479     4.3186     2.0853     0.0237     -0.003      0.309      0.448        154 3.9440e+01 0.0000e+00
      0.316    21.2086     4.8324     54.441  34.880199     37.747      7.180   191.0157     4.3186     2.1524     0.0237     -0.002      0.310      0.449        155 3.9392e+01 0.0000e+00
      0.317    21.2094     4.8220     54.326  34.837310     37.684      7.186   191.5836     4.3914     2.1122     0.0237     -0.001      0.311      0.451        156 3.9108e+01 0.0000e+00
      0.319    21.2098     4.8075     54.164  34.878875     37.743      7.188   191.5836     4.4278     2.1524     0.0237      0.000      0.312      0.454        157 3.8755e+01 0.0000e+00
      0.321    21.2096     4.7961     54.036  34.828471     37.682      7.189   192.0379     4.3955     2.1659     0.0237      0.002      0.315      0.457        158 3.8760e+01 0.0000e+00
      0.323    21.2087     4.7906     53.975  34.781409     37.621      7.192   192.0757     4.4157     2.1256     0.0237      0.003      0.317      0.460        159 3.8662e+01 0.0000e+00
      0.326    21.2078     4.7757     53.808  34.818814     37.682      7.196   192.6436     4.4399     2.1793     0.0237      0.005      0.319      0.463        160 3.8555e+01 0.0000e+00
      0.328    21.2077     4.7727     53.773  34.781921     37.622      7.195   193.5900     4.4804     2.1390     0.0237      0.007      0.321      0.466        161 3.8349e+01 0.0000e+00
      0.329    21.2090     4.7582     53.609  34.827324     37.684      7.190   193.5900     4.4440     2.0853     0.0237      0.008      0.322      0.467        162 3.8378e+01 0.0000e+00
      0.327    21.2109     4.7486     53.499  34.880940     37.744      7.179   193.7793     4.4480     2.0450     0.0237      0.007      0.321      0.465        163 3.8591e+01 0.0000e+00
      0.325    21.2130     4.7393     53.395  34.833822     37.683      7.175   193.6658     4.5491     2.2062     0.0237      0.005      0.319      0.463        164 3.8422e+01 0.0000e+00
      0.324    21.2148     4.7334     53.328  34.826645     37.681      7.176   194.4229     4.5370     2.1793     0.0237      0.003      0.318      0.461        165 3.8660e+01 0.0000e+00
      0.323    21.2163     4.7198     53.177  34.830558     37.679      7.177   194.5743     4.5653     2.1659     0.0237      0.001      0.317      0.460        166 3.8676e+01 0.0000e+00
      0.324    21.2175     4.7054     53.016  34.828954     37.678      7.180   194.7258     4.4885     2.1659     0.0237     -0.001      0.317      0.460        167 3.8892e+01 0.0000e+00
      0.324    21.2186     4.7094     53.062  34.828640     37.677      7.180   195.2179     4.4642     2.1659     0.0237     -0.002      0.318      0.461        168 3.9173e+01 0.0000e+00
      0.325    21.2192     4.6965     52.919  34.830947     37.676      7.181   195.1422     4.4602     2.1927     0.0237     -0.002      0.318      0.462        169 3.8848e+01 0.0000e+00
      0.325    21.2194     4.6944     52.896  34.826082     37.675      7.180   195.4829     4.4925     2.1390     0.0237     -0.001      0.319      0.463        170 3.8918e+01 0.0000e+00
