Data/DataNotYetUploadedToEDI/Raw_CTD/RawDownloads/100118_fcr45.cnv
* Sea-Bird SBE19plus  Data File:
* FileName = C:\DATA\100118_fcr_0004.hex
* Software version 2.6.3.104
* Temperature SN = 7809
* Conductivity SN = 7809
* System UpLoad Time = Oct 01 2018 14:29:33
* <ApplicationData>
* <Seaterm232>
# nquan = 17
# nvalues = 1354                        
# units = specified
# name 0 = depFM: Depth [fresh water, m]
# name 1 = tv290C: Temperature [ITS-90, deg C]
# name 2 = sbeox0Mg/L: Oxygen, SBE 43 [mg/l]
# name 3 = sbeox0PS: Oxygen, SBE 43 [% saturation]
# name 4 = c0uS/cm: Conductivity [uS/cm]
# name 5 = specc: Specific Conductance [uS/cm]
# name 6 = ph: pH
# name 7 = orp: Oxidation Reduction Potential [mV]
# name 8 = flECO-AFL: Fluorescence, WET Labs ECO-AFL/FL [mg/m^3]
# name 9 = turbWETntu0: Turbidity, WET Labs ECO [NTU]
# name 10 = sal00: Salinity, Practical [PSU]
# name 11 = dz/dtM: Descent Rate [m/s]
# name 12 = prdM: Pressure, Strain Gauge [db]
# name 13 = prdE: Pressure, Strain Gauge [psi]
# name 14 = scan: Scan Count
# name 15 = par/sat/log: PAR/Logarithmic, Satlantic
# name 16 = flag:  0.000e+00
# span 0 =     -0.465,      7.832       
# span 1 =    14.0005,    22.5573       
# span 2 =    -0.0307,     9.0075       
# span 3 =     -0.333,    101.935       
# span 4 =   1.266213, 120.674473       
# span 5 =      1.533,    154.639       
# span 6 =      6.271,      7.989       
# span 7 =    28.9110,   490.8830       
# span 8 =    -0.3113,     5.6086       
# span 9 =    -0.5197,     5.4020       
# span 10 =     0.0110,     0.0739      
# span 11 =     -0.040,      0.248      
# span 12 =     -0.455,      7.680      
# span 13 =     -0.660,     11.139      
# span 14 =          1,       1354      
# span 15 = 1.2181e-01, 2.0487e+03      
# span 16 = 0.0000e+00, 0.0000e+00      
# interval = seconds: 0.25
# start_time = Oct 01 2018 15:23:07 [Instrument's time stamp, header]
# bad_flag = -9.990e-29
*END*
[from data line 852]
      2.278    20.5318     3.2486     36.044  34.699790     38.107      6.707   246.5523     4.1650     2.2196     0.0237      0.035      2.238      3.245        853 5.9633e+01 0.0000e+00
      2.308    20.5037     3.2708     36.289  34.705253     38.078      6.701   247.1580     4.1529     2.0987     0.0237      0.035      2.263      3.283        854 5.8599e+01 0.0000e+00
      2.339    20.4784     3.2935     36.545  34.673921     38.089      6.696   247.7259     4.1448     2.0719     0.0237      0.042      2.293      3.325        855 5.6315e+01 0.0000e+00
      2.368    20.4673     3.3132     36.771  34.649819     38.052      6.687   247.4988     4.1690     2.2062     0.0236      0.056      2.320      3.364        856 5.5538e+01 0.0000e+00
      2.390    20.4595     3.3294     36.955  34.616633     38.073      6.683   247.8395     3.7121     2.3136     0.0236      0.072      2.341      3.396        857 5.5468e+01 0.0000e+00
      2.404    20.4535     3.3345     37.009  34.596605     38.021      6.675   248.0666     3.6919     2.1122     0.0236      0.084      2.356      3.417        858 5.4563e+01 0.0000e+00
      2.412    20.4484     3.3300     36.957  34.645094     38.120      6.666   247.8395     3.6919     2.1122     0.0237      0.088      2.364      3.429        859 5.4504e+01 0.0000e+00
      2.416    20.4440     3.3321     36.980  34.645263     38.094      6.653   247.1959     3.7000     2.0719     0.0236      0.083      2.369      3.436        860 5.4352e+01 0.0000e+00
      2.418    20.4447     3.3339     37.001  34.626053     38.098      6.651   247.7638     3.3401     2.3404     0.0236      0.070      2.372      3.440        861 5.4000e+01 0.0000e+00
      2.422    20.4434     3.3354     37.020  34.639345     38.102      6.650   247.7638     3.3199     2.3270     0.0236      0.053      2.376      3.444        862 5.3668e+01 0.0000e+00
      2.424    20.4366     3.3359     37.028  34.628723     38.101      6.650   247.6123     3.3077     2.3270     0.0236      0.038      2.378      3.447        863 5.3362e+01 0.0000e+00
      2.424    20.4346     3.3413     37.088  34.639273     38.102      6.650   247.5366     3.2996     2.3136     0.0236      0.024      2.378      3.448        864 5.4049e+01 0.0000e+00
      2.423    20.4407     3.3516     37.203  34.655875     38.139      6.651   248.0288     2.6607     2.5150     0.0237      0.015      2.377      3.447        865 5.4518e+01 0.0000e+00
      2.422    20.4506     3.3609     37.313  34.637721     38.110      6.649   247.6123     2.6688     2.5956     0.0236      0.008      2.376      3.446        866 5.4073e+01 0.0000e+00
      2.421    20.4555     3.3783     37.506  34.632207     38.105      6.650   247.5745     2.6729     2.4747     0.0236      0.004      2.376      3.446        867 5.4013e+01 0.0000e+00
      2.425    20.4533     3.3874     37.608  34.633077     38.096      6.647   248.0666     2.6769     2.4479     0.0236      0.003      2.378      3.449        868 5.2982e+01 0.0000e+00
      2.429    20.4504     3.4002     37.763  34.636636     38.092      6.649   247.8395     2.4788     2.2464     0.0236      0.003      2.381      3.453        869 5.3023e+01 0.0000e+00
      2.429    20.4489     3.4119     37.909  34.657434     38.125      6.645   248.1802     2.4869     2.2599     0.0237      0.002      2.382      3.454        870 5.3709e+01 0.0000e+00
      2.428    20.4509     3.4282     38.095  34.636852     38.096      6.643   248.2181     2.4828     2.3404     0.0236      0.003      2.381      3.453        871 5.3518e+01 0.0000e+00
      2.427    20.4543     3.4454     38.276  34.632595     38.098      6.642   248.0288     2.4667     2.3404     0.0236      0.003      2.380      3.452        872 5.3258e+01 0.0000e+00
      2.427    20.4572     3.4639     38.471  34.633076     38.096      6.639   247.6502     2.4505     2.3136     0.0236      0.003      2.380      3.452        873 5.2988e+01 0.0000e+00
      2.427    20.4578     3.4814     38.662  34.636252     38.093      6.639   247.6880     2.8144     2.0450     0.0236      0.003      2.380      3.452        874 5.3862e+01 0.0000e+00
      2.428    20.4595     3.4926     38.789  34.628641     38.091      6.639   248.1045     2.8063     2.0719     0.0236      0.002      2.381      3.453        875 5.3885e+01 0.0000e+00
      2.428    20.4666     3.5009     38.883  34.612890     38.060      6.635   247.8395     2.7982     2.2196     0.0236      0.000      2.381      3.453        876 5.3460e+01 0.0000e+00
      2.428    20.4674     3.5034     38.909  34.626195     38.089      6.635   247.5745     2.8225     2.1122     0.0236     -0.000      2.382      3.455        877 5.2861e+01 0.0000e+00
      2.432    20.4682     3.5059     38.930  34.641738     38.083      6.636   247.9909     3.5665     2.2330     0.0236      0.001      2.383      3.457        878 5.2147e+01 0.0000e+00
      2.431    20.4857     3.5092     38.951  34.623203     38.082      6.636   247.9152     3.5706     2.1390     0.0236      0.002      2.382      3.455        879 5.2013e+01 0.0000e+00
      2.423    20.5072     3.5029     38.862  34.589948     38.021      6.635   247.8395     3.6070     2.1659     0.0236      0.001      2.378      3.449        880 5.1714e+01 0.0000e+00
      2.419    20.5127     3.4931     38.743  34.623808     38.067      6.633   247.8395     3.5908     2.2464     0.0236     -0.002      2.376      3.446        881 5.1669e+01 0.0000e+00
      2.426    20.5005     3.4731     38.518  34.610714     38.018      6.632   248.1045     3.9021     2.1390     0.0236     -0.002      2.380      3.451        882 5.0942e+01 0.0000e+00
      2.434    20.4868     3.4589     38.359  34.576577     37.982      6.631   248.2559     3.8900     2.1927     0.0236     -0.000      2.385      3.459        883 5.1590e+01 0.0000e+00
      2.435    20.4827     3.4374     38.119  34.577318     37.993      6.630   248.1802     3.9264     2.1659     0.0236      0.002      2.387      3.462        884 5.3252e+01 0.0000e+00
      2.434    20.4855     3.4204     37.930  34.580140     38.005      6.628   248.1045     3.9264     2.1659     0.0236      0.003      2.388      3.463        885 5.3293e+01 0.0000e+00
      2.437    20.4887     3.4086     37.796  34.573069     38.008      6.625   247.9531     3.7687     2.0719     0.0236      0.004      2.390      3.467        886 5.2440e+01 0.0000e+00
      2.440    20.4857     3.3977     37.663  34.586120     38.006      6.624   247.6123     3.7525     2.0853     0.0236      0.008      2.397      3.476        887 5.1776e+01 0.0000e+00
      2.455    20.4763     3.3899     37.569  34.652870     38.095      6.624   248.5966     3.7687     2.1390     0.0237      0.014      2.408      3.492        888 5.0968e+01 0.0000e+00
      2.471    20.4563     3.3851     37.516  34.638283     38.067      6.622   248.3695     3.7727     2.1659     0.0236      0.020      2.422      3.512        889 4.9672e+01 0.0000e+00
      2.483    20.4315     3.3762     37.418  34.633931     38.075      6.618   248.2559     4.1003     2.1659     0.0236      0.025      2.432      3.527        890 4.9632e+01 0.0000e+00
      2.485    20.4179     3.3663     37.314  34.628633     38.091      6.616   248.4073     4.1084     2.1256     0.0236      0.029      2.435      3.532        891 5.0410e+01 0.0000e+00
      2.481    20.4142     3.3565     37.209  34.585571     38.051      6.612   248.4831     4.1084     2.2062     0.0236      0.030      2.433      3.528        892 5.0553e+01 0.0000e+00
      2.476    20.4123     3.3483     37.120  34.628218     38.124      6.612   248.3695     4.1003     2.2062     0.0236      0.027      2.431      3.525        893 5.0122e+01 0.0000e+00
      2.479    20.4105     3.3464     37.098  34.664536     38.158      6.611   248.2938     4.0841     2.1390     0.0237      0.022      2.434      3.530        894 4.9536e+01 0.0000e+00
      2.490    20.4097     3.3492     37.130  34.629346     38.128      6.611   248.3695     4.0841     2.2599     0.0236      0.018      2.443      3.543        895 4.8792e+01 0.0000e+00
      2.504    20.4042     3.3481     37.119  34.583042     38.068      6.612   248.3316     4.0841     2.1256     0.0236      0.015      2.456      3.561        896 4.7540e+01 0.0000e+00
      2.519    20.3901     3.3498     37.131  34.573878     38.069      6.610   248.6345     4.0841     2.1122     0.0236      0.017      2.469      3.580        897 4.7457e+01 0.0000e+00
      2.527    20.3796     3.3510     37.135  34.640752     38.135      6.603   248.6723     4.1043     2.1390     0.0236      0.022      2.477      3.591        898 4.7637e+01 0.0000e+00
      2.528    20.3785     3.3639     37.268  34.648106     38.178      6.595   248.5966     4.0032     2.1659     0.0237      0.028      2.479      3.595        899 4.6960e+01 0.0000e+00
      2.526    20.3804     3.3593     37.209  34.594388     38.095      6.584   248.6345     4.0275     2.0987     0.0236      0.030      2.478      3.594        900 4.7067e+01 0.0000e+00
      2.525    20.3865     3.3544     37.150  34.618637     38.157      6.581   248.7102     4.0235     2.1390     0.0236      0.029      2.478      3.593        901 4.6708e+01 0.0000e+00
      2.527    20.3929     3.3419     37.009  34.588273     38.094      6.582   248.4452     3.9992     2.1390     0.0236      0.023      2.479      3.595        902 4.6095e+01 0.0000e+00
      2.530    20.3949     3.3217     36.785  34.572861     38.088      6.584   248.5588     3.7768     2.1390     0.0236      0.016      2.481      3.598        903 4.5508e+01 0.0000e+00
      2.532    20.3942     3.2979     36.523  34.637815     38.145      6.584   248.6345     3.7930     2.1390     0.0236      0.009      2.483      3.601        904 4.5163e+01 0.0000e+00
      2.531    20.3954     3.2760     36.281  34.655720     38.174      6.583   248.3695     3.7687     2.1659     0.0237      0.004      2.483      3.601        905 4.5643e+01 0.0000e+00
      2.532    20.3960     3.2555     36.054  34.639547     38.144      6.584   248.6723     3.7444     2.1256     0.0236      0.003      2.485      3.604        906 4.5216e+01 0.0000e+00
      2.538    20.3879     3.2421     35.906  34.628284     38.143      6.586   248.5209     3.2956     2.3404     0.0236      0.005      2.490      3.611        907 4.4906e+01 0.0000e+00
      2.547    20.3754     3.2357     35.832  34.640079     38.142      6.590   248.6345     3.3279     2.3673     0.0236      0.009      2.498      3.622        908 4.4971e+01 0.0000e+00
      2.554    20.3622     3.2363     35.838  34.624869     38.149      6.591   248.3316     3.3441     2.2733     0.0236      0.013      2.506      3.635        909 4.4341e+01 0.0000e+00
      2.565    20.3508     3.2411     35.891  34.647216     38.159      6.591   249.1645     3.2956     2.3136     0.0236      0.017      2.515      3.648        910 4.3935e+01 0.0000e+00
      2.573    20.3436     3.2528     36.022  34.701246     38.263      6.590   248.6723     2.7538     2.3539     0.0237      0.022      2.523      3.659        911 4.3446e+01 0.0000e+00
      2.580    20.3403     3.2655     36.167  34.646608     38.180      6.592   249.3159     2.7618     2.3941     0.0236      0.026      2.529      3.668        912 4.3025e+01 0.0000e+00
      2.582    20.3411     3.2736     36.259  34.626247     38.186      6.589   249.0131     2.7214     2.3404     0.0236      0.029      2.532      3.672        913 4.3187e+01 0.0000e+00
      2.583    20.3429     3.2837     36.371  34.637618     38.189      6.589   248.9752     2.7376     2.2464     0.0236      0.028      2.533      3.674        914 4.3075e+01 0.0000e+00
      2.584    20.3433     3.2799     36.327  34.632458     38.188      6.589   249.2402     2.7254     2.2196     0.0236      0.024      2.534      3.675        915 4.2432e+01 0.0000e+00
      2.585    20.3439     3.2812     36.340  34.632668     38.187      6.590   248.9752     2.8184     2.3673     0.0236      0.018      2.536      3.678        916 4.2250e+01 0.0000e+00
      2.590    20.3439     3.2841     36.371  34.667014     38.217      6.589   248.8995     2.7780     2.3136     0.0237      0.015      2.541      3.685        917 4.2055e+01 0.0000e+00
      2.598    20.3404     3.2918     36.456  34.678685     38.248      6.593   248.8238     2.8144     2.3539     0.0237      0.013      2.546      3.694        918 4.0853e+01 0.0000e+00
      2.602    20.3381     3.2909     36.445  34.647799     38.186      6.590   249.3538     2.7982     2.2733     0.0236      0.012      2.550      3.699        919 4.0902e+01 0.0000e+00
      2.602    20.3380     3.2914     36.449  34.675795     38.251      6.588   249.0888     2.5556     2.1927     0.0237      0.012      2.550      3.698        920 4.0866e+01 0.0000e+00
      2.597    20.3406     3.2944     36.483  34.643846     38.191      6.588   248.9373     2.5597     2.3539     0.0236      0.011      2.547      3.694        921 4.0560e+01 0.0000e+00
      2.594    20.3458     3.2905     36.440  34.628247     38.191      6.589   249.0509     2.5314     2.3270     0.0236      0.008      2.545      3.692        922 4.0928e+01 0.0000e+00
      2.596    20.3491     3.2934     36.471  34.665552     38.220      6.590   249.3159     2.5314     2.3539     0.0237      0.006      2.547      3.694        923 4.0272e+01 0.0000e+00
      2.601    20.3499     3.2935     36.474  34.686390     38.246      6.589   249.6188     3.0651     2.3002     0.0237      0.005      2.549      3.698        924 4.0758e+01 0.0000e+00
      2.602    20.3477     3.2943     36.487  34.691283     38.243      6.589   248.9752     3.0611     2.3136     0.0237      0.002      2.551      3.700        925 4.1521e+01 0.0000e+00
      2.602    20.3448     3.2920     36.464  34.629803     38.181      6.587   248.8238     3.0570     2.3270     0.0236      0.001      2.552      3.702        926 4.1219e+01 0.0000e+00
      2.605    20.3428     3.3034     36.588  34.644273     38.183      6.586   249.0131     3.0570     2.3270     0.0236      0.002      2.554      3.705        927 4.0892e+01 0.0000e+00
      2.607    20.3422     3.3141     36.705  34.702934     38.278      6.587   249.1645     3.0611     2.3404     0.0237      0.004      2.557      3.709        928 4.0966e+01 0.0000e+00
      2.610    20.3410     3.3232     36.804  34.645770     38.187      6.587   249.1645     3.0287     2.2330     0.0236      0.007      2.560      3.714        929 4.1022e+01 0.0000e+00
      2.615    20.3395     3.3293     36.871  34.626442     38.187      6.586   249.4673     3.0409     2.2867     0.0236      0.009      2.564      3.719        930 4.0054e+01 0.0000e+00
      2.618    20.3408     3.3324     36.901  34.638019     38.188      6.586   249.6945     3.0651     2.3136     0.0236      0.010      2.566      3.721        931 3.9782e+01 0.0000e+00
      2.617    20.3408     3.3314     36.889  34.631364     38.190      6.584   249.3916     2.8589     2.2733     0.0236      0.009      2.565      3.721        932 3.9564e+01 0.0000e+00
      2.615    20.3397     3.3313     36.889  34.634724     38.189      6.585   249.5431     2.8751     2.3002     0.0236      0.008      2.565      3.720        933 3.9247e+01 0.0000e+00
      2.615    20.3424     3.3277     36.856  34.663493     38.219      6.587   249.2402     2.8468     2.4076     0.0237      0.007      2.565      3.720        934 3.9519e+01 0.0000e+00
      2.617    20.3478     3.3215     36.792  34.684532     38.251      6.586   249.3916     2.8265     2.3136     0.0237      0.006      2.566      3.722        935 3.9081e+01 0.0000e+00
      2.618    20.3504     3.3144     36.715  34.638199     38.187      6.584   249.5431     3.4654     2.1927     0.0236      0.004      2.567      3.723        936 3.9139e+01 0.0000e+00
