Data/DataNotYetUploadedToEDI/Raw_CTD/RawDownloads/100219_fcr10.cnv
* Sea-Bird SBE19plus  Data File:
* FileName = C:\DATA\100219_FCR_50_0001.hex
* Software version 2.8.0.119 SB_Terminal.dll
* Temperature SN = 7809
* Conductivity SN = 7809
* System UpLoad Time = Oct 03 2019 10:13:55
* <ApplicationData>
* <Seaterm232>
# nquan = 16
# nvalues = 427                         
# units = specified
# name 0 = depFM: Depth [fresh water, m]
# name 1 = dz/dtM: Descent Rate [m/s]
# name 2 = sbeox0ML/L: Oxygen, SBE 43 [ml/l]
# name 3 = sbeox0PS: Oxygen, SBE 43 [% saturation]
# name 4 = specc: Specific Conductance [uS/cm]
# name 5 = c0uS/cm: Conductivity [uS/cm]
# name 6 = flECO-AFL: Fluorescence, WET Labs ECO-AFL/FL [mg/m^3]
# name 7 = ph: pH
# name 8 = orp: Oxidation Reduction Potential [mV]
# name 9 = par/sat/log: PAR/Logarithmic, Satlantic
# name 10 = turbWETntu0: Turbidity, WET Labs ECO [NTU]
# name 11 = prdM: Pressure, Strain Gauge [db]
# name 12 = prdE: Pressure, Strain Gauge [psi]
# name 13 = tv290C: Temperature [ITS-90, deg C]
# name 14 = density00: Density [density, kg/m^3]
# name 15 = flag:  0.000e+00
# span 0 =     -0.385,      2.298       
# span 1 =     -0.015,      0.216       
# span 2 =     0.1600,     8.3263       
# span 3 =      2.808,    142.206       
# span 4 =     39.831,     45.251       
# span 5 =  38.333447,  42.302963       
# span 6 =     1.0869,     2.7604       
# span 7 =      7.311,      8.777       
# span 8 =   157.2218,   277.1280       
# span 9 = 2.3873e+01, 1.3580e+03       
# span 10 =     2.2865,     9.7502      
# span 11 =     -0.393,      2.254      
# span 12 =     -0.571,      3.269      
# span 13 =    21.5085,    30.3958      
# span 14 =   995.5463,   997.9131      
# span 15 = 0.0000e+00, 0.0000e+00      
# interval = seconds: 0.25
# start_time = Oct 02 2019 13:36:47 [Instrument's time stamp, header]
# bad_flag = -9.990e-29
*END*
[from data line 91]
      0.131      0.003     4.9402     86.189     41.667  41.978889     1.5938      8.431   209.1951 6.1403e+02     8.5599      0.129      0.187    25.3453   996.9780 0.0000e+00
      0.131      0.005     4.9442     85.989     41.674  41.981413     1.5922      8.425   208.9698 6.2448e+02     8.4683      0.128      0.186    25.3543   996.9757 0.0000e+00
      0.132      0.006     4.9485     85.665     41.746  42.053967     1.5826      8.411   208.7471 6.7497e+02     8.4578      0.129      0.187    25.3652   996.9729 0.0000e+00
      0.135      0.006     4.9529     85.290     41.840  42.157748     1.5813      8.391   208.5668 6.4972e+02     8.4324      0.133      0.193    25.3735   996.9707 0.0000e+00
      0.139      0.005     4.9531     84.946     41.888  42.220398     1.5947      8.374   208.4243 6.1931e+02     8.3574      0.138      0.199    25.3701   996.9716 0.0000e+00
      0.141      0.002     4.9407     84.706     41.892  42.240081     1.6231      8.362   208.2285 5.7361e+02     8.2398      0.140      0.203    25.3596   996.9743 0.0000e+00
      0.141     -0.001     4.9213     84.576     41.842  42.205296     1.6379      8.358   207.9207 4.9386e+02     8.1582      0.139      0.201    25.3567   996.9751 0.0000e+00
      0.139     -0.004     4.8968     84.521     41.737  42.117291     1.6358      8.358   207.7144 4.5263e+02     8.1569      0.136      0.197    25.3706   996.9715 0.0000e+00
      0.136     -0.005     4.8731     84.486     41.669  42.064893     1.6148      8.358   207.7133 4.4635e+02     8.2242      0.134      0.194    25.3919   996.9660 0.0000e+00
      0.133     -0.005     4.8581     84.411     41.676  42.079699     1.5831      8.358   207.7363 5.0763e+02     8.3491      0.131      0.189    25.4094   996.9614 0.0000e+00
      0.132     -0.004     4.8499     84.232     41.699  42.105855     1.5741      8.358   207.7337 6.0927e+02     8.4538      0.129      0.187    25.4266   996.9570 0.0000e+00
      0.132     -0.002     4.8459     83.919     41.717  42.127189     1.5835      8.360   207.5094 6.9627e+02     8.4415      0.129      0.187    25.4502   996.9508 0.0000e+00
      0.133     -0.001     4.8428     83.499     41.732  42.147176     1.6010      8.362   207.0889 7.2143e+02     8.2994      0.130      0.188    25.4734   996.9446 0.0000e+00
      0.134     -0.001     4.8393     83.025     41.736  42.157060     1.6285      8.363   206.9524 6.4531e+02     8.1122      0.131      0.190    25.4816   996.9426 0.0000e+00
      0.134     -0.001     4.8299     82.538     41.758  42.183220     1.6476      8.363   207.0627 5.4312e+02     8.0135      0.131      0.190    25.4807   996.9428 0.0000e+00
      0.133     -0.003     4.8109     82.066     41.778  42.209515     1.6501      8.361   207.0459 4.9721e+02     8.0230      0.130      0.188    25.4832   996.9422 0.0000e+00
      0.132     -0.005     4.7849     81.660     41.716  42.157553     1.6331      8.357   207.0935 4.9085e+02     8.0633      0.129      0.187    25.4912   996.9400 0.0000e+00
      0.131     -0.006     4.7561     81.350     41.613  42.062886     1.5991      8.352   207.3804 4.8903e+02     8.1076      0.130      0.188    25.4996   996.9378 0.0000e+00
      0.129     -0.006     4.7280     81.107     41.566  42.017265     1.5849      8.345   207.3311 5.0333e+02     8.1653      0.127      0.185    25.5020   996.9372 0.0000e+00
      0.126     -0.006     4.6992     80.879     41.543  41.986894     1.5912      8.340   206.8414 5.6531e+02     8.2048      0.122      0.177    25.5065   996.9360 0.0000e+00
      0.123     -0.005     4.6735     80.585     41.520  41.949606     1.5794      8.337   206.4493 6.1494e+02     8.0925      0.120      0.173    25.5231   996.9316 0.0000e+00
      0.122     -0.002     4.6557     80.187     41.534  41.947336     1.5470      8.335   206.2047 6.0298e+02     7.8232      0.120      0.173    25.5394   996.9273 0.0000e+00
      0.122      0.000     4.6419     79.740     41.555  41.959419     1.5206      8.334   205.8631 5.7719e+02     7.6690      0.120      0.173    25.5405   996.9271 0.0000e+00
      0.123      0.002     4.6320     79.294     41.557  41.968708     1.5206      8.334   205.4160 5.9015e+02     7.7025      0.121      0.175    25.5315   996.9294 0.0000e+00
      0.125      0.003     4.6179     78.852     41.505  41.932684     1.5291      8.334   205.1006 6.1583e+02     7.7373      0.123      0.179    25.5141   996.9339 0.0000e+00
      0.126      0.003     4.5951     78.401     41.089  41.523875     1.5277      8.330   204.9752 5.8105e+02     7.7951      0.125      0.181    25.4884   996.9407 0.0000e+00
      0.126      0.002     4.5699     78.200     40.425  40.835057     1.5207      8.326   204.7606 5.6377e+02     7.9086      0.124      0.179    25.4729   996.9447 0.0000e+00
      0.126      0.001     4.5435     79.619     40.209  40.524241     1.5058      8.325   204.3984 6.2613e+02     7.9301      0.122      0.177    25.4838   996.9418 0.0000e+00
      0.127      0.001     4.5161     84.817     40.404  40.559110     1.5041      8.326   204.1224 6.5595e+02     7.9250      0.125      0.181    25.5120   996.9345 0.0000e+00
      0.128      0.001     4.4891     94.211     40.561  40.558070     1.5174      8.328   204.0917 6.3833e+02     8.0762      0.127      0.184    25.5312   996.9295 0.0000e+00
      0.127      0.002     4.4541    105.762     40.623  40.511425     1.5189      8.328   204.2853 6.5138e+02     8.2828      0.125      0.180    25.5375   996.9275 0.0000e+00
      0.127      0.003     4.4805    117.243     40.681  40.502850     1.5133      8.326   204.3983 6.2486e+02     8.3589      0.124      0.179    25.4300   996.9555 0.0000e+00
      0.128      0.003     4.7855    127.243     40.737  40.517787     1.5098      8.323   204.3388 5.2686e+02     8.3737      0.125      0.182    25.1767   997.0212 0.0000e+00
      0.129      0.002     5.4118    134.899     40.750  40.501513     1.5117      8.319   204.2551 4.6605e+02     8.5595      0.127      0.184    24.9620   997.0764 0.0000e+00
      0.131      0.001     6.1392    139.904     40.763  40.496492     1.5194      8.316   204.1600 4.7640e+02     8.9017      0.129      0.187    24.8389   997.1078 0.0000e+00
      0.132      0.000     6.8375    142.206     40.796  40.520531     1.5253      8.313   204.1350 5.1770e+02     9.1027      0.130      0.188    24.7654   997.1266 0.0000e+00
      0.131     -0.002     7.4464    142.112     40.821  40.538224     1.5214      8.310   204.1254 5.3179e+02     9.1215      0.129      0.187    24.7216   997.1377 0.0000e+00
      0.129     -0.005     7.8970    140.494     40.813  40.519944     1.5157      8.309   203.9584 5.3013e+02     9.0634      0.127      0.184    24.6848   997.1470 0.0000e+00
      0.127     -0.007     8.1946    138.315     40.793  40.489947     1.5173      8.309   203.6641 5.4117e+02     8.9577      0.125      0.181    24.6626   997.1526 0.0000e+00
      0.126     -0.007     8.3263    136.208     40.805  40.492939     1.5145      8.308   203.4931 5.1975e+02     8.8922      0.124      0.179    24.6567   997.1541 0.0000e+00
      0.124     -0.006     8.2997    134.459     40.809  40.492625     1.5084      8.307   203.4387 4.8220e+02     8.8608      0.122      0.176    24.6495   997.1559 0.0000e+00
      0.121     -0.005     8.1865    133.125     40.806  40.486152     1.5039      8.304   203.2649 4.8382e+02     8.8077      0.119      0.173    24.6358   997.1594 0.0000e+00
      0.118     -0.002     8.0489    132.107     40.802  40.478161     1.5028      8.300   203.0269 5.0935e+02     8.7421      0.115      0.168    24.6219   997.1629 0.0000e+00
      0.117      0.001     7.9237    131.287     40.787  40.459477     1.5130      8.297   202.8833 5.5986e+02     8.6898      0.114      0.165    24.6091   997.1662 0.0000e+00
      0.119      0.004     7.8209    130.602     40.782  40.450687     1.5233      8.295   202.8194 6.1879e+02     8.6342      0.116      0.169    24.6052   997.1670 0.0000e+00
      0.123      0.007     7.7465    130.048     40.772  40.435367     1.5237      8.295   202.5985 6.0921e+02     8.5939      0.121      0.175    24.6042   997.1673 0.0000e+00
      0.125      0.011     7.6908    129.651     40.748  40.401204     1.5177      8.291   202.1912 6.4192e+02     8.5964      0.124      0.179    24.5991   997.1687 0.0000e+00
      0.127      0.014     7.6449    129.395     40.719  40.355030     1.5116      8.284   201.9387 7.3154e+02     8.5991      0.124      0.181    24.5925   997.1704 0.0000e+00
      0.131      0.016     7.6059    129.227     40.710  40.321445     1.5187      8.275   201.7837 6.6114e+02     8.5936      0.127      0.184    24.5884   997.1714 0.0000e+00
      0.136      0.016     7.5729    129.101     40.728  40.312516     1.5257      8.268   201.0051 5.0963e+02     8.5956      0.131      0.191    24.5826   997.1729 0.0000e+00
      0.142      0.017     7.5522    128.991     40.749  40.310520     1.5357      8.264   195.4491 4.4978e+02     8.6887      0.139      0.204    24.5714   997.1757 0.0000e+00
      0.147      0.020     7.5411    128.893     40.749  40.297275     1.5699      8.260   183.2186 4.4695e+02     8.9000      0.146      0.212    24.5515   997.1808 0.0000e+00
      0.150      0.025     7.5369    128.815     40.742  40.279318     1.5924      8.255   172.1195 4.9568e+02     9.0520      0.147      0.214    24.5188   997.1890 0.0000e+00
      0.153      0.029     7.5354    128.736     40.762  40.283833     1.5916      8.251   167.1652 5.3050e+02     9.1176      0.150      0.218    24.4814   997.1984 0.0000e+00
      0.159      0.031     7.5332    128.638     40.782  40.288362     1.6034      8.250   165.2182 4.8147e+02     9.2351      0.153      0.223    24.4524   997.2057 0.0000e+00
      0.171      0.031     7.5289    128.572     40.772  40.270576     1.6311      8.251   163.8939 4.4484e+02     9.3910      0.167      0.242    24.4378   997.2094 0.0000e+00
      0.186      0.030     7.5261    128.577     40.763  40.259224     1.6487      8.251   162.8543 4.2577e+02     9.4945      0.187      0.271    24.4286   997.2118 0.0000e+00
      0.196      0.026     7.5257    128.652     40.784  40.278069     1.6522      8.250   161.9398 3.9805e+02     9.5365      0.194      0.282    24.4079   997.2171 0.0000e+00
      0.201      0.020     7.5214    128.774     40.813  40.307970     1.6638      8.249   161.1826 4.2229e+02     9.5064      0.197      0.286    24.3832   997.2233 0.0000e+00
      0.203      0.012     7.5175    128.899     40.805  40.303337     1.6844      8.248   160.6685 5.4019e+02     9.4253      0.199      0.288    24.3770   997.2248 0.0000e+00
      0.203      0.006     7.5183    129.012     40.787  40.285552     1.6939      8.248   160.2844 6.2451e+02     9.3752      0.199      0.288    24.3776   997.2246 0.0000e+00
      0.203      0.002     7.5232    129.114     40.790  40.283381     1.7019      8.248   159.8936 5.3938e+02     9.3590      0.199      0.289    24.3717   997.2261 0.0000e+00
      0.204      0.000     7.5318    129.164     40.789  40.277072     1.7113      8.247   159.4711 4.2498e+02     9.3608      0.200      0.290    24.3743   997.2255 0.0000e+00
      0.204 -3.212e-07     7.5380    129.108     40.788  40.272747     1.7114      8.244   159.2198 3.9214e+02     9.3645      0.200      0.290    24.3829   997.2233 0.0000e+00
      0.203      0.000     7.5444    128.959     40.809  40.294569     1.7034      8.242   159.2648 4.0993e+02     9.3377      0.199      0.289    24.3810   997.2238 0.0000e+00
      0.203      0.000     7.5524    128.803     40.854  40.350461     1.6922      8.240   159.2402 4.3830e+02     9.2990      0.199      0.288    24.3730   997.2258 0.0000e+00
      0.203      0.000     7.5580    128.699     40.861  40.377194     1.7060      8.237   158.9223 4.5809e+02     9.2577      0.199      0.289    24.3666   997.2275 0.0000e+00
      0.203      0.000     7.5556    128.705     40.823  40.363893     1.7402      8.236   158.5184 4.7577e+02     9.1990      0.200      0.290    24.3605   997.2290 0.0000e+00
      0.203      0.001     7.5437    128.831     40.820  40.380132     1.7601      8.237   158.1427 4.5423e+02     9.1464      0.199      0.289    24.3611   997.2288 0.0000e+00
      0.202      0.005     7.5325    128.997     40.811  40.383117     1.7640      8.238   157.8216 3.9885e+02     9.1128      0.199      0.288    24.3733   997.2258 0.0000e+00
      0.202      0.010     7.5212    129.144     40.764  40.336519     1.7614      8.241   157.6475 3.7665e+02     9.0876      0.198      0.286    24.4005   997.2190 0.0000e+00
      0.204      0.016     7.5155    129.255     40.706  40.261114     1.7625      8.241   157.5856 3.8792e+02     9.0378      0.199      0.287    24.4349   997.2103 0.0000e+00
      0.209      0.022     7.5230    129.301     40.647  40.169689     1.7700      8.239   157.5038 3.8740e+02     8.9696      0.203      0.294    24.4577   997.2047 0.0000e+00
      0.217      0.027     7.5310    129.238     40.634  40.119829     1.7739      8.234   157.3472 3.6656e+02     8.9514      0.212      0.308    24.4743   997.2006 0.0000e+00
      0.227      0.031     7.5391    129.063     40.651  40.102587     1.7739      8.228   157.2403 3.4686e+02     8.9489      0.222      0.323    24.4787   997.1994 0.0000e+00
      0.237      0.034     7.5493    128.803     40.669  40.088127     1.8052      8.221   157.2448 3.5110e+02     9.0703      0.233      0.338    24.4551   997.2054 0.0000e+00
      0.246      0.034     7.5598    128.487     40.680  40.071916     1.8660      8.217   157.2291 3.7455e+02     9.3709      0.242      0.350    24.4088   997.2170 0.0000e+00
      0.254      0.035     7.5634    128.193     40.661  40.033501     1.8940      8.217   157.2218 3.8505e+02     9.5360      0.248      0.360    24.3588   997.2295 0.0000e+00
      0.262      0.036     7.5573    127.940     40.654  40.004533     1.9002      8.217   157.2428 3.7879e+02     9.5260      0.257      0.373    24.3185   997.2397 0.0000e+00
      0.270      0.039     7.5490    127.700     40.659  39.975567     1.9151      8.215   157.3108 3.7489e+02     9.5774      0.265      0.384    24.2779   997.2499 0.0000e+00
      0.279      0.042     7.5321    127.512     40.663  39.937160     1.9268      8.213   157.5280 3.6630e+02     9.6989      0.272      0.396    24.2414   997.2589 0.0000e+00
      0.290      0.045     7.5171    127.412     40.682  39.920988     1.9369      8.211   157.7185 3.5960e+02     9.7502      0.284      0.411    24.2228   997.2636 0.0000e+00
      0.304      0.046     7.5075    127.384     40.691  39.906938     1.9427      8.210   157.8069 3.5744e+02     9.7054      0.298      0.432    24.2032   997.2686 0.0000e+00
      0.318      0.046     7.4973    127.394     40.691  39.894223     1.9358      8.207   157.9949 3.5670e+02     9.4204      0.312      0.453    24.1575   997.2800 0.0000e+00
      0.331      0.043     7.4942    127.437     40.695  39.894204     1.9322      8.203   158.1840 3.5450e+02     8.9257      0.326      0.472    24.0974   997.2949 0.0000e+00
      0.342      0.038     7.4951    127.524     40.703  39.906700     1.9427      8.201   158.2871 3.2290e+02     8.6722      0.337      0.489    24.0517   997.3063 0.0000e+00
      0.351      0.033     7.4979    127.629     40.706  39.918345     1.9494      8.198   158.4668 2.9131e+02     8.6486      0.345      0.500    24.0281   997.3122 0.0000e+00
      0.358      0.029     7.5008    127.699     40.689  39.908061     1.9350      8.192   158.6353 2.8779e+02     8.5094      0.352      0.510    24.0121   997.3162 0.0000e+00
      0.363      0.026     7.5035    127.734     40.684  39.909330     1.9066      8.183   158.6908 2.8077e+02     8.2674      0.357      0.517    24.0049   997.3180 0.0000e+00
