Data/DataNotYetUploadedToEDI/Raw_CTD/RawDownloads/100219_fcr50.cnv
* Sea-Bird SBE19plus  Data File:
* FileName = C:\DATA\100219_FCR_50_0002.hex
* Software version 2.8.0.119 SB_Terminal.dll
* Temperature SN = 7809
* Conductivity SN = 7809
* System UpLoad Time = Oct 03 2019 10:14:24
* <ApplicationData>
* <Seaterm232>
# nquan = 16
# nvalues = 762                         
# units = specified
# name 0 = depFM: Depth [fresh water, m]
# name 1 = dz/dtM: Descent Rate [m/s]
# name 2 = sbeox0ML/L: Oxygen, SBE 43 [ml/l]
# name 3 = sbeox0PS: Oxygen, SBE 43 [% saturation]
# name 4 = specc: Specific Conductance [uS/cm]
# name 5 = c0uS/cm: Conductivity [uS/cm]
# name 6 = flECO-AFL: Fluorescence, WET Labs ECO-AFL/FL [mg/m^3]
# name 7 = ph: pH
# name 8 = orp: Oxidation Reduction Potential [mV]
# name 9 = par/sat/log: PAR/Logarithmic, Satlantic
# name 10 = turbWETntu0: Turbidity, WET Labs ECO [NTU]
# name 11 = prdM: Pressure, Strain Gauge [db]
# name 12 = prdE: Pressure, Strain Gauge [psi]
# name 13 = tv290C: Temperature [ITS-90, deg C]
# name 14 = density00: Density [density, kg/m^3]
# name 15 = flag:  0.000e+00
# span 0 =     -0.572,      9.612       
# span 1 =     -0.012,      0.140       
# span 2 =    -0.3343,     8.4636       
# span 3 =     -4.409,    144.462       
# span 4 =     20.544,    436.824       
# span 5 =  21.283967, 335.191927       
# span 6 =    -0.1290,    13.0126       
# span 7 =      6.403,      9.017       
# span 8 =    10.3878,   272.3822       
# span 9 = 1.2338e-01, 4.5896e+02       
# span 10 =    -0.6072,    29.9480      
# span 11 =     -0.570,      9.427      
# span 12 =     -0.826,     13.672      
# span 13 =    12.9360,    27.6398      
# span 14 =   996.3443,   999.5609      
# span 15 = 0.0000e+00, 0.0000e+00      
# interval = seconds: 0.25
# start_time = Oct 02 2019 14:03:42 [Instrument's time stamp, header]
# bad_flag = -9.990e-29
*END*
[from data line 452]
      4.349      0.055     0.1000      1.932     59.844  45.849127     3.5170      7.067    17.6577 2.9128e-01     3.9236      4.265      6.186    13.4364   999.3657 0.0000e+00
      4.363      0.053     0.1017      2.390     61.275  46.950620     3.4824      7.070    15.3233 2.5793e-01     3.7070      4.278      6.205    13.3870   999.3724 0.0000e+00
      4.375      0.051     0.1089      3.055     62.107  47.625458     3.4827      7.073    14.5651 2.2224e-01     3.7095      4.291      6.223    13.3456   999.3779 0.0000e+00
      4.388      0.049     0.1185      3.890     61.830  47.467351     3.3988      7.075    15.0293 2.0204e-01     3.6929      4.304      6.240    13.3172   999.3817 0.0000e+00
      4.401      0.049     0.1362      4.777     61.252  47.071311     3.2400      7.076    15.4297 1.9264e-01     3.6043      4.317      6.260    13.2972   999.3847 0.0000e+00
      4.412      0.049     0.1698      5.601     60.757  46.711046     3.1576      7.078    14.5887 1.8708e-01     3.4896      4.327      6.275    13.2976   999.3853 0.0000e+00
      4.423      0.050     0.2180      6.276     59.971  46.096239     3.1399      7.078    12.3458 1.7665e-01     3.4211      4.337      6.288    13.3319   999.3813 0.0000e+00
      4.436      0.050     0.2834      6.719     59.308  45.543687     3.0176      7.078    10.7673 1.4981e-01     3.2013      4.351      6.310    13.3851   999.3741 0.0000e+00
      4.451      0.049     0.3509      6.951     59.076  45.300998     2.8053      7.077    10.3878 1.2893e-01     2.7333      4.366      6.332    13.4309   999.3679 0.0000e+00
      4.465      0.048     0.4119      7.092     58.927  45.130415     2.6892      7.077    10.5969 1.2404e-01     2.4165      4.379      6.350    13.4453   999.3661 0.0000e+00
      4.478      0.048     0.4651      7.269     58.734  44.941649     2.6621      7.077    11.9187 1.2353e-01     2.3528      4.393      6.371    13.4390   999.3665 0.0000e+00
      4.488      0.053     0.4972      7.618     58.600  44.796624     2.5564      7.077    13.8941 1.2345e-01     2.3892      4.402      6.385    13.4013   999.3712 0.0000e+00
      4.496      0.063     0.5103      8.244     58.553  44.710409     2.3730      7.078    15.1220 1.2344e-01     2.4966      4.407      6.392    13.3325   999.3804 0.0000e+00
      4.507      0.074     0.5191      9.175     58.553  44.661169     2.2655      7.080    15.5808 1.2344e-01     2.5696      4.415      6.404    13.2839   999.3866 0.0000e+00
      4.528      0.084     0.5280     10.375     58.586  44.645710     2.2276      7.080    15.9996 1.2344e-01     2.6494      4.435      6.434    13.2570   999.3902 0.0000e+00
      4.558      0.092     0.5513     11.802     58.632  44.650451     2.0535      7.079    18.1199 1.2350e-01     3.5922      4.469      6.482    13.2233   999.3947 0.0000e+00
      4.591      0.096     0.5972     13.404     58.667  44.654960     1.7563      7.078    21.6872 1.2355e-01     5.3817      4.505      6.534    13.1752   999.4009 0.0000e+00
      4.620      0.094     0.6674     15.068     58.662  44.636690     1.5986      7.077    23.8553 1.2357e-01     6.3933      4.534      6.576    13.1312   999.4068 0.0000e+00
      4.640      0.089     0.7578     16.676     58.653  44.620045     1.5861      7.077    24.2866 1.2358e-01     6.5154      4.551      6.601    13.0975   999.4112 0.0000e+00
      4.658      0.080     0.8631     18.163     58.693  44.644187     1.5704      7.075    24.4071 1.2356e-01     6.8589      4.566      6.623    13.0703   999.4147 0.0000e+00
      4.676      0.072     0.9857     19.489     58.739  44.674582     1.5223      7.072    26.0861 1.2357e-01     7.4654      4.585      6.650    13.0526   999.4171 0.0000e+00
      4.695      0.066     1.1115     20.588     58.739  44.670055     1.4727      7.070    29.1004 1.2357e-01     7.7534      4.604      6.678    13.0412   999.4186 0.0000e+00
      4.713      0.060     1.2318     21.411     58.723  44.652941     1.4561      7.068    31.0832 1.2352e-01     7.7844      4.622      6.705    13.0335   999.4196 0.0000e+00
      4.728      0.054     1.3418     21.975     58.738  44.658156     1.4597      7.066    32.0780 1.2352e-01     7.8079      4.638      6.726    13.0283   999.4205 0.0000e+00
      4.741      0.049     1.4416     22.292     58.759  44.669598     1.4729      7.063    33.1268 1.2357e-01     7.9387      4.651      6.744    13.0246   999.4210 0.0000e+00
      4.752      0.047     1.5251     22.422     58.756  44.664280     1.4943      7.061    34.1279 1.2353e-01     8.2513      4.662      6.762    13.0217   999.4214 0.0000e+00
      4.760      0.049     1.5836     22.457     58.749  44.657354     1.5105      7.060    35.4059 1.2350e-01     8.4748      4.668      6.771    13.0174   999.4220 0.0000e+00
      4.767      0.055     1.6264     22.411     58.740  44.649343     1.5039      7.058    37.3084 1.2355e-01     8.6090      4.673      6.778    13.0116   999.4228 0.0000e+00
      4.779      0.063     1.6487     22.308     58.720  44.630920     1.3289      7.055    39.0622 1.2354e-01     9.3495      4.685      6.795    13.0080   999.4233 0.0000e+00
      4.798      0.073     1.6536     22.237     58.717  44.625100     0.9975      7.053    39.5746 1.2352e-01    10.6445      4.704      6.822    13.0052   999.4237 0.0000e+00
      4.823      0.083     1.6580     22.227     58.743  44.642471     0.8091      7.050    39.6323 1.2354e-01    11.3537      4.728      6.858    13.0033   999.4241 0.0000e+00
      4.848      0.093     1.6542     22.237     58.755  44.650449     0.7759      7.048    40.9647 1.2356e-01    11.5010      4.755      6.897    13.0032   999.4242 0.0000e+00
      4.872      0.098     1.6432     22.268     58.764  44.658057     0.7000      7.046    42.9507 1.2355e-01    11.9340      4.777      6.929    13.0001   999.4247 0.0000e+00
      4.897      0.097     1.6369     22.333     58.778  44.670955     0.5764      7.044    45.1464 1.2350e-01    12.6241      4.800      6.961    12.9964   999.4253 0.0000e+00
      4.925      0.093     1.6390     22.384     58.780  44.679405     0.5038      7.041    46.6047 1.2349e-01    12.9954      4.830      7.005    12.9947   999.4256 0.0000e+00
      4.952      0.088     1.6393     22.385     58.785  44.696728     0.4893      7.039    46.5597 1.2356e-01    13.0150      4.860      7.048    12.9933   999.4259 0.0000e+00
      4.973      0.082     1.6398     22.375     58.757  44.689928     0.4710      7.037    47.2693 1.2360e-01    13.0578      4.878      7.075    12.9938   999.4260 0.0000e+00
      4.991      0.075     1.6472     22.380     58.711  44.660696     0.4307      7.035    49.4195 1.2359e-01    13.1850      4.894      7.099    12.9955   999.4259 0.0000e+00
      5.008      0.068     1.6520     22.376     58.715  44.660801     0.4002      7.032    51.7359 1.2360e-01    13.2430      4.912      7.124    12.9997   999.4254 0.0000e+00
      5.024      0.062     1.6500     22.348     58.762  44.691186     0.3884      7.029    53.0789 1.2355e-01    13.2014      4.927      7.146    13.0135   999.4237 0.0000e+00
      5.040      0.058     1.6473     22.309     58.793  44.710572     0.4005      7.027    53.5258 1.2350e-01    13.1731      4.943      7.170    13.0300   999.4217 0.0000e+00
      5.055      0.056     1.6491     22.275     58.783  44.704688     0.4346      7.025    54.2148 1.2350e-01    13.1956      4.958      7.191    13.0334   999.4213 0.0000e+00
      5.067      0.054     1.6493     22.255     58.746  44.683555     0.4534      7.022    55.2995 1.2348e-01    13.2446      4.968      7.206    13.0288   999.4220 0.0000e+00
      5.079      0.053     1.6467     22.225     58.693  44.645560     0.4542      7.020    56.4883 1.2351e-01    13.2415      4.980      7.224    13.0235   999.4227 0.0000e+00
      5.092      0.053     1.6439     22.185     58.683  44.626295     0.4451      7.019    58.4365 1.2360e-01    13.1904      4.994      7.243    13.0187   999.4233 0.0000e+00
      5.107      0.053     1.6405     22.160     58.728  44.641102     0.4213      7.015    60.8723 1.2363e-01    13.2504      5.008      7.263    13.0194   999.4234 0.0000e+00
      5.121      0.052     1.6401     22.136     58.739  44.634076     0.3922      7.012    62.0206 1.2358e-01    13.3767      5.023      7.286    13.0288   999.4223 0.0000e+00
      5.135      0.049     1.6379     22.110     58.714  44.604826     0.3782      7.010    62.2539 1.2353e-01    13.4387      5.036      7.305    13.0360   999.4213 0.0000e+00
      5.149      0.048     1.6332     22.104     58.722  44.604930     0.3738      7.008    63.0911 1.2353e-01    13.4760      5.050      7.324    13.0226   999.4231 0.0000e+00
      5.160      0.051     1.6341     22.135     58.765  44.635315     0.3733      7.005    65.4321 1.2355e-01    13.4340      5.062      7.341    13.0016   999.4258 0.0000e+00
      5.168      0.058     1.6323     22.201     58.791  44.654712     0.3818      7.002    68.4456 1.2355e-01    13.2917      5.067      7.349    12.9882   999.4276 0.0000e+00
      5.178      0.069     1.6301     22.262     58.784  44.648952     0.3885      6.999    70.0156 1.2350e-01    13.2304      5.076      7.360    12.9799   999.4287 0.0000e+00
      5.195      0.082     1.6297     22.300     58.760  44.629175     0.3942      6.997    70.3048 1.2348e-01    13.2496      5.092      7.385    12.9755   999.4293 0.0000e+00
      5.221      0.093     1.6310     22.335     58.732  44.606086     0.3639      6.995    70.3938 1.2348e-01    13.1635      5.118      7.422    12.9743   999.4296 0.0000e+00
      5.251      0.099     1.6382     22.381     58.757  44.623782     0.2913      6.992    71.6938 1.2348e-01    13.0089      5.149      7.468    12.9744   999.4298 0.0000e+00
      5.284      0.100     1.6430     22.428     58.797  44.652632     0.2532      6.990    74.3213 1.2352e-01    12.9531      5.182      7.516    12.9743   999.4299 0.0000e+00
      5.314      0.095     1.6449     22.455     58.777  44.637408     0.2589      6.987    76.1797 1.2357e-01    12.9811      5.214      7.562    12.9735   999.4301 0.0000e+00
      5.338      0.088     1.6472     22.456     58.767  44.630206     0.2645      6.984    76.7834 1.2358e-01    13.0520      5.239      7.597    12.9717   999.4305 0.0000e+00
      5.353      0.079     1.6508     22.452     58.765  44.629060     0.2606      6.982    77.0608 1.2359e-01    13.1551      5.249      7.613    12.9698   999.4308 0.0000e+00
      5.367      0.070     1.6552     22.476     58.758  44.623551     0.2554      6.980    77.4686 1.2358e-01    13.2118      5.260      7.629    12.9685   999.4310 0.0000e+00
      5.385      0.064     1.6574     22.516     58.764  44.627098     0.2528      6.977    78.1001 1.2363e-01    13.2125      5.282      7.660    12.9682   999.4311 0.0000e+00
      5.405      0.062     1.6567     22.531     58.741  44.608439     0.2555      6.975    79.0174 1.2370e-01    13.1639      5.302      7.690    12.9692   999.4311 0.0000e+00
      5.420      0.064     1.6553     22.534     58.716  44.588454     0.2625      6.973    80.1278 1.2360e-01    13.0832      5.316      7.710    12.9704   999.4310 0.0000e+00
      5.432      0.068     1.6570     22.546     58.701  44.575954     0.2595      6.970    81.2008 1.2346e-01    13.0226      5.327      7.726    12.9699   999.4311 0.0000e+00
      5.445      0.072     1.6624     22.570     58.711  44.584289     0.2537      6.968    81.2364 1.2345e-01    12.9889      5.338      7.742    12.9681   999.4314 0.0000e+00
      5.464      0.078     1.6624     22.605     58.765  44.625738     0.2619      6.965    80.3861 1.2353e-01    12.9699      5.356      7.767    12.9670   999.4316 0.0000e+00
      5.488      0.083     1.6617     22.636     58.775  44.632612     0.2887      6.962    80.9011 1.2360e-01    12.9248      5.384      7.808    12.9663   999.4318 0.0000e+00
      5.513      0.086     1.6635     22.666     58.738  44.603901     0.3177      6.960    82.5586 1.2358e-01    12.8697      5.408      7.843    12.9657   999.4320 0.0000e+00
      5.537      0.087     1.6642     22.706     58.729  44.596095     0.3264      6.959    82.8743 1.2350e-01    12.8605      5.428      7.873    12.9658   999.4321 0.0000e+00
      5.561      0.086     1.6683     22.746     58.737  44.601721     0.3249      6.957    82.0515 1.2351e-01    12.8460      5.455      7.912    12.9664   999.4322 0.0000e+00
      5.582      0.084     1.6698     22.769     58.746  44.608432     0.3258      6.954    82.0743 1.2358e-01    12.8263      5.475      7.941    12.9660   999.4323 0.0000e+00
      5.599      0.081     1.6718     22.787     58.754  44.613732     0.3279      6.952    82.8926 1.2358e-01    12.8837      5.489      7.962    12.9649   999.4325 0.0000e+00
      5.619      0.076     1.6749     22.808     58.739  44.602298     0.3245      6.950    83.7716 1.2357e-01    12.9826      5.509      7.991    12.9643   999.4327 0.0000e+00
      5.642      0.071     1.6790     22.809     58.733  44.597198     0.3190      6.947    84.7856 1.2357e-01    13.0394      5.533      8.025    12.9642   999.4328 0.0000e+00
      5.662      0.067     1.6802     22.799     58.757  44.615562     0.3045      6.945    85.5174 1.2352e-01    12.9811      5.555      8.056    12.9641   999.4329 0.0000e+00
      5.677      0.067     1.6802     22.784     58.781  44.633840     0.2717      6.944    85.8224 1.2352e-01    12.8348      5.569      8.077    12.9637   999.4331 0.0000e+00
      5.688      0.071     1.6841     22.772     58.772  44.627699     0.2516      6.942    86.3221 1.2359e-01    12.7782      5.578      8.090    12.9632   999.4331 0.0000e+00
      5.701      0.078     1.6827     22.772     58.741  44.604809     0.2609      6.939    87.1711 1.2359e-01    12.8198      5.589      8.107    12.9628   999.4332 0.0000e+00
      5.720      0.087     1.6825     22.792     58.749  44.611064     0.2712      6.937    88.5159 1.2356e-01    12.8468      5.607      8.131    12.9630   999.4333 0.0000e+00
      5.746      0.093     1.6807     22.814     58.786  44.639829     0.2637      6.935    90.0206 1.2356e-01    12.8432      5.633      8.170    12.9637   999.4334 0.0000e+00
      5.779      0.096     1.6797     22.795     58.780  44.635102     0.2570      6.933    90.9093 1.2355e-01    12.8085      5.668      8.221    12.9638   999.4335 0.0000e+00
      5.811      0.094     1.6797     22.756     58.757  44.617416     0.2587      6.930    91.2593 1.2356e-01    12.7870      5.701      8.268    12.9639   999.4336 0.0000e+00
      5.836      0.089     1.6806     22.741     58.755  44.616479     0.2587      6.929    91.4138 1.2357e-01    12.8134      5.726      8.305    12.9642   999.4337 0.0000e+00
      5.854      0.082     1.6853     22.746     58.764  44.623774     0.2571      6.926    92.5186 1.2354e-01    12.8329      5.744      8.331    12.9648   999.4338 0.0000e+00
      5.868      0.073     1.6820     22.746     58.788  44.642120     0.2563      6.924    94.5511 1.2349e-01    12.8261      5.753      8.344    12.9651   999.4337 0.0000e+00
      5.883      0.067     1.6779     22.721     58.793  44.647800     0.2493      6.924    95.8555 1.2349e-01    12.8293      5.767      8.364    12.9645   999.4338 0.0000e+00
      5.903      0.063     1.6772     22.696     58.765  44.628959     0.2414      6.923    96.1585 1.2349e-01    12.9368      5.790      8.397    12.9650   999.4339 0.0000e+00
      5.922      0.061     1.6782     22.701     58.729  44.604819     0.2480      6.921    96.1496 1.2355e-01    13.1430      5.809      8.426    12.9654   999.4339 0.0000e+00
      5.936      0.060     1.6792     22.726     58.729  44.609928     0.2592      6.920    96.6946 1.2366e-01    13.2578      5.822      8.445    12.9652   999.4341 0.0000e+00
      5.949      0.056     1.6763     22.737     58.745  44.627233     0.2642      6.918    97.8441 1.2366e-01    13.2436      5.833      8.461    12.9674   999.4338 0.0000e+00
