Data/DataNotYetUploadedToEDI/Raw_CTD/RawDownloads/100219_fcr10.cnv
* Sea-Bird SBE19plus  Data File:
* FileName = C:\DATA\100219_FCR_50_0001.hex
* Software version 2.8.0.119 SB_Terminal.dll
* Temperature SN = 7809
* Conductivity SN = 7809
* System UpLoad Time = Oct 03 2019 10:13:55
* <ApplicationData>
* <Seaterm232>
# nquan = 16
# nvalues = 427                         
# units = specified
# name 0 = depFM: Depth [fresh water, m]
# name 1 = dz/dtM: Descent Rate [m/s]
# name 2 = sbeox0ML/L: Oxygen, SBE 43 [ml/l]
# name 3 = sbeox0PS: Oxygen, SBE 43 [% saturation]
# name 4 = specc: Specific Conductance [uS/cm]
# name 5 = c0uS/cm: Conductivity [uS/cm]
# name 6 = flECO-AFL: Fluorescence, WET Labs ECO-AFL/FL [mg/m^3]
# name 7 = ph: pH
# name 8 = orp: Oxidation Reduction Potential [mV]
# name 9 = par/sat/log: PAR/Logarithmic, Satlantic
# name 10 = turbWETntu0: Turbidity, WET Labs ECO [NTU]
# name 11 = prdM: Pressure, Strain Gauge [db]
# name 12 = prdE: Pressure, Strain Gauge [psi]
# name 13 = tv290C: Temperature [ITS-90, deg C]
# name 14 = density00: Density [density, kg/m^3]
# name 15 = flag:  0.000e+00
# span 0 =     -0.385,      2.298       
# span 1 =     -0.015,      0.216       
# span 2 =     0.1600,     8.3263       
# span 3 =      2.808,    142.206       
# span 4 =     39.831,     45.251       
# span 5 =  38.333447,  42.302963       
# span 6 =     1.0869,     2.7604       
# span 7 =      7.311,      8.777       
# span 8 =   157.2218,   277.1280       
# span 9 = 2.3873e+01, 1.3580e+03       
# span 10 =     2.2865,     9.7502      
# span 11 =     -0.393,      2.254      
# span 12 =     -0.571,      3.269      
# span 13 =    21.5085,    30.3958      
# span 14 =   995.5463,   997.9131      
# span 15 = 0.0000e+00, 0.0000e+00      
# interval = seconds: 0.25
# start_time = Oct 02 2019 13:36:47 [Instrument's time stamp, header]
# bad_flag = -9.990e-29
*END*
[from data line 272]
      1.150      0.029     5.8966     99.034     40.046  38.390945     2.1409      7.842   179.0113 1.2349e+02     7.9784      1.127      1.635    22.9887   997.5669 0.0000e+00
      1.156      0.027     5.9211     98.937     40.060  38.372840     2.0265      7.836   179.5882 1.2143e+02     7.7433      1.133      1.643    22.9996   997.5644 0.0000e+00
      1.163      0.025     5.9376     98.773     40.081  38.374063     2.0112      7.831   180.1274 1.1961e+02     7.6841      1.142      1.655    23.0018   997.5638 0.0000e+00
      1.170      0.023     5.9502     98.518     40.122  38.405708     2.0162      7.828   180.5410 1.1917e+02     7.5238      1.148      1.665    22.9749   997.5703 0.0000e+00
      1.175      0.022     5.9537     98.260     40.155  38.438048     2.0183      7.826   180.8893 1.1885e+02     7.2806      1.153      1.672    22.9273   997.5816 0.0000e+00
      1.180      0.022     5.9511     98.087     40.163  38.447695     2.0106      7.824   181.1549 1.1793e+02     7.1681      1.157      1.678    22.8820   997.5922 0.0000e+00
      1.185      0.021     5.9473     97.965     40.175  38.458868     2.0015      7.820   181.3425 1.1603e+02     7.1798      1.160      1.684    22.8592   997.5976 0.0000e+00
      1.190      0.021     5.9293     97.888     40.218  38.509659     1.9675      7.818   181.6099 1.1490e+02     7.2584      1.166      1.691    22.8522   997.5992 0.0000e+00
      1.196      0.020     5.9098     97.878     40.238  38.553994     1.9031      7.815   181.8061 1.1455e+02     7.3970      1.173      1.701    22.8562   997.5983 0.0000e+00
      1.202      0.020     5.9019     97.917     40.203  38.550607     1.8655      7.812   181.8221 1.1358e+02     7.5126      1.180      1.711    22.8627   997.5968 0.0000e+00
      1.207      0.021     5.8947     97.994     40.160  38.532232     1.8683      7.809   181.8898 1.1231e+02     7.5414      1.184      1.718    22.8537   997.5990 0.0000e+00
      1.211      0.022     5.8883     98.098     40.138  38.522287     1.8408      7.807   182.1085 1.1067e+02     7.2209      1.187      1.722    22.8621   997.5971 0.0000e+00
      1.215      0.023     5.8844     98.202     40.109  38.493862     1.7584      7.805   182.3159 1.0917e+02     6.6206      1.190      1.727    22.9010   997.5879 0.0000e+00
      1.222      0.026     5.8823     98.292     40.072  38.442457     1.7047      7.802   182.5044 1.0788e+02     6.3126      1.197      1.737    22.9426   997.5780 0.0000e+00
      1.230      0.028     5.8833     98.297     40.074  38.408557     1.7042      7.798   182.7529 1.0639e+02     6.3146      1.207      1.750    22.9721   997.5712 0.0000e+00
      1.238      0.030     5.8894     98.156     40.124  38.401327     1.6827      7.795   182.9977 1.0502e+02     6.1866      1.213      1.760    22.9866   997.5678 0.0000e+00
      1.246      0.031     5.8946     97.894     40.194  38.418431     1.6265      7.791   183.1404 1.0339e+02     5.8786      1.221      1.772    22.9867   997.5677 0.0000e+00
      1.255      0.030     5.9040     97.507     40.227  38.424857     1.5885      7.788   183.2744 1.0190e+02     5.6725      1.231      1.785    22.9699   997.5717 0.0000e+00
      1.262      0.030     5.9114     96.925     40.229  38.415509     1.5784      7.784   183.5844 1.0081e+02     5.6278      1.238      1.795    22.9284   997.5815 0.0000e+00
      1.270      0.030     5.9100     96.108     40.260  38.432351     1.5818      7.779   183.9644 9.9196e+01     5.5995      1.246      1.807    22.8459   997.6011 0.0000e+00
      1.277      0.030     5.9031     95.163     40.283  38.438034     1.5955      7.774   184.2545 9.7650e+01     5.5278      1.251      1.815    22.7695   997.6191 0.0000e+00
      1.283      0.031     5.8840     94.250     40.278  38.420716     1.5962      7.769   184.3380 9.6542e+01     5.4815      1.257      1.823    22.7481   997.6242 0.0000e+00
      1.292      0.031     5.8513     93.449     40.281  38.413378     1.5822      7.763   184.2861 9.5084e+01     5.4982      1.266      1.837    22.7450   997.6249 0.0000e+00
      1.301      0.031     5.8011     92.827     40.292  38.412773     1.5822      7.757   184.3161 9.3170e+01     5.5010      1.276      1.851    22.7266   997.6292 0.0000e+00
      1.310      0.030     5.7419     92.425     40.301  38.413391     1.6043      7.752   184.3553 9.1383e+01     5.4166      1.285      1.863    22.7015   997.6352 0.0000e+00
      1.318      0.028     5.6881     92.222     40.311  38.420838     1.6333      7.747   184.4161 9.0255e+01     5.2971      1.293      1.875    22.6888   997.6382 0.0000e+00
      1.324      0.027     5.6389     92.203     40.328  38.439334     1.6460      7.743   184.6213 8.9109e+01     5.2362      1.299      1.885    22.6772   997.6409 0.0000e+00
      1.329      0.027     5.6019     92.323     40.331  38.446586     1.6370      7.739   184.8575 8.7864e+01     5.2048      1.304      1.891    22.6605   997.6448 0.0000e+00
      1.335      0.028     5.5801     92.499     40.331  38.445055     1.6195      7.736   185.0345 8.6846e+01     4.9830      1.309      1.898    22.6503   997.6473 0.0000e+00
      1.341      0.031     5.5675     92.659     40.392  38.484299     1.5999      7.732   185.2136 8.5587e+01     4.5527      1.315      1.907    22.6494   997.6475 0.0000e+00
      1.350      0.035     5.5673     92.724     40.481  38.540185     1.5899      7.727   185.3884 8.3924e+01     4.2953      1.322      1.918    22.6502   997.6473 0.0000e+00
      1.360      0.037     5.5757     92.572     40.516  38.549417     1.5862      7.722   185.5126 8.2033e+01     4.2640      1.333      1.934    22.6603   997.6451 0.0000e+00
      1.372      0.037     5.5868     92.063     40.512  38.532416     1.5809      7.718   185.5972 8.0360e+01     4.2728      1.345      1.951    22.6673   997.6435 0.0000e+00
      1.382      0.036     5.6011     91.140     40.510  38.525039     1.5863      7.714   185.8086 7.8814e+01     4.3031      1.356      1.967    22.6378   997.6504 0.0000e+00
      1.392      0.034     5.6123     89.886     40.510  38.523687     1.5899      7.712   186.1766 7.7275e+01     4.3024      1.366      1.981    22.5943   997.6607 0.0000e+00
      1.401      0.031     5.6100     88.486     40.505  38.516073     1.5899      7.709   186.5182 7.6193e+01     4.2643      1.374      1.993    22.5612   997.6684 0.0000e+00
      1.408      0.028     5.5828     87.192     40.482  38.496458     1.6306      7.705   186.8421 7.5381e+01     4.2026      1.381      2.002    22.5472   997.6717 0.0000e+00
      1.413      0.026     5.5247     86.205     40.454  38.476960     1.7092      7.700   187.0802 7.4341e+01     4.1139      1.387      2.010    22.5433   997.6726 0.0000e+00
      1.419      0.024     5.4453     85.596     40.444  38.470772     1.7600      7.695   187.1604 7.3216e+01     4.0767      1.392      2.018    22.5425   997.6728 0.0000e+00
      1.425      0.023     5.3548     85.385     40.462  38.485124     1.7680      7.691   187.2101 7.2228e+01     4.0804      1.398      2.027    22.5398   997.6735 0.0000e+00
      1.432      0.023     5.2715     85.557     40.505  38.523524     1.7622      7.687   187.3368 7.1324e+01     4.0275      1.405      2.037    22.5365   997.6742 0.0000e+00
      1.438      0.022     5.2099     85.983     40.538  38.554186     1.7592      7.682   187.5733 7.0539e+01     3.9286      1.411      2.046    22.5533   997.6703 0.0000e+00
      1.443      0.022     5.1719     86.498     40.517  38.538456     1.7665      7.678   187.8333 6.9782e+01     3.8686      1.416      2.052    22.5606   997.6687 0.0000e+00
      1.448      0.022     5.1595     86.998     40.491  38.523780     1.7724      7.674   188.0711 6.8822e+01     3.8589      1.421      2.060    22.5509   997.6710 0.0000e+00
      1.453      0.023     5.1736     87.375     40.525  38.567185     1.7695      7.671   188.2976 6.7864e+01     3.8762      1.426      2.067    22.5471   997.6718 0.0000e+00
      1.459      0.026     5.2041     87.551     40.575  38.618936     1.7748      7.668   188.4202 6.7107e+01     3.8816      1.431      2.075    22.5456   997.6723 0.0000e+00
      1.465      0.031     5.2357     87.566     40.615  38.641671     1.7931      7.666   188.4355 6.6149e+01     3.8588      1.437      2.084    22.5504   997.6712 0.0000e+00
      1.474      0.035     5.2672     87.439     40.660  38.651609     1.8085      7.663   188.4830 6.4777e+01     3.8622      1.443      2.094    22.5642   997.6679 0.0000e+00
      1.484      0.038     5.2910     87.069     40.721  38.675564     1.8227      7.658   188.5641 6.3328e+01     3.8900      1.454      2.109    22.5816   997.6640 0.0000e+00
      1.495      0.040     5.2985     86.359     40.814  38.740832     1.8872      7.653   188.6413 6.1929e+01     3.9003      1.466      2.127    22.5942   997.6612 0.0000e+00
      1.507      0.042     5.2996     85.299     40.893  38.805930     1.9991      7.649   188.7278 6.0654e+01     3.8880      1.478      2.144    22.5752   997.6656 0.0000e+00
      1.518      0.042     5.3009     83.928     40.922  38.827847     2.0654      7.646   188.8358 5.9592e+01     3.8732      1.489      2.160    22.5248   997.6774 0.0000e+00
      1.529      0.041     5.2854     82.313     40.916  38.815377     2.0816      7.642   189.0012 5.8477e+01     3.8525      1.499      2.174    22.4765   997.6886 0.0000e+00
      1.539      0.040     5.2451     80.554     40.889  38.782107     2.1858      7.637   189.1782 5.7418e+01     3.7686      1.509      2.189    22.4489   997.6951 0.0000e+00
      1.548      0.037     5.1808     78.810     40.855  38.742982     2.3804      7.632   189.3419 5.6484e+01     3.6447      1.518      2.201    22.4406   997.6971 0.0000e+00
      1.558      0.034     5.0965     77.235     40.837  38.723187     2.4846      7.627   189.5184 5.5415e+01     3.5999      1.527      2.214    22.4359   997.6982 0.0000e+00
      1.568      0.032     4.9980     75.937     40.847  38.733193     2.4915      7.622   189.6772 5.4440e+01     3.6205      1.538      2.231    22.4282   997.7001 0.0000e+00
      1.576      0.031     4.8876     74.959     40.851  38.737006     2.4560      7.617   189.7992 5.3694e+01     3.6316      1.546      2.243    22.4172   997.7027 0.0000e+00
      1.581      0.029     4.7801     74.314     40.816  38.705808     2.3758      7.613   189.8743 5.2930e+01     3.6352      1.551      2.249    22.4071   997.7050 0.0000e+00
      1.587      0.029     4.6815     73.999     40.779  38.673378     2.3190      7.611   189.8972 5.2124e+01     3.6320      1.556      2.257    22.4061   997.7052 0.0000e+00
      1.595      0.029     4.6023     73.978     40.767  38.662306     2.3062      7.610   189.9045 5.1323e+01     3.6257      1.563      2.267    22.4074   997.7050 0.0000e+00
      1.603      0.029     4.5432     74.219     40.740  38.635407     2.2386      7.607   189.9625 5.0428e+01     3.6898      1.572      2.279    22.4059   997.7054 0.0000e+00
      1.611      0.029     4.5027     74.662     40.708  38.602066     2.0998      7.602   190.2535 4.9458e+01     3.8172      1.579      2.290    22.4087   997.7047 0.0000e+00
      1.619      0.029     4.4854     75.226     40.683  38.576573     2.0162      7.597   190.7560 4.8577e+01     3.8874      1.588      2.303    22.4139   997.7036 0.0000e+00
      1.626      0.030     4.4835     75.873     40.622  38.517606     1.9997      7.592   191.1341 4.7942e+01     3.8835      1.594      2.314    22.4141   997.7036 0.0000e+00
      1.632      0.033     4.5000     76.589     40.567  38.460410     2.0032      7.586   191.3835 4.7483e+01     3.8684      1.600      2.321    22.4115   997.7042 0.0000e+00
      1.638      0.036     4.5295     77.333     40.572  38.456322     2.0587      7.578   191.7065 4.6928e+01     3.8680      1.606      2.329    22.4088   997.7049 0.0000e+00
      1.648      0.038     4.5646     78.036     40.591  38.468163     2.1416      7.569   192.0284 4.6176e+01     3.8464      1.614      2.341    22.4043   997.7059 0.0000e+00
      1.661      0.039     4.6039     78.675     40.597  38.476617     2.1732      7.562   192.2634 4.5480e+01     3.8366      1.629      2.362    22.4050   997.7058 0.0000e+00
      1.675      0.039     4.6480     79.245     40.611  38.495059     2.1724      7.556   192.3972 4.5055e+01     3.8478      1.643      2.384    22.4028   997.7063 0.0000e+00
      1.686      0.038     4.6973     79.719     40.614  38.500719     2.2270      7.553   192.5275 4.4848e+01     3.7198      1.654      2.399    22.3846   997.7106 0.0000e+00
      1.694      0.035     4.7409     80.062     40.591  38.481571     2.3312      7.551   192.7211 4.4789e+01     3.5014      1.662      2.411    22.3750   997.7128 0.0000e+00
      1.701      0.031     4.7787     80.258     40.561  38.453976     2.3837      7.548   192.8455 4.4826e+01     3.3700      1.668      2.420    22.3835   997.7109 0.0000e+00
      1.706      0.027     4.8136     80.330     40.531  38.420986     2.3758      7.546   192.9128 4.4750e+01     3.3105      1.672      2.426    22.3904   997.7093 0.0000e+00
      1.713      0.025     4.8426     80.287     40.518  38.400089     2.4083      7.543   192.9320 4.4451e+01     3.3075      1.679      2.436    22.3920   997.7090 0.0000e+00
      1.721      0.024     4.8644     80.139     40.517  38.391731     2.4993      7.541   192.9056 4.4192e+01     3.3663      1.689      2.449    22.3960   997.7081 0.0000e+00
      1.727      0.024     4.8742     79.935     40.514  38.383400     2.5578      7.540   192.9382 4.4029e+01     3.4313      1.694      2.458    22.4007   997.7070 0.0000e+00
      1.732      0.025     4.8793     79.720     40.498  38.362830     2.5610      7.539   192.9818 4.3841e+01     3.4375      1.699      2.464    22.3939   997.7086 0.0000e+00
      1.738      0.026     4.8786     79.534     40.473  38.333447     2.5549      7.537   193.0020 4.3687e+01     3.4086      1.705      2.472    22.3793   997.7120 0.0000e+00
      1.744      0.029     4.8683     79.389     40.491  38.345509     2.5539      7.537   193.0968 4.3447e+01     3.4097      1.710      2.480    22.3720   997.7136 0.0000e+00
      1.751      0.033     4.8561     79.258     40.535  38.381708     2.5569      7.537   193.2673 4.3025e+01     3.4181      1.716      2.489    22.3665   997.7150 0.0000e+00
      1.760      0.037     4.8425     79.128     40.550  38.390250     2.5652      7.536   193.4288 4.2513e+01     3.4122      1.726      2.503    22.3577   997.7171 0.0000e+00
      1.771      0.039     4.8316     78.973     40.550  38.385308     2.5682      7.534   193.5008 4.1938e+01     3.4040      1.736      2.518    22.3504   997.7188 0.0000e+00
      1.783      0.039     4.8247     78.746     40.556  38.385418     2.5581      7.532   193.4501 4.1366e+01     3.3845      1.748      2.536    22.3441   997.7203 0.0000e+00
      1.795      0.038     4.8168     78.432     40.571  38.391580     2.5559      7.530   193.4181 4.0868e+01     3.3725      1.761      2.554    22.3384   997.7217 0.0000e+00
      1.805      0.036     4.8098     78.053     40.586  38.396318     2.5666      7.528   193.4585 4.0448e+01     3.3898      1.771      2.569    22.3326   997.7231 0.0000e+00
      1.813      0.034     4.8031     77.663     40.575  38.379210     2.5750      7.528   193.4213 4.0148e+01     3.3969      1.779      2.581    22.3250   997.7249 0.0000e+00
      1.819      0.034     4.7894     77.293     40.576  38.375163     2.6143      7.527   193.3993 3.9924e+01     3.2620      1.784      2.588    22.3192   997.7263 0.0000e+00
      1.825      0.035     4.7711     76.901     40.629  38.410850     2.6949      7.524   193.5368 3.9534e+01     3.0379      1.788      2.594    22.3115   997.7281 0.0000e+00
