Data/DataNotYetUploadedToEDI/Raw_CTD/RawDownloads/100219_fcr10.cnv
* Sea-Bird SBE19plus  Data File:
* FileName = C:\DATA\100219_FCR_50_0001.hex
* Software version 2.8.0.119 SB_Terminal.dll
* Temperature SN = 7809
* Conductivity SN = 7809
* System UpLoad Time = Oct 03 2019 10:13:55
* <ApplicationData>
* <Seaterm232>
# nquan = 16
# nvalues = 427                         
# units = specified
# name 0 = depFM: Depth [fresh water, m]
# name 1 = dz/dtM: Descent Rate [m/s]
# name 2 = sbeox0ML/L: Oxygen, SBE 43 [ml/l]
# name 3 = sbeox0PS: Oxygen, SBE 43 [% saturation]
# name 4 = specc: Specific Conductance [uS/cm]
# name 5 = c0uS/cm: Conductivity [uS/cm]
# name 6 = flECO-AFL: Fluorescence, WET Labs ECO-AFL/FL [mg/m^3]
# name 7 = ph: pH
# name 8 = orp: Oxidation Reduction Potential [mV]
# name 9 = par/sat/log: PAR/Logarithmic, Satlantic
# name 10 = turbWETntu0: Turbidity, WET Labs ECO [NTU]
# name 11 = prdM: Pressure, Strain Gauge [db]
# name 12 = prdE: Pressure, Strain Gauge [psi]
# name 13 = tv290C: Temperature [ITS-90, deg C]
# name 14 = density00: Density [density, kg/m^3]
# name 15 = flag:  0.000e+00
# span 0 =     -0.385,      2.298       
# span 1 =     -0.015,      0.216       
# span 2 =     0.1600,     8.3263       
# span 3 =      2.808,    142.206       
# span 4 =     39.831,     45.251       
# span 5 =  38.333447,  42.302963       
# span 6 =     1.0869,     2.7604       
# span 7 =      7.311,      8.777       
# span 8 =   157.2218,   277.1280       
# span 9 = 2.3873e+01, 1.3580e+03       
# span 10 =     2.2865,     9.7502      
# span 11 =     -0.393,      2.254      
# span 12 =     -0.571,      3.269      
# span 13 =    21.5085,    30.3958      
# span 14 =   995.5463,   997.9131      
# span 15 = 0.0000e+00, 0.0000e+00      
# interval = seconds: 0.25
# start_time = Oct 02 2019 13:36:47 [Instrument's time stamp, header]
# bad_flag = -9.990e-29
*END*
[from data line 362]
      1.846      0.041     4.7237     75.909     40.688  38.413879     2.7492      7.519   193.8202 3.8299e+01     2.9643      1.810      2.624    22.2877   997.7336 0.0000e+00
      1.858      0.043     4.7028     75.234     40.698  38.408685     2.7468      7.516   193.8752 3.7664e+01     2.9693      1.822      2.642    22.2880   997.7335 0.0000e+00
      1.872      0.044     4.6810     74.316     40.727  38.430459     2.7413      7.513   193.9411 3.7113e+01     2.9431      1.836      2.663    22.2728   997.7371 0.0000e+00
      1.884      0.043     4.6572     73.143     40.795  38.486706     2.7446      7.511   194.0154 3.6695e+01     2.9431      1.847      2.679    22.2327   997.7464 0.0000e+00
      1.894      0.040     4.6287     71.864     40.906  38.580931     2.7604      7.509   194.0852 3.6272e+01     2.9696      1.857      2.694    22.1910   997.7559 0.0000e+00
      1.904      0.035     4.5922     70.594     41.025  38.680997     2.7404      7.507   194.2687 3.5858e+01     2.9681      1.867      2.708    22.1789   997.7588 0.0000e+00
      1.913      0.031     4.5374     69.327     41.109  38.744396     2.6774      7.505   194.4269 3.5526e+01     2.9576      1.876      2.720    22.1774   997.7592 0.0000e+00
      1.920      0.027     4.4619     68.019     41.158  38.776145     2.6397      7.503   194.4495 3.5231e+01     2.9413      1.884      2.732    22.1659   997.7618 0.0000e+00
      1.926      0.025     4.3818     66.593     41.205  38.810938     2.6312      7.501   194.5424 3.5023e+01     2.9349      1.890      2.741    22.1537   997.7647 0.0000e+00
      1.930      0.025     4.3071     64.953     41.250  38.847660     2.6361      7.498   194.7755 3.4893e+01     2.9457      1.893      2.745    22.1397   997.7680 0.0000e+00
      1.935      0.026     4.2319     63.100     41.314  38.902748     2.6639      7.495   194.9447 3.4668e+01     2.9410      1.896      2.750    22.1186   997.7729 0.0000e+00
      1.941      0.027     4.1553     61.181     41.389  38.969153     2.6818      7.492   195.0393 3.4299e+01     2.9115      1.902      2.759    22.0984   997.7775 0.0000e+00
      1.950      0.029     4.0720     59.373     41.444  39.015757     2.6791      7.490   195.2313 3.3902e+01     2.8836      1.912      2.773    22.0873   997.7801 0.0000e+00
      1.959      0.031     3.9725     57.734     41.525  39.085341     2.6653      7.486   195.4592 3.3555e+01     2.8989      1.922      2.787    22.0817   997.7815 0.0000e+00
      1.968      0.033     3.8563     56.268     41.631  39.175662     2.6364      7.480   195.6435 3.3234e+01     2.9314      1.929      2.798    22.0766   997.7826 0.0000e+00
      1.976      0.033     3.7337     54.953     41.694  39.219083     2.6075      7.475   195.7394 3.2930e+01     2.9165      1.937      2.810    22.0715   997.7839 0.0000e+00
      1.983      0.033     3.6239     53.674     41.722  39.229431     2.5930      7.471   195.7582 3.2645e+01     2.8821      1.945      2.821    22.0660   997.7851 0.0000e+00
      1.991      0.033     3.5243     52.307     41.739  39.237277     2.5992      7.466   195.7852 3.2305e+01     2.8766      1.951      2.830    22.0591   997.7867 0.0000e+00
      2.000      0.033     3.4346     50.791     41.756  39.250462     2.6134      7.460   195.8079 3.1910e+01     2.9152      1.961      2.844    22.0491   997.7891 0.0000e+00
      2.010      0.032     3.3594     49.155     41.772  39.261874     2.6179      7.455   195.8600 3.1544e+01     2.9560      1.973      2.861    22.0280   997.7940 0.0000e+00
      2.019      0.030     3.2851     47.511     41.765  39.248297     2.6190      7.451   195.9852 3.1227e+01     2.9438      1.980      2.872    22.0041   997.7995 0.0000e+00
      2.026      0.030     3.2039     46.006     41.800  39.276728     2.6170      7.446   196.1169 3.0987e+01     2.8978      1.988      2.883    21.9949   997.8016 0.0000e+00
      2.033      0.030     3.1103     44.777     41.886  39.351708     2.6370      7.441   196.2484 3.0810e+01     2.8272      1.994      2.892    21.9962   997.8013 0.0000e+00
      2.038      0.031     3.0075     43.922     41.940  39.393083     2.6882      7.437   196.4556 3.0587e+01     2.7780      1.998      2.898    21.9936   997.8019 0.0000e+00
      2.045      0.033     2.9047     43.471     42.018  39.459574     2.7243      7.434   196.6427 3.0256e+01     2.7611      2.004      2.908    21.9797   997.8051 0.0000e+00
      2.055      0.036     2.8095     43.318     42.222  39.647786     2.7349      7.429   196.7898 2.9849e+01     2.7218      2.014      2.922    21.9768   997.8058 0.0000e+00
      2.066      0.038     2.7323     43.245     42.557  39.954708     2.7304      7.424   196.9443 2.9434e+01     2.7289      2.026      2.938    21.9748   997.8064 0.0000e+00
      2.077      0.039     2.6797     43.078     42.886  40.250313     2.7217      7.419   197.0486 2.9060e+01     2.8474      2.037      2.954    21.9549   997.8109 0.0000e+00
      2.087      0.039     2.6548     42.705     43.093  40.428628     2.7255      7.414   197.1899 2.8745e+01     2.9739      2.047      2.969    21.9477   997.8126 0.0000e+00
      2.097      0.038     2.6512     41.924     43.276  40.587049     2.7241      7.410   197.4484 2.8422e+01     2.9797      2.057      2.983    21.9493   997.8124 0.0000e+00
      2.107      0.038     2.6513     40.472     43.489  40.769079     2.6179      7.406   197.6784 2.8090e+01     2.8193      2.067      2.998    21.9402   997.8146 0.0000e+00
      2.116      0.038     2.6423     38.183     43.609  40.851917     2.4210      7.401   197.8203 2.7825e+01     2.6085      2.076      3.011    21.9225   997.8188 0.0000e+00
      2.125      0.039     2.6259     35.198     43.626  40.826770     2.3118      7.395   198.0459 2.7545e+01     2.5277      2.083      3.021    21.9020   997.8234 0.0000e+00
      2.134      0.040     2.5845     31.835     43.626  40.782393     2.3031      7.390   198.2552 2.7172e+01     2.5312      2.092      3.033    21.8892   997.8265 0.0000e+00
      2.145      0.041     2.5012     28.143     43.644  40.759701     2.3503      7.385   198.2862 2.6805e+01     2.5527      2.105      3.053    21.8741   997.8300 0.0000e+00
      2.157      0.043     2.3601     24.112     43.660  40.742815     2.4398      7.381   198.2482 2.6482e+01     2.6237      2.115      3.068    21.8391   997.8380 0.0000e+00
      2.168      0.043     2.1665     19.976     43.646  40.705144     2.4928      7.377   198.2252 2.6148e+01     2.7011      2.126      3.083    21.7884   997.8495 0.0000e+00
      2.180      0.043     1.9641     15.977     43.642  40.685108     2.4806      7.374   198.2663 2.5834e+01     2.7350      2.138      3.101    21.7333   997.8619 0.0000e+00
      2.191      0.042     1.7421     12.321     43.657  40.690994     2.2391      7.370   198.3149 2.5527e+01     2.6401      2.148      3.116    21.6863   997.8725 0.0000e+00
      2.202      0.041     1.4861      9.188     43.685  40.712817     1.7930      7.367   198.2972 2.5192e+01     2.4389      2.160      3.133    21.6513   997.8804 0.0000e+00
      2.212      0.038     1.2275      6.617     43.735  40.758499     1.5424      7.364   198.3107 2.4915e+01     2.3012      2.170      3.148    21.6230   997.8867 0.0000e+00
      2.221      0.035     0.9785      4.656     43.773  40.798931     1.5158      7.361   198.3919 2.4699e+01     2.2865      2.178      3.159    21.6042   997.8909 0.0000e+00
      2.230      0.031     0.7464      3.391     43.783  40.820772     1.5057      7.358   198.5906 2.4496e+01     2.3265      2.187      3.172    21.5962   997.8927 0.0000e+00
      2.238      0.027     0.5553      2.808     43.779  40.832127     1.4125      7.354   198.9064 2.4338e+01     2.3915      2.196      3.185    21.5915   997.8939 0.0000e+00
      2.244      0.024     0.3955      2.810     43.815  40.872765     1.2466      7.352   199.0263 2.4229e+01     2.4817      2.202      3.194    21.5900   997.8942 0.0000e+00
      2.249      0.022     0.2711      3.271     43.948  40.994704     1.1558      7.350   199.0084 2.4146e+01     2.5324      2.206      3.200    21.5927   997.8936 0.0000e+00
      2.253      0.021     0.1945      4.057     44.136  41.163711     1.1466      7.347   199.1200 2.4083e+01     2.5461      2.211      3.204    21.6094   997.8899 0.0000e+00
      2.258      0.019     0.1600      4.997     44.257  41.265546     1.1360      7.343   199.1711 2.4013e+01     2.5495      2.214      3.211    21.6345   997.8844 0.0000e+00
      2.264      0.019     0.1638      5.911     44.282  41.273666     1.1139      7.339   199.1955 2.3941e+01     2.5407      2.220      3.220    21.6418   997.8828 0.0000e+00
      2.269      0.018     0.1940      6.609     44.283  41.261864     1.0962      7.337   199.3292 2.3896e+01     2.5044      2.225      3.227    21.6356   997.8842 0.0000e+00
      2.274      0.016     0.2469      6.959     44.280  41.249806     1.0869      7.334   199.4110 2.3873e+01     2.4384      2.231      3.236    21.6286   997.8859 0.0000e+00
      2.278      0.014     0.3083      6.961     44.295  41.254836     1.0971      7.331   199.4955 2.3882e+01     2.4305      2.235      3.241    21.6166   997.8886 0.0000e+00
      2.281      0.011     0.3692      6.708     44.378  41.322667     1.1327      7.329   199.5772 2.3913e+01     2.5080      2.237      3.243    21.5979   997.8928 0.0000e+00
      2.283      0.009     0.4159      6.312     44.502  41.435056     1.1618      7.326   199.5395 2.3961e+01     2.5557      2.239      3.247    21.5814   997.8964 0.0000e+00
      2.285      0.008     0.4371      5.876     44.676  41.597906     1.1628      7.323   199.5552 2.4017e+01     2.5161      2.241      3.250    21.5750   997.8979 0.0000e+00
      2.286      0.008     0.4349      5.503     44.928  41.831447     1.1542      7.321   199.5944 2.4054e+01     2.4553      2.242      3.252    21.5649   997.9002 0.0000e+00
      2.288      0.008     0.4167      5.215     45.158  42.036672     1.1529      7.318   199.4974 2.4075e+01     2.4101      2.244      3.255    21.5480   997.9040 0.0000e+00
      2.291      0.008     0.3908      4.985     45.251  42.111069     1.1556      7.316   199.4146 2.4104e+01     2.3951      2.246      3.258    21.5467   997.9043 0.0000e+00
      2.293      0.007     0.3604      4.819     45.245  42.096063     1.1611      7.314   199.5403 2.4159e+01     2.4059      2.249      3.261    21.5518   997.9032 0.0000e+00
      2.295      0.006     0.3374      4.708     45.189  42.045698     1.1759      7.312   199.8128 2.4244e+01     2.4421      2.251      3.265    21.5509   997.9035 0.0000e+00
      2.297      0.006     0.3214      4.661     45.146  42.010026     1.1864      7.311   199.9563 2.4301e+01     2.4722      2.252      3.267    21.5401   997.9061 0.0000e+00
      2.297 -9.990e-29     0.3058 -9.990e-29 -9.990e-29 -9.990e-29 -9.990e-29 -9.990e-29 -9.990e-29 2.4316e+01 -9.990e-29      2.253      3.267    21.5250   997.9094 0.0000e+00
      2.297 -9.990e-29     0.2968 -9.990e-29 -9.990e-29 -9.990e-29 -9.990e-29 -9.990e-29 -9.990e-29 2.4432e+01 -9.990e-29      2.253      3.268    21.5085   997.9131 0.0000e+00
      2.298 -9.990e-29     0.2899 -9.990e-29 -9.990e-29 -9.990e-29 -9.990e-29 -9.990e-29 -9.990e-29 2.4662e+01 -9.990e-29      2.253      3.268    21.5134   997.9120 0.0000e+00
      2.298 -9.990e-29     0.2847 -9.990e-29 -9.990e-29 -9.990e-29 -9.990e-29 -9.990e-29 -9.990e-29 2.4782e+01 -9.990e-29      2.254      3.269    21.5305   997.9081 0.0000e+00
