Data/DataNotYetUploadedToEDI/Raw_CTD/RawDownloads/100219_fcr10.cnv
* Sea-Bird SBE19plus  Data File:
* FileName = C:\DATA\100219_FCR_50_0001.hex
* Software version 2.8.0.119 SB_Terminal.dll
* Temperature SN = 7809
* Conductivity SN = 7809
* System UpLoad Time = Oct 03 2019 10:13:55
* <ApplicationData>
* <Seaterm232>
# nquan = 16
# nvalues = 427                         
# units = specified
# name 0 = depFM: Depth [fresh water, m]
# name 1 = dz/dtM: Descent Rate [m/s]
# name 2 = sbeox0ML/L: Oxygen, SBE 43 [ml/l]
# name 3 = sbeox0PS: Oxygen, SBE 43 [% saturation]
# name 4 = specc: Specific Conductance [uS/cm]
# name 5 = c0uS/cm: Conductivity [uS/cm]
# name 6 = flECO-AFL: Fluorescence, WET Labs ECO-AFL/FL [mg/m^3]
# name 7 = ph: pH
# name 8 = orp: Oxidation Reduction Potential [mV]
# name 9 = par/sat/log: PAR/Logarithmic, Satlantic
# name 10 = turbWETntu0: Turbidity, WET Labs ECO [NTU]
# name 11 = prdM: Pressure, Strain Gauge [db]
# name 12 = prdE: Pressure, Strain Gauge [psi]
# name 13 = tv290C: Temperature [ITS-90, deg C]
# name 14 = density00: Density [density, kg/m^3]
# name 15 = flag:  0.000e+00
# span 0 =     -0.385,      2.298       
# span 1 =     -0.015,      0.216       
# span 2 =     0.1600,     8.3263       
# span 3 =      2.808,    142.206       
# span 4 =     39.831,     45.251       
# span 5 =  38.333447,  42.302963       
# span 6 =     1.0869,     2.7604       
# span 7 =      7.311,      8.777       
# span 8 =   157.2218,   277.1280       
# span 9 = 2.3873e+01, 1.3580e+03       
# span 10 =     2.2865,     9.7502      
# span 11 =     -0.393,      2.254      
# span 12 =     -0.571,      3.269      
# span 13 =    21.5085,    30.3958      
# span 14 =   995.5463,   997.9131      
# span 15 = 0.0000e+00, 0.0000e+00      
# interval = seconds: 0.25
# start_time = Oct 02 2019 13:36:47 [Instrument's time stamp, header]
# bad_flag = -9.990e-29
*END*
[from data line 181]
      0.375      0.022     7.5137    127.820     40.711  39.948696     1.8750      8.166   158.7537 2.6606e+02     8.1765      0.367      0.533    24.0282   997.3122 0.0000e+00
      0.381      0.022     7.5173    127.789     40.721  39.963796     1.8803      8.163   158.8159 2.9004e+02     8.1905      0.376      0.545    24.0344   997.3108 0.0000e+00
      0.386      0.021     7.5165    127.686     40.738  39.989301     1.9137      8.161   158.8570 3.3134e+02     8.1525      0.379      0.549    24.0409   997.3092 0.0000e+00
      0.391      0.018     7.5180    127.572     40.739  40.003157     1.9653      8.161   158.9925 3.2980e+02     8.1431      0.384      0.556    24.0515   997.3066 0.0000e+00
      0.396      0.014     7.5219    127.481     40.729  40.004373     1.9929      8.160   159.1647 2.9725e+02     8.1420      0.390      0.565    24.0581   997.3050 0.0000e+00
      0.401      0.010     7.5192    127.391     40.725  40.004029     1.9963      8.160   159.2177 2.8720e+02     8.1386      0.393      0.570    24.0635   997.3036 0.0000e+00
      0.403      0.010     7.5097    127.299     40.721  39.999007     1.9803      8.161   159.4609 2.9629e+02     8.1030      0.395      0.573    24.0731   997.3013 0.0000e+00
      0.403      0.015     7.4999    127.256     40.668  39.943642     1.9296      8.162   160.0412 3.0227e+02     8.0065      0.395      0.573    24.0908   997.2969 0.0000e+00
      0.402      0.026     7.4928    127.283     40.578  39.842472     1.8776      8.160   160.4691 2.9833e+02     7.9547      0.394      0.571    24.1084   997.2925 0.0000e+00
      0.402      0.040     7.4878    127.306     40.559  39.791482     1.8626      8.156   160.5911 3.0027e+02     7.9354      0.392      0.568    24.1113   997.2918 0.0000e+00
      0.412      0.053     7.4811    127.241     40.588  39.771449     1.8702      8.154   160.5693 3.0788e+02     7.9698      0.396      0.575    24.1071   997.2929 0.0000e+00
      0.435      0.063     7.4778    127.060     40.585  39.727148     1.8736      8.153   160.5499 3.0083e+02     8.0757      0.424      0.617    24.1057   997.2933 0.0000e+00
      0.465      0.068     7.4824    126.820     40.585  39.700158     1.8773      8.152   160.6139 2.7964e+02     8.1350      0.459      0.666    24.1012   997.2945 0.0000e+00
      0.488      0.066     7.4916    126.627     40.600  39.698998     1.8894      8.152   160.6550 2.6533e+02     8.1615      0.481      0.697    24.0580   997.3054 0.0000e+00
      0.503      0.060     7.4992    126.529     40.624  39.713098     1.9249      8.154   160.7040 2.6807e+02     8.1340      0.494      0.717    23.9838   997.3238 0.0000e+00
      0.513      0.052     7.4948    126.502     40.659  39.743664     1.9770      8.156   160.7758 2.7934e+02     8.0327      0.504      0.731    23.9294   997.3371 0.0000e+00
      0.520      0.047     7.4815    126.517     40.660  39.751159     2.0076      8.157   160.8345 2.8661e+02     7.9526      0.511      0.741    23.9011   997.3441 0.0000e+00
      0.527      0.044     7.4719    126.600     40.637  39.740244     2.0171      8.159   160.8975 2.8253e+02     7.9188      0.515      0.748    23.8820   997.3489 0.0000e+00
      0.540      0.044     7.4686    126.766     40.626  39.738667     2.0749      8.161   161.0208 2.7184e+02     8.0508      0.528      0.765    23.8694   997.3520 0.0000e+00
      0.556      0.044     7.4688    126.920     40.617  39.732115     2.1864      8.162   161.2064 2.6368e+02     8.3363      0.547      0.793    23.8649   997.3533 0.0000e+00
      0.570      0.044     7.4679    126.976     40.612  39.724502     2.2474      8.160   161.4216 2.5776e+02     8.4867      0.560      0.812    23.8733   997.3513 0.0000e+00
      0.581      0.043     7.4683    126.958     40.602  39.710098     2.2571      8.155   161.6439 2.5172e+02     8.4592      0.570      0.826    23.8926   997.3465 0.0000e+00
      0.590      0.040     7.4794    126.924     40.587  39.684914     2.2598      8.151   161.8289 2.5077e+02     8.4307      0.579      0.840    23.9069   997.3431 0.0000e+00
      0.597      0.039     7.4911    126.874     40.589  39.673923     2.2544      8.148   162.0229 2.5237e+02     8.5997      0.585      0.849    23.9062   997.3433 0.0000e+00
      0.605      0.039     7.4935    126.765     40.633  39.704145     2.2534      8.147   162.1830 2.5262e+02     8.9307      0.592      0.858    23.9026   997.3442 0.0000e+00
      0.616      0.041     7.4917    126.618     40.671  39.732896     2.2555      8.144   162.2164 2.5684e+02     9.1224      0.604      0.877    23.8979   997.3453 0.0000e+00
      0.628      0.042     7.4912    126.493     40.644  39.704127     2.2621      8.143   162.1685 2.5981e+02     9.1473      0.617      0.894    23.8836   997.3489 0.0000e+00
      0.639      0.042     7.4927    126.390     40.615  39.673707     2.2982      8.142   162.1195 2.5499e+02     9.1328      0.626      0.908    23.8682   997.3528 0.0000e+00
      0.652      0.041     7.4882    126.290     40.627  39.682500     2.3552      8.141   162.1412 2.4756e+02     9.1118      0.640      0.929    23.8484   997.3577 0.0000e+00
      0.663      0.038     7.4791    126.220     40.632  39.683480     2.3786      8.141   162.1729 2.4253e+02     9.0903      0.651      0.945    23.8361   997.3608 0.0000e+00
      0.672      0.035     7.4721    126.231     40.636  39.685546     2.3728      8.142   162.1586 2.4012e+02     9.0685      0.658      0.954    23.8384   997.3603 0.0000e+00
      0.680      0.033     7.4668    126.292     40.659  39.707474     2.3889      8.144   162.1396 2.4043e+02     9.0776      0.667      0.967    23.8371   997.3606 0.0000e+00
      0.687      0.031     7.4612    126.325     40.644  39.694680     2.4182      8.145   162.1158 2.3913e+02     9.1017      0.674      0.977    23.8312   997.3620 0.0000e+00
      0.693      0.030     7.4555    126.325     40.604  39.657820     2.4318      8.146   162.1288 2.3695e+02     9.0984      0.679      0.984    23.8273   997.3630 0.0000e+00
      0.701      0.030     7.4575    126.343     40.588  39.642710     2.4398      8.146   162.2114 2.5036e+02     9.1038      0.688      0.998    23.8244   997.3638 0.0000e+00
      0.709      0.030     7.4639    126.422     40.588  39.638943     2.4555      8.147   162.3403 2.6469e+02     9.1997      0.695      1.008    23.8231   997.3642 0.0000e+00
      0.715      0.031     7.4653    126.524     40.568  39.612265     2.4820      8.149   162.4814 2.5590e+02     9.3720      0.700      1.015    23.8247   997.3637 0.0000e+00
      0.724      0.033     7.4634    126.581     40.540  39.574062     2.5000      8.149   162.5413 2.5080e+02     9.4835      0.710      1.030    23.8299   997.3626 0.0000e+00
      0.732      0.035     7.4626    126.570     40.538  39.557914     2.5009      8.149   162.5483 2.5210e+02     9.5325      0.719      1.043    23.8324   997.3620 0.0000e+00
      0.740      0.038     7.4690    126.490     40.536  39.543969     2.5010      8.148   162.6524 2.3867e+02     9.5709      0.725      1.052    23.8267   997.3634 0.0000e+00
      0.750      0.040     7.4786    126.347     40.533  39.532398     2.5007      8.145   162.8530 2.2666e+02     9.5540      0.735      1.066    23.8186   997.3654 0.0000e+00
      0.762      0.041     7.4834    126.107     40.551  39.544959     2.4972      8.141   162.9958 2.2653e+02     9.5252      0.748      1.085    23.8047   997.3689 0.0000e+00
      0.774      0.040     7.4863    125.758     40.576  39.568873     2.4938      8.138   163.0874 2.2925e+02     9.5181      0.758      1.100    23.7854   997.3736 0.0000e+00
      0.786      0.037     7.4829    125.391     40.572  39.567612     2.4763      8.137   163.2723 2.2797e+02     9.4673      0.770      1.117    23.7685   997.3779 0.0000e+00
      0.797      0.035     7.4770    125.090     40.530  39.529721     2.4513      8.136   163.4251 2.2307e+02     9.3703      0.783      1.136    23.7571   997.3807 0.0000e+00
      0.803      0.033     7.4654    124.894     40.495  39.491622     2.4425      8.134   163.4716 2.1552e+02     9.2954      0.789      1.144    23.7520   997.3820 0.0000e+00
      0.808      0.031     7.4406    124.781     40.503  39.487848     2.4398      8.132   163.4912 2.0936e+02     9.2830      0.791      1.148    23.7523   997.3819 0.0000e+00
      0.815      0.030     7.4175    124.674     40.506  39.484063     2.4356      8.132   163.4901 2.0932e+02     9.3185      0.797      1.157    23.7561   997.3810 0.0000e+00
      0.825      0.030     7.3974    124.513     40.466  39.445858     2.4526      8.133   163.5445 2.1112e+02     9.2992      0.809      1.173    23.7643   997.3790 0.0000e+00
      0.834      0.032     7.3865    124.261     40.422  39.406802     2.4890      8.133   163.7183 2.0961e+02     9.1799      0.819      1.188    23.7607   997.3800 0.0000e+00
      0.840      0.034     7.3854    123.926     40.407  39.392732     2.5034      8.133   163.8703 2.0843e+02     9.0554      0.823      1.194    23.7385   997.3854 0.0000e+00
      0.848      0.035     7.3815    123.563     40.420  39.402692     2.4961      8.133   163.9201 2.0829e+02     9.0068      0.829      1.203    23.7271   997.3882 0.0000e+00
      0.858      0.035     7.3721    123.184     40.418  39.400268     2.4790      8.134   163.9759 2.0320e+02     8.8876      0.841      1.219    23.7338   997.3866 0.0000e+00
      0.868      0.034     7.3559    122.765     40.381  39.363428     2.4526      8.135   164.0287 1.9505e+02     8.6296      0.851      1.234    23.7419   997.3846 0.0000e+00
      0.878      0.034     7.3346    122.333     40.362  39.338140     2.4376      8.137   164.2148 1.8826e+02     8.4776      0.860      1.247    23.7399   997.3852 0.0000e+00
      0.887      0.033     7.3133    121.918     40.386  39.348435     2.4274      8.138   164.5912 1.8519e+02     8.4583      0.870      1.262    23.7333   997.3868 0.0000e+00
      0.894      0.031     7.2928    121.504     40.407  39.360925     2.4244      8.139   164.7933 1.8564e+02     8.5923      0.878      1.273    23.7353   997.3864 0.0000e+00
      0.900      0.029     7.2655    121.057     40.417  39.362175     2.4357      8.141   164.7662 1.8642e+02     8.8859      0.883      1.279    23.7399   997.3853 0.0000e+00
      0.907      0.029     7.2411    120.573     40.434  39.363530     2.4428      8.141   164.8660 1.8345e+02     9.0591      0.889      1.289    23.7285   997.3880 0.0000e+00
      0.915      0.029     7.2197    120.024     40.473  39.377288     2.4413      8.138   165.0531 1.7927e+02     9.0468      0.897      1.301    23.7063   997.3935 0.0000e+00
      0.922      0.029     7.1975    119.343     40.526  39.401530     2.4521      8.133   165.0488 1.7771e+02     8.8354      0.905      1.312    23.6979   997.3956 0.0000e+00
      0.929      0.029     7.1717    118.543     40.556  39.402670     2.4776      8.125   164.9871 1.7448e+02     8.5354      0.911      1.321    23.6943   997.3965 0.0000e+00
      0.937      0.028     7.1449    117.545     40.564  39.391028     2.4904      8.117   165.0821 1.7057e+02     8.4344      0.919      1.333    23.6724   997.4019 0.0000e+00
      0.946      0.026     7.1212    116.268     40.570  39.387701     2.4943      8.111   165.1640 1.6910e+02     8.4343      0.928      1.345    23.6424   997.4092 0.0000e+00
      0.953      0.024     7.0815    114.828     40.545  39.362434     2.4982      8.107   165.1175 1.6831e+02     8.4028      0.933      1.355    23.6076   997.4178 0.0000e+00
      0.958      0.023     7.0420    113.368     40.524  39.339457     2.4944      8.103   165.2075 1.6680e+02     8.3815      0.939      1.362    23.5689   997.4272 0.0000e+00
      0.962      0.023     6.9907    112.035     40.553  39.363810     2.4919      8.098   165.4780 1.6565e+02     8.3738      0.943      1.368    23.5424   997.4336 0.0000e+00
      0.967      0.024     6.9101    110.964     40.591  39.402947     2.4929      8.087   165.8079 1.6549e+02     8.4075      0.947      1.374    23.5341   997.4356 0.0000e+00
      0.972      0.025     6.8228    110.198     40.617  39.431780     2.4899      8.070   166.1841 1.6340e+02     8.4620      0.953      1.382    23.5364   997.4351 0.0000e+00
      0.978      0.028     6.7329    109.726     40.662  39.458513     2.4726      8.051   166.6710 1.6007e+02     8.5733      0.959      1.391    23.5351   997.4354 0.0000e+00
      0.986      0.029     6.6512    109.473     40.716  39.472215     2.4401      8.034   167.3935 1.5802e+02     8.7366      0.967      1.402    23.5235   997.4383 0.0000e+00
      0.995      0.028     6.5877    109.217     40.751  39.470434     2.4253      8.020   168.1216 1.5571e+02     8.8305      0.975      1.415    23.5252   997.4380 0.0000e+00
      1.005      0.026     6.5386    108.521     40.738  39.436934     2.4331      8.009   168.8496 1.5322e+02     8.8570      0.985      1.430    23.5498   997.4320 0.0000e+00
      1.012      0.024     6.5153    107.121     40.630  39.321061     2.4214      7.997   169.6568 1.5258e+02     8.8278      0.995      1.443    23.5271   997.4376 0.0000e+00
      1.016      0.024     6.5111    105.247     40.476  39.148585     2.3882      7.984   170.1380 1.5231e+02     8.7725      0.998      1.447    23.4595   997.4539 0.0000e+00
      1.018      0.025     6.5125    103.264     40.376  39.002006     2.3700      7.972   170.2801 1.5189e+02     8.7446      0.998      1.447    23.4187   997.4638 0.0000e+00
      1.023      0.026     6.4839    101.430     40.311  38.881803     2.3659      7.961   170.6004 1.5093e+02     8.7533      1.001      1.451    23.3915   997.4704 0.0000e+00
      1.032      0.029     6.3912     99.823     40.246  38.774288     2.3647      7.952   171.5156 1.4830e+02     8.7467      1.011      1.466    23.3867   997.4715 0.0000e+00
      1.042      0.033     6.2736     98.355     40.222  38.717660     2.3722      7.943   172.3972 1.4597e+02     8.6639      1.023      1.484    23.3730   997.4748 0.0000e+00
      1.051      0.036     6.1593     97.097     40.240  38.704904     2.3705      7.935   172.4841 1.4396e+02     8.6047      1.031      1.495    23.2949   997.4935 0.0000e+00
      1.060      0.037     6.0563     96.289     40.245  38.683494     2.3706      7.926   172.4797 1.4127e+02     8.6208      1.039      1.507    23.2118   997.5134 0.0000e+00
      1.071      0.035     5.9712     95.968     40.228  38.649192     2.4686      7.917   173.2049 1.3863e+02     8.6620      1.051      1.524    23.1619   997.5254 0.0000e+00
      1.081      0.033     5.8863     95.965     40.197  38.607537     2.6446      7.909   174.4549 1.3733e+02     8.6769      1.061      1.539    23.1259   997.5340 0.0000e+00
      1.089      0.031     5.8065     96.150     40.162  38.560699     2.7393      7.903   175.6339 1.3728e+02     8.6364      1.069      1.551    23.0845   997.5439 0.0000e+00
      1.095      0.030     5.7620     96.497     40.137  38.527214     2.7373      7.895   176.4479 1.3606e+02     8.5989      1.074      1.558    23.0490   997.5524 0.0000e+00
      1.101      0.030     5.7504     96.997     40.133  38.520046     2.6545      7.885   176.9834 1.3409e+02     8.6169      1.079      1.565    23.0300   997.5569 0.0000e+00
      1.107      0.030     5.7539     97.593     40.150  38.537516     2.5189      7.875   177.3767 1.3314e+02     8.6572      1.085      1.574    23.0187   997.5596 0.0000e+00
      1.115      0.031     5.7670     98.168     40.157  38.547991     2.4500      7.866   177.6758 1.3196e+02     8.6599      1.093      1.585    23.0010   997.5638 0.0000e+00
      1.125      0.032     5.7895     98.608     40.123  38.519749     2.4378      7.859   177.9324 1.2945e+02     8.6171      1.103      1.600    22.9854   997.5676 0.0000e+00
      1.134      0.032     5.8207     98.895     40.054  38.449971     2.4234      7.854   178.1561 1.2608e+02     8.5655      1.113      1.614    22.9840   997.5679 0.0000e+00
