Data/DataNotYetUploadedToEDI/Raw_CTD/RawDownloads/100219_fcr50.cnv
* Sea-Bird SBE19plus  Data File:
* FileName = C:\DATA\100219_FCR_50_0002.hex
* Software version 2.8.0.119 SB_Terminal.dll
* Temperature SN = 7809
* Conductivity SN = 7809
* System UpLoad Time = Oct 03 2019 10:14:24
* <ApplicationData>
* <Seaterm232>
# nquan = 16
# nvalues = 762                         
# units = specified
# name 0 = depFM: Depth [fresh water, m]
# name 1 = dz/dtM: Descent Rate [m/s]
# name 2 = sbeox0ML/L: Oxygen, SBE 43 [ml/l]
# name 3 = sbeox0PS: Oxygen, SBE 43 [% saturation]
# name 4 = specc: Specific Conductance [uS/cm]
# name 5 = c0uS/cm: Conductivity [uS/cm]
# name 6 = flECO-AFL: Fluorescence, WET Labs ECO-AFL/FL [mg/m^3]
# name 7 = ph: pH
# name 8 = orp: Oxidation Reduction Potential [mV]
# name 9 = par/sat/log: PAR/Logarithmic, Satlantic
# name 10 = turbWETntu0: Turbidity, WET Labs ECO [NTU]
# name 11 = prdM: Pressure, Strain Gauge [db]
# name 12 = prdE: Pressure, Strain Gauge [psi]
# name 13 = tv290C: Temperature [ITS-90, deg C]
# name 14 = density00: Density [density, kg/m^3]
# name 15 = flag:  0.000e+00
# span 0 =     -0.572,      9.612       
# span 1 =     -0.012,      0.140       
# span 2 =    -0.3343,     8.4636       
# span 3 =     -4.409,    144.462       
# span 4 =     20.544,    436.824       
# span 5 =  21.283967, 335.191927       
# span 6 =    -0.1290,    13.0126       
# span 7 =      6.403,      9.017       
# span 8 =    10.3878,   272.3822       
# span 9 = 1.2338e-01, 4.5896e+02       
# span 10 =    -0.6072,    29.9480      
# span 11 =     -0.570,      9.427      
# span 12 =     -0.826,     13.672      
# span 13 =    12.9360,    27.6398      
# span 14 =   996.3443,   999.5609      
# span 15 = 0.0000e+00, 0.0000e+00      
# interval = seconds: 0.25
# start_time = Oct 02 2019 14:03:42 [Instrument's time stamp, header]
# bad_flag = -9.990e-29
*END*
[from data line 362]
      2.775      0.085     0.2517      3.628     43.537  39.828639     2.6808      7.678   194.3432 6.2191e+00     1.3018      2.720      3.947    20.8836   998.0511 0.0000e+00
      2.795      0.084     0.2458      3.474     43.707  39.946819     3.2936      7.673   194.9535 6.1496e+00     1.2922      2.739      3.973    20.8504   998.0583 0.0000e+00
      2.817      0.084     0.2378      3.303     43.923  40.107451     4.4103      7.668   195.7410 6.0879e+00     1.2448      2.764      4.008    20.8171   998.0656 0.0000e+00
      2.839      0.085     0.2348      3.128     44.118  40.247168     5.0163      7.662   196.5521 6.0268e+00     1.2536      2.785      4.040    20.7799   998.0738 0.0000e+00
      2.859      0.088     0.2289      2.933     44.293  40.366396     5.0539      7.656   196.0706 5.9622e+00     1.2998      2.803      4.065    20.7358   998.0834 0.0000e+00
      2.881      0.090     0.2182      2.712     44.522  40.533201     4.8397      7.649   194.8234 5.8859e+00     1.3114      2.824      4.097    20.6924   998.0927 0.0000e+00
      2.906      0.090     0.2073      2.481     44.659  40.613321     4.4371      7.644   195.0659 5.8123e+00     1.2952      2.850      4.135    20.6539   998.1012 0.0000e+00
      2.931      0.087     0.1970      2.239     44.659  40.573243     4.2174      7.639   195.9055 5.7581e+00     1.2682      2.874      4.169    20.6096   998.1108 0.0000e+00
      2.956      0.081     0.1855      1.994     44.662  40.556452     4.2205      7.634   196.6287 5.7013e+00     1.2465      2.898      4.204    20.5612   998.1212 0.0000e+00
      2.979      0.074     0.1705      1.764     44.711  40.600729     4.4749      7.629   197.4437 5.6443e+00     1.2631      2.923      4.240    20.5182   998.1306 0.0000e+00
      2.997      0.065     0.1569      1.547     44.779  40.664188     4.9266      7.624   196.6392 5.6141e+00     1.3047      2.941      4.266    20.4655   998.1418 0.0000e+00
      3.009      0.059     0.1415      1.363     44.884  40.752371     5.1641      7.620   194.6444 5.5985e+00     1.3235      2.952      4.281    20.4091   998.1537 0.0000e+00
      3.019      0.057     0.1253      1.244     45.072  40.905099     5.1966      7.615   193.8894 5.5739e+00     1.2940      2.959      4.293    20.3894   998.1580 0.0000e+00
      3.030      0.058     0.1114      1.188     45.409  41.177566     5.3379      7.609   194.5659 5.5378e+00     1.2763      2.971      4.309    20.3996   998.1558 0.0000e+00
      3.044      0.062     0.0970      1.157     45.890  41.570693     5.5889      7.601   195.6821 5.4899e+00     1.3056      2.985      4.328    20.4034   998.1551 0.0000e+00
      3.060      0.066     0.0842      1.145     46.248  41.849014     5.7255      7.593   196.1137 5.4361e+00     1.3208      2.999      4.349    20.3963   998.1567 0.0000e+00
      3.081      0.067     0.0769      1.164     46.328  41.876126     5.7419      7.587   195.6548 5.3739e+00     1.2963      3.020      4.382    20.3811   998.1601 0.0000e+00
      3.104      0.065     0.0748      1.188     46.394  41.898456     5.7775      7.582   195.2108 5.2896e+00     1.2705      3.046      4.418    20.3402   998.1689 0.0000e+00
      3.124      0.061     0.0731      1.208     46.605  42.055453     6.1645      7.578   195.1327 5.2173e+00     1.2710      3.066      4.447    20.2885   998.1800 0.0000e+00
      3.136      0.055     0.0711      1.229     46.857  42.250561     6.8760      7.573   195.3983 5.1847e+00     1.2703      3.077      4.463    20.2401   998.1903 0.0000e+00
      3.145      0.050     0.0741      1.232     47.217  42.543198     7.2708      7.569   196.4431 5.1557e+00     1.2293      3.083      4.471    20.1867   998.2014 0.0000e+00
      3.155      0.046     0.0758      1.222     47.697  42.927008     7.3572      7.565   197.6987 5.1110e+00     1.2011      3.093      4.486    20.1493   998.2093 0.0000e+00
      3.166      0.046     0.0761      1.222     48.093  43.208550     7.9378      7.561   197.5885 5.0771e+00     1.2896      3.105      4.504    20.1166   998.2163 0.0000e+00
      3.177      0.050     0.0789      1.232     48.408  43.407472     9.0191      7.557   196.7447 5.0446e+00     1.4477      3.115      4.518    20.0780   998.2243 0.0000e+00
      3.189      0.056     0.0788      1.245     48.725  43.617697     9.6292      7.552   196.5314 4.9890e+00     1.5397      3.127      4.533    20.0504   998.2302 0.0000e+00
      3.204      0.063     0.0772      1.260     49.061  43.845422     9.7563      7.545   197.9350 4.9334e+00     1.5825      3.142      4.557    20.0101   998.2388 0.0000e+00
      3.220      0.071     0.0777      1.266     49.464  44.128914    10.5389      7.536   200.2071 4.8756e+00     1.8344      3.158      4.580    19.9191   998.2577 0.0000e+00
      3.238      0.080     0.0788      1.279     50.053  44.568905    11.9734      7.526   200.8580 4.7879e+00     2.2914      3.174      4.603    19.8232   998.2776 0.0000e+00
      3.261      0.087     0.0792      1.307     50.915  45.228328    12.7611      7.518   200.3843 4.6785e+00     2.5520      3.196      4.636    19.7565   998.2914 0.0000e+00
      3.286      0.090     0.0812      1.328     52.006  46.069330    12.7894      7.511   200.5885 4.5753e+00     2.6259      3.223      4.673    19.6805   998.3070 0.0000e+00
      3.314      0.091     0.0810      1.343     53.272  47.053483    12.1769      7.504   202.2093 4.4858e+00     3.0205      3.251      4.713    19.6030   998.3229 0.0000e+00
      3.339      0.088     0.0814      1.360     54.411  47.919247    11.0332      7.496   204.3219 4.4043e+00     3.7185      3.277      4.752    19.5270   998.3386 0.0000e+00
      3.361      0.083     0.0847      1.370     55.112  48.408118    10.4053      7.488   205.5682 4.3304e+00     4.0852      3.297      4.783    19.4209   998.3603 0.0000e+00
      3.380      0.076     0.0859      1.376     55.784  48.899634    10.4033      7.481   206.0064 4.2591e+00     4.1109      3.315      4.808    19.2892   998.3869 0.0000e+00
      3.399      0.070     0.0864      1.380     57.036  49.924250    11.0689      7.475   205.7487 4.1962e+00     4.0952      3.333      4.834    19.1616   998.4128 0.0000e+00
      3.415      0.066     0.0887      1.371     58.376  51.015281    12.2892      7.469   205.4636 4.1520e+00     4.0257      3.350      4.859    19.0298   998.4392 0.0000e+00
      3.429      0.064     0.0891      1.371     59.394  51.801447    12.9505      7.461   205.5701 4.1097e+00     3.9602      3.363      4.878    18.9021   998.4644 0.0000e+00
      3.444      0.062     0.0892      1.373     60.460  52.632937    13.0126      7.453   205.3163 4.0497e+00     3.9260      3.376      4.896    18.8121   998.4820 0.0000e+00
      3.460      0.059     0.0910      1.364     61.416  53.382377    12.9961      7.446   203.0833 3.9759e+00     3.9075      3.392      4.920    18.7678   998.4912 0.0000e+00
      3.478      0.058     0.0888      1.362     62.711  54.446827    12.6741      7.439   197.4993 3.9110e+00     4.1285      3.411      4.947    18.7047   998.5040 0.0000e+00
      3.494      0.058     0.0895      1.358     64.374  55.846465    12.0838      7.433   191.0592 3.8644e+00     4.5660      3.428      4.972    18.5962   998.5249 0.0000e+00
      3.505      0.060     0.0909      1.330     66.826  57.916647    11.7637      7.423   187.6809 3.8184e+00     4.8058      3.439      4.988    18.5219   998.5398 0.0000e+00
      3.515      0.065     0.0888      1.287     71.584  61.939724    11.6382      7.411   185.5623 3.7642e+00     4.9302      3.446      4.997    18.4482   998.5540 0.0000e+00
      3.530      0.070     0.0896      1.251     76.880  66.359127    10.4623      7.398   181.7905 3.6896e+00     5.9065      3.458      5.017    18.3983   998.5639 0.0000e+00
      3.550      0.074     0.0900      1.231     80.627  69.403127     8.3143      7.385   178.4715 3.5927e+00     7.6645      3.481      5.049    18.3788   998.5685 0.0000e+00
      3.575      0.076     0.0880      1.224     83.671  71.854158     7.1511      7.374   176.4062 3.4892e+00     8.6527      3.506      5.085    18.3362   998.5768 0.0000e+00
      3.600      0.075     0.0844      1.234     86.297  73.931412     6.9922      7.363   172.3068 3.3775e+00     8.8420      3.531      5.121    18.2846   998.5887 0.0000e+00
      3.622      0.069     0.0822      1.255     88.394  75.506388     6.2459      7.352   164.2680 3.2749e+00     9.6908      3.553      5.155    18.1655   998.6134 0.0000e+00
      3.637      0.061     0.0813      1.280     91.340  77.796663     4.8904      7.342   154.6661 3.2151e+00    11.2145      3.568      5.175    18.0231   998.6408 0.0000e+00
      3.648      0.056     0.0807      1.300     95.290  80.951873     4.1543      7.330   147.4126 3.1887e+00    12.0250      3.579      5.191    17.9373   998.6578 0.0000e+00
      3.658      0.055     0.0816      1.304     98.777  83.696032     4.0735      7.316   142.9887 3.1632e+00    12.1498      3.589      5.205    17.8485   998.6753 0.0000e+00
      3.666      0.057     0.0837      1.295    101.297  85.593013     4.0091      7.301   139.0347 3.1160e+00    12.8876      3.594      5.212    17.7042   998.7019 0.0000e+00
      3.680      0.060     0.0857      1.290    102.992  86.772972     3.9307      7.286   136.4301 3.0225e+00    14.2274      3.606      5.230    17.5764   998.7260 0.0000e+00
      3.701      0.065     0.0874      1.300    104.202  87.527402     3.8972      7.270   135.5881 2.9055e+00    14.9782      3.630      5.266    17.4794   998.7453 0.0000e+00
      3.723      0.070     0.0880      1.312    105.277  88.160265     3.9062      7.253   133.1555 2.8160e+00    15.0828      3.653      5.299    17.3667   998.7667 0.0000e+00
      3.741      0.072     0.0869      1.318    106.007  88.506485     3.9532      7.237   129.5605 2.7505e+00    15.1638      3.669      5.321    17.2473   998.7888 0.0000e+00
      3.757      0.071     0.0864      1.323    106.197  88.404114     4.0320      7.222   126.2780 2.6904e+00    15.2378      3.685      5.344    17.1248   998.8110 0.0000e+00
      3.775      0.067     0.0879      1.337    106.160  88.131284     4.0786      7.208   121.9459 2.6248e+00    15.2559      3.702      5.369    16.9961   998.8340 0.0000e+00
      3.794      0.061     0.0890      1.357    106.096  87.880154     4.0751      7.196   117.1901 2.5477e+00    15.3176      3.721      5.396    16.8655   998.8571 0.0000e+00
      3.811      0.055     0.0896      1.367    105.860  87.531091     4.0061      7.186   113.2585 2.4865e+00    15.9840      3.739      5.423    16.7420   998.8786 0.0000e+00
      3.825      0.050     0.0898      1.352    105.182  86.837788     3.8961      7.176   109.7711 2.4579e+00    17.1846      3.753      5.444    16.6167   998.8999 0.0000e+00
      3.835      0.048     0.0910      1.314    104.146  85.860533     3.8456      7.166   105.0521 2.4307e+00    17.8386      3.762      5.456    16.4960   998.9204 0.0000e+00
      3.842      0.050     0.0934      1.296    103.139  84.941440     3.8457      7.155    99.3940 2.3907e+00    17.9279      3.768      5.464    16.4031   998.9360 0.0000e+00
      3.850      0.054     0.0942      1.303    102.379  84.251124     3.8371      7.143    96.0796 2.3478e+00    18.1984      3.774      5.473    16.3360   998.9471 0.0000e+00
      3.863      0.059     0.0940      1.288    101.871  83.749164     3.7676      7.132    93.6291 2.2846e+00    21.1090      3.785      5.490    16.2765   998.9568 0.0000e+00
      3.884      0.064     0.0895      1.266    101.005  82.944082     3.6552      7.123    89.7264 2.1976e+00    26.4756      3.808      5.524    16.2100   998.9674 0.0000e+00
      3.908      0.069     0.0879      1.251     99.493  81.578647     3.5968      7.114    87.0079 2.1177e+00    29.4380      3.836      5.564    16.1655   998.9745 0.0000e+00
      3.927      0.073     0.0911      1.233     97.783  79.963078     3.5904      7.106    84.7647 2.0612e+00    29.7260      3.853      5.588    16.1536   998.9762 0.0000e+00
      3.941      0.075     0.0888      1.239     96.655  78.740765     3.6204      7.098    80.4999 2.0072e+00    29.7939      3.862      5.602    16.1000   998.9850 0.0000e+00
      3.958      0.075     0.0864      1.252     96.532  78.312700     3.6831      7.090    75.1068 1.9257e+00    29.8990      3.880      5.627    16.0559   998.9920 0.0000e+00
      3.978      0.075     0.0874      1.222     96.516  78.031009     3.7243      7.084    69.9768 1.8253e+00    29.9480      3.900      5.657    16.0158   998.9981 0.0000e+00
      4.000      0.075     0.0841      1.180     96.066  77.497062     3.7366      7.078    65.6226 1.7314e+00    29.7967      3.921      5.687    15.8970   999.0167 0.0000e+00
      4.022      0.072     0.0853      1.175     95.531  76.944880     3.8488      7.072    60.8346 1.6417e+00    28.1024      3.945      5.721    15.7378   999.0418 0.0000e+00
      4.042      0.067     0.0896      1.198     94.508  75.997456     4.0666      7.068    56.5668 1.5521e+00    24.9963      3.965      5.750    15.5467   999.0723 0.0000e+00
      4.058      0.062     0.0857      1.221     92.201  73.991463     4.1856      7.064    54.0296 1.4794e+00    23.2761      3.980      5.773    15.3957   999.0960 0.0000e+00
      4.070      0.062     0.0813      1.219     88.902  71.132403     4.2033      7.060    51.0652 1.4283e+00    22.9689      3.993      5.793    15.3245   999.1069 0.0000e+00
      4.079      0.066     0.0817      1.215     85.746  68.325769     4.2545      7.056    47.3970 1.3794e+00    21.4459      3.999      5.802    15.2714   999.1150 0.0000e+00
      4.091      0.073     0.0842      1.248     83.375  66.123851     4.3367      7.051    44.2643 1.3082e+00    18.6580      4.009      5.815    15.2063   999.1249 0.0000e+00
      4.111      0.080     0.0866      1.292     81.425  64.279603     4.3747      7.048    41.4956 1.1880e+00    17.0850      4.028      5.842    15.1336   999.1352 0.0000e+00
      4.139      0.085     0.0865      1.313     78.424  61.663652     4.3671      7.046    37.7532 1.0177e+00    16.7158      4.057      5.886    15.0182   999.1514 0.0000e+00
      4.169      0.090     0.0840      1.315     72.892  57.119818     4.2875      7.044    33.6901 8.6066e-01    14.4560      4.092      5.935    14.8406   999.1771 0.0000e+00
      4.194      0.090     0.0887      1.310     66.157  51.659535     4.1320      7.043    30.9136 7.6237e-01    10.3421      4.116      5.970    14.6463   999.2051 0.0000e+00
      4.213      0.085     0.0933      1.331     61.303  47.675479     4.0394      7.043    29.0484 6.8697e-01     8.0720      4.130      5.991    14.4559   999.2323 0.0000e+00
      4.232      0.079     0.0939      1.367     59.114  45.790021     4.0178      7.043    27.5717 6.1158e-01     7.7533      4.149      6.017    14.2941   999.2548 0.0000e+00
      4.252      0.073     0.0955      1.372     58.442  45.120615     3.9220      7.044    26.3088 5.5440e-01     6.9151      4.171      6.050    14.1707   999.2704 0.0000e+00
      4.271      0.069     0.0930      1.365     58.316  44.915863     3.7560      7.047    24.9644 5.1119e-01     5.4742      4.189      6.076    14.0399   999.2858 0.0000e+00
      4.288      0.067     0.0954      1.374     58.316  44.838282     3.6666      7.050    22.5874 4.6416e-01     4.7184      4.205      6.099    13.8746   999.3071 0.0000e+00
      4.305      0.064     0.1009      1.414     58.367  44.817514     3.6561      7.054    19.7670 4.1834e-01     4.6584      4.221      6.123    13.7134   999.3286 0.0000e+00
      4.320      0.060     0.0998      1.504     58.477  44.855196     3.6476      7.058    18.8263 3.7369e-01     4.6181      4.236      6.144    13.5873   999.3456 0.0000e+00
