Data/DataNotYetUploadedToEDI/Raw_CTD/RawDownloads/100219_fcr50.cnv
* Sea-Bird SBE19plus  Data File:
* FileName = C:\DATA\100219_FCR_50_0002.hex
* Software version 2.8.0.119 SB_Terminal.dll
* Temperature SN = 7809
* Conductivity SN = 7809
* System UpLoad Time = Oct 03 2019 10:14:24
* <ApplicationData>
* <Seaterm232>
# nquan = 16
# nvalues = 762                         
# units = specified
# name 0 = depFM: Depth [fresh water, m]
# name 1 = dz/dtM: Descent Rate [m/s]
# name 2 = sbeox0ML/L: Oxygen, SBE 43 [ml/l]
# name 3 = sbeox0PS: Oxygen, SBE 43 [% saturation]
# name 4 = specc: Specific Conductance [uS/cm]
# name 5 = c0uS/cm: Conductivity [uS/cm]
# name 6 = flECO-AFL: Fluorescence, WET Labs ECO-AFL/FL [mg/m^3]
# name 7 = ph: pH
# name 8 = orp: Oxidation Reduction Potential [mV]
# name 9 = par/sat/log: PAR/Logarithmic, Satlantic
# name 10 = turbWETntu0: Turbidity, WET Labs ECO [NTU]
# name 11 = prdM: Pressure, Strain Gauge [db]
# name 12 = prdE: Pressure, Strain Gauge [psi]
# name 13 = tv290C: Temperature [ITS-90, deg C]
# name 14 = density00: Density [density, kg/m^3]
# name 15 = flag:  0.000e+00
# span 0 =     -0.572,      9.612       
# span 1 =     -0.012,      0.140       
# span 2 =    -0.3343,     8.4636       
# span 3 =     -4.409,    144.462       
# span 4 =     20.544,    436.824       
# span 5 =  21.283967, 335.191927       
# span 6 =    -0.1290,    13.0126       
# span 7 =      6.403,      9.017       
# span 8 =    10.3878,   272.3822       
# span 9 = 1.2338e-01, 4.5896e+02       
# span 10 =    -0.6072,    29.9480      
# span 11 =     -0.570,      9.427      
# span 12 =     -0.826,     13.672      
# span 13 =    12.9360,    27.6398      
# span 14 =   996.3443,   999.5609      
# span 15 = 0.0000e+00, 0.0000e+00      
# interval = seconds: 0.25
# start_time = Oct 02 2019 14:03:42 [Instrument's time stamp, header]
# bad_flag = -9.990e-29
*END*
[from data line 272]
      1.421      0.076     3.7288     57.875     40.578  38.347850     1.6619      8.102   175.1825 1.5136e+01     4.0591      1.393      2.021    22.3207   997.7242 0.0000e+00
      1.442      0.080     3.6772     57.115     40.649  38.380208     1.6499      8.093   175.1435 1.4696e+01     3.7727      1.413      2.050    22.3472   997.7181 0.0000e+00
      1.467      0.080     3.6159     56.266     40.673  38.371132     1.6264      8.086   174.7541 1.4231e+01     3.7129      1.436      2.083    22.3301   997.7221 0.0000e+00
      1.493      0.076     3.5652     55.195     40.683  38.365020     1.5500      8.080   175.6374 1.3830e+01     3.5653      1.466      2.126    22.2850   997.7326 0.0000e+00
      1.516      0.069     3.5234     53.836     40.689  38.369766     1.4197      8.075   177.8215 1.3595e+01     3.3316      1.492      2.163    22.2507   997.7407 0.0000e+00
      1.531      0.062     3.4817     52.336     40.682  38.365040     1.3522      8.070   178.9649 1.3477e+01     3.2141      1.502      2.180    22.2043   997.7513 0.0000e+00
      1.539      0.054     3.4362     50.907     40.690  38.371364     1.3494      8.064   178.6202 1.3350e+01     3.1942      1.508      2.187    22.1540   997.7628 0.0000e+00
      1.548      0.048     3.3756     49.678     40.710  38.382749     1.3420      8.058   177.9554 1.3189e+01     3.1889      1.517      2.200    22.1388   997.7665 0.0000e+00
      1.561      0.044     3.2873     48.718     40.715  38.375721     1.3328      8.053   178.3264 1.3014e+01     3.2154      1.530      2.219    22.1441   997.7653 0.0000e+00
      1.575      0.043     3.1901     48.068     40.704  38.349841     1.3335      8.049   179.7508 1.2859e+01     3.2526      1.545      2.241    22.1483   997.7643 0.0000e+00
      1.586      0.044     3.1010     47.701     40.689  38.323736     1.3326      8.046   180.7224 1.2738e+01     3.2453      1.556      2.257    22.1485   997.7644 0.0000e+00
      1.596      0.046     3.0250     47.518     40.683  38.313980     1.2873      8.042   180.9543 1.2603e+01     3.0950      1.564      2.269    22.1376   997.7669 0.0000e+00
      1.606      0.049     2.9665     47.482     40.663  38.295358     1.2019      8.037   180.9203 1.2458e+01     2.8772      1.575      2.285    22.1227   997.7703 0.0000e+00
      1.616      0.051     2.9276     47.572     40.669  38.289012     1.1491      8.031   180.6563 1.2306e+01     2.7746      1.585      2.298    22.1038   997.7747 0.0000e+00
      1.629      0.051     2.9107     47.691     40.702  38.300707     1.1435      8.026   180.2573 1.2084e+01     2.7724      1.596      2.314    22.0814   997.7798 0.0000e+00
      1.647      0.051     2.8992     47.691     40.722  38.309784     1.1515      8.022   180.3969 1.1817e+01     2.7524      1.616      2.343    22.0804   997.7802 0.0000e+00
      1.665      0.051     2.8960     47.425     40.745  38.335259     1.1509      8.017   181.2264 1.1625e+01     2.6630      1.636      2.372    22.0934   997.7772 0.0000e+00
      1.676      0.052     2.9057     46.910     40.751  38.354818     1.1446      8.011   181.9401 1.1508e+01     2.5760      1.646      2.387    22.0723   997.7821 0.0000e+00
      1.684      0.054     2.9172     46.334     40.744  38.355857     1.1440      8.004   182.1435 1.1382e+01     2.5530      1.650      2.395    22.0383   997.7899 0.0000e+00
      1.694      0.055     2.9227     45.851     40.750  38.347838     1.1436      7.996   181.2764 1.1199e+01     2.5483      1.659      2.406    22.0269   997.7925 0.0000e+00
      1.709      0.058     2.9063     45.525     40.752  38.321313     1.0795      7.990   179.9736 1.0958e+01     2.3887      1.674      2.428    22.0315   997.7915 0.0000e+00
      1.728      0.061     2.8669     45.267     40.745  38.289022     0.9491      7.986   179.8997 1.0723e+01     2.0984      1.695      2.459    22.0563   997.7860 0.0000e+00
      1.748      0.064     2.8280     44.865     40.748  38.274770     0.8686      7.981   180.3827 1.0553e+01     1.9545      1.716      2.489    22.0788   997.7810 0.0000e+00
      1.765      0.065     2.7980     44.228     40.765  38.275917     0.8518      7.976   180.8234 1.0431e+01     1.9599      1.732      2.512    22.0555   997.7864 0.0000e+00
      1.779      0.064     2.7815     43.391     40.815  38.302871     0.8408      7.970   180.6692 1.0329e+01     1.8686      1.744      2.529    22.0079   997.7972 0.0000e+00
      1.793      0.063     2.7751     42.391     40.892  38.346722     0.8130      7.963   179.2918 1.0213e+01     1.6376      1.758      2.549    21.9751   997.8048 0.0000e+00
      1.809      0.062     2.7523     41.287     40.945  38.361730     0.7847      7.957   178.3661 1.0083e+01     1.4935      1.774      2.573    21.9590   997.8084 0.0000e+00
      1.827      0.060     2.7123     40.084     40.975  38.357334     0.7762      7.952   178.4242 9.9591e+00     1.5020      1.792      2.599    21.9453   997.8116 0.0000e+00
      1.844      0.056     2.6624     38.678     40.997  38.356998     0.7628      7.947   179.0480 9.8421e+00     1.5442      1.809      2.623    21.9206   997.8173 0.0000e+00
      1.860      0.049     2.6009     37.000     41.011  38.357641     0.7356      7.942   180.0574 9.7550e+00     1.5452      1.825      2.647    21.8859   997.8253 0.0000e+00
      1.872      0.041     2.5346     35.112     41.025  38.365089     0.7251      7.938   180.3039 9.7084e+00     1.5145      1.838      2.667    21.8381   997.8361 0.0000e+00
      1.880      0.037     2.4666     33.185     41.045  38.383564     0.7304      7.934   179.7923 9.6883e+00     1.5007      1.847      2.677    21.7940   997.8460 0.0000e+00
      1.884      0.039     2.3833     31.476     41.055  38.390590     0.7313      7.930   179.5497 9.6877e+00     1.5090      1.849      2.681    21.7712   997.8512 0.0000e+00
      1.888      0.044     2.2785     30.146     41.060  38.386551     0.7349      7.925   179.6075 9.6627e+00     1.5171      1.849      2.682    21.7561   997.8546 0.0000e+00
      1.896      0.049     2.1603     29.160     41.086  38.398198     0.7389      7.919   179.7175 9.5662e+00     1.5006      1.855      2.690    21.7512   997.8557 0.0000e+00
      1.914      0.053     2.0341     28.387     41.103  38.404443     0.7365      7.913   180.5351 9.4235e+00     1.4727      1.874      2.719    21.7548   997.8550 0.0000e+00
      1.938      0.053     1.9254     27.727     41.095  38.398564     0.7315      7.909   181.8357 9.2982e+00     1.4094      1.903      2.760    21.7514   997.8559 0.0000e+00
      1.959      0.051     1.8457     27.152     41.076  38.390597     0.7306      7.906   182.3651 9.2256e+00     1.3246      1.926      2.794    21.7417   997.8581 0.0000e+00
      1.969      0.047     1.7888     26.638     41.046  38.371609     0.7350      7.904   182.1179 9.2089e+00     1.2997      1.934      2.805    21.7225   997.8625 0.0000e+00
      1.972      0.042     1.7450     26.188     41.025  38.359434     0.7335      7.901   181.6005 9.2174e+00     1.3042      1.934      2.805    21.7056   997.8663 0.0000e+00
      1.976      0.038     1.7033     25.862     41.025  38.370350     0.7290      7.896   181.3576 9.2032e+00     1.2811      1.936      2.808    21.7098   997.8654 0.0000e+00
      1.985      0.037     1.6686     25.747     41.025  38.376651     0.7146      7.891   182.6225 9.1450e+00     1.2501      1.944      2.819    21.7285   997.8612 0.0000e+00
      2.000      0.041     1.6369     25.995     41.018  38.372147     0.6900      7.887   184.8479 9.0866e+00     1.2575      1.962      2.845    21.7382   997.8591 0.0000e+00
      2.014      0.051     1.6068     26.689     41.029  38.379382     0.6828      7.883   185.8084 9.0681e+00     1.3043      1.978      2.869    21.7440   997.8578 0.0000e+00
      2.024      0.061     1.5858     27.683     41.072  38.400632     0.6885      7.877   185.2883 9.0597e+00     1.3245      1.985      2.878    21.7616   997.8539 0.0000e+00
      2.035      0.068     1.5739     28.676     41.152  38.438621     0.6979      7.870   184.4964 9.0204e+00     1.3058      1.992      2.889    21.7702   997.8521 0.0000e+00
      2.053      0.071     1.5861     29.333     41.216  38.457786     0.7193      7.863   185.0955 8.9196e+00     1.2745      2.009      2.914    21.7701   997.8522 0.0000e+00
      2.079      0.071     1.6328     29.328     41.230  38.441858     0.7301      7.857   186.9394 8.7832e+00     1.2416      2.037      2.955    21.7723   997.8518 0.0000e+00
      2.106      0.068     1.7015     28.396     41.238  38.436428     0.7246      7.853   187.9480 8.6966e+00     1.2352      2.069      3.001    21.7518   997.8565 0.0000e+00
      2.125      0.063     1.7718     26.523     41.264  38.455597     0.7222      7.849   188.0840 8.6723e+00     1.2293      2.088      3.027    21.6998   997.8683 0.0000e+00
      2.135      0.055     1.8209     24.035     41.299  38.483185     0.7177      7.845   187.8957 8.6468e+00     1.2354      2.093      3.036    21.6418   997.8814 0.0000e+00
      2.143      0.048     1.8287     21.337     41.352  38.516071     0.7141      7.842   187.4784 8.6040e+00     1.2765      2.102      3.048    21.6067   997.8893 0.0000e+00
      2.152      0.046     1.7734     18.777     41.402  38.535806     0.7225      7.839   187.5984 8.5679e+00     1.3001      2.111      3.062    21.5945   997.8920 0.0000e+00
      2.161      0.051     1.6483     16.619     41.422  38.531318     0.7320      7.835   188.1423 8.5134e+00     1.2914      2.117      3.071    21.5918   997.8927 0.0000e+00
      2.173      0.058     1.4856     14.843     41.431  38.525250     0.7251      7.830   188.3749 8.4409e+00     1.2702      2.129      3.088    21.5907   997.8930 0.0000e+00
      2.189      0.063     1.3140     13.255     41.444  38.525896     0.7166      7.825   188.6042 8.3715e+00     1.2729      2.145      3.111    21.5714   997.8973 0.0000e+00
      2.210      0.063     1.1479     11.770     41.468  38.539114     0.7248      7.821   189.0221 8.2781e+00     1.2920      2.166      3.142    21.5317   997.9062 0.0000e+00
      2.234      0.060     1.0171     10.346     41.490  38.558101     0.7117      7.817   188.4371 8.1885e+00     1.3041      2.193      3.181    21.4998   997.9135 0.0000e+00
      2.251      0.053     0.9148      9.031     41.487  38.565022     0.6624      7.814   187.0384 8.1521e+00     1.3206      2.211      3.207    21.4877   997.9163 0.0000e+00
      2.261      0.043     0.8166      7.986     41.465  38.559339     0.6312      7.810   186.7370 8.1471e+00     1.2949      2.217      3.217    21.4742   997.9193 0.0000e+00
      2.267      0.033     0.7267      7.321     41.454  38.552885     0.6294      7.806   187.8044 8.1474e+00     1.2556      2.223      3.224    21.4597   997.9225 0.0000e+00
      2.272      0.027     0.6388      7.114     41.460  38.550474     0.6236      7.803   189.1886 8.1597e+00     1.2717      2.230      3.234    21.4554   997.9235 0.0000e+00
      2.277      0.028     0.5508      7.349     41.449  38.530174     0.6036      7.799   188.9338 8.1770e+00     1.2602      2.234      3.239    21.4698   997.9204 0.0000e+00
      2.281      0.034     0.4857      7.825     41.428  38.497854     0.5787      7.793   187.1322 8.1687e+00     1.2149      2.235      3.242    21.4983   997.9140 0.0000e+00
      2.287      0.042     0.4419      8.270     41.426  38.477080     0.5661      7.786   186.2482 8.1183e+00     1.2149      2.241      3.250    21.5020   997.9131 0.0000e+00
      2.299      0.051     0.4287      8.469     41.445  38.469405     0.5633      7.781   186.6774 8.0359e+00     1.2280      2.253      3.267    21.4849   997.9170 0.0000e+00
      2.317      0.060     0.4489      8.327     41.470  38.468499     0.5620      7.777   187.5901 7.9468e+00     1.2415      2.271      3.294    21.4741   997.9195 0.0000e+00
      2.337      0.067     0.4844      7.805     41.490  38.466093     0.5683      7.773   188.2491 7.8698e+00     1.2471      2.292      3.324    21.4629   997.9221 0.0000e+00
      2.357      0.072     0.5179      6.947     41.480  38.440290     0.5694      7.769   188.1917 7.7948e+00     1.2304      2.312      3.354    21.4385   997.9276 0.0000e+00
      2.374      0.075     0.5311      5.892     41.395  38.346920     0.5585      7.765   187.4986 7.7165e+00     1.2361      2.328      3.377    21.4039   997.9354 0.0000e+00
      2.390      0.075     0.5245      4.793     41.279  38.225839     0.5582      7.760   186.8378 7.6449e+00     1.2180      2.342      3.397    21.3738   997.9420 0.0000e+00
      2.409      0.074     0.4912      3.782     41.248  38.182374     0.5653      7.756   186.8274 7.5751e+00     1.1099      2.362      3.425    21.3492   997.9475 0.0000e+00
      2.432      0.072     0.4348      2.962     41.283  38.202247     0.5573      7.752   187.2006 7.5052e+00     1.0113      2.386      3.460    21.3282   997.9522 0.0000e+00
      2.454      0.071     0.3658      2.377     41.308  38.212190     0.5478      7.748   187.8229 7.4514e+00     1.0086      2.409      3.493    21.3119   997.9559 0.0000e+00
      2.470      0.068     0.2955      2.035     41.286  38.175617     0.5803      7.744   188.5004 7.4120e+00     1.0766      2.423      3.514    21.2968   997.9592 0.0000e+00
      2.484      0.065     0.2298      1.943     41.270  38.140893     0.6469      7.741   188.6809 7.3566e+00     1.1776      2.434      3.529    21.2795   997.9631 0.0000e+00
      2.499      0.064     0.1786      2.038     41.325  38.173191     0.6867      7.739   188.3713 7.2895e+00     1.2469      2.452      3.556    21.2620   997.9671 0.0000e+00
      2.515      0.064     0.1428      2.258     41.360  38.185227     0.6972      7.735   188.0268 7.2138e+00     1.2590      2.468      3.579    21.2502   997.9697 0.0000e+00
      2.530      0.068     0.1200      2.573     41.360  38.159441     0.7649      7.731   189.0755 7.1129e+00     1.2590      2.481      3.598    21.2309   997.9740 0.0000e+00
      2.546      0.071     0.1172      2.952     41.413  38.178764     0.8898      7.727   191.2415 7.0139e+00     1.2797      2.496      3.620    21.2028   997.9802 0.0000e+00
      2.566      0.073     0.1241      3.329     41.498  38.228388     0.9589      7.725   192.1906 6.9321e+00     1.2794      2.516      3.648    21.1818   997.9850 0.0000e+00
      2.588      0.075     0.1383      3.636     41.620  38.315057     0.9763      7.722   192.2050 6.8428e+00     1.2556      2.539      3.682    21.1598   997.9898 0.0000e+00
      2.609      0.077     0.1584      3.856     41.806  38.464895     0.9963      7.719   191.9320 6.7572e+00     1.2536      2.559      3.711    21.1271   997.9970 0.0000e+00
      2.628      0.078     0.1837      3.993     42.021  38.643514     1.0439      7.715   191.2980 6.7000e+00     1.2558      2.577      3.738    21.0887   998.0055 0.0000e+00
      2.646      0.080     0.2095      4.055     42.240  38.824229     1.1179      7.710   191.9391 6.6436e+00     1.2823      2.594      3.763    21.0529   998.0133 0.0000e+00
      2.665      0.081     0.2284      4.056     42.460  38.999409     1.1546      7.705   193.7474 6.5699e+00     1.3443      2.611      3.787    21.0231   998.0200 0.0000e+00
      2.685      0.083     0.2425      4.010     42.683  39.174558     1.1845      7.700   194.7493 6.4932e+00     1.3502      2.633      3.818    20.9975   998.0257 0.0000e+00
      2.709      0.084     0.2508      3.920     42.912  39.354882     1.5487      7.696   194.7609 6.4107e+00     1.2880      2.656      3.853    20.9776   998.0301 0.0000e+00
      2.733      0.086     0.2544      3.819     43.134  39.529134     2.2202      7.691   194.4034 6.3367e+00     1.2483      2.680      3.887    20.9546   998.0353 0.0000e+00
