Data/DataNotYetUploadedToEDI/Raw_CTD/RawDownloads/100219_fcr50.cnv
* Sea-Bird SBE19plus  Data File:
* FileName = C:\DATA\100219_FCR_50_0002.hex
* Software version 2.8.0.119 SB_Terminal.dll
* Temperature SN = 7809
* Conductivity SN = 7809
* System UpLoad Time = Oct 03 2019 10:14:24
* <ApplicationData>
* <Seaterm232>
# nquan = 16
# nvalues = 762                         
# units = specified
# name 0 = depFM: Depth [fresh water, m]
# name 1 = dz/dtM: Descent Rate [m/s]
# name 2 = sbeox0ML/L: Oxygen, SBE 43 [ml/l]
# name 3 = sbeox0PS: Oxygen, SBE 43 [% saturation]
# name 4 = specc: Specific Conductance [uS/cm]
# name 5 = c0uS/cm: Conductivity [uS/cm]
# name 6 = flECO-AFL: Fluorescence, WET Labs ECO-AFL/FL [mg/m^3]
# name 7 = ph: pH
# name 8 = orp: Oxidation Reduction Potential [mV]
# name 9 = par/sat/log: PAR/Logarithmic, Satlantic
# name 10 = turbWETntu0: Turbidity, WET Labs ECO [NTU]
# name 11 = prdM: Pressure, Strain Gauge [db]
# name 12 = prdE: Pressure, Strain Gauge [psi]
# name 13 = tv290C: Temperature [ITS-90, deg C]
# name 14 = density00: Density [density, kg/m^3]
# name 15 = flag:  0.000e+00
# span 0 =     -0.572,      9.612       
# span 1 =     -0.012,      0.140       
# span 2 =    -0.3343,     8.4636       
# span 3 =     -4.409,    144.462       
# span 4 =     20.544,    436.824       
# span 5 =  21.283967, 335.191927       
# span 6 =    -0.1290,    13.0126       
# span 7 =      6.403,      9.017       
# span 8 =    10.3878,   272.3822       
# span 9 = 1.2338e-01, 4.5896e+02       
# span 10 =    -0.6072,    29.9480      
# span 11 =     -0.570,      9.427      
# span 12 =     -0.826,     13.672      
# span 13 =    12.9360,    27.6398      
# span 14 =   996.3443,   999.5609      
# span 15 = 0.0000e+00, 0.0000e+00      
# interval = seconds: 0.25
# start_time = Oct 02 2019 14:03:42 [Instrument's time stamp, header]
# bad_flag = -9.990e-29
*END*
[from data line 633]
      7.467      0.061     1.6193     21.938     58.723  44.580605     0.2670      6.783   131.9065 1.2344e-01    13.0489      7.320     10.618    12.9529   999.4426 0.0000e+00
      7.483      0.071     1.6196     21.924     58.748  44.599072     0.2685      6.781   131.7265 1.2353e-01    13.0098      7.338     10.642    12.9530   999.4427 0.0000e+00
      7.503      0.080     1.6214     21.931     58.743  44.594458     0.2799      6.780   132.1052 1.2357e-01    12.9463      7.357     10.671    12.9538   999.4427 0.0000e+00
      7.528      0.085     1.6218     21.935     58.736  44.588308     0.3089      6.780   132.7855 1.2352e-01    12.8717      7.381     10.706    12.9549   999.4427 0.0000e+00
      7.554      0.088     1.6182     21.935     58.737  44.588214     0.3324      6.780   133.0694 1.2351e-01    12.8287      7.409     10.746    12.9550   999.4428 0.0000e+00
      7.579      0.090     1.6167     21.930     58.745  44.593315     0.3299      6.779   133.0427 1.2354e-01    12.8189      7.434     10.782    12.9544   999.4430 0.0000e+00
      7.599      0.091     1.6191     21.932     58.736  44.586489     0.3052      6.776   132.9791 1.2354e-01    12.9177      7.453     10.810    12.9540   999.4431 0.0000e+00
      7.619      0.090     1.6184     21.926     58.712  44.569175     0.2847      6.775   133.0736 1.2349e-01    13.1385      7.470     10.834    12.9537   999.4432 0.0000e+00
      7.642      0.089     1.6192     21.895     58.717  44.574475     0.2819      6.774   133.4117 1.2341e-01    13.2927      7.492     10.866    12.9526   999.4435 0.0000e+00
      7.668      0.088     1.6177     21.873     58.732  44.587070     0.2714      6.772   133.8836 1.2343e-01    13.3074      7.520     10.908    12.9522   999.4437 0.0000e+00
      7.694      0.087     1.6183     21.854     58.742  44.594460     0.2534      6.772   134.1328 1.2348e-01    13.2837      7.548     10.947    12.9521   999.4438 0.0000e+00
      7.715      0.084     1.6199     21.828     58.750  44.600336     0.2463      6.771   134.1023 1.2344e-01    13.3005      7.567     10.975    12.9527   999.4438 0.0000e+00
      7.734      0.080     1.6145     21.816     58.743  44.594615     0.2544      6.769   134.0313 1.2341e-01    13.3137      7.583     10.999    12.9539   999.4438 0.0000e+00
      7.753      0.073     1.6142     21.814     58.735  44.588787     0.2650      6.767   134.1348 1.2346e-01    13.2793      7.603     11.027    12.9552   999.4437 0.0000e+00
      7.773      0.067     1.6133     21.810     58.742  44.593368     0.2709      6.765   134.6649 1.2354e-01    13.1470      7.624     11.057    12.9555   999.4437 0.0000e+00
      7.791      0.065     1.6099     21.828     58.732  44.586494     0.2737      6.765   135.2788 1.2356e-01    12.9269      7.641     11.083    12.9544   999.4440 0.0000e+00
      7.806      0.068     1.6095     21.854     58.708  44.569175     0.2642      6.764   135.6206 1.2356e-01    12.7810      7.656     11.104    12.9543   999.4441 0.0000e+00
      7.817      0.074     1.6105     21.866     58.715  44.574475     0.2595      6.762   135.7856 1.2356e-01    12.7595      7.666     11.119    12.9548   999.4440 0.0000e+00
      7.830      0.082     1.6082     21.887     58.733  44.587069     0.2687      6.761   135.8107 1.2356e-01    12.7984      7.674     11.131    12.9540   999.4442 0.0000e+00
      7.852      0.089     1.6104     21.907     58.744  44.594449     0.2720      6.761   136.2683 1.2351e-01    12.9234      7.696     11.162    12.9537   999.4443 0.0000e+00
      7.884      0.095     1.6139     21.908     58.752  44.600209     0.2643      6.759   137.1890 1.2347e-01    13.1243      7.732     11.214    12.9554   999.4442 0.0000e+00
      7.916      0.098     1.6123     21.906     58.742  44.593201     0.2537      6.757   137.7365 1.2345e-01    13.2274      7.766     11.263    12.9555   999.4444 0.0000e+00
      7.943      0.098     1.6151     21.916     58.714  44.573216     0.2567      6.756   137.8116 1.2346e-01    13.2197      7.791     11.300    12.9542   999.4447 0.0000e+00
      7.965      0.094     1.6174     21.926     58.682  44.549075     0.2563      6.755   137.7532 1.2350e-01    13.0962      7.812     11.331    12.9537   999.4449 0.0000e+00
      7.985      0.091     1.6169     21.925     58.691  44.555311     0.2319      6.753   138.0625 1.2354e-01    12.8818      7.831     11.358    12.9530   999.4451 0.0000e+00
      8.004      0.093     1.6159     21.917     58.731  44.585106     0.2051      6.752   138.7986 1.2355e-01    12.7909      7.848     11.383    12.9534   999.4451 0.0000e+00
      8.025      0.099     1.6171     21.902     58.741  44.591829     0.1920      6.752   139.3396 1.2347e-01    12.7836      7.868     11.412    12.9551   999.4449 0.0000e+00
      8.050      0.105     1.6187     21.882     58.717  44.573092     0.2128      6.751   139.6135 1.2341e-01    12.8262      7.893     11.448    12.9552   999.4450 0.0000e+00
      8.081      0.106     1.6178     21.866     58.687  44.549066     0.2572      6.750   139.8740 1.2348e-01    12.9455      7.922     11.489    12.9541   999.4453 0.0000e+00
      8.116      0.102     1.6177     21.868     58.696  44.555323     0.2778      6.748   139.9073 1.2361e-01    13.0130      7.959     11.544    12.9537   999.4456 0.0000e+00
      8.150      0.094     1.6163     21.890     58.736  44.585243     0.2710      6.747   139.8436 1.2361e-01    13.0196      7.998     11.599    12.9533   999.4458 0.0000e+00
      8.172      0.085     1.6147     21.894     58.745  44.593319     0.2449      6.745   140.2230 1.2354e-01    13.1569      8.019     11.630    12.9524   999.4460 0.0000e+00
      8.185      0.078     1.6135     21.882     58.734  44.589476     0.2132      6.743   140.7088 1.2352e-01    13.4601      8.027     11.642    12.9516   999.4461 0.0000e+00
      8.195      0.073     1.6124     21.883     58.745  44.602289     0.2080      6.741   140.8993 1.2349e-01    13.6711      8.036     11.655    12.9510   999.4462 0.0000e+00
      8.210      0.073     1.6168     21.899     58.770  44.621246     0.2172      6.741   140.7193 1.2349e-01    13.7088      8.048     11.673    12.9506   999.4464 0.0000e+00
      8.231      0.077     1.6163     21.915     58.785  44.628179     0.2112      6.741   140.3396 1.2353e-01    13.4899      8.068     11.703    12.9503   999.4465 0.0000e+00
      8.257      0.081     1.6139     21.903     58.781  44.622612     0.1965      6.740   140.3524 1.2353e-01    13.0561      8.098     11.744    12.9550   999.4461 0.0000e+00
      8.282      0.083     1.6144     21.873     58.776  44.617426     0.1955      6.739   140.8736 1.2349e-01    12.8224      8.124     11.783    12.9618   999.4452 0.0000e+00
      8.303      0.082     1.6152     21.844     58.791  44.628971     0.2079      6.739   141.5651 1.2350e-01    12.8268      8.143     11.810    12.9605   999.4455 0.0000e+00
      8.322      0.082     1.6187     21.811     58.801  44.635207     0.2157      6.738   141.5720 1.2353e-01    12.9125      8.162     11.838    12.9551   999.4464 0.0000e+00
      8.340      0.084     1.6168     21.776     58.795  44.629325     0.2126      6.738   140.9567 1.2353e-01    13.0074      8.178     11.862    12.9524   999.4467 0.0000e+00
      8.357      0.090     1.6137     21.732     58.786  44.621354     0.2048      6.738   140.8370 1.2355e-01    12.9906      8.193     11.883    12.9528   999.4468 0.0000e+00
      8.379      0.098     1.6125     21.684     58.762  44.602323     0.2081      6.739   141.2425 1.2360e-01    12.9716      8.215     11.914    12.9531   999.4469 0.0000e+00
      8.406      0.108     1.6094     21.663     58.745  44.589720     0.2182      6.736   141.7297 1.2364e-01    13.0077      8.241     11.953    12.9515   999.4472 0.0000e+00
      8.438      0.119     1.6073     21.662     58.753  44.595965     0.2141      6.731   142.0819 1.2358e-01    13.0337      8.273     12.000    12.9501   999.4475 0.0000e+00
      8.472      0.129     1.6046     21.653     58.777  44.614328     0.2019      6.729   142.1458 1.2347e-01    13.0558      8.310     12.052    12.9492   999.4478 0.0000e+00
      8.505      0.137     1.5990     21.639     58.786  44.621241     0.2008      6.728   141.9862 1.2349e-01    13.0455      8.341     12.098    12.9485   999.4480 0.0000e+00
      8.538      0.140     1.5981     21.638     58.779  44.616054     0.2083      6.728   141.8728 1.2355e-01    13.0413      8.370     12.141    12.9481   999.4482 0.0000e+00
      8.576      0.139     1.5993     21.655     58.777  44.615108     0.2243      6.731   142.0662 1.2354e-01    13.0702      8.408     12.195    12.9483   999.4484 0.0000e+00
      8.618      0.135     1.5980     21.680     58.767  44.609808     0.2554      6.737   142.7755 1.2351e-01    13.0668      8.453     12.260    12.9493   999.4485 0.0000e+00
      8.657      0.128     1.5967     21.699     58.770  44.615473     0.2723      6.742   143.5655 1.2351e-01    13.0338      8.493     12.318    12.9496   999.4486 0.0000e+00
      8.687      0.118     1.5962     21.708     58.772  44.620106     0.2642      6.744   143.7011 1.2354e-01    13.0309      8.521     12.359    12.9491   999.4488 0.0000e+00
      8.713      0.107     1.5981     21.710     58.747  44.602324     0.2617      6.744   143.5554 1.2356e-01    13.0973      8.544     12.393    12.9493   999.4489 0.0000e+00
      8.737      0.097     1.6002     21.701     58.732  44.590978     0.2680      6.742   143.5244 1.2356e-01    13.2142      8.569     12.428    12.9515   999.4487 0.0000e+00
      8.759      0.091     1.6017     21.687     58.758  44.609922     0.2703      6.736   143.9284 1.2356e-01    13.2974      8.589     12.458    12.9551   999.4484 0.0000e+00
      8.780      0.089     1.6018     21.678     58.801  44.640876     0.2635      6.716   144.9131 1.2357e-01    13.2834      8.610     12.488    12.9571   999.4482 0.0000e+00
      8.802      0.089     1.6022     21.663     58.813  44.647741     0.2385      6.693   145.7076 1.2359e-01    13.1767      8.632     12.519    12.9582   999.4482 0.0000e+00
      8.824      0.089     1.6017     21.643     58.792  44.629421     0.2098      6.690   145.8771 1.2357e-01    13.0557      8.653     12.550    12.9585   999.4482 0.0000e+00
      8.848      0.089     1.5995     21.633     58.768  44.609862     0.2032      6.700   146.1027 1.2355e-01    13.0006      8.676     12.584    12.9574   999.4485 0.0000e+00
      8.872      0.094     1.6002     21.623     58.758  44.601748     0.2020      6.707   146.8868 1.2352e-01    13.0025      8.702     12.620    12.9565   999.4487 0.0000e+00
      8.894      0.101     1.5987     21.608     58.750  44.594821     0.1951      6.710   147.4420 1.2345e-01    13.0128      8.723     12.651    12.9544   999.4491 0.0000e+00
      8.915      0.110     1.5967     21.596     58.745  44.589607     0.1973      6.711   147.4802 1.2343e-01    13.0265      8.740     12.676    12.9519   999.4495 0.0000e+00
      8.941      0.116     1.5964     21.584     58.762  44.602202     0.2036      6.711   147.4356 1.2346e-01    13.0698      8.765     12.713    12.9511   999.4497 0.0000e+00
      8.977      0.121     1.5960     21.567     58.786  44.620097     0.2012      6.711   147.2463 1.2349e-01    13.1100      8.803     12.768    12.9511   999.4499 0.0000e+00
      9.017      0.123     1.5945     21.572     58.781  44.615476     0.1949      6.712   147.0838 1.2349e-01    13.0872      8.844     12.828    12.9504   999.4502 0.0000e+00
      9.052      0.121     1.5936     21.592     58.774  44.609822     0.2054      6.712   147.2775 1.2348e-01    12.9907      8.880     12.879    12.9491   999.4505 0.0000e+00
      9.082      0.116     1.5937     21.590     58.781  44.615236     0.2324      6.710   147.6100 1.2347e-01    12.8928      8.908     12.919    12.9484   999.4507 0.0000e+00
      9.107      0.108     1.5906     21.582     58.784  44.617441     0.2528      6.707   147.8348 1.2351e-01    12.8539      8.931     12.953    12.9480   999.4509 0.0000e+00
      9.131      0.099     1.5912     21.582     58.809  44.636481     0.2615      6.706   147.5008 1.2355e-01    12.8479      8.955     12.987    12.9477   999.4510 0.0000e+00
      9.156      0.091     1.5951     21.585     58.834  44.654948     0.2681      6.706   146.7550 1.2353e-01    12.8855      8.978     13.021    12.9475   999.4511 0.0000e+00
      9.180      0.084     1.5932     21.595     58.829  44.650221     0.2720      6.706   146.6465 1.2351e-01    12.9493      9.004     13.058    12.9474   999.4513 0.0000e+00
      9.202      0.076     1.5926     21.607     58.820  44.642821     0.2651      6.704   147.1356 1.2350e-01    12.9633      9.026     13.091    12.9472   999.4514 0.0000e+00
      9.221      0.067     1.5932     21.623     58.803  44.628978     0.2624      6.701   147.5924 1.2346e-01    12.9900      9.043     13.116    12.9470   999.4516 0.0000e+00
      9.237      0.059     1.5927     21.634     58.778  44.609838     0.2565      6.700   147.6099 1.2345e-01    13.0424      9.060     13.140    12.9467   999.4517 0.0000e+00
      9.249      0.053     1.5941     21.618     58.768  44.601912     0.2294      6.700   147.2604 1.2346e-01    13.0404      9.073     13.158    12.9462   999.4518 0.0000e+00
      9.257      0.048     1.5945     21.580     58.761  44.596636     0.2033      6.699   147.0665 1.2350e-01    13.0306      9.077     13.166    12.9456   999.4519 0.0000e+00
      9.267      0.046     1.5960     21.547     58.778  44.609546     0.1918      6.698   147.0720 1.2354e-01    13.0217      9.086     13.178    12.9446   999.4521 0.0000e+00
      9.281      0.050     1.5977     21.512     59.058  44.821516     0.2121      6.698   146.9825 1.2356e-01    13.0642      9.103     13.202    12.9439   999.4521 0.0000e+00
      9.294      0.059     1.5966     21.489     60.717  46.080031     0.2490      6.697   146.4155 1.2353e-01    13.1837      9.116     13.221    12.9440   999.4525 0.0000e+00
      9.305      0.071     1.5919     21.494     67.287  51.062519     0.2654      6.696   145.3783 1.2349e-01    13.2874      9.123     13.231    12.9442   999.4519 0.0000e+00
      9.320      0.084     1.5909     21.492    115.512  87.663474     0.2799      6.694   144.2500 1.2345e-01    13.3346      9.136     13.250    12.9439   999.4528 0.0000e+00
      9.345      0.094     1.5878     21.467    227.478 172.719408     0.3468      6.690   143.2697 1.2345e-01    13.3615      9.162     13.287    12.9441   999.4516 0.0000e+00
      9.377      0.099     1.5843     21.383    334.846 254.516082     0.4590      6.685   142.5600 1.2348e-01    13.4489      9.194     13.335    12.9441   999.4542 0.0000e+00
      9.411      0.098     1.5874     21.065    386.883 294.577961     0.5178      6.680   142.3806 1.2350e-01    13.5064      9.229     13.386    12.9413   999.4524 0.0000e+00
      9.441      0.090     1.5872     20.265    407.006 310.539551     0.5114      6.674   142.9068 1.2352e-01    13.4993      9.261     13.433    12.9360   999.4596 0.0000e+00
      9.462      0.075     1.5836     18.755    418.952 320.323127     0.4419      6.662   143.7608 1.2357e-01    13.4618      9.283     13.464    12.9395   999.5173 0.0000e+00
      9.476      0.060     1.5814     16.410    429.497 329.028066     0.3198      6.632   144.1888 1.2359e-01    13.3471      9.294     13.480    12.9815   999.5602 0.0000e+00
      9.486      0.046     1.5617     13.280    436.824 335.191927     0.2573      6.572   143.7791 1.2350e-01    13.2599      9.303     13.493    13.0616   999.5609 0.0000e+00
      9.493      0.036     1.5060      9.579    434.603 333.935848     0.2587      6.499   142.9368 1.2345e-01    13.2597      9.309     13.503    13.1446   999.5565 0.0000e+00
      9.499      0.031     1.3970      5.708    428.291 329.478937     0.2676      6.443   142.0925 1.2350e-01    13.3120      9.315     13.510    13.2254   999.5494 0.0000e+00
