Data/DataNotYetUploadedToEDI/Raw_CTD/RawDownloads/100419_bvr50.cnv
* Sea-Bird SBE19plus  Data File:
* FileName = C:\DATA\100719_bvr50_0001.hex
* Software version 2.8.0.119 SB_Terminal.dll
* Temperature SN = 7809
* Conductivity SN = 7809
* System UpLoad Time = Oct 07 2019 15:42:03
* <ApplicationData>
* <Seaterm232>
# nquan = 16
# nvalues = 1219                        
# units = specified
# name 0 = depFM: Depth [fresh water, m]
# name 1 = dz/dtM: Descent Rate [m/s]
# name 2 = sbeox0ML/L: Oxygen, SBE 43 [ml/l]
# name 3 = sbeox0PS: Oxygen, SBE 43 [% saturation]
# name 4 = specc: Specific Conductance [uS/cm]
# name 5 = c0uS/cm: Conductivity [uS/cm]
# name 6 = flECO-AFL: Fluorescence, WET Labs ECO-AFL/FL [mg/m^3]
# name 7 = ph: pH
# name 8 = orp: Oxidation Reduction Potential [mV]
# name 9 = par/sat/log: PAR/Logarithmic, Satlantic
# name 10 = turbWETntu0: Turbidity, WET Labs ECO [NTU]
# name 11 = prdM: Pressure, Strain Gauge [db]
# name 12 = prdE: Pressure, Strain Gauge [psi]
# name 13 = tv290C: Temperature [ITS-90, deg C]
# name 14 = density00: Density [density, kg/m^3]
# name 15 = flag:  0.000e+00
# span 0 =     -0.650,     10.077       
# span 1 =     -0.020,      0.217       
# span 2 =     0.0369,     6.4604       
# span 3 =      0.470,    112.126       
# span 4 =      0.666,    231.146       
# span 5 =   0.771117, 158.628031       
# span 6 =    -0.9182,    24.1498       
# span 7 =      6.359,      9.027       
# span 8 =  -137.6158,  1240.2295       
# span 9 = 1.2324e-01, 2.0758e+03       
# span 10 =    -5.1974,     9.7841      
# span 11 =     -0.640,      9.883      
# span 12 =     -0.927,     14.334      
# span 13 =     9.2717,    32.9518      
# span 14 =   994.7281,   999.8971      
# span 15 = 0.0000e+00, 0.0000e+00      
# interval = seconds: 0.25
# start_time = Oct 04 2019 13:47:17 [Instrument's time stamp, header]
# bad_flag = -9.990e-29
*END*
[from data line 452]
      2.814      0.036     2.9911     48.710     28.940  27.582335     4.8893      7.357   168.0469 6.9538e+01     1.0694      2.760      4.002    22.6438   997.6518 0.0000e+00
      2.822      0.037     2.9837     48.460     28.967  27.606464     4.9397      7.351   168.1981 6.9368e+01     1.0409      2.767      4.015    22.6458   997.6513 0.0000e+00
      2.831      0.037     2.9747     48.230     28.997  27.630585     4.9649      7.348   168.1848 6.9228e+01     0.9841      2.774      4.024    22.6471   997.6511 0.0000e+00
      2.843      0.037     2.9597     47.989     28.990  27.620195     4.9780      7.345   168.0583 6.8939e+01     1.0050      2.788      4.043    22.6502   997.6504 0.0000e+00
      2.854      0.036     2.9422     47.704     28.980  27.607724     5.0894      7.343   168.0458 6.8375e+01     1.1297      2.800      4.061    22.6520   997.6501 0.0000e+00
      2.862      0.035     2.9277     47.406     28.984  27.606684     5.2797      7.342   168.1193 6.7583e+01     1.2462      2.806      4.069    22.6458   997.6516 0.0000e+00
      2.870      0.032     2.9145     47.138     28.990  27.607612     5.3720      7.341   168.1719 6.7021e+01     1.2662      2.813      4.080    22.6377   997.6535 0.0000e+00
      2.879      0.028     2.9020     46.845     29.007  27.618939     5.3730      7.339   168.2517 6.6596e+01     1.2409      2.823      4.096    22.6323   997.6549 0.0000e+00
      2.886      0.027     2.8839     46.475     29.010  27.616747     5.3781      7.338   168.3959 6.6105e+01     1.2026      2.830      4.104    22.6258   997.6564 0.0000e+00
      2.891      0.029     2.8641     46.041     28.977  27.581093     5.3906      7.337   168.6254 6.5678e+01     1.1314      2.835      4.111    22.6183   997.6581 0.0000e+00
      2.896      0.032     2.8508     45.532     28.970  27.568509     5.3935      7.336   168.9610 6.5401e+01     1.0680      2.841      4.121    22.6112   997.6599 0.0000e+00
      2.901      0.035     2.8353     44.944     29.002  27.591476     5.3869      7.334   169.2709 6.5131e+01     1.0256      2.844      4.125    22.6027   997.6618 0.0000e+00
      2.910      0.038     2.8116     44.317     29.024  27.604997     5.3887      7.332   169.4467 6.4688e+01     1.0125      2.852      4.135    22.5918   997.6643 0.0000e+00
      2.925      0.039     2.7868     43.608     29.028  27.605091     5.3464      7.330   169.5372 6.3871e+01     1.0085      2.869      4.161    22.5854   997.6659 0.0000e+00
      2.940      0.039     2.7570     42.746     29.014  27.592610     5.2568      7.328   169.5049 6.2965e+01     0.9760      2.885      4.185    22.5786   997.6676 0.0000e+00
      2.951      0.038     2.7200     41.800     29.001  27.580981     5.2156      7.326   169.4008 6.2550e+01     0.9800      2.895      4.199    22.5625   997.6714 0.0000e+00
      2.958      0.036     2.6840     40.950     29.016  27.591374     5.2126      7.321   169.3965 6.2548e+01     1.0249      2.902      4.208    22.5464   997.6752 0.0000e+00
      2.963      0.033     2.6446     40.340     29.021  27.591374     5.2466      7.317   169.5392 6.2611e+01     1.0928      2.906      4.214    22.5411   997.6764 0.0000e+00
      2.969      0.032     2.5901     39.959     29.015  27.580973     5.3311      7.314   169.8352 6.2542e+01     1.1776      2.911      4.221    22.5448   997.6755 0.0000e+00
      2.979      0.033     2.5281     39.649     29.028  27.592499     5.3769      7.311   170.1362 6.2014e+01     1.1986      2.921      4.236    22.5481   997.6748 0.0000e+00
      2.989      0.035     2.4732     39.295     29.040  27.603844     5.3672      7.307   170.2532 6.1325e+01     1.1830      2.932      4.252    22.5426   997.6762 0.0000e+00
      2.999      0.037     2.4367     38.908     29.028  27.591250     5.2222      7.302   170.3040 6.0810e+01     1.1528      2.942      4.266    22.5303   997.6792 0.0000e+00
      3.008      0.039     2.4194     38.527     29.007  27.567121     4.9503      7.297   170.4920 6.0271e+01     1.0962      2.949      4.278    22.5207   997.6814 0.0000e+00
      3.017      0.040     2.4030     38.150     29.015  27.565875     4.8014      7.292   170.8063 5.9610e+01     1.0551      2.958      4.292    22.5205   997.6814 0.0000e+00
      3.027      0.040     2.3809     37.782     29.038  27.576175     4.7833      7.289   171.0928 5.9014e+01     1.0163      2.968      4.305    22.5224   997.6811 0.0000e+00
      3.038      0.041     2.3558     37.431     29.034  27.564745     4.7314      7.286   171.2878 5.8383e+01     1.0200      2.978      4.319    22.5198   997.6817 0.0000e+00
      3.050      0.041     2.3339     37.065     29.026  27.554552     4.6422      7.283   171.4443 5.7554e+01     1.0670      2.992      4.340    22.5148   997.6829 0.0000e+00
      3.061      0.041     2.3117     36.699     29.057  27.579824     4.5972      7.280   171.6082 5.7184e+01     1.0601      3.003      4.355    22.4994   997.6866 0.0000e+00
      3.070      0.040     2.2891     36.390     29.105  27.616521     4.5863      7.275   171.8065 5.6971e+01     1.0356      3.010      4.365    22.4753   997.6922 0.0000e+00
      3.080      0.037     2.2708     36.151     29.115  27.617572     4.5632      7.271   172.0341 5.6359e+01     1.0333      3.020      4.380    22.4593   997.6959 0.0000e+00
      3.091      0.034     2.2477     35.936     29.093  27.592519     4.4826      7.269   172.2095 5.5683e+01     1.0320      3.033      4.399    22.4613   997.6955 0.0000e+00
      3.101      0.033     2.2239     35.689     29.065  27.567379     4.3486      7.267   172.2929 5.5047e+01     1.0530      3.042      4.412    22.4588   997.6961 0.0000e+00
      3.108      0.035     2.2057     35.418     29.059  27.567389     4.2683      7.266   172.3540 5.4491e+01     1.0574      3.047      4.420    22.4378   997.7010 0.0000e+00
      3.113      0.038     2.1930     35.168     29.079  27.592643     4.2490      7.263   172.4320 5.4082e+01     1.0192      3.053      4.428    22.4207   997.7050 0.0000e+00
      3.120      0.040     2.1822     34.948     29.109  27.618954     4.2456      7.260   172.4618 5.3713e+01     1.0502      3.057      4.434    22.4112   997.7072 0.0000e+00
      3.131      0.041     2.1670     34.763     29.129  27.631739     4.2533      7.258   172.4572 5.3092e+01     1.1698      3.068      4.450    22.4125   997.7069 0.0000e+00
      3.148      0.043     2.1481     34.622     29.124  27.620319     4.2639      7.256   172.4615 5.2398e+01     1.2521      3.089      4.481    22.4286   997.7033 0.0000e+00
      3.163      0.044     2.1324     34.497     29.118  27.607756     4.2527      7.255   172.5132 5.2077e+01     1.2589      3.105      4.505    22.4435   997.7000 0.0000e+00
      3.171      0.044     2.1196     34.351     29.125  27.606718     4.0403      7.253   172.7391 5.1829e+01     1.2525      3.110      4.511    22.4413   997.7005 0.0000e+00
      3.178      0.044     2.1080     34.171     29.134  27.607759     3.6553      7.250   173.0418 5.1091e+01     1.2729      3.113      4.516    22.4234   997.7047 0.0000e+00
      3.189      0.044     2.1009     33.916     29.157  27.620335     3.4465      7.248   173.2472 5.0175e+01     1.2763      3.127      4.535    22.4110   997.7076 0.0000e+00
      3.202      0.046     2.0950     33.536     29.184  27.631871     3.4058      7.244   173.4165 4.9477e+01     1.2613      3.141      4.556    22.4009   997.7100 0.0000e+00
      3.213      0.048     2.0863     33.072     29.192  27.620329     3.2155      7.240   173.6263 4.8827e+01     1.2548      3.151      4.570    22.3877   997.7131 0.0000e+00
      3.226      0.050     2.0765     32.541     29.193  27.607643     2.8883      7.238   173.8047 4.8221e+01     1.2305      3.163      4.587    22.3756   997.7159 0.0000e+00
      3.241      0.052     2.0639     31.867     29.196  27.605356     2.7183      7.237   173.9380 4.7616e+01     1.2297      3.179      4.611    22.3633   997.7188 0.0000e+00
      3.255      0.055     2.0396     31.042     29.185  27.592668     2.6940      7.233   174.1197 4.7208e+01     1.2456      3.194      4.632    22.3402   997.7242 0.0000e+00
      3.265      0.057     2.0120     30.168     29.177  27.581113     2.6378      7.229   174.3658 4.6835e+01     1.2253      3.202      4.643    22.2994   997.7337 0.0000e+00
      3.279      0.057     1.9839     29.295     29.195  27.592534     2.5501      7.225   174.6770 4.5949e+01     1.2148      3.213      4.660    22.2710   997.7402 0.0000e+00
      3.297      0.057     1.9437     28.471     29.211  27.603860     2.5010      7.223   174.9572 4.5054e+01     1.2494      3.234      4.690    22.2684   997.7409 0.0000e+00
      3.314      0.056     1.8892     27.761     29.201  27.591173     2.5038      7.221   175.0865 4.4469e+01     1.2826      3.253      4.717    22.2702   997.7406 0.0000e+00
      3.329      0.055     1.8362     27.155     29.182  27.566015     2.5147      7.219   175.2079 4.3918e+01     1.2565      3.265      4.735    22.2607   997.7429 0.0000e+00
      3.341      0.051     1.7835     26.679     29.179  27.553441     2.5544      7.216   175.3932 4.3422e+01     1.2289      3.276      4.751    22.2485   997.7457 0.0000e+00
      3.353      0.046     1.7294     26.340     29.204  27.566017     2.6369      7.214   175.5203 4.2896e+01     1.2439      3.288      4.770    22.2457   997.7464 0.0000e+00
      3.365      0.042     1.6894     26.021     29.237  27.591168     2.6890      7.213   175.5399 4.2362e+01     1.2401      3.300      4.787    22.2412   997.7475 0.0000e+00
      3.375      0.038     1.6511     25.603     29.247  27.603751     2.6906      7.211   175.6311 4.1953e+01     1.2489      3.311      4.802    22.2283   997.7505 0.0000e+00
      3.384      0.035     1.6214     25.090     29.224  27.591269     2.7082      7.208   175.9340 4.1671e+01     1.2200      3.320      4.815    22.2100   997.7547 0.0000e+00
      3.392      0.033     1.6053     24.581     29.189  27.567159     2.7543      7.205   176.2770 4.1469e+01     1.0872      3.327      4.825    22.1876   997.7599 0.0000e+00
      3.399      0.033     1.5894     24.178     29.188  27.566025     2.7800      7.202   176.5081 4.1239e+01     1.0191      3.334      4.835    22.1746   997.7628 0.0000e+00
      3.405      0.033     1.5636     23.962     29.208  27.577561     2.7840      7.199   176.5779 4.0911e+01     1.0196      3.340      4.843    22.1810   997.7614 0.0000e+00
      3.414      0.033     1.5282     23.887     29.217  27.579745     2.7508      7.196   176.6044 4.0493e+01     1.0274      3.347      4.854    22.2032   997.7564 0.0000e+00
      3.425      0.034     1.4956     23.813     29.232  27.592414     2.6740      7.194   176.6560 4.0120e+01     1.1133      3.359      4.871    22.2241   997.7517 0.0000e+00
      3.435      0.035     1.4677     23.703     29.245  27.603853     2.6351      7.193   176.6858 3.9835e+01     1.2065      3.370      4.887    22.2217   997.7523 0.0000e+00
      3.444      0.038     1.4563     23.618     29.237  27.591156     2.6359      7.191   176.8784 3.9629e+01     1.2365      3.379      4.900    22.2023   997.7567 0.0000e+00
      3.450      0.040     1.4569     23.601     29.224  27.565782     2.5719      7.188   177.1781 3.9400e+01     1.2469      3.383      4.907    22.1884   997.7600 0.0000e+00
      3.458      0.041     1.4527     23.600     29.234  27.550818     2.4502      7.185   177.3843 3.8956e+01     1.2337      3.389      4.916    22.1898   997.7596 0.0000e+00
      3.471      0.041     1.4439     23.483     29.246  27.537074     2.3877      7.181   177.5657 3.8421e+01     1.2079      3.403      4.936    22.1920   997.7593 0.0000e+00
      3.486      0.040     1.4376     23.070     29.254  27.526456     2.3878      7.177   177.6502 3.7958e+01     1.2294      3.419      4.958    22.1861   997.7607 0.0000e+00
      3.499      0.037     1.4384     22.202     29.291  27.549309     2.4166      7.174   177.7171 3.7578e+01     1.2641      3.432      4.977    22.1649   997.7655 0.0000e+00
      3.509      0.033     1.4429     20.886     29.316  27.559597     2.4670      7.173   177.9437 3.7344e+01     1.2670      3.443      4.993    22.1167   997.7766 0.0000e+00
      3.515      0.032     1.4407     19.301     29.298  27.523935     2.4941      7.172   178.1539 3.7284e+01     1.2644      3.449      5.001    22.0670   997.7879 0.0000e+00
      3.516      0.033     1.4208     17.635     29.295  27.498770     2.5014      7.169   178.2801 3.7241e+01     1.2654      3.448      5.000    22.0383   997.7944 0.0000e+00
      3.520      0.036     1.3686     16.009     29.327  27.509067     2.5029      7.166   178.3513 3.7001e+01     1.2469      3.449      5.002    22.0214   997.7983 0.0000e+00
      3.531      0.038     1.2827     14.451     29.352  27.521517     2.3828      7.161   178.4128 3.6521e+01     1.2047      3.460      5.019    22.0043   997.8023 0.0000e+00
      3.547      0.040     1.1832     12.983     29.357  27.522398     2.1505      7.158   178.5927 3.5959e+01     1.1802      3.478      5.045    21.9713   997.8098 0.0000e+00
      3.563      0.040     1.0786     11.680     29.353  27.519720     2.0258      7.156   178.8054 3.5562e+01     1.2131      3.496      5.070    21.9256   997.8203 0.0000e+00
      3.574      0.039     0.9801     10.638     29.320  27.489137     2.0199      7.155   178.9197 3.5393e+01     1.2754      3.508      5.087    21.8889   997.8286 0.0000e+00
      3.579      0.036     0.8848      9.923     29.299  27.469843     2.0360      7.154   178.9418 3.5273e+01     1.2783      3.510      5.091    21.8707   997.8327 0.0000e+00
      3.583      0.034     0.7927      9.509     29.309  27.476769     2.0637      7.152   179.0728 3.5015e+01     1.2144      3.512      5.094    21.8694   997.8330 0.0000e+00
      3.591      0.034     0.7111      9.341     29.282  27.445992     2.0778      7.150   179.2989 3.4763e+01     1.1917      3.521      5.107    21.8728   997.8323 0.0000e+00
      3.601      0.035     0.6443      9.339     29.262  27.414925     2.0676      7.147   179.3523 3.4546e+01     1.2333      3.531      5.122    21.8731   997.8322 0.0000e+00
      3.612      0.037     0.6027      9.430     29.280  27.418344     1.9926      7.145   179.3744 3.4205e+01     1.2256      3.541      5.136    21.8735   997.8322 0.0000e+00
      3.623      0.037     0.5774      9.528     29.295  27.423865     1.8559      7.144   179.4804 3.3905e+01     1.0982      3.553      5.154    21.8709   997.8328 0.0000e+00
      3.634      0.036     0.5697      9.510     29.291  27.418229     1.7678      7.142   179.6018 3.3674e+01     0.9718      3.564      5.170    21.8641   997.8345 0.0000e+00
      3.642      0.035     0.5711      9.330     29.286  27.413642     1.7588      7.139   179.7238 3.3478e+01     0.9749      3.571      5.179    21.8409   997.8397 0.0000e+00
      3.648      0.034     0.5782      9.020     29.304  27.431846     1.8165      7.136   179.7507 3.3311e+01     1.0709      3.576      5.187    21.8111   997.8464 0.0000e+00
      3.657      0.032     0.5884      8.646     29.322  27.448005     1.9017      7.134   179.7543 3.3066e+01     1.1485      3.586      5.201    21.7980   997.8494 0.0000e+00
      3.666      0.032     0.5879      8.309     29.297  27.418676     1.9401      7.132   179.8543 3.2817e+01     1.1934      3.596      5.215    21.7964   997.8499 0.0000e+00
      3.675      0.032     0.5758      8.084     29.289  27.394455     1.9506      7.130   180.0133 3.2608e+01     1.2197      3.603      5.226    21.7987   997.8493 0.0000e+00
      3.682      0.033     0.5555      7.941     29.329  27.408901     1.9942      7.128   180.2133 3.2401e+01     1.2044      3.612      5.238    21.8014   997.8488 0.0000e+00
      3.689      0.033     0.5302      7.802     29.341  27.402979     2.0605      7.126   180.3799 3.2187e+01     1.2044      3.618      5.247    21.8031   997.8485 0.0000e+00
