Data/DataNotYetUploadedToEDI/Raw_CTD/RawDownloads/100420_fcr20.cnv
* Sea-Bird SBE19plus  Data File:
* FileName = C:\DATA\100420_fcr50_0002.hex
* Software version 2.8.0.119
* Temperature SN = 7809
* Conductivity SN = 7809
* System UpLoad Time = Oct 05 2020 07:49:53
* <ApplicationData>
* <Seaterm232>
# nquan = 16
# nvalues = 519                         
# units = specified
# name 0 = depFM: Depth [fresh water, m]
# name 1 = dz/dtM: Descent Rate [m/s]
# name 2 = sbeox0ML/L: Oxygen, SBE 43 [ml/l]
# name 3 = sbeox0PS: Oxygen, SBE 43 [% saturation]
# name 4 = specc: Specific Conductance [uS/cm]
# name 5 = c0uS/cm: Conductivity [uS/cm]
# name 6 = flECO-AFL: Fluorescence, WET Labs ECO-AFL/FL [mg/m^3]
# name 7 = ph: pH
# name 8 = orp: Oxidation Reduction Potential [mV]
# name 9 = par/sat/log: PAR/Logarithmic, Satlantic
# name 10 = turbWETntu0: Turbidity, WET Labs ECO [NTU]
# name 11 = prdM: Pressure, Strain Gauge [db]
# name 12 = prdE: Pressure, Strain Gauge [psi]
# name 13 = tv290C: Temperature [ITS-90, deg C]
# name 14 = density00: Density [density, kg/m^3]
# name 15 = flag:  0.000e+00
# span 0 =     -0.624,      1.520       
# span 1 =     -0.393,      0.250       
# span 2 =     4.9082,     7.2271       
# span 3 =     74.385,    109.170       
# span 4 =      1.427,     38.276       
# span 5 =   1.185234,  32.724131       
# span 6 =    -3.1569,     4.2502       
# span 7 =     -2.377,     15.763       
# span 8 =   133.8565,  1115.2395       
# span 9 = 1.0767e+01, 1.5709e+03       
# span 10 =    -1.1773,    28.2578      
# span 11 =     -0.612,      1.491      
# span 12 =     -0.887,      2.162      
# span 13 =    16.4784,    18.5273      
# span 14 =   998.5150,   998.8873      
# span 15 = 0.0000e+00, 0.0000e+00      
# interval = seconds: 0.25
# start_time = Oct 04 2020 00:45:34 [Instrument's time stamp, header]
# bad_flag = -9.990e-29
*END*
[from data line 452]
     -0.412     -0.208     6.6720    100.629     37.273  32.111433     2.2727     15.708   154.7156 1.3353e+03     7.1024     -0.419     -0.608    18.0426   998.6043 0.0000e+00
     -0.451     -0.163     6.6607    100.516     37.255  32.101873    -1.1803     15.708   154.8416 1.2426e+03    10.2612     -0.450     -0.654    18.0444   998.6039 0.0000e+00
     -0.467     -0.111     6.6591    100.277     37.266  32.114733    -3.0704     15.708   153.4908 1.0985e+03    11.9088     -0.457     -0.664    18.0523   998.6024 0.0000e+00
     -0.480     -0.062     6.6583     99.864     37.296  32.140042    -3.1569     15.708   152.5806 1.0338e+03    11.7801     -0.467     -0.679    18.0631   998.6003 0.0000e+00
     -0.495     -0.030     6.6580     99.254     37.317  32.154097    -2.1110     15.708   153.7306 1.1224e+03     9.1519     -0.490     -0.711    18.0727   998.5984 0.0000e+00
     -0.501     -0.020     6.6493     98.509     37.329  32.157762    -0.1622     15.708   157.5861 1.2847e+03     4.3024     -0.498     -0.722    18.0812   998.5968 0.0000e+00
     -0.492     -0.026     6.6342     97.765     37.369  32.184347     0.8943     15.708   162.1145 1.3831e+03     1.6227     -0.481     -0.698    18.0866   998.5959 0.0000e+00
     -0.482     -0.040     6.6085     97.214     37.419  32.221744     0.9818     15.704   156.6018 1.4020e+03     1.3672     -0.469     -0.680    18.0855   998.5961 0.0000e+00
     -0.487     -0.057     6.5664     96.970     37.432  32.229242     0.9721     15.699   141.8675 1.2334e+03     1.3852     -0.468     -0.679    18.0792   998.5973 0.0000e+00
     -0.512     -0.073     6.5167     96.980     37.192  32.021216     0.9491     15.698   134.0160 9.8434e+02     1.4287     -0.498     -0.722    18.0693   998.5990 0.0000e+00
     -0.550     -0.083     6.4624     97.022     34.062  29.325823     0.9419     15.700   133.8565 9.3334e+02     1.4124     -0.542     -0.786    18.0586   998.6008 0.0000e+00
     -0.587     -0.082     6.4245     96.777     24.484  21.079453     0.9329     15.701   134.3466 9.2905e+02     1.3595     -0.578     -0.838    18.0503   998.6022 0.0000e+00
     -0.612     -0.069     6.4101     96.028     13.012  11.202477     0.8978     15.702   134.9513 8.3442e+02     1.3734     -0.610     -0.883    18.0453   998.6030 0.0000e+00
     -0.621     -0.048     6.4162     94.703      7.433   6.399402     0.6599     15.703   135.9196 6.5884e+02     1.8549     -0.612     -0.887    18.0433   998.6035 0.0000e+00
     -0.621     -0.026     6.4284     92.896      6.287   5.412414     0.2309     15.703   137.6218 4.8598e+02     2.7519     -0.608     -0.883    18.0430   998.6034 0.0000e+00
     -0.622     -0.011     6.4167     90.862      5.407   4.654802    -0.0161     15.703   139.4429 4.3402e+02     3.2243     -0.611     -0.886    18.0430   998.5998 0.0000e+00
     -0.622     -0.003     6.3694     88.904      4.595   3.955407    -0.0665     15.703   140.5593 4.3291e+02     3.1382     -0.609     -0.884    18.0423   998.5950 0.0000e+00
     -0.622     -0.000     6.2803     87.291      4.119   3.545473    -0.1395     15.703   141.8272 3.8034e+02     2.0532     -0.610     -0.886    18.0416   998.5943 0.0000e+00
     -0.622 -1.792e-08     6.1533     86.180      3.845   3.309685    -0.2417     15.703   143.2443 2.9961e+02     0.0632     -0.610     -0.885    18.0403   998.5947 0.0000e+00
     -0.622 -1.971e-07     6.0127     85.614      3.713   3.195274    -0.2998     15.703   143.6697 2.7985e+02    -1.0785     -0.610     -0.885    18.0376   998.5948 0.0000e+00
     -0.622 -1.971e-07     5.8761     85.561      3.543   3.049114    -0.3272     15.703   143.7012 3.0364e+02    -1.1773     -0.610     -0.885    18.0345   998.5952 0.0000e+00
     -0.622 -1.792e-08     5.7663     85.914      3.339   2.872920    -0.4778     15.703   144.8287 3.7756e+02    -0.9253     -0.610     -0.885    18.0313   998.5957 0.0000e+00
     -0.622 -1.629e-09     5.6927     86.487      3.299   2.838856    -0.7565     15.703   146.8919 5.5451e+02    -0.5032     -0.611     -0.886    18.0283   998.5963 0.0000e+00
     -0.622 -1.481e-10     5.6560     87.120      3.434   2.954027    -0.9222     15.704   148.6867 7.0234e+02    -0.2628     -0.610     -0.885    18.0249   998.5968 0.0000e+00
     -0.622 -1.346e-11     5.6554     87.765      3.706   3.188425    -0.9369     15.704   149.4068 7.4527e+02    -0.2160     -0.610     -0.885    18.0215   998.5974 0.0000e+00
     -0.622 -1.224e-12     5.6837     88.389      4.237   3.645576    -0.9240     15.705   149.5761 7.8747e+02    -0.2119     -0.610     -0.885    18.0183   998.5980 0.0000e+00
     -0.623 -1.113e-13     5.7272     88.939      4.776   4.109792    -0.9193     15.705   150.9912 8.5016e+02    -0.2125     -0.611     -0.886    18.0157   998.5984 0.0000e+00
     -0.623 -1.011e-14     5.7684     89.413      4.780   4.112797    -0.9188     15.705   152.6646 8.9043e+02    -0.1895     -0.611     -0.886    18.0145   998.5987 0.0000e+00
     -0.623 -9.195e-16     5.8123     89.834      4.353   3.745275    -0.9081     15.704   152.0854 9.2637e+02    -0.1743     -0.611     -0.886    18.0140   998.5988 0.0000e+00
     -0.623 -8.360e-17     5.8558     90.209      3.957   3.404210    -0.9043     15.704   150.6136 1.0078e+03    -0.1993     -0.611     -0.886    18.0140   998.5989 0.0000e+00
     -0.623 -7.600e-18     5.8915     90.548      3.744   3.220215    -0.9208     15.704   151.5610 1.1287e+03    -0.2521     -0.611     -0.886    18.0138   998.5992 0.0000e+00
     -0.623 -6.910e-19     5.9221     90.855      3.609   3.104495    -0.9356     15.704   154.4192 1.2087e+03    -0.2976     -0.611     -0.886    18.0138   998.5992 0.0000e+00
     -0.623 -6.280e-20     5.9501     91.107      3.435   2.955378    -0.9303     15.704   157.4669 1.0407e+03    -0.3041     -0.611     -0.886    18.0137   998.5990 0.0000e+00
     -0.623 -5.710e-21     5.9748     91.298      3.268   2.811056    -0.9237     15.704   159.7595 6.6566e+02    -0.2953     -0.611     -0.887    18.0136   998.5989 0.0000e+00
     -0.623 -5.190e-22     5.9967     91.477      3.127   2.689953    -0.9316     15.704   159.8555 4.7563e+02    -0.2944     -0.611     -0.886    18.0136   998.5989 0.0000e+00
     -0.623 -4.718e-23     6.0179     91.640      2.986   2.568143    -0.9311     15.704   159.8312 4.7676e+02    -0.2932     -0.611     -0.886    18.0131   998.5990 0.0000e+00
     -0.623 -4.289e-24     6.0357     91.733      2.881   2.478630    -0.9079     15.704   161.5307 4.6419e+02    -0.2814     -0.611     -0.886    18.0124   998.5990 0.0000e+00
     -0.623 -3.899e-25     6.0462     91.788      2.826   2.431254    -0.8983     15.704   163.2831 4.4739e+02    -0.2541     -0.611     -0.886    18.0112   998.5992 0.0000e+00
     -0.623 -3.545e-26     6.0577     91.852      2.761   2.375435    -0.9199     15.705   164.3269 4.3890e+02    -0.2376     -0.611     -0.886    18.0100   998.5994 0.0000e+00
     -0.623 -3.222e-27     6.0724     91.922      2.686   2.310555    -0.9312     15.705   164.9449 4.3291e+02    -0.2200     -0.611     -0.886    18.0087   998.5996 0.0000e+00
     -0.623 -2.930e-28     6.0761     92.000      2.651   2.280310    -0.9212     15.704   164.9915 4.3404e+02    -0.2121     -0.611     -0.886    18.0074   998.5999 0.0000e+00
     -0.623 -2.664e-29     6.0787     92.090      2.631   2.263156    -0.9228     15.704   163.7714 4.3719e+02    -0.2797     -0.611     -0.886    18.0063   998.6001 0.0000e+00
     -0.623 -2.420e-30     6.0838     92.176      2.592   2.229855    -0.9309     15.705   161.3781 4.4051e+02    -0.3508     -0.611     -0.887    18.0052   998.6003 0.0000e+00
     -0.623 -2.057e-31     6.0883     92.257      2.551   2.194430    -0.9242     15.705   159.7155 4.4430e+02    -0.3170     -0.612     -0.887    18.0043   998.6004 0.0000e+00
     -0.623 1.3861e-31     6.0932     92.346      2.502   2.151601    -0.9177     15.705   159.2420 4.4759e+02    -0.2484     -0.611     -0.886    18.0035   998.6006 0.0000e+00
     -0.623 1.7431e-30     6.0999     92.406      2.433   2.092125    -0.9197     15.705   158.3191 4.5440e+02    -0.2426     -0.611     -0.886    18.0025   998.6008 0.0000e+00
     -0.623 1.9193e-29     6.1064     92.442      2.378   2.045467    -0.9191     15.705   157.2474 4.5850e+02    -0.2805     -0.611     -0.886    18.0016   998.6009 0.0000e+00
     -0.623 2.1113e-28     6.1098     92.492      2.361   2.030933    -0.9201     15.706   156.8678 4.5236e+02    -0.2602     -0.611     -0.886    18.0009   998.6010 0.0000e+00
     -0.623 2.3224e-27     6.1187     92.547      2.376   2.043094    -0.9223     15.706   156.9120 4.4722e+02    -0.2039     -0.611     -0.887    18.0002   998.6012 0.0000e+00
     -0.623 2.5547e-26     6.1218     92.583      2.402   2.065801    -0.9265     15.706   158.1259 4.4828e+02    -0.2175     -0.611     -0.886    17.9994   998.6013 0.0000e+00
     -0.623 2.8101e-25     6.1227     92.603      2.386   2.052072    -0.9335     15.706   159.7570 4.5099e+02    -0.2533     -0.611     -0.886    17.9984   998.6014 0.0000e+00
     -0.623 3.0911e-24     6.1272     92.639      2.330   2.003802    -0.9295     15.706   159.7708 4.5341e+02    -0.2590     -0.611     -0.886    17.9977   998.6016 0.0000e+00
     -0.623 3.4003e-23     6.1312     92.702      2.312   1.988990    -0.9260     15.706   158.7227 4.5302e+02    -0.2177     -0.611     -0.887    17.9970   998.6017 0.0000e+00
     -0.623 3.7403e-22     6.1341     92.752      2.325   1.999690    -0.9389     15.706   158.0116 4.5183e+02    -0.2001     -0.611     -0.886    17.9964   998.6019 0.0000e+00
     -0.623 4.1143e-21     6.1339     92.745      2.333   2.006466    -0.9425     15.706   158.5721 4.5336e+02    -0.2176     -0.611     -0.886    17.9957   998.6020 0.0000e+00
     -0.623 4.5257e-20     6.1365     92.730      2.408   2.070912    -0.9319     15.706   159.6497 4.5368e+02    -0.2232     -0.611     -0.887    17.9948   998.6021 0.0000e+00
     -0.623 4.9783e-19     6.1413     92.761      2.568   2.208744    -0.9247     15.706   159.5116 4.5133e+02    -0.2677     -0.612     -0.887    17.9941   998.6022 0.0000e+00
     -0.623 5.4762e-18     6.1472     92.798      2.724   2.342589    -0.9221     15.706   159.1381 4.5083e+02    -0.3098     -0.611     -0.886    17.9933   998.6024 0.0000e+00
     -0.623 6.0238e-17     6.1449     92.813      2.817   2.422172    -0.9286     15.706   159.7798 4.5277e+02    -0.3208     -0.611     -0.886    17.9924   998.6025 0.0000e+00
     -0.623 6.6261e-16     6.1411     92.821      2.878   2.474102    -0.9275     15.706   160.8182 4.5446e+02    -0.2963     -0.611     -0.886    17.9917   998.6027 0.0000e+00
     -0.623 7.2888e-15     6.1465     92.862      2.940   2.526990    -0.9187     15.707   161.4540 4.5490e+02    -0.2552     -0.611     -0.887    17.9909   998.6029 0.0000e+00
     -0.624 8.0176e-14     6.1486     92.925      2.972   2.554815    -0.9275     15.709   163.0792 4.5511e+02    -0.2354     -0.612     -0.887    17.9899   998.6031 0.0000e+00
     -0.624 1.4699e-13     6.1503     92.950      2.974   2.557116    -0.9377     15.709   164.5514 4.5530e+02    -0.2281     -0.612     -0.887    17.9892   998.6032 0.0000e+00
     -0.623 -9.990e-29     6.1487 -9.990e-29 -9.990e-29 -9.990e-29 -9.990e-29 -9.990e-29 -9.990e-29 4.5453e+02 -9.990e-29     -0.611     -0.886    17.9883   998.6034 0.0000e+00
     -0.623 -9.990e-29     6.1516 -9.990e-29 -9.990e-29 -9.990e-29 -9.990e-29 -9.990e-29 -9.990e-29 4.5595e+02 -9.990e-29     -0.611     -0.886    17.9876   998.6036 0.0000e+00
     -0.623 -9.990e-29     6.1591 -9.990e-29 -9.990e-29 -9.990e-29 -9.990e-29 -9.990e-29 -9.990e-29 4.6285e+02 -9.990e-29     -0.611     -0.886    17.9868   998.6037 0.0000e+00
     -0.623 -9.990e-29     6.1592 -9.990e-29 -9.990e-29 -9.990e-29 -9.990e-29 -9.990e-29 -9.990e-29 4.6759e+02 -9.990e-29     -0.611     -0.887    17.9861   998.6038 0.0000e+00
