Data/DataNotYetUploadedToEDI/Raw_CTD/RawDownloads/100420_fcr20.cnv
* Sea-Bird SBE19plus  Data File:
* FileName = C:\DATA\100420_fcr50_0002.hex
* Software version 2.8.0.119
* Temperature SN = 7809
* Conductivity SN = 7809
* System UpLoad Time = Oct 05 2020 07:49:53
* <ApplicationData>
* <Seaterm232>
# nquan = 16
# nvalues = 519                         
# units = specified
# name 0 = depFM: Depth [fresh water, m]
# name 1 = dz/dtM: Descent Rate [m/s]
# name 2 = sbeox0ML/L: Oxygen, SBE 43 [ml/l]
# name 3 = sbeox0PS: Oxygen, SBE 43 [% saturation]
# name 4 = specc: Specific Conductance [uS/cm]
# name 5 = c0uS/cm: Conductivity [uS/cm]
# name 6 = flECO-AFL: Fluorescence, WET Labs ECO-AFL/FL [mg/m^3]
# name 7 = ph: pH
# name 8 = orp: Oxidation Reduction Potential [mV]
# name 9 = par/sat/log: PAR/Logarithmic, Satlantic
# name 10 = turbWETntu0: Turbidity, WET Labs ECO [NTU]
# name 11 = prdM: Pressure, Strain Gauge [db]
# name 12 = prdE: Pressure, Strain Gauge [psi]
# name 13 = tv290C: Temperature [ITS-90, deg C]
# name 14 = density00: Density [density, kg/m^3]
# name 15 = flag:  0.000e+00
# span 0 =     -0.624,      1.520       
# span 1 =     -0.393,      0.250       
# span 2 =     4.9082,     7.2271       
# span 3 =     74.385,    109.170       
# span 4 =      1.427,     38.276       
# span 5 =   1.185234,  32.724131       
# span 6 =    -3.1569,     4.2502       
# span 7 =     -2.377,     15.763       
# span 8 =   133.8565,  1115.2395       
# span 9 = 1.0767e+01, 1.5709e+03       
# span 10 =    -1.1773,    28.2578      
# span 11 =     -0.612,      1.491      
# span 12 =     -0.887,      2.162      
# span 13 =    16.4784,    18.5273      
# span 14 =   998.5150,   998.8873      
# span 15 = 0.0000e+00, 0.0000e+00      
# interval = seconds: 0.25
# start_time = Oct 04 2020 00:45:34 [Instrument's time stamp, header]
# bad_flag = -9.990e-29
*END*
[from data line 181]
      0.021      0.003     6.7057    101.629     37.156  32.082443     1.5464     15.715   163.5679 1.5802e+02    11.8832      0.022      0.031    18.1669   998.5832 0.0000e+00
      0.020      0.002     6.7025    101.735     37.135  32.066350     1.5280     15.715   163.7373 1.5997e+02    11.8205      0.020      0.028    18.1658   998.5834 0.0000e+00
      0.018      0.003     6.7009    101.851     37.131  32.067052     1.5048     15.715   163.7138 1.6129e+02    11.6512      0.017      0.025    18.1658   998.5834 0.0000e+00
      0.017      0.003     6.7022    101.980     37.155  32.090928     1.4852     15.715   163.4560 1.6355e+02    11.3464      0.016      0.023    18.1661   998.5833 0.0000e+00
      0.020      0.002     6.7077    102.099     37.165  32.101258     1.4820     15.715   163.2872 1.6375e+02    11.1570      0.019      0.027    18.1670   998.5832 0.0000e+00
      0.024      0.000     6.7152    102.152     37.196  32.128499     1.4760     15.716   163.3945 1.6042e+02    11.1463      0.025      0.036    18.1703   998.5826 0.0000e+00
      0.026     -0.002     6.7212    102.100     37.238  32.166518     1.4596     15.716   163.5485 1.5813e+02    11.3195      0.027      0.039    18.1766   998.5814 0.0000e+00
      0.023     -0.002     6.7298    101.978     37.249  32.180260     1.4652     15.716   163.6855 1.5854e+02    11.6722      0.024      0.034    18.1819   998.5804 0.0000e+00
      0.018     -0.001     6.7384    101.834     37.228  32.167766     1.4871     15.715   163.6753 1.5950e+02    11.8747      0.018      0.025    18.1840   998.5800 0.0000e+00
      0.015      0.000     6.7441    101.701     37.190  32.142355     1.4950     15.714   163.5109 1.6124e+02    11.8797      0.013      0.018    18.1838   998.5800 0.0000e+00
      0.016      0.003     6.7386    101.615     37.164  32.126817     1.4844     15.714   163.5049 1.6270e+02    11.9033      0.014      0.020    18.1855   998.5797 0.0000e+00
      0.021      0.006     6.7284    101.565     37.133  32.106797     1.4831     15.714   163.6018 1.6197e+02    12.1952      0.021      0.032    18.1909   998.5788 0.0000e+00
      0.025      0.006     6.7177    101.507     37.108  32.090637     1.5078     15.714   163.3920 1.6161e+02    12.7306      0.026      0.038    18.1990   998.5773 0.0000e+00
      0.027     -0.004     6.7060    101.455     37.142  32.121773     1.5252     15.714   163.0331 1.6522e+02    13.0208      0.026      0.037    18.2084   998.5755 0.0000e+00
      0.029     -0.022     6.6994    101.445     37.193  32.166036     1.5217     15.714   163.0484 1.7194e+02    12.9920      0.028      0.040    18.2187   998.5736 0.0000e+00
      0.029     -0.042     6.6963    101.421     37.213  32.181689     1.4841     15.713   163.3197 1.8603e+02    12.5196      0.032      0.046    18.2293   998.5717 0.0000e+00
      0.019     -0.059     6.6915    101.326     37.217  32.184143     1.4232     15.713   163.5592 2.1047e+02    11.6698      0.027      0.039    18.2357   998.5704 0.0000e+00
     -0.007     -0.067     6.6850    101.185     37.229  32.195712     1.3972     15.713   163.7080 2.3092e+02    11.1977     -0.003     -0.004    18.2383   998.5698 0.0000e+00
     -0.043     -0.062     6.6871    101.046     37.225  32.194675     1.3987     15.714   163.7416 2.4312e+02    11.1371     -0.046     -0.066    18.2381   998.5696 0.0000e+00
     -0.072     -0.047     6.6879    100.935     37.196  32.171603     1.3640     15.714   163.8793 2.7729e+02    11.1768     -0.075     -0.110    18.2342   998.5702 0.0000e+00
     -0.084     -0.023     6.6805    100.847     37.194  32.170545     1.3025     15.714   164.1686 4.9981e+02    11.3012     -0.089     -0.129    18.2324   998.5705 0.0000e+00
     -0.078      0.003     6.6699    100.812     37.205  32.181881     1.2744     15.714   164.1417 8.8953e+02    11.4048     -0.081     -0.118    18.2354   998.5699 0.0000e+00
     -0.060      0.026     6.6590    100.856     37.204  32.181767     1.2719     15.714   163.8132 1.1144e+03    11.3993     -0.058     -0.084    18.2390   998.5694 0.0000e+00
     -0.043      0.042     6.6527    100.944     37.189  32.169173     1.2825     15.713   163.6380 9.6271e+02    11.2682     -0.040     -0.058    18.2414   998.5690 0.0000e+00
     -0.032      0.049     6.6453    101.039     37.177  32.156502     1.3069     15.713   163.4860 6.2905e+02    11.1242     -0.030     -0.045    18.2433   998.5687 0.0000e+00
     -0.023      0.052     6.6412    101.082     37.179  32.155443     1.3289     15.713   163.3522 6.3508e+02    11.1002     -0.023     -0.034    18.2454   998.5683 0.0000e+00
     -0.013      0.057     6.6462    101.027     37.184  32.156377     1.3477     15.713   163.5688 9.5168e+02    11.1506     -0.014     -0.021    18.2466   998.5681 0.0000e+00
      0.000      0.066     6.6520    100.950     37.199  32.167784     1.4207     15.713   163.8673 1.0944e+03    11.3208     -0.000      0.000    18.2468   998.5682 0.0000e+00
      0.016      0.073     6.6598    100.907     37.201  32.166473     1.5332     15.713   163.8646 1.0274e+03    11.6143      0.015      0.021    18.2446   998.5686 0.0000e+00
      0.038      0.076     6.6664    100.855     37.176  32.140518     1.5738     15.713   163.6211 8.9360e+02    11.7809      0.033      0.048    18.2387   998.5699 0.0000e+00
      0.067      0.074     6.6596    100.785     37.142  32.107748     1.5780     15.713   163.4186 7.3158e+02    11.8246      0.066      0.096    18.2350   998.5707 0.0000e+00
      0.095      0.069     6.6526    100.748     37.120  32.087480     1.5936     15.713   163.4821 6.3658e+02    11.8334      0.097      0.142    18.2338   998.5710 0.0000e+00
      0.111      0.062     6.6531    100.795     37.119  32.085794     1.6387     15.714   163.7853 6.4253e+02    11.7491      0.112      0.162    18.2299   998.5718 0.0000e+00
      0.117      0.054     6.6504    100.902     37.122  32.087355     1.7321     15.715   164.1592 6.7229e+02    11.6300      0.116      0.167    18.2228   998.5732 0.0000e+00
      0.122      0.047     6.6455    101.033     37.145  32.106359     1.7882     15.714   164.2180 6.8530e+02    11.5611      0.118      0.171    18.2175   998.5742 0.0000e+00
      0.133      0.043     6.6410    101.200     37.167  32.125219     1.7926     15.713   163.8938 6.9396e+02    11.5679      0.129      0.187    18.2162   998.5745 0.0000e+00
      0.149      0.043     6.6453    101.394     37.169  32.125062     1.7947     15.713   163.5946 6.1745e+02    11.5405      0.146      0.212    18.2162   998.5746 0.0000e+00
      0.164      0.046     6.6541    101.587     37.149  32.104461     1.7952     15.714   163.5263 4.5453e+02    11.4009      0.162      0.234    18.2152   998.5748 0.0000e+00
      0.174      0.050     6.6615    101.748     37.113  32.066459     1.7889     15.715   163.5845 3.4215e+02    11.3229      0.172      0.249    18.2137   998.5751 0.0000e+00
      0.183      0.054     6.6733    101.848     37.101  32.046259     1.7944     15.715   163.6957 2.9327e+02    11.3864      0.178      0.259    18.2133   998.5753 0.0000e+00
      0.194      0.058     6.6869    101.883     37.118  32.050551     1.8422     15.715   163.9243 2.6354e+02    11.5857      0.188      0.273    18.2121   998.5756 0.0000e+00
      0.211      0.063     6.7009    101.878     37.133  32.054890     1.9090     15.715   164.3699 2.4886e+02    11.8434      0.204      0.297    18.2068   998.5766 0.0000e+00
      0.231      0.069     6.7139    101.851     37.115  32.035266     1.9341     15.715   165.0390 2.4813e+02    11.9614      0.226      0.328    18.1973   998.5785 0.0000e+00
      0.251      0.074     6.7224    101.841     37.080  32.003608     1.9261     15.715   165.6470 2.6393e+02    12.0171      0.247      0.358    18.1841   998.5811 0.0000e+00
      0.270      0.076     6.7258    101.893     37.066  31.989350     1.9467     15.715   166.0429 2.8987e+02    12.1056      0.265      0.384    18.1678   998.5842 0.0000e+00
      0.289      0.076     6.7273    101.989     37.071  31.989757     1.9928     15.715   166.2988 2.9460e+02    12.1041      0.282      0.409    18.1557   998.5865 0.0000e+00
      0.309      0.075     6.7251    102.089     37.098  32.008524     2.0062     15.716   166.5036 2.6845e+02    12.0328      0.303      0.440    18.1525   998.5872 0.0000e+00
      0.330      0.073     6.7224    102.168     37.123  32.025923     1.9947     15.716   166.7123 2.3494e+02    11.9994      0.324      0.470    18.1510   998.5876 0.0000e+00
      0.348      0.069     6.7276    102.228     37.108  32.009774     2.0150     15.716   166.9295 2.0259e+02    12.0436      0.342      0.496    18.1476   998.5882 0.0000e+00
      0.365      0.064     6.7356    102.298     37.102  32.003600     2.0607     15.717   167.1503 1.7241e+02    12.0871      0.357      0.518    18.1425   998.5893 0.0000e+00
      0.381      0.058     6.7438    102.363     37.115  32.014721     2.0802     15.718   167.2308 1.5066e+02    12.0437      0.374      0.542    18.1354   998.5907 0.0000e+00
      0.397      0.050     6.7501    102.384     37.119  32.017341     2.0698     15.718   167.2152 1.3657e+02    11.9996      0.390      0.566    18.1290   998.5919 0.0000e+00
      0.409      0.042     6.7529    102.339     37.142  32.035282     2.0591     15.717   167.3049 1.2756e+02    12.0349      0.402      0.583    18.1256   998.5926 0.0000e+00
      0.418      0.033     6.7587    102.265     37.152  32.041310     2.1126     15.716   167.4560 1.2173e+02    12.4358      0.411      0.597    18.1250   998.5928 0.0000e+00
      0.425      0.024     6.7636    102.191     37.137  32.026773     2.2210     15.717   167.4940 1.1732e+02    13.1385      0.416      0.605    18.1247   998.5929 0.0000e+00
      0.429      0.016     6.7664    102.115     37.164  32.049848     2.2733     15.718   167.4200 1.1324e+02    13.4585      0.421      0.610    18.1237   998.5931 0.0000e+00
      0.431      0.010     6.7623    102.049     37.183  32.066527     2.2675     15.717   167.4213 1.1621e+02    13.3874      0.423      0.614    18.1217   998.5935 0.0000e+00
      0.432      0.008     6.7567    102.001     37.150  32.038095     2.2660     15.717   167.5088 1.2832e+02    13.0683      0.424      0.615    18.1179   998.5942 0.0000e+00
      0.432      0.011     6.7534    101.969     37.133  32.023313     2.2738     15.717   167.7045 1.3897e+02    12.5182      0.424      0.616    18.1152   998.5947 0.0000e+00
      0.432      0.016     6.7473    101.954     37.122  32.014684     2.2762     15.717   168.0667 1.4595e+02    12.1952      0.423      0.615    18.1148   998.5948 0.0000e+00
      0.433      0.021     6.7430    101.953     37.102  31.997217     2.2758     15.717   168.1884 1.5214e+02    12.1155      0.423      0.613    18.1150   998.5948 0.0000e+00
      0.439      0.024     6.7397    101.941     37.109  32.002460     2.2690     15.717   168.0568 1.5522e+02    12.0699      0.428      0.621    18.1156   998.5946 0.0000e+00
      0.452      0.024     6.7377    101.925     37.124  32.014628     2.2610     15.717   168.0247 1.5414e+02    12.0900      0.443      0.645    18.1164   998.5946 0.0000e+00
      0.466      0.021     6.7361    101.929     37.127  32.017445     2.2747     15.717   168.1443 1.4895e+02    12.1188      0.459      0.667    18.1169   998.5945 0.0000e+00
      0.472      0.019     6.7373    101.918     37.148  32.036516     2.2914     15.717   168.5560 1.4019e+02    12.1089      0.466      0.675    18.1160   998.5947 0.0000e+00
      0.472      0.017     6.7371    101.897     37.168  32.054877     2.2710     15.717   168.8732 1.3078e+02    11.9707      0.464      0.673    18.1150   998.5949 0.0000e+00
      0.468      0.013     6.7337    101.896     37.160  32.049120     2.2292     15.716   168.7094 1.2273e+02    11.7173      0.457      0.663    18.1144   998.5950 0.0000e+00
      0.468      0.010     6.7368    101.908     37.136  32.030352     2.2148     15.716   168.3832 1.1592e+02    11.6207      0.455      0.660    18.1140   998.5951 0.0000e+00
      0.477      0.010     6.7354    101.958     37.121  32.018296     2.2215     15.716   168.2851 1.1129e+02    11.6609      0.468      0.678    18.1148   998.5950 0.0000e+00
      0.487      0.015     6.7316    102.021     37.135  32.030250     2.2330     15.716   168.5553 1.1082e+02    11.7916      0.482      0.698    18.1169   998.5947 0.0000e+00
      0.487      0.021     6.7336    102.038     37.156  32.047992     2.2490     15.716   168.8104 1.1427e+02    12.0677      0.479      0.695    18.1191   998.5942 0.0000e+00
      0.483      0.024     6.7313    102.007     37.151  32.042466     2.2531     15.716   168.7887 1.1777e+02    12.2532      0.468      0.680    18.1215   998.5937 0.0000e+00
      0.488      0.024     6.7359    101.975     37.134  32.026879     2.2551     15.716   168.7233 1.1876e+02    12.2833      0.475      0.687    18.1230   998.5935 0.0000e+00
      0.503      0.024     6.7420    101.953     37.162  32.049868     2.2535     15.716   168.7943 1.1885e+02    12.2598      0.497      0.719    18.1231   998.5936 0.0000e+00
      0.515      0.026     6.7433    101.912     37.184  32.066643     2.2343     15.716   169.0439 1.1877e+02    12.0719      0.509      0.740    18.1221   998.5938 0.0000e+00
      0.519      0.026     6.7398    101.856     37.154  32.039355     2.2131     15.716   169.2469 1.1708e+02    11.7627      0.510      0.739    18.1199   998.5942 0.0000e+00
      0.521      0.022     6.7371    101.815     37.154  32.037156     2.2062     15.716   169.0964 1.1336e+02    11.6111      0.509      0.738    18.1189   998.5944 0.0000e+00
      0.526      0.017     6.7378    101.806     37.160  32.040053     2.2180     15.716   168.8600 1.0865e+02    11.6117      0.515      0.746    18.1178   998.5946 0.0000e+00
      0.531      0.016     6.7345    101.810     37.129  32.010938     2.2410     15.716   168.8830 1.0439e+02    11.6671      0.522      0.757    18.1149   998.5952 0.0000e+00
      0.535      0.018     6.7309    101.793     37.121  32.002358     2.2565     15.716   168.9450 1.0119e+02    11.7663      0.526      0.763    18.1129   998.5956 0.0000e+00
      0.537      0.020     6.7273    101.739     37.120  31.999758     2.2618     15.716   169.0935 9.8735e+01    11.8495      0.527      0.764    18.1101   998.5961 0.0000e+00
      0.541      0.021     6.7286    101.698     37.099  31.979496     2.2664     15.716   169.3872 9.6665e+01    11.9182      0.529      0.767    18.1060   998.5969 0.0000e+00
      0.548      0.022     6.7293    101.692     37.137  32.011151     2.2840     15.717   169.4851 9.5459e+01    12.2187      0.537      0.779    18.1030   998.5974 0.0000e+00
      0.557      0.024     6.7303    101.692     37.202  32.065262     2.3125     15.718   169.4173 9.5378e+01    12.7366      0.547      0.793    18.1006   998.5980 0.0000e+00
      0.564      0.028     6.7247    101.682     37.201  32.062727     2.3251     15.717   169.3414 9.5711e+01    12.9959      0.554      0.803    18.0977   998.5986 0.0000e+00
      0.568      0.034     6.7214    101.664     37.182  32.043949     2.3306     15.717   169.4286 9.6076e+01    13.0194      0.557      0.808    18.0959   998.5989 0.0000e+00
      0.573      0.040     6.7232    101.674     37.168  32.028555     2.3416     15.717   169.6962 9.5941e+01    13.1578      0.561      0.813    18.0941   998.5993 0.0000e+00
      0.583      0.045     6.7226    101.705     37.147  32.003491     2.3436     15.717   169.9092 9.4521e+01    13.3638      0.570      0.826    18.0916   998.5998 0.0000e+00
      0.599      0.048     6.7240    101.719     37.149  31.994680     2.3364     15.718   169.8542 9.1811e+01    13.4513      0.586      0.850    18.0894   998.6003 0.0000e+00
      0.619      0.048     6.7203    101.699     37.154  31.985452     2.3305     15.719   169.5464 8.8674e+01    13.4593      0.608      0.881    18.0878   998.6006 0.0000e+00
