Data/DataNotYetUploadedToEDI/Raw_CTD/RawDownloads/100419_fcr50.cnv
* Sea-Bird SBE19plus  Data File:
* FileName = C:\DATA\100419_fcr_50_0001.hex
* Software version 2.8.0.119 SB_Terminal.dll
* Temperature SN = 7809
* Conductivity SN = 7809
* System UpLoad Time = Oct 04 2019 09:59:08
* <ApplicationData>
* <Seaterm232>
# nquan = 16
# nvalues = 1952                        
# units = specified
# name 0 = depFM: Depth [fresh water, m]
# name 1 = dz/dtM: Descent Rate [m/s]
# name 2 = sbeox0ML/L: Oxygen, SBE 43 [ml/l]
# name 3 = sbeox0PS: Oxygen, SBE 43 [% saturation]
# name 4 = specc: Specific Conductance [uS/cm]
# name 5 = c0uS/cm: Conductivity [uS/cm]
# name 6 = flECO-AFL: Fluorescence, WET Labs ECO-AFL/FL [mg/m^3]
# name 7 = ph: pH
# name 8 = orp: Oxidation Reduction Potential [mV]
# name 9 = par/sat/log: PAR/Logarithmic, Satlantic
# name 10 = turbWETntu0: Turbidity, WET Labs ECO [NTU]
# name 11 = prdM: Pressure, Strain Gauge [db]
# name 12 = prdE: Pressure, Strain Gauge [psi]
# name 13 = tv290C: Temperature [ITS-90, deg C]
# name 14 = density00: Density [density, kg/m^3]
# name 15 = flag:  0.000e+00
# span 0 =     -0.573,      9.555       
# span 1 =     -0.038,      0.223       
# span 2 =     0.0449,     7.0256       
# span 3 =      0.682,    118.972       
# span 4 =      0.763,    106.488       
# span 5 =   0.718942,  88.733970       
# span 6 =    -1.9290,    11.3922       
# span 7 =      6.137,      8.933       
# span 8 = -1240.7453,   271.5966       
# span 9 = 1.2356e-01, 1.1206e+03       
# span 10 =    -0.8441,    30.0135      
# span 11 =     -0.562,      9.371      
# span 12 =     -0.816,     13.591      
# span 13 =    12.9838,    24.0668      
# span 14 =   997.3008,   999.4553      
# span 15 = 0.0000e+00, 0.0000e+00      
# interval = seconds: 0.25
# start_time = Oct 04 2019 09:40:24 [Instrument's time stamp, header]
# bad_flag = -9.990e-29
*END*
[from data line 814]
      2.411      0.013     0.0901      1.354     41.267  38.142544     0.7194      7.179   208.8976 1.1470e+01     1.3768      2.364      3.429    21.2421   997.9709 0.0000e+00
      2.414      0.012     0.0883      1.333     41.249  38.127647     0.7132      7.180   209.0000 1.1435e+01     1.3713      2.367      3.433    21.2293   997.9738 0.0000e+00
      2.417      0.011     0.0879      1.299     41.242  38.122841     0.7092      7.180   209.1205 1.1424e+01     1.3916      2.371      3.440    21.2200   997.9759 0.0000e+00
      2.419      0.011     0.0860      1.271     41.273  38.147915     0.7067      7.178   209.1505 1.1422e+01     1.4256      2.373      3.441    21.2096   997.9781 0.0000e+00
      2.422      0.011     0.0834      1.266     41.310  38.176890     0.7093      7.176   209.1044 1.1391e+01     1.4220      2.374      3.443    21.2051   997.9791 0.0000e+00
      2.425      0.012     0.0837      1.268     41.361  38.219267     0.7061      7.176   209.0790 1.1331e+01     1.4126      2.377      3.449    21.2120   997.9776 0.0000e+00
      2.428      0.013     0.0804      1.267     41.436  38.279413     0.7018      7.176   209.1876 1.1292e+01     1.4114      2.381      3.455    21.2164   997.9767 0.0000e+00
      2.431      0.015     0.0781      1.258     41.513  38.332799     0.7095      7.175   209.3855 1.1277e+01     1.4072      2.384      3.457    21.2098   997.9782 0.0000e+00
      2.435      0.017     0.0788      1.249     41.562  38.356897     0.7220      7.174   209.4927 1.1246e+01     1.4278      2.386      3.461    21.2017   997.9799 0.0000e+00
      2.440      0.017     0.0787      1.259     41.607  38.380321     0.7218      7.173   209.5376 1.1176e+01     1.4640      2.392      3.469    21.1987   997.9807 0.0000e+00
      2.446      0.017     0.0792      1.271     41.670  38.425554     0.7074      7.171   209.5844 1.1107e+01     1.4510      2.400      3.480    21.1909   997.9825 0.0000e+00
      2.451      0.016     0.0782      1.242     41.716  38.459434     0.6957      7.170   209.5427 1.1076e+01     1.4025      2.404      3.487    21.1671   997.9877 0.0000e+00
      2.454      0.015     0.0772      1.188     41.739  38.472555     0.7015      7.169   209.4630 1.1052e+01     1.4009      2.407      3.491    21.1365   997.9944 0.0000e+00
      2.457      0.013     0.0778      1.151     41.799  38.520710     0.7090      7.167   209.4818 1.1031e+01     1.4316      2.409      3.494    21.1147   997.9991 0.0000e+00
      2.460      0.012     0.0806      1.114     41.959  38.660794     0.6819      7.167   209.5112 1.1019e+01     1.4793      2.411      3.498    21.1016   998.0019 0.0000e+00
      2.463      0.012     0.0782      1.076     42.157  38.833217     0.6420      7.167   209.5601 1.1004e+01     1.5515      2.415      3.503    21.0922   998.0041 0.0000e+00
      2.465      0.013     0.0727      1.049     42.303  38.954972     0.6341      7.166   209.6432 1.0986e+01     1.5834      2.418      3.506    21.0823   998.0063 0.0000e+00
      2.468      0.014     0.0722      1.022     42.424  39.053753     0.6471      7.164   209.7418 1.0946e+01     1.5706      2.420      3.510    21.0736   998.0082 0.0000e+00
      2.473      0.014     0.0693      0.993     42.527  39.138829     0.6692      7.163   209.8917 1.0896e+01     1.5272      2.425      3.517    21.0666   998.0098 0.0000e+00
      2.477      0.014     0.0666      0.980     42.626  39.221830     0.6846      7.163   209.9927 1.0871e+01     1.4519      2.429      3.524    21.0554   998.0123 0.0000e+00
      2.481      0.014     0.0655      0.990     42.783  39.359000     0.6861      7.162   210.0169 1.0851e+01     1.4136      2.433      3.529    21.0382   998.0161 0.0000e+00
      2.484      0.014     0.0637      0.980     42.977  39.527702     0.6953      7.162   210.0126 1.0828e+01     1.3923      2.436      3.533    21.0214   998.0199 0.0000e+00
      2.486      0.015     0.0619      0.964     43.147  39.674542     0.7003      7.162   210.0268 1.0805e+01     1.3585      2.439      3.536    21.0103   998.0223 0.0000e+00
      2.489      0.016     0.0598      0.971     43.297  39.801285     0.6950      7.163   210.0159 1.0769e+01     1.3983      2.441      3.541    21.0023   998.0240 0.0000e+00
      2.494      0.018     0.0630      0.985     43.438  39.917428     0.6923      7.163   209.9672 1.0726e+01     1.5123      2.445      3.547    20.9928   998.0261 0.0000e+00
      2.499      0.021     0.0613      0.989     43.544  39.999593     0.6842      7.163   209.9535 1.0675e+01     1.5908      2.451      3.554    20.9824   998.0285 0.0000e+00
      2.505      0.023     0.0590      0.978     43.598  40.032907     0.6760      7.160   209.9375 1.0616e+01     1.5928      2.457      3.563    20.9716   998.0309 0.0000e+00
      2.511      0.023     0.0608      0.968     43.650  40.066276     0.6975      7.157   209.9450 1.0546e+01     1.5688      2.463      3.572    20.9581   998.0339 0.0000e+00
      2.519      0.023     0.0615      0.972     43.753  40.149100     0.7359      7.156   209.9589 1.0470e+01     1.5629      2.470      3.582    20.9427   998.0374 0.0000e+00
      2.526      0.022     0.0625      0.976     43.829  40.209007     0.7498      7.156   209.9324 1.0428e+01     1.5876      2.479      3.594    20.9260   998.0411 0.0000e+00
      2.530      0.020     0.0610      0.980     43.852  40.219239     0.7528      7.155   209.9693 1.0412e+01     1.6047      2.482      3.600    20.9058   998.0454 0.0000e+00
      2.533      0.018     0.0600      0.985     43.921  40.272796     0.7723      7.154   209.9753 1.0377e+01     1.6065      2.483      3.602    20.8872   998.0495 0.0000e+00
      2.538      0.018     0.0610      0.983     44.015  40.348675     0.7953      7.154   209.9183 1.0329e+01     1.6425      2.489      3.610    20.8763   998.0519 0.0000e+00
      2.542      0.019     0.0609      0.968     44.057  40.374857     0.7960      7.153   209.9682 1.0293e+01     1.6462      2.494      3.617    20.8661   998.0541 0.0000e+00
      2.546      0.021     0.0612      0.948     44.100  40.398892     0.7901      7.151   210.1489 1.0259e+01     1.5861      2.496      3.619    20.8524   998.0570 0.0000e+00
      2.551      0.023     0.0620      0.942     44.172  40.448792     0.8446      7.149   210.2968 1.0200e+01     1.5715      2.501      3.627    20.8414   998.0594 0.0000e+00
      2.559      0.023     0.0616      0.950     44.212  40.470297     0.9437      7.145   210.2077 1.0131e+01     1.5996      2.511      3.642    20.8315   998.0617 0.0000e+00
      2.567      0.022     0.0612      0.968     44.225  40.468435     0.9913      7.143   210.0182 1.0072e+01     1.5989      2.517      3.651    20.8166   998.0650 0.0000e+00
      2.573      0.021     0.0586      0.972     44.261  40.489736     0.9949      7.142   209.9841 1.0004e+01     1.5957      2.522      3.659    20.7982   998.0689 0.0000e+00
      2.578      0.019     0.0591      0.957     44.324  40.537377     1.0218      7.139   210.0523 9.9545e+00     1.5929      2.528      3.669    20.7810   998.0726 0.0000e+00
      2.581      0.016     0.0590      0.954     44.404  40.600057     1.0741      7.137   210.1556 9.9425e+00     1.5980      2.531      3.671    20.7628   998.0766 0.0000e+00
      2.584      0.014     0.0608      0.947     44.497  40.676211     1.1077      7.136   210.2871 9.9231e+00     1.6258      2.533      3.674    20.7463   998.0801 0.0000e+00
      2.587      0.014     0.0621      0.931     44.598  40.759794     1.1156      7.136   210.2642 9.8810e+00     1.6341      2.538      3.681    20.7349   998.0826 0.0000e+00
      2.591      0.014     0.0587      0.926     44.707  40.848804     1.1256      7.135   210.1369 9.8435e+00     1.6319      2.541      3.685    20.7231   998.0851 0.0000e+00
      2.594      0.015     0.0604      0.920     44.806  40.927091     1.2384      7.133   210.0392 9.8185e+00     1.6321      2.544      3.689    20.7119   998.0877 0.0000e+00
      2.597      0.016     0.0599      0.912     44.910  41.007989     1.4559      7.131   209.9437 9.7897e+00     1.6365      2.547      3.693    20.7025   998.0896 0.0000e+00
      2.602      0.017     0.0577      0.916     45.056  41.128553     1.5877      7.129   209.9285 9.7539e+00     1.6520      2.551      3.700    20.6924   998.0918 0.0000e+00
      2.607      0.018     0.0584      0.923     45.196  41.242040     1.6442      7.128   210.0272 9.7252e+00     1.6563      2.557      3.709    20.6812   998.0943 0.0000e+00
      2.611      0.019     0.0579      0.923     45.279  41.300840     2.0530      7.125   210.1044 9.7050e+00     1.6550      2.561      3.714    20.6666   998.0975 0.0000e+00
      2.615      0.020     0.0566      0.919     45.332  41.331573     2.7937      7.123   210.0012 9.6669e+00     1.7016      2.564      3.719    20.6503   998.1010 0.0000e+00
      2.621      0.021     0.0577      0.927     45.379  41.359660     3.2047      7.122   209.8977 9.6046e+00     1.7944      2.570      3.727    20.6369   998.1039 0.0000e+00
      2.627      0.023     0.0581      0.936     45.426  41.386465     3.3024      7.117   210.0581 9.5500e+00     1.8596      2.577      3.737    20.6213   998.1073 0.0000e+00
      2.633      0.025     0.0583      0.922     45.463  41.401698     3.9058      7.110   210.3062 9.5125e+00     1.9325      2.583      3.746    20.6021   998.1114 0.0000e+00
      2.639      0.025     0.0572      0.904     45.500  41.416833     4.9949      7.102   210.3160 9.4590e+00     2.0201      2.586      3.750    20.5821   998.1157 0.0000e+00
      2.647      0.024     0.0579      0.902     45.546  41.442456     5.5816      7.094   210.1766 9.3895e+00     2.0346      2.595      3.764    20.5661   998.1191 0.0000e+00
      2.655      0.023     0.0601      0.908     45.578  41.457536     5.6408      7.088   210.0835 9.3446e+00     2.0416      2.605      3.779    20.5516   998.1223 0.0000e+00
      2.661      0.021     0.0578      0.899     45.604  41.472162     5.7804      7.083   209.9645 9.3161e+00     2.0718      2.610      3.785    20.5280   998.1273 0.0000e+00
      2.666      0.018     0.0567      0.885     45.634  41.492316     6.0302      7.080   210.0285 9.2954e+00     2.0728      2.615      3.792    20.5068   998.1318 0.0000e+00
      2.669      0.014     0.0561      0.880     45.662  41.510739     6.1639      7.079   210.3413 9.2954e+00     2.0536      2.618      3.797    20.4900   998.1354 0.0000e+00
      2.671      0.012     0.0583      0.880     45.663  41.504437     6.1652      7.077   210.4770 9.2839e+00     2.0358      2.619      3.798    20.4731   998.1390 0.0000e+00
      2.673      0.011     0.0564      0.881     45.637  41.479598     6.1331      7.073   210.4649 9.2614e+00     1.9895      2.621      3.802    20.4645   998.1409 0.0000e+00
      2.676      0.011     0.0555      0.876     45.679  41.527862     6.0879      7.071   210.5379 9.2450e+00     1.8873      2.624      3.806    20.4573   998.1425 0.0000e+00
      2.680      0.012     0.0556      0.883     45.796  41.643580     6.0612      7.069   210.6724 9.2256e+00     1.8483      2.629      3.813    20.4504   998.1439 0.0000e+00
      2.683      0.013     0.0548      0.886     45.899  41.735940     6.0447      7.068   210.8001 9.2173e+00     1.8782      2.631      3.817    20.4391   998.1463 0.0000e+00
      2.685      0.014     0.0568      0.893     46.003  41.819227     6.0269      7.068   210.7919 9.1987e+00     1.9209      2.632      3.817    20.4349   998.1471 0.0000e+00
      2.688      0.015     0.0537      0.906     46.097  41.888710     6.0023      7.068   210.6594 9.1530e+00     2.0373      2.635      3.823    20.4518   998.1436 0.0000e+00
      2.693      0.016     0.0565      0.901     46.167  41.941140     5.9631      7.067   210.5740 9.1135e+00     2.1048      2.641      3.830    20.4662   998.1406 0.0000e+00
      2.697      0.017     0.0556      0.905     46.242  42.008711     5.9346      7.064   210.4481 9.0875e+00     2.0823      2.645      3.836    20.4649   998.1409 0.0000e+00
      2.702      0.017     0.0554      0.917     46.232  42.007311     5.9354      7.060   210.2556 9.0710e+00     2.0928      2.650      3.844    20.4497   998.1443 0.0000e+00
      2.706      0.017     0.0587      0.904     46.188  41.987714     6.0677      7.057   210.2251 9.0472e+00     2.1010      2.654      3.849    20.4273   998.1491 0.0000e+00
      2.711      0.018     0.0560      0.874     46.203  42.025742     6.3209      7.056   210.3376 9.0063e+00     2.1159      2.658      3.855    20.4142   998.1518 0.0000e+00
      2.716      0.018     0.0567      0.857     46.188  42.022712     6.4648      7.055   210.4111 8.9790e+00     2.1416      2.663      3.863    20.4171   998.1513 0.0000e+00
      2.720      0.018     0.0587      0.853     46.177  42.014592     6.5067      7.055   210.1673 8.9500e+00     2.1171      2.666      3.867    20.4198   998.1507 0.0000e+00
      2.725      0.019     0.0577      0.859     46.295  42.118027     6.7845      7.055   209.6275 8.9015e+00     2.0487      2.671      3.874    20.4428   998.1458 0.0000e+00
      2.730      0.021     0.0543      0.867     46.546  42.320976     7.2839      7.055   209.2188 8.8634e+00     1.9704      2.679      3.885    20.4841   998.1372 0.0000e+00
      2.735      0.023     0.0540      0.868     46.803  42.500183     7.5682      7.054   209.0968 8.8377e+00     1.9565      2.683      3.891    20.4892   998.1361 0.0000e+00
      2.739      0.025     0.0534      0.868     46.949  42.570465     7.6644      7.051   209.0983 8.8077e+00     1.9466      2.686      3.895    20.4848   998.1371 0.0000e+00
      2.746      0.026     0.0541      0.868     47.033  42.599238     8.3595      7.049   208.8932 8.7595e+00     1.8837      2.692      3.905    20.4955   998.1349 0.0000e+00
      2.755      0.026     0.0550      0.874     47.124  42.657536     9.6437      7.047   208.4247 8.7044e+00     1.8509      2.702      3.919    20.4708   998.1402 0.0000e+00
      2.763      0.026     0.0545      0.879     47.189  42.703885    10.3521      7.045   208.0795 8.6672e+00     1.8785      2.712      3.932    20.4009   998.1551 0.0000e+00
      2.769      0.025     0.0551      0.881     47.214  42.715174    10.4297      7.043   207.9894 8.6211e+00     1.9222      2.716      3.939    20.3246   998.1712 0.0000e+00
      2.775      0.023     0.0545      0.885     47.243  42.730521    10.5829      7.041   207.9368 8.5630e+00     1.9202      2.720      3.945    20.2716   998.1823 0.0000e+00
      2.781      0.019     0.0556      0.890     47.284  42.762443    10.8517      7.040   207.7016 8.5361e+00     1.8869      2.727      3.956    20.2522   998.1864 0.0000e+00
      2.786      0.017     0.0557      0.891     47.310  42.783669    11.0009      7.038   207.2966 8.5319e+00     1.8474      2.733      3.965    20.2459   998.1879 0.0000e+00
      2.789      0.016     0.0558      0.878     47.324  42.796687    11.0256      7.035   206.9118 8.5171e+00     1.8360      2.735      3.967    20.2298   998.1911 0.0000e+00
      2.792      0.016     0.0560      0.856     47.390  42.856360    11.1243      7.033   206.4909 8.4820e+00     1.8797      2.738      3.971    20.2171   998.1938 0.0000e+00
      2.795      0.017     0.0563      0.835     47.485  42.933735    11.3009      7.033   205.9071 8.4438e+00     1.9173      2.741      3.976    20.2131   998.1947 0.0000e+00
      2.798      0.018     0.0570      0.818     47.549  42.970287    11.3922      7.032   205.4460 8.4154e+00     1.8972      2.744      3.979    20.2095   998.1955 0.0000e+00
      2.803      0.020     0.0557      0.801     47.589  42.980812    11.3868      7.030   205.1305 8.3820e+00     1.8334      2.749      3.986    20.2111   998.1951 0.0000e+00
