Data/DataNotYetUploadedToEDI/Raw_CTD/RawDownloads/100420_fcr50.cnv
* Sea-Bird SBE19plus  Data File:
* FileName = C:\DATA\100420_fcr50_0001.hex
* Software version 2.8.0.119
* Temperature SN = 7809
* Conductivity SN = 7809
* System UpLoad Time = Oct 05 2020 07:49:38
* <ApplicationData>
* <Seaterm232>
# nquan = 16
# nvalues = 2324                        
# units = specified
# name 0 = depFM: Depth [fresh water, m]
# name 1 = dz/dtM: Descent Rate [m/s]
# name 2 = sbeox0ML/L: Oxygen, SBE 43 [ml/l]
# name 3 = sbeox0PS: Oxygen, SBE 43 [% saturation]
# name 4 = specc: Specific Conductance [uS/cm]
# name 5 = c0uS/cm: Conductivity [uS/cm]
# name 6 = flECO-AFL: Fluorescence, WET Labs ECO-AFL/FL [mg/m^3]
# name 7 = ph: pH
# name 8 = orp: Oxidation Reduction Potential [mV]
# name 9 = par/sat/log: PAR/Logarithmic, Satlantic
# name 10 = turbWETntu0: Turbidity, WET Labs ECO [NTU]
# name 11 = prdM: Pressure, Strain Gauge [db]
# name 12 = prdE: Pressure, Strain Gauge [psi]
# name 13 = tv290C: Temperature [ITS-90, deg C]
# name 14 = density00: Density [density, kg/m^3]
# name 15 = flag:  0.000e+00
# span 0 =     -0.611,      9.376       
# span 1 =     -0.420,      0.320       
# span 2 =    -0.0230,     7.2073       
# span 3 =     -0.266,    106.237       
# span 4 =      3.302,     85.583       
# span 5 =   2.706030,  68.440308       
# span 6 =    -1.0215,     2.8803       
# span 7 =     15.599,     16.088       
# span 8 =    17.0530,  1235.9516       
# span 9 = 1.2349e-01, 1.0522e+03       
# span 10 =    -0.5428,    25.8984      
# span 11 =     -0.601,      9.195      
# span 12 =     -0.872,     13.336      
# span 13 =    12.2882,    20.7843      
# span 14 =   998.0453,   999.5322      
# span 15 = 0.0000e+00, 0.0000e+00      
# interval = seconds: 0.25
# start_time = Oct 04 2020 00:07:59 [Instrument's time stamp, header]
# bad_flag = -9.990e-29
*END*
[from data line 1085]
      4.355      0.015     0.0516      0.690     82.079  64.021086     0.8671     15.841    36.9945 1.2360e-01     2.5782      4.271      6.195    13.9455   999.3054 0.0000e+00
      4.359      0.015     0.0485      0.704     82.046  63.998540     0.8624     15.842    36.6565 1.2365e-01     2.4080      4.275      6.201    13.9496   999.3047 0.0000e+00
      4.363      0.015     0.0486      0.736     82.027  63.970422     0.8668     15.842    36.3524 1.2371e-01     2.3261      4.278      6.205    13.9666   999.3024 0.0000e+00
      4.366      0.015     0.0494      0.762     82.011  63.935288     0.8826     15.842    36.0713 1.2372e-01     2.3426      4.281      6.209    13.9865   999.2997 0.0000e+00
      4.370      0.014     0.0497      0.762     81.979  63.891451     0.8912     15.842    35.7521 1.2368e-01     2.4017      4.285      6.215    14.0004   999.2977 0.0000e+00
      4.374      0.014     0.0500      0.752     81.898  63.821658     0.8758     15.843    35.4188 1.2368e-01     2.5264      4.290      6.222    14.0026   999.2974 0.0000e+00
      4.378      0.014     0.0532      0.738     81.768  63.726898     0.8583     15.843    35.1384 1.2372e-01     2.6140      4.294      6.228    13.9923   999.2988 0.0000e+00
      4.382      0.014     0.0563      0.729     81.635  63.635380     0.8510     15.843    34.9419 1.2377e-01     2.6020      4.297      6.231    13.9750   999.3012 0.0000e+00
      4.385      0.014     0.0546      0.724     81.588  63.604797     0.8550     15.843    34.7647 1.2380e-01     2.5884      4.299      6.236    13.9617   999.3031 0.0000e+00
      4.388      0.014     0.0547      0.721     81.602  63.611310     0.8781     15.843    34.5445 1.2377e-01     2.6204      4.303      6.241    13.9583   999.3035 0.0000e+00
      4.392      0.014     0.0529      0.718     81.576  63.587025     0.8912     15.843    34.2593 1.2374e-01     2.6464      4.307      6.247    13.9627   999.3030 0.0000e+00
      4.396      0.013     0.0525      0.718     81.540  63.565355     0.8804     15.842    33.9830 1.2376e-01     2.6276      4.312      6.254    13.9741   999.3013 0.0000e+00
      4.400      0.012     0.0521      0.732     81.567  63.603498     0.8704     15.842    33.7854 1.2376e-01     2.5307      4.315      6.258    13.9796   999.3006 0.0000e+00
      4.403      0.011     0.0519      0.743     81.617  63.666946     0.8657     15.841    33.5046 1.2366e-01     2.4020      4.317      6.261    13.9723   999.3016 0.0000e+00
      4.406      0.011     0.0522      0.732     81.628  63.697060     0.8626     15.841    33.1687 1.2361e-01     2.3753      4.321      6.266    13.9677   999.3022 0.0000e+00
      4.408      0.011     0.0508      0.710     81.641  63.713444     0.8716     15.841    32.9080 1.2365e-01     2.3802      4.323      6.269    13.9724   999.3016 0.0000e+00
      4.410      0.012     0.0529      0.695     81.704  63.737959     0.8878     15.841    32.6752 1.2370e-01     2.3582      4.324      6.272    13.9839   999.3000 0.0000e+00
      4.411      0.014     0.0543      0.680     81.775  63.739245     0.8869     15.841    32.3327 1.2373e-01     2.3492      4.326      6.274    14.0006   999.2977 0.0000e+00
      4.415      0.016     0.0532      0.668     81.841  63.728930     0.8707     15.842    31.9507 1.2368e-01     2.3407      4.328      6.277    14.0165   999.2955 0.0000e+00
      4.420      0.016     0.0506      0.687     81.915  63.740260     0.8631     15.843    31.7558 1.2361e-01     2.3914      4.333      6.285    14.0244   999.2945 0.0000e+00
      4.427      0.016     0.0501      0.714     81.957  63.749093     0.8706     15.844    31.6115 1.2365e-01     2.4474      4.341      6.296    14.0098   999.2965 0.0000e+00
      4.433      0.015     0.0496      0.722     81.910  63.708608     0.8859     15.844    31.3237 1.2369e-01     2.4346      4.348      6.307    13.9700   999.3021 0.0000e+00
      4.436      0.013     0.0467      0.734     81.809  63.632034     0.8962     15.844    30.9435 1.2364e-01     2.4082      4.351      6.311    13.9268   999.3082 0.0000e+00
      4.437      0.011     0.0493      0.758     81.761  63.585809     0.8899     15.845    30.6281 1.2358e-01     2.3691      4.351      6.311    13.8984   999.3121 0.0000e+00
      4.438      0.011     0.0529      0.762     81.712  63.530982     0.8767     15.845    30.5218 1.2356e-01     2.3397      4.352      6.312    13.8837   999.3141 0.0000e+00
      4.439      0.011     0.0517      0.747     81.579  63.413934     0.8793     15.845    30.5182 1.2361e-01     2.3612      4.352      6.312    13.8835   999.3141 0.0000e+00
      4.443      0.013     0.0523      0.739     81.467  63.314404     0.8923     15.844    30.2412 1.2369e-01     2.3889      4.357      6.319    13.8921   999.3129 0.0000e+00
      4.447      0.015     0.0557      0.724     81.437  63.280747     0.8918     15.844    29.9247 1.2369e-01     2.3999      4.361      6.326    13.8840   999.3140 0.0000e+00
      4.451      0.015     0.0558      0.700     81.417  63.261159     0.8919     15.844    29.8760 1.2369e-01     2.4256      4.364      6.331    13.8689   999.3161 0.0000e+00
      4.456      0.015     0.0531      0.685     81.344  63.204649     0.8933     15.845    29.7383 1.2375e-01     2.4934      4.371      6.339    13.8637   999.3168 0.0000e+00
      4.461      0.015     0.0540      0.675     81.216  63.105863     0.8698     15.845    29.3787 1.2380e-01     2.5677      4.375      6.346    13.8562   999.3178 0.0000e+00
      4.464      0.015     0.0529      0.678     81.110  63.019927     0.8465     15.845    28.9693 1.2376e-01     2.5686      4.377      6.349    13.8474   999.3190 0.0000e+00
      4.465      0.016     0.0499      0.695     81.077  62.991683     0.8502     15.845    28.8317 1.2367e-01     2.5722      4.379      6.351    13.8456   999.3193 0.0000e+00
      4.469      0.018     0.0497      0.714     81.102  63.018540     0.8482     15.845    28.7475 1.2367e-01     2.6113      4.382      6.356    13.8466   999.3191 0.0000e+00
      4.474      0.020     0.0483      0.734     81.168  63.090482     0.8126     15.844    28.2965 1.2376e-01     2.5947      4.387      6.363    13.8485   999.3188 0.0000e+00
      4.480      0.021     0.0485      0.745     81.227  63.162561     0.7827     15.844    27.8519 1.2373e-01     2.5438      4.392      6.370    13.8456   999.3193 0.0000e+00
      4.487      0.021     0.0505      0.734     81.240  63.191071     0.7818     15.843    27.6736 1.2362e-01     2.5112      4.400      6.382    13.8408   999.3199 0.0000e+00
      4.495      0.021     0.0515      0.704     81.226  63.181038     0.7933     15.843    27.6031 1.2362e-01     2.4407      4.410      6.395    13.8448   999.3194 0.0000e+00
      4.500      0.020     0.0533      0.667     81.228  63.168345     0.8072     15.843    27.5156 1.2366e-01     2.2756      4.413      6.400    13.8589   999.3175 0.0000e+00
      4.503      0.018     0.0544      0.638     81.249  63.164677     0.8061     15.843    27.3045 1.2366e-01     2.1616      4.416      6.404    13.8788   999.3148 0.0000e+00
      4.508      0.016     0.0536      0.641     81.243  63.136660     0.7987     15.843    27.1158 1.2367e-01     2.1272      4.421      6.411    13.8927   999.3130 0.0000e+00
      4.512      0.014     0.0509      0.658     81.206  63.083748     0.8047     15.843    27.1266 1.2363e-01     2.1349      4.425      6.417    13.8922   999.3130 0.0000e+00
      4.515      0.014     0.0484      0.667     81.165  63.033256     0.8110     15.844    27.0910 1.2357e-01     2.2543      4.428      6.422    13.8814   999.3145 0.0000e+00
      4.518      0.014     0.0449      0.691     81.086  62.970957     0.8080     15.845    26.7714 1.2356e-01     2.3684      4.430      6.425    13.8679   999.3164 0.0000e+00
      4.521      0.014     0.0458      0.722     80.976  62.902403     0.8060     15.845    26.4455 1.2359e-01     2.3824      4.434      6.431    13.8544   999.3183 0.0000e+00
      4.525      0.015     0.0490      0.746     80.860  62.839838     0.8064     15.845    26.4208 1.2362e-01     2.3552      4.438      6.436    13.8379   999.3205 0.0000e+00
      4.528      0.015     0.0468      0.750     80.754  62.786420     0.8038     15.844    26.2136 1.2362e-01     2.2791      4.440      6.440    13.8228   999.3226 0.0000e+00
      4.533      0.015     0.0503      0.725     80.700  62.764912     0.8023     15.844    25.6621 1.2366e-01     2.1486      4.445      6.447    13.8213   999.3228 0.0000e+00
      4.538      0.015     0.0523      0.686     80.695  62.770452     0.7991     15.844    25.3452 1.2372e-01     2.0831      4.450      6.454    13.8342   999.3210 0.0000e+00
      4.542      0.014     0.0542      0.651     80.717  62.789872     0.7931     15.844    25.3072 1.2369e-01     2.1048      4.454      6.459    13.8539   999.3183 0.0000e+00
      4.545      0.013     0.0556      0.647     80.745  62.809085     0.7777     15.843    25.2026 1.2362e-01     2.0683      4.457      6.465    13.8736   999.3156 0.0000e+00
      4.548      0.012     0.0522      0.655     80.750  62.812114     0.7462     15.843    24.8550 1.2361e-01     1.9844      4.460      6.469    13.8874   999.3136 0.0000e+00
      4.550      0.012     0.0503      0.657     80.678  62.762952     0.7268     15.843    24.5455 1.2366e-01     1.9485      4.463      6.473    13.8920   999.3130 0.0000e+00
      4.552      0.013     0.0453      0.682     80.532  62.659484     0.7340     15.842    24.4723 1.2371e-01     1.9438      4.464      6.475    13.8923   999.3130 0.0000e+00
      4.555      0.014     0.0465      0.722     80.422  62.577808     0.7467     15.842    24.4000 1.2367e-01     2.0648      4.467      6.479    13.8899   999.3134 0.0000e+00
      4.560      0.014     0.0484      0.747     80.374  62.537945     0.7568     15.842    24.1879 1.2362e-01     2.2791      4.472      6.487    13.8871   999.3138 0.0000e+00
      4.565      0.014     0.0462      0.742     80.323  62.495215     0.7605     15.842    23.8862 1.2368e-01     2.3718      4.477      6.493    13.8927   999.3131 0.0000e+00
      4.569      0.014     0.0489      0.727     80.253  62.442428     0.7533     15.842    23.5919 1.2377e-01     2.3272      4.482      6.499    13.9021   999.3117 0.0000e+00
      4.572      0.013     0.0526      0.708     80.203  62.408043     0.7362     15.841    23.5542 1.2373e-01     2.2197      4.484      6.503    13.9044   999.3112 0.0000e+00
      4.575      0.011     0.0551      0.683     80.185  62.397188     0.7256     15.841    23.6882 1.2367e-01     2.1717      4.486      6.507    13.9005   999.3118 0.0000e+00
      4.577      0.010     0.0539      0.682     80.154  62.374726     0.7399     15.842    23.4912 1.2367e-01     2.1922      4.489      6.511    13.8978   999.3122 0.0000e+00
      4.580      0.009     0.0521      0.698     80.095  62.327092     0.7568     15.842    23.0652 1.2363e-01     2.1585      4.491      6.514    13.9001   999.3119 0.0000e+00
      4.582      0.009     0.0521      0.691     80.027  62.266047     0.7575     15.841    22.9262 1.2360e-01     2.1077      4.493      6.517    13.9033   999.3114 0.0000e+00
      4.584      0.010     0.0482      0.671     79.984  62.208513     0.7389     15.841    23.1012 1.2369e-01     2.0932      4.495      6.519    13.9053   999.3112 0.0000e+00
      4.586      0.012     0.0483      0.671     80.032  62.203306     0.7130     15.842    23.0303 1.2373e-01     2.1207      4.497      6.523    13.9064   999.3110 0.0000e+00
      4.589      0.013     0.0515      0.681     80.178  62.266584     0.7115     15.844    22.9289 1.2370e-01     2.1654      4.500      6.526    13.9055   999.3111 0.0000e+00
      4.593      0.014     0.0505      0.690     80.331  62.338110     0.7308     15.845    23.2517 1.2366e-01     2.1871      4.503      6.532    13.9040   999.3113 0.0000e+00
      4.598      0.015     0.0473      0.700     80.418  62.369099     0.7462     15.844    23.4055 1.2361e-01     2.1781      4.509      6.540    13.8895   999.3134 0.0000e+00
      4.602      0.015     0.0487      0.710     80.386  62.323515     0.7449     15.844    23.0678 1.2354e-01     2.1241      4.514      6.546    13.8590   999.3175 0.0000e+00
      4.605      0.015     0.0493      0.735     80.277  62.231730     0.7344     15.844    22.8681 1.2351e-01     2.0834      4.516      6.549    13.8266   999.3220 0.0000e+00
      4.608      0.016     0.0498      0.761     80.251  62.212461     0.7334     15.844    23.1421 1.2357e-01     2.0644      4.519      6.555    13.7951   999.3264 0.0000e+00
      4.612      0.016     0.0512      0.765     80.333  62.281167     0.7424     15.844    23.1966 1.2361e-01     1.9974      4.522      6.559    13.7712   999.3298 0.0000e+00
      4.616      0.015     0.0506      0.731     80.433  62.363484     0.7480     15.844    22.8395 1.2363e-01     1.9249      4.526      6.564    13.7596   999.3314 0.0000e+00
      4.621      0.015     0.0536      0.692     80.451  62.381699     0.7431     15.843    22.6105 1.2368e-01     1.9088      4.532      6.574    13.7551   999.3319 0.0000e+00
      4.626      0.014     0.0554      0.688     80.354  62.310788     0.7416     15.843    22.6644 1.2370e-01     1.8723      4.537      6.581    13.7566   999.3317 0.0000e+00
      4.629      0.013     0.0570      0.697     80.209  62.205069     0.7390     15.842    22.8031 1.2374e-01     1.8611      4.539      6.584    13.7612   999.3311 0.0000e+00
      4.631      0.012     0.0534      0.686     80.087  62.120154     0.7303     15.841    22.7384 1.2376e-01     2.0130      4.541      6.586    13.7648   999.3307 0.0000e+00
      4.634      0.011     0.0483      0.661     80.061  62.110152     0.7320     15.841    22.2267 1.2371e-01     2.1638      4.544      6.590    13.7666   999.3305 0.0000e+00
      4.637      0.011     0.0497      0.645     80.097  62.147689     0.7406     15.840    21.6067 1.2362e-01     2.1741      4.547      6.596    13.7686   999.3301 0.0000e+00
      4.640      0.011     0.0515      0.654     80.065  62.129225     0.7385     15.839    21.5227 1.2360e-01     2.0692      4.550      6.599    13.7729   999.3295 0.0000e+00
      4.643      0.012     0.0502      0.689     79.999  62.077546     0.7264     15.839    21.6415 1.2366e-01     1.9253      4.552      6.602    13.7789   999.3287 0.0000e+00
      4.646      0.012     0.0476      0.704     80.028  62.094711     0.7281     15.839    21.3221 1.2372e-01     1.8760      4.555      6.608    13.7865   999.3277 0.0000e+00
      4.649      0.012     0.0462      0.681     80.102  62.146137     0.7401     15.840    20.8445 1.2374e-01     1.9193      4.558      6.611    13.7927   999.3268 0.0000e+00
      4.652      0.012     0.0460      0.673     80.086  62.127444     0.7462     15.840    20.7705 1.2371e-01     2.2423      4.562      6.616    13.7973   999.3262 0.0000e+00
      4.655      0.011     0.0504      0.691     80.007  62.059318     0.7449     15.840    20.5991 1.2368e-01     2.7958      4.565      6.621    13.7969   999.3263 0.0000e+00
      4.658      0.011     0.0530      0.700     79.967  62.021388     0.7349     15.840    19.9776 1.2369e-01     3.0492      4.567      6.625    13.7920   999.3270 0.0000e+00
      4.660      0.011     0.0483      0.707     79.928  61.986531     0.7203     15.839    19.6225 1.2369e-01     3.0053      4.570      6.628    13.7883   999.3275 0.0000e+00
      4.663      0.011     0.0473      0.718     79.814  61.892033     0.7206     15.839    19.6619 1.2368e-01     2.7799      4.573      6.633    13.7850   999.3280 0.0000e+00
      4.665      0.012     0.0513      0.718     79.676  61.768391     0.7391     15.839    19.5069 1.2367e-01     2.4193      4.575      6.636    13.7812   999.3284 0.0000e+00
      4.668      0.013     0.0505      0.713     79.547  61.635311     0.7523     15.839    19.0394 1.2367e-01     2.2501      4.577      6.639    13.7754   999.3292 0.0000e+00
