Data/DataNotYetUploadedToEDI/Raw_CTD/RawDownloads/100420_fcr50.cnv
* Sea-Bird SBE19plus  Data File:
* FileName = C:\DATA\100420_fcr50_0001.hex
* Software version 2.8.0.119
* Temperature SN = 7809
* Conductivity SN = 7809
* System UpLoad Time = Oct 05 2020 07:49:38
* <ApplicationData>
* <Seaterm232>
# nquan = 16
# nvalues = 2324                        
# units = specified
# name 0 = depFM: Depth [fresh water, m]
# name 1 = dz/dtM: Descent Rate [m/s]
# name 2 = sbeox0ML/L: Oxygen, SBE 43 [ml/l]
# name 3 = sbeox0PS: Oxygen, SBE 43 [% saturation]
# name 4 = specc: Specific Conductance [uS/cm]
# name 5 = c0uS/cm: Conductivity [uS/cm]
# name 6 = flECO-AFL: Fluorescence, WET Labs ECO-AFL/FL [mg/m^3]
# name 7 = ph: pH
# name 8 = orp: Oxidation Reduction Potential [mV]
# name 9 = par/sat/log: PAR/Logarithmic, Satlantic
# name 10 = turbWETntu0: Turbidity, WET Labs ECO [NTU]
# name 11 = prdM: Pressure, Strain Gauge [db]
# name 12 = prdE: Pressure, Strain Gauge [psi]
# name 13 = tv290C: Temperature [ITS-90, deg C]
# name 14 = density00: Density [density, kg/m^3]
# name 15 = flag:  0.000e+00
# span 0 =     -0.611,      9.376       
# span 1 =     -0.420,      0.320       
# span 2 =    -0.0230,     7.2073       
# span 3 =     -0.266,    106.237       
# span 4 =      3.302,     85.583       
# span 5 =   2.706030,  68.440308       
# span 6 =    -1.0215,     2.8803       
# span 7 =     15.599,     16.088       
# span 8 =    17.0530,  1235.9516       
# span 9 = 1.2349e-01, 1.0522e+03       
# span 10 =    -0.5428,    25.8984      
# span 11 =     -0.601,      9.195      
# span 12 =     -0.872,     13.336      
# span 13 =    12.2882,    20.7843      
# span 14 =   998.0453,   999.5322      
# span 15 = 0.0000e+00, 0.0000e+00      
# interval = seconds: 0.25
# start_time = Oct 04 2020 00:07:59 [Instrument's time stamp, header]
# bad_flag = -9.990e-29
*END*
[from data line 995]
      3.938      0.015     0.0654      0.837     84.247  66.665267     1.2574     15.824   134.0526 1.2372e-01     4.3677      3.862      5.602    14.6399   999.2052 0.0000e+00
      3.943      0.017     0.0618      0.822     84.527  66.802926     1.2578     15.826   132.1386 1.2375e-01     4.4449      3.866      5.608    14.6604   999.2023 0.0000e+00
      3.949      0.019     0.0569      0.846     84.792  66.945981     1.2582     15.827   130.5726 1.2373e-01     4.3821      3.871      5.615    14.6539   999.2032 0.0000e+00
      3.955      0.019     0.0609      0.882     84.993  67.060153     1.2328     15.828   128.8841 1.2365e-01     4.1226      3.878      5.625    14.6172   999.2085 0.0000e+00
      3.961      0.019     0.0605      0.889     85.164  67.166407     1.2084     15.829   127.1237 1.2365e-01     3.9521      3.885      5.635    14.5618   999.2167 0.0000e+00
      3.965      0.019     0.0566      0.884     85.329  67.277282     1.2011     15.829   125.2053 1.2367e-01     3.8996      3.890      5.641    14.5075   999.2248 0.0000e+00
      3.969      0.019     0.0598      0.869     85.489  67.383795     1.2021     15.830   123.0681 1.2367e-01     3.7964      3.892      5.644    14.4686   999.2305 0.0000e+00
      3.973      0.019     0.0646      0.850     85.583  67.437283     1.2103     15.831   120.9866 1.2370e-01     3.6311      3.894      5.650    14.4432   999.2342 0.0000e+00
      3.978      0.019     0.0633      0.846     85.582  67.415511     1.2143     15.831   118.9670 1.2373e-01     3.5493      3.900      5.657    14.4289   999.2364 0.0000e+00
      3.984      0.019     0.0635      0.851     85.552  67.374761     1.2042     15.831   116.8887 1.2373e-01     3.5283      3.907      5.666    14.4192   999.2378 0.0000e+00
      3.990      0.018     0.0624      0.845     85.507  67.325912     1.1927     15.831   114.8727 1.2369e-01     3.4803      3.914      5.676    14.4081   999.2395 0.0000e+00
      3.994      0.017     0.0600      0.829     85.364  67.206213     1.1800     15.831   112.9191 1.2369e-01     3.5176      3.918      5.683    14.3951   999.2415 0.0000e+00
      3.998      0.016     0.0602      0.825     85.104  67.007964     1.1648     15.831   110.9912 1.2372e-01     3.6704      3.921      5.687    14.3825   999.2433 0.0000e+00
      4.002      0.015     0.0611      0.831     84.854  66.835642     1.1626     15.831   109.1148 1.2372e-01     3.7834      3.924      5.692    14.3728   999.2447 0.0000e+00
      4.004      0.015     0.0609      0.820     84.655  66.711639     1.1532     15.830   107.2676 1.2366e-01     3.7858      3.926      5.695    14.3645   999.2459 0.0000e+00
      4.008      0.015     0.0590      0.804     84.471  66.589162     1.1181     15.830   105.2624 1.2364e-01     3.6990      3.929      5.699    14.3583   999.2468 0.0000e+00
      4.013      0.015     0.0582      0.803     84.341  66.498812     1.0807     15.829   103.1109 1.2365e-01     3.5575      3.935      5.708    14.3593   999.2465 0.0000e+00
      4.017      0.014     0.0605      0.795     84.266  66.445469     1.0632     15.829   101.0429 1.2366e-01     3.4826      3.940      5.715    14.3772   999.2439 0.0000e+00
      4.021      0.014     0.0591      0.784     84.196  66.389095     1.0590     15.829    99.0150 1.2371e-01     3.5148      3.943      5.720    14.4026   999.2402 0.0000e+00
      4.024      0.014     0.0561      0.782     84.038  66.262075     1.0689     15.829    97.0900 1.2369e-01     3.5688      3.946      5.724    14.4135   999.2386 0.0000e+00
      4.026      0.014     0.0583      0.778     83.776  66.053672     1.0872     15.829    95.1475 1.2359e-01     3.5868      3.948      5.727    14.4199   999.2376 0.0000e+00
      4.029      0.015     0.0569      0.778     83.431  65.775957     1.0892     15.829    93.0806 1.2352e-01     3.5601      3.951      5.730    14.4254   999.2368 0.0000e+00
      4.033      0.017     0.0553      0.785     82.954  65.382839     1.0742     15.829    91.1141 1.2357e-01     3.4868      3.955      5.736    14.4214   999.2374 0.0000e+00
      4.038      0.020     0.0563      0.789     82.503  64.986541     1.0681     15.830    89.1803 1.2367e-01     3.3872      3.960      5.744    14.4194   999.2376 0.0000e+00
      4.043      0.022     0.0555      0.785     82.267  64.733860     1.0726     15.832    87.1657 1.2368e-01     3.3170      3.965      5.750    14.4208   999.2374 0.0000e+00
      4.049      0.025     0.0552      0.799     82.203  64.615450     1.0716     15.834    85.1687 1.2366e-01     3.2901      3.970      5.756    14.4175   999.2378 0.0000e+00
      4.056      0.027     0.0561      0.827     82.201  64.571568     1.0748     15.834    83.4464 1.2368e-01     3.2684      3.978      5.770    14.4110   999.2385 0.0000e+00
      4.064      0.029     0.0570      0.841     82.151  64.520983     1.0737     15.834    82.0012 1.2371e-01     3.1912      3.987      5.782    14.3886   999.2416 0.0000e+00
      4.071      0.029     0.0554      0.833     82.053  64.448670     1.0575     15.834    80.6009 1.2374e-01     3.0781      3.991      5.788    14.3407   999.2484 0.0000e+00
      4.080      0.027     0.0567      0.810     81.986  64.396300     1.0505     15.834    79.2494 1.2374e-01     3.0333      4.000      5.801    14.2918   999.2554 0.0000e+00
      4.089      0.024     0.0601      0.783     81.999  64.396168     1.0657     15.834    78.0492 1.2374e-01     3.0621      4.011      5.816    14.2648   999.2593 0.0000e+00
      4.095      0.021     0.0607      0.764     82.082  64.447059     1.0788     15.834    76.9305 1.2379e-01     3.1857      4.017      5.826    14.2627   999.2596 0.0000e+00
      4.099      0.018     0.0601      0.750     82.166  64.503215     1.0753     15.834    75.7902 1.2384e-01     3.3952      4.019      5.830    14.2712   999.2584 0.0000e+00
      4.101      0.015     0.0583      0.748     82.249  64.566730     1.0709     15.834    74.6717 1.2378e-01     3.5012      4.022      5.833    14.2719   999.2583 0.0000e+00
      4.104      0.013     0.0557      0.766     82.339  64.643066     1.0646     15.834    73.4746 1.2369e-01     3.4365      4.024      5.836    14.2646   999.2593 0.0000e+00
      4.107      0.012     0.0547      0.775     82.434  64.727146     1.0556     15.834    72.3286 1.2369e-01     3.2655      4.027      5.841    14.2532   999.2611 0.0000e+00
      4.110      0.012     0.0538      0.773     82.539  64.820741     1.0582     15.833    71.3122 1.2374e-01     3.0472      4.030      5.845    14.2461   999.2621 0.0000e+00
      4.113      0.013     0.0523      0.774     82.603  64.885022     1.0675     15.833    70.1340 1.2376e-01     2.8910      4.033      5.850    14.2458   999.2621 0.0000e+00
      4.116      0.014     0.0560      0.766     82.647  64.932432     1.0730     15.834    68.9232 1.2372e-01     2.8197      4.035      5.853    14.2505   999.2615 0.0000e+00
      4.119      0.015     0.0559      0.768     82.737  65.012676     1.0671     15.835    67.8583 1.2371e-01     2.8031      4.039      5.858    14.2567   999.2607 0.0000e+00
      4.123      0.016     0.0547      0.783     82.831  65.092647     1.0534     15.834    66.9807 1.2372e-01     2.8617      4.044      5.865    14.2622   999.2600 0.0000e+00
      4.127      0.018     0.0564      0.779     82.893  65.136747     1.0593     15.834    66.2274 1.2370e-01     2.9446      4.048      5.870    14.2719   999.2587 0.0000e+00
      4.132      0.018     0.0544      0.774     82.951  65.164575     1.0815     15.833    65.3764 1.2367e-01     3.0155      4.053      5.877    14.2812   999.2574 0.0000e+00
      4.137      0.017     0.0543      0.773     82.974  65.174885     1.0930     15.833    64.5206 1.2362e-01     3.0660      4.057      5.884    14.2851   999.2568 0.0000e+00
      4.142      0.017     0.0573      0.745     82.915  65.134295     1.0737     15.833    63.8816 1.2355e-01     3.0066      4.063      5.893    14.2907   999.2561 0.0000e+00
      4.147      0.017     0.0558      0.726     82.830  65.055125     1.0205     15.834    63.2424 1.2355e-01     2.8814      4.068      5.902    14.2917   999.2560 0.0000e+00
      4.150      0.017     0.0543      0.730     82.786  64.980244     0.9840     15.835    62.2986 1.2364e-01     2.8224      4.070      5.903    14.2717   999.2588 0.0000e+00
      4.154      0.018     0.0573      0.721     82.694  64.864375     0.9853     15.836    61.4186 1.2369e-01     2.8077      4.071      5.905    14.2637   999.2601 0.0000e+00
      4.159      0.019     0.0529      0.739     82.577  64.734479     1.0165     15.837    60.7754 1.2364e-01     2.7717      4.077      5.914    14.2809   999.2577 0.0000e+00
      4.164      0.020     0.0503      0.781     82.552  64.680643     1.0569     15.837    60.0286 1.2361e-01     2.6969      4.084      5.924    14.2751   999.2584 0.0000e+00
      4.169      0.021     0.0543      0.791     82.552  64.658259     1.0634     15.838    59.1857 1.2365e-01     2.6253      4.087      5.928    14.2406   999.2633 0.0000e+00
      4.175      0.023     0.0503      0.786     82.568  64.654464     1.0569     15.838    58.3277 1.2366e-01     2.5919      4.094      5.938    14.2144   999.2670 0.0000e+00
      4.181      0.024     0.0514      0.791     82.652  64.698292     1.0258     15.838    57.5709 1.2368e-01     2.6014      4.101      5.949    14.1939   999.2698 0.0000e+00
      4.186      0.024     0.0586      0.786     82.739  64.743307     0.9643     15.838    57.0034 1.2373e-01     2.6382      4.104      5.952    14.1683   999.2736 0.0000e+00
      4.193      0.023     0.0566      0.771     82.773  64.753857     0.9427     15.839    56.2840 1.2371e-01     2.6592      4.111      5.963    14.1566   999.2753 0.0000e+00
      4.202      0.020     0.0560      0.769     82.798  64.762278     0.9554     15.839    55.4115 1.2364e-01     2.6490      4.122      5.979    14.1522   999.2759 0.0000e+00
      4.207      0.017     0.0572      0.770     82.832  64.781564     0.9748     15.839    54.6288 1.2367e-01     2.6175      4.128      5.986    14.1361   999.2783 0.0000e+00
      4.210      0.015     0.0573      0.777     82.852  64.796375     0.9956     15.839    53.7902 1.2381e-01     2.5876      4.129      5.988    14.1193   999.2806 0.0000e+00
      4.211      0.013     0.0545      0.786     82.868  64.814259     0.9981     15.839    52.9296 1.2387e-01     2.5620      4.129      5.989    14.1113   999.2818 0.0000e+00
      4.212      0.012     0.0555      0.776     82.856  64.807150     1.0041     15.840    52.3107 1.2380e-01     2.5823      4.130      5.990    14.1049   999.2826 0.0000e+00
      4.215      0.013     0.0555      0.772     82.819  64.773972     1.0113     15.840    51.8133 1.2375e-01     2.6273      4.134      5.996    14.0986   999.2836 0.0000e+00
      4.220      0.015     0.0550      0.759     82.769  64.730855     0.9988     15.840    51.1313 1.2372e-01     2.6262      4.138      6.002    14.0986   999.2836 0.0000e+00
      4.224      0.018     0.0583      0.714     82.608  64.603570     0.9867     15.840    50.4322 1.2368e-01     2.6033      4.142      6.008    14.1046   999.2828 0.0000e+00
      4.229      0.020     0.0547      0.677     82.329  64.378877     0.9793     15.840    49.8140 1.2364e-01     2.5903      4.148      6.016    14.1074   999.2824 0.0000e+00
      4.235      0.022     0.0556      0.665     82.009  64.111237     0.9857     15.840    49.1620 1.2359e-01     2.6067      4.153      6.023    14.1025   999.2831 0.0000e+00
      4.241      0.023     0.0565      0.668     81.698  63.845928     1.0066     15.840    48.6578 1.2359e-01     2.5609      4.158      6.030    14.0978   999.2838 0.0000e+00
      4.247      0.023     0.0505      0.694     81.549  63.712943     1.0126     15.841    48.1923 1.2361e-01     2.4492      4.166      6.042    14.1003   999.2834 0.0000e+00
      4.253      0.022     0.0479      0.727     81.562  63.710709     1.0024     15.841    47.5773 1.2358e-01     2.3886      4.171      6.050    14.0992   999.2835 0.0000e+00
      4.259      0.021     0.0480      0.742     81.552  63.691811     0.9869     15.841    46.9871 1.2363e-01     2.3424      4.176      6.056    14.0853   999.2854 0.0000e+00
      4.265      0.020     0.0470      0.755     81.458  63.611528     0.9591     15.842    46.4762 1.2370e-01     2.3716      4.183      6.067    14.0692   999.2875 0.0000e+00
      4.270      0.018     0.0498      0.780     81.320  63.502569     0.9334     15.842    45.9598 1.2368e-01     2.5013      4.188      6.075    14.0594   999.2888 0.0000e+00
      4.274      0.017     0.0531      0.777     81.253  63.454688     0.9329     15.841    45.3900 1.2364e-01     2.6068      4.191      6.078    14.0535   999.2897 0.0000e+00
      4.277      0.016     0.0538      0.737     81.277  63.477434     0.9354     15.840    44.9214 1.2364e-01     2.6512      4.193      6.083    14.0462   999.2907 0.0000e+00
      4.281      0.015     0.0532      0.716     81.263  63.459864     0.9244     15.840    44.5954 1.2366e-01     2.6261      4.198      6.089    14.0400   999.2915 0.0000e+00
      4.286      0.014     0.0571      0.699     81.174  63.369333     0.9147     15.840    44.1154 1.2371e-01     2.5773      4.204      6.096    14.0409   999.2914 0.0000e+00
      4.290      0.014     0.0579      0.663     81.080  63.272447     0.9132     15.841    43.5060 1.2371e-01     2.5768      4.207      6.102    14.0429   999.2911 0.0000e+00
      4.293      0.014     0.0514      0.658     81.067  63.241588     0.9158     15.842    42.9918 1.2367e-01     2.6200      4.210      6.106    14.0489   999.2903 0.0000e+00
      4.295      0.015     0.0515      0.693     81.097  63.250376     0.9183     15.842    42.5453 1.2367e-01     2.6533      4.212      6.109    14.0473   999.2905 0.0000e+00
      4.298      0.016     0.0520      0.720     81.095  63.251595     0.9238     15.841    42.0640 1.2366e-01     2.6365      4.214      6.113    14.0291   999.2931 0.0000e+00
      4.303      0.017     0.0465      0.744     81.090  63.256331     0.9248     15.841    41.5600 1.2368e-01     2.5885      4.219      6.119    14.0150   999.2950 0.0000e+00
      4.308      0.018     0.0457      0.761     81.167  63.307647     0.9210     15.842    41.0985 1.2369e-01     2.5534      4.224      6.127    14.0023   999.2967 0.0000e+00
      4.314      0.020     0.0513      0.750     81.351  63.427222     0.9258     15.842    40.6140 1.2364e-01     2.5547      4.230      6.136    13.9880   999.2988 0.0000e+00
      4.319      0.020     0.0518      0.757     81.549  63.558248     0.9353     15.842    40.1758 1.2364e-01     2.5698      4.236      6.144    13.9923   999.2983 0.0000e+00
      4.323      0.020     0.0528      0.778     81.730  63.684466     0.9307     15.842    39.8441 1.2372e-01     2.5650      4.239      6.149    14.0067   999.2962 0.0000e+00
      4.328      0.019     0.0573      0.761     81.902  63.809447     0.9183     15.843    39.3571 1.2377e-01     2.5993      4.244      6.155    13.9992   999.2973 0.0000e+00
      4.333      0.018     0.0526      0.732     82.057  63.925524     0.9189     15.844    38.7614 1.2374e-01     2.6410      4.250      6.164    13.9785   999.3003 0.0000e+00
      4.338      0.018     0.0536      0.708     82.164  64.007639     0.9093     15.844    38.4054 1.2368e-01     2.6232      4.254      6.170    13.9641   999.3024 0.0000e+00
      4.343      0.018     0.0585      0.684     82.193  64.039716     0.8787     15.844    38.1509 1.2364e-01     2.5905      4.259      6.177    13.9555   999.3037 0.0000e+00
      4.347      0.017     0.0545      0.678     82.188  64.059182     0.8626     15.843    37.7498 1.2360e-01     2.5885      4.263      6.183    13.9507   999.3044 0.0000e+00
