Data/DataNotYetUploadedToEDI/Raw_CTD/RawDownloads/100419_fcr50.cnv
* Sea-Bird SBE19plus  Data File:
* FileName = C:\DATA\100419_fcr_50_0001.hex
* Software version 2.8.0.119 SB_Terminal.dll
* Temperature SN = 7809
* Conductivity SN = 7809
* System UpLoad Time = Oct 04 2019 09:59:08
* <ApplicationData>
* <Seaterm232>
# nquan = 16
# nvalues = 1952                        
# units = specified
# name 0 = depFM: Depth [fresh water, m]
# name 1 = dz/dtM: Descent Rate [m/s]
# name 2 = sbeox0ML/L: Oxygen, SBE 43 [ml/l]
# name 3 = sbeox0PS: Oxygen, SBE 43 [% saturation]
# name 4 = specc: Specific Conductance [uS/cm]
# name 5 = c0uS/cm: Conductivity [uS/cm]
# name 6 = flECO-AFL: Fluorescence, WET Labs ECO-AFL/FL [mg/m^3]
# name 7 = ph: pH
# name 8 = orp: Oxidation Reduction Potential [mV]
# name 9 = par/sat/log: PAR/Logarithmic, Satlantic
# name 10 = turbWETntu0: Turbidity, WET Labs ECO [NTU]
# name 11 = prdM: Pressure, Strain Gauge [db]
# name 12 = prdE: Pressure, Strain Gauge [psi]
# name 13 = tv290C: Temperature [ITS-90, deg C]
# name 14 = density00: Density [density, kg/m^3]
# name 15 = flag:  0.000e+00
# span 0 =     -0.573,      9.555       
# span 1 =     -0.038,      0.223       
# span 2 =     0.0449,     7.0256       
# span 3 =      0.682,    118.972       
# span 4 =      0.763,    106.488       
# span 5 =   0.718942,  88.733970       
# span 6 =    -1.9290,    11.3922       
# span 7 =      6.137,      8.933       
# span 8 = -1240.7453,   271.5966       
# span 9 = 1.2356e-01, 1.1206e+03       
# span 10 =    -0.8441,    30.0135      
# span 11 =     -0.562,      9.371      
# span 12 =     -0.816,     13.591      
# span 13 =    12.9838,    24.0668      
# span 14 =   997.3008,   999.4553      
# span 15 = 0.0000e+00, 0.0000e+00      
# interval = seconds: 0.25
# start_time = Oct 04 2019 09:40:24 [Instrument's time stamp, header]
# bad_flag = -9.990e-29
*END*
[from data line 1808]
      8.090      0.023     1.7219     23.265     58.735  44.635336     0.2703      6.209   156.4525 1.2364e-01    15.2364      7.932     11.505    12.9940   999.4404 0.0000e+00
      8.095      0.026     1.7200     23.259     58.729  44.630705     0.2650      6.209   155.3445 1.2363e-01    15.5897      7.937     11.513    12.9942   999.4403 0.0000e+00
      8.103      0.029     1.7168     23.254     58.737  44.636586     0.2710      6.208   154.7503 1.2366e-01    15.6124      7.947     11.526    12.9946   999.4403 0.0000e+00
      8.111      0.033     1.7149     23.263     58.745  44.642944     0.2742      6.207   155.2053 1.2371e-01    15.5109      7.954     11.537    12.9942   999.4404 0.0000e+00
      8.119      0.035     1.7156     23.271     58.747  44.644080     0.2689      6.206   155.9403 1.2372e-01    15.2812      7.961     11.547    12.9940   999.4405 0.0000e+00
      8.129      0.035     1.7151     23.256     58.755  44.650326     0.2679      6.206   156.1531 1.2370e-01    15.1287      7.972     11.561    12.9938   999.4405 0.0000e+00
      8.141      0.034     1.7137     23.243     58.761  44.654958     0.2705      6.207   155.6271 1.2370e-01    15.1083      7.986     11.581    12.9936   999.4406 0.0000e+00
      8.150      0.033     1.7151     23.248     58.737  44.636595     0.2745      6.207   155.1728 1.2373e-01    14.9042      7.994     11.595    12.9939   999.4406 0.0000e+00
      8.156      0.031     1.7170     23.253     58.713  44.618805     0.2817      6.206   155.1344 1.2370e-01    14.4961      7.997     11.599    12.9940   999.4406 0.0000e+00
      8.163      0.029     1.7143     23.266     58.729  44.630360     0.2791      6.204   155.3351 1.2365e-01    14.2696      8.004     11.609    12.9939   999.4407 0.0000e+00
      8.171      0.028     1.7127     23.289     58.754  44.649304     0.2700      6.204   155.9643 1.2366e-01    14.2315      8.014     11.622    12.9940   999.4407 0.0000e+00
      8.179      0.028     1.7147     23.315     58.764  44.657354     0.2670      6.203   156.6336 1.2366e-01    14.1989      8.021     11.633    12.9942   999.4407 0.0000e+00
      8.184      0.030     1.7138     23.333     58.773  44.664180     0.2684      6.202   156.4584 1.2365e-01    14.2357      8.026     11.641    12.9943   999.4407 0.0000e+00
      8.190      0.032     1.7152     23.335     58.779  44.668345     0.2689      6.202   156.1686 1.2367e-01    14.3815      8.031     11.647    12.9941   999.4408 0.0000e+00
      8.198      0.033     1.7169     23.330     58.749  44.644206     0.2649      6.202   156.2267 1.2368e-01    14.4860      8.037     11.657    12.9939   999.4408 0.0000e+00
      8.209      0.036     1.7189     23.307     58.727  44.626311     0.2639      6.202   156.7311 1.2368e-01    14.4843      8.050     11.675    12.9939   999.4409 0.0000e+00
      8.220      0.038     1.7215     23.277     58.750  44.642480     0.2826      6.202   157.8790 1.2372e-01    14.4266      8.063     11.694    12.9939   999.4410 0.0000e+00
      8.228      0.038     1.7199     23.248     58.760  44.649202     0.3175      6.202   158.4901 1.2372e-01    14.3451      8.070     11.703    12.9935   999.4411 0.0000e+00
      8.238      0.037     1.7210     23.195     58.755  44.644092     0.3380      6.201   158.0973 1.2369e-01    14.3182      8.077     11.714    12.9929   999.4412 0.0000e+00
      8.248      0.035     1.7187     23.124     58.755  44.644196     0.3315      6.201   157.4327 1.2370e-01    14.3305      8.090     11.733    12.9918   999.4413 0.0000e+00
      8.258      0.032     1.7153     23.052     58.763  44.650451     0.3088      6.200   157.8528 1.2368e-01    14.4619      8.099     11.747    12.9903   999.4416 0.0000e+00
      8.267      0.029     1.7158     22.981     58.771  44.656220     0.2798      6.199   159.3055 1.2360e-01    14.7269      8.106     11.757    12.9894   999.4418 0.0000e+00
      8.274      0.027     1.7104     22.906     58.763  44.650453     0.2677      6.199   160.1122 1.2359e-01    14.8802      8.115     11.769    12.9888   999.4419 0.0000e+00
      8.279      0.025     1.7051     22.819     58.756  44.644217     0.2749      6.199   159.9492 1.2363e-01    14.9053      8.120     11.778    12.9885   999.4419 0.0000e+00
      8.283      0.024     1.6999     22.734     58.756  44.644321     0.2807      6.199   159.4851 1.2369e-01    14.7359      8.122     11.780    12.9887   999.4419 0.0000e+00
      8.288      0.023     1.6944     22.665     58.765  44.651711     0.2769      6.199   159.4912 1.2373e-01    14.4052      8.126     11.786    12.9886   999.4420 0.0000e+00
      8.297      0.022     1.6897     22.628     58.788  44.670075     0.2719      6.198   160.0235 1.2370e-01    14.2502      8.135     11.801    12.9888   999.4420 0.0000e+00
      8.305      0.022     1.6824     22.625     58.796  44.675851     0.2731      6.198   160.5005 1.2373e-01    14.2703      8.146     11.815    12.9889   999.4420 0.0000e+00
      8.310      0.022     1.6758     22.613     58.772  44.658051     0.2739      6.198   160.7842 1.2373e-01    14.3530      8.151     11.821    12.9885   999.4421 0.0000e+00
      8.313      0.022     1.6707     22.583     58.756  44.645352     0.2728      6.197   160.8731 1.2368e-01    14.4309      8.151     11.822    12.9884   999.4421 0.0000e+00
      8.317      0.022     1.6669     22.591     58.761  44.649307     0.2682      6.196   160.3715 1.2368e-01    14.4254      8.156     11.829    12.9891   999.4420 0.0000e+00
      8.323      0.022     1.6685     22.630     58.752  44.642377     0.2622      6.196   159.6225 1.2368e-01    14.3853      8.162     11.838    12.9893   999.4420 0.0000e+00
      8.330      0.022     1.6690     22.663     58.729  44.625053     0.2605      6.197   159.8189 1.2369e-01    14.3725      8.168     11.847    12.9892   999.4421 0.0000e+00
      8.338      0.026     1.6631     22.697     58.735  44.630352     0.2478      6.197   160.6819 1.2376e-01    14.4674      8.177     11.860    12.9893   999.4421 0.0000e+00
      8.343      0.031     1.6647     22.730     58.752  44.642947     0.2208      6.196   161.1084 1.2377e-01    14.6152      8.184     11.870    12.9892   999.4422 0.0000e+00
      8.347      0.037     1.6698     22.760     58.763  44.650338     0.2116      6.195   160.5875 1.2369e-01    14.6844      8.183     11.869    12.9890   999.4422 0.0000e+00
      8.354      0.045     1.6705     22.802     58.771  44.656214     0.2148      6.195   159.6319 1.2363e-01    14.6819      8.188     11.876    12.9893   999.4421 0.0000e+00
      8.369      0.051     1.6736     22.835     58.763  44.650493     0.2250      6.194   159.2770 1.2363e-01    14.6173      8.207     11.903    12.9900   999.4421 0.0000e+00
      8.387      0.055     1.6766     22.828     58.756  44.644665     0.2570      6.191   159.6517 1.2367e-01    14.5595      8.226     11.931    12.9898   999.4423 0.0000e+00
      8.405      0.057     1.6774     22.805     58.761  44.649245     0.2809      6.189   159.6883 1.2368e-01    14.5725      8.242     11.954    12.9890   999.4424 0.0000e+00
      8.422      0.056     1.6814     22.807     58.752  44.642371     0.2880      6.188   158.7731 1.2368e-01    14.6103      8.260     11.980    12.9887   999.4426 0.0000e+00
      8.435      0.052     1.6853     22.792     58.729  44.625053     0.2819      6.188   158.1365 1.2364e-01    14.8199      8.274     12.001    12.9887   999.4426 0.0000e+00
      8.445      0.048     1.6842     22.737     58.736  44.630362     0.2675      6.188   158.1863 1.2360e-01    15.2050      8.281     12.011    12.9890   999.4426 0.0000e+00
      8.454      0.046     1.6798     22.707     58.753  44.643052     0.2703      6.188   158.5156 1.2364e-01    15.4004      8.290     12.023    12.9892   999.4426 0.0000e+00
      8.466      0.046     1.6823     22.728     58.764  44.651492     0.2815      6.188   158.9333 1.2366e-01    15.3794      8.302     12.041    12.9892   999.4427 0.0000e+00
      8.479      0.047     1.6829     22.779     58.787  44.668910     0.2816      6.188   158.9348 1.2368e-01    15.4104      8.315     12.060    12.9894   999.4427 0.0000e+00
      8.490      0.048     1.6749     22.820     58.779  44.663142     0.2716      6.187   158.7062 1.2371e-01    15.5132      8.327     12.077    12.9895   999.4428 0.0000e+00
      8.502      0.048     1.6730     22.838     58.756  44.645247     0.2643      6.186   158.5787 1.2371e-01    15.5734      8.336     12.091    12.9895   999.4428 0.0000e+00
      8.517      0.047     1.6747     22.844     58.753  44.643043     0.2716      6.186   158.5971 1.2366e-01    15.5810      8.352     12.114    12.9893   999.4429 0.0000e+00
      8.532      0.044     1.6802     22.852     58.745  44.636503     0.2990      6.185   159.2722 1.2363e-01    15.3110      8.370     12.138    12.9891   999.4430 0.0000e+00
      8.542      0.041     1.6835     22.867     58.737  44.629668     0.3345      6.185   160.3756 1.2368e-01    14.7668      8.378     12.151    12.9890   999.4431 0.0000e+00
      8.550      0.039     1.6843     22.866     58.731  44.623898     0.3461      6.185   160.7535 1.2371e-01    14.4404      8.384     12.161    12.9889   999.4431 0.0000e+00
      8.559      0.037     1.6843     22.814     58.740  44.630238     0.3360      6.185   160.3137 1.2369e-01    14.4134      8.394     12.175    12.9888   999.4432 0.0000e+00
      8.566      0.037     1.6848     22.758     58.756  44.642824     0.3334      6.185   159.7900 1.2369e-01    14.4734      8.400     12.184    12.9883   999.4432 0.0000e+00
      8.576      0.039     1.6861     22.747     58.764  44.649079     0.3318      6.185   160.5299 1.2375e-01    14.5097      8.409     12.195    12.9878   999.4434 0.0000e+00
      8.587      0.043     1.6883     22.717     58.755  44.642357     0.3168      6.185   162.2041 1.2382e-01    14.4922      8.422     12.214    12.9873   999.4435 0.0000e+00
      8.599      0.045     1.6831     22.665     58.732  44.625053     0.2907      6.184   162.5670 1.2377e-01    14.4582      8.432     12.229    12.9870   999.4436 0.0000e+00
      8.610      0.047     1.6745     22.611     58.738  44.630353     0.2680      6.183   161.9063 1.2370e-01    14.4588      8.444     12.246    12.9868   999.4437 0.0000e+00
      8.623      0.050     1.6797     22.553     58.753  44.642948     0.2677      6.181   161.7014 1.2370e-01    14.5315      8.457     12.265    12.9867   999.4437 0.0000e+00
      8.637      0.055     1.6755     22.518     58.763  44.650339     0.2866      6.180   162.3261 1.2371e-01    14.6486      8.470     12.285    12.9870   999.4438 0.0000e+00
      8.649      0.059     1.6709     22.532     58.771  44.656212     0.2970      6.180   163.4366 1.2369e-01    14.7285      8.482     12.302    12.9876   999.4437 0.0000e+00
      8.662      0.061     1.6682     22.566     58.763  44.650452     0.2809      6.180   164.1156 1.2367e-01    14.7109      8.493     12.317    12.9881   999.4437 0.0000e+00
      8.681      0.061     1.6622     22.588     58.754  44.644207     0.2565      6.179   164.0824 1.2368e-01    14.6326      8.512     12.346    12.9886   999.4438 0.0000e+00
      8.702      0.061     1.6590     22.621     58.754  44.644197     0.2365      6.178   163.7234 1.2374e-01    14.5687      8.536     12.381    12.9887   999.4439 0.0000e+00
      8.718      0.061     1.6602     22.656     58.762  44.650339     0.2211      6.178   163.4758 1.2379e-01    14.5274      8.552     12.402    12.9887   999.4440 0.0000e+00
      8.730      0.059     1.6658     22.686     58.768  44.654963     0.2179      6.178   163.5836 1.2377e-01    14.4934      8.560     12.416    12.9891   999.4439 0.0000e+00
      8.743      0.056     1.6639     22.728     58.744  44.636598     0.2316      6.177   163.9941 1.2370e-01    14.4857      8.574     12.435    12.9893   999.4440 0.0000e+00
      8.756      0.054     1.6683     22.764     58.721  44.618797     0.2570      6.177   164.4813 1.2363e-01    14.4998      8.587     12.454    12.9895   999.4440 0.0000e+00
      8.771      0.054     1.6710     22.792     58.736  44.630229     0.2833      6.177   164.8285 1.2363e-01    14.5325      8.601     12.475    12.9898   999.4440 0.0000e+00
      8.786      0.055     1.6716     22.808     58.760  44.647821     0.2982      6.176   164.3209 1.2373e-01    14.5543      8.618     12.499    12.9896   999.4441 0.0000e+00
      8.799      0.056     1.6768     22.808     58.751  44.640995     0.2893      6.176   163.1612 1.2380e-01    14.5661      8.629     12.515    12.9892   999.4442 0.0000e+00
      8.812      0.058     1.6782     22.811     58.712  44.611190     0.2625      6.176   162.8518 1.2377e-01    14.6100      8.640     12.531    12.9889   999.4443 0.0000e+00
      8.827      0.058     1.6811     22.840     58.703  44.604954     0.2426      6.176   163.4203 1.2372e-01    14.6592      8.655     12.554    12.9886   999.4444 0.0000e+00
      8.843      0.057     1.6824     22.869     58.735  44.629095     0.2484      6.175   164.0120 1.2376e-01    14.7022      8.672     12.578    12.9885   999.4445 0.0000e+00
      8.860      0.055     1.6819     22.863     58.761  44.649080     0.2629      6.173   163.3809 1.2378e-01    14.7358      8.688     12.602    12.9886   999.4446 0.0000e+00
      8.875      0.051     1.6807     22.826     58.770  44.656098     0.2705      6.173   161.8123 1.2377e-01    14.7388      8.704     12.624    12.9886   999.4446 0.0000e+00
      8.887      0.046     1.6840     22.781     58.763  44.650443     0.2797      6.174   161.6514 1.2380e-01    14.7058      8.716     12.641    12.9888   999.4447 0.0000e+00
      8.897      0.041     1.6878     22.759     58.755  44.644208     0.2788      6.174   162.6401 1.2378e-01    14.6963      8.725     12.655    12.9889   999.4447 0.0000e+00
      8.907      0.038     1.6864     22.762     58.755  44.644210     0.2680      6.173   163.4424 1.2369e-01    14.7229      8.736     12.670    12.9890   999.4448 0.0000e+00
      8.914      0.038     1.6836     22.759     58.763  44.650465     0.2715      6.172   163.3496 1.2362e-01    14.5689      8.743     12.681    12.9892   999.4448 0.0000e+00
      8.920      0.042     1.6789     22.736     58.771  44.656342     0.2775      6.172   162.0343 1.2366e-01    14.2102      8.748     12.687    12.9889   999.4448 0.0000e+00
      8.930      0.049     1.6773     22.710     58.765  44.651767     0.2710      6.172   161.1335 1.2375e-01    13.9579      8.756     12.699    12.9889   999.4449 0.0000e+00
      8.943      0.056     1.6787     22.701     58.775  44.658647     0.2613      6.171   161.4918 1.2379e-01    13.9105      8.770     12.720    12.9892   999.4449 0.0000e+00
      8.960      0.061     1.6790     22.710     58.798  44.676023     0.2473      6.169   162.0646 1.2374e-01    14.0637      8.785     12.742    12.9890   999.4450 0.0000e+00
      8.981      0.062     1.6766     22.718     58.793  44.671354     0.2326      6.168   162.0368 1.2365e-01    14.3348      8.805     12.771    12.9887   999.4451 0.0000e+00
      9.002      0.060     1.6740     22.716     58.787  44.665695     0.2301      6.167   161.7586 1.2361e-01    14.4693      8.831     12.807    12.9888   999.4452 0.0000e+00
      9.018      0.055     1.6733     22.708     58.795  44.671099     0.2263      6.167   161.7984 1.2363e-01    14.4763      8.846     12.830    12.9884   999.4454 0.0000e+00
      9.028      0.050     1.6748     22.685     58.797  44.673199     0.2122      6.167   161.7434 1.2364e-01    14.4857      8.854     12.841    12.9876   999.4455 0.0000e+00
      9.035      0.045     1.6755     22.640     58.821  44.691085     0.2077      6.166   162.1258 1.2366e-01    14.4850      8.861     12.851    12.9869   999.4456 0.0000e+00
      9.044      0.043     1.6752     22.589     58.829  44.696854     0.2142      6.166   163.3252 1.2372e-01    14.4999      8.868     12.862    12.9863   999.4457 0.0000e+00
