Data/DataNotYetUploadedToEDI/Raw_CTD/RawDownloads/100419_bvr50.cnv
* Sea-Bird SBE19plus  Data File:
* FileName = C:\DATA\100719_bvr50_0001.hex
* Software version 2.8.0.119 SB_Terminal.dll
* Temperature SN = 7809
* Conductivity SN = 7809
* System UpLoad Time = Oct 07 2019 15:42:03
* <ApplicationData>
* <Seaterm232>
# nquan = 16
# nvalues = 1219                        
# units = specified
# name 0 = depFM: Depth [fresh water, m]
# name 1 = dz/dtM: Descent Rate [m/s]
# name 2 = sbeox0ML/L: Oxygen, SBE 43 [ml/l]
# name 3 = sbeox0PS: Oxygen, SBE 43 [% saturation]
# name 4 = specc: Specific Conductance [uS/cm]
# name 5 = c0uS/cm: Conductivity [uS/cm]
# name 6 = flECO-AFL: Fluorescence, WET Labs ECO-AFL/FL [mg/m^3]
# name 7 = ph: pH
# name 8 = orp: Oxidation Reduction Potential [mV]
# name 9 = par/sat/log: PAR/Logarithmic, Satlantic
# name 10 = turbWETntu0: Turbidity, WET Labs ECO [NTU]
# name 11 = prdM: Pressure, Strain Gauge [db]
# name 12 = prdE: Pressure, Strain Gauge [psi]
# name 13 = tv290C: Temperature [ITS-90, deg C]
# name 14 = density00: Density [density, kg/m^3]
# name 15 = flag:  0.000e+00
# span 0 =     -0.650,     10.077       
# span 1 =     -0.020,      0.217       
# span 2 =     0.0369,     6.4604       
# span 3 =      0.470,    112.126       
# span 4 =      0.666,    231.146       
# span 5 =   0.771117, 158.628031       
# span 6 =    -0.9182,    24.1498       
# span 7 =      6.359,      9.027       
# span 8 =  -137.6158,  1240.2295       
# span 9 = 1.2324e-01, 2.0758e+03       
# span 10 =    -5.1974,     9.7841      
# span 11 =     -0.640,      9.883      
# span 12 =     -0.927,     14.334      
# span 13 =     9.2717,    32.9518      
# span 14 =   994.7281,   999.8971      
# span 15 = 0.0000e+00, 0.0000e+00      
# interval = seconds: 0.25
# start_time = Oct 04 2019 13:47:17 [Instrument's time stamp, header]
# bad_flag = -9.990e-29
*END*
[from data line 91]
      0.378      0.002     4.4256     77.212     28.973  29.517689     1.8804      8.466   144.2363 6.0135e+02     1.0869      0.371      0.539    25.8773   996.8358 0.0000e+00
      0.387      0.004     4.4089     76.785     28.935  29.491969     1.8399      8.471   144.0840 7.3651e+02     1.1761      0.383      0.555    25.8895   996.8326 0.0000e+00
      0.388      0.004     4.4058     76.254     28.900  29.479400     1.8230      8.476   144.0345 9.1471e+02     1.2210      0.384      0.556    25.9339   996.8209 0.0000e+00
      0.383      0.003     4.4055     75.667     28.896  29.492655     1.8329      8.480   144.1532 9.3577e+02     1.2361      0.376      0.545    25.9445   996.8180 0.0000e+00
      0.378      0.001     4.3940     75.034     28.916  29.525355     1.8026      8.480   144.3142 7.0271e+02     1.1946      0.368      0.534    25.9171   996.8253 0.0000e+00
      0.378      0.000     4.3641     74.321     28.936  29.557540     1.7345      8.479   144.2610 5.3367e+02     1.0791      0.369      0.536    25.9482   996.8170 0.0000e+00
      0.382      0.001     4.3297     73.539     28.935  29.564574     1.7038      8.477   144.0255 6.2002e+02     1.0206      0.375      0.544    26.0059   996.8017 0.0000e+00
      0.386      0.003     4.2933     72.770     28.912  29.546969     1.7178      8.474   143.9626 8.7518e+02     1.0434      0.379      0.552    26.0292   996.7955 0.0000e+00
      0.387      0.004     4.2578     72.075     28.897  29.535038     1.7473      8.473   144.1027 9.8495e+02     1.0601      0.381      0.552    26.0452   996.7913 0.0000e+00
      0.386      0.003     4.2158     71.466     28.906  29.547219     1.7663      8.471   144.2570 7.5514e+02     1.0591      0.379      0.549    26.0691   996.7849 0.0000e+00
      0.386      0.001     4.1671     70.891     28.920  29.567351     1.7647      8.468   144.2792 5.5404e+02     1.0641      0.377      0.547    26.0841   996.7809 0.0000e+00
      0.386     -0.001     4.1227     70.313     28.934  29.588116     1.7630      8.465   144.1133 5.4828e+02     1.0547      0.378      0.548    26.0926   996.7786 0.0000e+00
      0.387     -0.002     4.0817     69.755     28.946  29.607944     1.7544      8.462   143.9722 5.8286e+02     1.0442      0.380      0.551    26.0985   996.7771 0.0000e+00
      0.387     -0.002     4.0487     69.231     28.948  29.616756     1.7297      8.460   143.9490 6.3938e+02     1.0677      0.380      0.551    26.1011   996.7763 0.0000e+00
      0.386     -0.002     4.0170     68.739     28.956  29.631224     1.6990      8.457   144.0053 6.9989e+02     1.0762      0.378      0.549    26.1095   996.7741 0.0000e+00
      0.383     -0.001     3.9816     68.246     28.974  29.655989     1.6856      8.454   144.1367 6.3179e+02     1.0490      0.376      0.545    26.1251   996.7700 0.0000e+00
      0.382      0.000     3.9493     67.742     28.975  29.662392     1.7070      8.451   144.2474 5.4879e+02     1.0335      0.373      0.541    26.1372   996.7667 0.0000e+00
      0.383      0.001     3.9185     67.286     28.955  29.645192     1.7575      8.449   144.3117 6.0319e+02     1.0533      0.375      0.542    26.1483   996.7638 0.0000e+00
      0.385      0.002     3.8906     66.875     28.945  29.638383     1.8120      8.446   144.3973 6.3934e+02     1.0590      0.378      0.548    26.1609   996.7604 0.0000e+00
      0.387      0.004     3.8633     66.471     28.944  29.643522     1.8362      8.444   144.5074 6.8117e+02     1.0045      0.380      0.552    26.1710   996.7577 0.0000e+00
      0.387      0.006     3.8312     66.107     28.936  29.643889     1.8423      8.441   144.6104 7.3721e+02     0.9830      0.381      0.552    26.1804   996.7553 0.0000e+00
      0.386      0.008     3.8055     65.800     28.928  29.642831     1.8768      8.437   144.6111 6.3321e+02     1.0294      0.379      0.549    26.1859   996.7538 0.0000e+00
      0.387      0.009     3.7841     65.507     28.909  29.630741     1.9331      8.433   144.5156 6.7828e+02     1.0400      0.378      0.548    26.1879   996.7532 0.0000e+00
      0.392      0.009     3.7587     65.212     28.898  29.624618     1.9586      8.428   144.4876 8.2548e+02     1.0137      0.384      0.557    26.1998   996.7501 0.0000e+00
      0.397      0.009     3.7360     64.925     28.899  29.632263     1.9516      8.423   144.4457 6.6682e+02     1.0064      0.391      0.567    26.2173   996.7454 0.0000e+00
      0.400      0.006     3.7201     64.663     28.794  29.532832     1.9268      8.417   144.2677 5.8915e+02     1.0169      0.394      0.571    26.2302   996.7420 0.0000e+00
      0.402      0.001     3.7020     64.579     28.583  29.310702     1.9008      8.412   144.0553 7.7163e+02     1.0419      0.395      0.572    26.2431   996.7385 0.0000e+00
      0.403     -0.005     3.6853     65.566     28.494  29.167234     1.8896      8.409   143.8558 8.3004e+02     1.0479      0.396      0.574    26.2505   996.7365 0.0000e+00
      0.400     -0.007     3.6671     69.266     28.559  29.130533     1.8772      8.407   143.7487 9.2300e+02     1.0232      0.394      0.572    26.2621   996.7335 0.0000e+00
      0.394     -0.005     3.6523     76.354     28.651  29.120576     1.8292      8.402   143.8784 1.0629e+03     1.0058      0.387      0.561    26.2761   996.7296 0.0000e+00
      0.388      0.000     3.6325     85.362     28.712  29.110128     1.7509      8.392   144.1343 8.5324e+02     1.0017      0.378      0.549    26.2983   996.7235 0.0000e+00
      0.386      0.007     3.6489     94.086     28.719  29.067549     1.7110      8.376   144.3468 5.7519e+02     1.0062      0.376      0.545    26.2215   996.7440 0.0000e+00
      0.390      0.013     3.8519    101.342     28.734  29.049819     1.7117      8.356   144.4692 4.8034e+02     0.9942      0.382      0.553    25.9847   996.8073 0.0000e+00
      0.400      0.016     4.3093    106.805     28.788  29.086053     1.7852      8.340   144.4958 5.1512e+02     0.9876      0.391      0.568    25.7875   996.8595 0.0000e+00
      0.410      0.015     4.8894    110.393     28.834  29.124933     1.9309      8.331   144.4971 5.7565e+02     1.0254      0.403      0.586    25.6755   996.8890 0.0000e+00
      0.417      0.011     5.4134    112.126     28.848  29.139221     2.0087      8.326   144.3989 5.4048e+02     1.0579      0.413      0.599    25.5898   996.9116 0.0000e+00
      0.417      0.007     5.8374    112.096     28.837  29.131907     2.0155      8.324   144.2539 5.2540e+02     1.0198      0.412      0.597    25.5350   996.9259 0.0000e+00
      0.412      0.005     6.1562    110.765     28.804  29.099960     2.0216      8.320   144.2926 7.6324e+02     0.9575      0.403      0.585    25.5039   996.9340 0.0000e+00
      0.408      0.004     6.3604    109.014     28.779  29.070198     2.0207      8.311   144.3507 1.0137e+03     0.9927      0.397      0.575    25.4954   996.9362 0.0000e+00
      0.409      0.002     6.4604    107.502     28.804  29.089281     2.0135      8.305   144.1827 7.9443e+02     1.0529      0.399      0.578    25.4963   996.9359 0.0000e+00
      0.416     -0.002     6.4503    106.338     28.856  29.140340     2.0133      8.302   143.8958 5.2567e+02     1.0291      0.408      0.592    25.5060   996.9335 0.0000e+00
      0.422     -0.007     6.3501    105.420     28.888  29.179957     2.0098      8.302   143.7205 5.0417e+02     0.9998      0.417      0.605    25.5131   996.9316 0.0000e+00
      0.422     -0.013     6.2361    104.674     28.883  29.187603     1.9533      8.302   143.6975 4.7097e+02     0.9940      0.417      0.605    25.5028   996.9344 0.0000e+00
      0.413     -0.018     6.1530    104.054     28.856  29.169371     1.8682      8.302   143.7900 4.2904e+02     0.9916      0.407      0.589    25.4843   996.9391 0.0000e+00
      0.400     -0.020     6.0894    103.556     28.836  29.149876     1.8383      8.299   143.8932 4.5112e+02     1.0037      0.391      0.567    25.4798   996.9402 0.0000e+00
      0.389     -0.017     6.0363    103.209     28.833  29.142228     1.8441      8.294   143.9126 4.8859e+02     1.0097      0.378      0.549    25.4961   996.9359 0.0000e+00
      0.384     -0.010     5.9912    102.989     28.838  29.140348     1.8256      8.287   143.9381 5.1702e+02     0.9977      0.374      0.542    25.5233   996.9288 0.0000e+00
      0.388     -0.002     5.9543    102.859     28.831  29.127129     1.7882      8.278   143.8577 5.8376e+02     0.9901      0.379      0.549    25.5435   996.9235 0.0000e+00
      0.393      0.003     5.9238    102.791     28.818  29.109286     1.7642      8.270   143.8867 6.3089e+02     1.0161      0.387      0.561    25.5436   996.9236 0.0000e+00
      0.398      0.004     5.9068    102.773     28.827  29.114949     1.7614      8.265   144.0306 7.3495e+02     1.0507      0.392      0.568    25.5296   996.9273 0.0000e+00
      0.400      0.003     5.8964    102.824     28.845  29.132147     1.8144      8.263   143.8769 8.2962e+02     1.0152      0.393      0.570    25.5161   996.9308 0.0000e+00
      0.398      0.001     5.8901    102.930     28.841  29.126886     1.9024      8.261   143.7498 7.2617e+02     0.9797      0.391      0.567    25.5074   996.9330 0.0000e+00
      0.393     -0.001     5.8881    103.028     28.831  29.114782     1.9408      8.259   143.7836 5.8875e+02     1.0147      0.385      0.558    25.4993   996.9351 0.0000e+00
      0.391     -0.001     5.8865    103.051     28.832  29.112694     1.9497      8.256   143.7691 4.8916e+02     1.0118      0.382      0.555    25.4924   996.9368 0.0000e+00
      0.393     -0.002     5.8901    102.978     28.826  29.101633     1.9579      8.253   143.7468 4.3282e+02     0.9777      0.386      0.559    25.4905   996.9374 0.0000e+00
      0.397     -0.002     5.8973    102.824     28.837  29.107926     1.9530      8.251   143.6860 5.1161e+02     0.9957      0.391      0.567    25.4923   996.9370 0.0000e+00
      0.398     -0.002     5.9053    102.623     28.857  29.125336     1.9521      8.250   143.5507 6.3681e+02     1.0334      0.392      0.569    25.4883   996.9380 0.0000e+00
      0.395     -0.003     5.9076    102.453     28.852  29.121779     1.9643      8.245   143.4870 8.2766e+02     1.0397      0.388      0.563    25.4801   996.9402 0.0000e+00
      0.390     -0.003     5.9034    102.398     28.854  29.128379     1.9614      8.239   143.5182 1.0425e+03     1.0393      0.382      0.554    25.4729   996.9419 0.0000e+00
      0.388     -0.003     5.8960    102.479     28.861  29.141691     1.8820      8.233   143.5841 9.4088e+02     1.0290      0.379      0.550    25.4611   996.9450 0.0000e+00
      0.389     -0.002     5.8830    102.650     28.871  29.155845     1.7674      8.230   143.6822 6.6051e+02     1.0128      0.381      0.553    25.4563   996.9463 0.0000e+00
      0.391      0.001     5.8705    102.829     28.886  29.172610     1.7284      8.229   143.6717 5.3595e+02     1.0404      0.384      0.557    25.4606   996.9452 0.0000e+00
      0.393      0.003     5.8666    102.957     28.866  29.154057     1.7313      8.229   143.6290 7.5706e+02     1.0684      0.385      0.558    25.4674   996.9435 0.0000e+00
      0.393      0.003     5.8705    103.012     28.833  29.121871     1.7424      8.228   143.7678 1.0306e+03     1.0555      0.385      0.559    25.4819   996.9396 0.0000e+00
      0.393      0.003     5.8818    103.000     28.813  29.100697     1.7842      8.227   143.8878 8.2468e+02     1.0158      0.385      0.558    25.4882   996.9380 0.0000e+00
      0.394      0.002     5.8931    102.933     28.808  29.088394     1.8288      8.224   143.7886 5.2422e+02     1.0145      0.386      0.559    25.4878   996.9381 0.0000e+00
      0.394      0.001     5.9002    102.805     28.828  29.100008     1.8570      8.219   143.6874 5.8013e+02     1.0725      0.387      0.561    25.4946   996.9363 0.0000e+00
      0.395      0.000     5.9029    102.608     28.848  29.114198     1.9005      8.214   143.6970 7.1115e+02     1.0941      0.387      0.562    25.4964   996.9358 0.0000e+00
      0.395 6.1436e-08     5.9020    102.375     28.869  29.133066     1.9730      8.209   143.7324 6.2537e+02     1.0468      0.389      0.564    25.4947   996.9363 0.0000e+00
      0.394 6.7579e-07     5.8995    102.197     28.876  29.137795     2.0144      8.204   143.7719 5.6607e+02     0.9914      0.387      0.561    25.4844   996.9390 0.0000e+00
      0.394      0.000     5.8948    102.115     28.848  29.107925     2.0104      8.201   143.7434 6.5495e+02     1.0149      0.385      0.559    25.4623   996.9447 0.0000e+00
      0.394      0.000     5.8845    102.123     28.827  29.089148     1.9509      8.198   143.6462 7.0685e+02     1.0687      0.386      0.559    25.4528   996.9473 0.0000e+00
      0.395      0.001     5.8679    102.206     28.834  29.101107     1.8411      8.195   143.6293 6.8538e+02     1.0516      0.387      0.561    25.4528   996.9473 0.0000e+00
      0.395      0.002     5.8582    102.341     28.853  29.125633     1.7840      8.192   143.7114 7.8609e+02     1.0376      0.387      0.562    25.4467   996.9489 0.0000e+00
      0.395      0.003     5.8543    102.504     28.856  29.131900     1.7807      8.187   143.7779 8.8062e+02     1.0631      0.387      0.561    25.4416   996.9501 0.0000e+00
      0.396      0.003     5.8544    102.664     28.836  29.113441     1.7748      8.183   143.8315 7.3683e+02     1.0661      0.388      0.562    25.4452   996.9492 0.0000e+00
      0.397      0.003     5.8588    102.791     28.816  29.092800     1.7729      8.179   143.9285 6.5301e+02     1.0402      0.389      0.564    25.4560   996.9464 0.0000e+00
      0.398      0.003     5.8652    102.833     28.801  29.072675     1.7757      8.175   144.0049 6.9805e+02     1.0120      0.390      0.566    25.4681   996.9433 0.0000e+00
      0.400      0.002     5.8755    102.780     28.797  29.060449     1.7830      8.172   143.9806 9.5747e+02     1.0197      0.392      0.569    25.4732   996.9420 0.0000e+00
      0.400      0.001     5.8840    102.703     28.815  29.071862     1.7911      8.169   143.9795 1.1886e+03     1.0353      0.393      0.570    25.4760   996.9412 0.0000e+00
      0.399      0.001     5.8927    102.635     28.831  29.083756     1.8132      8.167   144.1630 8.9208e+02     1.0046      0.392      0.569    25.4772   996.9409 0.0000e+00
      0.398      0.000     5.8972    102.563     28.827  29.077349     1.8594      8.164   144.3067 5.6296e+02     0.9754      0.391      0.567    25.4663   996.9437 0.0000e+00
      0.398 -4.504e-07     5.8932    102.491     28.810  29.057842     1.8909      8.160   144.2543 5.7713e+02     0.9778      0.390      0.565    25.4502   996.9480 0.0000e+00
      0.399      0.000     5.8894    102.453     28.793  29.038241     1.8904      8.156   144.2183 6.7217e+02     1.0006      0.391      0.566    25.4392   996.9508 0.0000e+00
      0.400      0.000     5.8873    102.483     28.787  29.030696     1.8876      8.152   144.2149 6.5801e+02     1.0224      0.392      0.569    25.4322   996.9526 0.0000e+00
      0.400     -0.001     5.8833    102.542     28.787  29.030062     1.8920      8.149   144.1270 5.4528e+02     1.0115      0.393      0.570    25.4269   996.9540 0.0000e+00
      0.400     -0.002     5.8791    102.537     28.787  29.030582     1.8911      8.147   144.0166 4.7436e+02     0.9997      0.392      0.569    25.4232   996.9549 0.0000e+00
      0.399     -0.003     5.8760    102.465     28.792  29.036972     1.8943      8.146   143.9990 4.7271e+02     1.0110      0.392      0.568    25.4196   996.9559 0.0000e+00
      0.398     -0.003     5.8784    102.388     28.798  29.043883     1.9216      8.143   144.0858 5.9660e+02     1.0495      0.392      0.568    25.4165   996.9567 0.0000e+00
