Data/DataNotYetUploadedToEDI/Raw_CTD/RawDownloads/100419_fcr50.cnv
* Sea-Bird SBE19plus  Data File:
* FileName = C:\DATA\100419_fcr_50_0001.hex
* Software version 2.8.0.119 SB_Terminal.dll
* Temperature SN = 7809
* Conductivity SN = 7809
* System UpLoad Time = Oct 04 2019 09:59:08
* <ApplicationData>
* <Seaterm232>
# nquan = 16
# nvalues = 1952                        
# units = specified
# name 0 = depFM: Depth [fresh water, m]
# name 1 = dz/dtM: Descent Rate [m/s]
# name 2 = sbeox0ML/L: Oxygen, SBE 43 [ml/l]
# name 3 = sbeox0PS: Oxygen, SBE 43 [% saturation]
# name 4 = specc: Specific Conductance [uS/cm]
# name 5 = c0uS/cm: Conductivity [uS/cm]
# name 6 = flECO-AFL: Fluorescence, WET Labs ECO-AFL/FL [mg/m^3]
# name 7 = ph: pH
# name 8 = orp: Oxidation Reduction Potential [mV]
# name 9 = par/sat/log: PAR/Logarithmic, Satlantic
# name 10 = turbWETntu0: Turbidity, WET Labs ECO [NTU]
# name 11 = prdM: Pressure, Strain Gauge [db]
# name 12 = prdE: Pressure, Strain Gauge [psi]
# name 13 = tv290C: Temperature [ITS-90, deg C]
# name 14 = density00: Density [density, kg/m^3]
# name 15 = flag:  0.000e+00
# span 0 =     -0.573,      9.555       
# span 1 =     -0.038,      0.223       
# span 2 =     0.0449,     7.0256       
# span 3 =      0.682,    118.972       
# span 4 =      0.763,    106.488       
# span 5 =   0.718942,  88.733970       
# span 6 =    -1.9290,    11.3922       
# span 7 =      6.137,      8.933       
# span 8 = -1240.7453,   271.5966       
# span 9 = 1.2356e-01, 1.1206e+03       
# span 10 =    -0.8441,    30.0135      
# span 11 =     -0.562,      9.371      
# span 12 =     -0.816,     13.591      
# span 13 =    12.9838,    24.0668      
# span 14 =   997.3008,   999.4553      
# span 15 = 0.0000e+00, 0.0000e+00      
# interval = seconds: 0.25
# start_time = Oct 04 2019 09:40:24 [Instrument's time stamp, header]
# bad_flag = -9.990e-29
*END*
[from data line 1176]
      4.255      0.026     0.0516      0.718     88.470  70.389464     5.1458      6.537    30.3171 4.4238e-01    12.8712      4.173      6.052    14.8643   999.1752 0.0000e+00
      4.260      0.028     0.0525      0.711     87.570  69.686616     5.1468      6.539    27.8180 4.4217e-01    12.8619      4.177      6.058    14.7672   999.1898 0.0000e+00
      4.265      0.029     0.0538      0.704     86.784  69.054436     5.1500      6.540    25.7073 4.2155e-01    12.7950      4.182      6.065    14.7466   999.1929 0.0000e+00
      4.272      0.029     0.0514      0.712     86.256  68.594985     5.0983      6.537    23.4668 3.8628e-01    11.8655      4.189      6.075    14.7624   999.1904 0.0000e+00
      4.282      0.029     0.0507      0.723     85.891  68.200239     4.9894      6.534    21.0339 3.5468e-01    10.1112      4.199      6.090    14.7809   999.1876 0.0000e+00
      4.291      0.030     0.0509      0.713     85.634  67.841624     4.9257      6.534    19.3495 3.2913e-01     9.1176      4.210      6.106    14.7903   999.1858 0.0000e+00
      4.298      0.030     0.0492      0.703     85.204  67.373903     4.9181      6.535    18.1576 3.1860e-01     8.9621      4.216      6.115    14.7850   999.1864 0.0000e+00
      4.304      0.031     0.0500      0.710     84.259  66.549915     4.8452      6.535    16.2600 3.1563e-01     8.1981      4.220      6.121    14.7743   999.1878 0.0000e+00
      4.311      0.031     0.0523      0.718     83.777  66.079125     4.6943      6.534    14.0438 2.9537e-01     6.7632      4.227      6.131    14.7153   999.1964 0.0000e+00
      4.319      0.030     0.0508      0.723     84.305  66.385474     4.5933      6.533    12.5276 2.7348e-01     5.9345      4.236      6.142    14.5973   999.2137 0.0000e+00
      4.328      0.030     0.0491      0.721     83.968  66.058407     4.5605      6.532    11.1781 2.6076e-01     5.7808      4.243      6.154    14.5163   999.2255 0.0000e+00
      4.339      0.030     0.0511      0.700     82.206  64.667226     4.4976      6.531     9.5999 2.4586e-01     5.4288      4.257      6.174    14.4949   999.2282 0.0000e+00
      4.347      0.029     0.0513      0.696     79.468  62.532020     4.3966      6.529     8.5880 2.3217e-01     4.8245      4.266      6.187    14.4459   999.2348 0.0000e+00
      4.351      0.027     0.0513      0.709     75.645  59.563344     4.3532      6.528     8.3215 2.2018e-01     4.5371      4.265      6.186    14.3533   999.2489 0.0000e+00
      4.357      0.025     0.0531      0.709     72.094  56.798914     4.3546      6.529     8.0994 2.1567e-01     4.5440      4.271      6.195    14.3160   999.2542 0.0000e+00
      4.364      0.023     0.0492      0.716     69.556  54.779385     4.3439      6.530     7.4509 2.0453e-01     4.5142      4.280      6.208    14.3298   999.2514 0.0000e+00
      4.371      0.023     0.0487      0.741     67.445  53.062292     4.3454      6.530     6.6759 1.7658e-01     4.5382      4.286      6.216    14.3326   999.2503 0.0000e+00
      4.377      0.022     0.0522      0.786     66.316  52.110379     4.3724      6.530     6.0416 1.6056e-01     4.6369      4.292      6.225    14.3657   999.2439 0.0000e+00
      4.382      0.021     0.0497      0.892     65.909  51.718869     4.4010      6.530     5.4599 1.5835e-01     4.6918      4.298      6.233    14.4113   999.2360 0.0000e+00
      4.386      0.019     0.0507      1.156     65.250  51.123406     4.4147      6.530     5.0631 1.5549e-01     4.6773      4.302      6.239    14.3797   999.2399 0.0000e+00
      4.391      0.018     0.0529      1.678     64.874  50.754518     4.3987      6.530     4.6003 1.5545e-01     4.5603      4.307      6.246    14.3328   999.2458 0.0000e+00
      4.395      0.018     0.0551      2.493     64.510  50.434690     4.3551      6.529     3.5634 1.5285e-01     4.3585      4.311      6.251    14.2905   999.2514 0.0000e+00
      4.399      0.018     0.0602      3.606     63.846  49.924065     4.3292      6.528     2.4201 1.4379e-01     4.2685      4.314      6.257    14.2313   999.2601 0.0000e+00
      4.404      0.018     0.0760      5.045     63.323  49.534965     4.3286      6.529     2.0490 1.3657e-01     4.2916      4.319      6.264    14.1763   999.2672 0.0000e+00
      4.409      0.019     0.1131      6.778     62.588  48.969459     4.3217      6.529     2.1733 1.3127e-01     4.3099      4.324      6.271    14.0994   999.2780 0.0000e+00
      4.414      0.019     0.1727      8.660     61.765  48.294714     4.2986      6.528     1.6004 1.2814e-01     4.3264      4.328      6.279    14.0719   999.2820 0.0000e+00
      4.419      0.020     0.2511     10.564     61.000  47.600899     4.2830      6.528     0.4565 1.3095e-01     4.3272      4.334      6.285    14.0950   999.2783 0.0000e+00
      4.424      0.020     0.3541     12.407     60.434  46.994927     4.2796      6.529    -0.3006 1.3215e-01     4.3199      4.338      6.291    14.1103   999.2762 0.0000e+00
      4.429      0.020     0.4846     14.125     60.210  46.620006     4.2488      6.530    -0.3256 1.2752e-01     4.3362      4.343      6.299    14.1285   999.2733 0.0000e+00
      4.434      0.021     0.6223     15.645     59.629  45.988834     4.1976      6.532    -0.0189 1.2480e-01     4.3268      4.349      6.307    14.1123   999.2754 0.0000e+00
      4.439      0.023     0.7630     16.905     59.125  45.459703     4.1726      6.535    -0.2064 1.2560e-01     4.2720      4.354      6.314    14.0335   999.2861 0.0000e+00
      4.444      0.025     0.8998     17.911     59.380  45.556542     4.1623      6.540    -0.8719 1.2555e-01     4.2639      4.358      6.321    13.8935   999.3051 0.0000e+00
      4.449      0.027     1.0297     18.700     59.972  45.953049     4.0819      6.548    -1.5255 1.2438e-01     4.3602      4.361      6.326    13.7008   999.3316 0.0000e+00
      4.458      0.028     1.1470     19.338     60.479  46.316560     3.9382      6.558    -1.7419 1.2375e-01     4.4859      4.370      6.339    13.5441   999.3523 0.0000e+00
      4.468      0.029     1.2403     19.882     60.665  46.458952     3.8635      6.567    -1.5961 1.2375e-01     4.5379      4.382      6.357    13.4308   999.3671 0.0000e+00
      4.476      0.029     1.3164     20.301     60.485  46.341099     3.8636      6.573    -1.5691 1.2372e-01     4.5304      4.390      6.368    13.3421   999.3790 0.0000e+00
      4.483      0.028     1.3732     20.567     60.141  46.098223     3.8529      6.576    -1.6738 1.2372e-01     4.4929      4.396      6.376    13.3012   999.3846 0.0000e+00
      4.489      0.026     1.4179     20.709     59.929  45.935560     3.7255      6.576    -2.0013 1.2374e-01     4.2498      4.402      6.384    13.2819   999.3874 0.0000e+00
      4.496      0.024     1.4599     20.715     59.807  45.834963     3.5021      6.574    -2.5182 1.2374e-01     3.8190      4.408      6.393    13.2804   999.3877 0.0000e+00
      4.502      0.022     1.4910     20.556     59.636  45.707459     3.3881      6.568    -2.7607 1.2372e-01     3.6098      4.416      6.406    13.3036   999.3847 0.0000e+00
      4.507      0.021     1.5076     20.265     59.409  45.536986     3.3795      6.551    -2.6100 1.2371e-01     3.6215      4.421      6.412    13.3333   999.3806 0.0000e+00
      4.511      0.021     1.5188     19.912     59.283  45.424856     3.3111      6.530    -2.3316 1.2369e-01     3.5019      4.423      6.415    13.3237   999.3819 0.0000e+00
      4.515      0.020     1.5215     19.572     59.333  45.431240     3.1856      6.529    -2.7497 1.2368e-01     3.2446      4.428      6.422    13.3092   999.3838 0.0000e+00
      4.521      0.019     1.5080     19.301     59.361  45.423630     3.1197      6.542    -3.7928 1.2371e-01     3.0993      4.434      6.430    13.3188   999.3825 0.0000e+00
      4.527      0.019     1.4846     19.136     59.355  45.396315     3.1211      6.551    -4.2750 1.2372e-01     3.0891      4.440      6.439    13.3291   999.3811 0.0000e+00
      4.532      0.020     1.4570     19.089     59.157  45.227953     3.1151      6.556    -4.1061 1.2374e-01     3.0558      4.445      6.448    13.3163   999.3826 0.0000e+00
      4.537      0.021     1.4321     19.128     58.767  44.911984     3.0818      6.559    -3.9020 1.2375e-01     2.9590      4.449      6.454    13.2775   999.3879 0.0000e+00
      4.541      0.023     1.4122     19.227     58.595  44.751005     3.0483      6.560    -4.2157 1.2375e-01     2.9023      4.454      6.459    13.2560   999.3906 0.0000e+00
      4.545      0.025     1.3996     19.361     58.621  44.742065     3.0308      6.561    -4.9746 1.2371e-01     2.9272      4.456      6.464    13.2363   999.3932 0.0000e+00
      4.553      0.027     1.3984     19.492     58.637  44.740362     2.9668      6.562    -5.3337 1.2369e-01     2.9975      4.464      6.474    13.2224   999.3950 0.0000e+00
      4.562      0.029     1.4018     19.610     58.708  44.793897     2.8458      6.565    -5.1162 1.2375e-01     3.0973      4.475      6.490    13.2156   999.3956 0.0000e+00
      4.570      0.031     1.4102     19.712     58.808  44.881344     2.7727      6.569    -4.9262 1.2373e-01     3.1177      4.482      6.501    13.1835   999.3999 0.0000e+00
      4.578      0.032     1.4232     19.823     58.828  44.908683     2.7506      6.576    -4.8425 1.2362e-01     3.0805      4.489      6.511    13.1527   999.4039 0.0000e+00
      4.586      0.032     1.4322     19.968     58.779  44.870463     2.6307      6.584    -4.7934 1.2357e-01     3.0405      4.498      6.523    13.1434   999.4051 0.0000e+00
      4.594      0.033     1.4418     20.115     58.706  44.800232     2.4147      6.588    -4.9346 1.2362e-01     2.9944      4.505      6.534    13.1434   999.4051 0.0000e+00
      4.601      0.034     1.4481     20.241     58.678  44.758015     2.2988      6.589    -5.0867 1.2372e-01     2.9821      4.511      6.543    13.1539   999.4039 0.0000e+00
      4.610      0.035     1.4540     20.331     58.683  44.740998     2.2700      6.588    -5.1701 1.2377e-01     2.9573      4.520      6.555    13.1716   999.4017 0.0000e+00
      4.620      0.035     1.4670     20.385     58.680  44.721453     2.1179      6.586    -4.7386 1.2377e-01     2.9568      4.532      6.572    13.1708   999.4017 0.0000e+00
      4.630      0.034     1.4780     20.430     58.685  44.712187     1.8649      6.582    -3.8266 1.2376e-01     3.0418      4.542      6.587    13.1544   999.4040 0.0000e+00
      4.639      0.032     1.4887     20.499     58.671  44.692448     1.7339      6.577    -3.1776 1.2373e-01     3.1330      4.549      6.598    13.1357   999.4064 0.0000e+00
      4.647      0.030     1.4960     20.590     58.654  44.673286     1.7205      6.572    -2.3118 1.2372e-01     3.1741      4.557      6.610    13.1167   999.4088 0.0000e+00
      4.655      0.028     1.4996     20.689     58.656  44.670987     1.7119      6.555    -0.5861 1.2372e-01     3.1786      4.567      6.623    13.1011   999.4109 0.0000e+00
      4.660      0.028     1.5023     20.831     58.650  44.664646     1.6732      6.530     2.0289 1.2369e-01     3.4817      4.571      6.629    13.0904   999.4122 0.0000e+00
      4.665      0.027     1.5073     21.015     58.646  44.660114     1.6176      6.526     4.8713 1.2367e-01     4.1518      4.574      6.633    13.0828   999.4132 0.0000e+00
      4.672      0.026     1.5160     21.177     58.675  44.679687     1.6021      6.541     7.0223 1.2373e-01     4.5621      4.581      6.644    13.0778   999.4139 0.0000e+00
      4.682      0.024     1.5211     21.309     58.717  44.710805     1.6074      6.557     8.5908 1.2380e-01     4.6085      4.593      6.660    13.0754   999.4143 0.0000e+00
      4.690      0.022     1.5310     21.431     58.727  44.718850     1.5778      6.568    10.0704 1.2379e-01     4.7455      4.602      6.674    13.0740   999.4145 0.0000e+00
      4.694      0.020     1.5483     21.520     58.715  44.713462     1.5127      6.573    11.6615 1.2376e-01     5.0063      4.604      6.678    13.0726   999.4146 0.0000e+00
      4.697      0.019     1.5596     21.569     58.702  44.709165     1.4708      6.574    13.2877 1.2372e-01     5.1400      4.605      6.680    13.0706   999.4149 0.0000e+00
      4.700      0.020     1.5679     21.601     58.726  44.730410     1.4609      6.573    14.8481 1.2369e-01     5.2475      4.610      6.685    13.0695   999.4151 0.0000e+00
      4.704      0.023     1.5786     21.619     58.786  44.779828     1.3587      6.572    16.3321 1.2374e-01     5.9453      4.612      6.688    13.0696   999.4151 0.0000e+00
      4.709      0.028     1.5851     21.622     58.794  44.798666     1.1633      6.569    17.6366 1.2377e-01     7.1539      4.616      6.694    13.0726   999.4147 0.0000e+00
      4.718      0.032     1.5874     21.617     58.727  44.767698     1.0574      6.567    18.9191 1.2374e-01     7.8338      4.626      6.708    13.0795   999.4139 0.0000e+00
      4.730      0.035     1.5897     21.600     58.651  44.722927     1.0407      6.565    20.4816 1.2371e-01     7.9719      4.640      6.729    13.0831   999.4135 0.0000e+00
      4.740      0.036     1.5916     21.579     58.621  44.701859     0.9610      6.561    22.0738 1.2367e-01     8.6260      4.650      6.745    13.0795   999.4141 0.0000e+00
      4.749      0.035     1.5906     21.564     58.632  44.703465     0.8220      6.558    23.3719 1.2366e-01     9.7460      4.656      6.754    13.0914   999.4125 0.0000e+00
      4.759      0.031     1.5903     21.549     58.700  44.742334     0.7478      6.555    24.1318 1.2376e-01    10.3052      4.666      6.769    13.1161   999.4094 0.0000e+00
      4.767      0.027     1.5876     21.524     58.781  44.790800     0.7406      6.554    24.5506 1.2378e-01    10.3728      4.674      6.780    13.1275   999.4080 0.0000e+00
      4.773      0.023     1.5862     21.507     58.777  44.781453     0.7081      6.555    25.2526 1.2372e-01    10.6292      4.680      6.787    13.1276   999.4080 0.0000e+00
      4.778      0.021     1.5850     21.529     58.742  44.756315     0.6411      6.557    26.1662 1.2370e-01    11.0465      4.687      6.797    13.1208   999.4089 0.0000e+00
      4.781      0.019     1.5852     21.574     58.714  44.740857     0.5976      6.557    27.1647 1.2370e-01    11.2564      4.689      6.801    13.1086   999.4105 0.0000e+00
      4.785      0.019     1.5837     21.640     58.680  44.721557     0.5902      6.557    27.9470 1.2371e-01    11.2659      4.691      6.803    13.0938   999.4124 0.0000e+00
      4.790      0.020     1.5802     21.695     58.669  44.713467     0.5857      6.557    28.2257 1.2376e-01    11.2929      4.698      6.814    13.0888   999.4130 0.0000e+00
      4.795      0.021     1.5842     21.701     58.669  44.706542     0.5526      6.554    28.5553 1.2379e-01    11.6475      4.703      6.821    13.0916   999.4127 0.0000e+00
      4.800      0.023     1.5859     21.708     58.669  44.701329     0.5016      6.548    29.2643 1.2378e-01    12.3099      4.706      6.826    13.0959   999.4122 0.0000e+00
      4.807      0.024     1.5913     21.744     58.683  44.713923     0.4721      6.544    30.1733 1.2376e-01    12.6479      4.713      6.836    13.1058   999.4110 0.0000e+00
      4.814      0.025     1.5981     21.775     58.698  44.731816     0.4643      6.544    31.1148 1.2371e-01    12.6204      4.722      6.848    13.1065   999.4109 0.0000e+00
      4.820      0.026     1.5960     21.821     58.686  44.727183     0.4514      6.543    32.0441 1.2365e-01    12.6332      4.727      6.857    13.0957   999.4123 0.0000e+00
      4.826      0.026     1.5953     21.909     58.686  44.721415     0.4201      6.542    32.9771 1.2370e-01    12.7708      4.733      6.864    13.0902   999.4131 0.0000e+00
