Data/DataNotYetUploadedToEDI/Raw_CTD/RawDownloads/100419_fcr50.cnv
* Sea-Bird SBE19plus  Data File:
* FileName = C:\DATA\100419_fcr_50_0001.hex
* Software version 2.8.0.119 SB_Terminal.dll
* Temperature SN = 7809
* Conductivity SN = 7809
* System UpLoad Time = Oct 04 2019 09:59:08
* <ApplicationData>
* <Seaterm232>
# nquan = 16
# nvalues = 1952                        
# units = specified
# name 0 = depFM: Depth [fresh water, m]
# name 1 = dz/dtM: Descent Rate [m/s]
# name 2 = sbeox0ML/L: Oxygen, SBE 43 [ml/l]
# name 3 = sbeox0PS: Oxygen, SBE 43 [% saturation]
# name 4 = specc: Specific Conductance [uS/cm]
# name 5 = c0uS/cm: Conductivity [uS/cm]
# name 6 = flECO-AFL: Fluorescence, WET Labs ECO-AFL/FL [mg/m^3]
# name 7 = ph: pH
# name 8 = orp: Oxidation Reduction Potential [mV]
# name 9 = par/sat/log: PAR/Logarithmic, Satlantic
# name 10 = turbWETntu0: Turbidity, WET Labs ECO [NTU]
# name 11 = prdM: Pressure, Strain Gauge [db]
# name 12 = prdE: Pressure, Strain Gauge [psi]
# name 13 = tv290C: Temperature [ITS-90, deg C]
# name 14 = density00: Density [density, kg/m^3]
# name 15 = flag:  0.000e+00
# span 0 =     -0.573,      9.555       
# span 1 =     -0.038,      0.223       
# span 2 =     0.0449,     7.0256       
# span 3 =      0.682,    118.972       
# span 4 =      0.763,    106.488       
# span 5 =   0.718942,  88.733970       
# span 6 =    -1.9290,    11.3922       
# span 7 =      6.137,      8.933       
# span 8 = -1240.7453,   271.5966       
# span 9 = 1.2356e-01, 1.1206e+03       
# span 10 =    -0.8441,    30.0135      
# span 11 =     -0.562,      9.371      
# span 12 =     -0.816,     13.591      
# span 13 =    12.9838,    24.0668      
# span 14 =   997.3008,   999.4553      
# span 15 = 0.0000e+00, 0.0000e+00      
# interval = seconds: 0.25
# start_time = Oct 04 2019 09:40:24 [Instrument's time stamp, header]
# bad_flag = -9.990e-29
*END*
[from data line 1537]
      6.216      0.016     1.6906     22.885     58.717  44.664302     0.2686      6.335   121.2499 1.2368e-01    14.0687      6.095      8.841    13.0200   999.4284 0.0000e+00
      6.220      0.018     1.6853     22.859     58.695  44.645566     0.2765      6.335   121.5772 1.2374e-01    14.0862      6.098      8.844    13.0243   999.4278 0.0000e+00
      6.225      0.019     1.6834     22.848     58.695  44.645566     0.2630      6.334   122.2592 1.2379e-01    14.1318      6.104      8.853    13.0294   999.4272 0.0000e+00
      6.232      0.021     1.6890     22.833     58.720  44.664303     0.2345      6.334   122.6122 1.2377e-01    14.1943      6.112      8.865    13.0328   999.4268 0.0000e+00
      6.237      0.022     1.6863     22.842     58.745  44.681608     0.2189      6.333   122.4901 1.2375e-01    14.2188      6.117      8.872    13.0312   999.4271 0.0000e+00
      6.242      0.023     1.6825     22.872     58.726  44.664303     0.2038      6.332   122.3322 1.2378e-01    14.2308      6.120      8.877    13.0280   999.4275 0.0000e+00
      6.247      0.023     1.6848     22.872     58.706  44.645566     0.1991      6.332   122.2515 1.2376e-01    14.2417      6.125      8.884    13.0279   999.4276 0.0000e+00
      6.254      0.023     1.6807     22.854     58.710  44.645566     0.2137      6.332   122.2885 1.2374e-01    14.2526      6.133      8.895    13.0301   999.4273 0.0000e+00
      6.261      0.022     1.6818     22.845     58.736  44.664294     0.2160      6.333   122.9509 1.2377e-01    14.2645      6.140      8.905    13.0286   999.4275 0.0000e+00
      6.267      0.022     1.6867     22.846     58.760  44.681494     0.2104      6.333   123.8941 1.2380e-01    14.2542      6.147      8.915    13.0238   999.4281 0.0000e+00
      6.272      0.022     1.6857     22.843     58.736  44.663024     0.2229      6.332   124.0556 1.2378e-01    14.3570      6.153      8.924    13.0209   999.4286 0.0000e+00
      6.275      0.021     1.6834     22.829     58.696  44.631474     0.2548      6.331   123.7859 1.2370e-01    14.5903      6.154      8.925    13.0193   999.4288 0.0000e+00
      6.279      0.020     1.6832     22.813     58.678  44.617534     0.2751      6.331   123.6438 1.2365e-01    14.6823      6.157      8.928    13.0178   999.4290 0.0000e+00
      6.286      0.020     1.6836     22.812     58.684  44.621471     0.2782      6.332   124.3159 1.2361e-01    14.6507      6.166      8.943    13.0168   999.4292 0.0000e+00
      6.293      0.021     1.6838     22.842     58.676  44.615580     0.2757      6.331   125.7180 1.2361e-01    14.6663      6.173      8.953    13.0162   999.4292 0.0000e+00
      6.298      0.023     1.6824     22.892     58.669  44.609801     0.2783      6.330   126.4005 1.2369e-01    14.5431      6.175      8.956    13.0159   999.4293 0.0000e+00
      6.303      0.025     1.6806     22.916     58.676  44.615101     0.2923      6.329   126.2012 1.2377e-01    14.2426      6.180      8.963    13.0156   999.4293 0.0000e+00
      6.309      0.026     1.6804     22.913     58.677  44.616160     0.2890      6.328   125.8888 1.2372e-01    14.0486      6.186      8.973    13.0154   999.4294 0.0000e+00
      6.315      0.028     1.6821     22.920     58.686  44.622607     0.2734      6.328   126.1504 1.2368e-01    14.0000      6.192      8.981    13.0154   999.4294 0.0000e+00
      6.324      0.030     1.6881     22.939     58.695  44.629543     0.2678      6.328   126.9558 1.2371e-01    14.0148      6.202      8.995    13.0152   999.4295 0.0000e+00
      6.332      0.032     1.6899     22.939     58.704  44.636532     0.2737      6.328   127.5389 1.2371e-01    14.1290      6.211      9.008    13.0151   999.4296 0.0000e+00
      6.340      0.032     1.6877     22.921     58.714  44.643612     0.2850      6.328   127.6940 1.2370e-01    14.2670      6.217      9.017    13.0151   999.4296 0.0000e+00
      6.348      0.032     1.6884     22.914     58.725  44.651637     0.2829      6.328   127.4553 1.2372e-01    14.3075      6.226      9.030    13.0148   999.4297 0.0000e+00
      6.357      0.032     1.6912     22.915     58.749  44.670058     0.2729      6.328   127.1470 1.2376e-01    14.3235      6.235      9.044    13.0146   999.4297 0.0000e+00
      6.365      0.033     1.6911     22.896     58.756  44.675840     0.2682      6.328   127.2367 1.2378e-01    14.3948      6.242      9.054    13.0145   999.4298 0.0000e+00
      6.373      0.033     1.6886     22.869     58.732  44.658050     0.2692      6.327   127.6794 1.2379e-01    14.4808      6.250      9.065    13.0145   999.4298 0.0000e+00
      6.380      0.032     1.6879     22.852     58.715  44.645455     0.2774      6.326   128.2839 1.2379e-01    14.5453      6.256      9.076    13.0146   999.4298 0.0000e+00
      6.389      0.032     1.6899     22.851     58.722  44.650555     0.2891      6.326   128.0921 1.2376e-01    14.4861      6.263      9.085    13.0147   999.4299 0.0000e+00
      6.400      0.032     1.6875     22.879     58.730  44.656221     0.2981      6.325   127.1672 1.2372e-01    14.3220      6.277      9.104    13.0150   999.4299 0.0000e+00
      6.408      0.032     1.6846     22.894     58.722  44.650451     0.2909      6.324   126.9105 1.2369e-01    14.2324      6.288      9.120    13.0151   999.4299 0.0000e+00
      6.413      0.031     1.6845     22.897     58.715  44.644299     0.2711      6.323   127.3970 1.2373e-01    14.2220      6.289      9.121    13.0151   999.4299 0.0000e+00
      6.420      0.028     1.6818     22.921     58.716  44.645329     0.2488      6.322   127.9730 1.2376e-01    14.1967      6.293      9.128    13.0152   999.4299 0.0000e+00
      6.431      0.026     1.6872     22.947     58.739  44.662910     0.2301      6.321   128.0239 1.2376e-01    14.1555      6.308      9.149    13.0151   999.4300 0.0000e+00
      6.439      0.025     1.6879     22.957     58.744  44.666370     0.2268      6.320   127.5819 1.2381e-01    14.1168      6.318      9.163    13.0150   999.4301 0.0000e+00
      6.442      0.025     1.6858     22.952     58.688  44.623666     0.2266      6.319   127.2749 1.2379e-01    14.0567      6.318      9.163    13.0149   999.4301 0.0000e+00
      6.446      0.024     1.6897     22.951     58.645  44.591086     0.2190      6.318   127.2373 1.2369e-01    13.9859      6.320      9.165    13.0150   999.4301 0.0000e+00
      6.452      0.023     1.6910     22.949     58.645  44.589941     0.2305      6.318   127.4713 1.2369e-01    13.9492      6.327      9.177    13.0149   999.4301 0.0000e+00
      6.459      0.026     1.6929     22.929     58.671  44.609822     0.2616      6.319   128.0402 1.2373e-01    13.9732      6.335      9.188    13.0150   999.4302 0.0000e+00
      6.466      0.030     1.6909     22.904     58.712  44.640971     0.2826      6.319   128.5227 1.2371e-01    14.0140      6.340      9.195    13.0148   999.4302 0.0000e+00
      6.472      0.032     1.6911     22.887     58.722  44.649055     0.2850      6.318   128.6595 1.2370e-01    14.0170      6.347      9.206    13.0146   999.4302 0.0000e+00
      6.481      0.032     1.6922     22.877     58.716  44.644069     0.2739      6.316   128.6610 1.2366e-01    14.1391      6.355      9.217    13.0145   999.4303 0.0000e+00
      6.493      0.033     1.6896     22.872     58.716  44.644183     0.2692      6.316   128.5412 1.2367e-01    14.3769      6.367      9.234    13.0141   999.4304 0.0000e+00
      6.503      0.034     1.6876     22.858     58.724  44.650428     0.2721      6.316   129.1038 1.2374e-01    14.4671      6.380      9.253    13.0139   999.4305 0.0000e+00
      6.510      0.034     1.6866     22.837     58.731  44.656084     0.2741      6.315   130.3871 1.2376e-01    14.4754      6.384      9.259    13.0140   999.4305 0.0000e+00
      6.515      0.035     1.6855     22.835     58.722  44.649066     0.2754      6.315   130.9800 1.2375e-01    14.5425      6.387      9.264    13.0141   999.4305 0.0000e+00
      6.525      0.035     1.6858     22.837     58.695  44.629071     0.2714      6.314   130.7655 1.2372e-01    14.6234      6.398      9.280    13.0142   999.4306 0.0000e+00
      6.535      0.035     1.6854     22.819     58.663  44.604827     0.2684      6.313   130.3759 1.2367e-01    14.7006      6.409      9.295    13.0145   999.4306 0.0000e+00
      6.546      0.034     1.6816     22.796     58.670  44.609927     0.2737      6.312   130.6562 1.2367e-01    14.7546      6.418      9.309    13.0144   999.4306 0.0000e+00
      6.556      0.033     1.6828     22.801     58.693  44.627240     0.2836      6.312   131.6599 1.2367e-01    14.6537      6.431      9.327    13.0142   999.4307 0.0000e+00
      6.564      0.031     1.6836     22.836     58.688  44.623657     0.2836      6.312   132.1864 1.2367e-01    14.3979      6.438      9.338    13.0144   999.4307 0.0000e+00
      6.570      0.029     1.6821     22.881     58.697  44.630103     0.2737      6.311   132.2049 1.2372e-01    14.2506      6.443      9.344    13.0145   999.4307 0.0000e+00
      6.575      0.028     1.6788     22.932     58.712  44.641676     0.2685      6.310   132.3129 1.2376e-01    14.2495      6.448      9.352    13.0147   999.4307 0.0000e+00
      6.581      0.027     1.6790     22.962     58.706  44.636586     0.2725      6.309   132.3737 1.2370e-01    14.3187      6.453      9.360    13.0146   999.4308 0.0000e+00
      6.590      0.027     1.6833     22.966     58.700  44.632058     0.2788      6.308   132.4239 1.2362e-01    14.4322      6.462      9.373    13.0144   999.4308 0.0000e+00
      6.598      0.028     1.6851     22.968     58.724  44.650430     0.2763      6.308   132.6618 1.2359e-01    14.4754      6.472      9.386    13.0142   999.4309 0.0000e+00
      6.604      0.029     1.6910     22.969     58.748  44.668222     0.2673      6.308   132.9269 1.2366e-01    14.4804      6.476      9.393    13.0141   999.4309 0.0000e+00
      6.610      0.030     1.6931     22.955     58.732  44.656677     0.2658      6.308   133.1341 1.2373e-01    14.4925      6.481      9.400    13.0142   999.4309 0.0000e+00
      6.617      0.033     1.6922     22.943     58.707  44.637837     0.2928      6.306   133.0158 1.2371e-01    14.4904      6.489      9.411    13.0138   999.4310 0.0000e+00
      6.627      0.037     1.6925     22.930     58.698  44.630927     0.3329      6.305   132.6163 1.2366e-01    14.4881      6.499      9.426    13.0139   999.4311 0.0000e+00
      6.637      0.039     1.6935     22.896     58.706  44.636638     0.3433      6.304   132.5194 1.2366e-01    14.4638      6.508      9.439    13.0138   999.4311 0.0000e+00
      6.647      0.039     1.6914     22.855     58.715  44.643385     0.3318      6.302   132.8765 1.2368e-01    14.4597      6.517      9.452    13.0138   999.4312 0.0000e+00
      6.661      0.039     1.6903     22.830     58.722  44.649006     0.3064      6.301   132.8900 1.2368e-01    14.4378      6.532      9.474    13.0140   999.4312 0.0000e+00
      6.672      0.038     1.6911     22.837     58.711  44.641091     0.2790      6.300   132.2525 1.2369e-01    14.3306      6.545      9.492    13.0140   999.4313 0.0000e+00
      6.679      0.035     1.6871     22.858     58.672  44.611186     0.2785      6.300   131.9652 1.2371e-01    14.2441      6.548      9.498    13.0141   999.4313 0.0000e+00
      6.686      0.032     1.6844     22.872     58.664  44.604941     0.2834      6.300   132.0834 1.2367e-01    14.2116      6.556      9.508    13.0140   999.4313 0.0000e+00
      6.695      0.030     1.6810     22.893     58.695  44.629082     0.2771      6.300   132.3050 1.2360e-01    14.2327      6.567      9.524    13.0143   999.4313 0.0000e+00
      6.703      0.030     1.6826     22.930     58.721  44.649067     0.2715      6.300   132.6662 1.2360e-01    14.2701      6.574      9.535    13.0146   999.4313 0.0000e+00
      6.709      0.030     1.6852     22.966     58.731  44.656085     0.2770      6.300   132.7509 1.2365e-01    14.2706      6.578      9.541    13.0147   999.4313 0.0000e+00
      6.716      0.030     1.6851     22.982     58.724  44.650429     0.2911      6.300   132.6408 1.2369e-01    14.2716      6.585      9.550    13.0146   999.4313 0.0000e+00
      6.725      0.029     1.6865     22.975     58.715  44.644184     0.2863      6.299   132.6255 1.2365e-01    14.2496      6.595      9.565    13.0145   999.4314 0.0000e+00
      6.735      0.029     1.6897     22.940     58.715  44.644081     0.2707      6.298   132.7383 1.2365e-01    14.2338      6.606      9.582    13.0147   999.4315 0.0000e+00
      6.741      0.028     1.6933     22.911     58.722  44.649182     0.2676      6.297   133.3161 1.2373e-01    14.2437      6.610      9.588    13.0144   999.4315 0.0000e+00
      6.746      0.026     1.6938     22.909     58.714  44.642356     0.2744      6.296   134.0182 1.2379e-01    14.2377      6.613      9.591    13.0142   999.4316 0.0000e+00
      6.753      0.023     1.6946     22.913     58.691  44.625042     0.2835      6.296   134.1728 1.2382e-01    14.2279      6.623      9.606    13.0145   999.4316 0.0000e+00
      6.760      0.021     1.6902     22.910     58.698  44.630342     0.2825      6.296   134.0668 1.2383e-01    14.2230      6.631      9.618    13.0144   999.4316 0.0000e+00
      6.765      0.021     1.6871     22.905     58.714  44.642936     0.2797      6.295   134.0274 1.2379e-01    14.2443      6.635      9.624    13.0142   999.4317 0.0000e+00
      6.769      0.021     1.6885     22.900     58.724  44.650326     0.2750      6.294   134.6432 1.2374e-01    14.2567      6.638      9.628    13.0138   999.4317 0.0000e+00
      6.772      0.021     1.6888     22.910     58.731  44.656189     0.2700      6.294   135.7471 1.2370e-01    14.2414      6.641      9.632    13.0135   999.4318 0.0000e+00
      6.777      0.021     1.6883     22.915     58.723  44.650326     0.2799      6.294   136.1893 1.2377e-01    14.2556      6.646      9.639    13.0139   999.4318 0.0000e+00
      6.784      0.021     1.6882     22.898     58.713  44.642935     0.2902      6.294   136.2038 1.2385e-01    14.2638      6.652      9.648    13.0140   999.4318 0.0000e+00
      6.792      0.022     1.6870     22.887     58.697  44.630331     0.2899      6.293   136.0944 1.2377e-01    14.2431      6.661      9.662    13.0139   999.4318 0.0000e+00
      6.798      0.024     1.6881     22.891     58.690  44.624928     0.2849      6.293   136.0723 1.2366e-01    14.2342      6.668      9.672    13.0144   999.4318 0.0000e+00
      6.801      0.025     1.6903     22.896     58.712  44.641096     0.2822      6.292   136.7104 1.2364e-01    14.2873      6.669      9.673    13.0146   999.4318 0.0000e+00
      6.805      0.025     1.6866     22.901     58.706  44.635318     0.2836      6.292   137.3568 1.2367e-01    14.3947      6.671      9.676    13.0145   999.4318 0.0000e+00
      6.814      0.025     1.6861     22.917     58.684  44.618568     0.2841      6.292   137.4344 1.2368e-01    14.4509      6.682      9.693    13.0146   999.4318 0.0000e+00
      6.824      0.025     1.6871     22.947     58.698  44.629072     0.2803      6.291   137.3045 1.2373e-01    14.4428      6.694      9.709    13.0144   999.4319 0.0000e+00
      6.830      0.025     1.6874     22.969     58.706  44.635317     0.2713      6.290   137.0775 1.2375e-01    14.3945      6.699      9.716    13.0137   999.4320 0.0000e+00
      6.835      0.025     1.6875     22.975     58.701  44.630582     0.2711      6.290   136.8410 1.2370e-01    14.3256      6.702      9.720    13.0131   999.4321 0.0000e+00
      6.841      0.025     1.6881     22.971     58.707  44.635318     0.2779      6.290   137.0258 1.2366e-01    14.2649      6.708      9.729    13.0129   999.4322 0.0000e+00
      6.847      0.025     1.6915     22.956     58.699  44.629082     0.2759      6.289   137.5058 1.2370e-01    14.2181      6.715      9.739    13.0127   999.4322 0.0000e+00
