Data/DataNotYetUploadedToEDI/Raw_CTD/RawDownloads/100420_fcr20.cnv
* Sea-Bird SBE19plus  Data File:
* FileName = C:\DATA\100420_fcr50_0002.hex
* Software version 2.8.0.119
* Temperature SN = 7809
* Conductivity SN = 7809
* System UpLoad Time = Oct 05 2020 07:49:53
* <ApplicationData>
* <Seaterm232>
# nquan = 16
# nvalues = 519                         
# units = specified
# name 0 = depFM: Depth [fresh water, m]
# name 1 = dz/dtM: Descent Rate [m/s]
# name 2 = sbeox0ML/L: Oxygen, SBE 43 [ml/l]
# name 3 = sbeox0PS: Oxygen, SBE 43 [% saturation]
# name 4 = specc: Specific Conductance [uS/cm]
# name 5 = c0uS/cm: Conductivity [uS/cm]
# name 6 = flECO-AFL: Fluorescence, WET Labs ECO-AFL/FL [mg/m^3]
# name 7 = ph: pH
# name 8 = orp: Oxidation Reduction Potential [mV]
# name 9 = par/sat/log: PAR/Logarithmic, Satlantic
# name 10 = turbWETntu0: Turbidity, WET Labs ECO [NTU]
# name 11 = prdM: Pressure, Strain Gauge [db]
# name 12 = prdE: Pressure, Strain Gauge [psi]
# name 13 = tv290C: Temperature [ITS-90, deg C]
# name 14 = density00: Density [density, kg/m^3]
# name 15 = flag:  0.000e+00
# span 0 =     -0.624,      1.520       
# span 1 =     -0.393,      0.250       
# span 2 =     4.9082,     7.2271       
# span 3 =     74.385,    109.170       
# span 4 =      1.427,     38.276       
# span 5 =   1.185234,  32.724131       
# span 6 =    -3.1569,     4.2502       
# span 7 =     -2.377,     15.763       
# span 8 =   133.8565,  1115.2395       
# span 9 = 1.0767e+01, 1.5709e+03       
# span 10 =    -1.1773,    28.2578      
# span 11 =     -0.612,      1.491      
# span 12 =     -0.887,      2.162      
# span 13 =    16.4784,    18.5273      
# span 14 =   998.5150,   998.8873      
# span 15 = 0.0000e+00, 0.0000e+00      
# interval = seconds: 0.25
# start_time = Oct 04 2020 00:45:34 [Instrument's time stamp, header]
# bad_flag = -9.990e-29
*END*
[from data line 272]
      0.645      0.047     6.7274    101.533     37.145  31.947910     2.3528     15.721   169.4619 8.1607e+01    13.9689      0.635      0.921    18.0730   998.6034 0.0000e+00
      0.650      0.047     6.7294    101.389     37.169  31.958935     2.3450     15.720   169.6909 7.8667e+01    14.1247      0.638      0.925    18.0599   998.6060 0.0000e+00
      0.655      0.046     6.7321    101.204     37.179  31.961752     2.3300     15.720   170.0764 7.5996e+01    14.1088      0.638      0.926    18.0407   998.6096 0.0000e+00
      0.669      0.044     6.7301    100.993     37.205  31.981967     2.3342     15.720   170.2518 7.3374e+01    14.0866      0.652      0.946    18.0153   998.6143 0.0000e+00
      0.689      0.041     6.7266    100.803     37.235  32.013006     2.3474     15.720   169.9177 7.1540e+01    13.8214      0.677      0.981    17.9977   998.6177 0.0000e+00
      0.706      0.036     6.7184    100.672     37.233  32.019812     2.3572     15.719   169.7361 7.0494e+01    13.3406      0.696      1.010    17.9869   998.6197 0.0000e+00
      0.715      0.031     6.7073    100.597     37.199  32.000824     2.3568     15.718   170.1212 7.0313e+01    13.0801      0.705      1.023    17.9770   998.6216 0.0000e+00
      0.715      0.026     6.6926    100.564     37.163  31.973782     2.3423     15.718   170.4444 7.0732e+01    13.0406      0.703      1.020    17.9739   998.6221 0.0000e+00
      0.712      0.022     6.6776    100.553     37.139  31.946637     2.3345     15.718   170.3747 7.0732e+01    13.2060      0.695      1.009    17.9800   998.6210 0.0000e+00
      0.715      0.020     6.6678    100.561     37.135  31.926395     2.3486     15.719   170.1391 6.9706e+01    13.5689      0.697      1.011    17.9945   998.6184 0.0000e+00
      0.725      0.022     6.6602    100.568     37.153  31.919353     2.3602     15.721   170.0045 6.8195e+01    13.7542      0.711      1.032    18.0113   998.6153 0.0000e+00
      0.737      0.026     6.6583    100.564     37.186  31.924905     2.3508     15.722   170.0378 6.7114e+01    13.7299      0.726      1.053    18.0200   998.6138 0.0000e+00
      0.745      0.030     6.6579    100.549     37.214  31.930051     2.3401     15.723   170.2836 6.6317e+01    13.8589      0.732      1.061    18.0102   998.6156 0.0000e+00
      0.750      0.031     6.6633    100.516     37.216  31.918092     2.3541     15.724   170.8261 6.4917e+01    14.2151      0.733      1.064    17.9841   998.6204 0.0000e+00
      0.755      0.031     6.6683    100.480     37.216  31.907191     2.3679     15.724   171.0900 6.2996e+01    14.4318      0.739      1.073    17.9519   998.6264 0.0000e+00
      0.762      0.030     6.6719    100.447     37.245  31.925129     2.3548     15.725   170.9797 6.0883e+01    14.4190      0.746      1.082    17.9199   998.6323 0.0000e+00
      0.773      0.028     6.6754    100.448     37.272  31.944626     2.3384     15.725   170.8684 5.8480e+01    13.9923      0.756      1.096    17.8938   998.6371 0.0000e+00
      0.786      0.026     6.6744    100.506     37.279  31.952586     2.3314     15.724   170.8631 5.6805e+01    13.2206      0.773      1.121    17.8751   998.6406 0.0000e+00
      0.793      0.024     6.6747    100.587     37.279  31.957938     2.3369     15.723   171.0871 5.6550e+01    12.8475      0.781      1.133    17.8622   998.6431 0.0000e+00
      0.793      0.021     6.6727    100.645     37.256  31.945891     2.3472     15.723   171.2544 5.6945e+01    12.8112      0.778      1.128    17.8514   998.6450 0.0000e+00
      0.793      0.018     6.6726    100.700     37.233  31.933826     2.3418     15.723   171.0790 5.7186e+01    12.7473      0.776      1.125    17.8461   998.6460 0.0000e+00
      0.798      0.017     6.6771    100.769     37.233  31.938967     2.3294     15.722   170.9459 5.6959e+01    12.7275      0.781      1.133    17.8486   998.6456 0.0000e+00
      0.806      0.020     6.6833    100.806     37.238  31.944620     2.3304     15.722   171.0210 5.6484e+01    12.7785      0.791      1.148    17.8573   998.6441 0.0000e+00
      0.813      0.026     6.6846    100.797     37.235  31.938730     2.3449     15.723   171.0409 5.6128e+01    12.8489      0.798      1.158    17.8691   998.6419 0.0000e+00
      0.816      0.033     6.6850    100.765     37.235  31.931180     2.3518     15.723   171.1855 5.5553e+01    12.8576      0.800      1.160    17.8809   998.6398 0.0000e+00
      0.821      0.040     6.6913    100.740     37.229  31.916770     2.3475     15.723   171.3069 5.4017e+01    13.0208      0.802      1.163    17.8897   998.6382 0.0000e+00
      0.832      0.045     6.6931    100.741     37.211  31.891382     2.3505     15.724   171.0461 5.1802e+01    13.4489      0.815      1.182    17.8907   998.6380 0.0000e+00
      0.848      0.051     6.6928    100.742     37.206  31.877994     2.3585     15.725   170.7858 4.9676e+01    13.7421      0.831      1.206    17.8845   998.6392 0.0000e+00
      0.866      0.059     6.6916    100.717     37.222  31.881770     2.3586     15.725   171.0845 4.7749e+01    13.7851      0.849      1.231    17.8746   998.6411 0.0000e+00
      0.882      0.066     6.6905    100.684     37.228  31.873583     2.3525     15.726   171.6470 4.6263e+01    13.9339      0.867      1.257    17.8614   998.6437 0.0000e+00
      0.896      0.069     6.6935    100.667     37.211  31.842429     2.3411     15.727   171.6497 4.5028e+01    14.2369      0.878      1.275    17.8474   998.6463 0.0000e+00
      0.911      0.067     6.6965    100.679     37.205  31.822300     2.3359     15.727   171.2036 4.3223e+01    14.4273      0.891      1.291    17.8365   998.6482 0.0000e+00
      0.934      0.062     6.6953    100.715     37.213  31.820523     2.3463     15.727   171.0710 4.0915e+01    14.4851      0.915      1.326    17.8239   998.6507 0.0000e+00
      0.959      0.057     6.6954    100.750     37.216  31.820929     2.3329     15.726   171.5091 3.9244e+01    14.3179      0.945      1.371    17.8054   998.6543 0.0000e+00
      0.972      0.051     6.6972    100.780     37.221  31.827206     2.2892     15.726   172.0269 3.8669e+01    13.9507      0.957      1.389    17.7809   998.6587 0.0000e+00
      0.976      0.042     6.7010    100.832     37.225  31.832971     2.2660     15.727   171.9970 3.8307e+01    13.7523      0.955      1.386    17.7573   998.6630 0.0000e+00
      0.981      0.031     6.7062    100.917     37.215  31.827192     2.2712     15.727   171.6644 3.7482e+01    13.7391      0.959      1.391    17.7464   998.6651 0.0000e+00
      0.992      0.023     6.7083    100.997     37.202  31.820790     2.2849     15.726   171.6181 3.6544e+01    13.6883      0.973      1.411    17.7466   998.6651 0.0000e+00
      1.002      0.021     6.7094    101.054     37.200  31.819011     2.2892     15.726   171.7824 3.6278e+01    13.5503      0.987      1.432    17.7494   998.6646 0.0000e+00
      1.004      0.023     6.7111    101.068     37.194  31.805691     2.2747     15.727   171.8444 3.6595e+01    13.4785      0.986      1.430    17.7526   998.6640 0.0000e+00
      1.001      0.025     6.7189    101.027     37.187  31.786612     2.2629     15.728   171.8499 3.6552e+01    13.5064      0.978      1.418    17.7561   998.6633 0.0000e+00
      1.004      0.026     6.7223    100.978     37.191  31.778642     2.2710     15.728   171.8496 3.5833e+01    13.7159      0.981      1.423    17.7648   998.6617 0.0000e+00
      1.016      0.028     6.7260    100.928     37.191  31.772760     2.2867     15.728   171.7544 3.4903e+01    14.1580      0.996      1.445    17.7691   998.6610 0.0000e+00
      1.029      0.031     6.7305    100.877     37.201  31.778932     2.2807     15.728   171.7311 3.4188e+01    14.4223      1.011      1.466    17.7547   998.6637 0.0000e+00
      1.039      0.033     6.7275    100.849     37.215  31.789822     2.2649     15.728   171.7406 3.3630e+01    14.4056      1.020      1.480    17.7336   998.6676 0.0000e+00
      1.046      0.033     6.7278    100.856     37.202  31.777538     2.2681     15.729   171.5255 3.3015e+01    14.4019      1.026      1.488    17.7171   998.6706 0.0000e+00
      1.051      0.032     6.7253    100.869     37.181  31.757295     2.2903     15.729   171.3672 3.2367e+01    14.5147      1.030      1.494    17.7092   998.6722 0.0000e+00
      1.057      0.033     6.7217    100.846     37.158  31.735397     2.3237     15.729   171.5472 3.1742e+01    14.6368      1.036      1.503    17.7072   998.6725 0.0000e+00
      1.065      0.035     6.7192    100.790     37.122  31.703108     2.3385     15.729   171.8961 3.1229e+01    14.6770      1.045      1.517    17.7068   998.6726 0.0000e+00
      1.075      0.039     6.7204    100.699     37.101  31.684123     2.3360     15.730   172.1440 3.0742e+01    14.6570      1.054      1.528    17.7057   998.6729 0.0000e+00
      1.087      0.040     6.7240    100.627     37.119  31.696176     2.3403     15.730   172.1351 3.0183e+01    14.6015      1.066      1.546    17.7023   998.6736 0.0000e+00
      1.099      0.039     6.7212    100.621     37.155  31.721948     2.3433     15.730   172.0463 2.9682e+01    14.5205      1.079      1.565    17.6985   998.6743 0.0000e+00
      1.111      0.038     6.7195    100.631     37.184  31.741944     2.3431     15.730   172.1027 2.9271e+01    14.4335      1.090      1.581    17.6963   998.6747 0.0000e+00
      1.121      0.036     6.7113    100.632     37.196  31.747607     2.3385     15.729   172.0426 2.8998e+01    14.3730      1.101      1.597    17.6968   998.6747 0.0000e+00
      1.128      0.035     6.7048    100.646     37.177  31.726957     2.3163     15.729   171.8363 2.8845e+01    14.2018      1.106      1.604    17.6915   998.6756 0.0000e+00
      1.133      0.035     6.7085    100.681     37.135  31.682600     2.2928     15.729   171.8452 2.8512e+01    13.9088      1.109      1.608    17.6847   998.6769 0.0000e+00
      1.142      0.035     6.7101    100.706     37.119  31.655395     2.2842     15.729   171.8922 2.7842e+01    13.7473      1.119      1.622    17.6781   998.6782 0.0000e+00
      1.154      0.036     6.7103    100.669     37.133  31.651788     2.2687     15.730   171.8018 2.7149e+01    13.7260      1.133      1.642    17.6705   998.6796 0.0000e+00
      1.164      0.039     6.7117    100.597     37.134  31.638967     2.2496     15.731   171.6997 2.6583e+01    13.7204      1.143      1.657    17.6674   998.6802 0.0000e+00
      1.173      0.041     6.7156    100.559     37.132  31.627257     2.2530     15.731   171.6897 2.6014e+01    13.7471      1.150      1.668    17.6564   998.6822 0.0000e+00
      1.183      0.041     6.7227    100.569     37.153  31.637081     2.2623     15.732   171.6799 2.5429e+01    13.8082      1.159      1.681    17.6366   998.6858 0.0000e+00
      1.193      0.041     6.7224    100.599     37.156  31.630851     2.2670     15.733   171.4959 2.4766e+01    13.8074      1.169      1.696    17.6150   998.6898 0.0000e+00
      1.206      0.041     6.7173    100.577     37.150  31.615355     2.3194     15.733   171.3578 2.4173e+01    13.8413      1.183      1.715    17.5939   998.6937 0.0000e+00
      1.217      0.043     6.7175    100.519     37.189  31.640037     2.4179     15.733   171.3863 2.3840e+01    14.0453      1.195      1.733    17.5824   998.6958 0.0000e+00
      1.227      0.048     6.7185    100.476     37.164  31.612046     2.4762     15.733   171.5825 2.3648e+01    14.2489      1.203      1.745    17.5737   998.6973 0.0000e+00
      1.235      0.052     6.7263    100.410     37.031  31.467247     2.4810     15.735   171.8380 2.3398e+01    14.3114      1.210      1.755    17.5601   998.6999 0.0000e+00
      1.247      0.055     6.7258    100.257     36.986  31.348486     2.4665     15.738   171.8073 2.2900e+01    14.2863      1.221      1.770    17.5445   998.7027 0.0000e+00
      1.265      0.056     6.7208     99.942     37.069  31.318013     2.4057     15.742   171.5554 2.2150e+01    14.1848      1.239      1.797    17.5317   998.7051 0.0000e+00
      1.286      0.054     6.7202     99.472     37.120  31.289001     2.3177     15.746   171.4608 2.1420e+01    14.0812      1.262      1.831    17.5358   998.7045 0.0000e+00
      1.304      0.050     6.7186     98.899     37.127  31.251395     2.2801     15.748   171.6092 2.0979e+01    14.0640      1.282      1.860    17.5174   998.7078 0.0000e+00
      1.314      0.044     6.7296     98.208     37.162  31.243935     2.2851     15.749   171.7152 2.0777e+01    14.0452      1.291      1.872    17.3879   998.7310 0.0000e+00
      1.319      0.037     6.7325     97.401     37.219  31.262193     2.2922     15.750   171.6235 2.0549e+01    14.0936      1.292      1.875    17.2134   998.7619 0.0000e+00
      1.326      0.029     6.7099     96.581     37.257  31.281785     2.2895     15.751   171.4478 2.0234e+01    14.2716      1.300      1.885    17.1272   998.7771 0.0000e+00
      1.334      0.024     6.6785     95.842     37.265  31.290473     2.2801     15.751   171.3968 1.9921e+01    14.4124      1.309      1.898    17.0869   998.7842 0.0000e+00
      1.341      0.023     6.6405     95.240     37.276  31.303794     2.2841     15.751   171.3513 1.9731e+01    14.4560      1.316      1.909    17.0308   998.7940 0.0000e+00
      1.345      0.024     6.5887     94.804     37.291  31.315972     2.3091     15.750   171.2416 1.9732e+01    14.3872      1.321      1.916    16.9830   998.8024 0.0000e+00
      1.347      0.026     6.5329     94.503     37.292  31.310830     2.3354     15.750   171.2743 1.9692e+01    14.2330      1.320      1.915    16.9679   998.8050 0.0000e+00
      1.352      0.027     6.4807     94.329     37.300  31.305046     2.3446     15.750   171.2304 1.9376e+01    14.1711      1.322      1.919    16.9803   998.8028 0.0000e+00
      1.363      0.030     6.4373     94.322     37.317  31.309461     2.3532     15.751   171.2279 1.8968e+01    14.1882      1.336      1.938    16.9882   998.8015 0.0000e+00
      1.374      0.033     6.4093     94.413     37.301  31.300758     2.3919     15.751   171.4157 1.8732e+01    14.0276      1.350      1.958    16.9859   998.8020 0.0000e+00
      1.383      0.034     6.3912     94.526     37.232  31.263276     2.4404     15.750   171.4369 1.8624e+01    13.7050      1.357      1.968    16.9816   998.8028 0.0000e+00
      1.390      0.034     6.3784     94.668     37.177  31.236960     2.4529     15.748   171.3984 1.8447e+01    13.5159      1.363      1.976    16.9602   998.8065 0.0000e+00
      1.399      0.031     6.3844     94.794     37.171  31.236372     2.4578     15.748   171.4650 1.8150e+01    13.4577      1.371      1.988    16.9361   998.8108 0.0000e+00
      1.408      0.027     6.3926     94.850     37.211  31.256175     2.4511     15.749   171.4684 1.7866e+01    13.0706      1.382      2.004    16.9449   998.8093 0.0000e+00
      1.416      0.025     6.3927     94.856     37.271  31.286045     2.4005     15.750   171.4395 1.7635e+01    12.3369      1.389      2.014    16.9792   998.8033 0.0000e+00
      1.421      0.024     6.4000     94.838     37.284  31.280279     2.3516     15.751   171.5455 1.7411e+01    11.8992      1.394      2.021    17.0164   998.7969 0.0000e+00
      1.425      0.022     6.4089     94.764     37.262  31.249883     2.3366     15.752   171.7176 1.7187e+01    11.8295      1.398      2.028    17.0254   998.7954 0.0000e+00
      1.429      0.020     6.4159     94.641     37.261  31.235740     2.3331     15.753   171.8855 1.6936e+01    11.8377      1.401      2.033    16.9953   998.8006 0.0000e+00
      1.434      0.019     6.4187     94.489     37.284  31.236150     2.2909     15.753   172.1134 1.6656e+01    11.8614      1.406      2.040    16.9626   998.8063 0.0000e+00
