Data/DataNotYetUploadedToEDI/Raw_CTD/RawDownloads/100420_fcr50.cnv
* Sea-Bird SBE19plus  Data File:
* FileName = C:\DATA\100420_fcr50_0001.hex
* Software version 2.8.0.119
* Temperature SN = 7809
* Conductivity SN = 7809
* System UpLoad Time = Oct 05 2020 07:49:38
* <ApplicationData>
* <Seaterm232>
# nquan = 16
# nvalues = 2324                        
# units = specified
# name 0 = depFM: Depth [fresh water, m]
# name 1 = dz/dtM: Descent Rate [m/s]
# name 2 = sbeox0ML/L: Oxygen, SBE 43 [ml/l]
# name 3 = sbeox0PS: Oxygen, SBE 43 [% saturation]
# name 4 = specc: Specific Conductance [uS/cm]
# name 5 = c0uS/cm: Conductivity [uS/cm]
# name 6 = flECO-AFL: Fluorescence, WET Labs ECO-AFL/FL [mg/m^3]
# name 7 = ph: pH
# name 8 = orp: Oxidation Reduction Potential [mV]
# name 9 = par/sat/log: PAR/Logarithmic, Satlantic
# name 10 = turbWETntu0: Turbidity, WET Labs ECO [NTU]
# name 11 = prdM: Pressure, Strain Gauge [db]
# name 12 = prdE: Pressure, Strain Gauge [psi]
# name 13 = tv290C: Temperature [ITS-90, deg C]
# name 14 = density00: Density [density, kg/m^3]
# name 15 = flag:  0.000e+00
# span 0 =     -0.611,      9.376       
# span 1 =     -0.420,      0.320       
# span 2 =    -0.0230,     7.2073       
# span 3 =     -0.266,    106.237       
# span 4 =      3.302,     85.583       
# span 5 =   2.706030,  68.440308       
# span 6 =    -1.0215,     2.8803       
# span 7 =     15.599,     16.088       
# span 8 =    17.0530,  1235.9516       
# span 9 = 1.2349e-01, 1.0522e+03       
# span 10 =    -0.5428,    25.8984      
# span 11 =     -0.601,      9.195      
# span 12 =     -0.872,     13.336      
# span 13 =    12.2882,    20.7843      
# span 14 =   998.0453,   999.5322      
# span 15 = 0.0000e+00, 0.0000e+00      
# interval = seconds: 0.25
# start_time = Oct 04 2020 00:07:59 [Instrument's time stamp, header]
# bad_flag = -9.990e-29
*END*
[from data line 1447]
      6.078      0.016     1.4056     18.793     58.932  43.980957    -0.4642     15.862    83.6176 1.2365e-01    19.2608      5.959      8.643    12.3103   999.5147 0.0000e+00
      6.083      0.016     1.4045     18.807     58.917  43.969413    -0.4634     15.862    83.4727 1.2362e-01    19.2818      5.965      8.651    12.3120   999.5146 0.0000e+00
      6.088      0.017     1.4078     18.826     58.916  43.968458    -0.4609     15.862    83.7579 1.2365e-01    19.2524      5.971      8.660    12.3131   999.5144 0.0000e+00
      6.092      0.019     1.4072     18.823     58.917  43.969402    -0.4533     15.861    84.2263 1.2366e-01    19.2148      5.975      8.665    12.3123   999.5145 0.0000e+00
      6.094      0.022     1.4064     18.809     58.933  43.980832    -0.4475     15.861    84.6613 1.2366e-01    19.2044      5.976      8.667    12.3110   999.5147 0.0000e+00
      6.097      0.024     1.4076     18.807     58.936  43.979687    -0.4477     15.862    84.8021 1.2370e-01    19.1614      5.978      8.671    12.3114   999.5147 0.0000e+00
      6.105      0.026     1.4105     18.822     58.908  43.955553    -0.4458     15.862    84.7239 1.2369e-01    19.1065      5.985      8.680    12.3121   999.5146 0.0000e+00
      6.115      0.028     1.4096     18.852     58.894  43.942960    -0.4430     15.862    84.7484 1.2362e-01    19.0562      5.997      8.696    12.3122   999.5147 0.0000e+00
      6.126      0.028     1.4074     18.848     58.911  43.954398    -0.4530     15.862    84.8408 1.2360e-01    18.9995      6.008      8.714    12.3119   999.5148 0.0000e+00
      6.133      0.026     1.4083     18.818     58.928  43.966878    -0.4712     15.862    85.1523 1.2362e-01    19.0036      6.015      8.724    12.3089   999.5152 0.0000e+00
      6.138      0.023     1.4077     18.833     58.928  43.966877    -0.4725     15.862    85.7609 1.2361e-01    19.0376      6.020      8.730    12.3052   999.5156 0.0000e+00
      6.143      0.019     1.4133     18.876     58.911  43.954389    -0.4590     15.862    86.0915 1.2362e-01    19.0675      6.025      8.738    12.3037   999.5158 0.0000e+00
      6.146      0.017     1.4132     18.890     58.896  43.942855    -0.4505     15.863    85.9659 1.2364e-01    19.0910      6.028      8.742    12.3026   999.5160 0.0000e+00
      6.149      0.015     1.4065     18.866     58.913  43.954389    -0.4559     15.863    85.7908 1.2366e-01    19.0465      6.029      8.744    12.3020   999.5161 0.0000e+00
      6.153      0.015     1.4095     18.830     58.930  43.966876    -0.4667     15.863    86.2968 1.2366e-01    18.9762      6.034      8.752    12.3031   999.5159 0.0000e+00
      6.158      0.015     1.4149     18.813     58.930  43.966867    -0.4672     15.862    87.3521 1.2365e-01    18.9615      6.040      8.761    12.3035   999.5159 0.0000e+00
      6.162      0.015     1.4156     18.822     58.914  43.954274    -0.4621     15.862    87.7098 1.2368e-01    18.9725      6.043      8.764    12.3024   999.5160 0.0000e+00
      6.165      0.015     1.4132     18.824     58.897  43.941585    -0.4629     15.863    87.4388 1.2373e-01    18.9715      6.046      8.769    12.3017   999.5162 0.0000e+00
      6.168      0.015     1.4095     18.813     58.893  43.940423    -0.4674     15.864    87.4306 1.2374e-01    18.9834      6.048      8.772    12.3015   999.5162 0.0000e+00
      6.171      0.015     1.4075     18.808     58.889  43.940224    -0.4682     15.863    87.9555 1.2367e-01    19.0139      6.052      8.777    12.3012   999.5163 0.0000e+00
      6.176      0.016     1.4100     18.823     58.884  43.939184    -0.4623     15.862    88.7945 1.2360e-01    19.0313      6.057      8.784    12.3006   999.5163 0.0000e+00
      6.181      0.018     1.4103     18.869     58.865  43.927849    -0.4443     15.862    89.3151 1.2362e-01    19.0562      6.062      8.792    12.3007   999.5163 0.0000e+00
      6.185      0.021     1.4083     18.890     58.860  43.930147    -0.4133     15.862    89.3458 1.2369e-01    19.1429      6.066      8.799    12.3020   999.5162 0.0000e+00
      6.189      0.023     1.4085     18.855     58.904  43.966969    -0.3916     15.862    89.3374 1.2371e-01    19.2211      6.068      8.801    12.3051   999.5158 0.0000e+00
      6.195      0.024     1.4076     18.842     58.936  43.992164    -0.3921     15.861    89.6436 1.2361e-01    19.2127      6.073      8.810    12.3069   999.5156 0.0000e+00
      6.204      0.024     1.4133     18.847     58.920  43.980830    -0.3907     15.861    90.0369 1.2353e-01    19.2124      6.084      8.826    12.3084   999.5156 0.0000e+00
      6.213      0.024     1.4177     18.833     58.887  43.956903    -0.3937     15.861    90.2205 1.2355e-01    19.3205      6.094      8.838    12.3150   999.5148 0.0000e+00
      6.219      0.023     1.4089     18.838     58.891  43.956809    -0.4291     15.861    90.2296 1.2359e-01    19.4560      6.100      8.847    12.3190   999.5143 0.0000e+00
      6.222      0.021     1.4099     18.852     58.929  43.979687    -0.4646     15.861    90.0601 1.2367e-01    19.5115      6.102      8.850    12.3179   999.5145 0.0000e+00
      6.225      0.019     1.4127     18.847     58.934  43.979575    -0.4702     15.861    89.9780 1.2372e-01    19.5116      6.105      8.854    12.3197   999.5143 0.0000e+00
      6.230      0.017     1.4076     18.834     58.905  43.955440    -0.4683     15.861    90.1833 1.2370e-01    19.4911      6.110      8.861    12.3214   999.5141 0.0000e+00
      6.235      0.017     1.4103     18.823     58.889  43.941816    -0.4616     15.861    90.3913 1.2370e-01    19.4347      6.114      8.869    12.3179   999.5145 0.0000e+00
      6.240      0.017     1.4121     18.815     58.890  43.941817    -0.4460     15.862    90.6006 1.2371e-01    19.3451      6.120      8.876    12.3127   999.5152 0.0000e+00
      6.244      0.016     1.4114     18.822     58.906  43.955450    -0.4411     15.862    90.4769 1.2371e-01    19.3011      6.124      8.882    12.3094   999.5156 0.0000e+00
      6.248      0.015     1.4097     18.827     58.933  43.979689    -0.4496     15.862    89.9280 1.2368e-01    19.3143      6.127      8.886    12.3072   999.5159 0.0000e+00
      6.251      0.014     1.4098     18.810     58.930  43.980947    -0.4256     15.862    89.9008 1.2361e-01    19.6076      6.130      8.891    12.3058   999.5161 0.0000e+00
      6.255      0.014     1.4081     18.814     58.914  43.970662    -0.3616     15.862    90.4922 1.2357e-01    20.2033      6.134      8.897    12.3050   999.5162 0.0000e+00
      6.259      0.014     1.4090     18.847     58.929  43.982308    -0.3233     15.862    91.0565 1.2363e-01    20.5085      6.138      8.902    12.3059   999.5161 0.0000e+00
      6.262      0.014     1.4116     18.889     58.948  43.994798    -0.3153     15.862    90.9581 1.2368e-01    20.4833      6.141      8.906    12.3096   999.5157 0.0000e+00
      6.266      0.014     1.4065     18.921     58.952  43.994695    -0.3317     15.862    90.3348 1.2367e-01    20.2412      6.145      8.912    12.3140   999.5152 0.0000e+00
      6.270      0.014     1.4079     18.922     58.937  43.981063    -0.3696     15.862    90.1458 1.2367e-01    19.7785      6.149      8.918    12.3157   999.5150 0.0000e+00
      6.274      0.014     1.4107     18.904     58.908  43.956938    -0.3820     15.862    90.4798 1.2371e-01    19.5240      6.152      8.923    12.3151   999.5151 0.0000e+00
      6.277      0.014     1.4140     18.879     58.910  43.956939    -0.3765     15.862    90.8450 1.2370e-01    19.4985      6.155      8.927    12.3136   999.5153 0.0000e+00
      6.280      0.014     1.4181     18.863     58.943  43.981074    -0.3985     15.861    90.9483 1.2368e-01    19.3685      6.158      8.932    12.3113   999.5156 0.0000e+00
      6.283      0.014     1.4168     18.868     58.962  43.994810    -0.4395     15.861    90.8685 1.2372e-01    19.1535      6.162      8.937    12.3089   999.5159 0.0000e+00
      6.287      0.014     1.4160     18.874     58.963  43.996057    -0.4612     15.862    90.9128 1.2373e-01    19.0606      6.165      8.942    12.3068   999.5161 0.0000e+00
      6.291      0.014     1.4133     18.865     58.962  43.996152    -0.4611     15.862    91.1389 1.2369e-01    19.0699      6.169      8.947    12.3055   999.5163 0.0000e+00
      6.294      0.014     1.4115     18.860     58.960  43.995953    -0.4567     15.862    91.4509 1.2364e-01    19.1632      6.173      8.953    12.3048   999.5164 0.0000e+00
      6.298      0.014     1.4129     18.886     58.957  43.993655    -0.4564     15.862    91.7597 1.2359e-01    19.3642      6.176      8.958    12.3044   999.5165 0.0000e+00
      6.302      0.015     1.4140     18.919     58.923  43.968366    -0.4574     15.863    91.9472 1.2359e-01    19.4751      6.180      8.963    12.3049   999.5164 0.0000e+00
      6.305      0.016     1.4125     18.918     58.893  43.944126    -0.4585     15.863    91.9986 1.2369e-01    19.4746      6.183      8.968    12.3063   999.5163 0.0000e+00
      6.309      0.016     1.4109     18.900     58.911  43.954506    -0.4605     15.862    92.1231 1.2367e-01    19.4949      6.187      8.974    12.3074   999.5161 0.0000e+00
      6.313      0.016     1.4135     18.899     58.931  43.966897    -0.4627     15.861    92.4189 1.2361e-01    19.5484      6.190      8.978    12.3076   999.5161 0.0000e+00
      6.318      0.016     1.4183     18.894     58.934  43.966972    -0.4563     15.861    92.8220 1.2362e-01    19.6411      6.195      8.985    12.3071   999.5162 0.0000e+00
      6.323      0.016     1.4171     18.882     58.919  43.955420    -0.4501     15.862    93.2118 1.2360e-01    19.7234      6.202      8.995    12.3055   999.5164 0.0000e+00
      6.327      0.016     1.4141     18.872     58.917  43.954180    -0.4541     15.862    93.4326 1.2358e-01    19.7536      6.205      8.999    12.3028   999.5168 0.0000e+00
      6.330      0.015     1.4155     18.851     58.914  43.951987    -0.4287     15.862    93.4267 1.2360e-01    19.7657      6.207      9.003    12.3004   999.5171 0.0000e+00
      6.334      0.015     1.4156     18.839     58.882  43.928900    -0.3821     15.862    93.3985 1.2361e-01    19.7664      6.211      9.008    12.2991   999.5173 0.0000e+00
      6.338      0.016     1.4133     18.842     58.881  43.928976    -0.3668     15.863    93.7791 1.2363e-01    19.7628      6.216      9.014    12.2984   999.5173 0.0000e+00
      6.341      0.017     1.4142     18.832     58.914  43.952910    -0.3776     15.863    94.4156 1.2367e-01    19.7899      6.218      9.019    12.2985   999.5173 0.0000e+00
      6.346      0.018     1.4115     18.836     58.929  43.964349    -0.4074     15.863    94.8126 1.2366e-01    19.9910      6.222      9.024    12.2992   999.5173 0.0000e+00
      6.351      0.021     1.4092     18.841     58.897  43.940309    -0.4412     15.862    94.9659 1.2363e-01    20.3754      6.228      9.033    12.2999   999.5172 0.0000e+00
      6.356      0.024     1.4130     18.821     58.866  43.916184    -0.4517     15.862    94.9780 1.2357e-01    20.5914      6.234      9.042    12.3001   999.5172 0.0000e+00
      6.361      0.026     1.4090     18.809     58.882  43.926592    -0.4495     15.862    95.0459 1.2354e-01    20.5775      6.238      9.048    12.2996   999.5173 0.0000e+00
      6.368      0.026     1.4102     18.807     58.899  43.939184    -0.4519     15.863    95.3565 1.2362e-01    20.5855      6.243      9.055    12.2995   999.5174 0.0000e+00
      6.378      0.025     1.4128     18.821     58.900  43.941464    -0.4616     15.863    95.6364 1.2368e-01    20.6531      6.256      9.073    12.2999   999.5173 0.0000e+00
      6.387      0.022     1.4082     18.841     58.912  43.954159    -0.4621     15.862    95.6774 1.2366e-01    20.7090      6.266      9.088    12.2991   999.5174 0.0000e+00
      6.392      0.019     1.4091     18.841     58.920  43.965711    -0.4488     15.862    95.6798 1.2366e-01    20.6779      6.268      9.091    12.2974   999.5177 0.0000e+00
      6.394      0.015     1.4080     18.852     58.897  43.954168    -0.4431     15.862    95.8365 1.2368e-01    20.2427      6.271      9.095    12.2968   999.5178 0.0000e+00
      6.396      0.012     1.4086     18.875     58.871  43.941576    -0.4510     15.862    96.0231 1.2372e-01    19.4641      6.273      9.098    12.2985   999.5176 0.0000e+00
      6.398      0.011     1.4129     18.866     58.863  43.940440    -0.4595     15.862    96.1297 1.2371e-01    19.0569      6.274      9.100    12.3015   999.5173 0.0000e+00
      6.401      0.013     1.4098     18.835     58.863  43.940439    -0.4590     15.862    96.3504 1.2366e-01    19.0614      6.276      9.103    12.3068   999.5167 0.0000e+00
      6.404      0.016     1.4106     18.800     58.872  43.941567    -0.4555     15.862    96.6266 1.2367e-01    19.0724      6.280      9.109    12.3107   999.5162 0.0000e+00
      6.408      0.019     1.4147     18.777     58.898  43.954066    -0.4544     15.861    96.7162 1.2372e-01    19.2926      6.284      9.114    12.3164   999.5156 0.0000e+00
      6.412      0.022     1.4122     18.790     58.922  43.964578    -0.4553     15.861    96.7467 1.2368e-01    19.7322      6.286      9.118    12.3243   999.5146 0.0000e+00
      6.420      0.026     1.4100     18.820     58.898  43.941692    -0.4659     15.862    96.9083 1.2362e-01    19.9257      6.295      9.131    12.3222   999.5148 0.0000e+00
      6.429      0.031     1.4073     18.833     58.889  43.931294    -0.4687     15.862    97.1222 1.2363e-01    19.9145      6.307      9.146    12.3166   999.5156 0.0000e+00
      6.435      0.035     1.4044     18.836     58.939  43.965829    -0.4599     15.862    97.2676 1.2366e-01    19.9404      6.309      9.151    12.3108   999.5163 0.0000e+00
      6.442      0.037     1.4062     18.841     58.958  43.978327    -0.4552     15.862    97.5477 1.2367e-01    19.9635      6.313      9.158    12.3038   999.5172 0.0000e+00
      6.454      0.038     1.4105     18.850     58.928  43.955432    -0.4596     15.862    97.9273 1.2365e-01    19.9538      6.328      9.178    12.3000   999.5177 0.0000e+00
      6.468      0.037     1.4106     18.877     58.913  43.942943    -0.4741     15.862    98.0713 1.2363e-01    19.9268      6.345      9.202    12.2971   999.5181 0.0000e+00
      6.479      0.035     1.4103     18.905     58.929  43.954297    -0.4695     15.863    98.0852 1.2368e-01    19.8086      6.354      9.216    12.2948   999.5184 0.0000e+00
      6.486      0.031     1.4117     18.901     58.944  43.965737    -0.4519     15.863    98.0947 1.2373e-01    19.5886      6.360      9.224    12.2935   999.5186 0.0000e+00
      6.493      0.026     1.4110     18.895     58.929  43.954297    -0.4512     15.863    98.2723 1.2372e-01    19.4646      6.368      9.237    12.2925   999.5188 0.0000e+00
      6.498      0.023     1.4134     18.916     58.914  43.942952    -0.4612     15.863    98.6833 1.2367e-01    19.4762      6.373      9.244    12.2919   999.5189 0.0000e+00
      6.501      0.023     1.4179     18.940     58.931  43.955535    -0.4677     15.863    98.8486 1.2370e-01    19.5231      6.375      9.246    12.2917   999.5189 0.0000e+00
      6.505      0.025     1.4155     18.944     58.963  43.979463    -0.4641     15.863    98.8084 1.2375e-01    19.5504      6.379      9.251    12.2916   999.5189 0.0000e+00
      6.510      0.028     1.4141     18.947     58.962  43.978318    -0.4550     15.863    98.9720 1.2372e-01    19.5318      6.383      9.259    12.2913   999.5190 0.0000e+00
      6.518      0.031     1.4167     18.950     58.913  43.941694    -0.4433     15.862    99.2776 1.2364e-01    19.5389      6.390      9.270    12.2912   999.5190 0.0000e+00
