Data/DataNotYetUploadedToEDI/Raw_CTD/RawDownloads/100419_bvr50.cnv
* Sea-Bird SBE19plus  Data File:
* FileName = C:\DATA\100719_bvr50_0001.hex
* Software version 2.8.0.119 SB_Terminal.dll
* Temperature SN = 7809
* Conductivity SN = 7809
* System UpLoad Time = Oct 07 2019 15:42:03
* <ApplicationData>
* <Seaterm232>
# nquan = 16
# nvalues = 1219                        
# units = specified
# name 0 = depFM: Depth [fresh water, m]
# name 1 = dz/dtM: Descent Rate [m/s]
# name 2 = sbeox0ML/L: Oxygen, SBE 43 [ml/l]
# name 3 = sbeox0PS: Oxygen, SBE 43 [% saturation]
# name 4 = specc: Specific Conductance [uS/cm]
# name 5 = c0uS/cm: Conductivity [uS/cm]
# name 6 = flECO-AFL: Fluorescence, WET Labs ECO-AFL/FL [mg/m^3]
# name 7 = ph: pH
# name 8 = orp: Oxidation Reduction Potential [mV]
# name 9 = par/sat/log: PAR/Logarithmic, Satlantic
# name 10 = turbWETntu0: Turbidity, WET Labs ECO [NTU]
# name 11 = prdM: Pressure, Strain Gauge [db]
# name 12 = prdE: Pressure, Strain Gauge [psi]
# name 13 = tv290C: Temperature [ITS-90, deg C]
# name 14 = density00: Density [density, kg/m^3]
# name 15 = flag:  0.000e+00
# span 0 =     -0.650,     10.077       
# span 1 =     -0.020,      0.217       
# span 2 =     0.0369,     6.4604       
# span 3 =      0.470,    112.126       
# span 4 =      0.666,    231.146       
# span 5 =   0.771117, 158.628031       
# span 6 =    -0.9182,    24.1498       
# span 7 =      6.359,      9.027       
# span 8 =  -137.6158,  1240.2295       
# span 9 = 1.2324e-01, 2.0758e+03       
# span 10 =    -5.1974,     9.7841      
# span 11 =     -0.640,      9.883      
# span 12 =     -0.927,     14.334      
# span 13 =     9.2717,    32.9518      
# span 14 =   994.7281,   999.8971      
# span 15 = 0.0000e+00, 0.0000e+00      
# interval = seconds: 0.25
# start_time = Oct 04 2019 13:47:17 [Instrument's time stamp, header]
# bad_flag = -9.990e-29
*END*
[from data line 724]
      5.126      0.025     0.0544      0.823     57.415  47.055566     2.6180      6.636   141.8609 8.1335e+00     3.4554      5.027      7.291    16.1155   998.9713 0.0000e+00
      5.131      0.031     0.0552      0.844     58.039  47.471770     2.6243      6.634   140.9540 8.0825e+00     3.4790      5.031      7.297    16.1280   998.9695 0.0000e+00
      5.139      0.037     0.0545      0.872     58.249  47.566732     2.6240      6.631   139.9158 7.9972e+00     3.4848      5.037      7.306    16.1307   998.9693 0.0000e+00
      5.151      0.042     0.0547      0.880     58.309  47.568564     2.6228      6.629   138.8578 7.8689e+00     3.4590      5.050      7.324    16.0661   998.9803 0.0000e+00
      5.166      0.046     0.0574      0.850     58.559  47.747908     2.6273      6.626   137.8847 7.7593e+00     3.4302      5.068      7.350    15.9744   998.9957 0.0000e+00
      5.180      0.048     0.0576      0.807     59.001  48.083892     2.6615      6.621   136.7542 7.7040e+00     3.4321      5.082      7.370    15.8869   999.0101 0.0000e+00
      5.190      0.049     0.0611      0.782     59.345  48.328377     2.7155      6.618   135.5140 7.6557e+00     3.4481      5.089      7.380    15.8165   999.0215 0.0000e+00
      5.201      0.048     0.0624      0.780     59.502  48.417543     2.7424      6.616   134.4180 7.5676e+00     3.4604      5.099      7.396    15.7784   999.0276 0.0000e+00
      5.215      0.045     0.0591      0.771     59.513  48.399809     2.7356      6.613   133.4837 7.4706e+00     3.4499      5.115      7.419    15.7653   999.0298 0.0000e+00
      5.228      0.041     0.0557      0.754     59.488  48.367972     2.6941      6.610   132.4770 7.4011e+00     3.4842      5.127      7.438    15.7498   999.0326 0.0000e+00
      5.239      0.039     0.0532      0.746     59.549  48.413667     2.6395      6.608   130.8503 7.3468e+00     3.5800      5.139      7.453    15.7153   999.0383 0.0000e+00
      5.249      0.036     0.0549      0.738     59.751  48.571223     2.6210      6.607   128.7005 7.2977e+00     3.6583      5.149      7.467    15.6783   999.0443 0.0000e+00
      5.255      0.034     0.0540      0.735     60.061  48.812196     2.6265      6.605   126.8754 7.2724e+00     3.7097      5.154      7.475    15.6530   999.0483 0.0000e+00
      5.260      0.034     0.0517      0.745     60.272  48.977289     2.6281      6.602   125.3883 7.2482e+00     3.7106      5.157      7.480    15.6487   999.0489 0.0000e+00
      5.268      0.035     0.0522      0.742     60.171  48.916013     2.6404      6.599   123.9701 7.1774e+00     3.7016      5.165      7.491    15.6473   999.0492 0.0000e+00
      5.279      0.036     0.0514      0.726     59.779  48.642952     2.6630      6.595   122.7199 7.0839e+00     3.7646      5.177      7.509    15.6428   999.0501 0.0000e+00
      5.291      0.038     0.0503      0.727     59.510  48.470316     2.6753      6.591   121.7157 7.0051e+00     3.8495      5.188      7.526    15.6330   999.0517 0.0000e+00
      5.301      0.041     0.0526      0.729     59.725  48.670587     2.6848      6.588   120.8623 6.9423e+00     3.8770      5.198      7.540    15.6155   999.0547 0.0000e+00
      5.310      0.043     0.0524      0.726     60.177  49.032061     2.6753      6.585   119.7152 6.8878e+00     3.8996      5.208      7.553    15.6340   999.0519 0.0000e+00
      5.319      0.044     0.0494      0.738     60.528  49.284164     2.6383      6.582   118.3432 6.8164e+00     3.9918      5.216      7.564    15.6837   999.0438 0.0000e+00
      5.330      0.045     0.0506      0.738     60.765  49.432220     2.6181      6.579   117.1791 6.7101e+00     4.1068      5.226      7.579    15.7272   999.0367 0.0000e+00
      5.344      0.045     0.0515      0.715     60.964  49.551851     2.6216      6.574   116.3084 6.6057e+00     4.1762      5.241      7.601    15.7524   999.0329 0.0000e+00
      5.357      0.044     0.0491      0.709     61.280  49.777838     2.6288      6.570   115.5596 6.5327e+00     4.1750      5.255      7.621    15.7452   999.0344 0.0000e+00
      5.369      0.042     0.0518      0.714     61.905  50.259106     2.6358      6.568   114.7499 6.4665e+00     4.1258      5.266      7.637    15.7108   999.0400 0.0000e+00
      5.379      0.041     0.0527      0.719     62.625  50.797579     2.6374      6.565   113.9184 6.4135e+00     4.0732      5.276      7.652    15.6699   999.0466 0.0000e+00
      5.387      0.038     0.0484      0.733     62.986  51.016448     2.6300      6.562   113.2497 6.3816e+00     4.0622      5.284      7.664    15.6326   999.0526 0.0000e+00
      5.395      0.035     0.0493      0.741     63.057  50.999796     2.6074      6.560   112.6869 6.3218e+00     4.0919      5.290      7.672    15.6070   999.0567 0.0000e+00
      5.405      0.031     0.0500      0.737     63.085  50.977275     2.5814      6.558   112.0181 6.2377e+00     4.1365      5.299      7.687    15.5958   999.0588 0.0000e+00
      5.415      0.029     0.0494      0.739     63.053  50.934641     2.5752      6.557   111.2721 6.1908e+00     4.1426      5.312      7.705    15.5661   999.0638 0.0000e+00
      5.422      0.028     0.0514      0.738     63.044  50.928927     2.5670      6.556   110.4648 6.1769e+00     4.1006      5.319      7.715    15.4939   999.0753 0.0000e+00
      5.427      0.027     0.0525      0.722     63.088  50.971719     2.5514      6.555   109.6553 6.1486e+00     4.1526      5.322      7.718    15.4247   999.0861 0.0000e+00
      5.431      0.027     0.0509      0.707     63.128  51.007405     2.5517      6.553   108.7973 6.0953e+00     4.3134      5.325      7.723    15.3926   999.0911 0.0000e+00
      5.438      0.029     0.0517      0.713     63.173  51.042812     2.5621      6.551   107.7494 6.0342e+00     4.4056      5.332      7.733    15.3806   999.0930 0.0000e+00
      5.447      0.032     0.0524      0.728     63.232  51.082225     2.5735      6.547   106.7943 5.9799e+00     4.3500      5.341      7.747    15.3863   999.0922 0.0000e+00
      5.455      0.036     0.0503      0.733     63.361  51.166336     2.5765      6.542   106.1113 5.9206e+00     4.2644      5.349      7.759    15.3964   999.0907 0.0000e+00
      5.465      0.038     0.0488      0.723     63.475  51.234008     2.5721      6.538   105.4274 5.8492e+00     4.2877      5.358      7.772    15.3957   999.0909 0.0000e+00
      5.476      0.040     0.0494      0.714     63.534  51.265213     2.5730      6.534   104.6349 5.7840e+00     4.3696      5.369      7.787    15.3969   999.0907 0.0000e+00
      5.487      0.043     0.0514      0.716     63.818  51.480084     2.5705      6.530   103.8414 5.7419e+00     4.4027      5.381      7.805    15.3934   999.0913 0.0000e+00
      5.498      0.046     0.0517      0.717     64.344  51.862833     2.5665      6.525   103.0619 5.7078e+00     4.3929      5.392      7.821    15.3752   999.0943 0.0000e+00
      5.508      0.049     0.0506      0.713     64.629  52.018129     2.5943      6.520   102.4363 5.6536e+00     4.3161      5.401      7.833    15.3505   999.0982 0.0000e+00
      5.519      0.051     0.0496      0.712     64.554  51.896655     2.6473      6.516   102.0421 5.5794e+00     4.1958      5.410      7.847    15.3362   999.1004 0.0000e+00
      5.534      0.054     0.0501      0.699     64.596  51.918568     2.6782      6.512   101.6513 5.4974e+00     4.1506      5.426      7.870    15.3393   999.1000 0.0000e+00
      5.551      0.057     0.0506      0.671     64.656  51.965444     2.6902      6.509   101.0672 5.4151e+00     4.1629      5.445      7.897    15.3132   999.1044 0.0000e+00
      5.565      0.060     0.0497      0.658     64.390  51.701141     2.7580      6.506   100.2276 5.3363e+00     4.1480      5.459      7.918    15.2355   999.1166 0.0000e+00
      5.578      0.061     0.0502      0.661     64.199  51.454300     2.8730      6.503    99.1569 5.2423e+00     4.1341      5.469      7.932    15.1720   999.1263 0.0000e+00
      5.594      0.059     0.0500      0.677     64.231  51.394625     2.9270      6.502    97.9295 5.1286e+00     4.1589      5.485      7.955    15.1777   999.1255 0.0000e+00
      5.614      0.056     0.0462      0.706     64.252  51.360637     2.9172      6.500    96.5728 5.0379e+00     4.1519      5.507      7.987    15.2039   999.1217 0.0000e+00
      5.630      0.054     0.0460      0.725     64.285  51.360907     2.8678      6.497    95.1427 4.9732e+00     4.1158      5.523      8.010    15.1575   999.1286 0.0000e+00
      5.641      0.051     0.0464      0.730     64.429  51.461380     2.7892      6.496    93.8029 4.8999e+00     4.1162      5.532      8.023    15.0651   999.1427 0.0000e+00
      5.651      0.047     0.0470      0.740     64.801  51.749650     2.7465      6.496    92.6765 4.8284e+00     4.1232      5.541      8.036    14.9923   999.1538 0.0000e+00
      5.662      0.046     0.0504      0.758     65.368  52.178434     2.7430      6.495    91.6768 4.7591e+00     4.1024      5.552      8.054    14.9579   999.1590 0.0000e+00
      5.672      0.046     0.0519      0.763     65.848  52.516767     2.7465      6.494    90.6633 4.6795e+00     4.0934      5.562      8.068    14.9426   999.1614 0.0000e+00
      5.683      0.046     0.0512      0.745     66.093  52.664183     2.7543      6.494    89.7138 4.6080e+00     4.1461      5.573      8.082    14.9278   999.1636 0.0000e+00
      5.697      0.045     0.0517      0.712     66.178  52.690288     2.7583      6.492    88.8868 4.5340e+00     4.2147      5.587      8.103    14.9326   999.1631 0.0000e+00
      5.712      0.044     0.0541      0.698     66.173  52.641777     2.7611      6.491    88.0640 4.4506e+00     4.2023      5.603      8.126    14.9168   999.1658 0.0000e+00
      5.724      0.043     0.0544      0.715     66.077  52.522257     2.7877      6.491    87.1647 4.3929e+00     4.1281      5.615      8.143    14.8713   999.1729 0.0000e+00
      5.732      0.040     0.0535      0.726     65.942  52.388575     2.8362      6.490    86.2731 4.3617e+00     4.1037      5.621      8.153    14.8361   999.1782 0.0000e+00
      5.739      0.038     0.0497      0.710     65.853  52.295894     2.8630      6.489    85.4575 4.3234e+00     4.1371      5.628      8.162    14.8067   999.1826 0.0000e+00
      5.749      0.037     0.0482      0.693     65.815  52.227444     2.8605      6.489    84.5301 4.2709e+00     4.1712      5.638      8.177    14.7741   999.1875 0.0000e+00
      5.759      0.036     0.0510      0.697     65.827  52.196139     2.8570      6.489    83.4064 4.2128e+00     4.1885      5.648      8.191    14.7330   999.1936 0.0000e+00
      5.770      0.036     0.0525      0.701     65.818  52.171432     2.8648      6.488    82.5399 4.1558e+00     4.1820      5.658      8.206    14.7157   999.1962 0.0000e+00
      5.780      0.037     0.0507      0.709     65.756  52.119262     2.8770      6.487    82.1408 4.1166e+00     4.1908      5.669      8.223    14.7129   999.1965 0.0000e+00
      5.788      0.039     0.0478      0.723     65.793  52.137065     2.8735      6.486    81.6786 4.0973e+00     4.1965      5.676      8.233    14.6752   999.2021 0.0000e+00
      5.795      0.042     0.0502      0.723     65.871  52.196097     2.8662      6.485    80.9955 4.0668e+00     4.1858      5.682      8.241    14.6342   999.2082 0.0000e+00
      5.805      0.047     0.0497      0.718     65.827  52.197776     2.8498      6.483    80.3337 4.0107e+00     4.1921      5.691      8.254    14.6236   999.2098 0.0000e+00
      5.818      0.051     0.0496      0.713     65.716  52.157416     2.8139      6.481    79.7866 3.9220e+00     4.1742      5.704      8.273    14.6337   999.2083 0.0000e+00
      5.834      0.056     0.0526      0.708     65.628  52.089310     2.7963      6.480    79.2841 3.8124e+00     4.1334      5.721      8.298    14.6183   999.2107 0.0000e+00
      5.851      0.060     0.0512      0.708     65.619  52.009538     2.8006      6.478    78.7318 3.7346e+00     4.0925      5.738      8.323    14.6005   999.2134 0.0000e+00
      5.866      0.062     0.0511      0.708     65.699  51.955092     2.8234      6.477    78.1857 3.6836e+00     4.1054      5.752      8.344    14.6394   999.2077 0.0000e+00
      5.881      0.060     0.0508      0.707     65.820  51.939041     2.8558      6.476    77.6720 3.6175e+00     4.1586      5.767      8.365    14.6955   999.1995 0.0000e+00
      5.898      0.057     0.0500      0.705     65.930  51.942385     2.8618      6.475    77.1664 3.5364e+00     4.1458      5.784      8.389    14.7054   999.1981 0.0000e+00
      5.914      0.054     0.0506      0.707     66.076  51.995424     2.8447      6.475    76.6329 3.4650e+00     4.1142      5.801      8.414    14.6407   999.2077 0.0000e+00
      5.927      0.053     0.0503      0.713     66.234  52.072074     2.7962      6.474    76.1251 3.4125e+00     4.1363      5.814      8.433    14.5318   999.2237 0.0000e+00
      5.937      0.053     0.0508      0.712     66.331  52.106819     2.7255      6.472    75.5873 3.3736e+00     4.1518      5.823      8.446    14.4418   999.2368 0.0000e+00
      5.947      0.053     0.0502      0.716     66.460  52.161380     2.6933      6.471    75.0346 3.3263e+00     4.1375      5.830      8.456    14.3850   999.2450 0.0000e+00
      5.961      0.054     0.0502      0.735     66.680  52.287057     2.6929      6.471    74.6040 3.2498e+00     4.1273      5.843      8.475    14.3373   999.2519 0.0000e+00
      5.978      0.055     0.0515      0.745     66.995  52.482884     2.7025      6.471    74.2525 3.1669e+00     4.0607      5.862      8.504    14.3029   999.2570 0.0000e+00
      5.995      0.057     0.0510      0.729     67.432  52.750380     2.7231      6.470    73.8827 3.1059e+00     3.9550      5.880      8.528    14.2780   999.2607 0.0000e+00
      6.009      0.057     0.0505      0.709     67.852  52.980241     2.7338      6.470    73.4882 3.0497e+00     3.8982      5.893      8.547    14.2396   999.2662 0.0000e+00
      6.022      0.055     0.0529      0.701     68.042  53.038607     2.7367      6.470    73.0098 2.9796e+00     3.8987      5.906      8.564    14.2015   999.2718 0.0000e+00
      6.036      0.051     0.0547      0.703     68.073  53.011300     2.7583      6.469    72.3147 2.9141e+00     4.0262      5.920      8.586    14.1743   999.2758 0.0000e+00
      6.050      0.049     0.0524      0.702     68.215  53.094692     2.7953      6.468    71.6230 2.8647e+00     4.2277      5.935      8.608    14.1193   999.2837 0.0000e+00
      6.062      0.048     0.0506      0.696     68.516  53.284545     2.8109      6.466    71.1853 2.8287e+00     4.3357      5.946      8.624    14.0358   999.2956 0.0000e+00
      6.072      0.045     0.0503      0.703     68.831  53.464481     2.8086      6.466    70.8082 2.7841e+00     4.3816      5.955      8.637    13.9587   999.3064 0.0000e+00
      6.084      0.042     0.0508      0.723     69.100  53.618491     2.8106      6.467    70.4195 2.7315e+00     4.3882      5.965      8.652    13.9239   999.3113 0.0000e+00
      6.096      0.041     0.0513      0.744     69.310  53.748990     2.8273      6.468    70.0985 2.6961e+00     4.2850      5.979      8.670    13.9230   999.3116 0.0000e+00
      6.107      0.041     0.0496      0.752     69.448  53.835256     2.8534      6.468    69.6805 2.6727e+00     4.1504      5.990      8.687    13.8896   999.3162 0.0000e+00
      6.115      0.042     0.0505      0.748     69.563  53.899167     2.8579      6.467    69.2374 2.6436e+00     4.1048      5.996      8.697    13.8297   999.3247 0.0000e+00
      6.124      0.044     0.0525      0.739     69.923  54.140538     2.8552      6.466    68.8711 2.5992e+00     4.1263      6.003      8.708    13.7879   999.3305 0.0000e+00
