Data/DataNotYetUploadedToEDI/Raw_CTD/RawDownloads/100419_bvr50.cnv
* Sea-Bird SBE19plus  Data File:
* FileName = C:\DATA\100719_bvr50_0001.hex
* Software version 2.8.0.119 SB_Terminal.dll
* Temperature SN = 7809
* Conductivity SN = 7809
* System UpLoad Time = Oct 07 2019 15:42:03
* <ApplicationData>
* <Seaterm232>
# nquan = 16
# nvalues = 1219                        
# units = specified
# name 0 = depFM: Depth [fresh water, m]
# name 1 = dz/dtM: Descent Rate [m/s]
# name 2 = sbeox0ML/L: Oxygen, SBE 43 [ml/l]
# name 3 = sbeox0PS: Oxygen, SBE 43 [% saturation]
# name 4 = specc: Specific Conductance [uS/cm]
# name 5 = c0uS/cm: Conductivity [uS/cm]
# name 6 = flECO-AFL: Fluorescence, WET Labs ECO-AFL/FL [mg/m^3]
# name 7 = ph: pH
# name 8 = orp: Oxidation Reduction Potential [mV]
# name 9 = par/sat/log: PAR/Logarithmic, Satlantic
# name 10 = turbWETntu0: Turbidity, WET Labs ECO [NTU]
# name 11 = prdM: Pressure, Strain Gauge [db]
# name 12 = prdE: Pressure, Strain Gauge [psi]
# name 13 = tv290C: Temperature [ITS-90, deg C]
# name 14 = density00: Density [density, kg/m^3]
# name 15 = flag:  0.000e+00
# span 0 =     -0.650,     10.077       
# span 1 =     -0.020,      0.217       
# span 2 =     0.0369,     6.4604       
# span 3 =      0.470,    112.126       
# span 4 =      0.666,    231.146       
# span 5 =   0.771117, 158.628031       
# span 6 =    -0.9182,    24.1498       
# span 7 =      6.359,      9.027       
# span 8 =  -137.6158,  1240.2295       
# span 9 = 1.2324e-01, 2.0758e+03       
# span 10 =    -5.1974,     9.7841      
# span 11 =     -0.640,      9.883      
# span 12 =     -0.927,     14.334      
# span 13 =     9.2717,    32.9518      
# span 14 =   994.7281,   999.8971      
# span 15 = 0.0000e+00, 0.0000e+00      
# interval = seconds: 0.25
# start_time = Oct 04 2019 13:47:17 [Instrument's time stamp, header]
# bad_flag = -9.990e-29
*END*
[from data line 1176]
     10.014      0.018     0.0410      0.515    201.485 138.280768     1.3214      6.572  -134.9206 1.2343e-01     1.9127      9.820     14.243     9.2751   999.8849 0.0000e+00
     10.019      0.019     0.0421      0.505    198.879 136.540171     1.3314      6.573  -135.0019 1.2339e-01     1.8817      9.826     14.250     9.2777   999.8858 0.0000e+00
     10.023      0.019     0.0433      0.486    195.768 134.431482     1.3380      6.573  -135.0871 1.2338e-01     1.8626      9.829     14.256     9.2855   999.8852 0.0000e+00
     10.028      0.019     0.0413      0.477    194.045 133.259900     1.3322      6.573  -135.3486 1.2341e-01     1.8782      9.834     14.262     9.2986   999.8826 0.0000e+00
     10.034      0.018     0.0414      0.475    195.922 134.557435     1.3468      6.573  -135.6681 1.2343e-01     1.9069      9.841     14.272     9.3137   999.8804 0.0000e+00
     10.039      0.017     0.0413      0.470    202.711 139.212720     1.3852      6.575  -135.9400 1.2345e-01     1.9474      9.846     14.281     9.3276   999.8787 0.0000e+00
     10.043      0.016     0.0382      0.472    218.472 149.993849     1.4069      6.577  -136.1400 1.2350e-01     1.9744      9.849     14.284     9.3340   999.8768 0.0000e+00
     10.046      0.015     0.0379      0.477    231.146 158.628031     1.4096      6.576  -136.2800 1.2350e-01     1.9719      9.851     14.287     9.3346   999.8753 0.0000e+00
     10.049      0.013     0.0387      0.490    222.953 152.950079     1.3921      6.575  -136.4280 1.2346e-01     1.9495      9.855     14.293     9.3383   999.8766 0.0000e+00
     10.053      0.012     0.0370      0.517    208.213 142.833199     1.3593      6.576  -136.6392 1.2343e-01     1.9326      9.859     14.300     9.3395   999.8771 0.0000e+00
     10.057      0.011     0.0379      0.530    203.996 139.980671     1.3418      6.577  -136.8540 1.2339e-01     1.9311      9.863     14.305     9.3288   999.8849 0.0000e+00
     10.059      0.009     0.0385      0.534    205.878 141.307454     1.3368      6.577  -136.9604 1.2336e-01     1.9649      9.866     14.308     9.3113   999.8971 0.0000e+00
     10.061      0.008     0.0382      0.542    207.754 142.605822     1.3341      6.578  -137.0655 1.2333e-01     2.0137      9.866     14.310     9.2922   999.8906 0.0000e+00
     10.063      0.007     0.0426      0.535    212.863 146.109000     1.3262      6.578  -137.2639 1.2336e-01     1.9965      9.868     14.312     9.2929   999.8823 0.0000e+00
     10.064      0.007     0.0432      0.521    220.257 151.175016     1.3192      6.578  -137.4659 1.2341e-01     1.9527      9.868     14.313     9.3093   999.8814 0.0000e+00
     10.065      0.007     0.0420      0.515    220.405 151.265483     1.3281      6.578  -137.6158 1.2341e-01     1.9439      9.870     14.316     9.3188   999.8824 0.0000e+00
     10.068      0.007     0.0444      0.509    212.443 145.803557     1.3296      6.579  -137.6135 1.2343e-01     1.9554      9.873     14.320     9.3194   999.8820 0.0000e+00
     10.070      0.006     0.0432      0.507    203.228 139.510935     1.3206      6.580  -137.4386 1.2342e-01     1.9612      9.875     14.323     9.3175   999.8834 0.0000e+00
     10.072      0.005     0.0409      0.504    201.370 138.289480     1.3230      6.580  -137.2220 1.2340e-01     1.9473      9.877     14.325     9.3167   999.8893 0.0000e+00
     10.073      0.004     0.0422      0.506    203.471 139.778318     1.3319      6.580  -137.1457 1.2339e-01     1.9513      9.878     14.326     9.3118   999.8887 0.0000e+00
     10.073      0.003     0.0401      0.511    200.083 137.479263     1.3332      6.580  -137.2907 1.2333e-01     1.9772      9.878     14.327     9.3105   999.8856 0.0000e+00
     10.074      0.002     0.0411      0.501    195.488 134.351808     1.3297      6.580  -137.4253 1.2334e-01     1.9656      9.879     14.328     9.3197   999.8792 0.0000e+00
     10.074      0.002     0.0404      0.509    193.985 133.351143     1.3337      6.580  -137.3968 1.2342e-01     1.9426      9.879     14.329     9.3357   999.8777 0.0000e+00
     10.075      0.002     0.0396      0.515    193.429 132.970569     1.3378      6.581  -137.3763 1.2342e-01     1.9611      9.880     14.329     9.3488   999.8806 0.0000e+00
     10.075      0.002     0.0428      0.496    193.068 132.684131     1.3438      6.582  -137.3491 1.2342e-01     1.9929      9.880     14.330     9.3527   999.8768 0.0000e+00
     10.076      0.002     0.0384      0.484    192.687 132.375159     1.3635      6.581  -137.3260 1.2348e-01     1.9989      9.881     14.331     9.3595   999.8742 0.0000e+00
     10.076      0.001     0.0409      0.490    191.768 131.722038     1.3858      6.581  -137.3554 1.2352e-01     1.9677      9.881     14.331     9.3727   999.8733 0.0000e+00
     10.076      0.001     0.0430      0.496    190.467 130.845850     1.3961      6.581  -137.2735 1.2345e-01     1.9111      9.882     14.332     9.3748   999.8727 0.0000e+00
     10.076      0.001     0.0389      0.500    189.550 130.263054     1.3922      6.581  -137.1108 1.2342e-01     1.8724      9.882     14.332     9.3602   999.8739 0.0000e+00
     10.076      0.000     0.0381      0.496    189.226 130.096137     1.3744      6.581  -136.9371 1.2341e-01     1.8928      9.882     14.332     9.3451   999.8750 0.0000e+00
     10.076 1.8642e-08     0.0398      0.485    189.066 130.039360     1.3456      6.581  -136.8084 1.2335e-01     1.9278      9.881     14.331     9.3377   999.8753 0.0000e+00
     10.077 2.0506e-07     0.0396      0.486    188.888 129.959230     1.3215      6.582  -136.7594 1.2335e-01     1.9356      9.882     14.332     9.3431   999.8742 0.0000e+00
     10.077 2.0506e-07     0.0401      0.499    188.840 129.956326     1.3170      6.582  -136.6883 1.2339e-01     1.9206      9.882     14.333     9.3591   999.8726 0.0000e+00
     10.077 1.8642e-08     0.0404      0.510    189.148 130.195586     1.3247      6.582  -136.6375 1.2340e-01     1.9107      9.882     14.332     9.3737   999.8714 0.0000e+00
     10.077 1.6947e-09     0.0380      0.510    189.533 130.492645     1.3283      6.582  -136.7467 1.2340e-01     1.9141      9.882     14.332     9.3889   999.8701 0.0000e+00
     10.077 1.5406e-10     0.0386      0.493    189.387 130.423358     1.3342      6.582  -136.8910 1.2341e-01     1.9293      9.882     14.332     9.4007   999.8691 0.0000e+00
     10.077 1.3995e-11     0.0401      0.477    188.918 130.123127     1.3356      6.582  -136.9191 1.2347e-01     1.9629      9.882     14.332     9.4070   999.8685 0.0000e+00
     10.077 1.1575e-12     0.0412      0.487    188.613 129.923547     1.3371      6.583  -136.9145 1.2349e-01     1.9938      9.882     14.332     9.4133   999.8682 0.0000e+00
     10.077      0.000     0.0414      0.500    188.517 129.859574     1.3437      6.583  -136.9212 1.2342e-01     2.0072      9.882     14.332     9.4224   999.8677 0.0000e+00
     10.077 -9.990e-29     0.0398 -9.990e-29 -9.990e-29 -9.990e-29 -9.990e-29 -9.990e-29 -9.990e-29 1.2335e-01 -9.990e-29      9.882     14.333     9.4318   999.8669 0.0000e+00
     10.077 -9.990e-29     0.0369 -9.990e-29 -9.990e-29 -9.990e-29 -9.990e-29 -9.990e-29 -9.990e-29 1.2336e-01 -9.990e-29      9.882     14.333     9.4381   999.8660 0.0000e+00
     10.077 -9.990e-29     0.0386 -9.990e-29 -9.990e-29 -9.990e-29 -9.990e-29 -9.990e-29 -9.990e-29 1.2336e-01 -9.990e-29      9.882     14.333     9.4407   999.8658 0.0000e+00
     10.077 -9.990e-29     0.0417 -9.990e-29 -9.990e-29 -9.990e-29 -9.990e-29 -9.990e-29 -9.990e-29 1.2333e-01 -9.990e-29      9.883     14.334     9.4398   999.8658 0.0000e+00
