Data/DataNotYetUploadedToEDI/Raw_CTD/RawDownloads/100420_fcr20.cnv
* Sea-Bird SBE19plus  Data File:
* FileName = C:\DATA\100420_fcr50_0002.hex
* Software version 2.8.0.119
* Temperature SN = 7809
* Conductivity SN = 7809
* System UpLoad Time = Oct 05 2020 07:49:53
* <ApplicationData>
* <Seaterm232>
# nquan = 16
# nvalues = 519                         
# units = specified
# name 0 = depFM: Depth [fresh water, m]
# name 1 = dz/dtM: Descent Rate [m/s]
# name 2 = sbeox0ML/L: Oxygen, SBE 43 [ml/l]
# name 3 = sbeox0PS: Oxygen, SBE 43 [% saturation]
# name 4 = specc: Specific Conductance [uS/cm]
# name 5 = c0uS/cm: Conductivity [uS/cm]
# name 6 = flECO-AFL: Fluorescence, WET Labs ECO-AFL/FL [mg/m^3]
# name 7 = ph: pH
# name 8 = orp: Oxidation Reduction Potential [mV]
# name 9 = par/sat/log: PAR/Logarithmic, Satlantic
# name 10 = turbWETntu0: Turbidity, WET Labs ECO [NTU]
# name 11 = prdM: Pressure, Strain Gauge [db]
# name 12 = prdE: Pressure, Strain Gauge [psi]
# name 13 = tv290C: Temperature [ITS-90, deg C]
# name 14 = density00: Density [density, kg/m^3]
# name 15 = flag:  0.000e+00
# span 0 =     -0.624,      1.520       
# span 1 =     -0.393,      0.250       
# span 2 =     4.9082,     7.2271       
# span 3 =     74.385,    109.170       
# span 4 =      1.427,     38.276       
# span 5 =   1.185234,  32.724131       
# span 6 =    -3.1569,     4.2502       
# span 7 =     -2.377,     15.763       
# span 8 =   133.8565,  1115.2395       
# span 9 = 1.0767e+01, 1.5709e+03       
# span 10 =    -1.1773,    28.2578      
# span 11 =     -0.612,      1.491      
# span 12 =     -0.887,      2.162      
# span 13 =    16.4784,    18.5273      
# span 14 =   998.5150,   998.8873      
# span 15 = 0.0000e+00, 0.0000e+00      
# interval = seconds: 0.25
# start_time = Oct 04 2020 00:45:34 [Instrument's time stamp, header]
# bad_flag = -9.990e-29
*END*
[from data line 362]
      1.445      0.017     6.4188     94.135     37.368  31.271082     2.2083     15.755   172.4251 1.6120e+01    11.8654      1.418      2.057    16.9282   998.8123 0.0000e+00
      1.450      0.017     6.4113     93.964     37.338  31.242453     2.2082     15.755   172.5036 1.5933e+01    11.8139      1.422      2.063    16.9139   998.8148 0.0000e+00
      1.454      0.017     6.4058     93.790     37.314  31.225878     2.1970     15.754   172.6689 1.5788e+01    11.8012      1.425      2.067    16.8876   998.8194 0.0000e+00
      1.456      0.017     6.3963     93.586     37.356  31.261023     2.1967     15.754   172.8749 1.5648e+01    11.8150      1.429      2.071    16.8524   998.8254 0.0000e+00
      1.460      0.017     6.3885     93.330     37.393  31.286722     2.2053     15.755   173.0149 1.5468e+01    11.7746      1.431      2.075    16.8312   998.8291 0.0000e+00
      1.465      0.017     6.3758     93.018     37.397  31.282819     2.2054     15.755   172.9860 1.5223e+01    11.7594      1.435      2.082    16.8304   998.8292 0.0000e+00
      1.471      0.016     6.3645     92.696     37.397  31.277260     2.2164     15.755   172.8685 1.4943e+01    11.8719      1.444      2.093    16.8403   998.8276 0.0000e+00
      1.476      0.016     6.3503     92.386     37.401  31.282955     2.2535     15.755   172.7991 1.4728e+01    12.0361      1.448      2.100    16.8416   998.8274 0.0000e+00
      1.480      0.016     6.3352     92.029     37.398  31.288233     2.2725     15.754   172.6636 1.4601e+01    12.0615      1.450      2.105    16.8322   998.8291 0.0000e+00
      1.482      0.016     6.3142     91.631     37.388  31.277646     2.2643     15.754   172.4340 1.4501e+01    11.9731      1.453      2.108    16.8208   998.8311 0.0000e+00
      1.485      0.016     6.2912     91.261     37.426  31.281829     2.2308     15.755   172.1741 1.4361e+01    11.7571      1.455      2.111    16.8098   998.8330 0.0000e+00
      1.489      0.017     6.2742     90.977     37.555  31.338774     2.1736     15.758   172.0168 1.4128e+01    11.3728      1.460      2.117    16.8139   998.8322 0.0000e+00
      1.494      0.019     6.2460     90.769     37.681  31.395104     2.1450     15.759   171.9093 1.3765e+01    11.1370      1.464      2.124    16.8315   998.8293 0.0000e+00
      1.499      0.019     6.2166     90.533     37.721  31.391848     2.1415     15.760   171.7339 1.3213e+01    11.1376      1.470      2.131    16.8385   998.8281 0.0000e+00
      1.505      0.018     6.1945     90.155     37.723  31.362799     2.1416     15.762   171.7891 1.2475e+01    11.2090      1.476      2.140    16.8017   998.8344 0.0000e+00
      1.510      0.017     6.1858     89.551     37.756  31.361055     2.1650     15.763   171.9744 1.1681e+01    11.3139      1.482      2.150    16.7163   998.8491 0.0000e+00
      1.515      0.013     6.1848     88.655     37.782  31.370732     2.1955     15.763   172.1675 1.1044e+01    11.3762      1.487      2.157    16.6451   998.8613 0.0000e+00
      1.518      0.008     6.1757     87.418     37.733  31.352900     2.2142     15.762   172.5757 1.0767e+01    11.3783      1.490      2.161    16.6063   998.8678 0.0000e+00
      1.520      0.002     6.1578     85.939     37.649  31.335813     2.2193     15.760   172.8661 1.0899e+01    11.3737      1.491      2.162    16.5662   998.8746 0.0000e+00
      1.520     -0.007     6.1231     84.523     37.599  31.354535     2.1909     15.757   173.0113 1.1505e+01    11.4233      1.491      2.162    16.5217   998.8821 0.0000e+00
      1.519     -0.022     6.0680     83.469     37.565  31.389005     2.1479     15.755   173.2992 1.2688e+01    11.5659      1.491      2.162    16.4910   998.8873 0.0000e+00
      1.514     -0.047     5.9783     82.984     37.540  31.435451     2.1381     15.753   173.5932 1.4131e+01    11.6567      1.485      2.154    16.5257   998.8814 0.0000e+00
      1.506     -0.088     5.8563     83.215     37.563  31.535517     2.1489     15.750   173.6401 1.5244e+01    11.6279      1.477      2.143    16.6122   998.8667 0.0000e+00
      1.491     -0.148     5.7439     84.284     37.568  31.647327     2.1448     15.745   173.5219 1.6261e+01    11.4919      1.469      2.131    16.6900   998.8535 0.0000e+00
      1.460     -0.225     5.6571     86.154     37.498  31.708901     2.1357     15.740   173.4551 1.8234e+01    11.2833      1.441      2.091    16.7741   998.8390 0.0000e+00
      1.401     -0.305     5.6113     88.564     37.449  31.772606     2.1350     15.736   173.3491 2.2417e+01    11.2000      1.384      2.008    16.8610   998.8238 0.0000e+00
      1.307     -0.367     5.6121     91.206     37.437  31.846696     2.1365     15.732   173.1869 3.0496e+01    11.2054      1.296      1.879    16.9546   998.8072 0.0000e+00
      1.179     -0.393     5.6657     93.836     37.422  31.906923     2.1534     15.729   173.0424 4.3879e+01    11.3143      1.165      1.690    17.1061   998.7803 0.0000e+00
      1.030     -0.376     5.7790     96.333     37.756  32.247114     2.1863     15.727   173.0646 6.1714e+01    11.6244      1.005      1.456    17.2901   998.7472 0.0000e+00
      0.898     -0.317     5.9303     98.581     38.276  32.724131     2.2000     15.726   173.1967 7.8058e+01    11.8303      0.860      1.247    17.4278   998.7220 0.0000e+00
      0.818     -0.232     6.1012    100.396     38.191  32.662166     2.1946     15.725   173.3497 8.6018e+01    11.8125      0.783      1.136    17.5317   998.7031 0.0000e+00
      0.791     -0.141     6.2655    101.707     37.720  32.259332     2.1981     15.725   173.6232 8.5848e+01    11.8549      0.763      1.108    17.6355   998.6842 0.0000e+00
      0.798     -0.068     6.4229    102.556     37.460  32.041081     2.1946     15.726   173.6648 8.2483e+01    12.0001      0.777      1.127    17.7104   998.6708 0.0000e+00
      0.818     -0.039     6.5742    102.956     37.393  31.990173     2.1811     15.726   173.2503 7.9648e+01    12.0579      0.805      1.168    17.7544   998.6634 0.0000e+00
      0.833     -0.064     6.6946    102.939     37.351  31.961056     2.1867     15.725   172.5692 7.8818e+01    12.0386      0.823      1.194    17.7633   998.6618 0.0000e+00
      0.833     -0.135     6.7809    102.640     37.320  31.942824     2.1865     15.724   171.6242 8.2721e+01    11.7664      0.825      1.197    17.7532   998.6633 0.0000e+00
      0.805     -0.227     6.8367    102.180     37.327  31.960089     2.1594     15.723   170.5144 9.8755e+01    11.2387      0.805      1.168    17.7616   998.6615 0.0000e+00
      0.732     -0.310     6.8621    101.664     37.332  31.979484     2.1450     15.723   169.7340 1.3666e+02    10.9112      0.736      1.068    17.7732   998.6592 0.0000e+00
      0.611     -0.358     6.8553    101.238     37.324  31.987003     2.1563     15.723   169.4161 2.0781e+02    10.8278      0.609      0.883    17.7794   998.6575 0.0000e+00
      0.464     -0.360     6.8313    100.961     37.309  31.987580     2.1713     15.722   169.1655 3.1403e+02    10.8484      0.452      0.656    17.7893   998.6549 0.0000e+00
      0.329     -0.320     6.7978    100.825     37.292  31.986476     2.2792     15.721   168.7688 4.0475e+02    11.1608      0.304      0.442    17.8056   998.6513 0.0000e+00
      0.241     -0.247     6.7543    100.813     37.264  31.973661     2.4786     15.721   168.3190 4.2026e+02    11.7202      0.214      0.311    17.8269   998.6470 0.0000e+00
      0.210     -0.160     6.7234    100.868     37.240  31.959549     2.5895     15.721   168.0287 3.7651e+02    12.0165      0.194      0.281    17.8470   998.6432 0.0000e+00
      0.214     -0.078     6.7028    100.936     37.294  32.006194     2.6087     15.722   168.0118 3.2977e+02    12.0655      0.209      0.302    17.8646   998.6400 0.0000e+00
      0.225     -0.018     6.6911    101.006     37.469  32.156968     2.5485     15.722   168.0293 3.0379e+02    12.4832      0.225      0.326    17.8827   998.6368 0.0000e+00
      0.231      0.010     6.6893    101.078     37.666  32.323265     2.4141     15.722   167.6387 2.7494e+02    13.1535      0.227      0.329    17.9017   998.6333 0.0000e+00
      0.235      0.010     6.6937    101.124     37.727  32.367264     2.3382     15.722   166.9880 2.2612e+02    13.4406      0.229      0.331    17.9093   998.6319 0.0000e+00
      0.240     -0.006     6.6987    101.119     37.670  32.308253     2.3371     15.722   166.0990 1.7540e+02    13.4489      0.235      0.341    17.9057   998.6326 0.0000e+00
      0.245     -0.028     6.7024    101.059     37.598  32.244225     2.3333     15.721   164.6330 1.4094e+02    13.3229      0.245      0.356    17.9073   998.6324 0.0000e+00
      0.237     -0.052     6.7087    100.953     37.571  32.227580     2.3027     15.721   163.2874 1.2871e+02    13.0154      0.240      0.348    17.9067   998.6326 0.0000e+00
      0.217     -0.074     6.7138    100.776     37.568  32.233911     2.2812     15.721   162.5629 1.6321e+02    12.8200      0.213      0.309    17.8926   998.6351 0.0000e+00
      0.190     -0.089     6.7167    100.517     37.517  32.193887     2.2741     15.721   162.0679 2.9774e+02    12.7808      0.189      0.274    17.8752   998.6381 0.0000e+00
      0.158     -0.095     6.7120    100.221     37.435  32.124339     2.2738     15.721   161.6905 4.0559e+02    12.8843      0.157      0.228    17.8699   998.6389 0.0000e+00
      0.123     -0.090     6.7044     99.936     37.393  32.090923     2.2866     15.721   161.3550 3.7063e+02    13.1098      0.116      0.168    17.8843   998.6361 0.0000e+00
      0.097     -0.075     6.6912     99.707     37.404  32.107091     2.2861     15.721   160.8511 4.0650e+02    13.2415      0.090      0.131    17.8998   998.6331 0.0000e+00
      0.083     -0.055     6.6718     99.574     37.423  32.129494     2.2678     15.720   160.3302 5.4977e+02    13.3097      0.080      0.116    17.9031   998.6325 0.0000e+00
      0.074     -0.035     6.6517     99.541     37.467  32.171468     2.2365     15.720   159.8743 6.4060e+02    13.8313      0.069      0.101    17.9009   998.6328 0.0000e+00
      0.070     -0.016     6.6309     99.584     37.537  32.233925     2.2043     15.719   159.2973 5.9719e+02    14.8103      0.066      0.096    17.9052   998.6320 0.0000e+00
      0.072     -0.004     6.6134     99.698     37.555  32.250192     2.2026     15.719   158.6015 4.2809e+02    15.3268      0.071      0.103    17.9147   998.6302 0.0000e+00
      0.075      0.003     6.6031     99.860     37.542  32.241261     2.2066     15.719   157.7427 4.5614e+02    15.3385      0.073      0.107    17.9237   998.6286 0.0000e+00
      0.078      0.007     6.6010     99.993     37.551  32.252827     2.1861     15.719   156.7433 5.7589e+02    15.4669      0.077      0.111    17.9317   998.6272 0.0000e+00
      0.080      0.008     6.6037    100.058     37.556  32.263144     2.1259     15.718   155.8964 4.1659e+02    16.7759      0.079      0.115    17.9322   998.6271 0.0000e+00
      0.081      0.008     6.6110    100.077     37.520  32.239119     2.0404     15.717   155.3316 3.4047e+02    19.1503      0.078      0.114    17.9319   998.6271 0.0000e+00
      0.082      0.003     6.6240    100.066     37.483  32.216140     2.0023     15.717   154.6475 4.3265e+02    20.4509      0.080      0.118    17.9359   998.6264 0.0000e+00
      0.084     -0.010     6.6335    100.043     37.500  32.239102     1.9991     15.716   153.8196 3.8722e+02    20.6906      0.082      0.120    17.9408   998.6256 0.0000e+00
      0.087     -0.034     6.6352    100.040     37.521  32.262978     1.9819     15.715   155.6458 4.0838e+02    22.3927      0.085      0.123    17.9474   998.6243 0.0000e+00
      0.088     -0.063     6.6353    100.061     37.507  32.251048     1.9567     15.715   160.1223 5.9106e+02    25.5469      0.090      0.130    17.9575   998.6224 0.0000e+00
      0.074     -0.088     6.6324    100.103     37.477  32.221749     1.9417     15.716   162.5168 8.6436e+02    27.2752      0.083      0.120    17.9706   998.6200 0.0000e+00
      0.037     -0.101     6.6280    100.178     37.412  32.162517     1.9447     15.716   162.5708 1.1750e+03    27.3596      0.044      0.064    17.9831   998.6175 0.0000e+00
     -0.017     -0.099     6.6266    100.253     37.344  32.105888     1.9634     15.715   162.3235 1.3275e+03    26.7386     -0.019     -0.028    17.9921   998.6156 0.0000e+00
     -0.062     -0.084     6.6287    100.282     37.340  32.108081     1.9974     15.714   161.5065 1.3863e+03    25.6380     -0.072     -0.104    17.9923   998.6153 0.0000e+00
     -0.083     -0.057     6.6312    100.285     37.353  32.125583     2.0218     15.714   160.6085 1.4324e+03    25.0735     -0.091     -0.131    17.9837   998.6167 0.0000e+00
     -0.080     -0.024     6.6384    100.292     37.351  32.127173     2.0198     15.714   160.2411 1.4348e+03    25.1314     -0.080     -0.117    17.9779   998.6178 0.0000e+00
     -0.066      0.006     6.6450    100.319     37.351  32.127317     1.9733     15.714   158.0114 1.4396e+03    25.9603     -0.064     -0.093    17.9797   998.6176 0.0000e+00
     -0.053      0.024     6.6442    100.375     37.351  32.127331     1.8975     15.713   153.6098 1.4445e+03    27.4048     -0.050     -0.074    17.9885   998.6160 0.0000e+00
     -0.045      0.029     6.6422    100.425     37.348  32.127333     1.8667     15.713   150.6434 1.4448e+03    28.1769     -0.042     -0.061    18.0000   998.6140 0.0000e+00
     -0.040      0.025     6.6422    100.455     37.342  32.127343     1.8772     15.713   149.5919 1.4507e+03    28.2578     -0.039     -0.055    18.0041   998.6132 0.0000e+00
     -0.035      0.018     6.6429    100.495     37.334  32.127455     1.8908     15.712   150.7049 1.4588e+03    27.7645     -0.036     -0.052    18.0031   998.6134 0.0000e+00
     -0.030      0.013     6.6484    100.556     37.329  32.128702     1.9174     15.712   152.0548 1.4571e+03    26.7782     -0.030     -0.043    18.0023   998.6136 0.0000e+00
     -0.027      0.011     6.6524    100.643     37.339  32.142430     1.9405     15.712   149.9103 1.4421e+03    26.2892     -0.025     -0.036    18.0044   998.6133 0.0000e+00
     -0.027      0.009     6.6510    100.734     37.364  32.166550     1.9419     15.711   147.2314 1.4196e+03    26.2817     -0.026     -0.037    18.0127   998.6117 0.0000e+00
     -0.028      0.002     6.6532    100.774     37.361  32.166549     1.9335     15.711   148.0576 1.4031e+03    26.1385     -0.030     -0.043    18.0229   998.6098 0.0000e+00
     -0.025     -0.017     6.6552    100.782     37.330  32.142427     1.9062     15.711   151.2958 1.4066e+03    25.0033     -0.028     -0.039    18.0320   998.6081 0.0000e+00
     -0.019     -0.047     6.6603    100.814     37.312  32.128683     1.8698     15.712   153.2593 1.2250e+03    23.0624     -0.015     -0.023    18.0387   998.6069 0.0000e+00
     -0.020     -0.090     6.6684    100.851     37.311  32.127265     1.8644     15.714   153.4720 9.2639e+02    22.0011     -0.011     -0.016    18.0407   998.6066 0.0000e+00
     -0.043     -0.145     6.6705    100.855     37.311  32.125279     1.9272     15.714   153.2646 1.0118e+03    21.5432     -0.034     -0.048    18.0423   998.6062 0.0000e+00
     -0.089     -0.200     6.6669    100.791     37.289  32.104675     2.5428     15.713   152.9886 1.3239e+03    17.4230     -0.083     -0.120    18.0484   998.6048 0.0000e+00
     -0.154     -0.238     6.6707    100.695     37.245  32.068484     3.6617     15.711   152.8034 1.4501e+03     9.8127     -0.142     -0.205    18.0519   998.6039 0.0000e+00
     -0.240     -0.251     6.6738    100.653     37.239  32.068380     4.2502     15.710   152.9183 1.4326e+03     5.6102     -0.228     -0.331    18.0490   998.6040 0.0000e+00
