Data/DataNotYetUploadedToEDI/Raw_CTD/RawDownloads/100420_fcr50.cnv
* Sea-Bird SBE19plus  Data File:
* FileName = C:\DATA\100420_fcr50_0001.hex
* Software version 2.8.0.119
* Temperature SN = 7809
* Conductivity SN = 7809
* System UpLoad Time = Oct 05 2020 07:49:38
* <ApplicationData>
* <Seaterm232>
# nquan = 16
# nvalues = 2324                        
# units = specified
# name 0 = depFM: Depth [fresh water, m]
# name 1 = dz/dtM: Descent Rate [m/s]
# name 2 = sbeox0ML/L: Oxygen, SBE 43 [ml/l]
# name 3 = sbeox0PS: Oxygen, SBE 43 [% saturation]
# name 4 = specc: Specific Conductance [uS/cm]
# name 5 = c0uS/cm: Conductivity [uS/cm]
# name 6 = flECO-AFL: Fluorescence, WET Labs ECO-AFL/FL [mg/m^3]
# name 7 = ph: pH
# name 8 = orp: Oxidation Reduction Potential [mV]
# name 9 = par/sat/log: PAR/Logarithmic, Satlantic
# name 10 = turbWETntu0: Turbidity, WET Labs ECO [NTU]
# name 11 = prdM: Pressure, Strain Gauge [db]
# name 12 = prdE: Pressure, Strain Gauge [psi]
# name 13 = tv290C: Temperature [ITS-90, deg C]
# name 14 = density00: Density [density, kg/m^3]
# name 15 = flag:  0.000e+00
# span 0 =     -0.611,      9.376       
# span 1 =     -0.420,      0.320       
# span 2 =    -0.0230,     7.2073       
# span 3 =     -0.266,    106.237       
# span 4 =      3.302,     85.583       
# span 5 =   2.706030,  68.440308       
# span 6 =    -1.0215,     2.8803       
# span 7 =     15.599,     16.088       
# span 8 =    17.0530,  1235.9516       
# span 9 = 1.2349e-01, 1.0522e+03       
# span 10 =    -0.5428,    25.8984      
# span 11 =     -0.601,      9.195      
# span 12 =     -0.872,     13.336      
# span 13 =    12.2882,    20.7843      
# span 14 =   998.0453,   999.5322      
# span 15 = 0.0000e+00, 0.0000e+00      
# interval = seconds: 0.25
# start_time = Oct 04 2020 00:07:59 [Instrument's time stamp, header]
# bad_flag = -9.990e-29
*END*
[from data line 1537]
      6.541      0.036     1.4185     18.964     58.911  43.940456    -0.4111     15.862   100.0254 1.2359e-01    20.3107      6.417      9.306    12.2912   999.5192 0.0000e+00
      6.550      0.038     1.4191     18.959     58.944  43.964581    -0.3929     15.862   100.1247 1.2360e-01    20.6415      6.425      9.318    12.2910   999.5192 0.0000e+00
      6.557      0.038     1.4199     18.930     58.931  43.955318    -0.3804     15.863   100.1758 1.2359e-01    20.7176      6.431      9.325    12.2909   999.5192 0.0000e+00
      6.566      0.037     1.4183     18.908     58.931  43.955422    -0.3929     15.863   100.3863 1.2362e-01    20.4752      6.438      9.338    12.2910   999.5192 0.0000e+00
      6.577      0.035     1.4216     18.910     58.945  43.965840    -0.4395     15.862   100.6906 1.2362e-01    19.9769      6.451      9.356    12.2909   999.5193 0.0000e+00
      6.588      0.035     1.4207     18.902     58.929  43.954307    -0.4855     15.861   101.0152 1.2358e-01    19.7394      6.462      9.372    12.2908   999.5194 0.0000e+00
      6.598      0.034     1.4181     18.876     58.914  43.942955    -0.4819     15.862   101.1267 1.2362e-01    19.7661      6.472      9.387    12.2907   999.5195 0.0000e+00
      6.605      0.033     1.4147     18.873     58.931  43.955546    -0.4531     15.863   101.0930 1.2367e-01    19.7516      6.478      9.395    12.2908   999.5195 0.0000e+00
      6.611      0.032     1.4169     18.873     58.963  43.979578    -0.4526     15.862   101.2100 1.2360e-01    19.6662      6.482      9.401    12.2907   999.5195 0.0000e+00
      6.619      0.032     1.4172     18.859     58.963  43.979579    -0.4664     15.862   101.4234 1.2355e-01    19.5580      6.491      9.414    12.2908   999.5195 0.0000e+00
      6.629      0.032     1.4121     18.853     58.931  43.955556    -0.4680     15.862   101.5227 1.2358e-01    19.5073      6.500      9.428    12.2909   999.5196 0.0000e+00
      6.639      0.032     1.4138     18.860     58.914  43.943069    -0.4616     15.862   101.6362 1.2359e-01    19.5346      6.510      9.443    12.2908   999.5196 0.0000e+00
      6.648      0.031     1.4146     18.883     58.930  43.955566    -0.4560     15.862   101.5899 1.2358e-01    19.5782      6.519      9.456    12.2909   999.5197 0.0000e+00
      6.655      0.028     1.4119     18.913     58.961  43.979691    -0.4479     15.862   101.3074 1.2362e-01    19.5884      6.527      9.466    12.2912   999.5197 0.0000e+00
      6.660      0.026     1.4121     18.921     58.961  43.980825    -0.4389     15.862   101.4034 1.2367e-01    19.5553      6.531      9.473    12.2916   999.5196 0.0000e+00
      6.666      0.024     1.4121     18.912     58.945  43.969272    -0.4429     15.861   101.8912 1.2371e-01    19.5218      6.536      9.480    12.2917   999.5196 0.0000e+00
      6.672      0.022     1.4136     18.900     58.941  43.966983    -0.4485     15.861   102.3868 1.2375e-01    19.5945      6.543      9.490    12.2923   999.5196 0.0000e+00
      6.678      0.022     1.4179     18.905     58.921  43.953151    -0.4410     15.861   102.3201 1.2374e-01    19.7472      6.549      9.498    12.2929   999.5196 0.0000e+00
      6.683      0.022     1.4174     18.918     58.888  43.928998    -0.4370     15.860   101.7724 1.2369e-01    19.8235      6.554      9.506    12.2934   999.5195 0.0000e+00
      6.688      0.023     1.4168     18.906     58.887  43.928893    -0.4483     15.860   101.6149 1.2367e-01    19.8310      6.559      9.513    12.2938   999.5195 0.0000e+00
      6.694      0.023     1.4151     18.898     58.918  43.951873    -0.4632     15.861   101.8791 1.2366e-01    19.9755      6.565      9.521    12.2944   999.5195 0.0000e+00
      6.700      0.022     1.4149     18.923     58.922  43.952912    -0.4649     15.861   102.2997 1.2363e-01    20.2999      6.571      9.530    12.2951   999.5194 0.0000e+00
      6.706      0.021     1.4188     18.954     58.909  43.941455    -0.4594     15.861   102.3988 1.2364e-01    20.5262      6.577      9.538    12.2959   999.5193 0.0000e+00
      6.712      0.021     1.4155     18.969     58.909  43.940311    -0.4533     15.862   102.0452 1.2365e-01    20.5483      6.583      9.548    12.2966   999.5193 0.0000e+00
      6.717      0.020     1.4140     18.974     58.909  43.939072    -0.4298     15.862   101.8095 1.2365e-01    20.3261      6.588      9.554    12.2963   999.5194 0.0000e+00
      6.721      0.019     1.4173     18.987     58.893  43.926481    -0.4037     15.862   101.8715 1.2365e-01    19.9685      6.591      9.559    12.2949   999.5195 0.0000e+00
      6.726      0.019     1.4203     19.023     58.878  43.915041    -0.3955     15.862   102.2793 1.2365e-01    19.8304      6.595      9.566    12.2932   999.5197 0.0000e+00
      6.731      0.019     1.4210     19.045     58.895  43.927729    -0.3972     15.862   102.6959 1.2363e-01    19.8239      6.601      9.573    12.2919   999.5199 0.0000e+00
      6.736      0.019     1.4213     19.016     58.929  43.952913    -0.4050     15.863   102.6927 1.2362e-01    19.7523      6.605      9.580    12.2910   999.5201 0.0000e+00
      6.741      0.019     1.4210     18.974     58.946  43.965602    -0.4237     15.863   102.5846 1.2363e-01    19.5481      6.610      9.587    12.2906   999.5201 0.0000e+00
      6.745      0.019     1.4248     18.949     58.930  43.954173    -0.4514     15.863   102.6791 1.2368e-01    19.2426      6.616      9.595    12.2904   999.5201 0.0000e+00
      6.749      0.018     1.4293     18.935     58.914  43.941695    -0.4630     15.863   102.8894 1.2372e-01    19.1141      6.619      9.601    12.2904   999.5202 0.0000e+00
      6.754      0.018     1.4239     18.918     58.914  43.941705    -0.4495     15.863   103.1474 1.2375e-01    19.1625      6.624      9.607    12.2903   999.5202 0.0000e+00
      6.759      0.018     1.4208     18.914     58.931  43.954297    -0.4219     15.863   103.3048 1.2370e-01    19.2096      6.629      9.614    12.2902   999.5203 0.0000e+00
      6.763      0.019     1.4187     18.924     58.948  43.966975    -0.3962     15.863   103.2429 1.2362e-01    19.2378      6.633      9.620    12.2904   999.5203 0.0000e+00
      6.768      0.019     1.4190     18.933     58.949  43.968025    -0.3967     15.863   103.0871 1.2360e-01    19.2287      6.637      9.626    12.2903   999.5203 0.0000e+00
      6.773      0.020     1.4165     18.947     58.947  43.966986    -0.3996     15.863   103.0559 1.2358e-01    19.2357      6.642      9.634    12.2902   999.5203 0.0000e+00
      6.778      0.021     1.4156     18.952     58.930  43.954412    -0.3832     15.863   103.6400 1.2354e-01    19.2887      6.648      9.642    12.2901   999.5204 0.0000e+00
      6.783      0.022     1.4186     18.956     58.915  43.942965    -0.3699     15.863   104.5574 1.2353e-01    19.3199      6.652      9.647    12.2902   999.5204 0.0000e+00
      6.788      0.022     1.4169     18.958     58.932  43.955558    -0.3722     15.863   104.9413 1.2353e-01    19.3046      6.656      9.653    12.2902   999.5204 0.0000e+00
      6.795      0.021     1.4203     18.949     58.965  43.979692    -0.3921     15.863   104.7552 1.2362e-01    19.2746      6.663      9.664    12.2902   999.5204 0.0000e+00
      6.801      0.020     1.4193     18.937     58.967  43.980827    -0.4193     15.863   104.3716 1.2372e-01    19.2667      6.671      9.676    12.2902   999.5205 0.0000e+00
      6.806      0.019     1.4196     18.922     58.952  43.969285    -0.4434     15.862   104.6912 1.2373e-01    19.2774      6.676      9.682    12.2900   999.5205 0.0000e+00
      6.810      0.017     1.4212     18.915     58.948  43.967100    -0.4555     15.862   105.6943 1.2368e-01    19.3010      6.679      9.687    12.2900   999.5205 0.0000e+00
      6.814      0.015     1.4186     18.905     58.931  43.954412    -0.4610     15.863   105.9175 1.2363e-01    19.3122      6.682      9.692    12.2900   999.5206 0.0000e+00
      6.818      0.014     1.4193     18.888     58.915  43.942851    -0.4711     15.863   105.4108 1.2362e-01    19.3787      6.685      9.696    12.2898   999.5206 0.0000e+00
      6.821      0.014     1.4165     18.877     58.931  43.954277    -0.4627     15.863   105.2460 1.2367e-01    19.5206      6.688      9.701    12.2899   999.5206 0.0000e+00
      6.825      0.014     1.4168     18.866     58.946  43.965602    -0.4455     15.863   105.7314 1.2369e-01    19.5861      6.693      9.708    12.2901   999.5206 0.0000e+00
      6.829      0.015     1.4168     18.871     58.928  43.952801    -0.4445     15.863   106.5482 1.2367e-01    19.5874      6.697      9.713    12.2902   999.5206 0.0000e+00
      6.832      0.016     1.4140     18.898     58.893  43.926471    -0.4500     15.863   107.0342 1.2367e-01    19.5703      6.699      9.716    12.2902   999.5206 0.0000e+00
      6.835      0.017     1.4146     18.924     58.859  43.901191    -0.4554     15.862   106.8755 1.2370e-01    19.5857      6.703      9.722    12.2902   999.5206 0.0000e+00
      6.840      0.017     1.4126     18.956     58.859  43.901088    -0.4527     15.862   106.4352 1.2366e-01    19.7051      6.708      9.729    12.2902   999.5206 0.0000e+00
      6.845      0.018     1.4125     18.994     58.891  43.925223    -0.4456     15.862   106.5292 1.2363e-01    19.7780      6.713      9.736    12.2902   999.5207 0.0000e+00
      6.850      0.018     1.4161     19.019     58.910  43.939063    -0.4460     15.862   107.2378 1.2369e-01    19.7456      6.719      9.745    12.2903   999.5207 0.0000e+00
      6.855      0.018     1.4172     19.028     58.914  43.941456    -0.4569     15.861   107.8615 1.2369e-01    19.6571      6.723      9.751    12.2903   999.5207 0.0000e+00
      6.859      0.017     1.4193     19.021     58.930  43.954162    -0.4632     15.861   108.0486 1.2370e-01    19.5311      6.726      9.756    12.2902   999.5207 0.0000e+00
      6.864      0.016     1.4237     18.997     58.945  43.965716    -0.4558     15.862   107.9511 1.2379e-01    19.4928      6.732      9.763    12.2905   999.5207 0.0000e+00
      6.868      0.015     1.4248     18.967     58.930  43.954183    -0.4541     15.863   107.8867 1.2379e-01    19.5723      6.736      9.769    12.2904   999.5207 0.0000e+00
      6.871      0.014     1.4257     18.951     58.913  43.941696    -0.4519     15.863   108.0442 1.2371e-01    20.0113      6.739      9.773    12.2904   999.5208 0.0000e+00
      6.875      0.013     1.4251     18.954     58.913  43.941706    -0.4476     15.863   108.3922 1.2367e-01    20.7496      6.743      9.779    12.2905   999.5208 0.0000e+00
      6.878      0.013     1.4235     18.976     58.930  43.954298    -0.4593     15.862   108.6532 1.2365e-01    21.1175      6.746      9.784    12.2905   999.5208 0.0000e+00
      6.880      0.014     1.4201     18.996     58.947  43.966976    -0.4694     15.862   108.7055 1.2364e-01    21.1294      6.747      9.786    12.2906   999.5208 0.0000e+00
      6.883      0.015     1.4190     18.984     58.948  43.968025    -0.4659     15.862   108.4218 1.2364e-01    20.7216      6.750      9.790    12.2905   999.5208 0.0000e+00
      6.888      0.016     1.4194     18.978     58.947  43.966977    -0.4545     15.861   107.9758 1.2363e-01    19.8600      6.755      9.797    12.2906   999.5208 0.0000e+00
      6.892      0.017     1.4207     18.992     58.930  43.954298    -0.4461     15.861   108.1315 1.2364e-01    19.3291      6.759      9.803    12.2906   999.5208 0.0000e+00
      6.897      0.018     1.4250     18.990     58.914  43.941706    -0.4593     15.862   108.7560 1.2368e-01    19.2467      6.764      9.810    12.2907   999.5209 0.0000e+00
      6.902      0.019     1.4216     18.984     58.914  43.941697    -0.4526     15.862   109.1592 1.2369e-01    19.3104      6.770      9.818    12.2907   999.5209 0.0000e+00
      6.907      0.020     1.4199     18.976     58.931  43.954185    -0.4033     15.862   108.8770 1.2368e-01    19.4467      6.774      9.825    12.2906   999.5209 0.0000e+00
      6.912      0.020     1.4243     18.969     58.947  43.965727    -0.3684     15.862   108.2683 1.2370e-01    19.5212      6.778      9.830    12.2904   999.5209 0.0000e+00
      6.917      0.020     1.4217     18.973     58.931  43.954277    -0.3639     15.862   108.4251 1.2374e-01    19.5243      6.782      9.837    12.2903   999.5210 0.0000e+00
      6.923      0.020     1.4222     18.975     58.916  43.942725    -0.3787     15.862   109.0522 1.2376e-01    19.5532      6.788      9.846    12.2902   999.5210 0.0000e+00
      6.929      0.019     1.4219     18.978     58.930  43.953018    -0.4131     15.861   108.9677 1.2369e-01    19.6307      6.795      9.855    12.2899   999.5211 0.0000e+00
      6.934      0.017     1.4197     18.972     58.928  43.951761    -0.4465     15.861   108.2632 1.2359e-01    19.7055      6.801      9.864    12.2897   999.5211 0.0000e+00
      6.938      0.017     1.4220     18.960     58.896  43.927522    -0.4584     15.862   108.0207 1.2361e-01    19.7370      6.805      9.869    12.2898   999.5211 0.0000e+00
      6.941      0.017     1.4209     18.980     58.878  43.913889    -0.4613     15.862   108.2718 1.2370e-01    19.7028      6.808      9.874    12.2897   999.5212 0.0000e+00
      6.943      0.018     1.4217     19.007     58.878  43.913896    -0.4625     15.863   108.7178 1.2369e-01    19.6347      6.809      9.876    12.2897   999.5212 0.0000e+00
      6.947      0.018     1.4221     19.012     58.896  43.927616    -0.4533     15.863   109.0257 1.2365e-01    19.5660      6.812      9.879    12.2896   999.5212 0.0000e+00
      6.954      0.018     1.4184     19.021     58.930  43.952801    -0.4451     15.862   108.7257 1.2364e-01    19.5247      6.819      9.890    12.2895   999.5212 0.0000e+00
      6.961      0.019     1.4212     19.018     58.945  43.964456    -0.4488     15.861   108.4457 1.2369e-01    19.5472      6.827      9.902    12.2895   999.5213 0.0000e+00
      6.966      0.021     1.4258     18.997     58.914  43.941571    -0.4612     15.861   108.7382 1.2374e-01    19.6325      6.832      9.910    12.2895   999.5213 0.0000e+00
      6.969      0.026     1.4227     18.984     58.899  43.930038    -0.4705     15.861   109.2499 1.2372e-01    19.7319      6.835      9.913    12.2894   999.5213 0.0000e+00
      6.972      0.030     1.4256     18.979     58.928  43.951979    -0.4754     15.861   109.4697 1.2367e-01    19.7878      6.836      9.914    12.2895   999.5213 0.0000e+00
      6.978      0.033     1.4253     18.965     58.929  43.952924    -0.4729     15.862   109.4176 1.2366e-01    19.7941      6.839      9.919    12.2895   999.5214 0.0000e+00
      6.992      0.035     1.4223     18.938     58.913  43.941467    -0.4592     15.863   109.3078 1.2374e-01    19.9105      6.854      9.941    12.2895   999.5214 0.0000e+00
      7.008      0.035     1.4220     18.932     58.911  43.940426    -0.4618     15.863   109.2608 1.2375e-01    20.1305      6.876      9.974    12.2896   999.5215 0.0000e+00
      7.018      0.034     1.4214     18.944     58.910  43.940333    -0.4763     15.863   109.4523 1.2364e-01    20.1884      6.886      9.988    12.2897   999.5216 0.0000e+00
      7.022      0.031     1.4219     18.939     58.908  43.940334    -0.4720     15.864   109.9876 1.2357e-01    20.1298      6.886      9.987    12.2900   999.5215 0.0000e+00
      7.026      0.027     1.4173     18.923     58.908  43.940447    -0.4583     15.864   110.4852 1.2362e-01    20.0733      6.890      9.992    12.2900   999.5215 0.0000e+00
      7.031      0.024     1.4174     18.915     58.910  43.941696    -0.4446     15.863   110.5647 1.2368e-01    20.0206      6.894      9.999    12.2901   999.5215 0.0000e+00
      7.040      0.024     1.4198     18.915     58.930  43.955433    -0.4396     15.863   110.4321 1.2368e-01    20.0085      6.903     10.012    12.2913   999.5214 0.0000e+00
