Data/DataNotYetUploadedToEDI/Raw_CTD/RawDownloads/100520_bvr50.cnv
* Sea-Bird SBE19plus  Data File:
* FileName = C:\DATA\100420_fcr50_0003.hex
* Software version 2.8.0.119
* Temperature SN = 7809
* Conductivity SN = 7809
* System UpLoad Time = Oct 05 2020 11:34:03
* <ApplicationData>
* <Seaterm232>
# nquan = 16
# nvalues = 1682                        
# units = specified
# name 0 = depFM: Depth [fresh water, m]
# name 1 = dz/dtM: Descent Rate [m/s]
# name 2 = sbeox0ML/L: Oxygen, SBE 43 [ml/l]
# name 3 = sbeox0PS: Oxygen, SBE 43 [% saturation]
# name 4 = specc: Specific Conductance [uS/cm]
# name 5 = c0uS/cm: Conductivity [uS/cm]
# name 6 = flECO-AFL: Fluorescence, WET Labs ECO-AFL/FL [mg/m^3]
# name 7 = ph: pH
# name 8 = orp: Oxidation Reduction Potential [mV]
# name 9 = par/sat/log: PAR/Logarithmic, Satlantic
# name 10 = turbWETntu0: Turbidity, WET Labs ECO [NTU]
# name 11 = prdM: Pressure, Strain Gauge [db]
# name 12 = prdE: Pressure, Strain Gauge [psi]
# name 13 = tv290C: Temperature [ITS-90, deg C]
# name 14 = density00: Density [density, kg/m^3]
# name 15 = flag:  0.000e+00
# span 0 =     -0.686,     10.489       
# span 1 =     -0.419,      0.305       
# span 2 =    -1.0132,     6.6386       
# span 3 =    -13.468,     98.319       
# span 4 =      2.920,    246.864       
# span 5 =   2.456435, 173.320191       
# span 6 =    -2.6879,   259.8810       
# span 7 =     15.649,     15.967       
# span 8 =  -401.5769,   397.1826       
# span 9 = 1.2352e-01, 1.3853e+03       
# span 10 =    -8.4739,    13.3491      
# span 11 =     -0.675,     10.287      
# span 12 =     -0.978,     14.920      
# span 13 =    10.0527,    18.0754      
# span 14 =   998.5869,   999.8353      
# span 15 = 0.0000e+00, 0.0000e+00      
# interval = seconds: 0.25
# start_time = Oct 04 2020 21:14:42 [Instrument's time stamp, header]
# bad_flag = -9.990e-29
*END*
[from data line 1176]
      7.617      0.006     0.0453      0.631    146.150 104.066242     1.2096     15.941  -159.1935 1.2375e-01     2.3567      7.466     10.829    10.5988   999.7364 0.0000e+00
      7.623     -0.002     0.0451      0.619    146.160 104.076610     1.1879     15.940  -159.2176 1.2370e-01     2.3432      7.474     10.840    10.5986   999.7363 0.0000e+00
      7.632     -0.014     0.0456      0.579    146.210 104.116644     1.1788     15.940  -159.1287 1.2370e-01     2.3433      7.488     10.862    10.5984   999.7364 0.0000e+00
      7.631     -0.029     0.0472      0.544    146.277 104.168256     1.1371     15.940  -158.9784 1.2370e-01     2.3580      7.489     10.863    10.5991   999.7365 0.0000e+00
      7.618     -0.050     0.0506      0.540    146.306 104.191253     1.0754     15.941  -158.8632 1.2365e-01     2.3840      7.471     10.836    10.5998   999.7362 0.0000e+00
      7.599     -0.073     0.0487      0.555    146.142 104.076321     1.0622     15.941  -158.8546 1.2368e-01     2.3828      7.452     10.808    10.6010   999.7360 0.0000e+00
      7.577     -0.093     0.0451      0.536    145.836 103.861096     1.0728     15.941  -158.8740 1.2373e-01     2.3781      7.432     10.780    10.6028   999.7358 0.0000e+00
      7.550     -0.105     0.0411      0.494    145.589 103.690256     1.0885     15.941  -158.8393 1.2371e-01     2.3960      7.407     10.743    10.6039   999.7356 0.0000e+00
      7.516     -0.108     0.0410      0.500    145.453 103.602569     1.1189     15.940  -158.7798 1.2369e-01     2.3932      7.373     10.693    10.6047   999.7354 0.0000e+00
      7.481     -0.107     0.0446      0.544    145.293 103.501300     1.1357     15.939  -158.8431 1.2371e-01     2.3787      7.334     10.635    10.6053   999.7350 0.0000e+00
      7.451     -0.105     0.0435      0.562    145.073 103.357254     1.1385     15.939  -159.0879 1.2371e-01     2.3582      7.303     10.592    10.6058   999.7347 0.0000e+00
      7.430     -0.100     0.0358      0.557    144.921 103.261738     1.1336     15.940  -159.1588 1.2370e-01     2.2818      7.286     10.566    10.6076   999.7344 0.0000e+00
      7.411     -0.094     0.0373      0.560    144.778 103.174187     1.1250     15.941  -158.8398 1.2370e-01     2.1768      7.271     10.544    10.6110   999.7339 0.0000e+00
      7.389     -0.087     0.0440      0.568    144.422 102.935414     1.1293     15.940  -158.5867 1.2370e-01     2.1180      7.247     10.512    10.6154   999.7333 0.0000e+00
      7.363     -0.078     0.0447      0.576    143.844 102.539589     1.1381     15.938  -158.6796 1.2370e-01     2.1200      7.220     10.473    10.6200   999.7326 0.0000e+00
      7.338     -0.064     0.0425      0.576    143.086 102.017546     1.1363     15.938  -158.7579 1.2375e-01     2.2020      7.196     10.437    10.6242   999.7321 0.0000e+00
      7.317     -0.045     0.0436      0.547    141.470 100.889286     1.1353     15.938  -158.6729 1.2382e-01     2.3532      7.172     10.402    10.6293   999.7315 0.0000e+00
      7.306     -0.025     0.0443      0.524    139.424  99.466186     1.1358     15.938  -158.5993 1.2380e-01     2.4378      7.158     10.383    10.6346   999.7308 0.0000e+00
      7.307     -0.007     0.0445      0.551    138.792  99.071474     1.1138     15.937  -158.4699 1.2372e-01     2.4008      7.164     10.391    10.6395   999.7301 0.0000e+00
      7.317      0.004     0.0464      0.581    139.105  99.363842     1.1083     15.936  -158.3128 1.2368e-01     2.3527      7.176     10.408    10.6462   999.7294 0.0000e+00
      7.329      0.010     0.0427      0.571    138.842  99.245370     1.1543     15.935  -158.2485 1.2362e-01     2.3362      7.189     10.426    10.6538   999.7282 0.0000e+00
      7.335      0.011     0.0381      0.559    137.932  98.657677     1.1842     15.935  -158.1228 1.2361e-01     2.3391      7.197     10.439    10.6647   999.7259 0.0000e+00
      7.331      0.008     0.0428      0.574    137.276  98.242014     1.1827     15.935  -157.8259 1.2370e-01     2.3874      7.190     10.429    10.6861   999.7238 0.0000e+00
      7.325      0.004     0.0473      0.616    137.102  98.166423     1.2128     15.934  -157.4117 1.2374e-01     2.4400      7.179     10.413    10.7134   999.7214 0.0000e+00
      7.325      0.003     0.0437      0.645    136.008  97.425486     1.2625     15.933  -157.0727 1.2375e-01     2.4595      7.181     10.417    10.7390   999.7187 0.0000e+00
      7.330      0.006     0.0431      0.636    135.348  96.985428     1.2783     15.933  -156.9097 1.2382e-01     2.4515      7.190     10.428    10.7624   999.7162 0.0000e+00
      7.332      0.009     0.0429      0.616    137.091  98.256084     1.2708     15.933  -156.8179 1.2384e-01     2.4125      7.192     10.430    10.7801   999.7139 0.0000e+00
      7.333      0.006     0.0485      0.604    139.333  99.866989     1.2476     15.933  -156.6514 1.2379e-01     2.3659      7.190     10.428    10.7987   999.7126 0.0000e+00
      7.338     -0.005     0.0513      0.587    140.484 100.675800     1.2070     15.933  -156.3586 1.2372e-01     2.3340      7.196     10.436    10.8160   999.7101 0.0000e+00
      7.343     -0.022     0.0494      0.557    140.669 100.777828     1.1800     15.934  -156.1173 1.2371e-01     2.3354      7.205     10.449    10.8258   999.7083 0.0000e+00
      7.341     -0.043     0.0471      0.535    140.539 100.654982     1.1800     15.934  -155.9701 1.2375e-01     2.3833      7.203     10.448    10.8359   999.7087 0.0000e+00
      7.326     -0.066     0.0468      0.523    140.391 100.527412     1.1879     15.934  -155.8699 1.2376e-01     2.4318      7.189     10.426    10.8383   999.7093 0.0000e+00
      7.301     -0.087     0.0466      0.528    139.849 100.126667     1.1794     15.935  -155.7655 1.2372e-01     2.4421      7.163     10.389    10.8306   999.7103 0.0000e+00
      7.270     -0.105     0.0421      0.537    138.809  99.374685     1.1629     15.935  -155.6548 1.2372e-01     2.4388      7.131     10.342    10.8182   999.7113 0.0000e+00
      7.237     -0.118     0.0419      0.540    137.319  98.310624     1.1508     15.935  -155.6504 1.2378e-01     2.4256      7.097     10.293    10.8062   999.7122 0.0000e+00
      7.205     -0.124     0.0395      0.540    135.381  96.937204     1.1388     15.934  -155.7125 1.2381e-01     2.3864      7.065     10.247    10.7993   999.7128 0.0000e+00
      7.173     -0.126     0.0410      0.527    133.069  95.308654     1.1409     15.933  -155.8033 1.2378e-01     2.2729      7.035     10.204    10.7947   999.7129 0.0000e+00
      7.141     -0.123     0.0420      0.512    130.857  93.768556     1.1669     15.933  -155.8016 1.2376e-01     2.1525      7.004     10.159    10.7918   999.7127 0.0000e+00
      7.109     -0.116     0.0416      0.517    129.099  92.572613     1.1865     15.933  -155.7779 1.2370e-01     2.1668      6.971     10.111    10.7922   999.7120 0.0000e+00
      7.078     -0.101     0.0425      0.553    127.461  91.476729     1.1964     15.932  -156.0336 1.2364e-01     2.2398      6.940     10.066    10.7974   999.7106 0.0000e+00
      7.048     -0.079     0.0409      0.592    125.991  90.509330     1.2382     15.931  -156.3118 1.2365e-01     2.2788      6.910     10.022    10.8071   999.7086 0.0000e+00
      7.023     -0.054     0.0393      0.612    125.028  89.912001     1.3018     15.930  -156.3886 1.2370e-01     2.3295      6.881      9.979    10.8229   999.7060 0.0000e+00
      7.012     -0.028     0.0385      0.622    124.726  89.790533     1.3267     15.928  -156.3599 1.2370e-01     2.3721      6.870      9.964    10.8488   999.7029 0.0000e+00
      7.016     -0.006     0.0429      0.627    125.331  90.313346     1.3100     15.927  -156.3085 1.2368e-01     2.3479      6.880      9.978    10.8809   999.6991 0.0000e+00
      7.025      0.009     0.0465      0.616    126.208  91.015622     1.2904     15.926  -156.2831 1.2371e-01     2.2774      6.889      9.991    10.9153   999.6951 0.0000e+00
      7.037      0.017     0.0474      0.587    126.774  91.473166     1.2804     15.925  -156.2248 1.2378e-01     2.2410      6.900     10.008    10.9540   999.6910 0.0000e+00
      7.045      0.018     0.0480      0.562    127.237  91.836569     1.2749     15.925  -156.1198 1.2375e-01     2.2512      6.914     10.028    10.9935   999.6867 0.0000e+00
      7.045      0.016     0.0488      0.554    127.583  92.100469     1.2719     15.925  -155.7879 1.2370e-01     2.2634      6.910     10.022    11.0292   999.6835 0.0000e+00
      7.042      0.012     0.0485      0.580    127.691  92.182163     1.2725     15.925  -155.3093 1.2375e-01     2.3197      6.902     10.010    11.0584   999.6809 0.0000e+00
      7.044      0.008     0.0446      0.612    127.082  91.742489     1.2721     15.925  -154.8073 1.2374e-01     2.3825      6.908     10.020    11.0775   999.6791 0.0000e+00
      7.049      0.001     0.0433      0.608    124.974  90.220695     1.2672     15.925  -154.2786 1.2373e-01     2.3709      6.914     10.029    11.0883   999.6783 0.0000e+00
      7.053     -0.010     0.0413      0.612    122.465  88.417456     1.2611     15.925  -153.9933 1.2377e-01     2.3507      6.915     10.031    11.0932   999.6779 0.0000e+00
      7.056     -0.029     0.0437      0.627    121.777  87.946700     1.2465     15.924  -153.9388 1.2376e-01     2.3435      6.922     10.040    11.0937   999.6778 0.0000e+00
      7.052     -0.056     0.0498      0.613    122.362  88.410315     1.2239     15.923  -153.8781 1.2374e-01     2.2848      6.922     10.038    11.0932   999.6779 0.0000e+00
      7.036     -0.086     0.0457      0.596    122.500  88.551335     1.2164     15.924  -153.7756 1.2372e-01     2.2247      6.904     10.013    11.0923   999.6771 0.0000e+00
      7.006     -0.115     0.0461      0.587    122.215  88.379341     1.2234     15.924  -153.6454 1.2369e-01     2.2341      6.874      9.970    11.0934   999.6754 0.0000e+00
      6.966     -0.138     0.0503      0.557    121.895  88.175933     1.2509     15.923  -153.5085 1.2365e-01     2.2276      6.834      9.912    11.1044   999.6741 0.0000e+00
      6.921     -0.152     0.0467      0.528    121.530  87.937101     1.2916     15.922  -153.5826 1.2363e-01     2.1800      6.787      9.843    11.1243   999.6723 0.0000e+00
      6.875     -0.157     0.0449      0.527    120.843  87.464030     1.3049     15.922  -154.1981 1.2361e-01     2.1738      6.741      9.777    11.1422   999.6701 0.0000e+00
      6.833     -0.154     0.0467      0.532    119.162  86.273444     1.3069     15.922  -154.7550 1.2366e-01     2.1874      6.699      9.716    11.1556   999.6684 0.0000e+00
      6.795     -0.146     0.0427      0.543    116.734  84.547934     1.3259     15.922  -154.4658 1.2371e-01     2.1729      6.662      9.662    11.1669   999.6670 0.0000e+00
      6.761     -0.134     0.0392      0.574    115.520  83.713684     1.3440     15.921  -154.0573 1.2367e-01     2.1695      6.630      9.617    11.1764   999.6657 0.0000e+00
      6.728     -0.115     0.0408      0.604    116.471  84.456430     1.3539     15.920  -154.0313 1.2370e-01     2.1803      6.599      9.571    11.1862   999.6645 0.0000e+00
      6.695     -0.090     0.0408      0.608    118.036  85.640532     1.3590     15.919  -154.0650 1.2381e-01     2.1662      6.566      9.523    11.1967   999.6626 0.0000e+00
      6.666     -0.063     0.0408      0.613    118.848  86.262029     1.3492     15.919  -153.9482 1.2379e-01     2.1372      6.532      9.474    11.2093   999.6600 0.0000e+00
      6.651     -0.036     0.0438      0.627    117.579  85.354748     1.3117     15.919  -153.5653 1.2370e-01     2.0696      6.514      9.448    11.2286   999.6572 0.0000e+00
      6.654     -0.011     0.0480      0.642    114.768  83.321728     1.2587     15.918  -152.7915 1.2370e-01     1.9663      6.525      9.463    11.2543   999.6553 0.0000e+00
      6.663      0.007     0.0461      0.663    113.321  82.291489     1.2417     15.918  -151.9917 1.2375e-01     1.9184      6.536      9.480    11.2774   999.6536 0.0000e+00
      6.673      0.017     0.0464      0.659    112.335  81.613414     1.2583     15.918  -151.8102 1.2375e-01     1.9364      6.543      9.490    11.2911   999.6527 0.0000e+00
      6.683      0.019     0.0487      0.630    110.689  80.465708     1.2499     15.917  -151.6292 1.2365e-01     1.9442      6.558      9.512    11.2953   999.6520 0.0000e+00
      6.687      0.014     0.0479      0.604    110.223  80.181152     1.2077     15.916  -150.9224 1.2362e-01     1.9101      6.562      9.516    11.2947   999.6501 0.0000e+00
      6.685      0.003     0.0523      0.595    111.146  80.907988     1.1670     15.915  -150.4062 1.2362e-01     1.8669      6.553      9.505    11.3024   999.6492 0.0000e+00
      6.685     -0.015     0.0512      0.591    112.501  81.939732     1.1588     15.914  -150.2913 1.2360e-01     1.8678      6.555      9.506    11.3223   999.6471 0.0000e+00
      6.687     -0.039     0.0480      0.571    112.945  82.288533     1.1748     15.913  -150.1353 1.2365e-01     1.9209      6.560      9.515    11.3441   999.6436 0.0000e+00
      6.684     -0.064     0.0459      0.576    112.112  81.690692     1.1983     15.913  -150.0698 1.2374e-01     1.9595      6.560      9.514    11.3685   999.6411 0.0000e+00
      6.667     -0.089     0.0445      0.610    111.341  81.135415     1.2138     15.914  -150.1869 1.2375e-01     1.9566      6.544      9.491    11.3964   999.6383 0.0000e+00
      6.632     -0.111     0.0471      0.628    110.850  80.790338     1.2100     15.915  -150.2604 1.2375e-01     1.9555      6.506      9.438    11.4177   999.6367 0.0000e+00
      6.587     -0.126     0.0419      0.617    110.004  80.189674     1.2001     15.915  -151.1301 1.2376e-01     1.9111      6.458      9.367    11.4289   999.6356 0.0000e+00
      6.545     -0.135     0.0428      0.595    108.817  79.342440     1.1890     15.915  -152.5294 1.2373e-01     1.8661      6.415      9.304    11.4304   999.6345 0.0000e+00
      6.512     -0.137     0.0476      0.589    107.451  78.369096     1.1810     15.915  -152.7246 1.2373e-01     1.8929      6.384      9.259    11.4312   999.6340 0.0000e+00
      6.484     -0.134     0.0486      0.584    105.802  77.197216     1.1899     15.915  -152.2861 1.2377e-01     1.9257      6.360      9.224    11.4380   999.6331 0.0000e+00
      6.454     -0.127     0.0478      0.577    104.437  76.238254     1.2292     15.916  -151.9586 1.2374e-01     1.9538      6.331      9.182    11.4456   999.6318 0.0000e+00
      6.419     -0.116     0.0444      0.596    103.694  75.740516     1.2755     15.916  -151.4331 1.2367e-01     1.9582      6.294      9.130    11.4531   999.6304 0.0000e+00
      6.382     -0.098     0.0451      0.622    101.736  74.358549     1.2822     15.916  -151.1801 1.2365e-01     1.9097      6.258      9.077    11.4637   999.6286 0.0000e+00
      6.349     -0.073     0.0453      0.619     98.771  72.244780     1.2618     15.914  -151.3099 1.2370e-01     1.8490      6.223      9.025    11.4783   999.6263 0.0000e+00
      6.327     -0.048     0.0427      0.609     97.208  71.164003     1.2676     15.912  -151.5399 1.2376e-01     1.8410      6.197      8.987    11.4954   999.6236 0.0000e+00
      6.325     -0.024     0.0450      0.612     95.614  70.064849     1.3042     15.910  -151.3792 1.2380e-01     1.8820      6.197      8.988    11.5177   999.6214 0.0000e+00
      6.338     -0.004     0.0490      0.619     91.811  67.345811     1.3323     15.908  -151.0017 1.2380e-01     1.9325      6.215      9.015    11.5426   999.6182 0.0000e+00
      6.350      0.011     0.0471      0.623     87.884  64.538908     1.3411     15.906  -151.3636 1.2380e-01     1.9372      6.233      9.040    11.5674   999.6137 0.0000e+00
