Data/DataNotYetUploadedToEDI/Raw_CTD/RawDownloads/100520_bvr50.cnv
* Sea-Bird SBE19plus  Data File:
* FileName = C:\DATA\100420_fcr50_0003.hex
* Software version 2.8.0.119
* Temperature SN = 7809
* Conductivity SN = 7809
* System UpLoad Time = Oct 05 2020 11:34:03
* <ApplicationData>
* <Seaterm232>
# nquan = 16
# nvalues = 1682                        
# units = specified
# name 0 = depFM: Depth [fresh water, m]
# name 1 = dz/dtM: Descent Rate [m/s]
# name 2 = sbeox0ML/L: Oxygen, SBE 43 [ml/l]
# name 3 = sbeox0PS: Oxygen, SBE 43 [% saturation]
# name 4 = specc: Specific Conductance [uS/cm]
# name 5 = c0uS/cm: Conductivity [uS/cm]
# name 6 = flECO-AFL: Fluorescence, WET Labs ECO-AFL/FL [mg/m^3]
# name 7 = ph: pH
# name 8 = orp: Oxidation Reduction Potential [mV]
# name 9 = par/sat/log: PAR/Logarithmic, Satlantic
# name 10 = turbWETntu0: Turbidity, WET Labs ECO [NTU]
# name 11 = prdM: Pressure, Strain Gauge [db]
# name 12 = prdE: Pressure, Strain Gauge [psi]
# name 13 = tv290C: Temperature [ITS-90, deg C]
# name 14 = density00: Density [density, kg/m^3]
# name 15 = flag:  0.000e+00
# span 0 =     -0.686,     10.489       
# span 1 =     -0.419,      0.305       
# span 2 =    -1.0132,     6.6386       
# span 3 =    -13.468,     98.319       
# span 4 =      2.920,    246.864       
# span 5 =   2.456435, 173.320191       
# span 6 =    -2.6879,   259.8810       
# span 7 =     15.649,     15.967       
# span 8 =  -401.5769,   397.1826       
# span 9 = 1.2352e-01, 1.3853e+03       
# span 10 =    -8.4739,    13.3491      
# span 11 =     -0.675,     10.287      
# span 12 =     -0.978,     14.920      
# span 13 =    10.0527,    18.0754      
# span 14 =   998.5869,   999.8353      
# span 15 = 0.0000e+00, 0.0000e+00      
# interval = seconds: 0.25
# start_time = Oct 04 2020 21:14:42 [Instrument's time stamp, header]
# bad_flag = -9.990e-29
*END*
[from data line 1628]
      0.316     -0.113     5.5827     82.761     28.645  24.106192     6.8492     15.759    29.0581 2.9493e+01     2.8858      0.302      0.438    17.0756   998.7786 0.0000e+00
      0.286     -0.086     5.5823     82.780     28.714  24.164043     6.7356     15.759    29.1626 2.8721e+01     2.8639      0.270      0.392    17.0750   998.7788 0.0000e+00
      0.280     -0.056     5.5825     82.771     29.290  24.649853     6.7221     15.758    29.6621 2.7998e+01     2.8869      0.272      0.394    17.0744   998.7787 0.0000e+00
      0.282     -0.026     5.5870     82.728     35.775  30.106918     6.5914     15.758    30.1069 2.7496e+01     2.9226      0.280      0.406    17.0739   998.7791 0.0000e+00
      0.282     -0.003     5.5876     82.675     41.891  35.252216     6.3275     15.758    30.2385 2.6534e+01     2.9181      0.278      0.403    17.0736   998.7787 0.0000e+00
      0.279      0.012     5.5901     82.636     36.112  30.382932     6.1639     15.758    30.4800 2.5524e+01     2.8674      0.272      0.393    17.0736   998.7795 0.0000e+00
      0.283      0.022     5.5897     82.601     29.482  24.793664     6.1018     15.758    31.0473 2.4899e+01     2.8243      0.275      0.399    17.0741   998.7780 0.0000e+00
      0.292      0.032     5.5856     82.428     28.725  24.151129     5.7954     15.758    31.6766 2.4292e+01     2.8777      0.288      0.417    17.0743   998.7804 0.0000e+00
      0.301      0.042     5.5813     81.873     28.632  24.072809     5.2549     15.758    32.2387 2.3577e+01     2.9285      0.296      0.430    17.0748   998.7865 0.0000e+00
      0.310      0.043     5.5797     80.878     28.586  24.036960     4.9546     15.759    32.5094 2.3007e+01     2.8898      0.299      0.435    17.0644   998.7824 0.0000e+00
      0.328      0.029     5.5828     79.738     28.578  24.034800     4.9109     15.759    32.1959 2.2540e+01     2.8556      0.318      0.462    17.0418   998.7839 0.0000e+00
      0.350     -0.003     5.5806     78.810     28.587  24.046690     4.8984     15.759    31.5453 2.2212e+01     2.8587      0.351      0.508    17.0296   998.7875 0.0000e+00
      0.360     -0.055     5.5464     78.300     28.592  24.053890     4.9552     15.759    31.1818 2.2389e+01     2.8582      0.361      0.522    17.0319   998.7863 0.0000e+00
      0.349     -0.122     5.4679     78.273     28.594  24.058438     5.0632     15.759    31.6728 2.3350e+01     2.8503      0.349      0.505    17.0392   998.7855 0.0000e+00
      0.314     -0.195     5.3806     78.680     28.567  24.038268     5.1083     15.759    32.8365 2.5192e+01     2.8318      0.320      0.463    17.0476   998.7835 0.0000e+00
      0.246     -0.262     5.3129     79.435     28.520  24.000283     5.1096     15.759    33.9806 3.0174e+01     2.8065      0.253      0.367    17.0550   998.7822 0.0000e+00
      0.149     -0.319     5.2758     80.430     28.494  23.979703     5.2696     15.759    38.1068 4.7521e+01     2.8187      0.150      0.218    17.0612   998.7805 0.0000e+00
      0.042     -0.366     5.2759     81.523     28.492  23.979702     5.5739     15.759    43.4055 9.8725e+01     2.8765      0.036      0.052    17.0659   998.7793 0.0000e+00
     -0.055     -0.401     5.3045     82.511     28.514  24.000272     5.7462     15.755    44.1860 4.1460e+02     2.9218     -0.057     -0.083    17.0691   998.7782 0.0000e+00
     -0.147     -0.419     5.3578     83.213     28.558  24.038152     5.7988     15.751    45.3075 9.7228e+02     3.1262     -0.138     -0.200    17.0719   998.7773 0.0000e+00
     -0.252     -0.414     5.4277     83.608     28.580  24.057192     6.2380     15.747    47.9306 1.2966e+03     5.7250     -0.239     -0.346    17.0749   998.7764 0.0000e+00
     -0.376     -0.384     5.5057     83.689     28.559  24.040207     7.0994     15.744    47.5950 1.3551e+03    10.5860     -0.365     -0.528    17.0783   998.7752 0.0000e+00
     -0.506     -0.336     5.5790     83.457     28.312  23.832790     8.0785     15.742    47.7890 1.3743e+03    13.2496     -0.506     -0.734    17.0811   998.7740 0.0000e+00
     -0.608     -0.273     5.6237     82.952     25.599  21.549336    13.9564     15.741    51.6523 1.3797e+03    13.3491     -0.616     -0.893    17.0824   998.7733 0.0000e+00
     -0.661     -0.201     5.6512     82.157     17.830  15.009831    78.2536     15.741    53.5236 1.3678e+03    12.5092     -0.662     -0.960    17.0831   998.7730 0.0000e+00
     -0.677     -0.127     5.6578     81.106      9.015   7.589515   196.1115     15.740    54.7553 1.3503e+03    11.0593     -0.667     -0.967    17.0844   998.7726 0.0000e+00
     -0.679     -0.066     5.6384     79.962      4.633   3.899717   259.8810     15.736    61.2113 1.3500e+03    10.2384     -0.664     -0.962    17.0864   998.7724 0.0000e+00
     -0.682     -0.027     5.6067     79.002      3.530   2.970689   259.6763     15.728    65.0729 1.3610e+03     9.7252     -0.670     -0.972    17.0879   998.7720 0.0000e+00
     -0.685     -0.009     5.5521     78.487      3.275   2.755711   193.8268     15.718    63.2444 1.3665e+03     5.0598     -0.673     -0.976    17.0885   998.7689 0.0000e+00
     -0.685     -0.004     5.4779     78.472      3.353   2.820976    72.2317     15.708    59.1507 1.3753e+03    -3.4267     -0.672     -0.975    17.0885   998.7654 0.0000e+00
     -0.685     -0.002     5.3934     78.802      4.168   3.506388     5.9014     15.702    54.0359 1.3853e+03    -8.0472     -0.673     -0.974    17.0863   998.7651 0.0000e+00
     -0.685      0.000     5.3220     79.315      7.329   6.164501    -0.1335     15.703    55.3475 1.3752e+03    -8.4739     -0.672     -0.973    17.0815   998.7660 0.0000e+00
     -0.685      0.001     5.2861     79.942     10.149   8.535756    -0.7346     15.706    55.2210 1.3533e+03    -8.4143     -0.672     -0.974    17.0751   998.7669 0.0000e+00
     -0.684      0.001     5.2914     80.597     12.492  10.504551    -1.2714     15.694   -41.3629 1.3188e+03    -7.0867     -0.671     -0.973    17.0687   998.7684 0.0000e+00
     -0.684      0.000     5.3191     81.087     19.660  16.529460    -2.1607     15.665  -259.7053 1.2638e+03    -4.6437     -0.671     -0.974    17.0623   998.7690 0.0000e+00
     -0.684 -3.914e-07     5.3545     81.272     26.902  22.617882    -2.6469     15.658  -401.5769 1.2053e+03    -3.3557     -0.671     -0.973    17.0561   998.7714 0.0000e+00
     -0.684     -0.000     5.3991     81.290     29.092  24.462737    -2.6577     15.693  -326.5760 1.1560e+03    -3.3927     -0.671     -0.974    17.0493   998.7739 0.0000e+00
     -0.684     -0.000     5.4492     81.407     28.986  24.377148    -2.2244     15.740  -144.5236 1.1291e+03    -4.6447     -0.671     -0.974    17.0421   998.7740 0.0000e+00
     -0.684     -0.001     5.4894     81.851     25.737  21.646462    -1.4138     15.761   -27.1824 1.0994e+03    -6.8896     -0.672     -0.975    17.0343   998.7789 0.0000e+00
     -0.684     -0.001     5.4966     82.762     18.250  15.350639    -0.9724     15.756    -6.0187 1.0476e+03    -8.0821     -0.671     -0.974    17.0318   998.7824 0.0000e+00
     -0.685     -0.001     5.4894     84.083     10.992   9.246619    -0.9502     15.742   -27.4165 1.0305e+03    -7.9728     -0.672     -0.974    17.0394   998.7806 0.0000e+00
     -0.685     -0.001     5.4922     85.667      6.872   5.781443    -0.9358     15.733   -44.4745 1.0450e+03    -5.2940     -0.672     -0.975    17.0465   998.7798 0.0000e+00
     -0.686     -0.001     5.5162     87.385      4.979   4.188976    -0.8935     15.735   -25.9046 1.0513e+03    -0.3440     -0.673     -0.975    17.0503   998.7786 0.0000e+00
     -0.686     -0.001     5.5805     89.078      4.297   3.615284    -0.8772     15.740    12.2977 1.0973e+03     2.3357     -0.673     -0.975    17.0550   998.7745 0.0000e+00
     -0.686     -0.001     5.6734     90.558      3.974   3.343434    -0.8534     15.742    38.1658 1.1948e+03     2.4895     -0.673     -0.975    17.0595   998.7713 0.0000e+00
     -0.686      0.000     5.7822     91.673      3.633   3.056175    -0.6252     15.742    49.2242 1.2587e+03     1.5160     -0.673     -0.975    17.0622   998.7700 0.0000e+00
     -0.686 -1.864e-08     5.9024     92.415      3.332   2.802985    -0.2251     15.746    59.2757 1.2551e+03    -0.3371     -0.673     -0.976    17.0628   998.7694 0.0000e+00
     -0.686 -2.051e-07     6.0209     92.840      3.122   2.626262    -0.0210     15.756    92.0706 1.2324e+03    -1.3761     -0.673     -0.976    17.0620   998.7696 0.0000e+00
     -0.686 -2.066e-07     6.1265     93.001      2.976   2.503284    -0.0269     15.766   140.9933 1.2259e+03    -1.5031     -0.673     -0.976    17.0602   998.7697 0.0000e+00
     -0.686 -3.726e-08     6.2010     93.026      2.920   2.456435    -0.0392     15.769   163.4701 1.2292e+03    -1.5278     -0.673     -0.976    17.0588   998.7700 0.0000e+00
     -0.686 -9.990e-29     6.2490 -9.990e-29 -9.990e-29 -9.990e-29 -9.990e-29 -9.990e-29 -9.990e-29 1.2199e+03 -9.990e-29     -0.673     -0.976    17.0572   998.7702 0.0000e+00
     -0.686 -9.990e-29     6.2784 -9.990e-29 -9.990e-29 -9.990e-29 -9.990e-29 -9.990e-29 -9.990e-29 1.2064e+03 -9.990e-29     -0.673     -0.976    17.0556   998.7704 0.0000e+00
     -0.686 -9.990e-29     6.2854 -9.990e-29 -9.990e-29 -9.990e-29 -9.990e-29 -9.990e-29 -9.990e-29 1.2112e+03 -9.990e-29     -0.673     -0.976    17.0538   998.7707 0.0000e+00
     -0.686 -9.990e-29     6.2835 -9.990e-29 -9.990e-29 -9.990e-29 -9.990e-29 -9.990e-29 -9.990e-29 1.2190e+03 -9.990e-29     -0.673     -0.976    17.0527   998.7709 0.0000e+00
