Data/DataNotYetUploadedToEDI/Raw_CTD/RawDownloads/100518_fcr50.cnv
* Sea-Bird SBE19plus  Data File:
* FileName = C:\DATA\100518_bvr_0002.hex
* Software version 2.6.3.104
* Temperature SN = 7809
* Conductivity SN = 7809
* System UpLoad Time = Oct 05 2018 17:58:04
* <ApplicationData>
* <Seaterm232>
# nquan = 17
# nvalues = 787                         
# units = specified
# name 0 = depFM: Depth [fresh water, m]
# name 1 = tv290C: Temperature [ITS-90, deg C]
# name 2 = sbeox0Mg/L: Oxygen, SBE 43 [mg/l]
# name 3 = sbeox0PS: Oxygen, SBE 43 [% saturation]
# name 4 = c0uS/cm: Conductivity [uS/cm]
# name 5 = specc: Specific Conductance [uS/cm]
# name 6 = ph: pH
# name 7 = orp: Oxidation Reduction Potential [mV]
# name 8 = flECO-AFL: Fluorescence, WET Labs ECO-AFL/FL [mg/m^3]
# name 9 = turbWETntu0: Turbidity, WET Labs ECO [NTU]
# name 10 = sal00: Salinity, Practical [PSU]
# name 11 = dz/dtM: Descent Rate [m/s]
# name 12 = prdM: Pressure, Strain Gauge [db]
# name 13 = prdE: Pressure, Strain Gauge [psi]
# name 14 = scan: Scan Count
# name 15 = par/sat/log: PAR/Logarithmic, Satlantic
# name 16 = flag:  0.000e+00
# span 0 =     -0.556,      9.301       
# span 1 =    13.0197,    24.7407       
# span 2 =     0.0769,     8.8571       
# span 3 =      0.756,    102.754       
# span 4 =   0.318411, 146.108268       
# span 5 =      0.148,    191.879       
# span 6 =     -2.503,      8.356       
# span 7 = -1240.7455,  1240.2295       
# span 8 =    -1.0271,     7.8002       
# span 9 =    -1.9699,    16.5741       
# span 10 =     0.0117,     0.0909      
# span 11 =     -0.411,      0.297      
# span 12 =     -0.545,      9.121      
# span 13 =     -0.790,     13.228      
# span 14 =          1,        787      
# span 15 = 1.2022e-01, 1.6063e+03      
# span 16 = 0.0000e+00, 0.0000e+00      
# interval = seconds: 0.25
# start_time = Oct 05 2018 19:39:48 [Instrument's time stamp, header]
# bad_flag = -9.990e-29
*END*
[from data line 171]
     -0.144    24.3352     5.0763     60.574  37.609080     38.127      7.489   192.6436     1.6781     0.9171     0.0248      0.000     -0.141     -0.204        172 1.5206e+03 0.0000e+00
     -0.144    24.3357     5.6837     67.759  37.640337     38.127      7.488   193.2115     1.6781     0.9439     0.0248      0.000     -0.141     -0.204        173 1.5214e+03 0.0000e+00
     -0.144    24.3364     6.4523     76.893  37.661326     38.183      7.488   193.2115     1.6701     0.8634     0.0248      0.000     -0.141     -0.204        174 1.5196e+03 0.0000e+00
     -0.144    24.3370     7.2302     86.158  37.642282     38.126      7.486   192.9086     1.6984     0.7962     0.0248     -0.000     -0.141     -0.205        175 1.5183e+03 0.0000e+00
     -0.144    24.3376     7.8449     93.485  37.664038     38.182      7.485   191.5836     1.6660     0.8097     0.0248     -0.000     -0.141     -0.205        176 1.5195e+03 0.0000e+00
     -0.143    24.3381     8.2944     98.839  37.634249     38.125      7.483   192.4543     1.6822     0.9305     0.0248      0.000     -0.141     -0.204        177 1.5210e+03 0.0000e+00
     -0.144    24.3385     8.5542    101.934  37.620029     38.125      7.479   192.6436     1.6984     0.9439     0.0248      0.000     -0.141     -0.204        178 1.5237e+03 0.0000e+00
     -0.144    24.3394     8.6230    102.754  37.622412     38.124      7.477   192.7950     1.7307     0.8634     0.0248      0.000     -0.141     -0.204        179 1.5216e+03 0.0000e+00
     -0.143    24.3391     8.5156    101.477  37.690605     38.180      7.471   193.5900     1.6862     0.9574     0.0248      0.000     -0.141     -0.204        180 1.5191e+03 0.0000e+00
     -0.144    24.3049     8.2861     98.742  37.505504     38.038      7.468   193.6658     1.6296     1.0514     0.0247      0.000     -0.141     -0.204        181 1.5187e+03 0.0000e+00
     -0.143    24.2347     8.0304     95.704  36.962957     37.415      7.466   190.1829     1.6175     1.0245     0.0245      0.000     -0.141     -0.204        182 1.5188e+03 0.0000e+00
     -0.143    24.1831     7.7942     92.898  36.823467     37.355      7.462   191.0915     1.6256     1.0916     0.0244      0.000     -0.141     -0.204        183 1.5177e+03 0.0000e+00
     -0.144    24.1633     7.6012     90.606  36.907951     37.467      7.461   191.8865     1.6458     1.0379     0.0245      0.000     -0.141     -0.204        184 1.5183e+03 0.0000e+00
     -0.144    24.1597     7.4375     88.658  36.828189     37.449      7.464   193.9686     1.6539     1.1453     0.0244      0.000     -0.141     -0.204        185 1.5177e+03 0.0000e+00
     -0.144    24.1604     7.2900     86.904  36.804117     37.408      7.460   193.9308     1.7064     1.1991     0.0244     -0.000     -0.141     -0.204        186 1.5156e+03 0.0000e+00
     -0.144    24.1597     7.1597     85.354  36.848940     37.495      7.462   189.6907     1.7064     1.0916     0.0245     -0.000     -0.141     -0.204        187 1.5187e+03 0.0000e+00
     -0.144    24.1591     7.0351     83.871  36.802068     37.409      7.462   190.6750     1.6903     1.0782     0.0244     -0.000     -0.141     -0.204        188 1.5197e+03 0.0000e+00
     -0.144    24.1593     6.9232     82.539  36.832789     37.467      7.465   190.8265     1.7590     1.0916     0.0244     -0.000     -0.141     -0.204        189 1.5178e+03 0.0000e+00
     -0.144    24.1598     6.8237     81.356  36.840370     37.467      7.465   192.9086     1.7469     1.0111     0.0244     -0.000     -0.141     -0.204        190 1.5179e+03 0.0000e+00
     -0.143    24.1611     6.7324     80.270  36.792634     37.410      7.468   193.2115     1.7954     1.1588     0.0244      0.000     -0.140     -0.203        191 1.5200e+03 0.0000e+00
     -0.143    24.1658     6.6439     79.218  36.832877     37.466      7.468   193.5143     1.7671     1.1319     0.0244      0.000     -0.140     -0.203        192 1.5204e+03 0.0000e+00
     -0.143    24.1711     6.5675     78.311  36.819948     37.437      7.470   190.0315     1.6903     0.8902     0.0244      0.001     -0.140     -0.203        193 1.5193e+03 0.0000e+00
     -0.142    24.1751     6.4948     77.448  36.838381     37.462      7.474   191.2429     1.6903     0.8634     0.0244      0.001     -0.140     -0.202        194 1.5178e+03 0.0000e+00
     -0.142    24.1777     6.4354     76.743  36.898915     37.515      7.476   191.0157     1.6903     0.8634     0.0245      0.001     -0.139     -0.202        195 1.5175e+03 0.0000e+00
     -0.142    24.1799     6.3840     76.133  36.892912     37.512      7.477   191.5457     1.6984     0.9305     0.0245      0.001     -0.139     -0.202        196 1.5180e+03 0.0000e+00
     -0.142    24.1821     6.3353     75.554  36.845850     37.453      7.475   193.4765     1.7226     1.1185     0.0244      0.001     -0.139     -0.202        197 1.5179e+03 0.0000e+00
     -0.142    24.1834     6.2882     74.994  36.838842     37.451      7.480   192.4165     1.6781     1.1588     0.0244      0.001     -0.139     -0.202        198 1.5166e+03 0.0000e+00
     -0.141    24.1852     6.2470     74.505  36.812652     37.421      7.483   191.6972     1.6943     1.0916     0.0244      0.001     -0.138     -0.201        199 1.5140e+03 0.0000e+00
     -0.141    24.1872     6.2075     74.038  36.789463     37.392      7.486   191.1293     1.6862     0.9976     0.0244      0.001     -0.138     -0.200        200 1.5138e+03 0.0000e+00
     -0.141    24.1893     6.1749     73.650  36.838041     37.447      7.484   191.0915     1.7064     1.0648     0.0244      0.001     -0.138     -0.200        201 1.5137e+03 0.0000e+00
     -0.141    24.1912     6.1398     73.233  36.841176     37.446      7.486   192.4922     1.6620     1.0916     0.0244      0.001     -0.138     -0.200        202 1.5144e+03 0.0000e+00
     -0.141    24.1937     6.1019     72.783  36.785560     37.387      7.486   192.6057     1.7064     1.0648     0.0244      0.001     -0.138     -0.200        203 1.5179e+03 0.0000e+00
     -0.141    24.1966     6.0712     72.419  36.818274     37.414      7.486   193.0222     1.6862     1.0514     0.0244      0.001     -0.138     -0.200        204 1.5189e+03 0.0000e+00
     -0.141    24.1990     6.0424     72.078  36.830122     37.441      7.485   192.2272     1.6701     1.0648     0.0244      0.001     -0.138     -0.200        205 1.5170e+03 0.0000e+00
     -0.141    24.2008     6.0175     71.781  36.800473     37.382      7.481   192.6057     1.7145     1.0379     0.0244      0.000     -0.138     -0.200        206 1.5174e+03 0.0000e+00
     -0.140    24.2022     5.9991     71.563  36.825511     37.437      7.480   192.6436     1.6862     1.0514     0.0244      0.000     -0.138     -0.199        207 1.5190e+03 0.0000e+00
     -0.140    24.2036     5.9753     71.280  36.798961     37.378      7.483   192.3407     1.6781     1.0916     0.0244      0.000     -0.138     -0.199        208 1.5182e+03 0.0000e+00
     -0.140    24.2055     5.9490     70.969  36.774192     37.378      7.480   192.6436     1.6822     1.0379     0.0244      0.000     -0.138     -0.199        209 1.5185e+03 0.0000e+00
     -0.141    24.2078     5.9293     70.740  36.767356     37.348      7.478   195.4829     1.7064     1.0916     0.0244      0.000     -0.138     -0.199        210 1.5156e+03 0.0000e+00
     -0.140    24.2090     5.9115     70.536  36.777810     37.375      7.487   193.9308     1.6984     1.1588     0.0244      0.000     -0.137     -0.198        211 1.5163e+03 0.0000e+00
     -0.138    24.2099     5.8971     70.370  36.790841     37.373      7.479   193.7793     1.6862     1.0916     0.0244      0.001     -0.135     -0.197        212 1.5195e+03 0.0000e+00
     -0.137    24.2113     5.8778     70.143  36.780797     37.372      7.470   192.6436     1.6943     1.0782     0.0244      0.002     -0.135     -0.195        213 1.5177e+03 0.0000e+00
     -0.136    24.2131     5.8626     69.964  36.790309     37.372      7.461   192.4543     1.7550     1.1856     0.0244      0.002     -0.134     -0.194        214 1.5176e+03 0.0000e+00
     -0.136    24.2144     5.8432     69.732  36.808662     37.399      7.457   197.2243     1.7671     1.1588     0.0244      0.003     -0.134     -0.194        215 1.5163e+03 0.0000e+00
     -0.136    24.2149     5.8215     69.476  36.787616     37.369      7.458   196.2779     1.7711     1.1453     0.0244      0.003     -0.134     -0.194        216 1.5161e+03 0.0000e+00
     -0.136    24.2160     5.8008     69.229  36.786841     37.368      7.460   196.0886     1.7792     1.0648     0.0244      0.002     -0.134     -0.194        217 1.5160e+03 0.0000e+00
     -0.136    24.2169     5.7760     68.933  36.779966     37.368      7.461   194.4608     1.8116     1.1051     0.0244      0.002     -0.134     -0.194        218 1.5158e+03 0.0000e+00
     -0.136    24.2182     5.7491     68.615  36.736852     37.310      7.466   194.5743     1.8278     1.0379     0.0244      0.001     -0.133     -0.193        219 1.5171e+03 0.0000e+00
     -0.135    24.2235     5.7251     68.331  36.781176     37.366      7.471   194.1579     1.8439     1.0916     0.0244      0.001     -0.133     -0.193        220 1.5168e+03 0.0000e+00
     -0.136    24.2299     5.7039     68.078  36.754464     37.337      7.477   198.9279     1.8237     1.1722     0.0244      0.001     -0.133     -0.193        221 1.5193e+03 0.0000e+00
     -0.135    24.2340     5.6895     67.909  36.681114     37.248      7.478   197.7543     1.8884     0.9305     0.0244      0.000     -0.133     -0.193        222 1.5210e+03 0.0000e+00
     -0.136    24.2369     5.6632     67.595  36.724158     37.300      7.480   197.8679     1.8803     0.8634     0.0244      0.000     -0.133     -0.193        223 1.5189e+03 0.0000e+00
     -0.135    24.2378     5.6479     67.414  36.730554     37.297      7.485   198.0193     1.8682     0.8902     0.0244      0.000     -0.133     -0.193        224 1.5176e+03 0.0000e+00
     -0.135    24.2385     5.6268     67.163  36.732473     37.294      7.489   195.8236     1.8520     0.8634     0.0244      0.000     -0.132     -0.192        225 1.5184e+03 0.0000e+00
     -0.135    24.2400     5.6096     66.959  36.781089     37.350      7.495   196.0508     1.8682     0.7694     0.0244      0.000     -0.132     -0.192        226 1.5187e+03 0.0000e+00
     -0.135    24.2403     5.6010     66.856  36.759030     37.322      7.499   200.4043     1.8075     1.0111     0.0244      0.000     -0.132     -0.192        227 1.5183e+03 0.0000e+00
     -0.135    24.2404     5.5903     66.730  36.730265     37.292      7.501   200.1015     1.7995     1.1856     0.0244      0.000     -0.132     -0.192        228 1.5164e+03 0.0000e+00
     -0.135    24.2422     5.5807     66.614  36.727908     37.292      7.504   200.7451     1.8358     1.1453     0.0244      0.001     -0.132     -0.192        229 1.5151e+03 0.0000e+00
     -0.135    24.2442     5.5708     66.497  36.732303     37.292      7.509   198.8522     1.8358     1.1319     0.0244      0.000     -0.133     -0.193        230 1.5196e+03 0.0000e+00
     -0.135    24.2451     5.5601     66.370  36.724794     37.290      7.511   198.6629     1.8520     0.8097     0.0244      0.000     -0.133     -0.193        231 1.5172e+03 0.0000e+00
     -0.135    24.2463     5.5502     66.252  36.766911     37.317      7.514   200.7451     1.8803     0.8634     0.0244     -0.000     -0.133     -0.193        232 1.5163e+03 0.0000e+00
     -0.135    24.2475     5.5397     66.127  36.768867     37.345      7.516   201.0858     1.8722     0.9842     0.0244     -0.000     -0.133     -0.193        233 1.5189e+03 0.0000e+00
     -0.135    24.2482     5.5247     65.950  36.752020     37.287      7.519   201.3886     1.8844     0.9171     0.0244     -0.000     -0.133     -0.193        234 1.5169e+03 0.0000e+00
     -0.135    24.2492     5.5203     65.898  36.758217     37.343      7.520   201.6915     1.8965     1.1453     0.0244     -0.000     -0.132     -0.192        235 1.5174e+03 0.0000e+00
     -0.135    24.2499     5.4925     65.565  36.701833     37.229      7.523   201.0479     1.8884     1.0111     0.0244      0.000     -0.132     -0.192        236 1.5172e+03 0.0000e+00
     -0.135    24.2503     5.4862     65.492  36.703548     37.285      7.529   201.2751     1.8965     1.1856     0.0244      0.000     -0.132     -0.192        237 1.5179e+03 0.0000e+00
     -0.135    24.2508     5.4742     65.350  36.696764     37.228      7.526   200.2529     1.8763     1.0514     0.0244      0.000     -0.132     -0.192        238 1.5180e+03 0.0000e+00
     -0.135    24.2507     5.4653     65.244  36.710278     37.284      7.525   201.1236     1.8197     1.1588     0.0244      0.000     -0.132     -0.192        239 1.5178e+03 0.0000e+00
     -0.135    24.2508     5.4573     65.151  36.746049     37.284      7.527   200.9722     1.8035     1.1319     0.0244      0.000     -0.132     -0.192        240 1.5185e+03 0.0000e+00
     -0.135    24.2512     5.4483     65.044  36.711564     37.284      7.533   201.5401     1.8197     1.0782     0.0244     -0.000     -0.133     -0.193        241 1.5188e+03 0.0000e+00
     -0.135    24.2514     5.4400     64.945  36.693874     37.227      7.532   201.5779     1.8278     1.0648     0.0244     -0.000     -0.133     -0.193        242 1.5194e+03 0.0000e+00
     -0.135    24.2521     5.4324     64.855  36.738405     37.312      7.534   198.3601     1.8075     1.1991     0.0244     -0.000     -0.132     -0.192        243 1.5198e+03 0.0000e+00
     -0.135    24.2530     5.4299     64.828  36.685806     37.227      7.540   199.7608     1.8278     0.9842     0.0244     -0.000     -0.132     -0.192        244 1.5187e+03 0.0000e+00
     -0.135    24.2536     5.4238     64.757  36.670355     37.226      7.544   199.9879     1.8197     0.9842     0.0244      0.000     -0.132     -0.192        245 1.5177e+03 0.0000e+00
     -0.135    24.2538     5.4179     64.686  36.727974     37.282      7.544   201.6158     1.7914     1.0648     0.0244      0.000     -0.132     -0.192        246 1.5168e+03 0.0000e+00
     -0.134    24.2547     5.4159     64.663  36.673420     37.225      7.546   202.2972     1.7914     1.0648     0.0244      0.000     -0.132     -0.192        247 1.5139e+03 0.0000e+00
     -0.135    24.2558     5.3978     64.447  36.678928     37.225      7.547   202.7136     1.8197     1.0111     0.0244      0.000     -0.132     -0.192        248 1.5158e+03 0.0000e+00
     -0.135    24.2567     5.3869     64.317  36.721119     37.281      7.552   198.0950     1.8197     1.0379     0.0244      0.000     -0.132     -0.192        249 1.5188e+03 0.0000e+00
     -0.135    24.2575     5.3726     64.148  36.680233     37.223      7.551   200.1393     1.8399     0.9574     0.0244      0.000     -0.132     -0.192        250 1.5181e+03 0.0000e+00
     -0.135    24.2583     5.3538     63.925  36.670490     37.223      7.552   200.2529     1.8278     1.1051     0.0244     -0.000     -0.132     -0.192        251 1.5189e+03 0.0000e+00
     -0.135    24.2588     5.3304     63.645  36.673922     37.222      7.552   200.3286     1.7711     1.1051     0.0244     -0.000     -0.132     -0.192        252 1.5183e+03 0.0000e+00
     -0.135    24.2595     5.3068     63.365  36.675960     37.221      7.552   202.4865     1.7631     0.9842     0.0244     -0.000     -0.132     -0.192        253 1.5181e+03 0.0000e+00
     -0.134    24.2610     5.2897     63.161  36.667955     37.221      7.553   197.9058     1.7590     1.1051     0.0244      0.000     -0.132     -0.192        254 1.5184e+03 0.0000e+00
     -0.135    24.2625     5.2702     62.929  36.594907     37.135      7.550   199.0036     1.7711     1.0648     0.0243     -0.000     -0.132     -0.192        255 1.5173e+03 0.0000e+00
