Data/DataNotYetUploadedToEDI/Raw_CTD/RawDownloads/100518_bvr50.cnv
* Sea-Bird SBE19plus  Data File:
* FileName = C:\DATA\100518_bvr_0001.hex
* Software version 2.6.3.104
* Temperature SN = 7809
* Conductivity SN = 7809
* System UpLoad Time = Oct 05 2018 17:57:39
* <ApplicationData>
* <Seaterm232>
# nquan = 17
# nvalues = 1024                        
# units = specified
# name 0 = depFM: Depth [fresh water, m]
# name 1 = tv290C: Temperature [ITS-90, deg C]
# name 2 = sbeox0Mg/L: Oxygen, SBE 43 [mg/l]
# name 3 = sbeox0PS: Oxygen, SBE 43 [% saturation]
# name 4 = c0uS/cm: Conductivity [uS/cm]
# name 5 = specc: Specific Conductance [uS/cm]
# name 6 = ph: pH
# name 7 = orp: Oxidation Reduction Potential [mV]
# name 8 = flECO-AFL: Fluorescence, WET Labs ECO-AFL/FL [mg/m^3]
# name 9 = turbWETntu0: Turbidity, WET Labs ECO [NTU]
# name 10 = sal00: Salinity, Practical [PSU]
# name 11 = dz/dtM: Descent Rate [m/s]
# name 12 = prdM: Pressure, Strain Gauge [db]
# name 13 = prdE: Pressure, Strain Gauge [psi]
# name 14 = scan: Scan Count
# name 15 = par/sat/log: PAR/Logarithmic, Satlantic
# name 16 = flag:  0.000e+00
# span 0 =     -0.620,     10.454       
# span 1 =     8.2188,    28.4189       
# span 2 =     0.0729,     9.5104       
# span 3 =      0.619,    111.994       
# span 4 =   0.315931, 145.078951       
# span 5 =      0.634,    218.204       
# span 6 =     -2.388,      8.038       
# span 7 = -1240.7455,  1240.2295       
# span 8 =    -0.8330,    12.7335       
# span 9 =    -0.7211,    34.1244       
# span 10 =     0.0130,     0.1010      
# span 11 =     -0.126,      0.165      
# span 12 =     -0.608,     10.251      
# span 13 =     -0.881,     14.868      
# span 14 =          1,       1024      
# span 15 = 1.2347e-01, 2.4863e+03      
# span 16 = 0.0000e+00, 0.0000e+00      
# interval = seconds: 0.25
# start_time = Oct 05 2018 18:09:51 [Instrument's time stamp, header]
# bad_flag = -9.990e-29
*END*
     -0.619    28.3912     7.6946     97.210   0.771586      0.712     -2.388 -1240.7455    -0.1496    -0.7211     0.0130      0.000     -0.607     -0.880          1 6.6854e+02 0.0000e+00
     -0.619    28.3906     7.8376     97.262   0.713079      0.686     -2.388 -1240.7455    -0.1941    -0.7211     0.0130     -0.000     -0.607     -0.880          2 7.0563e+02 0.0000e+00
     -0.619    28.3938     7.9330     97.240   0.708260      0.634     -2.388 -1240.7455    -0.1698    -0.6003     0.0130     -0.000     -0.607     -0.880          3 6.9353e+02 0.0000e+00
     -0.619    28.3925     8.0036     97.238   0.747976      0.738     -2.388 -1240.7455    -0.1617    -0.1974     0.0130     -0.000     -0.607     -0.881          4 8.6205e+02 0.0000e+00
     -0.619    28.3984     8.0668     97.284   0.782075      0.686     -2.388 -1240.7455    -0.1779    -0.2377     0.0130     -0.000     -0.607     -0.881          5 1.1945e+03 0.0000e+00
     -0.619    28.3918     8.1170     97.273   0.665826      0.686     -2.388 -1240.7455    -0.1900    -0.2780     0.0130     -0.000     -0.607     -0.881          6 1.2481e+03 0.0000e+00
     -0.620    28.4048     8.1580     97.336   0.833436      0.686     -2.388 -1240.7455    -0.1779    -0.3720     0.0130     -0.001     -0.608     -0.881          7 1.2728e+03 0.0000e+00
     -0.620    28.3855     8.1911     97.434   0.573487      0.686     -2.388 -1240.7455    -0.1860    -0.2646     0.0130     -0.001     -0.608     -0.881          8 1.3393e+03 0.0000e+00
     -0.619    28.4189     8.2242     97.645   0.989327      0.686     -2.388 -1240.7455    -0.1536     0.1651     0.0130     -0.000     -0.608     -0.881          9 1.3840e+03 0.0000e+00
     -0.620    28.2617     8.2606     97.951   0.315931      0.686     -1.934 -1240.7455    -0.1779     0.2322     0.0130     -0.000     -0.605     -0.877         10 1.4988e+03 0.0000e+00
     -0.612    27.3836     8.2982     98.292   1.470728      0.738     -1.112 -1240.7455    -0.1334     0.2591     0.0130      0.002     -0.591     -0.857         11 1.6279e+03 0.0000e+00
     -0.575    26.3688     8.3308     98.649   7.576946      7.728     -1.385 -1240.7455    -0.1860     0.1114     0.0144      0.013     -0.558     -0.810         12 1.7130e+03 0.0000e+00
     -0.522    25.6978     8.3491     98.907  15.579550     14.156      3.105 -1240.7455    -0.8330     1.0782     0.0163      0.035     -0.513     -0.745         13 1.7941e+03 0.0000e+00
     -0.475    25.2052     8.3660     99.148  25.550238     25.574      4.776  1240.2295    -0.8087     1.0514     0.0203      0.063     -0.465     -0.675         14 1.9133e+03 0.0000e+00
     -0.425    24.8067     8.3814     99.345  29.158477     28.424      6.184   124.6520    -0.7966     1.0379     0.0212      0.095     -0.417     -0.606         15 2.0328e+03 0.0000e+00
     -0.376    24.4666     8.3856     99.415  28.250056     28.337      6.990   143.4292    -0.8168     1.0111     0.0210      0.127     -0.372     -0.541         16 2.1181e+03 0.0000e+00
     -0.340    24.2283     8.3879     99.433  28.311413     28.285      7.436   155.5056     0.3518    34.0438     0.0209      0.152     -0.337     -0.489         17 2.0925e+03 0.0000e+00
     -0.317    24.0661     8.3967     99.467  27.837099     28.226      7.637   152.7421     0.3518    34.0841     0.0208      0.165     -0.309     -0.449         18 2.0847e+03 0.0000e+00
     -0.290    23.9654     8.4012     99.439  27.832471     28.191      7.821   161.6764     0.3518    34.1244     0.0207      0.165     -0.279     -0.404         19 2.1481e+03 0.0000e+00
     -0.245    23.8956     8.3627     98.900  27.753983     28.342      7.983   167.0142     0.3720    33.9901     0.0207      0.158     -0.240     -0.348         20 2.1990e+03 0.0000e+00
     -0.199    23.8399     8.1872     96.741  27.934840     28.457      8.038   180.6050     1.4032     1.0648     0.0207      0.151     -0.205     -0.297         21 2.2241e+03 0.0000e+00
     -0.185    23.8240     8.0916     95.526  28.289316     28.983      7.997   183.3686     1.4032     1.0379     0.0209      0.140     -0.186     -0.270         22 2.2350e+03 0.0000e+00
     -0.187    23.8453     8.0699     95.182  28.320864     28.959      7.954   179.6207     1.4517     1.1722     0.0209      0.123     -0.179     -0.259         23 2.2274e+03 0.0000e+00
     -0.172    23.8670     8.0829     95.260  28.221712     28.911      7.940   184.4286     1.4436     1.0916     0.0209      0.106     -0.169     -0.244         24 2.2172e+03 0.0000e+00
     -0.158    23.8756     8.0777     95.146  28.353422     29.013      7.911   190.4857     1.4840     1.0514     0.0209      0.093     -0.157     -0.228         25 2.2798e+03 0.0000e+00
     -0.153    23.8860     8.0301     94.552  28.394125     29.056      7.942   194.5743     1.4760     1.0648     0.0209      0.079     -0.150     -0.217         26 2.3877e+03 0.0000e+00
     -0.147    23.8801     7.9685     93.800  28.348932     28.995      7.965   194.8393     1.5083     1.0916     0.0209      0.061     -0.141     -0.204         27 2.4408e+03 0.0000e+00
     -0.131    23.8437     7.9216     93.223  28.113187     28.760      7.981   188.2522     1.5002     1.0379     0.0208      0.046     -0.126     -0.182         28 2.3965e+03 0.0000e+00
     -0.106    23.7997     7.8417     92.269  27.887037     28.506      8.010   190.6750     1.4800     1.0379     0.0207      0.041     -0.108     -0.157         29 2.3554e+03 0.0000e+00
     -0.095    23.7553     7.7326     91.008  27.859559     28.528      7.995   193.6658     1.6620     1.0514     0.0207      0.045     -0.098     -0.142         30 2.3708e+03 0.0000e+00
     -0.100    23.7093     7.6393     89.933  27.821283     28.496      7.980   195.2936     1.7024     1.1588     0.0207      0.046     -0.098     -0.141         31 2.3700e+03 0.0000e+00
     -0.102    23.6614     7.5565     88.954  27.756810     28.465      7.972   195.2936     1.6822     1.0111     0.0207      0.040     -0.099     -0.143         32 2.3462e+03 0.0000e+00
     -0.100    23.6127     7.4940     88.244  27.702639     28.434      7.965   196.3536     1.6862     1.0379     0.0207      0.034     -0.099     -0.143         33 2.3233e+03 0.0000e+00
     -0.100    23.5708     7.4885     88.227  27.710836     28.462      7.957   199.0793     1.6984     0.9842     0.0206      0.027     -0.099     -0.144         34 2.3317e+03 0.0000e+00
     -0.104    23.5411     7.4950     88.345  27.865213     28.663      7.959   204.7958     1.6620     1.0782     0.0207      0.018     -0.102     -0.148         35 2.3683e+03 0.0000e+00
     -0.107    23.5218     7.4862     88.274  27.925590     28.745      7.958   209.7551     1.6781     1.0916     0.0207      0.006     -0.103     -0.150         36 2.3969e+03 0.0000e+00
     -0.104    23.5070     7.4758     88.172  27.932180     28.763      7.957   207.0672     1.6903     1.0916     0.0207     -0.002     -0.105     -0.152         37 2.3907e+03 0.0000e+00
     -0.110    23.4927     7.4502     87.878  27.975609     28.832      7.950   203.4329     1.6862     0.7962     0.0208     -0.006     -0.111     -0.160         38 2.3700e+03 0.0000e+00
     -0.126    23.4852     7.4277     87.624  27.990137     28.841      7.933   201.7293     1.6781     0.8365     0.0208     -0.009     -0.120     -0.173         39 2.3824e+03 0.0000e+00
     -0.128    23.4980     7.4332     87.702  27.973399     28.849      7.931   203.8872     1.6660     0.8231     0.0208     -0.013     -0.121     -0.176         40 2.4073e+03 0.0000e+00
     -0.115    23.5107     7.4388     87.780  27.996444     28.854      7.926   206.0451     1.7024     0.8768     0.0208     -0.013     -0.116     -0.168         41 2.4060e+03 0.0000e+00
     -0.111    23.5098     7.4307     87.702  28.168987     29.048      7.891   208.6951     1.5892     0.8097     0.0208     -0.009     -0.114     -0.165         42 2.3983e+03 0.0000e+00
     -0.123    23.5247     7.4262     87.653  28.233019     29.097      7.857   208.5815     1.5649     0.8634     0.0209     -0.008     -0.120     -0.174         43 2.4128e+03 0.0000e+00
     -0.134    23.5537     7.4611     88.060  28.124281     28.984      7.865   208.4679     1.5487     0.8365     0.0208     -0.010     -0.127     -0.184         44 2.4325e+03 0.0000e+00
     -0.131    23.5782     7.5245     88.806  28.126426     28.974      7.882   212.5944     1.5568     0.8768     0.0208     -0.010     -0.126     -0.182         45 2.4461e+03 0.0000e+00
     -0.118    23.5982     7.5847     89.516  28.289639     29.129      7.900   212.5565     1.7226     0.7962     0.0209     -0.004     -0.118     -0.171         46 2.4527e+03 0.0000e+00
     -0.112    23.6102     7.6295     90.039  28.395508     29.230      7.898   212.8594     1.6984     0.8097     0.0209      0.002     -0.113     -0.163         47 2.4558e+03 0.0000e+00
     -0.114    23.6153     7.6484     90.261  28.409724     29.218      7.885   214.1465     1.6822     0.7828     0.0209      0.003     -0.113     -0.163         48 2.4723e+03 0.0000e+00
     -0.119    23.6224     7.6710     90.545  28.449823     29.268      7.879   211.7994     1.7064     0.7559     0.0210      0.001     -0.116     -0.168         49 2.4863e+03 0.0000e+00
     -0.122    23.6300     7.6683     90.568  28.523484     29.322      7.883   212.1779     1.6984     0.7962     0.0210      0.002     -0.120     -0.173         50 2.4617e+03 0.0000e+00
     -0.126    23.6379     7.6423     90.292  28.644175     29.462      7.889   212.4051     1.8075     0.9842     0.0210      0.003     -0.123     -0.178         51 2.4168e+03 0.0000e+00
     -0.127    23.6474     7.5959     89.741  28.714690     29.514      7.901   211.7994     1.8358     1.0111     0.0211      0.002     -0.125     -0.181         52 2.4018e+03 0.0000e+00
     -0.127    23.6501     7.5462     89.153  28.702554     29.510      7.912   212.9351     1.8278     1.0782     0.0211     -0.003     -0.125     -0.181         53 2.4220e+03 0.0000e+00
     -0.127    23.6476     7.5169     88.816  28.718570     29.504      7.924   213.5030     1.8278     1.0379     0.0211     -0.007     -0.124     -0.179         54 2.4398e+03 0.0000e+00
     -0.123    23.6466     7.4801     88.381  28.754051     29.560      7.934   216.3422     1.6458     1.1453     0.0211     -0.007     -0.121     -0.175         55 2.4537e+03 0.0000e+00
     -0.119    23.6457     7.4236     87.700  28.717692     29.504      7.942   215.9637     1.6579     1.0245     0.0211     -0.003     -0.119     -0.172         56 2.4742e+03 0.0000e+00
     -0.120    23.6433     7.3644     86.986  28.704524     29.505      7.937   216.8722     1.6094     1.0648     0.0211      0.001     -0.119     -0.173         57 2.4773e+03 0.0000e+00
     -0.126    23.6418     7.3091     86.326  28.711144     29.505      7.936   215.2444     1.6256     1.0379     0.0211      0.001     -0.122     -0.178         58 2.4562e+03 0.0000e+00
     -0.128    23.6534     7.2518     85.638  28.709454     29.507      7.935   214.7901     1.7064     1.0648     0.0211      0.001     -0.125     -0.181         59 2.4095e+03 0.0000e+00
     -0.129    23.6832     7.2007     85.018  28.765923     29.565      7.936   214.9037     1.6822     1.0111     0.0211     -0.000     -0.127     -0.184         60 2.3788e+03 0.0000e+00
     -0.133    23.7022     7.1751     84.704  28.818755     29.616      7.936   215.9637     1.7064     0.9976     0.0211     -0.003     -0.130     -0.189         61 2.4017e+03 0.0000e+00
     -0.135    23.7011     7.1686     84.629  28.821588     29.597      7.937   216.6451     1.6781     1.0782     0.0211     -0.006     -0.131     -0.190         62 2.4355e+03 0.0000e+00
     -0.131    23.7012     7.2008     85.021  28.821684     29.585      7.930   220.5065     1.6822     1.0916     0.0211     -0.007     -0.128     -0.186         63 2.4258e+03 0.0000e+00
     -0.125    23.7065     7.2198     85.243  28.818627     29.586      7.932   219.9008     1.7064     1.0111     0.0211     -0.005     -0.124     -0.181         64 2.3903e+03 0.0000e+00
     -0.127    23.7063     7.2221     85.253  28.825389     29.586      7.939   215.4337     1.6984     0.9574     0.0211     -0.002     -0.124     -0.181         65 2.3583e+03 0.0000e+00
     -0.129    23.6980     7.2096     85.090  28.753973     29.525      7.945   214.9794     1.6620     1.0916     0.0211     -0.000     -0.125     -0.181         66 2.3206e+03 0.0000e+00
     -0.126    23.6891     7.1820     84.755  28.670321     29.411      7.950   215.6608     1.6256     0.8365     0.0210      0.002     -0.122     -0.177         67 2.2852e+03 0.0000e+00
     -0.118    23.6843     7.1500     84.370  28.721959     29.502      7.950   216.6451     1.6377     0.8097     0.0211      0.005     -0.118     -0.171         68 2.2629e+03 0.0000e+00
     -0.119    23.6776     7.1034     83.816  28.660066     29.421      7.944   216.0772     1.6337     0.8634     0.0210      0.007     -0.117     -0.171         69 2.2576e+03 0.0000e+00
     -0.124    23.6674     7.0566     83.263  28.599110     29.367      7.945   215.9258     1.6134     0.8499     0.0210      0.006     -0.120     -0.175         70 2.2593e+03 0.0000e+00
     -0.126    23.6602     7.0275     82.925  28.590285     29.371      7.952   215.8501     1.5973     0.7291     0.0210      0.003     -0.122     -0.177         71 2.2608e+03 0.0000e+00
     -0.122    23.6616     6.9770     82.333  28.463519     29.234      7.962   217.2130     1.5690     0.8768     0.0210      0.002     -0.120     -0.175         72 2.2598e+03 0.0000e+00
     -0.120    23.6685     6.9620     82.160  28.460398     29.238      7.965   217.7808     1.5851     0.8097     0.0210      0.003     -0.119     -0.173         73 2.2615e+03 0.0000e+00
     -0.122    23.6675     6.9593     82.133  28.505229     29.295      7.967   218.9544     1.5568     0.8097     0.0210      0.002     -0.120     -0.174         74 2.2717e+03 0.0000e+00
     -0.124    23.6565     6.9706     82.278  28.467021     29.233      7.968   220.8094     1.5487     0.8365     0.0210     -0.000     -0.121     -0.176         75 2.2618e+03 0.0000e+00
     -0.124    23.6465     6.9860     82.473  28.448651     29.233      7.973   219.2194     1.8439     1.0648     0.0210     -0.002     -0.121     -0.176         76 2.2400e+03 0.0000e+00
     -0.122    23.6409     7.0017     82.665  28.409503     29.183      7.973   219.1058     1.8358     1.0648     0.0209     -0.001     -0.120     -0.174         77 2.2333e+03 0.0000e+00
     -0.120    23.6366     7.0052     82.707  28.397155     29.189      7.972   219.9765     1.8116     0.9842     0.0209      0.001     -0.118     -0.171         78 2.2339e+03 0.0000e+00
     -0.119    23.6335     7.0019     82.671  28.404727     29.192      7.972   221.6044     1.8278     1.0245     0.0209      0.002     -0.117     -0.169         79 2.2368e+03 0.0000e+00
     -0.118    23.6333     6.9998     82.656  28.400082     29.195      7.971   222.0965     1.9005     0.7559     0.0209      0.002     -0.117     -0.169         80 2.2277e+03 0.0000e+00
     -0.120    23.6361     6.9896     82.552  28.402937     29.196      7.961   220.3173     1.8763     0.8499     0.0209      0.002     -0.118     -0.171         81 2.2082e+03 0.0000e+00
     -0.124    23.6389     6.9680     82.305  28.401175     29.197      7.957   219.8630     1.8682     0.8365     0.0209      0.001     -0.121     -0.176         82 2.2021e+03 0.0000e+00
     -0.127    23.6412     6.9461     82.052  28.402276     29.195      7.954   220.6580     1.8884     0.8097     0.0209     -0.000     -0.122     -0.178         83 2.2086e+03 0.0000e+00
     -0.126    23.6451     6.9143     81.678  28.401566     29.193      7.957   221.7180     1.9046     1.1319     0.0209     -0.002     -0.122     -0.178         84 2.2297e+03 0.0000e+00
     -0.122    23.6524     6.8901     81.393  28.402055     29.192      7.959   221.5665     1.9005     1.0514     0.0209     -0.002     -0.120     -0.175         85 2.2602e+03 0.0000e+00
