Data/DataNotYetUploadedToEDI/Raw_CTD/RawDownloads/100518_bvr50.cnv
* Sea-Bird SBE19plus  Data File:
* FileName = C:\DATA\100518_bvr_0001.hex
* Software version 2.6.3.104
* Temperature SN = 7809
* Conductivity SN = 7809
* System UpLoad Time = Oct 05 2018 17:57:39
* <ApplicationData>
* <Seaterm232>
# nquan = 17
# nvalues = 1024                        
# units = specified
# name 0 = depFM: Depth [fresh water, m]
# name 1 = tv290C: Temperature [ITS-90, deg C]
# name 2 = sbeox0Mg/L: Oxygen, SBE 43 [mg/l]
# name 3 = sbeox0PS: Oxygen, SBE 43 [% saturation]
# name 4 = c0uS/cm: Conductivity [uS/cm]
# name 5 = specc: Specific Conductance [uS/cm]
# name 6 = ph: pH
# name 7 = orp: Oxidation Reduction Potential [mV]
# name 8 = flECO-AFL: Fluorescence, WET Labs ECO-AFL/FL [mg/m^3]
# name 9 = turbWETntu0: Turbidity, WET Labs ECO [NTU]
# name 10 = sal00: Salinity, Practical [PSU]
# name 11 = dz/dtM: Descent Rate [m/s]
# name 12 = prdM: Pressure, Strain Gauge [db]
# name 13 = prdE: Pressure, Strain Gauge [psi]
# name 14 = scan: Scan Count
# name 15 = par/sat/log: PAR/Logarithmic, Satlantic
# name 16 = flag:  0.000e+00
# span 0 =     -0.620,     10.454       
# span 1 =     8.2188,    28.4189       
# span 2 =     0.0729,     9.5104       
# span 3 =      0.619,    111.994       
# span 4 =   0.315931, 145.078951       
# span 5 =      0.634,    218.204       
# span 6 =     -2.388,      8.038       
# span 7 = -1240.7455,  1240.2295       
# span 8 =    -0.8330,    12.7335       
# span 9 =    -0.7211,    34.1244       
# span 10 =     0.0130,     0.1010      
# span 11 =     -0.126,      0.165      
# span 12 =     -0.608,     10.251      
# span 13 =     -0.881,     14.868      
# span 14 =          1,       1024      
# span 15 = 1.2347e-01, 2.4863e+03      
# span 16 = 0.0000e+00, 0.0000e+00      
# interval = seconds: 0.25
# start_time = Oct 05 2018 18:09:51 [Instrument's time stamp, header]
# bad_flag = -9.990e-29
*END*
[from data line 171]
     -0.108    24.0490     5.8547     69.739  28.653041     29.211      7.941   234.2487     1.9612     1.1319     0.0211      0.011     -0.106     -0.153        172 2.4332e+03 0.0000e+00
     -0.107    24.0392     6.4362     76.317  28.621907     29.181      7.944   233.1130     1.9733     1.0648     0.0210      0.012     -0.103     -0.149        173 2.4418e+03 0.0000e+00
     -0.099    24.0180     7.2180     85.389  28.516356     29.063      7.946   233.6430     1.9572     1.0379     0.0210      0.013     -0.097     -0.141        174 2.4326e+03 0.0000e+00
     -0.092    24.0118     7.9518     93.939  28.517568     29.068      7.948   234.7030     1.9733     1.0514     0.0210      0.014     -0.094     -0.136        175 2.3894e+03 0.0000e+00
     -0.097    24.0079     8.5823    101.284  28.590753     29.167      7.951   232.8859     1.9369     1.0379     0.0210      0.012     -0.098     -0.141        176 2.3039e+03 0.0000e+00
     -0.108    24.0003     9.0589    106.812  28.603168     29.171      7.940   232.4316     1.8358     1.0111     0.0210      0.007     -0.109     -0.157        177 2.2348e+03 0.0000e+00
     -0.126    24.1233     9.3716    110.411  28.709654     29.286      7.936   232.2044     1.8318     1.0514     0.0211     -0.002     -0.130     -0.189        178 2.2049e+03 0.0000e+00
     -0.165    24.3565     9.5104    111.994  28.754713     29.349      7.930   231.4473     1.8197     1.0782     0.0211     -0.019     -0.164     -0.239        179 2.1731e+03 0.0000e+00
     -0.212    24.5147     9.4992    111.841  28.843562     29.335      7.933   232.1666     1.8197     1.0379     0.0211     -0.043     -0.203     -0.295        180 2.1700e+03 0.0000e+00
     -0.242    24.4486     9.3518    110.099  28.776923     29.189      7.937   232.9994     1.4881     1.0379     0.0211     -0.069     -0.238     -0.345        181 2.2162e+03 0.0000e+00
     -0.274    24.1478     9.1414    107.620  28.066740     28.312      7.928   230.1601     1.5124     0.9842     0.0208     -0.094     -0.270     -0.391        182 2.2927e+03 0.0000e+00
     -0.311    23.8938     8.9307    105.140  27.563089     27.860      7.937   232.6966     1.5245     1.0379     0.0206     -0.115     -0.300     -0.435        183 2.3652e+03 0.0000e+00
     -0.333    23.7738     8.7248    102.715  27.565635     28.043      7.950   229.6301     1.5002     0.9842     0.0206     -0.126     -0.318     -0.460        184 2.3578e+03 0.0000e+00
     -0.326    23.6964     8.5235    100.351  27.648611     28.269      7.957   232.2423     1.7064     1.1051     0.0206     -0.121     -0.318     -0.461        185 2.3326e+03 0.0000e+00
     -0.315    23.6440     8.3320     98.140  27.697084     28.398      7.954   231.5987     1.7064     1.1453     0.0207     -0.101     -0.310     -0.450        186 2.3330e+03 0.0000e+00
     -0.309    23.5947     8.1533     96.088  27.653596     28.384      7.953   231.3716     1.6822     1.0648     0.0206     -0.073     -0.303     -0.440        187 2.3254e+03 0.0000e+00
     -0.303    23.5535     7.9975     94.284  27.554532     28.329      7.956   232.2801     1.6781     1.0514     0.0206     -0.043     -0.298     -0.433        188 2.3265e+03 0.0000e+00
     -0.300    23.5274     7.8694     92.800  27.464638     28.242      7.954   232.4694     1.6984     0.9976     0.0205     -0.019     -0.296     -0.429        189 2.3246e+03 0.0000e+00
     -0.301    23.5178     7.7392     91.288  27.498672     28.324      7.954   233.2266     1.6903     1.0916     0.0206      0.000     -0.297     -0.430        190 2.3261e+03 0.0000e+00
     -0.306    23.5148     7.6127     89.814  27.571483     28.397      7.958   232.8859     1.7105     1.0514     0.0206      0.012     -0.299     -0.433        191 2.3230e+03 0.0000e+00
     -0.305    23.5140     7.4891     88.376  27.581557     28.431      7.961   232.5073     1.7024     1.0514     0.0206      0.013     -0.299     -0.433        192 2.3040e+03 0.0000e+00
     -0.302    23.5141     7.3700     86.985  27.575078     28.404      7.962   232.2801     1.6134     0.8097     0.0206      0.009     -0.296     -0.430        193 2.2921e+03 0.0000e+00
     -0.300    23.5127     7.2557     85.637  27.638840     28.491      7.964   232.9237     1.6175     0.7962     0.0206      0.005     -0.294     -0.428        194 2.2908e+03 0.0000e+00
     -0.300    23.5169     7.1632     84.462  27.650437     28.491      7.962   233.4916     1.6539     0.8231     0.0206      0.002     -0.293     -0.425        195 2.2887e+03 0.0000e+00
     -0.297    23.5398     7.1005     83.578  27.649585     28.492      7.966   233.1130     1.6418     0.8365     0.0206      0.002     -0.290     -0.421        196 2.2842e+03 0.0000e+00
     -0.291    23.5686     7.1064     83.499  27.639901     28.490      7.964   233.1887     1.6418     0.8365     0.0206      0.004     -0.283     -0.412        197 2.2841e+03 0.0000e+00
     -0.282    23.5874     7.1926     84.399  27.573547     28.390      7.967   233.5673     1.6377     1.0379     0.0206      0.009     -0.273     -0.396        198 2.2946e+03 0.0000e+00
     -0.263    23.6025     7.3439     86.081  27.643215     28.459      7.967   233.8323     1.6094     1.0379     0.0206      0.017     -0.256     -0.370        199 2.3036e+03 0.0000e+00
     -0.238    23.6154     7.5756     88.673  27.642129     28.448      7.958   232.2044     1.6458     1.0916     0.0206      0.028     -0.231     -0.335        200 2.2768e+03 0.0000e+00
     -0.206    23.6277     7.8315     91.520  27.574891     28.353      7.946   230.9930     1.6418     1.0916     0.0206      0.043     -0.200     -0.290        201 2.2517e+03 0.0000e+00
     -0.169    23.6387     8.0996     94.534  27.637947     28.431      7.938   231.1066     1.6215     0.9574     0.0206      0.062     -0.166     -0.240        202 2.2472e+03 0.0000e+00
     -0.132    23.6491     8.3422     97.274  27.711883     28.482      7.939   230.3116     1.6215     0.9976     0.0206      0.083     -0.131     -0.190        203 2.2457e+03 0.0000e+00
     -0.100    23.6471     8.5462     99.585  27.631106     28.418      7.941   229.6301     1.6458     1.1185     0.0206      0.101     -0.099     -0.144        204 2.1954e+03 0.0000e+00
     -0.071    23.5961     8.6934    101.243  27.590238     28.326      7.937   227.2830     1.5932     1.0648     0.0206      0.115     -0.071     -0.103        205 2.2070e+03 0.0000e+00
     -0.047    23.5040     8.7561    101.926  27.614510     28.412      7.937   226.9423     1.5528     0.8097     0.0206      0.122     -0.046     -0.066        206 1.8359e+03 0.0000e+00
     -0.022    23.4104     8.7482    101.790  27.482320     28.242      7.937   226.1851     1.5690     0.7962     0.0205      0.123     -0.019     -0.028        207 1.4200e+03 0.0000e+00
      0.008    23.3392     8.6920    101.104  27.369366     28.238      7.938   223.0808     1.5528     0.8365     0.0205      0.120      0.012      0.017        208 1.2981e+03 0.0000e+00
      0.050    23.2815     8.6260    100.288  27.310422     28.177      7.943   222.4373     1.5649     0.7559     0.0205      0.120      0.049      0.071        209 1.2350e+03 0.0000e+00
      0.090    23.2075     8.5750     99.651  27.259250     28.218      7.946   222.5508     1.7550     1.0782     0.0205      0.121      0.086      0.124        210 1.3620e+03 0.0000e+00
      0.121    23.1237     8.5277     99.055  27.195911     28.136      7.948   222.8537     1.7590     1.1453     0.0204      0.123      0.119      0.173        211 9.9089e+02 0.0000e+00
      0.155    23.0555     8.5038     98.742  27.092816     28.121      7.951   221.0744     1.7509     1.0379     0.0204      0.127      0.154      0.223        212 9.0194e+02 0.0000e+00
      0.196    23.0066     8.4828     98.460  27.002188     28.026      7.950   221.0744     1.7550     1.0514     0.0203      0.133      0.193      0.279        213 1.0309e+03 0.0000e+00
      0.238    22.9699     8.4699     98.284  27.012271     28.123      7.950   221.4530     1.6984     0.9976     0.0203      0.141      0.233      0.337        214 7.6999e+02 0.0000e+00
      0.278    22.9413     8.4791     98.364  26.991356     28.094      7.951   221.8694     1.6943     0.8902     0.0203      0.147      0.270      0.392        215 7.2835e+02 0.0000e+00
      0.311    22.9157     8.4861     98.415  26.968946     28.115      7.949   222.5887     1.6903     1.0916     0.0203      0.148      0.304      0.442        216 9.2757e+02 0.0000e+00
      0.342    22.8943     8.4923     98.452  26.921594     28.074      7.951   223.3080     1.7064     1.0916     0.0203      0.146      0.335      0.487        217 7.9750e+02 0.0000e+00
      0.374    22.8757     8.5142     98.667  26.872424     28.030      7.948   224.3301     1.7024     1.0916     0.0203      0.143      0.365      0.530        218 7.4680e+02 0.0000e+00
      0.401    22.8522     8.5432     98.958  26.941210     28.131      7.945   225.2766     1.7752     1.0111     0.0203      0.140      0.391      0.568        219 1.1190e+03 0.0000e+00
      0.422    22.8272     8.5743     99.267  26.924936     28.112      7.938   225.9958     1.7711     1.0379     0.0203      0.132      0.414      0.601        220 9.4522e+02 0.0000e+00
      0.444    22.8044     8.6054     99.577  26.922331     28.127      7.938   226.4501     1.7711     1.0648     0.0203      0.121      0.435      0.632        221 7.9307e+02 0.0000e+00
      0.467    22.7841     8.6345     99.868  26.914813     28.141      7.936   227.1316     1.7388     1.0379     0.0203      0.111      0.457      0.662        222 6.7825e+02 0.0000e+00
      0.485    22.7653     8.6683    100.222  26.875010     28.096      7.938   226.9044     1.8965     0.9976     0.0203      0.101      0.477      0.691        223 6.8159e+02 0.0000e+00
      0.507    22.7501     8.6876    100.416  26.912586     28.166      7.941   227.8887     1.8803     1.0245     0.0203      0.094      0.497      0.721        224 8.4331e+02 0.0000e+00
      0.528    22.7359     8.6918    100.426  26.868060     28.119      7.942   227.9644     1.9167     0.9574     0.0202      0.089      0.518      0.751        225 6.9508e+02 0.0000e+00
      0.549    22.7197     8.6952    100.418  26.841492     28.098      7.948   228.4944     1.9005     1.0245     0.0202      0.085      0.541      0.784        226 7.7322e+02 0.0000e+00
      0.578    22.7015     8.6925    100.343  26.856718     28.137      7.952   227.9266     2.1593     1.0111     0.0202      0.085      0.568      0.824        227 7.8942e+02 0.0000e+00
      0.610    22.6803     8.7075    100.467  26.819474     28.087      7.953   228.0780     2.1351     1.0111     0.0202      0.089      0.598      0.868        228 6.6106e+02 0.0000e+00
      0.641    22.6566     8.7333    100.725  26.798914     28.098      7.956   227.4344     2.1553     1.1453     0.0202      0.095      0.628      0.910        229 6.2854e+02 0.0000e+00
      0.669    22.6301     8.7579    100.978  26.763730     28.052      7.960   228.0401     2.1553     1.1185     0.0202      0.100      0.655      0.950        230 7.1306e+02 0.0000e+00
      0.694    22.6032     8.7839    101.247  26.744686     28.066      7.966   228.3430     2.0866     0.9439     0.0202      0.105      0.680      0.985        231 7.9218e+02 0.0000e+00
      0.716    22.5792     8.8171    101.599  26.763334     28.081      7.964   228.5323     2.0785     0.9305     0.0202      0.107      0.701      1.016        232 6.3359e+02 0.0000e+00
      0.734    22.5604     8.8385    101.813  26.770180     28.127      7.970   228.7594     2.0542     1.0648     0.0202      0.105      0.720      1.044        233 6.0586e+02 0.0000e+00
      0.752    22.5450     8.8504    101.915  26.706532     28.053      7.973   228.6837     2.0744     1.1051     0.0202      0.101      0.739      1.072        234 6.9483e+02 0.0000e+00
      0.776    22.5247     8.8571    101.969  26.694327     28.064      7.977   228.5323     2.1027     1.1051     0.0202      0.095      0.762      1.105        235 6.5343e+02 0.0000e+00
      0.803    22.5004     8.8708    102.098  26.696440     28.073      7.979   228.6459     2.0866     0.9574     0.0202      0.090      0.788      1.142        236 5.5204e+02 0.0000e+00
      0.830    22.4769     8.8846    102.222  26.703908     28.085      7.981   228.7594     2.0744     1.0379     0.0202      0.089      0.814      1.181        237 5.2785e+02 0.0000e+00
      0.858    22.4519     8.8939    102.296  26.685042     28.099      7.985   229.8194     2.0866     1.0111     0.0202      0.090      0.840      1.219        238 5.8992e+02 0.0000e+00
      0.883    22.4309     8.8934    102.257  26.630993     28.025      7.983   230.1601     2.0946     1.0648     0.0201      0.093      0.865      1.254        239 5.3826e+02 0.0000e+00
      0.904    22.4155     8.8957    102.252  26.652600     28.099      7.982   230.3494     2.2887     1.1051     0.0201      0.096      0.886      1.284        240 4.9528e+02 0.0000e+00
      0.923    22.3992     8.9122    102.403  26.569227     27.993      7.984   230.1601     2.2604     1.1185     0.0201      0.097      0.906      1.313        241 4.6912e+02 0.0000e+00
      0.944    22.3834     8.9247    102.508  26.556889     28.002      7.983   230.4251     2.2483     1.0379     0.0201      0.096      0.926      1.343        242 4.5500e+02 0.0000e+00
      0.966    22.3668     8.9311    102.544  26.608672     28.071      7.986   230.8794     2.2685     1.1051     0.0201      0.092      0.947      1.373        243 4.8694e+02 0.0000e+00
      0.987    22.3494     8.9302    102.494  26.564080     28.021      7.987   231.5987     2.2806     1.0782     0.0201      0.089      0.968      1.404        244 4.5320e+02 0.0000e+00
      1.010    22.3365     8.9251    102.405  26.553098     28.031      7.986   232.2801     2.2766     0.9976     0.0201      0.086      0.991      1.437        245 4.6024e+02 0.0000e+00
      1.034    22.3221     8.9208    102.351  26.563055     28.042      7.987   232.9237     2.2523     1.0514     0.0201      0.085      1.014      1.471        246 4.7584e+02 0.0000e+00
      1.059    22.3047     8.9193    102.347  26.551697     28.049      7.992   233.3023     2.2847     0.9574     0.0201      0.086      1.039      1.507        247 4.4787e+02 0.0000e+00
      1.086    22.2877     8.9079    102.197  26.507949     27.999      7.994   234.0216     2.2766     1.0782     0.0201      0.089      1.065      1.545        248 4.5643e+02 0.0000e+00
      1.113    22.2710     8.8924    101.981  26.498924     28.009      7.993   233.7187     2.3009     1.0245     0.0201      0.093      1.090      1.582        249 4.1708e+02 0.0000e+00
      1.138    22.2545     8.8859    101.858  26.503645     28.019      7.999   233.4916     2.2766     1.0514     0.0201      0.096      1.115      1.617        250 3.9695e+02 0.0000e+00
      1.160    22.2353     8.8856    101.809  26.502080     28.029      8.001   232.6966     2.2968     1.0916     0.0201      0.097      1.137      1.649        251 4.2805e+02 0.0000e+00
      1.182    22.2159     8.8850    101.769  26.500879     28.039      8.003   232.3559     2.4667     1.1185     0.0201      0.097      1.159      1.681        252 4.1633e+02 0.0000e+00
      1.205    22.1967     8.8829    101.708  26.505146     28.050      8.000   232.0909     2.4869     1.0916     0.0201      0.096      1.181      1.713        253 4.0402e+02 0.0000e+00
      1.226    22.1769     8.8775    101.614  26.496777     28.062      8.003   232.7344     2.4586     1.0916     0.0201      0.094      1.201      1.743        254 3.6788e+02 0.0000e+00
      1.246    22.1610     8.8660    101.456  26.452012     28.014      8.001   232.8859     2.4707     0.9976     0.0200      0.091      1.221      1.770        255 3.5515e+02 0.0000e+00
