Data/DataNotYetUploadedToEDI/Raw_CTD/RawDownloads/100518_bvr50.cnv
* Sea-Bird SBE19plus  Data File:
* FileName = C:\DATA\100518_bvr_0001.hex
* Software version 2.6.3.104
* Temperature SN = 7809
* Conductivity SN = 7809
* System UpLoad Time = Oct 05 2018 17:57:39
* <ApplicationData>
* <Seaterm232>
# nquan = 17
# nvalues = 1024                        
# units = specified
# name 0 = depFM: Depth [fresh water, m]
# name 1 = tv290C: Temperature [ITS-90, deg C]
# name 2 = sbeox0Mg/L: Oxygen, SBE 43 [mg/l]
# name 3 = sbeox0PS: Oxygen, SBE 43 [% saturation]
# name 4 = c0uS/cm: Conductivity [uS/cm]
# name 5 = specc: Specific Conductance [uS/cm]
# name 6 = ph: pH
# name 7 = orp: Oxidation Reduction Potential [mV]
# name 8 = flECO-AFL: Fluorescence, WET Labs ECO-AFL/FL [mg/m^3]
# name 9 = turbWETntu0: Turbidity, WET Labs ECO [NTU]
# name 10 = sal00: Salinity, Practical [PSU]
# name 11 = dz/dtM: Descent Rate [m/s]
# name 12 = prdM: Pressure, Strain Gauge [db]
# name 13 = prdE: Pressure, Strain Gauge [psi]
# name 14 = scan: Scan Count
# name 15 = par/sat/log: PAR/Logarithmic, Satlantic
# name 16 = flag:  0.000e+00
# span 0 =     -0.620,     10.454       
# span 1 =     8.2188,    28.4189       
# span 2 =     0.0729,     9.5104       
# span 3 =      0.619,    111.994       
# span 4 =   0.315931, 145.078951       
# span 5 =      0.634,    218.204       
# span 6 =     -2.388,      8.038       
# span 7 = -1240.7455,  1240.2295       
# span 8 =    -0.8330,    12.7335       
# span 9 =    -0.7211,    34.1244       
# span 10 =     0.0130,     0.1010      
# span 11 =     -0.126,      0.165      
# span 12 =     -0.608,     10.251      
# span 13 =     -0.881,     14.868      
# span 14 =          1,       1024      
# span 15 = 1.2347e-01, 2.4863e+03      
# span 16 = 0.0000e+00, 0.0000e+00      
# interval = seconds: 0.25
# start_time = Oct 05 2018 18:09:51 [Instrument's time stamp, header]
# bad_flag = -9.990e-29
*END*
[from data line 766]
      7.076     9.7787     0.1113      0.975  67.631440     97.119      6.577    46.6282     1.8035     1.0648     0.0458      0.052      6.940     10.066        767 1.9085e+00 0.0000e+00
      7.095     9.7559     0.1149      1.006  68.239077     98.022      6.581    45.6439     1.7752     1.3871     0.0462      0.053      6.960     10.095        768 1.8779e+00 0.0000e+00
      7.122     9.7298     0.1092      0.956  69.135948     99.373      6.583    44.6975     1.7428     1.5482     0.0468      0.058      6.984     10.130        769 1.8510e+00 0.0000e+00
      7.150     9.6995     0.1016      0.889  70.317966    101.170      6.582    44.0160     1.7833     1.5079     0.0476      0.066      7.009     10.166        770 1.8350e+00 0.0000e+00
      7.170     9.6713     0.1014      0.887  71.283925    102.616      6.582    43.3346     1.7752     1.4005     0.0482      0.073      7.032     10.198        771 1.8236e+00 0.0000e+00
      7.191     9.6465     0.1040      0.909  72.093357    103.877      6.585    43.1453     1.7307     1.4139     0.0488      0.080      7.052     10.228        772 1.7840e+00 0.0000e+00
      7.212     9.6201     0.1058      0.924  73.024700    105.294      6.583    42.6153     1.8237     1.0379     0.0494      0.085      7.073     10.259        773 1.7137e+00 0.0000e+00
      7.236     9.5892     0.1026      0.895  74.017399    106.824      6.587    42.1610     1.8197     0.9842     0.0501      0.088      7.096     10.292        774 1.6952e+00 0.0000e+00
      7.260     9.5568     0.1054      0.919  74.988367    108.280      6.590    41.2146     1.8116     0.9574     0.0507      0.090      7.119     10.325        775 1.6783e+00 0.0000e+00
      7.282     9.5295     0.0997      0.869  75.798360    109.591      6.589    40.6467     1.8116     1.0111     0.0513      0.090      7.140     10.356        776 1.6437e+00 0.0000e+00
      7.301     9.5100     0.1006      0.877  76.248609    110.303      6.593    39.6246     1.8884     0.9842     0.0516      0.088      7.160     10.385        777 1.6419e+00 0.0000e+00
      7.321     9.4976     0.1015      0.884  76.716390    111.079      6.595    39.4732     1.8803     1.0379     0.0520      0.086      7.180     10.414        778 1.6534e+00 0.0000e+00
      7.342     9.4865     0.1033      0.899  77.207437    111.872      6.595    38.8296     1.9005     0.9842     0.0523      0.085      7.201     10.444        779 1.6101e+00 0.0000e+00
      7.365     9.4674     0.0983      0.856  77.628770    112.481      6.599    38.2996     1.8844     1.0245     0.0526      0.085      7.223     10.476        780 1.5579e+00 0.0000e+00
      7.388     9.4415     0.0975      0.848  78.272518    113.490      6.600    37.6939     1.5811     1.2662     0.0531      0.085      7.247     10.511        781 1.5090e+00 0.0000e+00
      7.419     9.4143     0.0963      0.838  79.021821    114.610      6.603    36.9746     1.5649     1.2528     0.0536      0.086      7.276     10.553        782 1.4633e+00 0.0000e+00
      7.451     9.3841     0.0992      0.863  79.817166    115.876      6.606    36.2174     1.5771     1.2393     0.0541      0.091      7.308     10.599        783 1.4552e+00 0.0000e+00
      7.486     9.3523     0.0959      0.834  80.492901    116.944      6.609    35.2710     1.5649     1.2931     0.0546      0.099      7.342     10.647        784 1.3810e+00 0.0000e+00
      7.523     9.3235     0.0977      0.849  81.242552    118.106      6.610    34.8167     1.3668     1.0916     0.0551      0.108      7.372     10.692        785 1.3394e+00 0.0000e+00
      7.543     9.3015     0.0965      0.839  81.648757    118.909      6.614    34.5896     1.3830     1.0245     0.0555      0.113      7.393     10.722        786 1.3436e+00 0.0000e+00
      7.550     9.2884     0.0992      0.862  81.503454    118.641      6.618    34.2867     1.3749     1.0916     0.0553      0.111      7.405     10.740        787 1.3234e+00 0.0000e+00
      7.561     9.2800     0.0965      0.839  81.572040    118.963      6.623    34.0217     1.3708     0.9305     0.0555      0.104      7.420     10.761        788 1.3051e+00 0.0000e+00
      7.587     9.2673     0.0982      0.853  82.039059    119.539      6.627    32.2424     1.2293     0.7828     0.0557      0.096      7.440     10.791        789 1.2556e+00 0.0000e+00
      7.612     9.2541     0.0943      0.820  82.705923    120.712      6.628    31.2581     1.2374     0.7694     0.0563      0.089      7.465     10.827        790 1.2314e+00 0.0000e+00
      7.637     9.2435     0.0907      0.788  83.239306    121.369      6.631    29.4031     1.2455     0.8634     0.0565      0.083      7.490     10.863        791 1.2140e+00 0.0000e+00
      7.664     9.2267     0.0952      0.827  83.991431    122.645      6.638    28.7596     1.2455     0.8097     0.0571      0.080      7.515     10.899        792 1.1767e+00 0.0000e+00
      7.688     9.2105     0.0947      0.822  85.278096    124.438      6.643    27.9267     1.2900     0.8231     0.0579      0.082      7.538     10.933        793 1.1331e+00 0.0000e+00
      7.708     9.1990     0.0927      0.804  87.822404    128.268      6.648    27.0560     1.2819     0.7828     0.0597      0.087      7.557     10.961        794 1.1110e+00 0.0000e+00
      7.722     9.1890     0.0991      0.859  89.329105    130.745      6.651    27.0938     1.2900     0.7559     0.0608      0.091      7.571     10.981        795 1.1002e+00 0.0000e+00
      7.730     9.1824     0.1044      0.905  89.201498    130.174      6.657    26.4124     1.3102     0.8902     0.0606      0.087      7.583     10.998        796 1.0978e+00 0.0000e+00
      7.745     9.1825     0.0977      0.846  89.111216    130.581      6.661    24.7088     1.1282     1.0648     0.0607      0.079      7.595     11.016        797 1.0752e+00 0.0000e+00
      7.760     9.1898     0.1013      0.877  88.133038    128.679      6.665    24.1410     1.0918     1.1319     0.0599      0.071      7.609     11.036        798 1.0435e+00 0.0000e+00
      7.773     9.1924     0.0977      0.846  88.337227    129.295      6.670    23.0810     1.0999     1.0111     0.0601      0.063      7.624     11.057        799 1.0483e+00 0.0000e+00
      7.791     9.1781     0.0933      0.808  88.886824    130.003      6.675    22.3238     1.1282     1.0514     0.0605      0.058      7.640     11.080        800 1.0266e+00 0.0000e+00
      7.807     9.1560     0.0897      0.777  89.263033    130.403      6.678    21.6045     1.0878     1.0111     0.0607      0.056      7.656     11.104        801 9.8819e-01 0.0000e+00
      7.824     9.1370     0.0909      0.786  90.486017    132.506      6.680    21.1881     1.1606     1.4676     0.0616      0.057      7.673     11.129        802 9.3313e-01 0.0000e+00
      7.843     9.1161     0.0931      0.806  90.784834    132.802      6.684    20.2795     1.1686     1.4408     0.0617      0.060      7.691     11.155        803 9.2787e-01 0.0000e+00
      7.861     9.0958     0.0955      0.827  90.735016    132.953      6.689    19.1060     1.2010     1.4676     0.0618      0.064      7.709     11.180        804 9.1922e-01 0.0000e+00
      7.879     9.0746     0.0998      0.863  90.785963    132.997      6.693    18.8788     1.1727     1.5079     0.0618      0.066      7.725     11.204        805 8.6946e-01 0.0000e+00
      7.892     9.0535     0.0954      0.826  90.840419    133.238      6.696    17.7052     1.2131     0.8499     0.0619      0.067      7.739     11.224        806 8.5201e-01 0.0000e+00
      7.904     9.0416     0.0936      0.810  90.994418    133.487      6.700    16.2288     1.1767     0.7828     0.0620      0.066      7.752     11.244        807 8.5136e-01 0.0000e+00
      7.921     9.0375     0.0909      0.786  91.189152    133.899      6.703    15.5474     1.1686     0.8768     0.0622      0.064      7.767     11.265        808 8.6068e-01 0.0000e+00
      7.935     9.0313     0.0928      0.802  91.401102    134.234      6.705    15.5852     1.1727     0.7425     0.0623      0.062      7.782     11.286        809 8.6493e-01 0.0000e+00
      7.949     9.0184     0.0913      0.790  91.712124    134.703      6.710    15.8881     1.1161     0.7694     0.0626      0.060      7.797     11.307        810 8.5222e-01 0.0000e+00
      7.967     9.0056     0.0854      0.738  92.170211    135.426      6.714    16.0774     1.1080     0.7291     0.0629      0.059      7.812     11.330        811 8.3259e-01 0.0000e+00
      7.981     9.0000     0.0919      0.794  92.407352    135.809      6.717    15.7745     1.1161     0.7828     0.0631      0.058      7.827     11.352        812 8.1843e-01 0.0000e+00
      7.996     8.9968     0.0944      0.816  92.517487    136.024      6.721    14.9038     1.1120     0.7291     0.0631      0.058      7.842     11.374        813 8.0640e-01 0.0000e+00
      8.013     8.9916     0.0969      0.837  92.717250    136.336      6.727    14.1845     1.0514     1.0111     0.0633      0.060      7.857     11.396        814 8.1434e-01 0.0000e+00
      8.026     8.9907     0.0919      0.794  92.932080    136.676      6.729    13.7302     1.0554     0.9842     0.0634      0.060      7.870     11.415        815 7.8274e-01 0.0000e+00
      8.037     8.9926     0.0928      0.801  93.053210    136.865      6.733    13.5788     1.0514     0.9574     0.0635      0.059      7.881     11.430        816 7.6142e-01 0.0000e+00
      8.045     8.9880     0.0865      0.747  93.072150    136.908      6.739    12.9731     1.0312     1.0379     0.0635      0.056      7.890     11.444        817 7.4427e-01 0.0000e+00
      8.055     8.9767     0.0903      0.780  93.205949    137.066      6.744    12.3674     1.0595     1.0782     0.0636      0.052      7.899     11.457        818 7.0888e-01 0.0000e+00
      8.065     8.9673     0.0875      0.755  93.451835    137.495      6.746    12.2159     1.0473     1.0648     0.0638      0.048      7.909     11.472        819 7.5943e-01 0.0000e+00
      8.077     8.9591     0.0846      0.730  93.450266    137.502      6.754    11.6481     1.0554     1.0782     0.0638      0.045      7.923     11.492        820 7.4277e-01 0.0000e+00
      8.098     8.9482     0.0865      0.747  93.624332    137.786      6.753    10.7395     1.0756     0.9842     0.0639      0.045      7.940     11.516        821 7.0661e-01 0.0000e+00
      8.115     8.9386     0.0883      0.762  93.949097    138.356      6.756    10.2474     0.9220     0.9574     0.0642      0.047      7.957     11.540        822 7.2582e-01 0.0000e+00
      8.127     8.9310     0.0934      0.806  93.997944    138.401      6.759     9.6038     0.9058     0.9439     0.0642      0.050      7.971     11.560        823 6.7504e-01 0.0000e+00
      8.142     8.9239     0.0930      0.803  94.247690    138.853      6.765     8.9602     0.9139     0.9171     0.0644      0.053      7.984     11.580        824 6.4907e-01 0.0000e+00
      8.155     8.9204     0.0969      0.835  94.560413    139.338      6.769     8.5438     0.8937     0.9036     0.0646      0.056      7.997     11.599        825 6.5661e-01 0.0000e+00
      8.167     8.9200     0.0956      0.824  94.501141    139.285      6.772     8.2031     1.0554     1.0782     0.0646      0.057      8.011     11.618        826 6.4169e-01 0.0000e+00
      8.184     8.9156     0.0901      0.777  94.589170    139.382      6.774     7.2945     1.0716     1.0379     0.0646      0.058      8.027     11.642        827 6.4131e-01 0.0000e+00
      8.205     8.9043     0.0978      0.843  95.164778    140.293      6.779     6.8402     1.0635     1.0648     0.0651      0.059      8.045     11.669        828 6.4784e-01 0.0000e+00
      8.222     8.8920     0.0902      0.778  95.896825    141.343      6.781     6.3481     1.0554     1.0245     0.0656      0.059      8.062     11.692        829 6.2139e-01 0.0000e+00
      8.234     8.8851     0.0854      0.736  96.385159    142.177      6.786     5.8938     1.0231     0.9574     0.0659      0.060      8.075     11.710        830 6.0837e-01 0.0000e+00
      8.245     8.8815     0.0860      0.741  96.639424    142.518      6.788     5.9316     1.0999     1.0916     0.0661      0.060      8.085     11.726        831 6.0849e-01 0.0000e+00
      8.255     8.8763     0.0892      0.769  96.889350    143.002      6.792     5.4016     1.0837     0.9842     0.0663      0.059      8.096     11.742        832 5.8671e-01 0.0000e+00
      8.268     8.8686     0.0797      0.687  97.264107    143.472      6.796     4.3038     1.1080     1.0245     0.0665      0.057      8.110     11.761        833 5.7541e-01 0.0000e+00
      8.284     8.8605     0.0863      0.744  97.571282    144.073      6.799     3.9252     1.1201     1.0245     0.0668      0.055      8.125     11.785        834 5.4413e-01 0.0000e+00
      8.304     8.8540     0.0851      0.733  97.786331    144.271      6.803     2.9409     1.0392     0.7694     0.0669      0.055      8.143     11.811        835 5.2493e-01 0.0000e+00
      8.323     8.8496     0.0824      0.710  98.097261    144.928      6.805     2.5245     1.0473     0.7559     0.0672      0.055      8.158     11.833        836 5.1453e-01 0.0000e+00
      8.330     8.8469     0.0905      0.780  98.136374    144.872      6.808     2.3731     1.0392     0.8499     0.0671      0.055      8.166     11.845        837 5.0898e-01 0.0000e+00
      8.329     8.8455     0.0891      0.767  98.094675    144.933      6.811     1.2752     1.0554     0.9305     0.0672      0.053      8.170     11.850        838 5.1090e-01 0.0000e+00
      8.336     8.8459     0.0891      0.767  98.119408    144.903      6.816     0.1773     0.9745     0.7022     0.0672      0.049      8.177     11.860        839 5.1839e-01 0.0000e+00
      8.349     8.8483     0.0911      0.784  98.135347    144.992      6.816    -1.0341     0.9665     0.8097     0.0672      0.045      8.190     11.878        840 5.0261e-01 0.0000e+00
      8.367     8.8528     0.0918      0.790  98.283100    145.155      6.819    -1.2991     0.9745     0.7559     0.0673      0.043      8.205     11.900        841 4.6481e-01 0.0000e+00
      8.383     8.8543     0.0926      0.797  98.500808    145.518      6.821    -1.7155     0.9745     0.7559     0.0674      0.042      8.220     11.922        842 4.8287e-01 0.0000e+00
      8.397     8.8455     0.0884      0.761  98.786709    145.871      6.826    -2.2834     0.9745     1.0916     0.0676      0.042      8.233     11.942        843 4.9087e-01 0.0000e+00
      8.408     8.8301     0.0867      0.747  99.057869    146.320      6.828    -2.6241     0.9867     1.1319     0.0678      0.044      8.245     11.959        844 4.7623e-01 0.0000e+00
      8.418     8.8160     0.0828      0.713  99.264187    146.606      6.831    -2.3212     1.0109     0.9842     0.0679      0.049      8.256     11.975        845 4.6680e-01 0.0000e+00
      8.430     8.8042     0.0864      0.744  99.511797    147.089      6.834    -3.2298     0.9867     1.0111     0.0682      0.052      8.267     11.991        846 4.7169e-01 0.0000e+00
      8.443     8.7938     0.0909      0.782  99.731590    147.440      6.837    -3.0784     0.8977     0.8231     0.0683      0.052      8.278     12.007        847 4.7056e-01 0.0000e+00
      8.452     8.7865     0.0864      0.743  99.913029    147.781      6.841    -3.7977     0.8775     0.7828     0.0685      0.049      8.288     12.022        848 4.7029e-01 0.0000e+00
      8.461     8.7814     0.0866      0.746  99.970348    147.910      6.842    -3.6462     0.9058     0.8097     0.0685      0.046      8.297     12.035        849 4.6355e-01 0.0000e+00
      8.471     8.7771     0.0828      0.712  99.928055    147.859      6.847    -4.4412     0.9058     0.7828     0.0685      0.043      8.307     12.048        850 4.5846e-01 0.0000e+00
      8.480     8.7740     0.0832      0.716  99.906166    147.881      6.845    -4.4412     0.9786     1.0379     0.0685      0.041      8.316     12.060        851 4.6815e-01 0.0000e+00
