Data/DataNotYetUploadedToEDI/Raw_CTD/RawDownloads/100518_fcr50.cnv
* Sea-Bird SBE19plus  Data File:
* FileName = C:\DATA\100518_bvr_0002.hex
* Software version 2.6.3.104
* Temperature SN = 7809
* Conductivity SN = 7809
* System UpLoad Time = Oct 05 2018 17:58:04
* <ApplicationData>
* <Seaterm232>
# nquan = 17
# nvalues = 787                         
# units = specified
# name 0 = depFM: Depth [fresh water, m]
# name 1 = tv290C: Temperature [ITS-90, deg C]
# name 2 = sbeox0Mg/L: Oxygen, SBE 43 [mg/l]
# name 3 = sbeox0PS: Oxygen, SBE 43 [% saturation]
# name 4 = c0uS/cm: Conductivity [uS/cm]
# name 5 = specc: Specific Conductance [uS/cm]
# name 6 = ph: pH
# name 7 = orp: Oxidation Reduction Potential [mV]
# name 8 = flECO-AFL: Fluorescence, WET Labs ECO-AFL/FL [mg/m^3]
# name 9 = turbWETntu0: Turbidity, WET Labs ECO [NTU]
# name 10 = sal00: Salinity, Practical [PSU]
# name 11 = dz/dtM: Descent Rate [m/s]
# name 12 = prdM: Pressure, Strain Gauge [db]
# name 13 = prdE: Pressure, Strain Gauge [psi]
# name 14 = scan: Scan Count
# name 15 = par/sat/log: PAR/Logarithmic, Satlantic
# name 16 = flag:  0.000e+00
# span 0 =     -0.556,      9.301       
# span 1 =    13.0197,    24.7407       
# span 2 =     0.0769,     8.8571       
# span 3 =      0.756,    102.754       
# span 4 =   0.318411, 146.108268       
# span 5 =      0.148,    191.879       
# span 6 =     -2.503,      8.356       
# span 7 = -1240.7455,  1240.2295       
# span 8 =    -1.0271,     7.8002       
# span 9 =    -1.9699,    16.5741       
# span 10 =     0.0117,     0.0909      
# span 11 =     -0.411,      0.297      
# span 12 =     -0.545,      9.121      
# span 13 =     -0.790,     13.228      
# span 14 =          1,        787      
# span 15 = 1.2022e-01, 1.6063e+03      
# span 16 = 0.0000e+00, 0.0000e+00      
# interval = seconds: 0.25
# start_time = Oct 05 2018 19:39:48 [Instrument's time stamp, header]
# bad_flag = -9.990e-29
*END*
[from data line 681]
      7.086    14.4320     0.1145      1.116  80.071433    101.349      6.429    41.5553     3.3603     2.8641     0.0496      0.119      6.947     10.075        682 1.2548e-01 0.0000e+00
      7.111    14.4063     0.1120      1.092  80.463169    101.897      6.433    40.3817     3.3077     2.1927     0.0498      0.119      6.974     10.115        683 1.2560e-01 0.0000e+00
      7.138    14.3857     0.1081      1.053  80.573779    102.237      6.434    39.6625     3.3320     2.2196     0.0499      0.118      7.004     10.158        684 1.2554e-01 0.0000e+00
      7.177    14.3551     0.1108      1.079  79.814930    101.202      6.435    39.0567     3.3199     2.1659     0.0495      0.119      7.041     10.212        685 1.2556e-01 0.0000e+00
      7.226    14.3199     0.1126      1.096  79.475507    100.898      6.436    38.1860     3.3037     2.1390     0.0493      0.124      7.085     10.275        686 1.2565e-01 0.0000e+00
      7.270    14.2868     0.1118      1.088  79.836972    101.405      6.436    37.5046     3.3158     2.0047     0.0495      0.133      7.125     10.334        687 1.2554e-01 0.0000e+00
      7.300    14.2556     0.1117      1.087  79.721807    101.424      6.441    36.4824     3.3077     1.9376     0.0495      0.138      7.154     10.376        688 1.2563e-01 0.0000e+00
      7.314    14.2367     0.1122      1.091  79.351355    100.903      6.443    35.0817     3.3360     1.8705     0.0493      0.137      7.169     10.399        689 1.2555e-01 0.0000e+00
      7.319    14.2306     0.1083      1.053  79.495498    101.305      6.448    34.4760     3.3279     1.9242     0.0495      0.128      7.178     10.412        690 1.2558e-01 0.0000e+00
      7.329    14.2207     0.1103      1.072  79.691070    101.497      6.452    33.5296     3.3158     1.9107     0.0495      0.115      7.190     10.429        691 1.2568e-01 0.0000e+00
      7.348    14.2021     0.1102      1.071  79.880801    101.833      6.455    32.4317     3.2835     1.9376     0.0497      0.100      7.208     10.454        692 1.2552e-01 0.0000e+00
      7.372    14.1820     0.1088      1.057  80.388901    102.430      6.456    31.8639     3.3158     1.9645     0.0500      0.084      7.231     10.488        693 1.2554e-01 0.0000e+00
      7.400    14.1707     0.1039      1.008  80.753045    103.051      6.462    31.1067     3.3118     1.9645     0.0502      0.073      7.258     10.527        694 1.2565e-01 0.0000e+00
      7.431    14.1640     0.1053      1.021  80.854431    103.104      6.461    30.6146     3.2996     1.9242     0.0503      0.071      7.287     10.570        695 1.2562e-01 0.0000e+00
      7.462    14.1464     0.1078      1.046  81.035601    103.492      6.461    29.9331     3.3199     1.9645     0.0504      0.079      7.318     10.615        696 1.2553e-01 0.0000e+00
      7.497    14.1220     0.1013      0.982  81.508542    103.972      6.459    29.7060     3.3320     1.8570     0.0506      0.093      7.351     10.662        697 1.2556e-01 0.0000e+00
      7.530    14.0984     0.1169      1.132  81.960261    104.772      6.463    29.4031     3.3199     1.8705     0.0510      0.107      7.382     10.706        698 1.2564e-01 0.0000e+00
      7.553    14.0774     0.1093      1.059  82.257051    105.016      6.459    28.7217     3.3199     1.9242     0.0511      0.115      7.407     10.742        699 1.2557e-01 0.0000e+00
      7.577    14.0618     0.1053      1.019  82.833669    106.011      6.462    27.4724     3.3805     1.8705     0.0515      0.117      7.429     10.774        700 1.2559e-01 0.0000e+00
      7.595    14.0495     0.1094      1.059  83.175004    106.355      6.464    26.7531     3.3765     1.8033     0.0517      0.113      7.449     10.804        701 1.2565e-01 0.0000e+00
      7.618    14.0349     0.1100      1.064  83.259239    106.612      6.467    27.2074     3.4129     1.9913     0.0518      0.108      7.471     10.836        702 1.2541e-01 0.0000e+00
      7.642    14.0192     0.1093      1.057  83.561264    106.933      6.471    24.8224     3.3805     1.9376     0.0519      0.102      7.495     10.870        703 1.2555e-01 0.0000e+00
      7.667    14.0043     0.1076      1.040  83.988324    107.618      6.469    24.5953     3.3199     1.7630     0.0523      0.096      7.520     10.907        704 1.2563e-01 0.0000e+00
      7.697    13.9833     0.1054      1.018  83.857505    107.447      6.471    25.1631     3.2916     1.7228     0.0522      0.093      7.550     10.949        705 1.2559e-01 0.0000e+00
      7.732    13.9599     0.1046      1.009  83.367331    106.840      6.473    23.0053     3.2996     1.8167     0.0519      0.096      7.580     10.993        706 1.2562e-01 0.0000e+00
      7.758    13.9436     0.1126      1.086  83.349722    106.899      6.473    22.5131     3.3199     1.6422     0.0519      0.100      7.606     11.033        707 1.2552e-01 0.0000e+00
      7.780    13.9317     0.1062      1.023  83.433504    107.071      6.473    22.5131     3.2916     1.7630     0.0520      0.104      7.630     11.067        708 1.2560e-01 0.0000e+00
      7.805    13.9154     0.1036      0.997  83.738759    107.476      6.479    23.0810     3.3118     1.6288     0.0522      0.106      7.654     11.101        709 1.2545e-01 0.0000e+00
      7.829    13.8928     0.1083      1.042  84.307687    108.300      6.481    20.8474     3.3199     1.6959     0.0525      0.106      7.677     11.135        710 1.2538e-01 0.0000e+00
      7.851    13.8703     0.1063      1.023  84.836331    108.957      6.483    20.2417     3.2996     1.7362     0.0528      0.104      7.701     11.169        711 1.2561e-01 0.0000e+00
      7.878    13.8492     0.1020      0.983  85.221499    109.597      6.484    21.0745     3.3724     1.7228     0.0531      0.101      7.727     11.207        712 1.2560e-01 0.0000e+00
      7.908    13.8255     0.1064      1.028  85.314939    109.696      6.486    19.8631     3.3158     1.7362     0.0531      0.099      7.755     11.247        713 1.2555e-01 0.0000e+00
      7.935    13.7997     0.1001      0.969  85.701223    110.296      6.489    19.0681     3.3037     1.7228     0.0534      0.099      7.784     11.289        714 1.2565e-01 0.0000e+00
      7.968    13.7725     0.0981      0.953  86.524756    111.410      6.491    21.4531     3.2996     1.7093     0.0539      0.102      7.815     11.334        715 1.2554e-01 0.0000e+00
      8.004    13.7411     0.0913      0.888  87.620234    112.893      6.492    20.6581     3.3724     1.9779     0.0546      0.108      7.847     11.381        716 1.2551e-01 0.0000e+00
      8.032    13.7074     0.0931      0.906  88.798145    114.526      6.490    18.2731     3.3886     1.8436     0.0553      0.113      7.876     11.424        717 1.2553e-01 0.0000e+00
      8.058    13.6776     0.0911      0.889  89.727452    115.776      6.489    21.2260     3.3805     1.9913     0.0559      0.116      7.902     11.462        718 1.2569e-01 0.0000e+00
      8.086    13.6510     0.0919      0.898  90.091707    116.420      6.492    19.2574     3.3967     1.8705     0.0562      0.118      7.927     11.498        719 1.2584e-01 0.0000e+00
      8.110    13.6233     0.0820      0.802  91.259268    117.814      6.491    19.9388     3.3765     1.6825     0.0568      0.116      7.947     11.526        720 1.2556e-01 0.0000e+00
      8.119    13.6191     0.0803      0.787  92.705801    120.142      6.489    19.6738     3.3684     1.7630     0.0578      0.108      7.947     11.526        721 1.2556e-01 0.0000e+00
      8.085    13.6747     0.0795      0.780  91.206170    117.980      6.490    17.8188     3.3724     1.6959     0.0568      0.086      7.905     11.466        722 1.2558e-01 0.0000e+00
      7.981    13.7866     0.0818      0.803  88.040113    114.041      6.493    15.5095     3.3886     1.6959     0.0550      0.034      7.811     11.330        723 1.2552e-01 0.0000e+00
      7.832    13.9138     0.0834      0.819  85.732118    110.725      6.500    15.8124     3.3158     1.7093     0.0535     -0.049      7.685     11.147        724 1.2561e-01 0.0000e+00
      7.702    14.0187     0.0769      0.756  84.563089    109.067      6.503    15.7745     3.3118     1.6153     0.0528     -0.146      7.563     10.969        725 1.2555e-01 0.0000e+00
      7.603    14.0882     0.0820      0.806  83.607804    107.376      6.507    12.3295     3.3118     1.8167     0.0521     -0.240      7.462     10.823        726 1.2560e-01 0.0000e+00
      7.521    14.1520     0.0833      0.818  83.204514    106.585      6.508    12.7459     3.3199     1.7630     0.0518     -0.318      7.377     10.698        727 1.2566e-01 0.0000e+00
      7.441    14.2339     0.0888      0.872  82.894606    106.108      6.514    13.3895     3.3037     1.7630     0.0516     -0.373      7.292     10.576        728 1.2555e-01 0.0000e+00
      7.344    14.3005     0.0844      0.831  81.674614    104.224      6.515     9.2631     3.2309     1.7093     0.0507     -0.404      7.198     10.439        729 1.2559e-01 0.0000e+00
      7.233    14.3558     0.0893      0.877  81.333773    103.643      6.521     9.3766     3.2511     1.7362     0.0505     -0.411      7.093     10.287        730 1.2565e-01 0.0000e+00
      7.121    14.4291     0.0902      0.882  81.178350    103.327      6.522    11.0802     3.2430     1.7362     0.0504     -0.400      6.992     10.140        731 1.2564e-01 0.0000e+00
      7.032    14.4918     0.0951      0.929  80.351958    102.009      6.524     7.7866     3.2430     1.8302     0.0498     -0.383      6.919     10.035        732 1.2564e-01 0.0000e+00
      7.014    14.5159     0.0938      0.915  80.103024    101.604      6.522     7.5595     3.3118     2.0182     0.0497     -0.358      6.899     10.007        733 1.2559e-01 0.0000e+00
      7.058    14.5462     0.0957      0.932  80.150449    101.441      6.521     9.2252     3.3279     1.9913     0.0496     -0.310      6.932     10.054        734 1.2568e-01 0.0000e+00
      7.129    14.5977     0.0976      0.949  79.876739    101.098      6.509     8.6195     3.3118     1.8705     0.0495     -0.234      6.997     10.148        735 1.2563e-01 0.0000e+00
      7.217    14.6004     0.0989      0.959  79.165501    100.069      6.504     7.7488     3.3199     1.9107     0.0490     -0.131      7.076     10.262        736 1.2546e-01 0.0000e+00
      7.297    14.5409     0.1033      1.000  79.460194    100.248      6.503     7.0674     3.3077     1.9376     0.0491     -0.013      7.153     10.374        737 1.2557e-01 0.0000e+00
      7.367    14.5641     0.1048      1.013  80.223333    101.411      6.507     6.0074     3.2996     1.8973     0.0496      0.101      7.224     10.478        738 1.2557e-01 0.0000e+00
      7.437    14.6290     0.1127      1.087  79.137231    100.007      6.506     5.7424     3.3320     2.0316     0.0490      0.196      7.290     10.574        739 1.2559e-01 0.0000e+00
      7.499    14.5307     0.1126      1.086  78.939291     99.680      6.505     5.2124     3.3158     2.0450     0.0488      0.256      7.350     10.660        740 1.2565e-01 0.0000e+00
      7.548    14.3714     0.1137      1.096  80.469669    101.599      6.505     4.2659     3.3158     1.8705     0.0497      0.276      7.401     10.734        741 1.2550e-01 0.0000e+00
      7.594    14.2820     0.1111      1.069  81.096784    102.522      6.505     6.4238     3.3118     1.8973     0.0501      0.268      7.447     10.800        742 1.2555e-01 0.0000e+00
      7.638    14.2391     0.1141      1.097  81.042186    102.962      6.504     6.0074     3.3158     1.9645     0.0503      0.248      7.493     10.867        743 1.2563e-01 0.0000e+00
      7.689    14.1737     0.1151      1.106  81.280894    103.382      6.502     4.6445     3.3199     1.8302     0.0504      0.227      7.544     10.941        744 1.2553e-01 0.0000e+00
      7.751    14.0605     0.1087      1.043  83.207714    105.985      6.500    11.0424     3.2835     1.8839     0.0516      0.214      7.600     11.023        745 1.2556e-01 0.0000e+00
      7.810    13.9608     0.1159      1.111  85.125106    108.771      6.499    10.8909     3.3118     1.8705     0.0528      0.208      7.656     11.103        746 1.2563e-01 0.0000e+00
      7.858    13.8757     0.1149      1.101  85.435257    109.237      6.497     7.4459     3.3360     2.0047     0.0530      0.204      7.707     11.178        747 1.2557e-01 0.0000e+00
      7.912    13.7922     0.1121      1.073  87.668162    112.462      6.499    10.9288     3.3441     2.0182     0.0544      0.205      7.758     11.253        748 1.2565e-01 0.0000e+00
      7.964    13.7280     0.1102      1.055  90.315377    116.312      6.500    10.1338     3.2956     1.9376     0.0562      0.208      7.809     11.326        749 1.2560e-01 0.0000e+00
      8.012    13.6916     0.1134      1.085  90.705004    116.780      6.499     7.9381     3.2996     1.9913     0.0563      0.209      7.859     11.397        750 1.2546e-01 0.0000e+00
      8.066    13.6658     0.1070      1.024  90.722161    117.228      6.496     8.9981     3.3077     1.8839     0.0565      0.210      7.910     11.471        751 1.2551e-01 0.0000e+00
      8.119    13.6290     0.1071      1.025  90.948380    117.410      6.496     9.1874     3.3077     1.9645     0.0566      0.208      7.961     11.545        752 1.2551e-01 0.0000e+00
      8.166    13.5765     0.1013      0.968  93.665386    121.038      6.496     9.3766     3.3118     1.8839     0.0583      0.203      8.009     11.615        753 1.2564e-01 0.0000e+00
      8.213    13.5175     0.0994      0.949  99.060466    128.266      6.498     7.9002     3.3199     1.7362     0.0616      0.200      8.054     11.681        754 1.2557e-01 0.0000e+00
      8.258    13.4688     0.1027      0.980 102.202306    132.582      6.500     8.3924     3.3199     1.7496     0.0635      0.197      8.099     11.746        755 1.2553e-01 0.0000e+00
      8.304    13.4300     0.1059      1.010 104.244877    135.081      6.500     2.6002     3.3158     1.7362     0.0647      0.193      8.142     11.810        756 1.2567e-01 0.0000e+00
      8.347    13.3982     0.1010      0.964 106.576738    138.824      6.502     3.5088     3.3279     1.6959     0.0664      0.189      8.182     11.868        757 1.2555e-01 0.0000e+00
      8.379    13.3759     0.1022      0.975 109.806349    142.393      6.505     5.2124     3.2471     2.7164     0.0680      0.181      8.219     11.921        758 1.2562e-01 0.0000e+00
      8.420    13.3649     0.1003      0.957 114.603190    149.710      6.507     0.6316     3.2592     2.6493     0.0714      0.173      8.261     11.981        759 1.2552e-01 0.0000e+00
      8.474    13.3633     0.1019      0.971 123.950350    160.618      6.514     1.8809     3.2511     2.7164     0.0764      0.170      8.310     12.053        760 1.2560e-01 0.0000e+00
      8.528    13.3604     0.1034      0.985 131.680506    172.962      6.513    -0.2391     3.2633     2.7030     0.0822      0.172      8.363     12.130        761 1.2571e-01 0.0000e+00
      8.582    13.3474     0.1047      0.998 134.148153    173.366      6.517     0.0259     3.2633     1.9645     0.0824      0.176      8.416     12.207        762 1.2565e-01 0.0000e+00
      8.636    13.3161     0.0962      0.917 137.209060    180.339      6.526     0.2909     3.2592     1.9107     0.0856      0.183      8.468     12.282        763 1.2570e-01 0.0000e+00
      8.688    13.2777     0.0990      0.943 133.236344    172.668      6.533     0.6316     3.2471     1.9242     0.0820      0.191      8.519     12.356        764 1.2547e-01 0.0000e+00
      8.737    13.2476     0.0972      0.926 130.538431    170.798      6.550     1.0859     3.2511     1.8973     0.0811      0.198      8.568     12.427        765 1.2543e-01 0.0000e+00
