Data/DataNotYetUploadedToEDI/Raw_CTD/RawDownloads/100518_bvr50.cnv
* Sea-Bird SBE19plus  Data File:
* FileName = C:\DATA\100518_bvr_0001.hex
* Software version 2.6.3.104
* Temperature SN = 7809
* Conductivity SN = 7809
* System UpLoad Time = Oct 05 2018 17:57:39
* <ApplicationData>
* <Seaterm232>
# nquan = 17
# nvalues = 1024                        
# units = specified
# name 0 = depFM: Depth [fresh water, m]
# name 1 = tv290C: Temperature [ITS-90, deg C]
# name 2 = sbeox0Mg/L: Oxygen, SBE 43 [mg/l]
# name 3 = sbeox0PS: Oxygen, SBE 43 [% saturation]
# name 4 = c0uS/cm: Conductivity [uS/cm]
# name 5 = specc: Specific Conductance [uS/cm]
# name 6 = ph: pH
# name 7 = orp: Oxidation Reduction Potential [mV]
# name 8 = flECO-AFL: Fluorescence, WET Labs ECO-AFL/FL [mg/m^3]
# name 9 = turbWETntu0: Turbidity, WET Labs ECO [NTU]
# name 10 = sal00: Salinity, Practical [PSU]
# name 11 = dz/dtM: Descent Rate [m/s]
# name 12 = prdM: Pressure, Strain Gauge [db]
# name 13 = prdE: Pressure, Strain Gauge [psi]
# name 14 = scan: Scan Count
# name 15 = par/sat/log: PAR/Logarithmic, Satlantic
# name 16 = flag:  0.000e+00
# span 0 =     -0.620,     10.454       
# span 1 =     8.2188,    28.4189       
# span 2 =     0.0729,     9.5104       
# span 3 =      0.619,    111.994       
# span 4 =   0.315931, 145.078951       
# span 5 =      0.634,    218.204       
# span 6 =     -2.388,      8.038       
# span 7 = -1240.7455,  1240.2295       
# span 8 =    -0.8330,    12.7335       
# span 9 =    -0.7211,    34.1244       
# span 10 =     0.0130,     0.1010      
# span 11 =     -0.126,      0.165      
# span 12 =     -0.608,     10.251      
# span 13 =     -0.881,     14.868      
# span 14 =          1,       1024      
# span 15 = 1.2347e-01, 2.4863e+03      
# span 16 = 0.0000e+00, 0.0000e+00      
# interval = seconds: 0.25
# start_time = Oct 05 2018 18:09:51 [Instrument's time stamp, header]
# bad_flag = -9.990e-29
*END*
[from data line 681]
      6.167    11.4069     0.1081      0.988  51.099252     70.058      6.467   125.7120     3.4250     1.6556     0.0343      0.053      6.048      8.771        682 3.6655e+00 0.0000e+00
      6.169    11.3873     0.1005      0.918  50.746721     69.588      6.466   124.6141     3.4654     1.7093     0.0341      0.053      6.052      8.776        683 3.6562e+00 0.0000e+00
      6.177    11.3649     0.0988      0.902  50.988956     70.026      6.465   123.9706     3.4695     1.6556     0.0343      0.049      6.059      8.786        684 3.6280e+00 0.0000e+00
      6.187    11.3429     0.1026      0.936  51.480500     70.754      6.464   123.7813     3.3118     1.6959     0.0346      0.043      6.065      8.797        685 3.6024e+00 0.0000e+00
      6.190    11.3310     0.1045      0.954  51.559753     70.876      6.461   123.2891     3.2996     1.6959     0.0346      0.033      6.069      8.802        686 3.5863e+00 0.0000e+00
      6.188    11.3385     0.1041      0.952  51.335574     70.648      6.463   123.3648     3.2956     1.7630     0.0345      0.023      6.069      8.802        687 3.6174e+00 0.0000e+00
      6.186    11.3586     0.1021      0.934  51.017450     70.172      6.465   122.8727     3.3118     1.6959     0.0343      0.016      6.068      8.801        688 3.6109e+00 0.0000e+00
      6.187    11.3700     0.1005      0.920  50.709019     69.811      6.465   122.5320     3.3846     1.4139     0.0342      0.013      6.069      8.803        689 3.6032e+00 0.0000e+00
      6.194    11.3608     0.1008      0.922  50.828953     69.810      6.464   121.8884     3.3846     1.4676     0.0342      0.012      6.074      8.810        690 3.5912e+00 0.0000e+00
      6.200    11.3465     0.0929      0.850  51.224365     70.519      6.464   121.2827     3.3805     1.4273     0.0345      0.011      6.079      8.817        691 3.5647e+00 0.0000e+00
      6.203    11.3345     0.0924      0.847  51.048018     70.113      6.466   120.9420     3.3724     1.3871     0.0343      0.010      6.085      8.825        692 3.5612e+00 0.0000e+00
      6.214    11.3072     0.0944      0.867  51.256188     70.527      6.467   120.6770     3.6029     1.3468     0.0345      0.011      6.093      8.837        693 3.5544e+00 0.0000e+00
      6.223    11.2793     0.0836      0.768  51.707364     71.164      6.465   120.2227     3.5706     1.4810     0.0348      0.016      6.100      8.848        694 3.5493e+00 0.0000e+00
      6.225    11.2608     0.0869      0.798  51.733207     71.220      6.467   119.5413     3.5867     1.5616     0.0348      0.021      6.104      8.853        695 3.5194e+00 0.0000e+00
      6.225    11.2763     0.0885      0.814  51.639599     71.197      6.467   119.6170     3.5706     1.4810     0.0348      0.022      6.104      8.853        696 3.5003e+00 0.0000e+00
      6.223    11.3434     0.0880      0.809  51.319273     70.731      6.467   118.8598     3.5867     1.4408     0.0345      0.020      6.104      8.853        697 3.5363e+00 0.0000e+00
      6.225    11.3958     0.0848      0.780  51.033609     70.359      6.467   117.9512     3.4290     1.6825     0.0344      0.016      6.104      8.854        698 3.5363e+00 0.0000e+00
      6.226    11.3814     0.0874      0.805  50.956214     70.068      6.470   117.8755     3.4371     1.7765     0.0343      0.013      6.106      8.856        699 3.5052e+00 0.0000e+00
      6.228    11.3501     0.0885      0.815  51.178098     70.315      6.471   117.2320     3.4412     1.6959     0.0344      0.009      6.106      8.857        700 3.5109e+00 0.0000e+00
      6.226    11.3887     0.0866      0.797  51.113633     70.263      6.474   117.1184     3.4412     1.6959     0.0344      0.004      6.105      8.856        701 3.5348e+00 0.0000e+00
      6.224    11.4715     0.0899      0.827  50.531859     69.486      6.474   116.7020     3.2390     1.4273     0.0340      0.001      6.105      8.854        702 3.5668e+00 0.0000e+00
      6.224    11.5345     0.0896      0.824  50.121235     68.869      6.476   115.9827     3.2511     1.4676     0.0338      0.000      6.107      8.858        703 3.5309e+00 0.0000e+00
      6.235    11.5539     0.0903      0.828  50.140572     68.711      6.481   115.9070     3.2673     1.4408     0.0337      0.003      6.115      8.869        704 3.4906e+00 0.0000e+00
      6.248    11.5553     0.0947      0.866  50.448385     69.053      6.478   115.1498     3.2269     1.4945     0.0339      0.008      6.124      8.883        705 3.4676e+00 0.0000e+00
      6.251    11.5781     0.1011      0.922  50.450463     69.014      6.479   115.3391     3.3724     1.6422     0.0339      0.012      6.129      8.889        706 3.4645e+00 0.0000e+00
      6.249    11.6077     0.1003      0.913  50.137969     68.559      6.482   114.8848     3.3967     1.7362     0.0337      0.014      6.129      8.889        707 3.4711e+00 0.0000e+00
      6.251    11.6437     0.0999      0.908  49.976535     68.318      6.483   114.0520     3.3643     1.7228     0.0336      0.015      6.129      8.889        708 3.4721e+00 0.0000e+00
      6.250    11.6624     0.1097      0.995  49.939020     68.192      6.481   113.7491     3.3684     1.6422     0.0336      0.016      6.128      8.888        709 3.5028e+00 0.0000e+00
      6.248    11.6511     0.1225      1.110  50.036234     68.273      6.483   113.4084     3.6312     1.6153     0.0336      0.013      6.127      8.886        710 3.4862e+00 0.0000e+00
      6.245    11.6371     0.1142      1.033  50.063296     68.278      6.485   113.4841     3.6474     1.6556     0.0336      0.008      6.126      8.885        711 3.4895e+00 0.0000e+00
      6.247    11.6274     0.1140      1.031  49.935012     68.109      6.487   113.0298     3.6150     1.5885     0.0335      0.002      6.130      8.889        712 3.4800e+00 0.0000e+00
      6.257    11.6034     0.1185      1.071  50.136525     68.402      6.488   112.3105     3.6070     1.6556     0.0337      0.001      6.141      8.907        713 3.4370e+00 0.0000e+00
      6.284    11.5146     0.1169      1.056  50.999760     69.604      6.490   111.4777     3.3118     1.4408     0.0342      0.009      6.163      8.939        714 3.3522e+00 0.0000e+00
      6.314    11.3691     0.1227      1.108  52.125710     71.214      6.484   110.6827     3.3239     1.6153     0.0349      0.024      6.189      8.976        715 3.2933e+00 0.0000e+00
      6.335    11.2409     0.1214      1.095  52.772132     72.266      6.482   109.9634     3.3118     1.4005     0.0353      0.040      6.212      9.009        716 3.2760e+00 0.0000e+00
      6.356    11.1491     0.1189      1.072  53.044962     72.908      6.481   108.4869     3.3158     1.4408     0.0356      0.056      6.232      9.039        717 3.2327e+00 0.0000e+00
      6.375    11.0771     0.1094      0.986  53.329854     73.588      6.478   107.1998     3.3886     1.6422     0.0358      0.070      6.251      9.066        718 3.1958e+00 0.0000e+00
      6.391    11.0146     0.1145      1.032  53.634761     74.162      6.479   105.9884     3.3643     1.6959     0.0360      0.080      6.270      9.094        719 3.0990e+00 0.0000e+00
      6.415    10.9585     0.1113      1.003  53.852996     74.658      6.476   104.3605     3.3805     1.7362     0.0362      0.085      6.291      9.125        720 3.0692e+00 0.0000e+00
      6.439    10.9142     0.1048      0.945  53.889520     74.788      6.475   103.2248     3.4007     1.6959     0.0362      0.086      6.313      9.157        721 3.0484e+00 0.0000e+00
      6.460    10.8781     0.1082      0.975  53.797156     74.827      6.474   101.7483     3.3765     1.6422     0.0362      0.083      6.334      9.187        722 2.9743e+00 0.0000e+00
      6.479    10.8480     0.1026      0.923  53.700809     74.725      6.474    99.7798     3.2309     1.7765     0.0362      0.081      6.353      9.215        723 2.9686e+00 0.0000e+00
      6.497    10.8196     0.1026      0.921  53.682910     74.839      6.475    97.8490     3.2673     1.7093     0.0362      0.081      6.371      9.240        724 2.9354e+00 0.0000e+00
      6.514    10.7865     0.1073      0.963  53.641342     74.785      6.476    95.9183     3.2269     1.6153     0.0362      0.080      6.387      9.264        725 2.8703e+00 0.0000e+00
      6.528    10.7591     0.1122      1.007  53.722877     74.999      6.479    94.3662     3.2309     1.7362     0.0363      0.077      6.402      9.285        726 2.8351e+00 0.0000e+00
      6.543    10.7476     0.1036      0.930  53.878323     75.265      6.482    93.7983     2.6284     1.7630     0.0364      0.074      6.416      9.306        727 2.8241e+00 0.0000e+00
      6.558    10.7445     0.1018      0.912  53.863517     75.323      6.485    92.1326     2.6163     1.6690     0.0364      0.069      6.431      9.328        728 2.7990e+00 0.0000e+00
      6.573    10.7396     0.1057      0.946  53.949123     75.426      6.488    90.7319     2.5920     1.6690     0.0364      0.065      6.446      9.349        729 2.7745e+00 0.0000e+00
      6.587    10.7340     0.1111      0.994  54.068661     75.666      6.489    89.0662     2.5960     1.7228     0.0365      0.062      6.460      9.369        730 2.7491e+00 0.0000e+00
      6.601    10.7409     0.1028      0.919  54.011621     75.520      6.490    88.1954     2.3534     1.5348     0.0364      0.059      6.473      9.388        731 2.7097e+00 0.0000e+00
      6.613    10.7263     0.1065      0.952  54.079483     75.689      6.495    86.9840     2.3575     1.4676     0.0365      0.057      6.486      9.408        732 2.6850e+00 0.0000e+00
      6.629    10.6575     0.1051      0.939  54.488880     76.184      6.498    85.1290     2.3494     1.4945     0.0367      0.056      6.501      9.430        733 2.6590e+00 0.0000e+00
      6.646    10.5876     0.0985      0.880  54.956788     76.952      6.499    84.0690     2.3696     1.4676     0.0371      0.057      6.516      9.452        734 2.6494e+00 0.0000e+00
      6.660    10.5517     0.1018      0.909  55.219052     77.384      6.501    83.1983     2.1917     1.2393     0.0372      0.057      6.531      9.473        735 2.6142e+00 0.0000e+00
      6.675    10.5456     0.1103      0.984  55.706306     78.280      6.505    82.0247     2.2119     1.2393     0.0376      0.057      6.545      9.494        736 2.5575e+00 0.0000e+00
      6.689    10.5334     0.1088      0.970  55.805183     78.518      6.508    81.1161     2.1917     1.1856     0.0377      0.057      6.559      9.514        737 2.5343e+00 0.0000e+00
      6.702    10.4843     0.1017      0.905  55.511666     78.018      6.513    79.8669     2.2240     1.2796     0.0375      0.057      6.573      9.534        738 2.5212e+00 0.0000e+00
      6.718    10.4385     0.1033      0.919  55.982530     78.790      6.515    78.0497     2.2200     1.2125     0.0378      0.058      6.587      9.554        739 2.5082e+00 0.0000e+00
      6.731    10.4140     0.1011      0.898  56.555227     79.692      6.517    76.6490     2.2038     1.1991     0.0382      0.058      6.599      9.571        740 2.4926e+00 0.0000e+00
      6.736    10.3963     0.1061      0.942  56.639725     79.913      6.520    75.7783     2.2159     1.1588     0.0383      0.054      6.608      9.584        741 2.4709e+00 0.0000e+00
      6.747    10.3740     0.1029      0.914  56.679028     80.006      6.522    73.7718     2.2240     1.2125     0.0383      0.051      6.620      9.600        742 2.4588e+00 0.0000e+00
      6.765    10.3433     0.1018      0.905  57.218907     80.799      6.524    72.2197     2.0987     1.2125     0.0387      0.050      6.635      9.623        743 2.4231e+00 0.0000e+00
      6.783    10.3243     0.1086      0.966  57.957164     81.954      6.526    70.4404     2.0785     1.2393     0.0392      0.050      6.653      9.649        744 2.3683e+00 0.0000e+00
      6.804    10.3085     0.1020      0.907  58.165297     82.267      6.529    68.6232     2.0906     1.2125     0.0393      0.053      6.671      9.676        745 2.3535e+00 0.0000e+00
      6.821    10.2799     0.1050      0.933  58.325735     82.546      6.529    68.0175     2.0785     1.1991     0.0394      0.056      6.689      9.701        746 2.3217e+00 0.0000e+00
      6.837    10.2490     0.0939      0.834  58.677988     83.098      6.533    66.5032     2.0866     1.1856     0.0397      0.060      6.705      9.725        747 2.2972e+00 0.0000e+00
      6.853    10.2132     0.0942      0.837  58.944347     83.523      6.533    63.7775     1.9531     1.2662     0.0398      0.064      6.722      9.750        748 2.2824e+00 0.0000e+00
      6.875    10.1668     0.0994      0.882  59.746196     84.708      6.535    62.2254     1.9733     1.2931     0.0404      0.069      6.741      9.777        749 2.2374e+00 0.0000e+00
      6.893    10.1188     0.1054      0.934  61.035622     86.700      6.537    60.2568     1.9531     1.2931     0.0412      0.071      6.757      9.800        750 2.2181e+00 0.0000e+00
      6.901    10.0890     0.1007      0.892  61.556469     87.532      6.539    59.1968     1.9814     1.2528     0.0416      0.069      6.766      9.812        751 2.2199e+00 0.0000e+00
      6.903    10.0985     0.1053      0.931  61.265860     87.212      6.544    57.7961     1.9450     1.2528     0.0414      0.063      6.769      9.817        752 2.2111e+00 0.0000e+00
      6.903    10.1347     0.1058      0.935  60.803378     86.651      6.547    56.3954     1.9612     1.1722     0.0412      0.053      6.770      9.818        753 2.2203e+00 0.0000e+00
      6.902    10.1638     0.1008      0.890  60.261166     85.829      6.550    54.8054     1.9774     1.3199     0.0408      0.042      6.770      9.819        754 2.2291e+00 0.0000e+00
      6.906    10.1600     0.1018      0.898  60.337043     85.819      6.553    53.6696     1.9612     1.3333     0.0408      0.032      6.775      9.826        755 2.1783e+00 0.0000e+00
      6.918    10.1302     0.1002      0.883  61.124675     86.941      6.555    52.6475     1.8358     1.2259     0.0413      0.024      6.785      9.841        756 2.1677e+00 0.0000e+00
      6.933    10.1054     0.1040      0.917  61.626961     87.625      6.558    52.3825     1.8278     1.1991     0.0416      0.020      6.799      9.861        757 2.1356e+00 0.0000e+00
      6.949    10.0923     0.1081      0.952  61.790730     87.943      6.561    51.9282     1.8358     1.2125     0.0418      0.023      6.815      9.884        758 2.0940e+00 0.0000e+00
      6.966    10.0639     0.1022      0.900  61.722711     87.923      6.563    51.5118     1.8358     1.2259     0.0417      0.031      6.831      9.908        759 2.0871e+00 0.0000e+00
      6.983    10.0045     0.1009      0.888  62.602572     89.074      6.565    51.2468     1.8278     1.1856     0.0422      0.041      6.847      9.931        760 2.0440e+00 0.0000e+00
      6.997     9.9465     0.0976      0.858  64.467596     92.054      6.567    50.6789     1.7995     1.2125     0.0436      0.050      6.861      9.952        761 2.0380e+00 0.0000e+00
      7.010     9.9047     0.1061      0.932  65.371498     93.297      6.568    49.8082     1.7954     1.2125     0.0441      0.057      6.874      9.971        762 2.0402e+00 0.0000e+00
      7.023     9.8693     0.0979      0.860  65.873541     94.289      6.570    49.4296     1.8358     1.2662     0.0445      0.059      6.886      9.988        763 2.0188e+00 0.0000e+00
      7.034     9.8423     0.1039      0.912  66.337923     95.006      6.574    49.0132     1.8237     1.0379     0.0448      0.058      6.898     10.005        764 1.9846e+00 0.0000e+00
      7.046     9.8218     0.0948      0.831  66.546151     95.422      6.575    48.1046     1.8561     0.9708     0.0450      0.056      6.911     10.023        765 1.9525e+00 0.0000e+00
