Data/DataNotYetUploadedToEDI/Raw_CTD/RawDownloads/100518_fcr50.cnv
* Sea-Bird SBE19plus  Data File:
* FileName = C:\DATA\100518_bvr_0002.hex
* Software version 2.6.3.104
* Temperature SN = 7809
* Conductivity SN = 7809
* System UpLoad Time = Oct 05 2018 17:58:04
* <ApplicationData>
* <Seaterm232>
# nquan = 17
# nvalues = 787                         
# units = specified
# name 0 = depFM: Depth [fresh water, m]
# name 1 = tv290C: Temperature [ITS-90, deg C]
# name 2 = sbeox0Mg/L: Oxygen, SBE 43 [mg/l]
# name 3 = sbeox0PS: Oxygen, SBE 43 [% saturation]
# name 4 = c0uS/cm: Conductivity [uS/cm]
# name 5 = specc: Specific Conductance [uS/cm]
# name 6 = ph: pH
# name 7 = orp: Oxidation Reduction Potential [mV]
# name 8 = flECO-AFL: Fluorescence, WET Labs ECO-AFL/FL [mg/m^3]
# name 9 = turbWETntu0: Turbidity, WET Labs ECO [NTU]
# name 10 = sal00: Salinity, Practical [PSU]
# name 11 = dz/dtM: Descent Rate [m/s]
# name 12 = prdM: Pressure, Strain Gauge [db]
# name 13 = prdE: Pressure, Strain Gauge [psi]
# name 14 = scan: Scan Count
# name 15 = par/sat/log: PAR/Logarithmic, Satlantic
# name 16 = flag:  0.000e+00
# span 0 =     -0.556,      9.301       
# span 1 =    13.0197,    24.7407       
# span 2 =     0.0769,     8.8571       
# span 3 =      0.756,    102.754       
# span 4 =   0.318411, 146.108268       
# span 5 =      0.148,    191.879       
# span 6 =     -2.503,      8.356       
# span 7 = -1240.7455,  1240.2295       
# span 8 =    -1.0271,     7.8002       
# span 9 =    -1.9699,    16.5741       
# span 10 =     0.0117,     0.0909      
# span 11 =     -0.411,      0.297      
# span 12 =     -0.545,      9.121      
# span 13 =     -0.790,     13.228      
# span 14 =          1,        787      
# span 15 = 1.2022e-01, 1.6063e+03      
# span 16 = 0.0000e+00, 0.0000e+00      
# interval = seconds: 0.25
# start_time = Oct 05 2018 19:39:48 [Instrument's time stamp, header]
# bad_flag = -9.990e-29
*END*
     -0.556    24.7362     8.0353     96.780   1.146345      1.045      6.238 -1240.7455    -0.2102    -0.2646     0.0117 2.1053e-16     -0.545     -0.790          1 2.7925e+02 0.0000e+00
     -0.555    24.7363     8.0367     96.798   1.102362      1.269      6.246 -1240.7455    -0.2547    -0.2646     0.0118      0.000     -0.544     -0.790          2 9.6400e+02 0.0000e+00
     -0.555    24.7365     8.0389     96.826   0.318411      0.148      6.267 -1240.7455    -0.2426    -0.2646     0.0119      0.000     -0.544     -0.790          3 1.0798e+03 0.0000e+00
     -0.556    24.7368     8.0379     96.815   0.493602      0.624      6.290 -1240.7455    -0.1536     0.0308     0.0118      0.000     -0.544     -0.790          4 1.0624e+03 0.0000e+00
     -0.555    24.7374     8.0394     96.833   0.825110      0.737      6.349 -1240.7455    -0.1617    -0.0229     0.0118      0.000     -0.544     -0.790          5 1.2418e+03 0.0000e+00
     -0.555    24.7381     8.0443     96.892   0.853254      0.933      8.356 -1240.7455    -0.1941    -0.0095     0.0117      0.000     -0.544     -0.790          6 1.3681e+03 0.0000e+00
     -0.555    24.7385     8.0473     96.928   0.843462      0.793      2.751   864.2313    -0.1496    -0.0229     0.0118      0.000     -0.544     -0.790          7 1.4186e+03 0.0000e+00
     -0.555    24.7389     8.0479     96.936   0.748476      0.793     -2.379   864.9884    -0.1819     0.0308     0.0118      0.000     -0.544     -0.790          8 6.6003e+02 0.0000e+00
     -0.555    24.7391     8.0531     96.910   0.793823      0.765     -2.503   429.6679    -0.1617     0.1785     0.0118      0.000     -0.544     -0.790          9 3.5765e+02 0.0000e+00
     -0.554    24.7387     8.0604     96.821   0.698209      0.736     -2.503   225.9958    -0.1779     0.2322     0.0118      0.000     -0.544     -0.789         10 1.4624e+03 0.0000e+00
     -0.554    24.7387     8.0603     96.687   0.719433      0.680     -2.503   289.5582    -0.1617     0.2457     0.0118      0.001     -0.544     -0.789         11 1.3822e+03 0.0000e+00
     -0.554    24.7390     8.0602     96.519   0.826622      0.877     -2.503   223.9894    -0.1779     0.1517     0.0117      0.001     -0.544     -0.789         12 2.7628e+02 0.0000e+00
     -0.554    24.7399     8.0651     96.395   0.831273      0.793     -2.503   158.2692    -0.1617    -0.4257     0.0118      0.001     -0.544     -0.789         13 8.1894e+01 0.0000e+00
     -0.554    24.7403     8.0904     96.564   0.832072      0.877     -2.503    64.3075    -0.1658    -0.3317     0.0117      0.001     -0.544     -0.789         14 2.2116e+02 0.0000e+00
     -0.554    24.7406     8.1247     96.886   0.825627      0.793     -2.503     9.7931    -0.1536    -0.3854     0.0118      0.001     -0.544     -0.788         15 4.9671e+01 0.0000e+00
     -0.554    24.7403     8.1634     97.279   0.691262      0.736     -2.503   -46.6142    -0.1375    -0.4526     0.0118      0.000     -0.543     -0.788         16 2.9016e+02 0.0000e+00
     -0.553    24.7407     8.1935     97.608   0.792041      0.736     -2.503  -102.7565    -0.1496    -1.0165     0.0118      0.001     -0.543     -0.788         17 1.3109e+03 0.0000e+00
     -0.554    24.7395     8.2121     97.810   0.700209      0.793     -2.503  -172.7167    -0.1496    -0.9763     0.0118      0.000     -0.542     -0.786         18 1.5860e+03 0.0000e+00
     -0.554    24.6871     8.2192     97.908   0.864758      0.736     -2.503  -224.3162    -0.1294    -1.0434     0.0118      0.000     -0.530     -0.769         19 1.4784e+03 0.0000e+00
     -0.514    24.5919     8.2147     97.880   8.760234      8.534     -2.503  1240.2295    -0.1860    -1.2180     0.0136      0.011     -0.486     -0.706         20 1.5139e+03 0.0000e+00
     -0.420    24.5131     8.2041     97.779  25.265217     25.596      1.125   135.8199    -1.0190    -1.9162     0.0198      0.043     -0.404     -0.586         21 1.4929e+03 0.0000e+00
     -0.302    24.4231     8.1816     97.530  35.735986     36.297      4.408   137.9020    -1.0190    -1.9162     0.0241      0.097     -0.302     -0.438         22 1.5233e+03 0.0000e+00
     -0.205    24.3206     8.1602     97.288  36.575947     36.774      6.035   123.1377    -0.9987    -1.9296     0.0243      0.161     -0.205     -0.298         23 1.5539e+03 0.0000e+00
     -0.117    24.2467     8.1488     97.163  36.436266     36.956      6.875   126.5070    -1.0271    -1.9699     0.0243      0.224     -0.125     -0.181         24 1.6063e+03 0.0000e+00
     -0.057    24.1967     8.1403     97.068  36.651334     37.089      7.294   131.3527     1.3223    16.5741     0.0243      0.275     -0.071     -0.103         25 1.5880e+03 0.0000e+00
     -0.041    24.1613     8.1354     97.016  36.545620     37.146      7.482   116.7398     1.3061    16.5338     0.0243      0.297     -0.055     -0.080         26 1.6010e+03 0.0000e+00
     -0.070    24.1426     8.1333     96.996  36.508545     37.069      7.520   121.3963     1.3021    16.5741     0.0243      0.279     -0.077     -0.112         27 1.5846e+03 0.0000e+00
     -0.128    24.1341     8.1340     97.008  36.549204     37.182      7.499   126.8856     1.2980    16.5472     0.0243      0.213     -0.114     -0.166         28 1.5765e+03 0.0000e+00
     -0.147    24.1399     8.1347     97.021  36.672994     37.308      7.489   125.5984     1.2778    16.5606     0.0244      0.128     -0.138     -0.200         29 1.5624e+03 0.0000e+00
     -0.147    24.1548     8.1337     97.013  36.680751     37.316      7.483   130.4063     1.3870     2.5150     0.0244      0.050     -0.145     -0.209         30 1.5477e+03 0.0000e+00
     -0.147    24.1678     8.1323     97.001  36.717509     37.368      7.474   124.7277     1.3830     2.4613     0.0244     -0.008     -0.145     -0.210         31 1.5359e+03 0.0000e+00
     -0.147    24.1785     8.0924     96.530  36.686566     37.300      7.476   126.5448     1.3749     2.5419     0.0244     -0.044     -0.144     -0.209         32 1.5276e+03 0.0000e+00
     -0.147    24.1861     8.0060     95.503  36.748913     37.375      7.480   137.4856     1.3627     2.5553     0.0244     -0.056     -0.144     -0.209         33 1.5228e+03 0.0000e+00
     -0.147    24.1918     7.8877     94.098  36.788210     37.396      7.487   135.7820     1.5609     1.1588     0.0244     -0.045     -0.144     -0.209         34 1.5194e+03 0.0000e+00
     -0.147    24.1958     7.7481     92.438  36.785955     37.390      7.494   139.2649     1.5609     0.9574     0.0244     -0.024     -0.144     -0.209         35 1.5243e+03 0.0000e+00
     -0.147    24.1989     7.5901     90.556  36.781377     37.385      7.499   139.1135     1.5649     1.1185     0.0244     -0.005     -0.144     -0.209         36 1.5289e+03 0.0000e+00
     -0.147    24.2016     7.4302     88.650  36.734585     37.325      7.506   141.9527     1.5649     1.0916     0.0244      0.000     -0.144     -0.209         37 1.5395e+03 0.0000e+00
     -0.147    24.2039     7.2744     86.793  36.784865     37.380      7.513   144.4892     1.5447     1.0514     0.0244      0.000     -0.144     -0.209         38 1.5483e+03 0.0000e+00
     -0.146    24.2063     7.1455     85.255  36.807783     37.406      7.518   147.3285     1.5528     1.1319     0.0244      0.000     -0.143     -0.208         39 1.5542e+03 0.0000e+00
     -0.146    24.2086     7.0470     84.077  36.795042     37.376      7.525   148.5399     1.5690     1.0379     0.0244      0.000     -0.143     -0.208         40 1.5605e+03 0.0000e+00
     -0.146    24.2112     6.9809     83.282  36.830378     37.431      7.532   150.6599     1.5447     1.1319     0.0244      0.000     -0.143     -0.208         41 1.5602e+03 0.0000e+00
     -0.146    24.2137     6.9327     82.702  36.793466     37.373      7.538   150.5842     1.6458     1.1856     0.0244      0.001     -0.143     -0.208         42 1.5593e+03 0.0000e+00
     -0.146    24.2159     6.9199     82.550  36.840978     37.427      7.542   146.9499     1.6215     1.0648     0.0244      0.001     -0.143     -0.208         43 1.5533e+03 0.0000e+00
     -0.146    24.2196     6.9456     82.861  36.919546     37.511      7.545   144.4513     1.6256     1.0782     0.0245      0.000     -0.143     -0.208         44 1.5468e+03 0.0000e+00
     -0.146    24.2226     6.9945     83.446  36.903306     37.481      7.547   145.8899     1.6256     1.0111     0.0245      0.000     -0.143     -0.208         45 1.5402e+03 0.0000e+00
     -0.147    24.2241     7.0557     84.176  36.890847     37.478      7.549   146.8363     1.6862     1.1588     0.0245      0.000     -0.143     -0.208         46 1.5348e+03 0.0000e+00
     -0.146    24.2255     7.1250     85.002  36.964708     37.532      7.550   147.4420     1.7267     1.1722     0.0245     -0.000     -0.143     -0.208         47 1.5282e+03 0.0000e+00
     -0.146    24.2264     7.1904     85.780  37.048664     37.645      7.546   148.2749     1.6862     0.9976     0.0245      0.000     -0.143     -0.208         48 1.5234e+03 0.0000e+00
     -0.146    24.2264     7.2281     86.230  37.082963     37.644      7.543   148.8428     1.7064     1.0916     0.0245      0.000     -0.143     -0.208         49 1.5215e+03 0.0000e+00
     -0.147    24.2245     7.2436     86.415  37.248283     37.842      7.545   147.8963     1.6741     1.0111     0.0246     -0.000     -0.143     -0.208         50 1.5241e+03 0.0000e+00
     -0.146    24.2208     7.2299     86.253  37.317489     37.898      7.545   150.2435     1.6256     1.0648     0.0246     -0.000     -0.143     -0.208         51 1.5302e+03 0.0000e+00
     -0.146    24.2177     7.1830     85.695  37.441742     38.013      7.550   151.4928     1.6498     1.0782     0.0247      0.000     -0.143     -0.208         52 1.5316e+03 0.0000e+00
     -0.146    24.2177     7.1204     84.947  37.716525     38.329      7.552   152.9313     1.6013     1.0782     0.0248     -0.000     -0.143     -0.208         53 1.5385e+03 0.0000e+00
     -0.146    24.2201     7.0371     83.954  37.746705     38.331      7.556   155.9599     1.6134     1.0245     0.0248      0.000     -0.143     -0.208         54 1.5460e+03 0.0000e+00
     -0.146    24.2216     6.9498     82.913  37.671131     38.274      7.561   155.0135     1.6175     1.1588     0.0248     -0.000     -0.143     -0.208         55 1.5489e+03 0.0000e+00
     -0.146    24.2218     6.8691     81.952  37.691932     38.272      7.561   156.9821     1.6539     1.1051     0.0248      0.000     -0.143     -0.208         56 1.5530e+03 0.0000e+00
     -0.146    24.2211     6.7866     80.971  37.720817     38.328      7.558   156.4142     1.6498     1.1319     0.0248      0.000     -0.143     -0.208         57 1.5519e+03 0.0000e+00
     -0.146    24.2198     6.7078     80.033  37.635183     38.214      7.559   156.9821     1.6134     1.1051     0.0248      0.000     -0.143     -0.208         58 1.5493e+03 0.0000e+00
     -0.146    24.2193     6.6439     79.272  37.620538     38.215      7.561   155.8842     1.6903     0.8365     0.0248      0.000     -0.143     -0.207         59 1.5488e+03 0.0000e+00
     -0.146    24.2199     6.5777     78.483  37.679723     38.273      7.560   155.9599     1.7226     0.8365     0.0248      0.000     -0.143     -0.207         60 1.5417e+03 0.0000e+00
     -0.146    24.2208     6.5311     77.929  37.739493     38.330      7.559   151.7956     1.7145     0.8499     0.0248      0.000     -0.143     -0.207         61 1.5350e+03 0.0000e+00
     -0.146    24.2213     6.4969     77.524  37.783440     38.386      7.559   154.6349     1.6781     0.9305     0.0248      0.000     -0.143     -0.207         62 1.5292e+03 0.0000e+00
     -0.146    24.2212     6.4741     77.254  37.743676     38.329      7.558   155.3164     1.6013     1.0648     0.0248      0.000     -0.143     -0.207         63 1.5271e+03 0.0000e+00
     -0.145    24.2214     6.4575     77.058  37.729658     38.328      7.557   159.0264     1.6458     1.0782     0.0248      0.000     -0.143     -0.207         64 1.5293e+03 0.0000e+00
     -0.146    24.2221     6.4426     76.882  37.741562     38.328      7.555   159.7457     1.6377     1.0916     0.0248      0.000     -0.143     -0.207         65 1.5285e+03 0.0000e+00
     -0.145    24.2232     6.4248     76.673  37.728861     38.328      7.548   156.7928     1.6296     1.1185     0.0248      0.000     -0.143     -0.207         66 1.5336e+03 0.0000e+00
     -0.147    24.2250     6.3992     76.373  37.745464     38.328      7.542   157.4364     1.6984     0.8902     0.0248     -0.000     -0.143     -0.208         67 1.5371e+03 0.0000e+00
     -0.146    24.2263     6.3683     76.012  37.780221     38.383      7.538   159.1778     1.6862     0.8097     0.0248     -0.000     -0.143     -0.208         68 1.5411e+03 0.0000e+00
     -0.146    24.2273     6.3288     75.546  37.744928     38.325      7.533   161.1842     1.6943     0.8902     0.0248     -0.000     -0.143     -0.208         69 1.5453e+03 0.0000e+00
     -0.146    24.2284     6.2810     74.978  37.730064     38.324      7.525   163.7964     1.6984     0.8097     0.0248     -0.000     -0.143     -0.208         70 1.5461e+03 0.0000e+00
     -0.146    24.2296     6.2237     74.297  37.739396     38.324      7.517   163.4557     1.6903     0.7962     0.0248     -0.000     -0.143     -0.208         71 1.5486e+03 0.0000e+00
     -0.146    24.2311     6.1802     73.779  37.733312     38.323      7.517   159.9349     1.7671     0.8902     0.0248     -0.000     -0.143     -0.208         72 1.5476e+03 0.0000e+00
     -0.146    24.2329     6.1352     73.242  37.737635     38.322      7.512   158.0799     1.7388     0.8365     0.0248     -0.000     -0.143     -0.208         73 1.5482e+03 0.0000e+00
     -0.145    24.2345     6.0991     72.814  37.734016     38.321      7.508   157.8149     1.7711     0.9305     0.0248      0.000     -0.143     -0.207         74 1.5453e+03 0.0000e+00
     -0.146    24.2360     6.0706     72.475  37.737815     38.319      7.508   158.7992     1.7671     0.9439     0.0248      0.000     -0.143     -0.207         75 1.5400e+03 0.0000e+00
     -0.145    24.2386     6.0417     72.131  37.732908     38.318      7.511   159.5185     1.6984     1.1856     0.0248      0.000     -0.143     -0.207         76 1.5371e+03 0.0000e+00
     -0.146    24.2428     6.0247     71.930  37.740123     38.317      7.515   161.0328     1.7145     1.0782     0.0248      0.000     -0.143     -0.207         77 1.5345e+03 0.0000e+00
     -0.145    24.2476     6.0098     71.754  37.610191     38.201      7.512   160.6164     1.6701     1.0111     0.0248      0.000     -0.142     -0.207         78 1.5318e+03 0.0000e+00
     -0.145    24.2513     6.0008     71.647  37.568335     38.113      7.514   161.6385     1.6862     1.0782     0.0247      0.000     -0.142     -0.207         79 1.5291e+03 0.0000e+00
     -0.146    24.2537     5.9898     71.517  37.643906     38.251      7.514   162.3578     1.6984     1.0916     0.0248      0.000     -0.142     -0.207         80 1.5304e+03 0.0000e+00
     -0.145    24.2555     5.9807     71.410  37.575463     38.106      7.513   162.6607     1.7145     1.0782     0.0247      0.000     -0.142     -0.207         81 1.5348e+03 0.0000e+00
     -0.146    24.2563     5.9676     71.256  37.653509     38.246      7.506   163.5692     1.6903     1.0514     0.0248      0.000     -0.143     -0.207         82 1.5366e+03 0.0000e+00
     -0.146    24.2573     5.9566     71.125  37.695082     38.245      7.501   166.9007     1.7105     1.0379     0.0248     -0.000     -0.143     -0.207         83 1.5375e+03 0.0000e+00
     -0.146    24.2584     5.9418     70.950  37.612708     38.187      7.499   166.2950     1.7428     1.1319     0.0248     -0.000     -0.143     -0.207         84 1.5414e+03 0.0000e+00
     -0.146    24.2594     5.9200     70.691  37.637377     38.187      7.504   166.5600     1.7469     1.0245     0.0248     -0.000     -0.143     -0.207         85 1.5416e+03 0.0000e+00
