Data/DataNotYetUploadedToEDI/Raw_CTD/RawDownloads/100518_fcr50.cnv
* Sea-Bird SBE19plus  Data File:
* FileName = C:\DATA\100518_bvr_0002.hex
* Software version 2.6.3.104
* Temperature SN = 7809
* Conductivity SN = 7809
* System UpLoad Time = Oct 05 2018 17:58:04
* <ApplicationData>
* <Seaterm232>
# nquan = 17
# nvalues = 787                         
# units = specified
# name 0 = depFM: Depth [fresh water, m]
# name 1 = tv290C: Temperature [ITS-90, deg C]
# name 2 = sbeox0Mg/L: Oxygen, SBE 43 [mg/l]
# name 3 = sbeox0PS: Oxygen, SBE 43 [% saturation]
# name 4 = c0uS/cm: Conductivity [uS/cm]
# name 5 = specc: Specific Conductance [uS/cm]
# name 6 = ph: pH
# name 7 = orp: Oxidation Reduction Potential [mV]
# name 8 = flECO-AFL: Fluorescence, WET Labs ECO-AFL/FL [mg/m^3]
# name 9 = turbWETntu0: Turbidity, WET Labs ECO [NTU]
# name 10 = sal00: Salinity, Practical [PSU]
# name 11 = dz/dtM: Descent Rate [m/s]
# name 12 = prdM: Pressure, Strain Gauge [db]
# name 13 = prdE: Pressure, Strain Gauge [psi]
# name 14 = scan: Scan Count
# name 15 = par/sat/log: PAR/Logarithmic, Satlantic
# name 16 = flag:  0.000e+00
# span 0 =     -0.556,      9.301       
# span 1 =    13.0197,    24.7407       
# span 2 =     0.0769,     8.8571       
# span 3 =      0.756,    102.754       
# span 4 =   0.318411, 146.108268       
# span 5 =      0.148,    191.879       
# span 6 =     -2.503,      8.356       
# span 7 = -1240.7455,  1240.2295       
# span 8 =    -1.0271,     7.8002       
# span 9 =    -1.9699,    16.5741       
# span 10 =     0.0117,     0.0909      
# span 11 =     -0.411,      0.297      
# span 12 =     -0.545,      9.121      
# span 13 =     -0.790,     13.228      
# span 14 =          1,        787      
# span 15 = 1.2022e-01, 1.6063e+03      
# span 16 = 0.0000e+00, 0.0000e+00      
# interval = seconds: 0.25
# start_time = Oct 05 2018 19:39:48 [Instrument's time stamp, header]
# bad_flag = -9.990e-29
*END*
[from data line 256]
     -0.135    24.2628     5.2316     62.471  36.586439     37.133      7.552   199.6472     1.7995     1.1185     0.0243      0.000     -0.132     -0.192        257 1.5173e+03 0.0000e+00
     -0.134    24.2635     5.2153     62.276  36.538664     37.076      7.556   202.4486     1.8278     1.0648     0.0243      0.000     -0.132     -0.192        258 1.5164e+03 0.0000e+00
     -0.134    24.2641     5.1958     62.044  36.589046     37.133      7.554   202.8272     1.8035     1.0245     0.0243      0.000     -0.132     -0.192        259 1.5188e+03 0.0000e+00
     -0.135    24.2648     5.1787     61.840  36.672036     37.217      7.553   199.4579     1.7388     0.9574     0.0244 -2.257e-12     -0.132     -0.192        260 1.5204e+03 0.0000e+00
     -0.135    24.2657     5.1666     61.695  36.672659     37.217      7.553   199.5336     1.7590     0.9171     0.0244     -0.000     -0.132     -0.192        261 1.5159e+03 0.0000e+00
     -0.134    24.2662     5.1644     61.672  36.588271     37.131      7.555   200.0258     1.7428     0.8499     0.0243      0.000     -0.132     -0.191        262 1.5167e+03 0.0000e+00
     -0.134    24.2671     5.1690     61.729  36.599100     37.131      7.555   202.0322     1.7509     0.9036     0.0243      0.000     -0.132     -0.191        263 1.5168e+03 0.0000e+00
     -0.134    24.2680     5.1858     61.929  36.659181     37.215      7.553   202.3351     1.7469     1.0916     0.0244      0.000     -0.132     -0.191        264 1.5175e+03 0.0000e+00
     -0.135    24.2685     5.2079     62.195  36.602477     37.130      7.556   202.5243     1.7631     1.0648     0.0243      0.000     -0.132     -0.192        265 1.5204e+03 0.0000e+00
     -0.135    24.2691     5.2291     62.453  36.610348     37.157      7.553   201.3508     1.7995     1.0514     0.0243     -0.000     -0.132     -0.192        266 1.5169e+03 0.0000e+00
     -0.135    24.2700     5.2539     62.749  36.590068     37.129      7.554   200.6315     1.7671     1.0916     0.0243     -0.000     -0.132     -0.192        267 1.5166e+03 0.0000e+00
     -0.135    24.2705     5.2768     63.024  36.598056     37.128      7.553   201.1615     1.7307     1.0379     0.0243     -0.000     -0.132     -0.192        268 1.5195e+03 0.0000e+00
     -0.135    24.2709     5.2899     63.181  36.659726     37.213      7.553   201.6536     1.8197     0.8634     0.0244     -0.000     -0.132     -0.192        269 1.5179e+03 0.0000e+00
     -0.135    24.2708     5.2994     63.295  36.602298     37.127      7.554   201.6536     1.8075     0.8902     0.0243     -0.000     -0.132     -0.192        270 1.5167e+03 0.0000e+00
     -0.134    24.2712     5.3128     63.456  36.610205     37.155      7.551   203.0922     1.8035     0.9305     0.0243     -0.000     -0.132     -0.192        271 1.5176e+03 0.0000e+00
     -0.135    24.2736     5.3302     63.665  36.590567     37.127      7.548   202.3729     1.8156     0.8768     0.0243      0.000     -0.132     -0.192        272 1.5191e+03 0.0000e+00
     -0.135    24.2754     5.3481     63.882  36.537760     37.070      7.550   202.7515     1.8763     0.9708     0.0243     -0.000     -0.132     -0.192        273 1.5196e+03 0.0000e+00
     -0.134    24.2754     5.3792     64.255  36.527626     37.068      7.551   201.9565     1.8682     1.1051     0.0243      0.000     -0.132     -0.191        274 1.5174e+03 0.0000e+00
     -0.134    24.2773     5.4325     64.891  36.484540     37.010      7.549   202.2972     1.9086     1.0916     0.0243      0.000     -0.132     -0.191        275 1.5180e+03 0.0000e+00
     -0.134    24.2805     5.5115     65.843  36.532060     37.067      7.553   202.7136     1.9005     1.1319     0.0243      0.000     -0.132     -0.191        276 1.5170e+03 0.0000e+00
     -0.134    24.2812     5.5938     66.832  36.557466     37.094      7.551   206.1965     1.7995     0.9574     0.0243      0.000     -0.132     -0.191        277 1.5154e+03 0.0000e+00
     -0.135    24.2812     5.7204     68.341  36.482581     37.006      7.550   203.8115     1.8116     1.0782     0.0243      0.000     -0.132     -0.192        278 1.5158e+03 0.0000e+00
     -0.135    24.2821     5.8819     70.268  36.476955     37.006      7.549   204.0386     1.8318     1.1051     0.0243     -0.000     -0.132     -0.192        279 1.5166e+03 0.0000e+00
     -0.135    24.2828     6.0556     72.348  36.475489     37.006      7.551   204.1901     1.8075     1.1453     0.0243      0.000     -0.132     -0.192        280 1.5184e+03 0.0000e+00
     -0.135    24.2833     6.2268     74.395  36.484406     37.005      7.550   203.0922     1.8116     1.0916     0.0243     -0.000     -0.132     -0.192        281 1.5167e+03 0.0000e+00
     -0.135    24.2847     6.4244     76.757  36.554837     37.089      7.550   207.4079     1.8197     1.0379     0.0243     -0.000     -0.132     -0.192        282 1.5178e+03 0.0000e+00
     -0.135    24.2874     6.5871     78.704  36.536135     37.061      7.553   206.4615     1.8237     1.1319     0.0243     -0.000     -0.132     -0.192        283 1.5218e+03 0.0000e+00
     -0.134    24.2882     6.7157     80.243  36.478019     37.003      7.549   206.1208     1.8116     1.2393     0.0243     -0.000     -0.132     -0.191        284 1.5202e+03 0.0000e+00
     -0.134    24.2885     6.8140     81.417  36.478863     37.001      7.550   206.3858     1.8075     1.0379     0.0243      0.000     -0.132     -0.191        285 1.5181e+03 0.0000e+00
     -0.135    24.2945     6.8691     82.076  36.475767     37.000      7.549   204.0765     1.8278     1.0245     0.0243      0.000     -0.132     -0.192        286 1.5192e+03 0.0000e+00
     -0.135    24.2990     6.8754     82.152  36.481874     37.000      7.549   204.0765     1.8156     0.9976     0.0243      0.000     -0.132     -0.192        287 1.5182e+03 0.0000e+00
     -0.134    24.2966     6.8613     81.987  36.500921     37.024      7.551   208.9601     1.8318     1.1185     0.0243      0.000     -0.131     -0.191        288 1.5165e+03 0.0000e+00
     -0.134    24.2952     6.8255     81.561  36.481719     36.992      7.549   208.5058     1.8197     1.0782     0.0243      0.000     -0.131     -0.191        289 1.5191e+03 0.0000e+00
     -0.134    24.2979     6.7705     80.905  36.476110     36.994      7.549   208.1651     1.8439     1.1185     0.0243      0.000     -0.131     -0.191        290 1.5189e+03 0.0000e+00
     -0.134    24.2995     6.7185     80.282  36.478243     36.995      7.552   206.1208     1.8278     1.0514     0.0243      0.000     -0.131     -0.191        291 1.5178e+03 0.0000e+00
     -0.135    24.3005     6.6672     79.670  36.419746     36.936      7.550   206.2722     1.8197     1.0111     0.0243     -0.000     -0.132     -0.191        292 1.5166e+03 0.0000e+00
     -0.134    24.3025     6.6152     79.049  36.430270     36.935      7.552   206.2722     1.8237     1.1319     0.0243     -0.000     -0.132     -0.191        293 1.5173e+03 0.0000e+00
     -0.135    24.3037     6.5711     78.523  36.494804     37.019      7.551   209.6037     1.8237     1.0916     0.0243     -0.000     -0.132     -0.192        294 1.5190e+03 0.0000e+00
     -0.135    24.3043     6.5325     78.061  36.428412     36.933      7.552   209.7551     1.8399     1.0648     0.0243     -0.000     -0.132     -0.192        295 1.5187e+03 0.0000e+00
     -0.135    24.3042     6.4966     77.634  36.423916     36.932      7.553   210.0201     1.8156     1.0916     0.0243     -0.000     -0.132     -0.192        296 1.5180e+03 0.0000e+00
     -0.135    24.3053     6.4515     77.095  36.470739     36.988      7.552   208.2787     1.8197     0.9976     0.0243     -0.000     -0.132     -0.192        297 1.5163e+03 0.0000e+00
     -0.134    24.3074     6.4153     76.664  36.429459     36.932      7.552   208.1272     1.7792     1.0648     0.0243     -0.000     -0.132     -0.192        298 1.5195e+03 0.0000e+00
     -0.135    24.3086     6.3659     76.073  36.445628     36.959      7.551   209.0358     1.7590     1.1185     0.0243     -0.000     -0.132     -0.192        299 1.5196e+03 0.0000e+00
     -0.135    24.3091     6.3207     75.534  36.420957     36.929      7.551   208.8087     1.7631     0.9574     0.0243     -0.000     -0.132     -0.192        300 1.5200e+03 0.0000e+00
     -0.134    24.3086     6.2748     74.988  36.371185     36.872      7.551   209.8308     1.7833     1.1051     0.0242     -0.000     -0.132     -0.191        301 1.5212e+03 0.0000e+00
     -0.134    24.3084     6.2329     74.489  36.418591     36.928      7.551   209.8308     1.8116     1.1856     0.0243      0.000     -0.132     -0.191        302 1.5199e+03 0.0000e+00
     -0.135    24.3091     6.1926     74.011  36.421279     36.928      7.552   209.6415     1.8439     1.1588     0.0243      0.000     -0.132     -0.191        303 1.5205e+03 0.0000e+00
     -0.134    24.3093     6.1583     73.604  36.427158     36.929      7.554   209.9444     1.8399     1.0648     0.0243      0.000     -0.132     -0.191        304 1.5165e+03 0.0000e+00
     -0.134    24.3096     6.1318     73.289  36.440934     36.956      7.554   207.8622     1.8278     1.1588     0.0243      0.000     -0.132     -0.191        305 1.5159e+03 0.0000e+00
     -0.134    24.3100     6.1161     73.106  36.374475     36.871      7.558   209.8308     1.8358     1.0648     0.0242      0.000     -0.132     -0.191        306 1.5171e+03 0.0000e+00
     -0.135    24.3102     6.1043     72.970  36.361568     36.871      7.556   210.3229     1.8480     1.0916     0.0242      0.000     -0.132     -0.191        307 1.5170e+03 0.0000e+00
     -0.134    24.3108     6.1159     73.109  36.427337     36.927      7.558   210.3229     1.8197     1.2393     0.0243      0.000     -0.132     -0.191        308 1.5181e+03 0.0000e+00
     -0.135    24.3114     6.1434     73.439  36.470583     36.984      7.557   210.6637     1.8318     1.0514     0.0243     -0.000     -0.132     -0.192        309 1.5180e+03 0.0000e+00
     -0.135    24.3121     6.1857     73.946  36.426388     36.927      7.558   210.9287     1.8197     1.1588     0.0243     -0.000     -0.132     -0.192        310 1.5187e+03 0.0000e+00
     -0.135    24.3133     6.2286     74.461  36.393360     36.898      7.559   208.1651     1.8075     1.0245     0.0243     -0.000     -0.132     -0.192        311 1.5184e+03 0.0000e+00
     -0.134    24.3148     6.2873     75.162  36.422707     36.926      7.561   209.3387     1.8278     1.0782     0.0243     -0.000     -0.132     -0.192        312 1.5183e+03 0.0000e+00
     -0.135    24.3174     6.3570     75.997  36.419523     36.925      7.561   209.3387     1.8358     1.1722     0.0243     -0.000     -0.132     -0.192        313 1.5213e+03 0.0000e+00
     -0.135    24.3190     6.4119     76.654  36.367662     36.867      7.562   210.9665     1.8318     1.1319     0.0242     -0.000     -0.132     -0.192        314 1.5229e+03 0.0000e+00
     -0.134    24.3209     6.4587     77.214  36.368612     36.865      7.563   211.0422     1.8439     1.0111     0.0242     -0.000     -0.132     -0.191        315 1.5223e+03 0.0000e+00
     -0.134    24.3249     6.4850     77.529  36.388682     36.892      7.564   206.7644     1.7995     1.0648     0.0243     -0.000     -0.132     -0.191        316 1.5223e+03 0.0000e+00
     -0.134    24.3275     6.5044     77.760  36.372343     36.863      7.563   208.0515     1.8278     1.1319     0.0242      0.000     -0.132     -0.191        317 1.5198e+03 0.0000e+00
     -0.134    24.3282     6.5094     77.820  36.359286     36.859      7.563   208.3922     1.8156     1.0916     0.0242      0.000     -0.132     -0.191        318 1.5183e+03 0.0000e+00
     -0.134    24.3293     6.5013     77.724  36.375271     36.858      7.565   210.8151     1.8116     1.0111     0.0242      0.000     -0.131     -0.191        319 1.5203e+03 0.0000e+00
     -0.134    24.3309     6.4834     77.509  36.411765     36.914      7.565   210.8908     1.8358     1.0916     0.0243      0.000     -0.131     -0.190        320 1.5200e+03 0.0000e+00
     -0.134    24.3317     6.4543     77.162  36.373185     36.856      7.565   211.0801     1.8237     1.1453     0.0242      0.001     -0.131     -0.190        321 1.5199e+03 0.0000e+00
     -0.134    24.3320     6.4275     76.843  36.334305     36.827      7.562   207.0294     1.8075     1.0648     0.0242      0.001     -0.131     -0.191        322 1.5226e+03 0.0000e+00
     -0.134    24.3323     6.3988     76.500  36.371173     36.854      7.563   207.4836     1.8278     1.0648     0.0242      0.000     -0.132     -0.191        323 1.5203e+03 0.0000e+00
     -0.135    24.3329     6.3689     76.141  36.356964     36.854      7.563   207.6351     1.8480     1.0245     0.0242     -0.000     -0.132     -0.191        324 1.5189e+03 0.0000e+00
     -0.134    24.3334     6.3478     75.889  36.322329     36.797      7.564   209.2629     1.8075     1.1319     0.0242     -0.000     -0.132     -0.191        325 1.5198e+03 0.0000e+00
     -0.134    24.3334     6.3237     75.602  36.414274     36.910      7.565   209.4522     1.8318     1.0648     0.0243     -0.000     -0.132     -0.191        326 1.5171e+03 0.0000e+00
     -0.134    24.3329     6.2981     75.298  36.390834     36.882      7.566   206.3858     1.8116     1.0782     0.0242     -0.000     -0.132     -0.191        327 1.5181e+03 0.0000e+00
     -0.134    24.3330     6.2807     75.089  36.321842     36.797      7.567   206.1208     1.8318     1.1319     0.0242     -0.000     -0.132     -0.191        328 1.5190e+03 0.0000e+00
     -0.134    24.3335     6.2848     75.137  36.351841     36.854      7.568   206.6508     1.8197     1.0379     0.0242     -0.000     -0.132     -0.191        329 1.5173e+03 0.0000e+00
     -0.134    24.3337     6.2924     75.227  36.323843     36.797      7.565   206.7644     1.8197     1.0111     0.0242      0.000     -0.131     -0.191        330 1.5191e+03 0.0000e+00
     -0.134    24.3338     6.3021     75.344  36.297367     36.796      7.568   207.0672     1.8318     1.1588     0.0242      0.000     -0.131     -0.191        331 1.5193e+03 0.0000e+00
     -0.134    24.3341     6.3197     75.555  36.325470     36.796      7.568   207.9758     1.8075     1.0111     0.0242      0.000     -0.131     -0.191        332 1.5191e+03 0.0000e+00
     -0.134    24.3343     6.3365     75.756  36.318526     36.825      7.566   206.6129     1.8358     1.0111     0.0242      0.000     -0.132     -0.191        333 1.5217e+03 0.0000e+00
     -0.134    24.3340     6.3514     75.935  36.276350     36.739      7.565   206.3858     1.8075     1.0379     0.0242      0.000     -0.132     -0.191        334 1.5199e+03 0.0000e+00
     -0.134    24.3338     6.3683     76.137  36.288982     36.796      7.568   206.5372     1.8278     1.0514     0.0242 4.5808e-07     -0.132     -0.191        335 1.5189e+03 0.0000e+00
     -0.135    24.3350     6.3928     76.431  36.332463     36.796      7.567   206.7644     1.8237     1.0648     0.0242     -0.000     -0.132     -0.191        336 1.5202e+03 0.0000e+00
     -0.134    24.3361     6.4140     76.684  36.340873     36.853      7.567   207.5215     1.8237     0.9842     0.0242     -0.000     -0.131     -0.191        337 1.5180e+03 0.0000e+00
     -0.134    24.3357     6.4255     76.822  36.337834     36.795      7.569   207.7108     1.8156     1.0514     0.0242     -0.000     -0.131     -0.191        338 1.5164e+03 0.0000e+00
     -0.134    24.3348     6.4339     76.922  36.365903     36.879      7.571   207.6351     1.8197     1.0648     0.0242      0.000     -0.131     -0.190        339 1.5194e+03 0.0000e+00
     -0.134    24.3347     6.4391     76.984  36.335600     36.795      7.571   207.1429     1.8965     1.0916     0.0242      0.000     -0.131     -0.190        340 1.5209e+03 0.0000e+00
