Data/DataNotYetUploadedToEDI/Raw_CTD/RawDownloads/100520_bvr50.cnv
* Sea-Bird SBE19plus  Data File:
* FileName = C:\DATA\100420_fcr50_0003.hex
* Software version 2.8.0.119
* Temperature SN = 7809
* Conductivity SN = 7809
* System UpLoad Time = Oct 05 2020 11:34:03
* <ApplicationData>
* <Seaterm232>
# nquan = 16
# nvalues = 1682                        
# units = specified
# name 0 = depFM: Depth [fresh water, m]
# name 1 = dz/dtM: Descent Rate [m/s]
# name 2 = sbeox0ML/L: Oxygen, SBE 43 [ml/l]
# name 3 = sbeox0PS: Oxygen, SBE 43 [% saturation]
# name 4 = specc: Specific Conductance [uS/cm]
# name 5 = c0uS/cm: Conductivity [uS/cm]
# name 6 = flECO-AFL: Fluorescence, WET Labs ECO-AFL/FL [mg/m^3]
# name 7 = ph: pH
# name 8 = orp: Oxidation Reduction Potential [mV]
# name 9 = par/sat/log: PAR/Logarithmic, Satlantic
# name 10 = turbWETntu0: Turbidity, WET Labs ECO [NTU]
# name 11 = prdM: Pressure, Strain Gauge [db]
# name 12 = prdE: Pressure, Strain Gauge [psi]
# name 13 = tv290C: Temperature [ITS-90, deg C]
# name 14 = density00: Density [density, kg/m^3]
# name 15 = flag:  0.000e+00
# span 0 =     -0.686,     10.489       
# span 1 =     -0.419,      0.305       
# span 2 =    -1.0132,     6.6386       
# span 3 =    -13.468,     98.319       
# span 4 =      2.920,    246.864       
# span 5 =   2.456435, 173.320191       
# span 6 =    -2.6879,   259.8810       
# span 7 =     15.649,     15.967       
# span 8 =  -401.5769,   397.1826       
# span 9 = 1.2352e-01, 1.3853e+03       
# span 10 =    -8.4739,    13.3491      
# span 11 =     -0.675,     10.287      
# span 12 =     -0.978,     14.920      
# span 13 =    10.0527,    18.0754      
# span 14 =   998.5869,   999.8353      
# span 15 = 0.0000e+00, 0.0000e+00      
# interval = seconds: 0.25
# start_time = Oct 04 2020 21:14:42 [Instrument's time stamp, header]
# bad_flag = -9.990e-29
*END*
[from data line 995]
      9.981     -0.131     0.0418      0.563    164.805 115.953965     1.1480     15.956  -171.1036 1.2388e-01    10.9533      9.789     14.198    10.1493   999.7967 0.0000e+00
      9.941     -0.126     0.0379      0.607    164.725 115.919716     1.1513     15.955  -170.8683 1.2387e-01    10.8523      9.747     14.138    10.1560   999.7955 0.0000e+00
      9.906     -0.117     0.0402      0.638    164.720 115.936266     1.1393     15.955  -170.4344 1.2383e-01    10.1505      9.712     14.086    10.1632   999.7947 0.0000e+00
      9.878     -0.102     0.0423      0.631    164.643 115.899255     1.1174     15.956  -169.9012 1.2374e-01     8.9231      9.684     14.047    10.1699   999.7937 0.0000e+00
      9.855     -0.081     0.0433      0.635    164.380 115.727075     1.1152     15.956  -169.5845 1.2366e-01     8.2342      9.664     14.016    10.1768   999.7929 0.0000e+00
      9.837     -0.056     0.0476      0.665    163.880 115.383555     1.1225     15.956  -169.7888 1.2366e-01     8.1384      9.646     13.990    10.1834   999.7922 0.0000e+00
      9.822     -0.033     0.0523      0.669    163.139 114.867601     1.1210     15.956  -170.0481 1.2366e-01     7.6963      9.629     13.966    10.1899   999.7916 0.0000e+00
      9.815     -0.014     0.0490      0.632    162.735 114.585483     1.1342     15.955  -170.0523 1.2366e-01     6.8711      9.622     13.955    10.1953   999.7912 0.0000e+00
      9.820     -0.002     0.0480      0.593    163.003 114.775686     1.1491     15.955  -170.0974 1.2365e-01     6.4356      9.628     13.964    10.1990   999.7906 0.0000e+00
      9.830      0.005     0.0540      0.603    163.050 114.810121     1.1481     15.955  -170.0764 1.2366e-01     6.3786      9.640     13.983    10.2017   999.7903 0.0000e+00
      9.840      0.010     0.0536      0.636    162.415 114.364739     1.1411     15.955  -169.8853 1.2371e-01     6.3186      9.653     14.002    10.2034   999.7899 0.0000e+00
      9.840      0.012     0.0503      0.636    161.861 113.977571     1.1121     15.955  -169.7656 1.2374e-01     5.9169      9.654     14.002    10.2038   999.7895 0.0000e+00
      9.833      0.012     0.0443      0.621    161.822 113.951345     1.0739     15.955  -169.6614 1.2373e-01     5.1608      9.640     13.982    10.2041   999.7898 0.0000e+00
      9.831      0.009     0.0462      0.622    162.054 114.111346     1.0509     15.956  -169.4000 1.2368e-01     4.7308      9.637     13.976    10.2045   999.7899 0.0000e+00
      9.840      0.003     0.0521      0.633    162.269 114.255772     1.0444     15.956  -169.0999 1.2368e-01     4.6658      9.649     13.994    10.2050   999.7894 0.0000e+00
      9.850     -0.006     0.0503      0.651    162.426 114.359751     1.0337     15.956  -168.9587 1.2369e-01     4.5115      9.663     14.014    10.2063   999.7891 0.0000e+00
      9.854     -0.020     0.0478      0.656    162.598 114.476640     1.0062     15.955  -168.8976 1.2372e-01     4.2740      9.668     14.022    10.2072   999.7891 0.0000e+00
      9.848     -0.039     0.0488      0.616    162.755 114.586038     0.9981     15.954  -168.7910 1.2375e-01     4.1969      9.660     14.013    10.2056   999.7894 0.0000e+00
      9.831     -0.061     0.0496      0.561    162.954 114.726861     1.0120     15.954  -168.6164 1.2372e-01     4.3001      9.644     13.987    10.2030   999.7896 0.0000e+00
      9.807     -0.080     0.0508      0.538    163.203 114.905155     1.0125     15.955  -168.4206 1.2370e-01     4.8349      9.618     13.949    10.2009   999.7897 0.0000e+00
      9.780     -0.093     0.0538      0.558    163.360 115.021650     1.0042     15.955  -168.3175 1.2375e-01     5.7198      9.590     13.909    10.1995   999.7898 0.0000e+00
      9.753     -0.099     0.0487      0.577    163.390 115.052343     1.0075     15.955  -168.2296 1.2376e-01     6.1408      9.564     13.872    10.1992   999.7897 0.0000e+00
      9.727     -0.102     0.0430      0.577    163.330 115.021437     1.0145     15.955  -168.1317 1.2375e-01     6.1146      9.539     13.835    10.1996   999.7896 0.0000e+00
      9.701     -0.102     0.0408      0.582    163.144 114.902814     1.0405     15.955  -168.0811 1.2372e-01     5.9865      9.512     13.796    10.2005   999.7895 0.0000e+00
      9.676     -0.102     0.0439      0.586    162.837 114.701153     1.0837     15.955  -168.0481 1.2368e-01     5.7591      9.489     13.762    10.2021   999.7893 0.0000e+00
      9.652     -0.102     0.0471      0.601    162.614 114.558157     1.1078     15.954  -167.9901 1.2366e-01     5.6314      9.467     13.730    10.2051   999.7890 0.0000e+00
      9.624     -0.099     0.0440      0.636    162.622 114.575463     1.1215     15.954  -167.6387 1.2366e-01     5.6437      9.439     13.690    10.2087   999.7885 0.0000e+00
      9.595     -0.089     0.0466      0.651    162.722 114.655575     1.1160     15.954  -166.9822 1.2367e-01     5.5991      9.409     13.647    10.2125   999.7879 0.0000e+00
      9.569     -0.074     0.0456      0.646    162.682 114.634886     1.0895     15.954  -166.5916 1.2368e-01     5.4698      9.383     13.609    10.2171   999.7872 0.0000e+00
      9.546     -0.054     0.0458      0.663    162.420 114.452739     1.0776     15.954  -166.6155 1.2368e-01     5.4192      9.359     13.573    10.2217   999.7866 0.0000e+00
      9.533     -0.033     0.0510      0.670    162.118 114.237061     1.0769     15.954  -166.7552 1.2369e-01     5.4336      9.343     13.551    10.2254   999.7862 0.0000e+00
      9.532     -0.015     0.0525      0.648    161.973 114.129482     1.0803     15.954  -166.9038 1.2370e-01     5.1633      9.345     13.555    10.2282   999.7860 0.0000e+00
      9.540     -0.002     0.0488      0.643    161.950 114.107609     1.0807     15.954  -167.0358 1.2371e-01     4.5889      9.355     13.569    10.2308   999.7859 0.0000e+00
      9.548      0.005     0.0523      0.637    161.946 114.100001     1.0625     15.954  -166.9750 1.2375e-01     4.2224      9.364     13.582    10.2319   999.7857 0.0000e+00
      9.553      0.008     0.0549      0.596    161.952 114.101204     1.0419     15.955  -166.6845 1.2375e-01     4.1300      9.372     13.593    10.2307   999.7856 0.0000e+00
      9.550      0.008     0.0490      0.566    161.987 114.122143     1.0226     15.955  -166.4486 1.2370e-01     3.8496      9.367     13.586    10.2287   999.7858 0.0000e+00
      9.545      0.007     0.0504      0.577    162.052 114.162046     1.0007     15.954  -166.3596 1.2368e-01     3.3376      9.357     13.572    10.2265   999.7859 0.0000e+00
      9.545      0.003     0.0520      0.573    162.120 114.201425     0.9965     15.954  -166.2966 1.2368e-01     3.0556      9.357     13.571    10.2250   999.7861 0.0000e+00
      9.551     -0.006     0.0465      0.564    162.153 114.216027     1.0003     15.955  -166.2896 1.2373e-01     3.0504      9.365     13.583    10.2243   999.7862 0.0000e+00
      9.560     -0.020     0.0418      0.574    162.156 114.211169     0.9899     15.956  -166.4471 1.2380e-01     3.0686      9.377     13.600    10.2234   999.7863 0.0000e+00
      9.562     -0.040     0.0471      0.571    162.063 114.142685     0.9658     15.955  -166.5660 1.2383e-01     3.0347      9.384     13.609    10.2217   999.7866 0.0000e+00
      9.548     -0.061     0.0453      0.574    161.892 114.025067     0.9473     15.955  -166.4369 1.2382e-01     2.9847      9.369     13.588    10.2189   999.7868 0.0000e+00
      9.520     -0.081     0.0424      0.602    161.755 113.935776     0.9382     15.954  -166.2627 1.2379e-01     3.0128      9.337     13.543    10.2158   999.7869 0.0000e+00
      9.486     -0.096     0.0468      0.592    161.586 113.827548     0.9506     15.953  -166.1801 1.2374e-01     3.3739      9.302     13.491    10.2135   999.7870 0.0000e+00
      9.455     -0.102     0.0447      0.545    161.439 113.735797     1.0017     15.953  -166.1262 1.2365e-01     4.0207      9.271     13.446    10.2125   999.7869 0.0000e+00
      9.429     -0.102     0.0431      0.548    161.397 113.718319     1.0415     15.953  -166.0417 1.2366e-01     4.3789      9.245     13.409    10.2132   999.7866 0.0000e+00
      9.407     -0.097     0.0490      0.589    161.236 113.616239     1.0502     15.953  -165.8460 1.2377e-01     4.4085      9.224     13.378    10.2157   999.7863 0.0000e+00
      9.386     -0.093     0.0490      0.607    160.995 113.457140     1.0501     15.953  -165.6535 1.2382e-01     4.4128      9.204     13.351    10.2194   999.7857 0.0000e+00
      9.363     -0.092     0.0399      0.627    160.881 113.387305     1.0691     15.953  -165.6066 1.2378e-01     4.3627      9.182     13.318    10.2234   999.7852 0.0000e+00
      9.339     -0.094     0.0413      0.646    160.717 113.281517     1.1177     15.954  -165.6231 1.2376e-01     4.2146      9.159     13.283    10.2270   999.7848 0.0000e+00
      9.315     -0.095     0.0486      0.627    160.494 113.133636     1.1511     15.954  -165.5951 1.2379e-01     4.0991      9.136     13.251    10.2305   999.7843 0.0000e+00
      9.290     -0.093     0.0468      0.602    160.475 113.128185     1.1489     15.954  -165.3546 1.2375e-01     4.0646      9.111     13.214    10.2340   999.7837 0.0000e+00
      9.264     -0.083     0.0487      0.591    160.589 113.215621     1.1097     15.954  -165.0381 1.2370e-01     4.1061      9.085     13.176    10.2372   999.7833 0.0000e+00
      9.238     -0.067     0.0529      0.575    160.338 113.044156     1.0401     15.953  -165.0371 1.2375e-01     4.1891      9.058     13.138    10.2402   999.7828 0.0000e+00
      9.216     -0.047     0.0489      0.560    159.589 112.520173     0.9844     15.952  -165.0854 1.2381e-01     4.2092      9.033     13.101    10.2430   999.7822 0.0000e+00
      9.205     -0.026     0.0465      0.573    158.905 112.040061     0.9700     15.952  -164.9331 1.2381e-01     4.1787      9.021     13.083    10.2457   999.7820 0.0000e+00
      9.208     -0.009     0.0468      0.593    158.690 111.889350     0.9995     15.952  -164.9161 1.2375e-01     4.1292      9.028     13.093    10.2478   999.7820 0.0000e+00
      9.218      0.003     0.0458      0.609    158.805 111.971940     1.0454     15.952  -165.1386 1.2374e-01     4.0906      9.040     13.112    10.2495   999.7818 0.0000e+00
      9.226      0.010     0.0420      0.631    158.962 112.083155     1.0665     15.953  -165.3869 1.2382e-01     4.0555      9.049     13.125    10.2509   999.7813 0.0000e+00
      9.229      0.012     0.0453      0.650    159.060 112.151153     1.0835     15.953  -165.4224 1.2382e-01     4.0138      9.053     13.130    10.2514   999.7810 0.0000e+00
      9.227      0.009     0.0470      0.663    159.076 112.157097     1.1080     15.953  -165.2240 1.2376e-01     3.8268      9.050     13.125    10.2516   999.7809 0.0000e+00
      9.225      0.003     0.0470      0.659    159.085 112.155021     1.1151     15.953  -165.0527 1.2372e-01     3.4420      9.045     13.117    10.2523   999.7810 0.0000e+00
      9.227     -0.004     0.0500      0.637    159.235 112.253437     1.1118     15.953  -165.0718 1.2375e-01     3.2070      9.047     13.122    10.2526   999.7810 0.0000e+00
      9.231     -0.013     0.0506      0.614    159.709 112.582621     1.1058     15.953  -165.1113 1.2380e-01     3.1831      9.055     13.133    10.2523   999.7811 0.0000e+00
      9.231     -0.023     0.0528      0.601    160.142 112.886353     1.0524     15.953  -165.1001 1.2382e-01     3.1177      9.055     13.134    10.2506   999.7812 0.0000e+00
      9.223     -0.034     0.0522      0.579    160.023 112.804435     0.9533     15.953  -165.1942 1.2377e-01     2.9998      9.046     13.120    10.2475   999.7815 0.0000e+00
      9.210     -0.044     0.0504      0.567    159.743 112.611416     0.8986     15.953  -165.3030 1.2372e-01     2.9599      9.032     13.101    10.2449   999.7817 0.0000e+00
      9.193     -0.050     0.0471      0.572    159.526 112.463665     0.9057     15.953  -165.2972 1.2371e-01     3.0121      9.016     13.077    10.2435   999.7819 0.0000e+00
      9.175     -0.050     0.0484      0.561    159.361 112.355720     0.9347     15.953  -165.2098 1.2372e-01     3.2194      8.997     13.048    10.2430   999.7822 0.0000e+00
      9.159     -0.049     0.0450      0.551    159.486 112.452898     0.9730     15.953  -165.1070 1.2372e-01     3.5449      8.979     13.024    10.2437   999.7818 0.0000e+00
      9.150     -0.051     0.0431      0.563    159.803 112.683128     0.9962     15.953  -165.0868 1.2372e-01     3.6859      8.970     13.010    10.2449   999.7815 0.0000e+00
      9.145     -0.056     0.0467      0.578    159.936 112.782459     0.9971     15.953  -165.1363 1.2371e-01     3.6873      8.969     13.008    10.2464   999.7814 0.0000e+00
      9.138     -0.062     0.0436      0.575    159.806 112.698394     0.9741     15.953  -165.1038 1.2370e-01     3.8373      8.966     13.005    10.2495   999.7810 0.0000e+00
      9.120     -0.064     0.0424      0.563    159.685 112.622243     0.9368     15.953  -164.9526 1.2372e-01     4.0573      8.949     12.979    10.2527   999.7807 0.0000e+00
      9.092     -0.061     0.0441      0.554    159.767 112.689854     0.9185     15.953  -165.1145 1.2374e-01     4.1500      8.916     12.932    10.2545   999.7805 0.0000e+00
      9.063     -0.052     0.0463      0.545    159.934 112.815158     0.9146     15.953  -165.5127 1.2374e-01     4.2026      8.882     12.883    10.2561   999.7802 0.0000e+00
      9.046     -0.040     0.0454      0.556    159.911 112.799543     0.9281     15.952  -165.5511 1.2372e-01     4.2461      8.866     12.859    10.2584   999.7799 0.0000e+00
      9.044     -0.031     0.0436      0.590    159.677 112.628468     0.9669     15.952  -165.4934 1.2372e-01     4.1951      8.867     12.860    10.2614   999.7795 0.0000e+00
      9.053     -0.031     0.0440      0.594    159.458 112.466649     1.0024     15.952  -165.5892 1.2374e-01     4.1014      8.877     12.875    10.2646   999.7793 0.0000e+00
      9.061     -0.041     0.0421      0.565    159.419 112.435541     1.0141     15.952  -165.5897 1.2377e-01     4.0061      8.891     12.895    10.2676   999.7793 0.0000e+00
      9.055     -0.058     0.0421      0.564    159.518 112.507154     0.9940     15.951  -165.4144 1.2377e-01     3.8666      8.890     12.892    10.2681   999.7792 0.0000e+00
      9.029     -0.078     0.0477      0.582    159.598 112.568101     0.9503     15.951  -165.2768 1.2376e-01     3.6506      8.859     12.848    10.2653   999.7792 0.0000e+00
      8.990     -0.098     0.0484      0.578    159.543 112.535443     0.9148     15.951  -165.2166 1.2378e-01     3.4892      8.814     12.783    10.2621   999.7791 0.0000e+00
      8.955     -0.113     0.0426      0.569    159.386 112.430813     0.8983     15.951  -165.1163 1.2377e-01     3.4605      8.778     12.731    10.2610   999.7791 0.0000e+00
      8.930     -0.118     0.0432      0.560    159.225 112.322255     0.8935     15.952  -164.9252 1.2375e-01     3.4405      8.757     12.700    10.2619   999.7790 0.0000e+00
      8.905     -0.110     0.0476      0.554    159.102 112.242095     0.9148     15.952  -164.4538 1.2372e-01     3.3160      8.737     12.671    10.2638   999.7788 0.0000e+00
      8.875     -0.092     0.0448      0.579    158.980 112.162330     0.9652     15.952  -163.9769 1.2368e-01     3.1576      8.707     12.628    10.2657   999.7784 0.0000e+00
      8.840     -0.069     0.0445      0.606    158.918 112.122227     0.9972     15.952  -163.7187 1.2368e-01     3.1383      8.667     12.570    10.2675   999.7780 0.0000e+00
      8.814     -0.048     0.0446      0.611    158.943 112.139421     0.9953     15.951  -163.7415 1.2371e-01     3.1857      8.633     12.522    10.2692   999.7777 0.0000e+00
