Data/DataNotYetUploadedToEDI/Raw_CTD/RawDownloads/100520_bvr50.cnv
* Sea-Bird SBE19plus  Data File:
* FileName = C:\DATA\100420_fcr50_0003.hex
* Software version 2.8.0.119
* Temperature SN = 7809
* Conductivity SN = 7809
* System UpLoad Time = Oct 05 2020 11:34:03
* <ApplicationData>
* <Seaterm232>
# nquan = 16
# nvalues = 1682                        
# units = specified
# name 0 = depFM: Depth [fresh water, m]
# name 1 = dz/dtM: Descent Rate [m/s]
# name 2 = sbeox0ML/L: Oxygen, SBE 43 [ml/l]
# name 3 = sbeox0PS: Oxygen, SBE 43 [% saturation]
# name 4 = specc: Specific Conductance [uS/cm]
# name 5 = c0uS/cm: Conductivity [uS/cm]
# name 6 = flECO-AFL: Fluorescence, WET Labs ECO-AFL/FL [mg/m^3]
# name 7 = ph: pH
# name 8 = orp: Oxidation Reduction Potential [mV]
# name 9 = par/sat/log: PAR/Logarithmic, Satlantic
# name 10 = turbWETntu0: Turbidity, WET Labs ECO [NTU]
# name 11 = prdM: Pressure, Strain Gauge [db]
# name 12 = prdE: Pressure, Strain Gauge [psi]
# name 13 = tv290C: Temperature [ITS-90, deg C]
# name 14 = density00: Density [density, kg/m^3]
# name 15 = flag:  0.000e+00
# span 0 =     -0.686,     10.489       
# span 1 =     -0.419,      0.305       
# span 2 =    -1.0132,     6.6386       
# span 3 =    -13.468,     98.319       
# span 4 =      2.920,    246.864       
# span 5 =   2.456435, 173.320191       
# span 6 =    -2.6879,   259.8810       
# span 7 =     15.649,     15.967       
# span 8 =  -401.5769,   397.1826       
# span 9 = 1.2352e-01, 1.3853e+03       
# span 10 =    -8.4739,    13.3491      
# span 11 =     -0.675,     10.287      
# span 12 =     -0.978,     14.920      
# span 13 =    10.0527,    18.0754      
# span 14 =   998.5869,   999.8353      
# span 15 = 0.0000e+00, 0.0000e+00      
# interval = seconds: 0.25
# start_time = Oct 04 2020 21:14:42 [Instrument's time stamp, header]
# bad_flag = -9.990e-29
*END*
[from data line 543]
      7.158      0.042     0.0949      1.170    114.163  83.186800     1.4475     15.931    58.7175 1.2380e-01     1.9417      7.022     10.185    11.4752   999.6333 0.0000e+00
      7.168      0.040     0.0943      1.188    116.019  84.539632     1.4559     15.932    57.2665 1.2381e-01     1.9211      7.034     10.202    11.4579   999.6357 0.0000e+00
      7.169      0.041     0.0928      1.185    117.476  85.563903     1.4627     15.933    55.6472 1.2377e-01     1.9225      7.031     10.198    11.4347   999.6378 0.0000e+00
      7.169      0.045     0.0890      1.166    118.191  86.029121     1.4437     15.934    54.0242 1.2372e-01     1.9589      7.026     10.191    11.4190   999.6389 0.0000e+00
      7.179      0.050     0.0879      1.152    118.696  86.347481     1.4164     15.935    52.6991 1.2369e-01     1.9491      7.036     10.204    11.4321   999.6380 0.0000e+00
      7.200      0.058     0.0924      1.133    119.197  86.677516     1.3998     15.935    51.6708 1.2370e-01     1.9068      7.061     10.239    11.4396   999.6382 0.0000e+00
      7.223      0.066     0.0910      1.124    119.632  86.965767     1.3865     15.935    50.8842 1.2370e-01     1.8940      7.088     10.279    11.4172   999.6412 0.0000e+00
      7.242      0.069     0.0882      1.127    119.935  87.160614     1.3786     15.935    50.3292 1.2370e-01     1.9325      7.103     10.302    11.3891   999.6444 0.0000e+00
      7.258      0.068     0.0891      1.119    120.266  87.379219     1.3813     15.935    49.8640 1.2370e-01     1.9945      7.117     10.322    11.3684   999.6469 0.0000e+00
      7.275      0.064     0.0858      1.102    121.088  87.954716     1.3907     15.935    49.3033 1.2368e-01     2.0254      7.135     10.349    11.3551   999.6486 0.0000e+00
      7.291      0.061     0.0856      1.093    122.437  88.901711     1.3962     15.936    48.7119 1.2373e-01     2.0314      7.150     10.371    11.3444   999.6500 0.0000e+00
      7.305      0.060     0.0868      1.090    123.649  89.730738     1.3902     15.936    48.0483 1.2381e-01     2.0661      7.165     10.392    11.3333   999.6513 0.0000e+00
      7.319      0.060     0.0863      1.092    124.394  90.215785     1.3853     15.937    47.2171 1.2377e-01     2.1023      7.178     10.410    11.3239   999.6524 0.0000e+00
      7.334      0.059     0.0836      1.083    124.863  90.503111     1.3853     15.938    46.4046 1.2369e-01     2.0913      7.191     10.430    11.3176   999.6533 0.0000e+00
      7.351      0.058     0.0840      1.051    125.416  90.850350     1.3705     15.938    45.6251 1.2368e-01     2.0703      7.208     10.455    11.3064   999.6553 0.0000e+00
      7.367      0.058     0.0829      1.014    126.629  91.677953     1.3491     15.939    44.6744 1.2368e-01     2.0887      7.225     10.479    11.2819   999.6584 0.0000e+00
      7.381      0.060     0.0840      1.003    128.442  92.936906     1.3466     15.940    43.6004 1.2368e-01     2.1419      7.240     10.500    11.2580   999.6612 0.0000e+00
      7.393      0.065     0.0840      1.023    130.244  94.171913     1.3497     15.941    42.7921 1.2370e-01     2.1642      7.251     10.517    11.2392   999.6634 0.0000e+00
      7.406      0.071     0.0807      1.036    132.073  95.409407     1.3486     15.942    42.2149 1.2372e-01     2.1867      7.260     10.531    11.2160   999.6658 0.0000e+00
      7.424      0.080     0.0772      1.037    133.890  96.633903     1.3424     15.942    41.4391 1.2372e-01     2.2771      7.278     10.555    11.1966   999.6684 0.0000e+00
      7.448      0.090     0.0753      1.032    135.055  97.392948     1.3226     15.943    40.5532 1.2366e-01     2.3297      7.303     10.592    11.1791   999.6712 0.0000e+00
      7.474      0.099     0.0797      1.037    135.519  97.648866     1.3090     15.946    39.8500 1.2367e-01     2.3423      7.330     10.632    11.1519   999.6748 0.0000e+00
      7.501      0.103     0.0796      1.062    135.690  97.691189     1.3024     15.947    39.2166 1.2372e-01     2.3949      7.356     10.668    11.1180   999.6790 0.0000e+00
      7.530      0.102     0.0803      1.068    135.825  97.713623     1.2899     15.947    38.3161 1.2371e-01     2.4507      7.384     10.710    11.0832   999.6834 0.0000e+00
      7.561      0.098     0.0795      1.041    136.281  97.983677     1.2825     15.948    37.1360 1.2371e-01     2.5017      7.416     10.755    11.0534   999.6870 0.0000e+00
      7.588      0.093     0.0783      1.007    137.115  98.537397     1.2795     15.949    36.0471 1.2375e-01     2.4969      7.445     10.798    11.0263   999.6901 0.0000e+00
      7.608      0.088     0.0831      0.977    137.817  98.997749     1.2731     15.949    35.1303 1.2372e-01     2.3920      7.462     10.824    10.9946   999.6934 0.0000e+00
      7.624      0.080     0.0838      0.959    138.098  99.157339     1.2622     15.949    34.0523 1.2371e-01     2.2989      7.473     10.839    10.9653   999.6964 0.0000e+00
      7.644      0.073     0.0802      0.967    138.104  99.130108     1.2437     15.949    32.7355 1.2378e-01     2.2981      7.495     10.870    10.9445   999.6988 0.0000e+00
      7.667      0.068     0.0776      0.974    137.837  98.923102     1.2305     15.950    31.5128 1.2378e-01     2.3473      7.522     10.909    10.9298   999.7008 0.0000e+00
      7.685      0.066     0.0755      0.969    137.951  99.009781     1.2449     15.950    30.5401 1.2370e-01     2.3798      7.538     10.932    10.9144   999.7028 0.0000e+00
      7.696      0.067     0.0729      0.985    138.942  99.732431     1.2750     15.949    29.6644 1.2370e-01     2.3472      7.547     10.946    10.8964   999.7046 0.0000e+00
      7.709      0.067     0.0747      0.995    139.820 100.339701     1.2897     15.949    28.6682 1.2380e-01     2.2622      7.558     10.962    10.8852   999.7058 0.0000e+00
      7.725      0.068     0.0769      0.975    140.211 100.559091     1.2891     15.949    27.5302 1.2385e-01     2.2108      7.573     10.984    10.8790   999.7063 0.0000e+00
      7.745      0.072     0.0730      0.946    140.620 100.793404     1.2866     15.949    26.4015 1.2378e-01     2.2063      7.595     11.015    10.8802   999.7061 0.0000e+00
      7.767      0.076     0.0765      0.903    141.246 101.199095     1.2779     15.950    25.4317 1.2374e-01     2.2423      7.618     11.048    10.8934   999.7055 0.0000e+00
      7.788      0.078     0.0788      0.888    141.843 101.580630     1.2604     15.952    24.7527 1.2377e-01     2.3027      7.638     11.078    10.8864   999.7067 0.0000e+00
      7.807      0.078     0.0743      0.901    142.015 101.650169     1.2469     15.953    24.1279 1.2374e-01     2.3178      7.656     11.104    10.8547   999.7101 0.0000e+00
      7.827      0.076     0.0752      0.882    142.088 101.657833     1.2487     15.953    23.2981 1.2369e-01     2.3223      7.676     11.133    10.8331   999.7124 0.0000e+00
      7.847      0.073     0.0687      0.871    142.504 101.927918     1.2434     15.953    22.3778 1.2369e-01     2.3573      7.696     11.162    10.8223   999.7138 0.0000e+00
      7.866      0.071     0.0666      0.904    143.256 102.432662     1.2209     15.953    21.6044 1.2374e-01     2.3965      7.715     11.189    10.8072   999.7157 0.0000e+00
      7.883      0.069     0.0729      0.925    144.107 102.985432     1.2059     15.954    21.0020 1.2379e-01     2.4535      7.731     11.213    10.7842   999.7180 0.0000e+00
      7.900      0.067     0.0675      0.908    144.496 103.199372     1.2046     15.955    20.3428 1.2374e-01     2.4971      7.747     11.236    10.7670   999.7197 0.0000e+00
      7.917      0.066     0.0656      0.898    144.346 103.045521     1.2241     15.955    19.6567 1.2369e-01     2.4779      7.764     11.260    10.7618   999.7205 0.0000e+00
      7.933      0.066     0.0705      0.899    144.448 103.098996     1.2513     15.955    19.0730 1.2371e-01     2.4279      7.780     11.283    10.7530   999.7217 0.0000e+00
      7.950      0.065     0.0739      0.889    144.975 103.463872     1.2574     15.955    18.5330 1.2376e-01     2.3726      7.797     11.308    10.7312   999.7244 0.0000e+00
      7.965      0.064     0.0695      0.888    145.335 103.700525     1.2592     15.955    17.7740 1.2378e-01     2.3580      7.812     11.330    10.7050   999.7272 0.0000e+00
      7.982      0.063     0.0690      0.883    145.675 103.922817     1.2642     15.955    16.6938 1.2375e-01     2.4575      7.827     11.352    10.6868   999.7288 0.0000e+00
      8.001      0.063     0.0713      0.858    146.414 104.432342     1.2602     15.955    15.7105 1.2370e-01     2.6142      7.848     11.382    10.6836   999.7292 0.0000e+00
      8.016      0.064     0.0678      0.834    147.199 104.958117     1.2591     15.956    15.0061 1.2365e-01     2.6739      7.864     11.405    10.6836   999.7296 0.0000e+00
      8.028      0.065     0.0695      0.832    147.587 105.185763     1.2597     15.957    14.2861 1.2369e-01     2.6641      7.871     11.416    10.6734   999.7307 0.0000e+00
      8.043      0.065     0.0693      0.846    147.674 105.210743     1.2390     15.958    13.4568 1.2372e-01     2.6674      7.883     11.435    10.6652   999.7316 0.0000e+00
      8.064      0.067     0.0668      0.872    147.780 105.260105     1.2088     15.958    12.7227 1.2371e-01     2.6455      7.907     11.470    10.6642   999.7322 0.0000e+00
      8.084      0.070     0.0638      0.904    148.023 105.400495     1.1995     15.958    12.2067 1.2374e-01     2.6057      7.930     11.501    10.6522   999.7338 0.0000e+00
      8.100      0.073     0.0647      0.911    148.227 105.507211     1.2033     15.957    11.7789 1.2376e-01     2.5981      7.943     11.520    10.6295   999.7362 0.0000e+00
      8.116      0.073     0.0656      0.887    148.313 105.531491     1.2059     15.957    11.3362 1.2378e-01     2.5870      7.957     11.541    10.6184   999.7373 0.0000e+00
      8.136      0.069     0.0672      0.873    148.409 105.566666     1.2032     15.957    10.9834 1.2381e-01     2.5061      7.979     11.572    10.6133   999.7379 0.0000e+00
      8.157      0.066     0.0713      0.887    148.515 105.614073     1.1994     15.957    10.6100 1.2377e-01     2.4442      8.002     11.605    10.6006   999.7394 0.0000e+00
      8.175      0.064     0.0723      0.882    148.611 105.658907     1.2077     15.957    10.0920 1.2372e-01     2.4560      8.020     11.632    10.5868   999.7409 0.0000e+00
      8.189      0.061     0.0686      0.848    148.736 105.726638     1.2086     15.956     9.6240 1.2371e-01     2.4425      8.032     11.649    10.5744   999.7422 0.0000e+00
      8.201      0.058     0.0663      0.836    148.862 105.796185     1.1622     15.956     9.2536 1.2368e-01     2.3852      8.041     11.662    10.5631   999.7433 0.0000e+00
      8.214      0.055     0.0704      0.860    148.981 105.862961     1.0852     15.957     8.7968 1.2361e-01     2.3472      8.053     11.680    10.5536   999.7443 0.0000e+00
      8.231      0.054     0.0699      0.874    149.140 105.960885     1.0408     15.958     8.2305 1.2362e-01     2.3600      8.071     11.706    10.5459   999.7451 0.0000e+00
      8.247      0.056     0.0653      0.852    149.335 106.088627     1.0354     15.960     7.7408 1.2368e-01     2.3681      8.090     11.733    10.5393   999.7459 0.0000e+00
      8.259      0.057     0.0635      0.811    149.490 106.197531     1.0588     15.960     7.3507 1.2369e-01     2.3768      8.101     11.749    10.5322   999.7467 0.0000e+00
      8.270      0.057     0.0678      0.776    149.568 106.258731     1.1039     15.959     6.9558 1.2370e-01     2.4304      8.108     11.761    10.5259   999.7474 0.0000e+00
      8.285      0.055     0.0695      0.774    149.651 106.319143     1.1319     15.958     6.4933 1.2374e-01     2.4664      8.123     11.782    10.5208   999.7479 0.0000e+00
      8.303      0.054     0.0667      0.782    149.801 106.418518     1.1407     15.958     5.8018 1.2376e-01     2.5037      8.144     11.812    10.5169   999.7485 0.0000e+00
      8.319      0.054     0.0634      0.769    149.945 106.505020     1.1429     15.959     4.8758 1.2374e-01     2.5385      8.160     11.835    10.5162   999.7487 0.0000e+00
      8.330      0.054     0.0591      0.771    150.016 106.537143     1.1307     15.959     3.9016 1.2371e-01     2.4743      8.170     11.850    10.5199   999.7484 0.0000e+00
      8.340      0.054     0.0598      0.806    150.061 106.552167     1.1162     15.960     2.7985 1.2371e-01     2.3799      8.178     11.861    10.5216   999.7483 0.0000e+00
      8.353      0.054     0.0625      0.846    150.178 106.622969     1.1114     15.960     1.4332 1.2373e-01     2.3588      8.189     11.878    10.5181   999.7488 0.0000e+00
      8.368      0.057     0.0591      0.871    150.379 106.756369     1.1101     15.960     0.1273 1.2370e-01     2.4251      8.206     11.903    10.5130   999.7494 0.0000e+00
      8.383      0.062     0.0585      0.865    150.582 106.891416     1.1191     15.960    -0.8594 1.2369e-01     2.5291      8.223     11.925    10.5056   999.7502 0.0000e+00
      8.398      0.066     0.0635      0.840    150.725 106.982130     1.1346     15.960    -1.7207 1.2374e-01     2.5857      8.234     11.942    10.4997   999.7508 0.0000e+00
      8.415      0.068     0.0659      0.802    150.807 107.025281     1.1454     15.960    -2.8012 1.2376e-01     2.6292      8.249     11.964    10.4966   999.7512 0.0000e+00
      8.436      0.068     0.0695      0.767    150.931 107.094713     1.1643     15.959    -4.2875 1.2372e-01     2.6775      8.273     11.998    10.4931   999.7518 0.0000e+00
      8.458      0.067     0.0678      0.751    151.081 107.184765     1.1913     15.959    -5.7528 1.2370e-01     2.6549      8.296     12.033    10.4902   999.7523 0.0000e+00
      8.474      0.066     0.0659      0.735    151.238 107.286171     1.2038     15.961    -7.0099 1.2370e-01     2.5955      8.311     12.055    10.4878   999.7526 0.0000e+00
      8.487      0.065     0.0630      0.724    151.449 107.429198     1.1916     15.962    -8.3018 1.2374e-01     2.5770      8.323     12.071    10.4818   999.7532 0.0000e+00
      8.501      0.065     0.0585      0.739    151.677 107.576700     1.1485     15.962    -9.4143 1.2373e-01     2.5011      8.336     12.090    10.4755   999.7539 0.0000e+00
      8.517      0.066     0.0593      0.764    151.923 107.732197     1.0932     15.962   -10.3073 1.2369e-01     2.3637      8.351     12.112    10.4692   999.7547 0.0000e+00
      8.535      0.068     0.0576      0.782    152.110 107.844493     1.0667     15.962   -11.0977 1.2371e-01     2.3231      8.369     12.138    10.4657   999.7551 0.0000e+00
      8.555      0.069     0.0552      0.796    152.235 107.915459     1.0670     15.963   -11.7436 1.2375e-01     2.3541      8.389     12.167    10.4663   999.7553 0.0000e+00
      8.575      0.068     0.0575      0.792    152.402 108.017037     1.0867     15.963   -12.3526 1.2374e-01     2.3951      8.411     12.199    10.4602   999.7560 0.0000e+00
      8.593      0.063     0.0604      0.782    152.572 108.117342     1.1239     15.963   -13.0404 1.2371e-01     2.4418      8.429     12.224    10.4537   999.7567 0.0000e+00
      8.609      0.057     0.0604      0.798    152.666 108.172906     1.1446     15.963   -13.8654 1.2371e-01     2.4375      8.442     12.245    10.4471   999.7576 0.0000e+00
      8.622      0.050     0.0633      0.827    152.663 108.179331     1.1369     15.963   -14.7557 1.2376e-01     2.3778      8.456     12.265    10.4399   999.7583 0.0000e+00
      8.633      0.045     0.0622      0.848    152.575 108.131350     1.1077     15.963   -15.5443 1.2381e-01     2.3385      8.467     12.281    10.4376   999.7586 0.0000e+00
