Data/DataNotYetUploadedToEDI/Raw_CTD/RawDownloads/100719_bvr50.cnv
* Sea-Bird SBE19plus  Data File:
* FileName = C:\DATA\100719_bvr50_0003.hex
* Software version 2.8.0.119 SB_Terminal.dll
* Temperature SN = 7809
* Conductivity SN = 7809
* System UpLoad Time = Oct 07 2019 15:43:19
* <ApplicationData>
* <Seaterm232>
# nquan = 16
# nvalues = 1540                        
# units = specified
# name 0 = depFM: Depth [fresh water, m]
# name 1 = dz/dtM: Descent Rate [m/s]
# name 2 = sbeox0ML/L: Oxygen, SBE 43 [ml/l]
# name 3 = sbeox0PS: Oxygen, SBE 43 [% saturation]
# name 4 = specc: Specific Conductance [uS/cm]
# name 5 = c0uS/cm: Conductivity [uS/cm]
# name 6 = flECO-AFL: Fluorescence, WET Labs ECO-AFL/FL [mg/m^3]
# name 7 = ph: pH
# name 8 = orp: Oxidation Reduction Potential [mV]
# name 9 = par/sat/log: PAR/Logarithmic, Satlantic
# name 10 = turbWETntu0: Turbidity, WET Labs ECO [NTU]
# name 11 = prdM: Pressure, Strain Gauge [db]
# name 12 = prdE: Pressure, Strain Gauge [psi]
# name 13 = tv290C: Temperature [ITS-90, deg C]
# name 14 = density00: Density [density, kg/m^3]
# name 15 = flag:  0.000e+00
# span 0 =     -0.538,      9.776       
# span 1 =     -0.192,      0.130       
# span 2 =     0.0110,     6.1297       
# span 3 =      0.247,    100.134       
# span 4 =     27.917,    204.199       
# span 5 =  26.350669, 139.859839       
# span 6 =     0.9509,    13.4939       
# span 7 =      6.248,      8.868       
# span 8 =  -131.8259,   220.5355       
# span 9 = 1.2351e-01, 6.3334e+02       
# span 10 =     1.3300,     3.3840      
# span 11 =     -0.536,      9.588      
# span 12 =     -0.777,     13.906      
# span 13 =     9.2004,    24.3455      
# span 14 =   997.2231,   999.8883      
# span 15 = 0.0000e+00, 0.0000e+00      
# interval = seconds: 0.25
# start_time = Oct 07 2019 15:24:10 [Instrument's time stamp, header]
# bad_flag = -9.990e-29
*END*
[from data line 633]
      3.692      0.026     4.0135     63.495     28.990  26.656662     7.4842      6.992   215.5425 5.1448e+00     1.9790      3.622      5.253    20.9767   998.0307 0.0000e+00
      3.698      0.024     4.0066     63.103     28.998  26.663049     7.2228      6.997   215.5926 5.1287e+00     2.0185      3.627      5.260    20.9740   998.0312 0.0000e+00
      3.702      0.023     3.9967     62.645     28.992  26.656355     7.0745      6.995   215.6250 5.1067e+00     2.0356      3.631      5.266    20.9721   998.0317 0.0000e+00
      3.706      0.024     3.9840     62.185     28.974  26.639167     7.0528      6.989   215.7627 5.0809e+00     2.0543      3.634      5.271    20.9707   998.0320 0.0000e+00
      3.710      0.026     3.9645     61.774     28.981  26.645556     6.9684      6.983   215.8800 5.0460e+00     2.1140      3.637      5.276    20.9698   998.0322 0.0000e+00
      3.716      0.029     3.9402     61.421     29.008  26.670164     6.8089      6.978   215.8386 4.9858e+00     2.1996      3.643      5.284    20.9691   998.0324 0.0000e+00
      3.726      0.032     3.9096     61.126     29.022  26.682938     6.7196      6.976   215.6924 4.9174e+00     2.2381      3.654      5.299    20.9678   998.0328 0.0000e+00
      3.736      0.034     3.8799     60.890     29.012  26.673115     6.7046      6.977   215.6612 4.8603e+00     2.2507      3.665      5.317    20.9664   998.0331 0.0000e+00
      3.746      0.035     3.8545     60.725     29.017  26.678282     6.6700      6.978   215.8054 4.8028e+00     2.2544      3.674      5.329    20.9652   998.0334 0.0000e+00
      3.754      0.035     3.8323     60.635     29.020  26.681972     6.4744      6.978   215.9744 4.7618e+00     2.1843      3.682      5.340    20.9640   998.0337 0.0000e+00
      3.762      0.034     3.8143     60.593     28.989  26.654279     6.1345      6.978   216.0699 4.7312e+00     2.0916      3.690      5.351    20.9638   998.0338 0.0000e+00
      3.770      0.034     3.7989     60.568     28.995  26.660658     5.9418      6.978   216.0994 4.6756e+00     2.0506      3.697      5.362    20.9641   998.0337 0.0000e+00
      3.779      0.034     3.7884     60.551     29.033  26.695657     5.9133      6.977   216.0719 4.6199e+00     2.0165      3.706      5.375    20.9645   998.0337 0.0000e+00
      3.788      0.033     3.7835     60.542     29.035  26.696802     5.9364      6.975   215.9963 4.5713e+00     2.0069      3.715      5.389    20.9658   998.0335 0.0000e+00
      3.797      0.031     3.7817     60.529     29.011  26.674499     6.0047      6.975   215.9584 4.5203e+00     2.0327      3.724      5.401    20.9680   998.0330 0.0000e+00
      3.806      0.029     3.7800     60.498     29.016  26.679769     6.0455      6.975   216.0443 4.4855e+00     2.0337      3.733      5.414    20.9696   998.0327 0.0000e+00
      3.813      0.027     3.7786     60.440     29.035  26.697084     6.0397      6.975   216.1750 4.4629e+00     2.0196      3.741      5.425    20.9698   998.0327 0.0000e+00
      3.818      0.026     3.7787     60.353     29.031  26.693520     5.9692      6.975   216.1621 4.4434e+00     1.9936      3.744      5.430    20.9690   998.0329 0.0000e+00
      3.823      0.026     3.7780     60.240     29.040  26.700120     5.8525      6.975   216.0604 4.4175e+00     1.9801      3.748      5.436    20.9690   998.0329 0.0000e+00
      3.828      0.027     3.7764     60.096     29.056  26.713441     5.7986      6.975   216.0629 4.3806e+00     2.0204      3.754      5.444    20.9695   998.0328 0.0000e+00
      3.835      0.030     3.7727     59.888     29.073  26.727700     5.8023      6.974   216.1925 4.3398e+00     2.0546      3.760      5.454    20.9696   998.0329 0.0000e+00
      3.844      0.033     3.7674     59.605     29.095  26.745626     5.8195      6.973   216.2507 4.2932e+00     2.0993      3.769      5.467    20.9682   998.0332 0.0000e+00
      3.854      0.035     3.7602     59.273     29.091  26.739859     5.8427      6.972   216.2509 4.2368e+00     2.2000      3.778      5.481    20.9665   998.0335 0.0000e+00
      3.864      0.035     3.7524     58.898     29.072  26.721405     5.8571      6.972   216.3664 4.1738e+00     2.2569      3.789      5.496    20.9647   998.0341 0.0000e+00
      3.874      0.034     3.7405     58.491     29.063  26.712826     5.8637      6.973   216.4434 4.1283e+00     2.2627      3.800      5.511    20.9611   998.0349 0.0000e+00
      3.883      0.031     3.7215     58.110     29.048  26.699571     5.8616      6.976   216.4930 4.1079e+00     2.2700      3.809      5.523    20.9571   998.0358 0.0000e+00
      3.890      0.029     3.7015     57.800     29.036  26.688026     5.8921      6.981   216.6221 4.0787e+00     2.2800      3.815      5.532    20.9541   998.0365 0.0000e+00
      3.896      0.027     3.6781     57.562     29.048  26.700127     5.9559      6.985   216.6283 4.0487e+00     2.2848      3.821      5.541    20.9525   998.0368 0.0000e+00
      3.902      0.025     3.6511     57.380     29.068  26.719002     5.9824      6.987   216.5683 4.0376e+00     2.2952      3.827      5.550    20.9522   998.0369 0.0000e+00
      3.908      0.024     3.6260     57.253     29.074  26.725913     5.9689      6.987   216.6707 4.0221e+00     2.3081      3.832      5.558    20.9521   998.0370 0.0000e+00
      3.914      0.023     3.6068     57.161     29.067  26.720249     5.8360      6.987   216.8339 3.9956e+00     2.2769      3.838      5.566    20.9522   998.0370 0.0000e+00
      3.920      0.021     3.5928     57.077     29.058  26.713967     5.5897      6.986   216.9063 3.9603e+00     2.2459      3.844      5.576    20.9526   998.0369 0.0000e+00
      3.926      0.021     3.5807     57.004     29.056  26.713402     5.4534      6.984   216.8578 3.9211e+00     2.2609      3.851      5.585    20.9546   998.0365 0.0000e+00
      3.931      0.022     3.5733     56.975     29.056  26.713412     5.4282      6.984   216.7639 3.8919e+00     2.2613      3.856      5.594    20.9571   998.0360 0.0000e+00
      3.934      0.024     3.5683     56.982     29.060  26.714082     5.3196      6.983   216.8033 3.8770e+00     2.2180      3.858      5.596    20.9589   998.0355 0.0000e+00
      3.938      0.027     3.5629     56.974     29.070  26.721508     5.1283      6.981   216.9904 3.8489e+00     2.1957      3.860      5.598    20.9626   998.0348 0.0000e+00
      3.945      0.031     3.5566     56.924     29.090  26.739755     5.0311      6.978   217.0474 3.7940e+00     2.2210      3.867      5.609    20.9660   998.0342 0.0000e+00
      3.956      0.034     3.5552     56.863     29.095  26.744379     5.0291      6.975   216.9762 3.7443e+00     2.2622      3.880      5.628    20.9638   998.0346 0.0000e+00
      3.967      0.035     3.5576     56.832     29.062  26.713970     4.9991      6.973   216.9892 3.7019e+00     2.2672      3.891      5.644    20.9593   998.0357 0.0000e+00
      3.977      0.035     3.5580     56.837     29.035  26.689297     4.9376      6.970   217.0330 3.6627e+00     2.2488      3.900      5.656    20.9566   998.0363 0.0000e+00
      3.986      0.033     3.5543     56.902     29.046  26.699822     4.9092      6.967   217.0759 3.6463e+00     2.2697      3.911      5.673    20.9553   998.0366 0.0000e+00
      3.994      0.030     3.5485     57.029     29.062  26.714347     4.9163      6.965   217.0776 3.6296e+00     2.2905      3.917      5.682    20.9554   998.0367 0.0000e+00
      4.000      0.028     3.5478     57.194     29.087  26.738038     4.9028      6.964   217.0537 3.5925e+00     2.2714      3.923      5.689    20.9557   998.0366 0.0000e+00
      4.006      0.028     3.5464     57.351     29.151  26.795942     4.8673      6.962   217.1308 3.5614e+00     2.2347      3.928      5.698    20.9564   998.0365 0.0000e+00
      4.013      0.028     3.5508     57.405     29.204  26.843470     4.8501      6.960   217.2356 3.5358e+00     2.2067      3.934      5.706    20.9567   998.0364 0.0000e+00
      4.021      0.028     3.5594     57.268     29.234  26.868600     4.8519      6.957   217.2025 3.5081e+00     2.2285      3.943      5.719    20.9566   998.0365 0.0000e+00
      4.028      0.029     3.5700     56.853     29.281  26.909456     4.8544      6.955   217.0736 3.4836e+00     2.2681      3.949      5.730    20.9569   998.0364 0.0000e+00
      4.036      0.030     3.5829     56.039     29.335  26.956806     4.9232      6.952   217.0543 3.4506e+00     2.2603      3.958      5.741    20.9563   998.0367 0.0000e+00
      4.044      0.032     3.5876     54.679     29.381  26.997006     5.0600      6.948   217.1416 3.4138e+00     2.2318      3.967      5.752    20.9547   998.0370 0.0000e+00
      4.050      0.032     3.5817     52.716     29.406  27.014843     5.1297      6.942   217.1830 3.3793e+00     2.2191      3.971      5.761    20.9487   998.0384 0.0000e+00
      4.059      0.030     3.5582     50.271     29.377  26.982147     5.1243      6.935   217.2102 3.3394e+00     2.2381      3.979      5.772    20.9427   998.0397 0.0000e+00
      4.069      0.025     3.5114     47.528     29.312  26.918879     5.0472      6.925   217.2984 3.2983e+00     2.2649      3.991      5.788    20.9422   998.0399 0.0000e+00
      4.079      0.017     3.4288     44.643     29.277  26.884284     4.8909      6.918   217.4746 3.2679e+00     2.2477      4.002      5.805    20.9408   998.0403 0.0000e+00
      4.085      0.008     3.3034     41.870     29.275  26.881079     4.7954      6.913   217.7063 3.2609e+00     2.2270      4.008      5.814    20.9312   998.0424 0.0000e+00
      4.084      0.000     3.1462     39.634     29.274  26.880131     4.7936      6.911   217.8630 3.2839e+00     2.2767      4.007      5.812    20.9181   998.0452 0.0000e+00
      4.078     -0.007     2.9736     38.353     29.264  26.872819     4.8683      6.911   217.9063 3.3231e+00     2.3238      4.000      5.800    20.9102   998.0468 0.0000e+00
      4.071     -0.012     2.7884     38.190     29.242  26.856124     5.0053      6.912   217.9724 3.3464e+00     2.3056      3.991      5.789    20.9070   998.0475 0.0000e+00
      4.066     -0.010     2.6048     38.993     29.251  26.868603     5.0801      6.913   218.2324 3.3350e+00     2.2856      3.986      5.781    20.9053   998.0478 0.0000e+00
      4.066      0.000     2.4546     40.483     29.351  26.960255     5.0711      6.913   218.6395 3.3157e+00     2.2785      3.988      5.783    20.9040   998.0481 0.0000e+00
      4.065      0.015     2.3702     42.391     29.484  27.076089     4.9314      6.907   218.9374 3.3269e+00     2.2850      3.989      5.785    20.9077   998.0474 0.0000e+00
      4.062      0.029     2.3648     44.431     29.552  27.127159     4.6736      6.900   218.9946 3.3220e+00     2.2663      3.979      5.772    20.9157   998.0456 0.0000e+00
      4.069      0.039     2.4212     46.081     29.571  27.133619     4.5288      6.900   218.9009 3.2333e+00     2.2165      3.982      5.775    20.9234   998.0438 0.0000e+00
      4.092      0.044     2.5197     46.539     29.600  27.154185     4.4988      6.905   218.8376 3.1074e+00     2.2066      4.012      5.818    20.9284   998.0430 0.0000e+00
      4.118      0.048     2.6443     45.272     29.639  27.185482     4.3886      6.910   218.9173 3.0374e+00     2.2455      4.045      5.868    20.9163   998.0458 0.0000e+00
      4.132      0.049     2.7830     42.495     29.654  27.194810     4.2021      6.915   219.0033 3.0308e+00     2.2930      4.056      5.884    20.8901   998.0515 0.0000e+00
      4.134      0.046     2.9085     38.874     29.669  27.203520     4.0999      6.917   219.0176 3.0140e+00     2.2900      4.052      5.877    20.8704   998.0558 0.0000e+00
      4.138      0.039     2.9536     35.010     29.699  27.227346     4.0891      6.917   219.0910 2.9595e+00     2.2425      4.055      5.880    20.8620   998.0576 0.0000e+00
      4.149      0.034     2.8667     31.297     29.704  27.229110     4.0803      6.913   219.2025 2.8983e+00     2.2090      4.067      5.898    20.8554   998.0591 0.0000e+00
      4.164      0.033     2.6757     27.964     29.699  27.224835     4.0014      6.911   219.3326 2.8497e+00     2.2134      4.084      5.925    20.8476   998.0609 0.0000e+00
      4.176      0.034     2.4362     25.118     29.782  27.302551     3.8642      6.911   219.5450 2.8188e+00     2.2299      4.098      5.944    20.8414   998.0622 0.0000e+00
      4.181      0.035     2.1871     22.942     29.969  27.470881     3.7911      6.912   219.7064 2.7899e+00     2.2448      4.101      5.949    20.8332   998.0640 0.0000e+00
      4.184      0.035     1.9493     21.672     30.133  27.610558     3.7771      6.912   219.7347 2.7499e+00     2.2623      4.102      5.950    20.8269   998.0654 0.0000e+00
      4.191      0.035     1.7400     21.184     30.202  27.659031     3.7197      6.911   219.8008 2.6934e+00     2.3431      4.107      5.957    20.8289   998.0650 0.0000e+00
      4.203      0.035     1.5590     20.943     30.232  27.676273     3.6177      6.910   219.9900 2.6262e+00     2.4680      4.121      5.977    20.8353   998.0636 0.0000e+00
      4.217      0.036     1.4131     20.342     30.255  27.692128     3.5577      6.912   220.2159 2.5759e+00     2.4944      4.138      6.001    20.8328   998.0644 0.0000e+00
      4.228      0.039     1.3371     19.043     30.294  27.723823     3.5318      6.914   220.2950 2.5384e+00     2.4658      4.147      6.015    20.8114   998.0691 0.0000e+00
      4.234      0.041     1.3218     17.207     30.388  27.805717     3.3746      6.914   220.2577 2.5079e+00     2.4502      4.152      6.022    20.7830   998.0752 0.0000e+00
      4.241      0.041     1.3209     15.216     30.521  27.920947     3.1049      6.912   220.1943 2.4854e+00     2.4369      4.157      6.029    20.7661   998.0789 0.0000e+00
      4.251      0.041     1.2936     13.262     30.661  28.038480     2.9586      6.909   220.0454 2.4420e+00     2.4362      4.167      6.045    20.7589   998.0805 0.0000e+00
      4.265      0.042     1.2070     11.448     30.867  28.211650     2.9238      6.906   219.9199 2.3766e+00     2.4085      4.183      6.067    20.7520   998.0820 0.0000e+00
      4.279      0.042     1.0791      9.894     31.192  28.491996     2.7705      6.903   219.8822 2.3221e+00     2.3973      4.197      6.087    20.7471   998.0832 0.0000e+00
      4.290      0.041     0.9536      8.668     31.511  28.763316     2.5005      6.899   219.8469 2.2925e+00     2.4648      4.208      6.103    20.7395   998.0849 0.0000e+00
      4.299      0.039     0.8289      7.730     31.749  28.954227     2.3472      6.893   219.6664 2.2745e+00     2.5363      4.216      6.114    20.7213   998.0888 0.0000e+00
      4.307      0.036     0.7125      6.960     31.924  29.087142     2.3305      6.881   219.4202 2.2561e+00     2.5407      4.223      6.125    20.6936   998.0947 0.0000e+00
      4.316      0.034     0.6133      6.211     32.104  29.228247     2.3155      6.865   219.2787 2.2346e+00     2.4855      4.233      6.140    20.6681   998.1004 0.0000e+00
      4.324      0.033     0.5376      5.331     32.311  29.391285     2.2868      6.849   219.2463 2.2069e+00     2.4589      4.240      6.150    20.6390   998.1068 0.0000e+00
      4.333      0.031     0.4827      4.282     32.438  29.472145     2.2789      6.841   219.2860 2.1766e+00     2.5131      4.249      6.162    20.5961   998.1160 0.0000e+00
      4.342      0.029     0.4369      3.174     32.517  29.507915     2.2724      6.843   219.3289 2.1540e+00     2.5509      4.259      6.176    20.5496   998.1260 0.0000e+00
      4.350      0.026     0.3949      2.136     32.613  29.569925     2.2594      6.851   219.3346 2.1390e+00     2.5229      4.266      6.187    20.5156   998.1333 0.0000e+00
      4.355      0.024     0.3406      1.261     32.718  29.650810     2.2866      6.858   219.2693 2.1325e+00     2.5350      4.270      6.195    20.4846   998.1399 0.0000e+00
