Data/DataNotYetUploadedToEDI/Raw_CTD/RawDownloads/100719_bvr50.cnv
* Sea-Bird SBE19plus  Data File:
* FileName = C:\DATA\100719_bvr50_0003.hex
* Software version 2.8.0.119 SB_Terminal.dll
* Temperature SN = 7809
* Conductivity SN = 7809
* System UpLoad Time = Oct 07 2019 15:43:19
* <ApplicationData>
* <Seaterm232>
# nquan = 16
# nvalues = 1540                        
# units = specified
# name 0 = depFM: Depth [fresh water, m]
# name 1 = dz/dtM: Descent Rate [m/s]
# name 2 = sbeox0ML/L: Oxygen, SBE 43 [ml/l]
# name 3 = sbeox0PS: Oxygen, SBE 43 [% saturation]
# name 4 = specc: Specific Conductance [uS/cm]
# name 5 = c0uS/cm: Conductivity [uS/cm]
# name 6 = flECO-AFL: Fluorescence, WET Labs ECO-AFL/FL [mg/m^3]
# name 7 = ph: pH
# name 8 = orp: Oxidation Reduction Potential [mV]
# name 9 = par/sat/log: PAR/Logarithmic, Satlantic
# name 10 = turbWETntu0: Turbidity, WET Labs ECO [NTU]
# name 11 = prdM: Pressure, Strain Gauge [db]
# name 12 = prdE: Pressure, Strain Gauge [psi]
# name 13 = tv290C: Temperature [ITS-90, deg C]
# name 14 = density00: Density [density, kg/m^3]
# name 15 = flag:  0.000e+00
# span 0 =     -0.538,      9.776       
# span 1 =     -0.192,      0.130       
# span 2 =     0.0110,     6.1297       
# span 3 =      0.247,    100.134       
# span 4 =     27.917,    204.199       
# span 5 =  26.350669, 139.859839       
# span 6 =     0.9509,    13.4939       
# span 7 =      6.248,      8.868       
# span 8 =  -131.8259,   220.5355       
# span 9 = 1.2351e-01, 6.3334e+02       
# span 10 =     1.3300,     3.3840      
# span 11 =     -0.536,      9.588      
# span 12 =     -0.777,     13.906      
# span 13 =     9.2004,    24.3455      
# span 14 =   997.2231,   999.8883      
# span 15 = 0.0000e+00, 0.0000e+00      
# interval = seconds: 0.25
# start_time = Oct 07 2019 15:24:10 [Instrument's time stamp, header]
# bad_flag = -9.990e-29
*END*
[from data line 452]
      2.286      0.020     4.2224     67.893     28.676  26.566566     6.9937      7.041   205.0483 2.3192e+01     1.8195      2.241      3.250    21.3180   997.9498 0.0000e+00
      2.290      0.020     4.2216     67.865     28.681  26.571823     6.9897      7.041   205.0512 2.3074e+01     1.8153      2.245      3.256    21.3173   997.9500 0.0000e+00
      2.295      0.020     4.2176     67.874     28.667  26.559713     6.9914      7.042   205.0526 2.2981e+01     1.8419      2.251      3.265    21.3168   997.9501 0.0000e+00
      2.301      0.021     4.2122     67.925     28.653  26.547035     6.9972      7.042   205.0656 2.2897e+01     1.8792      2.257      3.272    21.3161   997.9503 0.0000e+00
      2.306      0.023     4.2078     68.008     28.652  26.545418     6.9907      7.041   205.1223 2.2798e+01     1.8411      2.262      3.279    21.3161   997.9503 0.0000e+00
      2.311      0.025     4.2060     68.068     28.647  26.540167     6.9906      7.041   205.1368 2.2673e+01     1.7736      2.267      3.288    21.3181   997.9499 0.0000e+00
      2.317      0.026     4.2064     68.090     28.655  26.546974     7.0135      7.040   205.1546 2.2499e+01     1.7509      2.272      3.295    21.3208   997.9493 0.0000e+00
      2.324      0.027     4.2088     68.086     28.675  26.564276     7.0415      7.040   205.2515 2.2289e+01     1.7634      2.279      3.306    21.3216   997.9492 0.0000e+00
      2.333      0.027     4.2166     68.034     28.670  26.559042     7.0606      7.041   205.3610 2.2086e+01     1.7936      2.288      3.319    21.3201   997.9496 0.0000e+00
      2.342      0.026     4.2206     67.924     28.659  26.547139     7.0627      7.041   205.4467 2.1926e+01     1.8210      2.296      3.330    21.3176   997.9501 0.0000e+00
      2.348      0.025     4.2208     67.788     28.661  26.547244     7.0573      7.040   205.4267 2.1831e+01     1.8330      2.303      3.341    21.3157   997.9506 0.0000e+00
      2.353      0.022     4.2223     67.662     28.677  26.560301     7.0558      7.040   205.4639 2.1760e+01     1.8409      2.308      3.347    21.3143   997.9509 0.0000e+00
      2.358      0.020     4.2190     67.545     28.698  26.578130     7.0533      7.040   205.6377 2.1668e+01     1.8500      2.312      3.353    21.3128   997.9513 0.0000e+00
      2.363      0.020     4.2119     67.431     28.693  26.572475     7.1051      7.039   205.7213 2.1568e+01     1.8449      2.317      3.360    21.3102   997.9519 0.0000e+00
      2.367      0.020     4.2022     67.340     28.675  26.555372     7.2236      7.038   205.7863 2.1468e+01     1.8120      2.322      3.366    21.3073   997.9525 0.0000e+00
      2.372      0.021     4.1950     67.290     28.682  26.561663     7.2976      7.037   205.9075 2.1377e+01     1.7801      2.325      3.373    21.3051   997.9531 0.0000e+00
      2.377      0.024     4.1885     67.268     28.708  26.585101     7.3155      7.037   205.9825 2.1281e+01     1.7874      2.331      3.381    21.3029   997.9535 0.0000e+00
      2.383      0.027     4.1806     67.242     28.711  26.584989     7.3621      7.038   206.0048 2.1131e+01     1.8346      2.336      3.389    21.3003   997.9541 0.0000e+00
      2.390      0.030     4.1749     67.212     28.688  26.560302     7.4361      7.038   206.0053 2.0931e+01     1.8914      2.343      3.399    21.2990   997.9545 0.0000e+00
      2.398      0.032     4.1717     67.179     28.672  26.540373     7.4726      7.038   205.9886 2.0734e+01     1.9178      2.352      3.410    21.2992   997.9544 0.0000e+00
      2.408      0.032     4.1719     67.131     28.670  26.534347     7.4743      7.038   205.9744 2.0543e+01     1.8918      2.361      3.424    21.2980   997.9548 0.0000e+00
      2.418      0.031     4.1702     67.056     28.690  26.550878     7.4911      7.037   206.0061 2.0357e+01     1.8393      2.371      3.439    21.2941   997.9556 0.0000e+00
      2.427      0.030     4.1687     66.931     28.689  26.549919     7.5114      7.037   206.1136 2.0207e+01     1.7742      2.381      3.452    21.2872   997.9571 0.0000e+00
      2.434      0.028     4.1682     66.781     28.658  26.522744     7.5116      7.036   206.2420 2.0068e+01     1.7267      2.387      3.462    21.2777   997.9593 0.0000e+00
      2.440      0.025     4.1653     66.648     28.675  26.539526     7.5197      7.034   206.3545 1.9935e+01     1.7562      2.393      3.470    21.2699   997.9610 0.0000e+00
      2.445      0.022     4.1626     66.568     28.699  26.562505     7.5312      7.033   206.5265 1.9829e+01     1.8035      2.398      3.478    21.2654   997.9620 0.0000e+00
      2.450      0.019     4.1539     66.572     28.683  26.546816     7.5125      7.033   206.6874 1.9722e+01     1.8401      2.403      3.485    21.2651   997.9622 0.0000e+00
      2.455      0.017     4.1428     66.638     28.678  26.540146     7.4840      7.032   206.7514 1.9608e+01     1.9369      2.408      3.493    21.2698   997.9612 0.0000e+00
      2.460      0.016     4.1342     66.724     28.684  26.545306     7.4726      7.032   206.7832 1.9514e+01     2.0235      2.412      3.500    21.2729   997.9605 0.0000e+00
      2.463      0.015     4.1275     66.813     28.684  26.545771     7.4611      7.032   206.8141 1.9451e+01     2.0344      2.415      3.503    21.2732   997.9604 0.0000e+00
      2.466      0.015     4.1290     66.872     28.684  26.545761     7.4407      7.032   206.7806 1.9380e+01     2.0034      2.417      3.507    21.2714   997.9609 0.0000e+00
      2.469      0.016     4.1348     66.901     28.684  26.545194     7.4257      7.032   206.7221 1.9282e+01     1.9111      2.422      3.513    21.2681   997.9616 0.0000e+00
      2.473      0.017     4.1397     66.953     28.679  26.538913     7.4094      7.032   206.7960 1.9186e+01     1.8038      2.425      3.518    21.2676   997.9617 0.0000e+00
      2.477      0.019     4.1464     67.024     28.674  26.533250     7.3910      7.032   206.9860 1.9092e+01     1.7869      2.429      3.524    21.2685   997.9616 0.0000e+00
      2.482      0.020     4.1507     67.087     28.683  26.540162     7.3501      7.031   207.1262 1.8982e+01     1.8375      2.434      3.531    21.2683   997.9616 0.0000e+00
      2.488      0.022     4.1498     67.159     28.703  26.559037     7.2787      7.031   207.1147 1.8850e+01     1.8581      2.440      3.538    21.2670   997.9619 0.0000e+00
      2.495      0.024     4.1541     67.261     28.716  26.571147     7.2393      7.030   207.1049 1.8731e+01     1.8400      2.447      3.548    21.2647   997.9625 0.0000e+00
      2.500      0.024     4.1600     67.376     28.705  26.559702     7.2387      7.028   207.1799 1.8606e+01     1.8156      2.452      3.556    21.2612   997.9632 0.0000e+00
      2.507      0.024     4.1630     67.483     28.693  26.547540     7.2541      7.028   207.2472 1.8438e+01     1.7919      2.458      3.564    21.2594   997.9637 0.0000e+00
      2.515      0.024     4.1669     67.576     28.698  26.550970     7.2866      7.027   207.4022 1.8293e+01     1.7829      2.467      3.577    21.2601   997.9635 0.0000e+00
      2.521      0.025     4.1736     67.617     28.684  26.537745     7.3099      7.025   207.5054 1.8203e+01     1.7725      2.474      3.588    21.2599   997.9636 0.0000e+00
      2.526      0.027     4.1821     67.602     28.660  26.514511     7.3109      7.023   207.4624 1.8146e+01     1.7650      2.478      3.593    21.2584   997.9640 0.0000e+00
      2.530      0.028     4.1878     67.571     28.671  26.523803     7.2894      7.021   207.4840 1.8033e+01     1.7901      2.479      3.595    21.2562   997.9645 0.0000e+00
      2.537      0.028     4.1955     67.545     28.671  26.523215     7.2580      7.019   207.5092 1.7830e+01     1.8132      2.487      3.606    21.2550   997.9648 0.0000e+00
      2.548      0.029     4.1984     67.523     28.655  26.507406     7.2435      7.017   207.5085 1.7623e+01     1.8148      2.499      3.625    21.2543   997.9650 0.0000e+00
      2.558      0.032     4.1958     67.513     28.672  26.522971     7.2364      7.016   207.6481 1.7465e+01     1.8096      2.510      3.641    21.2522   997.9655 0.0000e+00
      2.564      0.037     4.1941     67.591     28.671  26.521099     7.2234      7.012   207.8197 1.7367e+01     1.7838      2.515      3.648    21.2507   997.9658 0.0000e+00
      2.570      0.042     4.1921     67.796     28.632  26.484766     7.1640      7.007   207.8625 1.7207e+01     1.8307      2.517      3.652    21.2497   997.9660 0.0000e+00
      2.579      0.046     4.1919     68.051     28.612  26.464318     7.0555      7.002   207.9080 1.6940e+01     1.9836      2.528      3.667    21.2481   997.9664 0.0000e+00
      2.594      0.047     4.1886     68.274     28.614  26.464176     6.9963      7.000   207.9396 1.6608e+01     2.0584      2.542      3.686    21.2474   997.9667 0.0000e+00
      2.612      0.045     4.1918     68.440     28.635  26.483056     6.9861      7.000   207.9860 1.6241e+01     2.0475      2.561      3.715    21.2464   997.9671 0.0000e+00
      2.628      0.040     4.2077     68.544     28.655  26.502268     6.9581      7.002   208.1253 1.6003e+01     2.0814      2.582      3.743    21.2437   997.9677 0.0000e+00
      2.638      0.034     4.2259     68.625     28.658  26.506141     6.9089      7.003   208.2473 1.5939e+01     2.1073      2.590      3.756    21.2404   997.9684 0.0000e+00
      2.642      0.027     4.2399     68.729     28.682  26.529891     6.8767      7.003   208.3418 1.5951e+01     2.0654      2.592      3.760    21.2380   997.9690 0.0000e+00
      2.642      0.022     4.2508     68.814     28.687  26.535658     6.8803      7.004   208.4081 1.5926e+01     2.0006      2.591      3.757    21.2367   997.9692 0.0000e+00
      2.645      0.017     4.2564     68.845     28.662  26.512433     6.9705      7.005   208.4466 1.5816e+01     1.9146      2.593      3.760    21.2382   997.9689 0.0000e+00
      2.652      0.016     4.2585     68.861     28.652  26.502850     7.1346      7.006   208.4634 1.5689e+01     1.8447      2.600      3.771    21.2414   997.9682 0.0000e+00
      2.659      0.016     4.2674     68.915     28.632  26.483222     7.2258      7.006   208.4393 1.5593e+01     1.8432      2.608      3.783    21.2436   997.9678 0.0000e+00
      2.664      0.016     4.2732     68.991     28.612  26.465439     7.2500      7.006   208.4123 1.5544e+01     1.8314      2.613      3.790    21.2447   997.9676 0.0000e+00
      2.665      0.016     4.2741     69.029     28.626  26.478160     7.3577      7.007   208.4813 1.5531e+01     1.8001      2.614      3.791    21.2443   997.9677 0.0000e+00
      2.667      0.017     4.2736     69.014     28.661  26.510143     7.5397      7.008   208.5860 1.5504e+01     1.8248      2.615      3.792    21.2434   997.9679 0.0000e+00
      2.671      0.019     4.2770     68.954     28.688  26.534941     7.6380      7.010   208.6451 1.5445e+01     1.8353      2.619      3.798    21.2436   997.9679 0.0000e+00
      2.676      0.023     4.2846     68.881     28.676  26.524229     7.6531      7.010   208.7658 1.5376e+01     1.7969      2.624      3.805    21.2433   997.9679 0.0000e+00
      2.681      0.028     4.2861     68.814     28.658  26.507509     7.6621      7.009   208.9264 1.5251e+01     1.7869      2.629      3.812    21.2431   997.9680 0.0000e+00
      2.691      0.031     4.2855     68.719     28.675  26.523095     7.6423      7.009   209.0379 1.5048e+01     1.8115      2.639      3.826    21.2428   997.9682 0.0000e+00
      2.701      0.033     4.2812     68.647     28.674  26.522356     7.6130      7.009   209.0828 1.4870e+01     1.8323      2.650      3.843    21.2420   997.9684 0.0000e+00
      2.711      0.034     4.2750     68.675     28.649  26.498581     7.6111      7.009   209.0388 1.4746e+01     1.8421      2.659      3.857    21.2423   997.9683 0.0000e+00
      2.720      0.037     4.2735     68.780     28.640  26.489394     7.6022      7.009   209.0226 1.4642e+01     1.8636      2.667      3.868    21.2421   997.9684 0.0000e+00
      2.727      0.042     4.2660     68.933     28.626  26.474719     7.4540      7.008   209.0592 1.4536e+01     1.8956      2.674      3.879    21.2410   997.9687 0.0000e+00
      2.735      0.047     4.2582     69.147     28.600  26.448020     7.1803      7.003   209.0510 1.4388e+01     1.9670      2.681      3.889    21.2414   997.9687 0.0000e+00
      2.745      0.053     4.2619     69.448     28.573  26.420341     7.0239      6.998   209.1811 1.4149e+01     2.0712      2.690      3.901    21.2423   997.9684 0.0000e+00
      2.763      0.059     4.2691     69.886     28.547  26.393811     7.0028      6.993   209.5135 1.3826e+01     2.1067      2.708      3.927    21.2421   997.9686 0.0000e+00
      2.783      0.064     4.2780     70.451     28.537  26.381008     7.0109      6.988   209.7145 1.3551e+01     2.0690      2.732      3.962    21.2386   997.9695 0.0000e+00
      2.800      0.066     4.2921     71.085     28.553  26.392428     7.0440      6.985   209.7190 1.3345e+01     2.0420      2.748      3.985    21.2329   997.9708 0.0000e+00
      2.816      0.063     4.3089     71.810     28.570  26.405002     7.0735      6.983   209.6534 1.3088e+01     2.0422      2.760      4.002    21.2282   997.9718 0.0000e+00
      2.835      0.058     4.3368     72.715     28.572  26.406144     7.0811      6.983   209.6098 1.2815e+01     2.0389      2.781      4.034    21.2240   997.9729 0.0000e+00
      2.851      0.053     4.3750     73.792     28.571  26.406239     7.0585      6.984   209.7084 1.2631e+01     2.0340      2.799      4.058    21.2185   997.9742 0.0000e+00
      2.862      0.048     4.4142     74.897     28.570  26.406144     7.0165      6.985   209.8131 1.2509e+01     2.0163      2.807      4.072    21.2106   997.9759 0.0000e+00
      2.871      0.043     4.4567     75.855     28.567  26.405000     6.9981      6.987   209.8431 1.2394e+01     1.9883      2.816      4.084    21.2050   997.9771 0.0000e+00
      2.881      0.039     4.5125     76.527     28.552  26.392407     7.0094      6.987   209.8986 1.2265e+01     2.0236      2.824      4.097    21.2044   997.9773 0.0000e+00
      2.891      0.037     4.5840     76.897     28.539  26.380769     7.0569      6.988   209.9680 1.2135e+01     2.0825      2.834      4.112    21.2060   997.9771 0.0000e+00
      2.900      0.037     4.6555     77.028     28.550  26.391159     7.1224      6.990   209.9939 1.2009e+01     2.0776      2.844      4.125    21.2081   997.9766 0.0000e+00
      2.909      0.037     4.7191     76.942     28.550  26.391159     7.1514      6.991   210.0394 1.1898e+01     2.0636      2.853      4.139    21.2106   997.9760 0.0000e+00
      2.917      0.036     4.7605     76.680     28.540  26.380768     7.1649      6.992   210.0879 1.1792e+01     2.0762      2.860      4.149    21.2135   997.9756 0.0000e+00
      2.927      0.035     4.7805     76.326     28.555  26.392407     7.1730      6.990   210.0641 1.1653e+01     2.0669      2.869      4.161    21.2150   997.9753 0.0000e+00
      2.938      0.034     4.7895     75.991     28.569  26.405000     7.1361      6.990   210.0966 1.1512e+01     2.0165      2.882      4.180    21.2159   997.9751 0.0000e+00
      2.948      0.034     4.7831     75.769     28.570  26.406145     7.0743      6.993   210.2224 1.1417e+01     1.9906      2.893      4.196    21.2151   997.9754 0.0000e+00
      2.954      0.037     4.7652     75.639     28.570  26.406247     7.0507      6.997   210.2944 1.1357e+01     2.0167      2.898      4.203    21.2116   997.9761 0.0000e+00
      2.959      0.042     4.7412     75.510     28.570  26.406247     7.0584      6.998   210.2792 1.1274e+01     2.0368      2.901      4.207    21.2077   997.9770 0.0000e+00
      2.967      0.047     4.7174     75.365     28.572  26.406134     7.0630      6.998   210.2971 1.1107e+01     2.0371      2.907      4.216    21.2067   997.9772 0.0000e+00
