Data/DataNotYetUploadedToEDI/Raw_CTD/RawDownloads/100719_bvr_sedtrap.cnv
* Sea-Bird SBE19plus  Data File:
* FileName = C:\DATA\100719_bvr50_0002.hex
* Software version 2.8.0.119 SB_Terminal.dll
* Temperature SN = 7809
* Conductivity SN = 7809
* System UpLoad Time = Oct 07 2019 15:42:33
* <ApplicationData>
* <Seaterm232>
# nquan = 16
# nvalues = 963                         
# units = specified
# name 0 = depFM: Depth [fresh water, m]
# name 1 = dz/dtM: Descent Rate [m/s]
# name 2 = sbeox0ML/L: Oxygen, SBE 43 [ml/l]
# name 3 = sbeox0PS: Oxygen, SBE 43 [% saturation]
# name 4 = specc: Specific Conductance [uS/cm]
# name 5 = c0uS/cm: Conductivity [uS/cm]
# name 6 = flECO-AFL: Fluorescence, WET Labs ECO-AFL/FL [mg/m^3]
# name 7 = ph: pH
# name 8 = orp: Oxidation Reduction Potential [mV]
# name 9 = par/sat/log: PAR/Logarithmic, Satlantic
# name 10 = turbWETntu0: Turbidity, WET Labs ECO [NTU]
# name 11 = prdM: Pressure, Strain Gauge [db]
# name 12 = prdE: Pressure, Strain Gauge [psi]
# name 13 = tv290C: Temperature [ITS-90, deg C]
# name 14 = density00: Density [density, kg/m^3]
# name 15 = flag:  0.000e+00
# span 0 =     -0.469,      9.956       
# span 1 =     -0.010,      0.165       
# span 2 =     0.0078,     6.0889       
# span 3 =      0.190,     98.950       
# span 4 =     28.256,    246.984       
# span 5 =  26.382245, 168.942245       
# span 6 =     1.4560,    15.6331       
# span 7 =      6.303,      8.793       
# span 8 =  -108.9759,   323.4426       
# span 9 = 1.2354e-01, 1.0566e+03       
# span 10 =     1.3549,     5.8721      
# span 11 =     -0.474,      9.764      
# span 12 =     -0.688,     14.161      
# span 13 =     9.0854,    22.2550      
# span 14 =   997.7267,   999.9097      
# span 15 = 0.0000e+00, 0.0000e+00      
# interval = seconds: 0.25
# start_time = Oct 07 2019 13:37:22 [Instrument's time stamp, header]
# bad_flag = -9.990e-29
*END*
[from data line 904]
      9.352      0.076     0.0530      0.699    183.815 126.301026     1.4650      6.456   -83.3729 1.2369e-01     2.2108      9.170     13.301     9.3896   999.8638 0.0000e+00
      9.372      0.079     0.0583      0.710    184.517 126.740427     1.4615      6.457   -83.5513 1.2365e-01     2.2359      9.190     13.329     9.3815   999.8647 0.0000e+00
      9.396      0.079     0.0570      0.717    185.150 127.135012     1.4675      6.458   -83.7962 1.2371e-01     2.2487      9.213     13.363     9.3737   999.8657 0.0000e+00
      9.421      0.077     0.0555      0.708    185.830 127.565115     1.4759      6.458   -84.0112 1.2381e-01     2.2668      9.239     13.401     9.3648   999.8667 0.0000e+00
      9.442      0.073     0.0557      0.700    186.588 128.051335     1.4759      6.459   -83.9996 1.2378e-01     2.3243      9.261     13.432     9.3534   999.8680 0.0000e+00
      9.458      0.068     0.0567      0.693    187.458 128.614249     1.4772      6.459   -83.8279 1.2363e-01     2.3538      9.276     13.453     9.3413   999.8693 0.0000e+00
      9.471      0.063     0.0588      0.687    188.467 129.270106     1.4822      6.459   -84.0009 1.2360e-01     2.2959      9.287     13.470     9.3302   999.8705 0.0000e+00
      9.484      0.060     0.0558      0.678    189.382 129.859712     1.4842      6.459   -84.5416 1.2365e-01     2.2143      9.300     13.489     9.3205   999.8716 0.0000e+00
      9.499      0.060     0.0568      0.682    190.112 130.322874     1.4839      6.459   -85.1173 1.2369e-01     2.1854      9.315     13.511     9.3116   999.8726 0.0000e+00
      9.514      0.061     0.0550      0.699    190.747 130.725138     1.4709      6.460   -85.5411 1.2374e-01     2.2090      9.330     13.533     9.3027   999.8738 0.0000e+00
      9.530      0.063     0.0557      0.708    191.137 130.960953     1.4560      6.461   -85.7081 1.2374e-01     2.2375      9.346     13.555     9.2932   999.8749 0.0000e+00
      9.547      0.064     0.0539      0.702    191.238 131.005841     1.4775      6.461   -85.8455 1.2373e-01     2.3014      9.362     13.578     9.2828   999.8762 0.0000e+00
      9.565      0.063     0.0538      0.688    191.271 131.012765     1.5148      6.462   -86.2561 1.2374e-01     2.4237      9.380     13.604     9.2728   999.8773 0.0000e+00
      9.582      0.062     0.0570      0.681    191.519 131.172197     1.5255      6.463   -86.9735 1.2374e-01     2.4702      9.397     13.630     9.2642   999.8783 0.0000e+00
      9.598      0.061     0.0572      0.677    192.338 131.721828     1.5198      6.463   -88.1525 1.2376e-01     2.4383      9.413     13.652     9.2556   999.8792 0.0000e+00
      9.612      0.061     0.0571      0.677    193.581 132.556352     1.5071      6.463   -89.5841 1.2374e-01     2.4638      9.426     13.671     9.2487   999.8798 0.0000e+00
      9.626      0.061     0.0544      0.675    194.592 133.226617     1.4844      6.463   -90.7742 1.2368e-01     2.5165      9.439     13.690     9.2452   999.8802 0.0000e+00
      9.641      0.062     0.0551      0.670    195.137 133.575746     1.4705      6.464   -91.7875 1.2367e-01     2.5189      9.453     13.712     9.2432   999.8804 0.0000e+00
      9.657      0.063     0.0541      0.675    195.566 133.843769     1.4693      6.465   -92.5439 1.2371e-01     2.5254      9.470     13.735     9.2407   999.8809 0.0000e+00
      9.675      0.065     0.0545      0.682    196.082 134.171131     1.4698      6.465   -92.9505 1.2376e-01     2.5626      9.488     13.761     9.2363   999.8819 0.0000e+00
      9.692      0.065     0.0544      0.680    196.563 134.472314     1.4765      6.465   -93.2613 1.2381e-01     2.5754      9.505     13.786     9.2303   999.8829 0.0000e+00
      9.709      0.064     0.0536      0.684    197.187 134.870254     1.4806      6.466   -93.4627 1.2373e-01     2.5483      9.521     13.809     9.2239   999.8836 0.0000e+00
      9.725      0.061     0.0539      0.686    197.925 135.346860     1.4763      6.467   -93.4937 1.2362e-01     2.4974      9.538     13.833     9.2174   999.8843 0.0000e+00
      9.741      0.058     0.0558      0.683    198.024 135.387241     1.4766      6.469   -93.5488 1.2367e-01     2.4514      9.552     13.856     9.2109   999.8852 0.0000e+00
      9.755      0.053     0.0540      0.689    197.726 135.167096     1.4750      6.470   -93.8716 1.2374e-01     2.4505      9.566     13.875     9.2038   999.8860 0.0000e+00
      9.770      0.049     0.0550      0.688    198.576 135.746789     1.4653      6.471   -94.5580 1.2377e-01     2.4875      9.581     13.897     9.1960   999.8868 0.0000e+00
      9.782      0.047     0.0561      0.678    200.754 137.229419     1.4637      6.471   -95.3086 1.2375e-01     2.5047      9.594     13.917     9.1894   999.8878 0.0000e+00
      9.790      0.047     0.0538      0.685    202.548 138.421791     1.4822      6.472   -96.1500 1.2366e-01     2.4949      9.601     13.926     9.1813   999.8884 0.0000e+00
      9.798      0.045     0.0562      0.701    203.202 138.808663     1.5072      6.474   -97.4179 1.2365e-01     2.5008      9.606     13.933     9.1762   999.8885 0.0000e+00
      9.812      0.042     0.0558      0.705    203.620 139.036261     1.5231      6.474   -98.9373 1.2370e-01     2.5099      9.620     13.952     9.1781   999.8887 0.0000e+00
      9.828      0.039     0.0538      0.695    204.378 139.514880     1.5352      6.474  -100.4962 1.2371e-01     2.5069      9.640     13.981     9.1793   999.8899 0.0000e+00
      9.840      0.036     0.0548      0.681    205.595 140.321089     1.5414      6.475  -101.7265 1.2371e-01     2.4964      9.653     14.000     9.1712   999.8914 0.0000e+00
      9.846      0.033     0.0572      0.666    207.366 141.510773     1.5373      6.477  -102.3687 1.2376e-01     2.4824      9.656     14.005     9.1524   999.8928 0.0000e+00
      9.850      0.029     0.0571      0.650    209.378 142.861206     1.5288      6.477  -102.7550 1.2373e-01     2.5009      9.660     14.010     9.1366   999.8941 0.0000e+00
      9.855      0.026     0.0561      0.642    211.486 144.270496     1.5247      6.478  -103.1278 1.2367e-01     2.5241      9.664     14.016     9.1284   999.8951 0.0000e+00
      9.862      0.025     0.0546      0.648    214.037 145.979474     1.5574      6.479  -103.5207 1.2364e-01     2.5001      9.670     14.026     9.1228   999.8959 0.0000e+00
      9.870      0.026     0.0540      0.658    216.505 147.633811     1.6209      6.480  -103.9775 1.2358e-01     2.4734      9.679     14.038     9.1193   999.8969 0.0000e+00
      9.877      0.027     0.0522      0.661    218.464 148.955949     1.6602      6.480  -104.5212 1.2354e-01     2.4630      9.687     14.049     9.1140   999.8981 0.0000e+00
      9.884      0.028     0.0512      0.661    223.459 152.391597     1.6680      6.480  -105.1905 1.2363e-01     2.4725      9.693     14.059     9.1069   999.8995 0.0000e+00
      9.889      0.030     0.0522      0.667    230.391 157.187944     1.6634      6.481  -105.7891 1.2371e-01     2.5551      9.698     14.066     9.0991   999.9010 0.0000e+00
      9.896      0.030     0.0535      0.677    231.554 158.042409     1.6568      6.483  -106.0791 1.2371e-01     2.6433      9.704     14.074     9.0920   999.9030 0.0000e+00
      9.905      0.030     0.0536      0.673    229.173 156.468637     1.6575      6.485  -106.2879 1.2366e-01     2.6540      9.712     14.087     9.0854   999.9033 0.0000e+00
      9.915      0.029     0.0529      0.656    228.622 156.167096     1.6547      6.485  -106.5936 1.2361e-01     2.6195      9.724     14.104     9.0909   999.9044 0.0000e+00
      9.925      0.026     0.0533      0.648    227.866 155.737873     1.6138      6.486  -106.8496 1.2366e-01     2.4885      9.734     14.119     9.1130   999.9078 0.0000e+00
      9.931      0.023     0.0549      0.648    229.579 156.961534     1.5528      6.487  -107.0604 1.2371e-01     2.3144      9.740     14.126     9.1265   999.9063 0.0000e+00
      9.935      0.019     0.0552      0.649    234.279 160.167703     1.5325      6.487  -107.2489 1.2365e-01     2.2519      9.743     14.131     9.1322   999.9034 0.0000e+00
      9.938      0.014     0.0520      0.649    235.129 160.722315     1.5336      6.487  -107.4084 1.2363e-01     2.2569      9.746     14.136     9.1498   999.9036 0.0000e+00
      9.941      0.011     0.0522      0.649    232.329 158.816942     1.5143      6.488  -107.6121 1.2368e-01     2.2768      9.749     14.139     9.1746   999.9003 0.0000e+00
      9.943      0.009     0.0523      0.653    229.015 156.608186     1.4897      6.490  -107.8196 1.2373e-01     2.2957      9.751     14.142     9.1885   999.8991 0.0000e+00
      9.945      0.008     0.0520      0.650    229.219 156.812486     1.4788      6.490  -108.0243 1.2373e-01     2.2881      9.753     14.145     9.1829   999.9038 0.0000e+00
      9.946      0.007     0.0527      0.659    237.036 162.179948     1.4698      6.491  -108.2808 1.2369e-01     2.2516      9.754     14.147     9.1715   999.9039 0.0000e+00
      9.948      0.007     0.0515      0.676    246.984 168.942245     1.4586      6.492  -108.5970 1.2368e-01     2.2137      9.756     14.149     9.1727   999.9027 0.0000e+00
      9.950      0.006     0.0535      0.667    246.171 168.308615     1.4562      6.493  -108.8365 1.2363e-01     2.2235      9.757     14.152     9.1888   999.8998 0.0000e+00
      9.951      0.006     0.0516      0.643    233.276 159.430712     1.4576      6.493  -108.9390 1.2357e-01     2.2387      9.759     14.154     9.2081   999.8972 0.0000e+00
      9.953      0.006     0.0521      0.632    225.299 153.958120     1.4577      6.493  -108.9759 1.2356e-01     2.2346      9.761     14.157     9.2129   999.9006 0.0000e+00
      9.955 -9.990e-29     0.0559 -9.990e-29 -9.990e-29 -9.990e-29 -9.990e-29 -9.990e-29 -9.990e-29 1.2356e-01 -9.990e-29      9.763     14.160     9.2027   999.9074 0.0000e+00
      9.956 -9.990e-29     0.0540 -9.990e-29 -9.990e-29 -9.990e-29 -9.990e-29 -9.990e-29 -9.990e-29 1.2360e-01 -9.990e-29      9.764     14.161     9.1812   999.9097 0.0000e+00
      9.956 -9.990e-29     0.0514 -9.990e-29 -9.990e-29 -9.990e-29 -9.990e-29 -9.990e-29 -9.990e-29 1.2375e-01 -9.990e-29      9.764     14.161     9.1649   999.9025 0.0000e+00
      9.956 -9.990e-29     0.0501 -9.990e-29 -9.990e-29 -9.990e-29 -9.990e-29 -9.990e-29 -9.990e-29 1.2386e-01 -9.990e-29      9.764     14.161     9.1637   999.8977 0.0000e+00
