Data/DataNotYetUploadedToEDI/Raw_CTD/RawDownloads/100719_bvr50.cnv
* Sea-Bird SBE19plus  Data File:
* FileName = C:\DATA\100719_bvr50_0003.hex
* Software version 2.8.0.119 SB_Terminal.dll
* Temperature SN = 7809
* Conductivity SN = 7809
* System UpLoad Time = Oct 07 2019 15:43:19
* <ApplicationData>
* <Seaterm232>
# nquan = 16
# nvalues = 1540                        
# units = specified
# name 0 = depFM: Depth [fresh water, m]
# name 1 = dz/dtM: Descent Rate [m/s]
# name 2 = sbeox0ML/L: Oxygen, SBE 43 [ml/l]
# name 3 = sbeox0PS: Oxygen, SBE 43 [% saturation]
# name 4 = specc: Specific Conductance [uS/cm]
# name 5 = c0uS/cm: Conductivity [uS/cm]
# name 6 = flECO-AFL: Fluorescence, WET Labs ECO-AFL/FL [mg/m^3]
# name 7 = ph: pH
# name 8 = orp: Oxidation Reduction Potential [mV]
# name 9 = par/sat/log: PAR/Logarithmic, Satlantic
# name 10 = turbWETntu0: Turbidity, WET Labs ECO [NTU]
# name 11 = prdM: Pressure, Strain Gauge [db]
# name 12 = prdE: Pressure, Strain Gauge [psi]
# name 13 = tv290C: Temperature [ITS-90, deg C]
# name 14 = density00: Density [density, kg/m^3]
# name 15 = flag:  0.000e+00
# span 0 =     -0.538,      9.776       
# span 1 =     -0.192,      0.130       
# span 2 =     0.0110,     6.1297       
# span 3 =      0.247,    100.134       
# span 4 =     27.917,    204.199       
# span 5 =  26.350669, 139.859839       
# span 6 =     0.9509,    13.4939       
# span 7 =      6.248,      8.868       
# span 8 =  -131.8259,   220.5355       
# span 9 = 1.2351e-01, 6.3334e+02       
# span 10 =     1.3300,     3.3840      
# span 11 =     -0.536,      9.588      
# span 12 =     -0.777,     13.906      
# span 13 =     9.2004,    24.3455      
# span 14 =   997.2231,   999.8883      
# span 15 = 0.0000e+00, 0.0000e+00      
# interval = seconds: 0.25
# start_time = Oct 07 2019 15:24:10 [Instrument's time stamp, header]
# bad_flag = -9.990e-29
*END*
[from data line 995]
      6.113      0.029     0.0548      0.747     75.109  57.629331     2.5225      6.392    50.7919 1.4347e-01     2.6479      5.997      8.698    13.5287   999.3669 0.0000e+00
      6.121      0.029     0.0534      0.732     75.122  57.625980     2.5646      6.391    49.9184 1.3307e-01     2.6424      6.002      8.706    13.5110   999.3698 0.0000e+00
      6.127      0.028     0.0546      0.722     75.364  57.815565     2.5602      6.391    49.0995 1.3505e-01     2.6160      6.008      8.713    13.4501   999.3780 0.0000e+00
      6.133      0.026     0.0563      0.716     75.724  58.078897     2.5565      6.390    48.0326 1.5571e-01     2.6898      6.014      8.723    13.3853   999.3865 0.0000e+00
      6.140      0.022     0.0546      0.711     75.933  58.204683     2.5544      6.386    46.8272 1.6606e-01     2.8463      6.020      8.732    13.3505   999.3911 0.0000e+00
      6.147      0.020     0.0529      0.695     75.876  58.129091     2.5612      6.381    45.7965 1.5839e-01     2.9353      6.029      8.744    13.3465   999.3916 0.0000e+00
      6.153      0.019     0.0532      0.693     75.710  57.990940     2.5608      6.379    44.9482 1.4886e-01     2.9473      6.035      8.754    13.3598   999.3900 0.0000e+00
      6.156      0.018     0.0516      0.715     75.705  57.995761     2.5053      6.379    44.3152 1.4100e-01     2.8597      6.037      8.756    13.3536   999.3910 0.0000e+00
      6.157      0.017     0.0532      0.729     75.937  58.187397     2.4192      6.378    43.8209 1.3992e-01     2.6956      6.037      8.757    13.3216   999.3953 0.0000e+00
      6.161      0.017     0.0502      0.728     76.303  58.465273     2.3789      6.376    43.1880 1.3758e-01     2.6341      6.042      8.763    13.2957   999.3987 0.0000e+00
      6.167      0.018     0.0496      0.722     76.633  58.686739     2.3820      6.373    42.2552 1.3223e-01     2.6736      6.048      8.771    13.2899   999.3993 0.0000e+00
      6.173      0.020     0.0534      0.728     76.882  58.831695     2.4299      6.371    41.1464 1.3508e-01     2.6813      6.054      8.781    13.2989   999.3982 0.0000e+00
      6.178      0.022     0.0534      0.738     77.083  58.946981     2.5157      6.371    40.1060 1.4573e-01     2.6617      6.059      8.787    13.3134   999.3964 0.0000e+00
      6.183      0.023     0.0539      0.734     77.357  59.127451     2.5615      6.371    39.1395 1.5739e-01     2.6658      6.063      8.793    13.3171   999.3961 0.0000e+00
      6.189      0.024     0.0520      0.723     77.702  59.361518     2.5676      6.369    38.2375 1.6299e-01     2.6978      6.069      8.802    13.2912   999.3996 0.0000e+00
      6.195      0.025     0.0533      0.714     77.835  59.425837     2.5891      6.367    37.4597 1.7907e-01     2.7537      6.076      8.813    13.2546   999.4045 0.0000e+00
      6.202      0.026     0.0548      0.705     77.840  59.396712     2.6230      6.367    36.7034 2.0311e-01     2.8178      6.083      8.822    13.2292   999.4078 0.0000e+00
      6.209      0.026     0.0540      0.700     78.026  59.517707     2.6387      6.366    35.9774 2.1187e-01     2.8508      6.089      8.832    13.2148   999.4098 0.0000e+00
      6.217      0.025     0.0528      0.703     78.336  59.744921     2.6313      6.366    35.3924 2.1298e-01     2.8564      6.097      8.842    13.1987   999.4121 0.0000e+00
      6.224      0.024     0.0524      0.695     78.659  59.983328     2.6037      6.366    34.7066 2.2271e-01     2.8855      6.104      8.852    13.1693   999.4160 0.0000e+00
      6.230      0.022     0.0520      0.677     79.018  60.239630     2.5556      6.366    33.7078 2.3938e-01     2.9088      6.110      8.861    13.1467   999.4189 0.0000e+00
      6.235      0.021     0.0506      0.675     79.390  60.492525     2.5186      6.365    32.6089 2.4003e-01     2.9092      6.115      8.868    13.1337   999.4207 0.0000e+00
      6.239      0.020     0.0524      0.691     79.703  60.689698     2.5118      6.364    31.6586 2.3668e-01     2.8900      6.120      8.876    13.1305   999.4213 0.0000e+00
      6.243      0.019     0.0517      0.707     79.954  60.844181     2.5168      6.364    30.9072 2.4618e-01     2.8404      6.123      8.881    13.1284   999.4216 0.0000e+00
      6.248      0.019     0.0490      0.712     80.148  60.962212     2.5349      6.362    30.0632 2.4803e-01     2.8335      6.126      8.886    13.1174   999.4232 0.0000e+00
      6.254      0.019     0.0491      0.719     80.280  61.036403     2.5569      6.353    28.3371 2.4662e-01     2.8721      6.132      8.894    13.0995   999.4256 0.0000e+00
      6.259      0.019     0.0508      0.724     80.396  61.105669     2.5584      6.310    26.6423 2.5098e-01     2.9143      6.139      8.904    13.0671   999.4298 0.0000e+00
      6.264      0.019     0.0528      0.718     80.571  61.227720     2.5607      6.256    26.3491 2.5613e-01     2.9170      6.143      8.911    13.0432   999.4330 0.0000e+00
      6.269      0.019     0.0521      0.719     80.936  61.495268     2.5592      6.264    26.0826 2.5958e-01     2.8070      6.148      8.917    13.0292   999.4349 0.0000e+00
      6.273      0.019     0.0530      0.721     81.445  61.861996     2.5312      6.310    25.1406 2.5704e-01     2.6657      6.152      8.923    13.0093   999.4375 0.0000e+00
      6.277      0.018     0.0543      0.708     81.898  62.166326     2.5082      6.340    24.4246 2.5119e-01     2.6174      6.156      8.928    12.9975   999.4391 0.0000e+00
      6.282      0.018     0.0523      0.702     82.251  62.378467     2.5073      6.357    24.3078 2.5404e-01     2.6497      6.161      8.935    12.9930   999.4397 0.0000e+00
      6.287      0.018     0.0528      0.705     82.511  62.520249     2.5117      6.366    24.5888 2.5614e-01     2.6948      6.167      8.944    12.9887   999.4404 0.0000e+00
      6.292      0.018     0.0542      0.700     82.680  62.609423     2.5097      6.371    24.8975 2.4482e-01     2.6717      6.171      8.951    12.9799   999.4418 0.0000e+00
      6.296      0.018     0.0517      0.694     82.896  62.757503     2.4998      6.373    25.1148 2.3058e-01     2.5994      6.175      8.956    12.9545   999.4451 0.0000e+00
      6.300      0.018     0.0512      0.694     83.274  63.039507     2.4870      6.373    25.2367 2.2412e-01     2.5754      6.178      8.962    12.9166   999.4500 0.0000e+00
      6.305      0.019     0.0529      0.693     83.707  63.349686     2.4847      6.372    25.2528 2.2752e-01     2.6105      6.183      8.968    12.8796   999.4548 0.0000e+00
      6.311      0.019     0.0516      0.688     84.237  63.711275     2.4990      6.371    25.2243 2.2006e-01     2.6310      6.189      8.975    12.8540   999.4581 0.0000e+00
      6.316      0.019     0.0509      0.685     84.662  63.979179     2.5121      6.368    25.3209 2.0214e-01     2.6262      6.194      8.984    12.8462   999.4591 0.0000e+00
      6.321      0.019     0.0516      0.692     84.657  63.919284     2.5223      6.358    25.3885 1.8718e-01     2.6504      6.198      8.989    12.8517   999.4586 0.0000e+00
      6.326      0.019     0.0515      0.708     84.739  63.940458     2.5700      6.328    25.1816 1.6732e-01     2.6945      6.204      8.998    12.8431   999.4598 0.0000e+00
      6.330      0.020     0.0510      0.722     85.163  64.235142     2.6467      6.296    24.8849 1.6829e-01     2.7659      6.208      9.005    12.8164   999.4634 0.0000e+00
      6.334      0.020     0.0504      0.718     85.798  64.685570     2.6870      6.298    24.6402 1.8290e-01     2.8584      6.211      9.009    12.7838   999.4678 0.0000e+00
      6.339      0.020     0.0510      0.713     86.521  65.191355     2.7015      6.320    24.2880 1.8026e-01     2.9276      6.217      9.016    12.7442   999.4724 0.0000e+00
      6.345      0.021     0.0525      0.723     86.845  65.392527     2.8053      6.340    23.8099 1.8079e-01     2.9476      6.222      9.025    12.7197   999.4755 0.0000e+00
      6.351      0.023     0.0543      0.723     87.505  65.846627     2.9966      6.355    23.3329 1.7424e-01     2.9031      6.229      9.035    12.7132   999.4765 0.0000e+00
      6.357      0.026     0.0535      0.703     89.189  67.058328     3.1072      6.363    22.8228 1.5134e-01     2.8485      6.235      9.043    12.6959   999.4788 0.0000e+00
      6.362      0.029     0.0519      0.681     90.604  68.028477     3.1189      6.368    22.2888 1.4108e-01     2.8449      6.237      9.047    12.6709   999.4825 0.0000e+00
      6.369      0.031     0.0543      0.674     90.937  68.168106     3.1212      6.369    21.8668 1.4924e-01     2.8596      6.243      9.054    12.6452   999.4856 0.0000e+00
      6.380      0.032     0.0546      0.680     90.793  67.983584     3.2382      6.369    21.4206 1.5563e-01     2.8617      6.255      9.072    12.6209   999.4885 0.0000e+00
      6.391      0.032     0.0522      0.674     90.731  67.895290     3.4673      6.368    20.7655 1.4732e-01     2.8703      6.268      9.093    12.6033   999.4917 0.0000e+00
      6.400      0.032     0.0503      0.670     90.717  67.863387     3.5935      6.366    19.9681 1.3500e-01     2.8663      6.277      9.104    12.5441   999.4996 0.0000e+00
      6.407      0.031     0.0495      0.689     90.535  67.724968     3.6025      6.365    19.1788 1.3068e-01     2.8458      6.283      9.112    12.4662   999.5090 0.0000e+00
      6.412      0.029     0.0517      0.695     90.457  67.683847     3.5943      6.365    18.4497 1.3282e-01     2.8513      6.288      9.121    12.4292   999.5132 0.0000e+00
      6.418      0.027     0.0507      0.687     90.943  68.065505     3.5901      6.364    17.7771 1.3516e-01     2.8672      6.293      9.127    12.4098   999.5156 0.0000e+00
      6.426      0.027     0.0482      0.685     91.665  68.588735     3.5941      6.362    17.2419 1.3542e-01     2.8743      6.301      9.139    12.3970   999.5173 0.0000e+00
      6.433      0.027     0.0527      0.685     92.088  68.860646     3.5987      6.362    16.8826 1.3358e-01     2.9040      6.309      9.151    12.3956   999.5173 0.0000e+00
      6.440      0.026     0.0524      0.690     92.319  69.000820     3.6210      6.360    16.6157 1.3164e-01     2.9317      6.315      9.159    12.4066   999.5159 0.0000e+00
      6.448      0.025     0.0507      0.693     92.523  69.139158     3.6552      6.358    16.2521 1.3204e-01     2.9142      6.324      9.172    12.4288   999.5135 0.0000e+00
      6.455      0.023     0.0515      0.686     92.788  69.325298     3.6652      6.356    15.8419 1.3294e-01     2.8565      6.330      9.182    12.4180   999.5152 0.0000e+00
      6.460      0.020     0.0507      0.686     93.094  69.534813     3.6561      6.329    15.5271 1.3484e-01     2.8245      6.336      9.190    12.3798   999.5199 0.0000e+00
      6.464      0.018     0.0518      0.702     93.266  69.637875     3.6397      6.283    15.2000 1.3627e-01     2.8550      6.339      9.195    12.3636   999.5219 0.0000e+00
      6.467      0.016     0.0521      0.703     93.184  69.554129     3.6137      6.277    14.8120 1.3277e-01     2.8968      6.342      9.199    12.3599   999.5224 0.0000e+00
      6.471      0.015     0.0514      0.687     92.824  69.285154     3.5943      6.307    14.2771 1.3232e-01     2.9038      6.346      9.204    12.3565   999.5229 0.0000e+00
      6.475      0.015     0.0501      0.686     92.637  69.183143     3.5870      6.325    13.7235 1.3330e-01     2.8750      6.350      9.210    12.3455   999.5244 0.0000e+00
      6.479      0.015     0.0533      0.693     92.951  69.465168     3.5427      6.326    13.3674 1.2804e-01     2.8429      6.354      9.216    12.3294   999.5264 0.0000e+00
      6.483      0.015     0.0535      0.681     93.261  69.706983     3.4577      6.332    12.9824 1.2429e-01     2.8436      6.357      9.221    12.3145   999.5282 0.0000e+00
      6.487      0.015     0.0505      0.652     93.282  69.690949     3.4177      6.346    12.5100 1.2641e-01     2.8836      6.362      9.227    12.3079   999.5288 0.0000e+00
      6.491      0.015     0.0511      0.639     93.453  69.779909     3.4227      6.358    12.1299 1.2863e-01     2.9003      6.365      9.232    12.3335   999.5256 0.0000e+00
      6.494      0.016     0.0524      0.641     93.977  70.146740     3.3885      6.365    11.8282 1.2633e-01     2.8819      6.368      9.236    12.3744   999.5209 0.0000e+00
      6.498      0.017     0.0519      0.647     94.732  70.692931     3.2995      6.368    11.4423 1.2400e-01     2.8576      6.372      9.242    12.3793   999.5206 0.0000e+00
      6.503      0.017     0.0478      0.650     95.593  71.297331     3.2303      6.369    10.9927 1.2529e-01     2.8365      6.377      9.249    12.3514   999.5238 0.0000e+00
      6.508      0.018     0.0473      0.627     96.433  71.859153     3.2193      6.369    10.6076 1.2666e-01     2.8550      6.382      9.256    12.3278   999.5267 0.0000e+00
      6.513      0.018     0.0483      0.616     97.231  72.399024     3.2269      6.369    10.3140 1.2549e-01     2.8850      6.387      9.263    12.3155   999.5283 0.0000e+00
      6.517      0.017     0.0476      0.641     97.820  72.801458     3.2441      6.369    10.1106 1.2419e-01     2.9043      6.391      9.270    12.3138   999.5288 0.0000e+00
      6.522      0.016     0.0505      0.658     98.193  73.036830     3.2805      6.368     9.7827 1.2393e-01     2.9252      6.396      9.276    12.2978   999.5311 0.0000e+00
      6.526      0.015     0.0464      0.665     98.322  73.082808     3.3021      6.366     9.2743 1.2373e-01     2.9075      6.401      9.284    12.2516   999.5368 0.0000e+00
      6.530      0.014     0.0442      0.675     97.968  72.784993     3.3070      6.366     8.6957 1.2365e-01     2.8546      6.404      9.288    12.2208   999.5408 0.0000e+00
      6.532      0.014     0.0493      0.673     97.573  72.488210     3.3648      6.366     8.0355 1.2360e-01     2.8091      6.406      9.290    12.2134   999.5419 0.0000e+00
      6.535      0.015     0.0497      0.666     97.618  72.546686     3.4724      6.365     7.3141 1.2358e-01     2.8163      6.408      9.293    12.1897   999.5448 0.0000e+00
      6.539      0.015     0.0495      0.672     97.911  72.792588     3.5328      6.365     6.5984 1.2359e-01     2.8762      6.412      9.299    12.1591   999.5485 0.0000e+00
      6.544      0.016     0.0513      0.660     98.059  72.917883     3.5407      6.364     6.0069 1.2362e-01     2.9109      6.417      9.307    12.1380   999.5508 0.0000e+00
      6.548      0.017     0.0512      0.635     98.141  72.980631     3.5420      6.363     5.5837 1.2367e-01     2.9074      6.422      9.314    12.1360   999.5508 0.0000e+00
      6.553      0.017     0.0486      0.623     98.849  73.487672     3.5393      6.362     5.2665 1.2369e-01     2.8670      6.427      9.321    12.1558   999.5486 0.0000e+00
      6.557      0.016     0.0517      0.606     99.986  74.279098     3.5342      6.362     4.9248 1.2367e-01     2.8167      6.430      9.326    12.1731   999.5467 0.0000e+00
      6.561      0.014     0.0504      0.592    100.616  74.664245     3.5321      6.362     4.5507 1.2367e-01     2.8232      6.434      9.330    12.1795   999.5460 0.0000e+00
      6.565      0.013     0.0463      0.614    100.784  74.710367     3.5396      6.361     4.1844 1.2366e-01     2.8475      6.438      9.338    12.1817   999.5457 0.0000e+00
      6.568      0.013     0.0476      0.657    100.843  74.709477     3.5469      6.359     3.6794 1.2367e-01     2.8477      6.441      9.342    12.1753   999.5467 0.0000e+00
      6.570      0.014     0.0457      0.682    100.789  74.653440     3.5427      6.359     3.0053 1.2368e-01     2.8252      6.443      9.345    12.1491   999.5504 0.0000e+00
