Data/DataNotYetUploadedToEDI/Raw_CTD/RawDownloads/100719_bvr_sedtrap.cnv
* Sea-Bird SBE19plus  Data File:
* FileName = C:\DATA\100719_bvr50_0002.hex
* Software version 2.8.0.119 SB_Terminal.dll
* Temperature SN = 7809
* Conductivity SN = 7809
* System UpLoad Time = Oct 07 2019 15:42:33
* <ApplicationData>
* <Seaterm232>
# nquan = 16
# nvalues = 963                         
# units = specified
# name 0 = depFM: Depth [fresh water, m]
# name 1 = dz/dtM: Descent Rate [m/s]
# name 2 = sbeox0ML/L: Oxygen, SBE 43 [ml/l]
# name 3 = sbeox0PS: Oxygen, SBE 43 [% saturation]
# name 4 = specc: Specific Conductance [uS/cm]
# name 5 = c0uS/cm: Conductivity [uS/cm]
# name 6 = flECO-AFL: Fluorescence, WET Labs ECO-AFL/FL [mg/m^3]
# name 7 = ph: pH
# name 8 = orp: Oxidation Reduction Potential [mV]
# name 9 = par/sat/log: PAR/Logarithmic, Satlantic
# name 10 = turbWETntu0: Turbidity, WET Labs ECO [NTU]
# name 11 = prdM: Pressure, Strain Gauge [db]
# name 12 = prdE: Pressure, Strain Gauge [psi]
# name 13 = tv290C: Temperature [ITS-90, deg C]
# name 14 = density00: Density [density, kg/m^3]
# name 15 = flag:  0.000e+00
# span 0 =     -0.469,      9.956       
# span 1 =     -0.010,      0.165       
# span 2 =     0.0078,     6.0889       
# span 3 =      0.190,     98.950       
# span 4 =     28.256,    246.984       
# span 5 =  26.382245, 168.942245       
# span 6 =     1.4560,    15.6331       
# span 7 =      6.303,      8.793       
# span 8 =  -108.9759,   323.4426       
# span 9 = 1.2354e-01, 1.0566e+03       
# span 10 =     1.3549,     5.8721      
# span 11 =     -0.474,      9.764      
# span 12 =     -0.688,     14.161      
# span 13 =     9.0854,    22.2550      
# span 14 =   997.7267,   999.9097      
# span 15 = 0.0000e+00, 0.0000e+00      
# interval = seconds: 0.25
# start_time = Oct 07 2019 13:37:22 [Instrument's time stamp, header]
# bad_flag = -9.990e-29
*END*
[from data line 272]
      0.963      0.034     4.3493     70.168     28.538  26.461944     5.7859      7.445   229.5706 6.9745e+01     1.7310      0.944      1.369    21.3657   997.9334 0.0000e+00
      0.972      0.032     4.3501     70.111     28.538  26.461934     5.7410      7.440   229.6614 6.9532e+01     1.6476      0.953      1.383    21.3637   997.9339 0.0000e+00
      0.980      0.031     4.3511     70.069     28.538  26.460685     5.7075      7.432   229.7786 6.9145e+01     1.6107      0.961      1.394    21.3612   997.9344 0.0000e+00
      0.988      0.029     4.3496     70.028     28.523  26.446845     5.7013      7.422   229.8692 6.8865e+01     1.5802      0.969      1.405    21.3589   997.9350 0.0000e+00
      0.995      0.026     4.3467     69.993     28.495  26.421479     5.7093      7.412   229.8952 6.8649e+01     1.5742      0.977      1.417    21.3575   997.9353 0.0000e+00
      1.002      0.023     4.3419     69.987     28.480  26.407752     5.7354      7.403   229.8351 6.8340e+01     1.6030      0.983      1.426    21.3567   997.9356 0.0000e+00
      1.007      0.021     4.3407     69.987     28.480  26.407751     5.7569      7.398   229.8308 6.8090e+01     1.6009      0.989      1.434    21.3557   997.9358 0.0000e+00
      1.012      0.019     4.3379     69.977     28.495  26.421469     5.7434      7.394   229.9295 6.7861e+01     1.5818      0.993      1.440    21.3554   997.9358 0.0000e+00
      1.016      0.018     4.3343     69.923     28.522  26.446731     5.6935      7.389   229.9962 6.7656e+01     1.6341      0.995      1.444    21.3556   997.9358 0.0000e+00
      1.019      0.018     4.3356     69.838     28.536  26.459426     5.6398      7.384   230.0347 6.7504e+01     1.7409      0.999      1.449    21.3558   997.9357 0.0000e+00
      1.024      0.019     4.3350     69.790     28.524  26.448091     5.6223      7.383   230.0507 6.7183e+01     1.7921      1.004      1.456    21.3557   997.9358 0.0000e+00
      1.029      0.022     4.3358     69.783     28.512  26.436557     5.6203      7.382   230.0180 6.6827e+01     1.7943      1.010      1.465    21.3555   997.9359 0.0000e+00
      1.034      0.026     4.3326     69.756     28.523  26.446843     5.6162      7.380   229.9837 6.6551e+01     1.7345      1.014      1.472    21.3557   997.9359 0.0000e+00
      1.040      0.031     4.3243     69.686     28.522  26.445586     5.6252      7.377   229.9794 6.6165e+01     1.6264      1.019      1.479    21.3562   997.9358 0.0000e+00
      1.048      0.035     4.3217     69.613     28.496  26.421354     5.6327      7.372   230.0524 6.5658e+01     1.5695      1.026      1.488    21.3560   997.9359 0.0000e+00
      1.058      0.037     4.3231     69.577     28.482  26.407617     5.6288      7.363   230.1774 6.5027e+01     1.5382      1.037      1.503    21.3554   997.9360 0.0000e+00
      1.071      0.038     4.3226     69.578     28.481  26.406378     5.6217      7.353   230.2007 6.4373e+01     1.5421      1.051      1.524    21.3548   997.9363 0.0000e+00
      1.084      0.036     4.3164     69.587     28.482  26.406369     5.6164      7.345   230.1622 6.3837e+01     1.6493      1.064      1.543    21.3540   997.9365 0.0000e+00
      1.094      0.032     4.3112     69.572     28.483  26.407514     5.6168      7.340   230.1432 6.3347e+01     1.7862      1.074      1.557    21.3534   997.9366 0.0000e+00
      1.101      0.027     4.3090     69.552     28.497  26.420209     5.6174      7.339   230.0565 6.2894e+01     1.8210      1.081      1.568    21.3528   997.9368 0.0000e+00
      1.105      0.022     4.3099     69.560     28.510  26.432991     5.6156      7.339   229.9741 6.2589e+01     1.7746      1.085      1.573    21.3521   997.9370 0.0000e+00
      1.107      0.019     4.3118     69.588     28.512  26.435184     5.6473      7.341   230.0076 6.2398e+01     1.7172      1.085      1.574    21.3514   997.9371 0.0000e+00
      1.110      0.019     4.3101     69.599     28.525  26.446729     5.7058      7.342   230.1169 6.2208e+01     1.6504      1.088      1.578    21.3507   997.9373 0.0000e+00
      1.115      0.021     4.3077     69.583     28.524  26.445689     5.7325      7.340   230.1771 6.1991e+01     1.6226      1.093      1.585    21.3510   997.9373 0.0000e+00
      1.121      0.025     4.3084     69.552     28.499  26.422612     5.7365      7.338   230.2195 6.1777e+01     1.6109      1.099      1.593    21.3516   997.9372 0.0000e+00
      1.128      0.030     4.3116     69.522     28.498  26.421470     5.7366      7.336   230.3710 6.1620e+01     1.6401      1.106      1.604    21.3522   997.9370 0.0000e+00
      1.137      0.034     4.3119     69.500     28.510  26.431870     5.7337      7.333   230.4600 6.1534e+01     1.7786      1.115      1.618    21.3524   997.9370 0.0000e+00
      1.147      0.037     4.3109     69.482     28.500  26.421480     5.7368      7.332   230.4361 6.1366e+01     1.8763      1.124      1.630    21.3521   997.9372 0.0000e+00
      1.157      0.039     4.3085     69.476     28.501  26.422727     5.7305      7.331   230.5118 6.1028e+01     1.8714      1.134      1.644    21.3517   997.9373 0.0000e+00
      1.167      0.041     4.3065     69.476     28.528  26.446948     5.6930      7.328   230.6012 6.0655e+01     1.8501      1.145      1.662    21.3507   997.9375 0.0000e+00
      1.178      0.042     4.3055     69.476     28.543  26.460572     5.6471      7.326   230.5702 6.0252e+01     1.8483      1.154      1.674    21.3500   997.9378 0.0000e+00
      1.189      0.042     4.3040     69.457     28.543  26.460574     5.6352      7.324   230.5666 5.9758e+01     1.8499      1.166      1.691    21.3491   997.9380 0.0000e+00
      1.200      0.042     4.3040     69.424     28.528  26.446970     5.6352      7.322   230.6438 5.9254e+01     1.8368      1.177      1.707    21.3485   997.9382 0.0000e+00
      1.210      0.043     4.3040     69.403     28.502  26.422966     5.6212      7.317   230.7295 5.8874e+01     1.7882      1.187      1.722    21.3481   997.9384 0.0000e+00
      1.220      0.045     4.3047     69.403     28.503  26.424101     5.6132      7.312   230.8288 5.8638e+01     1.6877      1.197      1.736    21.3478   997.9384 0.0000e+00
      1.231      0.046     4.3036     69.431     28.543  26.460698     5.6164      7.305   230.9841 5.8438e+01     1.6054      1.208      1.751    21.3476   997.9385 0.0000e+00
      1.244      0.048     4.3004     69.475     28.569  26.484816     5.6251      7.295   231.0584 5.8232e+01     1.5799      1.220      1.769    21.3477   997.9386 0.0000e+00
      1.257      0.050     4.2993     69.510     28.544  26.461946     5.6410      7.284   230.9539 5.8058e+01     1.5764      1.232      1.788    21.3476   997.9386 0.0000e+00
      1.270      0.050     4.2990     69.525     28.518  26.437932     5.6608      7.271   230.8381 5.7929e+01     1.5626      1.246      1.807    21.3474   997.9387 0.0000e+00
      1.283      0.050     4.3010     69.538     28.529  26.448239     5.6824      7.259   230.8623 5.7690e+01     1.5445      1.258      1.825    21.3473   997.9388 0.0000e+00
      1.296      0.049     4.3045     69.557     28.542  26.459679     5.6944      7.251   230.9888 5.7258e+01     1.5541      1.271      1.844    21.3474   997.9389 0.0000e+00
      1.310      0.048     4.3069     69.568     28.532  26.449365     5.6924      7.245   231.0766 5.6782e+01     1.5798      1.286      1.865    21.3475   997.9390 0.0000e+00
      1.321      0.045     4.3072     69.562     28.534  26.450412     5.6930      7.236   231.0636 5.6339e+01     1.6258      1.296      1.880    21.3474   997.9390 0.0000e+00
      1.332      0.042     4.3075     69.531     28.558  26.472346     5.6940      7.228   231.0042 5.5777e+01     1.7169      1.305      1.893    21.3472   997.9391 0.0000e+00
      1.344      0.040     4.3098     69.472     28.546  26.460803     5.6868      7.227   231.0472 5.5099e+01     1.7969      1.318      1.911    21.3462   997.9394 0.0000e+00
      1.354      0.040     4.3103     69.402     28.521  26.437725     5.6838      7.228   231.1523 5.4623e+01     1.8384      1.330      1.927    21.3448   997.9397 0.0000e+00
      1.362      0.041     4.3105     69.322     28.531  26.447075     5.6842      7.230   231.1567 5.4414e+01     1.7934      1.336      1.937    21.3436   997.9400 0.0000e+00
      1.370      0.042     4.3088     69.226     28.531  26.446970     5.6829      7.232   231.1006 5.4170e+01     1.6793      1.342      1.947    21.3428   997.9402 0.0000e+00
      1.381      0.043     4.3044     69.129     28.521  26.436457     5.6857      7.232   231.1622 5.3760e+01     1.6388      1.353      1.963    21.3422   997.9404 0.0000e+00
      1.394      0.045     4.3002     69.051     28.532  26.446846     5.6913      7.232   231.2993 5.3442e+01     1.6313      1.367      1.982    21.3421   997.9405 0.0000e+00
      1.408      0.048     4.2958     69.008     28.531  26.445701     5.7072      7.232   231.2960 5.3267e+01     1.6530      1.380      2.002    21.3421   997.9406 0.0000e+00
      1.420      0.051     4.2890     68.990     28.506  26.422615     5.7303      7.232   231.2945 5.3112e+01     1.7380      1.393      2.020    21.3415   997.9407 0.0000e+00
      1.431      0.053     4.2830     68.969     28.505  26.421471     5.7363      7.228   231.3668 5.3044e+01     1.7743      1.403      2.035    21.3407   997.9409 0.0000e+00
      1.443      0.055     4.2775     68.949     28.516  26.431871     5.7290      7.223   231.3951 5.3048e+01     1.7647      1.414      2.052    21.3402   997.9411 0.0000e+00
      1.457      0.057     4.2750     68.949     28.506  26.421482     5.6847      7.219   231.5512 5.3010e+01     1.7196      1.429      2.072    21.3404   997.9411 0.0000e+00
      1.474      0.059     4.2751     68.974     28.507  26.422729     5.6002      7.217   231.7061 5.2895e+01     1.6554      1.445      2.095    21.3406   997.9412 0.0000e+00
      1.491      0.060     4.2732     69.021     28.534  26.446951     5.5562      7.216   231.7188 5.2767e+01     1.6103      1.463      2.122    21.3404   997.9413 0.0000e+00
      1.508      0.060     4.2717     69.063     28.549  26.460586     5.5603      7.215   231.7899 5.2624e+01     1.5680      1.479      2.145    21.3399   997.9415 0.0000e+00
      1.523      0.058     4.2718     69.071     28.550  26.460704     5.5626      7.212   231.8784 5.2420e+01     1.5700      1.493      2.166    21.3391   997.9417 0.0000e+00
      1.537      0.054     4.2733     69.060     28.536  26.448381     5.5581      7.209   231.9283 5.2181e+01     1.6344      1.508      2.187    21.3387   997.9418 0.0000e+00
      1.551      0.049     4.2768     69.038     28.526  26.438468     5.5578      7.205   231.8763 5.1926e+01     1.7239      1.522      2.207    21.3377   997.9422 0.0000e+00
      1.564      0.043     4.2809     68.988     28.557  26.467725     5.5589      7.201   231.7663 5.1760e+01     1.8001      1.534      2.226    21.3365   997.9425 0.0000e+00
      1.574      0.037     4.2802     68.909     28.575  26.484922     5.5624      7.198   231.7169 5.1725e+01     1.8350      1.544      2.240    21.3362   997.9426 0.0000e+00
      1.583      0.032     4.2794     68.819     28.544  26.456075     5.5744      7.198   231.7093 5.1777e+01     1.7848      1.553      2.252    21.3360   997.9427 0.0000e+00
      1.589      0.028     4.2789     68.715     28.523  26.436142     5.5832      7.199   231.7608 5.1940e+01     1.6855      1.559      2.261    21.3359   997.9427 0.0000e+00
      1.594      0.026     4.2756     68.612     28.521  26.434235     5.5822      7.201   231.8234 5.2197e+01     1.6171      1.563      2.267    21.3369   997.9425 0.0000e+00
      1.600      0.026     4.2698     68.546     28.520  26.433021     5.5793      7.203   231.8629 5.2511e+01     1.6129      1.569      2.275    21.3380   997.9423 0.0000e+00
      1.607      0.027     4.2647     68.514     28.508  26.421462     5.6095      7.203   231.8950 5.2919e+01     1.6342      1.576      2.285    21.3378   997.9424 0.0000e+00
      1.614      0.029     4.2583     68.503     28.508  26.421356     5.6605      7.202   231.9532 5.3521e+01     1.6137      1.583      2.296    21.3367   997.9427 0.0000e+00
      1.621      0.034     4.2503     68.499     28.519  26.431737     5.6760      7.200   232.0503 5.4235e+01     1.5945      1.590      2.306    21.3358   997.9429 0.0000e+00
      1.629      0.038     4.2471     68.489     28.507  26.420098     5.6762      7.196   232.1225 5.4826e+01     1.5978      1.596      2.316    21.3360   997.9429 0.0000e+00
      1.639      0.042     4.2451     68.464     28.493  26.407516     5.6714      7.191   232.1379 5.5248e+01     1.5883      1.606      2.330    21.3360   997.9429 0.0000e+00
      1.651      0.044     4.2447     68.432     28.492  26.406485     5.6526      7.188   232.1505 5.5520e+01     1.5775      1.618      2.347    21.3353   997.9431 0.0000e+00
      1.666      0.045     4.2448     68.401     28.493  26.407639     5.6386      7.186   232.1899 5.5710e+01     1.5657      1.635      2.370    21.3350   997.9433 0.0000e+00
      1.680      0.045     4.2445     68.361     28.508  26.421462     5.6241      7.184   232.1830 5.5940e+01     1.5770      1.649      2.392    21.3350   997.9433 0.0000e+00
      1.690      0.044     4.2430     68.326     28.535  26.446733     5.5989      7.182   232.1540 5.6134e+01     1.6156      1.657      2.404    21.3348   997.9434 0.0000e+00
      1.700      0.042     4.2400     68.300     28.549  26.459430     5.5767      7.180   232.1831 5.6247e+01     1.6393      1.666      2.417    21.3352   997.9434 0.0000e+00
      1.710      0.040     4.2393     68.249     28.536  26.448095     5.5722      7.179   232.2769 5.6349e+01     1.6343      1.676      2.432    21.3354   997.9433 0.0000e+00
      1.720      0.038     4.2360     68.192     28.524  26.436570     5.5708      7.179   232.3418 5.6426e+01     1.5887      1.686      2.445    21.3348   997.9435 0.0000e+00
      1.730      0.038     4.2332     68.172     28.534  26.446962     5.5687      7.180   232.2791 5.6497e+01     1.5465      1.696      2.460    21.3348   997.9436 0.0000e+00
      1.739      0.039     4.2336     68.197     28.534  26.446858     5.5629      7.180   232.2066 5.6570e+01     1.5491      1.707      2.474    21.3354   997.9435 0.0000e+00
      1.748      0.040     4.2295     68.250     28.522  26.435313     5.5362      7.176   232.2395 5.6564e+01     1.5546      1.715      2.486    21.3361   997.9434 0.0000e+00
      1.758      0.042     4.2243     68.302     28.522  26.434256     5.5053      7.172   232.3333 5.6527e+01     1.5486      1.724      2.500    21.3365   997.9433 0.0000e+00
      1.769      0.044     4.2234     68.352     28.522  26.434066     5.5013      7.168   232.3934 5.6522e+01     1.5738      1.735      2.516    21.3365   997.9434 0.0000e+00
      1.780      0.047     4.2249     68.392     28.521  26.433017     5.5663      7.166   232.4505 5.6470e+01     1.6626      1.745      2.531    21.3363   997.9435 0.0000e+00
      1.793      0.049     4.2297     68.403     28.510  26.421577     5.6845      7.163   232.5077 5.6399e+01     1.7702      1.758      2.550    21.3359   997.9436 0.0000e+00
      1.807      0.050     4.2322     68.383     28.511  26.422627     5.7512      7.161   232.4827 5.6356e+01     1.7934      1.772      2.570    21.3355   997.9438 0.0000e+00
      1.820      0.050     4.2356     68.328     28.536  26.445715     5.7492      7.159   232.4063 5.6277e+01     1.7799      1.784      2.587    21.3348   997.9440 0.0000e+00
      1.833      0.049     4.2392     68.258     28.538  26.446963     5.7460      7.157   232.3586 5.6188e+01     1.8034      1.798      2.608    21.3334   997.9443 0.0000e+00
