Data/DataNotYetUploadedToEDI/Raw_CTD/RawDownloads/100719_bvr_sedtrap.cnv
* Sea-Bird SBE19plus  Data File:
* FileName = C:\DATA\100719_bvr50_0002.hex
* Software version 2.8.0.119 SB_Terminal.dll
* Temperature SN = 7809
* Conductivity SN = 7809
* System UpLoad Time = Oct 07 2019 15:42:33
* <ApplicationData>
* <Seaterm232>
# nquan = 16
# nvalues = 963                         
# units = specified
# name 0 = depFM: Depth [fresh water, m]
# name 1 = dz/dtM: Descent Rate [m/s]
# name 2 = sbeox0ML/L: Oxygen, SBE 43 [ml/l]
# name 3 = sbeox0PS: Oxygen, SBE 43 [% saturation]
# name 4 = specc: Specific Conductance [uS/cm]
# name 5 = c0uS/cm: Conductivity [uS/cm]
# name 6 = flECO-AFL: Fluorescence, WET Labs ECO-AFL/FL [mg/m^3]
# name 7 = ph: pH
# name 8 = orp: Oxidation Reduction Potential [mV]
# name 9 = par/sat/log: PAR/Logarithmic, Satlantic
# name 10 = turbWETntu0: Turbidity, WET Labs ECO [NTU]
# name 11 = prdM: Pressure, Strain Gauge [db]
# name 12 = prdE: Pressure, Strain Gauge [psi]
# name 13 = tv290C: Temperature [ITS-90, deg C]
# name 14 = density00: Density [density, kg/m^3]
# name 15 = flag:  0.000e+00
# span 0 =     -0.469,      9.956       
# span 1 =     -0.010,      0.165       
# span 2 =     0.0078,     6.0889       
# span 3 =      0.190,     98.950       
# span 4 =     28.256,    246.984       
# span 5 =  26.382245, 168.942245       
# span 6 =     1.4560,    15.6331       
# span 7 =      6.303,      8.793       
# span 8 =  -108.9759,   323.4426       
# span 9 = 1.2354e-01, 1.0566e+03       
# span 10 =     1.3549,     5.8721      
# span 11 =     -0.474,      9.764      
# span 12 =     -0.688,     14.161      
# span 13 =     9.0854,    22.2550      
# span 14 =   997.7267,   999.9097      
# span 15 = 0.0000e+00, 0.0000e+00      
# interval = seconds: 0.25
# start_time = Oct 07 2019 13:37:22 [Instrument's time stamp, header]
# bad_flag = -9.990e-29
*END*
[from data line 452]
      2.804      0.034     4.2923     69.306     28.519  26.417900     6.1068      7.041   234.8065 2.0437e+01     1.8895      2.749      3.988    21.3104   997.9537 0.0000e+00
      2.809      0.034     4.2946     69.271     28.522  26.420103     6.1123      7.040   234.9230 2.0262e+01     1.8655      2.755      3.995    21.3110   997.9536 0.0000e+00
      2.816      0.036     4.2958     69.239     28.523  26.421361     6.1323      7.039   235.0603 2.0042e+01     1.8375      2.761      4.005    21.3114   997.9536 0.0000e+00
      2.825      0.041     4.2981     69.219     28.537  26.433115     6.1575      7.038   235.1759 1.9767e+01     1.8461      2.769      4.018    21.3111   997.9537 0.0000e+00
      2.837      0.046     4.2978     69.213     28.540  26.435327     6.1743      7.037   235.2022 1.9460e+01     1.8713      2.781      4.034    21.3109   997.9538 0.0000e+00
      2.850      0.051     4.2942     69.218     28.555  26.448101     6.1882      7.036   235.1203 1.9132e+01     1.8797      2.795      4.053    21.3107   997.9539 0.0000e+00
      2.865      0.055     4.2923     69.200     28.570  26.460685     6.2037      7.035   235.1323 1.8797e+01     1.8492      2.809      4.073    21.3100   997.9542 0.0000e+00
      2.880      0.057     4.2914     69.146     28.571  26.460591     6.2143      7.033   235.2613 1.8489e+01     1.7970      2.824      4.096    21.3088   997.9544 0.0000e+00
      2.895      0.058     4.2906     69.060     28.558  26.446969     6.2209      7.030   235.3043 1.8224e+01     1.7739      2.839      4.117    21.3073   997.9548 0.0000e+00
      2.910      0.057     4.2925     68.906     28.534  26.422860     6.2324      7.028   235.3068 1.7950e+01     1.7989      2.853      4.138    21.3061   997.9552 0.0000e+00
      2.925      0.055     4.2918     68.677     28.536  26.422851     6.2488      7.027   235.3782 1.7659e+01     1.8368      2.869      4.161    21.3048   997.9555 0.0000e+00
      2.939      0.054     4.2875     68.388     28.563  26.446866     6.2636      7.026   235.3932 1.7413e+01     1.8715      2.884      4.182    21.3020   997.9562 0.0000e+00
      2.952      0.052     4.2843     68.046     28.578  26.459449     6.2899      7.024   235.4013 1.7207e+01     1.8914      2.894      4.198    21.2989   997.9570 0.0000e+00
      2.964      0.050     4.2748     67.655     28.568  26.448114     6.3404      7.023   235.4765 1.6982e+01     1.8479      2.906      4.214    21.2963   997.9576 0.0000e+00
      2.977      0.047     4.2605     67.250     28.556  26.436694     6.3893      7.023   235.4427 1.6714e+01     1.7709      2.919      4.233    21.2931   997.9584 0.0000e+00
      2.989      0.043     4.2426     66.872     28.569  26.448239     6.4040      7.025   235.3368 1.6456e+01     1.7484      2.931      4.252    21.2904   997.9590 0.0000e+00
      3.000      0.039     4.2219     66.521     28.583  26.460833     6.4054      7.027   235.3138 1.6257e+01     1.8040      2.943      4.269    21.2878   997.9596 0.0000e+00
      3.010      0.036     4.1971     66.185     28.584  26.462080     6.4237      7.028   235.3371 1.6120e+01     1.8530      2.953      4.282    21.2853   997.9602 0.0000e+00
      3.018      0.032     4.1702     65.868     28.585  26.463318     6.4524      7.028   235.3600 1.6024e+01     1.8173      2.961      4.293    21.2846   997.9604 0.0000e+00
      3.024      0.031     4.1477     65.595     28.600  26.475807     6.4662      7.029   235.4185 1.5930e+01     1.7658      2.966      4.302    21.2837   997.9606 0.0000e+00
      3.030      0.031     4.1259     65.372     28.613  26.486199     6.4602      7.031   235.4426 1.5823e+01     1.7871      2.971      4.309    21.2826   997.9609 0.0000e+00
      3.038      0.033     4.1054     65.183     28.589  26.462082     6.4586      7.031   235.3931 1.5699e+01     1.8448      2.979      4.321    21.2830   997.9609 0.0000e+00
      3.046      0.037     4.0845     65.015     28.564  26.437964     6.4811      7.029   235.4222 1.5565e+01     1.8414      2.987      4.332    21.2833   997.9608 0.0000e+00
      3.056      0.039     4.0676     64.841     28.576  26.448354     6.5151      7.028   235.5358 1.5409e+01     1.8112      2.996      4.345    21.2824   997.9610 0.0000e+00
      3.068      0.041     4.0548     64.630     28.591  26.460834     6.5317      7.029   235.6489 1.5203e+01     1.8074      3.009      4.364    21.2799   997.9616 0.0000e+00
      3.082      0.042     4.0432     64.370     28.592  26.461968     6.5343      7.026   235.7565 1.5008e+01     1.7957      3.023      4.384    21.2759   997.9625 0.0000e+00
      3.092      0.042     4.0340     64.092     28.592  26.462071     6.5464      7.018   235.8902 1.4881e+01     1.8012      3.034      4.401    21.2731   997.9632 0.0000e+00
      3.100      0.041     4.0237     63.836     28.592  26.462081     6.5657      7.013   235.9749 1.4774e+01     1.8075      3.041      4.409    21.2713   997.9637 0.0000e+00
      3.109      0.039     4.0116     63.635     28.592  26.462084     6.5684      7.014   235.9209 1.4628e+01     1.8070      3.048      4.421    21.2699   997.9640 0.0000e+00
      3.120      0.037     3.9942     63.515     28.592  26.462099     6.5701      7.018   235.9256 1.4478e+01     1.8277      3.060      4.439    21.2700   997.9641 0.0000e+00
      3.131      0.036     3.9760     63.451     28.592  26.462266     6.6125      7.023   236.1178 1.4361e+01     1.8278      3.071      4.454    21.2702   997.9641 0.0000e+00
      3.140      0.036     3.9600     63.418     28.595  26.464101     6.6735      7.026   236.3517 1.4244e+01     1.8088      3.079      4.466    21.2699   997.9642 0.0000e+00
      3.148      0.035     3.9460     63.440     28.618  26.484276     6.7000      7.028   236.5168 1.4121e+01     1.7945      3.087      4.477    21.2703   997.9641 0.0000e+00
      3.156      0.033     3.9395     63.497     28.653  26.515877     6.6904      7.029   236.5656 1.3991e+01     1.7860      3.096      4.490    21.2706   997.9641 0.0000e+00
      3.165      0.032     3.9367     63.521     28.668  26.528984     6.6533      7.029   236.5974 1.3846e+01     1.8048      3.103      4.500    21.2696   997.9643 0.0000e+00
      3.173      0.031     3.9333     63.478     28.656  26.515879     6.6071      7.027   236.6432 1.3706e+01     1.8249      3.111      4.512    21.2683   997.9647 0.0000e+00
      3.181      0.029     3.9351     63.360     28.622  26.484293     6.5831      7.027   236.6030 1.3584e+01     1.7991      3.120      4.525    21.2672   997.9650 0.0000e+00
      3.190      0.029     3.9413     63.185     28.602  26.464284     6.5796      7.027   236.6279 1.3484e+01     1.7884      3.129      4.537    21.2659   997.9653 0.0000e+00
      3.196      0.030     3.9431     62.992     28.602  26.464271     6.6085      7.024   236.7721 1.3399e+01     1.8259      3.134      4.545    21.2637   997.9658 0.0000e+00
      3.201      0.031     3.9410     62.795     28.625  26.484139     6.6634      7.006   236.8835 1.3307e+01     1.8598      3.138      4.551    21.2610   997.9664 0.0000e+00
      3.207      0.034     3.9336     62.589     28.659  26.514179     6.6972      6.981   236.8566 1.3185e+01     1.8379      3.144      4.560    21.2594   997.9668 0.0000e+00
      3.216      0.039     3.9213     62.391     28.657  26.510284     6.7047      6.980   236.7903 1.3037e+01     1.7901      3.153      4.574    21.2587   997.9670 0.0000e+00
      3.228      0.043     3.9093     62.217     28.649  26.500481     6.6942      6.994   236.8559 1.2862e+01     1.8062      3.165      4.590    21.2577   997.9672 0.0000e+00
      3.241      0.045     3.8976     62.038     28.675  26.522536     6.6386      7.001   236.9614 1.2650e+01     1.8364      3.179      4.610    21.2563   997.9675 0.0000e+00
      3.255      0.045     3.8846     61.815     28.678  26.523176     6.5613      7.005   236.9480 1.2451e+01     1.8271      3.192      4.630    21.2538   997.9682 0.0000e+00
      3.269      0.043     3.8716     61.535     28.663  26.508216     6.5229      7.001   236.8660 1.2306e+01     1.7925      3.206      4.650    21.2499   997.9692 0.0000e+00
      3.279      0.040     3.8622     61.200     28.689  26.531970     6.5119      6.993   236.9160 1.2216e+01     1.7454      3.217      4.665    21.2459   997.9701 0.0000e+00
      3.287      0.039     3.8525     60.815     28.715  26.556628     6.4980      6.996   237.0371 1.2132e+01     1.8146      3.223      4.675    21.2418   997.9710 0.0000e+00
      3.294      0.040     3.8393     60.410     28.711  26.552588     6.4854      7.006   237.0391 1.2023e+01     1.9737      3.230      4.685    21.2377   997.9720 0.0000e+00
      3.302      0.041     3.8216     60.061     28.706  26.546558     6.4719      7.011   237.0270 1.1914e+01     2.0307      3.238      4.696    21.2361   997.9723 0.0000e+00
      3.312      0.044     3.8008     59.824     28.709  26.547159     6.4553      7.012   237.0625 1.1785e+01     2.0126      3.247      4.710    21.2362   997.9723 0.0000e+00
      3.327      0.048     3.7766     59.661     28.726  26.559849     6.4674      7.012   237.1244 1.1615e+01     1.9516      3.261      4.730    21.2369   997.9722 0.0000e+00
      3.342      0.050     3.7493     59.501     28.742  26.573105     6.5056      7.010   237.2580 1.1459e+01     1.8496      3.278      4.754    21.2374   997.9723 0.0000e+00
      3.355      0.050     3.7261     59.286     28.752  26.580560     6.5263      7.007   237.3878 1.1323e+01     1.8282      3.290      4.772    21.2340   997.9730 0.0000e+00
      3.368      0.048     3.7130     58.966     28.760  26.586538     6.5275      7.002   237.4897 1.1173e+01     1.8562      3.303      4.791    21.2292   997.9741 0.0000e+00
      3.382      0.046     3.7051     58.536     28.757  26.581933     6.5202      6.994   237.6298 1.1050e+01     1.8941      3.317      4.811    21.2254   997.9751 0.0000e+00
      3.392      0.046     3.6962     58.035     28.765  26.588332     6.5071      6.984   237.7903 1.0984e+01     1.9911      3.327      4.825    21.2217   997.9759 0.0000e+00
      3.400      0.048     3.6848     57.515     28.780  26.600453     6.4986      6.978   237.8827 1.0909e+01     2.0461      3.333      4.835    21.2186   997.9766 0.0000e+00
      3.410      0.051     3.6653     57.038     28.785  26.601608     6.4964      6.978   237.8866 1.0775e+01     2.0343      3.343      4.848    21.2152   997.9774 0.0000e+00
      3.425      0.054     3.6374     56.639     28.790  26.602291     6.4719      6.981   237.9228 1.0610e+01     2.0453      3.358      4.870    21.2130   997.9779 0.0000e+00
      3.441      0.056     3.6056     56.283     28.800  26.608707     6.4272      6.982   238.0625 1.0440e+01     2.0813      3.374      4.894    21.2116   997.9784 0.0000e+00
      3.459      0.056     3.5719     55.896     28.810  26.615733     6.4075      6.981   238.1988 1.0272e+01     2.1081      3.392      4.920    21.2086   997.9791 0.0000e+00
      3.475      0.053     3.5413     55.414     28.821  26.623808     6.4066      6.981   238.1939 1.0133e+01     2.0744      3.409      4.943    21.2033   997.9803 0.0000e+00
      3.488      0.047     3.5184     54.847     28.844  26.642895     6.3991      6.981   238.1758 1.0028e+01     2.0016      3.421      4.961    21.1952   997.9822 0.0000e+00
      3.498      0.039     3.4982     54.262     28.860  26.656181     6.3433      6.981   238.3241 9.9349e+00     1.9489      3.432      4.977    21.1896   997.9835 0.0000e+00
      3.508      0.033     3.4763     53.686     28.862  26.657564     6.2425      6.980   238.5245 9.8645e+00     1.8968      3.441      4.991    21.1869   997.9841 0.0000e+00
      3.514      0.030     3.4464     53.129     28.865  26.659608     6.1770      6.980   238.6195 9.8331e+00     1.8623      3.447      5.000    21.1837   997.9848 0.0000e+00
      3.518      0.030     3.4089     52.637     28.890  26.680896     6.1500      6.979   238.6986 9.8209e+00     1.8603      3.450      5.004    21.1793   997.9858 0.0000e+00
      3.522      0.032     3.3727     52.248     28.943  26.724636     6.1155      6.975   238.8781 9.7839e+00     1.9044      3.453      5.008    21.1752   997.9867 0.0000e+00
      3.530      0.036     3.3371     51.938     28.973  26.744361     6.0729      6.971   238.9831 9.6909e+00     2.0028      3.460      5.018    21.1757   997.9866 0.0000e+00
      3.542      0.039     3.3009     51.619     28.966  26.729054     6.0513      6.969   238.9360 9.5757e+00     2.0674      3.474      5.038    21.1775   997.9863 0.0000e+00
      3.557      0.041     3.2693     51.158     28.976  26.729871     6.0358      6.967   238.9965 9.4664e+00     2.0629      3.489      5.060    21.1733   997.9872 0.0000e+00
      3.570      0.041     3.2467     50.482     29.011  26.754231     5.8591      6.965   239.1981 9.3558e+00     2.0458      3.502      5.079    21.1624   997.9898 0.0000e+00
      3.580      0.040     3.2300     49.632     29.034  26.769806     5.5364      6.963   239.3094 9.2731e+00     2.0575      3.512      5.093    21.1485   997.9929 0.0000e+00
      3.587      0.038     3.2146     48.666     29.061  26.791294     5.3591      6.962   239.3097 9.2076e+00     2.0734      3.518      5.101    21.1333   997.9962 0.0000e+00
      3.595      0.038     3.1897     47.674     29.101  26.823705     5.3285      6.960   239.3741 9.1313e+00     2.0735      3.525      5.113    21.1182   997.9995 0.0000e+00
      3.604      0.039     3.1454     46.762     29.130  26.844480     5.2359      6.957   239.5718 9.0594e+00     2.0598      3.535      5.127    21.1041   998.0027 0.0000e+00
      3.614      0.042     3.0930     45.964     29.148  26.852143     5.0713      6.947   239.8076 8.9701e+00     2.0380      3.543      5.139    21.0941   998.0048 0.0000e+00
      3.625      0.045     3.0314     45.326     29.159  26.852903     4.9777      6.936   239.9876 8.8482e+00     2.0397      3.554      5.154    21.0886   998.0061 0.0000e+00
      3.638      0.047     2.9659     44.834     29.169  26.853653     4.9621      6.935   240.1133 8.7131e+00     2.0478      3.568      5.175    21.0838   998.0072 0.0000e+00
      3.651      0.049     2.9108     44.339     29.184  26.861210     4.8131      6.940   240.2088 8.5815e+00     2.0703      3.581      5.195    21.0736   998.0095 0.0000e+00
      3.663      0.051     2.8601     43.761     29.210  26.880822     4.5192      6.942   240.3684 8.4549e+00     2.1478      3.592      5.210    21.0562   998.0134 0.0000e+00
      3.676      0.052     2.8203     43.158     29.236  26.900442     4.3482      6.942   240.5808 8.3395e+00     2.2308      3.604      5.228    21.0400   998.0169 0.0000e+00
      3.690      0.052     2.7956     42.541     29.251  26.908099     4.3321      6.942   240.6250 8.2463e+00     2.2869      3.619      5.248    21.0267   998.0199 0.0000e+00
      3.704      0.053     2.7680     41.895     29.259  26.909944     4.3164      6.941   240.6455 8.1530e+00     2.3024      3.632      5.268    21.0156   998.0223 0.0000e+00
      3.717      0.055     2.7287     41.246     29.278  26.922747     4.0452      6.939   240.7425 8.0448e+00     2.2548      3.645      5.287    21.0077   998.0241 0.0000e+00
      3.731      0.058     2.6920     40.615     29.297  26.936014     3.5418      6.935   240.7647 7.9392e+00     2.2357      3.659      5.308    21.0007   998.0258 0.0000e+00
      3.745      0.060     2.6553     40.048     29.311  26.943461     3.2670      6.930   240.8282 7.8342e+00     2.3002      3.672      5.326    20.9916   998.0278 0.0000e+00
      3.760      0.062     2.6135     39.558     29.326  26.949334     3.2188      6.926   240.9947 7.7109e+00     2.3462      3.687      5.347    20.9808   998.0301 0.0000e+00
      3.777      0.062     2.5743     39.095     29.327  26.943578     3.0290      6.923   241.2282 7.5838e+00     2.3010      3.704      5.373    20.9733   998.0319 0.0000e+00
