Data/DataNotYetUploadedToEDI/Raw_CTD/RawDownloads/100719_bvr50.cnv
* Sea-Bird SBE19plus  Data File:
* FileName = C:\DATA\100719_bvr50_0003.hex
* Software version 2.8.0.119 SB_Terminal.dll
* Temperature SN = 7809
* Conductivity SN = 7809
* System UpLoad Time = Oct 07 2019 15:43:19
* <ApplicationData>
* <Seaterm232>
# nquan = 16
# nvalues = 1540                        
# units = specified
# name 0 = depFM: Depth [fresh water, m]
# name 1 = dz/dtM: Descent Rate [m/s]
# name 2 = sbeox0ML/L: Oxygen, SBE 43 [ml/l]
# name 3 = sbeox0PS: Oxygen, SBE 43 [% saturation]
# name 4 = specc: Specific Conductance [uS/cm]
# name 5 = c0uS/cm: Conductivity [uS/cm]
# name 6 = flECO-AFL: Fluorescence, WET Labs ECO-AFL/FL [mg/m^3]
# name 7 = ph: pH
# name 8 = orp: Oxidation Reduction Potential [mV]
# name 9 = par/sat/log: PAR/Logarithmic, Satlantic
# name 10 = turbWETntu0: Turbidity, WET Labs ECO [NTU]
# name 11 = prdM: Pressure, Strain Gauge [db]
# name 12 = prdE: Pressure, Strain Gauge [psi]
# name 13 = tv290C: Temperature [ITS-90, deg C]
# name 14 = density00: Density [density, kg/m^3]
# name 15 = flag:  0.000e+00
# span 0 =     -0.538,      9.776       
# span 1 =     -0.192,      0.130       
# span 2 =     0.0110,     6.1297       
# span 3 =      0.247,    100.134       
# span 4 =     27.917,    204.199       
# span 5 =  26.350669, 139.859839       
# span 6 =     0.9509,    13.4939       
# span 7 =      6.248,      8.868       
# span 8 =  -131.8259,   220.5355       
# span 9 = 1.2351e-01, 6.3334e+02       
# span 10 =     1.3300,     3.3840      
# span 11 =     -0.536,      9.588      
# span 12 =     -0.777,     13.906      
# span 13 =     9.2004,    24.3455      
# span 14 =   997.2231,   999.8883      
# span 15 = 0.0000e+00, 0.0000e+00      
# interval = seconds: 0.25
# start_time = Oct 07 2019 15:24:10 [Instrument's time stamp, header]
# bad_flag = -9.990e-29
*END*
[from data line 1356]
      8.611      0.033     0.0440      0.548    168.727 117.130509     1.4653      6.511  -103.2945 1.2364e-01     2.3873      8.445     12.248     9.7312   999.8274 0.0000e+00
      8.620      0.032     0.0429      0.542    168.919 117.237994     1.4604      6.512  -103.3865 1.2360e-01     2.3921      8.454     12.262     9.7336   999.8273 0.0000e+00
      8.628      0.030     0.0404      0.546    169.018 117.288946     1.4800      6.512  -103.6135 1.2359e-01     2.3625      8.461     12.272     9.7309   999.8276 0.0000e+00
      8.633      0.028     0.0447      0.561    169.048 117.300442     1.5117      6.513  -103.9730 1.2363e-01     2.2916      8.466     12.279     9.7177   999.8288 0.0000e+00
      8.639      0.026     0.0436      0.580    169.169 117.376977     1.5235      6.514  -104.3788 1.2367e-01     2.2565      8.472     12.287     9.7062   999.8298 0.0000e+00
      8.646      0.026     0.0424      0.584    169.382 117.513293     1.5179      6.515  -104.7342 1.2368e-01     2.2645      8.479     12.297     9.6998   999.8305 0.0000e+00
      8.653      0.027     0.0434      0.568    169.626 117.674030     1.5134      6.515  -105.0002 1.2370e-01     2.2575      8.485     12.307     9.6934   999.8311 0.0000e+00
      8.659      0.029     0.0439      0.553    169.896 117.854643     1.5123      6.516  -105.2721 1.2373e-01     2.2048      8.491     12.315     9.6921   999.8312 0.0000e+00
      8.666      0.031     0.0472      0.568    170.182 118.040077     1.5130      6.517  -105.6124 1.2366e-01     2.1520      8.498     12.325     9.6910   999.8314 0.0000e+00
      8.675      0.034     0.0467      0.588    170.438 118.195340     1.5140      6.517  -105.8452 1.2361e-01     2.1434      8.507     12.339     9.6858   999.8320 0.0000e+00
      8.683      0.036     0.0458      0.580    170.590 118.266073     1.4982      6.517  -105.9359 1.2367e-01     2.1664      8.515     12.351     9.6838   999.8323 0.0000e+00
      8.693      0.037     0.0425      0.563    170.637 118.257945     1.4781      6.517  -106.0207 1.2366e-01     2.2011      8.524     12.363     9.6832   999.8325 0.0000e+00
      8.704      0.037     0.0448      0.547    170.723 118.288217     1.4702      6.518  -106.0957 1.2355e-01     2.2343      8.536     12.379     9.6787   999.8330 0.0000e+00
      8.714      0.037     0.0487      0.542    170.869 118.377129     1.4635      6.519  -106.1548 1.2356e-01     2.2402      8.547     12.397     9.6733   999.8336 0.0000e+00
      8.724      0.036     0.0457      0.556    170.966 118.440700     1.4756      6.519  -106.2198 1.2366e-01     2.2402      8.556     12.409     9.6628   999.8346 0.0000e+00
      8.732      0.034     0.0452      0.561    171.035 118.483260     1.5035      6.520  -106.3646 1.2366e-01     2.2674      8.563     12.419     9.6479   999.8358 0.0000e+00
      8.740      0.031     0.0434      0.550    171.085 118.509323     1.5145      6.521  -106.5294 1.2363e-01     2.2731      8.570     12.430     9.6387   999.8367 0.0000e+00
      8.748      0.029     0.0420      0.536    171.080 118.500878     1.5135      6.523  -106.6633 1.2361e-01     2.2434      8.580     12.444     9.6365   999.8370 0.0000e+00
      8.756      0.029     0.0452      0.541    171.091 118.508620     1.5165      6.524  -106.8647 1.2361e-01     2.2699      8.588     12.455     9.6366   999.8370 0.0000e+00
      8.761      0.030     0.0450      0.567    171.148 118.539194     1.5167      6.524  -107.0718 1.2361e-01     2.3962      8.592     12.462     9.6353   999.8372 0.0000e+00
      8.767      0.030     0.0438      0.580    171.197 118.551869     1.5071      6.525  -107.1891 1.2362e-01     2.4923      8.597     12.469     9.6319   999.8376 0.0000e+00
      8.776      0.030     0.0422      0.570    171.276 118.598117     1.4959      6.526  -107.2502 1.2362e-01     2.4816      8.605     12.481     9.6296   999.8378 0.0000e+00
      8.786      0.031     0.0417      0.572    171.436 118.715958     1.4936      6.526  -107.3805 1.2362e-01     2.3977      8.616     12.497     9.6324   999.8376 0.0000e+00
      8.795      0.031     0.0460      0.582    171.617 118.829490     1.4888      6.527  -107.6455 1.2364e-01     2.2969      8.625     12.510     9.6307   999.8378 0.0000e+00
      8.802      0.030     0.0473      0.569    171.762 118.887347     1.4725      6.528  -107.9591 1.2368e-01     2.2466      8.632     12.520     9.6203   999.8387 0.0000e+00
      8.809      0.028     0.0448      0.560    171.850 118.905590     1.4612      6.529  -108.1607 1.2368e-01     2.2481      8.639     12.531     9.6159   999.8391 0.0000e+00
      8.816      0.026     0.0444      0.564    171.912 118.922540     1.4469      6.529  -108.2772 1.2367e-01     2.2499      8.647     12.541     9.6245   999.8385 0.0000e+00
      8.823      0.025     0.0483      0.551    171.998 118.964796     1.4214      6.530  -108.5072 1.2367e-01     2.2353      8.652     12.549     9.6235   999.8387 0.0000e+00
      8.829      0.024     0.0449      0.543    172.114 119.034085     1.4039      6.531  -108.8761 1.2367e-01     2.2358      8.658     12.558     9.6047   999.8403 0.0000e+00
      8.834      0.023     0.0433      0.546    172.253 119.122960     1.4005      6.531  -109.2961 1.2365e-01     2.2221      8.663     12.565     9.5908   999.8415 0.0000e+00
      8.840      0.023     0.0468      0.555    172.395 119.210810     1.4154      6.532  -109.7140 1.2365e-01     2.2015      8.669     12.573     9.5855   999.8420 0.0000e+00
      8.846      0.024     0.0428      0.575    172.499 119.267708     1.4446      6.533  -110.0565 1.2367e-01     2.2166      8.675     12.582     9.5803   999.8425 0.0000e+00
      8.853      0.025     0.0430      0.586    172.564 119.301015     1.4594      6.534  -110.2538 1.2367e-01     2.2403      8.681     12.591     9.5773   999.8428 0.0000e+00
      8.858      0.026     0.0437      0.577    172.652 119.358568     1.4638      6.534  -110.2930 1.2367e-01     2.2589      8.687     12.599     9.5762   999.8430 0.0000e+00
      8.864      0.027     0.0434      0.562    172.801 119.453690     1.5150      6.534  -110.2724 1.2368e-01     2.3434      8.692     12.607     9.5732   999.8433 0.0000e+00
      8.872      0.028     0.0463      0.556    172.981 119.558821     1.6020      6.535  -110.2624 1.2368e-01     2.4428      8.700     12.619     9.5680   999.8438 0.0000e+00
      8.881      0.029     0.0474      0.546    173.177 119.673634     1.6486      6.535  -110.2589 1.2368e-01     2.4441      8.710     12.632     9.5630   999.8443 0.0000e+00
      8.888      0.030     0.0463      0.533    173.419 119.822083     1.6535      6.535  -110.3162 1.2365e-01     2.4573      8.717     12.642     9.5646   999.8442 0.0000e+00
      8.895      0.031     0.0442      0.527    173.634 119.951473     1.6441      6.536  -110.3529 1.2364e-01     2.5050      8.723     12.651     9.5638   999.8443 0.0000e+00
      8.902      0.031     0.0449      0.537    173.769 120.027058     1.5862      6.538  -110.2728 1.2368e-01     2.4637      8.730     12.661     9.5556   999.8452 0.0000e+00
      8.910      0.032     0.0434      0.556    173.895 120.098588     1.4911      6.539  -110.2075 1.2372e-01     2.3837      8.738     12.673     9.5499   999.8457 0.0000e+00
      8.919      0.032     0.0426      0.560    174.035 120.178946     1.4478      6.539  -110.2519 1.2370e-01     2.3897      8.747     12.686     9.5448   999.8463 0.0000e+00
      8.928      0.031     0.0414      0.556    174.135 120.233790     1.4532      6.539  -110.2931 1.2367e-01     2.4378      8.755     12.698     9.5390   999.8469 0.0000e+00
      8.936      0.030     0.0422      0.556    174.175 120.251771     1.4695      6.540  -110.1897 1.2367e-01     2.4412      8.764     12.710     9.5339   999.8474 0.0000e+00
      8.944      0.028     0.0454      0.559    174.208 120.268873     1.4979      6.541  -110.0332 1.2366e-01     2.4634      8.772     12.722     9.5298   999.8478 0.0000e+00
      8.951      0.027     0.0448      0.558    174.279 120.313087     1.5111      6.541  -110.0359 1.2368e-01     2.5096      8.778     12.732     9.5250   999.8483 0.0000e+00
      8.956      0.026     0.0442      0.562    174.418 120.403913     1.5071      6.541  -110.1371 1.2371e-01     2.5086      8.782     12.739     9.5199   999.8488 0.0000e+00
      8.962      0.026     0.0440      0.564    174.622 120.538444     1.4924      6.541  -110.2234 1.2375e-01     2.4507      8.788     12.746     9.5178   999.8490 0.0000e+00
      8.968      0.027     0.0452      0.552    174.822 120.664909     1.4725      6.541  -110.3044 1.2376e-01     2.3336      8.795     12.756     9.5169   999.8491 0.0000e+00
      8.976      0.029     0.0442      0.545    174.926 120.721921     1.4662      6.541  -110.3425 1.2371e-01     2.2396      8.802     12.766     9.5150   999.8493 0.0000e+00
      8.984      0.030     0.0446      0.550    174.939 120.717844     1.4593      6.542  -110.3409 1.2364e-01     2.2324      8.810     12.778     9.5136   999.8495 0.0000e+00
      8.992      0.030     0.0460      0.551    174.987 120.743081     1.4322      6.543  -110.3709 1.2362e-01     2.2464      8.818     12.790     9.5128   999.8497 0.0000e+00
      9.001      0.029     0.0438      0.556    175.125 120.835834     1.3987      6.545  -110.4474 1.2363e-01     2.2446      8.827     12.802     9.5091   999.8501 0.0000e+00
      9.008      0.029     0.0427      0.566    175.383 121.010685     1.3847      6.545  -110.4044 1.2363e-01     2.2442      8.834     12.813     9.5040   999.8505 0.0000e+00
      9.014      0.029     0.0445      0.559    175.765 121.263667     1.3832      6.545  -110.2817 1.2369e-01     2.2415      8.841     12.822     9.5001   999.8510 0.0000e+00
      9.020      0.030     0.0440      0.549    176.004 121.408710     1.3902      6.546  -110.2546 1.2373e-01     2.2446      8.845     12.828     9.4974   999.8512 0.0000e+00
      9.027      0.031     0.0436      0.549    175.964 121.362056     1.4082      6.546  -110.2487 1.2366e-01     2.2815      8.851     12.838     9.4976   999.8513 0.0000e+00
      9.037      0.031     0.0466      0.544    175.938 121.336971     1.4190      6.546  -110.2103 1.2361e-01     2.2945      8.862     12.853     9.4977   999.8514 0.0000e+00
      9.047      0.032     0.0446      0.543    176.158 121.487858     1.4167      6.546  -110.1351 1.2363e-01     2.2705      8.873     12.869     9.4950   999.8518 0.0000e+00
      9.055      0.033     0.0431      0.549    176.509 121.720347     1.4062      6.547  -110.0273 1.2365e-01     2.2537      8.881     12.881     9.4882   999.8526 0.0000e+00
      9.062      0.033     0.0447      0.558    176.731 121.853231     1.3957      6.548  -109.9391 1.2366e-01     2.2218      8.887     12.889     9.4808   999.8531 0.0000e+00
      9.070      0.033     0.0430      0.564    176.797 121.883413     1.3940      6.549  -110.0159 1.2364e-01     2.2128      8.894     12.899     9.4794   999.8532 0.0000e+00
      9.078      0.033     0.0432      0.569    176.912 121.957764     1.3944      6.548  -110.2669 1.2362e-01     2.2432      8.903     12.913     9.4818   999.8532 0.0000e+00
      9.087      0.032     0.0439      0.574    177.056 122.051020     1.3913      6.548  -110.3932 1.2363e-01     2.2612      8.912     12.927     9.4795   999.8536 0.0000e+00
      9.096      0.030     0.0447      0.562    177.078 122.054809     1.3914      6.548  -110.3387 1.2358e-01     2.2671      8.920     12.938     9.4712   999.8544 0.0000e+00
      9.106      0.027     0.0454      0.545    177.107 122.067314     1.3962      6.549  -110.3813 1.2354e-01     2.2492      8.930     12.951     9.4658   999.8548 0.0000e+00
      9.113      0.023     0.0449      0.538    177.209 122.138458     1.4059      6.550  -110.7363 1.2360e-01     2.2091      8.938     12.963     9.4666   999.8548 0.0000e+00
      9.118      0.020     0.0471      0.533    177.314 122.213830     1.4130      6.551  -111.3616 1.2367e-01     2.2084      8.942     12.970     9.4656   999.8551 0.0000e+00
      9.120      0.018     0.0449      0.526    177.409 122.277446     1.4121      6.551  -111.9189 1.2368e-01     2.2400      8.944     12.972     9.4604   999.8555 0.0000e+00
      9.122      0.018     0.0430      0.517    177.409 122.270185     1.4126      6.551  -112.3127 1.2365e-01     2.2628      8.946     12.975     9.4581   999.8556 0.0000e+00
      9.126      0.018     0.0432      0.521    177.391 122.253510     1.4108      6.551  -112.7670 1.2365e-01     2.2548      8.949     12.978     9.4592   999.8557 0.0000e+00
      9.132      0.019     0.0426      0.537    177.501 122.330808     1.3989      6.552  -113.1097 1.2362e-01     2.2428      8.955     12.988     9.4610   999.8556 0.0000e+00
      9.139      0.021     0.0423      0.549    177.661 122.439850     1.3900      6.553  -113.2736 1.2359e-01     2.2479      8.964     13.001     9.4607   999.8557 0.0000e+00
      9.144      0.021     0.0409      0.553    177.742 122.488265     1.3895      6.553  -113.4571 1.2360e-01     2.2510      8.969     13.008     9.4570   999.8560 0.0000e+00
      9.149      0.021     0.0412      0.553    177.819 122.533712     1.3930      6.554  -113.6078 1.2362e-01     2.2800      8.972     13.013     9.4555   999.8561 0.0000e+00
      9.154      0.020     0.0433      0.547    178.025 122.670607     1.3981      6.555  -113.8049 1.2364e-01     2.3039      8.977     13.021     9.4574   999.8560 0.0000e+00
      9.159      0.018     0.0443      0.549    178.233 122.804784     1.4071      6.555  -114.1201 1.2359e-01     2.2774      8.983     13.029     9.4577   999.8561 0.0000e+00
      9.164      0.018     0.0439      0.562    178.361 122.881111     1.4329      6.556  -114.4073 1.2355e-01     2.2549      8.988     13.035     9.4544   999.8564 0.0000e+00
      9.168      0.017     0.0447      0.560    178.489 122.955991     1.4592      6.556  -114.6105 1.2356e-01     2.2618      8.991     13.041     9.4519   999.8566 0.0000e+00
      9.173      0.016     0.0436      0.551    178.585 123.008929     1.4648      6.557  -114.9423 1.2359e-01     2.2623      8.996     13.047     9.4517   999.8568 0.0000e+00
      9.177      0.016     0.0429      0.549    178.601 123.011192     1.4488      6.558  -115.4068 1.2364e-01     2.2610      8.999     13.052     9.4487   999.8571 0.0000e+00
      9.180      0.017     0.0461      0.529    178.566 122.983343     1.4216      6.558  -115.7526 1.2362e-01     2.2455      9.002     13.057     9.4449   999.8574 0.0000e+00
      9.183      0.018     0.0450      0.511    178.669 123.054687     1.4044      6.559  -115.9398 1.2358e-01     2.2065      9.007     13.063     9.4415   999.8578 0.0000e+00
      9.188      0.020     0.0431      0.512    178.931 123.236322     1.4055      6.560  -116.0361 1.2359e-01     2.1821      9.010     13.068     9.4371   999.8582 0.0000e+00
      9.194      0.021     0.0453      0.507    179.068 123.330809     1.4088      6.561  -116.1429 1.2357e-01     2.1805      9.015     13.075     9.4344   999.8585 0.0000e+00
      9.200      0.022     0.0423      0.512    179.126 123.368414     1.4018      6.561  -116.1991 1.2357e-01     2.1873      9.022     13.085     9.4337   999.8585 0.0000e+00
      9.207      0.022     0.0392      0.536    179.237 123.435998     1.3986      6.561  -116.1986 1.2363e-01     2.1993      9.029     13.096     9.4341   999.8585 0.0000e+00
      9.212      0.021     0.0423      0.546    179.266 123.446728     1.3955      6.561  -116.3092 1.2366e-01     2.2260      9.035     13.104     9.4350   999.8587 0.0000e+00
      9.217      0.021     0.0399      0.550    179.328 123.498128     1.3907      6.561  -116.5036 1.2364e-01     2.2484      9.039     13.110     9.4345   999.8587 0.0000e+00
      9.221      0.022     0.0397      0.554    179.655 123.738744     1.3919      6.561  -116.6562 1.2363e-01     2.2406      9.043     13.115     9.4352   999.8587 0.0000e+00
