Data/DataNotYetUploadedToEDI/Raw_CTD/RawDownloads/100719_bvr_sedtrap.cnv
* Sea-Bird SBE19plus  Data File:
* FileName = C:\DATA\100719_bvr50_0002.hex
* Software version 2.8.0.119 SB_Terminal.dll
* Temperature SN = 7809
* Conductivity SN = 7809
* System UpLoad Time = Oct 07 2019 15:42:33
* <ApplicationData>
* <Seaterm232>
# nquan = 16
# nvalues = 963                         
# units = specified
# name 0 = depFM: Depth [fresh water, m]
# name 1 = dz/dtM: Descent Rate [m/s]
# name 2 = sbeox0ML/L: Oxygen, SBE 43 [ml/l]
# name 3 = sbeox0PS: Oxygen, SBE 43 [% saturation]
# name 4 = specc: Specific Conductance [uS/cm]
# name 5 = c0uS/cm: Conductivity [uS/cm]
# name 6 = flECO-AFL: Fluorescence, WET Labs ECO-AFL/FL [mg/m^3]
# name 7 = ph: pH
# name 8 = orp: Oxidation Reduction Potential [mV]
# name 9 = par/sat/log: PAR/Logarithmic, Satlantic
# name 10 = turbWETntu0: Turbidity, WET Labs ECO [NTU]
# name 11 = prdM: Pressure, Strain Gauge [db]
# name 12 = prdE: Pressure, Strain Gauge [psi]
# name 13 = tv290C: Temperature [ITS-90, deg C]
# name 14 = density00: Density [density, kg/m^3]
# name 15 = flag:  0.000e+00
# span 0 =     -0.469,      9.956       
# span 1 =     -0.010,      0.165       
# span 2 =     0.0078,     6.0889       
# span 3 =      0.190,     98.950       
# span 4 =     28.256,    246.984       
# span 5 =  26.382245, 168.942245       
# span 6 =     1.4560,    15.6331       
# span 7 =      6.303,      8.793       
# span 8 =  -108.9759,   323.4426       
# span 9 = 1.2354e-01, 1.0566e+03       
# span 10 =     1.3549,     5.8721      
# span 11 =     -0.474,      9.764      
# span 12 =     -0.688,     14.161      
# span 13 =     9.0854,    22.2550      
# span 14 =   997.7267,   999.9097      
# span 15 = 0.0000e+00, 0.0000e+00      
# interval = seconds: 0.25
# start_time = Oct 07 2019 13:37:22 [Instrument's time stamp, header]
# bad_flag = -9.990e-29
*END*
[from data line 633]
      5.255      0.054     0.0868      1.251     56.442  46.521180     2.0346      6.561   177.3588 9.1789e-01     2.3523      5.153      7.474    16.4580   998.9152 0.0000e+00
      5.270      0.051     0.0859      1.259     57.326  47.234095     2.0562      6.539   175.2196 9.1747e-01     2.4323      5.169      7.497    16.3870   998.9275 0.0000e+00
      5.282      0.050     0.0880      1.249     58.451  48.132719     2.0752      6.509   173.2508 9.2965e-01     2.4824      5.181      7.515    16.3064   998.9413 0.0000e+00
      5.291      0.051     0.0863      1.233     59.434  48.876176     2.0810      6.502   171.3645 9.3338e-01     2.4993      5.188      7.525    16.2282   998.9542 0.0000e+00
      5.300      0.054     0.0848      1.220     60.370  49.554435     2.0834      6.507   169.5335 9.0689e-01     2.5385      5.196      7.536    16.1979   998.9593 0.0000e+00
      5.313      0.060     0.0882      1.213     61.330  50.236045     2.0864      6.505   167.8048 8.6873e-01     2.5308      5.208      7.554    16.1992   998.9595 0.0000e+00
      5.331      0.067     0.0856      1.221     62.052  50.702249     2.0919      6.500   166.0357 8.3734e-01     2.4713      5.228      7.582    16.1858   998.9622 0.0000e+00
      5.351      0.073     0.0847      1.214     62.356  50.808405     2.0894      6.495   163.9752 8.1253e-01     2.4740      5.247      7.611    16.1214   998.9732 0.0000e+00
      5.371      0.077     0.0846      1.204     62.532  50.820720     2.0815      6.491   161.6480 7.9192e-01     2.4989      5.265      7.636    16.0409   998.9868 0.0000e+00
      5.393      0.079     0.0824      1.225     62.760  50.914509     2.0754      6.484   159.1490 7.7060e-01     2.5423      5.289      7.672    15.9588   999.0005 0.0000e+00
      5.415      0.079     0.0857      1.263     63.011  51.053024     2.0753      6.479   156.4742 7.4849e-01     2.6387      5.312      7.704    15.8582   999.0172 0.0000e+00
      5.434      0.078     0.0847      1.281     63.314  51.225020     2.0808      6.480   153.8281 7.1347e-01     2.6812      5.328      7.727    15.7354   999.0370 0.0000e+00
      5.453      0.074     0.0823      1.271     63.570  51.342500     2.0723      6.480   151.3328 6.7582e-01     2.6631      5.347      7.756    15.6164   999.0560 0.0000e+00
      5.473      0.068     0.0851      1.253     63.749  51.393512     2.0681      6.472   148.9318 6.5242e-01     2.6481      5.367      7.784    15.5499   999.0666 0.0000e+00
      5.492      0.062     0.0887      1.236     63.929  51.460569     2.0817      6.466   146.7380 6.3180e-01     2.6648      5.385      7.811    15.5127   999.0726 0.0000e+00
      5.508      0.057     0.0906      1.221     64.305  51.708538     2.0894      6.468   144.6835 6.1636e-01     2.7013      5.403      7.837    15.4563   999.0817 0.0000e+00
      5.519      0.054     0.0888      1.204     64.938  52.168344     2.0830      6.474   142.6750 6.1036e-01     2.6967      5.414      7.852    15.3786   999.0939 0.0000e+00
      5.527      0.052     0.0879      1.175     65.461  52.509884     2.0733      6.479   140.8657 6.0607e-01     2.6740      5.420      7.861    15.3026   999.1057 0.0000e+00
      5.537      0.051     0.0869      1.160     65.703  52.598302     2.0761      6.478   139.2402 5.8932e-01     2.6888      5.427      7.873    15.2363   999.1160 0.0000e+00
      5.551      0.050     0.0855      1.173     65.824  52.602031     2.0829      6.465   137.5629 5.5966e-01     2.7114      5.442      7.894    15.1976   999.1221 0.0000e+00
      5.569      0.049     0.0855      1.189     65.833  52.554858     2.0856      6.446   135.8146 5.4491e-01     2.6855      5.463      7.923    15.1759   999.1259 0.0000e+00
      5.585      0.047     0.0822      1.185     65.830  52.536062     2.0834      6.439   134.2767 5.4576e-01     2.6390      5.480      7.947    15.1149   999.1354 0.0000e+00
      5.596      0.044     0.0808      1.173     65.945  52.628862     2.0821      6.442   132.9923 5.4244e-01     2.6398      5.489      7.961    15.0185   999.1501 0.0000e+00
      5.604      0.040     0.0828      1.160     66.081  52.724023     2.0872      6.446   131.7281 5.3235e-01     2.6624      5.495      7.971    14.9407   999.1619 0.0000e+00
      5.611      0.037     0.0849      1.140     66.143  52.733761     2.0840      6.448   130.4353 5.2024e-01     2.6831      5.503      7.981    14.9019   999.1678 0.0000e+00
      5.618      0.037     0.0839      1.120     66.134  52.683034     2.0953      6.449   129.1482 5.1740e-01     2.6932      5.510      7.990    14.8926   999.1692 0.0000e+00
      5.628      0.039     0.0827      1.099     66.179  52.682355     2.1286      6.449   127.7808 5.2076e-01     2.6539      5.519      8.004    14.9063   999.1672 0.0000e+00
      5.639      0.043     0.0825      1.080     66.375  52.789036     2.1404      6.445   126.4639 5.1383e-01     2.6010      5.530      8.021    14.9003   999.1682 0.0000e+00
      5.651      0.048     0.0805      1.078     66.615  52.892922     2.1344      6.440   125.3575 5.0395e-01     2.6103      5.541      8.038    14.8592   999.1744 0.0000e+00
      5.663      0.051     0.0793      1.086     66.781  52.921919     2.1427      6.438   124.2975 4.9749e-01     2.6687      5.552      8.053    14.8237   999.1797 0.0000e+00
      5.677      0.053     0.0782      1.080     66.919  52.948944     2.1536      6.440   123.1126 4.8834e-01     2.6840      5.566      8.073    14.8014   999.1831 0.0000e+00
      5.692      0.053     0.0758      1.065     67.095  53.028998     2.1531      6.441   121.7857 4.7642e-01     2.6640      5.582      8.096    14.7758   999.1871 0.0000e+00
      5.707      0.052     0.0761      1.051     67.285  53.127465     2.1461      6.440   120.4714 4.6546e-01     2.6570      5.597      8.118    14.7029   999.1980 0.0000e+00
      5.721      0.050     0.0781      1.046     67.427  53.186547     2.1380      6.438   119.4393 4.5840e-01     2.6642      5.611      8.138    14.6091   999.2118 0.0000e+00
      5.733      0.048     0.0771      1.048     67.558  53.235077     2.1588      6.436   118.5986 4.4354e-01     2.7510      5.623      8.155    14.5528   999.2202 0.0000e+00
      5.743      0.046     0.0759      1.045     67.837  53.396548     2.1982      6.433   117.6201 4.2976e-01     2.8538      5.632      8.168    14.5131   999.2260 0.0000e+00
      5.753      0.046     0.0747      1.044     68.288  53.677685     2.2153      6.429   116.5562 4.3395e-01     2.8589      5.641      8.182    14.4772   999.2313 0.0000e+00
      5.764      0.047     0.0743      1.053     68.779  53.966040     2.2188      6.421   115.5440 4.3198e-01     2.8449      5.652      8.198    14.4377   999.2371 0.0000e+00
      5.776      0.049     0.0753      1.057     69.234  54.214710     2.2581      6.416   114.5022 4.1470e-01     2.8818      5.664      8.215    14.3951   999.2433 0.0000e+00
      5.790      0.051     0.0748      1.060     69.602  54.397138     2.3433      6.419   113.4234 4.0235e-01     2.9122      5.678      8.234    14.3583   999.2488 0.0000e+00
      5.805      0.052     0.0739      1.066     69.955  54.583388     2.3994      6.424   112.3950 4.0246e-01     2.8837      5.693      8.257    14.3068   999.2564 0.0000e+00
      5.819      0.053     0.0762      1.060     70.420  54.878262     2.4079      6.423   111.4472 4.1522e-01     2.8656      5.707      8.278    14.2309   999.2674 0.0000e+00
      5.832      0.054     0.0758      1.048     70.948  55.230498     2.4285      6.417   110.4811 4.1326e-01     2.8904      5.719      8.295    14.1491   999.2792 0.0000e+00
      5.843      0.055     0.0758      1.045     71.438  55.538495     2.4754      6.417   109.3178 3.8676e-01     2.9214      5.729      8.310    14.0702   999.2904 0.0000e+00
      5.856      0.056     0.0776      1.044     71.809  55.743134     2.5064      6.421   107.8787 3.6737e-01     2.9446      5.742      8.329    14.0020   999.3001 0.0000e+00
      5.873      0.056     0.0767      1.046     72.143  55.925720     2.5174      6.423   106.2452 3.6197e-01     2.9416      5.759      8.353    13.9594   999.3062 0.0000e+00
      5.889      0.055     0.0752      1.057     72.443  56.094130     2.5479      6.423   104.5377 3.6185e-01     2.9183      5.776      8.377    13.9250   999.3112 0.0000e+00
      5.904      0.054     0.0756      1.059     72.638  56.190901     2.5972      6.415   102.8926 3.5890e-01     2.8931      5.789      8.398    13.8735   999.3186 0.0000e+00
      5.918      0.051     0.0759      1.061     72.870  56.333280     2.6284      6.403   101.4107 3.4747e-01     2.8660      5.803      8.417    13.8068   999.3279 0.0000e+00
      5.929      0.049     0.0748      1.075     73.179  56.544842     2.6386      6.398    99.9569 3.3680e-01     2.8515      5.815      8.434    13.7532   999.3353 0.0000e+00
      5.939      0.049     0.0777      1.077     73.529  56.779212     2.6866      6.402    98.3931 3.3150e-01     2.8828      5.824      8.448    13.7125   999.3411 0.0000e+00
      5.950      0.051     0.0769      1.063     73.970  57.070240     2.7750      6.407    96.8711 3.2635e-01     2.9165      5.834      8.462    13.6693   999.3470 0.0000e+00
      5.963      0.055     0.0763      1.066     74.470  57.394960     2.8231      6.412    95.4061 3.1767e-01     2.8976      5.847      8.481    13.6471   999.3501 0.0000e+00
      5.978      0.059     0.0787      1.082     75.064  57.782494     2.8168      6.416    93.6729 3.0727e-01     2.8519      5.862      8.501    13.6350   999.3520 0.0000e+00
      5.994      0.063     0.0791      1.072     75.701  58.197513     2.8119      6.411    91.5737 2.9997e-01     2.8228      5.877      8.524    13.6098   999.3555 0.0000e+00
      6.012      0.067     0.0767      1.040     76.246  58.536779     2.8940      6.397    89.3836 2.9102e-01     2.8412      5.895      8.550    13.5772   999.3601 0.0000e+00
      6.031      0.068     0.0766      1.011     76.737  58.834389     3.0462      6.384    87.3264 2.8967e-01     2.8771      5.915      8.580    13.5339   999.3661 0.0000e+00
      6.048      0.068     0.0805      0.989     77.131  59.063404     3.1260      6.376    85.1982 2.9747e-01     2.8956      5.931      8.603    13.4862   999.3728 0.0000e+00
      6.065      0.065     0.0788      0.987     77.403  59.208721     3.1307      6.376    83.0103 2.8552e-01     2.9018      5.946      8.625    13.4370   999.3797 0.0000e+00
      6.084      0.060     0.0756      0.992     77.537  59.256877     3.1817      6.379    81.0922 2.5658e-01     2.8867      5.967      8.655    13.3834   999.3869 0.0000e+00
      6.101      0.055     0.0742      0.971     77.601  59.264317     3.2917      6.381    79.0424 2.4993e-01     2.8772      5.985      8.680    13.3315   999.3940 0.0000e+00
      6.113      0.049     0.0717      0.949     77.762  59.362172     3.3590      6.382    76.8114 2.6007e-01     2.8846      5.995      8.695    13.2812   999.4008 0.0000e+00
      6.122      0.044     0.0716      0.952     77.948  59.486821     3.3714      6.382    74.9388 2.5076e-01     2.8780      6.004      8.708    13.2419   999.4060 0.0000e+00
      6.132      0.040     0.0745      0.955     78.156  59.627586     3.4151      6.381    73.2633 2.3928e-01     2.8950      6.014      8.722    13.2070   999.4106 0.0000e+00
      6.141      0.037     0.0713      0.945     78.476  59.856726     3.4976      6.381    71.6107 2.4245e-01     2.9924      6.023      8.736    13.1761   999.4146 0.0000e+00
      6.150      0.035     0.0683      0.938     78.812  60.096705     3.5452      6.381    70.0149 2.3970e-01     3.0733      6.031      8.748    13.1653   999.4161 0.0000e+00
      6.159      0.034     0.0705      0.939     79.033  60.241408     3.5488      6.382    68.3366 2.2031e-01     3.0861      6.039      8.760    13.1554   999.4175 0.0000e+00
      6.169      0.032     0.0705      0.929     79.279  60.398869     3.5754      6.382    66.6339 2.0614e-01     3.0814      6.049      8.774    13.1421   999.4194 0.0000e+00
      6.178      0.032     0.0695      0.924     79.841  60.793076     3.6330      6.382    65.0865 2.1773e-01     3.0159      6.058      8.787    13.1343   999.4205 0.0000e+00
      6.185      0.034     0.0681      0.939     80.765  61.448860     3.6644      6.381    63.7379 2.2607e-01     2.9173      6.066      8.798    13.1255   999.4218 0.0000e+00
      6.190      0.039     0.0700      0.945     81.887  62.226858     3.6688      6.377    62.5453 2.1590e-01     2.8724      6.070      8.803    13.1101   999.4238 0.0000e+00
      6.196      0.044     0.0685      0.943     82.992  62.954533     3.7119      6.373    61.5082 2.0261e-01     2.9314      6.074      8.809    13.0899   999.4265 0.0000e+00
      6.209      0.048     0.0666      0.934     83.898  63.510026     3.7963      6.370    60.5755 1.9677e-01     3.0410      6.087      8.828    13.0705   999.4292 0.0000e+00
      6.227      0.051     0.0702      0.926     84.433  63.794914     3.8475      6.366    59.6140 1.9688e-01     3.0835      6.106      8.856    13.0457   999.4328 0.0000e+00
      6.245      0.051     0.0696      0.941     84.372  63.665884     3.8546      6.361    58.5736 1.8357e-01     3.0851      6.126      8.884    13.0016   999.4389 0.0000e+00
      6.260      0.047     0.0697      0.957     83.989  63.348156     3.8562      6.360    57.4610 1.6475e-01     3.0606      6.141      8.907    12.9308   999.4483 0.0000e+00
      6.271      0.041     0.0696      0.961     83.837  63.258355     3.8667      6.361    56.3139 1.6504e-01     3.0162      6.150      8.920    12.8442   999.4596 0.0000e+00
      6.277      0.036     0.0672      0.951     83.803  63.279299     3.8777      6.362    55.1140 1.8021e-01     3.0396      6.156      8.928    12.7673   999.4694 0.0000e+00
      6.283      0.033     0.0702      0.928     83.925  63.410755     3.8851      6.363    53.7947 1.8971e-01     3.0809      6.161      8.936    12.7146   999.4758 0.0000e+00
      6.289      0.033     0.0716      0.912     84.794  64.085086     3.8953      6.363    52.3222 1.9009e-01     3.0249      6.167      8.945    12.6942   999.4781 0.0000e+00
      6.297      0.038     0.0713      0.907     86.323  65.203634     3.9055      6.364    50.8172 1.8374e-01     2.9197      6.175      8.956    12.7208   999.4750 0.0000e+00
      6.307      0.044     0.0715      0.901     87.772  66.192820     3.9125      6.365    49.4506 1.6755e-01     2.8907      6.184      8.969    12.7553   999.4707 0.0000e+00
      6.319      0.049     0.0682      0.888     88.795  66.828106     3.9111      6.362    48.1888 1.5839e-01     2.9037      6.196      8.985    12.7768   999.4680 0.0000e+00
      6.333      0.054     0.0673      0.891     89.485  67.227100     3.9052      6.352    46.8314 1.6035e-01     2.8799      6.210      9.007    12.7975   999.4659 0.0000e+00
      6.349      0.055     0.0671      0.909     90.251  67.711229     3.9194      6.346    45.3423 1.5385e-01     2.9303      6.226      9.031    12.7819   999.4685 0.0000e+00
      6.367      0.055     0.0675      0.914     91.464  68.549325     3.9532      6.344    44.0367 1.4202e-01     3.0869      6.244      9.056    12.7110   999.4779 0.0000e+00
      6.382      0.053     0.0655      0.918     92.454  69.222863     3.9758      6.343    42.9182 1.3897e-01     3.1680      6.260      9.080    12.6217   999.4893 0.0000e+00
      6.394      0.049     0.0653      0.926     93.089  69.624479     3.9759      6.343    41.6274 1.3834e-01     3.1571      6.271      9.096    12.5551   999.4977 0.0000e+00
      6.404      0.047     0.0688      0.931     94.243  70.416957     3.9286      6.343    40.2181 1.3438e-01     3.0861      6.280      9.109    12.5045   999.5038 0.0000e+00
      6.415      0.047     0.0678      0.933     95.947  71.619952     3.8453      6.343    38.9559 1.3431e-01     2.9644      6.291      9.124    12.4708   999.5086 0.0000e+00
