Data/DataNotYetUploadedToEDI/Raw_CTD/RawDownloads/100818_fcr50.cnv
* Sea-Bird SBE19plus  Data File:
* FileName = C:\DATA\100818_fcr_0005.hex
* Software version 2.6.3.104
* Temperature SN = 7809
* Conductivity SN = 7809
* System UpLoad Time = Oct 08 2018 14:58:07
* <ApplicationData>
* <Seaterm232>
# nquan = 17
# nvalues = 642                         
# units = specified
# name 0 = depFM: Depth [fresh water, m]
# name 1 = tv290C: Temperature [ITS-90, deg C]
# name 2 = sbeox0Mg/L: Oxygen, SBE 43 [mg/l]
# name 3 = sbeox0PS: Oxygen, SBE 43 [% saturation]
# name 4 = c0uS/cm: Conductivity [uS/cm]
# name 5 = specc: Specific Conductance [uS/cm]
# name 6 = ph: pH
# name 7 = orp: Oxidation Reduction Potential [mV]
# name 8 = flECO-AFL: Fluorescence, WET Labs ECO-AFL/FL [mg/m^3]
# name 9 = turbWETntu0: Turbidity, WET Labs ECO [NTU]
# name 10 = sal00: Salinity, Practical [PSU]
# name 11 = dz/dtM: Descent Rate [m/s]
# name 12 = prdM: Pressure, Strain Gauge [db]
# name 13 = prdE: Pressure, Strain Gauge [psi]
# name 14 = scan: Scan Count
# name 15 = par/sat/log: PAR/Logarithmic, Satlantic
# name 16 = flag:  0.000e+00
# span 0 =     -0.461,      9.830       
# span 1 =    12.8218,    25.9705       
# span 2 =     0.0920,     8.4840       
# span 3 =      0.872,    100.002       
# span 4 =   0.116500, 204.204497       
# span 5 =      0.199,    271.139       
# span 6 =      6.262,     10.170       
# span 7 =  -404.4410,  1240.2295       
# span 8 =    -0.1941,     9.4419       
# span 9 =    -0.2512,   116.9748       
# span 10 =     0.0122,     0.1284      
# span 11 =     -0.202,      0.246      
# span 12 =     -0.452,      9.638      
# span 13 =     -0.655,     13.979      
# span 14 =          1,        642      
# span 15 = 1.1767e-01, 5.1010e+02      
# span 16 = 0.0000e+00, 0.0000e+00      
# interval = seconds: 0.25
# start_time = Oct 08 2018 16:19:43 [Instrument's time stamp, header]
# bad_flag = -9.990e-29
*END*
[from data line 426]
      2.689    20.8115     2.5571     28.400  35.419698     38.576      6.766   223.1944     4.6866     1.6825     0.0240      0.128      2.637      3.824        427 2.4560e+01 0.0000e+00
      2.723    20.7652     1.8420     20.447  35.367252     38.553      6.757   223.3080     4.4723     1.7362     0.0240      0.130      2.673      3.876        428 2.3639e+01 0.0000e+00
      2.764    20.7179     1.2966     14.385  35.463416     38.711      6.746   223.8758     4.4844     1.7899     0.0240      0.132      2.709      3.929        429 2.2630e+01 0.0000e+00
      2.799    20.6762     0.8874      9.840  35.477995     38.750      6.732   223.6108     4.4844     1.7362     0.0240      0.135      2.742      3.977        430 2.1951e+01 0.0000e+00
      2.825    20.6441     0.5694      6.309  35.467761     38.790      6.723   223.5351     4.4804     1.7362     0.0240      0.137      2.769      4.017        431 2.1560e+01 0.0000e+00
      2.847    20.6209     0.3941      4.364  35.476173     38.826      6.716   223.2701     4.2378     1.9242     0.0240      0.134      2.794      4.052        432 2.1028e+01 0.0000e+00
      2.875    20.6007     0.2874      3.181  35.467546     38.853      6.706   223.2323     4.2418     1.9376     0.0240      0.128      2.819      4.090        433 2.0403e+01 0.0000e+00
      2.903    20.5776     0.2270      2.511  35.419199     38.812      6.699   223.1187     4.2135     1.9242     0.0240      0.122      2.847      4.131        434 1.9821e+01 0.0000e+00
      2.933    20.5470     0.2450      2.708  35.417723     38.829      6.694   223.8380     4.2135     1.9645     0.0240      0.117      2.877      4.174        435 1.9056e+01 0.0000e+00
      2.967    20.5146     0.3022      3.339  35.528710     38.971      6.684   223.3458     4.4885     1.9510     0.0240      0.114      2.909      4.219        436 1.8372e+01 0.0000e+00
      2.999    20.4875     0.3662      4.044  35.518354     38.997      6.676   223.8758     4.5046     1.9107     0.0240      0.112      2.940      4.264        437 1.7830e+01 0.0000e+00
      3.027    20.4601     0.4434      4.893  35.371308     38.841      6.667   223.6866     4.4804     1.8705     0.0240      0.113      2.969      4.305        438 1.7282e+01 0.0000e+00
      3.055    20.4329     0.5131      5.658  35.415141     38.925      6.662   223.6487     4.4561     1.9242     0.0240      0.116      2.998      4.347        439 1.6728e+01 0.0000e+00
      3.088    20.4038     0.5565      6.133  35.463820     39.010      6.653   224.2166     4.4966     1.8973     0.0240      0.119      3.030      4.395        440 1.5896e+01 0.0000e+00
      3.127    20.3726     0.5629      6.199  35.488688     39.034      6.644   224.8223     4.6179     1.8705     0.0240      0.122      3.067      4.449        441 1.5132e+01 0.0000e+00
      3.168    20.3419     0.5281      5.810  35.621470     39.243      6.628   224.8601     4.6017     1.9645     0.0241      0.127      3.105      4.504        442 1.4533e+01 0.0000e+00
      3.203    20.3084     0.4805      5.284  35.595172     39.209      6.621   224.5573     4.6179     1.9107     0.0241      0.131      3.142      4.557        443 1.3926e+01 0.0000e+00
      3.242    20.2750     0.4293      4.718  35.580748     39.235      6.611   224.6330     4.6017     1.8436     0.0241      0.135      3.179      4.612        444 1.3307e+01 0.0000e+00
      3.283    20.2451     0.3913      4.298  35.580120     39.265      6.604   224.5573     4.6138     1.9510     0.0241      0.141      3.218      4.667        445 1.2652e+01 0.0000e+00
      3.321    20.2190     0.3553      3.900  35.536656     39.231      6.595   224.5951     4.6017     1.9376     0.0241      0.147      3.255      4.721        446 1.2191e+01 0.0000e+00
      3.354    20.1917     0.3436      3.768  35.575539     39.320      6.587   224.4437     4.6300     1.9107     0.0241      0.149      3.290      4.772        447 1.1708e+01 0.0000e+00
      3.391    20.1598     0.3411      3.738  35.591060     39.342      6.584   224.1408     4.6219     1.9913     0.0241      0.149      3.324      4.821        448 1.1268e+01 0.0000e+00
      3.423    20.1243     0.3516      3.853  35.754620     39.552      6.579   223.8758     4.3672     2.2599     0.0242      0.146      3.357      4.869        449 1.0871e+01 0.0000e+00
      3.456    20.0911     0.3574      3.915  35.935516     39.795      6.573   223.3837     4.3510     2.2330     0.0243      0.143      3.389      4.915        450 1.0480e+01 0.0000e+00
      3.487    20.0533     0.3563      3.900  36.077759     39.952      6.570   223.3458     4.3672     2.0719     0.0243      0.139      3.420      4.960        451 1.0153e+01 0.0000e+00
      3.519    20.0159     0.3461      3.785  36.289432     40.259      6.565   223.4594     4.3429     2.1122     0.0244      0.135      3.451      5.005        452 9.7270e+00 0.0000e+00
      3.551    19.9866     0.3304      3.611  36.324611     40.293      6.560   223.4594     4.8120     2.2062     0.0244      0.130      3.481      5.049        453 9.4619e+00 0.0000e+00
      3.580    19.9547     0.3162      3.453  36.449226     40.483      6.558   222.7401     4.7877     2.1927     0.0245      0.127      3.511      5.092        454 9.2118e+00 0.0000e+00
      3.611    19.9241     0.2973      3.244  36.846198     40.943      6.551   222.6265     4.7998     2.2330     0.0247      0.125      3.540      5.134        455 8.8346e+00 0.0000e+00
      3.640    19.8911     0.2840      3.097  37.135636     41.315      6.545   222.1344     4.8039     2.1793     0.0248      0.122      3.567      5.174        456 8.6222e+00 0.0000e+00
      3.661    19.8529     0.2732      2.978  37.572057     41.778      6.541   221.3773     5.3376     1.9376     0.0250      0.119      3.590      5.208        457 8.4555e+00 0.0000e+00
      3.682    19.8243     0.2683      2.922  37.993769     42.369      6.539   221.3394     5.3417     1.9510     0.0253      0.113      3.612      5.240        458 8.2010e+00 0.0000e+00
      3.708    19.8060     0.2671      2.907  38.212553     42.530      6.535   220.6580     5.3579     1.9913     0.0253      0.108      3.637      5.275        459 7.9952e+00 0.0000e+00
      3.735    19.7849     0.2636      2.867  38.367627     42.869      6.526   221.3773     5.3740     1.9913     0.0255      0.104      3.664      5.314        460 7.7133e+00 0.0000e+00
      3.766    19.7486     0.2625      2.853  38.779653     43.167      6.523   221.0365     5.3336     1.9510     0.0256      0.102      3.692      5.354        461 7.4609e+00 0.0000e+00
      3.791    19.7045     0.2614      2.840  39.598242     44.311      6.518   221.0365     6.0251     1.9107     0.0261      0.101      3.718      5.393        462 7.3018e+00 0.0000e+00
      3.818    19.6677     0.2621      2.845  39.929645     44.533      6.515   220.2037     6.0574     1.9913     0.0261      0.101      3.746      5.433        463 7.0879e+00 0.0000e+00
      3.851    19.6305     0.2539      2.755  40.295409     45.110      6.504   219.9008     6.0614     1.9510     0.0264      0.104      3.777      5.477        464 6.8300e+00 0.0000e+00
      3.882    19.5960     0.2494      2.704  40.685655     45.521      6.496   219.5980     6.0655     2.0047     0.0265      0.109      3.807      5.522        465 6.6049e+00 0.0000e+00
      3.913    19.5671     0.2393      2.593  40.749286     45.654      6.489   219.2573     5.8714     2.1390     0.0266      0.113      3.836      5.565        466 6.4219e+00 0.0000e+00
      3.940    19.5366     0.2338      2.532  41.135883     46.097      6.483   219.4087     5.8310     2.1927     0.0268      0.115      3.865      5.606        467 6.1250e+00 0.0000e+00
      3.972    19.5052     0.2277      2.464  41.687881     46.785      6.477   219.1437     5.8593     2.0987     0.0270      0.116      3.895      5.649        468 5.9091e+00 0.0000e+00
      4.003    19.4689     0.2211      2.391  42.346709     47.508      6.469   217.9322     5.8835     2.1927     0.0273      0.118      3.924      5.691        469 5.7637e+00 0.0000e+00
      4.029    19.4349     0.2140      2.313  43.075108     48.421      6.465   217.9701     5.7460     2.1927     0.0277      0.118      3.951      5.730        470 5.5911e+00 0.0000e+00
      4.055    19.4101     0.2053      2.217  43.718623     49.120      6.458   217.4022     5.7137     2.1927     0.0280      0.116      3.977      5.769        471 5.4227e+00 0.0000e+00
      4.084    19.3827     0.2046      2.208  44.305166     49.882      6.456   217.3644     5.7258     2.0182     0.0283      0.114      4.005      5.809        472 5.2643e+00 0.0000e+00
      4.113    19.3491     0.1988      2.146  44.718830     50.318      6.449   216.8722     5.7420     2.1122     0.0285      0.113      4.034      5.850        473 5.1569e+00 0.0000e+00
      4.143    19.3137     0.1952      2.104  45.280838     51.011      6.447   216.6830     5.1031     2.1927     0.0288      0.112      4.064      5.894        474 4.9586e+00 0.0000e+00
      4.178    19.2788     0.1881      2.027  46.246620     52.122      6.440   216.5315     5.1152     2.1390     0.0293      0.114      4.097      5.942        475 4.7626e+00 0.0000e+00
      4.212    19.2416     0.1839      1.979  47.107434     53.173      6.431   216.9101     5.0950     2.0853     0.0297      0.116      4.129      5.987        476 4.6415e+00 0.0000e+00
      4.238    19.2065     0.1805      1.941  47.681496     53.815      6.427   216.5315     5.0788     2.1122     0.0300      0.117      4.156      6.027        477 4.5307e+00 0.0000e+00
      4.263    19.1804     0.1789      1.923  48.499795     54.808      6.422   215.4715     4.1084     2.5821     0.0304      0.118      4.183      6.066        478 4.4075e+00 0.0000e+00
      4.295    19.1549     0.1745      1.874  49.205160     55.675      6.416   214.8658     4.0922     2.5419     0.0307      0.119      4.213      6.111        479 4.2638e+00 0.0000e+00
      4.331    19.1224     0.1723      1.850  49.445000     55.928      6.410   214.5630     4.0882     2.5419     0.0309      0.120      4.246      6.159        480 4.1357e+00 0.0000e+00
      4.365    19.0846     0.1673      1.794  50.130437     56.753      6.403   214.2980     4.0841     2.4881     0.0312      0.121      4.278      6.204        481 4.0331e+00 0.0000e+00
      4.391    19.0570     0.1642      1.758  51.112365     57.935      6.402   213.7680     4.0922     2.4747     0.0317      0.121      4.306      6.244        482 3.9634e+00 0.0000e+00
      4.416    19.0364     0.1615      1.728  51.547221     58.462      6.399   213.3515     2.7740     3.6027     0.0319      0.118      4.332      6.283        483 3.8113e+00 0.0000e+00
      4.447    19.0023     0.1610      1.722  51.993462     58.974      6.396   212.0265     2.7497     3.4952     0.0321      0.118      4.361      6.325        484 3.6636e+00 0.0000e+00
      4.477    18.9580     0.1602      1.710  53.139429     60.335      6.392   212.2537     2.7497     3.5758     0.0327      0.118      4.391      6.369        485 3.5545e+00 0.0000e+00
      4.509    18.9140     0.1603      1.711  54.454927     61.876      6.387   212.7837     2.7376     3.4684     0.0334      0.119      4.422      6.414        486 3.4580e+00 0.0000e+00
      4.541    18.8728     0.1568      1.672  55.402816     63.020      6.381   212.9351     3.0570     3.4818     0.0339      0.118      4.454      6.461        487 3.3816e+00 0.0000e+00
      4.577    18.8379     0.1558      1.659  56.204993     63.975      6.375   212.8594     3.0651     3.6161     0.0343      0.119      4.489      6.510        488 3.2584e+00 0.0000e+00
      4.612    18.8066     0.1571      1.671  56.811394     64.769      6.370   211.0044     3.0651     3.5892     0.0346      0.122      4.524      6.561        489 3.1647e+00 0.0000e+00
      4.649    18.7705     0.1551      1.649  57.349883     65.363      6.364   210.6637     3.0772     3.5892     0.0349      0.127      4.560      6.614        490 3.0348e+00 0.0000e+00
      4.690    18.7249     0.1534      1.628  58.296063     66.558      6.357   211.4208     2.8023     3.8981     0.0354      0.133      4.597      6.668        491 2.9100e+00 0.0000e+00
      4.726    18.6699     0.1528      1.621  59.493795     67.924      6.351   210.9665     2.8144     3.9518     0.0360      0.138      4.631      6.718        492 2.8268e+00 0.0000e+00
      4.752    18.6187     0.1503      1.593  60.728966     69.466      6.350   210.3987     2.8104     3.8981     0.0366      0.138      4.659      6.758        493 2.7587e+00 0.0000e+00
      4.775    18.5727     0.1463      1.549  61.480321     70.388      6.353   209.7172     2.8063     4.0189     0.0370      0.135      4.686      6.796        494 2.6705e+00 0.0000e+00
      4.810    18.5259     0.1460      1.544  62.062852     71.112      6.353   208.4679     2.6648     4.6366     0.0373      0.132      4.717      6.841        495 2.5430e+00 0.0000e+00
      4.844    18.4848     0.1446      1.528  62.884660     72.182      6.352   209.0358     2.6850     4.6098     0.0378      0.129      4.749      6.888        496 2.4642e+00 0.0000e+00
      4.871    18.4466     0.1460      1.541  63.427422     72.839      6.355   208.1272     2.6729     4.5560     0.0381      0.125      4.781      6.934        497 2.3490e+00 0.0000e+00
      4.912    18.4014     0.1404      1.479  63.733623     73.293      6.349   207.7108     2.6688     4.5963     0.0382      0.124      4.818      6.989        498 2.1737e+00 0.0000e+00
      4.958    18.3426     0.1425      1.499  64.642014     74.324      6.347   206.3479     2.4262     5.4826     0.0387      0.127      4.857      7.045        499 2.0505e+00 0.0000e+00
      4.987    18.2821     0.1454      1.528  65.712577     75.787      6.345   206.4994     2.4060     5.4826     0.0393      0.131      4.887      7.089        500 1.9917e+00 0.0000e+00
      5.005    18.2405     0.1483      1.555  65.906147     75.955      6.350   206.7644     2.4100     5.4826     0.0394      0.131      4.911      7.123        501 1.9210e+00 0.0000e+00
      5.033    18.2048     0.1496      1.566  66.123897     76.418      6.351   205.3636     2.4060     5.5094     0.0396      0.130      4.938      7.163        502 1.7929e+00 0.0000e+00
      5.073    18.1570     0.1484      1.550  66.718884     77.106      6.351   205.0986     2.3453     5.4826     0.0399      0.128      4.973      7.213        503 1.6806e+00 0.0000e+00
      5.107    18.1002     0.1503      1.568  67.393530     78.011      6.353   204.3036     2.3292     5.4289     0.0403      0.127      5.005      7.258        504 1.6066e+00 0.0000e+00
      5.129    18.0515     0.1511      1.573  68.017178     78.780      6.359   203.7358     2.3292     5.4289     0.0406      0.124      5.031      7.297        505 1.5342e+00 0.0000e+00
      5.155    18.0194     0.1508      1.566  68.289533     79.239      6.361   202.9408     2.3332     5.5363     0.0408      0.117      5.059      7.337        506 1.4331e+00 0.0000e+00
      5.193    17.9671     0.1501      1.555  68.480526     79.495      6.362   202.2593     2.4100     5.1334     0.0409      0.116      5.092      7.385        507 1.3666e+00 0.0000e+00
      5.228    17.8754     0.1499      1.552  69.056928     80.266      6.362   201.6915     2.3979     5.1066     0.0412      0.120      5.124      7.433        508 1.3182e+00 0.0000e+00
      5.254    17.7846     0.1564      1.617  69.681476     81.081      6.365   201.8051     2.3898     5.0932     0.0416      0.123      5.154      7.474        509 1.2059e+00 0.0000e+00
      5.282    17.7109     0.1518      1.568  69.961141     81.582      6.365   201.0479     2.4020     4.9320     0.0417      0.121      5.184      7.518        510 1.1435e+00 0.0000e+00
