Data/DataNotYetUploadedToEDI/Raw_CTD/RawDownloads/100818_fcr10.cnv
* Sea-Bird SBE19plus  Data File:
* FileName = C:\DATA\100818_fcr_0001.hex
* Software version 2.6.3.104
* Temperature SN = 7809
* Conductivity SN = 7809
* System UpLoad Time = Oct 08 2018 14:56:58
* <ApplicationData>
* <Seaterm232>
# nquan = 17
# nvalues = 452                         
# units = specified
# name 0 = depFM: Depth [fresh water, m]
# name 1 = tv290C: Temperature [ITS-90, deg C]
# name 2 = sbeox0Mg/L: Oxygen, SBE 43 [mg/l]
# name 3 = sbeox0PS: Oxygen, SBE 43 [% saturation]
# name 4 = c0uS/cm: Conductivity [uS/cm]
# name 5 = specc: Specific Conductance [uS/cm]
# name 6 = ph: pH
# name 7 = orp: Oxidation Reduction Potential [mV]
# name 8 = flECO-AFL: Fluorescence, WET Labs ECO-AFL/FL [mg/m^3]
# name 9 = turbWETntu0: Turbidity, WET Labs ECO [NTU]
# name 10 = sal00: Salinity, Practical [PSU]
# name 11 = dz/dtM: Descent Rate [m/s]
# name 12 = prdM: Pressure, Strain Gauge [db]
# name 13 = prdE: Pressure, Strain Gauge [psi]
# name 14 = scan: Scan Count
# name 15 = par/sat/log: PAR/Logarithmic, Satlantic
# name 16 = flag:  0.000e+00
# span 0 =     -0.474,      2.637       
# span 1 =    20.5432,    23.0929       
# span 2 =    -0.0959,     9.8395       
# span 3 =     -1.069,    113.880       
# span 4 =   0.105888,  46.083952       
# span 5 =      0.530,     50.586       
# span 6 =      6.058,      7.946       
# span 7 = -1240.7455,   285.2803       
# span 8 =    -0.2062,     4.8039       
# span 9 =    -0.3049,     8.3159       
# span 10 =     0.0112,     0.0290      
# span 11 =     -0.251,      0.215      
# span 12 =     -0.464,      2.586      
# span 13 =     -0.673,      3.750      
# span 14 =          1,        452      
# span 15 = 1.3515e+01, 8.7754e+02      
# span 16 = 0.0000e+00, 0.0000e+00      
# interval = seconds: 0.25
# start_time = Oct 08 2018 13:48:32 [Instrument's time stamp, header]
# bad_flag = -9.990e-29
*END*
[from data line 256]
      0.471    22.6211     8.8261    102.167  36.039341     37.859      7.293   209.4522     4.5370     1.3602     0.0242     -0.002      0.462      0.669        257 2.2836e+02 0.0000e+00
      0.475    22.6195     8.8337    102.269  35.961739     37.740      7.285   208.9979     4.5168     1.3333     0.0241      0.001      0.466      0.675        258 1.9454e+02 0.0000e+00
      0.479    22.6143     8.8550    102.529  35.940528     37.739      7.285   209.4522     4.5249     1.2796     0.0241      0.004      0.469      0.680        259 1.6053e+02 0.0000e+00
      0.481    22.6080     8.8622    102.621  35.947103     37.740      7.288   210.1337     4.5451     1.3333     0.0241      0.008      0.469      0.680        260 1.5622e+02 0.0000e+00
      0.473    22.6073     8.8733    102.755  35.953558     37.744      7.292   209.1872     4.5734     1.2259     0.0241      0.007      0.465      0.674        261 1.7079e+02 0.0000e+00
      0.469    22.6067     8.8804    102.843  35.991815     37.808      7.312   208.3165     4.5613     1.3871     0.0242      0.005      0.465      0.673        262 1.8853e+02 0.0000e+00
      0.481    22.6007     8.8836    102.888  35.899495     37.691      7.322   208.8087     4.5370     1.3468     0.0241      0.006      0.470      0.682        263 1.9564e+02 0.0000e+00
      0.488    22.6012     8.8899    102.969  35.890499     37.691      7.310   209.0737     4.5208     1.2528     0.0241      0.007      0.472      0.685        264 2.5803e+02 0.0000e+00
      0.475    22.6079     8.8872    102.944  35.943695     37.755      7.296   208.0894     4.6138     1.0379     0.0241      0.003      0.463      0.672        265 3.1913e+02 0.0000e+00
      0.455    22.6141     8.8935    103.022  35.951929     37.754      7.305   208.2787     4.6300     0.9574     0.0241     -0.005      0.445      0.646        266 3.3839e+02 0.0000e+00
      0.433    22.6211     8.8984    103.081  35.998885     37.808      7.312   208.6194     4.6300     1.1185     0.0242     -0.016      0.423      0.613        267 3.6637e+02 0.0000e+00
      0.405    22.6285     8.9065    103.174  36.003889     37.803      7.325   208.1272     4.5977     1.0514     0.0242     -0.030      0.395      0.572        268 4.1824e+02 0.0000e+00
      0.369    22.6348     8.9076    103.186  36.005014     37.797      7.329   208.0894     4.0720     1.0111     0.0242     -0.048      0.356      0.516        269 3.6089e+02 0.0000e+00
      0.315    22.6393     8.9054    103.159  35.997480     37.791      7.335   207.2565     4.0639     1.1051     0.0242     -0.076      0.302      0.437        270 4.2595e+02 0.0000e+00
      0.238    22.6423     8.8993    103.088  35.953943     37.728      7.323   206.4994     4.0841     1.1722     0.0241     -0.115      0.234      0.338        271 5.6341e+02 0.0000e+00
      0.162    22.6452     8.9056    103.161  35.940558     37.724      7.323   205.7422     4.0760     0.9976     0.0241     -0.154      0.162      0.234        272 6.7130e+02 0.0000e+00
      0.095    22.6488     8.9082    103.191  35.954818     37.722      7.332   205.4015     3.8819     1.1319     0.0241     -0.188      0.094      0.136        273 7.9244e+02 0.0000e+00
      0.027    22.6531     8.8932    103.017  35.936195     37.719      7.342   204.8715     3.8779     1.1319     0.0241     -0.218      0.029      0.042        274 8.3824e+02 0.0000e+00
     -0.035    22.6566     8.8788    102.850  35.904415     37.658      7.353   204.5686     3.8819     1.0648     0.0241     -0.242     -0.026     -0.039        275 7.0731e+02 0.0000e+00
     -0.074    22.6588     8.8816    102.882  35.935049     37.713      7.363   204.3794     3.9021     1.0782     0.0241     -0.251     -0.065     -0.095        276 5.6274e+02 0.0000e+00
     -0.091    22.6596     8.8810    102.876  35.898069     37.652      7.369   204.8336     3.5625     1.0379     0.0241     -0.241     -0.088     -0.128        277 7.3446e+02 0.0000e+00
     -0.107    22.6598     8.8881    102.956  35.891116     37.650      7.374   205.7044     3.5503     1.0514     0.0241     -0.214     -0.106     -0.154        278 8.7744e+02 0.0000e+00
     -0.128    22.6594     8.8758    102.813  35.943700     37.708      7.375   204.9851     3.5544     1.0245     0.0241     -0.179     -0.125     -0.180        279 6.7393e+02 0.0000e+00
     -0.146    22.6588     8.8713    102.759  35.951262     37.708      7.378   204.6444     3.5625     1.1319     0.0241     -0.146     -0.141     -0.203        280 5.4668e+02 0.0000e+00
     -0.156    22.6584     8.8649    102.683  35.941023     37.708      7.376   204.4172     3.3684     1.3602     0.0241     -0.114     -0.151     -0.218        281 7.3473e+02 0.0000e+00
     -0.159    22.6582     8.8644    102.676  35.897125     37.650      7.377   204.7201     3.3886     1.2796     0.0241     -0.084     -0.158     -0.228        282 7.7417e+02 0.0000e+00
     -0.168    22.6580     8.8650    102.678  35.887258     37.650      7.367   203.5844     3.3603     1.3468     0.0241     -0.063     -0.163     -0.236        283 8.0642e+02 0.0000e+00
     -0.170    22.6579     8.8592    102.604  35.893986     37.650      7.361   203.7358     3.3603     1.2393     0.0241     -0.049     -0.165     -0.239        284 8.3111e+02 0.0000e+00
     -0.166    22.6581     8.8642    102.656  35.948069     37.709      7.359   204.3415     3.2471     5.5094     0.0241     -0.038     -0.165     -0.238        285 7.9117e+02 0.0000e+00
     -0.167    22.6581     8.8686    102.702  35.938587     37.709      7.354   204.4929     3.1905     5.5631     0.0241     -0.027     -0.166     -0.240        286 8.1630e+02 0.0000e+00
     -0.174    22.6578     8.8750    102.773  35.905786     37.651      7.355   204.7201     3.1379     5.4289     0.0241     -0.018     -0.169     -0.245        287 8.0903e+02 0.0000e+00
     -0.175    22.6572     8.8710    102.725  35.929571     37.709      7.359   204.3794     3.1986     5.4826     0.0241     -0.012     -0.169     -0.245        288 8.2494e+02 0.0000e+00
     -0.169    22.6567     8.8692    102.704  35.908987     37.651      7.362   208.2029     3.1783     5.4154     0.0241     -0.007     -0.164     -0.238        289 8.1569e+02 0.0000e+00
     -0.160    22.6561     8.8655    102.666  35.931403     37.710      7.360   204.7201     3.2390     1.2931     0.0241     -0.002     -0.157     -0.228        290 8.0744e+02 0.0000e+00
     -0.151    22.6552     8.8619    102.630  35.931333     37.681      7.358   204.5686     3.2713     1.3736     0.0241      0.005     -0.148     -0.215        291 8.2851e+02 0.0000e+00
     -0.142    22.6543     8.8587    102.596  35.938734     37.711      7.351   204.4551     3.2673     1.2931     0.0241      0.011     -0.139     -0.201        292 8.1588e+02 0.0000e+00
     -0.132    22.6521     8.8626    102.640  35.951852     37.712      7.346   204.4929     3.2592     1.2931     0.0241      0.018     -0.126     -0.184        293 8.0895e+02 0.0000e+00
     -0.114    22.6486     8.8640    102.655  35.944667     37.712      7.341   204.4929     3.1177     1.0379     0.0241      0.028     -0.109     -0.159        294 8.2216e+02 0.0000e+00
     -0.091    22.6454     8.8654    102.669  35.947677     37.714      7.319   204.1522     3.0934     1.0514     0.0241      0.040     -0.089     -0.129        295 8.3136e+02 0.0000e+00
     -0.068    22.6430     8.8568    102.569  35.948107     37.717      7.303   204.3794     3.1136     1.1588     0.0241      0.051     -0.067     -0.097        296 8.4630e+02 0.0000e+00
     -0.047    22.6412     8.8398    102.369  35.944134     37.719      7.296   204.0008     3.0934     1.0111     0.0241      0.060     -0.047     -0.069        297 8.3806e+02 0.0000e+00
     -0.031    22.6401     8.8226    102.169  35.952624     37.721      7.293   204.1901     3.2754     1.0782     0.0241      0.067     -0.031     -0.045        298 8.4721e+02 0.0000e+00
     -0.017    22.6407     8.8091    102.013  35.937541     37.723      7.296   204.1522     3.3199     1.0782     0.0241      0.071     -0.017     -0.024        299 8.6531e+02 0.0000e+00
     -0.003    22.6428     8.8039    101.953  35.903587     37.665      7.300   204.3036     3.2996     1.0648     0.0241      0.073     -0.002     -0.003        300 8.6653e+02 0.0000e+00
      0.014    22.6454     8.8128    102.051  35.935564     37.723      7.302   204.2658     3.2996     1.0514     0.0241      0.072      0.014      0.020        301 8.7188e+02 0.0000e+00
      0.032    22.6472     8.8262    102.184  35.957063     37.721      7.297   205.2501     3.6878     1.0111     0.0241      0.069      0.031      0.044        302 8.5983e+02 0.0000e+00
      0.047    22.6470     8.8475    102.403  35.936147     37.719      7.295   205.1744     3.6878     1.0245     0.0241      0.065      0.046      0.067        303 8.6894e+02 0.0000e+00
      0.062    22.6458     8.8666    102.604  35.902277     37.659      7.301   205.4772     3.7121     1.0648     0.0241      0.063      0.062      0.090        304 8.4007e+02 0.0000e+00
      0.081    22.6451     8.8961    102.929  35.939898     37.718      7.299   205.9315     3.6757     1.0916     0.0241      0.062      0.080      0.115        305 8.7754e+02 0.0000e+00
      0.099    22.6443     8.9132    103.116  35.948646     37.719      7.297   206.1208     3.6757     1.1588     0.0241      0.064      0.096      0.139        306 8.6928e+02 0.0000e+00
      0.113    22.6432     8.9200    103.190  35.950706     37.719      7.305   206.1208     3.7000     1.2931     0.0241      0.065      0.111      0.161        307 6.9992e+02 0.0000e+00
      0.128    22.6430     8.9179    103.161  35.937334     37.720      7.316   206.4994     3.7000     1.3199     0.0241      0.065      0.125      0.182        308 7.1059e+02 0.0000e+00
      0.142    22.6428     8.9093    103.059  35.905972     37.662      7.321   206.1586     3.7242     1.2931     0.0241      0.063      0.138      0.200        309 7.4244e+02 0.0000e+00
      0.151    22.6428     8.8852    102.777  35.930420     37.721      7.325   206.1586     3.7081     1.3468     0.0241      0.060      0.148      0.216        310 7.0603e+02 0.0000e+00
      0.161    22.6398     8.8622    102.507  35.906909     37.663      7.334   206.0829     3.5625     1.2931     0.0241      0.057      0.159      0.232        311 7.9952e+02 0.0000e+00
      0.177    22.6289     8.8376    102.220  35.935231     37.721      7.341   206.2344     3.5544     1.3065     0.0241      0.054      0.174      0.253        312 6.9964e+02 0.0000e+00
      0.196    22.6153     8.8258    102.080  35.924833     37.694      7.342   206.4236     3.5625     1.3199     0.0241      0.053      0.192      0.279        313 5.2322e+02 0.0000e+00
      0.215    22.6046     8.8119    101.916  35.890192     37.674      7.344   206.9158     3.6070     1.2393     0.0241      0.054      0.210      0.305        314 6.6744e+02 0.0000e+00
      0.234    22.5966     8.8125    101.921  35.889370     37.685      7.338   206.7644     3.3360     1.1051     0.0241      0.057      0.230      0.332        315 5.4712e+02 0.0000e+00
      0.252    22.5911     8.8198    102.003  35.896204     37.693      7.335   207.4836     3.2996     1.1051     0.0241      0.061      0.250      0.361        316 3.7552e+02 0.0000e+00
      0.277    22.5880     8.8380    102.212  35.881693     37.699      7.331   207.6351     3.2956     1.2125     0.0241      0.067      0.273      0.396        317 4.7617e+02 0.0000e+00
      0.306    22.5861     8.8587    102.449  35.848116     37.645      7.327   208.2029     3.3279     1.0916     0.0241      0.076      0.301      0.436        318 4.7562e+02 0.0000e+00
      0.336    22.5847     8.8699    102.576  35.908335     37.735      7.324   208.5437     3.3846     1.3333     0.0241      0.084      0.331      0.479        319 4.9070e+02 0.0000e+00
      0.369    22.5831     8.8776    102.661  35.895730     37.708      7.328   208.8844     3.3886     1.3333     0.0241      0.092      0.361      0.523        320 4.4365e+02 0.0000e+00
      0.398    22.5812     8.8782    102.663  35.834146     37.650      7.330   209.3765     3.3724     1.2259     0.0241      0.100      0.390      0.566        321 4.1899e+02 0.0000e+00
      0.428    22.5797     8.8725    102.590  35.836682     37.651      7.330   209.6794     3.3765     1.2931     0.0241      0.107      0.419      0.608        322 4.7531e+02 0.0000e+00
      0.457    22.5782     8.8527    102.356  35.833258     37.653      7.332   210.0201     3.9507     1.3602     0.0241      0.113      0.449      0.651        323 4.2565e+02 0.0000e+00
      0.490    22.5765     8.8362    102.163  35.838410     37.654      7.334   210.5501     3.9709     1.2528     0.0241      0.118      0.480      0.696        324 3.7440e+02 0.0000e+00
      0.522    22.5753     8.8306    102.096  35.859930     37.684      7.339   210.6637     3.9709     1.2393     0.0241      0.120      0.511      0.741        325 3.3016e+02 0.0000e+00
      0.550    22.5743     8.8286    102.072  35.836136     37.656      7.341   210.9287     3.9790     1.2796     0.0241      0.120      0.539      0.783        326 3.2863e+02 0.0000e+00
      0.578    22.5732     8.8265    102.044  35.838365     37.657      7.347   211.2315     4.0113     1.5348     0.0241      0.119      0.566      0.822        327 3.2746e+02 0.0000e+00
      0.605    22.5721     8.8234    101.994  35.827499     37.658      7.349   211.2315     4.2054     1.4945     0.0241      0.117      0.592      0.858        328 2.6640e+02 0.0000e+00
      0.629    22.5707     8.8245    101.964  35.849660     37.659      7.349   211.3072     4.2216     1.4273     0.0241      0.115      0.616      0.893        329 2.3989e+02 0.0000e+00
      0.651    22.5687     8.8260    101.878  35.899763     37.748      7.355   211.5722     4.2216     1.5079     0.0241      0.111      0.638      0.925        330 2.4462e+02 0.0000e+00
      0.672    22.5662     8.8269    101.772  35.854124     37.661      7.354   211.6479     4.2297     1.5213     0.0241      0.105      0.658      0.955        331 2.4519e+02 0.0000e+00
      0.691    22.5628     8.7723    101.055  35.876799     37.721      7.356   211.7615     4.0558     1.2931     0.0241      0.098      0.678      0.984        332 2.3493e+02 0.0000e+00
      0.713    22.5600     8.6186     99.217  35.841885     37.665      7.357   212.5565     4.0841     1.2931     0.0241      0.093      0.696      1.010        333 2.3675e+02 0.0000e+00
      0.725    22.5585     8.3618     96.216  35.838258     37.667      7.354   212.6322     4.1003     1.3333     0.0241      0.086      0.711      1.031        334 2.1771e+02 0.0000e+00
      0.737    22.5577     8.0325     92.397  35.821999     37.670      7.357   212.0644     4.0639     1.1991     0.0241      0.079      0.727      1.055        335 2.1648e+02 0.0000e+00
      0.764    22.5574     7.7054     88.611  35.891779     37.700      7.356   212.4429     4.1003     1.3602     0.0241      0.075      0.749      1.086        336 2.4115e+02 0.0000e+00
      0.788    22.5551     7.4054     85.147  35.781077     37.671      7.353   212.4429     4.0962     1.2662     0.0241      0.075      0.772      1.120        337 2.2982e+02 0.0000e+00
      0.810    22.5484     7.1389     82.076  35.870793     37.613      7.354   212.4429     4.0841     1.4139     0.0241      0.075      0.796      1.155        338 2.1246e+02 0.0000e+00
      0.839    22.5251     6.9474     79.876  35.750472     37.732      7.352   213.0865     4.0679     1.2125     0.0241      0.079      0.824      1.195        339 2.0209e+02 0.0000e+00
      0.871    22.4731     6.8177     78.380  36.227399     37.855      7.347   213.1622     4.1569     1.2662     0.0242      0.086      0.853      1.236        340 1.9338e+02 0.0000e+00
