Data/DataNotYetUploadedToEDI/Raw_CTD/RawDownloads/100818_fcr50.cnv
* Sea-Bird SBE19plus  Data File:
* FileName = C:\DATA\100818_fcr_0005.hex
* Software version 2.6.3.104
* Temperature SN = 7809
* Conductivity SN = 7809
* System UpLoad Time = Oct 08 2018 14:58:07
* <ApplicationData>
* <Seaterm232>
# nquan = 17
# nvalues = 642                         
# units = specified
# name 0 = depFM: Depth [fresh water, m]
# name 1 = tv290C: Temperature [ITS-90, deg C]
# name 2 = sbeox0Mg/L: Oxygen, SBE 43 [mg/l]
# name 3 = sbeox0PS: Oxygen, SBE 43 [% saturation]
# name 4 = c0uS/cm: Conductivity [uS/cm]
# name 5 = specc: Specific Conductance [uS/cm]
# name 6 = ph: pH
# name 7 = orp: Oxidation Reduction Potential [mV]
# name 8 = flECO-AFL: Fluorescence, WET Labs ECO-AFL/FL [mg/m^3]
# name 9 = turbWETntu0: Turbidity, WET Labs ECO [NTU]
# name 10 = sal00: Salinity, Practical [PSU]
# name 11 = dz/dtM: Descent Rate [m/s]
# name 12 = prdM: Pressure, Strain Gauge [db]
# name 13 = prdE: Pressure, Strain Gauge [psi]
# name 14 = scan: Scan Count
# name 15 = par/sat/log: PAR/Logarithmic, Satlantic
# name 16 = flag:  0.000e+00
# span 0 =     -0.461,      9.830       
# span 1 =    12.8218,    25.9705       
# span 2 =     0.0920,     8.4840       
# span 3 =      0.872,    100.002       
# span 4 =   0.116500, 204.204497       
# span 5 =      0.199,    271.139       
# span 6 =      6.262,     10.170       
# span 7 =  -404.4410,  1240.2295       
# span 8 =    -0.1941,     9.4419       
# span 9 =    -0.2512,   116.9748       
# span 10 =     0.0122,     0.1284      
# span 11 =     -0.202,      0.246      
# span 12 =     -0.452,      9.638      
# span 13 =     -0.655,     13.979      
# span 14 =          1,        642      
# span 15 = 1.1767e-01, 5.1010e+02      
# span 16 = 0.0000e+00, 0.0000e+00      
# interval = seconds: 0.25
# start_time = Oct 08 2018 16:19:43 [Instrument's time stamp, header]
# bad_flag = -9.990e-29
*END*
[from data line 511]
      5.361    17.5329     0.1532      1.579  70.565122     82.616      6.346   199.5336     2.5556     4.8515     0.0422      0.125      5.255      7.621        512 9.6990e-01 0.0000e+00
      5.388    17.4431     0.1553      1.600  70.881021     83.105      6.339   198.0950     2.5435     4.8112     0.0424      0.129      5.285      7.665        513 9.2550e-01 0.0000e+00
      5.418    17.3602     0.1534      1.578  71.138296     83.654      6.335   194.0443     2.5758     4.9320     0.0426      0.129      5.317      7.711        514 8.5126e-01 0.0000e+00
      5.458    17.2645     0.1520      1.561  71.314615     83.964      6.330   193.1357     2.5718     4.7843     0.0427      0.129      5.352      7.763        515 8.0108e-01 0.0000e+00
      5.496    17.1599     0.1477      1.514  71.612432     84.557      6.325   190.9022     2.7093     4.3815     0.0429      0.132      5.387      7.814        516 7.4030e-01 0.0000e+00
      5.526    17.0712     0.1502      1.536  72.104764     85.245      6.324   185.7157     2.7497     4.4218     0.0432      0.135      5.417      7.856        517 6.9952e-01 0.0000e+00
      5.548    17.0069     0.1475      1.507  72.692708     86.255      6.325   180.3021     2.7295     4.3815     0.0436      0.132      5.441      7.891        518 6.7588e-01 0.0000e+00
      5.570    16.9569     0.1476      1.505  72.871576     86.569      6.329   172.1250     2.7376     4.4486     0.0437      0.124      5.464      7.925        519 6.2374e-01 0.0000e+00
      5.600    16.9014     0.1475      1.501  72.951915     86.836      6.332   166.9764     3.1298     3.3744     0.0438      0.119      5.490      7.963        520 5.7840e-01 0.0000e+00
      5.625    16.8443     0.1478      1.503  73.187063     87.204      6.334   161.6385     3.1379     3.4415     0.0440      0.116      5.513      7.997        521 5.9243e-01 0.0000e+00
      5.640    16.8049     0.1511      1.534  73.381261     87.555      6.334   157.5499     3.1177     3.3072     0.0441      0.107      5.535      8.028        522 5.6369e-01 0.0000e+00
      5.669    16.7719     0.1549      1.570  73.482854     87.808      6.336   154.0671     3.1177     3.3072     0.0442      0.100      5.564      8.069        523 5.0407e-01 0.0000e+00
      5.711    16.7102     0.1534      1.553  73.506396     87.892      6.336   150.8871     3.1298     3.3207     0.0442      0.100      5.599      8.120        524 4.8327e-01 0.0000e+00
      5.747    16.6236     0.1537      1.554  73.768010     88.294      6.336   147.4042     3.1136     3.3744     0.0444      0.105      5.633      8.170        525 4.7095e-01 0.0000e+00
      5.775    16.5363     0.1521      1.536  74.019048     88.727      6.341   144.0728     3.1096     3.3744     0.0446      0.111      5.662      8.213        526 4.6251e-01 0.0000e+00
      5.800    16.4558     0.1527      1.539  74.085487     88.981      6.345   141.0442     3.1419     3.3475     0.0447      0.115      5.691      8.255        527 4.3657e-01 0.0000e+00
      5.837    16.3816     0.1516      1.526  74.160848     89.268      6.348   138.4699     3.3279     2.9178     0.0448      0.119      5.725      8.304        528 4.0588e-01 0.0000e+00
      5.878    16.3028     0.1530      1.538  74.222502     89.511      6.350   134.9870     3.3279     2.8507     0.0449      0.126      5.763      8.359        529 3.7778e-01 0.0000e+00
      5.913    16.2249     0.1520      1.526  74.395142     89.872      6.351   132.1477     3.2996     3.0387     0.0450      0.132      5.798      8.410        530 3.4563e-01 0.0000e+00
      5.947    16.1537     0.1480      1.485  74.570106     90.282      6.355   130.4063     3.3118     2.8776     0.0452      0.134      5.832      8.459        531 3.4963e-01 0.0000e+00
      5.981    16.0861     0.1484      1.487  74.658589     90.521      6.356   128.1348     3.3320     2.8910     0.0452      0.133      5.868      8.511        532 3.1980e-01 0.0000e+00
      6.024    16.0229     0.1497      1.498  74.730845     90.813      6.360   125.3713     3.3279     2.9447     0.0454      0.137      5.909      8.570        533 3.0479e-01 0.0000e+00
      6.070    15.9618     0.1480      1.479  74.836851     91.031      6.360   123.4027     3.3239     2.9581     0.0454      0.145      5.951      8.631        534 3.3286e-01 0.0000e+00
      6.110    15.8976     0.1427      1.424  75.002195     91.444      6.360   121.3205     3.3077     2.8641     0.0456      0.150      5.992      8.691        535 2.7920e-01 0.0000e+00
      6.151    15.8283     0.1438      1.433  75.535509     92.128      6.365   119.2005     3.3199     2.9313     0.0459      0.153      6.032      8.748        536 2.5564e-01 0.0000e+00
      6.191    15.7614     0.1395      1.388  76.372298     93.435      6.366   116.9291     3.5423     2.7836     0.0465      0.156      6.071      8.805        537 2.6908e-01 0.0000e+00
      6.231    15.6949     0.1416      1.408  76.873247     94.075      6.367   114.3170     3.5099     2.7701     0.0467      0.159      6.110      8.861        538 2.6246e-01 0.0000e+00
      6.268    15.6266     0.1444      1.434  77.408529     94.985      6.374   112.9541     3.5180     2.6761     0.0471      0.160      6.146      8.914        539 2.6088e-01 0.0000e+00
      6.301    15.5717     0.1451      1.441  77.875756     95.656      6.375   111.2884     3.5423     2.6493     0.0474      0.158      6.181      8.965        540 2.5017e-01 0.0000e+00
      6.340    15.5263     0.1428      1.417  78.104796     96.128      6.379   108.5626     3.4978     2.1927     0.0476      0.154      6.220      9.021        541 2.2411e-01 0.0000e+00
      6.387    15.4731     0.1378      1.366  78.282675     96.466      6.376   107.1998     3.4937     2.2196     0.0477      0.153      6.263      9.084        542 2.0462e-01 0.0000e+00
      6.432    15.4118     0.1390      1.377  78.516368     96.848      6.380   106.1398     3.5059     2.3404     0.0479      0.154      6.305      9.146        543 1.8833e-01 0.0000e+00
      6.471    15.3439     0.1334      1.320  78.824561     97.392      6.381   103.4898     3.4978     2.2330     0.0481      0.156      6.345      9.203        544 1.7551e-01 0.0000e+00
      6.509    15.2730     0.1397      1.381  79.088071     97.816      6.386   102.2405     3.3724     2.2867     0.0483      0.157      6.385      9.260        545 2.0058e-01 0.0000e+00
      6.554    15.2081     0.1347      1.330  79.199057     98.189      6.385   101.7105     3.3846     2.3404     0.0484      0.160      6.426      9.320        546 1.7417e-01 0.0000e+00
      6.595    15.1526     0.1353      1.335  79.251243     98.328      6.391    99.3633     3.3846     2.3270     0.0485      0.163      6.462      9.372        547 1.6016e-01 0.0000e+00
      6.618    15.1071     0.1333      1.315  79.617663     99.044      6.396    97.7733     3.3805     2.2599     0.0488      0.160      6.488      9.410        548 1.6421e-01 0.0000e+00
      6.634    15.0710     0.1378      1.358  79.605093     99.112      6.400    95.9183     3.3805     2.3539     0.0488      0.149      6.509      9.441        549 1.5091e-01 0.0000e+00
      6.661    15.0410     0.1379      1.358  79.742517     99.363      6.408    95.0098     3.3926     2.3807     0.0489      0.136      6.537      9.480        550 1.5519e-01 0.0000e+00
      6.702    15.0055     0.1343      1.322  80.487031    100.467      6.409    93.6847     3.3643     2.3002     0.0494      0.128      6.573      9.532        551 1.3375e-01 0.0000e+00
      6.744    14.9600     0.1338      1.316  81.324073    101.485      6.411    92.1705     3.3724     2.3673     0.0498      0.126      6.610      9.587        552 1.1767e-01 0.0000e+00
      6.774    14.9181     0.1311      1.287  81.732831    102.240      6.413    90.9590     3.3805     2.3136     0.0501      0.123      6.643      9.635        553 1.3470e-01 0.0000e+00
      6.805    14.8823     0.1279      1.255  81.970012    102.427      6.418    90.2019     3.3846     2.2867     0.0502      0.122      6.676      9.682        554 1.5584e-01 0.0000e+00
      6.843    14.8388     0.1276      1.250  82.872030    103.905      6.418    88.2333     3.3724     2.2733     0.0509      0.125      6.712      9.735        555 1.3470e-01 0.0000e+00
      6.885    14.7926     0.1249      1.224  83.731749    104.873      6.418    87.5897     3.3724     2.2733     0.0513      0.134      6.752      9.792        556 1.3330e-01 0.0000e+00
      6.926    14.7561     0.1296      1.269  84.586515    106.220      6.419    86.9840     3.3724     2.0719     0.0519      0.143      6.791      9.848        557 1.2970e-01 0.0000e+00
      6.962    14.7263     0.1251      1.224  85.197554    107.013      6.420    85.6212     3.4007     2.1659     0.0522      0.146      6.826      9.900        558 1.2360e-01 0.0000e+00
      6.996    14.6983     0.1264      1.236  85.587686    107.640      6.425    84.4476     3.4048     2.1390     0.0525      0.145      6.860      9.950        559 1.3374e-01 0.0000e+00
      7.030    14.6694     0.1221      1.193  85.766022    107.966      6.430    84.1447     3.3967     2.1524     0.0527      0.144      6.894      9.999        560 1.2573e-01 0.0000e+00
      7.064    14.6327     0.1233      1.203  85.540564    107.690      6.432    83.0469     3.3684     2.0987     0.0525      0.145      6.929     10.049        561 1.2558e-01 0.0000e+00
      7.100    14.5831     0.1261      1.230  85.362852    107.627      6.435    82.0626     3.3967     2.1390     0.0525      0.144      6.966     10.104        562 1.2548e-01 0.0000e+00
      7.148    14.5274     0.1237      1.205  84.887142    107.055      6.439    81.2297     3.3765     2.1256     0.0522      0.144      7.008     10.164        563 1.2539e-01 0.0000e+00
      7.189    14.4784     0.1221      1.190  84.616318    106.871      6.439    80.3969     3.3522     2.1390     0.0521      0.146      7.047     10.220        564 1.2555e-01 0.0000e+00
      7.218    14.4420     0.1177      1.146  84.748544    107.199      6.447    79.3747     3.3926     2.1390     0.0522      0.146      7.078     10.266        565 1.2544e-01 0.0000e+00
      7.248    14.4162     0.1191      1.157  84.930771    107.546      6.450    78.1254     3.4412     2.1927     0.0524      0.145      7.107     10.308        566 1.2544e-01 0.0000e+00
      7.276    14.3945     0.1216      1.181  85.281533    108.106      6.452    77.3304     3.4573     2.1927     0.0526      0.142      7.135     10.348        567 1.2555e-01 0.0000e+00
      7.303    14.3710     0.1246      1.210  85.322939    108.249      6.459    76.5733     3.4493     2.2062     0.0527      0.137      7.162     10.387        568 1.2552e-01 0.0000e+00
      7.330    14.3419     0.1223      1.186  85.236053    108.129      6.464    75.2104     3.4573     2.1122     0.0526      0.130      7.190     10.427        569 1.2552e-01 0.0000e+00
      7.362    14.3021     0.1168      1.131  85.746476    108.907      6.467    74.5668     3.5220     1.9779     0.0530      0.123      7.220     10.472        570 1.2555e-01 0.0000e+00
      7.396    14.2632     0.1171      1.134  86.501437    109.911      6.469    73.5068     3.5018     1.9779     0.0534      0.117      7.252     10.518        571 1.2551e-01 0.0000e+00
      7.427    14.2319     0.1184      1.146  86.853584    110.523      6.472    72.0683     3.5018     1.9242     0.0537      0.115      7.283     10.563        572 1.2555e-01 0.0000e+00
      7.455    14.1967     0.1195      1.155  87.003086    110.739      6.476    71.7275     3.4937     1.9645     0.0538      0.117      7.311     10.604        573 1.2545e-01 0.0000e+00
      7.483    14.1559     0.1163      1.123  87.296656    111.292      6.477    71.3111     3.6555     1.9510     0.0540      0.117      7.340     10.647        574 1.2538e-01 0.0000e+00
      7.518    14.1142     0.1187      1.145  87.677667    111.784      6.479    69.4183     3.6434     1.9645     0.0542      0.119      7.375     10.697        575 1.2562e-01 0.0000e+00
      7.561    14.0753     0.1232      1.188  87.926512    112.331      6.482    69.0775     3.6393     1.9107     0.0544      0.124      7.416     10.756        576 1.2565e-01 0.0000e+00
      7.609    14.0407     0.1230      1.184  88.027760    112.450      6.482    68.6990     3.6353     1.9779     0.0545      0.132      7.461     10.821        577 1.2547e-01 0.0000e+00
      7.654    14.0010     0.1261      1.214  88.414056    113.173      6.481    67.7525     3.5867     1.9779     0.0548      0.140      7.503     10.883        578 1.2540e-01 0.0000e+00
      7.691    13.9601     0.1170      1.125  88.010805    112.733      6.482    67.2604     3.5948     1.8973     0.0546      0.147      7.541     10.937        579 1.2551e-01 0.0000e+00
      7.724    13.9212     0.1208      1.162  88.380962    113.136      6.488    67.4118     3.5787     1.9376     0.0548      0.152      7.574     10.985        580 1.2555e-01 0.0000e+00
      7.756    13.8816     0.1162      1.117  89.856643    115.521      6.490    66.5032     3.5787     1.9913     0.0558      0.155      7.606     11.031        581 1.2553e-01 0.0000e+00
      7.787    13.8434     0.1155      1.110  89.713124    115.095      6.494    65.1404     3.5827     1.9510     0.0556      0.153      7.639     11.079        582 1.2554e-01 0.0000e+00
      7.825    13.8013     0.1176      1.130  90.314129    116.152      6.495    65.8597     3.5948     2.1122     0.0561      0.148      7.675     11.132        583 1.2553e-01 0.0000e+00
      7.868    13.7581     0.1139      1.094  92.290932    118.788      6.499    65.1404     3.5503     1.8839     0.0573      0.144      7.715     11.189        584 1.2563e-01 0.0000e+00
      7.906    13.7204     0.1141      1.095  93.647384    120.689      6.502    63.7397     3.5827     1.9645     0.0581      0.141      7.754     11.246        585 1.2550e-01 0.0000e+00
      7.947    13.6860     0.1187      1.138  94.217658    121.546      6.503    63.4368     3.5867     1.8839     0.0585      0.142      7.793     11.303        586 1.2551e-01 0.0000e+00
      7.987    13.6523     0.1172      1.124  94.406952    121.882      6.508    62.7932     3.5625     1.9242     0.0587      0.146      7.830     11.357        587 1.2551e-01 0.0000e+00
      8.020    13.6229     0.1178      1.129  94.928860    122.678      6.507    61.8089     3.5787     1.9645     0.0590      0.149      7.863     11.403        588 1.2558e-01 0.0000e+00
      8.046    13.6008     0.1146      1.098  95.531423    123.584      6.511    61.2411     3.5948     1.9645     0.0594      0.148      7.889     11.441        589 1.2555e-01 0.0000e+00
      8.067    13.5852     0.1100      1.053  95.947584    124.185      6.516    60.9761     3.5544     1.9376     0.0597      0.142      7.913     11.476        590 1.2554e-01 0.0000e+00
      8.092    13.5708     0.1100      1.052  96.076820    124.475      6.522    59.2725     3.4331     1.7899     0.0598      0.132      7.942     11.518        591 1.2561e-01 0.0000e+00
      8.137    13.5535     0.1052      1.006  96.471280    124.924      6.524    59.1211     3.4573     1.6825     0.0600      0.126      7.984     11.580        592 1.2551e-01 0.0000e+00
      8.196    13.5342     0.1094      1.046  97.509358    126.461      6.524    58.9318     3.4493     1.7362     0.0607      0.130      8.037     11.657        593 1.2560e-01 0.0000e+00
      8.255    13.5118     0.1066      1.019  98.949903    128.226      6.525    57.1904     3.4493     1.7093     0.0615      0.140      8.091     11.735        594 1.2553e-01 0.0000e+00
      8.300    13.4884     0.1050      1.003 100.539541    130.547      6.529    57.4175     3.4452     1.8973     0.0626      0.152      8.137     11.803        595 1.2557e-01 0.0000e+00
