Data/DataNotYetUploadedToEDI/Raw_CTD/RawDownloads/100818_fcr45.cnv
* Sea-Bird SBE19plus  Data File:
* FileName = C:\DATA\100818_fcr_0004.hex
* Software version 2.6.3.104
* Temperature SN = 7809
* Conductivity SN = 7809
* System UpLoad Time = Oct 08 2018 14:57:46
* <ApplicationData>
* <Seaterm232>
# nquan = 17
# nvalues = 520                         
# units = specified
# name 0 = depFM: Depth [fresh water, m]
# name 1 = tv290C: Temperature [ITS-90, deg C]
# name 2 = sbeox0Mg/L: Oxygen, SBE 43 [mg/l]
# name 3 = sbeox0PS: Oxygen, SBE 43 [% saturation]
# name 4 = c0uS/cm: Conductivity [uS/cm]
# name 5 = specc: Specific Conductance [uS/cm]
# name 6 = ph: pH
# name 7 = orp: Oxidation Reduction Potential [mV]
# name 8 = flECO-AFL: Fluorescence, WET Labs ECO-AFL/FL [mg/m^3]
# name 9 = turbWETntu0: Turbidity, WET Labs ECO [NTU]
# name 10 = sal00: Salinity, Practical [PSU]
# name 11 = dz/dtM: Descent Rate [m/s]
# name 12 = prdM: Pressure, Strain Gauge [db]
# name 13 = prdE: Pressure, Strain Gauge [psi]
# name 14 = scan: Scan Count
# name 15 = par/sat/log: PAR/Logarithmic, Satlantic
# name 16 = flag:  0.000e+00
# span 0 =     -0.466,      7.607       
# span 1 =    14.0114,    23.6111       
# span 2 =     0.0760,     9.5064       
# span 3 =      0.836,    111.527       
# span 4 =   0.945380,  96.766066       
# span 5 =      0.954,    124.085       
# span 6 =      6.201,      7.884       
# span 7 =    41.1767,   214.9037       
# span 8 =    -0.1941,     7.3190       
# span 9 =    -0.2377,    96.9940       
# span 10 =     0.0113,     0.0598      
# span 11 =     -0.169,      0.241      
# span 12 =     -0.456,      7.459      
# span 13 =     -0.662,     10.819      
# span 14 =          1,        520      
# span 15 = 1.2339e-01, 4.4405e+02      
# span 16 = 0.0000e+00, 0.0000e+00      
# interval = seconds: 0.25
# start_time = Oct 08 2018 15:07:43 [Instrument's time stamp, header]
# bad_flag = -9.990e-29
*END*
     -0.465    23.6111     8.3608     98.594   0.945380      0.954      6.202   194.1200    -0.1334    -0.1303     0.0113      0.000     -0.456     -0.662          1 2.5485e+02 0.0000e+00
     -0.466    23.6105     8.3586     98.568   1.195778      1.241      6.205   192.9465    -0.1415    -0.1974     0.0114     -0.000     -0.456     -0.662          2 2.6984e+02 0.0000e+00
     -0.465    23.6098     8.3598     98.579   1.523594      1.557      6.223   191.1672    -0.1860    -0.1840     0.0114      0.000     -0.456     -0.662          3 3.1163e+02 0.0000e+00
     -0.465    23.6094     8.3582     98.559   1.721715      1.787      6.229   194.9908    -0.1779     0.2188     0.0114      0.000     -0.456     -0.662          4 2.7840e+02 0.0000e+00
     -0.465    23.6089     8.3588     98.565   1.748627      1.787      6.213   194.1579    -0.1455     0.2188     0.0114      0.000     -0.456     -0.662          5 1.8593e+02 0.0000e+00
     -0.465    23.6084     8.3590     98.566   1.667750      1.729      6.204   192.4165    -0.1577     0.2322     0.0114      0.000     -0.456     -0.662          6 1.6021e+02 0.0000e+00
     -0.466    23.6080     8.3614     98.593   1.644717      1.672      6.201   194.0822    -0.1617     0.1785     0.0114     -0.000     -0.456     -0.662          7 1.6291e+02 0.0000e+00
     -0.465    23.6073     8.3641     98.623   1.718075      1.787      6.206   214.9037    -0.1698     0.2322     0.0114     -0.000     -0.456     -0.662          8 1.5782e+02 0.0000e+00
     -0.465    23.6065     8.3626     98.604   1.694890      1.729      6.210   130.7849    -0.1698     0.2188     0.0114      0.000     -0.456     -0.662          9 1.5229e+02 0.0000e+00
     -0.465    23.6058     8.3637     98.599   1.673570      1.729      6.203   198.2465    -0.1941     0.2054     0.0114      0.000     -0.456     -0.662         10 1.2845e+02 0.0000e+00
     -0.466    23.6050     8.3679     98.622   1.744606      1.787      6.205   198.3222    -0.1658     0.1651     0.0114     -0.000     -0.456     -0.662         11 1.2392e+02 0.0000e+00
     -0.465    23.6046     8.3759     98.698   1.784136      1.844      6.212   197.4893    -0.1334     0.1785     0.0114      0.000     -0.456     -0.662         12 1.3407e+02 0.0000e+00
     -0.465    23.6035     8.3847     98.789   1.683592      1.729      6.214   189.8043    -0.1617     0.1785     0.0114      0.000     -0.456     -0.662         13 1.4954e+02 0.0000e+00
     -0.465    23.6026     8.3949     98.902   1.692082      1.729      6.213   193.5900    -0.1658     0.2860     0.0114      0.000     -0.456     -0.662         14 2.0346e+02 0.0000e+00
     -0.465    23.6018     8.4100     99.070   1.832787      1.902      6.212   193.4386    -0.1819     0.1651     0.0114      0.000     -0.456     -0.662         15 2.4701e+02 0.0000e+00
     -0.465    23.6010     8.4327     99.333   1.804569      1.844      6.218   187.2679    -0.1415     0.2994     0.0114     -0.000     -0.456     -0.662         16 2.6003e+02 0.0000e+00
     -0.465    23.6000     8.4525     99.562   1.667984      1.730      6.215   192.4543    -0.1375    -0.1840     0.0114     -0.000     -0.456     -0.662         17 2.7045e+02 0.0000e+00
     -0.466    23.5997     8.4792     99.876   1.706684      1.730      6.218   196.7700    -0.1455    -0.2109     0.0114     -0.000     -0.456     -0.662         18 2.8995e+02 0.0000e+00
     -0.465    23.5984     8.4717     99.783   1.578760      1.672      6.220   197.7543    -0.1819    -0.1706     0.0114     -0.000     -0.455     -0.661         19 3.1807e+02 0.0000e+00
     -0.465    23.5874     8.4225     99.187   1.531105      1.500      6.221   199.3822    -0.1577    -0.1437     0.0114     -0.000     -0.448     -0.650         20 3.4313e+02 0.0000e+00
     -0.442    23.5713     8.3246     98.007   4.845468      4.887      6.306   212.9351    -0.1617    -0.2243     0.0121      0.006     -0.421     -0.610         21 3.7709e+02 0.0000e+00
     -0.377    23.5610     8.1835     96.322  18.542416     18.734      6.843   149.5242    -0.1698    -0.2377     0.0168      0.027     -0.368     -0.533         22 4.1407e+02 0.0000e+00
     -0.310    23.5548     8.0211     94.393  33.343590     35.044      7.422   140.3249    -0.1577    -0.1974     0.0233      0.061     -0.301     -0.436         23 4.3051e+02 0.0000e+00
     -0.232    23.5497     7.8390     92.243  36.158630     36.835      7.747   142.2177    -0.1253    -0.1034     0.0240      0.105     -0.229     -0.332         24 4.4105e+02 0.0000e+00
     -0.159    23.5454     7.6697     90.246  35.880624     37.185      7.884   133.0563     0.4287     6.3688     0.0242      0.152     -0.161     -0.234         25 4.4000e+02 0.0000e+00
     -0.102    23.5423     7.5175     88.435  36.447706     37.390      7.884   134.9492     0.4246     6.2480     0.0242      0.194     -0.106     -0.154         26 4.4405e+02 0.0000e+00
     -0.066    23.5403     7.3880     86.891  36.283351     37.452      7.855   128.8920     0.4125     6.2480     0.0243      0.222     -0.060     -0.087         27 4.1483e+02 0.0000e+00
     -0.012    23.5396     7.2903     85.734  36.470731     37.511      7.815   108.1841     0.4287     6.3151     0.0243      0.238     -0.009     -0.012         28 3.4801e+02 0.0000e+00
      0.053    23.5376     7.2478     85.242  36.392474     37.513      7.759   141.7256     0.4287     6.3822     0.0243      0.241      0.048      0.070         29 2.9347e+02 0.0000e+00
      0.105    23.5284     7.2841     85.680  36.499379     37.571      7.710   108.9034     2.4060     0.8634     0.0243      0.232      0.101      0.146         30 2.0204e+02 0.0000e+00
      0.149    23.5140     7.3458     86.417  36.485986     37.602      7.664   111.3262     2.3898     0.8634     0.0243      0.220      0.147      0.213         31 1.3463e+02 0.0000e+00
      0.195    23.5010     7.3931     86.982  36.438802     37.522      7.630   133.5106     2.4181     0.7962     0.0243      0.207      0.189      0.274         32 1.2129e+02 0.0000e+00
      0.234    23.4913     7.4105     87.192  36.409808     37.534      7.586   133.2834     2.3939     0.9036     0.0243      0.197      0.222      0.322         33 1.3068e+02 0.0000e+00
      0.248    23.4874     7.4109     87.200  36.373779     37.486      7.542   128.7784     2.5435     0.9842     0.0243      0.184      0.240      0.348         34 1.3450e+02 0.0000e+00
      0.253    23.4839     7.3890     86.946  36.365009     37.493      7.517   132.7156     2.5394     0.8768     0.0243      0.164      0.247      0.357         35 1.3525e+02 0.0000e+00
      0.252    23.4724     7.3432     86.414  36.391069     37.525      7.504   133.7377     2.5718     0.8634     0.0243      0.133      0.247      0.358         36 1.3917e+02 0.0000e+00
      0.249    23.4596     7.2843     85.726  36.371011     37.499      7.500   134.9492     2.5475     0.7962     0.0243      0.097      0.243      0.353         37 1.3144e+02 0.0000e+00
      0.242    23.4549     7.2298     85.087  36.360314     37.508      7.501   134.9870     2.5394     0.8768     0.0243      0.064      0.237      0.344         38 1.3709e+02 0.0000e+00
      0.234    23.4595     7.1695     84.380  36.374725     37.518      7.503   134.7220     2.5354     0.7694     0.0243      0.034      0.232      0.336         39 1.3265e+02 0.0000e+00
      0.233    23.4670     7.1135     83.724  36.412399     37.579      7.504   137.2963     2.5192     0.8768     0.0243      0.009      0.228      0.331         40 1.3194e+02 0.0000e+00
      0.229    23.4735     7.0479     82.954  36.432068     37.576      7.507   136.6149     2.5314     0.8231     0.0243     -0.007      0.225      0.327         41 1.4328e+02 0.0000e+00
      0.227    23.4785     6.9825     82.188  36.439224     37.599      7.502   117.9512     2.4545     0.9171     0.0243     -0.014      0.225      0.327         42 1.3127e+02 0.0000e+00
      0.233    23.4819     6.9458     81.757  36.433150     37.565      7.504   137.9020     2.4950     0.9036     0.0243     -0.013      0.229      0.332         43 1.2955e+02 0.0000e+00
      0.241    23.4840     6.9216     81.472  36.469282     37.619      7.502   137.5613     2.4747     0.8634     0.0243     -0.008      0.235      0.341         44 1.3243e+02 0.0000e+00
      0.245    23.4862     6.9144     81.385  36.483233     37.616      7.496   136.6149     2.4747     0.9976     0.0243     -0.002      0.240      0.348         45 1.1573e+02 0.0000e+00
      0.248    23.4899     6.9477     81.775  36.475106     37.614      7.492   136.5392     2.4626     0.8902     0.0243      0.005      0.244      0.354         46 1.1720e+02 0.0000e+00
      0.254    23.4933     7.0006     82.396  36.538715     37.670      7.490   137.5613     2.4828     0.8499     0.0243      0.011      0.248      0.359         47 1.2654e+02 0.0000e+00
      0.257    23.4952     7.0561     83.050  36.611687     37.754      7.491   136.7663     2.4869     0.8902     0.0244      0.015      0.251      0.363         48 1.1738e+02 0.0000e+00
      0.256    23.4967     7.1230     83.840  36.680885     37.809      7.489   136.6906     2.4545     0.8768     0.0244      0.016      0.251      0.363         49 1.1913e+02 0.0000e+00
      0.255    23.4983     7.1687     84.382  36.778851     37.923      7.487   136.0092     2.4545     0.8499     0.0245      0.014      0.250      0.362         50 1.3475e+02 0.0000e+00
      0.253    23.5001     7.2104     84.880  36.845683     37.979      7.484   133.8892     2.5394     0.9036     0.0245      0.010      0.249      0.361         51 1.2176e+02 0.0000e+00
      0.255    23.5019     7.2349     85.179  36.953630     38.093      7.481   130.1034     2.5637     0.8634     0.0245      0.006      0.250      0.363         52 1.1370e+02 0.0000e+00
      0.258    23.5027     7.2493     85.359  37.148731     38.293      7.475   140.1735     2.5314     0.9171     0.0246      0.004      0.251      0.365         53 1.1556e+02 0.0000e+00
      0.255    23.5023     7.2422     85.285  37.196081     38.350      7.472   138.3563     2.5718     0.8365     0.0246      0.002      0.249      0.362         54 1.1700e+02 0.0000e+00
      0.249    23.5012     7.2388     85.250  37.220962     38.349      7.470   123.3648     2.5556     0.8634     0.0246     -0.001      0.248      0.359         55 1.2317e+02 0.0000e+00
      0.252    23.5002     7.2427     85.301  37.414370     38.580      7.473   122.2291     2.5314     0.9708     0.0247     -0.002      0.250      0.362         56 1.1060e+02 0.0000e+00
      0.261    23.4995     7.2557     85.459  37.489277     38.638      7.462   121.8884     2.5435     0.8097     0.0247      0.001      0.253      0.367         57 1.1342e+02 0.0000e+00
      0.259    23.4998     7.2758     85.700  37.483670     38.639      7.463   139.1135     2.5394     0.8097     0.0247      0.002      0.253      0.367         58 1.2291e+02 0.0000e+00
      0.253    23.5011     7.2855     85.816  37.480670     38.639      7.462   138.6213     2.5394     0.8768     0.0247      0.001      0.248      0.361         59 1.2043e+02 0.0000e+00
      0.249    23.5035     7.2910     85.881  37.493009     38.639      7.460   129.6870     2.5394     0.8231     0.0247     -0.001      0.243      0.354         60 1.2806e+02 0.0000e+00
      0.243    23.5082     7.2779     85.726  37.675939     38.840      7.456   140.7413     2.5435     0.8634     0.0248     -0.004      0.238      0.346         61 1.3754e+02 0.0000e+00
      0.236    23.5147     7.2488     85.380  37.846233     39.011      7.446   128.8920     2.5273     0.9976     0.0249     -0.007      0.233      0.338         62 1.3441e+02 0.0000e+00
      0.234    23.5215     7.1923     84.712  38.052266     39.209      7.440   138.6970     2.5314     0.9036     0.0250     -0.010      0.231      0.335         63 1.2991e+02 0.0000e+00
      0.237    23.5270     7.1308     83.986  38.279713     39.463      7.448   141.2713     2.5233     0.8365     0.0251     -0.013      0.233      0.337         64 1.3189e+02 0.0000e+00
      0.240    23.5306     7.0784     83.367  38.334378     39.486      7.450   141.5363     2.5273     0.8768     0.0251     -0.013      0.235      0.341         65 1.2467e+02 0.0000e+00
      0.242    23.5337     7.0448     82.969  38.369834     39.539      7.452   142.2935     2.5637     0.8902     0.0251     -0.009      0.237      0.344         66 1.2470e+02 0.0000e+00
      0.243    23.5365     7.0339     82.839  38.383895     39.536      7.456   142.0285     2.6324     0.7828     0.0251     -0.004      0.238      0.346         67 1.2921e+02 0.0000e+00
      0.244    23.5390     7.0553     83.090  38.376203     39.534      7.458   142.5963     2.5920     0.8634     0.0251     -0.000      0.238      0.346         68 1.1181e+02 0.0000e+00
      0.243    23.5403     7.0870     83.463  38.438730     39.589      7.460   143.5806     2.5880     0.8634     0.0252      0.003      0.237      0.345         69 1.1700e+02 0.0000e+00
      0.241    23.5405     7.1163     83.807  38.543375     39.702      7.460   143.7320     2.5920     0.7962     0.0252      0.004      0.236      0.343         70 1.3779e+02 0.0000e+00
      0.240    23.5399     7.1434     84.127  38.631580     39.787      7.461   144.1485     2.6244     0.8499     0.0252      0.003      0.236      0.342         71 1.2731e+02 0.0000e+00
      0.240    23.5383     7.1542     84.252  38.625583     39.787      7.461   144.2620     2.5758     0.8902     0.0252      0.001      0.236      0.342         72 1.2720e+02 0.0000e+00
      0.242    23.5366     7.1439     84.130  38.580500     39.730      7.462   144.3756     2.6082     0.7828     0.0252     -0.001      0.237      0.344         73 1.3640e+02 0.0000e+00
      0.244    23.5354     7.1341     84.012  38.569036     39.732      7.462   143.6563     2.6082     0.8499     0.0252     -0.000      0.239      0.348         74 1.1881e+02 0.0000e+00
      0.246    23.5338     7.1096     83.721  38.550864     39.704      7.461   143.9213     2.6001     0.8634     0.0252      0.001      0.241      0.350         75 1.1587e+02 0.0000e+00
      0.248    23.5324     7.0797     83.368  38.514130     39.676      7.462   143.9970     2.6203     0.8365     0.0252      0.002      0.243      0.352         76 1.3597e+02 0.0000e+00
      0.248    23.5315     7.0503     83.021  38.525766     39.678      7.460   143.3535     2.6203     0.8902     0.0252      0.004      0.243      0.353         77 1.1779e+02 0.0000e+00
      0.249    23.5306     7.0190     82.653  38.566046     39.736      7.460   145.0192     2.5718     0.8097     0.0252      0.005      0.244      0.354         78 1.0491e+02 0.0000e+00
      0.249    23.5302     6.9866     82.272  38.582651     39.737      7.459   145.6628     2.5758     0.9439     0.0252      0.005      0.244      0.354         79 1.4006e+02 0.0000e+00
      0.250    23.5299     6.9548     81.898  38.594088     39.767      7.459   145.8520     2.6446     0.8902     0.0252      0.005      0.244      0.354         80 1.2898e+02 0.0000e+00
      0.249    23.5299     6.9144     81.421  38.581476     39.738      7.457   146.0035     2.6769     0.8902     0.0252      0.003      0.244      0.354         81 1.0204e+02 0.0000e+00
      0.249    23.5297     6.8733     80.938  38.568684     39.738      7.457   146.2306     2.6446     0.8902     0.0252      0.002      0.244      0.355         82 1.3019e+02 0.0000e+00
      0.250    23.5289     6.8319     80.451  38.580345     39.738      7.454   146.8742     2.6769     0.7559     0.0252      0.001      0.245      0.356         83 1.3304e+02 0.0000e+00
      0.252    23.5274     6.7882     79.937  38.566965     39.739      7.454   145.5113     2.6729     0.8365     0.0252      0.002      0.246      0.357         84 1.1246e+02 0.0000e+00
      0.251    23.5259     6.7503     79.492  38.585335     39.739      7.454   145.9278     2.6607     0.8365     0.0252      0.002      0.246      0.357         85 1.2648e+02 0.0000e+00
