Data/DataNotYetUploadedToEDI/Raw_CTD/RawDownloads/100818_fcr10.cnv
* Sea-Bird SBE19plus  Data File:
* FileName = C:\DATA\100818_fcr_0001.hex
* Software version 2.6.3.104
* Temperature SN = 7809
* Conductivity SN = 7809
* System UpLoad Time = Oct 08 2018 14:56:58
* <ApplicationData>
* <Seaterm232>
# nquan = 17
# nvalues = 452                         
# units = specified
# name 0 = depFM: Depth [fresh water, m]
# name 1 = tv290C: Temperature [ITS-90, deg C]
# name 2 = sbeox0Mg/L: Oxygen, SBE 43 [mg/l]
# name 3 = sbeox0PS: Oxygen, SBE 43 [% saturation]
# name 4 = c0uS/cm: Conductivity [uS/cm]
# name 5 = specc: Specific Conductance [uS/cm]
# name 6 = ph: pH
# name 7 = orp: Oxidation Reduction Potential [mV]
# name 8 = flECO-AFL: Fluorescence, WET Labs ECO-AFL/FL [mg/m^3]
# name 9 = turbWETntu0: Turbidity, WET Labs ECO [NTU]
# name 10 = sal00: Salinity, Practical [PSU]
# name 11 = dz/dtM: Descent Rate [m/s]
# name 12 = prdM: Pressure, Strain Gauge [db]
# name 13 = prdE: Pressure, Strain Gauge [psi]
# name 14 = scan: Scan Count
# name 15 = par/sat/log: PAR/Logarithmic, Satlantic
# name 16 = flag:  0.000e+00
# span 0 =     -0.474,      2.637       
# span 1 =    20.5432,    23.0929       
# span 2 =    -0.0959,     9.8395       
# span 3 =     -1.069,    113.880       
# span 4 =   0.105888,  46.083952       
# span 5 =      0.530,     50.586       
# span 6 =      6.058,      7.946       
# span 7 = -1240.7455,   285.2803       
# span 8 =    -0.2062,     4.8039       
# span 9 =    -0.3049,     8.3159       
# span 10 =     0.0112,     0.0290      
# span 11 =     -0.251,      0.215      
# span 12 =     -0.464,      2.586      
# span 13 =     -0.673,      3.750      
# span 14 =          1,        452      
# span 15 = 1.3515e+01, 8.7754e+02      
# span 16 = 0.0000e+00, 0.0000e+00      
# interval = seconds: 0.25
# start_time = Oct 08 2018 13:48:32 [Instrument's time stamp, header]
# bad_flag = -9.990e-29
*END*
[from data line 171]
      0.458    22.6839     5.3243     61.669  36.058935     37.807      7.341   198.1329     4.4804     1.3468     0.0242      0.004      0.448      0.650        172 2.3102e+02 0.0000e+00
      0.459    22.6846     5.8459     67.685  36.055538     37.806      7.339   198.4736     4.4723     1.2662     0.0242      0.002      0.449      0.651        173 2.4067e+02 0.0000e+00
      0.458    22.6855     6.5955     76.350  36.006956     37.747      7.338   198.7386     4.4642     1.2393     0.0242      0.001      0.448      0.651        174 2.3539e+02 0.0000e+00
      0.456    22.6863     7.3966     85.616  36.000760     37.747      7.337   199.0415     4.4602     1.2662     0.0242     -0.001      0.448      0.650        175 2.2811e+02 0.0000e+00
      0.457    22.6868     8.1663     94.522  36.003930     37.746      7.340   198.7008     4.5572     1.2796     0.0242     -0.001      0.448      0.650        176 2.3309e+02 0.0000e+00
      0.458    22.6873     8.8685    102.647  36.003011     37.745      7.342   199.4579     4.5168     1.3065     0.0242      0.001      0.449      0.652        177 2.2568e+02 0.0000e+00
      0.459    22.6876     9.3815    108.582  36.001906     37.745      7.340   199.9501     4.5491     1.3468     0.0242      0.002      0.450      0.652        178 2.1531e+02 0.0000e+00
      0.459    22.6883     9.7147    112.436  36.005306     37.745      7.340   199.8743     4.5330     1.3199     0.0242      0.001      0.450      0.652        179 2.0588e+02 0.0000e+00
      0.458    22.6885     9.8395    113.880  36.058095     37.803      7.343   200.0258     4.5330     1.2931     0.0242      0.000      0.449      0.652        180 1.9480e+02 0.0000e+00
      0.458    22.6773     9.8024    113.448  35.995526     37.744      7.343   200.6693     4.4763     1.3333     0.0242      0.000      0.449      0.652        181 1.8015e+02 0.0000e+00
      0.459    22.6526     9.6903    112.150  35.905221     37.627      7.341   200.3286     4.4359     1.2393     0.0241      0.001      0.449      0.652        182 1.8290e+02 0.0000e+00
      0.458    22.6331     9.5408    110.418  35.992529     37.752      7.343   200.0636     4.4804     1.2662     0.0242      0.001      0.449      0.652        183 1.8855e+02 0.0000e+00
      0.459    22.6235     9.3923    108.699  36.005512     37.773      7.342   199.7986     4.4642     1.2393     0.0242      0.001      0.450      0.653        184 1.9079e+02 0.0000e+00
      0.459    22.6187     9.2527    107.083  35.948390     37.729      7.345   200.1772     4.4642     1.3871     0.0241      0.000      0.450      0.653        185 1.9726e+02 0.0000e+00
      0.460    22.6167     9.1485    105.878  35.944992     37.737      7.344   200.2151     4.4561     1.3333     0.0241      0.000      0.450      0.653        186 1.9116e+02 0.0000e+00
      0.459    22.6153     9.0633    104.894  35.950431     37.740      7.346   200.1015     4.4683     1.3602     0.0241      0.001      0.450      0.653        187 1.8037e+02 0.0000e+00
      0.460    22.6139     9.0026    104.193  35.941626     37.742      7.344   200.4422     4.4278     1.2125     0.0241      0.001      0.451      0.654        188 1.6185e+02 0.0000e+00
      0.460    22.6129     8.9617    103.721  35.955951     37.743      7.345   200.8965     4.3267     1.2931     0.0241      0.001      0.451      0.654        189 1.5046e+02 0.0000e+00
      0.459    22.6123     8.9330    103.390  35.932603     37.744      7.346   200.8965     4.3672     1.3468     0.0241      0.001      0.451      0.654        190 1.4738e+02 0.0000e+00
      0.460    22.6118     8.9174    103.210  35.911364     37.686      7.349   201.0101     4.3348     1.2393     0.0241      0.001      0.451      0.654        191 1.4383e+02 0.0000e+00
      0.461    22.6112     8.9133    103.163  35.982384     37.804      7.348   201.0858     4.3227     1.2259     0.0242      0.001      0.452      0.655        192 1.4303e+02 0.0000e+00
      0.461    22.6104     8.9139    103.169  35.962856     37.746      7.347   201.3129     4.3267     1.1051     0.0241      0.001      0.452      0.655        193 1.4238e+02 0.0000e+00
      0.461    22.6100     8.9158    103.189  35.935664     37.746      7.347   201.6536     4.3429     1.0648     0.0241      0.001      0.452      0.656        194 1.4300e+02 0.0000e+00
      0.461    22.6101     8.9146    103.173  35.956905     37.747      7.348   201.4643     4.3591     1.1051     0.0241      0.001      0.452      0.656        195 1.4362e+02 0.0000e+00
      0.462    22.6106     8.9062    103.077  35.995741     37.806      7.344   201.3129     4.3429     1.0782     0.0242      0.001      0.453      0.657        196 1.4375e+02 0.0000e+00
      0.462    22.6111     8.8962    102.961  36.005968     37.806      7.346   201.2372     4.3186     1.0379     0.0242      0.001      0.453      0.657        197 1.4290e+02 0.0000e+00
      0.462    22.6120     8.8805    102.777  35.944178     37.747      7.345   201.9943     4.3389     1.0782     0.0241      0.001      0.453      0.657        198 1.4160e+02 0.0000e+00
      0.462    22.6130     8.8670    102.617  35.954006     37.746      7.343   201.9565     4.3753     1.1453     0.0241      0.001      0.453      0.657        199 1.4049e+02 0.0000e+00
      0.462    22.6136     8.8518    102.437  35.993738     37.804      7.341   202.1458     4.3510     1.0916     0.0242      0.001      0.453      0.656        200 1.3882e+02 0.0000e+00
      0.461    22.6139     8.8473    102.382  35.954048     37.745      7.341   202.6001     4.3146     1.1319     0.0241      0.000      0.452      0.656        201 1.3748e+02 0.0000e+00
      0.461    22.6143     8.8472    102.379  35.944080     37.744      7.342   202.0322     4.2661     1.0648     0.0241     -0.000      0.452      0.656        202 1.3645e+02 0.0000e+00
      0.462    22.6137     8.8503    102.414  35.946825     37.744      7.342   202.0701     4.2459     1.0648     0.0241     -0.000      0.453      0.657        203 1.3583e+02 0.0000e+00
      0.463    22.6121     8.8632    102.566  35.891316     37.685      7.346   202.7893     4.2822     1.0648     0.0241      0.000      0.453      0.658        204 1.3648e+02 0.0000e+00
      0.462    22.6115     8.8694    102.642  35.894527     37.686      7.345   203.0922     4.2903     1.0782     0.0241      0.000      0.453      0.658        205 1.3677e+02 0.0000e+00
      0.462    22.6118     8.8780    102.744  35.942828     37.746      7.343   203.1301     4.4036     1.3065     0.0241      0.000      0.453      0.657        206 1.3751e+02 0.0000e+00
      0.462    22.6120     8.8762    102.723  35.949840     37.746      7.346   203.2815     4.4036     1.2662     0.0241      0.000      0.453      0.657        207 1.3832e+02 0.0000e+00
      0.463    22.6110     8.8670    102.615  35.945118     37.746      7.343   203.2815     4.4036     1.2528     0.0241      0.001      0.454      0.658        208 1.3861e+02 0.0000e+00
      0.463    22.6091     8.8612    102.547  35.948704     37.746      7.346   203.5086     4.4116     1.3736     0.0241      0.001      0.454      0.658        209 1.3866e+02 0.0000e+00
      0.463    22.6072     8.8631    102.570  35.945378     37.746      7.344   204.1144     4.4238     8.2353     0.0241      0.001      0.454      0.658        210 1.3803e+02 0.0000e+00
      0.463    22.6055     8.8643    102.584  35.949259     37.748      7.346   204.0008     4.3995     8.3159     0.0241      0.001      0.454      0.659        211 1.3731e+02 0.0000e+00
      0.464    22.6040     8.8689    102.635  35.943874     37.750      7.349   204.0765     4.3955     8.2219     0.0241      0.001      0.455      0.659        212 1.3634e+02 0.0000e+00
      0.464    22.6037     8.8731    102.687  35.952079     37.751      7.350   204.3415     4.3955     8.0742     0.0241      0.001      0.455      0.659        213 1.3573e+02 0.0000e+00
      0.464    22.6052     8.8774    102.742  35.939049     37.752      7.349   204.5686     4.4561     5.7108     0.0241      0.001      0.455      0.659        214 1.3559e+02 0.0000e+00
      0.464    22.6074     8.8782    102.759  35.900773     37.694      7.352   204.3794     4.4723     5.6437     0.0241      0.001      0.455      0.660        215 1.3560e+02 0.0000e+00
      0.464    22.6088     8.8665    102.633  35.940396     37.751      7.350   204.6444     4.4844     5.6437     0.0241      0.001      0.455      0.660        216 1.3621e+02 0.0000e+00
      0.463    22.6087     8.8518    102.466  35.949055     37.749      7.353   204.9851     4.4561     5.7243     0.0241      0.000      0.455      0.660        217 1.3693e+02 0.0000e+00
      0.464    22.6077     8.8426    102.362  35.889997     37.690      7.353   205.1744     4.4602     1.3602     0.0241      0.000      0.455      0.660        218 1.3758e+02 0.0000e+00
      0.465    22.6074     8.8412    102.346  35.895260     37.690      7.354   205.0986     4.4844     1.3199     0.0241      0.000      0.456      0.661        219 1.3822e+02 0.0000e+00
      0.465    22.6079     8.8449    102.387  35.942506     37.749      7.356   205.5529     4.4723     1.3333     0.0241      0.001      0.456      0.661        220 1.3809e+02 0.0000e+00
      0.465    22.6078     8.8644    102.614  35.949834     37.749      7.354   205.9694     4.4521     1.1991     0.0241      0.001      0.456      0.661        221 1.3768e+02 0.0000e+00
      0.465    22.6072     8.8725    102.706  35.945456     37.749      7.354   206.0072     4.4723     1.3333     0.0241      0.001      0.456      0.661        222 1.3700e+02 0.0000e+00
      0.465    22.6086     8.8819    102.813  35.947953     37.749      7.353   205.8936     4.3146     1.3871     0.0241      0.001      0.456      0.661        223 1.3631e+02 0.0000e+00
      0.465    22.6114     8.8862    102.865  35.887410     37.691      7.354   206.1965     4.3348     1.3468     0.0241      0.001      0.456      0.661        224 1.3611e+02 0.0000e+00
      0.466    22.6153     8.8877    102.886  35.902168     37.690      7.356   206.2722     4.3510     1.3065     0.0241      0.001      0.457      0.662        225 1.3602e+02 0.0000e+00
      0.466    22.6198     8.8830    102.838  35.929587     37.746      7.353   206.2344     4.3389     1.2662     0.0241      0.001      0.457      0.663        226 1.3685e+02 0.0000e+00
      0.466    22.6218     8.8766    102.769  35.912602     37.685      7.356   206.3479     4.4036     1.0916     0.0241      0.001      0.457      0.663        227 1.3795e+02 0.0000e+00
      0.466    22.6227     8.8755    102.754  35.982620     37.798      7.355   206.8779     4.3995     1.0245     0.0242      0.001      0.457      0.663        228 1.3920e+02 0.0000e+00
      0.466    22.6227     8.8813    102.818  35.961083     37.738      7.354   207.0672     4.3874     1.1319     0.0241      0.001      0.457      0.663        229 1.4060e+02 0.0000e+00
      0.466    22.6224     8.8890    102.908  35.939403     37.737      7.354   207.0672     4.4197     1.0782     0.0241      0.001      0.457      0.664        230 1.4209e+02 0.0000e+00
      0.467    22.6225     8.8961    102.992  35.950284     37.737      7.354   207.0672     4.4683     1.2796     0.0241      0.001      0.458      0.664        231 1.4362e+02 0.0000e+00
      0.467    22.6216     8.9048    103.096  35.947542     37.738      7.353   207.5594     4.4723     1.2662     0.0241      0.001      0.458      0.664        232 1.4363e+02 0.0000e+00
      0.467    22.6210     8.9004    103.044  36.002132     37.796      7.339   207.3322     4.4804     1.2662     0.0242      0.001      0.458      0.664        233 1.4353e+02 0.0000e+00
      0.467    22.6216     8.8950    102.977  36.000983     37.797      7.326   207.6351     4.4723     1.2662     0.0242      0.001      0.458      0.664        234 1.4377e+02 0.0000e+00
      0.467    22.6238     8.8952    102.976  36.008289     37.797      7.318   207.9758     4.5289     1.0782     0.0242      0.001      0.458      0.665        235 1.4413e+02 0.0000e+00
      0.468    22.6274     8.8901    102.916  35.993039     37.797      7.322   207.7486     4.5410     1.0648     0.0242      0.001      0.459      0.665        236 1.4528e+02 0.0000e+00
      0.468    22.6296     8.8842    102.849  35.960644     37.736      7.321   207.6729     4.5653     1.0782     0.0241      0.001      0.459      0.665        237 1.4689e+02 0.0000e+00
      0.467    22.6288     8.8820    102.825  35.989286     37.792      7.325   207.5215     4.5370     1.0648     0.0242      0.001      0.459      0.665        238 1.4873e+02 0.0000e+00
      0.468    22.6274     8.8805    102.807  35.957393     37.732      7.325   207.5594     4.4642     1.0782     0.0241      0.000      0.459      0.666        239 1.5073e+02 0.0000e+00
      0.468    22.6274     8.8699    102.686  35.941015     37.732      7.326   207.8622     4.4642     1.0245     0.0241      0.001      0.459      0.666        240 1.5313e+02 0.0000e+00
      0.468    22.6284     8.8629    102.603  35.950351     37.734      7.327   208.1272     4.4723     1.0916     0.0241      0.000      0.459      0.666        241 1.5461e+02 0.0000e+00
      0.468    22.6297     8.8572    102.531  36.005094     37.792      7.326   208.3165     4.4642     1.1319     0.0242      0.000      0.459      0.666        242 1.5557e+02 0.0000e+00
      0.469    22.6296     8.8534    102.480  35.991523     37.791      7.327   208.3922     4.4561     1.1051     0.0242      0.000      0.460      0.667        243 1.5651e+02 0.0000e+00
      0.469    22.6277     8.8559    102.505  35.967238     37.732      7.330   208.4679     4.6583     1.0782     0.0241      0.000      0.460      0.667        244 1.5718e+02 0.0000e+00
      0.469    22.6258     8.8542    102.485  36.035316     37.849      7.335   208.5815     4.6866     1.0916     0.0242      0.001      0.460      0.667        245 1.5757e+02 0.0000e+00
      0.469    22.6251     8.8510    102.452  36.025436     37.792      7.335   208.7708     4.6785     1.0514     0.0242      0.001      0.460      0.667        246 1.5834e+02 0.0000e+00
      0.469    22.6257     8.8558    102.512  36.038851     37.852      7.335   208.5437     4.6664     1.0514     0.0242      0.001      0.460      0.668        247 1.5866e+02 0.0000e+00
      0.470    22.6263     8.8682    102.652  36.018622     37.794      7.336   208.5437     4.5936     1.2931     0.0242      0.001      0.461      0.668        248 1.6137e+02 0.0000e+00
      0.470    22.6266     8.8848    102.833  35.991294     37.794      7.334   208.6194     4.6017     1.3333     0.0242      0.001      0.461      0.668        249 1.6422e+02 0.0000e+00
      0.470    22.6268     8.8900    102.882  36.013543     37.793      7.334   208.6572     4.5936     1.2528     0.0242      0.001      0.461      0.668        250 1.6025e+02 0.0000e+00
      0.470    22.6258     8.8833    102.802  35.990932     37.793      7.334   209.2251     4.5734     1.2796     0.0242      0.001      0.460      0.667        251 1.5850e+02 0.0000e+00
      0.468    22.6228     8.8715    102.665  35.960116     37.734      7.328   208.6951     4.8039     1.1319     0.0241      0.000      0.459      0.666        252 1.7784e+02 0.0000e+00
      0.466    22.6192     8.8566    102.480  35.992578     37.794      7.330   208.6194     4.7917     1.1051     0.0242     -0.001      0.457      0.664        253 1.7754e+02 0.0000e+00
      0.466    22.6173     8.8361    102.244  36.009851     37.796      7.332   209.4901     4.7715     1.0514     0.0242     -0.002      0.456      0.662        254 1.9084e+02 0.0000e+00
      0.463    22.6171     8.8193    102.064  35.938622     37.740      7.323   209.2251     4.7837     1.0379     0.0241     -0.003      0.456      0.661        255 2.0142e+02 0.0000e+00
