Data/DataNotYetUploadedToEDI/Raw_CTD/RawDownloads/100818_fcr10.cnv
* Sea-Bird SBE19plus  Data File:
* FileName = C:\DATA\100818_fcr_0001.hex
* Software version 2.6.3.104
* Temperature SN = 7809
* Conductivity SN = 7809
* System UpLoad Time = Oct 08 2018 14:56:58
* <ApplicationData>
* <Seaterm232>
# nquan = 17
# nvalues = 452                         
# units = specified
# name 0 = depFM: Depth [fresh water, m]
# name 1 = tv290C: Temperature [ITS-90, deg C]
# name 2 = sbeox0Mg/L: Oxygen, SBE 43 [mg/l]
# name 3 = sbeox0PS: Oxygen, SBE 43 [% saturation]
# name 4 = c0uS/cm: Conductivity [uS/cm]
# name 5 = specc: Specific Conductance [uS/cm]
# name 6 = ph: pH
# name 7 = orp: Oxidation Reduction Potential [mV]
# name 8 = flECO-AFL: Fluorescence, WET Labs ECO-AFL/FL [mg/m^3]
# name 9 = turbWETntu0: Turbidity, WET Labs ECO [NTU]
# name 10 = sal00: Salinity, Practical [PSU]
# name 11 = dz/dtM: Descent Rate [m/s]
# name 12 = prdM: Pressure, Strain Gauge [db]
# name 13 = prdE: Pressure, Strain Gauge [psi]
# name 14 = scan: Scan Count
# name 15 = par/sat/log: PAR/Logarithmic, Satlantic
# name 16 = flag:  0.000e+00
# span 0 =     -0.474,      2.637       
# span 1 =    20.5432,    23.0929       
# span 2 =    -0.0959,     9.8395       
# span 3 =     -1.069,    113.880       
# span 4 =   0.105888,  46.083952       
# span 5 =      0.530,     50.586       
# span 6 =      6.058,      7.946       
# span 7 = -1240.7455,   285.2803       
# span 8 =    -0.2062,     4.8039       
# span 9 =    -0.3049,     8.3159       
# span 10 =     0.0112,     0.0290      
# span 11 =     -0.251,      0.215      
# span 12 =     -0.464,      2.586      
# span 13 =     -0.673,      3.750      
# span 14 =          1,        452      
# span 15 = 1.3515e+01, 8.7754e+02      
# span 16 = 0.0000e+00, 0.0000e+00      
# interval = seconds: 0.25
# start_time = Oct 08 2018 13:48:32 [Instrument's time stamp, header]
# bad_flag = -9.990e-29
*END*
[from data line 86]
      0.434    22.6474     6.6390     76.912  36.057761     37.837      7.381   183.1036     4.0922     1.3871     0.0242      0.012      0.426      0.618         87 1.4827e+02 0.0000e+00
      0.429    22.6512     6.6069     76.542  36.058409     37.837      7.378   183.4822     4.0760     1.0648     0.0242      0.006      0.422      0.613         88 1.5502e+02 0.0000e+00
      0.429    22.6541     6.5844     76.282  36.061020     37.835      7.377   183.7472     4.0801     1.0648     0.0242     -0.000      0.422      0.612         89 1.5779e+02 0.0000e+00
      0.433    22.6565     6.5366     75.729  36.054512     37.832      7.375   183.5957     4.0841     1.0782     0.0242     -0.003      0.423      0.613         90 1.6219e+02 0.0000e+00
      0.430    22.6584     6.4941     75.239  36.066508     37.830      7.377   183.8607     4.1003     1.0916     0.0242     -0.005      0.421      0.611         91 1.8043e+02 0.0000e+00
      0.425    22.6590     6.4484     74.709  36.105408     37.886      7.382   183.8607     4.2054     1.3199     0.0242     -0.007      0.419      0.608         92 1.7677e+02 0.0000e+00
      0.427    22.6591     6.4119     74.286  36.065419     37.826      7.390   184.0879     4.2297     1.3333     0.0242     -0.006      0.420      0.609         93 1.6508e+02 0.0000e+00
      0.434    22.6593     6.3812     73.930  36.056954     37.826      7.393   184.2014     4.1933     1.2931     0.0242     -0.003      0.425      0.615         94 1.6516e+02 0.0000e+00
      0.437    22.6602     6.3487     73.555  36.056625     37.826      7.394   185.4886     4.2135     1.3602     0.0242      0.001      0.428      0.620         95 1.6469e+02 0.0000e+00
      0.437    22.6614     6.3240     73.269  36.006512     37.767      7.395   185.8293     4.2216     1.3333     0.0242      0.003      0.428      0.620         96 1.5541e+02 0.0000e+00
      0.435    22.6626     6.2927     72.906  36.060000     37.825      7.391   185.8672     4.2701     0.9976     0.0242      0.004      0.427      0.619         97 1.5117e+02 0.0000e+00
      0.434    22.6637     6.2693     72.637  36.108695     37.883      7.393   185.2236     4.2701     1.0379     0.0242      0.003      0.427      0.619         98 1.5228e+02 0.0000e+00
      0.435    22.6647     6.2469     72.377  36.064546     37.823      7.395   185.2236     4.2782     1.0111     0.0242      0.004      0.427      0.619         99 1.6899e+02 0.0000e+00
      0.435    22.6657     6.2258     72.134  36.055623     37.822      7.395   185.1479     4.2742     1.1185     0.0242      0.004      0.426      0.618        100 1.8126e+02 0.0000e+00
      0.434    22.6665     6.1959     71.788  36.060482     37.821      7.399   185.5643     4.2297     1.2528     0.0242      0.002      0.425      0.617        101 1.7895e+02 0.0000e+00
      0.433    22.6667     6.1715     71.505  36.058500     37.820      7.395   186.8514     4.2175     1.3065     0.0242     -0.001      0.425      0.617        102 1.8979e+02 0.0000e+00
      0.434    22.6665     6.1388     71.126  36.058089     37.820      7.392   187.0029     4.1812     1.3333     0.0242     -0.002      0.426      0.618        103 1.8669e+02 0.0000e+00
      0.435    22.6665     6.1165     70.867  36.060993     37.820      7.391   187.1164     4.1933     1.2393     0.0242     -0.001      0.426      0.618        104 1.7774e+02 0.0000e+00
      0.434    22.6669     6.0910     70.571  36.054886     37.820      7.389   187.2679     4.3389     1.1588     0.0242     -0.000      0.426      0.618        105 1.6690e+02 0.0000e+00
      0.434    22.6675     6.0641     70.258  36.065688     37.820      7.384   187.0029     4.3348     1.1185     0.0242     -0.000      0.426      0.618        106 1.4942e+02 0.0000e+00
      0.434    22.6678     6.0526     70.125  36.106868     37.878      7.382   187.6086     4.3308     1.0782     0.0242     -0.000      0.426      0.618        107 1.4274e+02 0.0000e+00
      0.435    22.6682     6.0342     69.912  36.062958     37.819      7.386   188.1386     4.3510     1.0916     0.0242      0.000      0.427      0.619        108 1.3929e+02 0.0000e+00
      0.436    22.6686     6.0169     69.712  36.061016     37.819      7.386   188.2900     4.2742     1.0916     0.0242      0.001      0.427      0.619        109 1.3773e+02 0.0000e+00
      0.435    22.6692     5.9988     69.502  36.109283     37.877      7.387   188.4793     4.2701     1.0514     0.0242      0.001      0.426      0.618        110 1.3848e+02 0.0000e+00
      0.432    22.6696     5.9918     69.420  36.062207     37.818      7.387   188.2900     4.3025     1.1588     0.0242     -0.000      0.425      0.616        111 1.4024e+02 0.0000e+00
      0.432    22.6695     5.9774     69.254  36.060285     37.818      7.387   188.4793     4.2580     1.1319     0.0242     -0.001      0.424      0.615        112 1.4185e+02 0.0000e+00
      0.433    22.6693     5.9612     69.065  36.052358     37.817      7.386   188.7443     4.2782     1.0782     0.0242     -0.001      0.424      0.615        113 1.4248e+02 0.0000e+00
      0.433    22.6689     5.9392     68.811  36.072070     37.817      7.384   189.0093     4.2822     1.1185     0.0242     -0.001      0.424      0.615        114 1.4280e+02 0.0000e+00
      0.433    22.6684     5.9272     68.673  36.095070     37.876      7.383   189.6150     4.2539     1.1722     0.0242     -0.002      0.424      0.616        115 1.4127e+02 0.0000e+00
      0.434    22.6678     5.9064     68.432  36.023734     37.759      7.383   189.9936     4.2984     1.0648     0.0242     -0.001      0.425      0.617        116 1.3814e+02 0.0000e+00
      0.435    22.6678     5.8869     68.207  36.042212     37.818      7.379   190.1072     4.2661     1.0379     0.0242     -0.000      0.426      0.618        117 1.3481e+02 0.0000e+00
      0.434    22.6682     5.8618     67.916  36.072075     37.819      7.383   190.2207     4.2216     1.3333     0.0242      0.001      0.425      0.617        118 1.3206e+02 0.0000e+00
      0.433    22.6683     5.8485     67.762  36.045888     37.819      7.377   190.4857     4.2216     1.3199     0.0242      0.001      0.425      0.617        119 1.3178e+02 0.0000e+00
      0.434    22.6681     5.8311     67.562  36.015486     37.760      7.375   190.0315     4.1933     1.3871     0.0242      0.001      0.426      0.618        120 1.3153e+02 0.0000e+00
      0.435    22.6678     5.8129     67.351  36.050593     37.818      7.377   190.2586     4.2054     1.2662     0.0242      0.001      0.427      0.619        121 1.3192e+02 0.0000e+00
      0.435    22.6676     5.7927     67.118  36.061514     37.819      7.376   190.2965     4.2661     1.0782     0.0242      0.001      0.427      0.619        122 1.3371e+02 0.0000e+00
      0.436    22.6675     5.7768     66.933  36.061212     37.819      7.378   190.0315     4.2863     1.1991     0.0242      0.001      0.427      0.620        123 1.3559e+02 0.0000e+00
      0.436    22.6677     5.7597     66.737  36.050969     37.819      7.377   190.7886     4.2903     1.0111     0.0242      0.001      0.428      0.620        124 1.3590e+02 0.0000e+00
      0.436    22.6684     5.7411     66.523  36.014945     37.760      7.378   191.6972     4.2742     1.0648     0.0242      0.001      0.428      0.620        125 1.3508e+02 0.0000e+00
      0.435    22.6688     5.7221     66.302  36.106043     37.877      7.379   191.7729     4.2580     1.3199     0.0242      0.001      0.428      0.620        126 1.3511e+02 0.0000e+00
      0.436    22.6689     5.7018     66.069  36.056233     37.818      7.381   191.9622     4.2580     1.2796     0.0242      0.001      0.429      0.621        127 1.3361e+02 0.0000e+00
      0.438    22.6691     5.6827     65.847  35.958299     37.701      7.379   192.2272     4.2984     1.3871     0.0241      0.001      0.429      0.622        128 1.3180e+02 0.0000e+00
      0.438    22.6694     5.6677     65.674  36.049969     37.818      7.380   192.4543     4.2903     1.3602     0.0242      0.001      0.429      0.622        129 1.3121e+02 0.0000e+00
      0.436    22.6700     5.6353     65.299  36.060785     37.818      7.379   192.4543     4.3469     1.0379     0.0242      0.001      0.428      0.621        130 1.3051e+02 0.0000e+00
      0.435    22.6705     5.6206     65.129  36.063472     37.818      7.380   192.5300     4.2984     1.0379     0.0242      0.000      0.427      0.620        131 1.3058e+02 0.0000e+00
      0.437    22.6707     5.6038     64.936  36.105942     37.876      7.380   192.6057     4.3267     1.1588     0.0242      0.000      0.428      0.622        132 1.3172e+02 0.0000e+00
      0.439    22.6710     5.5851     64.719  36.067248     37.817      7.383   193.2115     4.3389     1.0916     0.0242      0.001      0.429      0.623        133 1.3261e+02 0.0000e+00
      0.438    22.6720     5.5717     64.563  36.052307     37.816      7.379   193.0979     4.3510     1.3602     0.0242      0.001      0.429      0.623        134 1.3420e+02 0.0000e+00
      0.436    22.6727     5.5567     64.390  36.005901     37.758      7.376   194.0065     4.3348     1.1453     0.0242     -0.000      0.428      0.621        135 1.3615e+02 0.0000e+00
      0.436    22.6730     5.5459     64.265  36.006366     37.757      7.375   193.9308     4.3146     1.1453     0.0242     -0.001      0.428      0.621        136 1.3578e+02 0.0000e+00
      0.437    22.6736     5.5297     64.077  36.051729     37.815      7.374   194.5365     4.3348     1.3736     0.0242     -0.000      0.429      0.622        137 1.3558e+02 0.0000e+00
      0.437    22.6743     5.5135     63.890  36.068082     37.815      7.370   194.3850     4.3267     1.1856     0.0242      0.000      0.429      0.622        138 1.3553e+02 0.0000e+00
      0.438    22.6745     5.4982     63.714  36.045330     37.814      7.370   194.5743     4.2863     1.2662     0.0242      0.001      0.429      0.623        139 1.3415e+02 0.0000e+00
      0.438    22.6749     5.4832     63.541  36.020725     37.755      7.367   194.3850     4.2459     1.2796     0.0242      0.000      0.429      0.623        140 1.3272e+02 0.0000e+00
      0.437    22.6753     5.4657     63.339  36.039386     37.813      7.369   194.4986     4.2782     1.2528     0.0242     -0.000      0.429      0.622        141 1.3244e+02 0.0000e+00
      0.437    22.6757     5.4501     63.159  36.022107     37.755      7.369   194.3472     4.2782     1.3602     0.0242      0.000      0.429      0.622        142 1.3335e+02 0.0000e+00
      0.437    22.6756     5.4333     62.966  36.042228     37.813      7.370   194.3472     4.3267     1.8167     0.0242      0.000      0.429      0.622        143 1.3435e+02 0.0000e+00
      0.438    22.6754     5.4133     62.734  36.073663     37.812      7.374   194.3472     4.3429     1.7765     0.0242      0.000      0.430      0.623        144 1.3574e+02 0.0000e+00
      0.440    22.6755     5.3967     62.542  36.042305     37.812      7.373   194.7258     4.3348     1.7362     0.0242      0.001      0.431      0.625        145 1.3708e+02 0.0000e+00
      0.440    22.6758     5.3830     62.384  36.021935     37.754      7.374   195.4072     4.3106     1.6556     0.0242      0.001      0.432      0.626        146 1.3809e+02 0.0000e+00
      0.440    22.6763     5.3673     62.202  36.039695     37.813      7.371   195.7100     4.4197     1.3602     0.0242      0.002      0.432      0.626        147 1.3922e+02 0.0000e+00
      0.439    22.6770     5.3470     61.968  36.020203     37.754      7.369   196.1643     4.4116     1.2931     0.0242      0.002      0.431      0.625        148 1.4046e+02 0.0000e+00
      0.439    22.6777     5.3372     61.855  36.046193     37.812      7.367   196.0508     4.4076     1.3602     0.0242      0.001      0.431      0.625        149 1.4074e+02 0.0000e+00
      0.439    22.6786     5.3227     61.687  36.066670     37.811      7.367   196.3158     4.4036     1.3065     0.0242      0.001      0.431      0.625        150 1.4070e+02 0.0000e+00
      0.439    22.6792     5.3090     61.528  36.054037     37.811      7.368   196.2022     4.3833     1.2931     0.0242      0.001      0.431      0.625        151 1.4092e+02 0.0000e+00
      0.439    22.6799     5.3032     61.461  36.061911     37.810      7.370   196.3536     4.4238     1.2796     0.0242     -0.000      0.431      0.625        152 1.4179e+02 0.0000e+00
      0.439    22.6808     5.2856     61.257  36.056869     37.810      7.369   196.8079     4.4197     1.2662     0.0242     -0.001      0.431      0.625        153 1.4373e+02 0.0000e+00
      0.439    22.6814     5.2801     61.192  36.060313     37.809      7.370   196.8836     4.3874     1.3468     0.0242     -0.001      0.431      0.625        154 1.4577e+02 0.0000e+00
      0.440    22.6818     5.2820     61.214  36.057625     37.808      7.372   196.4293     4.4076     1.0648     0.0242     -0.000      0.431      0.626        155 1.4789e+02 0.0000e+00
      0.440    22.6823     5.2729     61.107  36.060214     37.808      7.368   197.0729     4.4076     1.1051     0.0242      0.000      0.431      0.626        156 1.5073e+02 0.0000e+00
      0.440    22.6828     5.2678     61.047  36.057091     37.808      7.372   196.8079     4.3955     1.0782     0.0242      0.001      0.431      0.626        157 1.5289e+02 0.0000e+00
      0.439    22.6830     5.2643     61.007  36.061511     37.807      7.372   197.2622     4.4238     1.1319     0.0242      0.000      0.431      0.626        158 1.5535e+02 0.0000e+00
      0.440    22.6834     5.2594     60.952  36.114031     37.865      7.370   197.4515     4.4036     1.0648     0.0242      0.000      0.431      0.626        159 1.5671e+02 0.0000e+00
      0.440    22.6838     5.2506     60.851  36.110365     37.865      7.369   197.6786     4.4723     1.2662     0.0242      0.001      0.432      0.626        160 1.6021e+02 0.0000e+00
      0.440    22.6837     5.2445     60.781  36.066072     37.806      7.368   198.1329     4.4521     1.2393     0.0242      0.000      0.432      0.626        161 1.6412e+02 0.0000e+00
      0.441    22.6835     5.2299     60.612  36.050518     37.806      7.370   197.5650     4.4642     1.3065     0.0242      0.001      0.433      0.628        162 1.8013e+02 0.0000e+00
      0.444    22.6830     5.2139     60.427  36.011087     37.748      7.371   197.6408     4.4561     1.2796     0.0242      0.001      0.435      0.631        163 1.9150e+02 0.0000e+00
      0.447    22.6823     5.2034     60.306  35.996508     37.748      7.370   198.3222     4.5451     1.2528     0.0242      0.003      0.438      0.636        164 1.9255e+02 0.0000e+00
      0.450    22.6820     5.1839     60.081  36.068662     37.807      7.369   197.9815     4.5815     1.2931     0.0242      0.005      0.441      0.641        165 1.9471e+02 0.0000e+00
      0.453    22.6813     5.1754     59.984  36.099247     37.866      7.369   197.9815     4.5208     1.3602     0.0242      0.007      0.445      0.646        166 2.0434e+02 0.0000e+00
      0.459    22.6806     5.1613     59.821  36.017764     37.749      7.371   198.5872     4.5289     1.3199     0.0242      0.009      0.449      0.651        167 2.0174e+02 0.0000e+00
      0.461    22.6810     5.1503     59.694  35.992114     37.750      7.368   199.1929     4.3995     1.4676     0.0242      0.011      0.451      0.653        168 1.7219e+02 0.0000e+00
      0.459    22.6820     5.1394     59.568  36.012534     37.750      7.357   199.2686     4.3874     1.3065     0.0242      0.011      0.449      0.651        169 1.9988e+02 0.0000e+00
      0.454    22.6828     5.1254     59.406  36.051667     37.808      7.348   198.4736     4.3874     1.2931     0.0242      0.009      0.447      0.648        170 2.3250e+02 0.0000e+00
