Data/DataNotYetUploadedToEDI/Raw_CTD/RawDownloads/100818_fcr45.cnv
* Sea-Bird SBE19plus  Data File:
* FileName = C:\DATA\100818_fcr_0004.hex
* Software version 2.6.3.104
* Temperature SN = 7809
* Conductivity SN = 7809
* System UpLoad Time = Oct 08 2018 14:57:46
* <ApplicationData>
* <Seaterm232>
# nquan = 17
# nvalues = 520                         
# units = specified
# name 0 = depFM: Depth [fresh water, m]
# name 1 = tv290C: Temperature [ITS-90, deg C]
# name 2 = sbeox0Mg/L: Oxygen, SBE 43 [mg/l]
# name 3 = sbeox0PS: Oxygen, SBE 43 [% saturation]
# name 4 = c0uS/cm: Conductivity [uS/cm]
# name 5 = specc: Specific Conductance [uS/cm]
# name 6 = ph: pH
# name 7 = orp: Oxidation Reduction Potential [mV]
# name 8 = flECO-AFL: Fluorescence, WET Labs ECO-AFL/FL [mg/m^3]
# name 9 = turbWETntu0: Turbidity, WET Labs ECO [NTU]
# name 10 = sal00: Salinity, Practical [PSU]
# name 11 = dz/dtM: Descent Rate [m/s]
# name 12 = prdM: Pressure, Strain Gauge [db]
# name 13 = prdE: Pressure, Strain Gauge [psi]
# name 14 = scan: Scan Count
# name 15 = par/sat/log: PAR/Logarithmic, Satlantic
# name 16 = flag:  0.000e+00
# span 0 =     -0.466,      7.607       
# span 1 =    14.0114,    23.6111       
# span 2 =     0.0760,     9.5064       
# span 3 =      0.836,    111.527       
# span 4 =   0.945380,  96.766066       
# span 5 =      0.954,    124.085       
# span 6 =      6.201,      7.884       
# span 7 =    41.1767,   214.9037       
# span 8 =    -0.1941,     7.3190       
# span 9 =    -0.2377,    96.9940       
# span 10 =     0.0113,     0.0598      
# span 11 =     -0.169,      0.241      
# span 12 =     -0.456,      7.459      
# span 13 =     -0.662,     10.819      
# span 14 =          1,        520      
# span 15 = 1.2339e-01, 4.4405e+02      
# span 16 = 0.0000e+00, 0.0000e+00      
# interval = seconds: 0.25
# start_time = Oct 08 2018 15:07:43 [Instrument's time stamp, header]
# bad_flag = -9.990e-29
*END*
[from data line 256]
      1.022    22.4219     8.3284     95.361  35.574357     37.454      7.369   174.6614     3.0692     1.1051     0.0240      0.099      1.001      1.451        257 5.1942e+01 0.0000e+00
      1.060    22.3594     8.3556     95.614  35.476505     37.356      7.364   175.3428     3.0894     1.0514     0.0239      0.109      1.038      1.504        258 5.0854e+01 0.0000e+00
      1.092    22.3075     8.3960     95.985  35.418621     37.337      7.356   175.4186     3.0732     1.1319     0.0239      0.121      1.068      1.549        259 5.0491e+01 0.0000e+00
      1.115    22.2703     8.4241     96.155  35.409153     37.387      7.351   175.5321     3.2511     1.0648     0.0239      0.129      1.090      1.582        260 4.9752e+01 0.0000e+00
      1.129    22.2657     8.4386     96.195  35.369687     37.368      7.348   175.9486     3.2633     1.0514     0.0239      0.127      1.106      1.605        261 4.9472e+01 0.0000e+00
      1.142    22.2461     8.4217     95.919  35.408447     37.458      7.347   176.3650     3.2430     1.0379     0.0239      0.118      1.120      1.625        262 4.9549e+01 0.0000e+00
      1.156    22.2081     8.3485     95.015  35.360933     37.402      7.343   176.7814     3.2390     1.1319     0.0239      0.105      1.131      1.640        263 4.8965e+01 0.0000e+00
      1.160    22.1919     8.2102     93.395  35.310195     37.356      7.342   176.9707     3.5180     1.0648     0.0239      0.087      1.138      1.650        264 4.8960e+01 0.0000e+00
      1.164    22.1604     8.0210     91.177  35.293653     37.391      7.336   177.1221     3.4937     1.0648     0.0239      0.067      1.145      1.661        265 4.9234e+01 0.0000e+00
      1.180    22.1081     7.7889     88.479  35.173929     37.250      7.336   177.3493     3.5261     1.1185     0.0238      0.053      1.163      1.687        266 4.9374e+01 0.0000e+00
      1.215    22.0544     7.5689     85.926  35.103311     37.220      7.332   178.4093     3.5463     1.1051     0.0238      0.051      1.193      1.730        267 4.8132e+01 0.0000e+00
      1.253    22.0190     7.3286     83.148  35.114636     37.258      7.323   178.4471     3.6353     1.4139     0.0238      0.059      1.227      1.779        268 4.7148e+01 0.0000e+00
      1.282    21.9706     7.1183     80.674  35.100547     37.304      7.322   178.5607     3.6393     1.2796     0.0238      0.071      1.259      1.826        269 4.6883e+01 0.0000e+00
      1.317    21.8895     6.9203     78.333  35.002242     37.210      7.314   179.4314     3.6110     1.3065     0.0237      0.086      1.293      1.875        270 4.6031e+01 0.0000e+00
      1.356    21.8232     6.7248     76.047  34.940424     37.190      7.309   179.9614     3.6312     1.3199     0.0237      0.103      1.330      1.929        271 4.4680e+01 0.0000e+00
      1.394    21.7765     6.5089     73.548  34.999560     37.314      7.303   180.6807     3.6555     1.2796     0.0237      0.121      1.368      1.984        272 4.3236e+01 0.0000e+00
      1.435    21.7403     6.2299     70.330  35.047311     37.428      7.295   180.7186     3.5908     1.2796     0.0238      0.136      1.406      2.039        273 4.2223e+01 0.0000e+00
      1.470    21.7119     5.9426     67.053  35.058973     37.463      7.287   181.0214     3.5948     1.2796     0.0238      0.142      1.441      2.090        274 4.0936e+01 0.0000e+00
      1.503    21.6767     5.6232     63.434  34.985070     37.435      7.276   182.0057     3.5827     1.2662     0.0238      0.143      1.474      2.139        275 3.9754e+01 0.0000e+00
      1.538    21.6400     5.2889     59.651  34.961357     37.395      7.265   182.4600     3.5625     1.3065     0.0237      0.143      1.507      2.186        276 3.8810e+01 0.0000e+00
      1.569    21.6095     4.9777     56.099  35.029185     37.545      7.256   182.8386     4.2135     1.2528     0.0238      0.143      1.538      2.231        277 3.8002e+01 0.0000e+00
      1.599    21.5758     4.7022     52.954  34.959991     37.453      7.243   182.9521     4.2216     1.3602     0.0237      0.139      1.568      2.274        278 3.7261e+01 0.0000e+00
      1.630    21.5219     4.4567     50.151  34.928856     37.479      7.238   183.4443     4.1771     1.2931     0.0237      0.134      1.599      2.319        279 3.6209e+01 0.0000e+00
      1.663    21.4572     4.2682     47.991  34.890005     37.445      7.229   183.6336     4.1973     1.2662     0.0237      0.130      1.630      2.364        280 3.5423e+01 0.0000e+00
      1.695    21.4090     4.0976     46.042  34.830417     37.429      7.220   184.0500     6.0129     1.5616     0.0237      0.126      1.660      2.407        281 3.4832e+01 0.0000e+00
      1.720    21.3669     3.9167     43.985  34.884409     37.541      7.214   184.2772     6.0412     1.5885     0.0237      0.123      1.685      2.444        282 3.4185e+01 0.0000e+00
      1.741    21.3223     3.7113     41.659  34.882156     37.581      7.210   184.5800     6.0331     1.5348     0.0237      0.118      1.705      2.474        283 3.3811e+01 0.0000e+00
      1.757    21.2943     3.4964     39.227  34.892560     37.613      7.199   184.7693     6.0291     1.4676     0.0237      0.111      1.724      2.500        284 3.3373e+01 0.0000e+00
      1.776    21.2840     3.2376     36.305  34.930796     37.712      7.192   184.5800     6.3566     1.4810     0.0237      0.103      1.746      2.531        285 3.2789e+01 0.0000e+00
      1.807    21.2700     3.0019     33.644  34.893904     37.673      7.188   184.9964     6.3526     1.5348     0.0237      0.098      1.774      2.572        286 3.1974e+01 0.0000e+00
      1.842    21.2347     2.7998     31.367  34.879170     37.683      7.178   185.3372     6.3728     1.4408     0.0237      0.097      1.806      2.620        287 3.0998e+01 0.0000e+00
      1.877    21.1949     2.6324     29.480  34.889827     37.692      7.171   185.4886     6.3647     1.5079     0.0237      0.099      1.839      2.668        288 3.0260e+01 0.0000e+00
      1.908    21.1562     2.5027     28.022  34.880652     37.723      7.161   186.0564     6.3526     1.4676     0.0237      0.103      1.870      2.713        289 2.9499e+01 0.0000e+00
      1.939    21.1143     2.4131     27.011  34.890604     37.754      7.149   186.3593     5.5964     1.4945     0.0237      0.110      1.900      2.755        290 2.8881e+01 0.0000e+00
      1.964    21.0802     2.3363     26.142  34.936775     37.847      7.139   186.6243     5.5762     1.5750     0.0237      0.116      1.925      2.792        291 2.8359e+01 0.0000e+00
      1.986    21.0521     2.3012     25.740  34.941841     37.881      7.126   186.5864     5.6126     1.5616     0.0238      0.118      1.947      2.824        292 2.7694e+01 0.0000e+00
      2.007    21.0272     2.2757     25.448  34.884319     37.849      7.115   187.0786     5.5843     1.5348     0.0237      0.116      1.970      2.857        293 2.7155e+01 0.0000e+00
      2.033    21.0024     2.2514     25.168  34.889749     37.872      7.103   187.4950     5.3498     1.5079     0.0237      0.110      1.996      2.895        294 2.6395e+01 0.0000e+00
      2.067    20.9749     2.2337     24.962  34.935097     37.953      7.089   187.8357     5.3296     1.4945     0.0238      0.105      2.026      2.938        295 2.5677e+01 0.0000e+00
      2.096    20.9498     2.2105     24.695  34.946524     37.973      7.076   187.7222     5.3417     1.5482     0.0238      0.104      2.054      2.979        296 2.5143e+01 0.0000e+00
      2.121    20.9289     2.1972     24.540  34.994169     38.057      7.063   188.4036     5.3417     1.5616     0.0238      0.103      2.081      3.018        297 2.4441e+01 0.0000e+00
      2.150    20.9101     2.1754     24.288  34.994446     38.078      7.046   189.1229     5.0222     1.4945     0.0238      0.104      2.108      3.058        298 2.3881e+01 0.0000e+00
      2.178    20.8982     2.1472     23.962  34.946193     38.034      7.034   189.8043     5.0465     1.5348     0.0238      0.107      2.136      3.098        299 2.3331e+01 0.0000e+00
      2.207    20.8858     2.1173     23.621  34.935602     38.050      7.023   189.8043     5.0546     1.5482     0.0238      0.110      2.164      3.138        300 2.2754e+01 0.0000e+00
      2.235    20.8654     2.0737     23.128  34.948321     38.059      7.009   189.8422     5.0465     1.5616     0.0238      0.112      2.190      3.177        301 2.2247e+01 0.0000e+00
      2.258    20.8478     2.0079     22.387  34.989686     38.130      6.999   190.2586     4.8120     1.4408     0.0238      0.110      2.213      3.211        302 2.1791e+01 0.0000e+00
      2.279    20.8343     1.9507     21.744  35.002760     38.148      6.983   190.2207     4.7513     1.5213     0.0238      0.106      2.235      3.243        303 2.1426e+01 0.0000e+00
      2.302    20.8180     1.8940     21.110  34.991373     38.162      6.973   190.4100     4.7756     1.4139     0.0238      0.103      2.258      3.275        304 2.1050e+01 0.0000e+00
      2.327    20.8014     1.8399     20.507  35.003865     38.173      6.964   190.7507     4.8201     1.5616     0.0238      0.100      2.282      3.310        305 2.0573e+01 0.0000e+00
      2.351    20.7862     1.7889     19.934  34.987221     38.187      6.949   190.8265     4.5330     1.6690     0.0238      0.097      2.306      3.346        306 2.0159e+01 0.0000e+00
      2.379    20.7715     1.7412     19.393  34.952779     38.140      6.941   191.5457     4.5127     1.4945     0.0238      0.096      2.334      3.386        307 1.9558e+01 0.0000e+00
      2.412    20.7529     1.6941     18.861  34.987422     38.214      6.925   191.9622     4.5249     1.5616     0.0238      0.097      2.364      3.430        308 1.8874e+01 0.0000e+00
      2.443    20.7318     1.6679     18.567  35.003432     38.226      6.908   191.8865     4.5410     1.4676     0.0238      0.101      2.392      3.470        309 1.8477e+01 0.0000e+00
      2.464    20.7147     1.6579     18.456  34.992177     38.241      6.898   191.9622     4.4157     1.5750     0.0238      0.104      2.416      3.505        310 1.8109e+01 0.0000e+00
      2.487    20.6997     1.6609     18.486  35.001437     38.259      6.885   192.3029     4.4197     1.5616     0.0238      0.105      2.439      3.537        311 1.7774e+01 0.0000e+00
      2.510    20.6846     1.6806     18.701  34.991918     38.273      6.878   192.6436     4.4399     1.5213     0.0238      0.105      2.463      3.572        312 1.7333e+01 0.0000e+00
      2.538    20.6730     1.6975     18.883  35.004032     38.286      6.866   193.0222     4.3955     1.5348     0.0238      0.104      2.490      3.610        313 1.6807e+01 0.0000e+00
      2.567    20.6682     1.7266     19.200  35.045684     38.360      6.854   192.7572     4.4116     1.4676     0.0238      0.103      2.516      3.648        314 1.6333e+01 0.0000e+00
      2.589    20.6666     1.7523     19.480  34.999406     38.309      6.848   193.2493     3.9062     1.6019     0.0238      0.101      2.537      3.680        315 1.6096e+01 0.0000e+00
      2.605    20.6556     1.7682     19.655  34.943000     38.251      6.839   193.1357     3.8819     1.5348     0.0238      0.096      2.556      3.707        316 1.5790e+01 0.0000e+00
      2.627    20.6313     1.7614     19.580  34.997253     38.314      6.832   193.3250     3.9143     1.4945     0.0238      0.093      2.576      3.736        317 1.5342e+01 0.0000e+00
      2.649    20.6109     1.7384     19.322  35.050521     38.384      6.818   193.2115     3.8779     1.4945     0.0238      0.092      2.594      3.762        318 1.5243e+01 0.0000e+00
      2.657    20.6054     1.7061     18.957  35.054660     38.405      6.805   193.4008     3.9183     1.5079     0.0238      0.086      2.606      3.781        319 1.5058e+01 0.0000e+00
      2.669    20.6050     1.6578     18.414  35.051426     38.422      6.801   193.6658     3.8941     1.5079     0.0238      0.078      2.616      3.795        320 1.4834e+01 0.0000e+00
      2.678    20.5977     1.6063     17.834  35.054553     38.427      6.793   193.4765     3.8900     1.5348     0.0238      0.068      2.624      3.807        321 1.4800e+01 0.0000e+00
      2.681    20.5841     1.5451     17.147  35.050774     38.427      6.783   193.3629     3.8738     1.4676     0.0238      0.057      2.630      3.815        322 1.4732e+01 0.0000e+00
      2.686    20.5674     1.4697     16.303  35.056132     38.433      6.780   193.1736     3.7323     1.4676     0.0238      0.048      2.637      3.826        323 1.4511e+01 0.0000e+00
      2.702    20.5496     1.3659     15.147  35.047889     38.444      6.777   193.6279     3.7525     1.5885     0.0238      0.043      2.650      3.843        324 1.4208e+01 0.0000e+00
      2.716    20.5366     1.2214     13.541  35.061038     38.458      6.769   193.5143     3.7768     1.4945     0.0238      0.038      2.661      3.859        325 1.4125e+01 0.0000e+00
      2.720    20.5319     1.0498     11.637  35.099091     38.535      6.757   193.4386     3.7768     1.5750     0.0239      0.035      2.668      3.869        326 1.4088e+01 0.0000e+00
      2.725    20.5308     0.8735      9.680  35.059855     38.485      6.752   193.5143     3.7647     1.4408     0.0238      0.034      2.675      3.879        327 1.3899e+01 0.0000e+00
      2.737    20.5251     0.7233      8.014  35.050558     38.489      6.750   193.8172     3.7525     1.5348     0.0238      0.034      2.688      3.898        328 1.3605e+01 0.0000e+00
      2.760    20.5106     0.6152      6.814  35.051351     38.489      6.748   193.8172     3.7768     1.5885     0.0238      0.038      2.709      3.928        329 1.3210e+01 0.0000e+00
      2.788    20.4909     0.5599      6.199  35.058870     38.494      6.742   194.0822     3.7930     1.5079     0.0238      0.047      2.736      3.967        330 1.2778e+01 0.0000e+00
      2.820    20.4700     0.5436      6.017  35.100519     38.568      6.733   194.4229     3.5867     1.5885     0.0239      0.058      2.766      4.011        331 1.2378e+01 0.0000e+00
      2.854    20.4480     0.5685      6.291  35.058842     38.523      6.729   194.7636     3.5625     1.4676     0.0238      0.071      2.799      4.058        332 1.1984e+01 0.0000e+00
      2.887    20.4262     0.6137      6.790  35.051429     38.541      6.717   195.1800     3.5867     1.4810     0.0238      0.087      2.829      4.102        333 1.1658e+01 0.0000e+00
      2.911    20.4079     0.6572      7.270  35.050438     38.560      6.707   195.2179     3.5706     1.5079     0.0238      0.101      2.854      4.140        334 1.1406e+01 0.0000e+00
      2.934    20.3963     0.6806      7.526  35.060086     38.578      6.695   195.5208     3.5948     1.5482     0.0238      0.110      2.879      4.175        335 1.1125e+01 0.0000e+00
      2.962    20.3880     0.6739      7.448  35.098747     38.655      6.685   195.5586     3.0813     1.7362     0.0239      0.114      2.907      4.215        336 1.0785e+01 0.0000e+00
      2.995    20.3772     0.6470      7.148  35.061649     38.604      6.673   196.2779     3.0530     1.6959     0.0238      0.114      2.937      4.260        337 1.0443e+01 0.0000e+00
      3.028    20.3636     0.5973      6.597  35.046947     38.610      6.665   196.5050     3.0611     1.7496     0.0238      0.114      2.968      4.304        338 1.0142e+01 0.0000e+00
      3.056    20.3485     0.5306      5.858  35.057733     38.620      6.657   196.4293     3.0570     1.7899     0.0238      0.113      2.993      4.342        339 9.9064e+00 0.0000e+00
      3.074    20.3337     0.4532      5.001  35.048230     38.631      6.655   196.6186     2.7982     1.7362     0.0238      0.110      3.012      4.369        340 9.8303e+00 0.0000e+00
