Data/DataNotYetUploadedToEDI/Raw_CTD/RawDownloads/100818_fcr45.cnv
* Sea-Bird SBE19plus  Data File:
* FileName = C:\DATA\100818_fcr_0004.hex
* Software version 2.6.3.104
* Temperature SN = 7809
* Conductivity SN = 7809
* System UpLoad Time = Oct 08 2018 14:57:46
* <ApplicationData>
* <Seaterm232>
# nquan = 17
# nvalues = 520                         
# units = specified
# name 0 = depFM: Depth [fresh water, m]
# name 1 = tv290C: Temperature [ITS-90, deg C]
# name 2 = sbeox0Mg/L: Oxygen, SBE 43 [mg/l]
# name 3 = sbeox0PS: Oxygen, SBE 43 [% saturation]
# name 4 = c0uS/cm: Conductivity [uS/cm]
# name 5 = specc: Specific Conductance [uS/cm]
# name 6 = ph: pH
# name 7 = orp: Oxidation Reduction Potential [mV]
# name 8 = flECO-AFL: Fluorescence, WET Labs ECO-AFL/FL [mg/m^3]
# name 9 = turbWETntu0: Turbidity, WET Labs ECO [NTU]
# name 10 = sal00: Salinity, Practical [PSU]
# name 11 = dz/dtM: Descent Rate [m/s]
# name 12 = prdM: Pressure, Strain Gauge [db]
# name 13 = prdE: Pressure, Strain Gauge [psi]
# name 14 = scan: Scan Count
# name 15 = par/sat/log: PAR/Logarithmic, Satlantic
# name 16 = flag:  0.000e+00
# span 0 =     -0.466,      7.607       
# span 1 =    14.0114,    23.6111       
# span 2 =     0.0760,     9.5064       
# span 3 =      0.836,    111.527       
# span 4 =   0.945380,  96.766066       
# span 5 =      0.954,    124.085       
# span 6 =      6.201,      7.884       
# span 7 =    41.1767,   214.9037       
# span 8 =    -0.1941,     7.3190       
# span 9 =    -0.2377,    96.9940       
# span 10 =     0.0113,     0.0598      
# span 11 =     -0.169,      0.241      
# span 12 =     -0.456,      7.459      
# span 13 =     -0.662,     10.819      
# span 14 =          1,        520      
# span 15 = 1.2339e-01, 4.4405e+02      
# span 16 = 0.0000e+00, 0.0000e+00      
# interval = seconds: 0.25
# start_time = Oct 08 2018 15:07:43 [Instrument's time stamp, header]
# bad_flag = -9.990e-29
*END*
[from data line 171]
      0.245    23.5160     5.2647     61.884  38.457420     39.664      7.431   167.0521     2.6729     0.8097     0.0252     -0.001      0.241      0.349        172 1.1963e+02 0.0000e+00
      0.240    23.5161     5.7741     67.820  38.411305     39.548      7.429   166.6357     2.6810     0.7828     0.0251     -0.004      0.237      0.343        173 1.2702e+02 0.0000e+00
      0.240    23.5159     6.4928     76.236  38.405077     39.606      7.430   167.2035     2.6607     0.8634     0.0252     -0.005      0.234      0.340        174 1.2479e+02 0.0000e+00
      0.238    23.5158     7.2704     85.369  38.465171     39.606      7.430   167.1657     2.6931     0.9439     0.0252     -0.005      0.233      0.338        175 1.3114e+02 0.0000e+00
      0.236    23.5157     8.0003     93.951  38.484829     39.692      7.431   167.0521     2.6850     0.7962     0.0252     -0.007      0.233      0.337        176 1.1693e+02 0.0000e+00
      0.238    23.5157     8.6544    101.624  38.469598     39.606      7.432   167.0521     2.6527     0.8365     0.0252     -0.008      0.234      0.339        177 1.1361e+02 0.0000e+00
      0.240    23.5158     9.1154    107.019  38.513787     39.721      7.432   167.8471     2.6729     0.8231     0.0252     -0.007      0.234      0.340        178 1.2634e+02 0.0000e+00
      0.238    23.5159     9.4061    110.404  38.459499     39.606      7.431   167.6957     2.6769     0.9439     0.0252     -0.005      0.232      0.336        179 1.0845e+02 0.0000e+00
      0.231    23.5158     9.5064    111.527  38.507496     39.692      7.429   168.4907     2.6688     0.7828     0.0252     -0.004      0.225      0.326        180 1.2207e+02 0.0000e+00
      0.217    23.4890     9.4488    110.790  38.365069     39.548      7.423   167.8092     2.6446     0.8097     0.0251     -0.007      0.212      0.306        181 1.4279e+02 0.0000e+00
      0.198    23.4314     9.3293    109.351  37.361309     38.511      7.417   164.0235     2.6810     0.8365     0.0247     -0.016      0.197      0.286        182 1.2229e+02 0.0000e+00
      0.190    23.3891     9.1952    107.776  36.434650     37.523      7.419   168.6800     2.6688     0.8097     0.0243     -0.023      0.189      0.274        183 1.4055e+02 0.0000e+00
      0.190    23.3725     9.0819    106.491  36.403964     37.598      7.409   168.7557     2.6648     0.8768     0.0243     -0.029      0.189      0.274        184 1.4552e+02 0.0000e+00
      0.198    23.3735     8.9920    105.515  36.539384     37.746      7.408   168.7935     2.6931     0.8634     0.0243     -0.029      0.195      0.284        185 1.1999e+02 0.0000e+00
      0.210    23.3798     8.9233    104.788  36.592393     37.817      7.411   168.6043     2.6446     0.7828     0.0244     -0.023      0.205      0.298        186 1.2664e+02 0.0000e+00
      0.220    23.3754     8.8801    104.352  36.664256     37.902      7.413   169.1721     2.6486     0.8902     0.0244     -0.012      0.215      0.311        187 1.1740e+02 0.0000e+00
      0.225    23.3662     8.8286    103.802  36.598250     37.811      7.418   169.5885     2.6850     0.9036     0.0244      0.001      0.221      0.320        188 1.0754e+02 0.0000e+00
      0.228    23.3526     8.7799    103.262  36.555899     37.785      7.422   161.9414     2.7982     0.8634     0.0244      0.014      0.227      0.329        189 1.1079e+02 0.0000e+00
      0.241    23.3271     8.7301    102.711  36.420371     37.648      7.419   159.6321     2.7821     0.8634     0.0243      0.025      0.241      0.350        190 9.1610e+01 0.0000e+00
      0.271    23.2985     8.6768    102.106  36.262711     37.485      7.416   159.4049     2.8063     0.8768     0.0242      0.036      0.263      0.382        191 7.1461e+01 0.0000e+00
      0.294    23.2803     8.6207    101.462  36.247908     37.505      7.416   160.1621     2.7861     0.9171     0.0242      0.046      0.280      0.407        192 7.8311e+01 0.0000e+00
      0.294    23.2784     8.5848    101.052  36.260852     37.527      7.402   159.0642     2.7821     0.9574     0.0242      0.049      0.278      0.403        193 9.1302e+01 0.0000e+00
      0.263    23.2994     8.5635    100.808  36.335592     37.628      7.402   158.6857     2.7497     0.8634     0.0243      0.040      0.250      0.363        194 7.7516e+01 0.0000e+00
      0.209    23.3383     8.5529    100.689  36.421834     37.717      7.399   159.3671     2.7457     0.8902     0.0243      0.016      0.206      0.298        195 1.1745e+02 0.0000e+00
      0.160    23.3787     8.5527    100.687  36.479774     37.758      7.395   159.3292     2.7376     0.8097     0.0243     -0.017      0.159      0.231        196 2.0979e+02 0.0000e+00
      0.117    23.4151     8.5602    100.760  36.530407     37.785      7.396   159.7457     2.5920     0.8499     0.0244     -0.055      0.118      0.171        197 2.2935e+02 0.0000e+00
      0.082    23.4428     8.5695    100.852  36.596078     37.811      7.398   159.9349     2.6324     0.8902     0.0244     -0.095      0.081      0.118        198 2.2905e+02 0.0000e+00
      0.048    23.4606     8.5830    101.005  36.664962     37.870      7.398   160.2378     2.6082     0.8365     0.0244     -0.129      0.044      0.063        199 2.5806e+02 0.0000e+00
      0.000    23.4772     8.5909    101.097  36.622620     37.790      7.388   160.3135     2.6324     0.7425     0.0244     -0.155     -0.001     -0.002        200 2.8441e+02 0.0000e+00
     -0.052    23.4892     8.5920    101.109  36.589439     37.748      7.382   161.7899     2.6163     0.8231     0.0244     -0.168     -0.048     -0.069        201 3.0501e+02 0.0000e+00
     -0.092    23.4976     8.5889    101.070  36.587607     37.735      7.384   163.4557     2.6082     0.8902     0.0244     -0.169     -0.089     -0.129        202 2.9846e+02 0.0000e+00
     -0.129    23.5048     8.5735    100.886  36.595231     37.726      7.386   186.5107     2.6203     0.9439     0.0244     -0.165     -0.124     -0.181        203 2.9685e+02 0.0000e+00
     -0.159    23.5077     8.5506    100.613  36.579943     37.719      7.384   164.7807     2.5960     0.8097     0.0244     -0.161     -0.152     -0.222        204 3.1395e+02 0.0000e+00
     -0.179    23.5109     8.5364    100.444  36.547310     37.656      7.391   165.4242     2.6082     0.7828     0.0243     -0.154     -0.172     -0.250        205 3.0908e+02 0.0000e+00
     -0.191    23.5113     8.5326    100.400  36.546862     37.682      7.398   165.1592     2.4747     1.0111     0.0244     -0.142     -0.182     -0.264        206 3.0863e+02 0.0000e+00
     -0.187    23.5031     8.5311    100.395  36.491520     37.593      7.407   164.7428     2.5071     1.1185     0.0243     -0.120     -0.179     -0.259        207 3.1711e+02 0.0000e+00
     -0.169    23.4943     8.5266    100.349  36.527202     37.650      7.410   165.5378     2.4869     1.1319     0.0243     -0.087     -0.167     -0.243        208 3.1259e+02 0.0000e+00
     -0.159    23.4908     8.5151    100.208  36.532115     37.657      7.406   165.6135     2.4788     1.0379     0.0243     -0.053     -0.157     -0.227        209 3.0812e+02 0.0000e+00
     -0.151    23.4901     8.5121    100.157  36.544728     37.664      7.405   165.6892     2.1998    96.9134     0.0243     -0.023     -0.148     -0.214        210 3.1125e+02 0.0000e+00
     -0.140    23.4897     8.5131    100.152  36.600488     37.753      7.409   166.2950     2.2281    96.8328     0.0244      0.003     -0.142     -0.205        211 3.0809e+02 0.0000e+00
     -0.142    23.4884     8.5319    100.346  36.551703     37.667      7.395   165.9164     2.2159    96.9940     0.0243      0.019     -0.142     -0.207        212 3.0804e+02 0.0000e+00
     -0.154    23.4869     8.5419    100.408  36.516464     37.667      7.395   165.8407     2.2079    96.8328     0.0243      0.023     -0.148     -0.215        213 3.0970e+02 0.0000e+00
     -0.155    23.4852     8.5526    100.477  36.496046     37.611      7.398   165.5378     2.4707     0.8365     0.0243      0.021     -0.149     -0.216        214 3.1214e+02 0.0000e+00
     -0.146    23.4837     8.5575    100.497  36.517793     37.670      7.404   165.6892     2.4505     0.8902     0.0243      0.014     -0.143     -0.206        215 3.1335e+02 0.0000e+00
     -0.136    23.4850     8.5609    100.469  36.548721     37.671      7.412   165.5757     2.4828     0.9842     0.0243      0.009     -0.131     -0.189        216 3.0822e+02 0.0000e+00
     -0.116    23.4911     8.5592    100.382  36.546537     37.701      7.414   165.6135     2.4586     0.9305     0.0244      0.012     -0.113     -0.164        217 3.1605e+02 0.0000e+00
     -0.093    23.4955     8.5584    100.330  36.490852     37.614      7.410   165.5757     2.5394     0.8365     0.0243      0.021     -0.092     -0.133        218 3.1610e+02 0.0000e+00
     -0.071    23.4918     8.5622    100.350  36.469722     37.609      7.402   165.0835     2.5314     0.7828     0.0243      0.034     -0.070     -0.102        219 3.1299e+02 0.0000e+00
     -0.050    23.4836     8.5776    100.511  36.483852     37.605      7.395   164.9321     2.5556     0.8634     0.0243      0.050     -0.050     -0.072        220 3.1152e+02 0.0000e+00
     -0.031    23.4750     8.5949    100.694  36.591904     37.723      7.396   164.7428     2.5435     0.9305     0.0244      0.065     -0.030     -0.043        221 3.1305e+02 0.0000e+00
     -0.011    23.4602     8.6293    101.040  36.661507     37.816      7.395   165.1214     2.7254     0.8634     0.0244      0.074     -0.008     -0.012        222 3.0642e+02 0.0000e+00
      0.017    23.4307     8.6607    101.335  36.545531     37.679      7.386   165.1971     2.6607     0.8902     0.0243      0.081      0.019      0.026        223 2.8761e+02 0.0000e+00
      0.050    23.4017     8.6835    101.524  36.409988     37.575      7.375   165.8028     2.6527     0.8231     0.0243      0.088      0.049      0.070        224 2.7453e+02 0.0000e+00
      0.080    23.3799     8.6993    101.638  36.385310     37.540      7.376   165.7271     2.6607     0.9305     0.0243      0.094      0.079      0.115        225 2.7091e+02 0.0000e+00
      0.112    23.3461     8.7084    101.692  36.398301     37.621      7.383   165.9164     2.6850     0.8365     0.0243      0.100      0.112      0.163        226 2.5418e+02 0.0000e+00
      0.150    23.3098     8.7108    101.622  36.334517     37.521      7.392   165.9164     2.6729     1.0648     0.0243      0.108      0.147      0.214        227 2.0677e+02 0.0000e+00
      0.188    23.2879     8.7145    101.504  36.316406     37.577      7.400   165.9921     2.6769     1.0916     0.0243      0.118      0.183      0.266        228 1.7240e+02 0.0000e+00
      0.223    23.2741     8.7235    101.462  36.272561     37.518      7.406   166.1435     2.6527     1.1185     0.0242      0.127      0.218      0.317        229 1.5983e+02 0.0000e+00
      0.256    23.2648     8.7337    101.449  36.300122     37.594      7.408   166.2950     2.7012     1.0782     0.0243      0.133      0.253      0.367        230 1.4942e+02 0.0000e+00
      0.295    23.2530     8.7345    101.339  36.311777     37.604      7.407   166.4842     2.8144     0.9305     0.0243      0.137      0.288      0.418        231 1.3753e+02 0.0000e+00
      0.330    23.2246     8.7260    101.140  36.258064     37.554      7.406   166.4842     2.8144     0.8097     0.0242      0.139      0.321      0.466        232 1.3068e+02 0.0000e+00
      0.357    23.1861     8.6976    100.746  36.248338     37.562      7.404   166.6735     2.8184     0.8768     0.0242      0.138      0.350      0.507        233 1.2252e+02 0.0000e+00
      0.385    23.1457     8.6805    100.511  36.175594     37.498      7.404   167.0521     2.8225     0.8634     0.0242      0.135      0.378      0.547        234 1.1267e+02 0.0000e+00
      0.415    23.1094     8.6761    100.422  36.111336     37.470      7.404   167.3171     2.7174     0.9305     0.0242      0.130      0.404      0.587        235 1.0913e+02 0.0000e+00
      0.437    23.0814     8.6723    100.344  36.061397     37.443      7.406   167.7714     2.7538     0.8634     0.0242      0.124      0.429      0.622        236 1.0392e+02 0.0000e+00
      0.460    23.0299     8.6597    100.173  36.059811     37.472      7.403   168.0364     2.7376     0.8097     0.0242      0.117      0.453      0.657        237 1.0104e+02 0.0000e+00
      0.487    22.9483     8.6339     99.858  35.994693     37.435      7.402   168.1121     2.7335     0.7828     0.0241      0.110      0.480      0.697        238 9.4324e+01 0.0000e+00
      0.523    22.8709     8.5833     99.257  35.875526     37.329      7.402   168.6800     2.9034     0.9439     0.0241      0.107      0.514      0.746        239 8.6617e+01 0.0000e+00
      0.564    22.8037     8.5227     98.544  35.822578     37.365      7.396   169.0964     2.8670     0.9171     0.0241      0.110      0.554      0.803        240 8.5671e+01 0.0000e+00
      0.608    22.7413     8.4662     97.861  35.734382     37.308      7.396   169.7400     2.9034     0.7828     0.0240      0.118      0.596      0.864        241 8.1630e+01 0.0000e+00
      0.653    22.6895     8.4156     97.275  35.718401     37.361      7.396   170.2321     2.8468     0.7828     0.0240      0.129      0.637      0.924        242 7.4740e+01 0.0000e+00
      0.687    22.6559     8.3789     96.833  35.723867     37.409      7.397   170.2700     3.1258     1.0916     0.0240      0.138      0.670      0.972        243 7.1914e+01 0.0000e+00
      0.708    22.6355     8.3567     96.541  35.727608     37.450      7.398   170.3457     3.1055     1.0782     0.0240      0.143      0.695      1.008        244 6.8461e+01 0.0000e+00
      0.730    22.6166     8.3564     96.503  35.743428     37.506      7.400   170.8757     3.1339     1.0648     0.0240      0.142      0.715      1.038        245 6.4397e+01 0.0000e+00
      0.752    22.5986     8.3675     96.586  35.793172     37.551      7.398   171.1407     3.1177     1.1051     0.0241      0.134      0.734      1.065        246 6.2681e+01 0.0000e+00
      0.764    22.5861     8.3869     96.716  35.814006     37.625      7.395   171.1785     3.1379     1.0111     0.0241      0.120      0.750      1.088        247 5.9566e+01 0.0000e+00
      0.780    22.5762     8.4017     96.768  35.806487     37.580      7.399   171.4057     3.2107     0.8902     0.0241      0.103      0.768      1.114        248 5.7947e+01 0.0000e+00
      0.807    22.5695     8.4236     96.926  35.802538     37.649      7.400   172.0114     3.1824     0.9305     0.0241      0.090      0.792      1.149        249 5.7566e+01 0.0000e+00
      0.836    22.5607     8.4340     96.974  35.759609     37.539      7.394   172.3143     3.1905     0.8365     0.0240      0.083      0.817      1.184        250 5.5854e+01 0.0000e+00
      0.855    22.5474     8.4283     96.901  35.711625     37.575      7.385   172.8821     3.2066     0.9708     0.0240      0.081      0.837      1.214        251 5.6167e+01 0.0000e+00
      0.869    22.5443     8.4069     96.623  35.624993     37.403      7.384   172.9957     3.1096     0.8365     0.0240      0.080      0.854      1.238        252 5.6899e+01 0.0000e+00
      0.888    22.5358     8.3798     96.231  35.689478     37.563      7.383   172.9957     3.1379     0.8902     0.0240      0.080      0.873      1.266        253 5.6099e+01 0.0000e+00
      0.913    22.5164     8.3401     95.758  35.661038     37.475      7.378   173.6393     3.1136     0.9036     0.0240      0.081      0.897      1.302        254 5.5464e+01 0.0000e+00
      0.944    22.4983     8.3174     95.430  35.571415     37.424      7.373   173.6393     3.1217     0.9036     0.0240      0.086      0.927      1.345        255 5.4475e+01 0.0000e+00
