Data/DataNotYetUploadedToEDI/Raw_CTD/RawDownloads/100818_fcr45.cnv
* Sea-Bird SBE19plus  Data File:
* FileName = C:\DATA\100818_fcr_0004.hex
* Software version 2.6.3.104
* Temperature SN = 7809
* Conductivity SN = 7809
* System UpLoad Time = Oct 08 2018 14:57:46
* <ApplicationData>
* <Seaterm232>
# nquan = 17
# nvalues = 520                         
# units = specified
# name 0 = depFM: Depth [fresh water, m]
# name 1 = tv290C: Temperature [ITS-90, deg C]
# name 2 = sbeox0Mg/L: Oxygen, SBE 43 [mg/l]
# name 3 = sbeox0PS: Oxygen, SBE 43 [% saturation]
# name 4 = c0uS/cm: Conductivity [uS/cm]
# name 5 = specc: Specific Conductance [uS/cm]
# name 6 = ph: pH
# name 7 = orp: Oxidation Reduction Potential [mV]
# name 8 = flECO-AFL: Fluorescence, WET Labs ECO-AFL/FL [mg/m^3]
# name 9 = turbWETntu0: Turbidity, WET Labs ECO [NTU]
# name 10 = sal00: Salinity, Practical [PSU]
# name 11 = dz/dtM: Descent Rate [m/s]
# name 12 = prdM: Pressure, Strain Gauge [db]
# name 13 = prdE: Pressure, Strain Gauge [psi]
# name 14 = scan: Scan Count
# name 15 = par/sat/log: PAR/Logarithmic, Satlantic
# name 16 = flag:  0.000e+00
# span 0 =     -0.466,      7.607       
# span 1 =    14.0114,    23.6111       
# span 2 =     0.0760,     9.5064       
# span 3 =      0.836,    111.527       
# span 4 =   0.945380,  96.766066       
# span 5 =      0.954,    124.085       
# span 6 =      6.201,      7.884       
# span 7 =    41.1767,   214.9037       
# span 8 =    -0.1941,     7.3190       
# span 9 =    -0.2377,    96.9940       
# span 10 =     0.0113,     0.0598      
# span 11 =     -0.169,      0.241      
# span 12 =     -0.456,      7.459      
# span 13 =     -0.662,     10.819      
# span 14 =          1,        520      
# span 15 = 1.2339e-01, 4.4405e+02      
# span 16 = 0.0000e+00, 0.0000e+00      
# interval = seconds: 0.25
# start_time = Oct 08 2018 15:07:43 [Instrument's time stamp, header]
# bad_flag = -9.990e-29
*END*
[from data line 426]
      5.399    17.3152     0.1337      1.374  72.650341     85.554      6.350   172.8064     2.9519     3.1730     0.0434      0.115      5.293      7.678        427 6.0798e-01 0.0000e+00
      5.432    17.2596     0.1317      1.352  72.960311     86.063      6.348   170.5728     2.9842     3.3744     0.0436      0.119      5.325      7.724        428 5.8464e-01 0.0000e+00
      5.461    17.2063     0.1303      1.337  73.240508     86.534      6.346   166.1435     3.0004     3.3072     0.0438      0.123      5.354      7.766        429 5.5892e-01 0.0000e+00
      5.487    17.1496     0.1313      1.347  73.430824     86.878      6.349   160.0485     2.9802     3.3878     0.0439      0.125      5.381      7.806        430 5.2812e-01 0.0000e+00
      5.515    17.0917     0.1299      1.332  73.436657     86.988      6.350   156.4142     3.0045     3.3744     0.0440      0.125      5.410      7.846        431 4.9677e-01 0.0000e+00
      5.546    17.0209     0.1298      1.330  73.619586     87.305      6.350   154.0671     3.2673     2.9447     0.0441      0.124      5.440      7.889        432 4.6748e-01 0.0000e+00
      5.579    16.9519     0.1300      1.331  73.827230     87.723      6.354   152.2878     3.2592     2.8776     0.0443      0.122      5.472      7.936        433 4.5658e-01 0.0000e+00
      5.614    16.8892     0.1281      1.308  74.010316     88.005      6.353   150.0921     3.2552     2.9044     0.0444      0.120      5.505      7.985        434 4.4653e-01 0.0000e+00
      5.648    16.8183     0.1266      1.291  74.342685     88.652      6.354   146.6849     3.2471     2.9984     0.0446      0.120      5.538      8.033        435 4.1809e-01 0.0000e+00
      5.681    16.7476     0.1283      1.307  74.542851     88.915      6.358   143.9213     3.3603     2.7164     0.0447      0.123      5.569      8.078        436 4.1201e-01 0.0000e+00
      5.709    16.6800     0.1306      1.329  74.771610     89.438      6.360   141.1577     3.3846     2.7701     0.0449      0.125      5.596      8.117        437 4.0640e-01 0.0000e+00
      5.729    16.6260     0.1293      1.315  75.157562     89.956      6.361   137.7127     3.3967     2.7298     0.0452      0.123      5.618      8.149        438 3.7326e-01 0.0000e+00
      5.750    16.5896     0.1294      1.314  75.697024     90.842      6.366   134.8356     3.3805     2.7433     0.0455      0.118      5.641      8.182        439 3.8682e-01 0.0000e+00
      5.777    16.5697     0.1249      1.267  75.972499     91.229      6.370   131.7313     3.3724     2.7030     0.0457      0.113      5.667      8.219        440 3.5124e-01 0.0000e+00
      5.808    16.5564     0.1268      1.286  75.736029     91.072      6.370   129.0813     3.3724     2.7701     0.0456      0.108      5.696      8.261        441 3.3779e-01 0.0000e+00
      5.839    16.5256     0.1228      1.244  75.842758     91.152      6.372   126.8477     3.3967     2.7030     0.0456      0.106      5.727      8.306        442 3.1397e-01 0.0000e+00
      5.872    16.4641     0.1260      1.275  76.226036     91.783      6.372   124.2734     3.3563     2.7433     0.0459      0.106      5.758      8.352        443 2.7350e-01 0.0000e+00
      5.905    16.3677     0.1225      1.237  76.507224     92.024      6.376   121.5855     3.4007     2.7298     0.0460      0.109      5.790      8.398        444 3.0388e-01 0.0000e+00
      5.937    16.2819     0.1272      1.283  76.978786     92.898      6.377   118.5570     3.3805     2.6896     0.0464      0.114      5.821      8.444        445 2.8937e-01 0.0000e+00
      5.969    16.2332     0.1271      1.280  77.006322     93.019      6.378   116.5127     3.3886     2.7433     0.0464      0.120      5.851      8.486        446 3.0263e-01 0.0000e+00
      5.995    16.1962     0.1255      1.263  76.948549     93.211      6.380   114.5062     3.3684     2.6896     0.0465      0.123      5.877      8.523        447 3.0170e-01 0.0000e+00
      6.014    16.1597     0.1301      1.307  77.110208     93.491      6.384   112.0455     3.4169     2.5956     0.0466      0.120      5.898      8.555        448 2.6936e-01 0.0000e+00
      6.037    16.1202     0.1326      1.331  77.518472     94.050      6.387   109.8877     3.4452     2.6493     0.0468      0.114      5.923      8.591        449 2.6691e-01 0.0000e+00
      6.071    16.0674     0.1366      1.368  77.540149     94.270      6.390   107.5784     3.4452     2.7701     0.0469      0.111      5.953      8.635        450 2.3969e-01 0.0000e+00
      6.104    16.0119     0.1345      1.347  77.558791     94.155      6.391   105.9884     3.4654     2.7701     0.0469      0.109      5.984      8.680        451 2.3049e-01 0.0000e+00
      6.132    15.9733     0.1347      1.348  77.970850     95.095      6.392   103.7169     3.4573     2.6627     0.0473      0.108      6.013      8.721        452 2.0967e-01 0.0000e+00
      6.159    15.9186     0.1304      1.305  77.948741     94.850      6.394   102.1648     3.4210     2.7298     0.0471      0.108      6.040      8.761        453 1.8777e-01 0.0000e+00
      6.187    15.8370     0.1272      1.272  78.596878     96.031      6.396   100.7262     3.4169     2.6627     0.0477      0.109      6.069      8.803        454 2.0550e-01 0.0000e+00
      6.221    15.7665     0.1222      1.222  79.393431     96.910      6.399    98.8333     3.4654     2.7164     0.0480      0.113      6.101      8.849        455 1.8094e-01 0.0000e+00
      6.257    15.7109     0.1215      1.214  79.305542     97.212      6.402    96.8269     3.4493     2.7701     0.0481      0.119      6.135      8.898        456 1.7940e-01 0.0000e+00
      6.289    15.6537     0.1201      1.200  80.251928     98.201      6.403    95.4640     3.5989     2.5419     0.0486      0.121      6.166      8.943        457 2.1004e-01 0.0000e+00
      6.315    15.5909     0.1126      1.124  82.466421    101.503      6.406    94.2526     3.5584     2.4479     0.0500      0.121      6.193      8.982        458 1.9473e-01 0.0000e+00
      6.341    15.5249     0.1160      1.157  83.119097    102.089      6.405    92.5112     3.5625     2.5553     0.0503      0.120      6.219      9.020        459 1.7346e-01 0.0000e+00
      6.370    15.4656     0.1167      1.163  83.393390    102.770      6.408    91.2997     3.5544     2.4881     0.0506      0.119      6.244      9.056        460 1.9356e-01 0.0000e+00
      6.388    15.4249     0.1151      1.147  83.998051    103.624      6.411    89.4826     3.5746     2.5016     0.0509      0.115      6.263      9.083        461 1.7659e-01 0.0000e+00
      6.400    15.3947     0.1082      1.077  83.912594    103.678      6.413    88.2712     3.5706     2.5016     0.0509      0.107      6.275      9.102        462 1.5688e-01 0.0000e+00
      6.410    15.3848     0.1158      1.152  83.856554    103.708      6.419    86.9840     3.5584     2.4613     0.0509      0.094      6.285      9.115        463 1.7064e-01 0.0000e+00
      6.415    15.3952     0.1148      1.141  83.830006    103.754      6.422    85.3940     3.5625     2.4881     0.0510      0.079      6.291      9.125        464 1.6612e-01 0.0000e+00
      6.421    15.3868     0.1174      1.167  83.915937    103.882      6.426    83.9933     3.5180     2.2599     0.0510      0.065      6.298      9.135        465 1.8898e-01 0.0000e+00
      6.432    15.3625     0.1117      1.109  84.403684    104.444      6.431    82.6304     3.5018     2.2330     0.0513      0.054      6.307      9.148        466 1.8512e-01 0.0000e+00
      6.442    15.3317     0.1130      1.122  84.947366    105.192      6.433    81.3811     3.5463     2.3002     0.0516      0.044      6.316      9.161        467 1.4712e-01 0.0000e+00
      6.449    15.2898     0.1130      1.121  85.052905    105.330      6.436    80.2454     3.5059     2.3404     0.0517      0.036      6.324      9.173        468 1.5090e-01 0.0000e+00
      6.457    15.2596     0.1127      1.118  85.342684    105.786      6.440    78.9961     3.5099     2.2464     0.0519      0.033      6.333      9.186        469 1.6646e-01 0.0000e+00
      6.468    15.2420     0.1117      1.106  85.776048    106.460      6.445    77.8983     3.4978     2.2330     0.0522      0.033      6.346      9.203        470 1.6163e-01 0.0000e+00
      6.486    15.2145     0.1067      1.055  85.643446    106.361      6.446    76.9897     3.4897     2.2464     0.0521      0.036      6.362      9.227        471 1.7440e-01 0.0000e+00
      6.508    15.1714     0.1135      1.121  85.864526    106.619      6.451    75.7783     3.5059     2.3673     0.0522      0.043      6.381      9.254        472 1.4815e-01 0.0000e+00
      6.524    15.1319     0.1103      1.088  86.541598    107.663      6.451    74.8697     3.5140     2.5821     0.0527      0.049      6.396      9.278        473 1.3033e-01 0.0000e+00
      6.536    15.1010     0.1198      1.181  86.525385    107.644      6.459    73.4690     3.4897     2.5419     0.0527      0.053      6.411      9.300        474 1.3428e-01 0.0000e+00
      6.555    15.0736     0.1161      1.143  86.330737    107.573      6.456    72.5983     3.5261     2.4210     0.0526      0.058      6.430      9.326        475 1.2968e-01 0.0000e+00
      6.580    15.0509     0.1125      1.107  85.445902    106.574      6.460    71.9547     3.5099     2.5150     0.0521      0.065      6.453      9.358        476 1.4521e-01 0.0000e+00
      6.603    15.0256     0.1141      1.122  84.266871    105.039      6.461    70.7811     3.5180     2.5016     0.0514      0.071      6.476      9.393        477 1.2962e-01 0.0000e+00
      6.629    14.9995     0.1151      1.132  84.081629    105.028      6.462    70.0997     3.5140     2.4881     0.0514      0.077      6.501      9.429        478 1.2339e-01 0.0000e+00
      6.656    14.9752     0.1175      1.154  84.279105    105.199      6.460    69.2290     3.5059     2.5150     0.0515      0.081      6.528      9.468        479 1.2693e-01 0.0000e+00
      6.686    14.9334     0.1116      1.095  83.158994    104.113      6.462    69.1532     3.5018     2.5016     0.0510      0.088      6.558      9.511        480 1.2490e-01 0.0000e+00
      6.720    14.8685     0.1222      1.198  81.194771    101.337      6.461    68.4340     3.5423     2.4747     0.0497      0.097      6.592      9.561        481 1.2580e-01 0.0000e+00
      6.763    14.8029     0.1223      1.198  82.353586    103.125      6.458    67.7525     3.5625     2.4210     0.0505      0.109      6.629      9.615        482 1.2741e-01 0.0000e+00
      6.798    14.7441     0.1205      1.179  84.184320    105.685      6.458    67.2604     3.5867     2.4613     0.0517      0.118      6.663      9.665        483 1.2955e-01 0.0000e+00
      6.825    14.6952     0.1216      1.189  84.624355    106.139      6.460    66.2004     3.5827     2.5150     0.0518      0.124      6.693      9.707        484 1.2661e-01 0.0000e+00
      6.853    14.6589     0.1238      1.210  84.749254    106.826      6.464    65.2161     3.5584     2.4479     0.0521      0.127      6.721      9.748        485 1.3472e-01 0.0000e+00
      6.882    14.6250     0.1221      1.193  85.664159    107.558      6.463    64.3075     3.5544     2.5687     0.0525      0.128      6.749      9.788        486 1.3574e-01 0.0000e+00
      6.911    14.5946     0.1110      1.084  88.302629    111.647      6.466    63.0961     3.5706     2.5687     0.0543      0.127      6.777      9.828        487 1.2620e-01 0.0000e+00
      6.936    14.5792     0.1135      1.108  88.631665    111.672      6.468    62.1497     3.5948     2.5419     0.0543      0.122      6.802      9.865        488 1.2514e-01 0.0000e+00
      6.961    14.5538     0.1142      1.115  88.198378    111.405      6.472    61.3925     3.5908     2.5016     0.0542      0.116      6.829      9.904        489 1.2586e-01 0.0000e+00
      6.992    14.4971     0.1085      1.059  89.496108    113.005      6.472    60.1811     3.7000     2.7164     0.0549      0.111      6.860      9.949        490 1.2555e-01 0.0000e+00
      7.033    14.4368     0.1106      1.079  89.901204    113.747      6.470    59.7268     3.7242     2.5956     0.0552      0.112      6.897     10.003        491 1.2569e-01 0.0000e+00
      7.073    14.3887     0.1027      1.001  89.062197    112.639      6.471    59.5375     3.7081     2.6493     0.0547      0.118      6.934     10.057        492 1.2548e-01 0.0000e+00
      7.106    14.3538     0.1048      1.021  88.785777    112.595      6.469    58.6668     3.7323     2.7164     0.0547      0.123      6.968     10.106        493 1.2559e-01 0.0000e+00
      7.138    14.3278     0.1044      1.017  89.085500    113.055      6.472    57.9475     3.6555     2.3673     0.0549      0.128      6.999     10.151        494 1.2564e-01 0.0000e+00
      7.165    14.3035     0.1035      1.008  89.105578    113.225      6.476    57.7582     3.6636     2.3136     0.0549      0.130      7.027     10.191        495 1.2558e-01 0.0000e+00
      7.192    14.2820     0.1017      0.990  89.206894    113.371      6.479    57.0389     3.6312     2.2464     0.0550      0.131      7.052     10.228        496 1.2558e-01 0.0000e+00
      7.217    14.2647     0.1021      0.993  89.256823    113.584      6.486    56.0546     3.6514     2.2599     0.0551      0.127      7.076     10.262        497 1.2555e-01 0.0000e+00
      7.237    14.2523     0.1056      1.027  89.340846    113.646      6.490    55.4489     3.7202     2.0987     0.0551      0.119      7.098     10.294        498 1.2549e-01 0.0000e+00
      7.259    14.2417     0.1081      1.051  89.488946    114.018      6.496    54.5404     3.7081     2.1390     0.0553      0.109      7.119     10.326        499 1.2562e-01 0.0000e+00
      7.283    14.2295     0.1071      1.040  89.726771    114.197      6.496    53.6696     3.7000     2.1927     0.0553      0.101      7.143     10.360        500 1.2551e-01 0.0000e+00
      7.308    14.2173     0.1039      1.009  90.115472    114.905      6.502    53.2532     3.7040     2.2464     0.0556      0.096      7.168     10.395        501 1.2551e-01 0.0000e+00
      7.335    14.2036     0.1086      1.055  90.402945    115.120      6.504    52.5339     3.6555     2.2196     0.0557      0.094      7.193     10.433        502 1.2550e-01 0.0000e+00
      7.360    14.1843     0.1057      1.026  90.915467    115.977      6.506    51.5875     3.6393     2.2464     0.0561      0.094      7.217     10.468        503 1.2540e-01 0.0000e+00
      7.381    14.1635     0.1050      1.019  91.321525    116.411      6.507    51.0575     3.6434     2.1390     0.0563      0.094      7.239     10.500        504 1.2557e-01 0.0000e+00
      7.404    14.1472     0.1035      1.005  91.206191    116.433      6.511    50.2625     3.6312     2.1122     0.0563      0.094      7.261     10.531        505 1.2561e-01 0.0000e+00
      7.427    14.1319     0.1021      0.991  91.534868    116.746      6.513    49.5811     3.6150     2.0853     0.0565      0.094      7.283     10.563        506 1.2563e-01 0.0000e+00
      7.449    14.1137     0.0981      0.952  92.072419    117.725      6.517    49.0510     3.7000     2.1793     0.0569      0.093      7.304     10.594        507 1.2564e-01 0.0000e+00
      7.468    14.0953     0.0932      0.905  91.399738    116.696      6.515    48.4832     3.7283     2.1659     0.0564      0.091      7.323     10.622        508 1.2550e-01 0.0000e+00
      7.485    14.0749 -9.990e-29 -9.990e-29  90.647066    115.891      6.518    47.6882     3.7040     2.2196     0.0561      0.087      7.342     10.650        509 1.2567e-01 0.0000e+00
      7.509    14.0501 -9.990e-29 -9.990e-29  90.689364    115.946      6.524    47.2339     3.7202     2.1659     0.0561      0.084      7.365     10.682        510 1.2573e-01 0.0000e+00
