Data/DataNotYetUploadedToEDI/Raw_CTD/RawDownloads/100818_fcr50.cnv
* Sea-Bird SBE19plus  Data File:
* FileName = C:\DATA\100818_fcr_0005.hex
* Software version 2.6.3.104
* Temperature SN = 7809
* Conductivity SN = 7809
* System UpLoad Time = Oct 08 2018 14:58:07
* <ApplicationData>
* <Seaterm232>
# nquan = 17
# nvalues = 642                         
# units = specified
# name 0 = depFM: Depth [fresh water, m]
# name 1 = tv290C: Temperature [ITS-90, deg C]
# name 2 = sbeox0Mg/L: Oxygen, SBE 43 [mg/l]
# name 3 = sbeox0PS: Oxygen, SBE 43 [% saturation]
# name 4 = c0uS/cm: Conductivity [uS/cm]
# name 5 = specc: Specific Conductance [uS/cm]
# name 6 = ph: pH
# name 7 = orp: Oxidation Reduction Potential [mV]
# name 8 = flECO-AFL: Fluorescence, WET Labs ECO-AFL/FL [mg/m^3]
# name 9 = turbWETntu0: Turbidity, WET Labs ECO [NTU]
# name 10 = sal00: Salinity, Practical [PSU]
# name 11 = dz/dtM: Descent Rate [m/s]
# name 12 = prdM: Pressure, Strain Gauge [db]
# name 13 = prdE: Pressure, Strain Gauge [psi]
# name 14 = scan: Scan Count
# name 15 = par/sat/log: PAR/Logarithmic, Satlantic
# name 16 = flag:  0.000e+00
# span 0 =     -0.461,      9.830       
# span 1 =    12.8218,    25.9705       
# span 2 =     0.0920,     8.4840       
# span 3 =      0.872,    100.002       
# span 4 =   0.116500, 204.204497       
# span 5 =      0.199,    271.139       
# span 6 =      6.262,     10.170       
# span 7 =  -404.4410,  1240.2295       
# span 8 =    -0.1941,     9.4419       
# span 9 =    -0.2512,   116.9748       
# span 10 =     0.0122,     0.1284      
# span 11 =     -0.202,      0.246      
# span 12 =     -0.452,      9.638      
# span 13 =     -0.655,     13.979      
# span 14 =          1,        642      
# span 15 = 1.1767e-01, 5.1010e+02      
# span 16 = 0.0000e+00, 0.0000e+00      
# interval = seconds: 0.25
# start_time = Oct 08 2018 16:19:43 [Instrument's time stamp, header]
# bad_flag = -9.990e-29
*END*
[from data line 171]
     -0.040    23.9764     5.4194     64.134  38.638569     39.438      7.398   201.4265     2.2968     0.9305     0.0252      0.000     -0.039     -0.057        172 4.3831e+02 0.0000e+00
     -0.040    23.9798     5.8802     69.441  38.676552     39.493      7.400   201.2751     2.2685     0.9171     0.0252      0.000     -0.039     -0.057        173 4.3856e+02 0.0000e+00
     -0.040    23.9832     6.5795     77.622  38.636854     39.433      7.399   201.5401     2.2968     0.8097     0.0252      0.000     -0.039     -0.057        174 4.3903e+02 0.0000e+00
     -0.040    23.9865     7.2297     85.260  38.598985     39.402      7.396   201.5401     2.2847     0.8499     0.0252     -0.000     -0.039     -0.057        175 4.3894e+02 0.0000e+00
     -0.040    23.9895     7.7648     91.560  38.634689     39.428      7.395   201.1615     2.2766     0.9439     0.0252     -0.000     -0.039     -0.056        176 4.3896e+02 0.0000e+00
     -0.039    23.9919     8.1430     96.011  38.622080     39.425      7.395   201.2751     2.2847     0.8365     0.0252      0.000     -0.038     -0.056        177 4.3880e+02 0.0000e+00
     -0.039    23.9956     8.3508     98.458  38.644337     39.423      7.387   201.0101     2.2685     0.8768     0.0252      0.000     -0.038     -0.056        178 4.3642e+02 0.0000e+00
     -0.040    23.9987     8.4066     99.118  38.606988     39.420      7.371   200.8208     2.2766     0.7828     0.0252      0.001     -0.039     -0.056        179 4.3506e+02 0.0000e+00
     -0.040    24.0025     8.3093     97.965  38.698221     39.446      7.355   201.9565     2.2847     0.8365     0.0252      0.000     -0.039     -0.056        180 4.3526e+02 0.0000e+00
     -0.040    23.9406     8.0992     95.488  38.441811     39.301      7.341   201.9565     2.2766     0.8499     0.0252      0.000     -0.039     -0.057        181 4.3578e+02 0.0000e+00
     -0.040    23.7920     7.8631     92.706  37.383690     38.072      7.335   201.7293     2.2928     0.9439     0.0247      0.000     -0.039     -0.057        182 4.3622e+02 0.0000e+00
     -0.039    23.6765     7.6478     90.186  36.870963     37.688      7.334   201.5779     2.3090     0.8231     0.0245      0.000     -0.038     -0.056        183 4.3862e+02 0.0000e+00
     -0.039    23.6254     7.4648     88.070  36.914691     37.809      7.332   201.7672     2.3009     0.7291     0.0245      0.000     -0.038     -0.056        184 4.4149e+02 0.0000e+00
     -0.040    23.6035     7.3032     86.210  37.003068     38.011      7.332   201.6158     2.2887     0.9708     0.0245      0.000     -0.039     -0.056        185 4.4108e+02 0.0000e+00
     -0.040    23.5979     7.1679     84.642  37.087291     38.138      7.334   203.0543     2.2604     0.8634     0.0246      0.000     -0.039     -0.056        186 4.4147e+02 0.0000e+00
     -0.040    23.5926     7.0574     83.358  37.017527     38.068      7.336   202.6758     2.2928     0.9305     0.0245      0.000     -0.039     -0.056        187 4.4192e+02 0.0000e+00
     -0.040    23.5911     6.9681     82.329  37.000921     38.073      7.336   202.6001     2.2685     0.8902     0.0245      0.000     -0.039     -0.056        188 4.4205e+02 0.0000e+00
     -0.039    23.5917     6.8987     81.543  37.018983     38.076      7.338   202.2215     2.3534     0.8902     0.0245      0.000     -0.038     -0.056        189 4.4243e+02 0.0000e+00
     -0.039    23.5895     6.8335     80.806  37.054373     38.136      7.339   202.0322     2.3656     0.8902     0.0246      0.000     -0.038     -0.056        190 4.4329e+02 0.0000e+00
     -0.040    23.5884     6.7869     80.286  37.105179     38.163      7.338   202.9029     2.3170     0.8768     0.0246     -0.000     -0.038     -0.056        191 4.4395e+02 0.0000e+00
     -0.039    23.5899     6.7468     79.829  37.133715     38.223      7.338   202.9786     2.3575     0.8768     0.0246     -0.000     -0.038     -0.056        192 4.4282e+02 0.0000e+00
     -0.040    23.6006     6.7075     79.374  37.078182     38.137      7.337   203.0165     2.2685     0.8902     0.0246      0.000     -0.039     -0.056        193 4.4397e+02 0.0000e+00
     -0.040    23.6266     6.6678     78.910  37.055650     38.136      7.333   203.4708     2.3130     0.8499     0.0246     -0.000     -0.039     -0.056        194 4.4436e+02 0.0000e+00
     -0.040    23.6547     6.6261     78.423  37.072774     38.128      7.332   202.8272     2.2847     0.8365     0.0246     -0.000     -0.039     -0.056        195 4.4447e+02 0.0000e+00
     -0.040    23.6735     6.5737     77.811  37.145846     38.194      7.333   202.8272     2.2766     0.9305     0.0246     -0.000     -0.039     -0.056        196 4.4567e+02 0.0000e+00
     -0.040    23.6865     6.5271     77.268  37.142661     38.171      7.331   202.1836     2.3696     0.7828     0.0246     -0.000     -0.039     -0.056        197 4.4493e+02 0.0000e+00
     -0.040    23.7032     6.4793     76.712  37.076723     38.071      7.331   202.5243     2.3575     0.8634     0.0246     -0.000     -0.039     -0.056        198 4.4500e+02 0.0000e+00
     -0.040    23.7247     6.4290     76.125  37.138914     38.147      7.336   202.9029     2.3494     0.7291     0.0246     -0.000     -0.039     -0.056        199 4.4527e+02 0.0000e+00
     -0.039    23.7478     6.3814     75.567  37.154238     38.134      7.336   202.4108     2.3615     0.8902     0.0246      0.000     -0.038     -0.055        200 4.4623e+02 0.0000e+00
     -0.039    23.7684     6.3421     75.109  37.146624     38.117      7.337   202.6758     2.3373     0.8499     0.0246      0.001     -0.037     -0.054        201 4.4680e+02 0.0000e+00
     -0.037    23.7802     6.2906     74.512  37.148379     38.099      7.341   201.6915     2.2847     0.9842     0.0246      0.001     -0.036     -0.053        202 4.4582e+02 0.0000e+00
     -0.037    23.7861     6.2535     74.081  37.152044     38.082      7.342   201.5779     2.2806     0.8097     0.0246      0.001     -0.036     -0.052        203 4.4694e+02 0.0000e+00
     -0.036    23.7910     6.2218     73.710  37.142054     38.073      7.345   201.7293     2.2685     0.8634     0.0246      0.002     -0.035     -0.051        204 4.4806e+02 0.0000e+00
     -0.035    23.7958     6.1854     73.282  37.160805     38.069      7.346   200.7451     2.2766     0.8902     0.0246      0.002     -0.034     -0.050        205 4.4771e+02 0.0000e+00
     -0.033    23.8009     6.1591     72.978  37.128706     38.065      7.345   201.3886     2.2402     0.8902     0.0246      0.003     -0.033     -0.048        206 4.4748e+02 0.0000e+00
     -0.033    23.8065     6.1349     72.714  37.093019     37.975      7.348   200.8965     2.2079     0.8634     0.0246      0.003     -0.033     -0.047        207 4.4752e+02 0.0000e+00
     -0.033    23.8134     6.1467     72.881  37.175554     38.114      7.350   200.1015     2.2119     0.8499     0.0246      0.003     -0.032     -0.047        208 4.4695e+02 0.0000e+00
     -0.033    23.8192     6.2115     73.660  37.174290     38.053      7.350   200.2529     2.2281     0.7157     0.0246      0.003     -0.031     -0.045        209 4.4728e+02 0.0000e+00
     -0.030    23.8227     6.3624     75.420  37.183570     38.105      7.357   197.6029     2.2483     0.8097     0.0246      0.003     -0.027     -0.039        210 4.4887e+02 0.0000e+00
     -0.020    23.8284     6.5972     78.183  37.164002     38.043      7.366   196.3158     2.2362     0.9036     0.0246      0.006     -0.018     -0.026        211 4.5014e+02 0.0000e+00
     -0.006    23.8374     6.8786     81.543  37.139317     38.040      7.380   195.8615     2.1998     0.8499     0.0246      0.011     -0.008     -0.011        212 4.5170e+02 0.0000e+00
      0.003    23.8439     7.1728     85.124  37.154965     38.036      7.329   195.8236     2.2079     0.8634     0.0246      0.017     -0.001     -0.001        213 4.5169e+02 0.0000e+00
      0.001    23.8477     7.4324     88.354  37.203846     38.086      7.276   195.8236     2.2038     0.8634     0.0246      0.020     -0.003     -0.005        214 4.4808e+02 0.0000e+00
     -0.014    23.8494     7.6574     91.207  37.137805     38.024      7.289   196.8836     2.2321     0.8634     0.0246      0.018     -0.018     -0.026        215 4.4461e+02 0.0000e+00
     -0.041    23.8554     7.8511     93.683  37.088848     37.935      7.350   197.4893     2.2321     0.8902     0.0246      0.007     -0.039     -0.058        216 4.4836e+02 0.0000e+00
     -0.064    23.8715     7.9932     95.534  37.175787     38.076      7.381   199.4201     2.2362     0.7694     0.0246     -0.009     -0.063     -0.092        217 4.5002e+02 0.0000e+00
     -0.089    23.8926     8.0616     96.497  37.088929     37.929      7.394   199.0793     2.2159     0.6888     0.0246     -0.030     -0.087     -0.126        218 4.4678e+02 0.0000e+00
     -0.112    23.8983     8.0482     96.460  37.078299     37.945      7.410   200.8965     2.1998     0.6619     0.0246     -0.052     -0.110     -0.160        219 4.4434e+02 0.0000e+00
     -0.136    23.8787     8.0295     96.317  37.070369     37.900      7.418   199.6851     2.2281     0.6619     0.0246     -0.071     -0.134     -0.193        220 4.3871e+02 0.0000e+00
     -0.161    23.8648     8.0337     96.408  37.009807     37.837      7.424   199.3822     2.1998     0.6217     0.0245     -0.086     -0.153     -0.221        221 4.3818e+02 0.0000e+00
     -0.169    23.8825     8.0544     96.685  37.153663     37.997      7.433   199.7986     2.2159     0.6351     0.0246     -0.089     -0.163     -0.236        222 4.4110e+02 0.0000e+00
     -0.169    23.9396     8.0693     96.883  37.247270     38.122      7.439   199.6093     2.2119     0.9439     0.0246     -0.081     -0.166     -0.240        223 4.4209e+02 0.0000e+00
     -0.170    24.0305     8.0772     96.984  37.338222     38.166      7.443   199.8743     2.2200     0.8902     0.0247     -0.068     -0.167     -0.243        224 4.4082e+02 0.0000e+00
     -0.173    24.1344     8.0746     96.946  37.515032     38.349      7.445   200.4422     2.2119     0.8634     0.0247     -0.054     -0.169     -0.245        225 4.3902e+02 0.0000e+00
     -0.174    24.2314     8.0803     97.005  37.501774     38.221      7.448   200.6315     2.2281     0.8365     0.0247     -0.039     -0.170     -0.247        226 4.3954e+02 0.0000e+00
     -0.173    24.3188     8.0755     96.939  37.532639     38.197      7.451   200.7451     2.1310     0.8634     0.0247     -0.025     -0.171     -0.248        227 4.3751e+02 0.0000e+00
     -0.177    24.4001     8.0626     96.780  37.535889     38.122      7.451   199.5715     2.1593     0.9574     0.0247     -0.014     -0.173     -0.251        228 4.3478e+02 0.0000e+00
     -0.179    24.4687     8.0422     96.529  37.497680     37.997      7.452   200.2529     2.1755     0.8768     0.0247     -0.007     -0.175     -0.253        229 4.3379e+02 0.0000e+00
     -0.179    24.5141     8.0190     96.224  37.520824     37.991      7.447   201.7293     2.1755     0.9305     0.0247     -0.005     -0.175     -0.254        230 4.3253e+02 0.0000e+00
     -0.178    24.5378     8.0123     96.063  37.447724     37.825      7.442   201.5779     2.1553     0.7962     0.0247     -0.005     -0.174     -0.252        231 4.3276e+02 0.0000e+00
     -0.174    24.5534     8.0064     95.905  37.469975     37.847      7.439   201.3886     2.1553     0.8902     0.0247     -0.003     -0.171     -0.248        232 4.3412e+02 0.0000e+00
     -0.171    24.5641     8.0087     95.826  37.493111     37.829      7.435   201.4643     2.1472     0.9305     0.0247     -0.000     -0.166     -0.242        233 4.3543e+02 0.0000e+00
     -0.166    24.5668     8.0129     95.687  37.418918     37.761      7.442   200.7072     2.1634     0.8499     0.0247      0.003     -0.161     -0.233        234 4.3946e+02 0.0000e+00
     -0.155    24.5638     8.0056     95.386  37.443655     37.753      7.452   201.1615     2.1472     0.8365     0.0247      0.008     -0.151     -0.219        235 4.4419e+02 0.0000e+00
     -0.143    24.5582     7.9753     94.840  37.462320     37.807      7.452   201.2751     2.1634     0.7962     0.0247      0.016     -0.141     -0.204        236 4.4174e+02 0.0000e+00
     -0.131    24.5534     7.9082     93.907  37.395689     37.697      7.458   202.7136     2.1472     0.7828     0.0246      0.023     -0.131     -0.190        237 4.3313e+02 0.0000e+00
     -0.126    24.5508     7.8180     92.738  37.407936     37.757      7.440   202.3351     2.1796     0.8768     0.0247      0.028     -0.125     -0.180        238 4.2879e+02 0.0000e+00
     -0.123    24.5488     7.7109     91.394  37.387760     37.705      7.433   201.8808     2.1553     0.8365     0.0246      0.030     -0.121     -0.175        239 4.3948e+02 0.0000e+00
     -0.119    24.5323     7.5754     89.771  37.420799     37.763      7.424   202.4486     2.1593     0.8097     0.0247      0.031     -0.117     -0.170        240 4.5993e+02 0.0000e+00
     -0.117    24.4881     7.4394     88.136  37.485463     37.821      7.410   201.6158     2.1432     0.8365     0.0247      0.029     -0.115     -0.167        241 4.6989e+02 0.0000e+00
     -0.116    24.4390     7.2985     86.418  37.425933     37.776      7.403   202.0701     2.1634     0.8097     0.0247      0.024     -0.114     -0.164        242 4.7367e+02 0.0000e+00
     -0.113    24.3772     7.1710     84.883  37.376252     37.755      7.396   202.3729     2.1472     0.8097     0.0246      0.019     -0.112     -0.162        243 4.7701e+02 0.0000e+00
     -0.112    24.2729     7.0662     83.613  37.369349     37.792      7.391   202.7515     2.1593     0.7694     0.0247      0.013     -0.110     -0.160        244 4.7865e+02 0.0000e+00
     -0.111    24.1528     6.9700     82.563  37.315909     37.782      7.391   203.2815     2.1836     0.9171     0.0246      0.009     -0.109     -0.158        245 4.8032e+02 0.0000e+00
     -0.110    24.0491     6.8976     81.934  37.205508     37.749      7.390   202.8651     2.1836     0.9842     0.0246      0.007     -0.108     -0.156        246 4.8300e+02 0.0000e+00
     -0.109    23.9721     6.8995     82.144  37.150867     37.785      7.386   201.8051     2.1674     0.7559     0.0246      0.006     -0.107     -0.156        247 4.8588e+02 0.0000e+00
     -0.109    23.9144     7.0155     83.693  37.057705     37.779      7.384   202.1079     2.1472     0.8231     0.0245      0.005     -0.106     -0.155        248 4.8825e+02 0.0000e+00
     -0.107    23.8730     7.1968     86.002  37.024899     37.782      7.379   202.2215     2.1593     0.7962     0.0245      0.005     -0.106     -0.154        249 4.9153e+02 0.0000e+00
     -0.107    23.8616     7.3855     88.381  37.043435     37.883      7.373   202.7893     2.1472     0.9036     0.0245      0.004     -0.109     -0.159        250 4.9423e+02 0.0000e+00
     -0.121    23.8468     7.5576     90.518  37.034667     37.859      7.358   203.2815     2.1674     0.8902     0.0245     -0.000     -0.123     -0.178        251 4.9216e+02 0.0000e+00
     -0.150    23.8192     7.6959     92.189  37.065490     37.953      7.368   200.5936     2.1472     0.8365     0.0246     -0.011     -0.143     -0.208        252 4.8589e+02 0.0000e+00
     -0.168    23.8010     7.7869     93.278  36.975427     37.820      7.390   200.5179     2.1553     0.9171     0.0245     -0.024     -0.158     -0.230        253 4.8621e+02 0.0000e+00
     -0.167    23.7841     7.8324     93.783  36.998456     37.901      7.402   200.8965     2.1836     0.8231     0.0245     -0.032     -0.163     -0.237        254 4.8744e+02 0.0000e+00
     -0.167    23.8433     7.8446     93.811  37.155480     38.056      7.404   201.3886     2.1634     0.8365     0.0246     -0.037     -0.166     -0.240        255 4.8414e+02 0.0000e+00
