Data/DataNotYetUploadedToEDI/Raw_CTD/RawDownloads/100818_fcr50.cnv
* Sea-Bird SBE19plus  Data File:
* FileName = C:\DATA\100818_fcr_0005.hex
* Software version 2.6.3.104
* Temperature SN = 7809
* Conductivity SN = 7809
* System UpLoad Time = Oct 08 2018 14:58:07
* <ApplicationData>
* <Seaterm232>
# nquan = 17
# nvalues = 642                         
# units = specified
# name 0 = depFM: Depth [fresh water, m]
# name 1 = tv290C: Temperature [ITS-90, deg C]
# name 2 = sbeox0Mg/L: Oxygen, SBE 43 [mg/l]
# name 3 = sbeox0PS: Oxygen, SBE 43 [% saturation]
# name 4 = c0uS/cm: Conductivity [uS/cm]
# name 5 = specc: Specific Conductance [uS/cm]
# name 6 = ph: pH
# name 7 = orp: Oxidation Reduction Potential [mV]
# name 8 = flECO-AFL: Fluorescence, WET Labs ECO-AFL/FL [mg/m^3]
# name 9 = turbWETntu0: Turbidity, WET Labs ECO [NTU]
# name 10 = sal00: Salinity, Practical [PSU]
# name 11 = dz/dtM: Descent Rate [m/s]
# name 12 = prdM: Pressure, Strain Gauge [db]
# name 13 = prdE: Pressure, Strain Gauge [psi]
# name 14 = scan: Scan Count
# name 15 = par/sat/log: PAR/Logarithmic, Satlantic
# name 16 = flag:  0.000e+00
# span 0 =     -0.461,      9.830       
# span 1 =    12.8218,    25.9705       
# span 2 =     0.0920,     8.4840       
# span 3 =      0.872,    100.002       
# span 4 =   0.116500, 204.204497       
# span 5 =      0.199,    271.139       
# span 6 =      6.262,     10.170       
# span 7 =  -404.4410,  1240.2295       
# span 8 =    -0.1941,     9.4419       
# span 9 =    -0.2512,   116.9748       
# span 10 =     0.0122,     0.1284      
# span 11 =     -0.202,      0.246      
# span 12 =     -0.452,      9.638      
# span 13 =     -0.655,     13.979      
# span 14 =          1,        642      
# span 15 = 1.1767e-01, 5.1010e+02      
# span 16 = 0.0000e+00, 0.0000e+00      
# interval = seconds: 0.25
# start_time = Oct 08 2018 16:19:43 [Instrument's time stamp, header]
# bad_flag = -9.990e-29
*END*
[from data line 596]
      8.392    13.4449     0.1107      1.058 102.971334    133.836      6.536    55.1461     3.4533     1.9242     0.0641      0.179      8.233     11.941        597 1.2535e-01 0.0000e+00
      8.456    13.4182     0.1106      1.057 105.037237    136.383      6.538    54.6539     3.4573     1.9645     0.0652      0.194      8.294     12.029        598 1.2560e-01 0.0000e+00
      8.525    13.3923     0.1098      1.047 107.362495    139.785      6.541    53.6696     3.3279     1.7496     0.0668      0.207      8.356     12.120        599 1.2557e-01 0.0000e+00
      8.582    13.3662     0.1054      1.005 110.375606    143.386      6.547    53.3668     3.2996     1.7630     0.0685      0.213      8.410     12.197        600 1.2559e-01 0.0000e+00
      8.618    13.3382     0.1017      0.968 113.134677    147.686      6.551    53.2153     3.3522     1.7765     0.0704      0.212      8.450     12.256        601 1.2560e-01 0.0000e+00
      8.650    13.3137     0.1043      0.992 116.313495    151.076      6.558    52.3446     3.3320     1.6153     0.0720      0.206      8.485     12.306        602 1.2553e-01 0.0000e+00
      8.686    13.2992     0.1079      1.025 118.657161    155.432      6.564    51.4361     3.1783     1.7630     0.0740      0.200      8.520     12.357        603 1.2554e-01 0.0000e+00
      8.726    13.2848     0.1041      0.989 121.146786    157.181      6.572    51.5496     3.1824     1.6959     0.0748      0.190      8.557     12.411        604 1.2549e-01 0.0000e+00
      8.764    13.2699     0.1085      1.029 122.596676    161.234      6.576    50.3382     3.1783     1.7899     0.0767      0.176      8.593     12.464        605 1.2536e-01 0.0000e+00
      8.801    13.2662     0.1085      1.030 129.989195    167.818      6.582    50.5275     3.1662     1.7362     0.0797      0.160      8.625     12.510        606 1.2550e-01 0.0000e+00
      8.820    13.2660     0.1115      1.057 144.578489    191.009      6.586    49.6946     3.1258     1.7630     0.0906      0.144      8.651     12.548        607 1.2562e-01 0.0000e+00
      8.845    13.2535     0.1169      1.108 147.003506    190.655      6.589    49.3160     3.1096     1.7362     0.0904      0.133      8.681     12.592        608 1.2543e-01 0.0000e+00
      8.895    13.2174     0.1129      1.069 145.571513    191.172      6.591    47.8775     3.1339     1.7765     0.0907      0.133      8.723     12.652        609 1.2543e-01 0.0000e+00
      8.945    13.1672     0.1087      1.030 145.257260    189.211      6.597    47.2339     3.1460     1.7630     0.0897      0.137      8.768     12.716        610 1.2545e-01 0.0000e+00
      8.980    13.1151     0.1073      1.016 143.160273    187.701      6.601    47.5746     3.1298     1.7362     0.0890      0.140      8.805     12.770        611 1.2550e-01 0.0000e+00
      9.010    13.0627     0.1056      1.000 142.277263    186.072      6.609    46.1739     3.1298     1.7362     0.0882      0.141      8.839     12.819        612 1.2552e-01 0.0000e+00
      9.050    13.0219     0.1049      0.993 142.211716    186.656      6.616    44.8868     3.1258     1.7362     0.0885      0.144      8.874     12.871        613 1.2552e-01 0.0000e+00
      9.085    12.9995     0.1035      0.979 143.063034    187.913      6.629    43.9403     3.1460     1.6959     0.0891      0.147      8.910     12.922        614 1.2553e-01 0.0000e+00
      9.119    12.9822     0.1048      0.992 143.185758    188.225      6.643    44.9246     3.1419     1.6556     0.0892      0.150      8.946     12.974        615 1.2551e-01 0.0000e+00
      9.162    12.9562     0.0982      0.929 144.742609    190.443      6.654    44.2432     3.1298     1.6690     0.0902      0.150      8.986     13.034        616 1.2548e-01 0.0000e+00
      9.209    12.9274     0.1015      0.960 147.685862    194.337      6.666    44.0539     3.1379     1.6556     0.0920      0.148      9.029     13.095        617 1.2549e-01 0.0000e+00
      9.248    12.9049     0.1063      1.006 150.467568    198.324      6.681    42.5775     3.1379     1.6153     0.0939      0.148      9.067     13.151        618 1.2560e-01 0.0000e+00
      9.280    12.8892     0.1038      0.982 151.898397    200.140      6.694    42.8803     3.1945     1.9645     0.0947      0.151      9.103     13.202        619 1.2555e-01 0.0000e+00
      9.320    12.8745     0.1052      0.995 153.302512    202.263      6.704    40.6846     3.1783     1.8570     0.0957      0.153      9.143     13.261        620 1.2545e-01 0.0000e+00
      9.372    12.8574     0.1054      0.998 156.267547    206.055      6.716    40.2682     3.1986     1.9510     0.0975      0.157      9.188     13.327        621 1.2539e-01 0.0000e+00
      9.416    12.8439     0.1036      0.981 159.963462    211.333      6.726    39.3974     3.2107     1.9913     0.1000      0.161      9.230     13.387        622 1.2549e-01 0.0000e+00
      9.449    12.8362     0.0930      0.879 161.891445    213.730      6.738    39.5489     3.3441     2.0719     0.1011      0.162      9.266     13.440        623 1.2555e-01 0.0000e+00
      9.484    12.8318     0.0956      0.904 162.850386    215.183      6.752    38.0346     3.3158     2.2196     0.1018      0.159      9.300     13.489        624 1.2557e-01 0.0000e+00
      9.518    12.8295     0.0960      0.909 163.604861    216.191      6.762    37.9210     3.3239     2.1927     0.1023      0.156      9.334     13.538        625 1.2555e-01 0.0000e+00
      9.552    12.8283     0.0942      0.892 164.414656    217.221      6.776    36.2174     3.3279     2.0182     0.1028      0.153      9.368     13.588        626 1.2546e-01 0.0000e+00
      9.590    12.8279     0.0920      0.872 165.424301    218.720      6.787    35.4603     3.3279     2.1122     0.1035      0.150      9.406     13.643        627 1.2549e-01 0.0000e+00
      9.634    12.8254     0.0976      0.926 165.751079    218.988      6.800    33.6053     3.3118     2.0987     0.1036      0.147      9.446     13.701        628 1.2546e-01 0.0000e+00
      9.674    12.8218     0.0929      0.881 166.783990    220.440      6.815    31.6746     3.3158     2.1659     0.1043      0.145      9.482     13.752        629 1.2562e-01 0.0000e+00
      9.697    12.8230     0.1004      0.953 167.541846    221.533      6.826    31.0689     3.3279     2.1122     0.1048      0.142      9.507     13.789        630 1.2561e-01 0.0000e+00
      9.715    12.8290 -9.990e-29 -9.990e-29 168.240867    222.224      6.838    30.1224     3.3158     2.1659     0.1051      0.137      9.527     13.818        631 1.2549e-01 0.0000e+00
      9.734    12.8311 -9.990e-29 -9.990e-29 170.541426    225.564      6.846    28.9110     3.3360     2.1524     0.1067      0.128      9.547     13.847        632 1.2556e-01 0.0000e+00
      9.757    12.8296 -9.990e-29 -9.990e-29 171.455951    226.606      6.853    28.6460     3.3279     2.1122     0.1072      0.119      9.568     13.877        633 1.2547e-01 0.0000e+00
      9.778    12.8316 -9.990e-29 -9.990e-29 174.567160    230.386      6.865    28.7596     3.3118     2.0987     0.1090      0.108      9.586     13.904        634 1.2553e-01 0.0000e+00
      9.790    12.8448 -9.990e-29 -9.990e-29 176.404269    233.858      6.872    27.7753     3.2996     2.1256     0.1106      0.094      9.599     13.923        635 1.2560e-01 0.0000e+00
      9.799    12.8754 -9.990e-29 -9.990e-29 176.097727    231.759      6.878    27.9267     3.3886     2.4344     0.1096      0.079      9.609     13.937        636 1.2555e-01 0.0000e+00
      9.807    12.9134 -9.990e-29 -9.990e-29 181.937974    241.093      6.886    27.5103     3.3603     2.4613     0.1141      0.068      9.617     13.948        637 1.2554e-01 0.0000e+00
      9.813    12.9399 -9.990e-29 -9.990e-29 189.150696    249.067      6.889    26.8667     3.3724     2.3941     0.1179      0.059      9.623     13.957        638 1.2548e-01 0.0000e+00
      9.818    12.9685 -9.990e-29 -9.990e-29 192.995396    255.248      6.896    26.1474     3.3886     2.4479     0.1208      0.050      9.628     13.965        639 1.2543e-01 0.0000e+00
      9.823    12.9895 -9.990e-29 -9.990e-29 201.750489    264.601      6.902    23.9895     3.3118     2.2733     0.1253      0.041      9.633     13.972        640 1.2544e-01 0.0000e+00
      9.827 -9.990e-29 -9.990e-29 -9.990e-29 204.204497    271.139      6.908    20.6203     3.2956     2.2867     0.1284      0.032      9.637     13.977        641 1.2543e-01 0.0000e+00
      9.830 -9.990e-29 -9.990e-29 -9.990e-29 198.941207    259.163      6.913    20.1660     3.3199     2.2867     0.1227      0.025      9.638     13.979        642 1.2541e-01 0.0000e+00
