Data/DataNotYetUploadedToEDI/Raw_CTD/RawDownloads/100818_fcr10.cnv
* Sea-Bird SBE19plus  Data File:
* FileName = C:\DATA\100818_fcr_0001.hex
* Software version 2.6.3.104
* Temperature SN = 7809
* Conductivity SN = 7809
* System UpLoad Time = Oct 08 2018 14:56:58
* <ApplicationData>
* <Seaterm232>
# nquan = 17
# nvalues = 452                         
# units = specified
# name 0 = depFM: Depth [fresh water, m]
# name 1 = tv290C: Temperature [ITS-90, deg C]
# name 2 = sbeox0Mg/L: Oxygen, SBE 43 [mg/l]
# name 3 = sbeox0PS: Oxygen, SBE 43 [% saturation]
# name 4 = c0uS/cm: Conductivity [uS/cm]
# name 5 = specc: Specific Conductance [uS/cm]
# name 6 = ph: pH
# name 7 = orp: Oxidation Reduction Potential [mV]
# name 8 = flECO-AFL: Fluorescence, WET Labs ECO-AFL/FL [mg/m^3]
# name 9 = turbWETntu0: Turbidity, WET Labs ECO [NTU]
# name 10 = sal00: Salinity, Practical [PSU]
# name 11 = dz/dtM: Descent Rate [m/s]
# name 12 = prdM: Pressure, Strain Gauge [db]
# name 13 = prdE: Pressure, Strain Gauge [psi]
# name 14 = scan: Scan Count
# name 15 = par/sat/log: PAR/Logarithmic, Satlantic
# name 16 = flag:  0.000e+00
# span 0 =     -0.474,      2.637       
# span 1 =    20.5432,    23.0929       
# span 2 =    -0.0959,     9.8395       
# span 3 =     -1.069,    113.880       
# span 4 =   0.105888,  46.083952       
# span 5 =      0.530,     50.586       
# span 6 =      6.058,      7.946       
# span 7 = -1240.7455,   285.2803       
# span 8 =    -0.2062,     4.8039       
# span 9 =    -0.3049,     8.3159       
# span 10 =     0.0112,     0.0290      
# span 11 =     -0.251,      0.215      
# span 12 =     -0.464,      2.586      
# span 13 =     -0.673,      3.750      
# span 14 =          1,        452      
# span 15 = 1.3515e+01, 8.7754e+02      
# span 16 = 0.0000e+00, 0.0000e+00      
# interval = seconds: 0.25
# start_time = Oct 08 2018 13:48:32 [Instrument's time stamp, header]
# bad_flag = -9.990e-29
*END*
[from data line 341]
      0.924    22.3677     6.7778     77.876  38.632029     40.535      7.341   213.5030     4.1448     1.2662     0.0253      0.101      0.905      1.313        342 1.8663e+02 0.0000e+00
      0.948    22.3327     6.8142     78.263  38.598960     40.792      7.338   213.9951     4.1529     1.2662     0.0253      0.105      0.927      1.346        343 1.8900e+02 0.0000e+00
      0.965    22.3079     6.8607     78.765  39.115021     41.215      7.335   214.0330     4.2054     1.2931     0.0255      0.103      0.946      1.372        344 1.9117e+02 0.0000e+00
      0.981    22.2910     6.8871     79.027  39.472972     41.748      7.334   213.7301     4.1933     1.2393     0.0257      0.099      0.962      1.397        345 1.8834e+02 0.0000e+00
      0.999    22.2779     6.9042     79.164  39.903657     42.124      7.335   213.8437     4.2095     1.3065     0.0259      0.093      0.981      1.423        346 1.8739e+02 0.0000e+00
      1.021    22.2688     6.9127     79.203  40.180911     42.523      7.325   213.5030     4.1933     1.2259     0.0260      0.086      1.001      1.452        347 1.8649e+02 0.0000e+00
      1.043    22.2645     6.9104     79.115  40.195863     42.476      7.309   213.9951     4.1609     1.3468     0.0260      0.081      1.021      1.482        348 1.8554e+02 0.0000e+00
      1.060    22.2651     6.8820     78.751  40.152037     42.484      7.302   213.7301     4.1124     1.3065     0.0260      0.078      1.039      1.508        349 1.8612e+02 0.0000e+00
      1.077    22.2620     6.8120     77.929  40.116798     42.429      7.298   213.8437     4.1448     1.2796     0.0260      0.075      1.057      1.533        350 1.8663e+02 0.0000e+00
      1.097    22.2488     6.6636     76.208  40.121060     42.428      7.292   214.1465     4.1448     1.2931     0.0260      0.074      1.076      1.561        351 1.8179e+02 0.0000e+00
      1.118    22.2317     6.4775     74.057  40.146734     42.490      7.281   214.3358     4.1609     1.2528     0.0260      0.076      1.098      1.593        352 1.7240e+02 0.0000e+00
      1.145    22.2114     6.2638     71.593  40.144178     42.443      7.265   214.9794     4.0315     1.2796     0.0260      0.078      1.123      1.629        353 1.7159e+02 0.0000e+00
      1.172    22.1903     6.0543     69.194  40.242904     42.636      7.246   216.0015     4.0275     1.1856     0.0261      0.082      1.150      1.669        354 1.6755e+02 0.0000e+00
      1.203    22.1625     5.8672     67.066  40.261200     42.595      7.228   216.9101     4.0032     1.2931     0.0260      0.087      1.179      1.712        355 1.5838e+02 0.0000e+00
      1.235    22.1248     5.7066     65.202  40.240082     42.673      7.215   217.1751     4.0275     1.3602     0.0261      0.094      1.209      1.753        356 1.5509e+02 0.0000e+00
      1.258    22.0853     5.6315     64.298  40.209867     42.579      7.209   217.1751     3.9588     1.2393     0.0260      0.100      1.234      1.789        357 1.5221e+02 0.0000e+00
      1.281    22.0453     5.6110     64.057  39.972505     42.466      7.196   218.5380     3.9507     1.2662     0.0260      0.104      1.255      1.819        358 1.4733e+02 0.0000e+00
      1.299    22.0193     5.6361     64.346  39.645563     42.026      7.188   218.6894     3.9183     1.3199     0.0258      0.104      1.271      1.844        359 1.4658e+02 0.0000e+00
      1.309    22.0053     5.6603     64.622  39.578515     42.122      7.181   218.8408     3.9588     1.2528     0.0258      0.098      1.284      1.863        360 1.4530e+02 0.0000e+00
      1.323    21.9894     5.6550     64.550  39.433021     41.877      7.179   218.7651     3.7283     1.3871     0.0257      0.089      1.297      1.882        361 1.4052e+02 0.0000e+00
      1.337    21.9738     5.6480     64.453  39.500339     42.038      7.175   219.1058     3.7242     1.3333     0.0257      0.079      1.309      1.899        362 1.3743e+02 0.0000e+00
      1.344    21.9585     5.6333     64.270  39.643066     42.172      7.168   219.4087     3.7081     1.2931     0.0258      0.067      1.316      1.909        363 1.3764e+02 0.0000e+00
      1.346    21.9557     5.6175     64.067  39.581710     42.126      7.158   219.5980     3.7000     1.2796     0.0258      0.055      1.319      1.913        364 1.3655e+02 0.0000e+00
      1.345    21.9626     5.5913     63.746  39.695359     42.259      7.149   219.7494     3.7606     1.6556     0.0258      0.043      1.321      1.915        365 1.3380e+02 0.0000e+00
      1.349    21.9407     5.5537     63.285  39.798278     42.381      7.145   219.6358     3.7849     1.7899     0.0259      0.033      1.328      1.925        366 1.3151e+02 0.0000e+00
      1.367    21.9057     5.5268     62.928  39.750273     42.314      7.143   219.3708     3.7687     1.8167     0.0259      0.029      1.343      1.948        367 1.2706e+02 0.0000e+00
      1.391    21.8974     5.5476     63.120  39.695775     42.275      7.138   219.6358     3.7768     1.7093     0.0258      0.032      1.364      1.979        368 1.2386e+02 0.0000e+00
      1.415    21.9001     5.6090     63.762  39.688125     42.308      7.133   219.5980     3.6757     1.4810     0.0258      0.038      1.387      2.012        369 1.2066e+02 0.0000e+00
      1.437    21.8994     5.7208     64.968  39.700479     42.314      7.122   220.1280     3.6919     1.3602     0.0258      0.047      1.407      2.040        370 1.1917e+02 0.0000e+00
      1.452    21.8907     5.8643     66.542  39.680408     42.312      7.108   220.0901     3.7404     1.5616     0.0258      0.058      1.422      2.063        371 1.1860e+02 0.0000e+00
      1.464    21.8769     6.0639     68.764  39.653777     42.252      7.097   220.2794     3.7000     1.4945     0.0258      0.067      1.435      2.082        372 1.1600e+02 0.0000e+00
      1.474    21.8645     6.2820     71.209  39.674292     42.320      7.089   220.2415     3.7121     1.4408     0.0258      0.070      1.447      2.100        373 1.1400e+02 0.0000e+00
      1.491    21.8468     6.5121     73.793  39.654881     42.273      7.081   220.5444     3.7606     1.5213     0.0258      0.070      1.465      2.125        374 1.1186e+02 0.0000e+00
      1.518    21.8281     6.7238     76.163  39.737270     42.403      7.072   220.2794     3.7606     1.5213     0.0259      0.069      1.487      2.158        375 1.0990e+02 0.0000e+00
      1.540    21.8009     6.8986     78.103  39.868409     42.539      7.063   220.3930     3.7727     1.4810     0.0259      0.068      1.509      2.188        376 1.0728e+02 0.0000e+00
      1.556    21.7610     7.0333     79.586  39.936654     42.645      7.056   220.9608     3.7687     1.5616     0.0260      0.068      1.525      2.211        377 1.0524e+02 0.0000e+00
      1.567    21.7226     7.0876     80.167  39.948996     42.669      7.048   220.5823     3.3320     2.9178     0.0260      0.067      1.538      2.230        378 1.0354e+02 0.0000e+00
      1.580    21.6775     7.0197     79.370  39.971722     42.737      7.041   220.5444     3.3199     2.9178     0.0260      0.068      1.553      2.252        379 1.0139e+02 0.0000e+00
      1.604    21.6265     6.7922     76.778  39.938056     42.741      7.034   221.3773     3.2835     2.8910     0.0260      0.070      1.574      2.282        380 9.9260e+01 0.0000e+00
      1.632    21.5834     6.4470     72.854  39.812930     42.633      7.023   221.8694     3.3037     2.8507     0.0259      0.073      1.597      2.316        381 9.7642e+01 0.0000e+00
      1.649    21.5515     6.0263     68.066  39.801157     42.680      7.003   221.9830     3.0611     4.1398     0.0259      0.074      1.614      2.342        382 9.7049e+01 0.0000e+00
      1.657    21.5303     5.5834     63.042  39.804412     42.720      6.991   222.2858     3.0530     3.9786     0.0259      0.070      1.627      2.360        383 9.6056e+01 0.0000e+00
      1.671    21.5134     5.1879     58.557  39.868231     42.809      6.989   222.5130     3.0247     3.9652     0.0259      0.068      1.642      2.381        384 9.4224e+01 0.0000e+00
      1.695    21.4936     4.8436     54.640  39.988733     42.978      6.986   221.4908     3.0692     3.9249     0.0260      0.070      1.663      2.413        385 9.1860e+01 0.0000e+00
      1.722    21.4674     4.5677     51.493  40.010434     42.994      6.981   221.4530     2.9195     4.5963     0.0260      0.074      1.688      2.448        386 8.8770e+01 0.0000e+00
      1.745    21.4406     4.3570     49.089  39.930228     42.952      6.975   221.8694     2.9559     4.6366     0.0260      0.076      1.710      2.480        387 8.6446e+01 0.0000e+00
      1.762    21.4185     4.1855     47.139  39.762252     42.766      6.973   221.7937     2.9155     4.6098     0.0259      0.076      1.728      2.507        388 8.4062e+01 0.0000e+00
      1.779    21.4003     4.0637     45.750  39.626204     42.670      6.970   222.5130     2.9357     4.6366     0.0259      0.076      1.747      2.534        389 8.0671e+01 0.0000e+00
      1.802    21.3868     3.9467     44.416  39.476605     42.510      6.966   222.5130     2.6567     4.6232     0.0258      0.079      1.768      2.564        390 7.7186e+01 0.0000e+00
      1.826    21.3704     3.8363     43.156  39.384825     42.436      6.959   223.0051     2.6891     4.6635     0.0257      0.083      1.790      2.595        391 7.2965e+01 0.0000e+00
      1.846    21.3467     3.7111     41.730  39.384468     42.449      6.955   222.8915     2.6931     4.5963     0.0257      0.084      1.810      2.625        392 6.9539e+01 0.0000e+00
      1.864    21.3278     3.5818     40.258  39.269412     42.343      6.954   222.9673     2.6365     4.4889     0.0257      0.082      1.830      2.653        393 6.6658e+01 0.0000e+00
      1.886    21.3112     3.4305     38.539  39.172057     42.244      6.949   223.3080     2.6688     4.5695     0.0256      0.080      1.850      2.683        394 6.3088e+01 0.0000e+00
      1.910    21.2826     3.2919     36.968  39.149674     42.261      6.946   223.0051     2.5354     4.7977     0.0256      0.081      1.872      2.715        395 5.9756e+01 0.0000e+00
      1.931    21.2471     3.1478     35.338  38.852331     41.944      6.942   223.8001     2.5314     4.8112     0.0255      0.083      1.892      2.744        396 5.7630e+01 0.0000e+00
      1.947    21.2189     2.9857     33.507  38.533566     41.608      6.938   223.9894     2.5637     4.8380     0.0254      0.083      1.909      2.769        397 5.6327e+01 0.0000e+00
      1.962    21.1989     2.7972     31.380  38.419201     41.550      6.936   223.6487     2.5394     4.7977     0.0253      0.080      1.926      2.793        398 5.4531e+01 0.0000e+00
      1.983    21.1797     2.5461     28.553  38.282775     41.393      6.934   223.9894     2.7254     4.8917     0.0253      0.078      1.946      2.822        399 5.2598e+01 0.0000e+00
      2.007    21.1596     2.2587     25.319  38.169443     41.320      6.927   224.1787     2.7174     4.8112     0.0252      0.078      1.969      2.855        400 5.1047e+01 0.0000e+00
      2.032    21.1389     1.9319     21.645  38.115323     41.247      6.917   224.3680     2.7416     4.8783     0.0252      0.079      1.992      2.889        401 4.9506e+01 0.0000e+00
      2.055    21.1173     1.5935     17.844  38.083179     41.265      6.907   224.5573     2.7093     4.7843     0.0252      0.081      2.015      2.924        402 4.7875e+01 0.0000e+00
      2.080    21.0942     1.2643     14.153  37.912838     41.071      6.894   224.9358     2.5880     5.1737     0.0251      0.083      2.040      2.959        403 4.6117e+01 0.0000e+00
      2.106    21.0698     0.9187     10.281  37.793411     40.969      6.884   225.0494     2.6001     5.2140     0.0250      0.087      2.063      2.992        404 4.4860e+01 0.0000e+00
      2.124    21.0504     0.6224      6.963  37.846214     41.050      6.874   225.0116     2.6082     5.2677     0.0251      0.090      2.083      3.021        405 4.4280e+01 0.0000e+00
      2.141    21.0340     0.3675      4.108  38.025108     41.254      6.868   224.9358     2.6001     5.3752     0.0251      0.091      2.102      3.049        406 4.2846e+01 0.0000e+00
      2.166    21.0159     0.1744      1.949  38.193689     41.484      6.862   225.2766     2.1674     5.1872     0.0252      0.090      2.124      3.081        407 4.1151e+01 0.0000e+00
      2.191    20.9980     0.0448      0.501  38.111016     41.377      6.853   225.5794     2.1351     5.1872     0.0252      0.089      2.147      3.115        408 4.0044e+01 0.0000e+00
      2.211    20.9792    -0.0392     -0.438  38.098339     41.394      6.850   225.7687     2.1634     5.4154     0.0252      0.087      2.169      3.147        409 3.8701e+01 0.0000e+00
      2.236    20.9571    -0.0849     -0.947  38.150150     41.470      6.844   226.3366     2.1634     5.2274     0.0252      0.087      2.192      3.180        410 3.7230e+01 0.0000e+00
      2.260    20.9316    -0.0959     -1.069  38.254183     41.579      6.835   226.3744     2.1674     5.0797     0.0253      0.087      2.216      3.215        411 3.5719e+01 0.0000e+00
      2.285    20.9060    -0.0856     -0.953  38.799428     42.207      6.827   226.5258     2.1391     5.0932     0.0255      0.089      2.240      3.248        412 3.4298e+01 0.0000e+00
      2.306    20.8873    -0.0629     -0.700  39.192044     42.687      6.817   226.3744     2.1270     5.0126     0.0257      0.091      2.261      3.279        413 3.3179e+01 0.0000e+00
      2.325    20.8738    -0.0289     -0.321  39.070756     42.528      6.809   227.0180     2.1472     5.0126     0.0256      0.091      2.281      3.309        414 3.2017e+01 0.0000e+00
      2.346    20.8509    -0.0043     -0.048  38.653750     42.150      6.800   227.1694     2.1634     5.0126     0.0255      0.089      2.303      3.340        415 3.0614e+01 0.0000e+00
      2.372    20.8212     0.0286      0.318  38.672805     42.070      6.787   226.3366     2.1634     4.9320     0.0254      0.089      2.328      3.376        416 2.8842e+01 0.0000e+00
      2.403    20.7963     0.0505      0.562  39.907309     43.554      6.773   226.8287     2.1553     4.7440     0.0261      0.091      2.354      3.414        417 2.7272e+01 0.0000e+00
      2.425    20.7750     0.0750      0.834  41.745107     45.505      6.756   227.0937     2.1432     4.8246     0.0269      0.092      2.376      3.447        418 2.6257e+01 0.0000e+00
      2.442    20.7511     0.0978      1.087  43.001197     47.025      6.742   226.9423     2.1593     4.8380     0.0275      0.091      2.396      3.475        419 2.5220e+01 0.0000e+00
      2.463    20.7214     0.1103      1.227  43.061226     46.985      6.730   226.9044     2.1472     4.1264     0.0275      0.090      2.416      3.505        420 2.3806e+01 0.0000e+00
      2.487    20.6860     0.1301      1.447  42.441773     46.430      6.718   226.6394     2.1674     4.2606     0.0272      0.090      2.439      3.537        421 2.2485e+01 0.0000e+00
      2.509    20.6510     0.1373      1.527  41.754668     45.604      6.702   226.5637     2.1553     4.2203     0.0269      0.090      2.460      3.568        422 2.1622e+01 0.0000e+00
      2.528    20.6187     0.1466      1.630  41.335234     45.272      6.693   226.0716     2.1593     4.0861     0.0267      0.088      2.481      3.598        423 2.0509e+01 0.0000e+00
      2.555    20.5845     0.1564      1.740  42.044079     45.950      6.672   226.1094     2.2119     3.4012     0.0270      0.086      2.505      3.633        424 1.9210e+01 0.0000e+00
      2.581    20.5580     0.1672      1.859  44.403131     48.709      6.658   226.3744     2.2079     3.3207     0.0282      0.086      2.527      3.666        425 1.8347e+01 0.0000e+00
