Data/DataNotYetUploadedToEDI/Raw_CTD/RawDownloads/101119_fcr10.cnv
* Sea-Bird SBE19plus  Data File:
* FileName = C:\DATA\101619_unknown_0005.hex
* Software version 2.8.0.119 SB_Terminal.dll
* Temperature SN = 7809
* Conductivity SN = 7809
* System UpLoad Time = Oct 16 2019 07:56:31
* <ApplicationData>
* <Seaterm232>
# nquan = 16
# nvalues = 407                         
# units = specified
# name 0 = depFM: Depth [fresh water, m]
# name 1 = dz/dtM: Descent Rate [m/s]
# name 2 = sbeox0ML/L: Oxygen, SBE 43 [ml/l]
# name 3 = sbeox0PS: Oxygen, SBE 43 [% saturation]
# name 4 = specc: Specific Conductance [uS/cm]
# name 5 = c0uS/cm: Conductivity [uS/cm]
# name 6 = flECO-AFL: Fluorescence, WET Labs ECO-AFL/FL [mg/m^3]
# name 7 = ph: pH
# name 8 = orp: Oxidation Reduction Potential [mV]
# name 9 = par/sat/log: PAR/Logarithmic, Satlantic
# name 10 = turbWETntu0: Turbidity, WET Labs ECO [NTU]
# name 11 = prdM: Pressure, Strain Gauge [db]
# name 12 = prdE: Pressure, Strain Gauge [psi]
# name 13 = tv290C: Temperature [ITS-90, deg C]
# name 14 = density00: Density [density, kg/m^3]
# name 15 = flag:  0.000e+00
# span 0 =     -0.546,      2.405       
# span 1 =     -0.005,      0.121       
# span 2 =     4.2693,     6.4168       
# span 3 =     66.976,    100.686       
# span 4 =      0.335,     40.688       
# span 5 =   0.298321,  36.255794       
# span 6 =    -0.6356,     3.6393       
# span 7 =      6.693,      8.772       
# span 8 =    41.7406,  1195.0876       
# span 9 = 7.0485e+00, 1.8518e+03       
# span 10 =    -3.9431,    16.0723      
# span 11 =     -0.536,      2.359      
# span 12 =     -0.777,      3.421      
# span 13 =    18.6703,    20.4228      
# span 14 =   998.1348,   998.4996      
# span 15 = 0.0000e+00, 0.0000e+00      
# interval = seconds: 0.25
# start_time = Oct 11 2019 12:23:25 [Instrument's time stamp, header]
# bad_flag = -9.990e-29
*END*
[from data line 181]
      0.577      0.040     5.4493     84.109     40.097  35.482667     3.3245      7.644   151.6304 3.6731e+02     9.7373      0.567      0.822    19.2666   998.3749 0.0000e+00
      0.582      0.044     5.4381     84.159     40.108  35.481991     3.3157      7.636   151.9619 3.6565e+02     9.7160      0.568      0.824    19.2525   998.3778 0.0000e+00
      0.593      0.046     5.4311     84.230     40.136  35.494417     3.2745      7.627   152.2561 3.5620e+02     9.7786      0.579      0.839    19.2442   998.3795 0.0000e+00
      0.609      0.048     5.4285     84.346     40.157  35.505944     3.2166      7.621   152.4347 3.4859e+02     9.9371      0.596      0.865    19.2470   998.3790 0.0000e+00
      0.626      0.049     5.4312     84.496     40.145  35.494418     3.1964      7.615   152.6580 3.4468e+02    10.0272      0.615      0.892    19.2465   998.3792 0.0000e+00
      0.641      0.047     5.4369     84.641     40.131  35.481994     3.2040      7.608   152.9767 3.3706e+02     9.9831      0.631      0.915    19.2296   998.3826 0.0000e+00
      0.652      0.041     5.4420     84.756     40.135  35.482672     3.2300      7.602   153.2775 3.2767e+02     9.7972      0.640      0.929    19.2095   998.3867 0.0000e+00
      0.660      0.031     5.4511     84.840     40.158  35.502611     3.2766      7.598   153.4555 3.2136e+02     9.5166      0.647      0.939    19.2013   998.3883 0.0000e+00
      0.668      0.022     5.4614     84.903     40.185  35.532656     3.3085      7.595   153.5810 3.2169e+02     9.3754      0.656      0.952    19.2043   998.3877 0.0000e+00
      0.673      0.015     5.4716     84.938     40.170  35.528616     3.3200      7.590   153.8476 3.2628e+02     9.4012      0.661      0.959    19.2043   998.3878 0.0000e+00
      0.674      0.009     5.4798     84.953     40.150  35.517241     3.3300      7.586   154.2706 3.3308e+02     9.5666      0.661      0.959    19.1972   998.3892 0.0000e+00
      0.673      0.004     5.4846     84.965     40.152  35.522064     3.3514      7.581   154.6507 3.4503e+02     9.8350      0.660      0.957    19.1961   998.3894 0.0000e+00
      0.673      0.001     5.4883     84.954     40.153  35.523470     3.3708      7.576   154.9163 3.4835e+02     9.9917      0.660      0.957    19.2058   998.3875 0.0000e+00
      0.672      0.001     5.4887     84.888     40.165  35.534243     3.3732      7.571   155.1585 3.3383e+02    10.0191      0.659      0.956    19.2201   998.3847 0.0000e+00
      0.672      0.004     5.4880     84.802     40.155  35.525373     3.3714      7.567   155.3418 3.1824e+02    10.0027      0.659      0.955    19.2283   998.3830 0.0000e+00
      0.672      0.009     5.4890     84.724     40.107  35.479696     3.3578      7.563   155.4980 3.1257e+02     9.9576      0.658      0.955    19.2295   998.3828 0.0000e+00
      0.673      0.017     5.4900     84.619     40.056  35.426256     3.3299      7.559   155.7573 3.0931e+02     9.9320      0.659      0.957    19.2300   998.3826 0.0000e+00
      0.677      0.027     5.4842     84.500     40.026  35.386979     3.3205      7.553   156.0673 3.0215e+02     9.9556      0.662      0.961    19.2315   998.3824 0.0000e+00
      0.685      0.034     5.4769     84.400     40.041  35.385594     3.3313      7.541   156.3209 2.9841e+02    10.0133      0.670      0.972    19.2317   998.3824 0.0000e+00
      0.697      0.038     5.4751     84.307     40.085  35.409495     3.3214      7.523   156.5004 3.0183e+02    10.0718      0.683      0.990    19.2285   998.3830 0.0000e+00
      0.712      0.038     5.4680     84.242     40.111  35.422066     3.2790      7.506   156.6896 2.9959e+02    10.1392      0.698      1.012    19.2187   998.3851 0.0000e+00
      0.727      0.033     5.4608     84.233     40.104  35.410631     3.2431      7.495   156.9729 2.9064e+02    10.2054      0.716      1.038    19.2018   998.3885 0.0000e+00
      0.737      0.026     5.4581     84.280     40.092  35.398173     3.2432      7.490   157.3444 2.8464e+02    10.2494      0.727      1.054    19.1818   998.3925 0.0000e+00
      0.738      0.017     5.4530     84.373     40.093  35.398372     3.2718      7.488   157.6540 2.8038e+02    10.2130      0.725      1.051    19.1618   998.3964 0.0000e+00
      0.738      0.008     5.4496     84.510     40.111  35.413041     3.3024      7.488   157.7913 2.7625e+02    10.0598      0.722      1.047    19.1471   998.3994 0.0000e+00
      0.738      0.002     5.4499     84.678     40.150  35.448586     3.3177      7.488   157.8853 2.7394e+02     9.9373      0.724      1.050    19.1414   998.4005 0.0000e+00
      0.738      0.001     5.4534     84.848     40.145  35.447326     3.3180      7.489   158.0165 2.7373e+02     9.9114      0.725      1.051    19.1415   998.4004 0.0000e+00
      0.737      0.006     5.4593     85.000     40.085  35.397818     3.2983      7.489   158.2590 2.7590e+02     9.8456      0.723      1.048    19.1408   998.4006 0.0000e+00
      0.736      0.013     5.4686     85.096     40.042  35.357753     3.2702      7.487   158.5811 2.8122e+02     9.6654      0.721      1.046    19.1388   998.4010 0.0000e+00
      0.737      0.022     5.4804     85.127     40.033  35.343717     3.2560      7.484   158.8129 2.8372e+02     9.5359      0.721      1.045    19.1394   998.4008 0.0000e+00
      0.744      0.032     5.4907     85.127     40.054  35.355030     3.2470      7.479   158.9974 2.7692e+02     9.5578      0.727      1.054    19.1449   998.3998 0.0000e+00
      0.757      0.042     5.5012     85.102     40.078  35.367600     3.1884      7.473   159.1773 2.6491e+02     9.7993      0.742      1.077    19.1519   998.3985 0.0000e+00
      0.772      0.049     5.5083     85.049     40.088  35.368744     3.0840      7.468   159.3532 2.5226e+02    10.1943      0.758      1.099    19.1485   998.3992 0.0000e+00
      0.787      0.052     5.5093     84.965     40.095  35.368850     3.0253      7.463   159.5748 2.4190e+02    10.4014      0.771      1.118    19.1391   998.4011 0.0000e+00
      0.802      0.052     5.5111     84.857     40.100  35.368871     3.0164      7.457   159.7913 2.3595e+02    10.4023      0.786      1.141    19.1304   998.4029 0.0000e+00
      0.815      0.048     5.5107     84.759     40.105  35.368986     3.0114      7.451   159.9066 2.3185e+02    10.3685      0.800      1.160    19.1171   998.4056 0.0000e+00
      0.827      0.044     5.5083     84.702     40.108  35.370244     3.0069      7.446   160.0227 2.2623e+02    10.2226      0.810      1.177    19.1075   998.4076 0.0000e+00
      0.837      0.042     5.5041     84.709     40.124  35.384083     3.0060      7.442   160.2478 2.1998e+02     9.9493      0.821      1.192    19.1023   998.4086 0.0000e+00
      0.846      0.041     5.4961     84.752     40.154  35.409367     3.0085      7.439   160.4777 2.1366e+02     9.7843      0.831      1.204    19.0946   998.4101 0.0000e+00
      0.854      0.042     5.4904     84.769     40.172  35.422070     3.0115      7.437   160.6512 2.0715e+02     9.7677      0.838      1.214    19.0899   998.4111 0.0000e+00
      0.863      0.043     5.4854     84.737     40.164  35.410730     3.0431      7.435   160.7970 2.0230e+02    10.0105      0.845      1.226    19.0889   998.4113 0.0000e+00
      0.875      0.044     5.4866     84.668     40.155  35.399190     3.1038      7.433   160.9504 1.9826e+02    10.4920      0.858      1.244    19.0890   998.4114 0.0000e+00
      0.889      0.046     5.4917     84.538     40.170  35.409482     3.1389      7.432   161.1289 1.9478e+02    10.7717      0.872      1.264    19.0883   998.4117 0.0000e+00
      0.903      0.046     5.4937     84.310     40.171  35.408225     3.1466      7.430   161.3207 1.9315e+02    10.8034      0.887      1.286    19.0829   998.4127 0.0000e+00
      0.914      0.045     5.4914     84.032     40.146  35.383982     3.1618      7.425   161.5492 1.9219e+02    10.9087      0.897      1.301    19.0765   998.4140 0.0000e+00
      0.924      0.044     5.4878     83.762     40.132  35.370239     3.1847      7.420   161.7399 1.9021e+02    11.1926      0.906      1.314    19.0733   998.4147 0.0000e+00
      0.934      0.041     5.4821     83.516     40.133  35.368989     3.1979      7.414   161.9056 1.8683e+02    11.3845      0.917      1.330    19.0707   998.4153 0.0000e+00
      0.945      0.037     5.4652     83.309     40.136  35.368876     3.1999      7.407   162.1766 1.8183e+02    11.3610      0.926      1.343    19.0672   998.4160 0.0000e+00
      0.956      0.033     5.4461     83.160     40.137  35.368866     3.1919      7.401   162.4346 1.7494e+02    10.9730      0.938      1.359    19.0646   998.4166 0.0000e+00
      0.966      0.030     5.4288     83.101     40.135  35.368866     3.1869      7.397   162.6169 1.6926e+02    10.2984      0.949      1.375    19.0631   998.4169 0.0000e+00
      0.971      0.028     5.4128     83.173     40.133  35.368876     3.2006      7.394   162.8315 1.6724e+02     9.9881      0.952      1.381    19.0600   998.4175 0.0000e+00
      0.974      0.028     5.3994     83.388     40.134  35.368990     3.2107      7.390   163.1366 1.6796e+02    10.0404      0.955      1.385    19.0563   998.4183 0.0000e+00
      0.979      0.030     5.3893     83.699     40.139  35.370248     3.2141      7.384   163.3808 1.6947e+02    10.0450      0.959      1.392    19.0548   998.4186 0.0000e+00
      0.986      0.034     5.3840     84.057     40.158  35.384086     3.2329      7.375   163.4612 1.6903e+02     9.9787      0.966      1.402    19.0575   998.4181 0.0000e+00
      0.996      0.039     5.3874     84.437     40.188  35.409361     3.2468      7.370   163.5920 1.6478e+02     9.9277      0.976      1.416    19.0613   998.4174 0.0000e+00
      1.010      0.043     5.4033     84.800     40.203  35.421961     3.2528      7.366   163.8443 1.5860e+02     9.9530      0.989      1.436    19.0598   998.4177 0.0000e+00
      1.024      0.047     5.4254     85.126     40.189  35.409486     3.2708      7.364   164.0163 1.5425e+02     9.9892      1.006      1.459    19.0556   998.4186 0.0000e+00
      1.036      0.049     5.4488     85.411     40.164  35.385472     3.2993      7.359   164.1225 1.5150e+02     9.9059      1.016      1.474    19.0517   998.4195 0.0000e+00
      1.046      0.048     5.4752     85.604     40.169  35.385483     3.3369      7.349   164.2678 1.4866e+02     9.7654      1.025      1.487    19.0492   998.4201 0.0000e+00
      1.058      0.043     5.4994     85.659     40.201  35.409613     3.3619      7.338   164.3968 1.4403e+02     9.6994      1.036      1.503    19.0487   998.4202 0.0000e+00
      1.073      0.038     5.5193     85.587     40.219  35.423336     3.3663      7.334   164.6502 1.3852e+02     9.7312      1.052      1.526    19.0493   998.4201 0.0000e+00
      1.087      0.033     5.5402     85.436     40.219  35.424471     3.3723      7.334   164.9226 1.3503e+02     9.8214      1.069      1.550    19.0476   998.4205 0.0000e+00
      1.093      0.028     5.5546     85.228     40.218  35.423336     3.3838      7.334   165.0232 1.3383e+02     9.8394      1.075      1.559    19.0417   998.4217 0.0000e+00
      1.094      0.023     5.5588     84.982     40.205  35.409612     3.3834      7.335   165.1779 1.3292e+02     9.7851      1.072      1.554    19.0343   998.4232 0.0000e+00
      1.096      0.021     5.5524     84.742     40.181  35.385475     3.3762      7.336   165.4168 1.3149e+02     9.7559      1.073      1.555    19.0320   998.4235 0.0000e+00
      1.101      0.022     5.5420     84.493     40.186  35.385372     3.3405      7.336   165.5888 1.3079e+02     9.6823      1.081      1.569    19.0351   998.4230 0.0000e+00
      1.106      0.026     5.5289     84.224     40.216  35.408356     3.2631      7.334   165.7088 1.3026e+02     9.5836      1.085      1.573    19.0357   998.4229 0.0000e+00
      1.113      0.029     5.5107     83.996     40.220  35.409491     3.2126      7.332   165.8348 1.2777e+02     9.5452      1.088      1.578    19.0332   998.4234 0.0000e+00
      1.124      0.031     5.4967     83.834     40.209  35.399096     3.1976      7.332   165.9075 1.2430e+02     9.5138      1.103      1.599    19.0292   998.4242 0.0000e+00
      1.136      0.032     5.4826     83.722     40.220  35.409605     3.1769      7.333   165.8993 1.2193e+02     9.3346      1.115      1.617    19.0230   998.4256 0.0000e+00
      1.143      0.032     5.4627     83.670     40.219  35.409615     3.1538      7.332   165.9937 1.2043e+02     9.0502      1.122      1.627    19.0173   998.4267 0.0000e+00
      1.148      0.031     5.4481     83.665     40.205  35.399219     3.1433      7.326   166.1891 1.1900e+02     8.9262      1.126      1.633    19.0138   998.4275 0.0000e+00
      1.155      0.028     5.4389     83.685     40.219  35.410853     3.1373      7.318   166.2827 1.1775e+02     8.9167      1.130      1.639    19.0135   998.4275 0.0000e+00
      1.164      0.025     5.4303     83.724     40.235  35.423337     3.1326      7.314   166.4370 1.1663e+02     8.9019      1.142      1.656    19.0148   998.4273 0.0000e+00
      1.173      0.024     5.4274     83.787     40.236  35.423224     3.1387      7.314   166.7641 1.1508e+02     8.9114      1.153      1.672    19.0170   998.4269 0.0000e+00
      1.178      0.026     5.4273     83.864     40.223  35.409480     3.1500      7.316   167.0539 1.1413e+02     8.8999      1.156      1.677    19.0189   998.4265 0.0000e+00
      1.179      0.029     5.4288     83.936     40.198  35.384104     3.1571      7.315   167.2739 1.1351e+02     8.8943      1.154      1.675    19.0188   998.4266 0.0000e+00
      1.184      0.033     5.4313     83.987     40.186  35.370267     3.1461      7.312   167.4449 1.1171e+02     8.9102      1.158      1.679    19.0166   998.4270 0.0000e+00
      1.194      0.038     5.4359     83.997     40.187  35.369112     3.1562      7.309   167.5732 1.0843e+02     8.9942      1.170      1.697    19.0143   998.4275 0.0000e+00
      1.208      0.044     5.4416     83.967     40.191  35.370142     3.2101      7.306   167.7064 1.0445e+02     9.1886      1.184      1.717    19.0136   998.4277 0.0000e+00
      1.222      0.050     5.4468     83.917     40.210  35.382711     3.2510      7.305   167.9377 1.0163e+02     9.3266      1.199      1.739    19.0086   998.4287 0.0000e+00
      1.235      0.056     5.4520     83.847     40.229  35.394137     3.2605      7.304   168.3043 9.9892e+01     9.3513      1.212      1.758    19.0017   998.4301 0.0000e+00
      1.247      0.062     5.4524     83.762     40.219  35.381348     3.2556      7.300   168.5248 9.7613e+01     9.4553      1.222      1.773    19.0005   998.4304 0.0000e+00
      1.260      0.067     5.4500     83.678     40.197  35.355016     3.2446      7.293   168.5389 9.4428e+01     9.7316      1.234      1.790    18.9992   998.4307 0.0000e+00
      1.278      0.072     5.4474     83.594     40.178  35.329631     3.2395      7.287   168.6466 9.0338e+01     9.9723      1.251      1.815    18.9928   998.4321 0.0000e+00
      1.301      0.073     5.4439     83.503     40.185  35.328279     3.2548      7.282   168.8816 8.5695e+01    10.0379      1.275      1.851    18.9866   998.4335 0.0000e+00
      1.326      0.070     5.4379     83.408     40.201  35.338655     3.2994      7.277   169.1424 8.1468e+01     9.9684      1.301      1.887    18.9823   998.4344 0.0000e+00
      1.348      0.062     5.4335     83.304     40.191  35.328145     3.3540      7.271   169.3052 7.8492e+01     9.8529      1.323      1.918    18.9740   998.4361 0.0000e+00
      1.363      0.050     5.4299     83.175     40.191  35.328144     3.3776      7.266   169.3008 7.7000e+01     9.7886      1.339      1.942    18.9612   998.4387 0.0000e+00
      1.371      0.036     5.4248     83.036     40.202  35.338644     3.3769      7.263   169.2618 7.6227e+01     9.7802      1.346      1.953    18.9506   998.4408 0.0000e+00
