Data/DataNotYetUploadedToEDI/Raw_CTD/RawDownloads/101119_fcr30.cnv
* Sea-Bird SBE19plus  Data File:
* FileName = C:\DATA\101619_unknown_0007.hex
* Software version 2.8.0.119 SB_Terminal.dll
* Temperature SN = 7809
* Conductivity SN = 7809
* System UpLoad Time = Oct 16 2019 07:57:06
* <ApplicationData>
* <Seaterm232>
# nquan = 16
# nvalues = 423                         
# units = specified
# name 0 = depFM: Depth [fresh water, m]
# name 1 = dz/dtM: Descent Rate [m/s]
# name 2 = sbeox0ML/L: Oxygen, SBE 43 [ml/l]
# name 3 = sbeox0PS: Oxygen, SBE 43 [% saturation]
# name 4 = specc: Specific Conductance [uS/cm]
# name 5 = c0uS/cm: Conductivity [uS/cm]
# name 6 = flECO-AFL: Fluorescence, WET Labs ECO-AFL/FL [mg/m^3]
# name 7 = ph: pH
# name 8 = orp: Oxidation Reduction Potential [mV]
# name 9 = par/sat/log: PAR/Logarithmic, Satlantic
# name 10 = turbWETntu0: Turbidity, WET Labs ECO [NTU]
# name 11 = prdM: Pressure, Strain Gauge [db]
# name 12 = prdE: Pressure, Strain Gauge [psi]
# name 13 = tv290C: Temperature [ITS-90, deg C]
# name 14 = density00: Density [density, kg/m^3]
# name 15 = flag:  0.000e+00
# span 0 =     -0.541,      5.456       
# span 1 =     -0.021,      0.283       
# span 2 =    -1.0075,     6.3800       
# span 3 =    -14.025,     99.723       
# span 4 =      4.500,    113.559       
# span 5 =   3.992361,  95.772486       
# span 6 =    -1.2853,     4.3225       
# span 7 =      6.479,      7.848       
# span 8 =    35.7898,   312.0912       
# span 9 = 1.2357e-01, 1.3186e+03       
# span 10 =    -0.0087,    15.6801      
# span 11 =     -0.532,      5.352      
# span 12 =     -0.772,      7.762      
# span 13 =    13.1740,    20.2228      
# span 14 =   998.1777,   999.4055      
# span 15 = 0.0000e+00, 0.0000e+00      
# interval = seconds: 0.25
# start_time = Oct 11 2019 12:49:43 [Instrument's time stamp, header]
# bad_flag = -9.990e-29
*END*
[from data line 91]
      0.503     -0.002     4.2451     64.058     40.033  35.675430     2.3745      7.362   181.6107 3.4693e+02     9.4581      0.492      0.714    19.5573   998.3164 0.0000e+00
      0.503     -0.001     4.2131     63.599     40.019  35.662849     2.3953      7.358   181.6642 3.4263e+02     9.4592      0.493      0.715    19.5559   998.3169 0.0000e+00
      0.503      0.000     4.1753     63.171     40.014  35.657655     2.4089      7.355   181.7957 3.4016e+02     9.4390      0.494      0.717    19.5545   998.3171 0.0000e+00
      0.503      0.002     4.1423     62.782     40.035  35.676105     2.4169      7.351   181.8245 3.3914e+02     9.4101      0.494      0.717    19.5536   998.3172 0.0000e+00
      0.503      0.003     4.1105     62.446     40.057  35.695513     2.4234      7.348   181.8401 3.3661e+02     9.3388      0.492      0.714    19.5530   998.3174 0.0000e+00
      0.503      0.003     4.0815     62.134     40.065  35.701908     2.4351      7.344   182.0708 3.2110e+02     9.1663      0.493      0.715    19.5523   998.3175 0.0000e+00
      0.505      0.003     4.0541     61.819     40.052  35.689952     2.4374      7.340   182.2057 3.0957e+02     9.0297      0.495      0.718    19.5518   998.3176 0.0000e+00
      0.508      0.003     4.0278     61.477     40.040  35.677894     2.4250      7.337   182.0943 3.1167e+02     9.0305      0.498      0.722    19.5516   998.3177 0.0000e+00
      0.509      0.004     4.0079     61.095     40.047  35.683050     2.4326      7.334   182.1007 3.1398e+02     9.2745      0.500      0.725    19.5514   998.3177 0.0000e+00
      0.508      0.007     3.9881     60.714     40.054  35.688821     2.4516      7.332   182.3691 3.2037e+02     9.6853      0.498      0.723    19.5509   998.3178 0.0000e+00
      0.508      0.012     3.9685     60.371     40.049  35.684197     2.4542      7.328   182.5858 3.3461e+02     9.9018      0.498      0.722    19.5499   998.3180 0.0000e+00
      0.509      0.018     3.9477     60.080     40.056  35.690610     2.4473      7.324   182.5697 3.4173e+02     9.9579      0.499      0.723    19.5486   998.3183 0.0000e+00
      0.514      0.024     3.9217     59.851     40.069  35.702888     2.4805      7.321   182.6037 3.3182e+02    10.2003      0.502      0.727    19.5471   998.3186 0.0000e+00
      0.523      0.032     3.8964     59.706     40.072  35.705706     2.5612      7.316   182.8261 3.1088e+02    10.6366      0.512      0.744    19.5458   998.3189 0.0000e+00
      0.535      0.039     3.8744     59.665     40.092  35.724681     2.6083      7.310   183.0216 2.9403e+02    10.8746      0.525      0.763    19.5458   998.3189 0.0000e+00
      0.545      0.044     3.8554     59.734     40.112  35.741906     2.6167      7.304   183.1603 2.8416e+02    10.8821      0.535      0.775    19.5466   998.3188 0.0000e+00
      0.557      0.048     3.8400     59.871     40.093  35.723561     2.6193      7.298   183.2129 2.7260e+02    10.9896      0.545      0.791    19.5467   998.3189 0.0000e+00
      0.570      0.052     3.8304     60.006     40.063  35.693283     2.6143      7.291   183.2274 2.6373e+02    11.1910      0.559      0.811    19.5476   998.3187 0.0000e+00
      0.582      0.055     3.8270     60.134     40.068  35.693169     2.6159      7.285   183.3352 2.6073e+02    11.3185      0.571      0.828    19.5492   998.3185 0.0000e+00
      0.596      0.057     3.8322     60.256     40.106  35.722170     2.6216      7.279   183.4834 2.5258e+02    11.3512      0.584      0.846    19.5491   998.3186 0.0000e+00
      0.613      0.059     3.8441     60.316     40.116  35.726572     2.6230      7.273   183.6431 2.3817e+02    11.2917      0.600      0.870    19.5471   998.3190 0.0000e+00
      0.631      0.059     3.8525     60.295     40.071  35.682926     2.6411      7.268   183.7168 2.2885e+02    10.9588      0.620      0.898    19.5425   998.3200 0.0000e+00
      0.647      0.059     3.8602     60.201     40.026  35.638740     2.6928      7.262   183.7720 2.2350e+02    10.4403      0.637      0.922    19.5360   998.3214 0.0000e+00
      0.660      0.058     3.8714     60.031     40.026  35.636602     2.7368      7.256   183.8804 2.1589e+02    10.2002      0.647      0.939    19.5289   998.3229 0.0000e+00
      0.673      0.056     3.8755     59.806     40.051  35.657076     2.7388      7.251   183.9090 2.1089e+02    10.1859      0.659      0.957    19.5228   998.3242 0.0000e+00
      0.688      0.055     3.8738     59.551     40.027  35.632409     2.7527      7.245   183.9464 2.0777e+02    10.1360      0.676      0.980    19.5187   998.3251 0.0000e+00
      0.702      0.057     3.8690     59.289     39.925  35.528759     2.8004      7.236   183.9882 2.0067e+02    10.0885      0.690      1.001    19.5151   998.3259 0.0000e+00
      0.714      0.060     3.8574     59.321     39.844  35.419354     2.8389      7.228   183.9838 1.9234e+02    10.1039      0.700      1.016    19.5117   998.3266 0.0000e+00
      0.728      0.062     3.8419     60.406     39.874  35.388539     2.8620      7.223   184.0657 1.8622e+02    10.1582      0.713      1.034    19.5096   998.3271 0.0000e+00
      0.746      0.064     3.8270     63.177     39.959  35.409977     2.8809      7.219   184.2040 1.8013e+02    10.1872      0.730      1.059    19.5076   998.3276 0.0000e+00
      0.766      0.064     3.8067     67.476     40.014  35.424604     2.8941      7.215   184.2798 1.7321e+02    10.1927      0.752      1.090    19.5029   998.3286 0.0000e+00
      0.784      0.063     3.7913     72.611     40.053  35.438412     2.9002      7.213   184.2937 1.6833e+02    10.1593      0.769      1.115    19.4566   998.3380 0.0000e+00
      0.799      0.059     3.8474     77.808     40.080  35.449962     2.9115      7.210   184.2852 1.6428e+02    10.1117      0.784      1.136    19.3648   998.3564 0.0000e+00
      0.814      0.053     4.0395     82.397     40.072  35.437299     2.9261      7.207   184.2639 1.5959e+02     9.9769      0.800      1.160    19.2936   998.3707 0.0000e+00
      0.827      0.048     4.3386     85.962     40.047  35.412237     2.9299      7.205   184.2940 1.5531e+02     9.6771      0.811      1.176    19.2551   998.3784 0.0000e+00
      0.838      0.044     4.6892     88.287     40.036  35.400810     2.9315      7.203   184.3914 1.5196e+02     9.4695      0.823      1.194    19.2306   998.3832 0.0000e+00
      0.847      0.040     5.0437     89.302     40.067  35.426084     2.9283      7.201   184.4950 1.5054e+02     9.4653      0.832      1.206    19.2168   998.3861 0.0000e+00
      0.855      0.036     5.3487     89.204     40.111  35.463937     2.9171      7.196   184.5135 1.5009e+02     9.4953      0.837      1.213    19.2102   998.3874 0.0000e+00
      0.865      0.033     5.5839     88.405     40.128  35.477670     2.9166      7.191   184.4430 1.4784e+02     9.5039      0.847      1.228    19.2083   998.3878 0.0000e+00
      0.875      0.031     5.7371     87.310     40.115  35.465185     2.9226      7.188   184.4167 1.4511e+02     9.5049      0.859      1.246    19.2063   998.3882 0.0000e+00
      0.883      0.031     5.7985     86.219     40.087  35.439921     2.9201      7.185   184.4537 1.4422e+02     9.4743      0.867      1.258    19.2040   998.3887 0.0000e+00
      0.889      0.030     5.7808     85.283     40.072  35.426085     2.9121      7.181   184.4602 1.4189e+02     9.4292      0.871      1.264    19.2020   998.3892 0.0000e+00
      0.895      0.030     5.7209     84.518     40.072  35.424827     2.9050      7.181   184.4101 1.3756e+02     9.5815      0.876      1.271    19.2007   998.3895 0.0000e+00
      0.902      0.032     5.6425     83.886     40.074  35.424703     2.8950      7.182   184.4496 1.3330e+02     9.9392      0.884      1.282    19.2003   998.3896 0.0000e+00
      0.910      0.036     5.5688     83.316     40.077  35.424590     2.8772      7.185   184.5938 1.2950e+02    10.1491      0.893      1.294    19.1996   998.3898 0.0000e+00
      0.919      0.040     5.5093     82.775     40.079  35.423454     2.8633      7.185   184.6912 1.2648e+02    10.1530      0.900      1.305    19.1979   998.3901 0.0000e+00
      0.929      0.042     5.4599     82.271     40.066  35.410968     2.8838      7.182   184.7672 1.2299e+02    10.1830      0.909      1.319    19.1964   998.3904 0.0000e+00
      0.942      0.038     5.4221     81.805     40.056  35.400563     2.9250      7.178   184.8241 1.1961e+02    10.2834      0.924      1.341    19.1952   998.3907 0.0000e+00
      0.957      0.029     5.3862     81.389     40.085  35.424588     2.9364      7.179   184.8634 1.1877e+02    10.3499      0.938      1.362    19.1911   998.3916 0.0000e+00
      0.969      0.019     5.3507     81.055     40.111  35.447573     2.9184      7.180   184.9843 1.1932e+02    10.3314      0.953      1.382    19.1872   998.3924 0.0000e+00
      0.973      0.012     5.3187     80.815     40.085  35.424588     2.8196      7.178   185.1668 1.2001e+02     9.9292      0.960      1.392    19.1861   998.3927 0.0000e+00
      0.967      0.008     5.2886     80.652     40.058  35.400563     2.6526      7.173   185.2626 1.2187e+02     9.2232      0.950      1.378    19.1847   998.3929 0.0000e+00
      0.957      0.008     5.2607     80.571     40.070  35.410968     2.5635      7.168   185.1965 1.2403e+02     8.8408      0.935      1.355    19.1827   998.3933 0.0000e+00
      0.954      0.011     5.2388     80.558     40.084  35.423443     2.5573      7.163   185.1421 1.2271e+02     8.8119      0.931      1.349    19.1812   998.3936 0.0000e+00
      0.964      0.018     5.2244     80.555     40.085  35.424464     2.5868      7.158   185.2936 1.1707e+02     9.2354      0.945      1.370    19.1823   998.3934 0.0000e+00
      0.978      0.030     5.2134     80.542     40.085  35.423310     2.6418      7.151   185.5653 1.1309e+02    10.0608      0.963      1.396    19.1832   998.3932 0.0000e+00
      0.987      0.042     5.2077     80.529     40.074  35.409481     2.6759      7.143   185.7607 1.1238e+02    10.5658      0.970      1.407    19.1814   998.3937 0.0000e+00
      0.993      0.048     5.2097     80.504     40.053  35.384200     2.6874      7.137   185.8487 1.1031e+02    10.6547      0.971      1.409    19.1819   998.3936 0.0000e+00
      1.003      0.048     5.2090     80.432     40.046  35.371508     2.7195      7.134   185.9411 1.0623e+02    10.7425      0.980      1.421    19.1832   998.3933 0.0000e+00
      1.022      0.046     5.2080     80.263     40.062  35.382952     2.7695      7.134   186.0173 1.0209e+02    10.9400      1.003      1.453    19.1813   998.3939 0.0000e+00
      1.042      0.045     5.2081     79.987     40.077  35.395627     2.7889      7.135   185.9095 9.9901e+01    11.0425      1.026      1.488    19.1764   998.3950 0.0000e+00
      1.052      0.042     5.2080     79.640     40.078  35.397821     2.7891      7.136   185.7568 9.8871e+01    11.0320      1.034      1.500    19.1668   998.3969 0.0000e+00
      1.057      0.037     5.2061     79.255     40.092  35.409484     2.7899      7.138   185.7190 9.8058e+01    11.0418      1.036      1.502    19.1571   998.3988 0.0000e+00
      1.063      0.033     5.1958     78.875     40.094  35.409703     2.7550      7.140   185.7110 9.7875e+01    10.9314      1.043      1.512    19.1535   998.3995 0.0000e+00
      1.070      0.032     5.1764     78.574     40.085  35.400462     2.7059      7.141   185.7462 9.5963e+01    10.7136      1.050      1.522    19.1553   998.3992 0.0000e+00
      1.076      0.034     5.1528     78.378     40.113  35.424696     2.6815      7.142   185.7999 9.3007e+01    10.6367      1.056      1.530    19.1573   998.3988 0.0000e+00
      1.086      0.036     5.1284     78.265     40.139  35.448835     2.6677      7.142   185.9307 9.0637e+01    10.6581      1.065      1.543    19.1554   998.3993 0.0000e+00
      1.099      0.037     5.1007     78.210     40.124  35.438440     2.6429      7.141   186.1225 8.8521e+01    10.5782      1.079      1.564    19.1529   998.3999 0.0000e+00
      1.111      0.036     5.0813     78.193     40.106  35.425955     2.6070      7.139   186.2269 8.6800e+01    10.4245      1.091      1.581    19.1518   998.4001 0.0000e+00
      1.119      0.034     5.0698     78.251     40.103  35.424819     2.5979      7.139   186.3324 8.5377e+01    10.3726      1.098      1.591    19.1500   998.4005 0.0000e+00
      1.127      0.032     5.0623     78.407     40.103  35.424705     2.6105      7.138   186.5374 8.4834e+01    10.3770      1.106      1.604    19.1515   998.4003 0.0000e+00
      1.134      0.032     5.0598     78.637     40.104  35.424583     2.5862      7.136   186.7267 8.4267e+01    10.2485      1.113      1.615    19.1572   998.3992 0.0000e+00
      1.139      0.033     5.0562     78.884     40.105  35.423334     2.5301      7.135   186.7283 8.3144e+01    10.0311      1.116      1.619    19.1619   998.3982 0.0000e+00
      1.147      0.034     5.0592     79.067     40.091  35.409600     2.4958      7.134   186.7286 8.2034e+01     9.9113      1.123      1.629    19.1640   998.3978 0.0000e+00
      1.158      0.036     5.0705     79.145     40.066  35.385472     2.4919      7.130   186.8169 8.0031e+01     9.9144      1.136      1.646    19.1634   998.3980 0.0000e+00
      1.169      0.037     5.0862     79.145     40.067  35.385473     2.5269      7.125   186.8494 7.7994e+01     9.9048      1.147      1.664    19.1609   998.3986 0.0000e+00
      1.179      0.037     5.1052     79.086     40.095  35.409611     2.5891      7.121   186.8630 7.6605e+01     9.8613      1.155      1.675    19.1586   998.3992 0.0000e+00
      1.189      0.037     5.1182     78.950     40.111  35.423449     2.6195      7.118   186.8959 7.5012e+01     9.8463      1.166      1.691    19.1567   998.3995 0.0000e+00
      1.198      0.038     5.1221     78.756     40.113  35.425842     2.6173      7.118   186.9894 7.3767e+01     9.8544      1.177      1.706    19.1544   998.4000 0.0000e+00
      1.206      0.043     5.1216     78.568     40.128  35.438544     2.6138      7.118   187.1323 7.2947e+01     9.9919      1.183      1.715    19.1530   998.4003 0.0000e+00
      1.213      0.052     5.1191     78.434     40.144  35.450085     2.6129      7.117   187.2476 7.1901e+01    10.2318      1.188      1.723    19.1527   998.4004 0.0000e+00
      1.223      0.064     5.1099     78.354     40.137  35.438442     2.6061      7.113   187.3510 6.9994e+01    10.3297      1.196      1.735    19.1525   998.4004 0.0000e+00
      1.242      0.078     5.0952     78.292     40.129  35.424710     2.5921      7.108   187.5225 6.6676e+01    10.3225      1.214      1.761    19.1530   998.4004 0.0000e+00
      1.267      0.092     5.0819     78.187     40.121  35.410977     2.5653      7.100   187.6860 6.2552e+01    10.4070      1.241      1.800    19.1534   998.4005 0.0000e+00
      1.295      0.101     5.0736     77.978     40.114  35.399336     2.5251      7.091   187.7782 5.8671e+01    10.5664      1.270      1.841    19.1503   998.4012 0.0000e+00
      1.325      0.101     5.0701     77.648     40.131  35.410877     2.5045      7.085   187.8639 5.5005e+01    10.6108      1.299      1.883    19.1427   998.4028 0.0000e+00
      1.357      0.093     5.0685     77.193     40.147  35.423579     2.4978      7.084   187.9484 5.1451e+01    10.5506      1.331      1.930    19.1335   998.4048 0.0000e+00
      1.386      0.081     5.0645     76.597     40.151  35.425972     2.4876      7.085   188.0252 4.8984e+01    10.5596      1.365      1.979    19.1247   998.4067 0.0000e+00
      1.404      0.067     5.0516     75.900     40.166  35.439809     2.4943      7.086   188.1042 4.8103e+01    10.4244      1.381      2.005    19.1182   998.4081 0.0000e+00
