Data/DataNotYetUploadedToEDI/Raw_CTD/RawDownloads/101119_fcr45.cnv
* Sea-Bird SBE19plus  Data File:
* FileName = C:\DATA\101619_unknown_0008.hex
* Software version 2.8.0.119 SB_Terminal.dll
* Temperature SN = 7809
* Conductivity SN = 7809
* System UpLoad Time = Oct 16 2019 07:57:25
* <ApplicationData>
* <Seaterm232>
# nquan = 16
# nvalues = 430                         
# units = specified
# name 0 = depFM: Depth [fresh water, m]
# name 1 = dz/dtM: Descent Rate [m/s]
# name 2 = sbeox0ML/L: Oxygen, SBE 43 [ml/l]
# name 3 = sbeox0PS: Oxygen, SBE 43 [% saturation]
# name 4 = specc: Specific Conductance [uS/cm]
# name 5 = c0uS/cm: Conductivity [uS/cm]
# name 6 = flECO-AFL: Fluorescence, WET Labs ECO-AFL/FL [mg/m^3]
# name 7 = ph: pH
# name 8 = orp: Oxidation Reduction Potential [mV]
# name 9 = par/sat/log: PAR/Logarithmic, Satlantic
# name 10 = turbWETntu0: Turbidity, WET Labs ECO [NTU]
# name 11 = prdM: Pressure, Strain Gauge [db]
# name 12 = prdE: Pressure, Strain Gauge [psi]
# name 13 = tv290C: Temperature [ITS-90, deg C]
# name 14 = density00: Density [density, kg/m^3]
# name 15 = flag:  0.000e+00
# span 0 =     -0.540,      6.539       
# span 1 =     -0.017,      0.262       
# span 2 =    -0.0537,     5.8403       
# span 3 =     -0.774,     91.346       
# span 4 =      5.071,    113.502       
# span 5 =   4.427207,  94.300668       
# span 6 =    -0.1463,     4.5032       
# span 7 =      6.289,      7.404       
# span 8 =    39.3095,   362.3811       
# span 9 = 1.2355e-01, 1.1035e+03       
# span 10 =    -0.7357,    16.4826      
# span 11 =     -0.530,      6.413      
# span 12 =     -0.769,      9.301      
# span 13 =    13.1054,    20.2580      
# span 14 =   998.1708,   999.4195      
# span 15 = 0.0000e+00, 0.0000e+00      
# interval = seconds: 0.25
# start_time = Oct 11 2019 12:54:54 [Instrument's time stamp, header]
# bad_flag = -9.990e-29
*END*
[from data line 91]
      0.284      0.006     4.3126     65.514     39.812  35.413222     2.2272      7.073   153.7562 4.5775e+02    13.0214      0.280      0.407    19.4759   998.3318 0.0000e+00
      0.286      0.006     4.2836     65.173     39.839  35.436101     2.1967      7.071   153.8363 4.3736e+02    12.9175      0.282      0.409    19.4756   998.3319 0.0000e+00
      0.285      0.006     4.2611     64.842     39.839  35.435979     2.1823      7.070   153.8842 4.1977e+02    12.8675      0.280      0.406    19.4744   998.3321 0.0000e+00
      0.285      0.003     4.2363     64.520     39.813  35.411744     2.1843      7.068   153.9908 4.0632e+02    12.8769      0.278      0.404    19.4726   998.3324 0.0000e+00
      0.286      0.001     4.2101     64.224     39.798  35.396961     2.2381      7.064   154.0923 4.0345e+02    12.9003      0.281      0.407    19.4710   998.3328 0.0000e+00
      0.288      0.000     4.1905     63.923     39.785  35.384173     2.3297      7.062   154.0792 4.0230e+02    12.8878      0.283      0.410    19.4697   998.3331 0.0000e+00
      0.288     -0.003     4.1688     63.601     39.785  35.384068     2.3722      7.059   154.0043 4.0347e+02    12.8568      0.282      0.409    19.4689   998.3332 0.0000e+00
      0.288     -0.008     4.1468     63.250     39.799  35.395693     2.3708      7.056   153.9609 4.1857e+02    12.8199      0.282      0.409    19.4679   998.3334 0.0000e+00
      0.288     -0.014     4.1300     62.875     39.801  35.397782     2.3128      7.054   153.9851 4.6197e+02    12.6379      0.283      0.410    19.4663   998.3337 0.0000e+00
      0.285     -0.017     4.1103     62.508     39.815  35.409322     2.1994      7.052   154.1252 5.1552e+02    12.3283      0.282      0.409    19.4648   998.3340 0.0000e+00
      0.275     -0.016     4.0904     62.182     39.815  35.408292     2.1355      7.049   154.2773 5.2819e+02    12.1894      0.272      0.394    19.4638   998.3342 0.0000e+00
      0.262     -0.012     4.0675     61.938     39.791  35.385318     2.1295      7.047   154.3620 4.9170e+02    12.2369      0.254      0.368    19.4636   998.3342 0.0000e+00
      0.257     -0.004     4.0424     61.803     39.793  35.385422     2.1630      7.045   154.5471 4.3522e+02    12.4767      0.249      0.360    19.4635   998.3341 0.0000e+00
      0.261      0.010     4.0185     61.763     39.820  35.409551     2.2276      7.040   154.7943 3.9120e+02    12.8606      0.255      0.371    19.4620   998.3345 0.0000e+00
      0.268      0.027     3.9965     61.806     39.834  35.423181     2.2521      7.034   154.9420 3.7211e+02    13.0114      0.263      0.382    19.4607   998.3348 0.0000e+00
      0.274      0.043     3.9802     61.952     39.834  35.423284     2.2419      7.026   155.1281 3.7101e+02    12.9886      0.267      0.387    19.4595   998.3350 0.0000e+00
      0.285      0.054     3.9721     62.162     39.820  35.410798     2.2784      7.019   155.4096 3.7435e+02    12.9126      0.276      0.401    19.4568   998.3356 0.0000e+00
      0.305      0.061     3.9708     62.355     39.807  35.399155     2.3460      7.014   155.6784 3.7633e+02    12.7158      0.299      0.434    19.4557   998.3360 0.0000e+00
      0.326      0.063     3.9715     62.492     39.819  35.409449     2.3739      7.011   155.7970 3.8065e+02    12.6079      0.321      0.466    19.4581   998.3355 0.0000e+00
      0.345      0.061     3.9819     62.544     39.820  35.408314     2.3739      7.010   155.8107 3.8215e+02    12.6234      0.340      0.491    19.4592   998.3355 0.0000e+00
      0.362      0.054     3.9985     62.499     39.795  35.385433     2.3718      7.010   155.9297 3.7912e+02    12.6088      0.358      0.518    19.4589   998.3356 0.0000e+00
      0.375      0.044     4.0103     62.353     39.798  35.386673     2.3738      7.012   156.2045 3.7922e+02    12.5624      0.370      0.537    19.4597   998.3354 0.0000e+00
      0.385      0.037     4.0208     62.126     39.840  35.423297     2.3809      7.011   156.8103 4.0164e+02    12.4882      0.379      0.549    19.4588   998.3357 0.0000e+00
      0.390      0.037     4.0239     61.839     39.868  35.447439     2.3804      7.005   157.6613 4.4058e+02    12.4003      0.384      0.557    19.4564   998.3362 0.0000e+00
      0.393      0.047     4.0219     61.554     39.845  35.424690     2.3852      6.996   158.2345 4.4950e+02    12.3513      0.385      0.559    19.4542   998.3366 0.0000e+00
      0.396      0.062     4.0120     61.483     39.825  35.402105     2.5163      6.988   158.4929 4.0850e+02    12.3217      0.386      0.560    19.4532   998.3368 0.0000e+00
      0.409      0.073     3.9961     61.828     39.864  35.428243     2.7684      6.984   158.7201 3.4763e+02    12.2726      0.392      0.568    19.4533   998.3368 0.0000e+00
      0.442      0.079     3.9789     62.817     39.950  35.486838     2.9113      6.983   158.9159 3.0951e+02    12.2163      0.428      0.621    19.4532   998.3370 0.0000e+00
      0.482      0.078     3.9532     64.894     40.037  35.539320     2.9262      6.984   158.9679 3.0201e+02    12.1320      0.480      0.698    19.4488   998.3381 0.0000e+00
      0.509      0.071     3.9456     68.416     40.078  35.555006     2.9393      6.986   159.0049 3.0296e+02    11.6138      0.506      0.735    19.4419   998.3396 0.0000e+00
      0.519      0.061     3.9650     72.980     40.085  35.549534     2.9668      6.986   159.2760 3.0816e+02    10.7028      0.510      0.740    19.4379   998.3405 0.0000e+00
      0.522      0.051     4.0196     77.611     40.079  35.536605     2.9802      6.984   159.5791 3.1390e+02    10.2278      0.512      0.742    19.4150   998.3451 0.0000e+00
      0.525      0.046     4.1423     81.628     40.076  35.525611     2.9800      6.980   159.6586 3.1215e+02    10.1969      0.515      0.746    19.3743   998.3533 0.0000e+00
      0.532      0.046     4.3808     84.710     40.105  35.543533     2.9652      6.976   159.7209 2.9917e+02    10.2633      0.517      0.750    19.3474   998.3588 0.0000e+00
      0.548      0.047     4.7075     86.686     40.133  35.562885     2.9303      6.975   159.8155 2.8073e+02    10.4736      0.533      0.773    19.3365   998.3610 0.0000e+00
      0.573      0.045     5.0188     87.484     40.142  35.569170     2.9142      6.976   159.8562 2.7203e+02    10.6426      0.565      0.819    19.3294   998.3625 0.0000e+00
      0.592      0.039     5.2852     87.161     40.127  35.556055     2.9257      6.978   159.9561 2.7093e+02    10.6677      0.586      0.849    19.3185   998.3647 0.0000e+00
      0.599      0.029     5.4893     86.043     40.099  35.531259     2.9919      6.979   160.0770 2.6993e+02    10.6459      0.591      0.856    19.3070   998.3670 0.0000e+00
      0.598      0.015     5.6182     84.621     40.090  35.523240     3.0992      6.979   160.1989 2.6445e+02    10.6093      0.587      0.852    19.3005   998.3683 0.0000e+00
      0.595      0.002     5.6710     83.279     40.087  35.522562     3.1571      6.980   160.3107 2.6100e+02    10.5848      0.583      0.845    19.2987   998.3687 0.0000e+00
      0.595     -0.003     5.6415     82.172     40.085  35.523069     3.1629      6.981   160.3108 2.6715e+02    10.5800      0.584      0.847    19.2993   998.3686 0.0000e+00
      0.593      0.002     5.5567     81.347     40.090  35.529371     3.1605      6.980   160.4585 2.7727e+02    10.5830      0.582      0.845    19.2995   998.3685 0.0000e+00
      0.588      0.013     5.4554     80.836     40.095  35.535299     3.1885      6.977   160.7196 2.8581e+02    10.7853      0.577      0.837    19.2995   998.3685 0.0000e+00
      0.587      0.027     5.3665     80.608     40.090  35.531264     3.2410      6.973   160.8009 2.9141e+02    11.1912      0.572      0.830    19.3013   998.3681 0.0000e+00
      0.594      0.040     5.2944     80.589     40.104  35.544061     3.2666      6.971   160.9257 2.8168e+02    11.4586      0.578      0.838    19.3044   998.3676 0.0000e+00
      0.614      0.052     5.2391     80.685     40.126  35.563088     3.2722      6.971   161.1952 2.5403e+02    11.5278      0.601      0.872    19.3077   998.3670 0.0000e+00
      0.638      0.062     5.2073     80.825     40.135  35.570906     3.2491      6.971   161.3931 2.3690e+02    11.4387      0.629      0.912    19.3099   998.3667 0.0000e+00
      0.656      0.068     5.1941     80.988     40.141  35.575111     3.1953      6.971   161.4255 2.3759e+02    11.2331      0.646      0.937    19.3098   998.3668 0.0000e+00
      0.670      0.070     5.1951     81.135     40.115  35.550456     3.1593      6.970   161.4145 2.4117e+02    11.1070      0.655      0.951    19.3095   998.3669 0.0000e+00
      0.685      0.069     5.2036     81.186     40.091  35.526691     3.1431      6.969   161.5179 2.3457e+02    11.0609      0.670      0.972    19.3099   998.3669 0.0000e+00
      0.703      0.069     5.2123     81.099     40.111  35.541646     3.1202      6.969   161.7289 2.1486e+02    10.9701      0.689      0.999    19.3095   998.3670 0.0000e+00
      0.722      0.073     5.2235     80.899     40.115  35.540865     3.0735      6.968   161.9871 1.9712e+02    10.8612      0.707      1.027    19.3081   998.3673 0.0000e+00
      0.740      0.079     5.2359     80.612     40.093  35.517243     3.0372      6.965   162.2306 1.8518e+02    10.8252      0.726      1.054    19.3061   998.3679 0.0000e+00
      0.758      0.085     5.2406     80.271     40.089  35.509898     3.0291      6.959   162.3497 1.7478e+02    10.8303      0.743      1.077    19.3033   998.3685 0.0000e+00
      0.780      0.089     5.2339     79.909     40.099  35.515524     2.9837      6.954   162.3956 1.6536e+02    10.8250      0.763      1.105    19.3001   998.3692 0.0000e+00
      0.806      0.093     5.2215     79.545     40.109  35.521792     2.9055      6.950   162.5270 1.5470e+02    10.8597      0.790      1.145    19.2946   998.3705 0.0000e+00
      0.834      0.095     5.2027     79.199     40.112  35.522206     2.8638      6.948   162.7343 1.4429e+02    10.8887      0.819      1.188    19.2885   998.3719 0.0000e+00
      0.861      0.095     5.1802     78.890     40.112  35.520529     2.8435      6.945   162.9232 1.3686e+02    10.8482      0.846      1.227    19.2839   998.3729 0.0000e+00
      0.883      0.095     5.1573     78.655     40.093  35.501519     2.7726      6.941   163.0902 1.3102e+02    10.7961      0.867      1.257    19.2801   998.3737 0.0000e+00
      0.904      0.095     5.1333     78.509     40.074  35.482755     2.6656      6.937   163.2904 1.2446e+02    10.7833      0.886      1.284    19.2767   998.3744 0.0000e+00
      0.927      0.096     5.1114     78.434     40.078  35.484062     2.6151      6.935   163.4512 1.1725e+02    10.8247      0.909      1.318    19.2740   998.3751 0.0000e+00
      0.951      0.096     5.0903     78.459     40.117  35.517318     2.6133      6.935   163.5721 1.0953e+02    10.8376      0.931      1.350    19.2718   998.3756 0.0000e+00
      0.978      0.094     5.0744     78.572     40.175  35.567498     2.6089      6.935   163.7191 1.0189e+02    10.7755      0.958      1.390    19.2698   998.3761 0.0000e+00
      1.006      0.090     5.0671     78.648     40.195  35.583021     2.6053      6.935   163.7659 9.5652e+01    10.6304      0.989      1.435    19.2672   998.3768 0.0000e+00
      1.031      0.083     5.0610     78.598     40.190  35.578074     2.6048      6.934   163.7077 9.1125e+01    10.4272      1.013      1.470    19.2645   998.3774 0.0000e+00
      1.051      0.074     5.0619     78.398     40.183  35.571151     2.6117      6.933   163.7033 8.7820e+01    10.3500      1.032      1.497    19.2621   998.3780 0.0000e+00
      1.067      0.068     5.0742     78.009     40.173  35.562776     2.6196      6.932   163.7991 8.5403e+01    10.3855      1.048      1.519    19.2602   998.3785 0.0000e+00
      1.080      0.065     5.0812     77.440     40.148  35.540279     2.6043      6.931   164.0060 8.3543e+01    10.3984      1.060      1.537    19.2586   998.3788 0.0000e+00
      1.091      0.067     5.0774     76.797     40.093  35.489555     2.5735      6.929   164.2258 8.1133e+01    10.4077      1.069      1.551    19.2577   998.3791 0.0000e+00
      1.106      0.073     5.0662     76.176     40.058  35.457228     2.5595      6.927   164.3060 7.7614e+01    10.4312      1.083      1.570    19.2575   998.3792 0.0000e+00
      1.125      0.079     5.0415     75.651     40.072  35.466766     2.5571      6.926   164.3735 7.3760e+01    10.4529      1.102      1.598    19.2574   998.3793 0.0000e+00
      1.149      0.084     5.0013     75.326     40.088  35.477936     2.5273      6.926   164.5251 6.9825e+01    10.5396      1.125      1.632    19.2568   998.3795 0.0000e+00
      1.177      0.086     4.9578     75.249     40.076  35.465331     2.4683      6.927   164.6767 6.5808e+01    10.7251      1.154      1.674    19.2552   998.3799 0.0000e+00
      1.204      0.085     4.9175     75.364     40.050  35.441304     2.4324      6.928   164.8296 6.2623e+01    10.8289      1.183      1.715    19.2525   998.3806 0.0000e+00
      1.225      0.082     4.8801     75.611     40.051  35.441313     2.4310      6.929   164.9975 6.0560e+01    10.8115      1.203      1.744    19.2490   998.3814 0.0000e+00
      1.240      0.079     4.8584     75.956     40.081  35.465433     2.4518      6.929   165.2434 5.8845e+01    10.6453      1.216      1.763    19.2454   998.3822 0.0000e+00
      1.255      0.076     4.8556     76.334     40.101  35.479054     2.4849      6.929   165.4800 5.6759e+01    10.3263      1.229      1.783    19.2427   998.3828 0.0000e+00
      1.274      0.075     4.8650     76.677     40.106  35.479055     2.4933      6.928   165.5350 5.4212e+01    10.1664      1.248      1.811    19.2414   998.3831 0.0000e+00
      1.297      0.076     4.8810     76.955     40.094  35.465445     2.4836      6.926   165.5649 5.1854e+01    10.1872      1.273      1.847    19.2405   998.3834 0.0000e+00
      1.318      0.078     4.9050     77.103     40.070  35.441431     2.4803      6.923   165.6691 5.0066e+01    10.3486      1.294      1.877    19.2381   998.3839 0.0000e+00
      1.337      0.078     4.9327     77.080     40.072  35.442577     2.4797      6.921   165.7617 4.8255e+01    10.6431      1.310      1.900    19.2325   998.3851 0.0000e+00
      1.356      0.077     4.9540     76.904     40.114  35.479295     2.4849      6.920   165.8249 4.6288e+01    10.7983      1.330      1.929    19.2269   998.3864 0.0000e+00
      1.376      0.074     4.9755     76.600     40.143  35.504568     2.4906      6.917   165.8313 4.4588e+01    10.8161      1.351      1.960    19.2230   998.3872 0.0000e+00
      1.395      0.071     4.9862     76.222     40.133  35.494277     2.4799      6.915   165.8391 4.3028e+01    10.7922      1.368      1.984    19.2191   998.3881 0.0000e+00
      1.414      0.067     4.9838     75.853     40.121  35.481802     2.4423      6.915   165.9184 4.1559e+01    10.4768      1.387      2.011    19.2180   998.3884 0.0000e+00
      1.432      0.061     4.9723     75.548     40.121  35.480668     2.3903      6.914   165.9294 4.0199e+01     9.9513      1.405      2.037    19.2188   998.3883 0.0000e+00
      1.448      0.055     4.9515     75.315     40.122  35.480566     2.3629      6.913   165.8867 3.9031e+01     9.7152      1.421      2.061    19.2173   998.3887 0.0000e+00
      1.462      0.048     4.9252     75.171     40.125  35.480557     2.3629      6.913   166.0039 3.8301e+01     9.7192      1.435      2.082    19.2152   998.3892 0.0000e+00
      1.471      0.043     4.8995     75.111     40.127  35.480557     2.3554      6.914   166.1426 3.7791e+01     9.6731      1.443      2.093    19.2148   998.3892 0.0000e+00
