Data/DataNotYetUploadedToEDI/Raw_CTD/RawDownloads/101119_fcr20.cnv
* Sea-Bird SBE19plus  Data File:
* FileName = C:\DATA\101619_unknown_0006.hex
* Software version 2.8.0.119 SB_Terminal.dll
* Temperature SN = 7809
* Conductivity SN = 7809
* System UpLoad Time = Oct 16 2019 07:56:48
* <ApplicationData>
* <Seaterm232>
# nquan = 16
# nvalues = 358                         
# units = specified
# name 0 = depFM: Depth [fresh water, m]
# name 1 = dz/dtM: Descent Rate [m/s]
# name 2 = sbeox0ML/L: Oxygen, SBE 43 [ml/l]
# name 3 = sbeox0PS: Oxygen, SBE 43 [% saturation]
# name 4 = specc: Specific Conductance [uS/cm]
# name 5 = c0uS/cm: Conductivity [uS/cm]
# name 6 = flECO-AFL: Fluorescence, WET Labs ECO-AFL/FL [mg/m^3]
# name 7 = ph: pH
# name 8 = orp: Oxidation Reduction Potential [mV]
# name 9 = par/sat/log: PAR/Logarithmic, Satlantic
# name 10 = turbWETntu0: Turbidity, WET Labs ECO [NTU]
# name 11 = prdM: Pressure, Strain Gauge [db]
# name 12 = prdE: Pressure, Strain Gauge [psi]
# name 13 = tv290C: Temperature [ITS-90, deg C]
# name 14 = density00: Density [density, kg/m^3]
# name 15 = flag:  0.000e+00
# span 0 =     -0.521,      3.644       
# span 1 =     -0.005,      0.181       
# span 2 =     3.6745,     6.2648       
# span 3 =     58.255,     99.561       
# span 4 =     31.760,     42.385       
# span 5 =  29.140470,  37.440424       
# span 6 =    -0.1341,    78.0169       
# span 7 =      7.100,      8.857       
# span 8 =   -75.5830,   216.9896       
# span 9 = 1.2365e-01, 1.3764e+03       
# span 10 =    -0.3944,    41.4439      
# span 11 =     -0.518,      3.574      
# span 12 =     -0.752,      5.183      
# span 13 =    18.5359,    20.9695      
# span 14 =   998.0064,   998.5303      
# span 15 = 0.0000e+00, 0.0000e+00      
# interval = seconds: 0.25
# start_time = Oct 11 2019 12:42:57 [Instrument's time stamp, header]
# bad_flag = -9.990e-29
*END*
     -0.521      0.071     6.0172     96.424     31.760  29.140470     1.2292      7.832   131.9709 6.0304e+02    11.8856     -0.518     -0.752    20.9517   998.0097 0.0000e+00
     -0.498      0.091     6.0197     96.432     37.978  34.823710     1.2078      8.103   133.1685 6.2351e+02    12.2139     -0.494     -0.717    20.9676   998.0064 0.0000e+00
     -0.460      0.108     6.0185     96.440     39.555  36.250275     1.1950      8.310   136.5041 6.6078e+02    12.1977     -0.453     -0.656    20.9695   998.0073 0.0000e+00
     -0.420      0.119     6.0215     96.459     39.764  36.424821     1.1445      8.465   143.3070 6.1448e+02    11.6571     -0.408     -0.591    20.9249   998.0207 0.0000e+00
     -0.386      0.123     6.0297     96.469     39.851  36.489797     1.0651      8.575   148.1393 4.6007e+02    10.6919     -0.374     -0.542    20.8750   998.0362 0.0000e+00
     -0.359      0.123     6.0332     96.476     39.912  36.528104     1.0242      8.646   147.6953 4.8694e+02    10.1624     -0.354     -0.512    20.8424   998.0449 0.0000e+00
     -0.333      0.123     6.0361     96.501     39.985  36.570594     1.0220      8.685   145.4236 7.7428e+02    10.1384     -0.329     -0.477    20.8162   998.0505 0.0000e+00
     -0.303      0.131     6.0412     96.554     40.068  36.622678     1.0727      8.711   144.7632 1.0199e+03    10.1067     -0.297     -0.431    20.7941   998.0556 0.0000e+00
     -0.273      0.148     6.0432     96.677     40.115  36.650023     1.1611      8.752   144.0991 1.1269e+03     9.9748     -0.267     -0.387    20.7792   998.0589 0.0000e+00
     -0.241      0.167     6.0451     96.937     40.122  36.647298     1.1978      8.804   144.5351 1.1540e+03     9.8877     -0.242     -0.351    20.7605   998.0630 0.0000e+00
     -0.197      0.179     6.0511     97.351     40.132  36.653195     1.2046      8.842   148.5716 1.1338e+03     9.9049     -0.199     -0.288    20.7248   998.0708 0.0000e+00
     -0.137      0.181     6.0577     97.884     40.129  36.657840     1.2601      8.857   152.3802 1.1749e+03    10.1176     -0.135     -0.195    20.6913   998.0784 0.0000e+00
     -0.073      0.174     6.0651     98.448     40.094  36.639996     1.3487      8.857   153.9318 1.3119e+03    10.4612     -0.066     -0.096    20.6734   998.0825 0.0000e+00
     -0.020      0.161     6.0829     98.948     40.071  36.627894     1.3920      8.851   154.9415 1.3764e+03    10.6177     -0.011     -0.016    20.6625   998.0851 0.0000e+00
      0.013      0.143     6.1102     99.359     40.096  36.638473     1.3930      8.840   155.8984 1.2877e+03    10.6341      0.019      0.027    20.6552   998.0868 0.0000e+00
      0.032      0.125     6.1442     99.561     40.140  36.640942     1.4474      8.821   154.7465 1.3109e+03    10.8560      0.031      0.044    20.6657   998.0845 0.0000e+00
      0.051      0.111     6.1802     99.350     40.147  36.594216     1.5647      8.798   151.3385 1.3535e+03    11.2681      0.045      0.064    20.6910   998.0792 0.0000e+00
      0.081      0.106     6.2080     98.645     40.125  36.517752     1.6402      8.776   149.7108 1.1877e+03    11.4869      0.078      0.114    20.7084   998.0756 0.0000e+00
      0.113      0.107     6.2372     97.277     40.139  36.478017     1.6405      8.761   150.2957 9.8704e+02    11.4700      0.114      0.166    20.6962   998.0784 0.0000e+00
      0.142      0.110     6.2648     95.027     40.206  36.494554     1.5779      8.750   151.1829 7.6915e+02    11.0968      0.140      0.202    20.6434   998.0898 0.0000e+00
      0.169      0.108     6.2587     91.977     40.279  36.527220     1.4897      8.736   152.2651 6.0044e+02    10.3823      0.166      0.241    20.5701   998.1055 0.0000e+00
      0.197      0.099     6.2266     88.500     40.337  36.555572     1.4585      8.718   153.4861 5.5032e+02    10.0090      0.192      0.278    20.4977   998.1210 0.0000e+00
      0.226      0.086     6.1581     85.102     40.388  36.583428     1.4692      8.703   154.5020 5.8075e+02    10.0235      0.221      0.321    20.4311   998.1351 0.0000e+00
      0.251      0.071     6.0185     82.182     40.436  36.610109     1.4640      8.693   155.3421 6.0039e+02    10.0013      0.249      0.362    20.3751   998.1470 0.0000e+00
      0.268      0.054     5.8231     79.882     40.465  36.624251     1.4219      8.688   156.2439 5.6200e+02     9.8710      0.266      0.386    20.3330   998.1560 0.0000e+00
      0.277      0.037     5.5934     78.225     40.473  36.627458     1.3664      8.684   157.2314 5.9441e+02     9.7593      0.275      0.399    20.3053   998.1619 0.0000e+00
      0.280      0.021     5.3706     77.155     40.494  36.648883     1.3397      8.676   158.3339 6.5371e+02     9.7648      0.276      0.401    20.2854   998.1661 0.0000e+00
      0.280      0.009     5.1872     76.550     40.537  36.692873     1.3330      8.665   159.5939 6.6039e+02     9.7742      0.274      0.397    20.2624   998.1709 0.0000e+00
      0.280      0.002     5.0423     76.256     40.557  36.715032     1.3285      8.654   160.8510 6.9624e+02     9.5780      0.273      0.396    20.2451   998.1745 0.0000e+00
      0.280      0.000     4.9391     76.094     40.562  36.726398     1.3287      8.642   161.9178 7.2340e+02     9.2275      0.276      0.399    20.2413   998.1754 0.0000e+00
      0.280      0.000     4.8743     75.957     40.596  36.766829     1.3445      8.628   162.8566 6.3870e+02     9.0421      0.275      0.400    20.2461   998.1742 0.0000e+00
      0.279      0.001     4.8376     75.760     40.642  36.823051     1.3634      8.613   163.7694 5.5665e+02     9.0411      0.273      0.397    20.2531   998.1728 0.0000e+00
      0.279      0.001     4.8241     75.374     40.704  36.898406     1.3582      8.596   164.6952 5.0803e+02     9.1505      0.272      0.395    20.2583   998.1718 0.0000e+00
      0.279      0.002     4.8152     74.775     40.770  36.979754     1.3414      8.579   165.5319 4.6357e+02     9.3485      0.273      0.396    20.2647   998.1704 0.0000e+00
      0.280      0.002     4.8057     74.051     40.820  37.044955     1.3342      8.564   166.2280 4.7067e+02     9.4692      0.276      0.399    20.2758   998.1681 0.0000e+00
      0.282      0.001     4.7965     73.271     40.880  37.115511     1.3406      8.553   167.0029 4.8391e+02     9.4947      0.276      0.401    20.2958   998.1640 0.0000e+00
      0.283      0.000     4.7703     72.541     40.957  37.198112     1.3746      8.546   167.8469 4.7450e+02     9.4932      0.278      0.402    20.3189   998.1592 0.0000e+00
      0.283     -0.002     4.7264     72.087     41.040  37.282005     1.4249      8.539   168.6888 4.9155e+02     9.4841      0.280      0.405    20.3456   998.1536 0.0000e+00
      0.281     -0.004     4.6773     72.093     41.128  37.368163     1.4463      8.533   169.5245 5.8491e+02     9.4504      0.276      0.401    20.3732   998.1478 0.0000e+00
      0.279     -0.005     4.6252     72.586     41.175  37.414672     1.4419      8.528   170.2938 6.8253e+02     9.4136      0.273      0.395    20.3924   998.1438 0.0000e+00
      0.277     -0.005     4.5710     73.477     41.159  37.400017     1.4157      8.522   171.1077 6.9431e+02     9.3990      0.272      0.394    20.4073   998.1407 0.0000e+00
      0.276     -0.005     4.5366     74.590     41.140  37.381389     1.3634      8.515   171.8796 6.8206e+02     9.3392      0.272      0.394    20.4184   998.1383 0.0000e+00
      0.275     -0.004     4.5367     75.730     41.139  37.379864     1.3304      8.506   172.4859 6.7493e+02     9.2485      0.270      0.392    20.4255   998.1368 0.0000e+00
      0.274     -0.004     4.5689     76.733     41.139  37.381584     1.3280      8.501   173.1039 6.4257e+02     9.2198      0.269      0.390    20.4291   998.1361 0.0000e+00
      0.274     -0.003     4.6298     77.466     41.157  37.402187     1.3347      8.497   173.6733 6.0438e+02     9.3194      0.269      0.390    20.4291   998.1361 0.0000e+00
      0.273     -0.002     4.7049     77.849     41.192  37.438552     1.3421      8.494   174.1222 6.0838e+02     9.4703      0.268      0.389    20.4273   998.1365 0.0000e+00
      0.272      0.000     4.7799     77.904     41.192  37.440424     1.3396      8.490   174.6592 6.4201e+02     9.5034      0.266      0.386    20.4254   998.1369 0.0000e+00
      0.272      0.002     4.8463     77.722     41.175  37.424819     1.3306      8.484   175.2614 6.2617e+02     9.4582      0.265      0.385    20.4276   998.1365 0.0000e+00
      0.273      0.002     4.8941     77.412     41.194  37.440308     1.3290      8.475   175.8976 5.7343e+02     9.4480      0.267      0.388    20.4337   998.1351 0.0000e+00
      0.274      0.002     4.9169     77.070     41.193  37.437271     1.3462      8.463   176.6725 5.0691e+02     9.3138      0.269      0.390    20.4396   998.1339 0.0000e+00
      0.277      0.002     4.9177     76.760     41.144  37.388097     1.3827      8.450   177.3166 4.3185e+02     9.0154      0.273      0.394    20.4425   998.1334 0.0000e+00
      0.278      0.002     4.9039     76.515     41.116  37.353546     1.4050      8.437   177.8351 4.2529e+02     8.8225      0.274      0.397    20.4418   998.1335 0.0000e+00
      0.276      0.001     4.8822     76.317     41.108  37.336877     1.3985      8.423   178.4676 4.8972e+02     8.7849      0.271      0.392    20.4392   998.1340 0.0000e+00
      0.275     -0.001     4.8599     76.092     41.090  37.313500     1.3738      8.412   178.9424 5.4904e+02     8.9861      0.269      0.390    20.4370   998.1344 0.0000e+00
      0.275     -0.002     4.8394     75.767     41.108  37.324787     1.3490      8.404   179.2739 5.6333e+02     9.4203      0.270      0.392    20.4328   998.1354 0.0000e+00
      0.275     -0.002     4.8255     75.316     41.137  37.346389     1.3425      8.397   179.7218 5.7954e+02     9.6756      0.271      0.393    20.4209   998.1379 0.0000e+00
      0.275     -0.002     4.8167     74.808     41.115  37.320780     1.3388      8.389   180.3147 6.1191e+02     9.6811      0.270      0.391    20.4061   998.1410 0.0000e+00
      0.274     -0.002     4.8045     74.339     41.066  37.269045     1.3296      8.382   181.0221 5.9599e+02     9.5844      0.268      0.389    20.3978   998.1427 0.0000e+00
      0.272     -0.003     4.7859     73.939     41.031  37.228660     1.3346      8.376   181.6486 6.0980e+02     9.4245      0.267      0.387    20.3942   998.1434 0.0000e+00
      0.272     -0.003     4.7558     73.626     41.022  37.213326     1.3476      8.368   182.1261 6.5609e+02     9.3201      0.267      0.387    20.3889   998.1446 0.0000e+00
      0.272     -0.002     4.7214     73.437     41.026  37.210580     1.3483      8.361   182.5791 6.0935e+02     9.3063      0.266      0.386    20.3816   998.1461 0.0000e+00
      0.271     -0.002     4.6928     73.364     41.015  37.195453     1.3698      8.353   183.0823 5.2684e+02     9.4213      0.266      0.385    20.3720   998.1481 0.0000e+00
      0.271     -0.002     4.6684     73.379     40.978  37.157358     1.4252      8.346   183.6507 4.8250e+02     9.6283      0.265      0.385    20.3612   998.1504 0.0000e+00
      0.270     -0.002     4.6478     73.453     40.954  37.130823     1.4631      8.339   184.1165 4.6351e+02     9.7453      0.265      0.384    20.3518   998.1523 0.0000e+00
      0.269     -0.002     4.6373     73.517     40.957  37.128515     1.4640      8.330   184.4986 4.6191e+02     9.7533      0.264      0.383    20.3445   998.1539 0.0000e+00
      0.268     -0.002     4.6340     73.508     40.963  37.129449     1.4787      8.319   184.9143 4.5313e+02     9.7583      0.263      0.381    20.3389   998.1550 0.0000e+00
      0.268     -0.002     4.6354     73.405     40.981  37.142115     1.5283      8.308   185.5288 4.4287e+02     9.8067      0.263      0.381    20.3329   998.1563 0.0000e+00
      0.268     -0.002     4.6429     73.206     40.999  37.154705     1.5611      8.298   188.4014 4.6983e+02     9.8791      0.262      0.380    20.3265   998.1576 0.0000e+00
      0.268     -0.002     4.6489     72.906     41.000  37.154714     1.5714      8.287   191.2544 5.3170e+02     9.9781      0.263      0.381    20.3212   998.1587 0.0000e+00
      0.267     -0.002     4.6490     72.509     40.985  37.142229     1.5832      8.276   189.7378 5.6824e+02    10.0212      0.262      0.380    20.3164   998.1597 0.0000e+00
      0.266     -0.002     4.6428     72.051     40.972  37.130698     1.5831      8.267   187.6168 5.5285e+02     9.9078      0.260      0.378    20.3110   998.1608 0.0000e+00
      0.266     -0.002     4.6310     71.565     40.985  37.142239     1.5705      8.259   187.4629 5.2290e+02     9.7542      0.261      0.378    20.3070   998.1617 0.0000e+00
      0.265     -0.002     4.6122     71.053     41.000  37.154820     1.5692      8.250   187.6193 5.1084e+02     9.7049      0.260      0.377    20.3063   998.1618 0.0000e+00
      0.264     -0.001     4.5858     70.530     41.001  37.155860     1.5755      8.240   187.8730 5.2116e+02     9.7372      0.258      0.374    20.3074   998.1616 0.0000e+00
      0.264      0.001     4.5559     70.025     40.999  37.154820     1.5691      8.229   188.2078 5.4261e+02     9.7522      0.259      0.375    20.3077   998.1615 0.0000e+00
      0.265      0.002     4.5255     69.543     40.985  37.142240     1.5609      8.219   188.4835 5.5415e+02     9.7219      0.260      0.377    20.3071   998.1616 0.0000e+00
      0.265      0.005     4.4931     69.074     40.972  37.130711     1.5637      8.209   188.7108 5.4170e+02     9.6984      0.260      0.377    20.3066   998.1618 0.0000e+00
      0.266      0.008     4.4585     68.566     40.984  37.142367     1.5762      8.200   189.0628 5.4949e+02     9.6980      0.260      0.378    20.3069   998.1617 0.0000e+00
      0.268      0.010     4.4276     68.065     40.998  37.156225     1.5907      8.193   189.4711 6.0696e+02     9.7166      0.263      0.381    20.3075   998.1616 0.0000e+00
      0.271      0.010     4.3957     67.679     41.013  37.171322     1.5925      8.186   189.7755 6.7392e+02     9.7601      0.266      0.384    20.3077   998.1616 0.0000e+00
      0.276      0.010     4.3689     67.323     41.040  37.197960     1.5808      8.181   189.9904 6.6365e+02     9.7640      0.270      0.391    20.3076   998.1616 0.0000e+00
      0.280      0.010     4.3366     66.901     41.066  37.224410     1.5698      8.179   190.1759 5.4486e+02     9.7312      0.274      0.399    20.3079   998.1616 0.0000e+00
      0.281      0.010     4.2980     66.429     41.078  37.237221     1.5553      8.180   190.4701 4.4821e+02     9.8225      0.276      0.401    20.3090   998.1614 0.0000e+00
      0.281      0.010     4.2791     65.933     41.064  37.225907     1.5357      8.180   190.8797 4.2249e+02    10.0163      0.275      0.399    20.3114   998.1608 0.0000e+00
      0.282      0.010     4.2583     65.423     41.050  37.214577     1.5319      8.177   191.1708 4.0713e+02    10.1079      0.275      0.399    20.3147   998.1601 0.0000e+00
      0.286      0.010     4.2301     64.912     41.062  37.227167     1.5353      8.165   191.4085 4.0869e+02    10.1103      0.280      0.406    20.3179   998.1595 0.0000e+00
      0.291      0.011     4.1995     64.390     41.087  37.251182     1.5758      8.149   191.6891 4.2628e+02    10.0461      0.286      0.414    20.3201   998.1591 0.0000e+00
      0.295      0.011     4.1680     63.830     41.086  37.251048     1.6663      8.138   191.8963 4.3139e+02     9.8885      0.289      0.420    20.3215   998.1588 0.0000e+00
      0.297      0.011     4.1353     63.281     41.056  37.225554     1.7108      8.136   192.1072 4.3154e+02     9.7782      0.291      0.423    20.3230   998.1585 0.0000e+00
      0.299      0.013     4.1024     62.787     41.024  37.196835     1.6981      8.136   192.4321 4.6093e+02     9.7284      0.293      0.425    20.3249   998.1581 0.0000e+00
