Data/DataNotYetUploadedToEDI/Raw_CTD/RawDownloads/101119_fcr45.cnv
* Sea-Bird SBE19plus  Data File:
* FileName = C:\DATA\101619_unknown_0008.hex
* Software version 2.8.0.119 SB_Terminal.dll
* Temperature SN = 7809
* Conductivity SN = 7809
* System UpLoad Time = Oct 16 2019 07:57:25
* <ApplicationData>
* <Seaterm232>
# nquan = 16
# nvalues = 430                         
# units = specified
# name 0 = depFM: Depth [fresh water, m]
# name 1 = dz/dtM: Descent Rate [m/s]
# name 2 = sbeox0ML/L: Oxygen, SBE 43 [ml/l]
# name 3 = sbeox0PS: Oxygen, SBE 43 [% saturation]
# name 4 = specc: Specific Conductance [uS/cm]
# name 5 = c0uS/cm: Conductivity [uS/cm]
# name 6 = flECO-AFL: Fluorescence, WET Labs ECO-AFL/FL [mg/m^3]
# name 7 = ph: pH
# name 8 = orp: Oxidation Reduction Potential [mV]
# name 9 = par/sat/log: PAR/Logarithmic, Satlantic
# name 10 = turbWETntu0: Turbidity, WET Labs ECO [NTU]
# name 11 = prdM: Pressure, Strain Gauge [db]
# name 12 = prdE: Pressure, Strain Gauge [psi]
# name 13 = tv290C: Temperature [ITS-90, deg C]
# name 14 = density00: Density [density, kg/m^3]
# name 15 = flag:  0.000e+00
# span 0 =     -0.540,      6.539       
# span 1 =     -0.017,      0.262       
# span 2 =    -0.0537,     5.8403       
# span 3 =     -0.774,     91.346       
# span 4 =      5.071,    113.502       
# span 5 =   4.427207,  94.300668       
# span 6 =    -0.1463,     4.5032       
# span 7 =      6.289,      7.404       
# span 8 =    39.3095,   362.3811       
# span 9 = 1.2355e-01, 1.1035e+03       
# span 10 =    -0.7357,    16.4826      
# span 11 =     -0.530,      6.413      
# span 12 =     -0.769,      9.301      
# span 13 =    13.1054,    20.2580      
# span 14 =   998.1708,   999.4195      
# span 15 = 0.0000e+00, 0.0000e+00      
# interval = seconds: 0.25
# start_time = Oct 11 2019 12:54:54 [Instrument's time stamp, header]
# bad_flag = -9.990e-29
*END*
[from data line 272]
      3.406      0.102     1.8986     20.135     46.231  40.206928     1.5804      6.794   176.3327 1.1375e+00     6.2283      3.345      4.851    18.6285   998.5133 0.0000e+00
      3.426      0.088     1.8159     16.420     49.581  43.105046     1.5037      6.792   176.3253 1.1018e+00     5.8473      3.361      4.876    18.5799   998.5232 0.0000e+00
      3.439      0.077     1.7028     12.500     54.112  47.006633     1.5070      6.788   176.2160 1.0859e+00     5.7747      3.373      4.892    18.5258   998.5338 0.0000e+00
      3.452      0.071     1.5424      8.920     56.365  48.900301     1.5163      6.783   176.2150 1.0741e+00     5.7765      3.384      4.908    18.4927   998.5400 0.0000e+00
      3.469      0.071     1.3347      6.015     58.586  50.760913     1.5214      6.777   176.1417 1.0336e+00     5.8040      3.399      4.930    18.4789   998.5426 0.0000e+00
      3.490      0.076     1.0842      3.808     64.450  55.781785     1.5169      6.765   176.0178 9.8310e-01     5.8124      3.423      4.964    18.4742   998.5448 0.0000e+00
      3.512      0.084     0.8102      2.120     71.093  61.451076     1.5045      6.747   176.1790 9.4933e-01     5.7795      3.446      4.997    18.4460   998.5527 0.0000e+00
      3.531      0.089     0.5695      0.845     74.047  63.901051     1.4409      6.727   176.3702 9.2458e-01     5.6685      3.462      5.021    18.3706   998.5671 0.0000e+00
      3.553      0.089     0.3785      0.053     74.028  63.797498     1.3282      6.709   176.1787 8.8558e-01     5.4863      3.481      5.049    18.3113   998.5783 0.0000e+00
      3.580      0.084     0.2391     -0.352     73.367  63.186295     1.2687      6.692   175.7567 8.3646e-01     5.3787      3.510      5.091    18.2820   998.5866 0.0000e+00
      3.609      0.074     0.1330     -0.601     71.975  61.976971     1.2683      6.677   175.3977 7.9933e-01     5.3839      3.542      5.136    18.2270   998.6002 0.0000e+00
      3.632      0.066     0.0424     -0.751     72.679  62.585486     1.2710      6.662   175.1070 7.7240e-01     5.3851      3.566      5.171    18.1393   998.6174 0.0000e+00
      3.644      0.062    -0.0068     -0.774     81.113  69.843678     1.2324      6.645   173.9630 7.4976e-01     5.2623      3.576      5.187    18.0701   998.6297 0.0000e+00
      3.647      0.064    -0.0245     -0.658     94.106  80.939421     1.1662      6.622   170.4270 7.3870e-01     5.0455      3.577      5.188    18.0523   998.6332 0.0000e+00
      3.651      0.073    -0.0421     -0.364    102.317  87.742817     1.1382      6.597   165.3077 7.3039e-01     4.9268      3.576      5.186    18.0486   998.6332 0.0000e+00
      3.667      0.086    -0.0530      0.086    105.139  89.766510     1.1536      6.574   161.1085 7.0334e-01     4.9403      3.590      5.207    18.0479   998.6323 0.0000e+00
      3.699      0.099    -0.0537      0.570    106.576  90.580085     1.3697      6.555   157.9425 6.6087e-01     5.0124      3.625      5.257    18.0647   998.6327 0.0000e+00
      3.739      0.107    -0.0481      0.984    107.716  91.214959     1.7744      6.540   154.3875 6.1942e-01     5.1105      3.668      5.320    18.0424   998.6436 0.0000e+00
      3.776      0.108    -0.0286      1.305    108.797  91.905211     1.9989      6.529   150.2173 5.7974e-01     5.1767      3.707      5.377    17.9028   998.6718 0.0000e+00
      3.804      0.101     0.0051      1.525    109.701  92.497272     2.0375      6.520   146.2392 5.5010e-01     5.1907      3.735      5.416    17.6863   998.7117 0.0000e+00
      3.824      0.090     0.0407      1.646    110.382  92.899576     2.3018      6.511   142.9414 5.3420e-01     5.2794      3.750      5.438    17.4777   998.7502 0.0000e+00
      3.840      0.080     0.0680      1.702    111.095  93.332114     2.8008      6.504   140.0277 5.2389e-01     5.4615      3.764      5.460    17.3142   998.7796 0.0000e+00
      3.856      0.075     0.0901      1.708    111.825  93.780430     3.0781      6.498   136.9934 5.1304e-01     5.5570      3.782      5.485    17.2243   998.7960 0.0000e+00
      3.873      0.077     0.1056      1.684    112.360  94.055186     3.1051      6.489   133.5287 4.8742e-01     5.5828      3.798      5.509    17.1603   998.8076 0.0000e+00
      3.892      0.082     0.1121      1.665    112.784  94.235113     3.1188      6.479   129.8848 4.5597e-01     5.6103      3.816      5.533    17.0743   998.8230 0.0000e+00
      3.914      0.087     0.1164      1.668    113.105  94.300668     3.1403      6.470   126.4899 4.3414e-01     5.6278      3.838      5.565    17.0005   998.8362 0.0000e+00
      3.938      0.089     0.1167      1.692    113.214  94.147353     3.1559      6.463   123.2843 4.1491e-01     5.6301      3.862      5.601    16.9331   998.8483 0.0000e+00
      3.965      0.086     0.1137      1.743    113.269  93.972455     3.1688      6.458   119.7771 3.9530e-01     5.6047      3.888      5.639    16.8466   998.8635 0.0000e+00
      3.992      0.077     0.1125      1.804    113.408  93.968050     3.2444      6.453   116.0907 3.7768e-01     5.6821      3.917      5.681    16.7774   998.8757 0.0000e+00
      4.013      0.065     0.1132      1.834    113.502  94.030289     3.3854      6.449   112.9570 3.6942e-01     5.8774      3.940      5.714    16.6957   998.8899 0.0000e+00
      4.027      0.051     0.1148      1.841    113.470  94.024783     3.4595      6.447   110.3658 3.6691e-01     5.9989      3.950      5.729    16.5706   998.9111 0.0000e+00
      4.035      0.039     0.1183      1.845    113.392  93.965154     3.4731      6.446   107.9052 3.5793e-01     6.0379      3.958      5.741    16.4598   998.9299 0.0000e+00
      4.040      0.031     0.1251      1.835    113.300  93.882212     3.5590      6.444   105.3180 3.5113e-01     6.0861      3.963      5.747    16.4061   998.9389 0.0000e+00
      4.042      0.031     0.1262      1.822    112.810  93.467513     3.6920      6.442   102.6590 3.4740e-01     6.1225      3.963      5.748    16.4134   998.9377 0.0000e+00
      4.046      0.040     0.1253      1.805    111.192  92.070017     3.7542      6.439   100.1914 3.3102e-01     6.1177      3.967      5.754    16.4344   998.9342 0.0000e+00
      4.054      0.055     0.1274      1.762    108.652  89.778472     3.7652      6.436    97.9386 3.1276e-01     6.0947      3.975      5.766    16.4308   998.9348 0.0000e+00
      4.068      0.073     0.1252      1.714    106.258  87.463089     3.8161      6.432    95.2950 3.0621e-01     6.2038      3.987      5.782    16.4249   998.9358 0.0000e+00
      4.089      0.091     0.1246      1.694    103.977  85.202474     3.9006      6.429    91.4589 2.9373e-01     6.4537      4.006      5.810    16.4283   998.9353 0.0000e+00
      4.121      0.105     0.1247      1.714    101.559  82.870195     3.9463      6.427    87.2634 2.6752e-01     6.5599      4.039      5.858    16.4188   998.9365 0.0000e+00
      4.156      0.115     0.1207      1.747     99.699  81.022455     3.9531      6.425    83.8874 2.4546e-01     6.5377      4.077      5.913    16.3421   998.9483 0.0000e+00
      4.189      0.116     0.1174      1.769     98.624  79.847205     3.9652      6.423    80.8401 2.3431e-01     6.5782      4.108      5.958    16.1563   998.9783 0.0000e+00
      4.220      0.110     0.1155      1.781     97.979  79.092440     4.0753      6.422    77.6064 2.1523e-01     6.7555      4.138      6.002    15.9534   999.0110 0.0000e+00
      4.250      0.098     0.1188      1.791     97.290  78.384547     4.2780      6.422    74.3861 1.9477e-01     7.0421      4.170      6.047    15.7945   999.0356 0.0000e+00
      4.275      0.085     0.1220      1.815     96.586  77.712173     4.3788      6.424    71.3291 1.8392e-01     7.1921      4.195      6.084    15.6249   999.0620 0.0000e+00
      4.292      0.074     0.1237      1.839     96.113  77.259568     4.3749      6.426    68.5214 1.7368e-01     7.1599      4.211      6.107    15.4623   999.0874 0.0000e+00
      4.305      0.068     0.1251      1.850     94.364  75.837836     4.4047      6.428    65.9060 1.6949e-01     7.0791      4.222      6.123    15.3415   999.1060 0.0000e+00
      4.318      0.067     0.1247      1.851     90.464  72.668786     4.4705      6.430    63.4540 1.5982e-01     7.0017      4.233      6.140    15.2719   999.1166 0.0000e+00
      4.332      0.072     0.1276      1.849     86.205  69.084992     4.5030      6.432    61.1577 1.4884e-01     6.9454      4.247      6.159    15.2262   999.1233 0.0000e+00
      4.349      0.081     0.1296      1.840     82.711  66.014682     4.5032      6.433    58.5330 1.4587e-01     6.8895      4.263      6.182    15.1703   999.1321 0.0000e+00
      4.372      0.090     0.1302      1.817     79.217  62.945266     4.4896      6.435    55.2935 1.3567e-01     6.7526      4.284      6.214    15.1786   999.1306 0.0000e+00
      4.400      0.098     0.1301      1.790     75.104  59.430972     4.4511      6.437    52.1896 1.2702e-01     6.5680      4.314      6.258    15.1979   999.1259 0.0000e+00
      4.430      0.102     0.1303      1.775     71.035  55.997870     4.4283      6.439    49.9130 1.2512e-01     6.5251      4.345      6.303    15.0886   999.1411 0.0000e+00
      4.457      0.102     0.1306      1.772     67.817  53.270050     4.4308      6.441    48.1586 1.2391e-01     6.5292      4.371      6.340    14.8992   999.1687 0.0000e+00
      4.483      0.097     0.1290      1.765     65.670  51.417017     4.3595      6.443    46.4641 1.2381e-01     6.1256      4.397      6.377    14.7127   999.1955 0.0000e+00
      4.509      0.089     0.1273      1.765     64.250  50.172903     4.2080      6.445    44.7402 1.2381e-01     5.3807      4.423      6.415    14.5506   999.2177 0.0000e+00
      4.531      0.082     0.1260      1.784     62.666  48.835171     4.1244      6.450    43.2329 1.2376e-01     4.9631      4.445      6.449    14.4049   999.2373 0.0000e+00
      4.549      0.077     0.1275      1.791     60.818  47.310167     4.1209      6.456    42.0922 1.2379e-01     4.8778      4.463      6.473    14.2629   999.2566 0.0000e+00
      4.564      0.074     0.1267      1.780     59.516  46.214531     4.0786      6.461    41.1001 1.2385e-01     4.7424      4.475      6.491    14.1337   999.2741 0.0000e+00
      4.579      0.072     0.1261      1.752     59.018  45.749051     3.9942      6.467    40.1861 1.2381e-01     4.5712      4.489      6.511    14.0311   999.2883 0.0000e+00
      4.599      0.072     0.1296      1.719     58.941  45.619283     3.9502      6.473    39.5583 1.2377e-01     4.4788      4.510      6.542    13.9572   999.2981 0.0000e+00
      4.621      0.072     0.1297      1.724     58.993  45.597991     3.9291      6.479    39.4460 1.2372e-01     4.4452      4.532      6.573    13.8913   999.3064 0.0000e+00
      4.641      0.073     0.1292      1.845     59.085  45.618546     3.7903      6.484    39.7747 1.2374e-01     4.3296      4.551      6.601    13.8203   999.3158 0.0000e+00
      4.660      0.076     0.1276      2.206     59.215  45.677243     3.5554      6.488    39.9195 1.2381e-01     4.1292      4.571      6.630    13.7533   999.3250 0.0000e+00
      4.676      0.083     0.1238      2.927     59.339  45.736121     3.4291      6.493    39.3900 1.2375e-01     4.0216      4.586      6.651    13.6936   999.3331 0.0000e+00
      4.691      0.094     0.1228      4.054     59.419  45.758866     3.4086      6.497    39.3095 1.2368e-01     4.0107      4.599      6.670    13.6399   999.3404 0.0000e+00
      4.712      0.107     0.1282      5.537     59.480  45.761686     3.3850      6.501    40.7530 1.2370e-01     3.9985      4.618      6.697    13.5981   999.3462 0.0000e+00
      4.742      0.118     0.1510      7.312     59.550  45.770172     3.2475      6.503    42.7321 1.2375e-01     4.0378      4.647      6.740    13.5649   999.3508 0.0000e+00
      4.782      0.127     0.2022      9.340     59.636  45.797915     3.0030      6.504    44.4826 1.2376e-01     4.1579      4.688      6.800    13.5348   999.3551 0.0000e+00
      4.824      0.131     0.2866     11.541     59.730  45.843063     2.8743      6.504    46.4310 1.2367e-01     4.2709      4.733      6.865    13.5038   999.3595 0.0000e+00
      4.861      0.129     0.3972     13.820     59.788  45.871490     2.8530      6.504    48.9099 1.2361e-01     4.3222      4.769      6.918    13.4655   999.3647 0.0000e+00
      4.891      0.120     0.5266     16.073     59.819  45.887599     2.6674      6.504    51.7403 1.2364e-01     4.6798      4.796      6.958    13.4245   999.3703 0.0000e+00
      4.919      0.110     0.6784     18.199     59.852  45.910811     2.3300      6.504    54.4115 1.2367e-01     5.3830      4.824      6.997    13.3904   999.3749 0.0000e+00
      4.945      0.104     0.8418     20.075     59.845  45.898132     2.1541      6.503    56.7723 1.2369e-01     5.7793      4.851      7.035    13.3683   999.3779 0.0000e+00
      4.967      0.103     1.0113     21.580     59.823  45.861294     2.1187      6.502    59.0322 1.2371e-01     5.9644      4.872      7.066    13.3565   999.3797 0.0000e+00
      4.989      0.106     1.1790     22.706     59.841  45.846402     1.7557      6.500    61.0864 1.2371e-01     7.6865      4.890      7.093    13.3502   999.3806 0.0000e+00
      5.014      0.111     1.3366     23.476     59.873  45.845051     1.0762      6.498    62.8525 1.2365e-01    10.8702      4.914      7.128    13.3511   999.3805 0.0000e+00
      5.045      0.115     1.4797     23.945     59.898  45.844931     0.7086      6.496    64.5554 1.2360e-01    12.6366      4.946      7.173    13.3503   999.3809 0.0000e+00
      5.080      0.116     1.5882     24.199     59.916  45.844922     0.6838      6.494    66.2741 1.2363e-01    12.8545      4.983      7.227    13.3300   999.3836 0.0000e+00
      5.114      0.114     1.6719     24.308     59.927  45.844922     0.6290      6.491    67.8877 1.2367e-01    13.3073      5.017      7.277    13.3024   999.3874 0.0000e+00
      5.144      0.109     1.7280     24.378     59.932  45.844922     0.5150      6.489    69.4397 1.2368e-01    14.0485      5.045      7.318    13.2807   999.3904 0.0000e+00
      5.171      0.101     1.7595     24.510     59.934  45.844923     0.4405      6.487    71.0141 1.2369e-01    14.4096      5.072      7.356    13.2639   999.3927 0.0000e+00
      5.193      0.091     1.7784     24.720     59.933  45.844932     0.4218      6.487    72.4688 1.2372e-01    14.4288      5.093      7.387    13.2529   999.3942 0.0000e+00
      5.213      0.082     1.7828     24.930     59.933  45.845034     0.4269      6.486    73.7787 1.2375e-01    14.3785      5.111      7.412    13.2471   999.3950 0.0000e+00
      5.234      0.074     1.7854     25.100     59.935  45.846155     0.4423      6.483    75.1510 1.2373e-01    14.2935      5.133      7.445    13.2433   999.3956 0.0000e+00
      5.254      0.068     1.7939     25.250     59.952  45.858489     0.4512      6.480    76.5851 1.2371e-01    14.2537      5.155      7.476    13.2425   999.3959 0.0000e+00
      5.270      0.066     1.8133     25.369     59.963  45.867148     0.4478      6.478    77.8688 1.2373e-01    14.2243      5.169      7.497    13.2438   999.3957 0.0000e+00
      5.283      0.070     1.8295     25.419     59.907  45.823837     0.4367      6.476    79.1430 1.2369e-01    14.2006      5.180      7.514    13.2434   999.3958 0.0000e+00
      5.295      0.080     1.8402     25.387     59.854  45.779347     0.4217      6.473    80.5476 1.2360e-01    14.2942      5.191      7.529    13.2433   999.3959 0.0000e+00
      5.311      0.095     1.8520     25.291     59.861  45.773742     0.4045      6.470    81.8601 1.2365e-01    14.5046      5.204      7.548    13.2429   999.3960 0.0000e+00
