Data/DataNotYetUploadedToEDI/Raw_CTD/RawDownloads/101119_fcr50.cnv
* Sea-Bird SBE19plus  Data File:
* FileName = C:\DATA\101119_fcr50_0004.hex
* Software version 2.8.0.119 SB_Terminal.dll
* Temperature SN = 7809
* Conductivity SN = 7809
* System UpLoad Time = Oct 11 2019 11:43:48
* <ApplicationData>
* <Seaterm232>
# nquan = 16
# nvalues = 1017                        
# units = specified
# name 0 = depFM: Depth [fresh water, m]
# name 1 = dz/dtM: Descent Rate [m/s]
# name 2 = sbeox0ML/L: Oxygen, SBE 43 [ml/l]
# name 3 = sbeox0PS: Oxygen, SBE 43 [% saturation]
# name 4 = specc: Specific Conductance [uS/cm]
# name 5 = c0uS/cm: Conductivity [uS/cm]
# name 6 = flECO-AFL: Fluorescence, WET Labs ECO-AFL/FL [mg/m^3]
# name 7 = ph: pH
# name 8 = orp: Oxidation Reduction Potential [mV]
# name 9 = par/sat/log: PAR/Logarithmic, Satlantic
# name 10 = turbWETntu0: Turbidity, WET Labs ECO [NTU]
# name 11 = prdM: Pressure, Strain Gauge [db]
# name 12 = prdE: Pressure, Strain Gauge [psi]
# name 13 = tv290C: Temperature [ITS-90, deg C]
# name 14 = density00: Density [density, kg/m^3]
# name 15 = flag:  0.000e+00
# span 0 =     -0.545,      9.641       
# span 1 =     -0.321,      0.328       
# span 2 =    -0.0650,     6.4813       
# span 3 =     -0.921,    100.858       
# span 4 =      4.133,    112.858       
# span 5 =   3.758521,  94.224803       
# span 6 =    -0.1239,     4.9440       
# span 7 =     -2.477,      8.853       
# span 8 =  -666.1338,   241.9759       
# span 9 = 1.2355e-01, 1.5089e+02       
# span 10 =    -0.4835,    53.7278      
# span 11 =     -0.535,      9.455      
# span 12 =     -0.775,     13.714      
# span 13 =    13.1947,    20.4665      
# span 14 =   998.1136,   999.4288      
# span 15 = 0.0000e+00, 0.0000e+00      
# interval = seconds: 0.25
# start_time = Oct 11 2019 11:28:30 [Instrument's time stamp, header]
# bad_flag = -9.990e-29
*END*
     -0.545 4.0416e-09     6.0444     95.915      4.133   3.758521    -0.1239     -2.477  -662.2993 1.2141e+02    -0.2499     -0.534     -0.775    20.4665   998.1136 0.0000e+00
     -0.545 4.4457e-08     6.0472     95.909      4.255   3.869534    -0.1239     -2.477  -622.3029 1.2800e+02    -0.2553     -0.535     -0.775    20.4663   998.1137 0.0000e+00
     -0.545 4.8903e-07     6.0472     95.918      4.427   4.026806    -0.1185     -2.477  -625.5244 1.3725e+02    -0.2749     -0.534     -0.775    20.4659   998.1138 0.0000e+00
     -0.545      0.000     6.0466     95.918      4.621   4.202563    -0.1200     -2.477  -649.0246 1.4600e+02    -0.3233     -0.534     -0.775    20.4655   998.1139 0.0000e+00
     -0.545      0.000     6.0462     95.902      4.780   4.346970    -0.1239     -2.476  -666.1338 1.5060e+02    -0.4137     -0.534     -0.775    20.4652   998.1140 0.0000e+00
     -0.545      0.001     6.0449     95.898      5.303   4.822253    -0.1222     -2.463  -581.5861 1.4416e+02    -0.4835     -0.534     -0.775    20.4648   998.1141 0.0000e+00
     -0.545      0.007     6.0467     95.916     10.525   9.568946    -0.0916     -2.325  -310.8639 1.2509e+02    -0.3148     -0.534     -0.774    20.4644   998.1142 0.0000e+00
     -0.545      0.034     6.0474     95.937     23.711  21.543817     0.2376     -0.971   -16.7948 1.0692e+02     1.8880     -0.534     -0.775    20.4636   998.1144 0.0000e+00
     -0.545      0.091     6.0448     95.953     36.289  32.924151     0.8497      2.108   112.4847 1.0111e+02     5.9296     -0.534     -0.775    20.4635   998.1145 0.0000e+00
     -0.543      0.170     6.0446     95.976     40.530  36.668019     1.1882      5.088   133.3037 1.0614e+02     8.1771     -0.534     -0.775    20.4628   998.1146 0.0000e+00
     -0.520      0.243     6.0465     96.070     40.558  36.546010     1.2443      6.819   140.1106 1.1839e+02     8.7759     -0.534     -0.773    20.4630   998.1148 0.0000e+00
     -0.437      0.294     6.0481     96.312     40.483  36.336305     1.5972      7.760   146.6043 1.3330e+02    13.3007     -0.461     -0.668    20.4591   998.1211 0.0000e+00
     -0.289      0.320     6.0555     96.668     40.485  36.226901     2.2557      8.287   152.5369 1.4413e+02    21.6260     -0.280     -0.406    20.4016   998.1394 0.0000e+00
     -0.147      0.328     6.0745     97.137     40.659  36.302096     2.6261      8.581   157.4647 1.4902e+02    26.1624     -0.115     -0.166    20.2501   998.1720 0.0000e+00
     -0.067      0.313     6.1011     97.801     40.994  36.547176     2.6599      8.740   160.7569 1.5089e+02    26.2342     -0.047     -0.068    20.0444   998.2147 0.0000e+00
     -0.035      0.271     6.1416     98.560     41.291  36.778108     2.5857      8.817   162.8317 1.4977e+02    22.4937     -0.037     -0.054    19.8584   998.2531 0.0000e+00
     -0.000      0.211     6.1832     99.284     41.413  36.872666     2.4406      8.848   164.9129 1.3219e+02    15.6094     -0.015     -0.023    19.7224   998.2808 0.0000e+00
      0.064      0.159     6.2182     99.946     41.474  36.928765     2.3619      8.853   167.4222 1.0021e+02    11.8832      0.062      0.088    19.6269   998.3006 0.0000e+00
      0.131      0.121     6.2742    100.491     41.559  37.012070     2.3706      8.843   169.7685 8.2449e+01    11.5234      0.146      0.211    19.5637   998.3138 0.0000e+00
      0.162      0.086     6.3316    100.809     41.527  36.991278     2.3736      8.827   171.6862 8.2446e+01    11.0307      0.172      0.249    19.5227   998.3224 0.0000e+00
      0.162      0.042     6.3790    100.858     41.381  36.867808     2.3456      8.810   173.1428 8.5678e+01    10.1864      0.157      0.228    19.5063   998.3257 0.0000e+00
      0.157     -0.009     6.4224    100.757     41.358  36.852163     2.3177      8.795   174.4741 8.9081e+01     9.7041      0.155      0.225    19.5140   998.3241 0.0000e+00
      0.148     -0.053     6.4579    100.507     41.657  37.119497     2.3049      8.779   176.1675 9.2009e+01     9.6568      0.150      0.217    19.5258   998.3218 0.0000e+00
      0.129     -0.077     6.4813     99.944     42.154  37.561131     2.3042      8.760   177.9583 9.6042e+01     9.6800      0.128      0.185    19.5343   998.3200 0.0000e+00
      0.103     -0.083     6.4764     98.967     42.506  37.875585     2.3091      8.737   179.8663 1.1272e+02     9.7230      0.105      0.153    19.5427   998.3181 0.0000e+00
      0.068     -0.080     6.4691     97.463     42.645  38.001615     2.3122      8.709   181.7707 1.3172e+02     9.8157      0.066      0.096    19.5501   998.3163 0.0000e+00
      0.035     -0.070     6.4597     95.297     42.717  38.069315     2.3067      8.683   183.1732 1.3139e+02     9.8832      0.027      0.039    19.5507   998.3161 0.0000e+00
      0.019     -0.054     6.4242     92.537     42.775  38.122843     2.3027      8.663   184.4348 1.2415e+02     9.8831      0.014      0.019    19.5466   998.3172 0.0000e+00
      0.017     -0.034     6.3636     89.400     42.724  38.077518     2.3078      8.647   185.5804 1.2094e+02     9.8799      0.016      0.024    19.5467   998.3173 0.0000e+00
      0.018     -0.016     6.2723     86.062     42.527  37.902167     2.3074      8.634   186.5280 1.1954e+02     9.9102      0.020      0.029    19.5511   998.3163 0.0000e+00
      0.018     -0.004     6.1304     82.712     42.320  37.716575     2.2979      8.624   188.0629 1.2035e+02     9.9221      0.018      0.026    19.5557   998.3154 0.0000e+00
      0.018      0.001     5.9461     79.609     42.205  37.610905     2.2885      8.617   190.0274 1.2073e+02     9.8934      0.017      0.024    19.5572   998.3152 0.0000e+00
      0.018      0.002     5.7422     76.980     42.171  37.576661     2.2638      8.607   191.4388 1.2034e+02     9.9233      0.018      0.025    19.5575   998.3151 0.0000e+00
      0.019      0.001     5.5239     74.888     42.153  37.556443     2.2163      8.596   192.3081 1.1996e+02    10.0215      0.019      0.027    19.5577   998.3150 0.0000e+00
      0.020      0.001     5.3029     73.278     42.087  37.493389     2.1898      8.586   193.1389 1.1973e+02    10.0642      0.020      0.029    19.5564   998.3152 0.0000e+00
      0.021      0.001     5.0976     72.071     41.971  37.385560     2.1859      8.576   194.0840 1.1959e+02    10.0795      0.020      0.029    19.5532   998.3158 0.0000e+00
      0.021      0.001     4.9287     71.254     41.844  37.268307     2.1793      8.566   194.8733 1.1945e+02    10.2399      0.020      0.029    19.5488   998.3167 0.0000e+00
      0.020      0.001     4.7968     70.872     41.720  37.154763     2.1791      8.556   195.2833 1.1973e+02    10.4949      0.020      0.029    19.5435   998.3179 0.0000e+00
      0.019      0.004     4.6960     70.858     41.582  37.028312     2.1831      8.547   195.5137 1.2039e+02    10.6067      0.019      0.027    19.5380   998.3189 0.0000e+00
      0.019      0.013     4.6199     71.045     41.493  36.945415     2.1833      8.535   195.6795 1.2131e+02    10.5757      0.018      0.026    19.5331   998.3198 0.0000e+00
      0.020      0.025     4.5648     71.365     41.532  36.977629     2.2250      8.517   195.6534 1.2248e+02    10.5130      0.020      0.027    19.5281   998.3208 0.0000e+00
      0.024      0.037     4.5425     71.935     41.529  36.973481     2.3147      8.499   195.4564 1.2336e+02    10.4390      0.022      0.030    19.5238   998.3216 0.0000e+00
      0.035      0.049     4.5472     72.845     41.374  36.831777     2.3663      8.484   195.4489 1.1854e+02    10.4016      0.029      0.041    19.5196   998.3225 0.0000e+00
      0.057      0.059     4.5620     73.950     41.256  36.724197     2.3726      8.469   195.7345 1.0814e+02    10.3895      0.056      0.081    19.5147   998.3235 0.0000e+00
      0.079      0.062     4.5787     74.989     41.217  36.688330     2.3733      8.458   196.1570 1.0004e+02    10.3584      0.081      0.118    19.5116   998.3243 0.0000e+00
      0.096      0.057     4.6112     75.754     41.105  36.588534     2.3744      8.451   196.7705 9.4471e+01    10.2871      0.092      0.133    19.5112   998.3244 0.0000e+00
      0.114      0.046     4.6750     76.143     40.974  36.469664     2.3769      8.445   197.1299 9.0902e+01    10.1821      0.113      0.164    19.5071   998.3252 0.0000e+00
      0.129      0.032     4.7533     76.188     40.964  36.457073     2.3696      8.435   197.1466 9.1043e+01    10.1376      0.133      0.194    19.5013   998.3265 0.0000e+00
      0.131      0.020     4.8244     75.933     41.015  36.499763     2.3553      8.423   197.4891 9.3035e+01    10.1430      0.131      0.190    19.5016   998.3264 0.0000e+00
      0.126      0.010     4.8766     75.371     41.065  36.541513     2.3338      8.412   198.0021 9.4699e+01    10.1489      0.120      0.173    19.5028   998.3261 0.0000e+00
      0.124      0.004     4.9000     74.580     41.113  36.581021     2.3092      8.403   198.3583 9.6232e+01    10.1767      0.120      0.174    19.4989   998.3268 0.0000e+00
      0.126      0.001     4.9014     73.732     41.133  36.596617     2.3089      8.396   198.7838 9.8609e+01    10.1840      0.126      0.181    19.4942   998.3278 0.0000e+00
      0.128      0.002     4.8876     73.042     41.142  36.603133     2.3217      8.391   199.1902 1.0041e+02    10.1720      0.125      0.182    19.4912   998.3285 0.0000e+00
      0.129      0.004     4.8492     72.681     41.137  36.596324     2.3428      8.389   199.3993 1.0088e+02    10.1621      0.126      0.184    19.4877   998.3291 0.0000e+00
      0.131      0.006     4.7949     72.654     41.118  36.577766     2.3899      8.387   199.6780 1.0931e+02    10.1627      0.128      0.186    19.4840   998.3299 0.0000e+00
      0.131      0.009     4.7356     72.868     41.111  36.569162     2.4230      8.387   199.9784 1.1901e+02    10.1462      0.128      0.186    19.4807   998.3306 0.0000e+00
      0.132      0.012     4.6864     73.231     41.096  36.555767     2.4227      8.385   200.1918 1.1196e+02    10.0939      0.128      0.186    19.4784   998.3310 0.0000e+00
      0.135      0.015     4.6640     73.628     41.082  36.542750     2.4297      8.380   200.6238 1.0160e+02    10.1863      0.131      0.190    19.4766   998.3314 0.0000e+00
      0.141      0.017     4.6658     73.967     41.077  36.538720     2.4561      8.373   201.1581 9.9337e+01    10.4433      0.139      0.200    19.4735   998.3320 0.0000e+00
      0.147      0.017     4.6808     74.222     41.042  36.507035     2.4815      8.365   201.5764 9.8518e+01    10.6124      0.145      0.210    19.4709   998.3326 0.0000e+00
      0.153      0.016     4.7071     74.355     41.009  36.477018     2.4940      8.355   201.9805 9.7964e+01    10.6259      0.151      0.219    19.4714   998.3325 0.0000e+00
      0.157      0.013     4.7357     74.349     41.028  36.493159     2.4778      8.346   202.3447 9.8047e+01    10.3764      0.156      0.226    19.4709   998.3326 0.0000e+00
      0.158      0.009     4.7564     74.208     41.050  36.511769     2.4409      8.337   202.7962 9.7752e+01     9.9234      0.155      0.225    19.4701   998.3328 0.0000e+00
      0.159      0.006     4.7749     73.939     41.050  36.511603     2.4209      8.329   203.3963 9.7407e+01     9.6700      0.156      0.226    19.4712   998.3326 0.0000e+00
      0.160      0.004     4.7834     73.565     41.027  36.491157     2.4178      8.319   203.9218 9.8350e+01     9.6723      0.157      0.228    19.4705   998.3327 0.0000e+00
      0.160      0.003     4.7831     73.154     40.987  36.454975     2.4213      8.311   204.4176 9.9462e+01     9.7880      0.157      0.228    19.4693   998.3330 0.0000e+00
      0.161      0.003     4.7738     72.766     40.988  36.454967     2.4290      8.303   204.9167 1.0005e+02     9.8886      0.158      0.230    19.4685   998.3331 0.0000e+00
      0.162      0.003     4.7564     72.411     41.030  36.491057     2.4234      8.295   205.3107 1.0157e+02     9.9061      0.159      0.230    19.4674   998.3333 0.0000e+00
      0.163      0.003     4.7309     72.116     41.052  36.510499     2.4229      8.286   205.6534 1.0253e+02     9.9340      0.160      0.231    19.4666   998.3335 0.0000e+00
      0.163      0.003     4.7020     71.895     41.041  36.499625     2.4323      8.277   205.9626 1.0243e+02     9.9635      0.160      0.232    19.4663   998.3335 0.0000e+00
      0.164      0.003     4.6784     71.729     41.026  36.486524     2.4415      8.267   206.2958 1.0361e+02    10.0009      0.161      0.233    19.4656   998.3337 0.0000e+00
      0.165      0.003     4.6543     71.585     41.017  36.479038     2.4640      8.258   206.7571 1.0402e+02    10.0905      0.162      0.235    19.4647   998.3339 0.0000e+00
      0.166      0.003     4.6349     71.414     41.009  36.472587     2.4794      8.250   207.1524 1.0246e+02    10.1289      0.163      0.236    19.4641   998.3340 0.0000e+00
      0.167      0.003     4.6218     71.189     41.008  36.472002     2.4887      8.244   207.4619 1.0180e+02    10.1045      0.164      0.238    19.4634   998.3342 0.0000e+00
      0.167      0.002     4.6112     70.889     41.007  36.471963     2.5244      8.237   207.9183 1.0108e+02    10.0581      0.164      0.238    19.4632   998.3342 0.0000e+00
      0.167      0.002     4.6038     70.486     41.006  36.472114     2.5733      8.231   208.2829 9.9248e+01     9.9940      0.165      0.239    19.4637   998.3341 0.0000e+00
      0.168      0.002     4.5932     70.025     41.006  36.473831     2.5948      8.228   208.3427 9.8472e+01     9.9520      0.164      0.238    19.4643   998.3340 0.0000e+00
      0.169      0.002     4.5781     69.566     41.026  36.492716     2.5929      8.226   208.3817 9.8112e+01     9.9108      0.165      0.239    19.4652   998.3338 0.0000e+00
      0.170      0.001     4.5612     69.111     41.044  36.510041     2.5587      8.223   208.4970 9.7265e+01     9.7907      0.166      0.241    19.4661   998.3336 0.0000e+00
      0.170      0.001     4.5330     68.630     41.023  36.492887     2.4938      8.220   208.6178 9.6922e+01     9.5821      0.167      0.242    19.4672   998.3335 0.0000e+00
      0.170      0.001     4.5013     68.105     41.002  36.475734     2.4585      8.217   209.0678 9.6659e+01     9.4531      0.168      0.243    19.4683   998.3332 0.0000e+00
      0.170      0.001     4.4724     67.557     41.021  36.493059     2.4524      8.214   209.8083 9.6339e+01     9.4433      0.166      0.241    19.4699   998.3329 0.0000e+00
      0.170      0.002     4.4434     67.016     41.041  36.511955     2.4896      8.209   210.2583 9.6686e+01     9.6613      0.167      0.242    19.4721   998.3324 0.0000e+00
      0.171      0.002     4.4135     66.496     41.041  36.513788     2.5711      8.205   210.3787 9.7084e+01    10.1213      0.167      0.243    19.4739   998.3321 0.0000e+00
      0.172      0.002     4.3783     65.981     41.041  36.515223     2.6136      8.202   210.4894 9.7375e+01    10.3844      0.168      0.244    19.4756   998.3317 0.0000e+00
      0.173      0.002     4.3424     65.448     41.055  36.529304     2.6137      8.198   210.8226 9.8015e+01    10.3848      0.170      0.246    19.4771   998.3315 0.0000e+00
      0.173      0.001     4.3071     64.909     41.085  36.557098     2.5809      8.192   211.2236 9.8506e+01    10.3550      0.170      0.246    19.4781   998.3312 0.0000e+00
      0.173     -0.001     4.2740     64.395     41.129  36.597384     2.5203      8.185   211.2942 9.8807e+01    10.3527      0.170      0.246    19.4795   998.3310 0.0000e+00
      0.174     -0.005     4.2417     63.911     41.169  36.635568     2.4962      8.179   211.3324 9.8997e+01    10.3897      0.170      0.247    19.4811   998.3307 0.0000e+00
      0.174     -0.010     4.2067     63.425     41.169  36.637937     2.4975      8.175   211.6857 9.8331e+01    10.4087      0.170      0.247    19.4826   998.3303 0.0000e+00
