Data/DataNotYetUploadedToEDI/Raw_CTD/RawDownloads/101119_fcr10.cnv
* Sea-Bird SBE19plus  Data File:
* FileName = C:\DATA\101619_unknown_0005.hex
* Software version 2.8.0.119 SB_Terminal.dll
* Temperature SN = 7809
* Conductivity SN = 7809
* System UpLoad Time = Oct 16 2019 07:56:31
* <ApplicationData>
* <Seaterm232>
# nquan = 16
# nvalues = 407                         
# units = specified
# name 0 = depFM: Depth [fresh water, m]
# name 1 = dz/dtM: Descent Rate [m/s]
# name 2 = sbeox0ML/L: Oxygen, SBE 43 [ml/l]
# name 3 = sbeox0PS: Oxygen, SBE 43 [% saturation]
# name 4 = specc: Specific Conductance [uS/cm]
# name 5 = c0uS/cm: Conductivity [uS/cm]
# name 6 = flECO-AFL: Fluorescence, WET Labs ECO-AFL/FL [mg/m^3]
# name 7 = ph: pH
# name 8 = orp: Oxidation Reduction Potential [mV]
# name 9 = par/sat/log: PAR/Logarithmic, Satlantic
# name 10 = turbWETntu0: Turbidity, WET Labs ECO [NTU]
# name 11 = prdM: Pressure, Strain Gauge [db]
# name 12 = prdE: Pressure, Strain Gauge [psi]
# name 13 = tv290C: Temperature [ITS-90, deg C]
# name 14 = density00: Density [density, kg/m^3]
# name 15 = flag:  0.000e+00
# span 0 =     -0.546,      2.405       
# span 1 =     -0.005,      0.121       
# span 2 =     4.2693,     6.4168       
# span 3 =     66.976,    100.686       
# span 4 =      0.335,     40.688       
# span 5 =   0.298321,  36.255794       
# span 6 =    -0.6356,     3.6393       
# span 7 =      6.693,      8.772       
# span 8 =    41.7406,  1195.0876       
# span 9 = 7.0485e+00, 1.8518e+03       
# span 10 =    -3.9431,    16.0723      
# span 11 =     -0.536,      2.359      
# span 12 =     -0.777,      3.421      
# span 13 =    18.6703,    20.4228      
# span 14 =   998.1348,   998.4996      
# span 15 = 0.0000e+00, 0.0000e+00      
# interval = seconds: 0.25
# start_time = Oct 11 2019 12:23:25 [Instrument's time stamp, header]
# bad_flag = -9.990e-29
*END*
[from data line 272]
      1.378      0.017     5.4130     82.812     40.186  35.328360     3.2972      7.262   169.5854 7.5306e+01     9.5714      1.352      1.961    18.9468   998.4415 0.0000e+00
      1.378      0.015     5.4044     82.737     40.199  35.341023     3.2562      7.262   169.7070 7.4815e+01     9.5053      1.351      1.960    18.9459   998.4417 0.0000e+00
      1.380      0.015     5.3940     82.721     40.215  35.354329     3.2484      7.264   169.7004 7.3739e+01     9.5084      1.352      1.962    18.9453   998.4418 0.0000e+00
      1.385      0.018     5.3871     82.761     40.226  35.362303     3.2383      7.266   169.8496 7.2788e+01     9.4452      1.357      1.969    18.9487   998.4412 0.0000e+00
      1.391      0.027     5.3791     82.831     40.170  35.310497     3.2114      7.266   170.1344 7.2339e+01     9.3320      1.365      1.980    18.9523   998.4405 0.0000e+00
      1.397      0.038     5.3732     82.909     40.093  35.235700     3.1927      7.264   170.3047 7.2136e+01     9.2538      1.371      1.989    18.9537   998.4403 0.0000e+00
      1.403      0.049     5.3723     82.991     40.090  35.219555     3.1942      7.260   170.3610 7.0725e+01     9.2533      1.374      1.992    18.9526   998.4406 0.0000e+00
      1.416      0.057     5.3759     83.046     40.131  35.242218     3.2031      7.255   170.4702 6.7403e+01     9.2929      1.384      2.007    18.9494   998.4412 0.0000e+00
      1.438      0.061     5.3817     83.052     40.157  35.255819     3.2390      7.251   170.6788 6.3769e+01     9.3717      1.411      2.046    18.9483   998.4415 0.0000e+00
      1.462      0.061     5.3866     83.043     40.165  35.257056     3.2995      7.247   170.9039 6.1259e+01     9.4852      1.436      2.083    18.9415   998.4428 0.0000e+00
      1.482      0.056     5.3954     83.021     40.170  35.257169     3.3278      7.244   171.0411 5.9757e+01     9.5518      1.455      2.111    18.9212   998.4469 0.0000e+00
      1.494      0.048     5.4023     82.957     40.171  35.257179     3.3203      7.239   171.1337 5.8731e+01     9.5535      1.468      2.129    18.9019   998.4508 0.0000e+00
      1.501      0.040     5.4016     82.852     40.171  35.257170     3.3050      7.237   171.2492 5.7940e+01     9.4406      1.472      2.136    18.8920   998.4527 0.0000e+00
      1.506      0.035     5.4022     82.721     40.171  35.257055     3.2810      7.238   171.4042 5.7294e+01     9.2349      1.477      2.142    18.8848   998.4542 0.0000e+00
      1.511      0.037     5.4028     82.570     40.172  35.255796     3.2640      7.240   171.5452 5.6426e+01     9.1316      1.482      2.149    18.8796   998.4552 0.0000e+00
      1.519      0.044     5.3981     82.425     40.163  35.241950     3.2640      7.239   171.6632 5.5219e+01     9.1414      1.489      2.160    18.8780   998.4555 0.0000e+00
      1.530      0.055     5.3908     82.330     40.150  35.216574     3.3074      7.235   171.7995 5.3963e+01     9.3204      1.500      2.176    18.8790   998.4554 0.0000e+00
      1.545      0.066     5.3822     82.235     40.159  35.202834     3.3904      7.231   171.9878 5.2291e+01     9.6569      1.513      2.195    18.8795   998.4553 0.0000e+00
      1.564      0.075     5.3729     82.020     40.179  35.202721     3.4355      7.228   172.2196 4.9870e+01     9.8026      1.532      2.222    18.8778   998.4558 0.0000e+00
      1.589      0.080     5.3608     81.602     40.205  35.215187     3.4370      7.227   172.3655 4.7245e+01     9.7707      1.558      2.260    18.8741   998.4566 0.0000e+00
      1.615      0.080     5.3587     80.967     40.223  35.226603     3.4082      7.225   172.4608 4.4975e+01     9.6654      1.584      2.298    18.8548   998.4605 0.0000e+00
      1.637      0.075     5.3596     80.211     40.212  35.213813     3.3556      7.222   172.5976 4.3115e+01     9.4474      1.607      2.330    18.8226   998.4668 0.0000e+00
      1.657      0.064     5.3493     79.446     40.185  35.187482     3.3299      7.221   172.6429 4.1533e+01     9.3297      1.626      2.359    18.7985   998.4716 0.0000e+00
      1.674      0.053     5.3250     78.739     40.158  35.162106     3.3234      7.222   172.6651 4.0355e+01     9.3246      1.644      2.384    18.7866   998.4740 0.0000e+00
      1.684      0.044     5.2805     78.152     40.157  35.160868     3.2845      7.223   172.7799 3.9847e+01     9.1887      1.654      2.400    18.7834   998.4747 0.0000e+00
      1.688      0.039     5.2285     77.732     40.169  35.172512     3.2241      7.225   172.9115 3.9664e+01     8.9315      1.656      2.402    18.7814   998.4751 0.0000e+00
      1.692      0.039     5.1782     77.491     40.174  35.175954     3.2005      7.227   173.1382 3.9231e+01     8.8044      1.657      2.404    18.7771   998.4758 0.0000e+00
      1.700      0.043     5.1309     77.422     40.206  35.202475     3.2065      7.229   173.3705 3.8321e+01     8.8311      1.664      2.414    18.7744   998.4763 0.0000e+00
      1.714      0.048     5.0910     77.479     40.251  35.239307     3.2110      7.229   173.4833 3.7113e+01     8.8606      1.680      2.436    18.7750   998.4764 0.0000e+00
      1.730      0.052     5.0640     77.572     40.255  35.240462     3.3061      7.228   173.5557 3.5894e+01     8.9647      1.697      2.460    18.7763   998.4762 0.0000e+00
      1.747      0.054     5.0481     77.657     40.230  35.216439     3.4984      7.225   173.5570 3.4713e+01     9.1726      1.713      2.484    18.7747   998.4766 0.0000e+00
      1.763      0.052     5.0445     77.703     40.215  35.202725     3.6116      7.223   173.5843 3.3837e+01     9.3104      1.731      2.510    18.7723   998.4772 0.0000e+00
      1.775      0.050     5.0518     77.685     40.215  35.201583     3.6340      7.221   173.8002 3.3262e+01     9.3516      1.741      2.525    18.7704   998.4777 0.0000e+00
      1.785      0.050     5.0585     77.645     40.219  35.202623     3.6393      7.219   174.1029 3.2677e+01     9.4420      1.751      2.538    18.7670   998.4783 0.0000e+00
      1.795      0.054     5.0647     77.619     40.239  35.215307     3.6230      7.214   174.3182 3.2106e+01     9.6162      1.761      2.554    18.7644   998.4788 0.0000e+00
      1.805      0.060     5.0694     77.578     40.264  35.227992     3.6108      7.209   174.4247 3.1373e+01     9.7209      1.768      2.564    18.7643   998.4789 0.0000e+00
      1.820      0.066     5.0664     77.484     40.274  35.229042     3.6129      7.208   174.5302 3.0094e+01     9.7249      1.780      2.581    18.7628   998.4792 0.0000e+00
      1.843      0.071     5.0628     77.327     40.278  35.227994     3.5614      7.213   174.6467 2.8582e+01     9.5989      1.807      2.621    18.7615   998.4796 0.0000e+00
      1.868      0.075     5.0630     77.105     40.265  35.215311     3.4477      7.218   174.7157 2.7402e+01     9.3122      1.836      2.662    18.7562   998.4807 0.0000e+00
      1.888      0.076     5.0628     76.841     40.253  35.202627     3.3746      7.219   174.7621 2.6482e+01     9.1096      1.852      2.686    18.7408   998.4839 0.0000e+00
      1.905      0.076     5.0578     76.573     40.255  35.201577     3.3715      7.216   174.8628 2.5691e+01     9.0822      1.868      2.710    18.7286   998.4862 0.0000e+00
      1.921      0.076     5.0481     76.326     40.261  35.202617     3.4104      7.211   174.9869 2.4920e+01     9.0802      1.883      2.732    18.7265   998.4867 0.0000e+00
      1.938      0.076     5.0332     76.096     40.279  35.215188     3.4632      7.206   175.0582 2.3964e+01     9.0522      1.898      2.753    18.7254   998.4871 0.0000e+00
      1.959      0.079     5.0150     75.864     40.293  35.226623     3.4896      7.199   175.2085 2.2920e+01     9.0385      1.921      2.785    18.7233   998.4874 0.0000e+00
      1.982      0.082     4.9973     75.633     40.280  35.213938     3.4871      7.184   175.4279 2.2016e+01     9.0783      1.945      2.820    18.7199   998.4883 0.0000e+00
      2.003      0.084     4.9819     75.412     40.253  35.188761     3.4581      7.164   175.5606 2.1240e+01     9.1398      1.964      2.849    18.7131   998.4897 0.0000e+00
      2.024      0.084     4.9682     75.212     40.240  35.176078     3.4167      7.153   175.6083 2.0400e+01     9.1269      1.983      2.877    18.7080   998.4907 0.0000e+00
      2.048      0.081     4.9529     75.087     40.254  35.187513     3.3940      7.153   175.6602 1.9541e+01     9.0538      2.009      2.913    18.7085   998.4908 0.0000e+00
      2.070      0.075     4.9371     74.999     40.269  35.200093     3.3834      7.158   175.7575 1.8841e+01     9.0093      2.031      2.946    18.7086   998.4909 0.0000e+00
      2.089      0.067     4.9241     74.858     40.271  35.201247     3.3747      7.163   175.8389 1.8249e+01     8.8838      2.047      2.969    18.7046   998.4916 0.0000e+00
      2.107      0.060     4.9085     74.721     40.271  35.201455     3.3761      7.168   175.8702 1.7790e+01     8.6178      2.068      3.000    18.7022   998.4922 0.0000e+00
      2.121      0.054     4.9005     74.632     40.272  35.202609     3.3824      7.176   175.8773 1.7542e+01     8.4487      2.084      3.022    18.7027   998.4922 0.0000e+00
      2.128      0.050     4.9006     74.560     40.287  35.215199     3.3816      7.184   175.9245 1.7277e+01     8.4121      2.086      3.024    18.7022   998.4923 0.0000e+00
      2.137      0.048     4.8870     74.500     40.300  35.226738     3.3841      7.190   176.0115 1.6831e+01     8.4038      2.093      3.036    18.7012   998.4925 0.0000e+00
      2.150      0.047     4.8771     74.453     40.288  35.215189     3.4301      7.190   176.0678 1.6357e+01     8.5129      2.109      3.059    18.7006   998.4927 0.0000e+00
      2.164      0.045     4.8735     74.410     40.276  35.202497     3.5128      7.186   176.0891 1.5939e+01     8.7154      2.123      3.079    18.7004   998.4928 0.0000e+00
      2.178      0.045     4.8679     74.359     40.275  35.200218     3.5602      7.184   176.0981 1.5536e+01     8.8196      2.136      3.098    18.7010   998.4928 0.0000e+00
      2.191      0.045     4.8641     74.296     40.263  35.187628     3.5524      7.184   176.0897 1.5217e+01     8.8223      2.150      3.119    18.7010   998.4929 0.0000e+00
      2.201      0.048     4.8613     74.246     40.253  35.177214     3.4266      7.182   176.0732 1.5062e+01     8.7488      2.159      3.132    18.6995   998.4932 0.0000e+00
      2.206      0.053     4.8593     74.245     40.283  35.201238     3.2016      7.179   176.0716 1.4892e+01     8.5863      2.161      3.134    18.6968   998.4937 0.0000e+00
      2.215      0.058     4.8562     74.275     40.312  35.224223     3.0774      7.173   176.0701 1.4467e+01     8.4953      2.169      3.146    18.6949   998.4941 0.0000e+00
      2.234      0.062     4.8520     74.303     40.288  35.201238     3.0605      7.165   176.0546 1.3834e+01     8.4687      2.188      3.174    18.6937   998.4944 0.0000e+00
      2.258      0.064     4.8471     74.319     40.262  35.177204     3.0050      7.159   176.1433 1.3229e+01     8.3632      2.214      3.213    18.6910   998.4950 0.0000e+00
      2.281      0.064     4.8483     74.319     40.274  35.187505     2.9016      7.157   176.1963 1.2822e+01     8.2357      2.240      3.248    18.6876   998.4958 0.0000e+00
      2.296      0.060     4.8518     74.286     40.288  35.198847     2.8426      7.155   176.0927 1.2583e+01     8.2049      2.254      3.268    18.6849   998.4964 0.0000e+00
      2.307      0.052     4.8535     74.206     40.276  35.187393     2.8370      7.151   176.0948 1.2348e+01     8.2195      2.261      3.279    18.6825   998.4969 0.0000e+00
      2.318      0.043     4.8549     74.104     40.263  35.175956     2.8686      7.151   176.2210 1.2082e+01     8.1501      2.272      3.296    18.6809   998.4973 0.0000e+00
      2.329      0.037     4.8554     74.017     40.277  35.187505     2.9291      7.153   176.2424 1.1902e+01     8.0217      2.286      3.316    18.6803   998.4975 0.0000e+00
      2.337      0.033     4.8539     73.951     40.292  35.200094     2.9629      7.156   176.1821 1.1762e+01     7.9776      2.292      3.325    18.6797   998.4976 0.0000e+00
      2.343      0.029     4.8481     73.910     40.293  35.201229     2.9653      7.158   176.2662 1.1589e+01     8.0110      2.297      3.333    18.6785   998.4978 0.0000e+00
      2.351      0.025     4.8401     73.891     40.292  35.201228     2.9570      7.159   176.3983 1.1474e+01     7.9995      2.307      3.346    18.6776   998.4980 0.0000e+00
      2.357      0.023     4.8351     73.886     40.291  35.200084     2.9492      7.158   176.4031 1.1442e+01     7.9369      2.312      3.353    18.6769   998.4982 0.0000e+00
      2.361      0.021     4.8303     73.886     40.278  35.187391     2.9410      7.157   176.4099 1.1450e+01     7.9093      2.314      3.358    18.6768   998.4983 0.0000e+00
      2.366      0.019     4.8277     73.878     40.266  35.174698     2.9359      7.157   176.4806 1.1462e+01     7.9282      2.320      3.365    18.6773   998.4982 0.0000e+00
      2.371      0.016     4.8267     73.873     40.266  35.173544     2.9474      7.158   176.5691 1.1454e+01     7.9683      2.326      3.373    18.6779   998.4981 0.0000e+00
      2.376      0.013     4.8263     73.862     40.266  35.173449     2.9675      7.158   176.6198 1.1439e+01     8.0993      2.331      3.381    18.6786   998.4980 0.0000e+00
      2.379      0.011     4.8274     73.835     40.265  35.173544     2.9887      7.157   176.5779 1.1436e+01     8.2994      2.334      3.385    18.6769   998.4983 0.0000e+00
      2.381      0.008     4.8262     73.819     40.264  35.174687     2.9948      7.156   176.5781 1.1442e+01     8.3888      2.335      3.387    18.6729   998.4991 0.0000e+00
      2.382      0.006     4.8266     73.831     40.277  35.187276     2.9899      7.156   176.7081 1.1435e+01     8.3932      2.336      3.388    18.6703   998.4996 0.0000e+00
      2.383      0.004     4.8267     73.867     40.289  35.198825     2.9731      7.155   176.8606 1.1415e+01     8.4179      2.337      3.389    18.6712   998.4994 0.0000e+00
      2.384      0.003     4.8232     73.922     40.274  35.187380     2.9302      7.154   176.9589 1.1414e+01     8.3928      2.338      3.391    18.6733   998.4990 0.0000e+00
      2.385      0.002     4.8217     73.984     40.259  35.175841     2.8959      7.151   177.0363 1.1439e+01     8.3519      2.339      3.392    18.6753   998.4987 0.0000e+00
      2.385      0.001     4.8227     74.042     40.268  35.186245     2.8889      7.120   177.1077 1.1454e+01     8.3495      2.339      3.392    18.6771   998.4984 0.0000e+00
      2.385      0.000     4.8247     74.078     40.264  35.186245     2.8964      7.066   177.1341 1.1449e+01     8.2655      2.339      3.392    18.6778   998.4982 0.0000e+00
      2.385      0.000     4.8289     74.099     40.248  35.175840     2.9085      7.056   177.0969 1.1447e+01     8.0899      2.339      3.392    18.6791   998.4979 0.0000e+00
      2.385      0.000     4.8324     74.124     40.259  35.187379     2.9050      7.092   177.0882 1.1442e+01     7.9961      2.339      3.392    18.6816   998.4974 0.0000e+00
      2.385      0.001     4.8368     74.144     40.270  35.198833     2.8890      7.127   177.2017 1.1417e+01     7.9840      2.338      3.390    18.6848   998.4968 0.0000e+00
      2.385      0.002     4.8386     74.174     40.255  35.187388     2.9148      7.147   177.2646 1.1368e+01     7.9760      2.338      3.390    18.6902   998.4957 0.0000e+00
      2.386      0.002     4.8381     74.208     40.240  35.175943     2.9823      7.156   177.1606 1.1320e+01     7.9975      2.340      3.393    18.6958   998.4947 0.0000e+00
