Data/DataNotYetUploadedToEDI/Raw_CTD/RawDownloads/101119_fcr50.cnv
* Sea-Bird SBE19plus  Data File:
* FileName = C:\DATA\101119_fcr50_0004.hex
* Software version 2.8.0.119 SB_Terminal.dll
* Temperature SN = 7809
* Conductivity SN = 7809
* System UpLoad Time = Oct 11 2019 11:43:48
* <ApplicationData>
* <Seaterm232>
# nquan = 16
# nvalues = 1017                        
# units = specified
# name 0 = depFM: Depth [fresh water, m]
# name 1 = dz/dtM: Descent Rate [m/s]
# name 2 = sbeox0ML/L: Oxygen, SBE 43 [ml/l]
# name 3 = sbeox0PS: Oxygen, SBE 43 [% saturation]
# name 4 = specc: Specific Conductance [uS/cm]
# name 5 = c0uS/cm: Conductivity [uS/cm]
# name 6 = flECO-AFL: Fluorescence, WET Labs ECO-AFL/FL [mg/m^3]
# name 7 = ph: pH
# name 8 = orp: Oxidation Reduction Potential [mV]
# name 9 = par/sat/log: PAR/Logarithmic, Satlantic
# name 10 = turbWETntu0: Turbidity, WET Labs ECO [NTU]
# name 11 = prdM: Pressure, Strain Gauge [db]
# name 12 = prdE: Pressure, Strain Gauge [psi]
# name 13 = tv290C: Temperature [ITS-90, deg C]
# name 14 = density00: Density [density, kg/m^3]
# name 15 = flag:  0.000e+00
# span 0 =     -0.545,      9.641       
# span 1 =     -0.321,      0.328       
# span 2 =    -0.0650,     6.4813       
# span 3 =     -0.921,    100.858       
# span 4 =      4.133,    112.858       
# span 5 =   3.758521,  94.224803       
# span 6 =    -0.1239,     4.9440       
# span 7 =     -2.477,      8.853       
# span 8 =  -666.1338,   241.9759       
# span 9 = 1.2355e-01, 1.5089e+02       
# span 10 =    -0.4835,    53.7278      
# span 11 =     -0.535,      9.455      
# span 12 =     -0.775,     13.714      
# span 13 =    13.1947,    20.4665      
# span 14 =   998.1136,   999.4288      
# span 15 = 0.0000e+00, 0.0000e+00      
# interval = seconds: 0.25
# start_time = Oct 11 2019 11:28:30 [Instrument's time stamp, header]
# bad_flag = -9.990e-29
*END*
[from data line 91]
      0.166     -0.014     4.1376     62.432     41.141  36.618585     2.4326      8.167   211.8813 9.5704e+01     9.8163      0.166      0.240    19.4862   998.3296 0.0000e+00
      0.157     -0.014     4.1075     61.975     41.131  36.611357     2.3481      8.162   211.7818 9.4596e+01     8.9980      0.153      0.222    19.4884   998.3291 0.0000e+00
      0.150     -0.012     4.0765     61.557     41.120  36.602116     2.3045      8.158   211.8669 9.3838e+01     8.5869      0.145      0.210    19.4913   998.3285 0.0000e+00
      0.149     -0.008     4.0429     61.172     41.084  36.570328     2.3036      8.155   212.0499 9.3022e+01     8.6144      0.146      0.212    19.4955   998.3277 0.0000e+00
      0.150     -0.002     4.0105     60.810     41.054  36.544376     2.3283      8.152   212.2739 9.2052e+01     9.1664      0.147      0.214    19.4988   998.3270 0.0000e+00
      0.151      0.004     3.9810     60.485     41.052  36.542224     2.3864      8.149   212.4235 9.1667e+01    10.1809      0.147      0.213    19.5007   998.3266 0.0000e+00
      0.153      0.009     3.9541     60.195     41.054  36.544307     2.4257      8.146   212.2236 9.1358e+01    10.7544      0.149      0.216    19.5019   998.3264 0.0000e+00
      0.156      0.011     3.9300     59.908     41.082  36.569562     2.4304      8.141   211.8363 9.0531e+01    10.8239      0.153      0.222    19.5023   998.3263 0.0000e+00
      0.160      0.012     3.9061     59.631     41.107  36.593690     2.4260      8.136   211.6991 8.9882e+01    10.7598      0.157      0.228    19.5024   998.3263 0.0000e+00
      0.163      0.012     3.8847     59.381     41.092  36.582148     2.4163      8.131   211.9408 8.9365e+01    10.6338      0.160      0.232    19.5021   998.3264 0.0000e+00
      0.167      0.011     3.8678     59.118     41.062  36.556958     2.4169      8.126   212.2635 8.8893e+01    10.5792      0.164      0.238    19.5025   998.3263 0.0000e+00
      0.170      0.009     3.8490     58.813     41.044  36.543023     2.4329      8.122   212.2462 8.9016e+01    10.5910      0.167      0.243    19.5035   998.3262 0.0000e+00
      0.172      0.007     3.8296     58.502     41.039  36.540612     2.4711      8.117   212.0755 8.9090e+01    10.4818      0.168      0.244    19.5050   998.3259 0.0000e+00
      0.173      0.005     3.8150     58.198     41.024  36.527804     2.5228      8.112   212.0063 8.9047e+01    10.2408      0.169      0.246    19.5074   998.3254 0.0000e+00
      0.173      0.004     3.7995     57.895     41.009  36.515099     2.5469      8.107   212.0981 8.9666e+01    10.1023      0.170      0.246    19.5101   998.3248 0.0000e+00
      0.173      0.003     3.7775     57.606     41.008  36.513944     2.5539      8.101   212.4969 9.0346e+01    10.1193      0.170      0.246    19.5126   998.3242 0.0000e+00
      0.174      0.003     3.7575     57.331     41.007  36.513839     2.5558      8.095   212.9556 9.0785e+01    10.3144      0.171      0.247    19.5146   998.3239 0.0000e+00
      0.176      0.003     3.7383     57.061     41.007  36.513829     2.5532      8.087   213.3427 9.1417e+01    10.6265      0.172      0.250    19.5158   998.3237 0.0000e+00
      0.177      0.003     3.7181     56.808     41.007  36.513828     2.5571      8.079   213.7360 9.2026e+01    10.7795      0.173      0.251    19.5163   998.3236 0.0000e+00
      0.177      0.003     3.6997     56.576     41.007  36.513828     2.5512      8.074   213.9253 9.2592e+01    10.7883      0.174      0.252    19.5162   998.3236 0.0000e+00
      0.178      0.002     3.6826     56.356     41.006  36.513827     2.5420      8.069   213.9106 9.2872e+01    10.7978      0.175      0.253    19.5163   998.3236 0.0000e+00
      0.178      0.002     3.6647     56.147     41.005  36.513821     2.5582      8.063   213.9024 9.2474e+01    10.7958      0.174      0.253    19.5163   998.3236 0.0000e+00
      0.178      0.002     3.6479     55.923     41.004  36.513751     2.5908      8.057   214.2567 9.1809e+01    10.7974      0.175      0.254    19.5168   998.3235 0.0000e+00
      0.179      0.001     3.6340     55.673     41.002  36.512985     2.6078      8.052   215.0107 9.1109e+01    10.8178      0.175      0.254    19.5174   998.3234 0.0000e+00
      0.179      0.001     3.6188     55.431     40.991  36.504558     2.6069      8.047   215.3616 9.0355e+01    10.8121      0.176      0.255    19.5181   998.3232 0.0000e+00
      0.179      0.001     3.6064     55.220     40.886  36.411864     2.5801      8.040   215.1433 8.9788e+01    10.5975      0.176      0.255    19.5190   998.3231 0.0000e+00
      0.179      0.001     3.5928     55.031     40.668  36.217370     2.5266      8.035   214.9520 8.9461e+01    10.1891      0.176      0.256    19.5201   998.3228 0.0000e+00
      0.179      0.001     3.5751     55.098     40.498  36.057123     2.4894      8.030   214.8562 8.9247e+01     9.9385      0.176      0.255    19.5213   998.3226 0.0000e+00
      0.180      0.001     3.5589     56.232     40.450  35.997640     2.4772      8.026   215.0177 8.9131e+01     9.8941      0.176      0.256    19.5230   998.3223 0.0000e+00
      0.180      0.001     3.5461     59.259     40.480  36.005920     2.4650      8.021   215.5275 8.9019e+01     9.9146      0.177      0.257    19.5242   998.3220 0.0000e+00
      0.180      0.001     3.5331     64.059     40.522  36.030264     2.4464      8.017   215.8585 8.8891e+01     9.9567      0.178      0.258    19.5262   998.3215 0.0000e+00
      0.180      0.001     3.5169     69.772     40.540  36.038089     2.4257      8.014   215.9219 8.8836e+01     9.9777      0.177      0.257    19.5186   998.3230 0.0000e+00
      0.180      0.001     3.5634     75.516     40.545  36.037046     2.4145      8.010   216.0355 8.8791e+01     9.9715      0.178      0.258    19.4918   998.3284 0.0000e+00
      0.180      0.001     3.7663     80.654     40.527  36.017642     2.4239      8.006   216.1999 8.8781e+01     9.8495      0.177      0.257    19.4660   998.3335 0.0000e+00
      0.181      0.000     4.1012     84.828     40.504  35.993888     2.4345      8.001   216.2753 8.8939e+01     9.6485      0.178      0.258    19.4509   998.3365 0.0000e+00
      0.182     -0.003     4.4881     87.747     40.517  36.003720     2.4308      7.996   216.2588 8.9137e+01     9.5413      0.179      0.259    19.4418   998.3384 0.0000e+00
      0.182     -0.009     4.8741     89.182     40.526  36.009578     2.4313      7.991   216.0862 8.9342e+01     9.4703      0.179      0.260    19.4362   998.3395 0.0000e+00
      0.181     -0.018     5.2107     89.295     40.517  36.001242     2.4398      7.986   215.9092 8.9762e+01     9.2171      0.179      0.259    19.4317   998.3404 0.0000e+00
      0.178     -0.027     5.4852     88.579     40.548  36.029869     2.4380      7.980   216.0113 9.0978e+01     8.8394      0.177      0.256    19.4280   998.3412 0.0000e+00
      0.170     -0.032     5.6828     87.546     40.554  36.038354     2.4357      7.973   215.9444 9.3759e+01     8.6384      0.170      0.247    19.4256   998.3416 0.0000e+00
      0.155     -0.033     5.7700     86.519     40.481  35.976889     2.4467      7.961   215.7025 9.7017e+01     8.5900      0.152      0.221    19.4230   998.3420 0.0000e+00
      0.139     -0.030     5.7648     85.588     40.418  35.921429     2.4406      7.939   215.7530 9.9119e+01     8.5494      0.134      0.194    19.4213   998.3423 0.0000e+00
      0.129     -0.025     5.7058     84.744     40.443  35.939020     2.3801      7.915   215.9527 1.0032e+02     8.4748      0.124      0.181    19.4239   998.3418 0.0000e+00
      0.126     -0.022     5.6313     84.010     40.515  35.999163     2.2958      7.897   216.1388 1.0009e+02     8.3759      0.120      0.175    19.4284   998.3408 0.0000e+00
      0.130     -0.022     5.5637     83.410     40.530  36.013903     2.2534      7.887   216.1960 9.9282e+01     8.3365      0.128      0.186    19.4331   998.3399 0.0000e+00
      0.133     -0.023     5.5048     82.920     40.500  35.990293     2.2494      7.882   216.0423 1.0091e+02     8.3600      0.136      0.197    19.4346   998.3396 0.0000e+00
      0.126     -0.023     5.4507     82.528     40.470  35.967591     2.2732      7.877   215.7430 1.0422e+02     8.4957      0.128      0.184    19.4274   998.3410 0.0000e+00
      0.109     -0.023     5.4026     82.234     40.427  35.929829     2.3240      7.860   215.5026 1.0759e+02     8.7002      0.108      0.156    19.4199   998.3425 0.0000e+00
      0.094     -0.024     5.3656     82.038     40.413  35.914553     2.3612      7.836   215.4590 1.1070e+02     8.7996      0.088      0.127    19.4225   998.3418 0.0000e+00
      0.089     -0.023     5.3330     81.924     40.412  35.909828     2.3757      7.818   215.5600 1.1108e+02     8.8447      0.081      0.118    19.4289   998.3405 0.0000e+00
      0.094     -0.013     5.3074     81.845     40.372  35.872690     2.4216      7.804   215.6919 1.0850e+02     9.2467      0.093      0.135    19.4337   998.3396 0.0000e+00
      0.096      0.003     5.2886     81.792     40.345  35.846346     2.4992      7.786   215.8480 1.1006e+02     9.9570      0.099      0.146    19.4347   998.3394 0.0000e+00
      0.089      0.018     5.2760     81.776     40.348  35.845191     2.5434      7.769   215.8990 1.1670e+02    10.3213      0.088      0.128    19.4298   998.3403 0.0000e+00
      0.083      0.024     5.2715     81.771     40.368  35.858706     2.5481      7.763   215.7930 1.1677e+02    10.3407      0.072      0.104    19.4244   998.3414 0.0000e+00
      0.096      0.023     5.2663     81.761     40.396  35.882815     2.4862      7.764   215.7701 1.0831e+02    10.1920      0.086      0.125    19.4234   998.3416 0.0000e+00
      0.123      0.018     5.2622     81.754     40.396  35.882805     2.3675      7.765   215.9661 1.0150e+02     9.8669      0.128      0.186    19.4214   998.3423 0.0000e+00
      0.138      0.013     5.2630     81.744     40.367  35.858580     2.3004      7.764   216.3556 1.0042e+02     9.6549      0.146      0.211    19.4151   998.3435 0.0000e+00
      0.132      0.005     5.2639     81.720     40.350  35.843795     2.2996      7.763   216.6081 1.0213e+02     9.6602      0.130      0.188    19.4094   998.3446 0.0000e+00
      0.119     -0.004     5.2625     81.699     40.335  35.830987     2.3489      7.761   216.6102 1.0539e+02     9.8979      0.114      0.166    19.4080   998.3449 0.0000e+00
      0.110     -0.009     5.2624     81.692     40.335  35.830663     2.4294      7.760   216.6388 1.0730e+02    10.2354      0.105      0.153    19.4099   998.3445 0.0000e+00
      0.105     -0.004     5.2620     81.694     40.346  35.839877     2.4742      7.757   216.6108 1.0520e+02    10.3652      0.101      0.146    19.4116   998.3441 0.0000e+00
      0.107      0.011     5.2596     81.697     40.320  35.815442     2.4922      7.748   216.4438 1.0345e+02    10.3851      0.103      0.150    19.4122   998.3439 0.0000e+00
      0.112      0.026     5.2583     81.724     40.294  35.789109     2.5166      7.734   216.6839 1.0246e+02    10.5746      0.109      0.159    19.4125   998.3439 0.0000e+00
      0.121      0.037     5.2575     81.775     40.284  35.775366     2.5444      7.719   217.3633 1.0045e+02    10.8541      0.116      0.170    19.4125   998.3439 0.0000e+00
      0.135      0.043     5.2590     81.818     40.289  35.776216     2.5587      7.702   217.8601 9.8032e+01    10.9786      0.132      0.191    19.4113   998.3442 0.0000e+00
      0.152      0.044     5.2579     81.837     40.318  35.799382     2.5508      7.685   218.0452 9.5290e+01    10.9985      0.151      0.218    19.4101   998.3445 0.0000e+00
      0.166      0.039     5.2597     81.805     40.322  35.801574     2.5444      7.670   218.0529 9.3308e+01    11.0291      0.164      0.238    19.4061   998.3454 0.0000e+00
      0.176      0.032     5.2655     81.718     40.323  35.802718     2.5329      7.659   218.0389 9.1862e+01    11.0869      0.175      0.252    19.3994   998.3467 0.0000e+00
      0.182      0.022     5.2683     81.604     40.335  35.813218     2.5074      7.652   218.2196 9.0709e+01    11.1723      0.180      0.260    19.3945   998.3478 0.0000e+00
      0.185      0.013     5.2710     81.465     40.322  35.801584     2.4964      7.647   218.5167 9.0342e+01    11.2423      0.181      0.263    19.3912   998.3485 0.0000e+00
      0.185      0.007     5.2693     81.305     40.307  35.788987     2.4954      7.645   218.7065 9.0233e+01    11.2460      0.182      0.263    19.3905   998.3486 0.0000e+00
      0.185      0.003     5.2621     81.162     40.306  35.787850     2.4780      7.646   218.8796 9.0010e+01    10.8886      0.181      0.262    19.3906   998.3486 0.0000e+00
      0.185      0.001     5.2553     81.065     40.306  35.787850     2.4514      7.647   218.9748 8.9717e+01    10.2315      0.181      0.263    19.3898   998.3488 0.0000e+00
      0.185      0.001     5.2468     80.991     40.307  35.788985     2.4422      7.648   218.8255 8.9199e+01     9.8875      0.181      0.262    19.3896   998.3488 0.0000e+00
      0.185      0.001     5.2349     80.940     40.322  35.801573     2.4357      7.649   218.6229 8.8713e+01     9.8761      0.181      0.262    19.3902   998.3487 0.0000e+00
      0.185      0.002     5.2249     80.936     40.337  35.813104     2.4074      7.650   218.5895 8.8453e+01     9.8320      0.181      0.262    19.3907   998.3486 0.0000e+00
      0.186      0.002     5.2193     80.962     40.325  35.801460     2.3783      7.650   218.8529 8.8014e+01     9.7465      0.182      0.265    19.3917   998.3484 0.0000e+00
      0.187      0.002     5.2153     81.011     40.310  35.787726     2.3694      7.649   219.2258 8.7505e+01     9.6945      0.183      0.266    19.3919   998.3483 0.0000e+00
      0.187      0.002     5.2101     81.088     40.294  35.773993     2.3689      7.648   219.3992 8.7119e+01     9.6630      0.184      0.266    19.3899   998.3487 0.0000e+00
      0.187      0.001     5.2118     81.156     40.281  35.762349     2.3634      7.646   219.3139 8.6710e+01     9.6273      0.184      0.267    19.3875   998.3492 0.0000e+00
      0.187      0.001     5.2136     81.208     40.296  35.773880     2.3642      7.645   219.1413 8.6385e+01     9.5585      0.184      0.266    19.3864   998.3494 0.0000e+00
      0.188      0.001     5.2155     81.242     40.311  35.786478     2.3705      7.643   219.1197 8.6205e+01     9.5195      0.184      0.267    19.3863   998.3495 0.0000e+00
      0.188      0.001     5.2229     81.236     40.314  35.787727     2.3698      7.641   219.1386 8.6170e+01     9.4833      0.184      0.267    19.3868   998.3494 0.0000e+00
      0.188      0.001     5.2264     81.196     40.315  35.788975     2.3641      7.639   219.2831 8.6180e+01     9.4156      0.185      0.268    19.3865   998.3494 0.0000e+00
      0.189      0.002     5.2301     81.141     40.326  35.801573     2.3619      7.637   219.6623 8.6032e+01     9.5850      0.185      0.268    19.3845   998.3498 0.0000e+00
      0.189      0.002     5.2334     81.076     40.336  35.813113     2.3701      7.635   219.8513 8.5732e+01     9.9583      0.185      0.268    19.3824   998.3503 0.0000e+00
      0.190      0.002     5.2328     81.017     40.320  35.801563     2.3846      7.632   219.8486 8.5439e+01    10.1273      0.186      0.270    19.3813   998.3505 0.0000e+00
      0.190      0.002     5.2295     80.959     40.304  35.788870     2.3901      7.628   220.0599 8.5259e+01    10.0892      0.187      0.271    19.3815   998.3504 0.0000e+00
      0.191      0.003     5.2261     80.914     40.301  35.786580     2.3765      7.624   220.4267 8.5099e+01     9.8578      0.187      0.271    19.3839   998.3500 0.0000e+00
