Data/DataNotYetUploadedToEDI/Raw_CTD/RawDownloads/101119_fcr30.cnv
* Sea-Bird SBE19plus  Data File:
* FileName = C:\DATA\101619_unknown_0007.hex
* Software version 2.8.0.119 SB_Terminal.dll
* Temperature SN = 7809
* Conductivity SN = 7809
* System UpLoad Time = Oct 16 2019 07:57:06
* <ApplicationData>
* <Seaterm232>
# nquan = 16
# nvalues = 423                         
# units = specified
# name 0 = depFM: Depth [fresh water, m]
# name 1 = dz/dtM: Descent Rate [m/s]
# name 2 = sbeox0ML/L: Oxygen, SBE 43 [ml/l]
# name 3 = sbeox0PS: Oxygen, SBE 43 [% saturation]
# name 4 = specc: Specific Conductance [uS/cm]
# name 5 = c0uS/cm: Conductivity [uS/cm]
# name 6 = flECO-AFL: Fluorescence, WET Labs ECO-AFL/FL [mg/m^3]
# name 7 = ph: pH
# name 8 = orp: Oxidation Reduction Potential [mV]
# name 9 = par/sat/log: PAR/Logarithmic, Satlantic
# name 10 = turbWETntu0: Turbidity, WET Labs ECO [NTU]
# name 11 = prdM: Pressure, Strain Gauge [db]
# name 12 = prdE: Pressure, Strain Gauge [psi]
# name 13 = tv290C: Temperature [ITS-90, deg C]
# name 14 = density00: Density [density, kg/m^3]
# name 15 = flag:  0.000e+00
# span 0 =     -0.541,      5.456       
# span 1 =     -0.021,      0.283       
# span 2 =    -1.0075,     6.3800       
# span 3 =    -14.025,     99.723       
# span 4 =      4.500,    113.559       
# span 5 =   3.992361,  95.772486       
# span 6 =    -1.2853,     4.3225       
# span 7 =      6.479,      7.848       
# span 8 =    35.7898,   312.0912       
# span 9 = 1.2357e-01, 1.3186e+03       
# span 10 =    -0.0087,    15.6801      
# span 11 =     -0.532,      5.352      
# span 12 =     -0.772,      7.762      
# span 13 =    13.1740,    20.2228      
# span 14 =   998.1777,   999.4055      
# span 15 = 0.0000e+00, 0.0000e+00      
# interval = seconds: 0.25
# start_time = Oct 11 2019 12:49:43 [Instrument's time stamp, header]
# bad_flag = -9.990e-29
*END*
     -0.541 3.8430e-07     6.2548     95.956      6.775   5.965531    -0.1221      6.546   312.0912 2.5728e+02    -0.0087     -0.531     -0.770    18.7754   998.4560 0.0000e+00
     -0.541      0.000     6.2541     95.952      5.725   5.051971    -0.1214      6.555   310.8873 2.8260e+02     0.0181     -0.531     -0.770    18.7936   998.4522 0.0000e+00
     -0.541      0.000     6.2428     95.935      4.699   4.160189    -0.1186      6.559   309.3075 3.2761e+02     0.0254     -0.531     -0.771    18.8756   998.4360 0.0000e+00
     -0.541      0.001     6.2324     95.927      4.500   3.992361    -0.0888      6.549   250.0566 3.8261e+02     0.1122     -0.531     -0.770    18.9596   998.4202 0.0000e+00
     -0.541      0.006     6.2277     95.939      4.833   4.290197    -0.0382      6.555   145.9156 4.3353e+02     0.1832     -0.531     -0.770    19.0070   998.4114 0.0000e+00
     -0.541      0.022     6.2136     95.950     11.019   9.789132    -0.0099      6.691   129.7682 4.6482e+02     0.1951     -0.531     -0.771    19.1172   998.3892 0.0000e+00
     -0.541      0.051     6.1889     95.959     25.044  22.292189    -0.0320      6.985   179.2325 4.5850e+02     0.3547     -0.530     -0.769    19.3011   998.3524 0.0000e+00
     -0.538      0.089     6.1782     95.989     36.475  32.568433    -0.3571      7.300   199.3555 4.1340e+02     2.1132     -0.532     -0.772    19.3773   998.3376 0.0000e+00
     -0.521      0.133     6.1802     96.034     39.994  35.850667    -0.9591      7.540   198.4142 4.3949e+02     5.2995     -0.524     -0.759    19.3768   998.3371 0.0000e+00
     -0.475      0.181     6.1824     96.066     40.318  36.278107    -1.2853      7.696   196.0722 6.0745e+02     7.0253     -0.473     -0.686    19.3662   998.3402 0.0000e+00
     -0.410      0.229     6.1760     96.107     40.267  36.340377    -1.2667      7.784   194.9573 8.0867e+02     7.2497     -0.401     -0.581    19.4098   998.3380 0.0000e+00
     -0.340      0.266     6.1535     96.232     40.147  36.286350    -0.6047      7.828   194.5706 9.4859e+02     8.0786     -0.333     -0.484    19.6095   998.3023 0.0000e+00
     -0.266      0.283     6.1309     96.529     40.057  36.196199     0.6416      7.846   194.0645 1.0006e+03     9.5423     -0.268     -0.389    19.8263   998.2585 0.0000e+00
     -0.180      0.278     6.1121     97.012     40.045  36.138958     1.3263      7.848   193.3114 1.0300e+03    10.2974     -0.178     -0.258    19.9917   998.2250 0.0000e+00
     -0.093      0.255     6.0948     97.615     40.059  36.101960     1.3893      7.843   192.5201 1.1308e+03    10.3597     -0.082     -0.119    20.1440   998.1939 0.0000e+00
     -0.023      0.221     6.0903     98.253     40.067  36.066154     1.4630      7.833   191.7245 1.2491e+03    10.6222     -0.015     -0.023    20.2228   998.1777 0.0000e+00
      0.026      0.179     6.1127     98.836     40.063  36.023325     1.6027      7.822   190.7474 1.3186e+03    11.0793      0.032      0.045    20.1904   998.1847 0.0000e+00
      0.059      0.136     6.1549     99.319     40.041  35.964894     1.6832      7.810   188.4493 1.2202e+03    11.3320      0.061      0.089    20.1155   998.2004 0.0000e+00
      0.082      0.101     6.2019     99.666     40.042  35.930863     1.6990      7.797   184.4150 1.1403e+03    11.3503      0.084      0.121    20.0530   998.2134 0.0000e+00
      0.096      0.076     6.2520     99.723     40.065  35.929166     1.7932      7.783   181.0315 1.2686e+03    11.2677      0.095      0.136    19.9999   998.2245 0.0000e+00
      0.106      0.062     6.2954     99.091     40.090  35.944344     1.9636      7.770   179.3744 1.2691e+03    11.1524      0.101      0.146    19.9536   998.2340 0.0000e+00
      0.121      0.059     6.3326     97.407     40.137  35.987427     2.0508      7.760   178.4899 1.1217e+03    11.1035      0.118      0.172    19.9051   998.2440 0.0000e+00
      0.136      0.067     6.3630     94.769     40.152  36.005773     2.0597      7.749   177.9078 1.0868e+03    11.1030      0.136      0.198    19.8547   998.2544 0.0000e+00
      0.147      0.079     6.3800     91.580     40.116  35.975767     2.0617      7.737   177.4990 1.0935e+03    11.0478      0.144      0.209    19.8266   998.2602 0.0000e+00
      0.163      0.093     6.3541     88.287     40.085  35.941986     2.0323      7.726   177.1605 9.2871e+02    10.7303      0.153      0.221    19.8202   998.2616 0.0000e+00
      0.193      0.105     6.2396     85.145     40.073  35.914674     1.9902      7.716   176.9120 6.9098e+02    10.2140      0.187      0.272    19.8256   998.2607 0.0000e+00
      0.229      0.115     6.0612     82.229     40.085  35.899407     1.9852      7.707   176.9902 5.4818e+02     9.9178      0.226      0.327    19.8343   998.2591 0.0000e+00
      0.263      0.123     5.8460     79.741     40.098  35.884289     1.9988      7.697   177.2455 4.8987e+02     9.8689      0.256      0.373    19.8374   998.2586 0.0000e+00
      0.295      0.124     5.6288     77.803     40.091  35.858787     2.0160      7.685   177.3322 4.8154e+02     9.8191      0.291      0.422    19.8337   998.2595 0.0000e+00
      0.326      0.116     5.4349     76.373     40.089  35.844918     2.0452      7.674   177.4357 4.7459e+02     9.7422      0.319      0.462    19.8121   998.2640 0.0000e+00
      0.358      0.104     5.2433     75.383     40.097  35.843533     2.0666      7.665   177.7230 4.8110e+02     9.7262      0.351      0.509    19.7733   998.2721 0.0000e+00
      0.388      0.091     5.0860     74.690     40.108  35.842037     2.0841      7.656   178.0526 5.0035e+02     9.7557      0.384      0.558    19.7366   998.2797 0.0000e+00
      0.410      0.080     4.9673     74.216     40.114  35.826809     2.1437      7.647   178.2368 4.7599e+02     9.8375      0.406      0.589    19.7140   998.2844 0.0000e+00
      0.422      0.070     4.8762     73.988     40.104  35.786328     2.2501      7.640   178.3163 4.5322e+02     9.9939      0.414      0.600    19.7000   998.2873 0.0000e+00
      0.433      0.062     4.8192     73.965     40.082  35.733366     2.3121      7.633   178.4108 4.4825e+02    10.1073      0.420      0.609    19.6911   998.2892 0.0000e+00
      0.448      0.056     4.7778     74.064     40.071  35.694176     2.3131      7.626   178.3475 3.9974e+02    10.1590      0.439      0.638    19.6820   998.2911 0.0000e+00
      0.464      0.051     4.7471     74.271     40.095  35.693264     2.3231      7.620   178.2381 3.5889e+02    10.1925      0.457      0.662    19.6566   998.2962 0.0000e+00
      0.479      0.045     4.7381     74.569     40.145  35.722318     2.3460      7.613   178.2928 3.4229e+02    10.1850      0.468      0.679    19.6131   998.3051 0.0000e+00
      0.494      0.036     4.7443     74.908     40.163  35.728078     2.3558      7.606   178.3207 3.1939e+02    10.1665      0.487      0.705    19.5676   998.3143 0.0000e+00
      0.504      0.024     4.7529     75.246     40.136  35.699432     2.3548      7.599   178.2314 3.0736e+02    10.1656      0.498      0.723    19.5316   998.3216 0.0000e+00
      0.505      0.012     4.7692     75.491     40.129  35.693302     2.3431      7.592   178.2458 3.0876e+02    10.0757      0.496      0.722    19.5050   998.3271 0.0000e+00
      0.503      0.002     4.7922     75.544     40.153  35.717431     2.3180      7.586   178.4086 3.1207e+02     9.8662      0.493      0.713    19.4841   998.3312 0.0000e+00
      0.501     -0.005     4.8153     75.425     40.171  35.737303     2.3025      7.579   178.5645 3.0883e+02     9.6974      0.492      0.714    19.4709   998.3339 0.0000e+00
      0.498     -0.007     4.8396     75.265     40.171  35.743173     2.2938      7.572   178.6687 3.0679e+02     9.6414      0.489      0.709    19.4670   998.3347 0.0000e+00
      0.494     -0.005     4.8587     75.186     40.143  35.724937     2.2038      7.567   178.6366 3.0866e+02     9.6140      0.484      0.702    19.4680   998.3344 0.0000e+00
      0.492     -0.002     4.8613     75.230     40.113  35.707225     2.0390      7.562   178.6056 3.0347e+02     9.5625      0.482      0.700    19.4714   998.3338 0.0000e+00
      0.492      0.002     4.8493     75.380     40.116  35.719440     1.9490      7.557   178.6390 2.9775e+02     9.5100      0.482      0.699    19.4767   998.3327 0.0000e+00
      0.494      0.006     4.8350     75.603     40.131  35.745710     1.9380      7.552   178.6097 2.9843e+02     9.4712      0.484      0.702    19.4836   998.3313 0.0000e+00
      0.497      0.008     4.8285     75.853     40.142  35.770988     1.9322      7.547   178.6818 3.0313e+02     9.4534      0.487      0.707    19.4924   998.3296 0.0000e+00
      0.501      0.008     4.8309     76.052     40.126  35.771204     1.9308      7.543   178.8228 3.0986e+02     9.4599      0.490      0.713    19.5025   998.3275 0.0000e+00
      0.504      0.007     4.8404     76.147     40.085  35.748342     1.9390      7.539   178.8509 3.1718e+02     9.4834      0.494      0.717    19.5144   998.3252 0.0000e+00
      0.505      0.006     4.8535     76.120     40.073  35.748465     1.9450      7.536   178.8499 3.2123e+02     9.4755      0.496      0.719    19.5308   998.3219 0.0000e+00
      0.505      0.003     4.8701     75.943     40.089  35.772707     1.9419      7.532   178.8968 3.2380e+02     9.4302      0.495      0.720    19.5510   998.3178 0.0000e+00
      0.505      0.000     4.8824     75.632     40.098  35.787583     1.9710      7.529   178.9016 3.2797e+02     9.4276      0.495      0.719    19.5708   998.3138 0.0000e+00
      0.505     -0.001     4.8861     75.273     40.112  35.801402     2.0275      7.526   178.8223 3.2748e+02     9.4767      0.496      0.720    19.5865   998.3106 0.0000e+00
      0.505     -0.001     4.8849     74.939     40.126  35.812848     2.0537      7.522   178.7973 3.2213e+02     9.5321      0.495      0.718    19.5996   998.3080 0.0000e+00
      0.504      0.003     4.8718     74.692     40.111  35.799028     2.0540      7.517   178.9435 3.1964e+02     9.5406      0.494      0.717    19.6138   998.3051 0.0000e+00
      0.503      0.008     4.8482     74.577     40.071  35.761253     2.0567      7.512   179.2136 3.2086e+02     9.5131      0.493      0.714    19.6235   998.3032 0.0000e+00
      0.503      0.013     4.8238     74.547     40.051  35.736924     2.0601      7.507   179.3970 3.2214e+02     9.4946      0.491      0.712    19.6233   998.3032 0.0000e+00
      0.507      0.014     4.8018     74.510     40.082  35.758745     2.0616      7.502   179.2670 3.1905e+02     9.4811      0.495      0.719    19.6200   998.3038 0.0000e+00
      0.516      0.010     4.7836     74.401     40.100  35.771201     2.0647      7.498   179.1053 3.1711e+02     9.4481      0.506      0.735    19.6205   998.3037 0.0000e+00
      0.526      0.003     4.7782     74.189     40.091  35.760577     2.0630      7.493   179.2481 3.1948e+02     9.2272      0.518      0.752    19.6196   998.3040 0.0000e+00
      0.530     -0.006     4.7797     73.909     40.093  35.757234     2.0590      7.487   179.4455 3.1940e+02     8.9082      0.523      0.759    19.6106   998.3059 0.0000e+00
      0.524     -0.013     4.7792     73.649     40.070  35.730773     2.0596      7.481   179.5132 3.3321e+02     8.8020      0.516      0.750    19.6007   998.3078 0.0000e+00
      0.509     -0.019     4.7738     73.409     40.035  35.694514     2.0527      7.475   179.5501 3.6090e+02     8.7951      0.498      0.722    19.5980   998.3083 0.0000e+00
      0.497     -0.021     4.7596     73.092     40.043  35.699644     2.0443      7.469   179.6328 3.7184e+02     8.8576      0.483      0.701    19.5963   998.3085 0.0000e+00
      0.493     -0.018     4.7394     72.650     40.078  35.729325     2.0540      7.464   179.7386 3.6328e+02     9.0661      0.482      0.700    19.5888   998.3101 0.0000e+00
      0.494     -0.012     4.7230     72.093     40.086  35.736030     2.0661      7.459   179.7972 3.5262e+02     9.2193      0.485      0.703    19.5790   998.3121 0.0000e+00
      0.494     -0.006     4.7123     71.463     40.065  35.717254     2.0694      7.454   179.8257 3.4687e+02     9.2677      0.485      0.704    19.5726   998.3134 0.0000e+00
      0.493     -0.001     4.6926     70.852     40.036  35.692709     2.0670      7.449   179.9107 3.4079e+02     9.2907      0.483      0.701    19.5708   998.3137 0.0000e+00
      0.491      0.003     4.6640     70.361     40.036  35.693135     2.0555      7.444   180.0508 3.3510e+02     9.3010      0.482      0.699    19.5699   998.3139 0.0000e+00
      0.491      0.007     4.6280     70.046     40.070  35.722410     2.0520      7.439   180.1426 3.3594e+02     9.2936      0.482      0.699    19.5688   998.3141 0.0000e+00
      0.492      0.011     4.5847     69.893     40.081  35.729325     2.0586      7.434   180.1603 3.3891e+02     9.2664      0.483      0.700    19.5690   998.3141 0.0000e+00
      0.497      0.013     4.5431     69.833     40.066  35.713269     2.0660      7.430   180.1792 3.4229e+02     9.2344      0.486      0.704    19.5705   998.3138 0.0000e+00
      0.504      0.014     4.5099     69.762     40.076  35.718679     2.1420      7.427   180.2847 3.4753e+02     9.1693      0.493      0.716    19.5726   998.3134 0.0000e+00
      0.510      0.013     4.4902     69.577     40.091  35.731268     2.2755      7.423   180.4039 3.5183e+02     9.0694      0.502      0.728    19.5725   998.3136 0.0000e+00
      0.513      0.010     4.4821     69.225     40.100  35.738543     2.3446      7.418   180.4159 3.6737e+02     9.0092      0.504      0.731    19.5683   998.3143 0.0000e+00
      0.514      0.007     4.4816     68.746     40.105  35.743163     2.3613      7.415   180.4294 3.8192e+02     9.0309      0.504      0.731    19.5624   998.3154 0.0000e+00
      0.513      0.003     4.4797     68.239     40.082  35.723658     2.3303      7.412   180.5678 3.6542e+02     9.1680      0.503      0.730    19.5585   998.3163 0.0000e+00
      0.513      0.000     4.4697     67.774     40.047  35.693126     2.2393      7.408   180.7128 3.4898e+02     9.3567      0.502      0.728    19.5573   998.3166 0.0000e+00
      0.513     -0.002     4.4461     67.413     40.044  35.691346     2.1887      7.403   180.8049 3.5383e+02     9.4437      0.503      0.729    19.5568   998.3166 0.0000e+00
      0.513     -0.003     4.4121     67.178     40.055  35.702148     2.1942      7.400   180.9083 3.6706e+02     9.4665      0.503      0.730    19.5568   998.3167 0.0000e+00
      0.512     -0.003     4.3788     67.040     40.048  35.696793     2.2371      7.397   180.9308 3.7274e+02     9.5672      0.503      0.728    19.5578   998.3164 0.0000e+00
      0.511     -0.004     4.3469     66.961     40.041  35.690067     2.3166      7.392   180.9039 3.5924e+02     9.6780      0.501      0.726    19.5594   998.3161 0.0000e+00
      0.510     -0.004     4.3227     66.873     40.036  35.684297     2.3661      7.388   181.0129 3.4654e+02     9.6914      0.500      0.725    19.5609   998.3159 0.0000e+00
      0.508     -0.004     4.3091     66.699     40.043  35.690493     2.3685      7.384   181.2168 3.3695e+02     9.6972      0.497      0.721    19.5621   998.3156 0.0000e+00
      0.507     -0.004     4.3004     66.438     40.057  35.701503     2.3629      7.380   181.3899 3.3430e+02     9.6825      0.496      0.720    19.5625   998.3154 0.0000e+00
      0.507     -0.004     4.2969     66.088     40.046  35.690482     2.3592      7.376   181.4714 3.5130e+02     9.5783      0.497      0.721    19.5620   998.3155 0.0000e+00
      0.506     -0.003     4.2943     65.617     40.040  35.684182     2.3587      7.373   181.5131 3.7885e+02     9.4868      0.496      0.720    19.5611   998.3157 0.0000e+00
      0.505     -0.002     4.2824     65.074     40.046  35.688798     2.3642      7.370   181.5505 3.9088e+02     9.4606      0.495      0.718    19.5600   998.3160 0.0000e+00
