Data/DataNotYetUploadedToEDI/Raw_CTD/RawDownloads/101119_fcr50.cnv
* Sea-Bird SBE19plus  Data File:
* FileName = C:\DATA\101119_fcr50_0004.hex
* Software version 2.8.0.119 SB_Terminal.dll
* Temperature SN = 7809
* Conductivity SN = 7809
* System UpLoad Time = Oct 11 2019 11:43:48
* <ApplicationData>
* <Seaterm232>
# nquan = 16
# nvalues = 1017                        
# units = specified
# name 0 = depFM: Depth [fresh water, m]
# name 1 = dz/dtM: Descent Rate [m/s]
# name 2 = sbeox0ML/L: Oxygen, SBE 43 [ml/l]
# name 3 = sbeox0PS: Oxygen, SBE 43 [% saturation]
# name 4 = specc: Specific Conductance [uS/cm]
# name 5 = c0uS/cm: Conductivity [uS/cm]
# name 6 = flECO-AFL: Fluorescence, WET Labs ECO-AFL/FL [mg/m^3]
# name 7 = ph: pH
# name 8 = orp: Oxidation Reduction Potential [mV]
# name 9 = par/sat/log: PAR/Logarithmic, Satlantic
# name 10 = turbWETntu0: Turbidity, WET Labs ECO [NTU]
# name 11 = prdM: Pressure, Strain Gauge [db]
# name 12 = prdE: Pressure, Strain Gauge [psi]
# name 13 = tv290C: Temperature [ITS-90, deg C]
# name 14 = density00: Density [density, kg/m^3]
# name 15 = flag:  0.000e+00
# span 0 =     -0.545,      9.641       
# span 1 =     -0.321,      0.328       
# span 2 =    -0.0650,     6.4813       
# span 3 =     -0.921,    100.858       
# span 4 =      4.133,    112.858       
# span 5 =   3.758521,  94.224803       
# span 6 =    -0.1239,     4.9440       
# span 7 =     -2.477,      8.853       
# span 8 =  -666.1338,   241.9759       
# span 9 = 1.2355e-01, 1.5089e+02       
# span 10 =    -0.4835,    53.7278      
# span 11 =     -0.535,      9.455      
# span 12 =     -0.775,     13.714      
# span 13 =    13.1947,    20.4665      
# span 14 =   998.1136,   999.4288      
# span 15 = 0.0000e+00, 0.0000e+00      
# interval = seconds: 0.25
# start_time = Oct 11 2019 11:28:30 [Instrument's time stamp, header]
# bad_flag = -9.990e-29
*END*
[from data line 814]
      6.882      0.050     1.9444     26.472     59.903  45.768060     0.1869      6.352   134.4899 1.2378e-01    17.4414      6.749      9.789    13.2005   999.4088 0.0000e+00
      6.893      0.052     1.9441     26.463     59.911  45.773985     0.2013      6.351   134.4959 1.2377e-01    17.5779      6.758      9.802    13.2005   999.4088 0.0000e+00
      6.907      0.054     1.9433     26.458     59.906  45.769934     0.2388      6.349   134.6839 1.2376e-01    17.7945      6.771      9.821    13.1994   999.4090 0.0000e+00
      6.924      0.054     1.9436     26.447     59.923  45.782582     0.2584      6.349   135.1278 1.2378e-01    17.8966      6.791      9.849    13.1988   999.4092 0.0000e+00
      6.941      0.053     1.9431     26.435     59.945  45.799901     0.2562      6.349   135.5611 1.2376e-01    17.8950      6.809      9.874    13.1990   999.4092 0.0000e+00
      6.954      0.052     1.9415     26.437     59.930  45.788827     0.2558      6.348   136.0506 1.2370e-01    17.7758      6.820      9.892    13.1987   999.4093 0.0000e+00
      6.965      0.050     1.9424     26.445     59.910  45.775702     0.2623      6.348   136.6592 1.2365e-01    17.5688      6.830      9.906    13.1979   999.4095 0.0000e+00
      6.976      0.048     1.9413     26.452     59.897  45.768216     0.2653      6.347   136.9831 1.2370e-01    17.4904      6.841      9.922    13.1977   999.4096 0.0000e+00
      6.988      0.047     1.9393     26.467     59.885  45.761815     0.2577      6.347   137.0401 1.2381e-01    17.4833      6.852      9.939    13.1982   999.4096 0.0000e+00
      7.000      0.046     1.9403     26.491     59.884  45.761815     0.2388      6.346   137.1762 1.2381e-01    17.3522      6.863      9.954    13.1990   999.4095 0.0000e+00
      7.013      0.045     1.9410     26.521     59.894  45.768217     0.2107      6.345   137.7694 1.2371e-01    17.1503      6.877      9.975    13.2005   999.4094 0.0000e+00
      7.026      0.043     1.9408     26.555     59.907  45.775709     0.1956      6.344   138.7062 1.2363e-01    17.0743      6.891      9.994    13.2023   999.4092 0.0000e+00
      7.037      0.043     1.9419     26.581     59.927  45.788896     0.1948      6.344   139.2960 1.2363e-01    17.0881      6.901     10.010    13.2053   999.4089 0.0000e+00
      7.046      0.044     1.9439     26.591     59.942  45.800646     0.1924      6.344   139.3941 1.2370e-01    17.0547      6.910     10.022    13.2063   999.4088 0.0000e+00
      7.055      0.045     1.9457     26.586     59.928  45.790770     0.2016      6.344   139.6344 1.2371e-01    16.9991      6.918     10.033    13.2041   999.4091 0.0000e+00
      7.064      0.048     1.9493     26.586     59.937  45.796491     0.2278      6.343   140.3946 1.2371e-01    16.9725      6.926     10.045    13.2019   999.4094 0.0000e+00
      7.077      0.052     1.9511     26.597     59.951  45.806319     0.2486      6.342   141.0136 1.2375e-01    16.9945      6.939     10.064    13.2007   999.4096 0.0000e+00
      7.093      0.057     1.9521     26.617     59.920  45.782589     0.2534      6.341   141.3551 1.2370e-01    17.0695      6.956     10.089    13.2009   999.4097 0.0000e+00
      7.110      0.060     1.9506     26.631     59.894  45.763590     0.2339      6.340   141.6837 1.2365e-01    17.2236      6.973     10.113    13.2018   999.4097 0.0000e+00
      7.126      0.061     1.9509     26.622     59.897  45.767120     0.2039      6.340   141.8889 1.2367e-01    17.3828      6.988     10.135    13.2008   999.4099 0.0000e+00
      7.142      0.061     1.9517     26.624     59.890  45.761765     0.1938      6.340   142.1158 1.2368e-01    17.4220      7.004     10.158    13.1998   999.4101 0.0000e+00
      7.158      0.062     1.9530     26.643     59.893  45.762341     0.1985      6.339   142.4484 1.2371e-01    17.4346      7.021     10.183    13.2001   999.4101 0.0000e+00
      7.173      0.065     1.9561     26.647     59.911  45.774081     0.2181      6.337   142.8133 1.2375e-01    17.4364      7.035     10.204    13.2009   999.4101 0.0000e+00
      7.186      0.066     1.9526     26.622     59.916  45.776705     0.2490      6.336   143.1720 1.2376e-01    17.3458      7.045     10.219    13.2023   999.4099 0.0000e+00
      7.203      0.066     1.9533     26.577     59.939  45.794068     0.2596      6.334   143.1715 1.2372e-01    17.2570      7.062     10.243    13.2022   999.4100 0.0000e+00
      7.225      0.064     1.9560     26.531     59.938  45.793501     0.2501      6.333   142.8936 1.2368e-01    17.2149      7.085     10.276    13.2001   999.4105 0.0000e+00
      7.245      0.061     1.9566     26.492     59.906  45.769848     0.2468      6.332   143.0820 1.2366e-01    17.1647      7.108     10.308    13.1981   999.4108 0.0000e+00
      7.261      0.057     1.9544     26.460     59.896  45.762094     0.2550      6.332   143.6429 1.2366e-01    17.1091      7.122     10.330    13.1972   999.4109 0.0000e+00
      7.272      0.053     1.9505     26.428     59.897  45.763262     0.2540      6.332   144.0819 1.2365e-01    17.0663      7.131     10.344    13.1974   999.4110 0.0000e+00
      7.281      0.052     1.9471     26.403     59.923  45.783963     0.2436      6.331   144.0872 1.2368e-01    17.0409      7.141     10.358    13.1976   999.4110 0.0000e+00
      7.291      0.055     1.9440     26.402     59.971  45.821888     0.2326      6.328   143.9658 1.2373e-01    17.0964      7.148     10.368    13.1976   999.4110 0.0000e+00
      7.303      0.062     1.9421     26.425     59.996  45.840786     0.2079      6.326   144.2497 1.2369e-01    17.2131      7.160     10.384    13.1978   999.4110 0.0000e+00
      7.321      0.069     1.9395     26.457     59.973  45.821945     0.1874      6.325   144.6801 1.2363e-01    17.2730      7.178     10.411    13.1979   999.4111 0.0000e+00
      7.341      0.075     1.9368     26.483     59.926  45.784588     0.1848      6.325   145.0393 1.2363e-01    17.2632      7.199     10.440    13.1992   999.4110 0.0000e+00
      7.364      0.077     1.9371     26.498     59.908  45.770119     0.2026      6.324   145.2371 1.2367e-01    17.2904      7.222     10.475    13.2009   999.4110 0.0000e+00
      7.388      0.074     1.9390     26.508     59.914  45.774009     0.2371      6.323   145.3514 1.2367e-01    17.4061      7.247     10.510    13.2005   999.4112 0.0000e+00
      7.408      0.069     1.9419     26.514     59.907  45.768116     0.2554      6.321   145.6464 1.2367e-01    17.5155      7.266     10.539    13.1992   999.4114 0.0000e+00
      7.425      0.062     1.9442     26.516     59.900  45.762376     0.2589      6.320   146.0512 1.2368e-01    17.5640      7.281     10.561    13.1982   999.4116 0.0000e+00
      7.438      0.057     1.9447     26.516     59.907  45.768101     0.2539      6.320   146.5458 1.2368e-01    17.5660      7.294     10.580    13.1973   999.4118 0.0000e+00
      7.448      0.052     1.9457     26.516     59.914  45.773836     0.2303      6.320   147.0659 1.2371e-01    17.4085      7.304     10.594    13.1965   999.4119 0.0000e+00
      7.459      0.051     1.9460     26.512     59.906  45.768219     0.2063      6.319   147.3496 1.2372e-01    17.1345      7.312     10.607    13.1959   999.4120 0.0000e+00
      7.472      0.051     1.9464     26.507     59.900  45.763692     0.1986      6.318   147.4810 1.2367e-01    17.0389      7.326     10.626    13.1957   999.4121 0.0000e+00
      7.487      0.056     1.9459     26.500     59.925  45.782600     0.1976      6.318   147.7090 1.2363e-01    17.1046      7.342     10.648    13.1957   999.4122 0.0000e+00
      7.501      0.063     1.9464     26.485     59.956  45.806321     0.1944      6.317   148.2125 1.2366e-01    17.3396      7.356     10.669    13.1961   999.4122 0.0000e+00
      7.514      0.069     1.9460     26.473     59.943  45.796489     0.1856      6.315   148.8374 1.2366e-01    17.7501      7.368     10.687    13.1965   999.4122 0.0000e+00
      7.531      0.074     1.9452     26.475     59.935  45.790720     0.1776      6.313   149.2416 1.2364e-01    17.9378      7.382     10.707    13.1965   999.4123 0.0000e+00
      7.554      0.075     1.9456     26.485     59.947  45.800076     0.1848      6.312   149.4862 1.2366e-01    17.9053      7.407     10.741    13.1965   999.4124 0.0000e+00
      7.580      0.075     1.9437     26.496     59.924  45.782602     0.2128      6.310   149.6436 1.2369e-01    17.8155      7.435     10.784    13.1967   999.4125 0.0000e+00
      7.602      0.074     1.9424     26.517     59.907  45.769954     0.2468      6.310   149.8538 1.2368e-01    17.6394      7.458     10.818    13.1971   999.4126 0.0000e+00
      7.617      0.072     1.9429     26.545     59.912  45.774161     0.2577      6.309   150.3071 1.2364e-01    17.5130      7.470     10.834    13.1973   999.4126 0.0000e+00
      7.629      0.069     1.9440     26.567     59.907  45.769964     0.2484      6.308   150.7368 1.2364e-01    17.4669      7.480     10.849    13.1972   999.4127 0.0000e+00
      7.645      0.068     1.9444     26.593     59.923  45.782717     0.2305      6.308   150.9191 1.2369e-01    17.3438      7.496     10.872    13.1971   999.4127 0.0000e+00
      7.664      0.068     1.9456     26.610     59.948  45.801337     0.2063      6.308   151.0480 1.2372e-01    17.1389      7.516     10.901    13.1973   999.4128 0.0000e+00
      7.684      0.069     1.9491     26.616     59.952  45.804592     0.1981      6.307   151.1774 1.2371e-01    17.0537      7.536     10.930    13.1979   999.4128 0.0000e+00
      7.703      0.069     1.9491     26.625     59.975  45.822062     0.1999      6.306   151.2785 1.2371e-01    17.0678      7.554     10.957    13.1982   999.4129 0.0000e+00
      7.720      0.064     1.9522     26.626     59.975  45.822067     0.1936      6.306   151.4966 1.2373e-01    17.1784      7.571     10.981    13.1979   999.4130 0.0000e+00
      7.738      0.057     1.9536     26.621     59.951  45.804643     0.1926      6.306   151.8360 1.2370e-01    17.4084      7.588     11.006    13.1976   999.4131 0.0000e+00
      7.754      0.050     1.9528     26.616     59.947  45.801909     0.1966      6.305   152.1986 1.2365e-01    17.5217      7.605     11.030    13.1976   999.4132 0.0000e+00
      7.766      0.045     1.9547     26.596     59.931  45.789014     0.1984      6.304   152.3525 1.2365e-01    17.4996      7.618     11.048    13.1979   999.4132 0.0000e+00
      7.773      0.041     1.9542     26.560     59.915  45.775730     0.1964      6.304   152.3197 1.2367e-01    17.4687      7.623     11.056    13.1982   999.4132 0.0000e+00
      7.778      0.040     1.9535     26.536     59.907  45.768290     0.1899      6.304   152.4043 1.2371e-01    17.4103      7.627     11.061    13.1987   999.4131 0.0000e+00
      7.787      0.043     1.9538     26.521     59.900  45.762563     0.1887      6.304   152.6021 1.2374e-01    17.3174      7.635     11.073    13.1987   999.4132 0.0000e+00
      7.799      0.049     1.9529     26.496     59.909  45.769993     0.1912      6.303   152.8178 1.2370e-01    17.2629      7.648     11.092    13.1984   999.4133 0.0000e+00
      7.813      0.057     1.9485     26.477     59.941  45.794622     0.1939      6.303   153.0343 1.2368e-01    17.2760      7.661     11.112    13.1975   999.4135 0.0000e+00
      7.828      0.063     1.9470     26.482     59.956  45.806325     0.1944      6.302   153.2406 1.2368e-01    17.3449      7.675     11.132    13.1961   999.4137 0.0000e+00
      7.846      0.068     1.9475     26.495     59.928  45.784491     0.1890      6.302   153.5047 1.2365e-01    17.4399      7.694     11.159    13.1958   999.4138 0.0000e+00
      7.867      0.069     1.9443     26.500     59.929  45.784647     0.1899      6.301   153.8188 1.2364e-01    17.5074      7.716     11.189    13.1959   999.4139 0.0000e+00
      7.887      0.069     1.9421     26.491     59.960  45.808212     0.1967      6.300   154.0268 1.2363e-01    17.5377      7.735     11.219    13.1962   999.4140 0.0000e+00
      7.905      0.066     1.9437     26.486     59.970  45.815399     0.2107      6.299   154.2126 1.2366e-01    17.5440      7.752     11.243    13.1965   999.4140 0.0000e+00
      7.920      0.061     1.9448     26.476     59.961  45.808044     0.2382      6.298   154.5169 1.2371e-01    17.5186      7.767     11.265    13.1964   999.4141 0.0000e+00
      7.935      0.056     1.9456     26.440     59.927  45.782774     0.2515      6.297   154.7803 1.2369e-01    17.4927      7.783     11.288    13.1960   999.4142 0.0000e+00
      7.949      0.053     1.9441     26.417     59.902  45.763882     0.2501      6.296   154.9888 1.2365e-01    17.5260      7.796     11.307    13.1959   999.4143 0.0000e+00
      7.960      0.052     1.9435     26.416     59.911  45.770130     0.2467      6.297   155.2306 1.2370e-01    17.6593      7.806     11.322    13.1957   999.4144 0.0000e+00
      7.970      0.053     1.9453     26.407     59.943  45.794805     0.2273      6.297   155.4671 1.2377e-01    17.8584      7.815     11.336    13.1954   999.4145 0.0000e+00
      7.983      0.056     1.9395     26.398     59.961  45.808225     0.2072      6.297   155.7830 1.2378e-01    17.9675      7.827     11.352    13.1955   999.4145 0.0000e+00
      7.998      0.061     1.9380     26.374     59.958  45.805375     0.2027      6.296   156.1251 1.2377e-01    17.9626      7.843     11.375    13.1954   999.4146 0.0000e+00
      8.014      0.067     1.9402     26.349     59.982  45.823840     0.2164      6.294   156.4196 1.2375e-01    17.7670      7.859     11.399    13.1952   999.4147 0.0000e+00
      8.032      0.075     1.9370     26.353     60.005  45.840978     0.2427      6.294   156.6766 1.2376e-01    17.4049      7.875     11.422    13.1951   999.4148 0.0000e+00
      8.051      0.081     1.9389     26.364     59.980  45.822081     0.2607      6.294   156.8241 1.2380e-01    17.2545      7.895     11.450    13.1949   999.4149 0.0000e+00
      8.073      0.083     1.9359     26.352     59.932  45.785869     0.2689      6.292   156.9986 1.2377e-01    17.2923      7.916     11.481    13.1949   999.4150 0.0000e+00
      8.097      0.082     1.9324     26.307     59.930  45.784165     0.2648      6.290   157.2372 1.2375e-01    17.2716      7.939     11.515    13.1948   999.4151 0.0000e+00
      8.122      0.077     1.9345     26.276     59.953  45.801471     0.2543      6.288   157.3866 1.2381e-01    17.2670      7.966     11.554    13.1947   999.4153 0.0000e+00
      8.146      0.071     1.9353     26.262     59.957  45.804607     0.2533      6.287   157.5133 1.2383e-01    17.3024      7.991     11.591    13.1947   999.4154 0.0000e+00
      8.162      0.065     1.9359     26.219     59.979  45.822072     0.2538      6.287   157.7371 1.2372e-01    17.3056      8.007     11.613    13.1948   999.4154 0.0000e+00
      8.171      0.060     1.9300     26.153     59.979  45.822137     0.2523      6.287   158.0281 1.2367e-01    17.3054      8.014     11.623    13.1948   999.4154 0.0000e+00
      8.180      0.058     1.9276     26.100     59.957  45.805390     0.2425      6.286   158.2776 1.2373e-01    17.3987      8.020     11.632    13.1948   999.4155 0.0000e+00
      8.193      0.058     1.9291     26.055     59.963  45.810099     0.2222      6.284   158.5174 1.2378e-01    17.5814      8.032     11.650    13.1948   999.4155 0.0000e+00
      8.211      0.062     1.9253     26.024     59.970  45.815573     0.2062      6.284   158.8621 1.2378e-01    17.6784      8.052     11.678    13.1951   999.4156 0.0000e+00
      8.231      0.067     1.9185     26.031     59.960  45.808070     0.1972      6.285   159.1758 1.2373e-01    17.6872      8.074     11.709    13.1953   999.4157 0.0000e+00
