Data/DataNotYetUploadedToEDI/Raw_CTD/RawDownloads/101119_fcr20.cnv
* Sea-Bird SBE19plus  Data File:
* FileName = C:\DATA\101619_unknown_0006.hex
* Software version 2.8.0.119 SB_Terminal.dll
* Temperature SN = 7809
* Conductivity SN = 7809
* System UpLoad Time = Oct 16 2019 07:56:48
* <ApplicationData>
* <Seaterm232>
# nquan = 16
# nvalues = 358                         
# units = specified
# name 0 = depFM: Depth [fresh water, m]
# name 1 = dz/dtM: Descent Rate [m/s]
# name 2 = sbeox0ML/L: Oxygen, SBE 43 [ml/l]
# name 3 = sbeox0PS: Oxygen, SBE 43 [% saturation]
# name 4 = specc: Specific Conductance [uS/cm]
# name 5 = c0uS/cm: Conductivity [uS/cm]
# name 6 = flECO-AFL: Fluorescence, WET Labs ECO-AFL/FL [mg/m^3]
# name 7 = ph: pH
# name 8 = orp: Oxidation Reduction Potential [mV]
# name 9 = par/sat/log: PAR/Logarithmic, Satlantic
# name 10 = turbWETntu0: Turbidity, WET Labs ECO [NTU]
# name 11 = prdM: Pressure, Strain Gauge [db]
# name 12 = prdE: Pressure, Strain Gauge [psi]
# name 13 = tv290C: Temperature [ITS-90, deg C]
# name 14 = density00: Density [density, kg/m^3]
# name 15 = flag:  0.000e+00
# span 0 =     -0.521,      3.644       
# span 1 =     -0.005,      0.181       
# span 2 =     3.6745,     6.2648       
# span 3 =     58.255,     99.561       
# span 4 =     31.760,     42.385       
# span 5 =  29.140470,  37.440424       
# span 6 =    -0.1341,    78.0169       
# span 7 =      7.100,      8.857       
# span 8 =   -75.5830,   216.9896       
# span 9 = 1.2365e-01, 1.3764e+03       
# span 10 =    -0.3944,    41.4439      
# span 11 =     -0.518,      3.574      
# span 12 =     -0.752,      5.183      
# span 13 =    18.5359,    20.9695      
# span 14 =   998.0064,   998.5303      
# span 15 = 0.0000e+00, 0.0000e+00      
# interval = seconds: 0.25
# start_time = Oct 11 2019 12:42:57 [Instrument's time stamp, header]
# bad_flag = -9.990e-29
*END*
[from data line 91]
      0.301      0.023     4.0334     61.982     40.956  37.133374     1.7042      8.127   193.0899 4.1583e+02     9.7734      0.293      0.426    20.3285   998.1574 0.0000e+00
      0.308      0.030     3.9979     61.653     40.982  37.156453     1.7088      8.119   193.3802 3.9782e+02    10.0151      0.300      0.435    20.3304   998.1570 0.0000e+00
      0.319      0.036     3.9667     61.361     41.011  37.182863     1.7070      8.110   193.8274 4.2865e+02    10.1435      0.313      0.454    20.3311   998.1569 0.0000e+00
      0.332      0.041     3.9394     61.112     41.027  37.198793     1.6999      8.094   194.1948 4.4736e+02    10.1136      0.325      0.472    20.3298   998.1572 0.0000e+00
      0.344      0.041     3.9165     60.901     41.051  37.222111     1.7014      8.071   194.4672 4.4926e+02    10.0465      0.337      0.489    20.3278   998.1577 0.0000e+00
      0.357      0.039     3.8959     60.694     41.037  37.210902     1.7164      8.050   194.8837 4.2524e+02     9.9879      0.349      0.506    20.3275   998.1578 0.0000e+00
      0.368      0.037     3.8769     60.449     41.013  37.190217     1.7253      8.028   195.3592 3.9606e+02     9.9619      0.363      0.526    20.3282   998.1577 0.0000e+00
      0.374      0.036     3.8613     60.155     41.052  37.225908     1.7228      8.001   195.6574 4.0927e+02     9.9291      0.369      0.535    20.3286   998.1577 0.0000e+00
      0.377      0.032     3.8487     59.846     41.090  37.261589     1.7464      7.973   195.8215 4.4009e+02     9.9513      0.367      0.533    20.3314   998.1571 0.0000e+00
      0.386      0.026     3.8364     59.562     41.067  37.240787     1.8029      7.954   196.0522 4.4714e+02    10.0999      0.375      0.545    20.3340   998.1566 0.0000e+00
      0.399      0.019     3.8215     59.306     41.051  37.228297     1.8330      7.950   196.2959 4.5059e+02    10.2180      0.393      0.569    20.3345   998.1565 0.0000e+00
      0.408      0.014     3.8016     59.076     41.047  37.237524     1.8243      7.955   196.4453 4.7771e+02    10.2324      0.403      0.584    20.3356   998.1563 0.0000e+00
      0.408      0.009     3.7806     58.859     41.013  37.225420     1.8018      7.961   196.6531 4.9804e+02    10.1094      0.401      0.583    20.3371   998.1560 0.0000e+00
      0.403      0.005     3.7635     58.651     40.980  37.208927     1.7782      7.966   197.0017 5.0309e+02     9.8455      0.394      0.571    20.3353   998.1563 0.0000e+00
      0.400      0.005     3.7471     58.490     40.927  37.165080     1.7644      7.966   197.5642 4.9496e+02     9.6960      0.391      0.568    20.3334   998.1568 0.0000e+00
      0.399      0.013     3.7314     58.360     40.832  37.076123     1.7739      7.960   198.2049 4.5543e+02     9.7445      0.391      0.567    20.3503   998.1533 0.0000e+00
      0.402      0.028     3.7169     58.260     40.780  37.021997     1.8578      7.950   198.6399 4.4053e+02     9.9395      0.394      0.571    20.3820   998.1465 0.0000e+00
      0.409      0.045     3.6996     58.255     40.788  37.018431     1.9894      7.944   199.0375 4.4780e+02    10.2187      0.399      0.579    20.3993   998.1429 0.0000e+00
      0.422      0.060     3.6908     58.367     40.823  37.032989     2.0557      7.939   199.5715 4.5727e+02    10.3675      0.408      0.592    20.4008   998.1427 0.0000e+00
      0.446      0.071     3.6836     58.627     40.889  37.071045     2.0705      7.930   200.1060 4.7343e+02    10.3624      0.437      0.634    20.3980   998.1433 0.0000e+00
      0.472      0.075     3.6745     59.083     40.939  37.097690     2.0811      7.920   200.4225 4.5862e+02    10.3214      0.466      0.675    20.3888   998.1455 0.0000e+00
      0.495      0.073     3.6763     59.731     40.954  37.101222     2.1063      7.914   200.6457 4.1827e+02    10.1986      0.485      0.703    20.3758   998.1482 0.0000e+00
      0.515      0.067     3.6836     60.553     40.973  37.113733     2.1590      7.912   200.9987 3.8074e+02    10.0249      0.507      0.736    20.3572   998.1522 0.0000e+00
      0.530      0.058     3.7006     61.504     40.987  37.122001     2.1889      7.911   201.3345 3.7748e+02     9.9581      0.522      0.758    20.3255   998.1590 0.0000e+00
      0.540      0.052     3.7322     62.455     40.942  37.074239     2.1906      7.907   201.6089 3.8679e+02     9.9485      0.530      0.769    20.2982   998.1648 0.0000e+00
      0.548      0.050     3.7743     63.276     40.642  36.790134     2.1623      7.900   201.8204 3.7069e+02     9.9087      0.537      0.779    20.2884   998.1669 0.0000e+00
      0.557      0.050     3.8269     63.957     40.059  36.225826     2.0978      7.892   202.0849 3.4849e+02     9.8705      0.545      0.790    20.2843   998.1677 0.0000e+00
      0.571      0.054     3.8905     64.624     39.674  35.773312     2.0605      7.883   202.4847 3.3541e+02     9.8794      0.558      0.810    20.2808   998.1685 0.0000e+00
      0.589      0.059     3.9556     65.785     39.714  35.634779     2.0587      7.874   202.7822 3.2972e+02     9.9514      0.579      0.840    20.2755   998.1697 0.0000e+00
      0.606      0.066     4.0075     68.217     39.901  35.629596     2.0582      7.865   203.0152 3.2649e+02    10.2159      0.594      0.862    20.2596   998.1730 0.0000e+00
      0.622      0.075     4.0510     71.989     40.057  35.646927     2.0644      7.851   203.2357 3.2079e+02    10.6199      0.608      0.883    20.2453   998.1758 0.0000e+00
      0.638      0.085     4.0941     76.332     40.149  35.653757     2.0728      7.835   203.2977 3.0659e+02    10.8048      0.627      0.910    20.1262   998.2005 0.0000e+00
      0.657      0.094     4.1633     80.542     40.196  35.648615     2.0807      7.822   203.3349 2.8284e+02    10.7801      0.640      0.930    19.8523   998.2571 0.0000e+00
      0.683      0.102     4.3366     84.218     40.229  35.648169     2.1605      7.810   203.5129 2.6386e+02    10.5176      0.665      0.965    19.6121   998.3061 0.0000e+00
      0.719      0.109     4.6182     87.060     40.251  35.648327     2.3001      7.799   203.7292 2.4674e+02    10.0242      0.706      1.024    19.4716   998.3346 0.0000e+00
      0.752      0.115     4.9208     88.874     40.267  35.650488     2.3651      7.789   203.8861 2.2707e+02     9.7292      0.741      1.075    19.3847   998.3523 0.0000e+00
      0.779      0.120     5.2038     89.567     40.235  35.610818     2.3739      7.783   204.0334 2.1186e+02     9.6712      0.763      1.106    19.3327   998.3627 0.0000e+00
      0.805      0.122     5.4529     89.217     40.183  35.549485     2.4322      7.779   204.3048 1.9797e+02     9.8807      0.788      1.142    19.2970   998.3700 0.0000e+00
      0.836      0.123     5.6425     88.219     40.193  35.543591     2.5240      7.775   204.6719 1.8306e+02    10.3605      0.820      1.189    19.2757   998.3744 0.0000e+00
      0.871      0.124     5.7627     87.050     40.203  35.539540     2.5648      7.768   204.9454 1.7004e+02    10.6224      0.854      1.238    19.2630   998.3770 0.0000e+00
      0.905      0.126     5.8098     85.940     40.171  35.500483     2.5532      7.759   205.1163 1.5965e+02    10.6229      0.889      1.289    19.2505   998.3797 0.0000e+00
      0.937      0.127     5.7785     84.960     40.129  35.452158     2.5568      7.750   205.2756 1.4990e+02    10.5959      0.919      1.333    19.2306   998.3837 0.0000e+00
      0.968      0.126     5.7027     84.136     40.083  35.399518     2.6603      7.742   205.4948 1.4035e+02    10.4266      0.949      1.377    19.2091   998.3881 0.0000e+00
      1.000      0.124     5.6260     83.491     40.064  35.371767     2.8328      7.736   205.8738 1.3155e+02    10.1488      0.981      1.423    19.1936   998.3913 0.0000e+00
      1.032      0.122     5.5540     83.086     40.074  35.370482     2.9176      7.732   206.2449 1.2330e+02     9.9897      1.012      1.468    19.1826   998.3936 0.0000e+00
      1.064      0.121     5.4915     82.956     40.098  35.383976     2.9144      7.727   206.3674 1.1590e+02     9.9127      1.043      1.513    19.1692   998.3965 0.0000e+00
      1.095      0.118     5.4399     83.065     40.133  35.407970     2.8984      7.717   206.4086 1.0940e+02     9.7100      1.074      1.557    19.1539   998.3996 0.0000e+00
      1.125      0.115     5.3983     83.381     40.137  35.406701     2.8797      7.705   206.5710 1.0308e+02     9.4388      1.103      1.600    19.1383   998.4028 0.0000e+00
      1.154      0.112     5.3716     83.857     40.098  35.368622     2.8707      7.691   206.7827 9.7379e+01     9.3213      1.131      1.641    19.1251   998.4055 0.0000e+00
      1.182      0.109     5.3660     84.325     40.062  35.328367     2.8678      7.676   206.9030 9.2298e+01     9.2720      1.160      1.682    19.1170   998.4073 0.0000e+00
      1.209      0.106     5.3751     84.633     40.047  35.300787     2.8532      7.662   206.9927 8.7503e+01     9.2034      1.186      1.720    19.1091   998.4089 0.0000e+00
      1.235      0.104     5.3951     84.713     40.053  35.289022     2.8242      7.651   207.1793 8.3121e+01     9.1467      1.211      1.756    19.1013   998.4106 0.0000e+00
      1.262      0.104     5.4323     84.489     40.098  35.313029     2.8027      7.643   207.4382 7.9014e+01     9.0782      1.238      1.795    19.0992   998.4111 0.0000e+00
      1.287      0.105     5.4669     83.893     40.142  35.337159     2.8094      7.637   207.7132 7.5291e+01     9.0641      1.263      1.832    19.0927   998.4125 0.0000e+00
      1.312      0.107     5.4896     82.968     40.145  35.326879     2.8887      7.629   207.9236 7.1852e+01     9.3369      1.286      1.865    19.0710   998.4169 0.0000e+00
      1.339      0.109     5.4996     81.847     40.139  35.315653     3.0250      7.622   208.0893 6.8109e+01     9.8528      1.312      1.902    19.0468   998.4217 0.0000e+00
      1.369      0.111     5.4893     80.612     40.150  35.328357     3.1042      7.614   208.2540 6.4261e+01    10.1570      1.343      1.947    19.0291   998.4254 0.0000e+00
      1.399      0.112     5.4519     79.337     40.176  35.353537     3.1179      7.606   208.3663 6.0743e+01    10.1955      1.373      1.991    19.0107   998.4291 0.0000e+00
      1.428      0.113     5.3890     78.167     40.196  35.366231     3.1568      7.599   208.5009 5.7569e+01    10.2205      1.402      2.033    18.9915   998.4330 0.0000e+00
      1.456      0.113     5.3163     77.242     40.196  35.354892     3.2362      7.592   208.6778 5.4597e+01    10.2957      1.428      2.071    18.9831   998.4348 0.0000e+00
      1.484      0.112     5.2346     76.613     40.195  35.343364     3.2891      7.584   208.7834 5.1709e+01    10.3503      1.455      2.111    18.9903   998.4335 0.0000e+00
      1.513      0.111     5.1464     76.204     40.216  35.353771     3.2932      7.579   208.9180 4.9061e+01    10.3565      1.484      2.152    18.9989   998.4320 0.0000e+00
      1.541      0.110     5.0683     75.912     40.222  35.353773     3.2763      7.572   209.1861 4.6496e+01    10.3376      1.510      2.191    18.9911   998.4336 0.0000e+00
      1.571      0.111     5.0080     75.663     40.214  35.343378     3.2157      7.563   209.4443 4.4017e+01    10.2536      1.541      2.236    18.9725   998.4373 0.0000e+00
      1.599      0.115     4.9718     75.440     40.231  35.355022     3.1064      7.555   209.6307 4.1977e+01    10.1271      1.570      2.277    18.9582   998.4403 0.0000e+00
      1.624      0.121     4.9483     75.264     40.247  35.367621     3.0388      7.549   209.8042 4.0033e+01    10.0866      1.592      2.307    18.9497   998.4421 0.0000e+00
      1.651      0.126     4.9316     75.106     40.250  35.368767     3.0305      7.544   209.9080 3.7623e+01    10.1233      1.616      2.343    18.9440   998.4433 0.0000e+00
      1.686      0.131     4.9168     74.938     40.251  35.368870     2.9287      7.539   210.0253 3.4909e+01     9.9809      1.652      2.396    18.9391   998.4444 0.0000e+00
      1.726      0.132     4.9006     74.789     40.253  35.368870     2.7181      7.533   210.1897 3.2328e+01     9.6434      1.693      2.455    18.9349   998.4454 0.0000e+00
      1.765      0.127     4.8912     74.732     40.255  35.368758     2.5993      7.528   210.2608 3.0049e+01     9.4513      1.732      2.512    18.9327   998.4460 0.0000e+00
      1.801      0.117     4.8814     74.780     40.255  35.367509     2.5937      7.524   210.2823 2.8206e+01     9.4608      1.768      2.565    18.9328   998.4462 0.0000e+00
      1.831      0.102     4.8704     74.846     40.240  35.353766     2.5901      7.522   210.2782 2.6911e+01     9.4300      1.798      2.607    18.9315   998.4466 0.0000e+00
      1.853      0.090     4.8585     74.872     40.213  35.329533     2.5727      7.521   210.2969 2.6059e+01     9.3086      1.819      2.638    18.9283   998.4473 0.0000e+00
      1.868      0.082     4.8542     74.898     40.212  35.328388     2.5572      7.517   210.4224 2.5421e+01     9.2390      1.833      2.659    18.9255   998.4479 0.0000e+00
      1.882      0.081     4.8607     74.958     40.226  35.339917     2.5493      7.512   210.5918 2.4667e+01     9.2763      1.844      2.674    18.9239   998.4483 0.0000e+00
      1.898      0.086     4.8669     75.037     40.229  35.341997     2.5644      7.505   210.7957 2.3649e+01     9.4323      1.859      2.697    18.9237   998.4484 0.0000e+00
      1.920      0.095     4.8667     75.103     40.243  35.353527     2.6008      7.496   211.0811 2.2491e+01     9.6169      1.881      2.729    18.9237   998.4485 0.0000e+00
      1.947      0.102     4.8671     75.134     40.242  35.352381     2.6161      7.486   211.2032 2.1192e+01     9.6732      1.906      2.765    18.9231   998.4487 0.0000e+00
      1.980      0.105     4.8723     75.157     40.215  35.328148     2.6116      7.477   211.1539 1.9796e+01     9.6546      1.940      2.814    18.9221   998.4491 0.0000e+00
      2.015      0.102     4.8778     75.216     40.199  35.314406     2.6322      7.471   211.1736 1.8603e+01     9.7194      1.978      2.869    18.9213   998.4494 0.0000e+00
      2.044      0.095     4.8833     75.266     40.198  35.313157     2.6671      7.467   211.1831 1.7838e+01     9.8667      2.009      2.913    18.9207   998.4496 0.0000e+00
      2.064      0.086     4.8846     75.248     40.197  35.313053     2.6776      7.464   211.1821 1.7335e+01     9.9279      2.025      2.937    18.9200   998.4499 0.0000e+00
      2.079      0.078     4.8840     75.210     40.197  35.313146     2.6721      7.463   211.2480 1.6815e+01     9.9026      2.038      2.956    18.9194   998.4500 0.0000e+00
      2.095      0.074     4.8895     75.217     40.197  35.314289     2.6963      7.461   211.4640 1.6280e+01     9.8560      2.055      2.980    18.9192   998.4501 0.0000e+00
      2.111      0.074     4.8956     75.280     40.210  35.326868     2.7538      7.459   211.7288 1.5740e+01     9.7910      2.070      3.002    18.9189   998.4503 0.0000e+00
      2.130      0.079     4.8919     75.409     40.223  35.338294     2.7855      7.456   211.8674 1.5149e+01     9.7381      2.088      3.028    18.9194   998.4502 0.0000e+00
      2.151      0.085     4.8873     75.606     40.208  35.325506     2.7859      7.451   211.9364 1.4523e+01     9.6753      2.109      3.059    18.9212   998.4500 0.0000e+00
      2.175      0.092     4.8883     75.838     40.178  35.299183     2.7842      7.445   212.0461 1.3892e+01     9.6217      2.132      3.094    18.9228   998.4498 0.0000e+00
      2.200      0.099     4.8917     76.066     40.149  35.273910     2.7817      7.437   212.2472 1.3283e+01     9.6803      2.158      3.130    18.9241   998.4496 0.0000e+00
