Data/DataNotYetUploadedToEDI/Raw_CTD/RawDownloads/101119_fcr30.cnv
* Sea-Bird SBE19plus  Data File:
* FileName = C:\DATA\101619_unknown_0007.hex
* Software version 2.8.0.119 SB_Terminal.dll
* Temperature SN = 7809
* Conductivity SN = 7809
* System UpLoad Time = Oct 16 2019 07:57:06
* <ApplicationData>
* <Seaterm232>
# nquan = 16
# nvalues = 423                         
# units = specified
# name 0 = depFM: Depth [fresh water, m]
# name 1 = dz/dtM: Descent Rate [m/s]
# name 2 = sbeox0ML/L: Oxygen, SBE 43 [ml/l]
# name 3 = sbeox0PS: Oxygen, SBE 43 [% saturation]
# name 4 = specc: Specific Conductance [uS/cm]
# name 5 = c0uS/cm: Conductivity [uS/cm]
# name 6 = flECO-AFL: Fluorescence, WET Labs ECO-AFL/FL [mg/m^3]
# name 7 = ph: pH
# name 8 = orp: Oxidation Reduction Potential [mV]
# name 9 = par/sat/log: PAR/Logarithmic, Satlantic
# name 10 = turbWETntu0: Turbidity, WET Labs ECO [NTU]
# name 11 = prdM: Pressure, Strain Gauge [db]
# name 12 = prdE: Pressure, Strain Gauge [psi]
# name 13 = tv290C: Temperature [ITS-90, deg C]
# name 14 = density00: Density [density, kg/m^3]
# name 15 = flag:  0.000e+00
# span 0 =     -0.541,      5.456       
# span 1 =     -0.021,      0.283       
# span 2 =    -1.0075,     6.3800       
# span 3 =    -14.025,     99.723       
# span 4 =      4.500,    113.559       
# span 5 =   3.992361,  95.772486       
# span 6 =    -1.2853,     4.3225       
# span 7 =      6.479,      7.848       
# span 8 =    35.7898,   312.0912       
# span 9 = 1.2357e-01, 1.3186e+03       
# span 10 =    -0.0087,    15.6801      
# span 11 =     -0.532,      5.352      
# span 12 =     -0.772,      7.762      
# span 13 =    13.1740,    20.2228      
# span 14 =   998.1777,   999.4055      
# span 15 = 0.0000e+00, 0.0000e+00      
# interval = seconds: 0.25
# start_time = Oct 11 2019 12:49:43 [Instrument's time stamp, header]
# bad_flag = -9.990e-29
*END*
[from data line 272]
      2.981      0.077     4.6287     71.743     40.219  35.342229     2.3889      6.987   196.0855 2.3252e+00     9.2412      2.924      4.242    18.9415   998.4498 0.0000e+00
      2.998      0.083     4.6385     71.822     40.237  35.356058     2.4356      6.982   196.4514 2.2769e+00     9.2472      2.942      4.267    18.9388   998.4504 0.0000e+00
      3.010      0.093     4.6489     71.888     40.268  35.380207     2.4332      6.979   196.5021 2.2287e+00     9.2702      2.954      4.284    18.9361   998.4510 0.0000e+00
      3.025      0.104     4.6570     71.937     40.275  35.380322     2.4032      6.977   196.4403 2.1478e+00     9.3890      2.961      4.295    18.9337   998.4515 0.0000e+00
      3.053      0.114     4.6628     71.976     40.259  35.357452     2.3511      6.976   196.4788 1.9907e+00     9.6010      2.987      4.331    18.9324   998.4518 0.0000e+00
      3.097      0.119     4.6680     71.998     40.269  35.357550     2.3230      6.976   196.4505 1.8072e+00     9.7044      3.040      4.409    18.9315   998.4523 0.0000e+00
      3.141      0.116     4.6728     71.966     40.304  35.381493     2.3156      6.976   196.3563 1.6952e+00     9.6879      3.085      4.475    18.9278   998.4532 0.0000e+00
      3.175      0.104     4.6767     71.863     40.322  35.393053     2.2790      6.976   196.2860 1.6324e+00     9.4677      3.114      4.517    18.9192   998.4551 0.0000e+00
      3.200      0.086     4.6799     71.697     40.296  35.370382     2.2266      6.979   196.2893 1.5829e+00     9.0744      3.141      4.556    18.9082   998.4573 0.0000e+00
      3.215      0.071     4.6841     71.502     40.283  35.361253     2.2030      6.979   196.3956 1.5680e+00     8.8648      3.158      4.579    18.8974   998.4595 0.0000e+00
      3.220      0.063     4.6830     71.327     40.339  35.409627     2.1922      6.977   196.4527 1.5736e+00     8.8336      3.159      4.581    18.8871   998.4615 0.0000e+00
      3.224      0.061     4.6768     71.184     40.390  35.447502     2.1738      6.976   196.3781 1.5586e+00     8.7963      3.157      4.580    18.8801   998.4629 0.0000e+00
      3.239      0.063     4.6653     71.060     40.387  35.438368     2.1376      6.976   196.2680 1.5001e+00     8.7742      3.171      4.599    18.8825   998.4625 0.0000e+00
      3.266      0.066     4.6499     70.956     40.376  35.426116     2.0916      6.976   196.2399 1.4166e+00     8.7953      3.203      4.646    18.8894   998.4613 0.0000e+00
      3.293      0.068     4.6390     70.877     40.379  35.426303     2.0690      6.977   196.2968 1.3520e+00     8.7895      3.234      4.691    18.8883   998.4616 0.0000e+00
      3.311      0.064     4.6309     70.801     40.400  35.440630     2.0633      6.979   196.2664 1.3160e+00     8.7695      3.249      4.712    18.8772   998.4639 0.0000e+00
      3.323      0.055     4.6242     70.713     40.439  35.472390     2.0148      6.980   196.1307 1.2856e+00     8.6841      3.257      4.725    18.8654   998.4662 0.0000e+00
      3.334      0.047     4.6166     70.648     40.535  35.556428     1.9238      6.981   196.1193 1.2528e+00     8.4781      3.271      4.744    18.8659   998.4661 0.0000e+00
      3.343      0.044     4.6124     70.602     40.771  35.758553     1.8823      6.981   196.2153 1.2452e+00     8.3765      3.280      4.758    18.8660   998.4662 0.0000e+00
      3.349      0.046     4.6096     70.525     41.006  35.948675     1.8864      6.981   196.2582 1.2496e+00     8.4053      3.283      4.761    18.8548   998.4684 0.0000e+00
      3.359      0.050     4.6021     70.395     41.034  35.951035     1.8691      6.979   196.2935 1.2223e+00     8.4991      3.291      4.773    18.8517   998.4690 0.0000e+00
      3.374      0.054     4.5974     70.185     40.943  35.850526     1.8383      6.979   196.2982 1.1769e+00     8.6584      3.309      4.798    18.8580   998.4679 0.0000e+00
      3.392      0.059     4.5970     69.849     40.848  35.748938     1.8163      6.979   196.2295 1.1359e+00     8.7590      3.327      4.824    18.8539   998.4689 0.0000e+00
      3.410      0.063     4.5936     69.319     40.788  35.674779     1.8123      6.978   196.1514 1.1044e+00     8.7973      3.345      4.852    18.8321   998.4733 0.0000e+00
      3.427      0.063     4.5887     68.564     40.790  35.652034     1.8071      6.976   196.1271 1.0790e+00     8.7286      3.362      4.878    18.8014   998.4793 0.0000e+00
      3.441      0.061     4.5789     67.697     40.825  35.664304     1.7716      6.975   196.1079 1.0520e+00     8.5834      3.372      4.891    18.7733   998.4848 0.0000e+00
      3.457      0.059     4.5597     66.881     40.871  35.696176     1.7461      6.975   196.0922 1.0227e+00     8.5489      3.388      4.914    18.7553   998.4883 0.0000e+00
      3.473      0.058     4.5302     66.183     40.978  35.783500     1.7598      6.975   196.1087 9.9732e-01     8.5737      3.408      4.944    18.7305   998.4931 0.0000e+00
      3.485      0.061     4.4803     65.652     41.628  36.339295     1.8072      6.972   196.1357 9.6876e-01     8.4902      3.418      4.958    18.6937   998.5003 0.0000e+00
      3.498      0.069     4.4208     65.316     45.425  39.623458     1.8677      6.967   196.1617 9.2333e-01     8.2928      3.429      4.973    18.6702   998.5048 0.0000e+00
      3.513      0.080     4.3678     65.108     57.688  50.224838     1.8923      6.957   196.1645 8.8477e-01     8.1543      3.445      4.997    18.6629   998.5063 0.0000e+00
      3.533      0.093     4.3215     64.871     76.642  66.512803     1.8885      6.943   196.1688 8.5703e-01     8.1266      3.463      5.022    18.6604   998.5068 0.0000e+00
      3.558      0.106     4.2857     64.206     92.485  79.925773     1.9003      6.923   196.0413 8.1449e-01     8.1215      3.487      5.057    18.6489   998.5093 0.0000e+00
      3.591      0.114     4.2685     62.040    101.005  86.899598     1.9223      6.901   195.7414 7.5289e-01     8.1257      3.519      5.104    18.6262   998.5139 0.0000e+00
      3.628      0.115     4.2611     56.681    103.943  89.062868     1.9367      6.877   195.4680 6.8689e-01     8.1440      3.558      5.160    18.5771   998.5275 0.0000e+00
      3.664      0.113     4.2644     47.515    104.863  89.538282     1.9528      6.849   194.5430 6.4217e-01     8.1457      3.595      5.214    18.4422   998.5619 0.0000e+00
      3.695      0.111     4.2592     35.854    106.933  91.056306     1.9531      6.814   191.7846 6.2069e-01     8.0811      3.626      5.261    18.2255   998.6084 0.0000e+00
      3.716      0.110     4.1864     23.257    109.881  93.351298     1.9230      6.772   187.0672 6.0474e-01     7.7894      3.646      5.289    18.0108   998.6513 0.0000e+00
      3.733      0.112     3.8737     11.048    112.185  95.073309     1.8924      6.729   182.1598 5.7629e-01     7.3713      3.657      5.305    17.8288   998.6854 0.0000e+00
      3.757      0.117     3.2203      0.629    113.333  95.772486     1.8863      6.691   178.3096 5.3745e-01     7.2199      3.679      5.336    17.6760   998.7130 0.0000e+00
      3.792      0.122     2.4144     -7.226    113.508  95.629837     1.9102      6.661   173.8975 5.0922e-01     7.2702      3.716      5.391    17.5666   998.7339 0.0000e+00
      3.832      0.122     1.5536    -12.146    113.401  95.257963     2.1814      6.636   167.8752 4.8134e-01     7.3569      3.759      5.452    17.4810   998.7507 0.0000e+00
      3.872      0.115     0.6907    -14.025    113.541  95.159043     2.6857      6.617   159.8716 4.4114e-01     7.4817      3.798      5.510    17.3777   998.7702 0.0000e+00
      3.906      0.102    -0.0180    -13.525    113.559  95.070120     2.9619      6.602   150.7758 4.0921e-01     7.5013      3.834      5.562    17.2510   998.7932 0.0000e+00
      3.930      0.089    -0.5547    -11.690    113.313  94.819254     2.9800      6.588   143.4213 3.9836e-01     7.3969      3.860      5.598    17.1199   998.8164 0.0000e+00
      3.941      0.081    -0.9005     -9.397    113.034  94.481125     2.9568      6.574   138.0601 3.9311e-01     7.2361      3.867      5.609    16.9873   998.8393 0.0000e+00
      3.947      0.080    -1.0075     -7.187    112.678  93.973542     2.9331      6.562   133.5327 3.8526e-01     7.0642      3.867      5.608    16.8788   998.8583 0.0000e+00
      3.961      0.084    -0.9470     -5.252    112.293  93.392291     2.9359      6.552   129.4646 3.7642e-01     6.9895      3.879      5.626    16.8416   998.8648 0.0000e+00
      3.989      0.089    -0.8022     -3.621    112.034  92.927146     2.9562      6.545   125.4394 3.5267e-01     6.9881      3.908      5.669    16.8496   998.8633 0.0000e+00
      4.024      0.093    -0.6329     -2.294    111.754  92.486571     3.1176      6.541   120.8289 3.1382e-01     6.8837      3.948      5.726    16.8099   998.8703 0.0000e+00
      4.057      0.096    -0.4820     -1.248    111.069  91.756799     3.4221      6.536   114.7599 2.8457e-01     6.6777      3.984      5.777    16.7020   998.8888 0.0000e+00
      4.081      0.097    -0.3512     -0.455    109.234  90.086252     3.5866      6.530   108.0717 2.7260e-01     6.5620      4.005      5.807    16.5773   998.9099 0.0000e+00
      4.096      0.099    -0.2399      0.146    106.739  87.816588     3.5980      6.525   102.3403 2.6598e-01     6.5332      4.016      5.825    16.4617   998.9293 0.0000e+00
      4.111      0.101    -0.1509      0.624    105.560  86.524152     3.6811      6.521    96.9134 2.5671e-01     6.3950      4.029      5.843    16.3668   998.9452 0.0000e+00
      4.134      0.101    -0.0792      1.002    105.925  86.422787     3.8459      6.518    91.3263 2.4069e-01     6.1692      4.048      5.871    16.2996   998.9564 0.0000e+00
      4.170      0.101    -0.0264      1.311    106.631  86.654137     3.9433      6.515    85.6365 2.2585e-01     6.0645      4.087      5.928    16.2401   998.9657 0.0000e+00
      4.210      0.098     0.0123      1.571    105.721  85.757580     3.9649      6.513    79.6560 2.1834e-01     6.0795      4.135      5.996    16.1517   998.9792 0.0000e+00
      4.239      0.094     0.0459      1.773    100.641  81.626640     4.0031      6.512    74.6844 2.0318e-01     5.9905      4.163      6.038    15.9981   999.0041 0.0000e+00
      4.253      0.091     0.0711      1.928     93.865  76.021489     4.0586      6.511    71.1263 1.8383e-01     5.7416      4.174      6.054    15.7815   999.0393 0.0000e+00
      4.262      0.087     0.0919      2.056     90.007  72.562259     4.0815      6.510    67.7818 1.7690e-01     5.5613      4.178      6.060    15.5947   999.0693 0.0000e+00
      4.277      0.083     0.1114      2.156     88.193  70.710348     4.0712      6.508    64.1020 1.7044e-01     5.5475      4.187      6.074    15.5153   999.0823 0.0000e+00
      4.306      0.080     0.1246      2.234     86.712  69.207725     4.0819      6.508    60.0170 1.5552e-01     5.5412      4.221      6.121    15.5736   999.0711 0.0000e+00
      4.340      0.079     0.1347      2.291     86.313  68.635657     4.1505      6.509    55.9891 1.3958e-01     5.4534      4.261      6.180    15.5576   999.0703 0.0000e+00
      4.365      0.077     0.1451      2.346     84.285  66.844841     4.2325      6.512    52.7422 1.2983e-01     5.3705      4.285      6.215    15.3053   999.1089 0.0000e+00
      4.378      0.074     0.1522      2.398     77.495  61.346880     4.2670      6.517    50.3563 1.2586e-01     5.3574      4.295      6.229    15.0572   999.1467 0.0000e+00
      4.386      0.071     0.1588      2.428     71.087  56.119691     4.2566      6.525    48.5654 1.2471e-01     5.3605      4.299      6.236    14.8942   999.1702 0.0000e+00
      4.398      0.070     0.1625      2.440     69.564  54.674312     4.2532      6.532    46.9196 1.2522e-01     5.3107      4.309      6.250    14.7450   999.1926 0.0000e+00
      4.418      0.071     0.1664      2.440     69.122  54.101075     4.2871      6.538    45.2560 1.2449e-01     5.2458      4.330      6.281    14.6261   999.2105 0.0000e+00
      4.444      0.072     0.1718      2.431     67.666  52.809096     4.3186      6.543    43.6802 1.2378e-01     5.2309      4.358      6.320    14.5868   999.2129 0.0000e+00
      4.469      0.069     0.1733      2.426     66.444  51.758425     4.3225      6.548    41.8912 1.2373e-01     5.2298      4.386      6.362    14.5043   999.2218 0.0000e+00
      4.489      0.063     0.1753      2.459     64.060  49.846360     4.3170      6.553    39.9725 1.2373e-01     5.1672      4.405      6.389    14.2861   999.2538 0.0000e+00
      4.500      0.054     0.1755      2.574     61.171  47.538511     4.3126      6.556    38.4634 1.2377e-01     5.0966      4.414      6.402    14.1029   999.2798 0.0000e+00
      4.508      0.044     0.1755      2.839     60.512  46.909987     4.3043      6.558    37.3247 1.2376e-01     5.1306      4.421      6.412    14.0084   999.2919 0.0000e+00
      4.515      0.035     0.1742      3.348     62.104  48.026442     4.3029      6.559    36.2710 1.2369e-01     5.2170      4.427      6.420    13.9310   999.3030 0.0000e+00
      4.525      0.028     0.1757      4.124     64.009  49.478346     4.2879      6.560    35.7898 1.2368e-01     5.2570      4.437      6.435    13.8979   999.3065 0.0000e+00
      4.535      0.023     0.1831      5.207     64.480  49.920545     4.2354      6.561    36.3255 1.2369e-01     5.2207      4.449      6.453    13.8830   999.3069 0.0000e+00
      4.541      0.020     0.1983      6.659     63.884  49.562491     4.1969      6.563    37.2419 1.2367e-01     5.1708      4.455      6.462    13.7611   999.3237 0.0000e+00
      4.541      0.020     0.2372      8.387     62.687  48.706163     4.1873      6.564    38.0929 1.2367e-01     5.1781      4.454      6.460    13.6280   999.3424 0.0000e+00
      4.541      0.024     0.2927     10.103     60.961  47.378915     4.1794      6.566    38.8714 1.2371e-01     5.3090      4.452      6.458    13.6141   999.3453 0.0000e+00
      4.544      0.032     0.3674     11.514     59.647  46.280394     4.1709      6.567    39.3422 1.2376e-01     5.5413      4.454      6.459    13.7024   999.3333 0.0000e+00
      4.553      0.043     0.4737     12.518     59.276  45.839184     4.1538      6.568    39.5691 1.2376e-01     5.6595      4.462      6.471    13.8015   999.3197 0.0000e+00
      4.568      0.054     0.6068     13.187     59.413  45.790924     4.1287      6.570    39.8081 1.2373e-01     5.6243      4.478      6.495    13.8572   999.3118 0.0000e+00
      4.587      0.061     0.7396     13.672     59.597  45.823717     4.0932      6.572    39.9085 1.2373e-01     5.5082      4.497      6.524    13.8879   999.3069 0.0000e+00
      4.607      0.062     0.8448     14.142     59.719  45.854535     4.0530      6.572    39.8367 1.2374e-01     5.4034      4.519      6.555    13.8205   999.3156 0.0000e+00
      4.627      0.060     0.9184     14.753     59.745  45.845942     4.0327      6.572    39.8865 1.2369e-01     5.4059      4.539      6.584    13.6580   999.3378 0.0000e+00
      4.642      0.059     0.9656     15.603     59.679  45.783293     4.0214      6.572    39.9944 1.2360e-01     5.4069      4.554      6.606    13.5163   999.3569 0.0000e+00
      4.652      0.062     0.9990     16.731     59.632  45.732077     3.9942      6.572    39.8505 1.2357e-01     5.3829      4.563      6.619    13.4285   999.3686 0.0000e+00
      4.660      0.069     1.0293     18.064     59.663  45.734704     3.8086      6.572    39.2659 1.2365e-01     5.4435      4.568      6.625    13.3776   999.3754 0.0000e+00
      4.673      0.077     1.0730     19.411     59.712  45.751536     3.4766      6.572    38.9480 1.2366e-01     5.5502      4.578      6.640    13.3598   999.3778 0.0000e+00
