Data/DataNotYetUploadedToEDI/Raw_CTD/RawDownloads/101119_fcr20.cnv
* Sea-Bird SBE19plus  Data File:
* FileName = C:\DATA\101619_unknown_0006.hex
* Software version 2.8.0.119 SB_Terminal.dll
* Temperature SN = 7809
* Conductivity SN = 7809
* System UpLoad Time = Oct 16 2019 07:56:48
* <ApplicationData>
* <Seaterm232>
# nquan = 16
# nvalues = 358                         
# units = specified
# name 0 = depFM: Depth [fresh water, m]
# name 1 = dz/dtM: Descent Rate [m/s]
# name 2 = sbeox0ML/L: Oxygen, SBE 43 [ml/l]
# name 3 = sbeox0PS: Oxygen, SBE 43 [% saturation]
# name 4 = specc: Specific Conductance [uS/cm]
# name 5 = c0uS/cm: Conductivity [uS/cm]
# name 6 = flECO-AFL: Fluorescence, WET Labs ECO-AFL/FL [mg/m^3]
# name 7 = ph: pH
# name 8 = orp: Oxidation Reduction Potential [mV]
# name 9 = par/sat/log: PAR/Logarithmic, Satlantic
# name 10 = turbWETntu0: Turbidity, WET Labs ECO [NTU]
# name 11 = prdM: Pressure, Strain Gauge [db]
# name 12 = prdE: Pressure, Strain Gauge [psi]
# name 13 = tv290C: Temperature [ITS-90, deg C]
# name 14 = density00: Density [density, kg/m^3]
# name 15 = flag:  0.000e+00
# span 0 =     -0.521,      3.644       
# span 1 =     -0.005,      0.181       
# span 2 =     3.6745,     6.2648       
# span 3 =     58.255,     99.561       
# span 4 =     31.760,     42.385       
# span 5 =  29.140470,  37.440424       
# span 6 =    -0.1341,    78.0169       
# span 7 =      7.100,      8.857       
# span 8 =   -75.5830,   216.9896       
# span 9 = 1.2365e-01, 1.3764e+03       
# span 10 =    -0.3944,    41.4439      
# span 11 =     -0.518,      3.574      
# span 12 =     -0.752,      5.183      
# span 13 =    18.5359,    20.9695      
# span 14 =   998.0064,   998.5303      
# span 15 = 0.0000e+00, 0.0000e+00      
# interval = seconds: 0.25
# start_time = Oct 11 2019 12:42:57 [Instrument's time stamp, header]
# bad_flag = -9.990e-29
*END*
[from data line 272]
      3.564      0.000     4.5877     69.878     40.812  35.581814     2.5831      7.181   214.1225 7.5185e-01     8.1191      3.495      5.069    18.5916   998.5202 0.0000e+00
      3.565 1.8628e-08     4.5749     69.904     40.794  35.566432     2.5676      7.179   214.0451 7.4185e-01     8.1611      3.496      5.070    18.5897   998.5206 0.0000e+00
      3.565 2.0490e-07     4.5711     69.901     40.797  35.569393     2.5673      7.178   214.1642 7.3560e-01     8.1135      3.496      5.071    18.5887   998.5208 0.0000e+00
      3.564 2.0490e-07     4.5731     69.861     40.779  35.554146     2.5627      7.177   214.1856 7.3556e-01     8.0351      3.495      5.069    18.5882   998.5208 0.0000e+00
      3.564 1.8628e-08     4.5717     69.851     40.726  35.509024     2.5548      7.176   214.1314 7.4211e-01     7.9338      3.495      5.069    18.5879   998.5209 0.0000e+00
      3.565 1.6960e-09     4.5759     69.860     40.679  35.468119     2.5596      7.176   214.1118 7.5286e-01     7.9051      3.496      5.070    18.5878   998.5209 0.0000e+00
      3.565 1.8220e-10     4.5766     69.830     40.648  35.440384     2.5687      7.175   214.0344 7.6059e-01     7.9166      3.496      5.070    18.5883   998.5208 0.0000e+00
      3.564 3.2471e-10     4.5701     69.789     40.633  35.427571     2.5957      7.173   213.8839 7.5509e-01     7.9100      3.495      5.069    18.5900   998.5206 0.0000e+00
      3.564 3.4191e-09     4.5702     69.784     40.648  35.440129     2.6432      7.173   213.7554 7.4329e-01     7.8900      3.495      5.069    18.5906   998.5204 0.0000e+00
      3.564 3.7597e-08     4.5738     69.813     40.675  35.465286     2.6659      7.172   213.6845 7.5412e-01     7.8717      3.496      5.070    18.5900   998.5204 0.0000e+00
      3.564 4.1356e-07     4.5703     69.864     40.687  35.477864     2.6701      7.172   213.6286 7.6893e-01     7.8861      3.496      5.071    18.5899   998.5205 0.0000e+00
      3.564      0.000     4.5655     69.909     40.672  35.465274     2.6770      7.172   213.5108 7.5967e-01     7.8995      3.496      5.070    18.5899   998.5204 0.0000e+00
      3.565      0.000     4.5666     69.917     40.643  35.440001     2.7232      7.171   213.2065 7.5272e-01     7.8368      3.496      5.070    18.5890   998.5205 0.0000e+00
      3.565      0.001     4.5679     69.930     40.628  35.426164     2.8208      7.170   212.7021 7.5583e-01     7.7510      3.496      5.070    18.5909   998.5203 0.0000e+00
      3.565      0.001     4.5715     69.964     40.626  35.424906     2.8858      7.169   211.9726 7.4654e-01     7.7465      3.496      5.070    18.5943   998.5196 0.0000e+00
      3.565      0.002     4.5765     69.994     40.624  35.424794     2.8853      7.168   210.7531 7.3860e-01     7.7498      3.496      5.071    18.5948   998.5195 0.0000e+00
      3.565      0.003     4.5746     70.045     40.621  35.424816     2.8241      7.168   209.4005 7.4221e-01     7.7574      3.497      5.071    18.5939   998.5197 0.0000e+00
      3.566      0.004     4.5750     70.121     40.619  35.425174     2.7360      7.167   208.6099 7.3828e-01     7.8398      3.497      5.072    18.5934   998.5198 0.0000e+00
      3.567      0.006     4.5789     70.168     40.620  35.429121     2.6952      7.167   208.3359 7.1072e-01     7.8939      3.497      5.072    18.5948   998.5195 0.0000e+00
      3.569      0.007     4.5796     70.227     40.667  35.472542     2.6859      7.167   208.0663 6.6818e-01     7.8869      3.499      5.075    18.5967   998.5191 0.0000e+00
      3.572      0.008     4.5811     70.306     40.777  35.569364     2.6579      7.166   207.4143 6.3939e-01     7.9517      3.503      5.081    18.5986   998.5187 0.0000e+00
      3.574      0.008     4.5901     70.343     40.864  35.647731     2.6086      7.164   206.4768 6.3315e-01     8.0550      3.506      5.085    18.6026   998.5180 0.0000e+00
      3.576      0.009     4.5896     70.374     40.871  35.658435     2.5671      7.162   205.3343 6.2755e-01     8.0536      3.507      5.088    18.6065   998.5173 0.0000e+00
      3.578      0.009     4.5920     70.417     40.839  35.635320     2.5539      7.160   203.8392 6.0671e-01     8.0333      3.509      5.090    18.6093   998.5168 0.0000e+00
      3.579      0.008     4.6021     70.446     40.821  35.622132     2.5703      7.159   202.4241 5.7543e-01     7.9405      3.510      5.090    18.6107   998.5166 0.0000e+00
      3.582      0.008     4.6005     70.445     40.826  35.625929     2.6015      7.158   201.3024 5.4122e-01     7.7181      3.513      5.095    18.6121   998.5163 0.0000e+00
      3.585      0.008     4.6023     70.382     40.816  35.617769     2.6195      7.155   200.2567 5.1638e-01     7.6061      3.516      5.099    18.6185   998.5152 0.0000e+00
      3.587      0.007     4.6057     70.267     40.781  35.586934     2.6312      7.153   199.5035 4.9731e-01     7.6671      3.517      5.101    18.6260   998.5137 0.0000e+00
      3.589      0.007     4.6064     70.161     40.762  35.570456     2.7949      7.151   199.1650 4.6971e-01     7.8663      3.520      5.104    18.6283   998.5132 0.0000e+00
      3.591      0.006     4.6087     70.124     40.808  35.608942     3.1077      7.150   199.0026 4.5296e-01     8.0805      3.522      5.107    18.6272   998.5135 0.0000e+00
      3.591      0.005     4.6036     70.126     40.883  35.671446     3.2744      7.149   198.6595 4.4447e-01     8.1268      3.522      5.108    18.6267   998.5136 0.0000e+00
      3.592      0.005     4.5950     70.100     40.908  35.691477     3.2582      7.147   197.6837 4.2328e-01     8.0987      3.524      5.110    18.6283   998.5132 0.0000e+00
      3.594      0.006     4.5858     70.075     40.875  35.660727     3.0256      7.145   195.2919 4.0928e-01     8.1673      3.526      5.114    18.6281   998.5133 0.0000e+00
      3.595      0.007     4.5841     70.103     40.826  35.616993     2.6203      7.142   192.1100 4.1718e-01     8.3007      3.526      5.114    18.6250   998.5139 0.0000e+00
      3.596      0.009     4.5885     70.186     40.815  35.606980     2.4061      7.141   189.9275 4.2210e-01     8.3683      3.526      5.114    18.6218   998.5146 0.0000e+00
      3.599      0.009     4.5843     70.262     40.811  35.603138     2.3783      7.141   188.7792 4.0176e-01     8.3617      3.529      5.118    18.6193   998.5151 0.0000e+00
      3.602      0.009     4.5821     70.277     40.774  35.570536     2.3704      7.140   187.9477 3.7258e-01     8.3514      3.531      5.122    18.6174   998.5154 0.0000e+00
      3.605      0.008     4.5836     70.266     40.731  35.530149     2.4579      7.139   187.2735 3.4185e-01     8.3749      3.536      5.128    18.6155   998.5158 0.0000e+00
      3.608      0.007     4.5906     70.251     40.698  35.495636     2.6301      7.140   186.8229 3.1608e-01     8.3841      3.541      5.134    18.6148   998.5160 0.0000e+00
      3.609      0.006     4.5984     70.232     40.675  35.470579     2.7281      7.140   186.5426 3.0852e-01     8.3317      3.540      5.135    18.6155   998.5158 0.0000e+00
      3.610      0.004     4.5968     70.234     40.691  35.481064     2.7396      7.138   186.2080 3.1184e-01     8.2982      3.540      5.134    18.6157   998.5157 0.0000e+00
      3.610      0.002     4.5959     70.239     40.784  35.558928     2.8046      7.136   185.8743 3.1341e-01     8.4374      3.540      5.135    18.6123   998.5164 0.0000e+00
      3.611      0.000     4.5969     70.242     40.891  35.650392     2.9327      7.135   185.6061 3.0724e-01     8.7041      3.540      5.134    18.6045   998.5179 0.0000e+00
      3.611      0.000     4.5942     70.275     40.946  35.698357     3.0048      7.135   185.1151 2.9769e-01     8.8366      3.543      5.139    18.5976   998.5192 0.0000e+00
      3.611      0.000     4.5959     70.325     40.941  35.694572     3.0097      7.134   184.0676 2.9887e-01     8.7937      3.542      5.137    18.5939   998.5199 0.0000e+00
      3.610     -0.001     4.5976     70.355     40.910  35.668106     2.9745      7.133   182.6638 3.1265e-01     8.7749      3.540      5.134    18.5904   998.5206 0.0000e+00
      3.610     -0.002     4.5952     70.330     40.940  35.695710     2.9086      7.131   181.4776 3.2126e-01     8.8050      3.541      5.135    18.5875   998.5212 0.0000e+00
      3.610     -0.002     4.5994     70.262     41.030  35.774453     2.8806      7.130   180.3942 3.3054e-01     8.7985      3.541      5.136    18.5866   998.5214 0.0000e+00
      3.609     -0.001     4.6024     70.168     41.127  35.858529     2.9572      7.130   178.8575 3.4310e-01     8.7939      3.539      5.133    18.5876   998.5212 0.0000e+00
      3.607      0.002     4.6060     70.053     41.232  35.950606     3.7998      7.129   177.0079 3.4454e-01     8.8478      3.537      5.130    18.5900   998.5207 0.0000e+00
      3.607      0.004     4.6036     69.969     41.360  36.062621     5.3604      7.126   173.8609 3.2740e-01     8.9588      3.536      5.129    18.5920   998.5203 0.0000e+00
      3.608      0.007     4.5975     69.869     41.514  36.197358     6.3597      7.125   168.0820 2.9900e-01     9.0866      3.537      5.130    18.5915   998.5205 0.0000e+00
      3.612      0.009     4.5944     69.734     41.715  36.373723     8.0617      7.125   161.3410 2.7357e-01     9.8360      3.542      5.137    18.5900   998.5208 0.0000e+00
      3.616      0.011     4.5814     69.634     41.983  36.608228    25.9309      7.124   155.7675 2.5287e-01    17.9214      3.547      5.145    18.5901   998.5208 0.0000e+00
      3.619      0.011     4.5798     69.542     42.217  36.811178    58.6750      7.123   151.5420 2.3189e-01    32.6827      3.549      5.147    18.5908   998.5208 0.0000e+00
      3.622      0.010     4.5748     69.429     42.350  36.923367    76.5145      7.123   138.7300 2.0711e-01    40.7078      3.552      5.152    18.5914   998.5207 0.0000e+00
      3.624      0.008     4.5603     69.296     42.385  36.949097    78.0169      7.122   111.7630 2.0142e-01    41.4439      3.555      5.155    18.5928   998.5205 0.0000e+00
      3.625      0.007     4.5574     69.114     42.296  36.868381    76.8225      7.120    87.5627 2.1874e-01    41.3211      3.554      5.155    18.5944   998.5203 0.0000e+00
      3.627      0.007     4.5510     68.879     42.186  36.772590    62.0552      7.119    74.9899 2.2449e-01    38.6335      3.557      5.160    18.5945   998.5204 0.0000e+00
      3.629      0.006     4.5435     68.603     42.152  36.743011    34.9779      7.118    65.3170 2.0804e-01    33.6584      3.558      5.161    18.5898   998.5213 0.0000e+00
      3.631      0.005     4.5372     68.314     42.105  36.701173    20.1778      7.118    52.0016 1.7757e-01    30.9164      3.560      5.164    18.5819   998.5229 0.0000e+00
      3.633      0.004     4.5251     68.065     41.973  36.584098    18.4186      7.117    36.4285 1.5503e-01    30.0265      3.564      5.169    18.5784   998.5235 0.0000e+00
      3.633      0.003     4.5096     67.895     41.844  36.469988    13.6294      7.116    23.2047 1.6205e-01    22.6695      3.563      5.168    18.5800   998.5232 0.0000e+00
      3.633      0.003     4.4909     67.813     41.764  36.400517     5.0408      7.115    10.7612 1.7663e-01     9.2116      3.562      5.166    18.5803   998.5231 0.0000e+00
      3.633      0.003     4.4706     67.801     41.664  36.315397     0.3550      7.114    -2.9474 1.8279e-01     1.8384      3.562      5.166    18.5781   998.5235 0.0000e+00
      3.634      0.003     4.4537     67.846     41.532  36.202478    -0.0755      7.113   -15.4648 1.7952e-01     1.1290      3.563      5.168    18.5753   998.5240 0.0000e+00
      3.635      0.004     4.4424     67.946     41.429  36.114257    -0.1126      7.113   -26.2396 1.5739e-01     0.8635      3.564      5.170    18.5740   998.5242 0.0000e+00
      3.636      0.004     4.4377     68.107     41.382  36.073867    -0.1108      7.112   -35.0537 1.3503e-01     0.4643      3.566      5.172    18.5743   998.5241 0.0000e+00
      3.638      0.004     4.4371     68.297     41.335  36.031487    -0.1141      7.111   -40.9006 1.2631e-01     0.2350      3.567      5.175    18.5755   998.5238 0.0000e+00
      3.640      0.003     4.4399     68.474     41.280  35.982668    -0.1267      7.110   -45.2242 1.2391e-01     0.1888      3.569      5.177    18.5792   998.5231 0.0000e+00
      3.640      0.002     4.4453     68.631     41.290  35.991372    -0.1341      7.110   -49.1282 1.2374e-01     0.0698      3.570      5.177    18.5827   998.5224 0.0000e+00
      3.639      0.001     4.4571     68.764     41.385  36.073256    -0.1252      7.109   -52.1394 1.2373e-01    -0.1229      3.569      5.176    18.5821   998.5225 0.0000e+00
      3.639      0.000     4.4712     68.881     41.472  36.147590    -0.1140      7.108   -54.4444 1.2367e-01    -0.2402      3.569      5.176    18.5798   998.5230 0.0000e+00
      3.639 3.2774e-09     4.4822     68.975     41.452  36.128469    -0.1120      7.107   -56.7787 1.2367e-01    -0.2682      3.568      5.176    18.5787   998.5232 0.0000e+00
      3.639 3.6052e-08     4.4934     69.032     41.343  36.032471    -0.1085      7.106   -59.2836 1.2372e-01    -0.2641      3.568      5.176    18.5788   998.5231 0.0000e+00
      3.639 3.9657e-07     4.5012     69.086     41.235  35.938967    -0.0987      7.106   -61.7578 1.2369e-01    -0.2565      3.569      5.176    18.5785   998.5232 0.0000e+00
      3.639      0.000     4.5091     69.142     41.174  35.886531    -0.0971      7.106   -64.2381 1.2365e-01    -0.2739      3.568      5.175    18.5766   998.5236 0.0000e+00
      3.639      0.000     4.5171     69.184     41.123  35.842766    -0.1062      7.105   -66.5589 1.2366e-01    -0.2775      3.569      5.176    18.5742   998.5241 0.0000e+00
      3.639      0.001     4.5187     69.214     41.062  35.790632    -0.1133      7.103   -68.4803 1.2368e-01    -0.2674      3.569      5.176    18.5728   998.5243 0.0000e+00
      3.639      0.001     4.5223     69.215     41.032  35.763947    -0.1141      7.102   -70.2615 1.2368e-01    -0.3164      3.568      5.175    18.5731   998.5242 0.0000e+00
      3.639      0.002     4.5272     69.211     41.044  35.774008    -0.1151      7.101   -73.3822 1.2369e-01    -0.3784      3.569      5.176    18.5746   998.5239 0.0000e+00
      3.640      0.002     4.5280     69.218     41.057  35.785339    -0.1174      7.100   -75.5830 1.2372e-01    -0.3944      3.569      5.177    18.5760   998.5236 0.0000e+00
      3.641 -9.990e-29     4.5323 -9.990e-29 -9.990e-29 -9.990e-29 -9.990e-29 -9.990e-29 -9.990e-29 1.2376e-01 -9.990e-29      3.571      5.179    18.5765   998.5235 0.0000e+00
      3.643 -9.990e-29     4.5309 -9.990e-29 -9.990e-29 -9.990e-29 -9.990e-29 -9.990e-29 -9.990e-29 1.2378e-01 -9.990e-29      3.572      5.181    18.5770   998.5234 0.0000e+00
      3.644 -9.990e-29     4.5292 -9.990e-29 -9.990e-29 -9.990e-29 -9.990e-29 -9.990e-29 -9.990e-29 1.2378e-01 -9.990e-29      3.573      5.182    18.5767   998.5234 0.0000e+00
      3.644 -9.990e-29     4.5329 -9.990e-29 -9.990e-29 -9.990e-29 -9.990e-29 -9.990e-29 -9.990e-29 1.2378e-01 -9.990e-29      3.574      5.183    18.5760   998.5236 0.0000e+00
