Data/DataNotYetUploadedToEDI/Raw_CTD/RawDownloads/101119_fcr10.cnv
* Sea-Bird SBE19plus  Data File:
* FileName = C:\DATA\101619_unknown_0005.hex
* Software version 2.8.0.119 SB_Terminal.dll
* Temperature SN = 7809
* Conductivity SN = 7809
* System UpLoad Time = Oct 16 2019 07:56:31
* <ApplicationData>
* <Seaterm232>
# nquan = 16
# nvalues = 407                         
# units = specified
# name 0 = depFM: Depth [fresh water, m]
# name 1 = dz/dtM: Descent Rate [m/s]
# name 2 = sbeox0ML/L: Oxygen, SBE 43 [ml/l]
# name 3 = sbeox0PS: Oxygen, SBE 43 [% saturation]
# name 4 = specc: Specific Conductance [uS/cm]
# name 5 = c0uS/cm: Conductivity [uS/cm]
# name 6 = flECO-AFL: Fluorescence, WET Labs ECO-AFL/FL [mg/m^3]
# name 7 = ph: pH
# name 8 = orp: Oxidation Reduction Potential [mV]
# name 9 = par/sat/log: PAR/Logarithmic, Satlantic
# name 10 = turbWETntu0: Turbidity, WET Labs ECO [NTU]
# name 11 = prdM: Pressure, Strain Gauge [db]
# name 12 = prdE: Pressure, Strain Gauge [psi]
# name 13 = tv290C: Temperature [ITS-90, deg C]
# name 14 = density00: Density [density, kg/m^3]
# name 15 = flag:  0.000e+00
# span 0 =     -0.546,      2.405       
# span 1 =     -0.005,      0.121       
# span 2 =     4.2693,     6.4168       
# span 3 =     66.976,    100.686       
# span 4 =      0.335,     40.688       
# span 5 =   0.298321,  36.255794       
# span 6 =    -0.6356,     3.6393       
# span 7 =      6.693,      8.772       
# span 8 =    41.7406,  1195.0876       
# span 9 = 7.0485e+00, 1.8518e+03       
# span 10 =    -3.9431,    16.0723      
# span 11 =     -0.536,      2.359      
# span 12 =     -0.777,      3.421      
# span 13 =    18.6703,    20.4228      
# span 14 =   998.1348,   998.4996      
# span 15 = 0.0000e+00, 0.0000e+00      
# interval = seconds: 0.25
# start_time = Oct 11 2019 12:23:25 [Instrument's time stamp, header]
# bad_flag = -9.990e-29
*END*
[from data line 362]
      2.387      0.003     4.8409     74.180     40.265  35.198833     3.0231      7.160   177.2881 1.1266e+01     7.9891      2.341      3.396    18.6995   998.4940 0.0000e+00
      2.387      0.003     4.8426     74.138     40.251  35.187388     3.0465      7.139   177.3019 1.1232e+01     7.9479      2.342      3.396    18.7017   998.4935 0.0000e+00
      2.388      0.002     4.8463     74.096     40.236  35.175952     3.0956      7.106   177.2293 1.1202e+01     7.9429      2.341      3.396    18.7030   998.4933 0.0000e+00
      2.389      0.002     4.8465     74.061     40.247  35.187502     3.1227      7.103   177.2709 1.1184e+01     7.9611      2.342      3.398    18.7035   998.4933 0.0000e+00
      2.390      0.002     4.8432     74.069     40.261  35.200101     3.1315      7.126   177.3742 1.1164e+01     7.9713      2.343      3.399    18.7043   998.4931 0.0000e+00
      2.390      0.002     4.8401     74.132     40.263  35.201350     3.1320      7.145   177.4464 1.1135e+01     7.9679      2.344      3.399    18.7057   998.4928 0.0000e+00
      2.391      0.002     4.8378     74.220     40.266  35.202600     3.0682      7.154   177.6273 1.1110e+01     8.0179      2.344      3.400    18.7077   998.4924 0.0000e+00
      2.391      0.002     4.8336     74.292     40.283  35.215208     2.9597      7.157   177.9272 1.1076e+01     8.1501      2.345      3.401    18.7095   998.4921 0.0000e+00
      2.392      0.002     4.8341     74.348     40.301  35.226852     2.9028      7.158   178.1468 1.1006e+01     8.1903      2.346      3.402    18.7104   998.4919 0.0000e+00
      2.392      0.002     4.8388     74.393     40.295  35.216447     2.8832      7.155   178.3036 1.0856e+01     8.1428      2.346      3.403    18.7101   998.4920 0.0000e+00
      2.392      0.002     4.8461     74.390     40.300  35.216335     2.8270      7.149   178.4462 1.0565e+01     8.1334      2.346      3.403    18.7089   998.4922 0.0000e+00
      2.392      0.002     4.8508     74.314     40.312  35.225482     2.7510      7.144   178.5804 1.0055e+01     8.1757      2.346      3.403    18.7068   998.4926 0.0000e+00
      2.393      0.002     4.8543     74.183     40.283  35.200105     2.7194      7.139   178.6355 9.4028e+00     8.2282      2.347      3.404    18.7011   998.4937 0.0000e+00
      2.395      0.002     4.8597     74.034     40.240  35.163378     2.7225      7.117   178.5096 8.9749e+00     8.2111      2.349      3.407    18.6927   998.4954 0.0000e+00
      2.396      0.002     4.8604     73.909     40.237  35.162243     2.8146      7.081   178.3494 8.9970e+00     8.2309      2.350      3.409    18.6871   998.4964 0.0000e+00
      2.396      0.002     4.8553     73.836     40.260  35.186381     3.0001      7.070   178.3331 9.2025e+00     8.3029      2.349      3.408    18.6860   998.4967 0.0000e+00
      2.396      0.002     4.8453     73.792     40.272  35.201354     3.1105      7.085   178.4851 9.2162e+00     8.3279      2.350      3.407    18.6866   998.4966 0.0000e+00
      2.396      0.001     4.8351     73.765     40.284  35.216345     3.1257      7.102   178.6381 9.0136e+00     8.3695      2.350      3.408    18.6871   998.4964 0.0000e+00
      2.397      0.001     4.8251     73.776     40.309  35.240700     3.0802      7.111   178.7204 8.8256e+00     8.3804      2.351      3.409    18.6893   998.4960 0.0000e+00
      2.397      0.001     4.8211     73.796     40.310  35.241970     2.9939      7.116   178.8776 8.7990e+00     8.3284      2.351      3.409    18.6934   998.4952 0.0000e+00
      2.397      0.000     4.8188     73.824     40.299  35.231690     2.9575      7.118   178.9905 8.8664e+00     8.3314      2.351      3.410    18.6999   998.4940 0.0000e+00
      2.397      0.000     4.8138     73.858     40.314  35.243344     2.9697      7.119   178.9660 8.9058e+00     8.3836      2.350      3.409    18.7067   998.4927 0.0000e+00
      2.397      0.001     4.8169     73.847     40.330  35.255944     3.0460      7.120   178.9265 8.8958e+00     8.3366      2.351      3.410    18.7095   998.4921 0.0000e+00
      2.397      0.001     4.8176     73.792     40.333  35.257089     3.1785      7.122   178.9425 8.7716e+00     8.2218      2.351      3.410    18.7093   998.4922 0.0000e+00
      2.397      0.002     4.8185     73.731     40.333  35.257194     3.2443      7.122   178.9873 8.4718e+00     8.1756      2.351      3.409    18.7082   998.4924 0.0000e+00
      2.398      0.003     4.8240     73.696     40.334  35.257214     3.2523      7.121   179.0390 8.1319e+00     8.1706      2.352      3.411    18.7072   998.4926 0.0000e+00
      2.399      0.003     4.8223     73.678     40.336  35.257320     3.2581      7.121   179.1367 7.8571e+00     8.1616      2.353      3.413    18.7056   998.4930 0.0000e+00
      2.400      0.003     4.8183     73.657     40.340  35.258475     3.2192      7.121   179.2222 7.5806e+00     8.1660      2.354      3.414    18.7036   998.4933 0.0000e+00
      2.401      0.003     4.8131     73.625     40.356  35.271180     3.1380      7.121   179.2980 7.2703e+00     8.1909      2.354      3.414    18.7027   998.4935 0.0000e+00
      2.402      0.002     4.8114     73.577     40.371  35.283992     3.0820      7.120   179.3646 7.0485e+00     8.1996      2.356      3.417    18.7018   998.4937 0.0000e+00
      2.403      0.000     4.8113     73.532     40.375  35.286445     3.0718      7.119   179.4254 7.0973e+00     8.2062      2.357      3.419    18.6994   998.4941 0.0000e+00
      2.403     -0.001     4.8097     73.481     40.392  35.300834     3.0653      7.118   179.5171 7.4244e+00     8.2372      2.358      3.420    18.6968   998.4946 0.0000e+00
      2.402     -0.001     4.8088     73.404     40.424  35.331038     3.0384      7.118   179.5266 7.7975e+00     8.2801      2.355      3.416    18.6952   998.4949 0.0000e+00
      2.400     -0.002     4.8043     73.278     40.495  35.397761     3.0164      7.117   179.5405 8.0587e+00     8.3321      2.354      3.414    18.6942   998.4951 0.0000e+00
      2.400     -0.002     4.8020     73.082     40.576  35.472887     3.0059      7.116   179.6857 8.2809e+00     8.3736      2.354      3.414    18.6934   998.4953 0.0000e+00
      2.400     -0.001     4.7996     72.869     40.580  35.477742     2.9644      7.116   179.8188 8.5369e+00     8.4544      2.353      3.413    18.6923   998.4955 0.0000e+00
      2.400      0.000     4.7941     72.724     40.555  35.456470     2.8950      7.115   179.9460 8.8236e+00     8.5881      2.354      3.415    18.6942   998.4952 0.0000e+00
      2.400      0.000     4.7871     72.628     40.570  35.469569     2.8522      7.114   179.9334 9.1347e+00     8.6465      2.353      3.414    18.7017   998.4937 0.0000e+00
      2.400      0.001     4.7719     72.527     40.615  35.509179     2.8379      7.113   179.7521 9.4342e+00     8.6036      2.353      3.413    18.7086   998.4924 0.0000e+00
      2.400      0.002     4.7547     72.447     40.666  35.554567     2.7829      7.113   179.8189 9.6963e+00     8.5281      2.354      3.414    18.7098   998.4922 0.0000e+00
      2.401      0.002     4.7462     72.422     40.688  35.574069     2.7332      7.113   179.9668 9.9369e+00     8.4866      2.355      3.415    18.7089   998.4924 0.0000e+00
      2.402 -9.990e-29     4.7426 -9.990e-29 -9.990e-29 -9.990e-29 -9.990e-29 -9.990e-29 -9.990e-29 1.0156e+01 -9.990e-29      2.355      3.416    18.7092   998.4923 0.0000e+00
      2.403 -9.990e-29     4.7341 -9.990e-29 -9.990e-29 -9.990e-29 -9.990e-29 -9.990e-29 -9.990e-29 1.0334e+01 -9.990e-29      2.357      3.418    18.7107   998.4919 0.0000e+00
      2.405 -9.990e-29     4.7275 -9.990e-29 -9.990e-29 -9.990e-29 -9.990e-29 -9.990e-29 -9.990e-29 1.0452e+01 -9.990e-29      2.358      3.420    18.7116   998.4918 0.0000e+00
      2.405 -9.990e-29     4.7274 -9.990e-29 -9.990e-29 -9.990e-29 -9.990e-29 -9.990e-29 -9.990e-29 1.0493e+01 -9.990e-29      2.359      3.421    18.7114   998.4920 0.0000e+00
