Data/DataNotYetUploadedToEDI/Raw_CTD/RawDownloads/101119_fcr30.cnv
* Sea-Bird SBE19plus  Data File:
* FileName = C:\DATA\101619_unknown_0007.hex
* Software version 2.8.0.119 SB_Terminal.dll
* Temperature SN = 7809
* Conductivity SN = 7809
* System UpLoad Time = Oct 16 2019 07:57:06
* <ApplicationData>
* <Seaterm232>
# nquan = 16
# nvalues = 423                         
# units = specified
# name 0 = depFM: Depth [fresh water, m]
# name 1 = dz/dtM: Descent Rate [m/s]
# name 2 = sbeox0ML/L: Oxygen, SBE 43 [ml/l]
# name 3 = sbeox0PS: Oxygen, SBE 43 [% saturation]
# name 4 = specc: Specific Conductance [uS/cm]
# name 5 = c0uS/cm: Conductivity [uS/cm]
# name 6 = flECO-AFL: Fluorescence, WET Labs ECO-AFL/FL [mg/m^3]
# name 7 = ph: pH
# name 8 = orp: Oxidation Reduction Potential [mV]
# name 9 = par/sat/log: PAR/Logarithmic, Satlantic
# name 10 = turbWETntu0: Turbidity, WET Labs ECO [NTU]
# name 11 = prdM: Pressure, Strain Gauge [db]
# name 12 = prdE: Pressure, Strain Gauge [psi]
# name 13 = tv290C: Temperature [ITS-90, deg C]
# name 14 = density00: Density [density, kg/m^3]
# name 15 = flag:  0.000e+00
# span 0 =     -0.541,      5.456       
# span 1 =     -0.021,      0.283       
# span 2 =    -1.0075,     6.3800       
# span 3 =    -14.025,     99.723       
# span 4 =      4.500,    113.559       
# span 5 =   3.992361,  95.772486       
# span 6 =    -1.2853,     4.3225       
# span 7 =      6.479,      7.848       
# span 8 =    35.7898,   312.0912       
# span 9 = 1.2357e-01, 1.3186e+03       
# span 10 =    -0.0087,    15.6801      
# span 11 =     -0.532,      5.352      
# span 12 =     -0.772,      7.762      
# span 13 =    13.1740,    20.2228      
# span 14 =   998.1777,   999.4055      
# span 15 = 0.0000e+00, 0.0000e+00      
# interval = seconds: 0.25
# start_time = Oct 11 2019 12:49:43 [Instrument's time stamp, header]
# bad_flag = -9.990e-29
*END*
[from data line 181]
      1.417      0.044     5.0022     74.586     40.194  35.463948     2.4951      7.086   188.3337 4.7164e+01     9.7633      1.389      2.013    19.1119   998.4093 0.0000e+00
      1.427      0.035     4.9629     74.138     40.167  35.439820     2.4876      7.087   188.4198 4.6067e+01     9.7149      1.399      2.028    19.1116   998.4095 0.0000e+00
      1.439      0.030     4.9142     73.879     40.152  35.426086     2.4968      7.088   188.4810 4.5052e+01     9.7731      1.413      2.049    19.1120   998.4094 0.0000e+00
      1.449      0.030     4.8682     73.752     40.152  35.424829     2.5279      7.089   188.5573 4.4528e+01     9.8780      1.424      2.065    19.1121   998.4095 0.0000e+00
      1.454      0.031     4.8257     73.728     40.153  35.424622     2.5518      7.089   188.6546 4.4298e+01     9.9339      1.427      2.069    19.1112   998.4097 0.0000e+00
      1.457      0.034     4.7955     73.777     40.154  35.423582     2.5611      7.088   188.7106 4.3942e+01     9.9577      1.428      2.071    19.1109   998.4097 0.0000e+00
      1.463      0.039     4.7822     73.834     40.144  35.412250     2.5614      7.088   188.8041 4.3258e+01     9.9364      1.433      2.078    19.1106   998.4098 0.0000e+00
      1.474      0.044     4.7735     73.867     40.149  35.414547     2.5553      7.087   188.9243 4.2040e+01     9.9064      1.443      2.092    19.1091   998.4102 0.0000e+00
      1.490      0.049     4.7727     73.878     40.192  35.451352     2.5567      7.086   188.9597 4.0465e+01     9.9214      1.461      2.118    19.1072   998.4106 0.0000e+00
      1.507      0.054     4.7784     73.867     40.222  35.476427     2.5607      7.086   189.0602 3.9150e+01     9.9214      1.480      2.147    19.1054   998.4110 0.0000e+00
      1.522      0.055     4.7826     73.829     40.209  35.463848     2.5259      7.086   189.2788 3.8158e+01     9.7420      1.493      2.166    19.1032   998.4115 0.0000e+00
      1.535      0.053     4.7846     73.762     40.169  35.426194     2.4564      7.085   189.4521 3.7151e+01     9.4235      1.505      2.183    19.0996   998.4123 0.0000e+00
      1.548      0.048     4.7860     73.685     40.142  35.401970     2.4237      7.085   189.5207 3.6137e+01     9.2833      1.519      2.202    19.0970   998.4129 0.0000e+00
      1.560      0.044     4.7851     73.623     40.168  35.424842     2.4332      7.085   189.5053 3.5317e+01     9.2923      1.531      2.220    19.0966   998.4130 0.0000e+00
      1.571      0.042     4.7833     73.574     40.195  35.448855     2.4334      7.084   189.4388 3.4714e+01     9.2371      1.542      2.235    19.0944   998.4135 0.0000e+00
      1.580      0.042     4.7789     73.547     40.182  35.438438     2.4086      7.083   189.4906 3.4105e+01     9.1081      1.550      2.246    19.0916   998.4140 0.0000e+00
      1.588      0.044     4.7726     73.560     40.167  35.425828     2.3838      7.079   189.7018 3.3535e+01     9.0103      1.558      2.260    19.0905   998.4143 0.0000e+00
      1.597      0.049     4.7696     73.600     40.166  35.423331     2.3773      7.073   189.8422 3.2954e+01     9.0050      1.566      2.271    19.0905   998.4144 0.0000e+00
      1.608      0.055     4.7658     73.637     40.152  35.408245     2.3820      7.068   189.9832 3.1973e+01     9.0438      1.575      2.283    19.0914   998.4142 0.0000e+00
      1.626      0.062     4.7631     73.669     40.114  35.370355     2.4837      7.063   190.2019 3.0725e+01     9.3151      1.593      2.310    19.0925   998.4141 0.0000e+00
      1.646      0.070     4.7646     73.721     40.092  35.346017     2.6877      7.059   190.3359 2.9636e+01     9.8281      1.616      2.344    19.0945   998.4138 0.0000e+00
      1.663      0.077     4.7675     73.757     40.122  35.367847     2.8111      7.055   190.3982 2.8717e+01    10.1329      1.632      2.368    19.0935   998.4140 0.0000e+00
      1.681      0.079     4.7715     73.762     40.140  35.380418     2.8229      7.053   190.4391 2.7495e+01    10.1495      1.645      2.386    19.0879   998.4153 0.0000e+00
      1.706      0.078     4.7716     73.775     40.132  35.371073     2.7524      7.052   190.4871 2.6001e+01     9.9636      1.671      2.423    19.0826   998.4164 0.0000e+00
      1.731      0.075     4.7778     73.786     40.147  35.381781     2.6259      7.051   190.4615 2.4875e+01     9.6548      1.701      2.467    19.0772   998.4176 0.0000e+00
      1.750      0.070     4.7817     73.823     40.150  35.382953     2.5601      7.048   190.3874 2.4145e+01     9.4971      1.717      2.491    19.0712   998.4189 0.0000e+00
      1.765      0.063     4.7791     73.917     40.154  35.385243     2.5459      7.047   190.4511 2.3418e+01     9.4666      1.729      2.509    19.0664   998.4199 0.0000e+00
      1.780      0.054     4.7833     74.040     40.179  35.409467     2.4981      7.047   190.6297 2.2730e+01     9.2846      1.747      2.533    19.0628   998.4206 0.0000e+00
      1.793      0.047     4.7820     74.149     40.190  35.421961     2.4240      7.049   190.8269 2.2298e+01     8.9676      1.761      2.554    19.0603   998.4212 0.0000e+00
      1.801      0.043     4.7838     74.218     40.174  35.409372     2.3780      7.050   190.9427 2.1975e+01     8.8135      1.766      2.562    19.0581   998.4217 0.0000e+00
      1.809      0.040     4.7911     74.252     40.144  35.384201     2.3671      7.050   190.9117 2.1534e+01     8.8312      1.772      2.570    19.0572   998.4219 0.0000e+00
      1.819      0.037     4.7996     74.250     40.129  35.371499     2.3704      7.049   190.7954 2.1013e+01     8.9522      1.784      2.586    19.0596   998.4214 0.0000e+00
      1.831      0.037     4.8076     74.217     40.142  35.382726     2.3735      7.048   190.8279 2.0563e+01     9.1287      1.796      2.605    19.0633   998.4208 0.0000e+00
      1.841      0.041     4.8108     74.161     40.156  35.393008     2.3707      7.046   191.0464 2.0278e+01     9.1955      1.807      2.622    19.0659   998.4204 0.0000e+00
      1.848      0.044     4.8135     74.079     40.132  35.368879     2.3626      7.045   191.1994 2.0078e+01     9.2033      1.813      2.629    19.0671   998.4201 0.0000e+00
      1.855      0.046     4.8130     73.979     40.108  35.344853     2.3182      7.045   191.3013 1.9633e+01     9.2885      1.816      2.634    19.0682   998.4199 0.0000e+00
      1.869      0.050     4.8106     73.886     40.122  35.356392     2.2328      7.044   191.5041 1.8897e+01     9.4064      1.831      2.656    19.0674   998.4201 0.0000e+00
      1.888      0.058     4.8076     73.832     40.152  35.381457     2.1801      7.041   191.8448 1.8297e+01     9.4487      1.855      2.690    19.0643   998.4208 0.0000e+00
      1.902      0.070     4.8023     73.821     40.169  35.394027     2.1839      7.036   192.1511 1.7937e+01     9.4395      1.867      2.708    19.0606   998.4216 0.0000e+00
      1.913      0.081     4.7958     73.847     40.160  35.381436     2.1915      7.032   192.2819 1.7366e+01     9.4260      1.871      2.713    19.0567   998.4224 0.0000e+00
      1.933      0.090     4.7888     73.926     40.135  35.356155     2.1856      7.030   192.3077 1.6356e+01     9.4823      1.891      2.741    19.0556   998.4227 0.0000e+00
      1.964      0.096     4.7852     74.056     40.122  35.342222     2.1830      7.029   192.2048 1.5275e+01     9.5960      1.926      2.793    19.0562   998.4227 0.0000e+00
      1.996      0.099     4.7855     74.227     40.121  35.339916     2.1850      7.029   192.0702 1.4394e+01     9.6545      1.959      2.842    19.0527   998.4236 0.0000e+00
      2.025      0.097     4.7866     74.425     40.108  35.328263     2.1838      7.029   192.0569 1.3672e+01     9.6977      1.988      2.882    19.0462   998.4250 0.0000e+00
      2.050      0.087     4.7929     74.624     40.109  35.328262     2.1686      7.029   192.1306 1.3132e+01     9.6921      2.012      2.919    19.0412   998.4261 0.0000e+00
      2.070      0.072     4.8015     74.776     40.123  35.339906     2.1484      7.029   192.1864 1.2720e+01     9.5861      2.031      2.946    19.0385   998.4267 0.0000e+00
      2.087      0.060     4.8132     74.853     40.125  35.342108     2.1386      7.030   192.2153 1.2397e+01     9.4971      2.048      2.970    19.0373   998.4270 0.0000e+00
      2.099      0.055     4.8265     74.867     40.140  35.354886     2.1285      7.030   192.3074 1.2250e+01     9.5016      2.061      2.989    19.0363   998.4273 0.0000e+00
      2.105      0.056     4.8407     74.818     40.155  35.367475     2.1387      7.030   192.4404 1.2162e+01     9.8044      2.064      2.994    19.0353   998.4275 0.0000e+00
      2.112      0.061     4.8521     74.736     40.156  35.367371     2.1754      7.029   192.5334 1.1912e+01    10.3401      2.067      2.998    19.0351   998.4275 0.0000e+00
      2.128      0.067     4.8553     74.663     40.141  35.353628     2.1996      7.027   192.5707 1.1449e+01    10.6033      2.083      3.021    19.0351   998.4276 0.0000e+00
      2.152      0.072     4.8574     74.602     40.114  35.328251     2.1975      7.026   192.5481 1.0915e+01    10.5620      2.110      3.061    19.0349   998.4278 0.0000e+00
      2.178      0.074     4.8533     74.549     40.099  35.314415     2.1676      7.025   192.5176 1.0463e+01    10.3978      2.137      3.100    19.0346   998.4279 0.0000e+00
      2.201      0.072     4.8463     74.519     40.098  35.313271     2.1325      7.022   192.5461 1.0115e+01    10.2242      2.159      3.132    19.0330   998.4284 0.0000e+00
      2.218      0.065     4.8425     74.514     40.100  35.314415     2.1197      7.021   192.5481 9.8701e+00    10.1995      2.177      3.158    19.0310   998.4289 0.0000e+00
      2.232      0.058     4.8385     74.514     40.116  35.328253     2.1267      7.022   192.5418 9.7212e+00    10.2310      2.190      3.176    19.0305   998.4290 0.0000e+00
      2.242      0.053     4.8348     74.509     40.146  35.353639     2.1822      7.023   192.6425 9.5843e+00    10.2437      2.198      3.187    19.0302   998.4291 0.0000e+00
      2.252      0.052     4.8325     74.506     40.162  35.367477     2.2701      7.024   192.8191 9.4044e+00    10.2550      2.208      3.202    19.0293   998.4293 0.0000e+00
      2.264      0.054     4.8335     74.515     40.166  35.368632     2.3131      7.024   192.9565 9.2064e+00    10.2371      2.220      3.219    19.0287   998.4295 0.0000e+00
      2.278      0.059     4.8332     74.538     40.169  35.367602     2.3210      7.025   192.9275 8.9584e+00    10.1903      2.233      3.238    19.0279   998.4297 0.0000e+00
      2.295      0.066     4.8331     74.547     40.159  35.355013     2.3224      7.026   192.9850 8.6419e+00    10.1480      2.250      3.264    19.0271   998.4300 0.0000e+00
      2.314      0.075     4.8328     74.533     40.151  35.343361     2.3568      7.024   193.3935 8.3342e+00    10.1850      2.269      3.292    19.0262   998.4302 0.0000e+00
      2.333      0.085     4.8327     74.505     40.167  35.353644     2.4330      7.019   193.7361 8.0496e+00    10.3095      2.288      3.318    19.0246   998.4306 0.0000e+00
      2.352      0.095     4.8365     74.472     40.171  35.352396     2.4809      7.015   193.7718 7.7287e+00    10.4084      2.305      3.343    19.0203   998.4315 0.0000e+00
      2.377      0.104     4.8372     74.431     40.148  35.328268     2.4933      7.014   193.7393 7.3134e+00    10.3971      2.327      3.376    19.0143   998.4328 0.0000e+00
      2.408      0.111     4.8366     74.366     40.138  35.315784     2.4264      7.013   193.6865 6.8132e+00    10.2058      2.360      3.423    19.0091   998.4340 0.0000e+00
      2.443      0.117     4.8352     74.285     40.157  35.328383     2.2963      7.011   193.6496 6.3571e+00     9.8986      2.398      3.478    19.0039   998.4351 0.0000e+00
      2.474      0.120     4.8332     74.183     40.189  35.353657     2.2388      7.009   193.7234 6.0140e+00     9.7305      2.428      3.522    18.9978   998.4365 0.0000e+00
      2.503      0.116     4.8328     74.066     40.208  35.367495     2.2421      7.007   193.8048 5.7030e+00     9.7130      2.452      3.556    18.9923   998.4377 0.0000e+00
      2.534      0.106     4.8275     73.942     40.212  35.368754     2.2673      7.007   193.8593 5.3875e+00     9.7203      2.485      3.604    18.9880   998.4387 0.0000e+00
      2.565      0.096     4.8233     73.769     40.212  35.368869     2.3268      7.008   193.9533 5.1382e+00     9.7203      2.519      3.654    18.9835   998.4398 0.0000e+00
      2.590      0.087     4.8172     73.528     40.212  35.368880     2.3717      7.008   194.0804 4.9699e+00     9.7129      2.542      3.686    18.9787   998.4408 0.0000e+00
      2.606      0.079     4.8086     73.241     40.212  35.368891     2.3850      7.008   194.1053 4.8074e+00     9.7286      2.556      3.708    18.9749   998.4416 0.0000e+00
      2.621      0.073     4.8032     72.941     40.213  35.369005     2.4182      7.007   193.9961 4.6295e+00     9.7463      2.570      3.727    18.9731   998.4420 0.0000e+00
      2.636      0.072     4.7920     72.664     40.217  35.370254     2.4703      7.006   194.0508 4.4542e+00     9.7306      2.583      3.746    18.9732   998.4420 0.0000e+00
      2.654      0.076     4.7756     72.449     40.236  35.383997     2.4945      7.004   194.2502 4.2906e+00     9.7030      2.602      3.774    18.9741   998.4420 0.0000e+00
      2.673      0.081     4.7562     72.313     40.266  35.408221     2.5034      7.002   194.3418 4.1496e+00     9.7078      2.622      3.803    18.9740   998.4421 0.0000e+00
      2.694      0.086     4.7359     72.203     40.270  35.409262     2.4914      7.001   194.3841 3.9810e+00     9.6565      2.639      3.829    18.9728   998.4423 0.0000e+00
      2.719      0.087     4.7175     72.060     40.257  35.396578     2.4525      7.000   194.4179 3.7710e+00     9.5085      2.666      3.867    18.9700   998.4430 0.0000e+00
      2.747      0.087     4.7028     71.892     40.242  35.381806     2.4323      6.998   194.4929 3.5883e+00     9.4260      2.697      3.911    18.9664   998.4439 0.0000e+00
      2.771      0.087     4.6959     71.720     40.216  35.357582     2.4289      6.997   194.6023 3.4754e+00     9.4465      2.720      3.945    18.9629   998.4447 0.0000e+00
      2.788      0.086     4.6913     71.531     40.217  35.357564     2.4206      6.996   194.6214 3.3911e+00     9.4611      2.734      3.966    18.9601   998.4453 0.0000e+00
      2.805      0.081     4.6813     71.345     40.247  35.381587     2.3922      6.995   194.6375 3.2646e+00     9.3409      2.748      3.986    18.9580   998.4458 0.0000e+00
      2.828      0.075     4.6695     71.202     40.263  35.394166     2.3552      6.995   194.7113 3.1069e+00     9.1072      2.772      4.020    18.9567   998.4462 0.0000e+00
      2.853      0.070     4.6596     71.119     40.251  35.382711     2.3455      6.995   194.9123 2.9692e+00     8.9616      2.800      4.061    18.9554   998.4465 0.0000e+00
      2.873      0.069     4.6469     71.101     40.237  35.370017     2.3520      6.995   195.1741 2.8774e+00     8.9571      2.821      4.091    18.9537   998.4469 0.0000e+00
      2.886      0.070     4.6334     71.150     40.237  35.367624     2.3302      6.995   195.2957 2.8205e+00     9.0851      2.831      4.106    18.9516   998.4474 0.0000e+00
      2.896      0.070     4.6247     71.250     40.224  35.353778     2.2730      6.993   195.3500 2.7602e+00     9.2316      2.836      4.113    18.9495   998.4479 0.0000e+00
      2.911      0.071     4.6190     71.386     40.199  35.329536     2.2328      6.991   195.4007 2.6622e+00     9.2540      2.851      4.134    18.9481   998.4482 0.0000e+00
      2.934      0.073     4.6178     71.528     40.200  35.328392     2.2345      6.991   195.4788 2.5299e+00     9.2566      2.876      4.173    18.9469   998.4485 0.0000e+00
