Data/DataNotYetUploadedToEDI/Raw_CTD/RawDownloads/101119_fcr45.cnv
* Sea-Bird SBE19plus  Data File:
* FileName = C:\DATA\101619_unknown_0008.hex
* Software version 2.8.0.119 SB_Terminal.dll
* Temperature SN = 7809
* Conductivity SN = 7809
* System UpLoad Time = Oct 16 2019 07:57:25
* <ApplicationData>
* <Seaterm232>
# nquan = 16
# nvalues = 430                         
# units = specified
# name 0 = depFM: Depth [fresh water, m]
# name 1 = dz/dtM: Descent Rate [m/s]
# name 2 = sbeox0ML/L: Oxygen, SBE 43 [ml/l]
# name 3 = sbeox0PS: Oxygen, SBE 43 [% saturation]
# name 4 = specc: Specific Conductance [uS/cm]
# name 5 = c0uS/cm: Conductivity [uS/cm]
# name 6 = flECO-AFL: Fluorescence, WET Labs ECO-AFL/FL [mg/m^3]
# name 7 = ph: pH
# name 8 = orp: Oxidation Reduction Potential [mV]
# name 9 = par/sat/log: PAR/Logarithmic, Satlantic
# name 10 = turbWETntu0: Turbidity, WET Labs ECO [NTU]
# name 11 = prdM: Pressure, Strain Gauge [db]
# name 12 = prdE: Pressure, Strain Gauge [psi]
# name 13 = tv290C: Temperature [ITS-90, deg C]
# name 14 = density00: Density [density, kg/m^3]
# name 15 = flag:  0.000e+00
# span 0 =     -0.540,      6.539       
# span 1 =     -0.017,      0.262       
# span 2 =    -0.0537,     5.8403       
# span 3 =     -0.774,     91.346       
# span 4 =      5.071,    113.502       
# span 5 =   4.427207,  94.300668       
# span 6 =    -0.1463,     4.5032       
# span 7 =      6.289,      7.404       
# span 8 =    39.3095,   362.3811       
# span 9 = 1.2355e-01, 1.1035e+03       
# span 10 =    -0.7357,    16.4826      
# span 11 =     -0.530,      6.413      
# span 12 =     -0.769,      9.301      
# span 13 =    13.1054,    20.2580      
# span 14 =   998.1708,   999.4195      
# span 15 = 0.0000e+00, 0.0000e+00      
# interval = seconds: 0.25
# start_time = Oct 11 2019 12:54:54 [Instrument's time stamp, header]
# bad_flag = -9.990e-29
*END*
     -0.539      0.000     5.8403     89.095      5.533   4.827170     1.7081      6.318   355.6800 2.4332e+02    -0.7357     -0.529     -0.767    18.6199   998.4848 0.0000e+00
     -0.539      0.000     5.8359     89.085      5.117   4.464834     1.7554      6.310   362.3811 2.4966e+02    -0.7316     -0.529     -0.767    18.6190   998.4850 0.0000e+00
     -0.539      0.002     5.8328     89.094      5.071   4.427207     1.7175      6.289   311.4775 2.6319e+02    -0.7134     -0.529     -0.767    18.6170   998.4856 0.0000e+00
     -0.540      0.011     5.8314     89.131      7.757   6.780435     1.2324      6.326   201.9814 2.8725e+02    -0.7117     -0.529     -0.768    18.6157   998.4864 0.0000e+00
     -0.540      0.033     5.8266     89.227     17.166  15.043780     0.3550      6.522   166.8774 3.3225e+02    -0.7113     -0.529     -0.768    18.6126   998.4872 0.0000e+00
     -0.539      0.068     5.8273     89.340     30.517  26.855050    -0.1168      6.806   183.2704 3.9770e+02    -0.7084     -0.530     -0.769    18.6157   998.4862 0.0000e+00
     -0.532      0.111     5.8241     89.434     38.452  34.033245    -0.1463      7.045   183.3692 4.4700e+02    -0.5453     -0.528     -0.766    18.6477   998.4803 0.0000e+00
     -0.503      0.153     5.8212     89.562     40.188  35.796366     0.1109      7.204   181.8392 4.6852e+02     1.6865     -0.506     -0.734    18.6729   998.4754 0.0000e+00
     -0.445      0.192     5.8275     89.767     40.328  36.114896     0.6268      7.298   178.5376 4.6992e+02     5.8591     -0.445     -0.645    18.6905   998.4749 0.0000e+00
     -0.369      0.227     5.8139     90.023     40.219  36.171096     0.9241      7.353   173.1333 5.7111e+02     8.1539     -0.360     -0.522    18.8772   998.4453 0.0000e+00
     -0.298      0.253     5.7755     90.318     40.011  36.095239     0.9656      7.385   169.7541 8.5594e+02     8.3929     -0.284     -0.412    19.2404   998.3765 0.0000e+00
     -0.241      0.262     5.7456     90.637     39.854  36.023001     1.0852      7.400   171.6657 1.0765e+03     9.0755     -0.237     -0.342    19.5538   998.3138 0.0000e+00
     -0.181      0.252     5.7341     90.932     39.785  35.995944     1.3124      7.404   173.7039 9.7208e+02    10.3446     -0.190     -0.276    19.7864   998.2670 0.0000e+00
     -0.103      0.231     5.7277     91.142     39.798  36.022028     1.4413      7.401   173.3187 8.2363e+02    11.0214     -0.098     -0.142    19.9828   998.2271 0.0000e+00
     -0.029      0.206     5.7305     91.192     39.863  36.084506     1.4563      7.396   172.3426 9.6443e+02    11.0650     -0.015     -0.022    20.1219   998.1987 0.0000e+00
      0.021      0.177     5.7435     91.115     39.904  36.116660     1.4760      7.388   169.3010 1.0545e+03    11.0680      0.025      0.036    20.2046   998.1817 0.0000e+00
      0.056      0.145     5.7578     91.005     39.902  36.093428     1.4975      7.378   164.3339 9.6398e+02    11.0583      0.058      0.084    20.2420   998.1739 0.0000e+00
      0.082      0.115     5.7732     90.989     39.904  36.057467     1.5080      7.368   161.0700 9.4307e+02    11.0458      0.085      0.123    20.2568   998.1709 0.0000e+00
      0.098      0.093     5.7746     91.168     39.946  36.062638     1.5167      7.360   159.8651 1.0051e+03    11.0480      0.097      0.141    20.2580   998.1708 0.0000e+00
      0.113      0.079     5.7671     91.346     39.997  36.092425     1.4897      7.353   158.9716 9.8084e+02    10.9545      0.107      0.155    20.2568   998.1711 0.0000e+00
      0.134      0.067     5.7619     91.201     40.012  36.100250     1.4243      7.347   158.1827 8.0981e+02    10.7345      0.131      0.190    20.2334   998.1761 0.0000e+00
      0.159      0.056     5.7610     90.579     40.010  36.093773     1.3853      7.340   157.5547 7.0171e+02    10.5834      0.159      0.230    20.1719   998.1891 0.0000e+00
      0.178      0.046     5.7846     89.479     40.005  36.077569     1.3820      7.334   157.1421 7.0018e+02    10.5703      0.180      0.260    20.1238   998.1992 0.0000e+00
      0.185      0.035     5.8072     88.073     39.975  36.031254     1.3847      7.330   157.0658 7.4641e+02    10.5755      0.185      0.269    20.1097   998.2021 0.0000e+00
      0.184      0.025     5.7997     86.567     39.947  35.978064     1.3913      7.325   159.1268 9.5511e+02    10.4163      0.180      0.261    20.1078   998.2026 0.0000e+00
      0.184      0.015     5.7623     85.059     39.938  35.942188     1.4009      7.319   163.1333 1.1035e+03    10.1203      0.179      0.259    20.1031   998.2034 0.0000e+00
      0.188      0.010     5.6889     83.648     39.930  35.914800     1.3969      7.313   164.0363 9.5771e+02     9.9464      0.184      0.266    20.0904   998.2061 0.0000e+00
      0.193      0.009     5.5961     82.443     39.926  35.900771     1.3861      7.307   161.2700 8.0302e+02     9.9200      0.190      0.276    20.0666   998.2111 0.0000e+00
      0.198      0.010     5.5045     81.449     39.930  35.899496     1.4006      7.302   160.7458 7.3749e+02     9.9641      0.195      0.284    20.0269   998.2192 0.0000e+00
      0.198      0.011     5.4102     80.571     39.931  35.899380     1.4344      7.297   163.4626 7.2225e+02    10.0536      0.196      0.283    19.9875   998.2274 0.0000e+00
      0.198      0.012     5.3199     79.744     39.929  35.899369     1.4560      7.292   165.0381 7.7503e+02    10.0853      0.194      0.281    19.9635   998.2324 0.0000e+00
      0.200      0.013     5.2440     78.929     39.928  35.899359     1.4536      7.288   163.4474 7.9091e+02    10.0520      0.195      0.282    19.9515   998.2348 0.0000e+00
      0.204      0.014     5.1847     78.109     39.931  35.899255     1.4485      7.284   159.9748 7.5044e+02    10.0112      0.199      0.289    19.9473   998.2357 0.0000e+00
      0.211      0.016     5.1300     77.340     39.937  35.898111     1.4553      7.281   157.5534 7.0456e+02     9.9523      0.207      0.301    19.9459   998.2361 0.0000e+00
      0.217      0.017     5.0773     76.703     39.934  35.885523     1.4583      7.277   156.7985 6.8053e+02     9.8978      0.215      0.312    19.9481   998.2356 0.0000e+00
      0.221      0.017     5.0271     76.290     39.934  35.873974     1.4502      7.273   156.3535 6.8596e+02     9.9089      0.218      0.316    19.9514   998.2349 0.0000e+00
      0.223      0.015     4.9723     76.176     39.959  35.885401     1.4702      7.269   155.8734 6.9763e+02    10.1849      0.218      0.317    19.9479   998.2357 0.0000e+00
      0.227      0.011     4.9234     76.382     39.985  35.896732     1.5342      7.266   155.4671 6.8526e+02    10.6453      0.222      0.323    19.9401   998.2373 0.0000e+00
      0.232      0.008     4.8814     76.840     39.985  35.884020     1.5739      7.264   155.3131 6.9432e+02    10.8553      0.228      0.331    19.9273   998.2400 0.0000e+00
      0.234      0.005     4.8547     77.410     39.970  35.858622     1.5684      7.262   155.1294 7.3128e+02    10.8226      0.231      0.335    19.9114   998.2432 0.0000e+00
      0.234      0.002     4.8483     77.989     39.970  35.843515     1.5462      7.257   154.7949 7.3256e+02    10.7425      0.230      0.335    19.8974   998.2460 0.0000e+00
      0.233     -0.002     4.8638     78.501     39.974  35.828288     1.5232      7.253   154.5383 6.9925e+02    10.6732      0.229      0.332    19.8835   998.2490 0.0000e+00
      0.231     -0.004     4.8994     78.893     39.969  35.801426     1.5148      7.250   154.3498 6.7794e+02    10.6727      0.227      0.330    19.8668   998.2524 0.0000e+00
      0.230     -0.004     4.9385     79.140     39.962  35.772582     1.5145      7.247   154.1505 6.7660e+02    10.6379      0.226      0.327    19.8523   998.2552 0.0000e+00
      0.228     -0.003     4.9790     79.219     39.942  35.733389     1.5192      7.244   154.0216 6.6131e+02    10.5483      0.224      0.325    19.8363   998.2586 0.0000e+00
      0.227     -0.002     5.0155     79.135     39.935  35.708347     1.5799      7.241   154.2532 6.4163e+02    10.5390      0.223      0.324    19.8117   998.2637 0.0000e+00
      0.227      0.000     5.0433     78.967     39.970  35.723657     1.6943      7.237   156.0907 6.5532e+02    10.5920      0.223      0.323    19.7827   998.2695 0.0000e+00
      0.227      0.002     5.0634     78.794     39.991  35.728065     1.7569      7.233   157.8262 6.8207e+02    10.6315      0.222      0.323    19.7521   998.2757 0.0000e+00
      0.228      0.002     5.0710     78.606     39.971  35.698157     1.7564      7.229   156.5672 6.8677e+02    10.6557      0.224      0.325    19.7249   998.2813 0.0000e+00
      0.230      0.000     5.0662     78.378     39.961  35.679372     1.7663      7.224   154.8923 6.8137e+02    10.7537      0.226      0.327    19.7035   998.2857 0.0000e+00
      0.233     -0.003     5.0539     78.113     39.985  35.691337     1.7988      7.220   154.6973 6.9207e+02    10.9639      0.227      0.330    19.6839   998.2897 0.0000e+00
      0.234     -0.006     5.0465     77.837     40.023  35.715873     1.8197      7.215   156.6175 7.1054e+02    11.1004      0.232      0.336    19.6651   998.2935 0.0000e+00
      0.230     -0.008     5.0365     77.585     40.041  35.722144     1.8281      7.209   160.2992 7.0823e+02    11.0925      0.227      0.330    19.6494   998.2966 0.0000e+00
      0.223     -0.008     5.0229     77.335     40.033  35.703670     1.8308      7.202   162.1292 6.9658e+02    11.0005      0.217      0.314    19.6368   998.2992 0.0000e+00
      0.218     -0.007     5.0070     77.035     40.022  35.682909     1.8268      7.197   160.9341 7.5342e+02    10.8716      0.213      0.308    19.6262   998.3013 0.0000e+00
      0.218     -0.004     4.9883     76.648     40.010  35.661523     1.8317      7.193   159.6157 8.9895e+02    10.8456      0.213      0.309    19.6148   998.3036 0.0000e+00
      0.219      0.001     4.9750     76.201     39.993  35.635493     1.8377      7.189   160.4713 9.5573e+02    10.9151      0.214      0.312    19.6018   998.3062 0.0000e+00
      0.221      0.005     4.9612     75.757     39.988  35.622041     1.8563      7.186   160.2666 8.3993e+02    11.0245      0.216      0.314    19.5882   998.3090 0.0000e+00
      0.222      0.007     4.9447     75.357     40.001  35.625813     1.9004      7.181   157.5703 7.2628e+02    11.1855      0.218      0.316    19.5739   998.3119 0.0000e+00
      0.225      0.007     4.9206     75.031     39.999  35.617622     1.9291      7.177   155.5753 6.9766e+02    11.2880      0.221      0.321    19.5604   998.3146 0.0000e+00
      0.227      0.008     4.8907     74.773     39.971  35.586460     1.9345      7.175   154.9017 7.0556e+02    11.3131      0.223      0.323    19.5477   998.3172 0.0000e+00
      0.229      0.009     4.8634     74.564     39.954  35.566379     1.9655      7.174   154.5872 7.0606e+02    11.5211      0.225      0.326    19.5361   998.3195 0.0000e+00
      0.231      0.010     4.8371     74.411     39.959  35.565225     2.0180      7.171   154.3546 6.8529e+02    11.9358      0.226      0.328    19.5264   998.3215 0.0000e+00
      0.232      0.010     4.8173     74.288     39.971  35.572498     2.0400      7.169   154.0682 6.8633e+02    12.1648      0.227      0.329    19.5183   998.3231 0.0000e+00
      0.235      0.010     4.8030     74.165     39.995  35.590843     2.0417      7.167   153.7923 6.9635e+02    12.1274      0.230      0.334    19.5105   998.3247 0.0000e+00
      0.240      0.010     4.7884     74.058     40.005  35.596612     2.0639      7.165   153.6855 6.7051e+02    11.8445      0.235      0.341    19.5031   998.3262 0.0000e+00
      0.243      0.009     4.7807     73.996     39.987  35.578772     2.1008      7.163   153.6370 6.3951e+02    11.3657      0.239      0.346    19.4973   998.3274 0.0000e+00
      0.245      0.008     4.7742     73.977     39.974  35.565557     2.1235      7.160   153.5502 6.3642e+02    11.0897      0.240      0.348    19.4928   998.3283 0.0000e+00
      0.246      0.006     4.7660     73.977     39.972  35.563773     2.1211      7.155   153.4967 6.2803e+02    11.0635      0.241      0.349    19.4888   998.3291 0.0000e+00
      0.247      0.004     4.7586     73.967     39.965  35.557200     2.1066      7.150   153.5059 5.9253e+02    11.0494      0.242      0.351    19.4854   998.3297 0.0000e+00
      0.248      0.002     4.7548     73.911     39.957  35.549545     2.1043      7.145   153.4893 5.6410e+02    10.8856      0.243      0.352    19.4826   998.3303 0.0000e+00
      0.249      0.002     4.7545     73.767     39.940  35.534698     2.1112      7.141   153.3818 5.4224e+02    10.5913      0.244      0.354    19.4807   998.3307 0.0000e+00
      0.249      0.002     4.7552     73.503     39.906  35.504627     2.1122      7.137   153.2395 5.0763e+02    10.4083      0.244      0.354    19.4802   998.3308 0.0000e+00
      0.249      0.003     4.7555     73.144     39.905  35.503301     2.1075      7.133   153.1446 4.8459e+02    10.4095      0.243      0.353    19.4803   998.3308 0.0000e+00
      0.249      0.005     4.7525     72.723     39.922  35.518671     2.0805      7.128   153.1817 4.7306e+02    10.6377      0.243      0.353    19.4801   998.3308 0.0000e+00
      0.250      0.008     4.7448     72.243     39.901  35.500050     2.0369      7.122   153.2577 4.6154e+02    10.9719      0.246      0.356    19.4802   998.3308 0.0000e+00
      0.251      0.010     4.7266     71.749     39.865  35.468563     2.0135      7.116   153.2038 4.5734e+02    11.1081      0.247      0.357    19.4807   998.3307 0.0000e+00
      0.254      0.011     4.7023     71.310     39.850  35.455315     2.0064      7.108   153.1315 4.5531e+02    11.0731      0.246      0.358    19.4810   998.3306 0.0000e+00
      0.260      0.011     4.6762     70.903     39.864  35.466801     1.9848      7.103   153.1578 4.5595e+02    10.8760      0.254      0.369    19.4804   998.3308 0.0000e+00
      0.266      0.011     4.6444     70.483     39.879  35.480510     1.9604      7.100   153.1785 4.6754e+02    10.5597      0.264      0.383    19.4809   998.3307 0.0000e+00
      0.268      0.010     4.6092     70.058     39.895  35.494128     1.9551      7.097   153.1230 5.0229e+02    10.4279      0.265      0.384    19.4819   998.3305 0.0000e+00
      0.268      0.008     4.5829     69.615     39.907  35.504513     1.9548      7.094   153.0894 5.3301e+02    10.4946      0.261      0.378    19.4811   998.3306 0.0000e+00
      0.268      0.006     4.5585     69.178     39.878  35.479134     2.0094      7.091   153.2019 5.2432e+02    11.1694      0.262      0.380    19.4804   998.3308 0.0000e+00
      0.270      0.006     4.5298     68.793     39.836  35.441158     2.1205      7.089   153.2791 4.8765e+02    12.4913      0.266      0.386    19.4802   998.3309 0.0000e+00
      0.272      0.006     4.5038     68.408     39.820  35.426167     2.1800      7.087   153.2482 4.4005e+02    13.2709      0.267      0.387    19.4802   998.3309 0.0000e+00
      0.274      0.005     4.4753     67.986     39.819  35.424813     2.1830      7.086   153.3454 4.0805e+02    13.3202      0.269      0.389    19.4799   998.3310 0.0000e+00
      0.278      0.004     4.4438     67.551     39.820  35.424783     2.1909      7.084   153.5078 4.0856e+02    13.2173      0.274      0.397    19.4796   998.3311 0.0000e+00
      0.279      0.005     4.4224     67.099     39.821  35.425812     2.2154      7.081   153.5763 4.3217e+02    13.1083      0.275      0.399    19.4795   998.3311 0.0000e+00
      0.275      0.006     4.3989     66.666     39.835  35.437257     2.2349      7.078   153.5718 4.6242e+02    13.0837      0.270      0.391    19.4789   998.3312 0.0000e+00
      0.273      0.006     4.3693     66.277     39.835  35.436217     2.2455      7.075   153.5385 4.8068e+02    13.1162      0.266      0.386    19.4777   998.3314 0.0000e+00
