Data/DataNotYetUploadedToEDI/Raw_CTD/RawDownloads/101119_fcr20.cnv
* Sea-Bird SBE19plus  Data File:
* FileName = C:\DATA\101619_unknown_0006.hex
* Software version 2.8.0.119 SB_Terminal.dll
* Temperature SN = 7809
* Conductivity SN = 7809
* System UpLoad Time = Oct 16 2019 07:56:48
* <ApplicationData>
* <Seaterm232>
# nquan = 16
# nvalues = 358                         
# units = specified
# name 0 = depFM: Depth [fresh water, m]
# name 1 = dz/dtM: Descent Rate [m/s]
# name 2 = sbeox0ML/L: Oxygen, SBE 43 [ml/l]
# name 3 = sbeox0PS: Oxygen, SBE 43 [% saturation]
# name 4 = specc: Specific Conductance [uS/cm]
# name 5 = c0uS/cm: Conductivity [uS/cm]
# name 6 = flECO-AFL: Fluorescence, WET Labs ECO-AFL/FL [mg/m^3]
# name 7 = ph: pH
# name 8 = orp: Oxidation Reduction Potential [mV]
# name 9 = par/sat/log: PAR/Logarithmic, Satlantic
# name 10 = turbWETntu0: Turbidity, WET Labs ECO [NTU]
# name 11 = prdM: Pressure, Strain Gauge [db]
# name 12 = prdE: Pressure, Strain Gauge [psi]
# name 13 = tv290C: Temperature [ITS-90, deg C]
# name 14 = density00: Density [density, kg/m^3]
# name 15 = flag:  0.000e+00
# span 0 =     -0.521,      3.644       
# span 1 =     -0.005,      0.181       
# span 2 =     3.6745,     6.2648       
# span 3 =     58.255,     99.561       
# span 4 =     31.760,     42.385       
# span 5 =  29.140470,  37.440424       
# span 6 =    -0.1341,    78.0169       
# span 7 =      7.100,      8.857       
# span 8 =   -75.5830,   216.9896       
# span 9 = 1.2365e-01, 1.3764e+03       
# span 10 =    -0.3944,    41.4439      
# span 11 =     -0.518,      3.574      
# span 12 =     -0.752,      5.183      
# span 13 =    18.5359,    20.9695      
# span 14 =   998.0064,   998.5303      
# span 15 = 0.0000e+00, 0.0000e+00      
# interval = seconds: 0.25
# start_time = Oct 11 2019 12:42:57 [Instrument's time stamp, header]
# bad_flag = -9.990e-29
*END*
[from data line 181]
      2.252      0.107     4.9135     76.351     40.179  35.297915     2.7868      7.422   212.4737 1.1972e+01     9.9538      2.207      3.201    18.9250   998.4497 0.0000e+00
      2.282      0.104     4.9299     76.347     40.200  35.311535     2.7885      7.417   212.5796 1.1288e+01     9.9020      2.238      3.247    18.9247   998.4499 0.0000e+00
      2.314      0.097     4.9446     76.306     40.203  35.311535     2.7764      7.413   212.6367 1.0706e+01     9.7580      2.271      3.292    18.9242   998.4502 0.0000e+00
      2.342      0.089     4.9592     76.256     40.188  35.297915     2.7614      7.409   212.7344 1.0309e+01     9.5551      2.300      3.336    18.9248   998.4501 0.0000e+00
      2.362      0.081     4.9662     76.229     40.160  35.273797     2.7549      7.405   212.9005 1.0066e+01     9.4483      2.318      3.364    18.9221   998.4508 0.0000e+00
      2.374      0.075     4.9634     76.192     40.162  35.273807     2.7507      7.402   213.0103 9.8458e+00     9.4498      2.328      3.376    18.9141   998.4524 0.0000e+00
      2.387      0.071     4.9624     76.083     40.193  35.298030     2.7621      7.401   213.1152 9.5583e+00     9.5410      2.339      3.393    18.9092   998.4534 0.0000e+00
      2.405      0.073     4.9567     75.939     40.213  35.312794     2.7968      7.399   213.3082 9.2179e+00     9.6987      2.358      3.419    18.9112   998.4531 0.0000e+00
      2.426      0.080     4.9556     75.852     40.228  35.325384     2.8233      7.393   213.4507 8.8847e+00     9.7836      2.380      3.451    18.9134   998.4527 0.0000e+00
      2.447      0.089     4.9569     75.876     40.228  35.323304     2.8233      7.386   213.4626 8.5768e+00     9.7814      2.400      3.481    18.9107   998.4534 0.0000e+00
      2.469      0.096     4.9476     75.907     40.192  35.287647     2.8400      7.380   213.4519 8.2150e+00     9.8039      2.419      3.509    18.9056   998.4545 0.0000e+00
      2.495      0.099     4.9377     75.899     40.185  35.275059     2.8866      7.376   213.5798 7.7889e+00     9.8907      2.445      3.546    18.9029   998.4551 0.0000e+00
      2.525      0.099     4.9280     75.975     40.220  35.298035     2.9186      7.371   213.8900 7.3768e+00     9.9460      2.477      3.593    18.9017   998.4554 0.0000e+00
      2.554      0.100     4.9348     76.123     40.242  35.311551     2.9324      7.364   214.1920 7.0263e+00     9.9481      2.507      3.636    18.9000   998.4560 0.0000e+00
      2.578      0.103     4.9397     76.124     40.248  35.311540     2.9667      7.354   214.4774 6.7511e+00     9.9493      2.529      3.670    18.8956   998.4569 0.0000e+00
      2.599      0.105     4.9337     75.839     40.241  35.297901     3.0208      7.345   214.7597 6.4996e+00     9.9273      2.548      3.697    18.8862   998.4588 0.0000e+00
      2.622      0.106     4.9401     75.333     40.224  35.273565     3.0408      7.340   214.8517 6.2042e+00     9.9123      2.570      3.727    18.8761   998.4609 0.0000e+00
      2.651      0.106     4.9572     74.687     40.233  35.271164     3.0344      7.338   214.8161 5.8578e+00     9.9637      2.598      3.768    18.8695   998.4623 0.0000e+00
      2.685      0.106     4.9628     73.937     40.240  35.268858     3.0396      7.337   214.8447 5.5165e+00     9.9918      2.634      3.819    18.8633   998.4637 0.0000e+00
      2.716      0.106     4.9408     73.159     40.224  35.245666     3.0338      7.334   214.9391 5.2660e+00     9.8919      2.668      3.869    18.8544   998.4656 0.0000e+00
      2.741      0.105     4.9076     72.494     40.236  35.244607     3.0081      7.330   215.0971 5.0937e+00     9.7386      2.690      3.901    18.8421   998.4680 0.0000e+00
      2.761      0.103     4.8667     72.099     40.262  35.256052     2.9892      7.325   215.2075 4.8897e+00     9.6783      2.706      3.925    18.8283   998.4708 0.0000e+00
      2.785      0.100     4.8175     72.097     40.274  35.257093     2.9779      7.321   215.2411 4.6214e+00     9.7194      2.729      3.958    18.8177   998.4730 0.0000e+00
      2.813      0.097     4.7641     72.507     40.281  35.257178     2.8893      7.318   215.3313 4.3575e+00     9.6455      2.758      4.001    18.8081   998.4750 0.0000e+00
      2.843      0.097     4.7183     73.220     40.284  35.257073     2.7236      7.315   215.4373 4.1510e+00     9.4081      2.789      4.046    18.7938   998.4779 0.0000e+00
      2.869      0.098     4.6911     74.130     40.287  35.255815     2.6306      7.311   215.5761 4.0026e+00     9.2415      2.817      4.085    18.7785   998.4809 0.0000e+00
      2.889      0.098     4.6907     75.130     40.282  35.241969     2.6230      7.306   215.7189 3.8705e+00     9.2049      2.833      4.110    18.7661   998.4835 0.0000e+00
      2.909      0.098     4.7225     76.046     40.271  35.216584     2.5970      7.301   215.7871 3.7137e+00     9.2266      2.850      4.134    18.7581   998.4850 0.0000e+00
      2.934      0.098     4.7715     76.712     40.272  35.202738     2.5342      7.296   215.8851 3.5304e+00     9.2748      2.876      4.171    18.7558   998.4856 0.0000e+00
      2.963      0.101     4.8320     77.016     40.282  35.201482     2.4962      7.290   216.1294 3.3464e+00     9.2966      2.906      4.214    18.7546   998.4861 0.0000e+00
      2.992      0.106     4.9038     76.900     40.291  35.201379     2.5010      7.284   216.3309 3.1952e+00     9.2933      2.936      4.258    18.7429   998.4884 0.0000e+00
      3.018      0.108     4.9695     76.410     40.303  35.201485     2.5228      7.279   216.3434 3.0528e+00     9.3666      2.960      4.293    18.7190   998.4930 0.0000e+00
      3.042      0.108     5.0173     75.656     40.319  35.202755     2.5516      7.276   216.3665 2.8830e+00     9.4946      2.982      4.324    18.6984   998.4972 0.0000e+00
      3.072      0.105     5.0405     74.759     40.350  35.216709     2.5635      7.275   216.5245 2.7165e+00     9.5297      3.011      4.367    18.6875   998.4994 0.0000e+00
      3.103      0.102     5.0321     73.837     40.393  35.243243     2.5537      7.273   216.7043 2.5820e+00     9.4628      3.046      4.417    18.6813   998.5007 0.0000e+00
      3.129      0.098     4.9981     72.957     40.433  35.269691     2.5371      7.271   216.7343 2.4624e+00     9.2759      3.070      4.453    18.6695   998.5031 0.0000e+00
      3.152      0.094     4.9484     72.163     40.456  35.282606     2.5194      7.268   216.7152 2.3508e+00     9.0062      3.090      4.482    18.6509   998.5069 0.0000e+00
      3.174      0.093     4.8882     71.523     40.453  35.272441     2.5044      7.263   216.8177 2.2639e+00     8.8567      3.113      4.515    18.6339   998.5101 0.0000e+00
      3.195      0.093     4.8279     71.056     40.466  35.273713     2.4951      7.258   216.9400 2.1949e+00     8.8123      3.134      4.544    18.6196   998.5130 0.0000e+00
      3.215      0.096     4.7712     70.741     40.507  35.297968     2.5011      7.254   216.9896 2.1207e+00     8.7646      3.152      4.571    18.6090   998.5152 0.0000e+00
      3.239      0.100     4.7171     70.542     40.533  35.311817     2.5687      7.251   216.9022 2.0237e+00     8.6726      3.173      4.603    18.6032   998.5164 0.0000e+00
      3.268      0.103     4.6761     70.409     40.543  35.314203     2.6802      7.248   216.6574 1.9046e+00     8.5198      3.204      4.647    18.5953   998.5181 0.0000e+00
      3.300      0.107     4.6474     70.298     40.563  35.326812     2.7392      7.243   216.5248 1.8010e+00     8.4249      3.238      4.697    18.5807   998.5210 0.0000e+00
      3.328      0.107     4.6289     70.168     40.578  35.337322     2.7442      7.239   216.5883 1.7255e+00     8.4096      3.266      4.736    18.5653   998.5241 0.0000e+00
      3.353      0.102     4.6187     70.018     40.553  35.314339     2.6713      7.235   216.5657 1.6494e+00     8.3997      3.287      4.767    18.5535   998.5264 0.0000e+00
      3.379      0.092     4.6110     69.858     40.541  35.302799     2.5249      7.232   216.4241 1.5688e+00     8.4042      3.311      4.803    18.5456   998.5280 0.0000e+00
      3.407      0.078     4.6060     69.698     40.566  35.324734     2.4396      7.232   216.3381 1.4963e+00     8.3980      3.342      4.847    18.5408   998.5291 0.0000e+00
      3.430      0.063     4.5974     69.553     40.567  35.325679     2.4290      7.232   216.3004 1.4500e+00     8.3246      3.368      4.885    18.5379   998.5298 0.0000e+00
      3.443      0.048     4.5873     69.429     40.553  35.314224     2.4575      7.232   216.2261 1.4430e+00     8.1401      3.379      4.901    18.5366   998.5301 0.0000e+00
      3.448      0.033     4.5768     69.358     40.550  35.313184     2.5155      7.231   216.2142 1.4601e+00     7.9364      3.381      4.904    18.5362   998.5301 0.0000e+00
      3.450      0.021     4.5654     69.342     40.549  35.313100     2.5490      7.231   216.2428 1.4662e+00     7.8941      3.383      4.906    18.5359   998.5303 0.0000e+00
      3.452      0.012     4.5567     69.337     40.549  35.313205     2.5506      7.231   216.1416 1.4471e+00     7.9239      3.385      4.909    18.5359   998.5302 0.0000e+00
      3.453      0.008     4.5472     69.349     40.549  35.314452     2.5180      7.230   216.0227 1.4324e+00     7.9364      3.387      4.912    18.5366   998.5301 0.0000e+00
      3.456      0.007     4.5417     69.383     40.564  35.328186     2.4584      7.229   216.0102 1.4263e+00     8.0128      3.389      4.916    18.5382   998.5298 0.0000e+00
      3.458      0.008     4.5432     69.423     40.590  35.352314     2.4282      7.229   215.9900 1.4243e+00     8.0936      3.391      4.918    18.5397   998.5295 0.0000e+00
      3.459      0.010     4.5417     69.499     40.587  35.352314     2.4299      7.229   215.8648 1.4345e+00     8.1263      3.392      4.919    18.5402   998.5294 0.0000e+00
      3.461      0.013     4.5418     69.599     40.556  35.328185     2.4353      7.228   215.7872 1.4342e+00     8.1132      3.394      4.922    18.5407   998.5293 0.0000e+00
      3.464      0.016     4.5460     69.696     40.537  35.314452     2.4416      7.227   215.8264 1.4081e+00     8.0996      3.396      4.927    18.5418   998.5291 0.0000e+00
      3.469      0.019     4.5458     69.817     40.533  35.313207     2.4450      7.227   215.8227 1.3709e+00     8.1572      3.401      4.933    18.5438   998.5288 0.0000e+00
      3.476      0.021     4.5515     69.951     40.529  35.313138     2.4422      7.225   215.6555 1.3378e+00     8.1877      3.408      4.943    18.5467   998.5283 0.0000e+00
      3.483      0.021     4.5593     70.046     40.525  35.313625     2.4430      7.223   215.4399 1.3167e+00     8.1400      3.416      4.954    18.5503   998.5276 0.0000e+00
      3.488      0.021     4.5633     70.121     40.529  35.319097     2.5149      7.223   215.3671 1.3033e+00     8.0398      3.422      4.963    18.5541   998.5269 0.0000e+00
      3.493      0.020     4.5711     70.189     40.596  35.379303     2.6525      7.222   215.3772 1.2875e+00     7.9267      3.426      4.970    18.5569   998.5264 0.0000e+00
      3.497      0.019     4.5824     70.238     40.701  35.470353     2.7281      7.221   215.3907 1.2623e+00     7.8870      3.429      4.973    18.5606   998.5257 0.0000e+00
      3.502      0.017     4.5864     70.282     40.698  35.467928     2.7356      7.220   215.3572 1.2241e+00     7.8867      3.433      4.979    18.5654   998.5248 0.0000e+00
      3.507      0.016     4.5903     70.313     40.633  35.413453     2.7255      7.218   215.3162 1.1950e+00     7.8245      3.440      4.989    18.5691   998.5241 0.0000e+00
      3.512      0.016     4.5966     70.318     40.595  35.382928     2.7007      7.216   215.3256 1.1781e+00     7.6930      3.445      4.996    18.5704   998.5239 0.0000e+00
      3.515      0.016     4.5974     70.254     40.559  35.352732     2.6793      7.215   215.2130 1.1522e+00     7.6395      3.447      4.999    18.5694   998.5242 0.0000e+00
      3.518      0.016     4.6027     70.128     40.500  35.302242     2.6658      7.214   215.0734 1.1176e+00     7.7030      3.450      5.004    18.5695   998.5241 0.0000e+00
      3.522      0.016     4.6025     69.976     40.475  35.280208     2.5985      7.213   215.1001 1.0773e+00     7.8379      3.454      5.010    18.5729   998.5235 0.0000e+00
      3.526      0.016     4.6053     69.816     40.543  35.340195     2.4633      7.211   215.1064 1.0381e+00     8.0252      3.459      5.014    18.5772   998.5227 0.0000e+00
      3.531      0.015     4.6004     69.722     40.603  35.392848     2.3752      7.209   215.0633 1.0083e+00     8.0993      3.462      5.021    18.5786   998.5224 0.0000e+00
      3.536      0.013     4.5899     69.687     40.622  35.409078     2.3653      7.208   215.0948 9.8564e-01     8.0457      3.468      5.030    18.5779   998.5226 0.0000e+00
      3.539      0.011     4.5823     69.662     40.622  35.409495     2.4487      7.206   215.0572 9.6586e-01     7.9339      3.472      5.035    18.5786   998.5225 0.0000e+00
      3.541      0.009     4.5669     69.642     40.607  35.397890     2.5939      7.205   214.9526 9.5116e-01     7.7647      3.473      5.037    18.5792   998.5224 0.0000e+00
      3.542      0.009     4.5625     69.662     40.601  35.395690     2.6643      7.204   214.9490 9.3599e-01     7.6708      3.473      5.037    18.5787   998.5224 0.0000e+00
      3.543      0.009     4.5617     69.739     40.584  35.382901     2.6671      7.202   215.0133 9.1916e-01     7.6830      3.474      5.038    18.5782   998.5226 0.0000e+00
      3.544      0.010     4.5600     69.821     40.569  35.370209     2.6276      7.201   215.0421 8.9836e-01     7.8478      3.476      5.041    18.5787   998.5225 0.0000e+00
      3.547      0.012     4.5576     69.903     40.566  35.369169     2.5510      7.198   215.0382 8.6129e-01     8.1549      3.478      5.045    18.5816   998.5219 0.0000e+00
      3.552      0.012     4.5569     70.018     40.566  35.370334     2.5042      7.195   215.0523 8.1804e-01     8.3159      3.483      5.051    18.5855   998.5212 0.0000e+00
      3.557      0.011     4.5648     70.127     40.582  35.384288     2.4947      7.194   215.1270 7.8221e-01     8.3189      3.489      5.060    18.5877   998.5208 0.0000e+00
      3.560      0.010     4.5698     70.186     40.612  35.410950     2.5497      7.192   215.1671 7.7190e-01     8.3220      3.493      5.065    18.5884   998.5207 0.0000e+00
      3.561      0.007     4.5730     70.216     40.644  35.438829     3.1866      7.190   215.1073 7.8544e-01     8.1242      3.493      5.065    18.5898   998.5204 0.0000e+00
      3.561      0.004     4.5821     70.224     40.677  35.467490     4.3428      7.189   215.1774 7.8879e-01     7.7302      3.493      5.065    18.5915   998.5202 0.0000e+00
      3.562      0.002     4.5910     70.205     40.718  35.503608     4.9548      7.189   215.3259 7.7612e-01     7.4911      3.494      5.066    18.5919   998.5201 0.0000e+00
      3.563      0.001     4.5931     70.181     40.780  35.558173     4.9419      7.188   215.3549 7.6573e-01     7.4282      3.495      5.068    18.5922   998.5200 0.0000e+00
      3.563      0.001     4.5951     70.152     40.850  35.619482     4.3521      7.187   215.3555 7.5739e-01     7.5602      3.494      5.068    18.5920   998.5200 0.0000e+00
      3.563      0.001     4.5966     70.070     40.914  35.673654     3.2672      7.186   215.3333 7.4751e-01     7.8421      3.494      5.068    18.5917   998.5201 0.0000e+00
      3.563      0.001     4.5938     69.945     40.952  35.705395     2.6714      7.184   215.2592 7.4020e-01     7.9519      3.495      5.069    18.5925   998.5200 0.0000e+00
      3.564      0.001     4.5922     69.875     40.930  35.685907     2.6190      7.183   215.0620 7.3818e-01     7.9052      3.496      5.070    18.5931   998.5199 0.0000e+00
