Data/DataNotYetUploadedToEDI/Raw_CTD/RawDownloads/101119_fcr45.cnv
* Sea-Bird SBE19plus  Data File:
* FileName = C:\DATA\101619_unknown_0008.hex
* Software version 2.8.0.119 SB_Terminal.dll
* Temperature SN = 7809
* Conductivity SN = 7809
* System UpLoad Time = Oct 16 2019 07:57:25
* <ApplicationData>
* <Seaterm232>
# nquan = 16
# nvalues = 430                         
# units = specified
# name 0 = depFM: Depth [fresh water, m]
# name 1 = dz/dtM: Descent Rate [m/s]
# name 2 = sbeox0ML/L: Oxygen, SBE 43 [ml/l]
# name 3 = sbeox0PS: Oxygen, SBE 43 [% saturation]
# name 4 = specc: Specific Conductance [uS/cm]
# name 5 = c0uS/cm: Conductivity [uS/cm]
# name 6 = flECO-AFL: Fluorescence, WET Labs ECO-AFL/FL [mg/m^3]
# name 7 = ph: pH
# name 8 = orp: Oxidation Reduction Potential [mV]
# name 9 = par/sat/log: PAR/Logarithmic, Satlantic
# name 10 = turbWETntu0: Turbidity, WET Labs ECO [NTU]
# name 11 = prdM: Pressure, Strain Gauge [db]
# name 12 = prdE: Pressure, Strain Gauge [psi]
# name 13 = tv290C: Temperature [ITS-90, deg C]
# name 14 = density00: Density [density, kg/m^3]
# name 15 = flag:  0.000e+00
# span 0 =     -0.540,      6.539       
# span 1 =     -0.017,      0.262       
# span 2 =    -0.0537,     5.8403       
# span 3 =     -0.774,     91.346       
# span 4 =      5.071,    113.502       
# span 5 =   4.427207,  94.300668       
# span 6 =    -0.1463,     4.5032       
# span 7 =      6.289,      7.404       
# span 8 =    39.3095,   362.3811       
# span 9 = 1.2355e-01, 1.1035e+03       
# span 10 =    -0.7357,    16.4826      
# span 11 =     -0.530,      6.413      
# span 12 =     -0.769,      9.301      
# span 13 =    13.1054,    20.2580      
# span 14 =   998.1708,   999.4195      
# span 15 = 0.0000e+00, 0.0000e+00      
# interval = seconds: 0.25
# start_time = Oct 11 2019 12:54:54 [Instrument's time stamp, header]
# bad_flag = -9.990e-29
*END*
[from data line 362]
      5.372      0.121     1.8661     25.069     59.867  45.755855     0.3799      6.465    83.9486 1.2374e-01    14.6328      5.267      7.639    13.2439   999.3962 0.0000e+00
      5.413      0.125     1.8629     24.985     59.896  45.771450     0.3390      6.462    84.9546 1.2376e-01    14.8321      5.310      7.701    13.2420   999.3965 0.0000e+00
      5.452      0.120     1.8560     24.882     59.881  45.754083     0.2814      6.459    86.0094 1.2379e-01    15.1877      5.349      7.758    13.2310   999.3983 0.0000e+00
      5.486      0.109     1.8451     24.777     59.863  45.736382     0.2551      6.459    86.9795 1.2373e-01    15.3925      5.384      7.807    13.2184   999.4000 0.0000e+00
      5.511      0.096     1.8386     24.687     59.881  45.747937     0.2554      6.458    87.8224 1.2368e-01    15.4070      5.409      7.844    13.2108   999.4011 0.0000e+00
      5.527      0.086     1.8346     24.599     59.908  45.766779     0.2503      6.457    88.6289 1.2367e-01    15.4622      5.422      7.863    13.2054   999.4019 0.0000e+00
      5.540      0.080     1.8260     24.518     59.919  45.773693     0.2451      6.454    89.5044 1.2373e-01    15.6334      5.430      7.876    13.2007   999.4025 0.0000e+00
      5.556      0.077     1.8178     24.453     59.914  45.768018     0.2536      6.452    90.4063 1.2380e-01    15.7734      5.446      7.900    13.1972   999.4030 0.0000e+00
      5.580      0.075     1.8121     24.391     59.909  45.761668     0.2658      6.450    91.2736 1.2377e-01    15.8116      5.471      7.935    13.1953   999.4034 0.0000e+00
      5.605      0.071     1.8055     24.319     59.909  45.760409     0.2626      6.449    92.0751 1.2375e-01    15.8990      5.498      7.974    13.1945   999.4037 0.0000e+00
      5.629      0.065     1.7989     24.248     59.899  45.752800     0.2581      6.447    92.7837 1.2375e-01    16.0753      5.523      8.010    13.1930   999.4041 0.0000e+00
      5.644      0.057     1.7949     24.176     59.874  45.733172     0.2633      6.445    93.5603 1.2374e-01    16.1735      5.539      8.032    13.1911   999.4043 0.0000e+00
      5.652      0.052     1.7910     24.104     59.849  45.713595     0.2566      6.444    94.3246 1.2365e-01    16.2025      5.543      8.040    13.1894   999.4045 0.0000e+00
      5.658      0.053     1.7850     24.046     59.840  45.706611     0.2458      6.443    94.9686 1.2358e-01    16.1631      5.548      8.047    13.1884   999.4047 0.0000e+00
      5.666      0.063     1.7799     24.000     59.847  45.712232     0.2541      6.441    95.7551 1.2366e-01    16.0582      5.555      8.057    13.1883   999.4047 0.0000e+00
      5.679      0.081     1.7750     23.969     59.855  45.718048     0.2620      6.438    96.6064 1.2373e-01    16.0150      5.567      8.074    13.1884   999.4048 0.0000e+00
      5.701      0.102     1.7687     23.951     59.850  45.713430     0.2541      6.435    97.2600 1.2366e-01    16.0014      5.587      8.103    13.1878   999.4049 0.0000e+00
      5.734      0.122     1.7651     23.942     59.860  45.719893     0.2372      6.431    97.8068 1.2360e-01    16.0573      5.619      8.150    13.1875   999.4051 0.0000e+00
      5.774      0.136     1.7615     23.948     59.878  45.732688     0.2139      6.429    98.3137 1.2363e-01    16.1664      5.661      8.210    13.1877   999.4053 0.0000e+00
      5.817      0.141     1.7588     23.959     59.890  45.741128     0.1970      6.427    98.7431 1.2368e-01    16.2072      5.705      8.274    13.1872   999.4055 0.0000e+00
      5.858      0.137     1.7587     23.978     59.912  45.758433     0.1899      6.426    99.2121 1.2374e-01    16.2218      5.747      8.335    13.1862   999.4058 0.0000e+00
      5.895      0.127     1.7567     24.005     59.902  45.751405     0.1803      6.425    99.7688 1.2376e-01    16.2448      5.783      8.387    13.1855   999.4061 0.0000e+00
      5.925      0.115     1.7585     24.036     59.859  45.719654     0.1761      6.424   100.3975 1.2373e-01    16.3223      5.813      8.430    13.1849   999.4063 0.0000e+00
      5.949      0.105     1.7587     24.085     59.821  45.692048     0.1827      6.422   101.0498 1.2371e-01    16.4368      5.836      8.463    13.1842   999.4066 0.0000e+00
      5.970      0.099     1.7599     24.135     59.795  45.671643     0.1906      6.420   101.5469 1.2366e-01    16.4826      5.853      8.490    13.1841   999.4067 0.0000e+00
      5.990      0.097     1.7629     24.158     59.786  45.663443     0.1935      6.419   101.8475 1.2360e-01    16.4826      5.871      8.516    13.1851   999.4066 0.0000e+00
      6.014      0.097     1.7634     24.150     59.781  45.656405     0.1912      6.418   102.1893 1.2365e-01    16.4362      5.897      8.552    13.1862   999.4066 0.0000e+00
      6.043      0.101     1.7683     24.143     59.776  45.650044     0.1892      6.416   102.7541 1.2377e-01    16.3487      5.927      8.596    13.1872   999.4066 0.0000e+00
      6.071      0.107     1.7724     24.142     59.779  45.650034     0.1952      6.415   103.4276 1.2385e-01    16.3091      5.955      8.636    13.1878   999.4066 0.0000e+00
      6.097      0.114     1.7748     24.095     59.789  45.656279     0.2032      6.413   104.0525 1.2389e-01    16.2857      5.979      8.671    13.1858   999.4070 0.0000e+00
      6.122      0.120     1.7728     24.000     59.798  45.662047     0.1983      6.410   104.5443 1.2380e-01    16.1972      6.002      8.706    13.1830   999.4075 0.0000e+00
      6.152      0.124     1.7717     23.900     59.793  45.656270     0.1887      6.407   104.8998 1.2361e-01    16.0567      6.032      8.749    13.1806   999.4079 0.0000e+00
      6.187      0.124     1.7747     23.824     59.786  45.649920     0.1917      6.404   105.1680 1.2355e-01    15.9963      6.066      8.798    13.1784   999.4084 0.0000e+00
      6.226      0.119     1.7705     23.771     59.787  45.648775     0.1994      6.403   105.3781 1.2361e-01    16.0250      6.105      8.856    13.1777   999.4086 0.0000e+00
      6.262      0.110     1.7621     23.721     59.781  45.642425     0.1950      6.403   105.6336 1.2366e-01    16.0428      6.145      8.913    13.1769   999.4089 0.0000e+00
      6.291      0.100     1.7543     23.666     59.776  45.636652     0.1902      6.403   105.8475 1.2366e-01    16.0474      6.173      8.953    13.1757   999.4092 0.0000e+00
      6.309      0.090     1.7487     23.633     59.784  45.642478     0.1934      6.403   105.8998 1.2371e-01    16.0149      6.189      8.976    13.1744   999.4095 0.0000e+00
      6.323      0.083     1.7456     23.639     59.794  45.649360     0.1995      6.402   106.0934 1.2378e-01    16.0109      6.200      8.993    13.1727   999.4098 0.0000e+00
      6.338      0.078     1.7426     23.674     59.807  45.656356     0.2035      6.399   106.4684 1.2378e-01    16.0644      6.213      9.011    13.1709   999.4100 0.0000e+00
      6.360      0.075     1.7374     23.717     59.823  45.663556     0.1984      6.397   106.7336 1.2372e-01    16.0723      6.235      9.043    13.1700   999.4102 0.0000e+00
      6.386      0.073     1.7341     23.739     59.843  45.672910     0.1899      6.396   106.8904 1.2371e-01    16.0409      6.265      9.085    13.1697   999.4104 0.0000e+00
      6.409      0.073     1.7355     23.738     59.897  45.705936     0.1869      6.396   106.9876 1.2372e-01    16.0121      6.288      9.120    13.1696   999.4105 0.0000e+00
      6.424      0.072     1.7381     23.726     59.962  45.745351     0.1889      6.395   107.0485 1.2369e-01    15.9864      6.301      9.139    13.1679   999.4108 0.0000e+00
      6.436      0.069     1.7429     23.685     60.008  45.768432     0.1884      6.393   107.1969 1.2367e-01    15.9265      6.311      9.153    13.1632   999.4115 0.0000e+00
      6.451      0.064     1.7445     23.576     60.058  45.794485     0.1888      6.391   107.4904 1.2374e-01    15.8455      6.323      9.171    13.1574   999.4123 0.0000e+00
      6.471      0.059     1.7440     23.366     60.086  45.806329     0.1937      6.390   107.7579 1.2380e-01    15.7934      6.344      9.203    13.1514   999.4132 0.0000e+00
      6.492      0.053     1.7439     23.033     60.064  45.784614     0.1956      6.389   107.8503 1.2380e-01    15.7555      6.370      9.239    13.1432   999.4144 0.0000e+00
      6.507      0.046     1.7427     22.575     60.069  45.785941     0.1951      6.387   108.0052 1.2375e-01    15.7152      6.385      9.259    13.1321   999.4159 0.0000e+00
      6.514      0.037     1.7358     21.995     60.118  45.822378     0.1954      6.386   108.3406 1.2369e-01    15.6661      6.389      9.266    13.1208   999.4174 0.0000e+00
      6.519      0.027     1.7215     21.313     60.148  45.844144     0.1995      6.384   108.6353 1.2366e-01    15.6202      6.392      9.271    13.1127   999.4185 0.0000e+00
      6.524      0.019     1.6972     20.610     60.167  45.858604     0.2009      6.383   108.8161 1.2368e-01    15.5869      6.397      9.279    13.1091   999.4189 0.0000e+00
      6.528      0.014     1.6629     19.960     60.178  45.870203     0.1952      6.382   109.0639 1.2370e-01    15.6240      6.402      9.286    13.1075   999.4191 0.0000e+00
      6.531      0.011     1.6211     19.399     60.148  45.857385     0.1913      6.382   109.3944 1.2370e-01    15.7405      6.405      9.289    13.1064   999.4193 0.0000e+00
      6.533      0.009     1.5676     18.972     60.096  45.830630     0.1884      6.382   109.6287 1.2372e-01    15.8155      6.406      9.292    13.1064   999.4193 0.0000e+00
      6.535      0.006     1.5140     18.732     60.046  45.800750     0.1865      6.381   109.8317 1.2373e-01    15.8100      6.408      9.296    13.1054   999.4195 0.0000e+00
      6.536      0.004     1.4659     18.692     60.057  45.813631     0.1847      6.379   110.0421 1.2373e-01    15.7728      6.410      9.297    13.1065   999.4193 0.0000e+00
      6.536      0.003     1.4230     18.831     60.197  45.922869     0.1843      6.378   110.1940 1.2368e-01    15.7263      6.410      9.297    13.1163   999.4181 0.0000e+00
      6.537      0.002     1.3895     19.093     60.348  46.041984     0.1903      6.377   110.4638 1.2365e-01    15.7063      6.411      9.298    13.1296   999.4163 0.0000e+00
      6.538      0.002     1.3712     19.401     60.348  46.047259     0.1965      6.376   110.8093 1.2370e-01    15.7283      6.412      9.299    13.1368   999.4154 0.0000e+00
      6.538      0.001     1.3693     19.736     60.260  45.986658     0.1992      6.374   110.9297 1.2372e-01    15.7628      6.411      9.299    13.1387   999.4152 0.0000e+00
      6.538      0.001     1.3801     20.102     60.192  45.944315     0.1970      6.374   111.0593 1.2360e-01    15.7624      6.412      9.299    13.1400   999.4151 0.0000e+00
      6.539      0.001     1.4026     20.447     60.132  45.916322     0.1873      6.373   111.4297 1.2356e-01    15.7238      6.412      9.300    13.1431   999.4148 0.0000e+00
      6.539      0.000     1.4254     20.724     60.074  45.902238     0.1767      6.372   111.7941 1.2367e-01    15.7221      6.412      9.300    13.1484   999.4141 0.0000e+00
      6.539      0.000     1.4478     20.843     60.050  45.901071     0.1729      6.372   111.9381 1.2376e-01    15.7409      6.412      9.300    13.1536   999.4134 0.0000e+00
      6.539 -9.990e-29     1.4781 -9.990e-29 -9.990e-29 -9.990e-29 -9.990e-29 -9.990e-29 -9.990e-29 1.2381e-01 -9.990e-29      6.412      9.300    13.1597   999.4126 0.0000e+00
      6.539 -9.990e-29     1.5028 -9.990e-29 -9.990e-29 -9.990e-29 -9.990e-29 -9.990e-29 -9.990e-29 1.2384e-01 -9.990e-29      6.412      9.300    13.1696   999.4112 0.0000e+00
      6.539 -9.990e-29     1.5240 -9.990e-29 -9.990e-29 -9.990e-29 -9.990e-29 -9.990e-29 -9.990e-29 1.2376e-01 -9.990e-29      6.412      9.300    13.2039   999.4068 0.0000e+00
      6.539 -9.990e-29     1.5371 -9.990e-29 -9.990e-29 -9.990e-29 -9.990e-29 -9.990e-29 -9.990e-29 1.2369e-01 -9.990e-29      6.413      9.301    13.2322   999.4031 0.0000e+00
