Data/DataNotYetUploadedToEDI/Raw_CTD/RawDownloads/101119_fcr50.cnv
* Sea-Bird SBE19plus  Data File:
* FileName = C:\DATA\101119_fcr50_0004.hex
* Software version 2.8.0.119 SB_Terminal.dll
* Temperature SN = 7809
* Conductivity SN = 7809
* System UpLoad Time = Oct 11 2019 11:43:48
* <ApplicationData>
* <Seaterm232>
# nquan = 16
# nvalues = 1017                        
# units = specified
# name 0 = depFM: Depth [fresh water, m]
# name 1 = dz/dtM: Descent Rate [m/s]
# name 2 = sbeox0ML/L: Oxygen, SBE 43 [ml/l]
# name 3 = sbeox0PS: Oxygen, SBE 43 [% saturation]
# name 4 = specc: Specific Conductance [uS/cm]
# name 5 = c0uS/cm: Conductivity [uS/cm]
# name 6 = flECO-AFL: Fluorescence, WET Labs ECO-AFL/FL [mg/m^3]
# name 7 = ph: pH
# name 8 = orp: Oxidation Reduction Potential [mV]
# name 9 = par/sat/log: PAR/Logarithmic, Satlantic
# name 10 = turbWETntu0: Turbidity, WET Labs ECO [NTU]
# name 11 = prdM: Pressure, Strain Gauge [db]
# name 12 = prdE: Pressure, Strain Gauge [psi]
# name 13 = tv290C: Temperature [ITS-90, deg C]
# name 14 = density00: Density [density, kg/m^3]
# name 15 = flag:  0.000e+00
# span 0 =     -0.545,      9.641       
# span 1 =     -0.321,      0.328       
# span 2 =    -0.0650,     6.4813       
# span 3 =     -0.921,    100.858       
# span 4 =      4.133,    112.858       
# span 5 =   3.758521,  94.224803       
# span 6 =    -0.1239,     4.9440       
# span 7 =     -2.477,      8.853       
# span 8 =  -666.1338,   241.9759       
# span 9 = 1.2355e-01, 1.5089e+02       
# span 10 =    -0.4835,    53.7278      
# span 11 =     -0.535,      9.455      
# span 12 =     -0.775,     13.714      
# span 13 =    13.1947,    20.4665      
# span 14 =   998.1136,   999.4288      
# span 15 = 0.0000e+00, 0.0000e+00      
# interval = seconds: 0.25
# start_time = Oct 11 2019 11:28:30 [Instrument's time stamp, header]
# bad_flag = -9.990e-29
*END*
[from data line 904]
      8.267      0.070     1.9125     26.087     59.903  45.764969     0.1889      6.284   159.3259 1.2364e-01    17.5621      8.106     11.757    13.1951   999.4159 0.0000e+00
      8.284      0.069     1.9081     26.123     59.925  45.782069     0.1934      6.283   159.5797 1.2362e-01    17.5031      8.124     11.783    13.1951   999.4160 0.0000e+00
      8.303      0.067     1.9108     26.153     59.948  45.799123     0.2009      6.280   160.0456 1.2367e-01    17.5000      8.142     11.809    13.1952   999.4161 0.0000e+00
      8.320      0.065     1.9118     26.189     59.924  45.780648     0.2183      6.279   160.3127 1.2370e-01    17.5561      8.159     11.833    13.1958   999.4160 0.0000e+00
      8.336      0.065     1.9143     26.224     59.882  45.749209     0.2392      6.280   160.4007 1.2371e-01    17.6573      8.175     11.857    13.1965   999.4160 0.0000e+00
      8.351      0.065     1.9180     26.246     59.866  45.736518     0.2453      6.280   160.5932 1.2377e-01    17.6752      8.190     11.878    13.1966   999.4160 0.0000e+00
      8.366      0.065     1.9188     26.261     59.889  45.754208     0.2492      6.280   160.8327 1.2383e-01    17.6418      8.204     11.898    13.1962   999.4162 0.0000e+00
      8.382      0.065     1.9222     26.280     59.912  45.772578     0.2432      6.280   161.0602 1.2382e-01    17.5157      8.219     11.921    13.1959   999.4163 0.0000e+00
      8.400      0.066     1.9252     26.315     59.904  45.768120     0.2154      6.279   161.4509 1.2374e-01    17.2318      8.238     11.947    13.1957   999.4164 0.0000e+00
      8.419      0.067     1.9266     26.360     59.897  45.763814     0.1995      6.278   161.8574 1.2368e-01    17.0612      8.257     11.975    13.1957   999.4165 0.0000e+00
      8.435      0.067     1.9276     26.393     59.924  45.784019     0.1983      6.278   162.1036 1.2369e-01    17.0577      8.272     11.997    13.1956   999.4166 0.0000e+00
      8.451      0.066     1.9283     26.424     59.975  45.821898     0.1923      6.278   162.2770 1.2374e-01    17.0589      8.287     12.019    13.1964   999.4165 0.0000e+00
      8.469      0.065     1.9307     26.456     60.001  45.840787     0.1875      6.277   162.4046 1.2384e-01    17.0750      8.305     12.046    13.1982   999.4164 0.0000e+00
      8.487      0.063     1.9356     26.478     59.977  45.821900     0.1831      6.276   162.5277 1.2388e-01    17.0891      8.324     12.072    13.1997   999.4163 0.0000e+00
      8.503      0.063     1.9368     26.492     59.927  45.784036     0.1836      6.275   162.7326 1.2378e-01    17.0647      8.340     12.096    13.1992   999.4164 0.0000e+00
      8.517      0.062     1.9392     26.489     59.901  45.763997     0.1931      6.275   162.9889 1.2370e-01    17.0757      8.352     12.114    13.1978   999.4167 0.0000e+00
      8.531      0.061     1.9425     26.469     59.909  45.770125     0.2112      6.275   162.9597 1.2374e-01    17.4180      8.365     12.133    13.1971   999.4169 0.0000e+00
      8.548      0.062     1.9432     26.422     59.941  45.794625     0.2373      6.274   162.7246 1.2378e-01    18.0245      8.382     12.157    13.1964   999.4170 0.0000e+00
      8.564      0.068     1.9451     26.347     59.956  45.806209     0.2493      6.271   162.8127 1.2377e-01    18.3472      8.400     12.183    13.1961   999.4171 0.0000e+00
      8.578      0.075     1.9444     26.250     59.926  45.783179     0.2523      6.269   163.1645 1.2370e-01    18.3706      8.412     12.201    13.1959   999.4172 0.0000e+00
      8.594      0.080     1.9435     26.146     59.910  45.770180     0.2469      6.268   163.4508 1.2368e-01    18.1105      8.424     12.219    13.1960   999.4172 0.0000e+00
      8.618      0.082     1.9402     26.073     59.917  45.776048     0.2193      6.267   163.6071 1.2373e-01    17.5945      8.448     12.254    13.1962   999.4173 0.0000e+00
      8.648      0.080     1.9342     26.053     59.937  45.790626     0.1961      6.265   163.6781 1.2372e-01    17.3099      8.482     12.303    13.1963   999.4175 0.0000e+00
      8.674      0.077     1.9273     26.056     59.975  45.819433     0.1912      6.264   163.7931 1.2368e-01    17.2910      8.511     12.343    13.1965   999.4176 0.0000e+00
      8.691      0.072     1.9181     26.066     59.958  45.806836     0.2041      6.263   164.0503 1.2369e-01    17.2343      8.525     12.363    13.1962   999.4177 0.0000e+00
      8.702      0.067     1.9117     26.091     59.904  45.765323     0.2301      6.263   164.4648 1.2371e-01    17.1160      8.533     12.377    13.1959   999.4178 0.0000e+00
      8.714      0.062     1.9119     26.113     59.900  45.762018     0.2458      6.264   164.9329 1.2374e-01    17.0403      8.545     12.393    13.1957   999.4178 0.0000e+00
      8.729      0.059     1.9127     26.121     59.906  45.766877     0.2460      6.265   165.2367 1.2374e-01    17.0401      8.559     12.414    13.1958   999.4179 0.0000e+00
      8.747      0.059     1.9121     26.124     59.898  45.760566     0.2496      6.264   165.2985 1.2366e-01    17.1461      8.578     12.441    13.1960   999.4180 0.0000e+00
      8.766      0.059     1.9153     26.120     59.883  45.749218     0.2546      6.262   165.1639 1.2363e-01    17.2732      8.598     12.470    13.1958   999.4180 0.0000e+00
      8.783      0.059     1.9172     26.100     59.892  45.756679     0.2546      6.262   165.4157 1.2370e-01    17.2991      8.614     12.494    13.1955   999.4182 0.0000e+00
      8.795      0.058     1.9173     26.084     59.932  45.787274     0.2586      6.262   166.1057 1.2377e-01    17.2959      8.625     12.509    13.1954   999.4182 0.0000e+00
      8.806      0.056     1.9174     26.084     59.951  45.801615     0.2594      6.262   166.4514 1.2378e-01    17.3004      8.634     12.523    13.1956   999.4183 0.0000e+00
      8.820      0.054     1.9178     26.086     59.951  45.803074     0.2564      6.261   166.4127 1.2378e-01    17.2878      8.648     12.543    13.1960   999.4183 0.0000e+00
      8.836      0.052     1.9156     26.097     59.950  45.804910     0.2568      6.261   166.3262 1.2380e-01    17.2745      8.666     12.569    13.1961   999.4183 0.0000e+00
      8.852      0.050     1.9133     26.111     59.971  45.823814     0.2562      6.261   166.6091 1.2382e-01    17.2705      8.682     12.593    13.1959   999.4185 0.0000e+00
      8.864      0.050     1.9152     26.112     59.991  45.841139     0.2577      6.260   167.1669 1.2378e-01    17.2717      8.695     12.611    13.1960   999.4185 0.0000e+00
      8.874      0.050     1.9140     26.115     59.969  45.823872     0.2661      6.259   167.4783 1.2369e-01    17.2237      8.703     12.623    13.1971   999.4184 0.0000e+00
      8.884      0.050     1.9150     26.122     59.947  45.805550     0.2711      6.259   167.6202 1.2365e-01    17.1487      8.711     12.633    13.1993   999.4182 0.0000e+00
      8.896      0.050     1.9171     26.142     59.955  45.810117     0.2659      6.259   167.6786 1.2364e-01    17.1188      8.722     12.649    13.2021   999.4179 0.0000e+00
      8.912      0.051     1.9156     26.178     59.963  45.815577     0.2632      6.259   167.7539 1.2361e-01    17.1240      8.740     12.676    13.2042   999.4177 0.0000e+00
      8.929      0.053     1.9166     26.223     59.954  45.808072     0.2473      6.258   167.9278 1.2359e-01    17.1135      8.759     12.703    13.2043   999.4178 0.0000e+00
      8.942      0.054     1.9164     26.287     59.922  45.782879     0.2126      6.258   168.0608 1.2360e-01    17.0575      8.770     12.720    13.2021   999.4182 0.0000e+00
      8.953      0.052     1.9178     26.348     59.900  45.764988     0.1998      6.257   168.2439 1.2365e-01    17.0369      8.779     12.733    13.2001   999.4184 0.0000e+00
      8.967      0.048     1.9215     26.383     59.924  45.782256     0.2055      6.256   168.0768 1.2370e-01    17.0933      8.792     12.752    13.1996   999.4185 0.0000e+00
      8.981      0.046     1.9235     26.403     59.949  45.801146     0.2207      6.255   167.5887 1.2369e-01    17.2812      8.808     12.776    13.1996   999.4186 0.0000e+00
      8.992      0.047     1.9292     26.406     59.952  45.802876     0.2443      6.255   167.5902 1.2371e-01    17.5719      8.820     12.792    13.1990   999.4187 0.0000e+00
      9.000      0.050     1.9350     26.376     59.952  45.803175     0.2566      6.255   168.0093 1.2377e-01    17.7240      8.825     12.799    13.1980   999.4189 0.0000e+00
      9.009      0.055     1.9365     26.317     59.954  45.804764     0.2647      6.254   168.4402 1.2377e-01    17.7116      8.832     12.810    13.1973   999.4190 0.0000e+00
      9.023      0.060     1.9381     26.239     59.977  45.822083     0.2560      6.254   168.4983 1.2370e-01    17.5851      8.847     12.832    13.1968   999.4192 0.0000e+00
      9.041      0.065     1.9391     26.150     59.977  45.822069     0.2206      6.254   168.1096 1.2369e-01    17.4077      8.866     12.859    13.1966   999.4192 0.0000e+00
      9.062      0.069     1.9366     26.067     59.953  45.804597     0.1925      6.254   167.8696 1.2375e-01    17.3039      8.887     12.890    13.1966   999.4193 0.0000e+00
      9.083      0.070     1.9318     25.993     59.949  45.801344     0.1852      6.254   168.0059 1.2379e-01    17.2470      8.908     12.920    13.1965   999.4194 0.0000e+00
      9.102      0.068     1.9262     25.908     59.925  45.782737     0.1927      6.253   168.2949 1.2376e-01    17.2444      8.926     12.946    13.1968   999.4195 0.0000e+00
      9.118      0.066     1.9191     25.818     59.909  45.770127     0.2055      6.251   168.8691 1.2372e-01    17.2719      8.942     12.970    13.1973   999.4195 0.0000e+00
      9.132      0.065     1.9124     25.753     59.916  45.775887     0.2099      6.250   169.4411 1.2375e-01    17.2846      8.956     12.990    13.1975   999.4195 0.0000e+00
      9.147      0.065     1.9084     25.718     59.933  45.788865     0.2027      6.249   169.5328 1.2375e-01    17.3329      8.968     13.007    13.1973   999.4197 0.0000e+00
      9.162      0.066     1.9017     25.709     59.948  45.800045     0.1965      6.248   169.4618 1.2369e-01    17.5289      8.983     13.029    13.1970   999.4197 0.0000e+00
      9.181      0.066     1.8940     25.727     59.927  45.784051     0.2136      6.248   169.4436 1.2362e-01    17.8185      9.004     13.059    13.1965   999.4199 0.0000e+00
      9.201      0.066     1.8894     25.749     59.930  45.785993     0.2446      6.248   169.9142 1.2355e-01    17.9499      9.024     13.088    13.1964   999.4200 0.0000e+00
      9.218      0.067     1.8871     25.754     59.979  45.823519     0.2577      6.247   170.7644 1.2355e-01    17.9701      9.041     13.113    13.1965   999.4201 0.0000e+00
      9.233      0.068     1.8859     25.754     60.023  45.856750     0.2512      6.247   171.2045 1.2368e-01    17.9651      9.055     13.134    13.1965   999.4202 0.0000e+00
      9.248      0.070     1.8883     25.769     60.041  45.870275     0.2441      6.246   171.1918 1.2378e-01    17.8241      9.069     13.153    13.1963   999.4202 0.0000e+00
      9.265      0.074     1.8905     25.804     60.027  45.860047     0.2406      6.245   171.2143 1.2369e-01    17.6090      9.085     13.176    13.1962   999.4203 0.0000e+00
      9.285      0.081     1.8904     25.826     60.027  45.860084     0.2438      6.243   171.7343 1.2366e-01    17.4941      9.104     13.205    13.1963   999.4204 0.0000e+00
      9.306      0.089     1.8897     25.814     60.041  45.870725     0.2571      6.241   172.2305 1.2375e-01    17.5167      9.126     13.236    13.1963   999.4205 0.0000e+00
      9.330      0.095     1.8903     25.794     60.028  45.861697     0.2621      6.239   172.2244 1.2377e-01    17.6530      9.148     13.267    13.1964   999.4206 0.0000e+00
      9.356      0.097     1.8943     25.775     60.049  45.877937     0.2522      6.238   172.0042 1.2375e-01    17.8307      9.174     13.306    13.1961   999.4208 0.0000e+00
      9.386      0.097     1.8971     25.748     60.129  45.940076     0.2417      6.237   171.7190 1.2373e-01    17.9285      9.205     13.351    13.1962   999.4209 0.0000e+00
      9.413      0.092     1.8944     25.741     60.179  45.977970     0.2394      6.237   171.5287 1.2364e-01    17.9508      9.234     13.392    13.1968   999.4210 0.0000e+00
      9.436      0.083     1.8924     25.746     60.149  45.955089     0.2330      6.237   171.5105 1.2357e-01    17.8053      9.255     13.424    13.1971   999.4210 0.0000e+00
      9.456      0.073     1.8930     25.744     60.100  45.917431     0.2163      6.237   171.5850 1.2363e-01    17.4805      9.274     13.451    13.1975   999.4211 0.0000e+00
      9.472      0.065     1.8882     25.729     60.082  45.903677     0.2024      6.236   171.3962 1.2372e-01    17.2682      9.291     13.474    13.1978   999.4212 0.0000e+00
      9.486      0.061     1.8892     25.693     60.098  45.915798     0.1959      6.235   170.2605 1.2376e-01    17.2379      9.303     13.493    13.1979   999.4212 0.0000e+00
      9.498      0.061     1.8898     25.640     60.292  46.063979     0.2069      6.233   168.7808 1.2379e-01    17.2444      9.314     13.510    13.1979   999.4213 0.0000e+00
      9.510      0.062     1.8897     25.576     61.760  47.187287     0.2299      6.230   168.1321 1.2378e-01    17.2486      9.324     13.524    13.1976   999.4213 0.0000e+00
      9.526      0.063     1.8893     25.527     68.393  52.257682     0.2403      6.228   168.0959 1.2374e-01    17.2561      9.339     13.545    13.1974   999.4215 0.0000e+00
      9.547      0.062     1.8858     25.506     77.822  59.468366     0.2372      6.226   167.8263 1.2375e-01    17.2695      9.361     13.578    13.1976   999.4214 0.0000e+00
      9.568      0.058     1.8828     25.500     81.783  62.514508     0.2364      6.226   167.1951 1.2383e-01    17.2799      9.385     13.611    13.1975   999.4218 0.0000e+00
      9.585      0.050     1.8762     25.483     81.518  62.341868     0.2474      6.226   166.9174 1.2387e-01    17.2503      9.402     13.637    13.1982   999.4214 0.0000e+00
      9.596      0.039     1.8727     25.379     80.815  61.830120     0.2584      6.226   167.1354 1.2383e-01    17.2389      9.412     13.651    13.1999   999.4234 0.0000e+00
      9.602      0.027     1.8711     24.970     78.673  60.203827     0.2647      6.225   167.3362 1.2373e-01    17.2733      9.417     13.658    13.2020   999.4288 0.0000e+00
      9.605      0.017     1.8712     24.020     75.117  57.485331     0.2719      6.223   167.2806 1.2363e-01    17.2732      9.419     13.661    13.2129   999.4277 0.0000e+00
      9.606      0.010     1.8693     22.498     72.301  55.331638     0.2676      6.222   167.0661 1.2360e-01    17.2707      9.420     13.662    13.2363   999.4239 0.0000e+00
      9.607      0.007     1.8672     20.536     71.123  54.432844     0.2558      6.222   166.8927 1.2365e-01    17.3080      9.421     13.664    13.2554   999.4219 0.0000e+00
      9.608      0.006     1.8460     18.360     69.964  53.543314     0.2509      6.223   167.0775 1.2377e-01    17.3315      9.422     13.666    13.2611   999.4203 0.0000e+00
      9.610      0.006     1.7755     16.308     67.975  52.009188     0.2516      6.223   167.4930 1.2377e-01    17.3260      9.424     13.669    13.2601   999.4188 0.0000e+00
      9.611      0.007     1.6603     14.759     65.851  50.367468     0.2379      6.222   167.6153 1.2366e-01    17.3717      9.426     13.671    13.2607   999.4175 0.0000e+00
      9.612      0.009     1.5112     13.959     64.664  49.446555     0.2073      6.221   167.4375 1.2368e-01    17.4582      9.427     13.672    13.2648   999.4171 0.0000e+00
      9.615      0.011     1.3430     13.952     64.923  49.639994     0.1929      6.220   167.1492 1.2378e-01    17.4870      9.429     13.676    13.2651   999.4166 0.0000e+00
