Data/DataNotYetUploadedToEDI/Raw_CTD/RawDownloads/101119_fcr10.cnv
* Sea-Bird SBE19plus  Data File:
* FileName = C:\DATA\101619_unknown_0005.hex
* Software version 2.8.0.119 SB_Terminal.dll
* Temperature SN = 7809
* Conductivity SN = 7809
* System UpLoad Time = Oct 16 2019 07:56:31
* <ApplicationData>
* <Seaterm232>
# nquan = 16
# nvalues = 407                         
# units = specified
# name 0 = depFM: Depth [fresh water, m]
# name 1 = dz/dtM: Descent Rate [m/s]
# name 2 = sbeox0ML/L: Oxygen, SBE 43 [ml/l]
# name 3 = sbeox0PS: Oxygen, SBE 43 [% saturation]
# name 4 = specc: Specific Conductance [uS/cm]
# name 5 = c0uS/cm: Conductivity [uS/cm]
# name 6 = flECO-AFL: Fluorescence, WET Labs ECO-AFL/FL [mg/m^3]
# name 7 = ph: pH
# name 8 = orp: Oxidation Reduction Potential [mV]
# name 9 = par/sat/log: PAR/Logarithmic, Satlantic
# name 10 = turbWETntu0: Turbidity, WET Labs ECO [NTU]
# name 11 = prdM: Pressure, Strain Gauge [db]
# name 12 = prdE: Pressure, Strain Gauge [psi]
# name 13 = tv290C: Temperature [ITS-90, deg C]
# name 14 = density00: Density [density, kg/m^3]
# name 15 = flag:  0.000e+00
# span 0 =     -0.546,      2.405       
# span 1 =     -0.005,      0.121       
# span 2 =     4.2693,     6.4168       
# span 3 =     66.976,    100.686       
# span 4 =      0.335,     40.688       
# span 5 =   0.298321,  36.255794       
# span 6 =    -0.6356,     3.6393       
# span 7 =      6.693,      8.772       
# span 8 =    41.7406,  1195.0876       
# span 9 = 7.0485e+00, 1.8518e+03       
# span 10 =    -3.9431,    16.0723      
# span 11 =     -0.536,      2.359      
# span 12 =     -0.777,      3.421      
# span 13 =    18.6703,    20.4228      
# span 14 =   998.1348,   998.4996      
# span 15 = 0.0000e+00, 0.0000e+00      
# interval = seconds: 0.25
# start_time = Oct 11 2019 12:23:25 [Instrument's time stamp, header]
# bad_flag = -9.990e-29
*END*
     -0.545 4.1536e-09     6.2203     96.943      0.335   0.298321    -0.6317      6.696   612.1907 2.4063e+02    -3.2120     -0.535     -0.776    19.5646   998.2993 0.0000e+00
     -0.545 4.5689e-08     6.2191     96.934      0.347   0.309831    -0.6356      6.697   608.9044 2.4091e+02    -3.1713     -0.535     -0.775    19.5652   998.2991 0.0000e+00
     -0.545 8.3764e-08     6.2202     96.936      0.362   0.322398    -0.5518      6.697   606.8348 2.3802e+02    -2.6493     -0.535     -0.776    19.5655   998.2991 0.0000e+00
     -0.545 4.5689e-08     6.2224     96.945      0.363   0.323550    -0.3998      6.696   605.9247 2.3560e+02    -1.7183     -0.535     -0.775    19.5656   998.2990 0.0000e+00
     -0.545 4.1535e-09     6.2208     96.940      0.363   0.323767    -0.3313      6.696   605.2993 2.3500e+02    -1.1891     -0.535     -0.776    19.5659   998.2990 0.0000e+00
     -0.545 3.7760e-10     6.2202     96.939      0.365   0.325024    -0.3393      6.697   604.0921 2.3686e+02    -1.1335     -0.535     -0.776    19.5660   998.2990 0.0000e+00
     -0.545 3.4327e-11     6.2202     96.958      0.380   0.338746    -0.3412      6.697   602.9439 2.4032e+02    -1.1777     -0.535     -0.776    19.5661   998.2990 0.0000e+00
     -0.545 3.1207e-12     6.2217     96.965      0.408   0.362957    -0.3702      6.696   602.6879 2.4012e+02    -1.7564     -0.535     -0.775    19.5668   998.2988 0.0000e+00
     -0.545 2.8450e-13     6.2208     96.951      0.409   0.364318    -0.4310      6.695   602.6306 2.3771e+02    -2.8539     -0.535     -0.775    19.5676   998.2986 0.0000e+00
     -0.545 3.4623e-14     6.2193     96.936      0.399   0.355207    -0.4600      6.695   601.9069 2.3692e+02    -3.4357     -0.535     -0.776    19.5682   998.2985 0.0000e+00
     -0.545 9.9500e-14     6.2224     96.922      0.426   0.379512    -0.4520      6.698   600.8208 2.3597e+02    -3.3839     -0.536     -0.777    19.5698   998.2982 0.0000e+00
     -0.545 1.0689e-12     6.2223     96.917      0.454   0.404752    -0.4472      6.698   600.4258 2.3792e+02    -2.9492     -0.535     -0.776    19.5719   998.2978 0.0000e+00
     -0.546 1.1756e-11     6.2203     96.927      0.456   0.406943    -0.4545      6.695   600.4008 2.6827e+02    -2.2427     -0.535     -0.776    19.5741   998.2973 0.0000e+00
     -0.546 1.2931e-10     6.2195     96.922      0.456   0.406009    -0.4625      6.694   600.1743 3.2792e+02    -1.8878     -0.536     -0.777    19.5766   998.2968 0.0000e+00
     -0.546 1.4225e-09     6.2181     96.903      0.442   0.393460    -0.4475      6.694   600.6121 3.8182e+02    -1.8707     -0.536     -0.777    19.5777   998.2966 0.0000e+00
     -0.546 1.5647e-08     6.2170     96.903      0.429   0.381933    -0.2733      6.693   601.4786 4.2676e+02    -1.8055     -0.535     -0.776    19.5781   998.2965 0.0000e+00
     -0.546 1.7212e-07     6.2194     96.915      0.441   0.393357     0.0310      6.693   602.0476 4.6748e+02    -1.6900     -0.535     -0.776    19.5782   998.2965 0.0000e+00
     -0.546      0.000     6.2187     96.921      0.454   0.404866     0.1882      6.694   603.3614 5.0198e+02    -1.6205     -0.535     -0.776    19.5781   998.2965 0.0000e+00
     -0.546      0.000     6.2161     96.929      0.442   0.394359     0.2054      6.696   606.4368 5.2984e+02    -1.6207     -0.535     -0.776    19.5784   998.2964 0.0000e+00
     -0.546      0.000     6.2166     96.941      0.441   0.393037     0.2309      6.699   610.2361 5.4963e+02    -2.1514     -0.535     -0.776    19.5789   998.2964 0.0000e+00
     -0.546      0.003     6.2181     96.934      0.436   0.388888     0.2620      6.700   613.9371 5.7712e+02    -3.2191     -0.535     -0.776    19.5785   998.2964 0.0000e+00
     -0.546      0.008     6.2179     96.918      0.386   0.344189     0.2783      6.700   619.7806 6.2962e+02    -3.8470     -0.535     -0.776    19.5797   998.2962 0.0000e+00
     -0.546      0.015     6.2178     96.910      0.611   0.549534     0.2805      6.706   647.4198 6.9310e+02    -3.9431     -0.535     -0.776    19.5795   998.2962 0.0000e+00
     -0.544      0.024     6.2201     96.910      4.165   3.758719     0.2617      6.775   811.6625 7.3169e+02    -3.8569     -0.535     -0.776    19.5814   998.2960 0.0000e+00
     -0.537      0.035     6.2191     96.920     12.393  11.196411     0.1637      6.925  1080.5795 7.4891e+02    -2.6407     -0.530     -0.768    19.5783   998.2964 0.0000e+00
     -0.524      0.047     6.2101     96.931     23.430  21.200243     0.0066      7.106  1195.0876 7.5471e+02    -0.4136     -0.512     -0.743    19.6381   998.2846 0.0000e+00
     -0.510      0.062     6.1884     96.931     34.138  30.925832    -0.0767      7.360   899.2144 7.5352e+02     0.8193     -0.498     -0.722    19.8113   998.2492 0.0000e+00
     -0.495      0.077     6.1669     96.918     39.193  35.533757    -0.0803      7.702   339.9159 7.9672e+02     0.9925     -0.489     -0.710    19.9849   998.2144 0.0000e+00
     -0.475      0.089     6.1522     96.909     39.676  35.993223    -0.0545      8.021    48.7845 8.9869e+02     1.4509     -0.467     -0.677    20.1120   998.1902 0.0000e+00
     -0.448      0.097     6.1404     96.909     39.708  36.036932     0.0005      8.247    41.7406 9.9794e+02     2.2651     -0.440     -0.638    20.2160   998.1716 0.0000e+00
     -0.418      0.103     6.1315     96.912     39.725  36.062253     0.0390      8.401    53.8468 1.0390e+03     2.7426     -0.412     -0.597    20.2880   998.1616 0.0000e+00
     -0.386      0.108     6.1248     96.927     39.767  36.108977     0.0636      8.506    62.7457 1.0316e+03     3.0954     -0.377     -0.546    20.3306   998.1537 0.0000e+00
     -0.357      0.109     6.1210     96.985     39.811  36.157577     0.3679      8.552    67.8576 1.0261e+03     6.4324     -0.347     -0.503    20.3576   998.1476 0.0000e+00
     -0.333      0.104     6.1191     97.092     39.856  36.205591     0.9442      8.529    71.1712 1.0516e+03    12.5463     -0.327     -0.476    20.3747   998.1445 0.0000e+00
     -0.308      0.096     6.1182     97.243     39.896  36.245211     1.2656      8.471    74.1597 1.1118e+03    15.8968     -0.304     -0.441    20.3861   998.1421 0.0000e+00
     -0.280      0.086     6.1164     97.428     39.910  36.255794     1.2967      8.445    75.7704 1.1952e+03    16.0723     -0.273     -0.396    20.3955   998.1403 0.0000e+00
     -0.255      0.077     6.1191     97.622     39.863  36.206608     1.3127      8.465    78.0844 1.2720e+03    14.4386     -0.247     -0.358    20.4068   998.1380 0.0000e+00
     -0.237      0.068     6.1245     97.818     39.751  36.094799     1.3462      8.506    81.4878 1.3150e+03    11.3831     -0.229     -0.332    20.4191   998.1356 0.0000e+00
     -0.227      0.060     6.1334     97.991     39.710  36.046393     1.3633      8.566    82.6773 1.3286e+03     9.7052     -0.223     -0.323    20.4228   998.1348 0.0000e+00
     -0.217      0.057     6.1471     98.115     39.810  36.129086     1.3633      8.642    81.5402 1.3341e+03     9.5539     -0.215     -0.311    20.4184   998.1357 0.0000e+00
     -0.203      0.066     6.1595     98.199     39.903  36.206021     1.4063      8.711    80.8168 1.4054e+03     9.5530     -0.198     -0.287    20.4096   998.1377 0.0000e+00
     -0.191      0.084     6.1744     98.282     39.857  36.151471     1.4940      8.755    81.7601 1.5959e+03     9.5645     -0.187     -0.271    20.3968   998.1404 0.0000e+00
     -0.176      0.103     6.1879     98.407     39.754  36.040747     1.5395      8.772    83.7388 1.7834e+03     9.5620     -0.179     -0.258    20.3815   998.1436 0.0000e+00
     -0.146      0.114     6.1967     98.612     39.737  36.009734     1.5405      8.771    85.7263 1.8518e+03     9.5218     -0.151     -0.220    20.3722   998.1457 0.0000e+00
     -0.100      0.119     6.2019     98.898     39.767  36.030361     1.5399      8.762    87.1211 1.8175e+03     9.4713     -0.100     -0.145    20.3652   998.1475 0.0000e+00
     -0.052      0.121     6.2080     99.213     39.775  36.036251     1.5678      8.755    88.3001 1.7280e+03     9.3128     -0.045     -0.064    20.3495   998.1511 0.0000e+00
     -0.020      0.120     6.2182     99.485     39.759  36.017474     1.6263      8.750    89.6561 1.6502e+03     9.0138     -0.011     -0.018    20.3230   998.1567 0.0000e+00
     -0.004      0.113     6.2338     99.771     39.746  35.993742     1.6578      8.745    90.9543 1.6028e+03     8.8392     -0.004     -0.006    20.3007   998.1614 0.0000e+00
      0.011      0.100     6.2533    100.116     39.781  36.003174     1.6709      8.739    91.8657 1.3056e+03     8.8074      0.004      0.005    20.2955   998.1625 0.0000e+00
      0.040      0.085     6.2766    100.407     39.817  36.004542     1.7585      8.732    91.0389 8.9480e+02     8.7935      0.036      0.051    20.2967   998.1625 0.0000e+00
      0.075      0.075     6.2919    100.592     39.806  35.946772     1.9105      8.723    88.8738 9.1453e+02     8.8019      0.081      0.117    20.2945   998.1631 0.0000e+00
      0.098      0.065     6.3078    100.686     39.806  35.875857     1.9830      8.710    89.9501 9.6807e+02     8.8103      0.103      0.149    20.2813   998.1659 0.0000e+00
      0.106      0.051     6.3403    100.555     39.856  35.845206     1.9680      8.695    94.4152 6.9316e+02     8.8290      0.104      0.151    20.2492   998.1727 0.0000e+00
      0.111      0.033     6.3627     99.755     39.907  35.829943     1.8844      8.680    97.4322 4.6253e+02     8.7986      0.108      0.156    20.2124   998.1804 0.0000e+00
      0.116      0.018     6.3804     97.850     39.943  35.818174     1.7525      8.665    98.5522 4.5907e+02     8.7047      0.115      0.167    20.1607   998.1912 0.0000e+00
      0.121      0.009     6.3995     94.845     39.993  35.829800     1.6906      8.649    99.6122 6.0219e+02     8.6448      0.120      0.175    20.0622   998.2116 0.0000e+00
      0.121      0.004     6.4168     91.134     40.035  35.843525     1.6836      8.631   100.6127 8.5179e+02     8.6313      0.121      0.174    19.9529   998.2342 0.0000e+00
      0.119     -0.001     6.3896     87.238     40.070  35.857148     1.7026      8.613   101.3561 1.0703e+03     8.7385      0.116      0.168    19.8789   998.2494 0.0000e+00
      0.119     -0.004     6.2714     83.542     40.099  35.867547     1.7549      8.595   102.1469 1.1092e+03     8.9580      0.116      0.168    19.8286   998.2597 0.0000e+00
      0.120     -0.005     6.0763     80.349     40.087  35.842295     1.7873      8.579   103.1196 1.0966e+03     9.0895      0.120      0.173    19.7867   998.2682 0.0000e+00
      0.116     -0.005     5.8277     77.951     40.061  35.805694     1.7903      8.569   103.9964 1.1257e+03     9.1150      0.114      0.166    19.7570   998.2742 0.0000e+00
      0.112     -0.004     5.5738     76.450     40.072  35.805809     1.7830      8.562   104.6608 1.1355e+03     9.0701      0.107      0.155    19.7384   998.2780 0.0000e+00
      0.112     -0.002     5.3337     75.715     40.122  35.843683     1.7858      8.556   105.3886 1.0808e+03     8.9729      0.110      0.159    19.7192   998.2820 0.0000e+00
      0.113      0.001     5.1228     75.495     40.172  35.882787     1.8063      8.547   106.2562 1.0091e+03     8.9227      0.113      0.163    19.6991   998.2860 0.0000e+00
      0.112      0.004     4.9691     75.498     40.192  35.897779     1.8143      8.537   107.0627 1.0119e+03     8.8889      0.109      0.156    19.6834   998.2892 0.0000e+00
      0.113      0.005     4.8776     75.474     40.195  35.898008     1.8044      8.527   107.8270 1.1179e+03     8.8596      0.110      0.159    19.6716   998.2916 0.0000e+00
      0.117      0.005     4.8374     75.300     40.181  35.885543     1.8516      8.520   108.6141 1.1178e+03     9.0274      0.116      0.168    19.6636   998.2933 0.0000e+00
      0.120      0.004     4.8304     74.909     40.166  35.874014     1.9689      8.511   109.4388 1.0021e+03     9.3772      0.119      0.173    19.6567   998.2948 0.0000e+00
      0.121      0.003     4.8382     74.308     40.176  35.885556     2.0433      8.502   110.2261 9.8845e+02     9.5830      0.119      0.173    19.6515   998.2958 0.0000e+00
      0.120      0.001     4.8377     73.556     40.184  35.898155     2.0492      8.494   110.9063 1.0518e+03     9.5494      0.117      0.170    19.6493   998.2961 0.0000e+00
      0.119     -0.001     4.8292     72.706     40.177  35.899413     2.0571      8.485   111.6398 1.1409e+03     9.2974      0.117      0.169    19.6494   998.2962 0.0000e+00
      0.119     -0.001     4.8037     71.882     40.168  35.900775     2.0782      8.476   112.4706 1.1493e+03     8.9619      0.117      0.169    19.6518   998.2957 0.0000e+00
      0.119      0.000     4.7625     71.289     40.169  35.914640     2.0872      8.468   113.2076 1.0824e+03     8.8359      0.116      0.169    19.6549   998.2951 0.0000e+00
      0.119      0.002     4.7136     71.086     40.180  35.940133     2.0971      8.461   113.7537 1.0498e+03     8.8556      0.116      0.168    19.6616   998.2938 0.0000e+00
      0.120      0.002     4.6554     71.319     40.183  35.955140     2.1279      8.455   114.1694 1.0585e+03     8.9699      0.116      0.169    19.6720   998.2916 0.0000e+00
      0.121      0.001     4.5963     71.958     40.188  35.969157     2.1734      8.449   114.6206 1.0936e+03     9.1689      0.118      0.172    19.6826   998.2894 0.0000e+00
      0.122      0.000     4.5525     72.896     40.195  35.982683     2.2060      8.442   115.3367 1.0196e+03     9.2635      0.120      0.173    19.6991   998.2861 0.0000e+00
      0.122     -0.002     4.5378     73.992     40.197  35.991754     2.2189      8.435   116.2029 9.2059e+02     9.2942      0.120      0.174    19.7196   998.2819 0.0000e+00
      0.121     -0.003     4.5509     75.075     40.213  36.015368     2.2428      8.428   117.0065 9.2162e+02     9.4092      0.119      0.172    19.7370   998.2784 0.0000e+00
      0.119     -0.003     4.5940     75.991     40.201  36.014328     2.2869      8.422   117.6534 9.6636e+02     9.6056      0.116      0.169    19.7484   998.2760 0.0000e+00
      0.117     -0.003     4.6562     76.685     40.150  35.979189     2.3187      8.416   118.0017 1.0813e+03     9.7346      0.114      0.166    19.7543   998.2749 0.0000e+00
      0.116     -0.002     4.7291     77.145     40.130  35.971349     2.3236      8.411   118.2924 1.1573e+03     9.7564      0.113      0.164    19.7631   998.2731 0.0000e+00
      0.116     -0.001     4.8021     77.370     40.132  35.983015     2.3276      8.405   118.7597 1.1163e+03     9.9024      0.114      0.165    19.7752   998.2706 0.0000e+00
      0.117      0.000     4.8592     77.393     40.135  35.993325     2.3419      8.398   119.2628 1.1010e+03    10.1886      0.114      0.166    19.7876   998.2682 0.0000e+00
      0.117      0.001     4.9028     77.260     40.172  36.032541     2.3489      8.390   119.9020 1.0739e+03    10.3328      0.115      0.166    19.8005   998.2655 0.0000e+00
      0.118      0.001     4.9312     77.010     40.217  36.076359     2.3426      8.380   120.6373 9.8253e+02    10.3680      0.115      0.167    19.8136   998.2629 0.0000e+00
      0.118      0.000     4.9433     76.706     40.216  36.078820     2.3437      8.371   121.1843 9.5061e+02    10.3843      0.115      0.167    19.8263   998.2602 0.0000e+00
      0.117 3.0059e-10     4.9425     76.406     40.192  36.062302     2.3539      8.363   121.6970 9.6730e+02    10.2680      0.115      0.167    19.8371   998.2580 0.0000e+00
      0.117 3.3064e-09     4.9327     76.126     40.189  36.067055     2.3534      8.356   122.2765 9.7536e+02    10.0760      0.115      0.167    19.8445   998.2565 0.0000e+00
      0.117 3.6371e-08     4.9153     75.906     40.186  36.072830     2.3458      8.349   122.7701 9.9464e+02     9.9637      0.114      0.166    19.8478   998.2558 0.0000e+00
