Data/DataNotYetUploadedToEDI/Raw_CTD/RawDownloads/101518_fcr45.cnv
* Sea-Bird SBE19plus  Data File:
* FileName = C:\DATA\101518_fcr_0004.hex
* Software version 2.6.3.104
* Temperature SN = 7809
* Conductivity SN = 7809
* System UpLoad Time = Oct 29 2018 16:37:22
* <ApplicationData>
* <Seaterm232>
# nquan = 17
# nvalues = 553                         
# units = specified
# name 0 = depFM: Depth [fresh water, m]
# name 1 = tv290C: Temperature [ITS-90, deg C]
# name 2 = sbeox0Mg/L: Oxygen, SBE 43 [mg/l]
# name 3 = sbeox0PS: Oxygen, SBE 43 [% saturation]
# name 4 = c0uS/cm: Conductivity [uS/cm]
# name 5 = specc: Specific Conductance [uS/cm]
# name 6 = ph: pH
# name 7 = orp: Oxidation Reduction Potential [mV]
# name 8 = flECO-AFL: Fluorescence, WET Labs ECO-AFL/FL [mg/m^3]
# name 9 = turbWETntu0: Turbidity, WET Labs ECO [NTU]
# name 10 = sal00: Salinity, Practical [PSU]
# name 11 = dz/dtM: Descent Rate [m/s]
# name 12 = prdM: Pressure, Strain Gauge [db]
# name 13 = prdE: Pressure, Strain Gauge [psi]
# name 14 = scan: Scan Count
# name 15 = par/sat/log: PAR/Logarithmic, Satlantic
# name 16 = flag:  0.000e+00
# span 0 =     -0.548,      7.801       
# span 1 =    13.7895,    18.2697       
# span 2 =    -0.7902,     9.6696       
# span 3 =     -7.995,    101.349       
# span 4 =   1.516568, 125.363875       
# span 5 =      1.749,    161.648       
# span 6 =      6.142,      7.779       
# span 7 =     9.1874,   267.9417       
# span 8 =    -0.2102,     3.3239       
# span 9 =    -0.3586,    15.8087       
# span 10 =     0.0093,     0.0771      
# span 11 =     -0.231,      0.207      
# span 12 =     -0.538,      7.649      
# span 13 =     -0.780,     11.095      
# span 14 =          1,        553      
# span 15 = 1.2307e-01, 4.8629e+02      
# span 16 = 0.0000e+00, 0.0000e+00      
# interval = seconds: 0.25
# start_time = Oct 15 2018 15:39:42 [Instrument's time stamp, header]
# bad_flag = -9.990e-29
*END*
[from data line 171]
      0.284    17.6216     3.8850     40.744  33.535125     39.314      6.790   226.9044     1.8439     4.8112     0.0232      0.008      0.279      0.404        172 1.1554e+02 0.0000e+00
      0.303    17.6232     4.1246     43.270  33.500923     39.314      6.780   227.2830     1.8561     4.8380     0.0232      0.020      0.296      0.428        173 1.0602e+02 0.0000e+00
      0.318    17.6213     4.4154     46.334  33.471834     39.249      6.770   228.1159     1.8520     4.8783     0.0232      0.031      0.308      0.447        174 1.0273e+02 0.0000e+00
      0.323    17.6293     4.7015     49.346  33.452706     39.247      6.758   227.4344     1.8601     4.8380     0.0232      0.038      0.308      0.447        175 1.0784e+02 0.0000e+00
      0.303    17.6610     4.9736     52.212  33.524728     39.314      6.751   227.5101     1.8763     5.1066     0.0232      0.037      0.286      0.415        176 1.2633e+02 0.0000e+00
      0.249    17.6836     5.2136     54.735  33.530478     39.341      6.750   226.8287     1.9288     5.0395     0.0233      0.017      0.239      0.347        177 1.5652e+02 0.0000e+00
      0.182    17.6780     5.3814     56.499  33.475199     39.212      6.749   226.8287     1.9693     5.0395     0.0232     -0.019      0.177      0.257        178 1.8957e+02 0.0000e+00
      0.112    17.6619     5.4931     57.677  33.385923     39.126      6.748   226.9801     1.9288     5.1066     0.0232     -0.068      0.112      0.162        179 2.4525e+02 0.0000e+00
      0.048    17.6457     5.5542     58.320  33.374674     39.066      6.747   226.9801     1.9491     5.0529     0.0232     -0.122      0.049      0.071        180 3.1060e+02 0.0000e+00
     -0.011    17.6374     5.5631     58.414  33.370579     39.146      6.747   226.7530     1.7995     4.8112     0.0232     -0.170     -0.008     -0.013        181 3.4720e+02 0.0000e+00
     -0.065    17.6452     5.5366     58.136  32.946202     38.604      6.748   226.2608     1.8197     4.9455     0.0229     -0.208     -0.062     -0.090        182 3.5632e+02 0.0000e+00
     -0.116    17.6601     5.4849     57.592  32.627656     38.252      6.750   226.3744     1.8197     4.8380     0.0228     -0.230     -0.108     -0.158        183 3.5260e+02 0.0000e+00
     -0.153    17.6729     5.4099     56.800  32.610480     38.244      6.751   226.4123     1.8075     4.7843     0.0228     -0.231     -0.142     -0.207        184 3.5119e+02 0.0000e+00
     -0.168    17.6835     5.3201     55.846  32.522760     38.100      6.752   226.8287     1.7267     4.7306     0.0227     -0.212     -0.159     -0.231        185 3.5447e+02 0.0000e+00
     -0.167    17.6923     5.2246     54.831  32.618198     38.219      6.756   227.0937     1.7469     4.8246     0.0228     -0.179     -0.166     -0.241        186 3.4211e+02 0.0000e+00
     -0.174    17.6963     5.1371     53.908  32.669628     38.276      6.755   227.4344     1.7388     4.8380     0.0228     -0.143     -0.179     -0.259        187 3.2280e+02 0.0000e+00
     -0.208    17.6986     5.0658     53.165  32.636676     38.202      6.755   226.9044     1.7267     4.7977     0.0228     -0.116     -0.207     -0.299        188 3.2375e+02 0.0000e+00
     -0.249    17.7023     5.0082     52.567  32.659202     38.264      6.755   226.3744     1.6054     4.8112     0.0228     -0.099     -0.237     -0.344        189 3.3081e+02 0.0000e+00
     -0.267    17.7040     4.9733     52.201  32.641593     38.196      6.755   226.4880     1.6418     4.8246     0.0228     -0.087     -0.256     -0.371        190 3.4331e+02 0.0000e+00
     -0.268    17.7039     4.9550     51.990  32.658588     38.258      6.753   226.5637     1.6215     4.7843     0.0228     -0.075     -0.259     -0.376        191 3.4374e+02 0.0000e+00
     -0.258    17.7040     4.9547     51.969  32.638049     38.192      6.747   227.0558     1.6337     4.8112     0.0228     -0.065     -0.253     -0.366        192 3.3482e+02 0.0000e+00
     -0.248    17.7037     4.9672     52.086  32.667153     38.257      6.742   226.9801     1.6054     4.9052     0.0228     -0.055     -0.244     -0.355        193 3.3615e+02 0.0000e+00
     -0.243    17.6997     4.9808     52.207  32.681678     38.257      6.737   227.4723     1.6094     4.7575     0.0228     -0.042     -0.239     -0.347        194 3.4569e+02 0.0000e+00
     -0.240    17.6900     4.9950     52.329  32.619972     38.192      6.732   227.5101     1.6094     4.7977     0.0228     -0.023     -0.235     -0.341        195 3.4959e+02 0.0000e+00
     -0.236    17.6784     5.0101     52.466  32.625330     38.195      6.729   228.3430     1.6418     4.7709     0.0228     -0.001     -0.230     -0.334        196 3.4432e+02 0.0000e+00
     -0.228    17.6749     5.0252     52.602  32.615707     38.204      6.720   228.0401     1.4719     4.9052     0.0228      0.016     -0.224     -0.326        197 3.4518e+02 0.0000e+00
     -0.224    17.6790     5.0308     52.652  32.631952     38.215      6.717   228.1916     1.4800     4.8515     0.0228      0.022     -0.218     -0.316        198 3.4471e+02 0.0000e+00
     -0.216    17.6855     5.0336     52.681  32.664424     38.283      6.715   228.3809     1.4800     4.7843     0.0228      0.023     -0.210     -0.304        199 3.4963e+02 0.0000e+00
     -0.203    17.6852     5.0318     52.658  32.693913     38.279      6.712   228.6080     1.4719     4.7709     0.0228      0.024     -0.196     -0.283        200 3.5356e+02 0.0000e+00
     -0.178    17.6684     5.0390     52.729  32.654561     38.274      6.703   231.7501     1.4800     4.8112     0.0228      0.030     -0.171     -0.249        201 3.5643e+02 0.0000e+00
     -0.143    17.6511     5.0417     52.747  32.476164     38.011      6.696   228.8351     1.5487     4.8112     0.0227      0.043     -0.141     -0.205        202 3.5540e+02 0.0000e+00
     -0.112    17.6386     5.0468     52.783  32.441463     38.027      6.696   231.6366     1.5124     4.8380     0.0227      0.060     -0.111     -0.161        203 3.3294e+02 0.0000e+00
     -0.085    17.6180     5.0489     52.781  32.460520     38.042      6.705   229.6301     1.5407     4.8112     0.0227      0.075     -0.084     -0.122        204 3.2316e+02 0.0000e+00
     -0.060    17.5944     5.0531     52.780  32.452454     38.053      6.710   229.5923     1.5892     4.8783     0.0227      0.089     -0.062     -0.089        205 3.3218e+02 0.0000e+00
     -0.043    17.5734     5.0557     52.767  32.451507     38.072      6.716   229.6301     1.7348     4.9320     0.0227      0.098     -0.042     -0.061        206 3.3211e+02 0.0000e+00
     -0.025    17.5540     5.0575     52.742  32.343093     37.962      6.715   229.9709     1.7550     5.0395     0.0227      0.101     -0.024     -0.035        207 3.1708e+02 0.0000e+00
     -0.004    17.5454     5.0552     52.687  32.261192     37.882      6.715   230.0466     1.7469     5.0529     0.0226      0.099     -0.005     -0.007        208 3.0377e+02 0.0000e+00
      0.014    17.5449     5.0460     52.568  32.256904     37.900      6.717   230.1601     1.7550     5.1066     0.0226      0.092      0.013      0.019        209 2.9114e+02 0.0000e+00
      0.029    17.5414     5.0369     52.454  32.259478     37.907      6.719   229.9709     1.8884     5.1066     0.0226      0.083      0.033      0.048        210 2.4115e+02 0.0000e+00
      0.058    17.5376     5.0240     52.307  32.317300     37.973      6.719   230.3873     1.8722     5.0260     0.0226      0.079      0.067      0.097        211 2.0700e+02 0.0000e+00
      0.119    17.5278     5.0089     52.143  32.392523     38.075      6.715   231.6366     1.8682     5.1066     0.0227      0.088      0.122      0.177        212 1.7723e+02 0.0000e+00
      0.197    17.5127     4.9958     52.006  32.343789     38.013      6.715   231.5609     1.8722     5.0260     0.0227      0.112      0.190      0.276        213 1.4143e+02 0.0000e+00
      0.264    17.4890     4.9796     51.839  32.259337     37.922      6.713   231.9016     1.9572     5.4154     0.0226      0.143      0.254      0.368        214 1.2964e+02 0.0000e+00
      0.315    17.4505     4.9629     51.666  32.201090     37.871      6.715   232.0909     1.9329     5.2409     0.0226      0.171      0.306      0.443        215 1.1596e+02 0.0000e+00
      0.357    17.4115     4.9494     51.522  32.208709     37.890      6.715   232.0151     1.9410     5.2006     0.0226      0.193      0.348      0.504        216 1.0665e+02 0.0000e+00
      0.392    17.3737     4.9388     51.409  32.190561     37.927      6.714   232.6587     1.9208     5.2409     0.0226      0.206      0.383      0.556        217 9.9234e+01 0.0000e+00
      0.423    17.3437     4.9312     51.328  32.105078     37.828      6.712   233.7944     1.9895     5.0126     0.0225      0.207      0.414      0.602        218 9.2449e+01 0.0000e+00
      0.454    17.3231     4.9191     51.200  32.107534     37.896      6.713   233.8702     2.0138     5.1066     0.0226      0.195      0.444      0.644        219 8.6400e+01 0.0000e+00
      0.481    17.3055     4.9169     51.176  32.098560     37.889      6.713   234.3623     2.0259     5.0395     0.0225      0.171      0.469      0.680        220 8.2649e+01 0.0000e+00
      0.499    17.2936     4.9068     51.070  32.027301     37.842      6.712   234.4380     1.9814     5.0126     0.0225      0.144      0.487      0.708        221 7.8920e+01 0.0000e+00
      0.513    17.2872     4.8931     50.926  31.988653     37.792      6.714   234.9302     1.9814     4.9589     0.0225      0.122      0.501      0.728        222 7.5052e+01 0.0000e+00
      0.524    17.2865     4.8959     50.950  32.028051     37.869      6.713   235.2330     2.0057     4.9186     0.0225      0.103      0.511      0.741        223 7.4332e+01 0.0000e+00
      0.525    17.2884     4.8965     50.953  32.096888     37.940      6.707   235.2330     2.0097     4.7977     0.0225      0.085      0.516      0.748        224 7.4279e+01 0.0000e+00
      0.529    17.2885     4.8983     50.969  32.110561     37.974      6.707   235.0816     2.0421     4.9052     0.0226      0.067      0.523      0.758        225 7.2598e+01 0.0000e+00
      0.544    17.2858     4.8983     50.965  32.040689     37.873      6.708   235.9902     1.9774     4.7843     0.0225      0.054      0.535      0.775        226 7.1317e+01 0.0000e+00
      0.561    17.2836     4.8956     50.932  32.035577     37.873      6.710   236.2930     2.0097     4.8380     0.0225      0.045      0.552      0.800        227 6.9821e+01 0.0000e+00
      0.582    17.2822     4.8813     50.779  32.027963     37.875      6.709   236.5202     2.0097     4.8112     0.0225      0.043      0.570      0.826        228 6.8287e+01 0.0000e+00
      0.600    17.2801     4.8798     50.761  31.990859     37.811      6.706   236.6337     1.9814     4.7038     0.0225      0.046      0.586      0.851        229 6.7970e+01 0.0000e+00
      0.611    17.2785     4.8695     50.653  32.022448     37.879      6.707   236.9744     1.9774     4.7440     0.0225      0.050      0.601      0.873        230 6.6519e+01 0.0000e+00
      0.631    17.2780     4.8538     50.487  32.018305     37.847      6.708   236.7852     1.8601     4.6769     0.0225      0.057      0.621      0.901        231 6.3992e+01 0.0000e+00
      0.658    17.2762     4.8438     50.381  32.025668     37.882      6.703   237.2773     1.8722     4.8917     0.0225      0.066      0.647      0.938        232 6.0813e+01 0.0000e+00
      0.690    17.2725     4.8376     50.314  31.983632     37.816      6.699   237.6180     1.8601     4.9052     0.0225      0.076      0.677      0.980        233 5.7859e+01 0.0000e+00
      0.720    17.2688     4.8277     50.209  31.981659     37.818      6.698   237.6937     1.8642     4.7172     0.0225      0.083      0.706      1.023        234 5.5587e+01 0.0000e+00
      0.748    17.2658     4.8264     50.194  32.028126     37.887      6.694   238.3373     1.9814     5.0126     0.0225      0.091      0.736      1.067        235 5.2580e+01 0.0000e+00
      0.783    17.2620     4.8196     50.121  31.985114     37.825      6.693   238.3373     1.9976     5.0395     0.0225      0.100      0.769      1.115        236 4.9663e+01 0.0000e+00
      0.820    17.2575     4.8096     50.016  32.005533     37.860      6.691   238.9430     2.0097     5.0126     0.0225      0.111      0.801      1.162        237 4.7277e+01 0.0000e+00
      0.848    17.2536     4.8122     50.040  32.032368     37.897      6.689   238.7159     2.0057     5.0395     0.0225      0.119      0.829      1.203        238 4.5356e+01 0.0000e+00
      0.872    17.2518     4.8070     49.986  32.040681     37.901      6.683   239.4730     1.9208     5.0126     0.0225      0.121      0.853      1.238        239 4.4143e+01 0.0000e+00
      0.890    17.2508     4.8109     50.026  32.024844     37.904      6.685   239.2459     1.9167     5.0797     0.0225      0.118      0.874      1.268        240 4.2832e+01 0.0000e+00
      0.912    17.2483     4.8094     50.010  31.992773     37.840      6.686   239.1702     1.9491     5.0797     0.0225      0.112      0.897      1.301        241 4.0715e+01 0.0000e+00
      0.943    17.2459     4.7999     49.910  32.021289     37.907      6.690   239.7380     1.9572     4.9589     0.0225      0.108      0.923      1.340        242 3.9057e+01 0.0000e+00
      0.969    17.2440     4.7811     49.713  31.989358     37.843      6.687   239.8895     1.9369     5.0932     0.0225      0.104      0.951      1.381        243 3.7509e+01 0.0000e+00
      1.001    17.2416     4.7811     49.712  32.002859     37.878      6.690   240.2302     1.9895     4.9320     0.0225      0.101      0.981      1.422        244 3.5885e+01 0.0000e+00
      1.029    17.2397     4.7606     49.498  32.034142     37.913      6.689   239.8895     1.9855     4.9857     0.0225      0.101      1.008      1.461        245 3.4722e+01 0.0000e+00
      1.052    17.2383     4.7463     49.349  31.980081     37.849      6.690   240.3059     2.0097     5.0126     0.0225      0.103      1.032      1.496        246 3.3374e+01 0.0000e+00
      1.077    17.2367     4.7405     49.289  31.981179     37.851      6.686   240.6087     1.9976     5.0126     0.0225      0.105      1.055      1.529        247 3.2372e+01 0.0000e+00
      1.096    17.2351     4.7333     49.215  32.032776     37.918      6.685   240.7980     1.9572     5.0126     0.0225      0.104      1.076      1.561        248 3.1363e+01 0.0000e+00
      1.118    17.2345     4.7297     49.178  32.034482     37.919      6.685   241.0630     1.9531     4.9723     0.0225      0.101      1.101      1.597        249 2.9718e+01 0.0000e+00
      1.155    17.2341     4.7373     49.256  32.008711     37.888      6.679   241.5930     1.9410     5.1200     0.0225      0.100      1.133      1.643        250 2.7987e+01 0.0000e+00
      1.191    17.2330     4.7457     49.342  31.975889     37.855      6.672   241.4037     1.9491     5.0529     0.0225      0.103      1.167      1.692        251 2.6650e+01 0.0000e+00
      1.223    17.2319     4.7683     49.576  31.986369     37.856      6.672   241.6687     1.9288     5.0663     0.0225      0.106      1.199      1.739        252 2.5505e+01 0.0000e+00
      1.253    17.2309     4.7865     49.764  32.025323     37.923      6.666   241.8202     1.9248     4.9857     0.0225      0.111      1.228      1.781        253 2.4447e+01 0.0000e+00
      1.280    17.2299     4.8063     49.969  31.986717     37.858      6.666   242.1609     1.9572     5.1066     0.0225      0.116      1.255      1.820        254 2.3546e+01 0.0000e+00
      1.308    17.2292     4.8099     50.005  31.975106     37.858      6.656   242.6530     1.9733     5.0395     0.0225      0.119      1.281      1.858        255 2.2835e+01 0.0000e+00
