Data/DataNotYetUploadedToEDI/Raw_CTD/RawDownloads/101518_fcr20.cnv
* Sea-Bird SBE19plus  Data File:
* FileName = C:\DATA\101518_fcr_0002.hex
* Software version 2.6.3.104
* Temperature SN = 7809
* Conductivity SN = 7809
* System UpLoad Time = Oct 29 2018 16:36:43
* <ApplicationData>
* <Seaterm232>
# nquan = 17
# nvalues = 385                         
# units = specified
# name 0 = depFM: Depth [fresh water, m]
# name 1 = tv290C: Temperature [ITS-90, deg C]
# name 2 = sbeox0Mg/L: Oxygen, SBE 43 [mg/l]
# name 3 = sbeox0PS: Oxygen, SBE 43 [% saturation]
# name 4 = c0uS/cm: Conductivity [uS/cm]
# name 5 = specc: Specific Conductance [uS/cm]
# name 6 = ph: pH
# name 7 = orp: Oxidation Reduction Potential [mV]
# name 8 = flECO-AFL: Fluorescence, WET Labs ECO-AFL/FL [mg/m^3]
# name 9 = turbWETntu0: Turbidity, WET Labs ECO [NTU]
# name 10 = sal00: Salinity, Practical [PSU]
# name 11 = dz/dtM: Descent Rate [m/s]
# name 12 = prdM: Pressure, Strain Gauge [db]
# name 13 = prdE: Pressure, Strain Gauge [psi]
# name 14 = scan: Scan Count
# name 15 = par/sat/log: PAR/Logarithmic, Satlantic
# name 16 = flag:  0.000e+00
# span 0 =     -0.548,      3.086       
# span 1 =    16.4117,    17.8393       
# span 2 =     3.8519,     9.6084       
# span 3 =     40.251,    100.708       
# span 4 =   1.305929,  39.670529       
# span 5 =      1.702,     46.785       
# span 6 =      5.903,      7.422       
# span 7 =   136.8799,   408.9599       
# span 8 =    -0.2224,     2.8063       
# span 9 =    -0.4391,    24.8591       
# span 10 =     0.0091,     0.0265      
# span 11 =     -0.235,      0.219      
# span 12 =     -0.537,      3.026      
# span 13 =     -0.779,      4.389      
# span 14 =          1,        385      
# span 15 = 4.1413e+00, 7.2697e+02      
# span 16 = 0.0000e+00, 0.0000e+00      
# interval = seconds: 0.25
# start_time = Oct 15 2018 14:53:50 [Instrument's time stamp, header]
# bad_flag = -9.990e-29
*END*
[from data line 171]
      0.193    17.4948     3.8840     40.547  32.777950     38.573      6.790   208.8844     2.0785     4.5560     0.0229      0.000      0.190      0.275        172 2.3272e+02 0.0000e+00
      0.200    17.4924     4.0203     41.942  32.690852     38.443      6.792   209.6037     2.0623     4.5829     0.0228      0.005      0.196      0.284        173 2.3196e+02 0.0000e+00
      0.207    17.4921     4.2914     44.754  32.725921     38.511      6.797   209.9065     2.0421     4.6098     0.0229      0.009      0.201      0.291        174 2.3043e+02 0.0000e+00
      0.207    17.4926     4.6326     48.299  32.793615     38.579      6.792   211.4587     2.0785     4.5292     0.0229      0.012      0.201      0.292        175 2.3212e+02 0.0000e+00
      0.201    17.4925     5.0353     52.483  32.873497     38.678      6.794   211.9129     2.0542     4.5292     0.0229      0.011      0.197      0.287        176 2.4112e+02 0.0000e+00
      0.196    17.4922     5.3955     56.234  32.863746     38.677      6.788   210.8908     2.1310     4.6366     0.0229      0.008      0.194      0.282        177 2.4491e+02 0.0000e+00
      0.197    17.4919     5.6982     59.395  32.805750     38.579      6.784   210.7015     2.1270     4.7038     0.0229      0.006      0.194      0.283        178 2.4033e+02 0.0000e+00
      0.202    17.4925     5.9454     61.980  32.856708     38.678      6.785   210.8151     2.1027     4.6366     0.0229      0.004      0.198      0.288        179 2.3647e+02 0.0000e+00
      0.208    17.4916     6.0919     63.509  32.889294     38.678      6.788   211.0801     2.1310     4.6903     0.0229      0.003      0.204      0.296        180 2.2777e+02 0.0000e+00
      0.214    17.4684     6.1535     64.145  32.765198     38.579      6.786   213.4272     2.0825     4.6635     0.0229      0.003      0.210      0.304        181 2.1998e+02 0.0000e+00
      0.220    17.4244     6.1555     64.158  32.299446     37.988      6.774   213.6544     2.0785     4.6098     0.0226      0.006      0.216      0.313        182 2.1590e+02 0.0000e+00
      0.225    17.3913     6.1176     63.760  31.926916     37.580      6.770   213.7301     2.0866     4.4486     0.0225      0.012      0.221      0.320        183 2.1147e+02 0.0000e+00
      0.229    17.3736     6.0662     63.223  31.924054     37.621      6.769   213.9951     2.0542     4.5023     0.0225      0.017      0.224      0.325        184 2.0901e+02 0.0000e+00
      0.230    17.3597     6.0044     62.582  31.917530     37.649      6.768   214.4494     2.2159     4.5829     0.0225      0.019      0.225      0.327        185 2.0973e+02 0.0000e+00
      0.230    17.3483     5.9648     62.171  31.786785     37.500      6.767   213.6165     2.2038     4.5829     0.0224      0.017      0.224      0.326        186 2.1371e+02 0.0000e+00
      0.227    17.3452     5.9206     61.710  31.790244     37.512      6.767   213.0108     2.1917     4.6366     0.0224      0.013      0.223      0.323        187 2.1476e+02 0.0000e+00
      0.226    17.3498     5.8866     61.352  31.913233     37.688      6.765   213.0108     2.1917     4.6232     0.0225      0.009      0.223      0.323        188 2.1385e+02 0.0000e+00
      0.230    17.3556     5.8537     61.002  31.930262     37.690      6.764   213.6165     2.1189     4.4755     0.0225      0.006      0.225      0.326        189 2.1139e+02 0.0000e+00
      0.232    17.3571     5.8282     60.726  31.917317     37.686      6.768   213.7301     2.1472     4.6232     0.0225      0.003      0.227      0.329        190 2.1093e+02 0.0000e+00
      0.231    17.3526     5.8090     60.530  31.929341     37.681      6.768   214.0330     2.1310     4.5829     0.0225      0.002      0.227      0.329        191 2.1250e+02 0.0000e+00
      0.230    17.3472     5.7922     60.374  31.915297     37.680      6.769   213.9951     2.1351     4.6366     0.0225      0.001      0.226      0.328        192 2.1097e+02 0.0000e+00
      0.230    17.3442     5.7759     60.229  31.845836     37.585      6.768   214.4872     2.0542     4.6098     0.0224      0.001      0.225      0.327        193 2.1123e+02 0.0000e+00
      0.228    17.3438     5.7573     60.066  31.808214     37.557      6.769   214.6765     2.0623     4.5023     0.0224      0.001      0.224      0.324        194 2.0993e+02 0.0000e+00
      0.225    17.3456     5.7467     59.991  31.843506     37.592      6.769   214.0708     2.0623     4.5829     0.0224     -0.000      0.223      0.322        195 2.0734e+02 0.0000e+00
      0.229    17.3471     5.7386     59.943  31.831569     37.593      6.766   214.2980     2.0866     4.6098     0.0224     -0.001      0.226      0.327        196 1.9783e+02 0.0000e+00
      0.237    17.3466     5.7298     59.888  31.793417     37.525      6.765   214.4494     2.0623     4.5158     0.0224      0.000      0.232      0.336        197 1.8657e+02 0.0000e+00
      0.243    17.3442     5.7271     59.890  31.831680     37.590      6.769   214.8280     2.1149     4.7038     0.0224      0.003      0.238      0.344        198 1.8067e+02 0.0000e+00
      0.247    17.3382     5.7355     60.004  31.843258     37.590      6.768   214.9415     2.1391     4.6903     0.0224      0.008      0.241      0.349        199 1.8634e+02 0.0000e+00
      0.247    17.3311     5.7401     60.078  31.808661     37.559      6.770   215.0172     2.1068     4.6635     0.0224      0.010      0.238      0.345        200 1.8727e+02 0.0000e+00
      0.236    17.3339     5.7406     60.099  31.785776     37.531      6.771   215.4337     2.1149     4.6903     0.0224      0.009      0.224      0.325        201 2.2120e+02 0.0000e+00
      0.202    17.3488     5.7457     60.161  31.842089     37.604      6.762   215.8501     2.1715     4.6098     0.0224     -0.002      0.192      0.278        202 2.6286e+02 0.0000e+00
      0.149    17.3684     5.7470     60.175  31.916501     37.701      6.744   215.8501     2.2079     4.6098     0.0225     -0.025      0.143      0.207        203 3.9850e+02 0.0000e+00
      0.086    17.3930     5.7416     60.119  31.930391     37.687      6.735   216.3422     2.2159     4.6098     0.0225     -0.061      0.083      0.121        204 6.0329e+02 0.0000e+00
      0.020    17.4219     5.7388     60.094  31.973061     37.736      6.733   216.4180     2.1876     4.6366     0.0225     -0.103      0.017      0.026        205 6.1479e+02 0.0000e+00
     -0.054    17.4516     5.7322     60.031  32.011656     37.747      6.741   215.9637     2.0582     4.6500     0.0225     -0.149     -0.051     -0.074        206 5.9736e+02 0.0000e+00
     -0.123    17.4814     5.7268     59.978  32.030615     37.754      6.746   216.0015     2.0582     4.5292     0.0225     -0.192     -0.115     -0.167        207 6.2635e+02 0.0000e+00
     -0.176    17.5060     5.7263     59.978  32.038413     37.728      6.752   216.1530     2.0704     4.6098     0.0225     -0.223     -0.165     -0.240        208 6.3490e+02 0.0000e+00
     -0.208    17.5272     5.7189     59.910  32.031590     37.701      6.756   216.3801     2.1027     4.6366     0.0225     -0.235     -0.200     -0.290        209 6.3625e+02 0.0000e+00
     -0.230    17.5471     5.7143     59.859  32.039093     37.679      6.757   220.6580     1.9814     4.4755     0.0225     -0.227     -0.224     -0.324        210 6.0839e+02 0.0000e+00
     -0.247    17.5607     5.7119     59.804  32.029065     37.660      6.757   218.8408     1.9976     4.6098     0.0225     -0.203     -0.240     -0.348        211 6.1318e+02 0.0000e+00
     -0.257    17.5668     5.7050     59.689  32.014406     37.610      6.760   221.2258     1.9774     4.6098     0.0225     -0.171     -0.247     -0.358        212 6.2672e+02 0.0000e+00
     -0.250    17.5672     5.6945     59.541  32.027674     37.631      6.763   220.7337     1.9895     4.6769     0.0225     -0.130     -0.243     -0.353        213 6.2098e+02 0.0000e+00
     -0.238    17.5681     5.6895     59.448  32.042201     37.625      6.762   221.2637     1.9612     4.5292     0.0225     -0.086     -0.233     -0.338        214 6.2593e+02 0.0000e+00
     -0.226    17.5721     5.6917     59.424  32.025978     37.625      6.759   221.5287     1.9693     4.5560     0.0225     -0.046     -0.221     -0.321        215 6.3100e+02 0.0000e+00
     -0.212    17.5766     5.6955     59.420  31.988557     37.558      6.754   221.9073     1.9086     4.6366     0.0225     -0.014     -0.209     -0.303        216 6.2875e+02 0.0000e+00
     -0.202    17.5799     5.6966     59.394  32.029465     37.621      6.750   222.1344     1.9410     4.5560     0.0225      0.009     -0.197     -0.286        217 6.3267e+02 0.0000e+00
     -0.190    17.5839     5.6991     59.392  32.064027     37.649      6.751   222.0208     1.8278     4.5292     0.0225      0.027     -0.186     -0.269        218 6.2831e+02 0.0000e+00
     -0.178    17.5907     5.6984     59.371  32.093807     37.679      6.745   222.2480     1.8156     4.5829     0.0225      0.039     -0.171     -0.248        219 6.1797e+02 0.0000e+00
     -0.156    17.5884     5.6841     59.216  32.081361     37.676      6.738   219.2951     1.7914     4.6366     0.0225      0.048     -0.147     -0.214        220 6.2831e+02 0.0000e+00
     -0.116    17.5649     5.6837     59.204  32.049862     37.604      6.726   219.4087     1.8075     4.6500     0.0225      0.059     -0.112     -0.163        221 6.3235e+02 0.0000e+00
     -0.072    17.5306     5.6812     59.169  32.014394     37.606      6.720   219.4087     1.7914     4.7440     0.0225      0.074     -0.072     -0.105        222 6.2564e+02 0.0000e+00
     -0.035    17.4992     5.6738     59.077  31.858626     37.397      6.724   219.4087     1.6175     4.5292     0.0224      0.091     -0.034     -0.050        223 6.1293e+02 0.0000e+00
      0.002    17.4660     5.6722     59.046  31.828580     37.427      6.723   219.6737     1.6175     4.5963     0.0224      0.108      0.005      0.007        224 5.4532e+02 0.0000e+00
      0.050    17.4278     5.6724     59.035  31.814574     37.422      6.726   220.2037     1.6054     4.5023     0.0224      0.128      0.049      0.072        225 4.1438e+02 0.0000e+00
      0.098    17.3920     5.6711     59.007  31.727806     37.353      6.725   220.3173     1.6013     4.5560     0.0224      0.146      0.095      0.138        226 3.0855e+02 0.0000e+00
      0.142    17.3625     5.6640     58.918  31.729007     37.387      6.728   220.4687     1.6579     4.6098     0.0224      0.160      0.137      0.199        227 2.6544e+02 0.0000e+00
      0.181    17.3402     5.6619     58.887  31.724138     37.418      6.726   220.7337     1.6579     4.6366     0.0224      0.166      0.175      0.254        228 2.3319e+02 0.0000e+00
      0.212    17.3283     5.6552     58.810  31.674577     37.378      6.727   220.9608     1.6620     4.5829     0.0223      0.165      0.207      0.300        229 2.1418e+02 0.0000e+00
      0.241    17.3228     5.6438     58.688  31.672087     37.398      6.731   220.8094     1.6903     4.6232     0.0223      0.160      0.236      0.343        230 1.9822e+02 0.0000e+00
      0.270    17.3170     5.6278     58.519  31.697593     37.441      6.736   221.2258     1.9450     4.6098     0.0224      0.153      0.265      0.384        231 1.8187e+02 0.0000e+00
      0.299    17.3091     5.6080     58.313  31.672493     37.413      6.734   220.7715     1.9288     4.6232     0.0223      0.144      0.294      0.426        232 1.7160e+02 0.0000e+00
      0.329    17.2979     5.5902     58.128  31.673673     37.418      6.735   220.9230     1.9369     4.5292     0.0223      0.133      0.326      0.472        233 1.5461e+02 0.0000e+00
      0.369    17.2861     5.5645     57.861  31.666475     37.425      6.726   221.7180     1.9208     4.5695     0.0223      0.127      0.362      0.525        234 1.4136e+02 0.0000e+00
      0.408    17.2755     5.5481     57.689  31.622150     37.369      6.725   222.6644     2.3332     4.6366     0.0223      0.126      0.401      0.581        235 1.3095e+02 0.0000e+00
      0.450    17.2636     5.5290     57.488  31.610230     37.379      6.722   223.3458     2.3251     4.6098     0.0223      0.129      0.440      0.637        236 1.2230e+02 0.0000e+00
      0.487    17.2518     5.5120     57.308  31.592357     37.356      6.721   223.9894     2.3292     4.6232     0.0223      0.136      0.474      0.687        237 1.1854e+02 0.0000e+00
      0.512    17.2432     5.4978     57.157  31.614745     37.399      6.724   224.7844     2.3332     4.4486     0.0223      0.138      0.498      0.722        238 1.1545e+02 0.0000e+00
      0.524    17.2381     5.4887     57.059  31.612027     37.410      6.718   224.8601     2.7295     4.8783     0.0223      0.134      0.513      0.745        239 1.1381e+02 0.0000e+00
      0.535    17.2350     5.4880     57.048  31.625397     37.417      6.715   225.5794     2.7295     4.8783     0.0223      0.124      0.525      0.762        240 1.1157e+02 0.0000e+00
      0.547    17.2329     5.4852     57.017  31.657414     37.488      6.715   225.6930     2.7174     4.7843     0.0223      0.109      0.537      0.779        241 1.0900e+02 0.0000e+00
      0.560    17.2322     5.4967     57.133  31.631491     37.425      6.722   225.9201     2.7214     4.8380     0.0223      0.091      0.551      0.799        242 1.0671e+02 0.0000e+00
      0.576    17.2324     5.5025     57.191  31.628007     37.460      6.724   226.5258     2.7012     4.7843     0.0223      0.075      0.568      0.824        243 1.0402e+02 0.0000e+00
      0.601    17.2326     5.5076     57.242  31.632097     37.427      6.729   226.6773     2.7699     4.5963     0.0223      0.065      0.593      0.860        244 1.0055e+02 0.0000e+00
      0.638    17.2313     5.5160     57.328  31.596750     37.427      6.729   226.4880     2.8063     4.6903     0.0223      0.065      0.627      0.909        245 9.6551e+01 0.0000e+00
      0.677    17.2289     5.5153     57.318  31.583039     37.361      6.731   227.2073     2.7821     4.5023     0.0223      0.076      0.662      0.961        246 9.3222e+01 0.0000e+00
      0.712    17.2262     5.5205     57.370  31.589855     37.428      6.730   227.4723     2.7821     4.5829     0.0223      0.091      0.697      1.010        247 9.0282e+01 0.0000e+00
      0.742    17.2236     5.5221     57.386  31.588268     37.364      6.727   228.0023     2.6931     4.8515     0.0223      0.106      0.727      1.055        248 8.7893e+01 0.0000e+00
      0.771    17.2212     5.5283     57.451  31.614668     37.466      6.721   228.1916     2.7133     4.8246     0.0223      0.117      0.757      1.098        249 8.4795e+01 0.0000e+00
      0.802    17.2183     5.5112     57.272  31.586656     37.369      6.714   228.8351     2.7133     4.9186     0.0223      0.125      0.787      1.141        250 8.1396e+01 0.0000e+00
      0.832    17.2159     5.5087     57.243  31.593477     37.437      6.708   229.0244     2.7174     4.8783     0.0223      0.128      0.814      1.181        251 7.9136e+01 0.0000e+00
      0.856    17.2137     5.5014     57.165  31.576525     37.373      6.702   229.4030     2.5839     4.8515     0.0223      0.125      0.839      1.217        252 7.6871e+01 0.0000e+00
      0.879    17.2113     5.4864     56.999  31.548449     37.376      6.704   229.5166     2.5920     4.7977     0.0223      0.118      0.862      1.251        253 7.5144e+01 0.0000e+00
      0.903    17.2100     5.4771     56.894  31.569115     37.377      6.704   229.6680     2.6041     4.8917     0.0223      0.111      0.885      1.284        254 7.4121e+01 0.0000e+00
      0.927    17.2089     5.4717     56.832  31.580459     37.413      6.702   229.9709     2.5960     4.8112     0.0223      0.105      0.909      1.318        255 7.2610e+01 0.0000e+00
