Data/DataNotYetUploadedToEDI/Raw_CTD/RawDownloads/101518_fcr45.cnv
* Sea-Bird SBE19plus  Data File:
* FileName = C:\DATA\101518_fcr_0004.hex
* Software version 2.6.3.104
* Temperature SN = 7809
* Conductivity SN = 7809
* System UpLoad Time = Oct 29 2018 16:37:22
* <ApplicationData>
* <Seaterm232>
# nquan = 17
# nvalues = 553                         
# units = specified
# name 0 = depFM: Depth [fresh water, m]
# name 1 = tv290C: Temperature [ITS-90, deg C]
# name 2 = sbeox0Mg/L: Oxygen, SBE 43 [mg/l]
# name 3 = sbeox0PS: Oxygen, SBE 43 [% saturation]
# name 4 = c0uS/cm: Conductivity [uS/cm]
# name 5 = specc: Specific Conductance [uS/cm]
# name 6 = ph: pH
# name 7 = orp: Oxidation Reduction Potential [mV]
# name 8 = flECO-AFL: Fluorescence, WET Labs ECO-AFL/FL [mg/m^3]
# name 9 = turbWETntu0: Turbidity, WET Labs ECO [NTU]
# name 10 = sal00: Salinity, Practical [PSU]
# name 11 = dz/dtM: Descent Rate [m/s]
# name 12 = prdM: Pressure, Strain Gauge [db]
# name 13 = prdE: Pressure, Strain Gauge [psi]
# name 14 = scan: Scan Count
# name 15 = par/sat/log: PAR/Logarithmic, Satlantic
# name 16 = flag:  0.000e+00
# span 0 =     -0.548,      7.801       
# span 1 =    13.7895,    18.2697       
# span 2 =    -0.7902,     9.6696       
# span 3 =     -7.995,    101.349       
# span 4 =   1.516568, 125.363875       
# span 5 =      1.749,    161.648       
# span 6 =      6.142,      7.779       
# span 7 =     9.1874,   267.9417       
# span 8 =    -0.2102,     3.3239       
# span 9 =    -0.3586,    15.8087       
# span 10 =     0.0093,     0.0771      
# span 11 =     -0.231,      0.207      
# span 12 =     -0.538,      7.649      
# span 13 =     -0.780,     11.095      
# span 14 =          1,        553      
# span 15 = 1.2307e-01, 4.8629e+02      
# span 16 = 0.0000e+00, 0.0000e+00      
# interval = seconds: 0.25
# start_time = Oct 15 2018 15:39:42 [Instrument's time stamp, header]
# bad_flag = -9.990e-29
*END*
[from data line 426]
      5.424    16.7393     5.9400     61.034  30.494075     36.521      6.573   265.7081     1.6620     4.8112     0.0218      0.091      5.315      7.708        427 1.4163e-01 0.0000e+00
      5.445    16.7362     5.9249     60.857  30.421204     36.426      6.572   265.8217     1.6701     4.8380     0.0217      0.097      5.337      7.741        428 1.2767e-01 0.0000e+00
      5.459    16.7342     5.9076     60.661  30.496925     36.531      6.574   265.1402     1.6781     4.7843     0.0218      0.100      5.354      7.766        429 1.2443e-01 0.0000e+00
      5.476    16.7312     5.8825     60.387  30.488798     36.533      6.576   265.2160     1.6822     4.7977     0.0218      0.100      5.373      7.793        430 1.2629e-01 0.0000e+00
      5.504    16.7252     5.8574     60.117  30.431320     36.435      6.578   265.4052     1.6943     4.8380     0.0217      0.100      5.400      7.833        431 1.2521e-01 0.0000e+00
      5.542    16.7162     5.8150     59.669  30.538806     36.605      6.575   266.1245     1.6822     4.7709     0.0218      0.101      5.434      7.880        432 1.2593e-01 0.0000e+00
      5.576    16.7066     5.7663     59.152  30.562592     36.610      6.573   265.8595     1.6741     4.6366     0.0218      0.101      5.465      7.925        433 1.2540e-01 0.0000e+00
      5.597    16.6985     5.6981     58.430  30.609278     36.685      6.572   266.0488     1.6781     4.5829     0.0218      0.100      5.490      7.962        434 1.2577e-01 0.0000e+00
      5.621    16.6904     5.6107     57.498  30.658617     36.760      6.574   265.8595     1.6862     4.6232     0.0218      0.101      5.515      7.998        435 1.2556e-01 0.0000e+00
      5.652    16.6782     5.4796     56.097  30.679103     36.767      6.573   265.8217     1.6822     4.6366     0.0218      0.106      5.541      8.037        436 1.2575e-01 0.0000e+00
      5.678    16.6621     5.2162     53.336  30.761697     36.908      6.573   265.6702     1.7307     4.7843     0.0219      0.111      5.566      8.072        437 1.2573e-01 0.0000e+00
      5.696    16.6457     4.6960     47.957  30.911652     37.053      6.577   265.7838     1.7590     4.8380     0.0220      0.109      5.587      8.102        438 1.2573e-01 0.0000e+00
      5.716    16.6306     3.9972     40.777  31.055871     37.302      6.577   265.7838     1.7469     4.8917     0.0221      0.103      5.609      8.135        439 1.2571e-01 0.0000e+00
      5.746    16.6178     3.1536     32.139  31.234564     37.451      6.577   265.7081     1.7792     4.8112     0.0221      0.098      5.636      8.175        440 1.2560e-01 0.0000e+00
      5.780    16.6080     2.1916     22.310  31.252666     37.599      6.571   265.9352     1.7995     4.8380     0.0222      0.098      5.666      8.220        441 1.2561e-01 0.0000e+00
      5.810    16.5974     1.3117     13.343  31.448480     37.678      6.568   265.6324     1.8116     4.8380     0.0222      0.102      5.696      8.261        442 1.2563e-01 0.0000e+00
      5.835    16.5833     0.5515      5.607  31.732195     38.258      6.570   265.6702     1.8278     4.8783     0.0224      0.103      5.722      8.299        443 1.2562e-01 0.0000e+00
      5.861    16.5642    -0.1004     -1.020  33.983590     40.551      6.569   265.7838     1.8075     4.8380     0.0234      0.104      5.749      8.338        444 1.2565e-01 0.0000e+00
      5.891    16.5311    -0.5117     -5.190  36.475816     44.295      6.564   265.9731     1.6579     4.7575     0.0250      0.108      5.777      8.379        445 1.2560e-01 0.0000e+00
      5.920    16.4811    -0.7035     -7.125  44.499308     52.554      6.561   265.8595     1.6781     4.7709     0.0286      0.112      5.804      8.418        446 1.2576e-01 0.0000e+00
      5.944    16.4232    -0.7902     -7.995  61.952644     75.428      6.559   265.8217     1.6579     4.7709     0.0386      0.112      5.828      8.452        447 1.2571e-01 0.0000e+00
      5.962    16.3642    -0.7334     -7.416  72.880472     87.565      6.554   265.9731     1.6862     4.8246     0.0440      0.107      5.848      8.482        448 1.2561e-01 0.0000e+00
      5.986    16.3137    -0.6259     -6.326  76.306802     92.317      6.544   266.5788     1.6822     4.6098     0.0461      0.102      5.871      8.516        449 1.2578e-01 0.0000e+00
      6.014    16.2654    -0.5151     -5.199  78.575604     94.887      6.529   265.8595     1.7105     4.5963     0.0473      0.100      5.898      8.554        450 1.2579e-01 0.0000e+00
      6.043    16.2129    -0.4192     -4.225  79.626434     96.394      6.498   265.4052     1.7064     4.6769     0.0479      0.100      5.925      8.593        451 1.2565e-01 0.0000e+00
      6.067    16.1789    -0.3062     -3.081  80.467926     97.521      6.457   266.6167     1.6660     4.6098     0.0484      0.099      5.950      8.629        452 1.2558e-01 0.0000e+00
      6.092    16.1535    -0.2209     -2.219  80.322423     97.412      6.404   265.7838     1.5811     4.8112     0.0484      0.098      5.975      8.666        453 1.2562e-01 0.0000e+00
      6.122    16.1041    -0.1493     -1.496  80.669559     97.932      6.346   267.3360     1.6094     4.8112     0.0486      0.099      6.001      8.704        454 1.2563e-01 0.0000e+00
      6.145    16.0370    -0.0706     -0.707  81.492490     99.013      6.299   267.9417     1.6256     4.7843     0.0491      0.101      6.024      8.738        455 1.2563e-01 0.0000e+00
      6.163    15.9743    -0.0181     -0.181  81.854720     99.574      6.266   265.0645     1.6094     4.7977     0.0493      0.101      6.043      8.764        456 1.2565e-01 0.0000e+00
      6.177    15.9249     0.0319      0.319  81.942924     99.808      6.243   263.6638     1.6094     4.8112     0.0494      0.096      6.058      8.786        457 1.2565e-01 0.0000e+00
      6.191    15.8990     0.0726      0.725  81.947595    100.027      6.229   243.3345     1.5447     5.1872     0.0495      0.089      6.075      8.811        458 1.2571e-01 0.0000e+00
      6.218    15.8693     0.1122      1.118  81.759798     99.842      6.222   229.1759     1.5447     5.1872     0.0494      0.084      6.100      8.847        459 1.2565e-01 0.0000e+00
      6.251    15.8119     0.1330      1.325  82.176691    100.452      6.213   206.0451     1.5124     5.2409     0.0496      0.084      6.130      8.891        460 1.2558e-01 0.0000e+00
      6.283    15.7418     0.1645      1.637  82.617898    101.105      6.209   177.4250     1.5407     5.2274     0.0499      0.087      6.162      8.937        461 1.2564e-01 0.0000e+00
      6.317    15.6613     0.1771      1.761  83.261958    101.904      6.206   164.5914     1.4072     6.7045     0.0503      0.092      6.196      8.987        462 1.2584e-01 0.0000e+00
      6.355    15.5756     0.1894      1.883  84.467014    103.759      6.207   153.2342     1.4274     6.7448     0.0511      0.103      6.234      9.041        463 1.2580e-01 0.0000e+00
      6.399    15.4860     0.1996      1.982  85.310182    104.796      6.208   144.2242     1.4153     6.7179     0.0515      0.117      6.274      9.099        464 1.2559e-01 0.0000e+00
      6.438    15.4146     0.2093      2.079  86.285876    106.395      6.213   137.2584     1.4315     6.7582     0.0522      0.131      6.309      9.150        465 1.2575e-01 0.0000e+00
      6.463    15.3786     0.2116      2.100  86.553150    106.875      6.220   130.6713     1.6134     5.4960     0.0524      0.138      6.336      9.190        466 1.2584e-01 0.0000e+00
      6.483    15.3443     0.2159      2.141  86.434559    106.893      6.228   123.2134     1.6094     5.4557     0.0524      0.136      6.360      9.225        467 1.2573e-01 0.0000e+00
      6.511    15.2944     0.2130      2.112  86.552475    107.227      6.239   116.8155     1.6013     5.4289     0.0525      0.132      6.388      9.266        468 1.2563e-01 0.0000e+00
      6.550    15.2401     0.2109      2.090  86.228062    106.798      6.243   113.4841     1.6175     5.3617     0.0523      0.129      6.421      9.313        469 1.2564e-01 0.0000e+00
      6.580    15.1925     0.2124      2.104  86.095002    106.861      6.253   108.9791     1.7792     5.4691     0.0523      0.125      6.451      9.356        470 1.2570e-01 0.0000e+00
      6.604    15.1551     0.2099      2.078  86.212657    107.075      6.267   104.9284     1.7550     5.4960     0.0524      0.118      6.477      9.394        471 1.2569e-01 0.0000e+00
      6.632    15.1220     0.2048      2.028  86.319570    107.412      6.272   100.7641     1.7348     5.4557     0.0526      0.113      6.505      9.434        472 1.2576e-01 0.0000e+00
      6.662    15.0913     0.1994      1.973  86.526938    107.686      6.281    97.3569     1.7388     5.4423     0.0527      0.112      6.535      9.477        473 1.2584e-01 0.0000e+00
      6.695    15.0647     0.1976      1.957  86.965579    108.403      6.291    93.2305     2.6405     3.5490     0.0530      0.115      6.565      9.520        474 1.2581e-01 0.0000e+00
      6.723    15.0427     0.1939      1.921  87.765915    109.394      6.297    91.1862     2.6607     3.5758     0.0534      0.117      6.592      9.560        475 1.2568e-01 0.0000e+00
      6.746    15.0213     0.1901      1.883  88.712617    110.761      6.305    88.9147     2.6891     3.6027     0.0540      0.114      6.617      9.596        476 1.2563e-01 0.0000e+00
      6.775    15.0013     0.1892      1.873  89.326032    111.487      6.313    86.9462     2.6486     3.5624     0.0544      0.111      6.644      9.636        477 1.2573e-01 0.0000e+00
      6.806    14.9808     0.1841      1.823  89.678874    112.071      6.321    84.6747     3.0409     2.5150     0.0546      0.111      6.671      9.676        478 1.2578e-01 0.0000e+00
      6.828    14.9553     0.1802      1.784  89.998327    112.444      6.324    82.8197     3.0085     2.4210     0.0548      0.111      6.694      9.709        479 1.2568e-01 0.0000e+00
      6.846    14.9302     0.1787      1.770  90.355946    113.025      6.330    80.5861     3.0611     2.4747     0.0550      0.106      6.713      9.736        480 1.2560e-01 0.0000e+00
      6.863    14.9095     0.1743      1.725  90.631577    113.380      6.336    78.7690     3.0489     2.3807     0.0552      0.100      6.727      9.758        481 1.2563e-01 0.0000e+00
      6.871    14.8996     0.1711      1.692  90.755689    113.660      6.344    77.3683     3.0570     2.3539     0.0553      0.090      6.736      9.771        482 1.2571e-01 0.0000e+00
      6.874    14.9015     0.1722      1.702  90.707091    113.615      6.353    75.4754     3.0166     2.3673     0.0553      0.078      6.741      9.776        483 1.2567e-01 0.0000e+00
      6.876    14.9174     0.1692      1.671  90.483902    113.397      6.359    73.2797     3.0328     2.2330     0.0552      0.064      6.743      9.779        484 1.2567e-01 0.0000e+00
      6.877    14.9348     0.1734      1.711  90.200753    113.005      6.364    71.1597     3.0530     2.2464     0.0550      0.048      6.746      9.783        485 1.2564e-01 0.0000e+00
      6.884    14.9245     0.1705      1.682  90.286244    113.067      6.373    68.5097     3.0085     2.2464     0.0550      0.035      6.752      9.793        486 1.2554e-01 0.0000e+00
      6.896    14.9039     0.1660      1.638  90.972286    113.890      6.377    66.6168     3.0247     2.1256     0.0554      0.027      6.761      9.806        487 1.2567e-01 0.0000e+00
      6.903    14.8992     0.1662      1.640  91.309788    114.379      6.383    65.6325     3.0287     2.0853     0.0556      0.023      6.767      9.815        488 1.2562e-01 0.0000e+00
      6.903    14.9131     0.1721      1.698  90.877389    113.843      6.388    63.8532     3.0368     2.1122     0.0554      0.020      6.769      9.817        489 1.2565e-01 0.0000e+00
      6.902    14.9295     0.1660      1.636  90.172129    113.011      6.395    62.2254     3.0287     2.2464     0.0550      0.018      6.772      9.822        490 1.2580e-01 0.0000e+00
      6.911    14.9111     0.1698      1.673  90.343619    113.080      6.395    59.1968     2.9762     2.5419     0.0550      0.019      6.783      9.837        491 1.2564e-01 0.0000e+00
      6.934    14.8600     0.1685      1.658  91.318242    114.431      6.405    58.4775     3.0045     2.4479     0.0557      0.025      6.803      9.867        492 1.2576e-01 0.0000e+00
      6.966    14.8228     0.1688      1.660  91.606068    114.698      6.405    57.3418     2.9681     2.5150     0.0558      0.035      6.833      9.910        493 1.2578e-01 0.0000e+00
      7.003    14.7965     0.1662      1.633  91.650895    114.985      6.406    56.6982     2.9681     2.5687     0.0559      0.049      6.865      9.958        494 1.2562e-01 0.0000e+00
      7.034    14.7618     0.1646      1.616  92.333195    115.871      6.409    55.7139     3.0449     2.5956     0.0563      0.066      6.893      9.998        495 1.2563e-01 0.0000e+00
      7.051    14.7420     0.1632      1.601  92.690219    116.537      6.412    54.9189     3.0287     2.4747     0.0566      0.081      6.912     10.025        496 1.2566e-01 0.0000e+00
      7.061    14.7521     0.1591      1.559  92.753208    116.510      6.415    54.0103     3.0328     2.4076     0.0566      0.091      6.924     10.043        497 1.2565e-01 0.0000e+00
      7.071    14.7710     0.1595      1.562  92.819949    116.910      6.417    53.2153     3.0409     2.4747     0.0567      0.093      6.934     10.058        498 1.2554e-01 0.0000e+00
      7.082    14.7464     0.1641      1.606  93.469725    117.350      6.423    51.8525     3.0813     2.1659     0.0569      0.087      6.947     10.076        499 1.2564e-01 0.0000e+00
      7.098    14.7011     0.1577      1.542  95.097459    119.745      6.430    50.3761     3.1258     2.0719     0.0580      0.076      6.962     10.098        500 1.2576e-01 0.0000e+00
      7.116    14.6641     0.1614      1.579  95.761655    120.324      6.433    49.0889     3.1015     2.1390     0.0583      0.066      6.979     10.123        501 1.2561e-01 0.0000e+00
      7.135    14.6235     0.1576      1.541  96.480393    121.554      6.438    47.4989     3.0813     2.1927     0.0588      0.058      6.996     10.148        502 1.2562e-01 0.0000e+00
      7.151    14.5910     0.1578      1.542  97.386069    122.760      6.439    46.7418     3.1015     2.2733     0.0594      0.056      7.011     10.169        503 1.2568e-01 0.0000e+00
      7.162    14.5606     0.1564      1.527  97.401213    122.890      6.444    45.9846     3.0975     2.2733     0.0594      0.057      7.024     10.188        504 1.2567e-01 0.0000e+00
      7.174    14.5238     0.1498      1.462  97.443311    123.058      6.448    45.2275     3.0975     2.2464     0.0595      0.059      7.038     10.209        505 1.2567e-01 0.0000e+00
      7.196    14.4810     0.1525      1.489  97.898971    123.686      6.451    43.7132     3.0813     2.3002     0.0598      0.061      7.057     10.236        506 1.2569e-01 0.0000e+00
      7.219    14.4411     0.1506      1.470  98.916729    125.147      6.453    42.9560     3.1298     2.0719     0.0604      0.064      7.077     10.264        507 1.2564e-01 0.0000e+00
      7.233    14.4106     0.1485      1.448  99.627908    126.173      6.458    41.9339     3.1096     2.0182     0.0609      0.065      7.092     10.286        508 1.2559e-01 0.0000e+00
      7.243    14.3847     0.1520      1.482  99.661879    126.336      6.461    41.6689     3.0934     2.0719     0.0610      0.063      7.104     10.303        509 1.2566e-01 0.0000e+00
      7.255    14.3581     0.1518      1.480 100.005102    126.825      6.465    40.8360     3.1096     2.1927     0.0612      0.061      7.116     10.321        510 1.2570e-01 0.0000e+00
