Data/DataNotYetUploadedToEDI/Raw_CTD/RawDownloads/101518_fcr45.cnv
* Sea-Bird SBE19plus  Data File:
* FileName = C:\DATA\101518_fcr_0004.hex
* Software version 2.6.3.104
* Temperature SN = 7809
* Conductivity SN = 7809
* System UpLoad Time = Oct 29 2018 16:37:22
* <ApplicationData>
* <Seaterm232>
# nquan = 17
# nvalues = 553                         
# units = specified
# name 0 = depFM: Depth [fresh water, m]
# name 1 = tv290C: Temperature [ITS-90, deg C]
# name 2 = sbeox0Mg/L: Oxygen, SBE 43 [mg/l]
# name 3 = sbeox0PS: Oxygen, SBE 43 [% saturation]
# name 4 = c0uS/cm: Conductivity [uS/cm]
# name 5 = specc: Specific Conductance [uS/cm]
# name 6 = ph: pH
# name 7 = orp: Oxidation Reduction Potential [mV]
# name 8 = flECO-AFL: Fluorescence, WET Labs ECO-AFL/FL [mg/m^3]
# name 9 = turbWETntu0: Turbidity, WET Labs ECO [NTU]
# name 10 = sal00: Salinity, Practical [PSU]
# name 11 = dz/dtM: Descent Rate [m/s]
# name 12 = prdM: Pressure, Strain Gauge [db]
# name 13 = prdE: Pressure, Strain Gauge [psi]
# name 14 = scan: Scan Count
# name 15 = par/sat/log: PAR/Logarithmic, Satlantic
# name 16 = flag:  0.000e+00
# span 0 =     -0.548,      7.801       
# span 1 =    13.7895,    18.2697       
# span 2 =    -0.7902,     9.6696       
# span 3 =     -7.995,    101.349       
# span 4 =   1.516568, 125.363875       
# span 5 =      1.749,    161.648       
# span 6 =      6.142,      7.779       
# span 7 =     9.1874,   267.9417       
# span 8 =    -0.2102,     3.3239       
# span 9 =    -0.3586,    15.8087       
# span 10 =     0.0093,     0.0771      
# span 11 =     -0.231,      0.207      
# span 12 =     -0.538,      7.649      
# span 13 =     -0.780,     11.095      
# span 14 =          1,        553      
# span 15 = 1.2307e-01, 4.8629e+02      
# span 16 = 0.0000e+00, 0.0000e+00      
# interval = seconds: 0.25
# start_time = Oct 15 2018 15:39:42 [Instrument's time stamp, header]
# bad_flag = -9.990e-29
*END*
[from data line 86]
      0.312    17.5041     4.6640     48.786  33.348897     39.233      7.042   210.6258     1.8156     4.8246     0.0232      0.011      0.303      0.440         87 1.1644e+02 0.0000e+00
      0.299    17.5085     4.6377     48.513  33.317536     39.198      7.032   210.5122     1.8803     4.8783     0.0231      0.005      0.290      0.422         88 1.2288e+02 0.0000e+00
      0.277    17.5115     4.6056     48.180  33.269036     39.127      7.026   211.0801     1.8722     4.7575     0.0231     -0.007      0.274      0.398         89 1.2752e+02 0.0000e+00
      0.263    17.5136     4.5695     47.805  33.260977     39.123      7.018   211.3072     1.8763     4.8380     0.0231     -0.019      0.258      0.375         90 1.3724e+02 0.0000e+00
      0.249    17.5142     4.5352     47.448  33.268253     39.120      7.006   211.2694     1.8844     4.8380     0.0231     -0.031      0.244      0.354         91 1.4435e+02 0.0000e+00
      0.234    17.5149     4.5021     47.103  33.259980     39.118      6.999   211.1558     1.8601     4.7440     0.0231     -0.043      0.231      0.334         92 1.4872e+02 0.0000e+00
      0.223    17.5162     4.4688     46.756  33.271272     39.118      6.992   211.2315     1.8197     4.7843     0.0231     -0.052      0.221      0.321         93 1.5192e+02 0.0000e+00
      0.220    17.5173     4.4375     46.428  33.313511     39.183      6.989   211.8751     1.7914     4.8112     0.0231     -0.054      0.218      0.316         94 1.4946e+02 0.0000e+00
      0.224    17.5169     4.3967     46.001  33.355689     39.215      6.985   212.2537     1.8035     4.8380     0.0232     -0.048      0.220      0.319         95 1.4958e+02 0.0000e+00
      0.227    17.5170     4.3682     45.706  33.337401     39.214      6.983   212.0644     1.8035     4.8783     0.0232     -0.037      0.224      0.325         96 1.4603e+02 0.0000e+00
      0.235    17.5188     4.3376     45.387  33.276959     39.115      6.984   212.3672     1.8237     4.7843     0.0231     -0.022      0.231      0.335         97 1.4139e+02 0.0000e+00
      0.244    17.5211     4.3018     45.014  33.341943     39.214      6.983   212.5565     1.7995     4.7843     0.0232     -0.008      0.239      0.347         98 1.3895e+02 0.0000e+00
      0.252    17.5234     4.2761     44.748  33.345495     39.212      6.982   212.2915     1.7954     4.8783     0.0232      0.005      0.246      0.356         99 1.3709e+02 0.0000e+00
      0.255    17.5257     4.2445     44.419  33.331847     39.177      6.976   213.4272     1.7752     4.7440     0.0231      0.015      0.249      0.361        100 1.3679e+02 0.0000e+00
      0.255    17.5281     4.2199     44.162  33.329271     39.208      6.975   213.0108     1.8237     4.8112     0.0232      0.020      0.251      0.363        101 1.3585e+02 0.0000e+00
      0.258    17.5299     4.1908     43.860  33.289390     39.107      6.972   213.3137     1.8278     4.7843     0.0231      0.021      0.253      0.367        102 1.3533e+02 0.0000e+00
      0.261    17.5304     4.1630     43.571  33.381479     39.269      6.969   214.1087     1.7833     4.7306     0.0232      0.019      0.254      0.369        103 1.3531e+02 0.0000e+00
      0.260    17.5301     4.1390     43.321  33.362942     39.202      6.961   214.3737     1.7914     4.8112     0.0232      0.016      0.254      0.368        104 1.3659e+02 0.0000e+00
      0.256    17.5309     4.1136     43.057  33.401422     39.267      6.957   214.2980     1.8278     4.7843     0.0232      0.010      0.253      0.367        105 1.3772e+02 0.0000e+00
      0.257    17.5333     4.0856     42.765  33.422558     39.300      6.955   214.6765     1.8278     4.8246     0.0232      0.005      0.254      0.369        106 1.3394e+02 0.0000e+00
      0.264    17.5356     4.0645     42.545  33.366295     39.201      6.950   214.7522     1.7995     4.8783     0.0232      0.004      0.259      0.376        107 1.3079e+02 0.0000e+00
      0.272    17.5373     4.0450     42.342  33.382473     39.265      6.946   215.0930     1.8278     4.8783     0.0232      0.006      0.265      0.385        108 1.2975e+02 0.0000e+00
      0.275    17.5392     4.0195     42.077  33.372768     39.197      6.939   214.9415     1.8075     4.8246     0.0232      0.008      0.269      0.390        109 1.2826e+02 0.0000e+00
      0.277    17.5412     4.0002     41.877  33.437683     39.327      6.932   215.3580     1.8075     4.8246     0.0232      0.010      0.272      0.394        110 1.2786e+02 0.0000e+00
      0.279    17.5430     3.9794     41.660  33.420308     39.259      6.925   215.7744     1.8197     4.7843     0.0232      0.012      0.273      0.395        111 1.2754e+02 0.0000e+00
      0.278    17.5448     3.9624     41.484  33.424045     39.290      6.919   215.9637     1.8116     4.8380     0.0232      0.013      0.272      0.394        112 1.2898e+02 0.0000e+00
      0.275    17.5466     3.9382     41.232  33.462686     39.321      6.919   216.0772     1.8197     4.9052     0.0232      0.011      0.271      0.392        113 1.2937e+02 0.0000e+00
      0.275    17.5485     3.9237     41.081  33.401873     39.254      6.915   216.3422     1.8561     4.7843     0.0232      0.008      0.271      0.392        114 1.2824e+02 0.0000e+00
      0.278    17.5501     3.8986     40.820  33.410760     39.252      6.915   216.3801     1.8601     4.7977     0.0232      0.004      0.273      0.395        115 1.2707e+02 0.0000e+00
      0.281    17.5517     3.8816     40.643  33.392317     39.250      6.914   216.7587     1.8561     4.8380     0.0232      0.002      0.275      0.399        116 1.2618e+02 0.0000e+00
      0.283    17.5530     3.8657     40.478  33.365514     39.183      6.912   217.0615     1.8803     4.7709     0.0232      0.002      0.276      0.400        117 1.2616e+02 0.0000e+00
      0.282    17.5542     3.8474     40.288  33.414458     39.280      6.906   216.9480     1.8439     4.8380     0.0232      0.003      0.275      0.400        118 1.2713e+02 0.0000e+00
      0.278    17.5560     3.8291     40.097  33.420371     39.246      6.903   217.7051     1.8480     4.8246     0.0232      0.002      0.273      0.396        119 1.2927e+02 0.0000e+00
      0.274    17.5577     3.8138     39.938  33.447121     39.311      6.902   217.7808     1.8925     4.7575     0.0232      0.001      0.269      0.391        120 1.3018e+02 0.0000e+00
      0.271    17.5597     3.7973     39.767  33.410823     39.244      6.898   217.5537     1.8682     4.7977     0.0232     -0.001      0.267      0.387        121 1.3054e+02 0.0000e+00
      0.271    17.5615     3.7853     39.642  33.406233     39.242      6.895   218.2351     1.8925     4.8246     0.0232     -0.004      0.267      0.386        122 1.3017e+02 0.0000e+00
      0.273    17.5629     3.7685     39.467  33.423178     39.273      6.893   218.1215     1.8601     4.8649     0.0232     -0.005      0.268      0.388        123 1.2941e+02 0.0000e+00
      0.275    17.5643     3.7582     39.360  33.419390     39.239      6.890   218.1973     1.8884     4.8246     0.0232     -0.005      0.269      0.391        124 1.2907e+02 0.0000e+00
      0.276    17.5658     3.7413     39.185  33.440600     39.303      6.886   218.5758     1.8399     4.7977     0.0232     -0.004      0.270      0.392        125 1.2887e+02 0.0000e+00
      0.276    17.5672     3.7245     39.010  33.426437     39.236      6.883   219.2573     1.9288     4.7843     0.0232     -0.002      0.270      0.392        126 1.2960e+02 0.0000e+00
      0.275    17.5688     3.7134     38.895  33.437017     39.300      6.879   219.2951     1.9167     4.8783     0.0232      0.000      0.269      0.390        127 1.2991e+02 0.0000e+00
      0.272    17.5707     3.7018     38.775  33.427434     39.233      6.880   219.5223     1.9288     4.8515     0.0232      0.001      0.267      0.387        128 1.3121e+02 0.0000e+00
      0.269    17.5722     3.6851     38.601  33.468018     39.330      6.877   219.2951     1.9410     4.8783     0.0232     -0.000      0.264      0.383        129 1.3211e+02 0.0000e+00
      0.268    17.5736     3.6670     38.412  33.416163     39.230      6.874   219.7494     1.8480     4.8112     0.0232     -0.002      0.262      0.380        130 1.3291e+02 0.0000e+00
      0.265    17.5748     3.6554     38.292  33.402997     39.229      6.871   219.7873     1.8601     4.8246     0.0232     -0.005      0.260      0.378        131 1.3357e+02 0.0000e+00
      0.265    17.5761     3.6415     38.148  33.454747     39.293      6.870   220.1658     1.8763     4.8246     0.0232     -0.006      0.260      0.378        132 1.3253e+02 0.0000e+00
      0.267    17.5779     3.6332     38.062  33.411071     39.226      6.866   219.9765     1.8925     4.8112     0.0232     -0.006      0.262      0.380        133 1.3166e+02 0.0000e+00
      0.270    17.5795     3.6243     37.970  33.457351     39.291      6.864   220.0144     1.8803     4.8380     0.0232     -0.004      0.265      0.384        134 1.3019e+02 0.0000e+00
      0.274    17.5811     3.6082     37.802  33.486118     39.322      6.864   220.3551     1.8682     4.7977     0.0232     -0.001      0.268      0.389        135 1.2898e+02 0.0000e+00
      0.277    17.5826     3.5939     37.653  33.464236     39.288      6.860   220.5823     1.8601     4.7575     0.0232      0.003      0.270      0.393        136 1.2852e+02 0.0000e+00
      0.278    17.5839     3.5861     37.573  33.454927     39.286      6.859   220.8851     1.8884     4.7172     0.0232      0.006      0.272      0.395        137 1.2812e+02 0.0000e+00
      0.277    17.5852     3.5767     37.475  33.468045     39.285      6.853   221.1123     1.8763     4.8112     0.0232      0.007      0.272      0.395        138 1.2862e+02 0.0000e+00
      0.277    17.5867     3.5644     37.347  33.507220     39.349      6.853   221.3394     1.9369     4.7575     0.0232      0.007      0.271      0.394        139 1.2941e+02 0.0000e+00
      0.276    17.5884     3.5558     37.257  33.524796     39.348      6.849   221.5287     1.9005     4.7709     0.0232      0.006      0.270      0.393        140 1.2989e+02 0.0000e+00
      0.274    17.5896     3.5415     37.109  33.535138     39.379      6.847   221.7937     1.9086     4.7843     0.0233      0.004      0.269      0.391        141 1.2962e+02 0.0000e+00
      0.274    17.5910     3.5356     37.048  33.464695     39.279      6.843   221.8315     1.9572     4.9320     0.0232      0.001      0.269      0.390        142 1.2951e+02 0.0000e+00
      0.275    17.5923     3.5287     36.977  33.464184     39.278      6.841   222.0965     1.9046     4.8380     0.0232     -0.001      0.270      0.391        143 1.2928e+02 0.0000e+00
      0.276    17.5936     3.5219     36.906  33.506116     39.343      6.839   222.2101     1.9167     4.8380     0.0232     -0.001      0.271      0.393        144 1.2836e+02 0.0000e+00
      0.277    17.5951     3.5026     36.705  33.471821     39.276      6.835   222.7401     1.9329     4.9052     0.0232     -0.001      0.272      0.394        145 1.2835e+02 0.0000e+00
      0.278    17.5962     3.4941     36.616  33.506864     39.340      6.831   222.9294     1.9572     4.8246     0.0232      0.000      0.272      0.395        146 1.2814e+02 0.0000e+00
      0.277    17.5974     3.4874     36.547  33.492160     39.306      6.826   223.4216     1.9531     4.7843     0.0232      0.001      0.272      0.394        147 1.2849e+02 0.0000e+00
      0.276    17.5987     3.4780     36.449  33.460465     39.272      6.820   223.7244     1.9208     4.7977     0.0232      0.001      0.271      0.393        148 1.2945e+02 0.0000e+00
      0.276    17.6001     3.4708     36.375  33.516654     39.337      6.819   223.7244     1.9288     4.7709     0.0232      0.001      0.270      0.392        149 1.2960e+02 0.0000e+00
      0.275    17.6014     3.4629     36.293  33.511199     39.336      6.815   223.7244     1.9410     4.8246     0.0232      0.000      0.270      0.392        150 1.2939e+02 0.0000e+00
      0.276    17.6027     3.4571     36.233  33.467253     39.269      6.813   223.8758     2.0057     4.8917     0.0232     -0.000      0.271      0.393        151 1.2880e+02 0.0000e+00
      0.277    17.6040     3.4463     36.120  33.512034     39.333      6.812   223.7623     1.9895     4.8112     0.0232     -0.000      0.272      0.395        152 1.2781e+02 0.0000e+00
      0.280    17.6052     3.4386     36.040  33.544436     39.365      6.814   224.1408     1.9814     4.7977     0.0233      0.000      0.274      0.398        153 1.2677e+02 0.0000e+00
      0.283    17.6063     3.4282     35.931  33.515893     39.331      6.811   224.1030     1.9814     4.7977     0.0232      0.002      0.277      0.402        154 1.2551e+02 0.0000e+00
      0.284    17.6072     3.4233     35.882  33.517897     39.329      6.812   224.3680     1.9935     4.8783     0.0232      0.004      0.278      0.403        155 1.2553e+02 0.0000e+00
      0.284    17.6083     3.4189     35.836  33.512286     39.328      6.811   224.8980     2.0097     4.8380     0.0232      0.005      0.277      0.402        156 1.2672e+02 0.0000e+00
      0.281    17.6094     3.4147     35.792  33.463566     39.262      6.808   224.9737     1.9976     4.6366     0.0232      0.005      0.276      0.400        157 1.2758e+02 0.0000e+00
      0.279    17.6107     3.3989     35.627  33.459906     39.261      6.807   224.7844     1.9814     4.7843     0.0232      0.003      0.274      0.397        158 1.2814e+02 0.0000e+00
      0.277    17.6120     3.3943     35.580  33.487183     39.293      6.803   225.0116     2.0016     4.7843     0.0232      0.001      0.272      0.395        159 1.2850e+02 0.0000e+00
      0.276    17.6132     3.3894     35.530  33.459275     39.259      6.803   225.5416     1.9329     4.8649     0.0232     -0.001      0.271      0.393        160 1.2924e+02 0.0000e+00
      0.275    17.6142     3.3823     35.455  33.464983     39.258      6.803   225.9958     1.9369     4.7843     0.0232     -0.004      0.270      0.392        161 1.2968e+02 0.0000e+00
      0.273    17.6145     3.3758     35.387  33.569046     39.388      6.801   225.9201     1.9369     4.7709     0.0233     -0.005      0.267      0.387        162 1.3189e+02 0.0000e+00
      0.267    17.6148     3.3716     35.343  33.567013     39.387      6.801   226.0716     1.9046     4.7306     0.0233     -0.007      0.262      0.380        163 1.3428e+02 0.0000e+00
      0.261    17.6160     3.3647     35.270  33.526823     39.321      6.796   226.3744     1.8642     4.8783     0.0232     -0.009      0.257      0.372        164 1.3602e+02 0.0000e+00
      0.256    17.6174     3.3647     35.275  33.530095     39.353      6.793   226.3744     1.8682     4.7843     0.0233     -0.011      0.252      0.366        165 1.3727e+02 0.0000e+00
      0.254    17.6185     3.3643     35.295  33.533286     39.319      6.793   226.3366     1.8682     4.8380     0.0232     -0.013      0.250      0.363        166 1.3703e+02 0.0000e+00
      0.256    17.6194     3.3797     35.473  33.552506     39.384      6.792   226.3744     1.8642     4.8112     0.0233     -0.013      0.250      0.363        167 1.3768e+02 0.0000e+00
      0.254    17.6196     3.4075     35.761  33.535830     39.317      6.793   226.8287     1.9410     4.8380     0.0232     -0.013      0.250      0.363        168 1.3640e+02 0.0000e+00
      0.254    17.6204     3.4557     36.254  33.494728     39.316      6.795   226.5258     1.9329     4.8112     0.0232     -0.011      0.250      0.363        169 1.3480e+02 0.0000e+00
      0.256    17.6217     3.5568     37.303  33.485035     39.250      6.796   226.5637     1.9410     4.7306     0.0232     -0.008      0.253      0.368        170 1.3197e+02 0.0000e+00
