Data/DataNotYetUploadedToEDI/Raw_CTD/RawDownloads/101518_fcr30.cnv
* Sea-Bird SBE19plus  Data File:
* FileName = C:\DATA\101518_fcr_0003.hex
* Software version 2.6.3.104
* Temperature SN = 7809
* Conductivity SN = 7809
* System UpLoad Time = Oct 29 2018 16:37:03
* <ApplicationData>
* <Seaterm232>
# nquan = 17
# nvalues = 583                         
# units = specified
# name 0 = depFM: Depth [fresh water, m]
# name 1 = tv290C: Temperature [ITS-90, deg C]
# name 2 = sbeox0Mg/L: Oxygen, SBE 43 [mg/l]
# name 3 = sbeox0PS: Oxygen, SBE 43 [% saturation]
# name 4 = c0uS/cm: Conductivity [uS/cm]
# name 5 = specc: Specific Conductance [uS/cm]
# name 6 = ph: pH
# name 7 = orp: Oxidation Reduction Potential [mV]
# name 8 = flECO-AFL: Fluorescence, WET Labs ECO-AFL/FL [mg/m^3]
# name 9 = turbWETntu0: Turbidity, WET Labs ECO [NTU]
# name 10 = sal00: Salinity, Practical [PSU]
# name 11 = dz/dtM: Descent Rate [m/s]
# name 12 = prdM: Pressure, Strain Gauge [db]
# name 13 = prdE: Pressure, Strain Gauge [psi]
# name 14 = scan: Scan Count
# name 15 = par/sat/log: PAR/Logarithmic, Satlantic
# name 16 = flag:  0.000e+00
# span 0 =     -0.546,      5.534       
# span 1 =    16.6660,    18.2928       
# span 2 =     4.0394,     9.6459       
# span 3 =     42.284,    100.782       
# span 4 =  -0.300167,  34.120114       
# span 5 =      0.298,     40.191       
# span 6 =      6.012,      7.785       
# span 7 =   180.6807,  1115.9063       
# span 8 =    -0.2062,     3.2713       
# span 9 =    -0.3452,     8.4904       
# span 10 =     0.0092,     0.0236      
# span 11 =     -0.242,      0.277      
# span 12 =     -0.535,      5.427      
# span 13 =     -0.775,      7.871      
# span 14 =          1,        583      
# span 15 = 1.4179e-01, 1.2313e+03      
# span 16 = 0.0000e+00, 0.0000e+00      
# interval = seconds: 0.25
# start_time = Oct 15 2018 15:18:01 [Instrument's time stamp, header]
# bad_flag = -9.990e-29
*END*
[from data line 171]
      0.312    17.6056     4.0682     42.495  33.218276     38.969      6.771   223.8001     3.0125     4.9723     0.0231      0.101      0.305      0.442        172 1.8338e+02 0.0000e+00
      0.330    17.6061     4.1759     43.559  33.195569     38.969      6.774   224.5573     3.0530     5.0260     0.0231      0.097      0.321      0.465        173 1.7426e+02 0.0000e+00
      0.339    17.6070     4.3974     45.835  33.228538     38.968      6.767   223.7623     3.0247     5.0797     0.0231      0.090      0.333      0.482        174 1.6972e+02 0.0000e+00
      0.350    17.6090     4.6936     48.902  33.295867     39.099      6.771   224.3301     3.0368     5.0663     0.0231      0.082      0.345      0.500        175 1.6049e+02 0.0000e+00
      0.367    17.6101     4.9859     51.934  33.230398     38.967      6.769   224.8601     3.1177     5.0797     0.0231      0.074      0.356      0.517        176 1.5890e+02 0.0000e+00
      0.372    17.6100     5.2751     54.944  33.132082     38.900      6.752   225.2008     3.0934     5.0395     0.0231      0.063      0.361      0.524        177 1.5870e+02 0.0000e+00
      0.367    17.6097     5.5062     57.356  33.180980     38.898      6.751   225.1251     3.0975     4.9723     0.0231      0.050      0.357      0.519        178 1.6204e+02 0.0000e+00
      0.354    17.6119     5.7027     59.408  33.169546     38.965      6.755   224.8601     3.1015     5.0663     0.0231      0.034      0.348      0.506        179 1.6980e+02 0.0000e+00
      0.347    17.6091     5.8131     60.561  33.264932     38.964      6.765   225.3523     3.1177     5.1334     0.0231      0.019      0.342      0.497        180 1.7229e+02 0.0000e+00
      0.347    17.5532     5.8635     61.090  33.180893     39.029      6.770   225.2766     2.9883     5.2409     0.0231      0.006      0.342      0.497        181 1.7545e+02 0.0000e+00
      0.353    17.4542     5.8482     60.931  32.325195     37.849      6.770   225.8444     2.9681     5.2409     0.0226     -0.001      0.347      0.504        182 1.7455e+02 0.0000e+00
      0.362    17.3840     5.8073     60.504  31.809241     37.406      6.776   225.5037     2.9559     5.2677     0.0224     -0.004      0.355      0.514        183 1.7270e+02 0.0000e+00
      0.370    17.3484     5.7683     60.101  31.806557     37.430      6.779   226.0716     2.9640     5.2543     0.0224     -0.004      0.363      0.527        184 1.7168e+02 0.0000e+00
      0.380    17.3275     5.7314     59.723  31.824469     37.557      6.780   226.6773     2.9802     4.7709     0.0224      0.004      0.372      0.540        185 1.6687e+02 0.0000e+00
      0.389    17.3162     5.6981     59.381  31.846284     37.589      6.781   227.0558     2.9438     4.7575     0.0224      0.015      0.382      0.553        186 1.6197e+02 0.0000e+00
      0.399    17.3134     5.6666     59.058  31.868382     37.640      6.783   227.2451     2.9802     4.7843     0.0224      0.025      0.392      0.568        187 1.5636e+02 0.0000e+00
      0.410    17.3178     5.6498     58.887  31.915589     37.716      6.782   227.6616     2.9559     4.8380     0.0225      0.033      0.403      0.584        188 1.5312e+02 0.0000e+00
      0.421    17.3213     5.6281     58.665  31.846848     37.620      6.778   227.9644     2.9074     4.8380     0.0224      0.037      0.414      0.600        189 1.4982e+02 0.0000e+00
      0.434    17.3239     5.6111     58.490  31.835321     37.616      6.774   228.3430     2.9034     4.7440     0.0224      0.039      0.425      0.616        190 1.4497e+02 0.0000e+00
      0.445    17.3267     5.5988     58.362  31.840975     37.613      6.770   228.8351     2.9034     4.7843     0.0224      0.041      0.436      0.632        191 1.4418e+02 0.0000e+00
      0.454    17.3270     5.5939     58.310  31.928768     37.709      6.766   229.2516     2.8993     4.7843     0.0225      0.042      0.447      0.649        192 1.4372e+02 0.0000e+00
      0.469    17.3267     5.5807     58.168  31.933635     37.740      6.768   229.5166     2.9762     5.0797     0.0225      0.044      0.462      0.670        193 1.3921e+02 0.0000e+00
      0.490    17.3296     5.5931     58.286  31.864572     37.607      6.771   229.6680     2.9559     5.0395     0.0224      0.048      0.480      0.696        194 1.3538e+02 0.0000e+00
      0.507    17.3350     5.5783     58.111  31.955409     37.773      6.771   230.0844     2.9802     5.0126     0.0225      0.052      0.497      0.721        195 1.3387e+02 0.0000e+00
      0.524    17.3394     5.5674     57.987  31.939201     37.704      6.775   230.5387     2.9802     5.0395     0.0225      0.055      0.513      0.745        196 1.3162e+02 0.0000e+00
      0.539    17.3430     5.5630     57.934  31.914394     37.699      6.768   230.7280     2.9762     5.0395     0.0225      0.059      0.528      0.765        197 1.3132e+02 0.0000e+00
      0.551    17.3465     5.5493     57.780  31.986280     37.761      6.769   230.9173     2.9802     4.9857     0.0225      0.061      0.541      0.784        198 1.2969e+02 0.0000e+00
      0.565    17.3497     5.5331     57.608  31.998005     37.791      6.765   231.1823     2.9721     5.0797     0.0225      0.062      0.554      0.804        199 1.2609e+02 0.0000e+00
      0.581    17.3516     5.5320     57.597  31.988760     37.755      6.761   232.0530     2.9681     5.0663     0.0225      0.062      0.568      0.824        200 1.2325e+02 0.0000e+00
      0.591    17.3520     5.5018     57.280  31.968130     37.752      6.756   231.9394     2.9640     5.0797     0.0225      0.059      0.579      0.841        201 1.1967e+02 0.0000e+00
      0.601    17.3510     5.4902     57.155  31.934718     37.684      6.753   232.1287     2.9923     5.1603     0.0225      0.055      0.589      0.855        202 1.1651e+02 0.0000e+00
      0.611    17.3478     5.4852     57.091  31.911729     37.684      6.749   232.5451     2.9883     5.0260     0.0225      0.051      0.598      0.867        203 1.1474e+02 0.0000e+00
      0.616    17.3378     5.4830     57.054  31.937433     37.685      6.749   232.4316     2.9721     4.9455     0.0225      0.046      0.605      0.877        204 1.1366e+02 0.0000e+00
      0.624    17.3217     5.4763     56.975  31.902729     37.688      6.748   232.9237     2.9640     5.0126     0.0225      0.042      0.613      0.890        205 1.1211e+02 0.0000e+00
      0.636    17.3125     5.4702     56.905  31.806654     37.531      6.747   232.9237     3.0328     5.0797     0.0224      0.040      0.624      0.905        206 1.1094e+02 0.0000e+00
      0.649    17.3063     5.4564     56.757  31.819778     37.613      6.749   233.3023     3.0692     5.0260     0.0224      0.038      0.636      0.923        207 1.0946e+02 0.0000e+00
      0.661    17.2972     5.4493     56.682  31.797445     37.554      6.750   233.3780     3.0530     5.0663     0.0224      0.038      0.647      0.938        208 1.0827e+02 0.0000e+00
      0.668    17.2944     5.4427     56.615  31.775146     37.560      6.750   233.4916     3.0449     4.9320     0.0224      0.038      0.654      0.949        209 1.0719e+02 0.0000e+00
      0.672    17.2951     5.4332     56.517  31.788225     37.568      6.748   234.3244     2.9155     4.9857     0.0224      0.037      0.658      0.955        210 1.0614e+02 0.0000e+00
      0.675    17.2927     5.4218     56.399  31.781170     37.571      6.748   233.6052     2.9115     4.9857     0.0224      0.035      0.663      0.962        211 1.0514e+02 0.0000e+00
      0.682    17.2882     5.4134     56.310  31.813580     37.603      6.750   234.2866     2.9195     5.1066     0.0224      0.033      0.671      0.973        212 1.0288e+02 0.0000e+00
      0.694    17.2791     5.4078     56.251  31.777545     37.572      6.753   234.0216     2.9357     5.0126     0.0224      0.031      0.681      0.988        213 1.0059e+02 0.0000e+00
      0.708    17.2671     5.4067     56.241  31.737057     37.510      6.755   234.5516     2.7780     4.7575     0.0224      0.031      0.695      1.008        214 9.8228e+01 0.0000e+00
      0.725    17.2585     5.4067     56.241  31.775010     37.584      6.754   234.6273     2.7861     4.7843     0.0224      0.033      0.711      1.031        215 9.5897e+01 0.0000e+00
      0.742    17.2534     5.3986     56.153  31.730317     37.529      6.754   234.7030     2.7901     4.8515     0.0224      0.038      0.727      1.055        216 9.3937e+01 0.0000e+00
      0.757    17.2503     5.4010     56.175  31.733376     37.536      6.752   235.0816     2.7740     4.8112     0.0224      0.045      0.741      1.075        217 9.1835e+01 0.0000e+00
      0.768    17.2491     5.3978     56.139  31.800861     37.640      6.749   235.4980     2.8346     5.0663     0.0224      0.051      0.753      1.091        218 9.0564e+01 0.0000e+00
      0.776    17.2498     5.3970     56.129  31.735294     37.543      6.751   235.2330     2.8346     5.0126     0.0224      0.054      0.761      1.104        219 8.9514e+01 0.0000e+00
      0.784    17.2512     5.3949     56.105  31.726016     37.545      6.749   235.5359     2.8144     5.0395     0.0224      0.053      0.769      1.116        220 8.8220e+01 0.0000e+00
      0.794    17.2512     5.3927     56.081  31.723450     37.544      6.748   235.6494     2.8508     5.0797     0.0224      0.049      0.778      1.127        221 8.7857e+01 0.0000e+00
      0.800    17.2503     5.3825     55.974  31.679182     37.477      6.745   236.1416     2.8306     4.9992     0.0223      0.044      0.784      1.136        222 8.7737e+01 0.0000e+00
      0.802    17.2501     5.3776     55.921  31.721800     37.543      6.741   236.2173     2.8346     4.7575     0.0224      0.037      0.787      1.142        223 8.7781e+01 0.0000e+00
      0.805    17.2507     5.3730     55.871  31.759371     37.577      6.737   235.9144     2.8387     4.8112     0.0224      0.031      0.791      1.148        224 8.6877e+01 0.0000e+00
      0.813    17.2498     5.3768     55.911  31.721385     37.544      6.740   236.4066     2.8468     4.8380     0.0224      0.026      0.799      1.158        225 8.5954e+01 0.0000e+00
      0.824    17.2476     5.3877     56.026  31.739419     37.543      6.739   236.4066     2.8548     4.8783     0.0224      0.025      0.810      1.173        226 8.5176e+01 0.0000e+00
      0.839    17.2452     5.3952     56.104  31.766580     37.610      6.743   236.8987     2.8144     4.7977     0.0224      0.027      0.825      1.197        227 8.1921e+01 0.0000e+00
      0.863    17.2428     5.4026     56.181  31.687585     37.480      6.741   236.9744     2.8063     4.7843     0.0223      0.033      0.846      1.227        228 7.9110e+01 0.0000e+00
      0.886    17.2410     5.4195     56.355  31.719117     37.548      6.739   237.0123     2.8427     4.8515     0.0224      0.042      0.868      1.259        229 7.6997e+01 0.0000e+00
      0.907    17.2395     5.4326     56.489  31.756992     37.583      6.735   237.2016     2.8468     4.7843     0.0224      0.054      0.890      1.291        230 7.4257e+01 0.0000e+00
      0.929    17.2383     5.4399     56.563  31.670104     37.486      6.731   237.3909     2.8993     4.9992     0.0223      0.065      0.911      1.322        231 7.2004e+01 0.0000e+00
      0.951    17.2371     5.4507     56.674  31.678986     37.487      6.725   237.2773     2.9155     4.9857     0.0223      0.075      0.933      1.352        232 6.9501e+01 0.0000e+00
      0.973    17.2357     5.4486     56.651  31.716287     37.554      6.717   237.3909     2.9074     4.9723     0.0224      0.082      0.953      1.382        233 6.7523e+01 0.0000e+00
      0.991    17.2346     5.4422     56.584  31.682991     37.489      6.709   238.4130     2.9195     5.0797     0.0223      0.085      0.970      1.407        234 6.6484e+01 0.0000e+00
      1.002    17.2346     5.4391     56.551  31.720424     37.556      6.703   237.6559     2.8508     5.0126     0.0224      0.082      0.985      1.429        235 6.5070e+01 0.0000e+00
      1.019    17.2355     5.4265     56.420  31.758659     37.591      6.705   238.1859     2.8508     5.0395     0.0224      0.078      1.002      1.454        236 6.3269e+01 0.0000e+00
      1.044    17.2361     5.4196     56.348  31.724366     37.558      6.707   237.8830     2.7982     4.9723     0.0224      0.076      1.024      1.485        237 6.1359e+01 0.0000e+00
      1.067    17.2356     5.4136     56.285  31.674144     37.490      6.710   238.2616     2.8508     5.0797     0.0223      0.075      1.045      1.516        238 5.9599e+01 0.0000e+00
      1.088    17.2343     5.4048     56.194  31.672897     37.490      6.715   238.5266     2.9236     5.1066     0.0223      0.075      1.065      1.545        239 5.8425e+01 0.0000e+00
      1.103    17.2328     5.4019     56.163  31.666613     37.490      6.716   238.6402     2.9074     4.9857     0.0223      0.075      1.083      1.571        240 5.7192e+01 0.0000e+00
      1.123    17.2312     5.4077     56.225  31.622660     37.425      6.723   239.1702     2.8831     5.0395     0.0223      0.075      1.101      1.597        241 5.6065e+01 0.0000e+00
      1.142    17.2300     5.4119     56.268  31.697943     37.526      6.718   238.9430     2.8912     4.9723     0.0224      0.077      1.120      1.624        242 5.4974e+01 0.0000e+00
      1.162    17.2290     5.4141     56.293  31.721188     37.560      6.719   239.2459     2.8912     5.0260     0.0224      0.078      1.140      1.653        243 5.3345e+01 0.0000e+00
      1.184    17.2281     5.4250     56.407  31.682691     37.495      6.717   239.5866     2.7133     5.1066     0.0223      0.078      1.160      1.682        244 5.2054e+01 0.0000e+00
      1.202    17.2277     5.4305     56.463  31.716199     37.563      6.716   239.7380     2.7012     5.0797     0.0224      0.076      1.177      1.707        245 5.1000e+01 0.0000e+00
      1.216    17.2274     5.4392     56.554  31.679489     37.497      6.717   239.9652     2.7012     4.9723     0.0223      0.074      1.190      1.727        246 5.0104e+01 0.0000e+00
      1.225    17.2270     5.4471     56.635  31.669072     37.497      6.714   240.0787     2.7214     5.0395     0.0223      0.071      1.200      1.741        247 4.9665e+01 0.0000e+00
      1.232    17.2268     5.4515     56.681  31.699510     37.531      6.715   239.8137     2.3049     5.0126     0.0224      0.066      1.210      1.754        248 4.8749e+01 0.0000e+00
      1.244    17.2268     5.4526     56.692  31.671262     37.498      6.715   240.1923     2.3332     5.0797     0.0223      0.060      1.220      1.769        249 4.7762e+01 0.0000e+00
      1.257    17.2273     5.4509     56.674  31.674574     37.498      6.719   240.1166     2.3170     5.0126     0.0223      0.054      1.234      1.788        250 4.6840e+01 0.0000e+00
      1.273    17.2278     5.4507     56.672  31.665735     37.498      6.717   240.1166     2.3090     5.0529     0.0223      0.050      1.249      1.811        251 4.5441e+01 0.0000e+00
      1.292    17.2278     5.4436     56.599  31.682260     37.498      6.711   239.9273     2.4100     5.0395     0.0223      0.049      1.265      1.835        252 4.4532e+01 0.0000e+00
      1.306    17.2287     5.4385     56.545  31.713316     37.564      6.711   240.6087     2.3777     5.0126     0.0224      0.050      1.279      1.855        253 4.4281e+01 0.0000e+00
      1.314    17.2294     5.4357     56.514  31.686394     37.497      6.700   241.1009     2.4060     5.0126     0.0223      0.051      1.287      1.867        254 4.4266e+01 0.0000e+00
      1.317    17.2292     5.4364     56.521  31.686110     37.530      6.679   240.6845     2.3817     5.1066     0.0224      0.051      1.291      1.872        255 4.4685e+01 0.0000e+00
