Data/DataNotYetUploadedToEDI/Raw_CTD/RawDownloads/101518_fcr30.cnv
* Sea-Bird SBE19plus  Data File:
* FileName = C:\DATA\101518_fcr_0003.hex
* Software version 2.6.3.104
* Temperature SN = 7809
* Conductivity SN = 7809
* System UpLoad Time = Oct 29 2018 16:37:03
* <ApplicationData>
* <Seaterm232>
# nquan = 17
# nvalues = 583                         
# units = specified
# name 0 = depFM: Depth [fresh water, m]
# name 1 = tv290C: Temperature [ITS-90, deg C]
# name 2 = sbeox0Mg/L: Oxygen, SBE 43 [mg/l]
# name 3 = sbeox0PS: Oxygen, SBE 43 [% saturation]
# name 4 = c0uS/cm: Conductivity [uS/cm]
# name 5 = specc: Specific Conductance [uS/cm]
# name 6 = ph: pH
# name 7 = orp: Oxidation Reduction Potential [mV]
# name 8 = flECO-AFL: Fluorescence, WET Labs ECO-AFL/FL [mg/m^3]
# name 9 = turbWETntu0: Turbidity, WET Labs ECO [NTU]
# name 10 = sal00: Salinity, Practical [PSU]
# name 11 = dz/dtM: Descent Rate [m/s]
# name 12 = prdM: Pressure, Strain Gauge [db]
# name 13 = prdE: Pressure, Strain Gauge [psi]
# name 14 = scan: Scan Count
# name 15 = par/sat/log: PAR/Logarithmic, Satlantic
# name 16 = flag:  0.000e+00
# span 0 =     -0.546,      5.534       
# span 1 =    16.6660,    18.2928       
# span 2 =     4.0394,     9.6459       
# span 3 =     42.284,    100.782       
# span 4 =  -0.300167,  34.120114       
# span 5 =      0.298,     40.191       
# span 6 =      6.012,      7.785       
# span 7 =   180.6807,  1115.9063       
# span 8 =    -0.2062,     3.2713       
# span 9 =    -0.3452,     8.4904       
# span 10 =     0.0092,     0.0236      
# span 11 =     -0.242,      0.277      
# span 12 =     -0.535,      5.427      
# span 13 =     -0.775,      7.871      
# span 14 =          1,        583      
# span 15 = 1.4179e-01, 1.2313e+03      
# span 16 = 0.0000e+00, 0.0000e+00      
# interval = seconds: 0.25
# start_time = Oct 15 2018 15:18:01 [Instrument's time stamp, header]
# bad_flag = -9.990e-29
*END*
[from data line 511]
      5.174    16.7909     5.8312     60.004  30.785204     36.812      6.646   265.4810     1.5609     4.7843     0.0219      0.030      5.075      7.360        512 2.7140e-01 0.0000e+00
      5.183    16.7841     5.8280     59.959  30.826745     36.883      6.649   265.4052     1.5690     4.8783     0.0219      0.029      5.084      7.373        513 2.5834e-01 0.0000e+00
      5.195    16.7773     5.8216     59.883  30.837406     36.887      6.648   265.7460     1.5447     4.7843     0.0219      0.030      5.094      7.388        514 2.2932e-01 0.0000e+00
      5.205    16.7728     5.8207     59.866  30.831242     36.892      6.646   265.9731     1.5366     4.7172     0.0219      0.032      5.103      7.402        515 2.3248e-01 0.0000e+00
      5.213    16.7668     5.8223     59.877  30.834420     36.899      6.649   265.8595     1.5366     4.7977     0.0219      0.034      5.111      7.413        516 2.3443e-01 0.0000e+00
      5.219    16.7602     5.8296     59.950  30.833454     36.902      6.647   265.4810     1.6377     4.6098     0.0219      0.035      5.118      7.423        517 2.3690e-01 0.0000e+00
      5.225    16.7553     5.8345     60.000  30.832447     36.908      6.648   265.4810     1.6256     4.6098     0.0219      0.034      5.124      7.432        518 2.2904e-01 0.0000e+00
      5.231    16.7513     5.8434     60.088  30.776372     36.847      6.647   265.7838     1.6134     4.6098     0.0219      0.033      5.130      7.440        519 2.3099e-01 0.0000e+00
      5.238    16.7471     5.8507     60.161  30.784633     36.851      6.648   265.6324     1.6175     4.5829     0.0219      0.031      5.136      7.450        520 2.1675e-01 0.0000e+00
      5.245    16.7406     5.8615     60.267  30.822169     36.922      6.649   265.5188     1.5730     4.5695     0.0219      0.029      5.144      7.461        521 2.3594e-01 0.0000e+00
      5.254    16.7319     5.8712     60.364  30.788966     36.858      6.648   265.8217     1.5690     4.6500     0.0219      0.027      5.152      7.471        522 2.3153e-01 0.0000e+00
      5.261    16.7228     5.8724     60.381  30.766653     36.864      6.650   266.2002     1.5811     4.6500     0.0219      0.027      5.159      7.481        523 2.0857e-01 0.0000e+00
      5.266    16.7150     5.8744     60.406  30.731333     36.805      6.649   265.8217     1.5326     4.5829     0.0219      0.027      5.164      7.489        524 2.4038e-01 0.0000e+00
      5.270    16.7086     5.8735     60.395  30.714318     36.813      6.651   265.8974     1.6013     4.6098     0.0219      0.026      5.168      7.496        525 2.2568e-01 0.0000e+00
      5.274    16.7037     5.8805     60.457  30.728529     36.820      6.652   266.2002     1.6337     4.6232     0.0219      0.025      5.172      7.502        526 2.2706e-01 0.0000e+00
      5.279    16.7023     5.8883     60.532  30.772955     36.892      6.650   266.1624     1.6256     4.5829     0.0219      0.024      5.177      7.509        527 2.2263e-01 0.0000e+00
      5.284    16.7018     5.8819     60.473  30.777640     36.897      6.651   265.8974     1.6256     4.5963     0.0219      0.022      5.182      7.515        528 1.9344e-01 0.0000e+00
      5.289    16.6994     5.8807     60.470  30.722700     36.831      6.653   266.1245     1.7469     4.5829     0.0219      0.020      5.186      7.522        529 2.1768e-01 0.0000e+00
      5.293    16.6971     5.8739     60.401  30.722721     36.831      6.651   266.0110     1.7348     4.5963     0.0219      0.019      5.190      7.528        530 2.1593e-01 0.0000e+00
      5.296    16.6937     5.8708     60.363  30.718312     36.834      6.654   265.9731     1.7711     4.6903     0.0219      0.018      5.194      7.534        531 2.0324e-01 0.0000e+00
      5.302    16.6916     5.8680     60.330  30.728189     36.836      6.652   266.0867     1.7307     4.5292     0.0219      0.017      5.199      7.540        532 2.2702e-01 0.0000e+00
      5.306    16.6949     5.8647     60.292  30.769734     36.906      6.653   266.5410     1.6054     4.5560     0.0219      0.017      5.203      7.546        533 2.1730e-01 0.0000e+00
      5.310    16.6989     5.8651     60.292  30.725914     36.841      6.653   266.4652     1.5892     4.5560     0.0219      0.017      5.208      7.552        534 2.0320e-01 0.0000e+00
      5.315    16.6970     5.8709     60.345  30.723418     36.837      6.654   266.2381     1.6134     4.6769     0.0219      0.017      5.213      7.561        535 2.0168e-01 0.0000e+00
      5.322    16.6898     5.8767     60.403  30.772838     36.901      6.654   266.0488     1.6094     4.6500     0.0219      0.018      5.221      7.573        536 2.0557e-01 0.0000e+00
      5.335    16.6855     5.8780     60.417  30.723715     36.836      6.656   266.3517     1.6013     4.5426     0.0219      0.021      5.233      7.589        537 2.1655e-01 0.0000e+00
      5.349    16.6908     5.8817     60.457  30.725250     36.842      6.658   266.3517     1.6094     4.6098     0.0219      0.026      5.245      7.607        538 2.0780e-01 0.0000e+00
      5.360    16.6984     5.8855     60.494  30.770930     36.913      6.655   266.1245     1.5851     4.6366     0.0219      0.031      5.256      7.623        539 1.9499e-01 0.0000e+00
      5.368    16.6982     5.8799     60.433  30.726171     36.841      6.657   266.3895     1.6337     4.6500     0.0219      0.035      5.264      7.635        540 1.9743e-01 0.0000e+00
      5.375    16.6940     5.8746     60.377  30.721647     36.834      6.655   266.6924     1.6256     4.6366     0.0219      0.037      5.271      7.645        541 1.9305e-01 0.0000e+00
      5.382    16.6906     5.8675     60.305  30.776558     36.902      6.656   266.4274     1.6903     4.5426     0.0219      0.038      5.278      7.655        542 2.0731e-01 0.0000e+00
      5.389    16.6875     5.8633     60.263  30.776440     36.905      6.656   266.3895     1.6741     4.6232     0.0219      0.037      5.285      7.666        543 2.0337e-01 0.0000e+00
      5.398    16.6837     5.8565     60.193  30.721794     36.841      6.654   266.2381     1.6903     4.6232     0.0219      0.036      5.294      7.678        544 1.9022e-01 0.0000e+00
      5.408    16.6794     5.8540     60.167  30.725962     36.844      6.655   266.2002     1.6620     4.6635     0.0219      0.033      5.304      7.692        545 2.0804e-01 0.0000e+00
      5.419    16.6775     5.8453     60.076  30.771256     36.914      6.656   266.3895     1.6094     4.6098     0.0219      0.033      5.314      7.707        546 1.9826e-01 0.0000e+00
      5.430    16.6787     5.8443     60.065  30.724730     36.851      6.653   266.5410     1.6054     4.5829     0.0219      0.034      5.324      7.722        547 1.9979e-01 0.0000e+00
      5.439    16.6797     5.8482     60.106  30.724560     36.853      6.655   266.3138     1.6215     4.6769     0.0219      0.035      5.333      7.735        548 1.9835e-01 0.0000e+00
      5.447    16.6781     5.8396     60.022  30.830770     36.986      6.653   266.2760     1.6134     4.6769     0.0219      0.037      5.340      7.746        549 2.0213e-01 0.0000e+00
      5.452    16.6755     5.8296     59.923  30.770463     36.918      6.653   266.3138     1.5851     4.8649     0.0219      0.036      5.346      7.755        550 1.9062e-01 0.0000e+00
      5.457    16.6741     5.8246     59.871  30.740309     36.852      6.653   266.2760     1.6094     4.8112     0.0219      0.035      5.351      7.761        551 1.7443e-01 0.0000e+00
      5.460    16.6748     5.8170     59.790  30.808994     36.989      6.650   266.1245     1.6256     4.7843     0.0219      0.031      5.355      7.767        552 1.9172e-01 0.0000e+00
      5.465    16.6758     5.8088     59.704  30.803594     36.923      6.651   265.9352     1.6418     4.7843     0.0219      0.027      5.360      7.774        553 1.9959e-01 0.0000e+00
      5.472    16.6758     5.8023     59.635  30.806334     36.989      6.653   265.7081     1.6054     4.6635     0.0219      0.024      5.367      7.784        554 1.5311e-01 0.0000e+00
      5.482    16.6752     5.7911     59.518  30.805583     36.921      6.652   265.5567     1.6094     4.6098     0.0219      0.023      5.376      7.798        555 1.5662e-01 0.0000e+00
      5.493    16.6746     5.7918     59.523  30.863829     37.056      6.651   265.6702     1.6094     4.5963     0.0220      0.024      5.386      7.811        556 1.8668e-01 0.0000e+00
      5.500    16.6739     5.7938     59.542  30.852454     36.989      6.653   265.6324     1.6094     4.6098     0.0219      0.026      5.393      7.821        557 1.6530e-01 0.0000e+00
      5.502    16.6742     5.8038     59.644  30.819740     36.990      6.651   265.4810     1.6296     4.6769     0.0219      0.027      5.396      7.825        558 1.6412e-01 0.0000e+00
      5.503    16.6775     5.8030     59.634  30.785936     36.923      6.651   265.4431     1.6013     4.5963     0.0219      0.026      5.397      7.827        559 1.8647e-01 0.0000e+00
      5.505    16.6807     5.8128     59.734  30.775917     36.923      6.652   265.8217     1.5892     4.4889     0.0219      0.024      5.399      7.830        560 2.0544e-01 0.0000e+00
      5.508    16.6802     5.8168     59.774  30.832207     36.987      6.651   265.5945     1.6134     4.7038     0.0219      0.021      5.401      7.834        561 1.8007e-01 0.0000e+00
      5.510    16.6784     5.8239     59.847  30.834487     36.984      6.650   265.7081     1.6539     4.6098     0.0219      0.017      5.403      7.837        562 1.7047e-01 0.0000e+00
      5.512    16.6769     5.8284     59.895  30.832382     36.984      6.652   265.7838     1.6781     4.6098     0.0219      0.012      5.405      7.839        563 1.8033e-01 0.0000e+00
      5.513    16.6751     5.8260     59.871  30.834828     36.986      6.653   265.9352     1.6862     4.5560     0.0219      0.009      5.406      7.841        564 2.0122e-01 0.0000e+00
      5.514    16.6735     5.8370     59.981  30.831445     36.987      6.653   265.9731     1.7024     4.6635     0.0219      0.007      5.407      7.842        565 1.7391e-01 0.0000e+00
      5.514    16.6723     5.8326     59.935  30.777292     36.922      6.649   265.7838     1.6498     4.5426     0.0219      0.006      5.408      7.843        566 1.5949e-01 0.0000e+00
      5.515    16.6711     5.8317     59.929  30.783615     36.924      6.653   265.9352     1.6822     4.6903     0.0219      0.006      5.409      7.845        567 1.9241e-01 0.0000e+00
      5.517    16.6697     5.8222     59.838  30.823575     36.992      6.650   265.8595     1.6701     4.5426     0.0219      0.005      5.410      7.846        568 1.8063e-01 0.0000e+00
      5.518    16.6687     5.8078     59.698  30.786865     36.926      6.652   266.0110     1.6862     4.5292     0.0219      0.004      5.411      7.848        569 1.8432e-01 0.0000e+00
      5.519    16.6681     5.8024     59.647  30.829300     36.994      6.653   265.9352     1.6943     4.7038     0.0219      0.004      5.413      7.850        570 1.6773e-01 0.0000e+00
      5.520    16.6677     5.7892     59.513  30.889372     37.062      6.653   266.0110     1.7024     4.7306     0.0220      0.004      5.414      7.852        571 1.6475e-01 0.0000e+00
      5.521    16.6674 -9.990e-29 -9.990e-29  30.830712     36.995      6.653   266.0867     1.6862     4.6366     0.0219      0.005      5.415      7.853        572 1.7397e-01 0.0000e+00
      5.523    16.6685 -9.990e-29 -9.990e-29  30.783694     36.929      6.653   265.9731     1.6701     4.5426     0.0219      0.005      5.416      7.856        573 1.8174e-01 0.0000e+00
      5.525    16.6691 -9.990e-29 -9.990e-29  30.829281     36.996      6.653   266.1624     1.6781     4.5560     0.0219      0.005      5.418      7.859        574 1.8833e-01 0.0000e+00
      5.528    16.6671 -9.990e-29 -9.990e-29  30.833285     36.995      6.654   266.2002     1.6377     4.7575     0.0219      0.006      5.420      7.862        575 1.7693e-01 0.0000e+00
      5.529    16.6660 -9.990e-29 -9.990e-29  30.838012     36.994      6.655   265.9731     1.6337     4.8112     0.0219      0.006      5.422      7.865        576 1.7719e-01 0.0000e+00
      5.532    16.6683 -9.990e-29 -9.990e-29  30.823398     36.996      6.654   266.0867     1.6377     4.8380     0.0219      0.007      5.424      7.867        577 1.7839e-01 0.0000e+00
      5.533    16.6739 -9.990e-29 -9.990e-29  30.792171     36.930      6.653   265.9352     1.6337     4.8112     0.0219      0.007      5.426      7.869        578 1.8233e-01 0.0000e+00
      5.533    16.6799 -9.990e-29 -9.990e-29  30.817570     36.995      6.655   266.2002     1.6054     4.6098     0.0219      0.007      5.426      7.870        579 1.4420e-01 0.0000e+00
      5.534    16.6839 -9.990e-29 -9.990e-29  30.791787     36.923      6.655   265.9731     1.6175     4.5829     0.0219      0.007      5.427      7.871        580 1.6702e-01 0.0000e+00
      5.534    16.6855 -9.990e-29 -9.990e-29  30.764953     36.918      6.652   266.2381     1.6094     4.6366     0.0219      0.005      5.427      7.871        581 1.7182e-01 0.0000e+00
      5.534 -9.990e-29 -9.990e-29 -9.990e-29  30.791660     36.914      6.653   266.5410     1.6013     4.6098     0.0219      0.004      5.427      7.871        582 1.4179e-01 0.0000e+00
      5.534 -9.990e-29 -9.990e-29 -9.990e-29  30.817852     36.980      6.655   266.2381     1.5973     4.4889     0.0219      0.003      5.427      7.871        583 1.6465e-01 0.0000e+00
