Data/DataNotYetUploadedToEDI/Raw_CTD/RawDownloads/101518_fcr30.cnv
* Sea-Bird SBE19plus  Data File:
* FileName = C:\DATA\101518_fcr_0003.hex
* Software version 2.6.3.104
* Temperature SN = 7809
* Conductivity SN = 7809
* System UpLoad Time = Oct 29 2018 16:37:03
* <ApplicationData>
* <Seaterm232>
# nquan = 17
# nvalues = 583                         
# units = specified
# name 0 = depFM: Depth [fresh water, m]
# name 1 = tv290C: Temperature [ITS-90, deg C]
# name 2 = sbeox0Mg/L: Oxygen, SBE 43 [mg/l]
# name 3 = sbeox0PS: Oxygen, SBE 43 [% saturation]
# name 4 = c0uS/cm: Conductivity [uS/cm]
# name 5 = specc: Specific Conductance [uS/cm]
# name 6 = ph: pH
# name 7 = orp: Oxidation Reduction Potential [mV]
# name 8 = flECO-AFL: Fluorescence, WET Labs ECO-AFL/FL [mg/m^3]
# name 9 = turbWETntu0: Turbidity, WET Labs ECO [NTU]
# name 10 = sal00: Salinity, Practical [PSU]
# name 11 = dz/dtM: Descent Rate [m/s]
# name 12 = prdM: Pressure, Strain Gauge [db]
# name 13 = prdE: Pressure, Strain Gauge [psi]
# name 14 = scan: Scan Count
# name 15 = par/sat/log: PAR/Logarithmic, Satlantic
# name 16 = flag:  0.000e+00
# span 0 =     -0.546,      5.534       
# span 1 =    16.6660,    18.2928       
# span 2 =     4.0394,     9.6459       
# span 3 =     42.284,    100.782       
# span 4 =  -0.300167,  34.120114       
# span 5 =      0.298,     40.191       
# span 6 =      6.012,      7.785       
# span 7 =   180.6807,  1115.9063       
# span 8 =    -0.2062,     3.2713       
# span 9 =    -0.3452,     8.4904       
# span 10 =     0.0092,     0.0236      
# span 11 =     -0.242,      0.277      
# span 12 =     -0.535,      5.427      
# span 13 =     -0.775,      7.871      
# span 14 =          1,        583      
# span 15 = 1.4179e-01, 1.2313e+03      
# span 16 = 0.0000e+00, 0.0000e+00      
# interval = seconds: 0.25
# start_time = Oct 15 2018 15:18:01 [Instrument's time stamp, header]
# bad_flag = -9.990e-29
*END*
[from data line 426]
      4.287    16.8904     5.6787     58.614  31.289262     37.349      6.647   259.8402     1.8682     4.7709     0.0222      0.065      4.205      6.098        427 6.6668e-01 0.0000e+00
      4.302    16.8857     5.6847     58.676  31.209906     37.226      6.648   259.9159     1.8278     4.8380     0.0221      0.067      4.220      6.121        428 6.5299e-01 0.0000e+00
      4.320    16.8832     5.6847     58.674  31.193102     37.232      6.647   260.0295     1.8197     4.7843     0.0221      0.069      4.237      6.146        429 6.7144e-01 0.0000e+00
      4.340    16.8821     5.6877     58.697  31.250873     37.304      6.646   259.6131     1.8075     4.7977     0.0221      0.070      4.257      6.174        430 6.5287e-01 0.0000e+00
      4.362    16.8806     5.6851     58.661  31.197319     37.239      6.644   260.1809     1.8197     4.8246     0.0221      0.070      4.277      6.203        431 6.2491e-01 0.0000e+00
      4.381    16.8795     5.6829     58.631  31.200447     37.240      6.642   260.4459     1.8075     4.7977     0.0221      0.070      4.294      6.228        432 6.4338e-01 0.0000e+00
      4.394    16.8794     5.6821     58.618  31.246981     37.308      6.638   260.5217     1.9369     4.8380     0.0221      0.069      4.307      6.247        433 6.3898e-01 0.0000e+00
      4.401    16.8797     5.6868     58.664  31.198712     37.242      6.636   260.4459     1.9491     4.8246     0.0221      0.067      4.317      6.261        434 6.3213e-01 0.0000e+00
      4.411    16.8796     5.7028     58.826  31.201212     37.242      6.638   260.6731     1.9410     4.8380     0.0221      0.064      4.327      6.276        435 5.7889e-01 0.0000e+00
      4.426    16.8790     5.7123     58.919  31.243870     37.309      6.637   260.7488     1.9288     4.9186     0.0221      0.060      4.341      6.297        436 5.6230e-01 0.0000e+00
      4.443    16.8788     5.7337     59.134  31.204929     37.242      6.638   260.7488     1.8682     4.6769     0.0221      0.057      4.357      6.321        437 5.9870e-01 0.0000e+00
      4.461    16.8789     5.7452     59.252  31.249673     37.309      6.639   261.0138     1.8642     4.5560     0.0221      0.055      4.375      6.346        438 5.5905e-01 0.0000e+00
      4.481    16.8768     5.7604     59.410  31.306796     37.376      6.638   261.2409     1.8520     4.5829     0.0222      0.055      4.395      6.373        439 5.3644e-01 0.0000e+00
      4.502    16.8705     5.7717     59.523  31.193145     37.243      6.640   261.2031     1.8803     4.6098     0.0221      0.059      4.415      6.403        440 5.1900e-01 0.0000e+00
      4.523    16.8627     5.7719     59.522  31.035285     37.044      6.636   261.3545     1.8075     4.9052     0.0220      0.065      4.435      6.432        441 4.8883e-01 0.0000e+00
      4.542    16.8571     5.7747     59.547  31.028820     37.050      6.637   261.5817     1.8318     4.8380     0.0220      0.071      4.453      6.459        442 4.8843e-01 0.0000e+00
      4.558    16.8530     5.7686     59.483  31.023284     37.057      6.635   262.0359     1.8075     4.8380     0.0220      0.074      4.467      6.480        443 4.9944e-01 0.0000e+00
      4.567    16.8507     5.7682     59.476  30.982874     36.995      6.631   262.2631     1.8197     4.8783     0.0220      0.073      4.477      6.493        444 4.9492e-01 0.0000e+00
      4.570    16.8488     5.7696     59.489  31.019806     37.065      6.633   261.5817     1.7226     4.6769     0.0220      0.067      4.483      6.502        445 4.8820e-01 0.0000e+00
      4.578    16.8441     5.7668     59.458  31.006976     37.034      6.631   261.8088     1.6943     4.5695     0.0220      0.059      4.490      6.512        446 4.8589e-01 0.0000e+00
      4.587    16.8398     5.7584     59.369  31.028495     37.069      6.634   261.8088     1.6741     4.6769     0.0220      0.050      4.498      6.524        447 4.7889e-01 0.0000e+00
      4.595    16.8397     5.7569     59.353  31.022679     37.073      6.635   261.8088     1.6660     4.6098     0.0220      0.042      4.507      6.536        448 4.8778e-01 0.0000e+00
      4.604    16.8404     5.7485     59.266  30.984564     37.010      6.637   261.9602     1.6862     4.6232     0.0220      0.036      4.516      6.549        449 4.6072e-01 0.0000e+00
      4.613    16.8384     5.7408     59.187  30.957324     37.010      6.640   262.2252     1.6862     4.5695     0.0220      0.032      4.526      6.564        450 4.3200e-01 0.0000e+00
      4.627    16.8350     5.7400     59.182  30.908320     36.910      6.637   261.9602     1.6862     4.5426     0.0220      0.033      4.538      6.581        451 4.5910e-01 0.0000e+00
      4.640    16.8324     5.7357     59.140  30.986244     37.045      6.639   262.0738     1.6862     4.6098     0.0220      0.036      4.550      6.599        452 4.7322e-01 0.0000e+00
      4.651    16.8306     5.7442     59.233  30.978957     37.015      6.638   262.1117     1.6862     4.6366     0.0220      0.040      4.559      6.612        453 4.6640e-01 0.0000e+00
      4.655    16.8292     5.7475     59.268  30.887739     36.917      6.638   262.6795     1.6943     4.6232     0.0220      0.040      4.565      6.622        454 4.6908e-01 0.0000e+00
      4.661    16.8282     5.7493     59.284  30.892202     36.918      6.639   262.0738     1.6781     4.5426     0.0220      0.039      4.571      6.631        455 4.5193e-01 0.0000e+00
      4.668    16.8264     5.7615     59.405  30.884448     36.920      6.640   262.3009     1.6741     4.5292     0.0220      0.037      4.579      6.641        456 4.4611e-01 0.0000e+00
      4.679    16.8242     5.7627     59.414  30.897391     36.920      6.644   262.4902     1.6498     4.5695     0.0220      0.036      4.588      6.654        457 4.2755e-01 0.0000e+00
      4.688    16.8232     5.7610     59.395  30.935399     36.989      6.643   262.7931     1.5487     4.5695     0.0220      0.034      4.597      6.667        458 4.1537e-01 0.0000e+00
      4.695    16.8231     5.7604     59.388  30.896451     36.924      6.640   262.8688     1.5487     4.5158     0.0220      0.032      4.603      6.677        459 4.1732e-01 0.0000e+00
      4.699    16.8241     5.7596     59.377  30.886559     36.925      6.643   262.7552     1.5447     4.6366     0.0220      0.030      4.607      6.683        460 4.0953e-01 0.0000e+00
      4.701    16.8258     5.7575     59.355  30.977362     37.025      6.640   263.0960     1.5447     4.6232     0.0220      0.028      4.610      6.686        461 4.1040e-01 0.0000e+00
      4.701    16.8289     5.7626     59.407  30.961359     37.024      6.643   262.7552     1.4760     4.6366     0.0220      0.025      4.611      6.687        462 4.1553e-01 0.0000e+00
      4.703    16.8327     5.7601     59.381  30.906474     36.923      6.643   262.3767     1.4881     4.5292     0.0220      0.021      4.614      6.692        463 4.1740e-01 0.0000e+00
      4.709    16.8339     5.7609     59.391  30.986361     37.054      6.646   262.6417     1.4638     4.6903     0.0220      0.018      4.621      6.702        464 3.6982e-01 0.0000e+00
      4.724    16.8316     5.7683     59.469  30.980546     37.017      6.645   262.7931     1.4962     4.5560     0.0220      0.017      4.635      6.722        465 3.8383e-01 0.0000e+00
      4.745    16.8276     5.7716     59.504  30.973012     37.016      6.646   263.0960     1.4921     4.7843     0.0220      0.022      4.653      6.748        466 3.9331e-01 0.0000e+00
      4.763    16.8247     5.7659     59.447  30.966085     37.018      6.644   263.2474     1.4921     4.8783     0.0220      0.030      4.670      6.773        467 3.6624e-01 0.0000e+00
      4.776    16.8237     5.7697     59.487  30.900214     36.921      6.643   263.2852     1.5002     4.8515     0.0220      0.040      4.684      6.794        468 3.8751e-01 0.0000e+00
      4.791    16.8227     5.7701     59.489  30.966035     37.024      6.640   263.3988     1.4800     4.7575     0.0220      0.049      4.699      6.814        469 3.7030e-01 0.0000e+00
      4.806    16.8213     5.7629     59.411  31.032431     37.092      6.639   263.5881     1.6620     4.8246     0.0220      0.056      4.712      6.834        470 3.4106e-01 0.0000e+00
      4.817    16.8201     5.7584     59.362  30.995496     37.059      6.641   263.4745     1.7024     4.8112     0.0220      0.060      4.723      6.850        471 3.4712e-01 0.0000e+00
      4.826    16.8197     5.7495     59.267  30.982349     37.027      6.639   263.8910     1.6701     4.8112     0.0220      0.059      4.733      6.864        472 3.6645e-01 0.0000e+00
      4.836    16.8199     5.7450     59.220  30.959838     37.028      6.640   263.7774     1.6984     4.8380     0.0220      0.054      4.742      6.878        473 3.7231e-01 0.0000e+00
      4.845    16.8210     5.7366     59.132  30.904905     36.928      6.639   263.5124     1.6660     4.7172     0.0220      0.048      4.751      6.890        474 3.4380e-01 0.0000e+00
      4.853    16.8226     5.7409     59.176  30.961757     37.028      6.640   263.8531     1.6862     4.6232     0.0220      0.044      4.759      6.902        475 3.3605e-01 0.0000e+00
      4.862    16.8237     5.7373     59.138  30.978041     37.027      6.640   263.6638     1.6862     4.7172     0.0220      0.041      4.769      6.916        476 3.5906e-01 0.0000e+00
      4.874    16.8247     5.7442     59.209  30.943943     36.992      6.639   264.0424     1.6701     4.5426     0.0220      0.038      4.780      6.933        477 3.3423e-01 0.0000e+00
      4.887    16.8248     5.7522     59.291  30.885583     36.924      6.639   264.0802     1.6660     4.6366     0.0220      0.038      4.792      6.950        478 3.2899e-01 0.0000e+00
      4.898    16.8231     5.7636     59.408  30.902409     36.924      6.637   264.0045     1.6741     4.6769     0.0220      0.039      4.802      6.965        479 3.5559e-01 0.0000e+00
      4.907    16.8207     5.7736     59.509  30.952655     37.024      6.639   264.0045     1.6701     4.5158     0.0220      0.040      4.812      6.979        480 3.2598e-01 0.0000e+00
      4.916    16.8183     5.7826     59.601  30.912008     36.925      6.640   264.0802     1.6741     4.6098     0.0220      0.041      4.821      6.992        481 3.0435e-01 0.0000e+00
      4.927    16.8166     5.7900     59.677  30.952994     37.027      6.637   264.1560     1.6822     4.6769     0.0220      0.041      4.831      7.007        482 3.2443e-01 0.0000e+00
      4.937    16.8156     5.7862     59.636  30.960953     36.996      6.635   264.4967     1.7752     4.6366     0.0220      0.042      4.840      7.021        483 3.3609e-01 0.0000e+00
      4.945    16.8146     5.7859     59.629  30.961406     37.031      6.638   264.5724     1.7469     4.5560     0.0220      0.040      4.849      7.033        484 3.4094e-01 0.0000e+00
      4.952    16.8134     5.7838     59.604  30.982083     37.032      6.637   264.6481     1.7509     4.5963     0.0220      0.038      4.856      7.044        485 3.2669e-01 0.0000e+00
      4.960    16.8127     5.7832     59.596  30.964876     37.033      6.636   264.4210     1.7307     4.5829     0.0220      0.036      4.864      7.055        486 3.1121e-01 0.0000e+00
      4.969    16.8134     5.7879     59.642  30.982821     37.034      6.639   264.3452     1.7509     4.5292     0.0220      0.035      4.873      7.068        487 3.2222e-01 0.0000e+00
      4.978    16.8132     5.7949     59.714  30.959751     37.034      6.642   264.1181     1.7469     4.5829     0.0220      0.034      4.882      7.080        488 2.9535e-01 0.0000e+00
      4.985    16.8120     5.8000     59.767  30.963935     37.000      6.639   264.3074     1.7752     4.5560     0.0220      0.033      4.889      7.091        489 2.9602e-01 0.0000e+00
      4.993    16.8108     5.8137     59.910  31.007266     37.101      6.643   264.6481     1.7590     4.6366     0.0220      0.032      4.898      7.103        490 3.0730e-01 0.0000e+00
      5.004    16.8101     5.8218     59.995  30.905827     36.935      6.643   264.5724     1.6781     4.6232     0.0220      0.033      4.908      7.118        491 3.1304e-01 0.0000e+00
      5.017    16.8097     5.8280     60.062  30.882613     36.936      6.646   264.3452     1.6822     4.5829     0.0220      0.034      4.920      7.136        492 3.0363e-01 0.0000e+00
      5.029    16.8081     5.8351     60.135  30.976852     37.037      6.644   264.6860     1.6579     4.5560     0.0220      0.037      4.931      7.152        493 2.8738e-01 0.0000e+00
      5.038    16.8052     5.8331     60.113  30.966459     37.037      6.646   264.6102     1.6660     4.6366     0.0220      0.039      4.940      7.166        494 2.8934e-01 0.0000e+00
      5.046    16.8027     5.8359     60.143  30.895548     36.938      6.643   264.7238     1.6862     4.5158     0.0220      0.039      4.949      7.178        495 2.5490e-01 0.0000e+00
      5.054    16.8009     5.8299     60.083  30.887191     36.941      6.648   264.5724     1.7590     4.8783     0.0220      0.039      4.957      7.189        496 2.8345e-01 0.0000e+00
      5.063    16.7996     5.8267     60.050  30.887906     36.943      6.645   264.6481     1.7428     4.7843     0.0220      0.039      4.965      7.200        497 2.8561e-01 0.0000e+00
      5.070    16.7992     5.8168     59.947  30.835355     36.878      6.646   264.9131     1.7671     4.7843     0.0219      0.038      4.972      7.210        498 2.6020e-01 0.0000e+00
      5.075    16.7998     5.8115     59.890  30.833983     36.879      6.645   264.9510     1.7671     4.8783     0.0219      0.034      4.977      7.218        499 2.7572e-01 0.0000e+00
      5.079    16.8009     5.8065     59.834  30.830311     36.879      6.648   264.9131     1.7711     4.6098     0.0219      0.030      4.982      7.225        500 2.8428e-01 0.0000e+00
      5.085    16.8022     5.8000     59.761  30.839925     36.879      6.644   264.9131     1.7550     4.5158     0.0219      0.027      4.988      7.234        501 2.7341e-01 0.0000e+00
      5.092    16.8039     5.7941     59.695  30.881321     36.945      6.646   265.0645     1.7469     4.5695     0.0220      0.026      4.995      7.244        502 2.5559e-01 0.0000e+00
      5.102    16.8046     5.7991     59.739  30.897400     36.944      6.648   264.9510     1.7226     4.5829     0.0220      0.026      5.003      7.257        503 2.6989e-01 0.0000e+00
      5.112    16.8038     5.8105     59.847  30.968173     37.042      6.646   265.0267     1.7024     4.5829     0.0220      0.026      5.013      7.271        504 2.7146e-01 0.0000e+00
      5.121    16.8042     5.8122     59.859  30.971155     37.042      6.647   265.2538     1.6781     4.5292     0.0220      0.028      5.022      7.283        505 2.4866e-01 0.0000e+00
      5.130    16.8057     5.8199     59.931  30.893688     36.942      6.646   265.4052     1.6620     4.6769     0.0220      0.030      5.031      7.296        506 2.5468e-01 0.0000e+00
      5.139    16.8058     5.8300     60.027  30.886669     36.942      6.646   265.4810     1.6943     4.6903     0.0220      0.032      5.039      7.308        507 2.7468e-01 0.0000e+00
      5.146    16.8050     5.8304     60.025  30.890936     36.940      6.645   265.4431     1.6054     4.8380     0.0220      0.034      5.046      7.318        508 2.4755e-01 0.0000e+00
      5.152    16.8031     5.8351     60.068  30.888378     36.940      6.645   265.7081     1.6094     4.8380     0.0220      0.034      5.052      7.328        509 2.4789e-01 0.0000e+00
      5.158    16.7992     5.8342     60.053  30.889851     36.941      6.646   265.4810     1.6418     4.7575     0.0220      0.033      5.059      7.338        510 2.6671e-01 0.0000e+00
