Data/DataNotYetUploadedToEDI/Raw_CTD/RawDownloads/101518_fcr45.cnv
* Sea-Bird SBE19plus  Data File:
* FileName = C:\DATA\101518_fcr_0004.hex
* Software version 2.6.3.104
* Temperature SN = 7809
* Conductivity SN = 7809
* System UpLoad Time = Oct 29 2018 16:37:22
* <ApplicationData>
* <Seaterm232>
# nquan = 17
# nvalues = 553                         
# units = specified
# name 0 = depFM: Depth [fresh water, m]
# name 1 = tv290C: Temperature [ITS-90, deg C]
# name 2 = sbeox0Mg/L: Oxygen, SBE 43 [mg/l]
# name 3 = sbeox0PS: Oxygen, SBE 43 [% saturation]
# name 4 = c0uS/cm: Conductivity [uS/cm]
# name 5 = specc: Specific Conductance [uS/cm]
# name 6 = ph: pH
# name 7 = orp: Oxidation Reduction Potential [mV]
# name 8 = flECO-AFL: Fluorescence, WET Labs ECO-AFL/FL [mg/m^3]
# name 9 = turbWETntu0: Turbidity, WET Labs ECO [NTU]
# name 10 = sal00: Salinity, Practical [PSU]
# name 11 = dz/dtM: Descent Rate [m/s]
# name 12 = prdM: Pressure, Strain Gauge [db]
# name 13 = prdE: Pressure, Strain Gauge [psi]
# name 14 = scan: Scan Count
# name 15 = par/sat/log: PAR/Logarithmic, Satlantic
# name 16 = flag:  0.000e+00
# span 0 =     -0.548,      7.801       
# span 1 =    13.7895,    18.2697       
# span 2 =    -0.7902,     9.6696       
# span 3 =     -7.995,    101.349       
# span 4 =   1.516568, 125.363875       
# span 5 =      1.749,    161.648       
# span 6 =      6.142,      7.779       
# span 7 =     9.1874,   267.9417       
# span 8 =    -0.2102,     3.3239       
# span 9 =    -0.3586,    15.8087       
# span 10 =     0.0093,     0.0771      
# span 11 =     -0.231,      0.207      
# span 12 =     -0.538,      7.649      
# span 13 =     -0.780,     11.095      
# span 14 =          1,        553      
# span 15 = 1.2307e-01, 4.8629e+02      
# span 16 = 0.0000e+00, 0.0000e+00      
# interval = seconds: 0.25
# start_time = Oct 15 2018 15:39:42 [Instrument's time stamp, header]
# bad_flag = -9.990e-29
*END*
[from data line 341]
      3.334    17.0806     5.4065     55.984  31.262842     37.117      6.615   254.1995     1.6377     4.7843     0.0221      0.083      3.270      4.743        342 1.3503e+00 0.0000e+00
      3.357    17.0730     5.4019     55.930  31.437645     37.357      6.614   254.6916     1.5851     4.7709     0.0222      0.083      3.292      4.774        343 1.3190e+00 0.0000e+00
      3.380    17.0654     5.4054     55.961  31.627491     37.562      6.615   254.6538     1.6094     4.8515     0.0223      0.086      3.313      4.805        344 1.2296e+00 0.0000e+00
      3.398    17.0589     5.4059     55.963  31.708594     37.702      6.614   254.9188     1.6296     4.8112     0.0224      0.086      3.333      4.835        345 1.2088e+00 0.0000e+00
      3.420    17.0535     5.3903     55.800  31.573938     37.509      6.616   254.8052     1.5851     4.8246     0.0223      0.086      3.355      4.867        346 1.1703e+00 0.0000e+00
      3.447    17.0497     5.3611     55.495  31.557851     37.515      6.613   254.6538     1.6094     4.7843     0.0223      0.087      3.380      4.902        347 1.1183e+00 0.0000e+00
      3.471    17.0465     5.3209     55.074  31.521050     37.487      6.617   255.0702     1.6175     4.7575     0.0223      0.088      3.403      4.936        348 1.1228e+00 0.0000e+00
      3.493    17.0435     5.2837     54.684  31.323215     37.224      6.616   254.6916     1.6337     4.8783     0.0222      0.088      3.425      4.968        349 1.0938e+00 0.0000e+00
      3.516    17.0413     5.2597     54.433  31.240659     37.161      6.618   255.2595     1.6377     4.9320     0.0221      0.089      3.449      5.003        350 1.0008e+00 0.0000e+00
      3.544    17.0380     5.2382     54.211  31.327266     37.230      6.615   255.4109     1.6175     4.8112     0.0222      0.091      3.477      5.044        351 9.5241e-01 0.0000e+00
      3.579    17.0326     5.2359     54.190  31.482306     37.464      6.614   255.9409     1.6175     4.7575     0.0223      0.096      3.508      5.089        352 9.4651e-01 0.0000e+00
      3.610    17.0267     5.2535     54.372  31.462849     37.401      6.610   256.3952     1.6903     4.8649     0.0222      0.102      3.538      5.131        353 8.8128e-01 0.0000e+00
      3.632    17.0226     5.2890     54.742  31.410786     37.372      6.610   256.5466     1.6862     4.8380     0.0222      0.105      3.560      5.163        354 8.5361e-01 0.0000e+00
      3.648    17.0200     5.3251     55.117  31.309880     37.245      6.609   256.4331     1.6701     4.8246     0.0222      0.104      3.579      5.190        355 8.5083e-01 0.0000e+00
      3.669    17.0182     5.3619     55.502  31.262253     37.182      6.611   256.2438     1.6701     4.8112     0.0221      0.102      3.599      5.220        356 8.1860e-01 0.0000e+00
      3.692    17.0159     5.3837     55.728  31.292146     37.251      6.606   256.6981     1.5973     4.8783     0.0222      0.099      3.621      5.252        357 7.9234e-01 0.0000e+00
      3.715    17.0123     5.4007     55.897  31.213375     37.119      6.604   257.1145     1.6094     4.8380     0.0221      0.095      3.644      5.284        358 7.5385e-01 0.0000e+00
      3.738    17.0075     5.4093     55.973  31.182370     37.121      6.601   257.2659     1.6256     4.7306     0.0221      0.090      3.664      5.314        359 7.4754e-01 0.0000e+00
      3.753    17.0049     5.4111     55.978  31.123169     37.025      6.599   257.1145     1.6256     4.8112     0.0221      0.084      3.679      5.337        360 7.4134e-01 0.0000e+00
      3.766    17.0060     5.4112     55.969  31.138793     37.062      6.599   257.3038     1.5366     4.9857     0.0221      0.079      3.691      5.354        361 7.1493e-01 0.0000e+00
      3.774    17.0078     5.4162     56.014  31.192580     37.131      6.602   257.1524     1.5568     5.0663     0.0221      0.074      3.700      5.366        362 7.0926e-01 0.0000e+00
      3.779    17.0086     5.4281     56.132  31.145188     37.064      6.602   257.1902     1.5568     4.9723     0.0221      0.067      3.707      5.377        363 7.3281e-01 0.0000e+00
      3.789    17.0097     5.4587     56.446  31.138466     37.062      6.605   257.0388     1.5447     4.9186     0.0221      0.058      3.717      5.391        364 7.2353e-01 0.0000e+00
      3.803    17.0119     5.4988     56.853  31.200946     37.128      6.606   257.0009     1.5285     4.8380     0.0221      0.050      3.729      5.409        365 7.0417e-01 0.0000e+00
      3.816    17.0147     5.5399     57.274  31.245346     37.193      6.607   257.2281     1.5568     4.8783     0.0221      0.045      3.742      5.427        366 7.1050e-01 0.0000e+00
      3.828    17.0151     5.5794     57.677  31.261122     37.191      6.610   257.4931     1.5568     4.8112     0.0221      0.042      3.756      5.447        367 6.7503e-01 0.0000e+00
      3.845    17.0094     5.6117     57.998  31.240617     37.189      6.612   257.3038     1.5528     4.9186     0.0221      0.043      3.774      5.473        368 6.5566e-01 0.0000e+00
      3.873    16.9985     5.6382     58.262  31.152257     37.055      6.613   257.3416     1.5285     4.7843     0.0221      0.050      3.800      5.511        369 6.4347e-01 0.0000e+00
      3.906    16.9867     5.6447     58.322  31.074563     36.994      6.610   257.8717     1.4840     5.0395     0.0221      0.062      3.830      5.554        370 6.1014e-01 0.0000e+00
      3.935    16.9782     5.6454     58.325  30.981483     36.870      6.609   258.0988     1.4921     5.0126     0.0220      0.075      3.858      5.596        371 5.9917e-01 0.0000e+00
      3.961    16.9727     5.6252     58.112  31.001232     36.914      6.606   258.0988     1.5002     5.0395     0.0220      0.086      3.884      5.634        372 5.7768e-01 0.0000e+00
      3.985    16.9687     5.6291     58.143  31.020339     36.955      6.606   258.4774     1.4881     5.0126     0.0220      0.094      3.908      5.669        373 5.4223e-01 0.0000e+00
      4.010    16.9650     5.6153     57.990  30.987361     36.893      6.605   258.4774     1.5851     4.9589     0.0220      0.101      3.933      5.704        374 5.5221e-01 0.0000e+00
      4.036    16.9596     5.5990     57.813  31.012625     36.963      6.604   258.8181     1.5973     5.0126     0.0220      0.105      3.957      5.739        375 5.2401e-01 0.0000e+00
      4.058    16.9559     5.5883     57.697  30.988901     36.900      6.600   258.8181     1.6013     5.0395     0.0220      0.104      3.979      5.771        376 5.0103e-01 0.0000e+00
      4.079    16.9508     5.5826     57.632  30.957585     36.905      6.602   258.7045     1.6418     5.0529     0.0220      0.100      4.000      5.802        377 5.1765e-01 0.0000e+00
      4.101    16.9415     5.5577     57.369  30.992296     36.908      6.600   258.9317     1.6175     5.0529     0.0220      0.095      4.023      5.835        378 4.7587e-01 0.0000e+00
      4.126    16.9334     5.5373     57.155  31.034660     37.012      6.599   259.0452     1.5851     4.9992     0.0220      0.093      4.047      5.870        379 4.6967e-01 0.0000e+00
      4.153    16.9270     5.5109     56.879  30.993822     36.921      6.601   259.1209     1.6175     4.9320     0.0220      0.093      4.072      5.905        380 4.6891e-01 0.0000e+00
      4.176    16.9230     5.4881     56.637  31.013469     36.994      6.598   259.0452     1.6175     5.1603     0.0220      0.093      4.094      5.937        381 4.3212e-01 0.0000e+00
      4.195    16.9196     5.4798     56.548  31.039864     37.000      6.601   259.2724     1.5609     5.0797     0.0220      0.091      4.115      5.968        382 4.3960e-01 0.0000e+00
      4.219    16.9124     5.4710     56.455  31.020281     37.004      6.600   259.2345     1.5245     4.9992     0.0220      0.091      4.140      6.005        383 4.2832e-01 0.0000e+00
      4.253    16.9036     5.4786     56.530  31.097146     37.073      6.597   260.2188     1.5649     4.9857     0.0221      0.094      4.171      6.050        384 4.2255e-01 0.0000e+00
      4.288    16.8967     5.4969     56.713  31.181425     37.213      6.595   260.2945     1.5124     4.9857     0.0221      0.099      4.206      6.099        385 3.8759e-01 0.0000e+00
      4.324    16.8915     5.5316     57.066  31.093312     37.087      6.586   260.7488     1.5568     5.2812     0.0221      0.106      4.238      6.146        386 3.4050e-01 0.0000e+00
      4.349    16.8866     5.5697     57.454  31.028892     37.027      6.588   260.6731     1.5487     5.3080     0.0220      0.110      4.264      6.184        387 3.6095e-01 0.0000e+00
      4.370    16.8821     5.6119     57.887  31.024383     37.031      6.588   260.7867     1.5487     5.2140     0.0220      0.112      4.287      6.218        388 3.5105e-01 0.0000e+00
      4.396    16.8790     5.6493     58.270  30.980319     36.969      6.584   260.9381     1.5690     5.3080     0.0220      0.114      4.311      6.253        389 3.4898e-01 0.0000e+00
      4.421    16.8756     5.6805     58.590  31.024428     37.040      6.586   260.8245     1.5407     5.2274     0.0220      0.113      4.337      6.290        390 3.3929e-01 0.0000e+00
      4.451    16.8710     5.7019     58.809  31.058448     37.076      6.580   261.0895     1.5487     5.0260     0.0220      0.111      4.365      6.330        391 3.1721e-01 0.0000e+00
      4.479    16.8674     5.7135     58.927  31.026939     37.045      6.584   261.2031     1.5487     5.0126     0.0220      0.107      4.391      6.369        392 3.1249e-01 0.0000e+00
      4.503    16.8655     5.7154     58.945  31.033990     37.050      6.582   261.2788     1.5447     4.9455     0.0220      0.103      4.417      6.406        393 3.2363e-01 0.0000e+00
      4.531    16.8627     5.7083     58.870  31.020023     37.053      6.584   261.3167     1.5326     5.1066     0.0220      0.102      4.444      6.446        394 3.1089e-01 0.0000e+00
      4.562    16.8580     5.7024     58.808  30.985019     36.988      6.582   261.8845     1.6539     5.1737     0.0220      0.105      4.474      6.489        395 2.9502e-01 0.0000e+00
      4.593    16.8533     5.6936     58.716  30.958947     36.990      6.581   262.0738     1.6296     5.2140     0.0220      0.109      4.504      6.533        396 2.7431e-01 0.0000e+00
      4.623    16.8500     5.6936     58.712  30.963516     36.961      6.579   262.3388     1.5851     5.1872     0.0220      0.111      4.534      6.576        397 2.3516e-01 0.0000e+00
      4.655    16.8475     5.6928     58.700  30.949684     36.998      6.580   262.2631     1.6418     5.1872     0.0220      0.114      4.563      6.619        398 2.5541e-01 0.0000e+00
      4.682    16.8456     5.7019     58.786  30.916858     36.901      6.579   262.2252     1.6256     5.0126     0.0220      0.115      4.590      6.658        399 2.3318e-01 0.0000e+00
      4.705    16.8439     5.7182     58.946  30.945065     37.003      6.581   262.1495     1.6054     5.0395     0.0220      0.114      4.614      6.693        400 2.1885e-01 0.0000e+00
      4.729    16.8425     5.7351     59.114  30.914583     36.905      6.582   262.3388     1.5851     5.0126     0.0220      0.113      4.639      6.728        401 2.2365e-01 0.0000e+00
      4.756    16.8411     5.7549     59.313  30.954794     37.007      6.581   262.3009     1.5892     5.0932     0.0220      0.110      4.664      6.763        402 2.2618e-01 0.0000e+00
      4.781    16.8396     5.7690     59.454  30.954327     36.975      6.580   262.6038     1.5932     5.0126     0.0220      0.106      4.685      6.795        403 2.3081e-01 0.0000e+00
      4.794    16.8385     5.7863     59.630  30.885513     36.909      6.581   262.3009     1.6256     5.0260     0.0220      0.100      4.702      6.820        404 2.1853e-01 0.0000e+00
      4.808    16.8378     5.8007     59.773  30.892175     36.910      6.584   262.1874     1.5932     4.9857     0.0220      0.092      4.720      6.845        405 2.0598e-01 0.0000e+00
      4.836    16.8362     5.8207     59.972  30.886735     36.911      6.585   262.6417     1.6256     4.9723     0.0220      0.087      4.745      6.881        406 2.1337e-01 0.0000e+00
      4.870    16.8329     5.8386     60.144  30.892284     36.912      6.580   263.0960     1.5487     5.1066     0.0220      0.088      4.775      6.924        407 2.1819e-01 0.0000e+00
      4.897    16.8293     5.8500     60.250  30.885269     36.913      6.578   263.1338     1.5326     5.0529     0.0220      0.090      4.802      6.964        408 2.0443e-01 0.0000e+00
      4.920    16.8242     5.8575     60.319  30.895466     36.916      6.580   263.2095     1.5487     5.1066     0.0220      0.092      4.827      6.999        409 2.1293e-01 0.0000e+00
      4.947    16.8180     5.8670     60.412  30.938899     36.986      6.578   263.2852     1.5568     5.0126     0.0220      0.095      4.854      7.039        410 1.9278e-01 0.0000e+00
      4.982    16.8125     5.8797     60.540  30.890522     36.924      6.578   263.9288     1.5407     5.0663     0.0220      0.101      4.886      7.087        411 1.8670e-01 0.0000e+00
      5.019    16.8081     5.8961     60.707  30.777764     36.796      6.574   264.5724     1.6903     5.1334     0.0219      0.110      4.921      7.138        412 1.7530e-01 0.0000e+00
      5.055    16.8053     5.9153     60.903  30.723410     36.734      6.569   264.4210     1.6781     4.9857     0.0219      0.118      4.955      7.187        413 1.7469e-01 0.0000e+00
      5.084    16.8028     5.9214     60.963  30.720955     36.738      6.569   264.1560     1.6701     4.9589     0.0219      0.121      4.986      7.232        414 1.7333e-01 0.0000e+00
      5.115    16.7987     5.9330     61.074  30.721518     36.740      6.568   264.5345     1.6943     5.0126     0.0219      0.123      5.018      7.277        415 1.2307e-01 0.0000e+00
      5.152    16.7923     5.9445     61.184  30.663409     36.676      6.569   265.0645     1.6741     4.8246     0.0218      0.127      5.051      7.325        416 1.3260e-01 0.0000e+00
      5.185    16.7836     5.9583     61.321  30.615365     36.612      6.568   264.6481     1.6862     4.7977     0.0218      0.131      5.081      7.370        417 1.6301e-01 0.0000e+00
      5.206    16.7743     5.9686     61.423  30.603401     36.618      6.569   264.7995     1.6822     4.7843     0.0218      0.129      5.105      7.405        418 1.3385e-01 0.0000e+00
      5.227    16.7679     5.9819     61.557  30.618996     36.626      6.571   264.4210     1.6822     4.8380     0.0218      0.122      5.127      7.436        419 1.2782e-01 0.0000e+00
      5.252    16.7640     5.9862     61.597  30.655264     36.701      6.575   264.3452     1.5690     5.0797     0.0218      0.115      5.149      7.468        420 1.2913e-01 0.0000e+00
      5.272    16.7615     5.9901     61.630  30.617574     36.639      6.576   264.0802     1.5609     4.9857     0.0218      0.108      5.169      7.497        421 1.2408e-01 0.0000e+00
      5.289    16.7599     5.9908     61.626  30.547298     36.576      6.580   264.3074     1.5649     5.0126     0.0218      0.100      5.185      7.521        422 1.2629e-01 0.0000e+00
      5.302    16.7592     5.9880     61.585  30.564815     36.578      6.583   264.0045     1.5487     5.0126     0.0218      0.090      5.201      7.544        423 1.3751e-01 0.0000e+00
      5.322    16.7564     5.9856     61.549  30.595776     36.646      6.585   264.0045     1.6377     4.7843     0.0218      0.081      5.222      7.575        424 1.5413e-01 0.0000e+00
      5.352    16.7499     5.9698     61.377  30.508769     36.513      6.582   264.9510     1.6377     4.8649     0.0218      0.079      5.251      7.616        425 1.2754e-01 0.0000e+00
