Data/DataNotYetUploadedToEDI/Raw_CTD/RawDownloads/101518_fcr20.cnv
* Sea-Bird SBE19plus  Data File:
* FileName = C:\DATA\101518_fcr_0002.hex
* Software version 2.6.3.104
* Temperature SN = 7809
* Conductivity SN = 7809
* System UpLoad Time = Oct 29 2018 16:36:43
* <ApplicationData>
* <Seaterm232>
# nquan = 17
# nvalues = 385                         
# units = specified
# name 0 = depFM: Depth [fresh water, m]
# name 1 = tv290C: Temperature [ITS-90, deg C]
# name 2 = sbeox0Mg/L: Oxygen, SBE 43 [mg/l]
# name 3 = sbeox0PS: Oxygen, SBE 43 [% saturation]
# name 4 = c0uS/cm: Conductivity [uS/cm]
# name 5 = specc: Specific Conductance [uS/cm]
# name 6 = ph: pH
# name 7 = orp: Oxidation Reduction Potential [mV]
# name 8 = flECO-AFL: Fluorescence, WET Labs ECO-AFL/FL [mg/m^3]
# name 9 = turbWETntu0: Turbidity, WET Labs ECO [NTU]
# name 10 = sal00: Salinity, Practical [PSU]
# name 11 = dz/dtM: Descent Rate [m/s]
# name 12 = prdM: Pressure, Strain Gauge [db]
# name 13 = prdE: Pressure, Strain Gauge [psi]
# name 14 = scan: Scan Count
# name 15 = par/sat/log: PAR/Logarithmic, Satlantic
# name 16 = flag:  0.000e+00
# span 0 =     -0.548,      3.086       
# span 1 =    16.4117,    17.8393       
# span 2 =     3.8519,     9.6084       
# span 3 =     40.251,    100.708       
# span 4 =   1.305929,  39.670529       
# span 5 =      1.702,     46.785       
# span 6 =      5.903,      7.422       
# span 7 =   136.8799,   408.9599       
# span 8 =    -0.2224,     2.8063       
# span 9 =    -0.4391,    24.8591       
# span 10 =     0.0091,     0.0265      
# span 11 =     -0.235,      0.219      
# span 12 =     -0.537,      3.026      
# span 13 =     -0.779,      4.389      
# span 14 =          1,        385      
# span 15 = 4.1413e+00, 7.2697e+02      
# span 16 = 0.0000e+00, 0.0000e+00      
# interval = seconds: 0.25
# start_time = Oct 15 2018 14:53:50 [Instrument's time stamp, header]
# bad_flag = -9.990e-29
*END*
[from data line 341]
      2.485    17.0478     5.9699     61.812  31.272032     37.225      6.704   243.4480     2.2362     4.7843     0.0222      0.051      2.437      3.535        342 9.1266e+00 0.0000e+00
      2.501    17.0458     6.0163     62.291  31.174164     37.026      6.705   243.4102     2.2604     4.8783     0.0221      0.051      2.456      3.562        343 8.8236e+00 0.0000e+00
      2.529    17.0403     6.0484     62.625  30.993946     36.894      6.702   243.8266     2.3373     5.0797     0.0220      0.057      2.483      3.602        344 8.2721e+00 0.0000e+00
      2.569    17.0326     6.0593     62.739  30.577110     36.331      6.689   244.3188     2.3575     5.0529     0.0218      0.069      2.513      3.646        345 7.9923e+00 0.0000e+00
      2.591    17.0272     6.0619     62.767  30.239995     35.970      6.670   244.2809     2.3130     4.9723     0.0216      0.079      2.534      3.676        346 7.9313e+00 0.0000e+00
      2.594    17.0255     6.0580     62.729  30.257087     35.977      6.662   244.2809     2.3453     5.1066     0.0216      0.083      2.542      3.687        347 7.9532e+00 0.0000e+00
      2.593    17.0267     6.0528     62.678  30.377937     36.147      6.658   244.4323     2.3090     5.1066     0.0217      0.078      2.543      3.689        348 7.9797e+00 0.0000e+00
      2.593    17.0284     6.0413     62.557  30.504714     36.282      6.661   244.5080     2.0623     4.8380     0.0218      0.070      2.546      3.693        349 7.8914e+00 0.0000e+00
      2.602    17.0295     6.0358     62.491  30.603382     36.414      6.665   244.4702     2.0663     4.7843     0.0218      0.059      2.553      3.703        350 7.7826e+00 0.0000e+00
      2.615    17.0294     6.0398     62.518  30.610959     36.412      6.671   244.6595     2.0946     4.7843     0.0218      0.048      2.565      3.720        351 7.6443e+00 0.0000e+00
      2.628    17.0276     6.0482     62.592  30.554585     36.345      6.676   244.3945     2.0785     4.9186     0.0218      0.036      2.577      3.737        352 7.5263e+00 0.0000e+00
      2.639    17.0265     6.0543     62.644  30.495631     36.278      6.677   244.7730     1.8682     4.5426     0.0218      0.029      2.587      3.752        353 7.4226e+00 0.0000e+00
      2.646    17.0279     6.0786     62.887  30.387817     36.147      6.673   245.0002     1.8722     4.6366     0.0217      0.029      2.594      3.763        354 7.4146e+00 0.0000e+00
      2.650    17.0294     6.1275     63.382  30.421899     36.181      6.674   245.6438     1.8763     4.5292     0.0217      0.033      2.598      3.768        355 7.4154e+00 0.0000e+00
      2.651    17.0299     6.1991     64.102  30.482868     36.280      6.675   245.0380     1.8803     4.6366     0.0218      0.034      2.601      3.773        356 7.3790e+00 0.0000e+00
      2.656    17.0319     6.3103     65.234  30.519500     36.278      6.678   245.1516     1.8601     4.6366     0.0218      0.032      2.608      3.782        357 7.2797e+00 0.0000e+00
      2.670    17.0339     6.4409     66.571  30.583868     36.411      6.680   245.3409     1.8803     4.5292     0.0218      0.030      2.620      3.801        358 7.0887e+00 0.0000e+00
      2.690    17.0321     6.5920     68.100  30.313810     36.044      6.677   245.7195     1.8642     4.6366     0.0217      0.030      2.637      3.826        359 6.9787e+00 0.0000e+00
      2.708    17.0255     6.7433     69.632  30.084659     35.776      6.677   245.3030     1.8601     4.6366     0.0215      0.034      2.657      3.852        360 6.7589e+00 0.0000e+00
      2.729    17.0147     6.8929     71.152  30.009172     35.711      6.680   245.7952     2.0138     4.7977     0.0215      0.042      2.677      3.882        361 6.5763e+00 0.0000e+00
      2.752    17.0046     7.0210     72.444  29.666498     35.284      6.681   246.0602     2.0138     4.7575     0.0213      0.053      2.699      3.914        362 6.3748e+00 0.0000e+00
      2.776    16.9965     7.1107     73.329  29.354766     34.928      6.678   245.9845     2.0178     4.7843     0.0212      0.065      2.722      3.947        363 6.0837e+00 0.0000e+00
      2.798    16.9897     7.1613     73.793  29.062887     34.604      6.676   246.0980     2.0016     4.8246     0.0210      0.075      2.742      3.977        364 5.9585e+00 0.0000e+00
      2.815    16.9810     7.1728     73.764  28.725180     34.178      6.675   246.3630     1.9127     4.8246     0.0209      0.081      2.760      4.003        365 5.8663e+00 0.0000e+00
      2.830    16.9655     7.1412     73.241  28.500147     33.951      6.676   246.4766     1.9369     4.7575     0.0208      0.081      2.778      4.028        366 5.6887e+00 0.0000e+00
      2.853    16.9536     7.0732     72.386  28.364544     33.758      6.675   246.7038     1.9491     4.8380     0.0207      0.081      2.798      4.058        367 5.4965e+00 0.0000e+00
      2.877    16.9427     6.9640     71.193  28.271330     33.704      6.677   246.4009     1.9450     4.8515     0.0207      0.081      2.821      4.092        368 5.3344e+00 0.0000e+00
      2.902    16.9210     6.8163     69.668  28.260381     33.647      6.676   247.0823     1.9491     4.8380     0.0206      0.082      2.844      4.125        369 5.1864e+00 0.0000e+00
      2.923    16.8987     6.6418     67.919  28.437472     33.921      6.675   246.5523     1.9410     4.8112     0.0207      0.082      2.863      4.154        370 5.1320e+00 0.0000e+00
      2.935    16.8824     6.4545     66.026  28.614261     34.106      6.676   246.4766     1.9450     4.7843     0.0208      0.081      2.877      4.174        371 5.0488e+00 0.0000e+00
      2.946    16.8615     6.2748     64.201  28.633338     34.191      6.682   246.3630     1.9288     4.8783     0.0208      0.078      2.889      4.191        372 4.9668e+00 0.0000e+00
      2.959    16.8367     6.1410     62.851  28.858463     34.405      6.686   246.1359     1.9288     4.8380     0.0209      0.074      2.904      4.212        373 4.8365e+00 0.0000e+00
      2.981    16.7963 -9.990e-29 -9.990e-29  29.164267     34.888      6.694   245.8330     1.9369     4.6769     0.0211      0.071      2.924      4.241        374 4.6584e+00 0.0000e+00
      3.006    16.7030 -9.990e-29 -9.990e-29  29.735229     35.444      6.698   245.7195     1.9572     4.6098     0.0213      0.070      2.947      4.275        375 4.5590e+00 0.0000e+00
      3.029    16.5746 -9.990e-29 -9.990e-29  31.023982     37.181      6.699   245.4166     1.9288     4.6232     0.0221      0.069      2.970      4.307        376 4.4125e+00 0.0000e+00
      3.051    16.4725 -9.990e-29 -9.990e-29  31.859853     38.170      6.701   245.7195     1.9450     4.5695     0.0224      0.071      2.989      4.336        377 4.3162e+00 0.0000e+00
      3.066    16.4209 -9.990e-29 -9.990e-29  31.808468     38.288      6.702   245.4923     2.2604     4.8783     0.0224      0.074      3.003      4.357        378 4.2661e+00 0.0000e+00
      3.073    16.4117 -9.990e-29 -9.990e-29  31.532763     37.980      6.700   245.0759     2.2604     4.8380     0.0223      0.075      3.011      4.368        379 4.2301e+00 0.0000e+00
      3.074    16.4336 -9.990e-29 -9.990e-29  31.343077     37.857      6.701   244.8488     2.2887     4.8783     0.0222      0.070      3.015      4.373        380 4.2241e+00 0.0000e+00
      3.077    16.4502 -9.990e-29 -9.990e-29  31.273584     37.732      6.708   244.5838     2.2847     4.7575     0.0221      0.060      3.018      4.378        381 4.1975e+00 0.0000e+00
      3.081    16.4614 -9.990e-29 -9.990e-29  31.233770     37.710      6.708   244.7730     2.1957     4.5292     0.0221      0.048      3.022      4.383        382 4.1741e+00 0.0000e+00
      3.084    16.4732 -9.990e-29 -9.990e-29  31.214707     37.628      6.711   244.5838     2.2200     4.5560     0.0221      0.035      3.024      4.387        383 4.1413e+00 0.0000e+00
      3.086 -9.990e-29 -9.990e-29 -9.990e-29  31.178692     37.619      6.712   245.4545     2.1836     4.6366     0.0221      0.024      3.026      4.389        384 4.1566e+00 0.0000e+00
      3.086 -9.990e-29 -9.990e-29 -9.990e-29  31.159976     37.538      6.716   245.4923     2.1998     4.5426     0.0221      0.015      3.026      4.389        385 4.1945e+00 0.0000e+00
