Data/DataNotYetUploadedToEDI/Raw_CTD/RawDownloads/101518_fcr20.cnv
* Sea-Bird SBE19plus  Data File:
* FileName = C:\DATA\101518_fcr_0002.hex
* Software version 2.6.3.104
* Temperature SN = 7809
* Conductivity SN = 7809
* System UpLoad Time = Oct 29 2018 16:36:43
* <ApplicationData>
* <Seaterm232>
# nquan = 17
# nvalues = 385                         
# units = specified
# name 0 = depFM: Depth [fresh water, m]
# name 1 = tv290C: Temperature [ITS-90, deg C]
# name 2 = sbeox0Mg/L: Oxygen, SBE 43 [mg/l]
# name 3 = sbeox0PS: Oxygen, SBE 43 [% saturation]
# name 4 = c0uS/cm: Conductivity [uS/cm]
# name 5 = specc: Specific Conductance [uS/cm]
# name 6 = ph: pH
# name 7 = orp: Oxidation Reduction Potential [mV]
# name 8 = flECO-AFL: Fluorescence, WET Labs ECO-AFL/FL [mg/m^3]
# name 9 = turbWETntu0: Turbidity, WET Labs ECO [NTU]
# name 10 = sal00: Salinity, Practical [PSU]
# name 11 = dz/dtM: Descent Rate [m/s]
# name 12 = prdM: Pressure, Strain Gauge [db]
# name 13 = prdE: Pressure, Strain Gauge [psi]
# name 14 = scan: Scan Count
# name 15 = par/sat/log: PAR/Logarithmic, Satlantic
# name 16 = flag:  0.000e+00
# span 0 =     -0.548,      3.086       
# span 1 =    16.4117,    17.8393       
# span 2 =     3.8519,     9.6084       
# span 3 =     40.251,    100.708       
# span 4 =   1.305929,  39.670529       
# span 5 =      1.702,     46.785       
# span 6 =      5.903,      7.422       
# span 7 =   136.8799,   408.9599       
# span 8 =    -0.2224,     2.8063       
# span 9 =    -0.4391,    24.8591       
# span 10 =     0.0091,     0.0265      
# span 11 =     -0.235,      0.219      
# span 12 =     -0.537,      3.026      
# span 13 =     -0.779,      4.389      
# span 14 =          1,        385      
# span 15 = 4.1413e+00, 7.2697e+02      
# span 16 = 0.0000e+00, 0.0000e+00      
# interval = seconds: 0.25
# start_time = Oct 15 2018 14:53:50 [Instrument's time stamp, header]
# bad_flag = -9.990e-29
*END*
     -0.547    17.8217     9.1382     96.210   4.166483      4.602      5.905   223.5351    -0.2021    -0.2243     0.0098      0.000     -0.536     -0.778          1 6.0051e+02 0.0000e+00
     -0.547    17.8233     9.1391     96.219   5.085169      6.264      5.913   208.5437    -0.1779    -0.2512     0.0103      0.000     -0.536     -0.778          2 6.7095e+02 0.0000e+00
     -0.547    17.8294     9.1340     96.166   3.785925      4.178      5.928   224.2923    -0.1819    -0.3049     0.0097      0.000     -0.536     -0.778          3 6.8070e+02 0.0000e+00
     -0.547    17.8338     9.1351     96.178   2.762939      3.364      5.926   211.1937    -0.1738    -0.2377     0.0095      0.000     -0.536     -0.778          4 6.6010e+02 0.0000e+00
     -0.547    17.8353     9.1375     96.203   2.508750      2.842      5.908   215.2822    -0.1941    -0.2243     0.0094     -0.000     -0.536     -0.778          5 6.5921e+02 0.0000e+00
     -0.547    17.8364     9.1371     96.200   2.059159      2.451      5.903   189.4636    -0.2021    -0.2512     0.0093      0.000     -0.536     -0.778          6 6.2667e+02 0.0000e+00
     -0.547    17.8367     9.1337     96.163   1.901190      2.190      5.909   202.9408    -0.1941    -0.1706     0.0092      0.000     -0.536     -0.778          7 6.2918e+02 0.0000e+00
     -0.547    17.8370     9.1377     96.206   1.669022      1.962      5.914   207.1808    -0.1819    -0.2243     0.0092     -0.000     -0.537     -0.779          8 6.2067e+02 0.0000e+00
     -0.547    17.8372     9.1349     96.177   1.578262      1.832      5.917   222.7780    -0.1900    -0.1974     0.0092     -0.000     -0.537     -0.779          9 5.8184e+02 0.0000e+00
     -0.548    17.8373     9.1425     96.257   1.451577      1.702      5.914   178.7500    -0.1860    -0.2243     0.0091     -0.000     -0.537     -0.779         10 5.5838e+02 0.0000e+00
     -0.548    17.8374     9.1309     96.135   1.589811      1.832      5.918   206.5751    -0.1779    -0.2109     0.0092     -0.000     -0.537     -0.779         11 5.4611e+02 0.0000e+00
     -0.547    17.8375     9.1340     96.167   2.264889      2.646      5.937   153.6506    -0.1779    -0.2243     0.0093     -0.000     -0.537     -0.779         12 4.9587e+02 0.0000e+00
     -0.547    17.8375     9.1334     96.161   2.861749      3.363      5.942   151.0763    -0.1981    -0.2780     0.0095     -0.000     -0.537     -0.779         13 3.9976e+02 0.0000e+00
     -0.548    17.8377     9.1310     96.136   2.949303      3.428      5.938   153.5749    -0.2021    -0.2914     0.0095     -0.001     -0.537     -0.779         14 3.3457e+02 0.0000e+00
     -0.547    17.8381     9.1371     96.201   2.777734      3.265      5.920   143.4670    -0.1981    -0.1706     0.0095     -0.000     -0.537     -0.779         15 2.7379e+02 0.0000e+00
     -0.548    17.8383     9.1304     96.130   2.483062      2.874      5.918   143.0885    -0.1779    -0.1840     0.0094     -0.000     -0.537     -0.779         16 2.3785e+02 0.0000e+00
     -0.548    17.8382     9.1344     96.173   2.398109      2.809      5.933   138.4699    -0.1941    -0.2377     0.0094     -0.000     -0.537     -0.779         17 2.2537e+02 0.0000e+00
     -0.548    17.8383     9.1383     96.213   2.468920      2.874      5.951   154.2942    -0.1860    -0.2109     0.0094     -0.000     -0.537     -0.779         18 2.3495e+02 0.0000e+00
     -0.547    17.8384     9.1370     96.159   2.542989      2.972      5.959   159.1778    -0.2143    -0.2914     0.0094      0.000     -0.537     -0.779         19 2.6094e+02 0.0000e+00
     -0.547    17.8383     9.1423     96.159   2.394761      2.809      5.968   281.6460    -0.1738    -0.2512     0.0094      0.000     -0.537     -0.779         20 2.7327e+02 0.0000e+00
     -0.547    17.8385     9.1420     96.125   2.238852      2.581      5.969   153.7642    -0.1738    -0.2377     0.0093      0.000     -0.537     -0.779         21 2.9146e+02 0.0000e+00
     -0.547    17.8386     9.1392     96.076   2.115215      2.516      5.964   152.7421    -0.2021    -0.0900     0.0093      0.000     -0.537     -0.779         22 2.9355e+02 0.0000e+00
     -0.547    17.8387     9.1403     96.078   2.045268      2.321      5.964   166.8250    -0.1779    -0.1706     0.0092      0.000     -0.537     -0.779         23 2.9922e+02 0.0000e+00
     -0.547    17.8388     9.1414     96.081   1.852154      2.255      5.959   160.1242    -0.1779    -0.1303     0.0092      0.000     -0.537     -0.779         24 3.0168e+02 0.0000e+00
     -0.548    17.8390     9.1378     96.033   2.000233      2.190      5.991   238.9809    -0.1698    -0.2243     0.0092      0.000     -0.537     -0.779         25 3.1538e+02 0.0000e+00
     -0.547    17.8386     9.1405     96.049   1.683333      2.190      5.972   161.5249    -0.1819    -0.1974     0.0092     -0.000     -0.537     -0.779         26 3.6055e+02 0.0000e+00
     -0.548    17.8393     9.1392     96.026   2.098485      2.093      5.970   307.5782    -0.1860    -0.1706     0.0092     -0.000     -0.537     -0.779         27 4.3532e+02 0.0000e+00
     -0.547    17.8374     9.1420     96.048   1.305929      2.093      5.971   159.8971    -0.1779    -0.1437     0.0092     -0.000     -0.537     -0.779         28 5.3398e+02 0.0000e+00
     -0.548    17.8178     9.1470     96.095   2.521612      2.027      5.977   200.6693    -0.1981    -0.2512     0.0092     -0.000     -0.535     -0.777         29 5.7200e+02 0.0000e+00
     -0.543    17.7901     9.1445     96.084   6.567401      8.737      6.071   408.9599    -0.1779    -0.1706     0.0112      0.001     -0.530     -0.768         30 5.8513e+02 0.0000e+00
     -0.527    17.7728     9.1426     96.088   3.585252      3.429      6.142   344.3376    -0.1819    -0.1706     0.0095      0.006     -0.520     -0.754         31 6.1733e+02 0.0000e+00
     -0.524    17.7625     9.1468     96.144   7.002568      8.192      6.119   239.2459    -0.1941    -0.2377     0.0110      0.011     -0.511     -0.741         32 6.2723e+02 0.0000e+00
     -0.513    17.7559     9.1493     96.167  15.051074     18.017      6.189   312.2347    -0.1819    -0.1840     0.0146      0.016     -0.492     -0.713         33 6.4793e+02 0.0000e+00
     -0.466    17.7510     9.1495     96.155  21.385208     24.258      6.532   315.4904    -0.2224    -0.1437     0.0171      0.032     -0.449     -0.650         34 6.7344e+02 0.0000e+00
     -0.390    17.7454     9.1498     96.142  32.459317     38.701      7.053   147.4420    -0.1698    -0.2512     0.0230      0.063     -0.392     -0.568         35 6.7971e+02 0.0000e+00
     -0.343    17.7397     9.1636     96.269  37.614503     43.640      7.267   153.1585    -0.1981    -0.2109     0.0251      0.095     -0.352     -0.511         36 6.8351e+02 0.0000e+00
     -0.343    17.7351     9.1904     96.529  37.860260     44.562      7.319   145.2463    -0.1860    -0.3183     0.0255      0.114     -0.345     -0.501         37 6.8094e+02 0.0000e+00
     -0.368    17.7307     9.2310     96.933  37.462340     43.652      7.337   142.2177    -0.1860     0.0845     0.0251      0.114     -0.360     -0.521         38 6.8415e+02 0.0000e+00
     -0.386    17.7288     9.2699     97.330  36.419035     42.709      7.339   146.1549    -0.1900     0.0308     0.0247      0.098     -0.376     -0.545         39 6.7621e+02 0.0000e+00
     -0.398    17.7364     9.3228     97.876  36.281557     42.353      7.363   139.7192    -0.1860     0.1114     0.0246      0.074     -0.385     -0.558         40 6.6196e+02 0.0000e+00
     -0.393    17.7481     9.3854     98.521  36.684306     42.977      7.386   136.8799    -0.1617    -0.0095     0.0248      0.044     -0.378     -0.548         41 6.6177e+02 0.0000e+00
     -0.363    17.7541     9.4370     99.043  36.718635     42.969      7.422   147.1013    -0.1738    -0.4391     0.0248      0.017     -0.355     -0.514         42 6.5314e+02 0.0000e+00
     -0.330    17.7524     9.4909     99.598  36.416787     42.532      7.419   150.5463    -0.1941    -0.4257     0.0246      0.003     -0.323     -0.468         43 6.5660e+02 0.0000e+00
     -0.296    17.7453     9.5444    100.151  35.665947     41.840      7.371   144.6406    -0.1779    -0.4257     0.0244      0.015     -0.288     -0.417         44 6.7132e+02 0.0000e+00
     -0.256    17.7368     9.5831    100.524  36.674280     42.560      7.351   141.5363    -0.1698    -0.3989     0.0247      0.047     -0.246     -0.356         45 7.0120e+02 0.0000e+00
     -0.199    17.7277     9.6084    100.708  39.670529     46.785      7.336   147.1392     0.3559    24.7517     0.0265      0.087     -0.193     -0.280         46 7.2697e+02 0.0000e+00
     -0.136    17.7166     9.5883    100.384  39.530590     46.010      7.309   147.2149     0.3518    24.7920     0.0261      0.127     -0.134     -0.194         47 6.9775e+02 0.0000e+00
     -0.076    17.7063     9.4457     98.786  38.746696     45.463      7.304   143.1642     0.3154    24.8054     0.0259      0.161     -0.076     -0.109         48 6.6107e+02 0.0000e+00
     -0.020    17.7000     9.1147     95.245  38.866244     45.410      7.304   142.9370     0.3559    24.8591     0.0259      0.186     -0.020     -0.028         49 5.7550e+02 0.0000e+00
      0.036    17.6958     8.6658     90.500  38.788550     45.453      7.288   151.3035     0.3154    24.8457     0.0259      0.202      0.035      0.050         50 3.9346e+02 0.0000e+00
      0.091    17.6894     8.1453     85.032  38.813728     45.427      7.272   154.2564     1.6134     4.6903     0.0259      0.214      0.086      0.124         51 2.7328e+02 0.0000e+00
      0.137    17.6805     7.6246     79.576  38.686602     45.301      7.241   158.5721     1.6134     4.5292     0.0258      0.219      0.127      0.184         52 2.5922e+02 0.0000e+00
      0.158    17.6749     7.1447     74.555  38.739118     45.373      7.220   157.0578     1.6175     4.6098     0.0258      0.211      0.153      0.222         53 2.4671e+02 0.0000e+00
      0.174    17.6705     6.7508     70.438  38.689048     45.317      7.212   156.1492     1.6256     4.6769     0.0258      0.190      0.169      0.245         54 2.2504e+02 0.0000e+00
      0.184    17.6544     6.4399     67.197  38.570940     45.192      7.207   153.8021     2.3130     4.7440     0.0258      0.163      0.178      0.257         55 2.2030e+02 0.0000e+00
      0.185    17.6156     6.2647     65.367  37.936904     44.476      7.194   154.9378     2.3211     4.8380     0.0254      0.131      0.178      0.257         56 2.2969e+02 0.0000e+00
      0.172    17.5614     6.1764     64.442  36.304320     42.560      7.176   155.3164     2.2847     4.8246     0.0246      0.094      0.168      0.244         57 2.4786e+02 0.0000e+00
      0.157    17.5107     6.1284     63.939  34.433384     40.369      7.163   164.0235     2.3413     4.7843     0.0237      0.056      0.158      0.230         58 2.6728e+02 0.0000e+00
      0.157    17.4703     6.0882     63.524  33.414170     39.239      7.150   160.9571     2.5556     4.5829     0.0232      0.024      0.158      0.229         59 2.7680e+02 0.0000e+00
      0.168    17.4414     6.0474     63.105  33.094552     38.924      7.144   162.4714     2.5677     4.5829     0.0230      0.005      0.165      0.239         60 2.6954e+02 0.0000e+00
      0.180    17.4228     5.9818     62.426  32.992523     38.830      7.140   164.7050     2.5758     4.6098     0.0230     -0.001      0.174      0.252         61 2.6287e+02 0.0000e+00
      0.185    17.4106     5.9019     61.595  32.859101     38.724      7.131   163.8721     2.5839     4.6769     0.0229     -0.001      0.180      0.261         62 2.5097e+02 0.0000e+00
      0.186    17.4020     5.8205     60.744  32.815786     38.642      7.113   165.1214     2.3292     4.6098     0.0229      0.002      0.182      0.265         63 2.3541e+02 0.0000e+00
      0.189    17.3983     5.7235     59.733  32.690584     38.588      7.103   163.5692     2.3292     4.7440     0.0229      0.009      0.186      0.270         64 2.3115e+02 0.0000e+00
      0.196    17.3997     5.6459     58.921  32.866648     38.661      7.099   163.3421     2.3292     4.5292     0.0229      0.017      0.191      0.276         65 2.2396e+02 0.0000e+00
      0.198    17.3991     5.5905     58.341  33.249085     39.324      7.093   163.7585     2.3090     4.6232     0.0232      0.021      0.192      0.279         66 2.2159e+02 0.0000e+00
      0.194    17.3956     5.5604     58.025  32.956016     38.762      7.088   173.5636     1.9814     4.5829     0.0229      0.018      0.190      0.276         67 2.3180e+02 0.0000e+00
      0.191    17.3944     5.5636     58.056  32.727235     38.664      7.088   174.0178     2.0016     4.7306     0.0229      0.011      0.188      0.272         68 2.4059e+02 0.0000e+00
      0.190    17.3973     5.5851     58.277  32.614508     38.403      7.080   174.6993     2.0016     4.5560     0.0228      0.006      0.185      0.268         69 2.4915e+02 0.0000e+00
      0.186    17.4029     5.6041     58.469  32.592182     38.471      7.073   175.7593     1.9935     4.4889     0.0228      0.001      0.182      0.263         70 2.5161e+02 0.0000e+00
      0.181    17.4071     5.6250     58.685  32.695710     38.534      7.067   175.9864     1.9733     4.6366     0.0228     -0.003      0.178      0.258         71 2.5493e+02 0.0000e+00
      0.179    17.4088     5.6491     58.934  32.782208     38.660      7.057   177.0464     1.7995     4.6366     0.0229     -0.007      0.177      0.256         72 2.5482e+02 0.0000e+00
      0.182    17.4087     5.6534     58.978  32.929349     38.821      7.048   177.6900     1.8358     4.6098     0.0230     -0.009      0.178      0.258         73 2.4717e+02 0.0000e+00
      0.184    17.4085     5.6571     59.018  32.927756     38.820      7.046   178.0686     1.8116     4.7038     0.0230     -0.008      0.179      0.259         74 2.4622e+02 0.0000e+00
      0.182    17.4077     5.6498     58.939  32.932461     38.820      7.048   178.4850     1.7792     4.5829     0.0230     -0.006      0.178      0.258         75 2.4341e+02 0.0000e+00
      0.178    17.4060     5.6269     58.696  32.982803     38.886      7.051   178.9014     2.0785     4.6232     0.0230     -0.005      0.176      0.255         76 2.5037e+02 0.0000e+00
      0.177    17.4045     5.6129     58.548  32.924416     38.821      7.053   179.1664     2.0623     4.7038     0.0230     -0.004      0.175      0.253         77 2.5384e+02 0.0000e+00
      0.179    17.4026     5.5914     58.322  32.797542     38.658      7.047   179.8479     2.0623     4.5695     0.0229     -0.003      0.175      0.253         78 2.5146e+02 0.0000e+00
      0.177    17.3993     5.5532     57.918  32.755190     38.626      7.041   180.7943     2.0704     4.6903     0.0229     -0.002      0.173      0.251         79 2.5476e+02 0.0000e+00
      0.174    17.3952     5.5205     57.575  32.680581     38.529      7.034   180.7943     2.0663     4.6098     0.0228     -0.003      0.171      0.248         80 2.5342e+02 0.0000e+00
      0.173    17.3922     5.4792     57.145  32.623505     38.466      7.029   181.3243     2.0866     4.6366     0.0228     -0.005      0.170      0.247         81 2.5216e+02 0.0000e+00
      0.175    17.3909     5.4383     56.721  32.618642     38.470      7.028   182.0814     2.0704     4.6366     0.0228     -0.005      0.172      0.250         82 2.5102e+02 0.0000e+00
      0.180    17.3909     5.4066     56.393  32.568017     38.407      7.026   182.3464     2.0380     4.5560     0.0228     -0.002      0.177      0.256         83 2.4462e+02 0.0000e+00
      0.185    17.3907     5.3854     56.173  32.567891     38.408      7.020   182.4600     2.2483     4.5829     0.0228      0.001      0.180      0.261         84 2.4055e+02 0.0000e+00
      0.185    17.3887     5.3700     56.013  32.618800     38.474      7.018   182.8764     2.2604     4.6098     0.0228      0.004      0.181      0.262         85 2.3922e+02 0.0000e+00
