Data/DataNotYetUploadedToEDI/Raw_CTD/RawDownloads/101518_fcr30.cnv
* Sea-Bird SBE19plus  Data File:
* FileName = C:\DATA\101518_fcr_0003.hex
* Software version 2.6.3.104
* Temperature SN = 7809
* Conductivity SN = 7809
* System UpLoad Time = Oct 29 2018 16:37:03
* <ApplicationData>
* <Seaterm232>
# nquan = 17
# nvalues = 583                         
# units = specified
# name 0 = depFM: Depth [fresh water, m]
# name 1 = tv290C: Temperature [ITS-90, deg C]
# name 2 = sbeox0Mg/L: Oxygen, SBE 43 [mg/l]
# name 3 = sbeox0PS: Oxygen, SBE 43 [% saturation]
# name 4 = c0uS/cm: Conductivity [uS/cm]
# name 5 = specc: Specific Conductance [uS/cm]
# name 6 = ph: pH
# name 7 = orp: Oxidation Reduction Potential [mV]
# name 8 = flECO-AFL: Fluorescence, WET Labs ECO-AFL/FL [mg/m^3]
# name 9 = turbWETntu0: Turbidity, WET Labs ECO [NTU]
# name 10 = sal00: Salinity, Practical [PSU]
# name 11 = dz/dtM: Descent Rate [m/s]
# name 12 = prdM: Pressure, Strain Gauge [db]
# name 13 = prdE: Pressure, Strain Gauge [psi]
# name 14 = scan: Scan Count
# name 15 = par/sat/log: PAR/Logarithmic, Satlantic
# name 16 = flag:  0.000e+00
# span 0 =     -0.546,      5.534       
# span 1 =    16.6660,    18.2928       
# span 2 =     4.0394,     9.6459       
# span 3 =     42.284,    100.782       
# span 4 =  -0.300167,  34.120114       
# span 5 =      0.298,     40.191       
# span 6 =      6.012,      7.785       
# span 7 =   180.6807,  1115.9063       
# span 8 =    -0.2062,     3.2713       
# span 9 =    -0.3452,     8.4904       
# span 10 =     0.0092,     0.0236      
# span 11 =     -0.242,      0.277      
# span 12 =     -0.535,      5.427      
# span 13 =     -0.775,      7.871      
# span 14 =          1,        583      
# span 15 = 1.4179e-01, 1.2313e+03      
# span 16 = 0.0000e+00, 0.0000e+00      
# interval = seconds: 0.25
# start_time = Oct 15 2018 15:18:01 [Instrument's time stamp, header]
# bad_flag = -9.990e-29
*END*
[from data line 341]
      2.779    17.1946     5.2581     54.594  31.671246     37.527      6.654   251.4359     1.9410     5.0126     0.0223      0.081      2.726      3.955        342 6.1165e+00 0.0000e+00
      2.807    17.1946     5.2827     54.846  31.726763     37.593      6.657   251.4738     1.9572     5.1334     0.0224      0.079      2.751      3.990        343 5.8449e+00 0.0000e+00
      2.830    17.1946     5.3093     55.126  31.785871     37.659      6.649   251.6631     1.9814     5.0126     0.0224      0.081      2.773      4.022        344 5.6905e+00 0.0000e+00
      2.847    17.1944     5.3362     55.408  31.775606     37.659      6.650   251.5873     2.0138     5.1066     0.0224      0.083      2.793      4.050        345 5.5408e+00 0.0000e+00
      2.866    17.1946     5.3603     55.650  31.739538     37.593      6.653   251.8902     2.0178     5.1066     0.0224      0.086      2.813      4.079        346 5.3673e+00 0.0000e+00
      2.891    17.1916     5.3836     55.880  31.741798     37.626      6.649   252.0795     1.9895     5.0126     0.0224      0.088      2.836      4.114        347 5.1329e+00 0.0000e+00
      2.920    17.1830     5.4002     56.044  31.683835     37.527      6.646   252.2688     2.0097     5.0126     0.0223      0.089      2.861      4.150        348 4.9355e+00 0.0000e+00
      2.943    17.1728     5.4060     56.100  31.604103     37.463      6.644   252.7988     2.0057     5.0663     0.0223      0.090      2.882      4.180        349 4.8202e+00 0.0000e+00
      2.954    17.1664     5.4089     56.127  31.574150     37.405      6.639   252.7988     2.0178     5.0126     0.0223      0.087      2.895      4.198        350 4.7813e+00 0.0000e+00
      2.957    17.1643     5.4140     56.176  31.543197     37.414      6.636   252.4581     2.0097     5.0126     0.0223      0.080      2.901      4.207        351 4.7482e+00 0.0000e+00
      2.961    17.1614     5.4282     56.321  31.524017     37.353      6.641   252.1552     2.0057     5.0395     0.0223      0.071      2.907      4.217        352 4.7194e+00 0.0000e+00
      2.976    17.1587     5.4399     56.442  31.568371     37.454      6.640   252.8366     1.9491     4.7977     0.0223      0.063      2.921      4.237        353 4.5906e+00 0.0000e+00
      3.000    17.1619     5.4561     56.606  31.576959     37.424      6.642   253.0638     1.9167     4.9186     0.0223      0.058      2.942      4.267        354 4.4305e+00 0.0000e+00
      3.024    17.1635     5.4733     56.782  31.602289     37.493      6.641   253.2531     1.9531     4.8515     0.0223      0.055      2.965      4.302        355 4.3241e+00 0.0000e+00
      3.048    17.1567     5.4863     56.915  31.566501     37.423      6.641   253.0638     1.9410     4.8783     0.0223      0.057      2.990      4.337        356 4.1567e+00 0.0000e+00
      3.075    17.1470     5.5059     57.115  31.502886     37.356      6.639   253.5181     2.0421     5.0126     0.0223      0.064      3.015      4.374        357 4.0184e+00 0.0000e+00
      3.102    17.1399     5.5239     57.298  31.444237     37.295      6.638   253.8588     2.0461     5.0797     0.0222      0.076      3.040      4.409        358 3.8957e+00 0.0000e+00
      3.122    17.1356     5.5384     57.448  31.431922     37.271      6.637   253.7831     2.0785     5.1066     0.0222      0.087      3.060      4.438        359 3.8003e+00 0.0000e+00
      3.137    17.1331     5.5473     57.540  31.429257     37.310      6.636   253.6695     2.0623     5.0260     0.0222      0.091      3.077      4.463        360 3.7413e+00 0.0000e+00
      3.154    17.1299     5.5546     57.617  31.328948     37.148      6.640   253.8209     1.9572     4.9723     0.0222      0.090      3.095      4.489        361 3.6220e+00 0.0000e+00
      3.178    17.1278     5.5647     57.721  31.349192     37.217      6.640   253.6316     1.9329     5.1066     0.0222      0.087      3.117      4.521        362 3.4821e+00 0.0000e+00
      3.205    17.1270     5.5727     57.803  31.374413     37.220      6.638   254.3131     1.9410     5.0260     0.0222      0.085      3.142      4.557        363 3.3593e+00 0.0000e+00
      3.230    17.1246     5.5743     57.818  31.356867     37.222      6.638   254.0859     1.9572     5.0395     0.0222      0.085      3.167      4.594        364 3.2382e+00 0.0000e+00
      3.256    17.1227     5.5784     57.861  31.371030     37.222      6.637   254.4266     1.9652     5.1066     0.0222      0.086      3.195      4.633        365 3.0796e+00 0.0000e+00
      3.288    17.1207     5.5815     57.896  31.356790     37.225      6.635   254.8052     1.9410     5.0529     0.0222      0.090      3.225      4.676        366 2.9229e+00 0.0000e+00
      3.321    17.1176     5.5868     57.951  31.315285     37.160      6.632   255.1459     1.9450     4.9857     0.0222      0.098      3.255      4.721        367 2.8321e+00 0.0000e+00
      3.349    17.1151     5.5769     57.848  31.304073     37.162      6.629   255.2216     1.9369     5.0797     0.0222      0.106      3.282      4.761        368 2.7476e+00 0.0000e+00
      3.372    17.1142     5.5526     57.594  31.311440     37.164      6.630   255.2974     1.9410     5.1200     0.0222      0.110      3.307      4.796        369 2.6915e+00 0.0000e+00
      3.394    17.1142     5.5590     57.656  31.306120     37.167      6.632   255.4109     1.8803     5.0663     0.0222      0.109      3.328      4.827        370 2.6382e+00 0.0000e+00
      3.415    17.1149     5.5526     57.588  31.310695     37.167      6.632   255.3352     1.8601     5.0797     0.0222      0.107      3.347      4.854        371 2.5888e+00 0.0000e+00
      3.429    17.1150     5.5657     57.724  31.305746     37.167      6.631   255.3731     1.8318     5.0260     0.0222      0.101      3.360      4.872        372 2.5735e+00 0.0000e+00
      3.432    17.1139     5.5627     57.691  31.312280     37.167      6.631   254.9566     1.8722     5.0395     0.0222      0.089      3.365      4.881        373 2.5628e+00 0.0000e+00
      3.434    17.1127     5.5698     57.762  31.302564     37.167      6.632   255.2216     1.7752     4.7843     0.0222      0.073      3.366      4.883        374 2.5808e+00 0.0000e+00
      3.434    17.1130     5.5726     57.787  31.258533     37.101      6.632   254.9945     1.7954     4.8112     0.0221      0.056      3.366      4.883        375 2.5731e+00 0.0000e+00
      3.430    17.1148     5.5862     57.926  31.248467     37.102      6.635   255.1838     1.7792     4.8112     0.0221      0.040      3.366      4.881        376 2.5634e+00 0.0000e+00
      3.432    17.1154     5.5949     58.014  31.315090     37.168      6.638   255.1081     1.7954     4.7038     0.0222      0.025      3.367      4.883        377 2.5525e+00 0.0000e+00
      3.436    17.1149     5.5883     57.947  31.353534     37.233      6.640   254.8431     1.6822     4.7843     0.0222      0.014      3.373      4.892        378 2.4794e+00 0.0000e+00
      3.450    17.1129     5.5944     58.009  31.319234     37.166      6.644   255.4866     1.6539     4.8783     0.0222      0.010      3.386      4.911        379 2.3577e+00 0.0000e+00
      3.474    17.1100     5.6012     58.077  31.239168     37.100      6.647   255.2216     1.6984     4.7306     0.0221      0.015      3.406      4.940        380 2.2766e+00 0.0000e+00
      3.494    17.1088     5.6109     58.163  31.215957     37.036      6.646   255.5245     1.6701     4.8112     0.0221      0.026      3.426      4.970        381 2.2485e+00 0.0000e+00
      3.514    17.1085     5.6121     58.161  31.229510     37.105      6.646   255.7895     1.7914     4.8917     0.0221      0.040      3.447      5.000        382 2.1498e+00 0.0000e+00
      3.540    17.1072     5.6177     58.209  31.281607     37.106      6.640   255.8274     1.8116     4.8380     0.0221      0.055      3.471      5.035        383 2.0522e+00 0.0000e+00
      3.565    17.1048     5.6247     58.276  31.329040     37.239      6.641   256.3952     1.7995     4.8783     0.0222      0.069      3.496      5.071        384 1.9798e+00 0.0000e+00
      3.591    17.1018     5.6415     58.447  31.229787     37.041      6.633   256.1302     1.7954     4.7306     0.0221      0.081      3.521      5.108        385 1.8981e+00 0.0000e+00
      3.617    17.0992     5.6599     58.635  31.227212     37.109      6.631   256.5466     1.8237     5.1200     0.0221      0.090      3.546      5.143        386 1.8628e+00 0.0000e+00
      3.640    17.0984     5.6856     58.894  31.272940     37.112      6.630   256.5466     1.8197     5.0663     0.0221      0.094      3.569      5.176        387 1.7952e+00 0.0000e+00
      3.661    17.0982     5.7168     59.212  31.232184     37.114      6.629   256.6602     1.8278     4.9589     0.0221      0.094      3.589      5.206        388 1.7291e+00 0.0000e+00
      3.680    17.0983     5.7368     59.420  31.218628     37.049      6.630   256.6602     1.8116     4.9992     0.0221      0.094      3.610      5.236        389 1.6974e+00 0.0000e+00
      3.702    17.0955     5.7609     59.666  31.230507     37.115      6.630   257.0009     1.7833     5.0126     0.0221      0.093      3.632      5.268        390 1.6259e+00 0.0000e+00
      3.730    17.0845     5.7802     59.861  31.158098     36.982      6.628   257.0388     1.8803     4.8246     0.0221      0.091      3.657      5.303        391 1.5697e+00 0.0000e+00
      3.754    17.0722     5.7926     59.975  31.071525     36.918      6.629   257.6445     1.8601     4.8783     0.0220      0.090      3.679      5.335        392 1.5304e+00 0.0000e+00
      3.769    17.0643     5.8002     60.034  31.041728     36.862      6.634   257.4931     1.8925     4.7843     0.0220      0.088      3.695      5.359        393 1.5068e+00 0.0000e+00
      3.780    17.0593     5.8057     60.078  31.017272     36.872      6.632   256.9631     1.8561     4.8112     0.0220      0.084      3.707      5.376        394 1.4848e+00 0.0000e+00
      3.790    17.0571     5.8114     60.127  30.983357     36.813      6.636   257.4174     1.8278     4.8380     0.0220      0.078      3.718      5.392        395 1.4548e+00 0.0000e+00
      3.803    17.0545     5.8207     60.218  30.935679     36.784      6.637   257.3795     1.8278     4.8783     0.0220      0.071      3.729      5.409        396 1.4191e+00 0.0000e+00
      3.815    17.0488     5.8279     60.287  30.898699     36.719      6.639   257.4552     1.8075     4.8649     0.0220      0.064      3.742      5.427        397 1.3867e+00 0.0000e+00
      3.829    17.0452     5.8320     60.327  30.821819     36.655      6.644   257.4931     1.8075     4.7843     0.0219      0.057      3.757      5.448        398 1.3537e+00 0.0000e+00
      3.848    17.0449     5.8378     60.383  30.853447     36.660      6.642   257.2659     1.8237     4.8783     0.0219      0.053      3.775      5.474        399 1.3472e+00 0.0000e+00
      3.870    17.0428     5.8376     60.369  30.948295     36.830      6.643   257.6066     1.8237     4.9186     0.0220      0.054      3.795      5.504        400 1.3286e+00 0.0000e+00
      3.890    17.0387     5.8343     60.322  30.911344     36.730      6.641   257.8338     1.8480     4.7977     0.0220      0.058      3.815      5.533        401 1.2294e+00 0.0000e+00
      3.910    17.0268     5.8182     60.150  30.869782     36.732      6.641   257.7581     1.8075     4.9320     0.0220      0.065      3.835      5.563        402 1.1654e+00 0.0000e+00
      3.933    17.0109     5.8003     59.965  30.792462     36.602      6.639   258.2502     1.8278     4.9186     0.0219      0.071      3.855      5.592        403 1.1600e+00 0.0000e+00
      3.952    17.0003     5.7764     59.729  30.711056     36.546      6.639   258.0988     1.8197     4.7306     0.0219      0.076      3.875      5.620        404 1.1185e+00 0.0000e+00
      3.969    16.9929     5.7583     59.553  30.852488     36.693      6.639   258.0988     1.8237     4.7575     0.0219      0.078      3.893      5.647        405 1.0716e+00 0.0000e+00
      3.988    16.9878     5.7315     59.280  30.942625     36.869      6.640   257.9852     1.8116     4.8649     0.0220      0.079      3.911      5.672        406 1.0783e+00 0.0000e+00
      4.005    16.9842     5.7214     59.169  30.865751     36.709      6.639   258.0231     2.0663     4.5963     0.0219      0.077      3.928      5.697        407 1.0763e+00 0.0000e+00
      4.023    16.9825     5.7071     59.007  31.007463     36.946      6.643   258.0231     2.0906     4.6098     0.0220      0.075      3.945      5.722        408 1.0539e+00 0.0000e+00
      4.041    16.9792     5.6994     58.916  31.003482     36.916      6.645   258.4774     2.0663     4.6098     0.0220      0.073      3.962      5.747        409 9.7542e-01 0.0000e+00
      4.057    16.9692     5.6941     58.855  30.900358     36.785      6.644   258.2124     2.0542     4.6232     0.0220      0.071      3.978      5.770        410 9.4220e-01 0.0000e+00
      4.072    16.9596     5.6947     58.859  31.076497     37.020      6.645   258.4017     2.0421     4.5292     0.0221      0.069      3.992      5.791        411 9.5783e-01 0.0000e+00
      4.085    16.9548     5.6866     58.774  31.140103     37.096      6.648   258.3259     1.8601     4.7306     0.0221      0.066      4.006      5.810        412 9.1019e-01 0.0000e+00
      4.099    16.9552     5.6859     58.757  31.088071     37.038      6.649   258.5909     1.8439     4.9186     0.0221      0.064      4.019      5.829        413 8.9045e-01 0.0000e+00
      4.111    16.9635     5.6800     58.679  31.081951     37.042      6.647   258.7424     1.8965     4.8783     0.0221      0.061      4.030      5.846        414 8.9320e-01 0.0000e+00
      4.120    16.9734     5.6722     58.584  31.118071     37.075      6.647   258.7045     1.8803     4.8917     0.0221      0.057      4.040      5.860        415 8.5351e-01 0.0000e+00
      4.129    16.9761     5.6676     58.523  31.132076     37.101      6.648   258.6667     1.8035     4.5963     0.0221      0.052      4.049      5.873        416 8.5054e-01 0.0000e+00
      4.138    16.9706     5.6587     58.422  31.094172     37.026      6.648   258.2881     1.8075     4.5560     0.0221      0.048      4.058      5.886        417 8.5787e-01 0.0000e+00
      4.148    16.9604     5.6519     58.346  31.194891     37.156      6.649   258.6288     1.8278     4.5963     0.0221      0.044      4.068      5.900        418 8.4159e-01 0.0000e+00
      4.160    16.9504     5.6528     58.352  31.303251     37.294      6.651   259.1209     1.8075     4.6769     0.0222      0.042      4.080      5.918        419 8.4455e-01 0.0000e+00
      4.175    16.9453     5.6565     58.389  31.255843     37.237      6.651   259.3859     1.8035     4.8917     0.0221      0.041      4.093      5.937        420 8.0803e-01 0.0000e+00
      4.185    16.9438     5.6551     58.373  31.253895     37.246      6.648   258.8181     1.8075     4.7440     0.0221      0.041      4.104      5.952        421 8.0099e-01 0.0000e+00
      4.193    16.9421     5.6655     58.479  31.305680     37.317      6.648   259.0074     1.7995     4.7843     0.0222      0.042      4.115      5.969        422 8.0999e-01 0.0000e+00
      4.213    16.9343     5.6674     58.499  31.250703     37.252      6.650   259.0452     1.8278     4.9186     0.0221      0.045      4.132      5.993        423 7.6772e-01 0.0000e+00
      4.234    16.9211     5.6727     58.554  31.322311     37.320      6.653   259.3859     1.8520     4.8380     0.0222      0.050      4.153      6.022        424 7.2490e-01 0.0000e+00
      4.257    16.9087     5.6773     58.601  31.424132     37.493      6.648   259.6131     1.8682     4.7709     0.0222      0.056      4.173      6.052        425 7.0392e-01 0.0000e+00
