Data/DataNotYetUploadedToEDI/Raw_CTD/RawDownloads/101518_fcr20.cnv
* Sea-Bird SBE19plus  Data File:
* FileName = C:\DATA\101518_fcr_0002.hex
* Software version 2.6.3.104
* Temperature SN = 7809
* Conductivity SN = 7809
* System UpLoad Time = Oct 29 2018 16:36:43
* <ApplicationData>
* <Seaterm232>
# nquan = 17
# nvalues = 385                         
# units = specified
# name 0 = depFM: Depth [fresh water, m]
# name 1 = tv290C: Temperature [ITS-90, deg C]
# name 2 = sbeox0Mg/L: Oxygen, SBE 43 [mg/l]
# name 3 = sbeox0PS: Oxygen, SBE 43 [% saturation]
# name 4 = c0uS/cm: Conductivity [uS/cm]
# name 5 = specc: Specific Conductance [uS/cm]
# name 6 = ph: pH
# name 7 = orp: Oxidation Reduction Potential [mV]
# name 8 = flECO-AFL: Fluorescence, WET Labs ECO-AFL/FL [mg/m^3]
# name 9 = turbWETntu0: Turbidity, WET Labs ECO [NTU]
# name 10 = sal00: Salinity, Practical [PSU]
# name 11 = dz/dtM: Descent Rate [m/s]
# name 12 = prdM: Pressure, Strain Gauge [db]
# name 13 = prdE: Pressure, Strain Gauge [psi]
# name 14 = scan: Scan Count
# name 15 = par/sat/log: PAR/Logarithmic, Satlantic
# name 16 = flag:  0.000e+00
# span 0 =     -0.548,      3.086       
# span 1 =    16.4117,    17.8393       
# span 2 =     3.8519,     9.6084       
# span 3 =     40.251,    100.708       
# span 4 =   1.305929,  39.670529       
# span 5 =      1.702,     46.785       
# span 6 =      5.903,      7.422       
# span 7 =   136.8799,   408.9599       
# span 8 =    -0.2224,     2.8063       
# span 9 =    -0.4391,    24.8591       
# span 10 =     0.0091,     0.0265      
# span 11 =     -0.235,      0.219      
# span 12 =     -0.537,      3.026      
# span 13 =     -0.779,      4.389      
# span 14 =          1,        385      
# span 15 = 4.1413e+00, 7.2697e+02      
# span 16 = 0.0000e+00, 0.0000e+00      
# interval = seconds: 0.25
# start_time = Oct 15 2018 14:53:50 [Instrument's time stamp, header]
# bad_flag = -9.990e-29
*END*
[from data line 86]
      0.182    17.3842     5.3684     55.999  32.562318     38.410      7.011   183.3686     2.2806     4.6098     0.0228      0.005      0.179      0.259         87 2.4372e+02 0.0000e+00
      0.182    17.3819     5.3672     55.989  32.516740     38.346      7.006   184.4286     2.4950     4.5426     0.0228      0.005      0.178      0.258         88 2.4739e+02 0.0000e+00
      0.181    17.3785     5.3548     55.863  32.502076     38.348      7.002   184.7693     2.4950     4.6500     0.0228      0.004      0.177      0.257         89 2.5007e+02 0.0000e+00
      0.180    17.3763     5.3314     55.621  32.461953     38.284      6.998   185.1479     2.5273     4.5426     0.0227      0.001      0.177      0.257         90 2.5150e+02 0.0000e+00
      0.181    17.3767     5.2999     55.297  32.448057     38.287      6.993   185.7536     2.5314     4.6769     0.0227     -0.001      0.178      0.258         91 2.5570e+02 0.0000e+00
      0.182    17.3788     5.2723     55.015  32.460062     38.289      6.986   186.4729     2.5111     4.5292     0.0227     -0.002      0.178      0.258         92 2.5437e+02 0.0000e+00
      0.181    17.3809     5.2510     54.799  32.447015     38.289      6.980   186.5864     2.4464     4.6635     0.0227     -0.001      0.177      0.257         93 2.4923e+02 0.0000e+00
      0.180    17.3821     5.2400     54.689  32.464293     38.287      6.976   186.5864     2.4424     4.5695     0.0227     -0.001      0.176      0.255         94 2.5047e+02 0.0000e+00
      0.178    17.3830     5.2371     54.663  32.497866     38.351      6.975   187.1164     2.4626     4.6232     0.0228     -0.001      0.174      0.253         95 2.5094e+02 0.0000e+00
      0.176    17.3839     5.2358     54.653  32.464542     38.284      6.973   187.2679     2.4464     4.6635     0.0227     -0.002      0.173      0.251         96 2.5179e+02 0.0000e+00
      0.175    17.3852     5.2401     54.699  32.446456     38.283      6.968   187.3436     2.3979     4.5426     0.0227     -0.003      0.172      0.249         97 2.5386e+02 0.0000e+00
      0.173    17.3873     5.2450     54.752  32.401757     38.216      6.965   187.9493     2.4060     4.5158     0.0227     -0.004      0.170      0.247         98 2.5524e+02 0.0000e+00
      0.172    17.3896     5.2260     54.555  32.401553     38.215      6.963   188.4036     2.3575     4.6769     0.0227     -0.005      0.170      0.246         99 2.5629e+02 0.0000e+00
      0.173    17.3924     5.2048     54.337  32.446709     38.279      6.955   188.6307     2.4100     4.7306     0.0227     -0.005      0.170      0.247        100 2.5376e+02 0.0000e+00
      0.174    17.3962     5.1720     53.996  32.404869     38.211      6.952   189.1229     2.0704     4.5695     0.0227     -0.004      0.170      0.247        101 2.5449e+02 0.0000e+00
      0.174    17.4012     5.1296     53.556  32.394315     38.209      6.950   189.8043     2.0704     4.6635     0.0227     -0.003      0.170      0.246        102 2.5701e+02 0.0000e+00
      0.172    17.4069     5.0899     53.144  32.459843     38.271      6.948   189.9936     2.0704     4.6098     0.0227     -0.002      0.170      0.246        103 2.5664e+02 0.0000e+00
      0.172    17.4115     5.0458     52.687  32.501241     38.332      6.940   190.5993     2.0744     4.6232     0.0228     -0.001      0.170      0.246        104 2.5553e+02 0.0000e+00
      0.175    17.4149     5.0030     52.243  32.461409     38.261      6.940   190.7886     2.1917     4.7172     0.0227     -0.000      0.171      0.249        105 2.5337e+02 0.0000e+00
      0.177    17.4173     4.9718     51.919  32.450103     38.257      6.936   191.3186     2.2159     4.6098     0.0227      0.001      0.173      0.251        106 2.5303e+02 0.0000e+00
      0.177    17.4192     4.9439     51.629  32.456000     38.254      6.935   191.6972     2.2200     4.6098     0.0227      0.002      0.173      0.251        107 2.5438e+02 0.0000e+00
      0.175    17.4206     4.9150     51.328  32.454069     38.252      6.932   191.9243     2.1957     4.5963     0.0227      0.002      0.172      0.250        108 2.5634e+02 0.0000e+00
      0.174    17.4223     4.8889     51.057  32.511812     38.316      6.928   192.5679     2.1553     4.5292     0.0228      0.001      0.171      0.248        109 2.5873e+02 0.0000e+00
      0.173    17.4245     4.8577     50.732  32.502754     38.315      6.926   193.0222     2.1351     4.5963     0.0227      0.001      0.171      0.248        110 2.5714e+02 0.0000e+00
      0.175    17.4266     4.8293     50.437  32.524650     38.313      6.922   193.4386     2.1310     4.5292     0.0227      0.001      0.172      0.249        111 2.5648e+02 0.0000e+00
      0.176    17.4288     4.8075     50.211  32.543870     38.377      6.919   193.9308     2.1270     4.6366     0.0228      0.001      0.173      0.251        112 2.5525e+02 0.0000e+00
      0.177    17.4312     4.7757     49.879  32.478832     38.244      6.914   193.9686     2.0987     4.5560     0.0227      0.000      0.174      0.252        113 2.5320e+02 0.0000e+00
      0.178    17.4338     4.7477     49.587  32.486971     38.307      6.911   194.4986     2.0097     4.6098     0.0227      0.001      0.175      0.253        114 2.5202e+02 0.0000e+00
      0.180    17.4361     4.7193     49.292  32.533742     38.305      6.906   194.5365     1.9572     4.7038     0.0227      0.002      0.177      0.256        115 2.5017e+02 0.0000e+00
      0.181    17.4378     4.6963     49.053  32.598549     38.435      6.903   195.2936     1.9774     4.5829     0.0228      0.003      0.177      0.257        116 2.5122e+02 0.0000e+00
      0.180    17.4392     4.6706     48.784  32.524934     38.301      6.901   195.1800     2.0097     4.6232     0.0227      0.004      0.177      0.256        117 2.5079e+02 0.0000e+00
      0.180    17.4405     4.6402     48.468  32.506739     38.299      6.893   195.7479     1.9127     4.6366     0.0227      0.004      0.177      0.256        118 2.5064e+02 0.0000e+00
      0.181    17.4417     4.6182     48.239  32.561885     38.364      6.886   196.0508     1.9329     4.5829     0.0228      0.003      0.177      0.257        119 2.5019e+02 0.0000e+00
      0.182    17.4428     4.5880     47.925  32.515613     38.297      6.884   196.3536     1.9127     4.6098     0.0227      0.002      0.177      0.258        120 2.5079e+02 0.0000e+00
      0.181    17.4439     4.5675     47.711  32.564323     38.362      6.880   196.4293     1.9652     4.5963     0.0228      0.002      0.177      0.257        121 2.5185e+02 0.0000e+00
      0.180    17.4450     4.5355     47.378  32.619881     38.427      6.881   197.0350     1.9450     4.3412     0.0228      0.001      0.176      0.256        122 2.5298e+02 0.0000e+00
      0.179    17.4459     4.5121     47.134  32.565087     38.360      6.876   196.9972     1.9248     4.3278     0.0228     -0.000      0.176      0.255        123 2.5246e+02 0.0000e+00
      0.179    17.4468     4.4847     46.849  32.513897     38.293      6.873   197.3379     1.9369     4.4083     0.0227     -0.001      0.176      0.255        124 2.5249e+02 0.0000e+00
      0.180    17.4477     4.4582     46.573  32.564970     38.358      6.875   198.2465     1.9167     4.3546     0.0228     -0.001      0.175      0.254        125 2.5722e+02 0.0000e+00
      0.176    17.4486     4.4338     46.318  32.620144     38.423      6.872   198.2465     1.9329     4.6366     0.0228     -0.002      0.173      0.251        126 2.6196e+02 0.0000e+00
      0.173    17.4494     4.4083     46.053  32.623158     38.422      6.871   198.5493     1.9288     4.6098     0.0228     -0.003      0.172      0.248        127 2.6389e+02 0.0000e+00
      0.174    17.4503     4.3835     45.794  32.620527     38.421      6.864   198.8522     1.9369     4.6366     0.0228     -0.004      0.172      0.249        128 2.5921e+02 0.0000e+00
      0.179    17.4510     4.3704     45.658  32.623417     38.421      6.853   197.6786     1.9208     4.5023     0.0228     -0.003      0.175      0.253        129 2.5481e+02 0.0000e+00
      0.180    17.4519     4.3443     45.387  32.619559     38.420      6.845   197.3758     1.9935     4.6098     0.0228     -0.001      0.176      0.255        130 2.5591e+02 0.0000e+00
      0.179    17.4525     4.3320     45.259  32.625327     38.419      6.843   199.6472     2.0259     4.5963     0.0228     -0.000      0.175      0.254        131 2.5833e+02 0.0000e+00
      0.178    17.4532     4.3191     45.125  32.675549     38.484      6.838   199.6851     1.9895     4.6635     0.0228      0.000      0.175      0.254        132 2.5578e+02 0.0000e+00
      0.179    17.4541     4.3019     44.945  32.675676     38.484      6.833   200.0636     2.0097     4.6635     0.0228      0.001      0.176      0.255        133 2.5422e+02 0.0000e+00
      0.180    17.4549     4.2862     44.781  32.684476     38.483      6.829   200.2151     1.9895     4.5963     0.0228      0.003      0.177      0.256        134 2.5529e+02 0.0000e+00
      0.182    17.4556     4.2717     44.629  32.664597     38.482      6.828   200.4422     2.2604     4.5158     0.0228      0.003      0.179      0.259        135 2.5078e+02 0.0000e+00
      0.186    17.4564     4.2547     44.451  32.581798     38.350      6.826   201.0479     2.2240     4.6366     0.0228      0.004      0.182      0.264        136 2.4780e+02 0.0000e+00
      0.188    17.4573     4.2306     44.201  32.609593     38.415      6.822   201.3886     2.2685     4.6098     0.0228      0.004      0.184      0.267        137 2.4533e+02 0.0000e+00
      0.189    17.4578     4.2149     44.037  32.570699     38.348      6.822   200.3286     2.2564     4.6366     0.0228      0.005      0.187      0.270        138 2.4094e+02 0.0000e+00
      0.194    17.4586     4.1910     43.789  32.570892     38.348      6.820   200.7829     2.2928     4.5963     0.0228      0.008      0.189      0.274        139 2.3860e+02 0.0000e+00
      0.195    17.4597     4.1703     43.573  32.668660     38.479      6.822   201.5779     2.2645     4.6098     0.0228      0.009      0.191      0.277        140 2.3836e+02 0.0000e+00
      0.195    17.4606     4.1525     43.387  32.626954     38.412      6.823   202.3729     2.2766     4.5292     0.0228      0.009      0.192      0.278        141 2.4214e+02 0.0000e+00
      0.197    17.4612     4.1348     43.204  32.563486     38.345      6.823   202.5243     2.2604     4.5963     0.0228      0.008      0.193      0.280        142 2.4635e+02 0.0000e+00
      0.198    17.4614     4.1173     43.022  32.629026     38.410      6.826   203.1301     2.1755     4.6769     0.0228      0.008      0.193      0.281        143 2.4613e+02 0.0000e+00
      0.197    17.4610     4.1030     42.873  32.723315     38.541      6.826   203.5844     2.1917     4.7038     0.0229      0.006      0.192      0.279        144 2.4431e+02 0.0000e+00
      0.194    17.4606     4.0970     42.811  32.801996     38.607      6.828   203.6601     2.2119     4.6903     0.0229      0.004      0.191      0.276        145 2.4527e+02 0.0000e+00
      0.193    17.4612     4.0767     42.600  32.857305     38.706      6.833   203.5844     2.1796     4.6232     0.0229      0.001      0.190      0.276        146 2.4522e+02 0.0000e+00
      0.196    17.4624     4.0611     42.437  32.802754     38.608      6.831   203.7358     1.9895     4.3009     0.0229     -0.000      0.192      0.278        147 2.4285e+02 0.0000e+00
      0.199    17.4631     4.0489     42.311  32.780921     38.607      6.831   204.1522     1.9774     4.4352     0.0229      0.000      0.193      0.281        148 2.4158e+02 0.0000e+00
      0.198    17.4633     4.0360     42.175  32.884477     38.705      6.831   204.2279     2.0259     4.4352     0.0229      0.001      0.193      0.281        149 2.4249e+02 0.0000e+00
      0.196    17.4640     4.0231     42.040  32.911117     38.770      6.833   205.0608     2.0178     4.5023     0.0230      0.000      0.192      0.279        150 2.4301e+02 0.0000e+00
      0.195    17.4654     4.0134     41.941  32.807078     38.605      6.831   205.2122     2.0825     4.5560     0.0229     -0.000      0.191      0.277        151 2.4238e+02 0.0000e+00
      0.195    17.4667     4.0013     41.820  32.806369     38.638      6.825   205.4015     2.0785     4.5829     0.0229      0.000      0.191      0.277        152 2.4203e+02 0.0000e+00
      0.195    17.4676     3.9916     41.725  32.793379     38.604      6.823   204.9851     2.0623     4.5829     0.0229      0.000      0.191      0.277        153 2.4238e+02 0.0000e+00
      0.194    17.4683     3.9861     41.672  32.793590     38.602      6.818   206.2344     2.0866     4.6366     0.0229     -0.001      0.190      0.276        154 2.4256e+02 0.0000e+00
      0.194    17.4689     3.9810     41.622  32.865415     38.700      6.819   206.6508     2.0785     4.5963     0.0229     -0.002      0.190      0.276        155 2.4333e+02 0.0000e+00
      0.194    17.4695     3.9755     41.566  32.881919     38.700      6.816   205.7422     2.1998     4.5829     0.0229     -0.002      0.191      0.278        156 2.4525e+02 0.0000e+00
      0.197    17.4706     3.9717     41.526  32.862014     38.699      6.815   205.1365     2.2079     4.7038     0.0229     -0.001      0.195      0.284        157 2.4388e+02 0.0000e+00
      0.209    17.4713     3.9650     41.457  32.741915     38.534      6.817   205.2879     2.1836     4.6366     0.0229      0.004      0.203      0.295        158 2.3944e+02 0.0000e+00
      0.217    17.4709     3.9584     41.388  32.794145     38.599      6.814   207.1429     2.2079     4.6366     0.0229      0.009      0.208      0.301        159 2.3457e+02 0.0000e+00
      0.209    17.4706     3.9471     41.270  32.974942     38.828      6.806   207.2186     2.2523     4.5560     0.0230      0.010      0.203      0.296        160 2.3487e+02 0.0000e+00
      0.199    17.4730     3.9431     41.227  32.991388     38.829      6.801   208.1651     2.2483     4.6098     0.0230      0.008      0.197      0.287        161 2.3897e+02 0.0000e+00
      0.198    17.4793     3.9299     41.087  32.921951     38.763      6.798   207.9379     2.2645     4.6769     0.0230      0.005      0.194      0.282        162 2.4047e+02 0.0000e+00
      0.198    17.4870     3.9195     40.976  32.942737     38.761      6.798   208.6951     2.2604     4.6500     0.0230      0.002      0.193      0.280        163 2.4572e+02 0.0000e+00
      0.193    17.4925     3.9073     40.849  33.024828     38.887      6.795   209.1872     2.1917     4.5963     0.0230     -0.003      0.189      0.275        164 2.5037e+02 0.0000e+00
      0.188    17.4957     3.9008     40.781  32.997715     38.814      6.790   208.4679     2.1755     4.5426     0.0230     -0.008      0.185      0.269        165 2.5228e+02 0.0000e+00
      0.185    17.4972     3.8910     40.679  32.976474     38.809      6.779   208.3165     2.1796     4.5963     0.0230     -0.014      0.182      0.264        166 2.5362e+02 0.0000e+00
      0.185    17.4975     3.8951     40.721  32.991949     38.806      6.768   209.3387     2.2240     4.5963     0.0230     -0.015      0.182      0.264        167 2.4950e+02 0.0000e+00
      0.186    17.4981     3.8861     40.627  32.978455     38.805      6.769   209.6037     2.1229     4.6098     0.0230     -0.011      0.183      0.265        168 2.4865e+02 0.0000e+00
      0.187    17.4987     3.8696     40.454  32.993267     38.805      6.774   209.6415     2.1229     4.5829     0.0230     -0.007      0.183      0.266        169 2.4494e+02 0.0000e+00
      0.187    17.4986     3.8640     40.396  32.973516     38.804      6.780   210.5122     2.1351     4.6635     0.0230     -0.006      0.184      0.267        170 2.4221e+02 0.0000e+00
