Data/DataNotYetUploadedToEDI/Raw_CTD/RawDownloads/101619_fcr30.cnv
* Sea-Bird SBE19plus  Data File:
* FileName = C:\DATA\101619_fcr50_0003.hex
* Software version 2.8.0.119 SB_Terminal.dll
* Temperature SN = 7809
* Conductivity SN = 7809
* System UpLoad Time = Oct 16 2019 16:53:09
* <ApplicationData>
* <Seaterm232>
# nquan = 16
# nvalues = 614                         
# units = specified
# name 0 = depFM: Depth [fresh water, m]
# name 1 = dz/dtM: Descent Rate [m/s]
# name 2 = sbeox0ML/L: Oxygen, SBE 43 [ml/l]
# name 3 = sbeox0PS: Oxygen, SBE 43 [% saturation]
# name 4 = specc: Specific Conductance [uS/cm]
# name 5 = c0uS/cm: Conductivity [uS/cm]
# name 6 = flECO-AFL: Fluorescence, WET Labs ECO-AFL/FL [mg/m^3]
# name 7 = ph: pH
# name 8 = orp: Oxidation Reduction Potential [mV]
# name 9 = par/sat/log: PAR/Logarithmic, Satlantic
# name 10 = turbWETntu0: Turbidity, WET Labs ECO [NTU]
# name 11 = prdM: Pressure, Strain Gauge [db]
# name 12 = prdE: Pressure, Strain Gauge [psi]
# name 13 = tv290C: Temperature [ITS-90, deg C]
# name 14 = density00: Density [density, kg/m^3]
# name 15 = flag:  0.000e+00
# span 0 =     -0.604,      5.342       
# span 1 =     -0.077,      0.164       
# span 2 =    -0.4874,     6.7015       
# span 3 =     -6.879,     99.448       
# span 4 =     39.786,     99.971       
# span 5 =  33.541348,  82.094930       
# span 6 =    -0.0007,     3.0208       
# span 7 =      6.521,      7.954       
# span 8 =   112.9110,   241.0961       
# span 9 = 1.2363e-01, 4.3965e+02       
# span 10 =     2.2049,    26.1990      
# span 11 =     -0.600,      5.240      
# span 12 =     -0.870,      7.600      
# span 13 =    13.3135,    17.3416      
# span 14 =   998.7341,   999.3872      
# span 15 = 0.0000e+00, 0.0000e+00      
# interval = seconds: 0.25
# start_time = Oct 16 2019 11:49:56 [Instrument's time stamp, header]
# bad_flag = -9.990e-29
*END*
[from data line 362]
      2.246      0.026     4.9040     72.489     40.242  34.038156     2.3589      7.041   236.9945 1.4489e+00     8.7983      2.203      3.195    17.2888   998.7539 0.0000e+00
      2.253      0.026     4.9005     72.413     40.265  34.057299     2.4577      7.043   237.0285 1.4250e+00     8.9055      2.209      3.204    17.2891   998.7538 0.0000e+00
      2.259      0.027     4.8915     72.377     40.295  34.083156     2.6570      7.045   237.0380 1.4181e+00     9.0043      2.215      3.213    17.2893   998.7538 0.0000e+00
      2.266      0.030     4.8803     72.354     40.311  34.096933     2.7741      7.046   237.1087 1.4079e+00     9.0102      2.222      3.223    17.2889   998.7539 0.0000e+00
      2.272      0.033     4.8709     72.333     40.311  34.096947     2.7906      7.047   237.2821 1.3812e+00     8.9765      2.228      3.231    17.2882   998.7541 0.0000e+00
      2.281      0.036     4.8666     72.339     40.295  34.083315     2.7958      7.048   237.3271 1.3528e+00     8.9902      2.236      3.243    17.2878   998.7542 0.0000e+00
      2.291      0.039     4.8645     72.397     40.266  34.059040     2.8536      7.050   237.2225 1.3311e+00     9.1432      2.247      3.259    17.2876   998.7543 0.0000e+00
      2.302      0.044     4.8637     72.461     40.264  34.057311     2.9611      7.050   237.2220 1.3094e+00     9.3838      2.258      3.275    17.2876   998.7544 0.0000e+00
      2.314      0.049     4.8615     72.495     40.270  34.062403     3.0208      7.049   237.3209 1.2749e+00     9.4740      2.270      3.292    17.2881   998.7543 0.0000e+00
      2.326      0.054     4.8603     72.532     40.265  34.057148     3.0202      7.047   237.3861 1.2317e+00     9.4477      2.281      3.309    17.2884   998.7543 0.0000e+00
      2.339      0.058     4.8662     72.591     40.266  34.057239     2.9716      7.045   237.4935 1.1897e+00     9.4589      2.292      3.324    17.2885   998.7543 0.0000e+00
      2.355      0.062     4.8722     72.642     40.274  34.063504     2.8920      7.043   237.6739 1.1543e+00     9.4785      2.308      3.348    17.2883   998.7544 0.0000e+00
      2.374      0.065     4.8725     72.687     40.280  34.069428     2.8558      7.042   237.7601 1.1197e+00     9.4875      2.329      3.378    17.2882   998.7545 0.0000e+00
      2.392      0.066     4.8742     72.719     40.275  34.065389     2.8547      7.040   237.7617 1.0791e+00     9.5030      2.347      3.404    17.2876   998.7547 0.0000e+00
      2.409      0.065     4.8804     72.719     40.290  34.078147     2.7917      7.039   237.7787 1.0397e+00     9.5016      2.363      3.427    17.2866   998.7550 0.0000e+00
      2.426      0.062     4.8828     72.707     40.311  34.096757     2.6755      7.039   237.7939 1.0112e+00     9.5038      2.380      3.451    17.2857   998.7552 0.0000e+00
      2.442      0.057     4.8860     72.693     40.315  34.099997     2.6190      7.040   237.8596 9.8267e-01     9.5295      2.396      3.475    17.2858   998.7553 0.0000e+00
      2.457      0.053     4.8893     72.660     40.336  34.117317     2.6204      7.040   237.8843 9.4868e-01     9.5177      2.411      3.496    17.2874   998.7551 0.0000e+00
      2.469      0.050     4.8881     72.607     40.336  34.115772     2.6497      7.041   237.7485 9.2889e-01     9.3610      2.422      3.512    17.2880   998.7550 0.0000e+00
      2.479      0.049     4.8869     72.548     40.299  34.081312     2.6949      7.041   237.6800 9.1356e-01     9.1421      2.431      3.526    17.2876   998.7552 0.0000e+00
      2.490      0.049     4.8868     72.485     40.303  34.081460     2.7084      7.041   237.8313 8.8734e-01     9.0670      2.441      3.541    17.2876   998.7552 0.0000e+00
      2.503      0.053     4.8848     72.433     40.349  34.117560     2.7169      7.040   238.0285 8.5979e-01     9.0759      2.454      3.560    17.2874   998.7553 0.0000e+00
      2.515      0.059     4.8803     72.397     40.374  34.137000     2.7190      7.039   238.1713 8.3694e-01     9.2498      2.467      3.579    17.2855   998.7557 0.0000e+00
      2.530      0.066     4.8776     72.359     40.361  34.126104     2.6827      7.037   238.2673 8.1061e-01     9.6290      2.479      3.595    17.2816   998.7564 0.0000e+00
      2.548      0.072     4.8729     72.297     40.345  34.112743     2.6588      7.035   238.3285 7.8194e-01     9.8588      2.498      3.622    17.2773   998.7573 0.0000e+00
      2.569      0.077     4.8698     72.202     40.333  34.102373     2.6646      7.033   238.3958 7.5745e-01     9.8651      2.519      3.653    17.2726   998.7582 0.0000e+00
      2.591      0.078     4.8681     72.084     40.290  34.064195     2.6657      7.033   238.3928 7.2234e-01     9.8364      2.540      3.684    17.2703   998.7587 0.0000e+00
      2.615      0.077     4.8659     71.950     40.257  34.031928     2.6211      7.033   238.3778 6.8474e-01     9.7417      2.566      3.721    17.2709   998.7587 0.0000e+00
      2.636      0.072     4.8625     71.835     40.258  34.029563     2.5402      7.034   238.3867 6.6779e-01     9.5719      2.586      3.751    17.2716   998.7587 0.0000e+00
      2.653      0.065     4.8548     71.760     40.268  34.035590     2.4938      7.034   238.3292 6.5397e-01     9.4874      2.602      3.774    17.2723   998.7587 0.0000e+00
      2.667      0.056     4.8478     71.712     40.276  34.041336     2.4855      7.035   238.3706 6.3072e-01     9.4412      2.617      3.795    17.2704   998.7590 0.0000e+00
      2.680      0.048     4.8380     71.725     40.270  34.035565     2.5005      7.036   238.4566 6.1393e-01     9.2756      2.629      3.813    17.2648   998.7601 0.0000e+00
      2.691      0.042     4.8298     71.822     40.262  34.029275     2.5282      7.036   238.4222 6.0037e-01     9.0581      2.640      3.829    17.2595   998.7611 0.0000e+00
      2.700      0.038     4.8266     71.946     40.262  34.028765     2.5429      7.036   238.4716 5.8606e-01     8.9737      2.649      3.842    17.2568   998.7616 0.0000e+00
      2.707      0.036     4.8221     72.075     40.263  34.029390     2.5566      7.036   238.6233 5.8343e-01     8.9763      2.655      3.850    17.2557   998.7618 0.0000e+00
      2.715      0.035     4.8212     72.227     40.272  34.036833     2.5815      7.036   238.6222 5.8847e-01     8.8604      2.662      3.861    17.2552   998.7619 0.0000e+00
      2.724      0.033     4.8309     72.363     40.293  34.055294     2.6005      7.035   238.5440 5.7730e-01     8.6538      2.670      3.873    17.2549   998.7620 0.0000e+00
      2.735      0.031     4.8399     72.450     40.301  34.062209     2.5961      7.034   238.5381 5.5335e-01     8.5437      2.682      3.891    17.2547   998.7621 0.0000e+00
      2.745      0.029     4.8463     72.480     40.294  34.056970     2.5894      7.034   238.5505 5.3897e-01     8.5767      2.693      3.907    17.2546   998.7622 0.0000e+00
      2.752      0.028     4.8591     72.438     40.292  34.055410     2.5542      7.036   238.6078 5.3280e-01     8.8242      2.698      3.914    17.2545   998.7622 0.0000e+00
      2.756      0.029     4.8687     72.343     40.277  34.043351     2.4734      7.037   238.7150 5.3353e-01     9.2083      2.702      3.920    17.2548   998.7622 0.0000e+00
      2.759      0.034     4.8740     72.224     40.272  34.038102     2.4276      7.037   238.8140 5.3686e-01     9.4200      2.705      3.923    17.2555   998.7621 0.0000e+00
      2.764      0.042     4.8772     72.101     40.294  34.055411     2.4261      7.035   238.8581 5.3338e-01     9.4500      2.708      3.926    17.2563   998.7620 0.0000e+00
      2.776      0.054     4.8736     71.999     40.303  34.062230     2.4464      7.033   238.9044 5.2179e-01     9.4406      2.721      3.946    17.2571   998.7619 0.0000e+00
      2.793      0.066     4.8660     71.933     40.298  34.057086     2.4816      7.031   239.0296 4.9314e-01     9.4374      2.739      3.973    17.2573   998.7619 0.0000e+00
      2.813      0.075     4.8584     71.917     40.298  34.056670     2.4961      7.028   239.1673 4.4599e-01     9.4442      2.758      4.001    17.2562   998.7622 0.0000e+00
      2.836      0.078     4.8489     71.939     40.299  34.057200     2.5006      7.025   239.2789 4.1209e-01     9.4244      2.780      4.032    17.2551   998.7625 0.0000e+00
      2.862      0.076     4.8422     71.954     40.308  34.063490     2.5702      7.023   239.3466 4.0369e-01     9.2302      2.807      4.071    17.2543   998.7628 0.0000e+00
      2.885      0.069     4.8374     71.951     40.315  34.069260     2.7052      7.023   239.2978 3.9247e-01     8.8659      2.832      4.109    17.2533   998.7631 0.0000e+00
      2.902      0.059     4.8361     71.936     40.309  34.063505     2.7888      7.023   239.2053 3.7110e-01     8.6248      2.847      4.129    17.2518   998.7634 0.0000e+00
      2.913      0.049     4.8400     71.896     40.301  34.057368     2.8005      7.023   239.2603 3.5813e-01     8.5438      2.857      4.144    17.2503   998.7637 0.0000e+00
      2.921      0.040     4.8407     71.865     40.302  34.058527     2.7946      7.024   239.3601 3.6578e-01     8.5096      2.864      4.156    17.2496   998.7639 0.0000e+00
      2.927      0.034     4.8402     71.888     40.325  34.077513     2.7870      7.026   239.3798 3.7673e-01     8.5385      2.870      4.162    17.2492   998.7640 0.0000e+00
      2.935      0.032     4.8402     71.933     40.347  34.096534     2.7865      7.027   239.4129 3.7228e-01     8.5654      2.878      4.174    17.2491   998.7640 0.0000e+00
      2.944      0.032     4.8369     71.985     40.349  34.098108     2.7890      7.027   239.4158 3.5861e-01     8.5397      2.887      4.188    17.2494   998.7640 0.0000e+00
      2.952      0.032     4.8320     72.084     40.348  34.096539     2.7827      7.027   239.4138 3.4588e-01     8.5230      2.895      4.198    17.2495   998.7640 0.0000e+00
      2.960      0.032     4.8357     72.200     40.325  34.077567     2.7533      7.028   239.4754 3.4008e-01     8.5935      2.903      4.210    17.2495   998.7641 0.0000e+00
      2.968      0.031     4.8396     72.285     40.304  34.059102     2.7117      7.028   239.4720 3.3658e-01     8.7358      2.911      4.223    17.2495   998.7641 0.0000e+00
      2.977      0.029     4.8402     72.318     40.310  34.063681     2.6865      7.028   239.4592 3.3623e-01     8.8021      2.921      4.236    17.2494   998.7642 0.0000e+00
      2.985      0.029     4.8490     72.293     40.317  34.069464     2.6748      7.029   239.5780 3.2628e-01     8.7721      2.927      4.245    17.2490   998.7643 0.0000e+00
      2.991      0.028     4.8579     72.219     40.312  34.065554     2.6650      7.030   239.7046 3.1172e-01     8.7665      2.932      4.252    17.2485   998.7644 0.0000e+00
      2.997      0.028     4.8639     72.132     40.329  34.079876     2.6639      7.031   239.7001 3.1810e-01     8.7996      2.939      4.262    17.2482   998.7645 0.0000e+00
      3.004      0.030     4.8666     72.070     40.372  34.115705     2.6702      7.033   239.6096 3.1964e-01     8.8118      2.946      4.272    17.2479   998.7645 0.0000e+00
      3.011      0.033     4.8646     72.019     40.374  34.117956     2.6717      7.034   239.5569 3.0049e-01     8.8158      2.953      4.283    17.2480   998.7646 0.0000e+00
      3.019      0.037     4.8589     71.947     40.361  34.107094     2.6820      7.034   239.5785 2.8433e-01     8.9795      2.960      4.294    17.2481   998.7646 0.0000e+00
      3.029      0.042     4.8513     71.866     40.366  34.111306     2.7070      7.034   239.6990 2.8378e-01     9.2834      2.969      4.306    17.2480   998.7646 0.0000e+00
      3.041      0.048     4.8479     71.804     40.359  34.105419     2.7226      7.034   239.8095 2.8429e-01     9.4748      2.981      4.324    17.2481   998.7647 0.0000e+00
      3.054      0.056     4.8459     71.767     40.352  34.099379     2.7232      7.033   239.7960 2.7982e-01     9.5243      2.995      4.343    17.2483   998.7647 0.0000e+00
      3.069      0.064     4.8404     71.747     40.357  34.101747     2.7150      7.032   239.8794 2.6935e-01     9.5216      3.009      4.363    17.2483   998.7648 0.0000e+00
      3.085      0.070     4.8338     71.728     40.397  34.134048     2.7281      7.030   240.0436 2.5063e-01     9.6713      3.024      4.386    17.2482   998.7649 0.0000e+00
      3.104      0.075     4.8300     71.721     40.443  34.172596     2.7691      7.029   240.0602 2.3915e-01     9.9908      3.042      4.412    17.2481   998.7650 0.0000e+00
      3.126      0.076     4.8274     71.738     40.460  34.187021     2.7853      7.027   239.9946 2.3060e-01    10.1408      3.064      4.444    17.2472   998.7652 0.0000e+00
      3.150      0.075     4.8270     71.758     40.529  34.244996     2.7762      7.025   240.0242 2.1165e-01    10.1082      3.090      4.482    17.2457   998.7656 0.0000e+00
      3.171      0.071     4.8256     71.770     40.748  34.429300     2.7897      7.025   240.1605 1.8880e-01    10.0221      3.112      4.513    17.2442   998.7660 0.0000e+00
      3.187      0.066     4.8241     71.757     40.998  34.638358     2.8271      7.024   240.2660 1.7275e-01     9.9192      3.126      4.534    17.2436   998.7662 0.0000e+00
      3.201      0.061     4.8269     71.694     40.974  34.614808     2.8551      7.022   240.3526 1.7422e-01     9.8799      3.139      4.553    17.2434   998.7663 0.0000e+00
      3.214      0.056     4.8277     71.560     40.721  34.398426     2.8680      7.022   240.4338 1.8523e-01     9.8740      3.152      4.572    17.2433   998.7664 0.0000e+00
      3.227      0.054     4.8292     71.335     40.537  34.243443     2.8798      7.022   240.4727 1.7849e-01     9.6520      3.164      4.590    17.2423   998.7666 0.0000e+00
      3.241      0.054     4.8295     71.015     40.559  34.264127     2.8938      7.022   240.4796 1.5825e-01     9.1948      3.178      4.610    17.2405   998.7672 0.0000e+00
      3.255      0.056     4.8254     70.606     40.786  34.458114     2.9065      7.021   240.4307 1.4686e-01     8.9339      3.193      4.631    17.2357   998.7682 0.0000e+00
      3.268      0.056     4.8186     70.181     41.055  34.684927     2.9123      7.020   240.3986 1.4562e-01     8.9551      3.204      4.648    17.2306   998.7689 0.0000e+00
      3.282      0.055     4.8021     69.876     41.253  34.848624     2.8508      7.019   240.4353 1.4353e-01     9.0906      3.216      4.666    17.2324   998.7686 0.0000e+00
      3.299      0.054     4.7811     69.754     41.415  34.977586     2.7270      7.019   240.5293 1.3715e-01     9.2951      3.237      4.694    17.2361   998.7680 0.0000e+00
      3.315      0.051     4.7520     69.758     41.500  35.038286     2.6633      7.019   240.5894 1.3168e-01     9.4282      3.254      4.720    17.2382   998.7678 0.0000e+00
      3.326      0.046     4.7187     69.756     41.481  35.011317     2.6617      7.018   240.5595 1.2935e-01     9.4553      3.263      4.733    17.2393   998.7678 0.0000e+00
      3.336      0.040     4.6966     69.604     41.438  34.968837     2.6123      7.018   240.5123 1.2781e-01     9.2953      3.271      4.744    17.2358   998.7685 0.0000e+00
      3.347      0.034     4.6916     69.271     41.441  34.968936     2.4994      7.018   240.4490 1.2598e-01     8.9346      3.283      4.762    17.2258   998.7704 0.0000e+00
      3.356      0.031     4.6961     68.789     41.494  35.012506     2.4244      7.019   240.4825 1.2843e-01     8.7313      3.293      4.777    17.2109   998.7732 0.0000e+00
      3.360      0.031     4.7022     68.137     41.544  35.051352     2.4241      7.020   240.6594 1.3301e-01     8.7386      3.296      4.780    17.1954   998.7758 0.0000e+00
