Data/DataNotYetUploadedToEDI/Raw_CTD/RawDownloads/101619_fcr20.cnv
* Sea-Bird SBE19plus  Data File:
* FileName = C:\DATA\101619_fcr50_0002.hex
* Software version 2.8.0.119 SB_Terminal.dll
* Temperature SN = 7809
* Conductivity SN = 7809
* System UpLoad Time = Oct 16 2019 16:52:49
* <ApplicationData>
* <Seaterm232>
# nquan = 16
# nvalues = 372                         
# units = specified
# name 0 = depFM: Depth [fresh water, m]
# name 1 = dz/dtM: Descent Rate [m/s]
# name 2 = sbeox0ML/L: Oxygen, SBE 43 [ml/l]
# name 3 = sbeox0PS: Oxygen, SBE 43 [% saturation]
# name 4 = specc: Specific Conductance [uS/cm]
# name 5 = c0uS/cm: Conductivity [uS/cm]
# name 6 = flECO-AFL: Fluorescence, WET Labs ECO-AFL/FL [mg/m^3]
# name 7 = ph: pH
# name 8 = orp: Oxidation Reduction Potential [mV]
# name 9 = par/sat/log: PAR/Logarithmic, Satlantic
# name 10 = turbWETntu0: Turbidity, WET Labs ECO [NTU]
# name 11 = prdM: Pressure, Strain Gauge [db]
# name 12 = prdE: Pressure, Strain Gauge [psi]
# name 13 = tv290C: Temperature [ITS-90, deg C]
# name 14 = density00: Density [density, kg/m^3]
# name 15 = flag:  0.000e+00
# span 0 =     -0.387,      3.048       
# span 1 =     -0.096,      0.187       
# span 2 =     3.7898,     6.6718       
# span 3 =     56.192,     98.708       
# span 4 =     40.035,     40.788       
# span 5 =  33.777460,  34.244969       
# span 6 =     1.4892,     3.0716       
# span 7 =      7.080,      8.216       
# span 8 =   247.3644,   277.1245       
# span 9 = 2.3062e-01, 4.5625e+02       
# span 10 =     6.9415,    11.7033      
# span 11 =     -0.393,      2.990      
# span 12 =     -0.570,      4.337      
# span 13 =    16.7753,    17.3135      
# span 14 =   998.7390,   998.8469      
# span 15 = 0.0000e+00, 0.0000e+00      
# interval = seconds: 0.25
# start_time = Oct 16 2019 11:42:42 [Instrument's time stamp, header]
# bad_flag = -9.990e-29
*END*
[from data line 91]
     -0.025      0.007     3.9195     56.793     40.105  33.837447     2.0286      7.630   253.0540 2.1017e+02     9.2222     -0.026     -0.038    17.1967   998.7598 0.0000e+00
     -0.023      0.014     3.8965     56.535     40.099  33.830514     1.8950      7.621   253.1113 1.9730e+02     9.2465     -0.024     -0.035    17.1968   998.7597 0.0000e+00
     -0.016      0.018     3.8705     56.366     40.064  33.799463     1.8182      7.610   253.3425 1.8957e+02     9.2488     -0.016     -0.023    17.1919   998.7606 0.0000e+00
     -0.006      0.016     3.8468     56.279     40.045  33.779336     1.8116      7.600   253.5264 1.8596e+02     9.1850     -0.007     -0.009    17.1841   998.7621 0.0000e+00
      0.004      0.006     3.8247     56.242     40.060  33.777560     1.8319      7.590   253.5281 1.7943e+02     8.9338      0.004      0.007    17.1794   998.7629 0.0000e+00
      0.010     -0.010     3.8062     56.218     40.093  33.777970     1.8643      7.580   253.5347 1.7571e+02     8.5715      0.014      0.020    17.1805   998.7627 0.0000e+00
      0.006     -0.034     3.7955     56.192     40.134  33.784253     1.8747      7.572   253.6064 1.8510e+02     8.4091      0.012      0.016    17.1791   998.7631 0.0000e+00
     -0.009     -0.059     3.7904     56.217     40.167  33.790023     1.8706      7.563   253.7932 2.0112e+02     8.3793     -0.009     -0.013    17.1769   998.7633 0.0000e+00
     -0.028     -0.079     3.7898     56.399     40.178  33.784256     1.8754      7.553   253.8995 2.1873e+02     8.4076     -0.028     -0.040    17.1639   998.7654 0.0000e+00
     -0.053     -0.091     3.7926     56.834     40.182  33.777970     1.8978      7.543   253.6867 2.4744e+02     8.5541     -0.045     -0.065    17.1200   998.7731 0.0000e+00
     -0.087     -0.096     3.7925     57.576     40.187  33.777460     1.9242      7.537   253.4583 2.7800e+02     8.6446     -0.086     -0.125    17.0802   998.7798 0.0000e+00
     -0.120     -0.091     3.7929     58.599     40.190  33.778094     1.9342      7.532   253.3746 2.9026e+02     8.6163     -0.125     -0.182    17.0560   998.7839 0.0000e+00
     -0.141     -0.078     3.8051     59.785     40.200  33.785632     1.9585      7.527   253.2771 2.9263e+02     8.7361     -0.138     -0.200    17.0353   998.7875 0.0000e+00
     -0.159     -0.055     3.8332     60.953     40.222  33.805135     2.0101      7.520   253.2257 2.9860e+02     9.0442     -0.154     -0.224    17.0248   998.7892 0.0000e+00
     -0.175     -0.022     3.8848     61.962     40.236  33.823501     2.0376      7.510   253.3561 3.0403e+02     9.2282     -0.175     -0.254    17.0203   998.7899 0.0000e+00
     -0.181      0.014     3.9567     62.755     40.208  33.817313     2.0400      7.499   253.4771 3.0609e+02     9.2902     -0.182     -0.263    17.0186   998.7901 0.0000e+00
     -0.176      0.046     4.0418     63.278     40.149  33.793808     2.0562      7.489   253.3980 3.0327e+02     9.4656     -0.177     -0.258    17.0176   998.7903 0.0000e+00
     -0.156      0.070     4.1252     63.532     40.115  33.793189     2.0861      7.480   253.2603 2.8665e+02     9.7434     -0.161     -0.233    17.0166   998.7907 0.0000e+00
     -0.120      0.084     4.1924     63.600     40.106  33.809870     2.0972      7.474   253.1885 2.5486e+02     9.8959     -0.118     -0.172    17.0211   998.7901 0.0000e+00
     -0.082      0.085     4.2464     63.578     40.081  33.805129     2.0952      7.470   253.1325 2.2529e+02     9.9003     -0.073     -0.107    17.0448   998.7861 0.0000e+00
     -0.056      0.076     4.2787     63.539     40.067  33.799349     2.0976      7.465   253.0134 2.1157e+02     9.8615     -0.051     -0.074    17.0809   998.7800 0.0000e+00
     -0.043      0.063     4.2896     63.524     40.078  33.803456     2.0910      7.461   252.9521 2.0835e+02     9.7223     -0.040     -0.058    17.1178   998.7735 0.0000e+00
     -0.038      0.052     4.2895     63.559     40.074  33.791315     2.0939      7.456   252.9083 2.0937e+02     9.5282     -0.035     -0.051    17.1489   998.7680 0.0000e+00
     -0.036      0.044     4.2839     63.664     40.068  33.779478     2.1067      7.451   252.6555 2.1399e+02     9.4488     -0.037     -0.053    17.1715   998.7641 0.0000e+00
     -0.028      0.042     4.2798     63.853     40.079  33.787256     2.1072      7.448   252.3907 2.1209e+02     9.4504     -0.033     -0.048    17.1809   998.7625 0.0000e+00
     -0.011      0.042     4.2795     64.099     40.119  33.821884     2.0738      7.445   252.2885 1.9684e+02     9.3839     -0.011     -0.017    17.1683   998.7648 0.0000e+00
      0.008      0.044     4.2822     64.359     40.181  33.880837     2.0146      7.440   252.2804 1.8070e+02     9.2667      0.012      0.017    17.1546   998.7673 0.0000e+00
      0.021      0.046     4.2899     64.717     40.218  33.928873     1.9899      7.435   252.2062 1.7377e+02     9.2127      0.024      0.035    17.1475   998.7686 0.0000e+00
      0.027      0.046     4.3029     65.466     40.220  33.958447     1.9920      7.429   251.2190 1.7329e+02     9.2559      0.026      0.038    17.1447   998.7691 0.0000e+00
      0.033      0.045     4.3216     66.946     40.219  33.984589     1.9786      7.425   249.4643 1.7267e+02     9.4612      0.027      0.040    17.1472   998.7687 0.0000e+00
      0.046      0.047     4.3378     69.264     40.204  33.991125     1.9673      7.420   248.4568 1.6813e+02     9.7616      0.044      0.064    17.1501   998.7683 0.0000e+00
      0.060      0.054     4.3517     72.099     40.171  33.974035     1.9766      7.415   248.2432 1.6241e+02     9.9052      0.062      0.090    17.1707   998.7647 0.0000e+00
      0.072      0.059     4.3894     74.949     40.157  33.968362     1.9869      7.410   248.0865 1.5719e+02     9.9194      0.068      0.100    17.2128   998.7574 0.0000e+00
      0.087      0.059     4.4805     77.473     40.174  33.986011     1.9874      7.406   247.9388 1.5141e+02     9.7042      0.082      0.119    17.2502   998.7509 0.0000e+00
      0.109      0.054     4.6439     79.469     40.185  33.997029     1.9918      7.402   247.8339 1.4758e+02     9.2370      0.110      0.158    17.2730   998.7469 0.0000e+00
      0.128      0.046     4.8481     80.819     40.158  33.974652     1.9965      7.399   247.7645 1.4777e+02     8.9892      0.131      0.189    17.2852   998.7449 0.0000e+00
      0.138      0.039     5.0455     81.503     40.151  33.969315     2.0008      7.398   247.6150 1.5044e+02     9.0022      0.137      0.200    17.2912   998.7438 0.0000e+00
      0.142      0.031     5.2191     81.579     40.182  33.995970     2.0277      7.398   247.4040 1.5339e+02     9.1642      0.139      0.202    17.2948   998.7431 0.0000e+00
      0.145      0.025     5.3566     81.193     40.162  33.979602     2.0780      7.397   247.3644 1.5510e+02     9.4738      0.142      0.206    17.2965   998.7429 0.0000e+00
      0.148      0.023     5.4469     80.568     40.140  33.961811     2.1145      7.395   247.4803 1.5501e+02     9.6318      0.144      0.209    17.2973   998.7428 0.0000e+00
      0.154      0.025     5.4918     79.934     40.151  33.971259     2.1227      7.393   247.6004 1.5301e+02     9.6338      0.149      0.217    17.2980   998.7427 0.0000e+00
      0.163      0.027     5.4937     79.443     40.146  33.966907     2.1338      7.391   247.6979 1.5025e+02     9.4971      0.159      0.232    17.2985   998.7427 0.0000e+00
      0.173      0.028     5.4616     79.073     40.153  33.972654     2.1622      7.389   247.8851 1.4752e+02     9.1916      0.169      0.246    17.2990   998.7426 0.0000e+00
      0.182      0.025     5.4144     78.764     40.158  33.977277     2.1797      7.387   248.0574 1.4482e+02     9.0205      0.179      0.260    17.3004   998.7424 0.0000e+00
      0.189      0.020     5.3665     78.516     40.137  33.959345     2.1720      7.386   248.0600 1.4261e+02     9.0018      0.186      0.270    17.3008   998.7424 0.0000e+00
      0.193      0.014     5.3354     78.305     40.121  33.946227     2.1640      7.385   248.0023 1.4109e+02     8.9983      0.191      0.276    17.3003   998.7425 0.0000e+00
      0.195      0.009     5.3134     78.115     40.121  33.945603     2.1789      7.384   247.9628 1.4070e+02     9.0106      0.193      0.280    17.2998   998.7426 0.0000e+00
      0.195      0.007     5.2905     77.946     40.128  33.951797     2.2130      7.382   248.0979 1.4104e+02     9.0191      0.192      0.278    17.2999   998.7426 0.0000e+00
      0.194      0.009     5.2758     77.787     40.136  33.957650     2.2384      7.380   248.3446 1.4059e+02     9.0027      0.189      0.274    17.3005   998.7424 0.0000e+00
      0.193      0.013     5.2616     77.641     40.132  33.952911     2.2341      7.377   248.4504 1.3898e+02     8.9767      0.188      0.273    17.3008   998.7424 0.0000e+00
      0.196      0.018     5.2484     77.515     40.140  33.957962     2.2226      7.375   248.6028 1.3623e+02     9.0981      0.191      0.276    17.3003   998.7425 0.0000e+00
      0.204      0.023     5.2382     77.419     40.137  33.955248     2.2281      7.373   248.8967 1.3243e+02     9.3558      0.200      0.290    17.2997   998.7426 0.0000e+00
      0.214      0.028     5.2268     77.362     40.095  33.920103     2.2317      7.369   249.0787 1.2909e+02     9.4709      0.211      0.306    17.2989   998.7428 0.0000e+00
      0.223      0.029     5.2174     77.341     40.087  33.913815     2.2234      7.365   249.2554 1.2664e+02     9.4413      0.219      0.318    17.2972   998.7432 0.0000e+00
      0.230      0.029     5.2087     77.337     40.122  33.942680     2.2058      7.362   249.5706 1.2432e+02     9.4242      0.226      0.328    17.2957   998.7435 0.0000e+00
      0.237      0.028     5.2020     77.332     40.132  33.951786     2.1832      7.360   249.7924 1.2255e+02     9.4287      0.234      0.339    17.2953   998.7436 0.0000e+00
      0.243      0.027     5.1983     77.331     40.143  33.960459     2.1762      7.358   249.9574 1.2118e+02     9.4621      0.239      0.347    17.2953   998.7436 0.0000e+00
      0.249      0.027     5.1974     77.346     40.171  33.984076     2.1722      7.355   250.1890 1.1903e+02     9.5002      0.242      0.352    17.2957   998.7435 0.0000e+00
      0.256      0.030     5.1977     77.357     40.171  33.983472     2.1705      7.350   250.3560 1.1627e+02     9.5291      0.251      0.364    17.2961   998.7435 0.0000e+00
      0.263      0.034     5.1971     77.351     40.136  33.953152     2.1819      7.342   250.4279 1.1385e+02     9.6146      0.259      0.377    17.2962   998.7435 0.0000e+00
      0.270      0.036     5.1963     77.334     40.114  33.934803     2.1885      7.334   250.5414 1.1084e+02     9.7142      0.262      0.380    17.2953   998.7437 0.0000e+00
      0.281      0.036     5.1985     77.311     40.135  33.952017     2.1890      7.329   250.6973 1.0655e+02     9.7180      0.273      0.396    17.2946   998.7439 0.0000e+00
      0.297      0.032     5.1997     77.278     40.158  33.970887     2.1798      7.326   250.7638 1.0289e+02     9.6934      0.294      0.427    17.2942   998.7441 0.0000e+00
      0.309      0.026     5.1986     77.225     40.161  33.972558     2.1804      7.323   250.8283 1.0100e+02     9.8097      0.307      0.444    17.2941   998.7441 0.0000e+00
      0.313      0.019     5.1978     77.169     40.163  33.972228     2.2140      7.320   250.9614 9.9826e+01    10.0104      0.308      0.445    17.2942   998.7441 0.0000e+00
      0.313      0.011     5.1959     77.139     40.158  33.966883     2.2400      7.320   251.1685 9.8770e+01    10.1202      0.307      0.445    17.2936   998.7442 0.0000e+00
      0.313      0.005     5.1947     77.149     40.164  33.971405     2.2426      7.320   251.3533 9.8274e+01    10.1222      0.308      0.447    17.2928   998.7444 0.0000e+00
      0.312      0.003     5.1906     77.184     40.156  33.963433     2.2371      7.319   251.3902 9.7845e+01    10.0010      0.306      0.444    17.2912   998.7446 0.0000e+00
      0.311      0.003     5.1861     77.237     40.121  33.933960     2.2251      7.319   251.4421 9.6584e+01     9.8346      0.303      0.440    17.2890   998.7450 0.0000e+00
      0.312      0.008     5.1839     77.296     40.119  33.932372     2.2192      7.319   251.6370 9.5127e+01     9.7496      0.305      0.443    17.2876   998.7453 0.0000e+00
      0.314      0.018     5.1854     77.361     40.133  33.944231     2.2259      7.316   251.9397 9.3972e+01     9.7264      0.309      0.448    17.2865   998.7455 0.0000e+00
      0.317      0.032     5.1878     77.423     40.141  33.950415     2.2463      7.306   252.1757 9.2412e+01     9.9801      0.310      0.451    17.2858   998.7456 0.0000e+00
      0.322      0.045     5.1918     77.453     40.134  33.943680     2.2753      7.291   252.2542 9.0036e+01    10.4900      0.313      0.455    17.2856   998.7456 0.0000e+00
      0.334      0.053     5.1958     77.447     40.115  33.926267     2.2896      7.280   252.3724 8.5591e+01    10.7791      0.322      0.467    17.2857   998.7457 0.0000e+00
      0.358      0.058     5.1997     77.398     40.120  33.930270     2.2890      7.275   252.5722 7.9194e+01    10.8213      0.350      0.507    17.2858   998.7458 0.0000e+00
      0.384      0.058     5.2059     77.331     40.119  33.928605     2.3027      7.275   252.6907 7.4583e+01    10.7057      0.383      0.554    17.2853   998.7460 0.0000e+00
      0.401      0.054     5.2068     77.283     40.092  33.906143     2.3346      7.275   252.6868 7.2774e+01    10.4628      0.397      0.576    17.2838   998.7464 0.0000e+00
      0.408      0.046     5.2077     77.240     40.100  33.912536     2.3624      7.275   252.6979 7.1614e+01    10.3416      0.401      0.582    17.2819   998.7467 0.0000e+00
      0.413      0.037     5.2041     77.205     40.135  33.942442     2.3698      7.276   252.8250 7.0367e+01    10.3556      0.404      0.587    17.2811   998.7469 0.0000e+00
      0.420      0.030     5.1971     77.213     40.144  33.950405     2.3458      7.277   253.0189 6.8740e+01    10.3036      0.411      0.597    17.2811   998.7469 0.0000e+00
      0.429      0.027     5.1959     77.254     40.138  33.945355     2.3071      7.279   253.1486 6.6998e+01    10.1724      0.421      0.610    17.2814   998.7469 0.0000e+00
      0.437      0.027     5.1925     77.289     40.138  33.944844     2.2916      7.281   253.1036 6.5893e+01    10.1122      0.429      0.622    17.2812   998.7469 0.0000e+00
      0.444      0.027     5.1888     77.314     40.137  33.944220     2.2964      7.282   253.0758 6.5016e+01    10.1330      0.434      0.631    17.2808   998.7471 0.0000e+00
      0.450      0.028     5.1898     77.337     40.131  33.937819     2.3144      7.282   253.2424 6.3873e+01    10.3261      0.440      0.638    17.2808   998.7471 0.0000e+00
      0.456      0.031     5.1940     77.341     40.124  33.930904     2.3439      7.282   253.3980 6.2838e+01    10.6450      0.448      0.650    17.2809   998.7471 0.0000e+00
      0.461      0.036     5.1963     77.322     40.117  33.924079     2.3574      7.282   253.4948 6.1816e+01    10.7773      0.452      0.656    17.2809   998.7471 0.0000e+00
      0.469      0.041     5.1970     77.277     40.110  33.918772     2.3568      7.281   253.5518 6.0246e+01    10.7782      0.457      0.664    17.2808   998.7472 0.0000e+00
      0.483      0.045     5.2002     77.207     40.124  33.930198     2.3540      7.281   253.4844 5.8085e+01    10.7872      0.473      0.685    17.2796   998.7474 0.0000e+00
      0.498      0.048     5.2001     77.160     40.130  33.935295     2.3237      7.280   253.4548 5.5815e+01    10.7867      0.490      0.711    17.2784   998.7477 0.0000e+00
