Data/DataNotYetUploadedToEDI/Raw_CTD/RawDownloads/101619_fcr10.cnv
* Sea-Bird SBE19plus  Data File:
* FileName = C:\DATA\101619_fcr50_0001.hex
* Software version 2.8.0.119 SB_Terminal.dll
* Temperature SN = 7809
* Conductivity SN = 7809
* System UpLoad Time = Oct 16 2019 16:52:35
* <ApplicationData>
* <Seaterm232>
# nquan = 16
# nvalues = 310                         
# units = specified
# name 0 = depFM: Depth [fresh water, m]
# name 1 = dz/dtM: Descent Rate [m/s]
# name 2 = sbeox0ML/L: Oxygen, SBE 43 [ml/l]
# name 3 = sbeox0PS: Oxygen, SBE 43 [% saturation]
# name 4 = specc: Specific Conductance [uS/cm]
# name 5 = c0uS/cm: Conductivity [uS/cm]
# name 6 = flECO-AFL: Fluorescence, WET Labs ECO-AFL/FL [mg/m^3]
# name 7 = ph: pH
# name 8 = orp: Oxidation Reduction Potential [mV]
# name 9 = par/sat/log: PAR/Logarithmic, Satlantic
# name 10 = turbWETntu0: Turbidity, WET Labs ECO [NTU]
# name 11 = prdM: Pressure, Strain Gauge [db]
# name 12 = prdE: Pressure, Strain Gauge [psi]
# name 13 = tv290C: Temperature [ITS-90, deg C]
# name 14 = density00: Density [density, kg/m^3]
# name 15 = flag:  0.000e+00
# span 0 =     -0.691,      2.232       
# span 1 =     -0.162,      0.421       
# span 2 =     3.6437,     7.3284       
# span 3 =     53.468,    107.050       
# span 4 =     36.256,     41.182       
# span 5 =  28.640446,  34.163353       
# span 6 =    -0.1588,     2.7775       
# span 7 =      7.134,      8.837       
# span 8 =   189.5583,   217.1744       
# span 9 = 3.7624e+00, 5.5007e+02       
# span 10 =    -0.2921,     9.2573      
# span 11 =     -0.679,      2.190      
# span 12 =     -0.985,      3.176      
# span 13 =    13.1334,    17.0526      
# span 14 =   998.7896,   999.3642      
# span 15 = 0.0000e+00, 0.0000e+00      
# interval = seconds: 0.25
# start_time = Oct 16 2019 11:16:09 [Instrument's time stamp, header]
# bad_flag = -9.990e-29
*END*
[from data line 272]
      1.987      0.089     4.8103     71.249     40.350  33.936344     2.7050      7.147   215.8908 6.0721e+00     9.1311      1.949      2.827    17.0353   998.7972 0.0000e+00
      2.016      0.089     4.8109     71.213     40.341  33.929424     2.7775      7.145   215.8879 5.7660e+00     9.2573      1.976      2.865    17.0405   998.7964 0.0000e+00
      2.046      0.083     4.8123     71.188     40.316  33.908862     2.7711      7.147   215.8839 5.4722e+00     9.1650      2.006      2.909    17.0441   998.7959 0.0000e+00
      2.071      0.073     4.8162     71.143     40.280  33.878131     2.6801      7.149   215.8432 5.2857e+00     8.8998      2.037      2.955    17.0466   998.7956 0.0000e+00
      2.086      0.062     4.8136     71.083     40.276  33.875190     2.5186      7.150   215.7395 5.2038e+00     8.4429      2.048      2.971    17.0489   998.7953 0.0000e+00
      2.093      0.051     4.8092     71.035     40.274  33.873298     2.4302      7.150   215.6630 5.1543e+00     8.1305      2.051      2.977    17.0499   998.7951 0.0000e+00
      2.099      0.044     4.8099     71.003     40.254  33.855251     2.4272      7.148   215.6062 5.0792e+00     8.0722      2.057      2.984    17.0500   998.7951 0.0000e+00
      2.109      0.043     4.8061     71.000     40.245  33.847381     2.4728      7.145   215.4837 4.9636e+00     8.0658      2.069      3.000    17.0497   998.7952 0.0000e+00
      2.121      0.046     4.8010     71.038     40.238  33.841610     2.5568      7.143   215.3859 4.8319e+00     7.9876      2.081      3.017    17.0494   998.7953 0.0000e+00
      2.134      0.050     4.7985     71.078     40.247  33.848940     2.6016      7.142   215.3698 4.6843e+00     7.9138      2.092      3.034    17.0489   998.7955 0.0000e+00
      2.149      0.051     4.7958     71.068     40.276  33.872538     2.5893      7.144   215.4608 4.5398e+00     7.8940      2.108      3.058    17.0483   998.7956 0.0000e+00
      2.164      0.050     4.7949     71.003     40.276  33.873067     2.5729      7.146   215.6265 4.4108e+00     7.8803      2.122      3.079    17.0479   998.7958 0.0000e+00
      2.177      0.047     4.7989     70.898     40.254  33.855333     2.5604      7.146   215.7375 4.2998e+00     7.9767      2.135      3.097    17.0473   998.7959 0.0000e+00
      2.189      0.042     4.8033     70.801     40.246  33.848515     2.5414      7.145   215.7709 4.2160e+00     8.2073      2.148      3.116    17.0470   998.7960 0.0000e+00
      2.200      0.035     4.8020     70.735     40.253  33.854095     2.5347      7.143   215.7720 4.1551e+00     8.3427      2.158      3.130    17.0472   998.7961 0.0000e+00
      2.209      0.028     4.7979     70.686     40.259  33.859335     2.5397      7.141   215.7518 4.1090e+00     8.3348      2.167      3.142    17.0473   998.7961 0.0000e+00
      2.215      0.021     4.7890     70.661     40.246  33.848409     2.5754      7.140   215.7844 4.0715e+00     8.2757      2.172      3.151    17.0478   998.7960 0.0000e+00
      2.218      0.016     4.7816     70.678     40.248  33.848929     2.6366      7.139   215.9075 4.0417e+00     8.1854      2.175      3.155    17.0478   998.7960 0.0000e+00
      2.220      0.011     4.7784     70.733     40.269  33.865623     2.6651      7.139   215.9510 4.0184e+00     8.1600      2.177      3.158    17.0473   998.7961 0.0000e+00
      2.222      0.007     4.7746     70.794     40.264  33.859853     2.6600      7.139   215.8798 3.9996e+00     8.1658      2.179      3.160    17.0472   998.7962 0.0000e+00
      2.223      0.005     4.7722     70.840     40.245  33.842631     2.5918      7.139   215.8205 3.9875e+00     8.0262      2.180      3.162    17.0472   998.7962 0.0000e+00
      2.224      0.004     4.7735     70.858     40.252  33.847786     2.4731      7.139   215.8366 3.9767e+00     7.8154      2.181      3.164    17.0466   998.7963 0.0000e+00
      2.225      0.004     4.7785     70.863     40.267  33.858710     2.4122      7.137   215.9015 3.9619e+00     7.7150      2.182      3.164    17.0454   998.7965 0.0000e+00
      2.226      0.004     4.7832     70.889     40.255  33.847787     2.4017      7.136   215.9170 3.9431e+00     7.6642      2.183      3.166    17.0436   998.7968 0.0000e+00
      2.227      0.003     4.7867     70.930     40.250  33.842642     2.3809      7.134   215.7663 3.9211e+00     7.4637      2.184      3.168    17.0417   998.7971 0.0000e+00
      2.228      0.003     4.7883     70.971     40.273  33.859960     2.3517      7.134   215.5423 3.8984e+00     7.1583      2.185      3.168    17.0409   998.7973 0.0000e+00
      2.228      0.003     4.7866     71.027     40.284  33.866780     2.3434      7.134   215.5317 3.8794e+00     7.0193      2.185      3.169    17.0396   998.7975 0.0000e+00
      2.229      0.003     4.7894     71.087     40.279  33.861645     2.3585      7.134   215.7235 3.8731e+00     7.0278      2.186      3.170    17.0377   998.7979 0.0000e+00
      2.230      0.003     4.7933     71.144     40.279  33.861335     2.3781      7.134   215.9682 3.8726e+00     7.2291      2.187      3.172    17.0364   998.7981 0.0000e+00
      2.231      0.002     4.7948     71.177     40.280  33.863018     2.3989      7.134   216.1675 3.8652e+00     7.6174      2.188      3.173    17.0342   998.7985 0.0000e+00
      2.231      0.002     4.8001     71.173     40.304  33.882002     2.4105      7.134   216.2415 3.8551e+00     7.8235      2.188      3.174    17.0309   998.7991 0.0000e+00
      2.232      0.001     4.8040     71.145     40.327  33.900469     2.4140      7.134   216.2598 3.8472e+00     7.8528      2.189      3.174    17.0289   998.7994 0.0000e+00
      2.232      0.001     4.8082     71.086     40.322  33.895904     2.4158      7.134   216.3032 3.8307e+00     7.8736      2.189      3.175    17.0297   998.7992 0.0000e+00
      2.232      0.001     4.8115     71.046     40.316  33.890278     2.4153      7.134   216.3352 3.8119e+00     7.8780      2.189      3.175    17.0308   998.7990 0.0000e+00
      2.232 -9.990e-29     4.8095 -9.990e-29 -9.990e-29 -9.990e-29 -9.990e-29 -9.990e-29 -9.990e-29 3.8066e+00 -9.990e-29      2.189      3.174    17.0297   998.7993 0.0000e+00
      2.232 -9.990e-29     4.8096 -9.990e-29 -9.990e-29 -9.990e-29 -9.990e-29 -9.990e-29 -9.990e-29 3.7944e+00 -9.990e-29      2.189      3.174    17.0280   998.7996 0.0000e+00
      2.232 -9.990e-29     4.8043 -9.990e-29 -9.990e-29 -9.990e-29 -9.990e-29 -9.990e-29 -9.990e-29 3.7722e+00 -9.990e-29      2.189      3.175    17.0270   998.7997 0.0000e+00
      2.232 -9.990e-29     4.7979 -9.990e-29 -9.990e-29 -9.990e-29 -9.990e-29 -9.990e-29 -9.990e-29 3.7624e+00 -9.990e-29      2.190      3.176    17.0266   998.7998 0.0000e+00
