Data/DataNotYetUploadedToEDI/Raw_CTD/RawDownloads/101619_fcr45.cnv
* Sea-Bird SBE19plus  Data File:
* FileName = C:\DATA\101619_fcr50_0004.hex
* Software version 2.8.0.119 SB_Terminal.dll
* Temperature SN = 7809
* Conductivity SN = 7809
* System UpLoad Time = Oct 16 2019 16:53:27
* <ApplicationData>
* <Seaterm232>
# nquan = 16
# nvalues = 466                         
# units = specified
# name 0 = depFM: Depth [fresh water, m]
# name 1 = dz/dtM: Descent Rate [m/s]
# name 2 = sbeox0ML/L: Oxygen, SBE 43 [ml/l]
# name 3 = sbeox0PS: Oxygen, SBE 43 [% saturation]
# name 4 = specc: Specific Conductance [uS/cm]
# name 5 = c0uS/cm: Conductivity [uS/cm]
# name 6 = flECO-AFL: Fluorescence, WET Labs ECO-AFL/FL [mg/m^3]
# name 7 = ph: pH
# name 8 = orp: Oxidation Reduction Potential [mV]
# name 9 = par/sat/log: PAR/Logarithmic, Satlantic
# name 10 = turbWETntu0: Turbidity, WET Labs ECO [NTU]
# name 11 = prdM: Pressure, Strain Gauge [db]
# name 12 = prdE: Pressure, Strain Gauge [psi]
# name 13 = tv290C: Temperature [ITS-90, deg C]
# name 14 = density00: Density [density, kg/m^3]
# name 15 = flag:  0.000e+00
# span 0 =     -0.042,      6.276       
# span 1 =     -0.048,      0.128       
# span 2 =    -0.5574,     6.4171       
# span 3 =     -7.769,     94.938       
# span 4 =     39.569,     98.678       
# span 5 =  33.435803,  81.168275       
# span 6 =     0.1822,     2.7825       
# span 7 =      6.385,      7.513       
# span 8 =   150.9614,   207.3677       
# span 9 = 1.2356e-01, 2.0207e+02       
# span 10 =     7.5742,    20.4454      
# span 11 =     -0.041,      6.156      
# span 12 =     -0.059,      8.928      
# span 13 =    13.2958,    17.3060      
# span 14 =   998.7449,   999.3938      
# span 15 = 0.0000e+00, 0.0000e+00      
# interval = seconds: 0.25
# start_time = Oct 16 2019 11:55:59 [Instrument's time stamp, header]
# bad_flag = -9.990e-29
*END*
[from data line 452]
      6.255      0.031     1.9119     25.967     60.530  46.368894     0.2489      6.394   181.3974 1.2371e-01    18.2775      6.136      8.901    13.2976   999.3935 0.0000e+00
      6.260      0.023     1.9056     25.929     60.552  46.387258     0.2354      6.393   181.6061 1.2371e-01    18.2295      6.139      8.903    13.2958   999.3938 0.0000e+00
      6.263      0.018     1.9053     25.908     60.544  46.382634     0.2250      6.391   181.6233 1.2375e-01    18.2207      6.141      8.906    13.2968   999.3936 0.0000e+00
      6.266      0.013     1.9055     25.884     60.534  46.376493     0.2277      6.389   181.6056 1.2380e-01    18.3021      6.146      8.912    13.2989   999.3933 0.0000e+00
      6.270      0.010     1.9014     25.855     60.533  46.376514     0.2422      6.389   181.6496 1.2378e-01    18.4926      6.149      8.918    13.2991   999.3934 0.0000e+00
      6.272      0.008     1.8979     25.850     60.541  46.382884     0.2523      6.389   181.7252 1.2369e-01    18.6226      6.151      8.922    13.3000   999.3933 0.0000e+00
      6.274      0.006     1.8974     25.869     60.549  46.390016     0.2538      6.389   181.9173 1.2361e-01    18.6617      6.153      8.924    13.3016   999.3931 0.0000e+00
      6.274      0.004     1.8960     25.890     60.560  46.399233     0.2523      6.386   182.1663 1.2364e-01    18.6706      6.153      8.924    13.3025   999.3929 0.0000e+00
      6.275      0.003     1.8920     25.902     60.600  46.430823     0.2514      6.385   182.2397 1.2372e-01    18.6974      6.154      8.925    13.3034   999.3928 0.0000e+00
      6.276      0.003     1.8921     25.904     60.630  46.454445     0.2521      6.385   182.2031 1.2376e-01    18.7240      6.154      8.926    13.3040   999.3928 0.0000e+00
      6.276 -9.990e-29     1.8942 -9.990e-29 -9.990e-29 -9.990e-29 -9.990e-29 -9.990e-29 -9.990e-29 1.2382e-01 -9.990e-29      6.155      8.927    13.3047   999.3927 0.0000e+00
      6.276 -9.990e-29     1.8958 -9.990e-29 -9.990e-29 -9.990e-29 -9.990e-29 -9.990e-29 -9.990e-29 1.2382e-01 -9.990e-29      6.155      8.927    13.3058   999.3925 0.0000e+00
      6.276 -9.990e-29     1.8968 -9.990e-29 -9.990e-29 -9.990e-29 -9.990e-29 -9.990e-29 -9.990e-29 1.2372e-01 -9.990e-29      6.155      8.927    13.3066   999.3924 0.0000e+00
      6.276 -9.990e-29     1.8964 -9.990e-29 -9.990e-29 -9.990e-29 -9.990e-29 -9.990e-29 -9.990e-29 1.2367e-01 -9.990e-29      6.156      8.928    13.3066   999.3925 0.0000e+00
