Data/DataNotYetUploadedToEDI/Raw_CTD/RawDownloads/101619_fcr45.cnv
* Sea-Bird SBE19plus  Data File:
* FileName = C:\DATA\101619_fcr50_0004.hex
* Software version 2.8.0.119 SB_Terminal.dll
* Temperature SN = 7809
* Conductivity SN = 7809
* System UpLoad Time = Oct 16 2019 16:53:27
* <ApplicationData>
* <Seaterm232>
# nquan = 16
# nvalues = 466                         
# units = specified
# name 0 = depFM: Depth [fresh water, m]
# name 1 = dz/dtM: Descent Rate [m/s]
# name 2 = sbeox0ML/L: Oxygen, SBE 43 [ml/l]
# name 3 = sbeox0PS: Oxygen, SBE 43 [% saturation]
# name 4 = specc: Specific Conductance [uS/cm]
# name 5 = c0uS/cm: Conductivity [uS/cm]
# name 6 = flECO-AFL: Fluorescence, WET Labs ECO-AFL/FL [mg/m^3]
# name 7 = ph: pH
# name 8 = orp: Oxidation Reduction Potential [mV]
# name 9 = par/sat/log: PAR/Logarithmic, Satlantic
# name 10 = turbWETntu0: Turbidity, WET Labs ECO [NTU]
# name 11 = prdM: Pressure, Strain Gauge [db]
# name 12 = prdE: Pressure, Strain Gauge [psi]
# name 13 = tv290C: Temperature [ITS-90, deg C]
# name 14 = density00: Density [density, kg/m^3]
# name 15 = flag:  0.000e+00
# span 0 =     -0.042,      6.276       
# span 1 =     -0.048,      0.128       
# span 2 =    -0.5574,     6.4171       
# span 3 =     -7.769,     94.938       
# span 4 =     39.569,     98.678       
# span 5 =  33.435803,  81.168275       
# span 6 =     0.1822,     2.7825       
# span 7 =      6.385,      7.513       
# span 8 =   150.9614,   207.3677       
# span 9 = 1.2356e-01, 2.0207e+02       
# span 10 =     7.5742,    20.4454      
# span 11 =     -0.041,      6.156      
# span 12 =     -0.059,      8.928      
# span 13 =    13.2958,    17.3060      
# span 14 =   998.7449,   999.3938      
# span 15 = 0.0000e+00, 0.0000e+00      
# interval = seconds: 0.25
# start_time = Oct 16 2019 11:55:59 [Instrument's time stamp, header]
# bad_flag = -9.990e-29
*END*
      0.001      0.107     6.2500     94.938     39.959  33.725545     1.9834      7.513   192.6254 1.2358e+02     8.5843     -0.028     -0.040    17.1800   998.7628 0.0000e+00
      0.079      0.092     6.3034     94.210     39.948  33.692195     1.9794      7.504   192.0389 1.0832e+02     8.5288      0.092      0.133    17.2141   998.7573 0.0000e+00
      0.138      0.064     6.3762     93.080     39.991  33.710025     1.9852      7.494   191.5472 1.0221e+02     8.5143      0.160      0.233    17.2348   998.7539 0.0000e+00
      0.144      0.029     6.4171     91.683     40.053  33.750713     2.0004      7.483   191.1543 1.0961e+02     8.5401      0.149      0.216    17.2282   998.7550 0.0000e+00
      0.115     -0.009     6.4073     90.201     40.115  33.803347     1.9989      7.471   190.8159 1.2389e+02     8.5790      0.118      0.172    17.1969   998.7604 0.0000e+00
      0.076     -0.039     6.3574     88.786     40.140  33.838698     1.9847      7.461   190.9838 1.3811e+02     8.5909      0.067      0.099    17.1625   998.7661 0.0000e+00
      0.050     -0.048     6.2831     87.515     40.143  33.860829     1.9759      7.453   192.5816 1.4457e+02     8.5528      0.040      0.057    17.1406   998.7698 0.0000e+00
      0.045     -0.041     6.1854     86.341     40.143  33.880573     1.9709      7.447   195.4230 1.4368e+02     8.4790      0.039      0.058    17.1224   998.7730 0.0000e+00
      0.053     -0.029     6.0817     85.011     40.133  33.887052     1.9758      7.441   196.1718 1.4092e+02     8.3863      0.053      0.077    17.1218   998.7733 0.0000e+00
      0.060     -0.021     5.9828     83.339     40.108  33.875711     1.9832      7.435   194.5793 1.4120e+02     8.3499      0.064      0.092    17.1435   998.7695 0.0000e+00
      0.056     -0.019     5.8914     81.357     40.093  33.870390     1.9740      7.427   193.3761 1.4728e+02     8.3674      0.059      0.087    17.1731   998.7643 0.0000e+00
      0.040     -0.022     5.8192     79.224     40.103  33.886193     1.9595      7.420   191.8628 1.5478e+02     8.4335      0.039      0.056    17.1980   998.7598 0.0000e+00
      0.024     -0.022     5.7322     77.174     40.084  33.876389     1.9460      7.413   190.7367 1.5941e+02     8.5593      0.020      0.028    17.2165   998.7565 0.0000e+00
      0.017     -0.012     5.6162     75.364     40.008  33.815325     1.9329      7.405   190.3442 1.6274e+02     8.6102      0.015      0.022    17.2280   998.7544 0.0000e+00
      0.016      0.003     5.4789     73.805     39.893  33.719069     1.9228      7.397   189.6121 1.6456e+02     8.5905      0.016      0.023    17.2357   998.7531 0.0000e+00
      0.018      0.018     5.3274     72.456     39.828  33.664535     1.9364      7.389   189.1113 1.6253e+02     8.5834      0.015      0.021    17.2445   998.7515 0.0000e+00
      0.028      0.023     5.1844     71.270     39.899  33.727137     1.9679      7.379   188.9358 1.5578e+02     8.5569      0.023      0.034    17.2532   998.7500 0.0000e+00
      0.047      0.018     5.0629     70.209     40.033  33.841341     1.9814      7.369   188.9522 1.4752e+02     8.5321      0.047      0.068    17.2584   998.7492 0.0000e+00
      0.062      0.006     4.9592     69.284     40.105  33.903011     1.9780      7.360   188.9655 1.4591e+02     8.5130      0.067      0.097    17.2579   998.7493 0.0000e+00
      0.062     -0.006     4.8691     68.491     40.104  33.901598     1.9700      7.352   188.8386 1.5341e+02     8.5549      0.067      0.097    17.2574   998.7493 0.0000e+00
      0.048     -0.019     4.7914     67.828     40.087  33.887713     1.9720      7.344   190.3439 1.6445e+02     8.7109      0.049      0.070    17.2612   998.7486 0.0000e+00
      0.029     -0.029     4.7180     67.331     40.057  33.862059     1.9848      7.337   193.6574 1.7245e+02     8.7932      0.024      0.035    17.2627   998.7484 0.0000e+00
      0.018     -0.033     4.6564     67.001     40.037  33.845282     1.9953      7.329   195.6047 1.7385e+02     8.7635      0.014      0.020    17.2629   998.7483 0.0000e+00
      0.015     -0.030     4.6037     66.794     40.071  33.875264     1.9768      7.319   195.6487 1.7215e+02     8.6469      0.014      0.021    17.2627   998.7483 0.0000e+00
      0.012     -0.023     4.5574     66.695     40.107  33.907249     1.9350      7.311   195.3929 1.7187e+02     8.4654      0.013      0.019    17.2627   998.7483 0.0000e+00
      0.005     -0.016     4.5236     66.666     40.115  33.914682     1.9228      7.304   195.2651 1.7419e+02     8.4044      0.006      0.008    17.2636   998.7481 0.0000e+00
     -0.001     -0.012     4.5038     66.652     40.099  33.901677     1.9342      7.299   195.0500 1.7689e+02     8.4001     -0.003     -0.005    17.2635   998.7481 0.0000e+00
     -0.004     -0.010     4.4890     66.631     40.070  33.876936     1.9339      7.294   194.7706 1.7619e+02     8.3482     -0.005     -0.007    17.2646   998.7478 0.0000e+00
     -0.004     -0.009     4.4829     66.563     40.060  33.869399     1.9193      7.289   194.6411 1.7485e+02     8.4650     -0.003     -0.005    17.2668   998.7475 0.0000e+00
     -0.004     -0.008     4.4834     66.455     40.065  33.874004     1.9044      7.284   194.5165 1.7533e+02     8.7966     -0.003     -0.004    17.2683   998.7472 0.0000e+00
     -0.005     -0.008     4.4814     66.411     40.058  33.869160     1.9104      7.280   194.2106 1.7583e+02     9.0149     -0.004     -0.006    17.2687   998.7471 0.0000e+00
     -0.008     -0.009     4.4819     66.501     40.063  33.874295     1.9306      7.276   193.8679 1.7788e+02     9.0069     -0.007     -0.011    17.2684   998.7472 0.0000e+00
     -0.011     -0.012     4.4780     66.716     40.060  33.872630     1.9230      7.273   193.6419 1.8179e+02     8.6999     -0.011     -0.015    17.2683   998.7472 0.0000e+00
     -0.014     -0.015     4.4665     67.033     40.030  33.849021     1.8883      7.271   193.4574 1.8560e+02     8.1874     -0.013     -0.020    17.2688   998.7471 0.0000e+00
     -0.018     -0.016     4.4619     67.401     40.021  33.842714     1.8663      7.269   193.2723 1.8871e+02     7.9216     -0.017     -0.025    17.2700   998.7469 0.0000e+00
     -0.023     -0.016     4.4689     67.757     40.040  33.859831     1.8652      7.267   193.0387 1.9075e+02     7.9113     -0.022     -0.031    17.2714   998.7466 0.0000e+00
     -0.028     -0.014     4.4830     68.064     40.045  33.865592     1.8837      7.264   192.7832 1.9209e+02     8.1615     -0.027     -0.039    17.2733   998.7462 0.0000e+00
     -0.033     -0.011     4.5057     68.290     40.025  33.848897     1.9085      7.259   192.5922 1.9261e+02     8.6532     -0.033     -0.048    17.2751   998.7459 0.0000e+00
     -0.037     -0.007     4.5320     68.392     40.024  33.848376     1.9215      7.254   192.4500 1.9252e+02     8.9398     -0.037     -0.053    17.2770   998.7455 0.0000e+00
     -0.037     -0.004     4.5565     68.368     40.037  33.859291     1.9281      7.251   192.2682 1.9378e+02     8.9728     -0.037     -0.054    17.2786   998.7452 0.0000e+00
     -0.035     -0.002     4.5774     68.249     40.031  33.853937     1.9460      7.248   192.0295 1.9693e+02     8.9218     -0.035     -0.050    17.2797   998.7450 0.0000e+00
     -0.033     -0.002     4.5944     68.097     40.024  33.847109     1.9728      7.244   191.8008 1.9836e+02     8.8143     -0.032     -0.046    17.2806   998.7449 0.0000e+00
     -0.032     -0.003     4.6007     67.953     40.016  33.840196     1.9825      7.239   191.6535 1.9627e+02     8.7544     -0.030     -0.044    17.2808   998.7449 0.0000e+00
     -0.034     -0.004     4.5985     67.799     40.008  33.833811     1.9860      7.234   191.6256 1.9584e+02     8.7865     -0.033     -0.048    17.2807   998.7449 0.0000e+00
     -0.038     -0.004     4.5892     67.630     40.007  33.833385     2.0241      7.229   191.5493 2.0015e+02     8.9731     -0.039     -0.056    17.2803   998.7449 0.0000e+00
     -0.041     -0.003     4.5768     67.452     40.009  33.835039     2.0876      7.223   191.4189 2.0207e+02     9.2743     -0.041     -0.059    17.2802   998.7449 0.0000e+00
     -0.042      0.000     4.5691     67.237     40.032  33.853812     2.1215      7.215   191.4268 1.9873e+02     9.4462     -0.041     -0.059    17.2804   998.7449 0.0000e+00
     -0.041      0.004     4.5585     66.995     40.053  33.869976     2.1210      7.206   191.3863 1.9783e+02     9.4458     -0.040     -0.058    17.2804   998.7449 0.0000e+00
     -0.039      0.007     4.5462     66.764     40.020  33.840080     2.1083      7.198   191.1873 1.9663e+02     9.4012     -0.039     -0.056    17.2801   998.7449 0.0000e+00
     -0.036      0.008     4.5360     66.567     39.988  33.809664     2.0546      7.192   191.0854 1.9225e+02     9.3318     -0.035     -0.051    17.2797   998.7450 0.0000e+00
     -0.032      0.008     4.5213     66.422     40.004  33.819539     1.9736      7.186   191.1004 1.9164e+02     9.2297     -0.030     -0.044    17.2791   998.7452 0.0000e+00
     -0.029      0.008     4.5034     66.324     40.023  33.832543     1.9354      7.179   191.0248 1.9196e+02     9.1823     -0.028     -0.040    17.2773   998.7455 0.0000e+00
     -0.028      0.007     4.4884     66.247     40.033  33.839958     1.9319      7.172   190.8592 1.8901e+02     9.1850     -0.028     -0.040    17.2747   998.7460 0.0000e+00
     -0.027      0.005     4.4743     66.162     40.039  33.845725     1.9309      7.167   190.6470 1.8779e+02     9.0982     -0.027     -0.039    17.2714   998.7465 0.0000e+00
     -0.026      0.004     4.4656     66.042     40.029  33.838815     1.9321      7.161   190.4382 1.8959e+02     8.9192     -0.027     -0.038    17.2662   998.7475 0.0000e+00
     -0.025      0.004     4.4600     65.858     40.005  33.819871     1.9287      7.156   190.3989 1.8903e+02     8.7907     -0.025     -0.036    17.2610   998.7484 0.0000e+00
     -0.024      0.004     4.4558     65.578     39.988  33.807072     1.9324      7.151   190.4300 1.8691e+02     8.7893     -0.023     -0.034    17.2603   998.7485 0.0000e+00
     -0.023      0.003     4.4504     65.200     39.993  33.810996     1.9427      7.146   190.4707 1.8811e+02     8.8368     -0.022     -0.032    17.2624   998.7481 0.0000e+00
     -0.023      0.002     4.4425     64.750     39.985  33.803848     1.9410      7.142   190.4604 1.8955e+02     8.8409     -0.022     -0.032    17.2642   998.7478 0.0000e+00
     -0.022      0.001     4.4314     64.274     39.962  33.784116     1.9292      7.139   190.3063 1.8823e+02     8.8061     -0.022     -0.032    17.2660   998.7475 0.0000e+00
     -0.022      0.001     4.4122     63.808     39.938  33.762816     1.9216      7.135   190.1554 1.8723e+02     8.7775     -0.021     -0.031    17.2673   998.7473 0.0000e+00
     -0.022      0.000     4.3862     63.353     39.910  33.736691     1.9266      7.133   190.0994 1.8781e+02     8.8548     -0.022     -0.032    17.2674   998.7473 0.0000e+00
     -0.022     -0.001     4.3548     62.896     39.895  33.722107     1.9289      7.132   190.0595 1.8933e+02     8.9868     -0.022     -0.031    17.2670   998.7473 0.0000e+00
     -0.022     -0.001     4.3217     62.447     39.888  33.713406     1.9238      7.130   189.9308 1.9110e+02     9.0297     -0.022     -0.032    17.2661   998.7475 0.0000e+00
     -0.022     -0.002     4.2905     62.032     39.869  33.694955     1.9254      7.128   189.6608 1.9099e+02     9.0131     -0.022     -0.032    17.2650   998.7477 0.0000e+00
     -0.023     -0.002     4.2611     61.655     39.866  33.689401     1.9304      7.126   189.4624 1.8929e+02     8.9506     -0.023     -0.033    17.2632   998.7480 0.0000e+00
     -0.024      0.000     4.2299     61.290     39.895  33.709712     1.9332      7.125   189.5966 1.8877e+02     8.8638     -0.023     -0.034    17.2601   998.7485 0.0000e+00
     -0.024      0.009     4.1993     60.934     39.945  33.750134     1.9328      7.120   189.2186 1.9165e+02     8.8162     -0.024     -0.035    17.2566   998.7491 0.0000e+00
     -0.024      0.025     4.1714     60.617     40.001  33.797354     1.9257      7.110   188.0757 1.9510e+02     8.8011     -0.025     -0.036    17.2530   998.7498 0.0000e+00
     -0.024      0.047     4.1474     60.382     39.971  33.772916     1.9167      7.100   187.2217 1.9300e+02     8.8123     -0.026     -0.038    17.2490   998.7505 0.0000e+00
     -0.017      0.068     4.1236     60.278     39.820  33.645054     1.9363      7.091   186.7227 1.8283e+02     9.0820     -0.023     -0.035    17.2440   998.7514 0.0000e+00
      0.008      0.080     4.0987     60.288     39.670  33.520677     1.9808      7.085   186.3432 1.6298e+02     9.6040     -0.000     -0.001    17.2404   998.7521 0.0000e+00
      0.048      0.082     4.0771     60.351     39.614  33.474905     2.0038      7.081   186.1608 1.4056e+02     9.8808      0.048      0.070    17.2415   998.7521 0.0000e+00
      0.086      0.076     4.0586     60.423     39.620  33.472414     1.9976      7.079   186.0662 1.2861e+02     9.8722      0.093      0.134    17.2439   998.7519 0.0000e+00
      0.107      0.063     4.0527     60.453     39.657  33.490555     1.9841      7.078   186.0600 1.2713e+02     9.6306      0.112      0.162    17.2407   998.7525 0.0000e+00
      0.111      0.049     4.0554     60.439     39.759  33.567301     1.9782      7.076   186.1722 1.3028e+02     9.1551      0.112      0.163    17.2440   998.7519 0.0000e+00
      0.107      0.040     4.0588     60.401     39.848  33.638758     1.9787      7.071   186.3052 1.3350e+02     8.8759      0.102      0.149    17.2528   998.7503 0.0000e+00
      0.106      0.041     4.0673     60.350     39.794  33.592963     1.9817      7.063   186.2904 1.3363e+02     8.8439      0.100      0.145    17.2400   998.7525 0.0000e+00
      0.114      0.049     4.0705     60.314     39.705  33.521306     1.9977      7.057   186.2514 1.3057e+02     8.8004      0.109      0.158    17.2174   998.7566 0.0000e+00
      0.133      0.060     4.0696     60.289     39.711  33.533945     2.0241      7.052   186.4361 1.2335e+02     8.7756      0.126      0.182    17.2057   998.7588 0.0000e+00
      0.163      0.071     4.0681     60.250     39.802  33.618858     2.0409      7.047   186.9747 1.1434e+02     8.8392      0.161      0.233    17.2029   998.7595 0.0000e+00
      0.188      0.083     4.0627     60.186     39.919  33.722959     2.0535      7.041   187.6876 1.0942e+02     8.8816      0.191      0.278    17.2038   998.7594 0.0000e+00
      0.203      0.095     4.0606     60.096     39.904  33.713726     2.1071      7.034   188.1722 1.0727e+02     8.8293      0.199      0.289    17.2069   998.7589 0.0000e+00
      0.215      0.102     4.0588     59.996     39.730  33.570692     2.1861      7.029   188.3605 1.0271e+02     8.7644      0.205      0.298    17.2194   998.7567 0.0000e+00
      0.239      0.101     4.0551     59.924     39.587  33.453225     2.2286      7.027   188.3293 9.4110e+01     8.7524      0.225      0.327    17.2307   998.7549 0.0000e+00
      0.279      0.095     4.0506     59.897     39.569  33.435803     2.2401      7.028   188.3107 8.3797e+01     8.7823      0.273      0.396    17.2355   998.7543 0.0000e+00
      0.322      0.088     4.0441     59.902     39.646  33.486974     2.1766      7.029   188.4800 7.7159e+01     8.7320      0.326      0.473    17.2391   998.7539 0.0000e+00
      0.347      0.080     4.0358     59.977     39.758  33.564195     2.0507      7.028   188.6558 7.5720e+01     8.5706      0.349      0.506    17.2424   998.7533 0.0000e+00
      0.352      0.070     4.0293     60.189     39.823  33.607886     1.9928      7.027   188.8012 7.5851e+01     8.5031      0.346      0.502    17.2523   998.7515 0.0000e+00
      0.352      0.064     4.0289     60.549     39.861  33.634431     1.9963      7.023   189.1195 7.4096e+01     8.5704      0.339      0.493    17.2527   998.7514 0.0000e+00
