Data/DataNotYetUploadedToEDI/Raw_CTD/RawDownloads/101619_fcr30.cnv
* Sea-Bird SBE19plus  Data File:
* FileName = C:\DATA\101619_fcr50_0003.hex
* Software version 2.8.0.119 SB_Terminal.dll
* Temperature SN = 7809
* Conductivity SN = 7809
* System UpLoad Time = Oct 16 2019 16:53:09
* <ApplicationData>
* <Seaterm232>
# nquan = 16
# nvalues = 614                         
# units = specified
# name 0 = depFM: Depth [fresh water, m]
# name 1 = dz/dtM: Descent Rate [m/s]
# name 2 = sbeox0ML/L: Oxygen, SBE 43 [ml/l]
# name 3 = sbeox0PS: Oxygen, SBE 43 [% saturation]
# name 4 = specc: Specific Conductance [uS/cm]
# name 5 = c0uS/cm: Conductivity [uS/cm]
# name 6 = flECO-AFL: Fluorescence, WET Labs ECO-AFL/FL [mg/m^3]
# name 7 = ph: pH
# name 8 = orp: Oxidation Reduction Potential [mV]
# name 9 = par/sat/log: PAR/Logarithmic, Satlantic
# name 10 = turbWETntu0: Turbidity, WET Labs ECO [NTU]
# name 11 = prdM: Pressure, Strain Gauge [db]
# name 12 = prdE: Pressure, Strain Gauge [psi]
# name 13 = tv290C: Temperature [ITS-90, deg C]
# name 14 = density00: Density [density, kg/m^3]
# name 15 = flag:  0.000e+00
# span 0 =     -0.604,      5.342       
# span 1 =     -0.077,      0.164       
# span 2 =    -0.4874,     6.7015       
# span 3 =     -6.879,     99.448       
# span 4 =     39.786,     99.971       
# span 5 =  33.541348,  82.094930       
# span 6 =    -0.0007,     3.0208       
# span 7 =      6.521,      7.954       
# span 8 =   112.9110,   241.0961       
# span 9 = 1.2363e-01, 4.3965e+02       
# span 10 =     2.2049,    26.1990      
# span 11 =     -0.600,      5.240      
# span 12 =     -0.870,      7.600      
# span 13 =    13.3135,    17.3416      
# span 14 =   998.7341,   999.3872      
# span 15 = 0.0000e+00, 0.0000e+00      
# interval = seconds: 0.25
# start_time = Oct 16 2019 11:49:56 [Instrument's time stamp, header]
# bad_flag = -9.990e-29
*END*
[from data line 543]
      4.548      0.054     0.1466      1.965     69.360  54.195916     2.8033      6.583   113.3000 1.2369e-01     4.7728      4.463      6.473    14.1787   999.2690 0.0000e+00
      4.556      0.044     0.1434      1.931     68.399  53.439951     2.6280      6.583   113.1785 1.2374e-01     4.4651      4.471      6.484    14.1047   999.2792 0.0000e+00
      4.558      0.037     0.1431      1.883     67.558  52.753037     2.5407      6.583   113.0325 1.2375e-01     4.2884      4.469      6.482    14.0631   999.2855 0.0000e+00
      4.561      0.035     0.1434      1.839     67.207  52.433732     2.5368      6.584   112.9110 1.2369e-01     4.2746      4.470      6.483    14.0583   999.2864 0.0000e+00
      4.571      0.035     0.1418      1.799     67.091  52.310789     2.5292      6.585   113.0003 1.2365e-01     4.2660      4.482      6.500    14.0671   999.2850 0.0000e+00
      4.585      0.040     0.1396      1.757     66.586  51.901752     2.4315      6.586   113.2520 1.2366e-01     4.3802      4.497      6.522    14.0698   999.2843 0.0000e+00
      4.599      0.045     0.1353      1.722     65.598  51.108842     2.2653      6.587   113.6308 1.2367e-01     4.6729      4.511      6.543    14.0454   999.2874 0.0000e+00
      4.609      0.050     0.1322      1.689     64.752  50.409817     2.1838      6.588   114.1395 1.2367e-01     4.8887      4.521      6.557    13.9997   999.2937 0.0000e+00
      4.618      0.053     0.1303      1.654     64.353  50.055881     2.1661      6.588   114.6695 1.2373e-01     4.9900      4.527      6.565    13.9741   999.2973 0.0000e+00
      4.632      0.055     0.1262      1.627     64.249  49.941754     2.0514      6.587   115.2211 1.2381e-01     5.6030      4.540      6.585    13.9742   999.2972 0.0000e+00
      4.649      0.055     0.1243      1.602     64.325  49.982624     1.8547      6.586   115.8189 1.2377e-01     6.7294      4.560      6.613    13.9591   999.2989 0.0000e+00
      4.667      0.053     0.1222      1.577     64.649  50.232444     1.7475      6.586   116.3912 1.2371e-01     7.3350      4.578      6.639    13.9223   999.3038 0.0000e+00
      4.682      0.049     0.1190      1.541     65.206  50.675673     1.7341      6.585   116.9779 1.2373e-01     7.4846      4.592      6.661    13.8852   999.3089 0.0000e+00
      4.694      0.044     0.1179      1.485     65.551  50.958915     1.6845      6.585   117.4920 1.2375e-01     8.4075      4.604      6.679    13.8581   999.3126 0.0000e+00
      4.703      0.040     0.1158      1.447     65.326  50.798776     1.5810      6.585   117.8740 1.2375e-01     9.9402      4.613      6.690    13.8440   999.3147 0.0000e+00
      4.709      0.039     0.1142      1.447     64.298  50.009849     1.5150      6.585   118.3281 1.2374e-01    10.7112      4.618      6.697    13.8429   999.3149 0.0000e+00
      4.716      0.041     0.1127      1.457     62.493  48.597430     1.5019      6.586   118.8522 1.2374e-01    10.8481      4.624      6.706    13.8546   999.3136 0.0000e+00
      4.726      0.044     0.1067      1.467     60.899  47.313294     1.4833      6.586   119.2211 1.2374e-01    11.4639      4.633      6.719    13.8664   999.3122 0.0000e+00
      4.739      0.048     0.1031      1.473     60.179  46.677574     1.4634      6.586   119.4322 1.2374e-01    12.5203      4.646      6.738    13.8782   999.3106 0.0000e+00
      4.755      0.051     0.1050      1.494     59.974  46.436121     1.4698      6.586   119.6843 1.2375e-01    13.0681      4.663      6.763    13.8903   999.3087 0.0000e+00
      4.770      0.053     0.1049      1.616     59.972  46.362485     1.4814      6.586   120.1187 1.2372e-01    13.0731      4.680      6.787    13.8905   999.3079 0.0000e+00
      4.783      0.056     0.1063      1.959     60.044  46.358718     1.5269      6.586   120.6405 1.2368e-01    12.9086      4.690      6.802    13.8542   999.3122 0.0000e+00
      4.794      0.061     0.1070      2.647     60.064  46.326999     1.6212      6.586   121.0895 1.2366e-01    12.6186      4.702      6.819    13.7786   999.3225 0.0000e+00
      4.807      0.065     0.1059      3.757     60.076  46.296440     1.6771      6.585   121.4165 1.2367e-01    12.4839      4.714      6.837    13.7055   999.3325 0.0000e+00
      4.823      0.067     0.1121      5.292     60.134  46.306717     1.6817      6.584   121.6695 1.2372e-01    12.5263      4.726      6.856    13.6464   999.3405 0.0000e+00
      4.845      0.070     0.1335      7.213     60.184  46.324207     1.6421      6.583   121.9113 1.2376e-01    13.1638      4.751      6.890    13.5970   999.3473 0.0000e+00
      4.869      0.073     0.1815      9.435     60.189  46.317372     1.5622      6.582   122.1033 1.2375e-01    14.3903      4.779      6.930    13.5598   999.3524 0.0000e+00
      4.887      0.078     0.2628     11.791     60.167  46.287567     1.5136      6.580   122.5283 1.2373e-01    15.0668      4.794      6.953    13.5270   999.3568 0.0000e+00
      4.900      0.080     0.3761     14.089     60.183  46.281342     1.5053      6.579   123.3498 1.2375e-01    15.1488      4.804      6.967    13.4960   999.3610 0.0000e+00
      4.917      0.079     0.5175     16.170     60.242  46.305592     1.4958      6.576   124.2070 1.2383e-01    15.3819      4.819      6.990    13.4777   999.3636 0.0000e+00
      4.942      0.076     0.6847     17.958     60.293  46.326727     1.3470      6.574   125.1488 1.2389e-01    17.9187      4.846      7.028    13.4751   999.3640 0.0000e+00
      4.970      0.073     0.8620     19.468     60.332  46.346348     1.0587      6.573   126.2183 1.2389e-01    22.5847      4.876      7.072    13.4651   999.3654 0.0000e+00
      4.991      0.071     1.0342     20.728     60.347  46.352298     0.8980      6.572   127.0721 1.2384e-01    25.1302      4.899      7.106    13.4478   999.3678 0.0000e+00
      5.003      0.066     1.1892     21.788     60.332  46.335151     0.8947      6.571   127.8141 1.2379e-01    25.3960      4.909      7.119    13.4298   999.3704 0.0000e+00
      5.012      0.059     1.3184     22.724     60.336  46.329541     0.8976      6.570   128.6517 1.2375e-01    25.6344      4.912      7.124    13.4112   999.3728 0.0000e+00
      5.026      0.055     1.4288     23.549     60.373  46.347964     0.8721      6.569   129.4561 1.2371e-01    26.0125      4.927      7.147    13.4043   999.3737 0.0000e+00
      5.044      0.055     1.5199     24.228     60.411  46.367376     0.8468      6.568   130.2266 1.2365e-01    26.1990      4.950      7.179    13.4027   999.3741 0.0000e+00
      5.058      0.057     1.5943     24.760     60.433  46.373717     0.8338      6.568   130.9983 1.2369e-01    26.1210      4.962      7.197    13.3984   999.3747 0.0000e+00
      5.070      0.058     1.6628     25.164     60.430  46.361122     0.8192      6.566   131.7308 1.2376e-01    25.7565      4.969      7.208    13.3903   999.3758 0.0000e+00
      5.085      0.056     1.7258     25.464     60.415  46.342081     0.8007      6.563   132.4592 1.2376e-01    25.1678      4.986      7.232    13.3809   999.3771 0.0000e+00
      5.102      0.053     1.7746     25.659     60.410  46.334005     0.7836      6.562   133.1803 1.2379e-01    24.8368      5.005      7.259    13.3739   999.3781 0.0000e+00
      5.117      0.051     1.8141     25.752     60.404  46.326978     0.7675      6.561   133.7375 1.2383e-01    24.7356      5.018      7.278    13.3644   999.3795 0.0000e+00
      5.129      0.051     1.8427     25.792     60.396  46.320619     0.7106      6.560   134.0337 1.2378e-01    23.9778      5.030      7.296    13.3545   999.3809 0.0000e+00
      5.139      0.050     1.8651     25.814     60.397  46.320619     0.6166      6.558   134.3528 1.2378e-01    22.6216      5.041      7.310    13.3490   999.3816 0.0000e+00
      5.149      0.050     1.8807     25.847     60.408  46.326979     0.5661      6.557   134.8423 1.2382e-01    21.9057      5.049      7.323    13.3461   999.3820 0.0000e+00
      5.162      0.050     1.8842     25.882     60.422  46.334009     0.5605      6.556   135.3069 1.2380e-01    21.8107      5.062      7.341    13.3440   999.3823 0.0000e+00
      5.177      0.050     1.8880     25.896     60.435  46.342101     0.5318      6.555   135.6674 1.2380e-01    21.4073      5.078      7.365    13.3441   999.3824 0.0000e+00
      5.192      0.051     1.8875     25.889     60.458  46.361317     0.4702      6.554   136.0182 1.2378e-01    20.6990      5.092      7.385    13.3444   999.3824 0.0000e+00
      5.205      0.054     1.8906     25.866     60.474  46.375838     0.4398      6.553   136.4518 1.2377e-01    20.3250      5.106      7.405    13.3424   999.3828 0.0000e+00
      5.216      0.056     1.8945     25.812     60.497  46.390663     0.4411      6.551   136.9525 1.2382e-01    20.2940      5.116      7.420    13.3386   999.3834 0.0000e+00
      5.228      0.057     1.8951     25.692     60.534  46.413548     0.4259      6.548   137.4254 1.2382e-01    20.2265      5.124      7.432    13.3359   999.3837 0.0000e+00
      5.244      0.057     1.8948     25.489     60.523  46.398506     0.3862      6.545   137.7815 1.2375e-01    19.6390      5.142      7.458    13.3383   999.3835 0.0000e+00
      5.264      0.056     1.8926     25.203     60.448  46.335794     0.3328      6.543   138.0750 1.2371e-01    18.5983      5.162      7.487    13.3421   999.3831 0.0000e+00
      5.282      0.053     1.8905     24.828     60.393  46.290354     0.3097      6.542   138.3920 1.2373e-01    18.0324      5.181      7.516    13.3398   999.3835 0.0000e+00
      5.295      0.048     1.8821     24.384     60.402  46.293619     0.3150      6.539   138.7750 1.2376e-01    17.9757      5.193      7.534    13.3332   999.3845 0.0000e+00
      5.303      0.041     1.8673     23.906     60.430  46.311765     0.3184      6.536   139.1792 1.2379e-01    17.8138      5.199      7.541    13.3271   999.3853 0.0000e+00
      5.312      0.033     1.8470     23.425     60.442  46.319241     0.3166      6.533   139.4935 1.2378e-01    17.4833      5.209      7.555    13.3235   999.3857 0.0000e+00
      5.321      0.026     1.8192     22.978     60.444  46.320500     0.3110      6.531   139.8213 1.2373e-01    17.2910      5.219      7.570    13.3211   999.3861 0.0000e+00
      5.327      0.020     1.7854     22.618     60.451  46.326984     0.3108      6.530   140.2164 1.2368e-01    17.2906      5.224      7.578    13.3181   999.3865 0.0000e+00
      5.331      0.015     1.7503     22.386     60.457  46.334138     0.3153      6.530   140.5723 1.2367e-01    17.2817      5.227      7.582    13.3152   999.3869 0.0000e+00
      5.333      0.010     1.7139     22.274     60.464  46.343489     0.3129      6.528   140.8544 1.2366e-01    17.2159      5.230      7.585    13.3135   999.3872 0.0000e+00
      5.335      0.006     1.6800     22.269     60.499  46.376553     0.3076      6.526   141.1328 1.2372e-01    17.1507      5.231      7.587    13.3135   999.3872 0.0000e+00
      5.335      0.004     1.6517     22.353     60.541  46.416402     0.3118      6.525   141.5290 1.2380e-01    17.0835      5.232      7.588    13.3141   999.3871 0.0000e+00
      5.336      0.003     1.6360     22.476     60.563  46.444269     0.3111      6.525   141.9447 1.2376e-01    17.0264      5.233      7.589    13.3157   999.3869 0.0000e+00
      5.336      0.003     1.6277     22.606     60.563  46.459483     0.3076      6.524   142.2876 1.2368e-01    17.0500      5.233      7.590    13.3196   999.3864 0.0000e+00
      5.337      0.004     1.6268     22.719     60.566  46.473356     0.3139      6.522   142.6631 1.2365e-01    17.1070      5.233      7.590    13.3254   999.3856 0.0000e+00
      5.338      0.004     1.6353     22.767     60.577  46.485008     0.3180      6.521   142.8721 1.2370e-01    17.1252      5.234      7.591    13.3310   999.3849 0.0000e+00
      5.339 -9.990e-29     1.6440 -9.990e-29 -9.990e-29 -9.990e-29 -9.990e-29 -9.990e-29 -9.990e-29 1.2375e-01 -9.990e-29      5.236      7.594    13.3386   999.3839 0.0000e+00
      5.341 -9.990e-29     1.6535 -9.990e-29 -9.990e-29 -9.990e-29 -9.990e-29 -9.990e-29 -9.990e-29 1.2373e-01 -9.990e-29      5.238      7.597    13.3548   999.3818 0.0000e+00
      5.342 -9.990e-29     1.6629 -9.990e-29 -9.990e-29 -9.990e-29 -9.990e-29 -9.990e-29 -9.990e-29 1.2369e-01 -9.990e-29      5.239      7.599    13.3657   999.3804 0.0000e+00
      5.342 -9.990e-29     1.6676 -9.990e-29 -9.990e-29 -9.990e-29 -9.990e-29 -9.990e-29 -9.990e-29 1.2368e-01 -9.990e-29      5.240      7.600    13.3659   999.3804 0.0000e+00
