Data/DataNotYetUploadedToEDI/Raw_CTD/RawDownloads/101619_fcr30.cnv
* Sea-Bird SBE19plus  Data File:
* FileName = C:\DATA\101619_fcr50_0003.hex
* Software version 2.8.0.119 SB_Terminal.dll
* Temperature SN = 7809
* Conductivity SN = 7809
* System UpLoad Time = Oct 16 2019 16:53:09
* <ApplicationData>
* <Seaterm232>
# nquan = 16
# nvalues = 614                         
# units = specified
# name 0 = depFM: Depth [fresh water, m]
# name 1 = dz/dtM: Descent Rate [m/s]
# name 2 = sbeox0ML/L: Oxygen, SBE 43 [ml/l]
# name 3 = sbeox0PS: Oxygen, SBE 43 [% saturation]
# name 4 = specc: Specific Conductance [uS/cm]
# name 5 = c0uS/cm: Conductivity [uS/cm]
# name 6 = flECO-AFL: Fluorescence, WET Labs ECO-AFL/FL [mg/m^3]
# name 7 = ph: pH
# name 8 = orp: Oxidation Reduction Potential [mV]
# name 9 = par/sat/log: PAR/Logarithmic, Satlantic
# name 10 = turbWETntu0: Turbidity, WET Labs ECO [NTU]
# name 11 = prdM: Pressure, Strain Gauge [db]
# name 12 = prdE: Pressure, Strain Gauge [psi]
# name 13 = tv290C: Temperature [ITS-90, deg C]
# name 14 = density00: Density [density, kg/m^3]
# name 15 = flag:  0.000e+00
# span 0 =     -0.604,      5.342       
# span 1 =     -0.077,      0.164       
# span 2 =    -0.4874,     6.7015       
# span 3 =     -6.879,     99.448       
# span 4 =     39.786,     99.971       
# span 5 =  33.541348,  82.094930       
# span 6 =    -0.0007,     3.0208       
# span 7 =      6.521,      7.954       
# span 8 =   112.9110,   241.0961       
# span 9 = 1.2363e-01, 4.3965e+02       
# span 10 =     2.2049,    26.1990      
# span 11 =     -0.600,      5.240      
# span 12 =     -0.870,      7.600      
# span 13 =    13.3135,    17.3416      
# span 14 =   998.7341,   999.3872      
# span 15 = 0.0000e+00, 0.0000e+00      
# interval = seconds: 0.25
# start_time = Oct 16 2019 11:49:56 [Instrument's time stamp, header]
# bad_flag = -9.990e-29
*END*
[from data line 91]
     -0.061      0.002     3.9471     57.559     39.882  33.664805     1.9871      7.332   219.1731 1.3287e+02     9.5080     -0.058     -0.085    17.2165   998.7561 0.0000e+00
     -0.060      0.004     3.9315     57.243     39.877  33.656635     1.9538      7.329   219.2684 1.3671e+02    10.0141     -0.057     -0.083    17.2124   998.7568 0.0000e+00
     -0.060      0.005     3.9123     56.914     39.849  33.630267     1.9318      7.325   219.4656 1.3499e+02    10.2663     -0.059     -0.085    17.2087   998.7575 0.0000e+00
     -0.058      0.004     3.8955     56.608     39.817  33.599847     1.9282      7.322   219.6642 1.3154e+02    10.2969     -0.058     -0.084    17.2054   998.7580 0.0000e+00
     -0.055      0.003     3.8766     56.314     39.827  33.606144     1.9532      7.319   219.6904 1.3161e+02    10.2523     -0.054     -0.078    17.2015   998.7587 0.0000e+00
     -0.053      0.001     3.8555     56.022     39.873  33.642944     1.9827      7.316   219.6112 1.3091e+02    10.0547     -0.052     -0.075    17.1972   998.7595 0.0000e+00
     -0.053     -0.002     3.8320     55.743     39.901  33.663995     1.9827      7.313   219.6523 1.2806e+02     9.9068     -0.052     -0.076    17.1932   998.7602 0.0000e+00
     -0.055     -0.004     3.8124     55.446     39.913  33.670278     1.9783      7.310   219.7576 1.2731e+02     9.9065     -0.053     -0.077    17.1893   998.7608 0.0000e+00
     -0.058     -0.006     3.7942     55.148     39.899  33.655439     1.9997      7.307   219.8514 1.3067e+02     9.9850     -0.057     -0.082    17.1861   998.7614 0.0000e+00
     -0.061     -0.007     3.7723     54.888     39.850  33.611503     2.0241      7.305   219.9249 1.3411e+02    10.1035     -0.059     -0.086    17.1833   998.7619 0.0000e+00
     -0.063     -0.006     3.7566     54.629     39.820  33.583296     2.0311      7.302   219.9591 1.3451e+02    10.1580     -0.061     -0.089    17.1799   998.7625 0.0000e+00
     -0.065     -0.003     3.7361     54.389     39.805  33.568247     2.0403      7.298   220.0074 1.3481e+02    10.1533     -0.064     -0.092    17.1758   998.7632 0.0000e+00
     -0.065      0.000     3.7137     54.214     39.794  33.556475     2.0490      7.294   219.9920 1.3536e+02    10.1447     -0.065     -0.094    17.1715   998.7639 0.0000e+00
     -0.064      0.002     3.6994     54.048     39.809  33.567880     2.0491      7.291   219.9460 1.3502e+02    10.1522     -0.064     -0.093    17.1679   998.7645 0.0000e+00
     -0.063      0.003     3.6817     53.862     39.824  33.579217     2.0499      7.288   219.9665 1.3491e+02    10.1460     -0.061     -0.090    17.1647   998.7651 0.0000e+00
     -0.061      0.003     3.6623     53.677     39.811  33.566620     2.0503      7.285   220.0686 1.3528e+02    10.1027     -0.059     -0.086    17.1614   998.7657 0.0000e+00
     -0.060      0.002     3.6543     53.469     39.786  33.542492     2.0369      7.281   220.2339 1.3410e+02    10.1198     -0.058     -0.084    17.1585   998.7662 0.0000e+00
     -0.060      0.001     3.6443     53.255     39.788  33.541348     2.0099      7.277   220.3296 1.3271e+02    10.1893     -0.058     -0.085    17.1565   998.7666 0.0000e+00
     -0.060     -0.001     3.6291     53.061     39.804  33.552785     1.9919      7.273   220.3649 1.3562e+02    10.1889     -0.059     -0.086    17.1551   998.7668 0.0000e+00
     -0.061     -0.003     3.6198     52.873     39.809  33.553849     1.9835      7.269   220.4029 1.4052e+02    10.1471     -0.060     -0.087    17.1531   998.7671 0.0000e+00
     -0.062     -0.004     3.6045     52.688     39.812  33.554197     1.9785      7.265   220.4449 1.4432e+02    10.1427     -0.060     -0.087    17.1499   998.7677 0.0000e+00
     -0.063     -0.005     3.5890     52.508     39.818  33.556993     2.0100      7.261   220.5287 1.4462e+02    10.1689     -0.062     -0.089    17.1461   998.7683 0.0000e+00
     -0.065     -0.005     3.5778     52.331     39.857  33.587653     2.0776      7.257   220.6413 1.4335e+02    10.1687     -0.064     -0.092    17.1428   998.7689 0.0000e+00
     -0.066     -0.004     3.5645     52.171     39.883  33.607591     2.1101      7.253   220.7741 1.4300e+02    10.1074     -0.065     -0.094    17.1398   998.7695 0.0000e+00
     -0.067     -0.003     3.5526     52.034     39.886  33.607660     2.0999      7.251   220.9298 1.4032e+02    10.0505     -0.066     -0.096    17.1368   998.7700 0.0000e+00
     -0.068     -0.001     3.5407     51.894     40.015  33.715416     2.0932      7.250   221.0610 1.3845e+02    10.0057     -0.067     -0.097    17.1339   998.7704 0.0000e+00
     -0.068      0.002     3.5287     51.774     40.220  33.895017     2.0986      7.247   221.1569 1.4042e+02     9.9257     -0.067     -0.098    17.1313   998.7709 0.0000e+00
     -0.067      0.005     3.5175     51.913     40.315  34.002202     2.1132      7.244   221.2279 1.3981e+02     9.8707     -0.067     -0.097    17.1283   998.7715 0.0000e+00
     -0.066      0.007     3.5093     52.847     40.332  34.059434     2.1219      7.241   221.2310 1.3707e+02     9.8642     -0.065     -0.094    17.1258   998.7719 0.0000e+00
     -0.063      0.008     3.5013     55.104     40.310  34.079332     2.1001      7.238   221.1953 1.3642e+02     9.8811     -0.062     -0.090    17.1227   998.7724 0.0000e+00
     -0.059      0.008     3.4878     58.730     40.248  34.052427     2.0660      7.237   221.1399 1.3511e+02     9.9103     -0.058     -0.084    17.1219   998.7728 0.0000e+00
     -0.056      0.007     3.4816     63.331     40.229  34.051491     2.0572      7.236   221.0783 1.3508e+02     9.9223     -0.055     -0.079    17.1563   998.7668 0.0000e+00
     -0.054      0.006     3.5216     68.266     40.238  34.068039     2.0624      7.233   221.1380 1.3541e+02     9.9280     -0.053     -0.077    17.2237   998.7549 0.0000e+00
     -0.054      0.003     3.6708     72.843     40.225  34.062114     2.0771      7.231   221.1736 1.3434e+02    10.0443     -0.052     -0.076    17.2751   998.7459 0.0000e+00
     -0.055      0.001     3.9230     76.650     40.199  34.043325     2.1047      7.228   221.0780 1.3321e+02    10.2801     -0.054     -0.079    17.3033   998.7409 0.0000e+00
     -0.055     -0.001     4.2444     79.416     40.183  34.031274     2.1098      7.225   221.0149 1.3148e+02    10.4188     -0.055     -0.078    17.3208   998.7378 0.0000e+00
     -0.055      0.001     4.5967     80.944     40.197  34.043333     2.0955      7.221   221.0137 1.3208e+02    10.3785     -0.053     -0.076    17.3307   998.7360 0.0000e+00
     -0.055      0.011     4.9090     81.316     40.219  34.062202     2.0629      7.212   221.1487 1.3422e+02    10.2514     -0.053     -0.078    17.3364   998.7350 0.0000e+00
     -0.058      0.027     5.1707     80.849     40.228  34.069012     2.0097      7.202   221.2710 1.3514e+02    10.1599     -0.056     -0.081    17.3392   998.7345 0.0000e+00
     -0.059      0.043     5.3634     79.898     40.222  34.062216     1.9895      7.196   221.2010 1.3621e+02    10.1569     -0.062     -0.090    17.3406   998.7342 0.0000e+00
     -0.047      0.054     5.4631     78.785     40.202  34.043494     1.9919      7.195   220.6470 1.3403e+02    10.1500     -0.057     -0.082    17.3413   998.7341 0.0000e+00
     -0.017      0.060     5.4791     77.712     40.192  34.033039     1.9779      7.194   219.5633 1.2368e+02    10.0762     -0.018     -0.026    17.3416   998.7342 0.0000e+00
      0.015      0.062     5.4397     76.757     40.228  34.062732     1.9591      7.191   218.7663 1.1377e+02     9.8223      0.023      0.033    17.3405   998.7346 0.0000e+00
      0.033      0.061     5.3682     75.985     40.255  34.085176     1.9391      7.186   218.4973 1.1030e+02     9.4398      0.037      0.052    17.3382   998.7351 0.0000e+00
      0.038      0.055     5.2881     75.431     40.215  34.050549     1.9268      7.181   218.3749 1.1062e+02     9.2518      0.039      0.056    17.3354   998.7356 0.0000e+00
      0.040      0.046     5.2166     75.051     40.185  34.024853     1.9318      7.176   218.3184 1.1045e+02     9.2870      0.036      0.053    17.3332   998.7359 0.0000e+00
      0.049      0.040     5.1499     74.789     40.190  34.028338     1.9989      7.172   218.3303 1.0666e+02     9.5378      0.045      0.064    17.3321   998.7362 0.0000e+00
      0.066      0.039     5.0972     74.644     40.191  34.029231     2.1304      7.170   218.3469 1.0371e+02     9.9248      0.068      0.098    17.3313   998.7365 0.0000e+00
      0.081      0.038     5.0615     74.605     40.199  34.035648     2.2127      7.171   218.3470 1.0388e+02    10.1315      0.082      0.119    17.3306   998.7366 0.0000e+00
      0.091      0.035     5.0383     74.621     40.208  34.042461     2.2313      7.172   218.2460 1.0679e+02    10.1688      0.089      0.128    17.3302   998.7367 0.0000e+00
      0.098      0.030     5.0197     74.644     40.215  34.048137     2.1988      7.174   218.0723 1.1065e+02    10.1470      0.096      0.139    17.3301   998.7368 0.0000e+00
      0.103      0.024     5.0099     74.619     40.207  34.040808     2.1067      7.177   218.0541 1.1386e+02    10.0969      0.102      0.148    17.3302   998.7368 0.0000e+00
      0.107      0.020     5.0095     74.533     40.180  34.017315     2.0452      7.179   218.1107 1.1708e+02    10.0874      0.106      0.153    17.3295   998.7369 0.0000e+00
      0.110      0.020     5.0107     74.411     40.180  34.017940     2.0455      7.179   218.0685 1.2046e+02    10.1307      0.107      0.156    17.3285   998.7371 0.0000e+00
      0.114      0.022     5.0147     74.280     40.216  34.048366     2.1014      7.179   218.0601 1.2399e+02    10.1942      0.111      0.161    17.3279   998.7373 0.0000e+00
      0.119      0.025     5.0134     74.169     40.240  34.067869     2.1924      7.178   218.1811 1.2656e+02    10.1990      0.117      0.168    17.3276   998.7373 0.0000e+00
      0.125      0.029     5.0061     74.069     40.235  34.063348     2.2350      7.177   218.3278 1.2737e+02    10.1238      0.123      0.178    17.3275   998.7374 0.0000e+00
      0.134      0.030     4.9982     73.969     40.227  34.057171     2.2350      7.174   218.4563 1.2660e+02    10.0708      0.131      0.191    17.3277   998.7374 0.0000e+00
      0.145      0.030     4.9877     73.880     40.227  34.056652     2.2435      7.171   218.6171 1.2473e+02     9.9847      0.142      0.206    17.3273   998.7375 0.0000e+00
      0.155      0.028     4.9812     73.770     40.227  34.057068     2.2520      7.170   218.7229 1.2286e+02     9.8035      0.153      0.222    17.3267   998.7377 0.0000e+00
      0.162      0.024     4.9752     73.635     40.232  34.062204     2.2430      7.171   218.7038 1.2171e+02     9.7155      0.161      0.233    17.3264   998.7378 0.0000e+00
      0.166      0.021     4.9669     73.521     40.224  34.055281     2.2294      7.171   218.7298 1.2103e+02     9.7073      0.164      0.238    17.3265   998.7377 0.0000e+00
      0.168      0.018     4.9628     73.447     40.203  34.036827     2.2169      7.170   218.8644 1.2050e+02     9.6713      0.165      0.240    17.3268   998.7377 0.0000e+00
      0.171      0.016     4.9556     73.392     40.194  34.029479     2.1791      7.170   218.9545 1.1932e+02     9.7392      0.167      0.242    17.3277   998.7375 0.0000e+00
      0.176      0.016     4.9446     73.354     40.194  34.029902     2.1279      7.169   219.0450 1.1821e+02     9.8727      0.172      0.251    17.3282   998.7375 0.0000e+00
      0.181      0.017     4.9364     73.351     40.209  34.041952     2.1087      7.169   219.2712 1.1791e+02     9.9098      0.179      0.260    17.3280   998.7376 0.0000e+00
      0.186      0.019     4.9326     73.382     40.217  34.048242     2.1125      7.169   219.5380 1.1752e+02     9.8928      0.183      0.266    17.3276   998.7376 0.0000e+00
      0.191      0.021     4.9292     73.475     40.211  34.042481     2.1132      7.168   219.7762 1.1719e+02     9.8304      0.188      0.273    17.3273   998.7377 0.0000e+00
      0.195      0.022     4.9250     73.640     40.203  34.035758     2.1087      7.167   220.0003 1.1658e+02     9.7450      0.191      0.277    17.3272   998.7377 0.0000e+00
      0.200      0.023     4.9262     73.800     40.197  34.030423     2.1008      7.165   220.2682 1.1518e+02     9.7120      0.195      0.283    17.3268   998.7378 0.0000e+00
      0.207      0.025     4.9271     73.924     40.211  34.041443     2.0963      7.163   220.6060 1.1273e+02     9.6936      0.202      0.293    17.3265   998.7379 0.0000e+00
      0.215      0.026     4.9320     74.039     40.212  34.042067     2.0971      7.161   220.8157 1.0981e+02     9.7855      0.211      0.306    17.3260   998.7380 0.0000e+00
      0.222      0.026     4.9467     74.113     40.208  34.037972     2.1103      7.159   220.9107 1.0771e+02    10.0038      0.219      0.318    17.3253   998.7382 0.0000e+00
      0.229      0.026     4.9585     74.109     40.228  34.055385     2.1265      7.157   221.0659 1.0599e+02    10.1044      0.224      0.326    17.3247   998.7383 0.0000e+00
      0.235      0.025     4.9641     74.029     40.236  34.062213     2.1275      7.156   221.3161 1.0394e+02    10.0847      0.230      0.334    17.3244   998.7384 0.0000e+00
      0.241      0.023     4.9742     73.900     40.231  34.057060     2.1310      7.154   221.6122 1.0182e+02    10.0272      0.236      0.343    17.3243   998.7385 0.0000e+00
      0.247      0.022     4.9799     73.780     40.231  34.056540     2.1518      7.154   221.8931 1.0001e+02     9.9333      0.242      0.352    17.3238   998.7386 0.0000e+00
      0.253      0.021     4.9793     73.685     40.230  34.055925     2.1715      7.154   222.1318 9.8481e+01     9.9006      0.249      0.361    17.3234   998.7387 0.0000e+00
      0.258      0.020     4.9743     73.624     40.223  34.049627     2.1783      7.153   222.2604 9.7028e+01     9.9270      0.253      0.368    17.3232   998.7388 0.0000e+00
      0.263      0.018     4.9626     73.622     40.217  34.043857     2.1911      7.152   222.3297 9.5252e+01    10.0229      0.256      0.373    17.3228   998.7388 0.0000e+00
      0.268      0.016     4.9554     73.684     40.225  34.049632     2.2220      7.151   222.4528 9.3518e+01    10.1754      0.262      0.380    17.3226   998.7389 0.0000e+00
      0.272      0.015     4.9487     73.764     40.233  34.055978     2.2481      7.150   222.7174 9.1884e+01    10.2624      0.267      0.388    17.3224   998.7390 0.0000e+00
      0.275      0.018     4.9438     73.831     40.235  34.057123     2.2553      7.147   223.1200 8.9957e+01    10.2884      0.270      0.391    17.3221   998.7390 0.0000e+00
      0.277      0.027     4.9432     73.883     40.243  34.063468     2.2481      7.142   223.4485 8.7951e+01    10.2925      0.272      0.394    17.3212   998.7392 0.0000e+00
      0.278      0.041     4.9492     73.907     40.251  34.069243     2.2211      7.136   223.6784 8.5769e+01    10.1814      0.273      0.396    17.3199   998.7394 0.0000e+00
      0.284      0.054     4.9559     73.888     40.245  34.063474     2.1896      7.131   223.9200 8.1688e+01     9.9944      0.273      0.396    17.3189   998.7396 0.0000e+00
      0.303      0.065     4.9593     73.798     40.238  34.057184     2.1792      7.127   224.1334 7.5047e+01     9.9315      0.293      0.423    17.3184   998.7398 0.0000e+00
      0.333      0.072     4.9641     73.649     40.238  34.056654     2.1733      7.123   224.2791 6.9020e+01     9.9127      0.329      0.478    17.3180   998.7400 0.0000e+00
      0.360      0.074     4.9653     73.507     40.239  34.057061     2.1362      7.121   224.3904 6.5201e+01     9.7015      0.356      0.518    17.3171   998.7403 0.0000e+00
