Data/DataNotYetUploadedToEDI/Raw_CTD/RawDownloads/101619_fcr45.cnv
* Sea-Bird SBE19plus  Data File:
* FileName = C:\DATA\101619_fcr50_0004.hex
* Software version 2.8.0.119 SB_Terminal.dll
* Temperature SN = 7809
* Conductivity SN = 7809
* System UpLoad Time = Oct 16 2019 16:53:27
* <ApplicationData>
* <Seaterm232>
# nquan = 16
# nvalues = 466                         
# units = specified
# name 0 = depFM: Depth [fresh water, m]
# name 1 = dz/dtM: Descent Rate [m/s]
# name 2 = sbeox0ML/L: Oxygen, SBE 43 [ml/l]
# name 3 = sbeox0PS: Oxygen, SBE 43 [% saturation]
# name 4 = specc: Specific Conductance [uS/cm]
# name 5 = c0uS/cm: Conductivity [uS/cm]
# name 6 = flECO-AFL: Fluorescence, WET Labs ECO-AFL/FL [mg/m^3]
# name 7 = ph: pH
# name 8 = orp: Oxidation Reduction Potential [mV]
# name 9 = par/sat/log: PAR/Logarithmic, Satlantic
# name 10 = turbWETntu0: Turbidity, WET Labs ECO [NTU]
# name 11 = prdM: Pressure, Strain Gauge [db]
# name 12 = prdE: Pressure, Strain Gauge [psi]
# name 13 = tv290C: Temperature [ITS-90, deg C]
# name 14 = density00: Density [density, kg/m^3]
# name 15 = flag:  0.000e+00
# span 0 =     -0.042,      6.276       
# span 1 =     -0.048,      0.128       
# span 2 =    -0.5574,     6.4171       
# span 3 =     -7.769,     94.938       
# span 4 =     39.569,     98.678       
# span 5 =  33.435803,  81.168275       
# span 6 =     0.1822,     2.7825       
# span 7 =      6.385,      7.513       
# span 8 =   150.9614,   207.3677       
# span 9 = 1.2356e-01, 2.0207e+02       
# span 10 =     7.5742,    20.4454      
# span 11 =     -0.041,      6.156      
# span 12 =     -0.059,      8.928      
# span 13 =    13.2958,    17.3060      
# span 14 =   998.7449,   999.3938      
# span 15 = 0.0000e+00, 0.0000e+00      
# interval = seconds: 0.25
# start_time = Oct 16 2019 11:55:59 [Instrument's time stamp, header]
# bad_flag = -9.990e-29
*END*
[from data line 362]
      4.790      0.083     0.9626     17.274     60.414  46.430307     1.4911      6.522   154.5263 1.2376e-01    15.7455      4.695      6.810    13.5257   999.3566 0.0000e+00
      4.813      0.074     1.0017     18.929     60.434  46.431667     1.4801      6.521   154.9031 1.2376e-01    15.6623      4.718      6.843    13.4920   999.3612 0.0000e+00
      4.837      0.069     1.0639     20.638     60.445  46.432937     1.4641      6.519   155.3090 1.2376e-01    15.4830      4.746      6.883    13.4621   999.3653 0.0000e+00
      4.854      0.065     1.1496     22.250     60.466  46.445649     1.4542      6.516   155.5620 1.2371e-01    15.3474      4.764      6.909    13.4390   999.3685 0.0000e+00
      4.864      0.061     1.2541     23.666     60.485  46.458352     1.4305      6.515   155.7247 1.2368e-01    15.3999      4.769      6.916    13.4219   999.3708 0.0000e+00
      4.875      0.055     1.3823     24.823     60.489  46.459517     1.2640      6.515   155.9002 1.2372e-01    16.6089      4.778      6.930    13.4102   999.3724 0.0000e+00
      4.891      0.047     1.5102     25.688     60.491  46.459727     0.9840      6.514   156.1356 1.2373e-01    18.8552      4.797      6.957    13.4051   999.3731 0.0000e+00
      4.908      0.041     1.6307     26.248     60.491  46.460890     0.8462      6.512   156.4195 1.2372e-01    20.1101      4.815      6.983    13.4026   999.3735 0.0000e+00
      4.919      0.037     1.7359     26.538     60.504  46.473582     0.8466      6.510   156.6659 1.2374e-01    20.1800      4.826      6.999    13.4013   999.3738 0.0000e+00
      4.924      0.035     1.8208     26.646     60.517  46.486179     0.9011      6.509   156.9629 1.2369e-01    19.5373      4.831      7.005    13.3999   999.3739 0.0000e+00
      4.927      0.036     1.8853     26.645     60.520  46.486189     1.0109      6.507   157.3434 1.2359e-01    18.4028      4.833      7.010    13.3986   999.3741 0.0000e+00
      4.930      0.042     1.9249     26.539     60.514  46.473709     1.0737      6.507   157.7395 1.2356e-01    17.8014      4.833      7.009    13.3993   999.3741 0.0000e+00
      4.939      0.053     1.9439     26.359     60.513  46.462278     1.0796      6.506   158.2247 1.2365e-01    17.7396      4.840      7.019    13.4018   999.3738 0.0000e+00
      4.957      0.066     1.9480     26.123     60.541  46.474973     1.0816      6.504   158.7357 1.2374e-01    17.7208      4.861      7.051    13.4056   999.3734 0.0000e+00
      4.980      0.077     1.9503     25.860     60.586  46.500177     1.0631      6.501   159.1848 1.2379e-01    17.7700      4.884      7.083    13.4047   999.3736 0.0000e+00
      5.003      0.084     1.9405     25.663     60.612  46.512984     1.0298      6.499   159.6119 1.2376e-01    17.9088      4.906      7.115    13.3958   999.3749 0.0000e+00
      5.028      0.088     1.9275     25.553     60.607  46.502800     1.0173      6.497   160.1135 1.2370e-01    18.0220      4.930      7.151    13.3867   999.3762 0.0000e+00
      5.052      0.088     1.9118     25.493     60.615  46.504060     1.0163      6.495   160.6905 1.2372e-01    18.0575      4.956      7.188    13.3797   999.3772 0.0000e+00
      5.073      0.087     1.8876     25.491     60.655  46.528204     0.9308      6.493   161.1675 1.2377e-01    18.3381      4.977      7.219    13.3718   999.3784 0.0000e+00
      5.093      0.085     1.8742     25.592     60.680  46.540698     0.7631      6.491   161.5783 1.2376e-01    18.8910      4.993      7.242    13.3648   999.3794 0.0000e+00
      5.114      0.082     1.8675     25.777     60.670  46.528103     0.6704      6.491   162.0436 1.2375e-01    19.2041      5.014      7.273    13.3611   999.3800 0.0000e+00
      5.138      0.078     1.8635     25.969     60.642  46.502919     0.6684      6.490   162.4917 1.2377e-01    19.3056      5.039      7.309    13.3574   999.3806 0.0000e+00
      5.160      0.073     1.8616     26.170     60.629  46.490219     0.6868      6.488   162.8671 1.2378e-01    19.4302      5.061      7.341    13.3515   999.3815 0.0000e+00
      5.177      0.067     1.8689     26.412     60.646  46.501557     0.7108      6.486   163.3124 1.2373e-01    19.5303      5.078      7.365    13.3460   999.3823 0.0000e+00
      5.192      0.061     1.8869     26.660     60.663  46.512989     0.7159      6.485   163.8318 1.2368e-01    19.5655      5.092      7.385    13.3420   999.3829 0.0000e+00
      5.206      0.056     1.8998     26.865     60.650  46.501431     0.7062      6.483   164.3289 1.2364e-01    19.5288      5.107      7.407    13.3389   999.3833 0.0000e+00
      5.218      0.052     1.9129     26.991     60.635  46.488824     0.6970      6.481   164.8489 1.2359e-01    19.4468      5.118      7.423    13.3367   999.3836 0.0000e+00
      5.229      0.051     1.9324     27.021     60.635  46.487566     0.6827      6.479   165.3865 1.2363e-01    19.3607      5.127      7.435    13.3353   999.3839 0.0000e+00
      5.243      0.053     1.9520     26.964     60.635  46.486212     0.6717      6.477   165.9255 1.2374e-01    19.3068      5.140      7.455    13.3341   999.3841 0.0000e+00
      5.258      0.057     1.9679     26.876     60.620  46.472461     0.6680      6.476   166.3764 1.2381e-01    19.2865      5.158      7.482    13.3331   999.3843 0.0000e+00
      5.270      0.061     1.9775     26.795     60.591  46.448309     0.6296      6.475   166.7077 1.2378e-01    19.2466      5.167      7.494    13.3320   999.3845 0.0000e+00
      5.285      0.063     1.9801     26.702     60.594  46.448205     0.5542      6.474   167.0922 1.2373e-01    19.1523      5.177      7.510    13.3306   999.3847 0.0000e+00
      5.305      0.061     1.9738     26.602     60.627  46.471203     0.5101      6.473   167.5828 1.2374e-01    19.0972      5.201      7.545    13.3296   999.3850 0.0000e+00
      5.326      0.056     1.9659     26.536     60.630  46.472348     0.5045      6.471   168.0799 1.2377e-01    19.1042      5.225      7.578    13.3284   999.3852 0.0000e+00
      5.342      0.054     1.9618     26.523     60.616  46.462051     0.4856      6.469   168.5424 1.2374e-01    19.0734      5.242      7.602    13.3262   999.3855 0.0000e+00
      5.352      0.054     1.9546     26.546     60.631  46.473710     0.4471      6.467   168.9591 1.2371e-01    19.0194      5.251      7.616    13.3238   999.3860 0.0000e+00
      5.357      0.056     1.9459     26.570     60.648  46.486307     0.4283      6.466   169.3318 1.2373e-01    19.0408      5.253      7.619    13.3219   999.3862 0.0000e+00
      5.363      0.061     1.9407     26.579     60.652  46.487348     0.4319      6.464   169.6936 1.2374e-01    19.1032      5.254      7.620    13.3211   999.3863 0.0000e+00
      5.381      0.069     1.9402     26.584     60.654  46.486298     0.4301      6.463   170.0643 1.2372e-01    19.1184      5.272      7.646    13.3214   999.3864 0.0000e+00
      5.409      0.075     1.9430     26.588     60.641  46.473607     0.4244      6.461   170.4576 1.2372e-01    19.1920      5.305      7.695    13.3222   999.3864 0.0000e+00
      5.435      0.079     1.9454     26.574     60.626  46.460907     0.4229      6.459   170.8351 1.2376e-01    19.3707      5.333      7.734    13.3217   999.3867 0.0000e+00
      5.457      0.077     1.9454     26.552     60.625  46.459753     0.4211      6.457   171.1013 1.2379e-01    19.5094      5.351      7.761    13.3197   999.3870 0.0000e+00
      5.476      0.070     1.9456     26.524     60.625  46.459648     0.4200      6.455   171.3528 1.2377e-01    19.5583      5.370      7.790    13.3174   999.3875 0.0000e+00
      5.491      0.063     1.9473     26.493     60.625  46.459638     0.4094      6.454   171.7253 1.2370e-01    19.6004      5.386      7.813    13.3156   999.3877 0.0000e+00
      5.503      0.058     1.9452     26.465     60.626  46.459638     0.3804      6.454   172.1639 1.2368e-01    19.6909      5.396      7.827    13.3147   999.3878 0.0000e+00
      5.514      0.056     1.9437     26.425     60.627  46.459639     0.3635      6.453   172.6122 1.2370e-01    19.7347      5.406      7.841    13.3141   999.3880 0.0000e+00
      5.527      0.056     1.9422     26.388     60.627  46.459647     0.3707      6.451   172.9307 1.2370e-01    19.7365      5.418      7.859    13.3138   999.3880 0.0000e+00
      5.544      0.055     1.9385     26.368     60.628  46.459742     0.3801      6.450   173.1753 1.2374e-01    19.7784      5.436      7.885    13.3139   999.3881 0.0000e+00
      5.561      0.055     1.9383     26.341     60.630  46.460783     0.3813      6.449   173.5041 1.2379e-01    19.8158      5.455      7.912    13.3133   999.3883 0.0000e+00
      5.576      0.056     1.9344     26.306     60.646  46.472233     0.3769      6.448   173.8081 1.2380e-01    19.7948      5.470      7.933    13.3127   999.3885 0.0000e+00
      5.588      0.058     1.9306     26.289     60.645  46.471173     0.3702      6.447   174.0985 1.2373e-01    19.7543      5.481      7.950    13.3123   999.3885 0.0000e+00
      5.598      0.063     1.9309     26.291     60.615  46.447966     0.3520      6.445   174.5197 1.2365e-01    19.7528      5.489      7.960    13.3123   999.3886 0.0000e+00
      5.611      0.071     1.9286     26.287     60.613  46.445656     0.3219      6.443   175.0293 1.2366e-01    19.7759      5.497      7.973    13.3120   999.3886 0.0000e+00
      5.631      0.082     1.9253     26.294     60.611  46.443242     0.3099      6.440   175.4424 1.2371e-01    19.8034      5.519      8.005    13.3112   999.3889 0.0000e+00
      5.656      0.094     1.9235     26.324     60.581  46.418786     0.3198      6.438   175.7286 1.2374e-01    19.7906      5.547      8.045    13.3109   999.3891 0.0000e+00
      5.682      0.103     1.9255     26.352     60.563  46.403976     0.3207      6.435   175.9939 1.2379e-01    19.7521      5.571      8.081    13.3103   999.3892 0.0000e+00
      5.712      0.108     1.9241     26.364     60.548  46.391179     0.3115      6.433   176.2418 1.2384e-01    19.7647      5.601      8.123    13.3098   999.3894 0.0000e+00
      5.744      0.108     1.9237     26.368     60.548  46.391065     0.3043      6.431   176.4888 1.2387e-01    19.8121      5.635      8.173    13.3091   999.3897 0.0000e+00
      5.774      0.104     1.9278     26.365     60.564  46.402596     0.3021      6.430   176.7430 1.2388e-01    19.8330      5.664      8.215    13.3080   999.3899 0.0000e+00
      5.799      0.098     1.9297     26.353     60.566  46.403592     0.3021      6.429   176.9058 1.2383e-01    19.8205      5.687      8.247    13.3070   999.3902 0.0000e+00
      5.823      0.092     1.9305     26.334     60.565  46.403106     0.2959      6.428   177.0809 1.2372e-01    19.9569      5.711      8.283    13.3063   999.3904 0.0000e+00
      5.843      0.083     1.9307     26.323     60.558  46.396711     0.2960      6.427   177.3979 1.2370e-01    20.2688      5.732      8.313    13.3058   999.3905 0.0000e+00
      5.862      0.072     1.9306     26.323     60.550  46.389785     0.3045      6.425   177.7274 1.2376e-01    20.4454      5.748      8.337    13.3054   999.3907 0.0000e+00
      5.882      0.060     1.9297     26.317     60.541  46.382868     0.3118      6.424   178.0533 1.2375e-01    20.4213      5.768      8.366    13.3052   999.3908 0.0000e+00
      5.902      0.048     1.9278     26.297     60.533  46.376578     0.3060      6.423   178.3270 1.2371e-01    20.1083      5.790      8.399    13.3051   999.3909 0.0000e+00
      5.913      0.038     1.9270     26.262     60.533  46.377245     0.2775      6.422   178.5411 1.2368e-01    19.5777      5.803      8.417    13.3047   999.3910 0.0000e+00
      5.915      0.033     1.9276     26.222     60.551  46.390933     0.2537      6.421   178.8347 1.2367e-01    19.3148      5.802      8.415    13.3041   999.3911 0.0000e+00
      5.915      0.033     1.9273     26.187     60.583  46.415062     0.2433      6.420   179.0382 1.2370e-01    19.2889      5.799      8.411    13.3037   999.3911 0.0000e+00
      5.920      0.036     1.9258     26.145     60.583  46.414962     0.2380      6.418   179.1085 1.2372e-01    19.3306      5.802      8.416    13.3038   999.3911 0.0000e+00
      5.931      0.042     1.9233     26.091     60.549  46.389726     0.2417      6.416   179.3409 1.2370e-01    19.4581      5.813      8.431    13.3042   999.3911 0.0000e+00
      5.947      0.050     1.9195     26.041     60.515  46.363961     0.2447      6.416   179.6960 1.2370e-01    19.5202      5.831      8.457    13.3044   999.3912 0.0000e+00
      5.966      0.058     1.9177     26.031     60.506  46.357454     0.2405      6.415   179.8753 1.2381e-01    19.5246      5.851      8.485    13.3040   999.3914 0.0000e+00
      5.983      0.064     1.9146     26.063     60.528  46.374556     0.2336      6.413   179.9602 1.2386e-01    19.5107      5.869      8.512    13.3036   999.3915 0.0000e+00
      5.995      0.066     1.9103     26.086     60.538  46.380229     0.2309      6.411   180.1197 1.2378e-01    19.4509      5.880      8.528    13.3041   999.3915 0.0000e+00
      6.009      0.064     1.9059     26.089     60.517  46.362531     0.2344      6.410   180.2551 1.2370e-01    19.3910      5.888      8.540    13.3047   999.3914 0.0000e+00
      6.029      0.060     1.9037     26.104     60.503  46.351089     0.2409      6.409   180.3925 1.2365e-01    19.3100      5.911      8.574    13.3050   999.3915 0.0000e+00
      6.050      0.057     1.9094     26.138     60.525  46.368891     0.2307      6.409   180.5769 1.2364e-01    19.0945      5.937      8.611    13.3053   999.3916 0.0000e+00
      6.064      0.055     1.9108     26.163     60.548  46.387260     0.1986      6.408   180.6780 1.2366e-01    18.8177      5.949      8.627    13.3036   999.3919 0.0000e+00
      6.073      0.052     1.9098     26.163     60.543  46.382675     0.1822      6.407   180.7540 1.2371e-01    18.7171      5.955      8.637    13.3021   999.3921 0.0000e+00
      6.082      0.048     1.9106     26.153     60.537  46.376959     0.1879      6.406   180.8942 1.2371e-01    18.6971      5.963      8.650    13.3016   999.3921 0.0000e+00
      6.094      0.048     1.9145     26.158     60.544  46.381645     0.1895      6.405   180.9962 1.2369e-01    18.6410      5.976      8.668    13.3021   999.3922 0.0000e+00
      6.108      0.053     1.9165     26.188     60.538  46.375822     0.1840      6.404   181.0403 1.2368e-01    18.6288      5.990      8.688    13.3030   999.3921 0.0000e+00
      6.120      0.061     1.9159     26.197     60.532  46.370058     0.1825      6.402   181.0835 1.2368e-01    18.6482      6.002      8.705    13.3023   999.3922 0.0000e+00
      6.134      0.067     1.9149     26.166     60.540  46.375453     0.1892      6.401   181.0886 1.2368e-01    18.6797      6.015      8.723    13.3012   999.3924 0.0000e+00
      6.152      0.072     1.9138     26.136     60.542  46.377551     0.1947      6.400   181.1024 1.2368e-01    18.6811      6.030      8.745    13.3004   999.3926 0.0000e+00
      6.175      0.073     1.9187     26.125     60.566  46.395430     0.2066      6.399   181.1647 1.2370e-01    18.5998      6.055      8.781    13.2996   999.3929 0.0000e+00
      6.200      0.071     1.9200     26.093     60.575  46.401104     0.2286      6.398   181.2392 1.2370e-01    18.5157      6.083      8.824    13.2988   999.3931 0.0000e+00
      6.220      0.064     1.9157     26.044     60.552  46.382644     0.2355      6.396   181.3145 1.2374e-01    18.4842      6.102      8.850    13.2986   999.3932 0.0000e+00
      6.234      0.054     1.9127     26.021     60.525  46.362752     0.2380      6.394   181.3013 1.2381e-01    18.4481      6.113      8.866    13.2985   999.3933 0.0000e+00
