Data/DataNotYetUploadedToEDI/Raw_CTD/RawDownloads/101619_fcr10.cnv
* Sea-Bird SBE19plus  Data File:
* FileName = C:\DATA\101619_fcr50_0001.hex
* Software version 2.8.0.119 SB_Terminal.dll
* Temperature SN = 7809
* Conductivity SN = 7809
* System UpLoad Time = Oct 16 2019 16:52:35
* <ApplicationData>
* <Seaterm232>
# nquan = 16
# nvalues = 310                         
# units = specified
# name 0 = depFM: Depth [fresh water, m]
# name 1 = dz/dtM: Descent Rate [m/s]
# name 2 = sbeox0ML/L: Oxygen, SBE 43 [ml/l]
# name 3 = sbeox0PS: Oxygen, SBE 43 [% saturation]
# name 4 = specc: Specific Conductance [uS/cm]
# name 5 = c0uS/cm: Conductivity [uS/cm]
# name 6 = flECO-AFL: Fluorescence, WET Labs ECO-AFL/FL [mg/m^3]
# name 7 = ph: pH
# name 8 = orp: Oxidation Reduction Potential [mV]
# name 9 = par/sat/log: PAR/Logarithmic, Satlantic
# name 10 = turbWETntu0: Turbidity, WET Labs ECO [NTU]
# name 11 = prdM: Pressure, Strain Gauge [db]
# name 12 = prdE: Pressure, Strain Gauge [psi]
# name 13 = tv290C: Temperature [ITS-90, deg C]
# name 14 = density00: Density [density, kg/m^3]
# name 15 = flag:  0.000e+00
# span 0 =     -0.691,      2.232       
# span 1 =     -0.162,      0.421       
# span 2 =     3.6437,     7.3284       
# span 3 =     53.468,    107.050       
# span 4 =     36.256,     41.182       
# span 5 =  28.640446,  34.163353       
# span 6 =    -0.1588,     2.7775       
# span 7 =      7.134,      8.837       
# span 8 =   189.5583,   217.1744       
# span 9 = 3.7624e+00, 5.5007e+02       
# span 10 =    -0.2921,     9.2573      
# span 11 =     -0.679,      2.190      
# span 12 =     -0.985,      3.176      
# span 13 =    13.1334,    17.0526      
# span 14 =   998.7896,   999.3642      
# span 15 = 0.0000e+00, 0.0000e+00      
# interval = seconds: 0.25
# start_time = Oct 16 2019 11:16:09 [Instrument's time stamp, header]
# bad_flag = -9.990e-29
*END*
[from data line 91]
      0.026      0.098     3.8919     56.033     39.979  33.272560     2.1885      7.922   200.3674 2.5549e+02     8.1673      0.022      0.034    16.5156   998.8770 0.0000e+00
      0.054      0.117     3.8682     56.056     39.903  33.225748     2.2398      7.907   200.4498 2.3489e+02     8.3890      0.051      0.074    16.5234   998.8758 0.0000e+00
      0.090      0.130     3.8473     56.153     39.832  33.177771     2.2742      7.893   200.7735 2.1077e+02     8.5279      0.086      0.124    16.5394   998.8734 0.0000e+00
      0.133      0.135     3.8282     56.229     39.686  33.073257     2.2926      7.881   201.0983 1.8707e+02     8.5034      0.131      0.191    16.5741   998.8677 0.0000e+00
      0.175      0.133     3.8155     56.244     39.544  32.977510     2.2971      7.870   201.3649 1.7055e+02     8.4195      0.174      0.253    16.6174   998.8605 0.0000e+00
      0.210      0.124     3.8177     56.167     39.508  32.972066     2.2768      7.861   201.5880 1.5920e+02     8.3326      0.207      0.301    16.6309   998.8585 0.0000e+00
      0.240      0.111     3.8276     55.995     39.529  33.007463     2.2644      7.853   201.9026 1.4910e+02     8.3058      0.236      0.344    16.6390   998.8572 0.0000e+00
      0.264      0.100     3.8299     55.740     39.544  33.024745     2.2767      7.844   202.3291 1.4206e+02     8.3248      0.262      0.380    16.6630   998.8532 0.0000e+00
      0.282      0.094     3.8307     55.405     39.581  33.054099     2.3043      7.831   202.6151 1.3790e+02     8.2674      0.277      0.403    16.6920   998.8482 0.0000e+00
      0.300      0.094     3.8219     55.025     39.649  33.108529     2.3383      7.816   202.7802 1.3263e+02     8.1362      0.291      0.422    16.7278   998.8422 0.0000e+00
      0.323      0.098     3.8078     54.652     39.654  33.111676     2.3589      7.797   202.8627 1.2601e+02     8.0820      0.316      0.458    16.7533   998.8380 0.0000e+00
      0.349      0.102     3.7909     54.356     39.557  33.028694     2.3538      7.772   202.8377 1.1895e+02     8.1031      0.343      0.498    16.7560   998.8377 0.0000e+00
      0.379      0.102     3.7668     54.171     39.440  32.930208     2.3279      7.746   202.9942 1.1107e+02     8.0967      0.369      0.536    16.7514   998.8386 0.0000e+00
      0.412      0.096     3.7409     54.088     39.370  32.872825     2.2977      7.729   203.2924 1.0449e+02     8.0707      0.405      0.588    16.7482   998.8393 0.0000e+00
      0.442      0.082     3.7128     54.056     39.340  32.842585     2.2830      7.724   203.5175 1.0010e+02     8.0504      0.438      0.634    16.7473   998.8397 0.0000e+00
      0.464      0.063     3.6927     54.023     39.341  32.818424     2.2806      7.724   203.6502 9.7381e+01     8.0478      0.458      0.664    16.7449   998.8401 0.0000e+00
      0.476      0.044     3.6804     53.969     39.403  32.834510     2.2685      7.727   203.6932 9.6567e+01     8.0071      0.471      0.682    16.7388   998.8411 0.0000e+00
      0.479      0.031     3.6757     53.869     39.528  32.910113     2.2498      7.732   203.8646 9.6878e+01     7.9184      0.471      0.683    16.7465   998.8398 0.0000e+00
      0.477      0.028     3.6748     53.724     39.616  32.970944     2.2361      7.731   204.1736 9.7460e+01     7.8602      0.467      0.678    16.7516   998.8389 0.0000e+00
      0.476      0.033     3.6753     53.580     39.576  32.935375     2.2250      7.718   204.3326 9.7554e+01     7.8280      0.466      0.675    16.7117   998.8457 0.0000e+00
      0.480      0.041     3.6772     53.488     39.486  32.860825     2.2193      7.703   204.4108 9.5670e+01     7.8238      0.465      0.674    16.6555   998.8553 0.0000e+00
      0.496      0.048     3.6733     53.468     39.451  32.831109     2.2189      7.696   204.4306 9.1728e+01     7.8424      0.481      0.697    16.6165   998.8620 0.0000e+00
      0.522      0.053     3.6632     53.509     39.462  32.829929     2.2205      7.697   204.4857 8.7883e+01     7.8564      0.515      0.746    16.6026   998.8646 0.0000e+00
      0.544      0.056     3.6514     53.599     39.513  32.846550     2.2214      7.700   204.6474 8.5877e+01     7.8618      0.539      0.782    16.6080   998.8637 0.0000e+00
      0.553      0.057     3.6451     53.726     39.618  32.905113     2.2211      7.700   204.7509 8.5266e+01     7.8413      0.544      0.790    16.6029   998.8646 0.0000e+00
      0.558      0.056     3.6437     53.864     39.947  33.157195     2.2336      7.694   204.8768 8.4387e+01     7.8710      0.545      0.790    16.6105   998.8633 0.0000e+00
      0.568      0.055     3.6473     54.046     40.482  33.609741     2.2596      7.681   204.9647 8.2109e+01     7.9920      0.554      0.804    16.6043   998.8645 0.0000e+00
      0.584      0.056     3.6569     54.454     40.796  33.934351     2.2752      7.664   205.0392 7.9080e+01     8.0589      0.572      0.829    16.5605   998.8719 0.0000e+00
      0.603      0.056     3.6695     55.391     40.793  34.035824     2.2749      7.652   205.2613 7.6043e+01     8.0568      0.591      0.857    16.5210   998.8787 0.0000e+00
      0.623      0.052     3.6820     57.178     40.724  34.075189     2.2744      7.647   205.5003 7.3469e+01     7.9670      0.612      0.888    16.4870   998.8845 0.0000e+00
      0.639      0.046     3.6900     59.888     40.669  34.093104     2.2778      7.647   205.6909 7.1956e+01     7.7593      0.631      0.914    16.4789   998.8863 0.0000e+00
      0.648      0.042     3.7041     63.192     40.588  34.062114     2.2812      7.647   205.9314 7.1158e+01     7.6432      0.638      0.925    16.5616   998.8725 0.0000e+00
      0.652      0.044     3.7462     66.642     40.509  34.017864     2.2799      7.642   206.1710 7.0930e+01     7.6446      0.641      0.930    16.7232   998.8451 0.0000e+00
      0.654      0.050     3.8531     69.887     40.471  34.002360     2.2796      7.630   206.2653 7.0740e+01     7.7437      0.639      0.927    16.8509   998.8232 0.0000e+00
      0.661      0.060     4.0424     72.607     40.454  34.001610     2.2867      7.616   206.2972 6.8945e+01     7.9563      0.640      0.929    16.9215   998.8110 0.0000e+00
      0.682      0.070     4.2741     74.576     40.451  34.008814     2.2873      7.601   206.3845 6.5467e+01     8.0852      0.666      0.965    16.9639   998.8037 0.0000e+00
      0.712      0.078     4.5121     75.733     40.465  34.026014     2.2782      7.585   206.3744 6.2377e+01     8.0894      0.702      1.019    16.9857   998.8001 0.0000e+00
      0.739      0.081     4.7378     76.113     40.453  34.019174     2.2551      7.575   206.2607 6.0309e+01     8.0408      0.726      1.054    17.0055   998.7968 0.0000e+00
      0.761      0.079     4.9267     75.886     40.415  33.989587     2.2241      7.572   206.2137 5.8597e+01     7.9550      0.747      1.083    17.0224   998.7939 0.0000e+00
      0.778      0.071     5.0580     75.321     40.409  33.985615     2.2164      7.572   206.3227 5.7298e+01     7.9039      0.766      1.110    17.0339   998.7920 0.0000e+00
      0.792      0.062     5.1360     74.631     40.391  33.971146     2.2222      7.573   206.5467 5.6148e+01     7.8814      0.777      1.128    17.0410   998.7908 0.0000e+00
      0.805      0.056     5.1572     73.937     40.356  33.941570     2.2167      7.569   206.7710 5.4741e+01     7.8476      0.789      1.144    17.0447   998.7902 0.0000e+00
      0.818      0.051     5.1334     73.327     40.361  33.945343     2.2268      7.562   206.9700 5.3210e+01     7.8884      0.803      1.164    17.0464   998.7899 0.0000e+00
      0.832      0.045     5.0908     72.842     40.372  33.953305     2.2665      7.555   207.1458 5.1681e+01     8.0146      0.816      1.183    17.0476   998.7898 0.0000e+00
      0.846      0.037     5.0412     72.454     40.398  33.974369     2.2895      7.551   207.2623 5.0294e+01     8.0956      0.830      1.203    17.0488   998.7897 0.0000e+00
      0.856      0.029     4.9928     72.138     40.441  34.009619     2.2800      7.550   207.3463 4.9328e+01     8.0811      0.841      1.219    17.0493   998.7896 0.0000e+00
      0.863      0.020     4.9493     71.889     40.429  33.998723     2.2460      7.550   207.4726 4.8816e+01     7.8386      0.847      1.229    17.0491   998.7897 0.0000e+00
      0.865      0.012     4.9190     71.694     40.395  33.969557     2.1995      7.551   207.6708 4.8711e+01     7.4250      0.849      1.232    17.0476   998.7900 0.0000e+00
      0.863      0.007     4.8932     71.523     40.402  33.974307     2.1700      7.551   207.8502 4.8810e+01     7.2421      0.846      1.227    17.0445   998.7904 0.0000e+00
      0.862      0.003     4.8718     71.346     40.425  33.992686     2.1574      7.549   207.8343 4.8817e+01     7.2661      0.843      1.223    17.0441   998.7906 0.0000e+00
      0.862      0.000     4.8556     71.194     40.439  34.001380     2.1513      7.548   207.8218 4.8779e+01     7.3547      0.845      1.225    17.0440   998.7906 0.0000e+00
      0.864      0.000     4.8427     71.113     40.460  34.015955     2.1565      7.547   207.9578 4.8870e+01     7.5594      0.848      1.230    17.0418   998.7909 0.0000e+00
      0.865      0.001     4.8333     71.089     40.493  34.041975     2.1678      7.546   208.0168 4.9136e+01     7.7093      0.849      1.231    17.0411   998.7911 0.0000e+00
      0.864      0.002     4.8199     71.099     40.520  34.062122     2.1752      7.544   208.0188 4.9447e+01     7.7248      0.847      1.229    17.0402   998.7913 0.0000e+00
      0.864      0.002     4.8083     71.138     40.534  34.069143     2.2121      7.543   208.0682 4.9644e+01     7.8463      0.846      1.228    17.0358   998.7920 0.0000e+00
      0.864      0.001     4.8043     71.189     40.535  34.063388     2.2837      7.541   208.1841 4.9658e+01     8.1287      0.847      1.228    17.0321   998.7927 0.0000e+00
      0.865      0.001     4.8036     71.246     40.536  34.056003     2.3305      7.539   208.3875 4.9588e+01     8.3217      0.848      1.230    17.0302   998.7930 0.0000e+00
      0.866      0.001     4.8039     71.296     40.530  34.043313     2.3435      7.537   208.5482 4.9552e+01     8.3440      0.849      1.232    17.0275   998.7935 0.0000e+00
      0.866      0.001     4.8082     71.335     40.528  34.036872     2.3546      7.534   208.6643 4.9512e+01     8.3003      0.849      1.232    17.0231   998.7943 0.0000e+00
      0.865      0.001     4.8121     71.392     40.537  34.041588     2.3610      7.530   208.8452 4.9376e+01     8.2853      0.848      1.230    17.0145   998.7957 0.0000e+00
      0.865      0.002     4.8176     71.483     40.532  34.036868     2.3519      7.526   209.0141 4.9131e+01     8.2938      0.848      1.231    17.0020   998.7980 0.0000e+00
      0.866      0.005     4.8227     71.576     40.537  34.043262     2.3403      7.524   209.1582 4.8871e+01     8.3051      0.849      1.232    16.9920   998.7997 0.0000e+00
      0.867      0.010     4.8244     71.638     40.548  34.055435     2.3414      7.523   209.2962 4.8695e+01     8.3234      0.850      1.234    16.9862   998.8007 0.0000e+00
      0.867      0.018     4.8281     71.684     40.546  34.057123     2.3485      7.521   209.3922 4.8580e+01     8.4168      0.851      1.235    16.9829   998.8013 0.0000e+00
      0.869      0.027     4.8353     71.734     40.548  34.063673     2.3481      7.516   209.3727 4.8150e+01     8.6143      0.850      1.234    16.9830   998.8012 0.0000e+00
      0.877      0.034     4.8427     71.779     40.552  34.071168     2.3449      7.511   209.3180 4.7153e+01     8.7454      0.857      1.244    16.9860   998.8007 0.0000e+00
      0.891      0.039     4.8454     71.795     40.562  34.084279     2.3440      7.507   209.4193 4.5906e+01     8.7886      0.874      1.267    16.9901   998.8001 0.0000e+00
      0.907      0.042     4.8476     71.785     40.572  34.095278     2.3540      7.503   209.4795 4.4881e+01     8.8093      0.891      1.292    16.9938   998.7996 0.0000e+00
      0.919      0.043     4.8508     71.769     40.548  34.077231     2.3793      7.498   209.4435 4.4312e+01     8.7997      0.904      1.312    16.9992   998.7987 0.0000e+00
      0.928      0.041     4.8540     71.750     40.522  34.056464     2.3988      7.495   209.4999 4.3895e+01     8.8034      0.911      1.321    17.0062   998.7975 0.0000e+00
      0.936      0.039     4.8545     71.716     40.495  34.034592     2.4081      7.492   209.5594 4.3340e+01     8.7880      0.917      1.331    17.0116   998.7966 0.0000e+00
      0.944      0.037     4.8524     71.644     40.455  34.003175     2.4400      7.487   209.6466 4.2726e+01     8.7117      0.927      1.344    17.0152   998.7961 0.0000e+00
      0.954      0.037     4.8516     71.567     40.441  33.993939     2.4990      7.484   209.7798 4.1968e+01     8.6342      0.935      1.356    17.0175   998.7957 0.0000e+00
      0.965      0.038     4.8497     71.526     40.432  33.986389     2.5319      7.481   209.8799 4.1023e+01     8.6052      0.945      1.371    17.0184   998.7955 0.0000e+00
      0.976      0.038     4.8492     71.516     40.419  33.975349     2.5250      7.476   210.0826 4.0170e+01     8.6235      0.958      1.389    17.0190   998.7955 0.0000e+00
      0.986      0.037     4.8426     71.533     40.432  33.987389     2.5018      7.473   210.3381 3.9449e+01     8.6919      0.967      1.403    17.0220   998.7950 0.0000e+00
      0.995      0.036     4.8351     71.568     40.452  34.005025     2.4778      7.470   210.4732 3.8684e+01     8.7759      0.976      1.415    17.0259   998.7943 0.0000e+00
      1.004      0.035     4.8340     71.595     40.441  33.998197     2.4683      7.466   210.5977 3.8003e+01     8.7875      0.986      1.429    17.0254   998.7945 0.0000e+00
      1.012      0.034     4.8323     71.598     40.401  33.968300     2.4647      7.462   210.7245 3.7398e+01     8.7344      0.993      1.439    17.0246   998.7946 0.0000e+00
      1.020      0.033     4.8342     71.579     40.387  33.960875     2.4343      7.458   210.7155 3.6724e+01     8.5595      1.000      1.450    17.0257   998.7945 0.0000e+00
      1.030      0.031     4.8370     71.531     40.397  33.971885     2.3782      7.454   210.6613 3.6081e+01     8.2793      1.010      1.465    17.0265   998.7944 0.0000e+00
      1.039      0.026     4.8391     71.428     40.399  33.974495     2.3420      7.450   210.5850 3.5570e+01     8.1319      1.019      1.477    17.0301   998.7938 0.0000e+00
      1.047      0.021     4.8385     71.293     40.422  33.992437     2.3341      7.447   210.4811 3.5220e+01     8.0876      1.028      1.490    17.0353   998.7930 0.0000e+00
      1.052      0.016     4.8364     71.173     40.432  33.998425     2.3349      7.444   210.5243 3.5096e+01     8.0720      1.034      1.500    17.0397   998.7922 0.0000e+00
      1.053      0.011     4.8345     71.090     40.417  33.983426     2.3341      7.441   210.6763 3.5161e+01     8.1724      1.034      1.499    17.0436   998.7915 0.0000e+00
      1.053      0.007     4.8264     71.035     40.440  34.001473     2.3327      7.438   210.7712 3.5181e+01     8.3180      1.032      1.496    17.0457   998.7912 0.0000e+00
      1.053      0.004     4.8159     71.004     40.472  34.026235     2.3355      7.434   210.8116 3.5028e+01     8.3583      1.032      1.497    17.0437   998.7915 0.0000e+00
      1.055      0.003     4.8077     70.984     40.478  34.028959     2.3421      7.431   210.9063 3.4820e+01     8.2983      1.034      1.500    17.0390   998.7924 0.0000e+00
      1.057      0.003     4.8030     70.984     40.487  34.034408     2.3343      7.428   211.1424 3.4681e+01     8.0191      1.036      1.503    17.0359   998.7929 0.0000e+00
