Data/DataNotYetUploadedToEDI/Raw_CTD/RawDownloads/101619_fcr20.cnv
* Sea-Bird SBE19plus  Data File:
* FileName = C:\DATA\101619_fcr50_0002.hex
* Software version 2.8.0.119 SB_Terminal.dll
* Temperature SN = 7809
* Conductivity SN = 7809
* System UpLoad Time = Oct 16 2019 16:52:49
* <ApplicationData>
* <Seaterm232>
# nquan = 16
# nvalues = 372                         
# units = specified
# name 0 = depFM: Depth [fresh water, m]
# name 1 = dz/dtM: Descent Rate [m/s]
# name 2 = sbeox0ML/L: Oxygen, SBE 43 [ml/l]
# name 3 = sbeox0PS: Oxygen, SBE 43 [% saturation]
# name 4 = specc: Specific Conductance [uS/cm]
# name 5 = c0uS/cm: Conductivity [uS/cm]
# name 6 = flECO-AFL: Fluorescence, WET Labs ECO-AFL/FL [mg/m^3]
# name 7 = ph: pH
# name 8 = orp: Oxidation Reduction Potential [mV]
# name 9 = par/sat/log: PAR/Logarithmic, Satlantic
# name 10 = turbWETntu0: Turbidity, WET Labs ECO [NTU]
# name 11 = prdM: Pressure, Strain Gauge [db]
# name 12 = prdE: Pressure, Strain Gauge [psi]
# name 13 = tv290C: Temperature [ITS-90, deg C]
# name 14 = density00: Density [density, kg/m^3]
# name 15 = flag:  0.000e+00
# span 0 =     -0.387,      3.048       
# span 1 =     -0.096,      0.187       
# span 2 =     3.7898,     6.6718       
# span 3 =     56.192,     98.708       
# span 4 =     40.035,     40.788       
# span 5 =  33.777460,  34.244969       
# span 6 =     1.4892,     3.0716       
# span 7 =      7.080,      8.216       
# span 8 =   247.3644,   277.1245       
# span 9 = 2.3062e-01, 4.5625e+02       
# span 10 =     6.9415,    11.7033      
# span 11 =     -0.393,      2.990      
# span 12 =     -0.570,      4.337      
# span 13 =    16.7753,    17.3135      
# span 14 =   998.7390,   998.8469      
# span 15 = 0.0000e+00, 0.0000e+00      
# interval = seconds: 0.25
# start_time = Oct 16 2019 11:42:42 [Instrument's time stamp, header]
# bad_flag = -9.990e-29
*END*
[from data line 181]
      0.526      0.051     5.1966     77.195     40.090  33.898680     2.2338      7.279   253.6353 5.2532e+01    10.7511      0.516      0.749    17.2779   998.7480 0.0000e+00
      0.536      0.050     5.1898     77.235     40.098  33.904884     2.2323      7.278   253.6787 5.1159e+01    10.7856      0.525      0.762    17.2785   998.7479 0.0000e+00
      0.548      0.049     5.1861     77.305     40.126  33.928493     2.2669      7.277   253.7191 4.9451e+01    10.7304      0.536      0.776    17.2772   998.7482 0.0000e+00
      0.562      0.049     5.1875     77.394     40.128  33.930270     2.3231      7.277   253.7806 4.7719e+01    10.5094      0.551      0.799    17.2752   998.7486 0.0000e+00
      0.576      0.048     5.1907     77.469     40.123  33.926374     2.3483      7.275   253.8200 4.6242e+01    10.3756      0.565      0.819    17.2736   998.7489 0.0000e+00
      0.588      0.047     5.1920     77.515     40.145  33.944847     2.3549      7.271   253.9367 4.4893e+01    10.3911      0.577      0.836    17.2728   998.7491 0.0000e+00
      0.600      0.045     5.1971     77.528     40.168  33.963224     2.3947      7.268   254.0735 4.3656e+01    10.6962      0.588      0.854    17.2733   998.7491 0.0000e+00
      0.610      0.042     5.2044     77.523     40.163  33.958174     2.4562      7.266   254.1840 4.2595e+01    11.2468      0.599      0.869    17.2737   998.7491 0.0000e+00
      0.620      0.039     5.2091     77.495     40.150  33.947259     2.4833      7.263   254.2398 4.1643e+01    11.5095      0.609      0.883    17.2736   998.7491 0.0000e+00
      0.629      0.036     5.2132     77.456     40.164  33.958175     2.4713      7.259   254.2316 4.0678e+01    11.4796      0.617      0.895    17.2732   998.7492 0.0000e+00
      0.639      0.033     5.2129     77.431     40.170  33.963225     2.4153      7.256   254.3435 3.9640e+01    11.3121      0.626      0.909    17.2717   998.7496 0.0000e+00
      0.649      0.031     5.2134     77.416     40.148  33.944858     2.3263      7.253   254.4745 3.8786e+01    11.0246      0.637      0.924    17.2709   998.7498 0.0000e+00
      0.656      0.028     5.2115     77.426     40.127  33.926500     2.2798      7.250   254.5236 3.8276e+01    10.8877      0.645      0.935    17.2711   998.7497 0.0000e+00
      0.661      0.026     5.2070     77.463     40.133  33.931655     2.2776      7.248   254.5933 3.7934e+01    10.8687      0.648      0.939    17.2711   998.7498 0.0000e+00
      0.667      0.023     5.2069     77.510     40.148  33.943715     2.2728      7.248   254.7158 3.7536e+01    10.7625      0.653      0.948    17.2710   998.7498 0.0000e+00
      0.673      0.021     5.2046     77.539     40.150  33.945378     2.2734      7.248   254.8861 3.7087e+01    10.5861      0.661      0.959    17.2709   998.7499 0.0000e+00
      0.679      0.020     5.2054     77.514     40.157  33.951771     2.2852      7.248   255.0180 3.6784e+01    10.4405      0.666      0.966    17.2707   998.7499 0.0000e+00
      0.683      0.020     5.2086     77.449     40.164  33.957548     2.2951      7.248   254.9339 3.6588e+01    10.3782      0.670      0.971    17.2702   998.7500 0.0000e+00
      0.687      0.020     5.2119     77.399     40.157  33.951761     2.2976      7.247   254.8149 3.6291e+01    10.3576      0.673      0.976    17.2698   998.7501 0.0000e+00
      0.692      0.019     5.2158     77.354     40.150  33.945263     2.2889      7.246   254.8708 3.5773e+01    10.3221      0.678      0.983    17.2695   998.7502 0.0000e+00
      0.698      0.018     5.2136     77.295     40.147  33.942443     2.2857      7.246   254.9212 3.5247e+01    10.3098      0.685      0.993    17.2694   998.7502 0.0000e+00
      0.704      0.018     5.2068     77.260     40.118  33.917674     2.2928      7.246   254.9080 3.4942e+01    10.3394      0.692      1.003    17.2695   998.7503 0.0000e+00
      0.708      0.018     5.2042     77.255     40.098  33.899636     2.2973      7.245   254.8832 3.4727e+01    10.3528      0.695      1.009    17.2694   998.7503 0.0000e+00
      0.711      0.018     5.2029     77.260     40.115  33.914741     2.3056      7.245   254.8796 3.4437e+01    10.3733      0.698      1.012    17.2691   998.7504 0.0000e+00
      0.714      0.018     5.1963     77.275     40.109  33.909917     2.3239      7.244   254.9496 3.4048e+01    10.3908      0.700      1.015    17.2685   998.7505 0.0000e+00
      0.719      0.019     5.1944     77.285     40.104  33.904772     2.3441      7.243   255.0417 3.3536e+01    10.3678      0.704      1.021    17.2679   998.7506 0.0000e+00
      0.726      0.022     5.1953     77.275     40.118  33.915999     2.3592      7.243   255.1335 3.3010e+01    10.3569      0.712      1.032    17.2677   998.7506 0.0000e+00
      0.733      0.026     5.1944     77.259     40.122  33.918730     2.3516      7.242   255.2848 3.2643e+01    10.4556      0.719      1.043    17.2677   998.7507 0.0000e+00
      0.738      0.028     5.1968     77.271     40.145  33.937800     2.3207      7.241   255.4080 3.2256e+01    10.6444      0.724      1.050    17.2675   998.7507 0.0000e+00
      0.745      0.029     5.1976     77.316     40.168  33.956166     2.2976      7.239   255.5045 3.1697e+01    10.7718      0.730      1.058    17.2669   998.7509 0.0000e+00
      0.754      0.029     5.1970     77.377     40.161  33.950397     2.2972      7.238   255.5905 3.1103e+01    10.8148      0.739      1.072    17.2658   998.7511 0.0000e+00
      0.763      0.030     5.1948     77.450     40.140  33.931511     2.3419      7.238   255.5881 3.0562e+01    10.8693      0.749      1.086    17.2649   998.7513 0.0000e+00
      0.771      0.030     5.1953     77.492     40.125  33.918212     2.4224      7.237   255.5614 3.0101e+01    10.9728      0.756      1.096    17.2642   998.7516 0.0000e+00
      0.777      0.030     5.2000     77.490     40.123  33.916529     2.4732      7.236   255.5263 2.9689e+01    11.0832      0.761      1.105    17.2633   998.7517 0.0000e+00
      0.784      0.030     5.2024     77.462     40.117  33.911165     2.4878      7.236   255.4209 2.9249e+01    11.1551      0.768      1.114    17.2631   998.7517 0.0000e+00
      0.792      0.030     5.2099     77.415     40.124  33.916821     2.4780      7.234   255.3204 2.8757e+01    11.0886      0.777      1.127    17.2626   998.7519 0.0000e+00
      0.800      0.031     5.2130     77.363     40.130  33.921451     2.4412      7.232   255.3425 2.8197e+01    10.9018      0.784      1.137    17.2617   998.7520 0.0000e+00
      0.809      0.031     5.2117     77.331     40.109  33.903679     2.4154      7.232   255.3450 2.7634e+01    10.7980      0.794      1.150    17.2611   998.7522 0.0000e+00
      0.818      0.031     5.2104     77.324     40.096  33.892330     2.4170      7.232   255.3500 2.7144e+01    10.8169      0.803      1.164    17.2609   998.7523 0.0000e+00
      0.825      0.032     5.2066     77.314     40.119  33.911169     2.4269      7.231   255.4890 2.6680e+01    10.8347      0.809      1.173    17.2608   998.7523 0.0000e+00
      0.832      0.035     5.2028     77.314     40.155  33.941062     2.4565      7.229   255.5638 2.6238e+01    10.9805      0.816      1.183    17.2606   998.7524 0.0000e+00
      0.838      0.039     5.1996     77.342     40.150  33.936427     2.5065      7.227   255.5660 2.5772e+01    11.3020      0.822      1.192    17.2603   998.7525 0.0000e+00
      0.848      0.041     5.2015     77.363     40.129  33.918598     2.5281      7.224   255.6011 2.5052e+01    11.4760      0.830      1.204    17.2596   998.7526 0.0000e+00
      0.862      0.043     5.1998     77.349     40.126  33.915885     2.5273      7.220   255.6442 2.4199e+01    11.4786      0.845      1.225    17.2587   998.7529 0.0000e+00
      0.877      0.043     5.1988     77.301     40.111  33.903627     2.5231      7.218   255.6569 2.3489e+01    11.3669      0.861      1.249    17.2582   998.7531 0.0000e+00
      0.889      0.044     5.2023     77.239     40.104  33.897319     2.5023      7.215   255.6688 2.2939e+01    11.1739      0.872      1.265    17.2580   998.7531 0.0000e+00
      0.898      0.044     5.2042     77.191     40.112  33.903088     2.4845      7.211   255.7878 2.2545e+01    11.0793      0.881      1.278    17.2581   998.7531 0.0000e+00
      0.906      0.044     5.2033     77.183     40.120  33.909907     2.4813      7.209   255.8908 2.2113e+01    11.0421      0.888      1.288    17.2583   998.7531 0.0000e+00
      0.916      0.045     5.1994     77.186     40.129  33.916292     2.5423      7.207   255.7961 2.1509e+01    11.1826      0.896      1.300    17.2581   998.7532 0.0000e+00
      0.929      0.046     5.1949     77.172     40.133  33.916830     2.6658      7.203   255.6750 2.0860e+01    11.5327      0.911      1.321    17.2579   998.7533 0.0000e+00
      0.944      0.049     5.1903     77.145     40.137  33.916405     2.7265      7.199   255.7173 2.0229e+01    11.7033      0.925      1.343    17.2571   998.7536 0.0000e+00
      0.958      0.051     5.1913     77.093     40.134  33.911155     2.7131      7.196   255.7056 1.9669e+01    11.6728      0.939      1.362    17.2561   998.7538 0.0000e+00
      0.970      0.052     5.1925     76.997     40.143  33.916811     2.6343      7.193   255.6198 1.9109e+01    11.4249      0.951      1.378    17.2552   998.7539 0.0000e+00
      0.982      0.053     5.1912     76.867     40.150  33.921322     2.5016      7.190   255.7976 1.8468e+01    10.9352      0.962      1.395    17.2515   998.7547 0.0000e+00
      0.996      0.055     5.1905     76.726     40.129  33.902235     2.4351      7.185   256.1348 1.7898e+01    10.6352      0.977      1.417    17.2459   998.7557 0.0000e+00
      1.009      0.060     5.1882     76.587     40.100  33.876425     2.4373      7.179   256.2554 1.7398e+01    10.6159      0.990      1.436    17.2423   998.7564 0.0000e+00
      1.023      0.064     5.1815     76.465     40.086  33.863108     2.5367      7.174   256.1371 1.6799e+01    10.7669      1.002      1.453    17.2404   998.7568 0.0000e+00
      1.040      0.067     5.1720     76.362     40.094  33.868140     2.7266      7.172   255.9954 1.6070e+01    10.9859      1.018      1.478    17.2388   998.7572 0.0000e+00
      1.061      0.069     5.1630     76.295     40.104  33.873795     2.8254      7.172   256.0044 1.5326e+01    11.0689      1.041      1.510    17.2376   998.7575 0.0000e+00
      1.082      0.070     5.1528     76.295     40.100  33.868015     2.8387      7.171   256.1603 1.4741e+01    11.0820      1.064      1.542    17.2361   998.7579 0.0000e+00
      1.100      0.072     5.1451     76.324     40.094  33.861724     2.8437      7.168   256.2454 1.4327e+01    11.0790      1.081      1.568    17.2338   998.7584 0.0000e+00
      1.114      0.074     5.1384     76.319     40.095  33.861195     2.7646      7.166   256.2591 1.3897e+01    11.0979      1.092      1.585    17.2313   998.7587 0.0000e+00
      1.130      0.074     5.1324     76.270     40.096  33.861611     2.6200      7.164   256.3265 1.3367e+01    11.2128      1.106      1.604    17.2281   998.7594 0.0000e+00
      1.150      0.072     5.1340     76.195     40.102  33.866756     2.5516      7.162   256.3705 1.2752e+01    11.2881      1.127      1.634    17.2248   998.7602 0.0000e+00
      1.174      0.067     5.1389     76.096     40.094  33.859937     2.5615      7.158   256.3614 1.2135e+01    11.2541      1.151      1.669    17.2230   998.7605 0.0000e+00
      1.196      0.059     5.1377     75.968     40.074  33.842630     2.6792      7.157   256.3026 1.1700e+01    10.8011      1.176      1.705    17.2221   998.7608 0.0000e+00
      1.212      0.049     5.1347     75.855     40.080  33.847890     2.8997      7.155   256.2630 1.1461e+01     9.9740      1.192      1.729    17.2214   998.7610 0.0000e+00
      1.221      0.035     5.1284     75.770     40.094  33.860072     3.0244      7.155   256.3120 1.1328e+01     9.5447      1.199      1.739    17.2209   998.7611 0.0000e+00
      1.225      0.023     5.1238     75.741     40.097  33.862994     3.0426      7.158   256.2926 1.1245e+01     9.5099      1.202      1.743    17.2208   998.7612 0.0000e+00
      1.227      0.014     5.1124     75.827     40.121  33.883214     3.0511      7.162   256.2004 1.1178e+01     9.4883      1.203      1.745    17.2210   998.7611 0.0000e+00
      1.227      0.011     5.1047     75.946     40.158  33.914160     3.0586      7.166   256.2302 1.1158e+01     9.4799      1.205      1.747    17.2212   998.7611 0.0000e+00
      1.227      0.013     5.1005     76.037     40.164  33.919825     3.0716      7.169   256.3092 1.1149e+01     9.4741      1.203      1.745    17.2214   998.7611 0.0000e+00
      1.228      0.021     5.0927     76.126     40.126  33.888255     3.0697      7.172   256.2947 1.1062e+01     9.4841      1.204      1.746    17.2217   998.7610 0.0000e+00
      1.232      0.031     5.1041     76.200     40.081  33.849770     2.9321      7.175   256.3122 1.0888e+01     9.6332      1.208      1.751    17.2222   998.7610 0.0000e+00
      1.241      0.045     5.1132     76.235     40.064  33.835310     2.6817      7.175   256.4352 1.0611e+01     9.9328      1.215      1.762    17.2224   998.7610 0.0000e+00
      1.255      0.058     5.1171     76.222     40.070  33.840342     2.5478      7.174   256.4914 1.0261e+01    10.1250      1.230      1.784    17.2226   998.7610 0.0000e+00
      1.273      0.068     5.1244     76.180     40.079  33.847142     2.5443      7.172   256.5618 9.8611e+00    10.1541      1.247      1.809    17.2227   998.7611 0.0000e+00
      1.295      0.075     5.1299     76.158     40.087  33.854065     2.6051      7.169   256.6839 9.3776e+00    10.2193      1.268      1.840    17.2225   998.7612 0.0000e+00
      1.319      0.076     5.1322     76.166     40.095  33.860572     2.7096      7.167   256.6765 8.9443e+00    10.3237      1.295      1.880    17.2222   998.7614 0.0000e+00
      1.341      0.074     5.1319     76.190     40.098  33.862359     2.7678      7.167   256.6448 8.6235e+00    10.3674      1.316      1.908    17.2218   998.7615 0.0000e+00
      1.360      0.069     5.1263     76.181     40.113  33.875667     2.7803      7.166   256.7317 8.3167e+00    10.3876      1.334      1.934    17.2212   998.7617 0.0000e+00
      1.376      0.065     5.1258     76.138     40.136  33.894554     2.7828      7.164   256.8662 8.0812e+00    10.4045      1.351      1.959    17.2207   998.7619 0.0000e+00
      1.388      0.063     5.1259     76.153     40.143  33.900325     2.7805      7.163   256.8938 7.9125e+00    10.4073      1.361      1.974    17.2212   998.7619 0.0000e+00
      1.400      0.061     5.1290     76.211     40.122  33.881973     2.7788      7.163   256.8942 7.6692e+00    10.3888      1.370      1.988    17.2212   998.7619 0.0000e+00
      1.417      0.061     5.1304     76.246     40.100  33.863057     2.7704      7.164   256.8709 7.3563e+00    10.3446      1.388      2.014    17.2209   998.7620 0.0000e+00
      1.436      0.062     5.1218     76.268     40.099  33.862008     2.7659      7.164   256.7841 7.0805e+00    10.3320      1.409      2.043    17.2206   998.7622 0.0000e+00
      1.453      0.065     5.1248     76.293     40.108  33.869290     2.7513      7.163   256.8772 6.8712e+00    10.3016      1.426      2.069    17.2203   998.7623 0.0000e+00
      1.468      0.067     5.1313     76.321     40.131  33.887634     2.7054      7.161   257.0506 6.6766e+00    10.2062      1.439      2.087    17.2199   998.7624 0.0000e+00
      1.483      0.068     5.1324     76.361     40.139  33.893412     2.6624      7.160   257.0729 6.4506e+00    10.1290      1.453      2.107    17.2192   998.7627 0.0000e+00
      1.500      0.069     5.1334     76.382     40.120  33.875679     2.6479      7.158   257.0613 6.1936e+00    10.1211      1.471      2.133    17.2184   998.7629 0.0000e+00
