Data/DataNotYetUploadedToEDI/Raw_CTD/RawDownloads/101619_fcr20.cnv
* Sea-Bird SBE19plus  Data File:
* FileName = C:\DATA\101619_fcr50_0002.hex
* Software version 2.8.0.119 SB_Terminal.dll
* Temperature SN = 7809
* Conductivity SN = 7809
* System UpLoad Time = Oct 16 2019 16:52:49
* <ApplicationData>
* <Seaterm232>
# nquan = 16
# nvalues = 372                         
# units = specified
# name 0 = depFM: Depth [fresh water, m]
# name 1 = dz/dtM: Descent Rate [m/s]
# name 2 = sbeox0ML/L: Oxygen, SBE 43 [ml/l]
# name 3 = sbeox0PS: Oxygen, SBE 43 [% saturation]
# name 4 = specc: Specific Conductance [uS/cm]
# name 5 = c0uS/cm: Conductivity [uS/cm]
# name 6 = flECO-AFL: Fluorescence, WET Labs ECO-AFL/FL [mg/m^3]
# name 7 = ph: pH
# name 8 = orp: Oxidation Reduction Potential [mV]
# name 9 = par/sat/log: PAR/Logarithmic, Satlantic
# name 10 = turbWETntu0: Turbidity, WET Labs ECO [NTU]
# name 11 = prdM: Pressure, Strain Gauge [db]
# name 12 = prdE: Pressure, Strain Gauge [psi]
# name 13 = tv290C: Temperature [ITS-90, deg C]
# name 14 = density00: Density [density, kg/m^3]
# name 15 = flag:  0.000e+00
# span 0 =     -0.387,      3.048       
# span 1 =     -0.096,      0.187       
# span 2 =     3.7898,     6.6718       
# span 3 =     56.192,     98.708       
# span 4 =     40.035,     40.788       
# span 5 =  33.777460,  34.244969       
# span 6 =     1.4892,     3.0716       
# span 7 =      7.080,      8.216       
# span 8 =   247.3644,   277.1245       
# span 9 = 2.3062e-01, 4.5625e+02       
# span 10 =     6.9415,    11.7033      
# span 11 =     -0.393,      2.990      
# span 12 =     -0.570,      4.337      
# span 13 =    16.7753,    17.3135      
# span 14 =   998.7390,   998.8469      
# span 15 = 0.0000e+00, 0.0000e+00      
# interval = seconds: 0.25
# start_time = Oct 16 2019 11:42:42 [Instrument's time stamp, header]
# bad_flag = -9.990e-29
*END*
[from data line 272]
      1.539      0.074     5.1368     76.280     40.122  33.874546     2.7586      7.154   257.1620 5.7442e+00    10.6522      1.510      2.190    17.2176   998.7632 0.0000e+00
      1.557      0.077     5.1407     76.150     40.131  33.880836     2.7881      7.152   257.3284 5.5599e+00    10.8092      1.527      2.214    17.2157   998.7635 0.0000e+00
      1.576      0.078     5.1441     75.934     40.127  33.876210     2.7744      7.147   257.3743 5.3445e+00    10.7635      1.544      2.239    17.2133   998.7641 0.0000e+00
      1.597      0.076     5.1406     75.672     40.134  33.882074     2.7234      7.142   257.2870 5.0989e+00    10.5918      1.565      2.270    17.2115   998.7645 0.0000e+00
      1.619      0.072     5.1366     75.436     40.141  33.888278     2.6481      7.137   257.2190 4.8695e+00    10.3061      1.588      2.304    17.2101   998.7648 0.0000e+00
      1.640      0.066     5.1298     75.263     40.141  33.887758     2.6092      7.135   257.2409 4.6731e+00    10.1602      1.610      2.334    17.2088   998.7653 0.0000e+00
      1.658      0.059     5.1137     75.138     40.126  33.875784     2.5992      7.135   257.2938 4.5263e+00    10.1390      1.629      2.362    17.2075   998.7655 0.0000e+00
      1.669      0.054     5.0941     75.027     40.120  33.870430     2.6052      7.137   257.3428 4.4431e+00    10.0160      1.638      2.376    17.2070   998.7656 0.0000e+00
      1.676      0.049     5.0773     74.928     40.139  33.886491     2.6310      7.138   257.4888 4.3661e+00     9.8205      1.642      2.381    17.2069   998.7657 0.0000e+00
      1.686      0.045     5.0659     74.876     40.132  33.879577     2.6509      7.136   257.5953 4.2577e+00     9.7080      1.652      2.397    17.2069   998.7657 0.0000e+00
      1.699      0.043     5.0590     74.889     40.097  33.850294     2.6550      7.134   257.5983 4.1281e+00     9.7051      1.666      2.417    17.2073   998.7657 0.0000e+00
      1.714      0.041     5.0516     74.949     40.097  33.849764     2.6465      7.134   257.5248 3.9977e+00     9.7198      1.681      2.438    17.2076   998.7657 0.0000e+00
      1.726      0.040     5.0435     75.024     40.125  33.873162     2.6515      7.135   257.4809 3.9141e+00     9.6565      1.695      2.459    17.2073   998.7659 0.0000e+00
      1.735      0.039     5.0396     75.084     40.133  33.879338     2.6885      7.138   257.5846 3.8688e+00     9.5305      1.702      2.469    17.2066   998.7660 0.0000e+00
      1.741      0.039     5.0414     75.135     40.111  33.860969     2.7223      7.141   257.6600 3.8191e+00     9.4739      1.707      2.475    17.2058   998.7661 0.0000e+00
      1.747      0.042     5.0461     75.197     40.088  33.841467     2.7299      7.144   257.6184 3.7626e+00     9.4968      1.713      2.484    17.2056   998.7662 0.0000e+00
      1.756      0.049     5.0521     75.237     40.079  33.833929     2.7372      7.145   257.5977 3.6947e+00     9.6108      1.721      2.496    17.2056   998.7663 0.0000e+00
      1.770      0.056     5.0563     75.236     40.079  33.833295     2.7588      7.145   257.5819 3.5878e+00     9.8027      1.734      2.515    17.2055   998.7663 0.0000e+00
      1.789      0.062     5.0580     75.211     40.081  33.833795     2.7742      7.143   257.5138 3.4507e+00     9.8833      1.754      2.544    17.2053   998.7665 0.0000e+00
      1.808      0.065     5.0641     75.152     40.090  33.839980     2.7757      7.140   257.4621 3.3214e+00     9.8982      1.773      2.572    17.2048   998.7666 0.0000e+00
      1.827      0.066     5.0677     75.097     40.097  33.844605     2.7247      7.140   257.5588 3.1967e+00     9.9824      1.793      2.599    17.2047   998.7667 0.0000e+00
      1.845      0.064     5.0655     75.089     40.077  33.826248     2.6351      7.139   257.7365 3.0909e+00    10.1154      1.812      2.627    17.2042   998.7669 0.0000e+00
      1.860      0.060     5.0661     75.122     40.058  33.808419     2.6034      7.138   257.7181 3.0193e+00    10.2277      1.825      2.647    17.2027   998.7672 0.0000e+00
      1.872      0.056     5.0604     75.192     40.073  33.819427     2.6096      7.136   257.6802 2.9433e+00    10.2258      1.835      2.662    17.2004   998.7677 0.0000e+00
      1.886      0.053     5.0553     75.266     40.090  33.832422     2.5799      7.134   257.7941 2.8526e+00    10.0590      1.850      2.683    17.1988   998.7681 0.0000e+00
      1.900      0.052     5.0564     75.306     40.098  33.838598     2.5224      7.133   257.8901 2.7675e+00     9.8177      1.864      2.704    17.1975   998.7683 0.0000e+00
      1.913      0.054     5.0578     75.320     40.090  33.830634     2.4868      7.133   257.9814 2.6948e+00     9.7002      1.877      2.722    17.1952   998.7688 0.0000e+00
      1.925      0.057     5.0641     75.339     40.055  33.799603     2.4873      7.133   258.0369 2.6235e+00     9.7199      1.888      2.738    17.1931   998.7692 0.0000e+00
      1.938      0.060     5.0703     75.373     40.035  33.780727     2.5885      7.130   257.9602 2.5410e+00     9.8921      1.899      2.754    17.1917   998.7695 0.0000e+00
      1.953      0.061     5.0727     75.396     40.052  33.792796     2.7833      7.125   257.9141 2.4469e+00    10.2095      1.914      2.776    17.1908   998.7697 0.0000e+00
      1.972      0.060     5.0730     75.414     40.086  33.818588     2.9008      7.122   257.9955 2.3474e+00    10.4106      1.934      2.805    17.1897   998.7700 0.0000e+00
      1.992      0.057     5.0734     75.434     40.112  33.838714     2.9156      7.121   258.0837 2.2562e+00    10.4233      1.954      2.834    17.1876   998.7705 0.0000e+00
      2.009      0.054     5.0782     75.454     40.121  33.845741     2.9021      7.122   258.1206 2.1997e+00    10.3623      1.972      2.860    17.1853   998.7710 0.0000e+00
      2.020      0.050     5.0787     75.469     40.115  33.840087     2.8594      7.124   258.0976 2.1799e+00    10.2311      1.982      2.876    17.1822   998.7716 0.0000e+00
      2.027      0.046     5.0805     75.451     40.107  33.833807     2.7979      7.126   258.0632 2.1628e+00    10.0492      1.986      2.881    17.1781   998.7723 0.0000e+00
      2.036      0.044     5.0827     75.411     40.107  33.833278     2.7731      7.127   258.0497 2.1204e+00     9.9328      1.996      2.895    17.1754   998.7728 0.0000e+00
      2.048      0.043     5.0832     75.376     40.108  33.833694     2.7851      7.129   258.0201 2.0564e+00     9.9382      2.008      2.913    17.1743   998.7731 0.0000e+00
      2.062      0.044     5.0865     75.364     40.114  33.838839     2.8048      7.129   258.0493 1.9923e+00     9.9173      2.022      2.932    17.1743   998.7732 0.0000e+00
      2.075      0.047     5.0838     75.382     40.107  33.832021     2.8292      7.130   258.1443 1.9479e+00     9.7793      2.036      2.953    17.1746   998.7732 0.0000e+00
      2.085      0.049     5.0808     75.404     40.087  33.814717     2.8463      7.130   258.2220 1.9188e+00     9.6785      2.044      2.964    17.1744   998.7733 0.0000e+00
      2.095      0.052     5.0780     75.415     40.095  33.820015     2.8553      7.129   258.3008 1.8681e+00     9.6824      2.053      2.976    17.1743   998.7733 0.0000e+00
      2.108      0.055     5.0766     75.443     40.110  33.832604     2.8426      7.127   258.3237 1.8012e+00     9.7934      2.067      2.998    17.1734   998.7736 0.0000e+00
      2.123      0.058     5.0790     75.473     40.120  33.839999     2.8143      7.124   258.2407 1.7473e+00    10.0038      2.082      3.019    17.1726   998.7738 0.0000e+00
      2.140      0.061     5.0816     75.469     40.128  33.845961     2.7998      7.124   258.1577 1.6946e+00    10.1287      2.097      3.042    17.1720   998.7739 0.0000e+00
      2.158      0.066     5.0806     75.444     40.123  33.841232     2.7873      7.123   258.0940 1.6393e+00    10.1238      2.116      3.071    17.1712   998.7741 0.0000e+00
      2.174      0.070     5.0829     75.376     40.129  33.846283     2.7758      7.122   258.0735 1.5943e+00    10.1085      2.134      3.094    17.1700   998.7744 0.0000e+00
      2.189      0.074     5.0876     75.263     40.126  33.843560     2.7748      7.120   258.0813 1.5418e+00    10.1076      2.145      3.111    17.1688   998.7747 0.0000e+00
      2.207      0.076     5.0849     75.159     40.086  33.808310     2.7746      7.118   258.1014 1.4638e+00    10.1127      2.162      3.136    17.1679   998.7749 0.0000e+00
      2.231      0.079     5.0852     75.072     40.078  33.800867     2.7726      7.116   258.2318 1.3882e+00    10.1053      2.189      3.174    17.1677   998.7751 0.0000e+00
      2.254      0.083     5.0810     74.992     40.100  33.817031     2.7766      7.113   258.3667 1.3397e+00    10.0505      2.213      3.209    17.1673   998.7753 0.0000e+00
      2.274      0.087     5.0707     74.951     40.101  33.813341     2.7888      7.111   258.4419 1.2980e+00     9.9748      2.231      3.235    17.1670   998.7754 0.0000e+00
      2.294      0.091     5.0642     74.959     40.115  33.819716     2.7903      7.109   258.5393 1.2471e+00     9.9441      2.247      3.260    17.1662   998.7756 0.0000e+00
      2.317      0.093     5.0595     74.998     40.133  33.830638     2.7776      7.106   258.5982 1.1947e+00     9.9420      2.270      3.292    17.1645   998.7760 0.0000e+00
      2.342      0.093     5.0526     75.063     40.121  33.818466     2.7733      7.103   258.5512 1.1295e+00     9.9163      2.297      3.331    17.1631   998.7764 0.0000e+00
      2.368      0.090     5.0500     75.110     40.101  33.799476     2.7828      7.102   258.5735 1.0495e+00     9.8628      2.322      3.368    17.1570   998.7775 0.0000e+00
      2.395      0.082     5.0533     75.084     40.093  33.791418     2.7881      7.102   258.6956 9.8600e-01     9.7857      2.350      3.408    17.1473   998.7793 0.0000e+00
      2.420      0.072     5.0552     74.994     40.085  33.784496     2.7853      7.103   258.6510 9.5261e-01     9.7058      2.377      3.447    17.1429   998.7803 0.0000e+00
      2.436      0.062     5.0611     74.884     40.078  33.779247     2.7831      7.105   258.5502 9.3541e-01     9.6837      2.392      3.469    17.1415   998.7807 0.0000e+00
      2.446      0.053     5.0667     74.765     40.093  33.791418     2.7532      7.107   258.5954 9.2786e-01     9.8780      2.399      3.479    17.1385   998.7812 0.0000e+00
      2.453      0.048     5.0644     74.650     40.109  33.804726     2.6931      7.107   258.6809 9.2221e-01    10.2195      2.405      3.488    17.1366   998.7815 0.0000e+00
      2.462      0.049     5.0569     74.556     40.121  33.813222     2.6628      7.106   258.8101 8.9831e-01    10.3720      2.413      3.499    17.1366   998.7816 0.0000e+00
      2.474      0.055     5.0495     74.489     40.144  33.830679     2.6638      7.104   258.9527 8.5812e-01    10.3127      2.425      3.517    17.1369   998.7816 0.0000e+00
      2.489      0.065     5.0414     74.458     40.142  33.825395     2.6615      7.101   259.0279 8.1948e-01    10.1252      2.440      3.539    17.1372   998.7816 0.0000e+00
      2.507      0.075     5.0326     74.429     40.132  33.812795     2.6614      7.097   259.1174 7.9528e-01     9.8750      2.456      3.563    17.1369   998.7817 0.0000e+00
      2.528      0.085     5.0272     74.364     40.204  33.868721     2.6632      7.094   259.2609 7.6932e-01     9.7453      2.477      3.592    17.1350   998.7822 0.0000e+00
      2.553      0.095     5.0218     74.263     40.362  33.993875     2.6563      7.091   259.3856 7.2952e-01     9.7038      2.502      3.629    17.1325   998.7828 0.0000e+00
      2.579      0.105     5.0212     74.106     40.535  34.120166     2.6217      7.089   259.5073 6.9507e-01     9.6682      2.529      3.669    17.1285   998.7835 0.0000e+00
      2.604      0.113     5.0216     73.854     40.660  34.189824     2.5665      7.088   259.6139 6.5827e-01     9.6752      2.553      3.703    17.1228   998.7847 0.0000e+00
      2.633      0.118     5.0165     73.493     40.726  34.201397     2.5431      7.087   259.6423 6.0936e-01     9.6903      2.579      3.740    17.1178   998.7857 0.0000e+00
      2.667      0.118     5.0114     73.015     40.763  34.196571     2.5476      7.087   259.6780 5.5919e-01     9.6541      2.614      3.792    17.1117   998.7869 0.0000e+00
      2.702      0.113     5.0037     72.404     40.788  34.194886     2.5159      7.087   259.7015 5.2154e-01     9.3028      2.651      3.846    17.0929   998.7905 0.0000e+00
      2.735      0.103     4.9924     71.685     40.783  34.181001     2.4545      7.087   259.6679 4.9983e-01     8.6879      2.685      3.893    17.0435   998.7994 0.0000e+00
      2.761      0.088     4.9740     70.919     40.758  34.155610     2.4302      7.086   259.6167 4.7774e-01     8.3804      2.710      3.930    16.9805   998.8104 0.0000e+00
      2.781      0.071     4.9478     70.179     40.746  34.141748     2.4299      7.086   259.5990 4.5519e-01     8.3706      2.728      3.957    16.9359   998.8182 0.0000e+00
      2.795      0.057     4.9080     69.554     40.747  34.140319     2.4244      7.086   259.6250 4.4388e-01     8.3723      2.742      3.978    16.9085   998.8230 0.0000e+00
      2.803      0.047     4.8585     69.103     40.744  34.138332     2.4684      7.087   259.5868 4.4647e-01     8.4666      2.751      3.990    16.8993   998.8246 0.0000e+00
      2.808      0.042     4.8058     68.867     40.718  34.117721     2.5628      7.088   259.5668 4.4784e-01     8.6594      2.753      3.993    16.8970   998.8250 0.0000e+00
      2.816      0.042     4.7529     68.828     40.677  34.081514     2.6213      7.088   259.6413 4.3275e-01     8.7698      2.758      4.001    16.8916   998.8260 0.0000e+00
      2.828      0.043     4.7107     68.939     40.685  34.081342     2.6285      7.089   259.6275 4.1159e-01     8.7853      2.773      4.022    16.8886   998.8266 0.0000e+00
      2.843      0.046     4.6779     69.156     40.738  34.115637     2.6594      7.089   259.4868 3.9119e-01     8.7488      2.789      4.044    16.8874   998.8269 0.0000e+00
      2.857      0.051     4.6626     69.438     40.750  34.115367     2.7342      7.089   259.3160 3.7870e-01     8.6232      2.803      4.065    16.8934   998.8259 0.0000e+00
      2.869      0.055     4.6613     69.739     40.715  34.078067     2.7791      7.088   259.1117 3.8483e-01     8.5445      2.815      4.083    16.8922   998.8262 0.0000e+00
      2.879      0.058     4.6706     69.990     40.685  34.045432     2.7766      7.087   258.9100 3.7725e-01     8.5842      2.823      4.094    16.8811   998.8281 0.0000e+00
      2.893      0.060     4.6879     70.153     40.685  34.038097     2.7211      7.087   258.7701 3.4364e-01     8.7093      2.834      4.109    16.8695   998.8302 0.0000e+00
      2.913      0.061     4.7087     70.249     40.705  34.052823     2.6124      7.087   258.7103 3.2400e-01     8.8774      2.856      4.143    16.8536   998.8330 0.0000e+00
      2.934      0.064     4.7327     70.316     40.683  34.033086     2.5460      7.087   258.7029 3.1048e-01     8.9450      2.880      4.178    16.8440   998.8347 0.0000e+00
      2.949      0.066     4.7513     70.376     40.638  33.989860     2.5339      7.087   258.6804 2.9369e-01     8.9360      2.893      4.196    16.8370   998.8360 0.0000e+00
      2.961      0.066     4.7628     70.443     40.633  33.974435     2.4741      7.086   258.5250 2.8247e-01     8.7364      2.903      4.210    16.8251   998.8380 0.0000e+00
      2.976      0.061     4.7683     70.528     40.646  33.973498     2.3597      7.085   258.2863 2.6812e-01     8.3022      2.918      4.232    16.8234   998.8385 0.0000e+00
