Data/DataNotYetUploadedToEDI/Raw_CTD/RawDownloads/101619_fcr20.cnv
* Sea-Bird SBE19plus  Data File:
* FileName = C:\DATA\101619_fcr50_0002.hex
* Software version 2.8.0.119 SB_Terminal.dll
* Temperature SN = 7809
* Conductivity SN = 7809
* System UpLoad Time = Oct 16 2019 16:52:49
* <ApplicationData>
* <Seaterm232>
# nquan = 16
# nvalues = 372                         
# units = specified
# name 0 = depFM: Depth [fresh water, m]
# name 1 = dz/dtM: Descent Rate [m/s]
# name 2 = sbeox0ML/L: Oxygen, SBE 43 [ml/l]
# name 3 = sbeox0PS: Oxygen, SBE 43 [% saturation]
# name 4 = specc: Specific Conductance [uS/cm]
# name 5 = c0uS/cm: Conductivity [uS/cm]
# name 6 = flECO-AFL: Fluorescence, WET Labs ECO-AFL/FL [mg/m^3]
# name 7 = ph: pH
# name 8 = orp: Oxidation Reduction Potential [mV]
# name 9 = par/sat/log: PAR/Logarithmic, Satlantic
# name 10 = turbWETntu0: Turbidity, WET Labs ECO [NTU]
# name 11 = prdM: Pressure, Strain Gauge [db]
# name 12 = prdE: Pressure, Strain Gauge [psi]
# name 13 = tv290C: Temperature [ITS-90, deg C]
# name 14 = density00: Density [density, kg/m^3]
# name 15 = flag:  0.000e+00
# span 0 =     -0.387,      3.048       
# span 1 =     -0.096,      0.187       
# span 2 =     3.7898,     6.6718       
# span 3 =     56.192,     98.708       
# span 4 =     40.035,     40.788       
# span 5 =  33.777460,  34.244969       
# span 6 =     1.4892,     3.0716       
# span 7 =      7.080,      8.216       
# span 8 =   247.3644,   277.1245       
# span 9 = 2.3062e-01, 4.5625e+02       
# span 10 =     6.9415,    11.7033      
# span 11 =     -0.393,      2.990      
# span 12 =     -0.570,      4.337      
# span 13 =    16.7753,    17.3135      
# span 14 =   998.7390,   998.8469      
# span 15 = 0.0000e+00, 0.0000e+00      
# interval = seconds: 0.25
# start_time = Oct 16 2019 11:42:42 [Instrument's time stamp, header]
# bad_flag = -9.990e-29
*END*
     -0.387      0.105     6.3956     95.114     40.477  34.244969     1.4892      8.216   277.1245 4.3936e+02     9.8672     -0.393     -0.570    17.1389   998.7684 0.0000e+00
     -0.348      0.141     6.3879     95.369     40.425  34.210759     1.4996      8.212   275.8400 4.5027e+02     9.7136     -0.341     -0.495    17.1892   998.7598 0.0000e+00
     -0.301      0.171     6.3845     95.717     40.389  34.182206     1.5096      8.201   274.7737 4.5625e+02     9.6556     -0.295     -0.427    17.2391   998.7511 0.0000e+00
     -0.249      0.187     6.3842     96.150     40.355  34.153600     1.6013      8.186   273.8683 4.1665e+02     9.6246     -0.252     -0.366    17.2747   998.7451 0.0000e+00
     -0.186      0.184     6.3875     96.663     40.317  34.118748     1.7853      8.171   272.9812 3.3090e+02     9.6331     -0.180     -0.261    17.3039   998.7402 0.0000e+00
     -0.126      0.163     6.4055     97.234     40.277  34.078142     1.8955      8.156   272.2211 2.6628e+02     9.6602     -0.116     -0.168    17.3124   998.7390 0.0000e+00
     -0.083      0.133     6.4287     97.909     40.248  34.043415     1.9199      8.141   271.4746 2.4240e+02     9.6578     -0.078     -0.112    17.3123   998.7392 0.0000e+00
     -0.056      0.098     6.4570     98.585     40.232  34.016184     1.9680      8.124   270.6666 2.3145e+02     9.5711     -0.051     -0.073    17.3135   998.7391 0.0000e+00
     -0.043      0.063     6.4939     98.708     40.229  34.002738     2.0435      8.108   269.8518 2.2755e+02     9.4969     -0.038     -0.055    17.3095   998.7399 0.0000e+00
     -0.041      0.035     6.5312     97.603     40.239  34.007758     2.0950      8.094   269.1080 2.3119e+02     9.5142     -0.038     -0.056    17.3035   998.7409 0.0000e+00
     -0.041      0.016     6.5764     95.065     40.244  34.013411     2.1140      8.081   268.5568 2.3661e+02     9.4855     -0.041     -0.060    17.2909   998.7431 0.0000e+00
     -0.038      0.003     6.6410     91.411     40.232  34.007631     2.0996      8.069   268.0910 2.3787e+02     9.2481     -0.038     -0.055    17.2692   998.7469 0.0000e+00
     -0.035     -0.003     6.6718     87.149     40.219  34.001340     2.0601      8.058   267.6066 2.3995e+02     8.9384     -0.032     -0.047    17.2537   998.7497 0.0000e+00
     -0.036     -0.006     6.6026     82.749     40.214  34.000820     2.0436      8.045   267.0885 2.4251e+02     8.8205     -0.033     -0.048    17.2494   998.7505 0.0000e+00
     -0.042     -0.007     6.4211     78.614     40.211  34.001340     2.0480      8.034   266.4723 2.4389e+02     8.8393     -0.042     -0.060    17.2538   998.7496 0.0000e+00
     -0.047     -0.008     6.1614     75.069     40.218  34.007639     2.0784      8.025   265.8347 2.4756e+02     8.9361     -0.048     -0.070    17.2607   998.7485 0.0000e+00
     -0.050     -0.008     5.8635     72.368     40.225  34.013522     2.1334      8.015   265.3162 2.4677e+02     9.1388     -0.049     -0.070    17.2660   998.7475 0.0000e+00
     -0.050     -0.006     5.5573     70.643     40.217  34.009002     2.1579      8.006   264.9348 2.4249e+02     9.2585     -0.050     -0.072    17.2709   998.7466 0.0000e+00
     -0.049     -0.002     5.2715     69.782     40.221  34.016455     2.1583      7.997   264.5783 2.4032e+02     9.2692     -0.048     -0.070    17.2757   998.7457 0.0000e+00
     -0.049      0.000     5.0273     69.466     40.245  34.040177     2.1729      7.989   264.1902 2.3759e+02     9.5302     -0.048     -0.069    17.2751   998.7458 0.0000e+00
     -0.049 3.6569e-07     4.8416     69.408     40.245  34.041955     2.2041      7.983   263.7690 2.3773e+02    10.0217     -0.049     -0.071    17.2732   998.7463 0.0000e+00
     -0.049      0.000     4.7274     69.401     40.239  34.037964     2.2235      7.977   263.2716 2.4183e+02    10.2960     -0.048     -0.070    17.2771   998.7455 0.0000e+00
     -0.049      0.000     4.6795     69.350     40.259  34.055386     2.2175      7.971   262.7359 2.4304e+02    10.3565     -0.048     -0.071    17.2827   998.7445 0.0000e+00
     -0.049      0.001     4.6635     69.293     40.266  34.062215     2.2000      7.964   262.1966 2.4339e+02    10.2610     -0.049     -0.070    17.2869   998.7438 0.0000e+00
     -0.049      0.001     4.6645     69.242     40.260  34.057062     2.1770      7.958   261.7408 2.4659e+02    10.0269     -0.048     -0.069    17.2896   998.7433 0.0000e+00
     -0.049      0.001     4.6674     69.207     40.260  34.056541     2.1657      7.953   261.3551 2.4874e+02     9.9177     -0.048     -0.070    17.2906   998.7431 0.0000e+00
     -0.048      0.001     4.6602     69.272     40.259  34.055916     2.1753      7.948   260.9756 2.4737e+02     9.9568     -0.048     -0.069    17.2913   998.7430 0.0000e+00
     -0.048      0.001     4.6572     69.501     40.252  34.049503     2.1808      7.943   260.6796 2.4410e+02     9.9757     -0.047     -0.068    17.2919   998.7429 0.0000e+00
     -0.047      0.001     4.6545     69.907     40.243  34.042474     2.1887      7.938   260.4422 2.4332e+02     9.8839     -0.046     -0.067    17.2919   998.7429 0.0000e+00
     -0.047      0.001     4.6487     70.435     40.233  34.034397     2.2187      7.933   260.1702 2.4476e+02     9.7317     -0.047     -0.067    17.2917   998.7429 0.0000e+00
     -0.047      0.002     4.6519     70.959     40.209  34.015311     2.2403      7.931   259.7999 2.4249e+02     9.6432     -0.046     -0.067    17.2914   998.7430 0.0000e+00
     -0.047      0.003     4.6671     71.407     40.193  34.002098     2.2423      7.927   259.4068 2.3836e+02     9.6652     -0.046     -0.066    17.2911   998.7431 0.0000e+00
     -0.047      0.005     4.6945     71.731     40.193  34.001577     2.2244      7.922   259.1174 2.3701e+02     9.7030     -0.047     -0.068    17.2914   998.7430 0.0000e+00
     -0.046      0.006     4.7350     71.856     40.202  34.009010     2.1886      7.919   258.8810 2.3663e+02     9.6743     -0.045     -0.066    17.2926   998.7427 0.0000e+00
     -0.043      0.005     4.7709     71.771     40.224  34.028503     2.1738      7.916   258.6137 2.3203e+02     9.6454     -0.043     -0.061    17.2939   998.7425 0.0000e+00
     -0.039      0.002     4.8014     71.527     40.244  34.046874     2.1761      7.911   258.2956 2.2486e+02     9.6490     -0.039     -0.056    17.2941   998.7425 0.0000e+00
     -0.037     -0.001     4.8262     71.163     40.236  34.040736     2.1722      7.905   258.1316 2.2772e+02     9.4550     -0.035     -0.050    17.2938   998.7426 0.0000e+00
     -0.038     -0.006     4.8348     70.741     40.214  34.017753     2.1704      7.900   258.1796 2.3773e+02     9.0374     -0.036     -0.051    17.2938   998.7426 0.0000e+00
     -0.043     -0.011     4.8267     70.320     40.229  34.022851     2.1715      7.894   258.0156 2.3955e+02     8.7948     -0.043     -0.062    17.2950   998.7424 0.0000e+00
     -0.047     -0.013     4.8099     69.861     40.254  34.038898     2.1685      7.885   257.6973 2.4186e+02     8.7826     -0.047     -0.068    17.2967   998.7420 0.0000e+00
     -0.051     -0.011     4.7842     69.351     40.236  34.021371     2.1768      7.871   257.6012 2.5572e+02     8.8566     -0.048     -0.069    17.2986   998.7417 0.0000e+00
     -0.057     -0.006     4.7529     68.835     40.218  34.001330     2.2116      7.851   257.6273 2.7309e+02     8.9686     -0.055     -0.079    17.2947   998.7424 0.0000e+00
     -0.062     -0.002     4.7289     68.327     40.209  33.986973     2.2345      7.829   257.4965 2.7216e+02     8.9898     -0.065     -0.093    17.2813   998.7446 0.0000e+00
     -0.059      0.001     4.6992     67.831     40.198  33.974705     2.2282      7.815   257.2249 2.4713e+02     8.9497     -0.061     -0.088    17.2725   998.7462 0.0000e+00
     -0.051      0.004     4.6623     67.334     40.200  33.979925     2.2219      7.810   257.0104 2.3254e+02     8.9089     -0.048     -0.069    17.2744   998.7460 0.0000e+00
     -0.046      0.007     4.6285     66.828     40.202  33.986629     2.2273      7.806   256.8828 2.4634e+02     8.8577     -0.042     -0.061    17.2695   998.7469 0.0000e+00
     -0.049      0.009     4.5956     66.405     40.205  33.992294     2.2331      7.802   256.8001 2.5988e+02     8.8222     -0.048     -0.070    17.2553   998.7494 0.0000e+00
     -0.052      0.008     4.5623     66.150     40.198  33.984965     2.2321      7.798   256.6995 2.4898e+02     8.7751     -0.054     -0.078    17.2512   998.7500 0.0000e+00
     -0.049      0.006     4.5302     66.002     40.173  33.961471     2.2316      7.793   256.6123 2.2938e+02     8.7135     -0.050     -0.072    17.2585   998.7487 0.0000e+00
     -0.044      0.005     4.4920     65.892     40.174  33.962096     2.2094      7.788   256.5193 2.1928e+02     8.6676     -0.041     -0.060    17.2672   998.7472 0.0000e+00
     -0.040      0.005     4.4596     65.807     40.208  33.992511     2.1632      7.782   256.2628 2.1880e+02     8.6459     -0.037     -0.054    17.2713   998.7466 0.0000e+00
     -0.040      0.004     4.4461     65.757     40.227  34.011898     2.1326      7.776   256.0068 2.2603e+02     8.6481     -0.038     -0.055    17.2683   998.7471 0.0000e+00
     -0.041      0.003     4.4382     65.763     40.217  34.006118     2.1168      7.771   255.9196 2.3458e+02     8.6290     -0.040     -0.058    17.2640   998.7479 0.0000e+00
     -0.041      0.002     4.4308     65.846     40.191  33.986095     2.1028      7.767   255.8109 2.3972e+02     8.6768     -0.042     -0.060    17.2635   998.7479 0.0000e+00
     -0.041      0.002     4.4244     65.982     40.160  33.960200     2.1013      7.763   255.7244 2.4364e+02     8.8662     -0.042     -0.061    17.2662   998.7475 0.0000e+00
     -0.039      0.002     4.4204     66.113     40.145  33.946884     2.1072      7.759   255.7348 2.4399e+02     9.0172     -0.039     -0.056    17.2710   998.7466 0.0000e+00
     -0.037      0.001     4.4193     66.198     40.151  33.952019     2.1050      7.755   255.5928 2.3890e+02     9.0285     -0.036     -0.052    17.2750   998.7459 0.0000e+00
     -0.036      0.000     4.4254     66.214     40.159  33.958817     2.0837      7.750   255.4690 2.3895e+02     8.9040     -0.035     -0.051    17.2765   998.7457 0.0000e+00
     -0.036     -0.002     4.4365     66.157     40.166  33.965616     2.0490      7.746   255.5287 2.4915e+02     8.6915     -0.035     -0.050    17.2770   998.7456 0.0000e+00
     -0.038     -0.005     4.4459     66.027     40.173  33.970761     2.0415      7.743   255.4551 2.5574e+02     8.5569     -0.037     -0.054    17.2764   998.7457 0.0000e+00
     -0.042     -0.007     4.4526     65.847     40.160  33.957557     2.0525      7.738   255.2666 2.5039e+02     8.5224     -0.042     -0.060    17.2752   998.7459 0.0000e+00
     -0.044     -0.009     4.4534     65.657     40.137  33.932901     2.0440      7.733   255.2289 2.4233e+02     8.5032     -0.044     -0.063    17.2754   998.7458 0.0000e+00
     -0.045     -0.010     4.4495     65.477     40.135  33.926498     2.0339      7.728   255.2578 2.3755e+02     8.4890     -0.044     -0.063    17.2774   998.7454 0.0000e+00
     -0.047     -0.011     4.4405     65.300     40.159  33.943599     2.0432      7.724   255.0983 2.3436e+02     8.5148     -0.046     -0.067    17.2782   998.7453 0.0000e+00
     -0.051     -0.011     4.4271     65.108     40.169  33.949264     2.0605      7.722   254.8489 2.3569e+02     8.5860     -0.051     -0.073    17.2746   998.7459 0.0000e+00
     -0.055     -0.010     4.4148     64.874     40.149  33.931530     2.0613      7.723   254.7389 2.4404e+02     8.6289     -0.053     -0.077    17.2676   998.7471 0.0000e+00
     -0.058     -0.007     4.4034     64.597     40.134  33.919574     2.0443      7.723   254.6288 2.4874e+02     8.6064     -0.057     -0.082    17.2613   998.7482 0.0000e+00
     -0.061     -0.003     4.3923     64.307     40.147  33.931632     2.0369      7.721   254.4633 2.4633e+02     8.5766     -0.061     -0.088    17.2571   998.7490 0.0000e+00
     -0.062      0.002     4.3805     64.001     40.168  33.950395     2.0414      7.717   254.3724 2.4596e+02     8.5965     -0.062     -0.090    17.2540   998.7495 0.0000e+00
     -0.060      0.006     4.3653     63.659     40.176  33.956040     2.0470      7.712   254.3044 2.4790e+02     8.6505     -0.060     -0.088    17.2527   998.7497 0.0000e+00
     -0.057      0.010     4.3450     63.347     40.155  33.936424     2.0781      7.707   254.3300 2.4972e+02     8.8029     -0.056     -0.082    17.2535   998.7495 0.0000e+00
     -0.052      0.012     4.3252     63.091     40.120  33.903614     2.1317      7.700   254.4236 2.4920e+02     9.0625     -0.051     -0.074    17.2552   998.7493 0.0000e+00
     -0.048      0.012     4.3070     62.843     40.092  33.876650     2.1660      7.693   254.4891 2.4401e+02     9.2337     -0.047     -0.067    17.2564   998.7492 0.0000e+00
     -0.045      0.011     4.2803     62.597     40.081  33.864269     2.1809      7.687   254.4346 2.3626e+02     9.2667     -0.044     -0.064    17.2561   998.7492 0.0000e+00
     -0.043      0.009     4.2589     62.332     40.104  33.880839     2.1984      7.682   254.1938 2.3126e+02     9.1994     -0.042     -0.061    17.2527   998.7498 0.0000e+00
     -0.041      0.007     4.2452     62.044     40.114  33.886588     2.2221      7.678   254.0732 2.3094e+02     9.0752     -0.040     -0.058    17.2479   998.7507 0.0000e+00
     -0.040      0.007     4.2273     61.761     40.097  33.870308     2.2330      7.674   254.0947 2.2929e+02     9.0104     -0.039     -0.057    17.2441   998.7513 0.0000e+00
     -0.039      0.008     4.2124     61.467     40.105  33.874403     2.2262      7.670   254.1105 2.2893e+02     9.0390     -0.039     -0.057    17.2408   998.7519 0.0000e+00
     -0.038      0.009     4.1954     61.145     40.105  33.872634     2.2001      7.668   254.0915 2.3026e+02     9.1910     -0.038     -0.054    17.2368   998.7526 0.0000e+00
     -0.035      0.011     4.1744     60.823     40.080  33.848914     2.1522      7.665   253.8656 2.2540e+02     9.4061     -0.034     -0.049    17.2332   998.7533 0.0000e+00
     -0.031      0.013     4.1566     60.506     40.074  33.841470     2.1150      7.662   253.6153 2.1975e+02     9.5101     -0.031     -0.045    17.2313   998.7536 0.0000e+00
     -0.028      0.013     4.1379     60.185     40.082  33.846095     2.1055      7.660   253.6469 2.1728e+02     9.4986     -0.027     -0.041    17.2291   998.7540 0.0000e+00
     -0.024      0.013     4.1151     59.883     40.080  33.841362     2.1497      7.658   253.7313 2.1540e+02     9.4636     -0.024     -0.035    17.2253   998.7547 0.0000e+00
     -0.020      0.012     4.0933     59.581     40.091  33.847698     2.2425      7.656   253.6897 2.1486e+02     9.4462     -0.019     -0.028    17.2219   998.7553 0.0000e+00
     -0.016      0.009     4.0738     59.251     40.109  33.859235     2.2916      7.652   253.6592 2.1459e+02     9.4528     -0.015     -0.022    17.2198   998.7557 0.0000e+00
     -0.013      0.005     4.0501     58.921     40.107  33.853929     2.2833      7.647   253.6209 2.1254e+02     9.4448     -0.013     -0.019    17.2172   998.7562 0.0000e+00
     -0.013      0.000     4.0312     58.573     40.101  33.847003     2.2373      7.643   253.5713 2.0944e+02     9.3835     -0.012     -0.018    17.2134   998.7569 0.0000e+00
     -0.014     -0.004     4.0131     58.210     40.092  33.838945     2.1613      7.640   253.4895 2.0649e+02     9.3342     -0.013     -0.020    17.2088   998.7577 0.0000e+00
     -0.016     -0.005     3.9884     57.847     40.071  33.819962     2.1184      7.639   253.3201 2.0574e+02     9.3071     -0.015     -0.021    17.2039   998.7585 0.0000e+00
     -0.019     -0.004     3.9689     57.477     40.061  33.807883     2.1089      7.637   253.1581 2.1095e+02     9.2513     -0.019     -0.027    17.1996   998.7593 0.0000e+00
