Data/DataNotYetUploadedToEDI/Raw_CTD/RawDownloads/101619_fcr10.cnv
* Sea-Bird SBE19plus  Data File:
* FileName = C:\DATA\101619_fcr50_0001.hex
* Software version 2.8.0.119 SB_Terminal.dll
* Temperature SN = 7809
* Conductivity SN = 7809
* System UpLoad Time = Oct 16 2019 16:52:35
* <ApplicationData>
* <Seaterm232>
# nquan = 16
# nvalues = 310                         
# units = specified
# name 0 = depFM: Depth [fresh water, m]
# name 1 = dz/dtM: Descent Rate [m/s]
# name 2 = sbeox0ML/L: Oxygen, SBE 43 [ml/l]
# name 3 = sbeox0PS: Oxygen, SBE 43 [% saturation]
# name 4 = specc: Specific Conductance [uS/cm]
# name 5 = c0uS/cm: Conductivity [uS/cm]
# name 6 = flECO-AFL: Fluorescence, WET Labs ECO-AFL/FL [mg/m^3]
# name 7 = ph: pH
# name 8 = orp: Oxidation Reduction Potential [mV]
# name 9 = par/sat/log: PAR/Logarithmic, Satlantic
# name 10 = turbWETntu0: Turbidity, WET Labs ECO [NTU]
# name 11 = prdM: Pressure, Strain Gauge [db]
# name 12 = prdE: Pressure, Strain Gauge [psi]
# name 13 = tv290C: Temperature [ITS-90, deg C]
# name 14 = density00: Density [density, kg/m^3]
# name 15 = flag:  0.000e+00
# span 0 =     -0.691,      2.232       
# span 1 =     -0.162,      0.421       
# span 2 =     3.6437,     7.3284       
# span 3 =     53.468,    107.050       
# span 4 =     36.256,     41.182       
# span 5 =  28.640446,  34.163353       
# span 6 =    -0.1588,     2.7775       
# span 7 =      7.134,      8.837       
# span 8 =   189.5583,   217.1744       
# span 9 = 3.7624e+00, 5.5007e+02       
# span 10 =    -0.2921,     9.2573      
# span 11 =     -0.679,      2.190      
# span 12 =     -0.985,      3.176      
# span 13 =    13.1334,    17.0526      
# span 14 =   998.7896,   999.3642      
# span 15 = 0.0000e+00, 0.0000e+00      
# interval = seconds: 0.25
# start_time = Oct 16 2019 11:16:09 [Instrument's time stamp, header]
# bad_flag = -9.990e-29
*END*
[from data line 181]
      1.057      0.004     4.7979     71.090     40.477  34.022765     2.2995      7.421   211.2606 3.4378e+01     7.2800      1.036      1.503    17.0331   998.7934 0.0000e+00
      1.058      0.004     4.7970     71.165     40.485  34.026746     2.2946      7.420   211.0127 3.4129e+01     7.2445      1.037      1.504    17.0294   998.7941 0.0000e+00
      1.060      0.007     4.7954     71.238     40.471  34.013312     2.2947      7.417   210.9267 3.3959e+01     7.4384      1.040      1.507    17.0275   998.7944 0.0000e+00
      1.062      0.013     4.7998     71.323     40.440  33.987273     2.3007      7.409   210.9952 3.3920e+01     7.8873      1.042      1.510    17.0258   998.7947 0.0000e+00
      1.062      0.021     4.8044     71.413     40.410  33.965772     2.2977      7.394   210.9799 3.3873e+01     8.1500      1.041      1.511    17.0233   998.7952 0.0000e+00
      1.065      0.033     4.8108     71.460     40.379  33.943744     2.2936      7.370   210.9997 3.3455e+01     8.1561      1.041      1.510    17.0193   998.7958 0.0000e+00
      1.074      0.045     4.8153     71.454     40.335  33.911334     2.3204      7.344   211.1492 3.2722e+01     8.2233      1.052      1.525    17.0156   998.7965 0.0000e+00
      1.088      0.056     4.8203     71.434     40.306  33.891244     2.3792      7.325   211.3239 3.1902e+01     8.4382      1.066      1.546    17.0173   998.7963 0.0000e+00
      1.107      0.063     4.8283     71.403     40.301  33.891233     2.4146      7.310   211.3924 3.0789e+01     8.5917      1.083      1.570    17.0228   998.7954 0.0000e+00
      1.131      0.065     4.8309     71.334     40.322  33.911205     2.4187      7.295   211.3744 2.9697e+01     8.6036      1.111      1.612    17.0276   998.7947 0.0000e+00
      1.151      0.061     4.8287     71.245     40.359  33.942336     2.4284      7.289   211.4511 2.8909e+01     8.5498      1.131      1.640    17.0330   998.7937 0.0000e+00
      1.167      0.053     4.8258     71.159     40.370  33.950309     2.4450      7.290   211.5446 2.8276e+01     8.4329      1.144      1.660    17.0399   998.7926 0.0000e+00
      1.178      0.044     4.8256     71.089     40.365  33.944134     2.4551      7.293   211.6450 2.7917e+01     8.3368      1.158      1.679    17.0450   998.7918 0.0000e+00
      1.185      0.035     4.8190     71.033     40.351  33.931141     2.4631      7.293   211.8043 2.7681e+01     8.3391      1.162      1.685    17.0476   998.7914 0.0000e+00
      1.190      0.026     4.8127     70.979     40.340  33.920132     2.4650      7.294   211.8367 2.7347e+01     8.3293      1.166      1.691    17.0480   998.7914 0.0000e+00
      1.195      0.018     4.8071     70.957     40.362  33.937961     2.4429      7.301   211.7781 2.6876e+01     8.2186      1.171      1.698    17.0462   998.7917 0.0000e+00
      1.203      0.011     4.8018     70.966     40.385  33.956309     2.4122      7.311   211.8702 2.6376e+01     8.1151      1.180      1.712    17.0425   998.7924 0.0000e+00
      1.208      0.006     4.8002     70.989     40.382  33.951581     2.4062      7.318   212.0033 2.6320e+01     8.0931      1.189      1.725    17.0398   998.7929 0.0000e+00
      1.206      0.002     4.7943     71.011     40.377  33.944261     2.4137      7.323   212.0972 2.6682e+01     8.0835      1.185      1.719    17.0389   998.7930 0.0000e+00
      1.199     -0.002     4.7936     71.006     40.366  33.931269     2.3912      7.327   212.1453 2.6946e+01     7.9668      1.174      1.703    17.0377   998.7932 0.0000e+00
      1.196     -0.004     4.7951     70.989     40.356  33.921416     2.3494      7.329   212.0687 2.6980e+01     7.7636      1.170      1.698    17.0368   998.7933 0.0000e+00
      1.198     -0.005     4.7962     70.995     40.393  33.952051     2.3334      7.330   212.0314 2.6956e+01     7.6260      1.175      1.704    17.0346   998.7937 0.0000e+00
      1.199     -0.003     4.8002     71.039     40.432  33.984351     2.3367      7.332   212.0388 2.7092e+01     7.5801      1.178      1.708    17.0297   998.7946 0.0000e+00
      1.199     -0.001     4.7991     71.110     40.446  33.994622     2.3470      7.333   212.0725 2.7353e+01     7.6030      1.176      1.706    17.0252   998.7954 0.0000e+00
      1.197      0.000     4.7974     71.194     40.467  34.012774     2.3540      7.334   212.1801 2.7521e+01     7.6406      1.174      1.703    17.0231   998.7957 0.0000e+00
      1.197      0.001     4.7974     71.267     40.467  34.013425     2.3429      7.334   212.2218 2.7569e+01     7.6407      1.173      1.701    17.0224   998.7959 0.0000e+00
      1.197      0.004     4.8009     71.314     40.455  34.002504     2.3344      7.333   212.3185 2.7533e+01     7.6378      1.173      1.701    17.0216   998.7960 0.0000e+00
      1.198      0.010     4.8063     71.356     40.463  34.007649     2.3287      7.331   212.5749 2.7421e+01     7.7043      1.174      1.703    17.0201   998.7963 0.0000e+00
      1.199      0.019     4.8120     71.392     40.471  34.012169     2.3087      7.326   212.7403 2.7206e+01     7.8215      1.175      1.704    17.0205   998.7962 0.0000e+00
      1.202      0.031     4.8183     71.414     40.451  33.993688     2.2921      7.320   212.8555 2.6801e+01     7.8420      1.178      1.707    17.0227   998.7958 0.0000e+00
      1.210      0.047     4.8196     71.429     40.428  33.974591     2.2920      7.306   213.0205 2.6149e+01     7.8544      1.185      1.718    17.0216   998.7961 0.0000e+00
      1.223      0.065     4.8235     71.439     40.420  33.971659     2.3506      7.286   213.0155 2.5339e+01     8.1345      1.199      1.739    17.0192   998.7966 0.0000e+00
      1.241      0.082     4.8264     71.437     40.397  33.958248     2.4640      7.271   213.0529 2.4369e+01     8.5418      1.216      1.762    17.0170   998.7971 0.0000e+00
      1.266      0.097     4.8276     71.419     40.367  33.939370     2.5266      7.262   213.2144 2.2932e+01     8.7146      1.236      1.792    17.0133   998.7978 0.0000e+00
      1.299      0.107     4.8291     71.384     40.355  33.933818     2.5269      7.258   213.1624 2.1379e+01     8.7500      1.275      1.850    17.0123   998.7981 0.0000e+00
      1.332      0.113     4.8290     71.341     40.375  33.954590     2.5279      7.256   213.1116 2.0314e+01     8.8709      1.310      1.901    17.0182   998.7972 0.0000e+00
      1.360      0.113     4.8284     71.302     40.427  34.000124     2.5390      7.252   213.2028 1.9369e+01     8.9964      1.332      1.932    17.0275   998.7957 0.0000e+00
      1.389      0.107     4.8261     71.267     40.472  34.040109     2.5402      7.248   213.2326 1.8362e+01     9.0228      1.364      1.978    17.0350   998.7946 0.0000e+00
      1.418      0.096     4.8233     71.224     40.491  34.057259     2.5335      7.248   213.2132 1.7518e+01     8.9935      1.393      2.020    17.0406   998.7937 0.0000e+00
      1.444      0.085     4.8192     71.160     40.518  34.080550     2.5274      7.253   213.2263 1.6784e+01     8.9695      1.416      2.055    17.0453   998.7930 0.0000e+00
      1.465      0.077     4.8165     71.091     40.578  34.131317     2.4841      7.256   213.3050 1.6285e+01     8.8636      1.442      2.091    17.0483   998.7926 0.0000e+00
      1.479      0.070     4.8141     71.041     40.616  34.163353     2.4091      7.256   213.3906 1.6002e+01     8.6308      1.452      2.106    17.0502   998.7923 0.0000e+00
      1.490      0.065     4.8119     71.018     40.601  34.150571     2.3663      7.254   213.4009 1.5637e+01     8.4814      1.459      2.115    17.0514   998.7922 0.0000e+00
      1.505      0.061     4.8070     71.017     40.546  34.103692     2.3482      7.252   213.4297 1.5119e+01     8.4669      1.474      2.137    17.0518   998.7922 0.0000e+00
      1.524      0.060     4.8013     71.047     40.472  34.040803     2.3371      7.252   213.5675 1.4587e+01     8.3902      1.495      2.168    17.0524   998.7922 0.0000e+00
      1.544      0.061     4.7979     71.116     40.454  34.024851     2.3438      7.252   213.6897 1.4182e+01     8.2419      1.516      2.200    17.0523   998.7923 0.0000e+00
      1.558      0.061     4.7967     71.208     40.469  34.037744     2.3519      7.252   213.7025 1.3878e+01     8.1484      1.529      2.218    17.0517   998.7925 0.0000e+00
      1.569      0.059     4.7965     71.289     40.432  34.006298     2.3489      7.250   213.7229 1.3519e+01     8.1109      1.536      2.229    17.0518   998.7925 0.0000e+00
      1.584      0.055     4.7978     71.323     40.379  33.961962     2.3424      7.247   213.7637 1.3084e+01     8.0512      1.551      2.250    17.0507   998.7928 0.0000e+00
      1.600      0.053     4.8035     71.311     40.359  33.945937     2.3420      7.242   213.7656 1.2683e+01     7.9515      1.570      2.278    17.0495   998.7930 0.0000e+00
      1.615      0.054     4.8101     71.278     40.351  33.939478     2.3521      7.237   213.9178 1.2370e+01     7.8887      1.586      2.300    17.0499   998.7930 0.0000e+00
      1.627      0.057     4.8172     71.224     40.361  33.947333     2.3614      7.229   214.1410 1.2140e+01     7.8822      1.597      2.316    17.0503   998.7930 0.0000e+00
      1.637      0.061     4.8194     71.158     40.396  33.977437     2.3847      7.219   214.2276 1.1931e+01     8.0358      1.605      2.328    17.0502   998.7930 0.0000e+00
      1.650      0.066     4.8171     71.090     40.406  33.986136     2.4352      7.214   214.2768 1.1571e+01     8.3698      1.613      2.340    17.0502   998.7931 0.0000e+00
      1.670      0.071     4.8157     71.017     40.409  33.989046     2.4678      7.211   214.3054 1.1051e+01     8.5774      1.635      2.372    17.0502   998.7932 0.0000e+00
      1.695      0.076     4.8113     70.947     40.437  34.012635     2.4755      7.210   214.3155 1.0592e+01     8.5790      1.664      2.414    17.0505   998.7932 0.0000e+00
      1.716      0.079     4.8065     70.893     40.443  34.017477     2.5027      7.211   214.3130 1.0207e+01     8.5537      1.683      2.441    17.0515   998.7932 0.0000e+00
      1.735      0.080     4.8022     70.851     40.403  33.984120     2.5540      7.211   214.3613 9.8408e+00     8.5664      1.702      2.468    17.0525   998.7931 0.0000e+00
      1.754      0.078     4.7970     70.817     40.335  33.926643     2.5841      7.206   214.3829 9.5277e+00     8.5687      1.721      2.496    17.0526   998.7931 0.0000e+00
      1.773      0.075     4.7916     70.807     40.297  33.893719     2.5889      7.194   214.2302 9.2182e+00     8.5815      1.740      2.523    17.0525   998.7933 0.0000e+00
      1.793      0.070     4.7881     70.821     40.309  33.903364     2.5868      7.183   214.1502 8.8970e+00     8.5895      1.758      2.550    17.0524   998.7934 0.0000e+00
      1.813      0.062     4.7861     70.847     40.324  33.916339     2.5497      7.176   214.2754 8.5903e+00     8.5020      1.778      2.578    17.0523   998.7935 0.0000e+00
      1.832      0.052     4.7824     70.898     40.333  33.923666     2.4958      7.174   214.3684 8.3623e+00     8.3751      1.801      2.611    17.0521   998.7935 0.0000e+00
      1.845      0.041     4.7822     70.970     40.338  33.928489     2.4728      7.174   214.4138 8.2459e+00     8.3007      1.812      2.629    17.0516   998.7937 0.0000e+00
      1.851      0.030     4.7839     71.038     40.318  33.911180     2.4704      7.175   214.6517 8.1744e+00     8.2589      1.816      2.634    17.0514   998.7938 0.0000e+00
      1.854      0.023     4.7848     71.097     40.312  33.904787     2.4583      7.178   214.9226 8.1240e+00     7.9346      1.819      2.638    17.0510   998.7939 0.0000e+00
      1.855      0.021     4.7882     71.144     40.326  33.914654     2.4308      7.182   215.0217 8.0883e+00     7.3294      1.820      2.639    17.0507   998.7939 0.0000e+00
      1.857      0.021     4.7944     71.162     40.313  33.903539     2.4154      7.183   215.0753 8.0241e+00     7.0035      1.820      2.639    17.0506   998.7939 0.0000e+00
      1.863      0.023     4.7989     71.156     40.306  33.897335     2.4187      7.183   215.1407 7.9015e+00     7.0099      1.825      2.647    17.0500   998.7940 0.0000e+00
      1.873      0.023     4.8026     71.133     40.312  33.903103     2.4357      7.185   215.2102 7.7390e+00     7.0139      1.836      2.663    17.0487   998.7943 0.0000e+00
      1.883      0.022     4.8074     71.093     40.320  33.909818     2.4573      7.187   215.2265 7.6130e+00     6.9529      1.849      2.681    17.0468   998.7948 0.0000e+00
      1.891      0.019     4.8079     71.055     40.326  33.915059     2.4630      7.189   215.2518 7.5664e+00     6.9275      1.856      2.691    17.0461   998.7949 0.0000e+00
      1.893      0.014     4.8070     71.028     40.312  33.902999     2.4695      7.191   215.3443 7.5490e+00     6.9694      1.857      2.693    17.0467   998.7947 0.0000e+00
      1.893      0.009     4.8063     71.003     40.298  33.890941     2.4666      7.194   215.3130 7.5254e+00     7.1317      1.856      2.692    17.0465   998.7948 0.0000e+00
      1.893      0.004     4.8025     71.001     40.304  33.896190     2.4366      7.196   215.2173 7.5085e+00     7.4153      1.856      2.692    17.0461   998.7949 0.0000e+00
      1.894      0.003     4.7995     71.021     40.313  33.903000     2.4111      7.198   215.3060 7.5108e+00     7.6125      1.857      2.693    17.0466   998.7948 0.0000e+00
      1.894      0.005     4.7988     71.027     40.323  33.909810     2.3997      7.199   215.5241 7.5119e+00     7.6811      1.857      2.694    17.0468   998.7948 0.0000e+00
      1.895      0.008     4.7958     71.031     40.330  33.915070     2.3865      7.199   215.6172 7.4784e+00     7.7858      1.858      2.695    17.0467   998.7948 0.0000e+00
      1.897      0.010     4.7953     71.054     40.317  33.903125     2.3723      7.199   215.6579 7.4093e+00     7.9603      1.859      2.696    17.0460   998.7949 0.0000e+00
      1.901      0.010     4.7991     71.080     40.304  33.892316     2.3665      7.198   215.7578 7.3380e+00     8.0544      1.863      2.702    17.0453   998.7951 0.0000e+00
      1.906      0.010     4.7983     71.086     40.328  33.911318     2.3601      7.196   215.7930 7.2950e+00     8.0387      1.869      2.711    17.0443   998.7952 0.0000e+00
      1.910      0.009     4.7982     71.076     40.368  33.942473     2.3472      7.195   215.7392 7.2664e+00     8.0326      1.873      2.716    17.0426   998.7956 0.0000e+00
      1.912      0.007     4.8006     71.079     40.384  33.951686     2.3138      7.196   215.7102 7.2438e+00     7.9484      1.875      2.720    17.0415   998.7958 0.0000e+00
      1.912      0.007     4.8029     71.106     40.396  33.959232     2.2606      7.197   215.7860 7.2419e+00     7.7410      1.876      2.721    17.0418   998.7957 0.0000e+00
      1.911      0.009     4.8035     71.136     40.411  33.970252     2.2323      7.196   215.8811 7.2512e+00     7.6228      1.875      2.719    17.0419   998.7956 0.0000e+00
      1.911      0.014     4.8017     71.147     40.396  33.957985     2.2412      7.196   215.9137 7.2284e+00     7.6330      1.873      2.716    17.0379   998.7964 0.0000e+00
      1.913      0.022     4.8024     71.158     40.369  33.937850     2.3071      7.194   215.8367 7.1354e+00     7.8650      1.874      2.718    17.0322   998.7974 0.0000e+00
      1.920      0.035     4.8053     71.183     40.340  33.917203     2.4143      7.188   215.8093 6.9873e+00     8.2975      1.880      2.727    17.0275   998.7982 0.0000e+00
      1.930      0.051     4.8085     71.209     40.313  33.898736     2.4703      7.178   215.9272 6.8254e+00     8.5031      1.893      2.745    17.0248   998.7987 0.0000e+00
      1.944      0.066     4.8083     71.240     40.317  33.904966     2.4818      7.166   215.9719 6.6414e+00     8.5164      1.906      2.763    17.0269   998.7985 0.0000e+00
