Data/DataNotYetUploadedToEDI/Raw_CTD/RawDownloads/101619_fcr10.cnv
* Sea-Bird SBE19plus  Data File:
* FileName = C:\DATA\101619_fcr50_0001.hex
* Software version 2.8.0.119 SB_Terminal.dll
* Temperature SN = 7809
* Conductivity SN = 7809
* System UpLoad Time = Oct 16 2019 16:52:35
* <ApplicationData>
* <Seaterm232>
# nquan = 16
# nvalues = 310                         
# units = specified
# name 0 = depFM: Depth [fresh water, m]
# name 1 = dz/dtM: Descent Rate [m/s]
# name 2 = sbeox0ML/L: Oxygen, SBE 43 [ml/l]
# name 3 = sbeox0PS: Oxygen, SBE 43 [% saturation]
# name 4 = specc: Specific Conductance [uS/cm]
# name 5 = c0uS/cm: Conductivity [uS/cm]
# name 6 = flECO-AFL: Fluorescence, WET Labs ECO-AFL/FL [mg/m^3]
# name 7 = ph: pH
# name 8 = orp: Oxidation Reduction Potential [mV]
# name 9 = par/sat/log: PAR/Logarithmic, Satlantic
# name 10 = turbWETntu0: Turbidity, WET Labs ECO [NTU]
# name 11 = prdM: Pressure, Strain Gauge [db]
# name 12 = prdE: Pressure, Strain Gauge [psi]
# name 13 = tv290C: Temperature [ITS-90, deg C]
# name 14 = density00: Density [density, kg/m^3]
# name 15 = flag:  0.000e+00
# span 0 =     -0.691,      2.232       
# span 1 =     -0.162,      0.421       
# span 2 =     3.6437,     7.3284       
# span 3 =     53.468,    107.050       
# span 4 =     36.256,     41.182       
# span 5 =  28.640446,  34.163353       
# span 6 =    -0.1588,     2.7775       
# span 7 =      7.134,      8.837       
# span 8 =   189.5583,   217.1744       
# span 9 = 3.7624e+00, 5.5007e+02       
# span 10 =    -0.2921,     9.2573      
# span 11 =     -0.679,      2.190      
# span 12 =     -0.985,      3.176      
# span 13 =    13.1334,    17.0526      
# span 14 =   998.7896,   999.3642      
# span 15 = 0.0000e+00, 0.0000e+00      
# interval = seconds: 0.25
# start_time = Oct 16 2019 11:16:09 [Instrument's time stamp, header]
# bad_flag = -9.990e-29
*END*
     -0.691      0.076     7.0051     95.222     36.256  28.640446    -0.1588      8.059   216.5174 4.4039e+02    -0.2921     -0.679     -0.985    13.1469   999.3622 0.0000e+00
     -0.681      0.128     7.0069     95.189     41.097  32.917581    -0.1297      8.341   203.9004 4.4776e+02    -0.1075     -0.678     -0.984    13.1334   999.3639 0.0000e+00
     -0.647      0.190     7.0046     95.199     41.182  33.438535     0.1901      8.550   193.4687 4.6535e+02     2.1279     -0.646     -0.938    13.1450   999.3642 0.0000e+00
     -0.586      0.256     6.9345     95.265     40.848  33.543597     0.7685      8.702   189.7635 4.9155e+02     6.2201     -0.579     -0.840    13.5751   999.3128 0.0000e+00
     -0.505      0.321     6.8069     95.400     40.544  33.553699     1.0809      8.791   189.5583 5.2532e+02     8.4386     -0.500     -0.726    14.3951   999.2053 0.0000e+00
     -0.408      0.376     6.7042     95.661     40.374  33.560986     1.1147      8.831   190.0408 5.5007e+02     8.6324     -0.407     -0.590    15.0731   999.1066 0.0000e+00
     -0.296      0.413     6.6264     96.114     40.208  33.504944     1.1507      8.837   190.3498 5.4383e+02     8.6609     -0.291     -0.422    15.6183   999.0219 0.0000e+00
     -0.178      0.421     6.5614     96.822     40.003  33.383902     1.4391      8.825   190.4549 4.6792e+02     8.5879     -0.174     -0.252    16.1178   998.9425 0.0000e+00
     -0.060      0.400     6.5257     97.800     39.890  33.303357     1.9669      8.807   190.7093 3.2332e+02     8.4049     -0.063     -0.091    16.4279   998.8915 0.0000e+00
      0.061      0.355     6.5207     98.948     39.836  33.229202     2.2599      8.788   191.1889 2.1061e+02     8.2833      0.064      0.093    16.5847   998.8658 0.0000e+00
      0.166      0.295     6.5385    100.155     39.763  33.121897     2.2859      8.766   191.7799 1.7074e+02     8.2316      0.181      0.262    16.6690   998.8519 0.0000e+00
      0.229      0.232     6.5756    101.310     39.766  33.084747     2.2720      8.743   192.2624 1.6471e+02     8.1741      0.239      0.347    16.7369   998.8406 0.0000e+00
      0.256      0.174     6.6421    102.321     39.894  33.160747     2.2479      8.719   192.6349 1.6425e+02     8.1120      0.252      0.366    16.7662   998.8356 0.0000e+00
      0.273      0.125     6.7305    103.189     40.063  33.279212     2.2291      8.699   192.9281 1.5585e+02     8.0714      0.266      0.387    16.7096   998.8453 0.0000e+00
      0.292      0.088     6.8246    104.035     40.257  33.438192     2.2178      8.682   193.0544 1.5054e+02     8.0754      0.287      0.416    16.6378   998.8575 0.0000e+00
      0.314      0.061     6.9149    105.225     40.447  33.623293     2.2244      8.664   192.9575 1.4984e+02     7.9967      0.306      0.442    16.5924   998.8653 0.0000e+00
      0.339      0.032     6.9853    106.576     40.531  33.740298     2.2560      8.648   192.6171 1.4828e+02     7.8080      0.334      0.485    16.5554   998.8718 0.0000e+00
      0.356     -0.008     7.0538    107.050     40.510  33.774052     2.2797      8.633   192.2941 1.5108e+02     7.6949      0.356      0.517    16.5197   998.8779 0.0000e+00
      0.356     -0.056     7.0955    105.898     40.463  33.777614     2.2766      8.617   192.2349 1.5935e+02     7.6777      0.356      0.515    16.5125   998.8792 0.0000e+00
      0.334     -0.104     7.1685    103.069     40.436  33.783420     2.2709      8.598   192.3321 1.7401e+02     7.7317      0.336      0.487    16.5529   998.8724 0.0000e+00
      0.289     -0.140     7.2913     98.802     40.417  33.780835     2.2712      8.577   192.4362 1.9631e+02     7.8227      0.290      0.420    16.6169   998.8614 0.0000e+00
      0.229     -0.160     7.3284     93.392     40.297  33.682901     2.2802      8.556   192.4620 2.2412e+02     7.8611      0.225      0.327    16.6857   998.8494 0.0000e+00
      0.169     -0.162     7.2415     87.390     40.062  33.487819     2.2847      8.539   192.4714 2.4542e+02     7.8683      0.160      0.232    16.7413   998.8395 0.0000e+00
      0.123     -0.152     7.0339     81.465     39.937  33.389504     2.2734      8.526   192.5497 2.4855e+02     7.8769      0.112      0.162    16.7765   998.8334 0.0000e+00
      0.096     -0.137     6.7402     76.170     39.994  33.446153     2.2564      8.514   192.7210 2.4653e+02     7.8997      0.091      0.132    16.7935   998.8304 0.0000e+00
      0.077     -0.122     6.3572     71.873     40.096  33.538135     2.2352      8.500   192.9070 2.5954e+02     7.9140      0.079      0.114    16.7907   998.8308 0.0000e+00
      0.053     -0.111     5.9327     68.700     40.182  33.613155     2.2251      8.487   193.0789 2.9211e+02     7.9184      0.056      0.082    16.7849   998.8315 0.0000e+00
      0.022     -0.106     5.5175     66.649     40.230  33.655116     2.2293      8.476   193.2504 3.3079e+02     7.9205      0.022      0.033    16.7966   998.8292 0.0000e+00
     -0.012     -0.101     5.1444     65.512     40.238  33.664693     2.2165      8.466   193.3463 3.5112e+02     7.9396     -0.013     -0.018    16.8127   998.8265 0.0000e+00
     -0.042     -0.092     4.8534     64.993     40.234  33.665497     2.1832      8.456   193.4638 3.6301e+02     8.0180     -0.043     -0.062    16.8196   998.8252 0.0000e+00
     -0.066     -0.076     4.6339     64.873     40.228  33.664832     2.1647      8.446   193.6388 3.8971e+02     8.0817     -0.068     -0.098    16.8220   998.8247 0.0000e+00
     -0.084     -0.055     4.5018     64.978     40.215  33.656658     2.1662      8.434   193.9135 4.1657e+02     8.1202     -0.084     -0.123    16.8234   998.8244 0.0000e+00
     -0.094     -0.034     4.4326     65.243     40.180  33.630134     2.1761      8.419   194.2900 4.1700e+02     8.1882     -0.094     -0.137    16.8270   998.8237 0.0000e+00
     -0.097     -0.016     4.4006     65.706     40.138  33.597995     2.1976      8.404   194.5760 4.0030e+02     8.2816     -0.097     -0.141    16.8329   998.8227 0.0000e+00
     -0.095     -0.004     4.3968     66.279     40.118  33.585402     2.2179      8.391   194.7909 3.9949e+02     8.3643     -0.094     -0.136    16.8384   998.8217 0.0000e+00
     -0.090      0.003     4.4063     66.840     40.136  33.604803     2.2216      8.379   194.9963 4.0129e+02     8.3687     -0.088     -0.127    16.8422   998.8211 0.0000e+00
     -0.087      0.005     4.4195     67.369     40.175  33.642188     2.2337      8.369   195.0801 3.9390e+02     8.2697     -0.084     -0.122    16.8446   998.8207 0.0000e+00
     -0.085      0.005     4.4543     67.812     40.186  33.656637     2.2612      8.359   195.2016 3.9746e+02     8.1511     -0.083     -0.121    16.8490   998.8199 0.0000e+00
     -0.085      0.003     4.4974     68.109     40.175  33.652582     2.2677      8.349   195.5196 4.0331e+02     8.1141     -0.083     -0.121    16.8544   998.8190 0.0000e+00
     -0.086      0.001     4.5327     68.282     40.175  33.656636     2.2678      8.341   195.8276 4.0248e+02     8.1168     -0.085     -0.123    16.8597   998.8181 0.0000e+00
     -0.087      0.000     4.5705     68.343     40.155  33.642195     2.2886      8.334   195.9997 4.0077e+02     8.1516     -0.085     -0.123    16.8657   998.8171 0.0000e+00
     -0.087      0.000     4.6018     68.255     40.108  33.604898     2.3112      8.326   196.1384 3.9652e+02     8.2399     -0.085     -0.123    16.8721   998.8160 0.0000e+00
     -0.086      0.001     4.6203     68.056     40.084  33.586468     2.3250      8.317   196.2995 3.9279e+02     8.3322     -0.084     -0.122    16.8784   998.8149 0.0000e+00
     -0.085      0.001     4.6302     67.831     40.109  33.609760     2.3344      8.310   196.3991 3.9028e+02     8.3817     -0.084     -0.122    16.8834   998.8141 0.0000e+00
     -0.084      0.001     4.6368     67.585     40.133  33.632668     2.3117      8.305   196.4825 3.8773e+02     8.3799     -0.083     -0.120    16.8867   998.8135 0.0000e+00
     -0.084      0.001     4.6294     67.323     40.103  33.609588     2.2592      8.298   196.6194 3.8781e+02     8.3765     -0.082     -0.119    16.8891   998.8130 0.0000e+00
     -0.085      0.002     4.6117     67.035     40.073  33.584562     2.2280      8.290   196.7635 3.8790e+02     8.3729     -0.083     -0.121    16.8910   998.8127 0.0000e+00
     -0.085      0.002     4.5982     66.703     40.073  33.583939     2.2209      8.283   196.9343 3.8474e+02     8.3687     -0.084     -0.122    16.8940   998.8122 0.0000e+00
     -0.084      0.004     4.5801     66.360     40.096  33.602054     2.2251      8.279   197.0499 3.7864e+02     8.3916     -0.083     -0.120    16.8979   998.8116 0.0000e+00
     -0.083      0.009     4.5621     66.027     40.111  33.613196     2.2615      8.277   197.0424 3.7338e+02     8.6169     -0.081     -0.118    16.9007   998.8110 0.0000e+00
     -0.081      0.015     4.5443     65.706     40.019  33.528266     2.3141      8.272   197.0163 3.7124e+02     9.0287     -0.080     -0.115    16.9006   998.8111 0.0000e+00
     -0.079      0.020     4.5195     65.402     39.887  33.400187     2.3316      8.266   196.9065 3.7375e+02     9.2416     -0.078     -0.114    16.8999   998.8112 0.0000e+00
     -0.074      0.023     4.4969     65.129     39.901  33.397321     2.3271      8.261   196.8331 3.7610e+02     9.2246     -0.075     -0.110    16.8973   998.8116 0.0000e+00
     -0.062      0.025     4.4738     64.849     40.019  33.493597     2.2941      8.258   196.9893 3.7049e+02     8.9864     -0.062     -0.089    16.8978   998.8117 0.0000e+00
     -0.050      0.026     4.4528     64.489     40.084  33.548842     2.2177      8.255   197.0740 3.7405e+02     8.5578     -0.044     -0.065    16.8943   998.8123 0.0000e+00
     -0.045      0.023     4.4340     64.049     40.102  33.557567     2.1666      8.253   197.0820 3.9022e+02     8.3028     -0.042     -0.062    16.8630   998.8177 0.0000e+00
     -0.044      0.018     4.4187     63.589     40.158  33.599081     2.1615      8.249   197.1722 3.8119e+02     8.2625     -0.046     -0.067    16.8367   998.8222 0.0000e+00
     -0.039      0.014     4.4023     63.147     40.166  33.606522     2.1821      8.241   197.2188 3.6120e+02     8.2347     -0.037     -0.054    16.8433   998.8212 0.0000e+00
     -0.035      0.013     4.3765     62.733     39.986  33.457150     2.2080      8.225   197.2148 3.6765e+02     8.1639     -0.031     -0.044    16.8489   998.8202 0.0000e+00
     -0.036      0.012     4.3462     62.388     39.746  33.252700     2.2141      8.207   197.2100 3.7293e+02     8.0946     -0.035     -0.052    16.8376   998.8220 0.0000e+00
     -0.035      0.008     4.3149     62.126     39.651  33.165377     2.2130      8.198   197.4197 3.6418e+02     8.0517     -0.039     -0.058    16.8230   998.8246 0.0000e+00
     -0.026     -0.001     4.2852     61.914     39.743  33.226349     2.2032      8.195   198.2017 3.5208e+02     7.9074     -0.026     -0.038    16.8320   998.8232 0.0000e+00
     -0.018     -0.010     4.2546     61.730     39.917  33.355255     2.1831      8.193   203.1367 3.4309e+02     7.5944     -0.011     -0.017    16.8354   998.8225 0.0000e+00
     -0.022     -0.017     4.2316     61.560     40.043  33.454680     2.1689      8.191   211.9179 3.4583e+02     7.3816     -0.018     -0.027    16.8275   998.8237 0.0000e+00
     -0.036     -0.020     4.2156     61.406     40.068  33.476522     2.1619      8.184   216.7864 3.4104e+02     7.3989     -0.036     -0.052    16.8268   998.8238 0.0000e+00
     -0.052     -0.019     4.2036     61.257     40.005  33.428958     2.1767      8.171   217.1744 3.3305e+02     7.7051     -0.053     -0.077    16.7960   998.8290 0.0000e+00
     -0.063     -0.013     4.1944     61.092     39.946  33.387303     2.2091      8.157   217.0401 3.3956e+02     8.2328     -0.066     -0.095    16.7707   998.8334 0.0000e+00
     -0.063     -0.002     4.1825     60.924     39.892  33.353660     2.2240      8.147   216.7967 3.3811e+02     8.5358     -0.065     -0.094    16.7660   998.8342 0.0000e+00
     -0.055      0.009     4.1721     60.790     39.783  33.276057     2.2176      8.139   216.4689 3.1918e+02     8.5493     -0.052     -0.077    16.7696   998.8337 0.0000e+00
     -0.047      0.014     4.1621     60.686     39.691  33.210589     2.2095      8.130   216.0881 2.9922e+02     8.4949     -0.045     -0.065    16.7782   998.8322 0.0000e+00
     -0.039      0.013     4.1503     60.596     39.665  33.196744     2.2131      8.122   215.6336 2.8352e+02     8.3365     -0.039     -0.057    16.7825   998.8314 0.0000e+00
     -0.034      0.008     4.1358     60.497     39.709  33.235592     2.2264      8.117   215.2763 2.7241e+02     8.0763     -0.030     -0.045    16.7995   998.8286 0.0000e+00
     -0.034      0.005     4.1256     60.385     39.789  33.299520     2.2309      8.111   214.9512 2.7242e+02     7.9384     -0.031     -0.044    16.8179   998.8254 0.0000e+00
     -0.040      0.006     4.1179     60.305     39.760  33.271595     2.2246      8.099   214.6280 2.8257e+02     7.9149     -0.040     -0.058    16.8333   998.8226 0.0000e+00
     -0.045      0.009     4.1107     60.290     39.623  33.151793     2.2370      8.080   214.3796 2.8762e+02     7.9231     -0.047     -0.069    16.8452   998.8206 0.0000e+00
     -0.043      0.012     4.1051     60.345     39.520  33.056795     2.2683      8.062   213.9273 2.7739e+02     8.0051     -0.046     -0.066    16.8479   998.8201 0.0000e+00
     -0.033      0.013     4.0956     60.439     39.487  33.011464     2.2817      8.047   211.3956 2.6575e+02     8.0534     -0.034     -0.049    16.8406   998.8215 0.0000e+00
     -0.019      0.011     4.0901     60.494     39.504  32.984451     2.2782      8.036   209.0650 2.6557e+02     8.0483     -0.017     -0.025    16.8373   998.8221 0.0000e+00
     -0.012      0.006     4.0896     60.444     39.574  32.983977     2.2517      8.030   210.8714 2.6929e+02     8.0423     -0.008     -0.011    16.8320   998.8230 0.0000e+00
     -0.015      0.000     4.0943     60.265     39.657  33.005664     2.1960      8.027   212.6729 2.7168e+02     8.0134     -0.013     -0.020    16.8198   998.8250 0.0000e+00
     -0.023     -0.006     4.1046     59.984     39.665  32.992754     2.1675      8.025   210.4559 2.7967e+02     7.9609     -0.023     -0.033    16.8105   998.8266 0.0000e+00
     -0.030     -0.008     4.1140     59.642     39.628  32.954782     2.1763      8.023   206.2640 3.0059e+02     7.8984     -0.030     -0.043    16.7568   998.8358 0.0000e+00
     -0.035     -0.006     4.1196     59.235     39.611  32.927320     2.2078      8.018   203.6316 3.1891e+02     7.8474     -0.037     -0.054    16.6628   998.8518 0.0000e+00
     -0.033     -0.002     4.1128     58.773     39.616  32.914547     2.2614      8.013   202.7192 3.1662e+02     7.8368     -0.035     -0.049    16.5945   998.8634 0.0000e+00
     -0.028      0.004     4.0927     58.300     39.646  32.927247     2.2869      8.006   202.2008 3.0837e+02     7.8687     -0.026     -0.038    16.5789   998.8661 0.0000e+00
     -0.025      0.010     4.0705     57.844     39.683  32.953927     2.2824      7.996   201.8386 3.0889e+02     7.8732     -0.023     -0.034    16.5814   998.8656 0.0000e+00
     -0.025      0.017     4.0440     57.408     39.719  32.983278     2.2501      7.987   201.4375 3.1302e+02     7.8910     -0.026     -0.036    16.5626   998.8688 0.0000e+00
     -0.025      0.025     4.0131     57.002     39.771  33.028279     2.1819      7.977   201.1360 3.1251e+02     7.9845     -0.028     -0.039    16.5353   998.8734 0.0000e+00
     -0.019      0.037     3.9818     56.654     39.871  33.117264     2.1510      7.965   200.8609 3.0549e+02     8.0536     -0.021     -0.029    16.5191   998.8762 0.0000e+00
     -0.008      0.054     3.9507     56.367     39.994  33.234174     2.1625      7.952   200.6915 2.9376e+02     8.0721     -0.008     -0.011    16.5164   998.8766 0.0000e+00
