Data/DataNotYetUploadedToEDI/Raw_CTD/RawDownloads/101619_fcr30.cnv
* Sea-Bird SBE19plus  Data File:
* FileName = C:\DATA\101619_fcr50_0003.hex
* Software version 2.8.0.119 SB_Terminal.dll
* Temperature SN = 7809
* Conductivity SN = 7809
* System UpLoad Time = Oct 16 2019 16:53:09
* <ApplicationData>
* <Seaterm232>
# nquan = 16
# nvalues = 614                         
# units = specified
# name 0 = depFM: Depth [fresh water, m]
# name 1 = dz/dtM: Descent Rate [m/s]
# name 2 = sbeox0ML/L: Oxygen, SBE 43 [ml/l]
# name 3 = sbeox0PS: Oxygen, SBE 43 [% saturation]
# name 4 = specc: Specific Conductance [uS/cm]
# name 5 = c0uS/cm: Conductivity [uS/cm]
# name 6 = flECO-AFL: Fluorescence, WET Labs ECO-AFL/FL [mg/m^3]
# name 7 = ph: pH
# name 8 = orp: Oxidation Reduction Potential [mV]
# name 9 = par/sat/log: PAR/Logarithmic, Satlantic
# name 10 = turbWETntu0: Turbidity, WET Labs ECO [NTU]
# name 11 = prdM: Pressure, Strain Gauge [db]
# name 12 = prdE: Pressure, Strain Gauge [psi]
# name 13 = tv290C: Temperature [ITS-90, deg C]
# name 14 = density00: Density [density, kg/m^3]
# name 15 = flag:  0.000e+00
# span 0 =     -0.604,      5.342       
# span 1 =     -0.077,      0.164       
# span 2 =    -0.4874,     6.7015       
# span 3 =     -6.879,     99.448       
# span 4 =     39.786,     99.971       
# span 5 =  33.541348,  82.094930       
# span 6 =    -0.0007,     3.0208       
# span 7 =      6.521,      7.954       
# span 8 =   112.9110,   241.0961       
# span 9 = 1.2363e-01, 4.3965e+02       
# span 10 =     2.2049,    26.1990      
# span 11 =     -0.600,      5.240      
# span 12 =     -0.870,      7.600      
# span 13 =    13.3135,    17.3416      
# span 14 =   998.7341,   999.3872      
# span 15 = 0.0000e+00, 0.0000e+00      
# interval = seconds: 0.25
# start_time = Oct 16 2019 11:49:56 [Instrument's time stamp, header]
# bad_flag = -9.990e-29
*END*
[from data line 181]
      0.392      0.064     4.9596     73.323     40.235  34.054128     2.0448      7.119   224.6294 6.0716e+01     9.2411      0.385      0.558    17.3150   998.7408 0.0000e+00
      0.403      0.055     4.9469     73.272     40.200  34.024127     2.0438      7.120   224.6935 5.8473e+01     9.2641      0.395      0.572    17.3149   998.7409 0.0000e+00
      0.415      0.049     4.9369     73.237     40.191  34.016692     2.0485      7.120   224.7918 5.6091e+01     9.2613      0.406      0.588    17.3147   998.7410 0.0000e+00
      0.429      0.045     4.9306     73.200     40.205  34.027702     2.0494      7.121   224.8714 5.3815e+01     9.2733      0.419      0.608    17.3148   998.7410 0.0000e+00
      0.443      0.043     4.9249     73.163     40.208  34.030312     2.0544      7.123   224.9680 5.1962e+01     9.3105      0.435      0.630    17.3146   998.7411 0.0000e+00
      0.453      0.042     4.9219     73.120     40.229  34.048245     2.0574      7.124   225.0986 5.0623e+01     9.2849      0.446      0.647    17.3145   998.7412 0.0000e+00
      0.461      0.041     4.9205     73.059     40.236  34.054127     2.0499      7.125   225.2460 4.9384e+01     9.0623      0.451      0.656    17.3144   998.7412 0.0000e+00
      0.469      0.040     4.9175     73.019     40.216  34.037973     2.0507      7.125   225.4604 4.8042e+01     8.7162      0.458      0.666    17.3140   998.7413 0.0000e+00
      0.479      0.040     4.9149     73.037     40.222  34.043328     2.0584      7.124   225.7118 4.6591e+01     8.5735      0.468      0.681    17.3141   998.7413 0.0000e+00
      0.490      0.040     4.9133     73.090     40.237  34.055405     2.0646      7.124   225.8761 4.5037e+01     8.5834      0.479      0.696    17.3142   998.7414 0.0000e+00
      0.503      0.039     4.9078     73.180     40.239  34.057060     2.0656      7.123   225.8977 4.3509e+01     8.4426      0.493      0.715    17.3143   998.7414 0.0000e+00
      0.514      0.038     4.9031     73.291     40.246  34.063350     2.0528      7.123   225.9742 4.2276e+01     8.2150      0.505      0.733    17.3144   998.7415 0.0000e+00
      0.523      0.035     4.9065     73.362     40.251  34.067984     2.0395      7.122   226.1982 4.1276e+01     8.1250      0.513      0.743    17.3146   998.7415 0.0000e+00
      0.530      0.032     4.9092     73.396     40.230  34.049628     2.0356      7.122   226.3691 4.0419e+01     8.1415      0.520      0.754    17.3147   998.7415 0.0000e+00
      0.537      0.029     4.9149     73.424     40.209  34.031800     2.0316      7.122   226.4926 3.9684e+01     8.1523      0.528      0.765    17.3146   998.7415 0.0000e+00
      0.543      0.027     4.9254     73.427     40.222  34.042818     2.0176      7.122   226.5722 3.8894e+01     8.2557      0.533      0.772    17.3146   998.7416 0.0000e+00
      0.549      0.027     4.9297     73.398     40.237  34.055916     1.9958      7.121   226.5565 3.8018e+01     8.4412      0.539      0.782    17.3145   998.7416 0.0000e+00
      0.557      0.027     4.9300     73.343     40.246  34.063236     1.9856      7.121   226.5605 3.7233e+01     8.4940      0.547      0.793    17.3143   998.7417 0.0000e+00
      0.564      0.028     4.9335     73.263     40.251  34.067861     1.9886      7.120   226.6212 3.6563e+01     8.5010      0.553      0.802    17.3142   998.7417 0.0000e+00
      0.570      0.029     4.9338     73.195     40.228  34.048370     2.0070      7.120   226.6884 3.5828e+01     8.6892      0.558      0.810    17.3144   998.7417 0.0000e+00
      0.577      0.030     4.9309     73.157     40.193  34.017963     2.0345      7.120   226.7705 3.5033e+01     8.9348      0.566      0.822    17.3145   998.7418 0.0000e+00
      0.586      0.030     4.9286     73.132     40.193  34.017548     2.0430      7.120   226.8395 3.4284e+01     9.0113      0.576      0.835    17.3144   998.7418 0.0000e+00
      0.595      0.030     4.9211     73.116     40.223  34.043339     2.0491      7.121   226.9211 3.3575e+01     8.9927      0.583      0.846    17.3145   998.7418 0.0000e+00
      0.603      0.029     4.9160     73.118     40.262  34.075949     2.0741      7.122   227.0679 3.2839e+01     9.0046      0.590      0.856    17.3145   998.7418 0.0000e+00
      0.611      0.027     4.9147     73.146     40.283  34.094506     2.1021      7.122   227.1520 3.2224e+01     9.0242      0.599      0.869    17.3143   998.7419 0.0000e+00
      0.617      0.025     4.9127     73.196     40.262  34.077311     2.1186      7.121   227.2503 3.1810e+01     9.0330      0.606      0.880    17.3141   998.7420 0.0000e+00
      0.622      0.023     4.9116     73.262     40.240  34.058443     2.1176      7.120   227.4817 3.1428e+01     9.0129      0.610      0.885    17.3141   998.7420 0.0000e+00
      0.627      0.020     4.9112     73.335     40.238  34.056772     2.0982      7.119   227.6271 3.1012e+01     8.9770      0.614      0.891    17.3142   998.7420 0.0000e+00
      0.633      0.018     4.9135     73.403     40.239  34.057098     2.0748      7.120   227.6309 3.0615e+01     8.9600      0.622      0.901    17.3146   998.7420 0.0000e+00
      0.638      0.016     4.9166     73.465     40.245  34.062390     2.0612      7.120   227.6144 3.0390e+01     8.9720      0.627      0.910    17.3147   998.7420 0.0000e+00
      0.641      0.015     4.9215     73.515     40.239  34.057287     2.0542      7.120   227.5994 3.0242e+01     8.9903      0.629      0.912    17.3148   998.7420 0.0000e+00
      0.644      0.015     4.9269     73.540     40.241  34.058865     2.0687      7.119   227.6221 3.0025e+01     8.8535      0.631      0.915    17.3147   998.7420 0.0000e+00
      0.647      0.016     4.9312     73.551     40.267  34.081471     2.0984      7.118   227.8021 2.9840e+01     8.5632      0.634      0.920    17.3146   998.7420 0.0000e+00
      0.651      0.017     4.9357     73.583     40.262  34.076752     2.1092      7.118   228.0553 2.9624e+01     8.3651      0.638      0.926    17.3147   998.7420 0.0000e+00
      0.656      0.019     4.9394     73.635     40.249  34.065270     2.1123      7.119   228.1022 2.9340e+01     8.2934      0.643      0.932    17.3146   998.7421 0.0000e+00
      0.661      0.021     4.9410     73.665     40.254  34.069579     2.1198      7.119   228.1104 2.9051e+01     8.2858      0.648      0.939    17.3145   998.7421 0.0000e+00
      0.667      0.023     4.9404     73.665     40.249  34.065380     2.1118      7.119   228.2404 2.8728e+01     8.4706      0.654      0.948    17.3145   998.7422 0.0000e+00
      0.673      0.023     4.9422     73.644     40.264  34.077969     2.0848      7.119   228.2980 2.8374e+01     8.7911      0.660      0.957    17.3143   998.7422 0.0000e+00
      0.679      0.024     4.9478     73.577     40.284  34.094861     2.0623      7.119   228.3771 2.8031e+01     8.9480      0.666      0.966    17.3141   998.7423 0.0000e+00
      0.686      0.026     4.9497     73.458     40.264  34.079216     2.0571      7.119   228.5076 2.7770e+01     8.9584      0.673      0.977    17.3140   998.7423 0.0000e+00
      0.692      0.028     4.9487     73.308     40.264  34.079213     2.0823      7.119   228.4996 2.7515e+01     9.0806      0.678      0.984    17.3138   998.7424 0.0000e+00
      0.697      0.031     4.9492     73.164     40.283  34.094819     2.1328      7.119   228.5384 2.7095e+01     9.3111      0.682      0.989    17.3141   998.7423 0.0000e+00
      0.706      0.033     4.9440     73.071     40.262  34.077510     2.1651      7.119   228.7188 2.6595e+01     9.4524      0.692      1.004    17.3145   998.7423 0.0000e+00
      0.716      0.035     4.9356     73.043     40.242  34.060335     2.1781      7.119   228.7874 2.6142e+01     9.4779      0.702      1.019    17.3148   998.7423 0.0000e+00
      0.726      0.036     4.9249     73.073     40.262  34.077552     2.1865      7.119   228.8519 2.5686e+01     9.3572      0.712      1.033    17.3149   998.7423 0.0000e+00
      0.736      0.036     4.9134     73.139     40.283  34.095278     2.1880      7.118   228.9830 2.5247e+01     9.1400      0.723      1.047    17.3148   998.7424 0.0000e+00
      0.745      0.034     4.9074     73.223     40.269  34.084263     2.1874      7.116   228.9957 2.4888e+01     9.0144      0.732      1.061    17.3150   998.7424 0.0000e+00
      0.753      0.030     4.9052     73.308     40.254  34.071307     2.1797      7.114   229.0049 2.4530e+01     8.9526      0.739      1.072    17.3153   998.7424 0.0000e+00
      0.761      0.025     4.9083     73.359     40.248  34.065552     2.1376      7.112   229.0948 2.4144e+01     8.6551      0.746      1.083    17.3155   998.7424 0.0000e+00
      0.769      0.020     4.9130     73.362     40.263  34.078155     2.0771      7.111   229.1358 2.3895e+01     8.1378      0.756      1.097    17.3156   998.7425 0.0000e+00
      0.774      0.015     4.9187     73.346     40.284  34.096750     2.0559      7.109   229.1571 2.3818e+01     7.8753      0.760      1.102    17.3157   998.7424 0.0000e+00
      0.776      0.012     4.9257     73.342     40.288  34.099987     2.0636      7.109   229.2658 2.3765e+01     7.9076      0.760      1.102    17.3156   998.7424 0.0000e+00
      0.777      0.011     4.9296     73.347     40.309  34.117291     2.0920      7.108   229.3315 2.3726e+01     8.1015      0.762      1.105    17.3159   998.7424 0.0000e+00
      0.777      0.014     4.9288     73.367     40.308  34.115574     2.1380      7.108   229.3494 2.3770e+01     8.3845      0.763      1.106    17.3157   998.7424 0.0000e+00
      0.778      0.019     4.9265     73.425     40.266  34.079228     2.1611      7.108   229.4819 2.3787e+01     8.5110      0.762      1.105    17.3155   998.7425 0.0000e+00
      0.782      0.027     4.9268     73.524     40.241  34.058629     2.1719      7.108   229.5575 2.3562e+01     8.5171      0.764      1.108    17.3156   998.7425 0.0000e+00
      0.791      0.033     4.9273     73.620     40.239  34.056911     2.1903      7.107   229.4895 2.3093e+01     8.5561      0.775      1.123    17.3154   998.7426 0.0000e+00
      0.804      0.038     4.9276     73.678     40.241  34.058457     2.2625      7.107   229.5198 2.2607e+01     8.8518      0.789      1.143    17.3146   998.7428 0.0000e+00
      0.818      0.039     4.9314     73.690     40.262  34.077326     2.3947      7.106   229.6654 2.2164e+01     9.3720      0.802      1.163    17.3137   998.7430 0.0000e+00
      0.829      0.037     4.9396     73.656     40.282  34.094646     2.4710      7.106   229.7869 2.1796e+01     9.6677      0.814      1.182    17.3137   998.7430 0.0000e+00
      0.839      0.034     4.9471     73.593     40.261  34.077484     2.4744      7.106   229.8706 2.1566e+01     9.7072      0.824      1.195    17.3140   998.7430 0.0000e+00
      0.845      0.029     4.9506     73.526     40.241  34.060219     2.4006      7.106   229.9035 2.1377e+01     9.4235      0.830      1.203    17.3144   998.7430 0.0000e+00
      0.850      0.025     4.9517     73.462     40.260  34.076293     2.2555      7.106   229.8402 2.1132e+01     8.8591      0.833      1.208    17.3150   998.7429 0.0000e+00
      0.856      0.023     4.9489     73.404     40.266  34.081430     2.1758      7.107   229.7943 2.0830e+01     8.5536      0.838      1.216    17.3154   998.7429 0.0000e+00
      0.861      0.024     4.9437     73.354     40.240  34.058862     2.1746      7.107   229.9502 2.0588e+01     8.5481      0.846      1.227    17.3156   998.7428 0.0000e+00
      0.866      0.027     4.9393     73.319     40.238  34.057287     2.1797      7.106   230.1764 2.0431e+01     8.7265      0.849      1.232    17.3157   998.7428 0.0000e+00
      0.870      0.032     4.9348     73.294     40.244  34.062389     2.1764      7.106   230.2060 2.0176e+01     9.0391      0.852      1.235    17.3158   998.7428 0.0000e+00
      0.878      0.037     4.9311     73.301     40.238  34.057088     2.1689      7.106   230.1355 1.9753e+01     9.1818      0.859      1.246    17.3159   998.7429 0.0000e+00
      0.891      0.043     4.9271     73.348     40.238  34.056657     2.1762      7.105   230.1845 1.9294e+01     9.2060      0.874      1.268    17.3160   998.7429 0.0000e+00
      0.904      0.048     4.9254     73.378     40.239  34.057177     2.2136      7.102   230.2832 1.8904e+01     9.4625      0.888      1.288    17.3158   998.7430 0.0000e+00
      0.916      0.050     4.9233     73.382     40.246  34.063363     2.2648      7.099   230.3818 1.8499e+01     9.8906      0.897      1.302    17.3160   998.7430 0.0000e+00
      0.931      0.049     4.9221     73.396     40.251  34.067989     2.2931      7.096   230.5165 1.7993e+01    10.1221      0.912      1.322    17.3162   998.7430 0.0000e+00
      0.946      0.047     4.9286     73.395     40.229  34.049645     2.2957      7.094   230.6210 1.7571e+01    10.1311      0.930      1.348    17.3151   998.7433 0.0000e+00
      0.958      0.044     4.9309     73.380     40.208  34.031967     2.2785      7.092   230.6988 1.7306e+01    10.0330      0.941      1.365    17.3143   998.7435 0.0000e+00
      0.967      0.040     4.9283     73.375     40.222  34.044651     2.2502      7.092   230.6830 1.6967e+01     9.8535      0.947      1.373    17.3148   998.7434 0.0000e+00
      0.976      0.037     4.9318     73.357     40.259  34.076070     2.2391      7.093   230.6023 1.6556e+01     9.6972      0.957      1.388    17.3151   998.7434 0.0000e+00
      0.985      0.036     4.9312     73.294     40.281  34.094518     2.2401      7.094   230.6689 1.6233e+01     9.6172      0.968      1.404    17.3156   998.7434 0.0000e+00
      0.993      0.038     4.9286     73.199     40.260  34.077315     2.2270      7.094   230.8003 1.5993e+01     9.5100      0.974      1.413    17.3161   998.7433 0.0000e+00
      1.000      0.043     4.9296     73.115     40.238  34.058456     2.2022      7.094   230.9003 1.5730e+01     9.3522      0.979      1.420    17.3167   998.7433 0.0000e+00
      1.011      0.048     4.9291     73.060     40.236  34.056896     2.1841      7.093   231.0188 1.5326e+01     9.2816      0.989      1.436    17.3171   998.7432 0.0000e+00
      1.025      0.053     4.9249     73.040     40.238  34.058457     2.1721      7.091   231.1143 1.4839e+01     9.2792      1.005      1.458    17.3170   998.7433 0.0000e+00
      1.041      0.056     4.9164     73.048     40.261  34.077325     2.1611      7.089   231.1943 1.4353e+01     9.2897      1.021      1.481    17.3171   998.7434 0.0000e+00
      1.059      0.057     4.9110     73.078     40.281  34.094633     2.1813      7.088   231.2970 1.3858e+01     9.4097      1.038      1.505    17.3169   998.7435 0.0000e+00
      1.076      0.056     4.9069     73.128     40.261  34.077325     2.2250      7.088   231.3236 1.3467e+01     9.6148      1.057      1.532    17.3170   998.7436 0.0000e+00
      1.090      0.054     4.9060     73.197     40.239  34.058456     2.2304      7.087   231.3436 1.3191e+01     9.7050      1.070      1.552    17.3171   998.7436 0.0000e+00
      1.100      0.051     4.9065     73.261     40.237  34.056896     2.2206      7.086   231.4528 1.2879e+01     9.6818      1.078      1.565    17.3165   998.7438 0.0000e+00
      1.111      0.049     4.9088     73.281     40.239  34.058457     2.2188      7.085   231.5255 1.2538e+01     9.6615      1.089      1.580    17.3160   998.7439 0.0000e+00
      1.123      0.047     4.9122     73.277     40.262  34.077324     2.1998      7.084   231.6206 1.2206e+01     9.6558      1.101      1.597    17.3159   998.7440 0.0000e+00
      1.136      0.046     4.9167     73.269     40.283  34.094622     2.1913      7.084   231.8291 1.1869e+01     9.6464      1.115      1.616    17.3157   998.7441 0.0000e+00
      1.150      0.045     4.9236     73.272     40.262  34.077209     2.1942      7.084   231.9808 1.1576e+01     9.6457      1.129      1.636    17.3156   998.7442 0.0000e+00
