Data/DataNotYetUploadedToEDI/Raw_CTD/RawDownloads/101619_fcr45.cnv
* Sea-Bird SBE19plus  Data File:
* FileName = C:\DATA\101619_fcr50_0004.hex
* Software version 2.8.0.119 SB_Terminal.dll
* Temperature SN = 7809
* Conductivity SN = 7809
* System UpLoad Time = Oct 16 2019 16:53:27
* <ApplicationData>
* <Seaterm232>
# nquan = 16
# nvalues = 466                         
# units = specified
# name 0 = depFM: Depth [fresh water, m]
# name 1 = dz/dtM: Descent Rate [m/s]
# name 2 = sbeox0ML/L: Oxygen, SBE 43 [ml/l]
# name 3 = sbeox0PS: Oxygen, SBE 43 [% saturation]
# name 4 = specc: Specific Conductance [uS/cm]
# name 5 = c0uS/cm: Conductivity [uS/cm]
# name 6 = flECO-AFL: Fluorescence, WET Labs ECO-AFL/FL [mg/m^3]
# name 7 = ph: pH
# name 8 = orp: Oxidation Reduction Potential [mV]
# name 9 = par/sat/log: PAR/Logarithmic, Satlantic
# name 10 = turbWETntu0: Turbidity, WET Labs ECO [NTU]
# name 11 = prdM: Pressure, Strain Gauge [db]
# name 12 = prdE: Pressure, Strain Gauge [psi]
# name 13 = tv290C: Temperature [ITS-90, deg C]
# name 14 = density00: Density [density, kg/m^3]
# name 15 = flag:  0.000e+00
# span 0 =     -0.042,      6.276       
# span 1 =     -0.048,      0.128       
# span 2 =    -0.5574,     6.4171       
# span 3 =     -7.769,     94.938       
# span 4 =     39.569,     98.678       
# span 5 =  33.435803,  81.168275       
# span 6 =     0.1822,     2.7825       
# span 7 =      6.385,      7.513       
# span 8 =   150.9614,   207.3677       
# span 9 = 1.2356e-01, 2.0207e+02       
# span 10 =     7.5742,    20.4454      
# span 11 =     -0.041,      6.156      
# span 12 =     -0.059,      8.928      
# span 13 =    13.2958,    17.3060      
# span 14 =   998.7449,   999.3938      
# span 15 = 0.0000e+00, 0.0000e+00      
# interval = seconds: 0.25
# start_time = Oct 16 2019 11:55:59 [Instrument's time stamp, header]
# bad_flag = -9.990e-29
*END*
[from data line 272]
      3.260      0.060     4.9074     73.283     40.200  33.974185     2.5257      6.885   204.3208 2.5487e-01     9.1193      3.194      4.634    17.2566   998.7642 0.0000e+00
      3.275      0.066     4.9055     73.429     40.216  33.987368     2.4333      6.884   204.4184 2.5018e-01     9.0359      3.208      4.653    17.2551   998.7645 0.0000e+00
      3.296      0.072     4.9081     73.545     40.239  34.006122     2.4183      6.883   204.5270 2.4690e-01     9.0152      3.232      4.689    17.2541   998.7647 0.0000e+00
      3.320      0.077     4.9170     73.603     40.246  34.010539     2.3878      6.883   204.6013 2.2675e-01     9.0656      3.255      4.721    17.2530   998.7650 0.0000e+00
      3.343      0.081     4.9310     73.607     40.208  33.977307     2.3339      6.883   204.7146 2.0010e-01     9.1866      3.278      4.754    17.2522   998.7653 0.0000e+00
      3.365      0.085     4.9392     73.592     40.145  33.921639     2.3036      6.882   204.9499 1.9372e-01     9.2335      3.302      4.789    17.2519   998.7655 0.0000e+00
      3.382      0.089     4.9492     73.560     40.139  33.908647     2.2991      6.880   205.1233 2.0450e-01     9.2064      3.317      4.811    17.2510   998.7657 0.0000e+00
      3.399      0.092     4.9528     73.520     40.199  33.947144     2.2973      6.879   205.1764 2.0062e-01     9.3839      3.329      4.829    17.2495   998.7660 0.0000e+00
      3.424      0.093     4.9514     73.471     40.284  34.006288     2.2898      6.879   205.1617 1.7130e-01     9.7402      3.355      4.866    17.2483   998.7663 0.0000e+00
      3.456      0.093     4.9516     73.398     40.350  34.052544     2.2869      6.879   205.1180 1.5211e-01     9.9096      3.390      4.917    17.2468   998.7667 0.0000e+00
      3.486      0.090     4.9496     73.313     40.369  34.062155     2.2967      6.879   205.1642 1.5736e-01     9.9238      3.422      4.962    17.2385   998.7683 0.0000e+00
      3.509      0.083     4.9486     73.225     40.372  34.059015     2.3047      6.880   205.2901 1.5485e-01     9.9133      3.444      4.995    17.2205   998.7717 0.0000e+00
      3.525      0.073     4.9483     73.110     40.399  34.078041     2.3310      6.881   205.2634 1.3866e-01     9.8479      3.456      5.013    17.2025   998.7749 0.0000e+00
      3.541      0.062     4.9438     72.940     40.429  34.101794     2.3898      6.883   205.1861 1.2977e-01     9.7552      3.473      5.037    17.1913   998.7770 0.0000e+00
      3.556      0.055     4.9381     72.692     40.494  34.155815     2.4347      6.885   205.2153 1.2647e-01     9.7105      3.491      5.062    17.1833   998.7785 0.0000e+00
      3.566      0.053     4.9345     72.381     40.653  34.286938     2.4412      6.886   205.1865 1.2397e-01     9.7335      3.498      5.074    17.1757   998.7798 0.0000e+00
      3.575      0.054     4.9271     72.043     40.813  34.417859     2.4500      6.887   205.1813 1.2374e-01     9.7373      3.504      5.082    17.1717   998.7805 0.0000e+00
      3.588      0.056     4.9170     71.682     40.880  34.469442     2.4895      6.885   205.2391 1.2367e-01     9.6912      3.517      5.101    17.1700   998.7809 0.0000e+00
      3.604      0.056     4.8998     71.272     40.882  34.466347     2.5281      6.884   205.2831 1.2371e-01     9.6682      3.534      5.126    17.1694   998.7811 0.0000e+00
      3.623      0.055     4.8778     70.775     40.933  34.507357     2.5445      6.885   205.3687 1.2379e-01     9.6874      3.551      5.150    17.1680   998.7815 0.0000e+00
      3.642      0.054     4.8556     70.114     41.100  34.647957     2.4970      6.885   205.5000 1.2378e-01     9.4652      3.573      5.182    17.1617   998.7828 0.0000e+00
      3.655      0.052     4.8331     69.287     41.247  34.770041     2.3962      6.883   205.5800 1.2374e-01     8.9806      3.587      5.204    17.1542   998.7842 0.0000e+00
      3.661      0.048     4.8059     68.415     41.260  34.777570     2.3480      6.882   205.5621 1.2372e-01     8.7116      3.589      5.206    17.1489   998.7851 0.0000e+00
      3.669      0.042     4.7754     67.564     41.217  34.738988     2.3566      6.881   205.6272 1.2370e-01     8.7035      3.595      5.214    17.1467   998.7855 0.0000e+00
      3.684      0.034     4.7322     66.709     41.152  34.684362     2.3445      6.879   205.7657 1.2372e-01     8.4555      3.613      5.239    17.1465   998.7857 0.0000e+00
      3.699      0.028     4.6709     65.809     41.079  34.624836     2.3055      6.879   205.8597 1.2375e-01     7.9094      3.631      5.267    17.1453   998.7861 0.0000e+00
      3.706      0.027     4.6120     64.890     41.109  34.653940     2.2924      6.879   205.9890 1.2376e-01     7.5742      3.636      5.274    17.1403   998.7870 0.0000e+00
      3.706      0.031     4.5558     64.079     41.562  35.036257     2.3069      6.877   206.1251 1.2376e-01     7.5817      3.634      5.271    17.1362   998.7876 0.0000e+00
      3.705      0.042     4.4993     63.491     42.803  36.073938     2.3425      6.872   206.3009 1.2374e-01     7.9996      3.633      5.270    17.1365   998.7877 0.0000e+00
      3.708      0.060     4.4387     63.166     44.445  37.425813     2.3940      6.867   206.5654 1.2375e-01     8.6618      3.630      5.265    17.1397   998.7870 0.0000e+00
      3.723      0.080     4.3716     63.028     45.712  38.432933     2.4175      6.862   206.7420 1.2375e-01     8.9687      3.644      5.284    17.1449   998.7861 0.0000e+00
      3.755      0.097     4.3142     62.820     46.532  39.046703     2.4188      6.858   206.8011 1.2372e-01     8.9567      3.680      5.338    17.1484   998.7857 0.0000e+00
      3.794      0.107     4.2736     62.125     47.094  39.450935     2.4873      6.855   206.8505 1.2372e-01     8.8444      3.721      5.398    17.1453   998.7869 0.0000e+00
      3.832      0.107     4.2556     60.361     47.755  39.955851     2.6309      6.852   206.9090 1.2375e-01     8.6598      3.761      5.455    17.1139   998.7933 0.0000e+00
      3.861      0.099     4.2591     56.940     49.836  41.659917     2.7158      6.848   206.9055 1.2376e-01     8.5602      3.790      5.499    17.0416   998.8064 0.0000e+00
      3.881      0.089     4.2628     51.644     56.559  47.229763     2.7162      6.843   206.8948 1.2376e-01     8.5569      3.809      5.525    16.9496   998.8227 0.0000e+00
      3.895      0.082     4.2361     44.699     67.985  56.683394     2.6961      6.835   207.0382 1.2376e-01     8.5553      3.820      5.540    16.8718   998.8364 0.0000e+00
      3.907      0.077     4.1384     36.740     76.119  63.342871     2.5163      6.826   207.2623 1.2376e-01     8.5737      3.829      5.553    16.8253   998.8446 0.0000e+00
      3.924      0.073     3.9135     28.584     77.695  64.529864     2.1720      6.817   207.3677 1.2375e-01     8.6473      3.846      5.578    16.7958   998.8500 0.0000e+00
      3.950      0.071     3.5493     20.596     78.215  64.872023     1.9754      6.810   207.2802 1.2373e-01     8.7252      3.873      5.617    16.7633   998.8574 0.0000e+00
      3.977      0.069     3.0691     13.034     79.806  66.145415     1.9430      6.804   207.0647 1.2368e-01     8.7620      3.905      5.662    16.7052   998.8730 0.0000e+00
      3.995      0.067     2.5029      6.477     83.508  69.183996     1.9011      6.794   206.6548 1.2372e-01     8.8305      3.921      5.688    16.6061   998.8934 0.0000e+00
      4.004      0.067     1.9480      1.271     90.794  75.162786     1.8510      6.778   206.1093 1.2380e-01     8.9626      3.927      5.695    16.5117   998.9083 0.0000e+00
      4.014      0.067     1.4038     -2.661     97.455  80.504056     1.8306      6.754   205.7183 1.2380e-01     9.0491      3.935      5.707    16.4559   998.9181 0.0000e+00
      4.028      0.070     0.8644     -5.433     98.678  81.168275     1.8286      6.727   205.5396 1.2376e-01     9.0561      3.948      5.726    16.4333   998.9225 0.0000e+00
      4.049      0.077     0.4086     -7.072     95.176  77.851501     1.8780      6.701   205.5834 1.2376e-01     8.9489      3.968      5.755    16.4231   998.9248 0.0000e+00
      4.074      0.085     0.0564     -7.769     89.960  73.157949     1.9860      6.674   205.9043 1.2371e-01     8.7699      3.997      5.797    16.4093   998.9307 0.0000e+00
      4.099      0.091    -0.2072     -7.698     85.579  69.190069     2.0507      6.647   206.0647 1.2366e-01     8.7266      4.022      5.833    16.3446   998.9448 0.0000e+00
      4.121      0.092    -0.4043     -6.948     83.489  67.136658     2.0620      6.623   205.1130 1.2373e-01     8.7854      4.039      5.860    16.1391   998.9788 0.0000e+00
      4.146      0.087    -0.5111     -5.781     82.494  66.067838     2.0355      6.603   202.2267 1.2382e-01     8.7598      4.065      5.895    15.8798   999.0195 0.0000e+00
      4.173      0.079    -0.5572     -4.496     81.440  65.039043     1.9732      6.588   197.6676 1.2380e-01     8.6789      4.094      5.937    15.6498   999.0543 0.0000e+00
      4.194      0.069    -0.5574     -3.260     81.407  64.867808     1.9422      6.575   192.8369 1.2373e-01     8.6264      4.117      5.971    15.4094   999.0902 0.0000e+00
      4.208      0.057    -0.4978     -2.127     82.035  65.268696     1.9381      6.564   188.5586 1.2368e-01     8.5847      4.127      5.985    15.1795   999.1253 0.0000e+00
      4.220      0.045    -0.4099     -1.138     81.904  65.118769     1.8716      6.554   184.6568 1.2371e-01     8.7639      4.138      6.001    15.0181   999.1498 0.0000e+00
      4.230      0.034    -0.3152     -0.313     81.480  64.771258     1.7535      6.545   181.1082 1.2375e-01     9.1870      4.152      6.022    14.9233   999.1634 0.0000e+00
      4.235      0.027    -0.2290      0.342     81.257  64.626538     1.6893      6.540   178.1758 1.2375e-01     9.4409      4.153      6.025    14.8304   999.1773 0.0000e+00
      4.237      0.025    -0.1468      0.825     80.371  64.004641     1.6929      6.536   176.0462 1.2373e-01     9.5060      4.154      6.024    14.7605   999.1883 0.0000e+00
      4.242      0.026    -0.0767      1.174     77.696  61.955471     1.7196      6.533   174.8039 1.2368e-01     9.8431      4.160      6.033    14.7470   999.1901 0.0000e+00
      4.249      0.033    -0.0183      1.426     73.921  58.916568     1.7435      6.530   174.4264 1.2367e-01    10.4367      4.168      6.045    14.7337   999.1918 0.0000e+00
      4.254      0.045     0.0291      1.596     70.154  55.731649     1.7471      6.527   174.3213 1.2373e-01    10.7512      4.172      6.051    14.7484   999.1898 0.0000e+00
      4.264      0.059     0.0615      1.717     66.529  52.611113     1.7463      6.525   173.7058 1.2371e-01    10.7946      4.179      6.060    14.8106   999.1805 0.0000e+00
      4.282      0.069     0.0850      1.833     64.009  50.409744     1.7590      6.523   172.6629 1.2364e-01    10.8311      4.198      6.087    14.8937   999.1671 0.0000e+00
      4.306      0.078     0.1033      1.944     62.655  49.188493     1.8145      6.521   171.1764 1.2371e-01    11.1586      4.222      6.123    14.9012   999.1645 0.0000e+00
      4.333      0.085     0.1147      2.044     61.454  48.134511     1.8975      6.523   168.8100 1.2379e-01    11.8061      4.250      6.165    14.7233   999.1900 0.0000e+00
      4.356      0.090     0.1218      2.124     60.360  47.192818     1.9302      6.525   165.9040 1.2372e-01    12.1710      4.275      6.201    14.5152   999.2191 0.0000e+00
      4.376      0.091     0.1314      2.169     59.820  46.693790     1.9331      6.526   163.0566 1.2364e-01    12.1621      4.291      6.223    14.3608   999.2405 0.0000e+00
      4.396      0.090     0.1396      2.186     59.810  46.609789     1.9837      6.529   160.5394 1.2365e-01    11.7643      4.309      6.249    14.2341   999.2584 0.0000e+00
      4.421      0.087     0.1472      2.190     59.912  46.621627     2.0648      6.532   158.6133 1.2372e-01    11.0308      4.335      6.289    14.1530   999.2695 0.0000e+00
      4.447      0.085     0.1539      2.212     59.929  46.582812     2.1069      6.535   157.1473 1.2377e-01    10.6022      4.362      6.327    14.0883   999.2783 0.0000e+00
      4.472      0.083     0.1570      2.327     59.902  46.521456     2.1121      6.537   155.7208 1.2370e-01    10.5471      4.387      6.364    14.0254   999.2869 0.0000e+00
      4.491      0.081     0.1581      2.618     59.944  46.514789     2.1359      6.539   154.3573 1.2360e-01    10.4626      4.406      6.391    13.9607   999.2961 0.0000e+00
      4.506      0.081     0.1583      3.147     60.136  46.629169     2.1782      6.541   153.2233 1.2360e-01    10.2691      4.416      6.405    13.8989   999.3047 0.0000e+00
      4.523      0.082     0.1574      3.895     60.488  46.888273     2.1910      6.543   152.3348 1.2365e-01    10.1743      4.433      6.431    13.8570   999.3105 0.0000e+00
      4.544      0.082     0.1642      4.811     60.750  47.107311     2.1682      6.543   151.7878 1.2369e-01    10.2015      4.456      6.463    13.8296   999.3143 0.0000e+00
      4.568      0.080     0.1831      5.892     60.640  47.054818     2.0326      6.544   151.4287 1.2373e-01    10.6631      4.477      6.493    13.7938   999.3193 0.0000e+00
      4.596      0.075     0.2220      7.070     60.409  46.888697     1.8086      6.544   151.0900 1.2374e-01    11.5934      4.509      6.540    13.7604   999.3241 0.0000e+00
      4.620      0.066     0.2794      8.197     60.332  46.813460     1.7060      6.542   150.9614 1.2375e-01    12.1428      4.536      6.579    13.7454   999.3264 0.0000e+00
      4.633      0.055     0.3436      9.151     60.240  46.716684     1.7020      6.540   151.1647 1.2379e-01    12.2586      4.546      6.593    13.7604   999.3246 0.0000e+00
      4.639      0.042     0.4235      9.895     60.132  46.607641     1.7179      6.538   151.7404 1.2376e-01    12.6981      4.549      6.598    13.8039   999.3186 0.0000e+00
      4.646      0.029     0.5134     10.457     60.123  46.574608     1.7675      6.537   152.4160 1.2369e-01    13.4920      4.555      6.608    13.8191   999.3165 0.0000e+00
      4.653      0.019     0.5986     10.908     60.143  46.571275     1.7983      6.534   152.7947 1.2372e-01    13.9262      4.565      6.620    13.7926   999.3201 0.0000e+00
      4.658      0.016     0.6689     11.321     60.149  46.567329     1.8053      6.532   152.9641 1.2378e-01    13.9825      4.569      6.627    13.7718   999.3229 0.0000e+00
      4.660      0.021     0.7221     11.707     60.109  46.526887     1.8088      6.531   153.0867 1.2378e-01    14.0092      4.571      6.629    13.7517   999.3256 0.0000e+00
      4.660      0.032     0.7616     12.067     60.062  46.463321     1.7966      6.530   153.1593 1.2373e-01    13.9865      4.570      6.627    13.7268   999.3290 0.0000e+00
      4.661      0.045     0.7916     12.425     60.092  46.433776     1.7781      6.529   153.2401 1.2373e-01    13.9706      4.568      6.625    13.7098   999.3313 0.0000e+00
      4.671      0.059     0.8222     12.807     60.163  46.423612     1.7681      6.528   153.3747 1.2378e-01    13.9804      4.576      6.636    13.7051   999.3319 0.0000e+00
      4.696      0.072     0.8508     13.251     60.212  46.403866     1.7541      6.526   153.5813 1.2380e-01    14.0397      4.603      6.676    13.7048   999.3321 0.0000e+00
      4.727      0.082     0.8757     13.841     60.245  46.385481     1.6870      6.526   153.8462 1.2371e-01    14.5231      4.640      6.729    13.6845   999.3350 0.0000e+00
      4.752      0.089     0.9027     14.691     60.300  46.391782     1.5716      6.525   154.0819 1.2366e-01    15.3354      4.664      6.764    13.6367   999.3416 0.0000e+00
