Data/DataNotYetUploadedToEDI/Raw_CTD/RawDownloads/101819_bvr50.cnv
* Sea-Bird SBE19plus  Data File:
* FileName = C:\DATA\102319_fcr50_0001.hex
* Software version 2.8.0.119 SB_Terminal.dll
* Temperature SN = 7809
* Conductivity SN = 7809
* System UpLoad Time = Oct 23 2019 09:54:47
* <ApplicationData>
* <Seaterm232>
# nquan = 16
# nvalues = 679                         
# units = specified
# name 0 = depFM: Depth [fresh water, m]
# name 1 = dz/dtM: Descent Rate [m/s]
# name 2 = sbeox0ML/L: Oxygen, SBE 43 [ml/l]
# name 3 = sbeox0PS: Oxygen, SBE 43 [% saturation]
# name 4 = specc: Specific Conductance [uS/cm]
# name 5 = c0uS/cm: Conductivity [uS/cm]
# name 6 = flECO-AFL: Fluorescence, WET Labs ECO-AFL/FL [mg/m^3]
# name 7 = ph: pH
# name 8 = orp: Oxidation Reduction Potential [mV]
# name 9 = par/sat/log: PAR/Logarithmic, Satlantic
# name 10 = turbWETntu0: Turbidity, WET Labs ECO [NTU]
# name 11 = prdM: Pressure, Strain Gauge [db]
# name 12 = prdE: Pressure, Strain Gauge [psi]
# name 13 = tv290C: Temperature [ITS-90, deg C]
# name 14 = density00: Density [density, kg/m^3]
# name 15 = flag:  0.000e+00
# span 0 =     -0.686,      9.855       
# span 1 =     -0.010,      0.158       
# span 2 =    -0.9738,     6.9052       
# span 3 =    -12.000,     98.739       
# span 4 =      4.533,    328.613       
# span 5 =   3.683303, 225.503136       
# span 6 =    -0.1456,     6.2088       
# span 7 =      6.460,      8.895       
# span 8 = -1239.0200,   602.6158       
# span 9 = 1.2358e-01, 2.0322e+03       
# span 10 =    -0.2771,     8.0459      
# span 11 =     -0.674,      9.666      
# span 12 =     -0.977,     14.019      
# span 13 =     9.3027,    15.6327      
# span 14 =   999.0069,   999.9320      
# span 15 = 0.0000e+00, 0.0000e+00      
# interval = seconds: 0.25
# start_time = Oct 18 2019 13:05:43 [Instrument's time stamp, header]
# bad_flag = -9.990e-29
*END*
     -0.686      0.001     6.6812     95.974      4.533   3.683303    -0.1456      6.595 -1239.0200 1.8908e+03    -0.2771     -0.672     -0.974    15.6213   999.0085 0.0000e+00
     -0.685      0.005     6.6831     95.979      7.170   5.822117    -0.1346      6.650 -1221.7647 1.9052e+03    -0.2324     -0.673     -0.976    15.6237   999.0081 0.0000e+00
     -0.685      0.013     6.6821     95.996     12.455  10.103456    -0.1296      6.823 -1031.9562 1.9148e+03    -0.1904     -0.671     -0.974    15.6266   999.0078 0.0000e+00
     -0.685      0.023     6.6811     96.000     20.307  16.463157    -0.1015      7.090  -310.5384 1.9037e+03     0.2638     -0.674     -0.977    15.6301   999.0071 0.0000e+00
     -0.680      0.035     6.6804     95.977     26.806  21.724447    -0.0457      7.421   495.7783 1.8921e+03     1.1300     -0.669     -0.970    15.6327   999.0069 0.0000e+00
     -0.670      0.049     6.6833     95.975     30.719  24.889503    -0.0101      7.811   602.6158 1.9051e+03     1.5981     -0.659     -0.956    15.6106   999.0110 0.0000e+00
     -0.653      0.066     6.6918     95.994     32.797  26.567973     0.0159      8.144   422.5723 1.9274e+03     1.7289     -0.646     -0.938    15.5662   999.0192 0.0000e+00
     -0.630      0.082     6.6977     95.987     33.002  26.730257     0.1912      8.343   388.2170 1.9365e+03     2.7762     -0.613     -0.889    15.5332   999.0279 0.0000e+00
     -0.611      0.095     6.6958     95.983     32.524  26.344219     0.5056      8.455   378.5807 1.9311e+03     4.6914     -0.600     -0.871    15.5170   999.0324 0.0000e+00
     -0.588      0.100     6.6964     95.993     32.201  26.087647     0.6787      8.535   372.3110 1.9280e+03     5.7474     -0.582     -0.845    15.5091   999.0348 0.0000e+00
     -0.553      0.100     6.7024     95.973     31.978  25.911966     0.6805      8.615   366.3567 1.9311e+03     5.7120     -0.542     -0.785    15.4990   999.0375 0.0000e+00
     -0.517      0.096     6.7008     95.957     31.764  25.742652     0.5091      8.695   361.1374 1.9338e+03     4.2967     -0.505     -0.732    15.4902   999.0387 0.0000e+00
     -0.492      0.091     6.6990     95.977     31.617  25.626500     0.1938      8.766   357.1281 1.9266e+03     1.7441     -0.477     -0.692    15.4941   999.0380 0.0000e+00
     -0.477      0.083     6.7017     96.011     31.644  25.649507     0.0238      8.826   353.9311 1.7947e+03     0.3776     -0.469     -0.680    15.5044   999.0364 0.0000e+00
     -0.462      0.077     6.6969     96.056     31.788  25.767061     0.0396      8.862   351.5643 1.6167e+03     0.4250     -0.457     -0.664    15.5122   999.0351 0.0000e+00
     -0.443      0.077     6.6936     96.141     31.801  25.779046     0.4021      8.874   349.1606 1.6106e+03     2.3502     -0.430     -0.624    15.5182   999.0343 0.0000e+00
     -0.428      0.082     6.6958     96.285     31.819  25.794412     1.0787      8.881   345.7764 1.5062e+03     5.9250     -0.421     -0.610    15.5239   999.0334 0.0000e+00
     -0.409      0.089     6.6979     96.462     32.092  26.016289     1.4572      8.890   342.1360 1.1450e+03     7.8922     -0.408     -0.592    15.5252   999.0332 0.0000e+00
     -0.380      0.093     6.7001     96.657     32.292  26.177887     1.5019      8.895   338.9580 1.0323e+03     8.0459     -0.369     -0.536    15.5251   999.0335 0.0000e+00
     -0.350      0.093     6.7047     96.887     32.119  26.035374     1.5674      8.895   336.3469 1.3948e+03     7.7177     -0.343     -0.498    15.5274   999.0332 0.0000e+00
     -0.324      0.090     6.7158     97.140     31.774  25.752319     1.6772      8.889   334.2269 1.7638e+03     7.1033     -0.319     -0.461    15.5298   999.0329 0.0000e+00
     -0.300      0.083     6.7285     97.390     31.444  25.483423     1.7371      8.879   332.0811 1.7852e+03     6.7788     -0.291     -0.421    15.5306   999.0331 0.0000e+00
     -0.282      0.078     6.7410     97.621     31.166  25.258304     1.7446      8.864   329.9325 1.5114e+03     6.7428     -0.276     -0.400    15.5314   999.0331 0.0000e+00
     -0.267      0.081     6.7580     97.802     30.998  25.123911     1.7428      8.844   328.2101 1.0839e+03     6.7331     -0.261     -0.379    15.5283   999.0336 0.0000e+00
     -0.254      0.091     6.7780     97.948     30.921  25.063808     1.7762      8.821   327.0013 7.0069e+02     6.7935     -0.248     -0.361    15.5199   999.0348 0.0000e+00
     -0.238      0.103     6.7951     98.127     30.886  25.039114     1.8440      8.796   326.5016 5.2795e+02     6.9154     -0.239     -0.348    15.5170   999.0353 0.0000e+00
     -0.209      0.113     6.8131     98.419     30.853  25.015654     1.8687      8.771   326.2983 5.9345e+02     6.9947     -0.211     -0.306    15.5184   999.0351 0.0000e+00
     -0.165      0.117     6.8248     98.739     30.794  24.970473     1.8590      8.746   325.7481 8.0066e+02     6.9987     -0.162     -0.235    15.5199   999.0350 0.0000e+00
     -0.120      0.113     6.8322     98.577     30.751  24.936903     1.9000      8.726   324.9259 7.8649e+02     6.8980     -0.113     -0.163    15.5253   999.0344 0.0000e+00
     -0.089      0.102     6.8420     97.308     30.739  24.926940     1.9909      8.712   324.0994 5.4946e+02     6.7600     -0.082     -0.119    15.5323   999.0334 0.0000e+00
     -0.069      0.083     6.8594     94.726     30.723  24.913448     2.0486      8.704   323.2409 7.7343e+02     6.7400     -0.065     -0.096    15.5375   999.0328 0.0000e+00
     -0.056      0.063     6.8964     91.068     30.708  24.900646     2.0597      8.697   322.5480 1.4060e+03     6.7543     -0.053     -0.078    15.5408   999.0322 0.0000e+00
     -0.046      0.045     6.9052     86.776     30.706  24.899028     2.0821      8.690   321.9167 1.5301e+03     6.8015     -0.044     -0.064    15.5424   999.0319 0.0000e+00
     -0.038      0.033     6.8200     82.275     30.700  24.893888     2.1283      8.685   321.0280 1.3526e+03     6.9180     -0.036     -0.053    15.5424   999.0320 0.0000e+00
     -0.031      0.025     6.6333     77.964     30.710  24.901931     2.1591      8.682   320.1480 1.3472e+03     6.9830     -0.030     -0.045    15.5417   999.0321 0.0000e+00
     -0.025      0.019     6.3658     74.266     30.748  24.932843     2.1680      8.678   319.5367 1.2036e+03     6.9974     -0.024     -0.034    15.5410   999.0322 0.0000e+00
     -0.020      0.011     6.0561     71.433     30.770  24.950449     2.1757      8.669   319.0577 1.0366e+03     6.9282     -0.019     -0.027    15.5407   999.0323 0.0000e+00
     -0.017      0.004     5.7346     69.452     30.738  24.924498     2.1734      8.660   318.5716 9.0494e+02     6.8022     -0.016     -0.023    15.5406   999.0323 0.0000e+00
     -0.017     -0.001     5.4208     68.163     30.674  24.872825     2.1664      8.652   318.0475 8.3300e+02     6.7521     -0.015     -0.022    15.5406   999.0323 0.0000e+00
     -0.020     -0.004     5.1566     67.326     30.625  24.833168     2.1697      8.646   317.1091 9.0540e+02     6.7479     -0.019     -0.028    15.5406   999.0323 0.0000e+00
     -0.025     -0.005     4.9608     66.718     30.615  24.825629     2.1696      8.643   315.7437 1.0004e+03     6.7513     -0.025     -0.037    15.5405   999.0323 0.0000e+00
     -0.028     -0.004     4.8263     66.270     30.638  24.845112     2.1736      8.641   314.6161 1.2644e+03     6.7282     -0.028     -0.041    15.5403   999.0323 0.0000e+00
     -0.029     -0.003     4.7427     65.981     30.678  24.878424     2.1836      8.641   313.8861 1.5207e+03     6.6971     -0.029     -0.042    15.5398   999.0324 0.0000e+00
     -0.027     -0.003     4.6912     65.816     30.718  24.911224     2.1780      8.638   313.1979 1.5629e+03     6.7030     -0.026     -0.039    15.5397   999.0324 0.0000e+00
     -0.025     -0.004     4.6497     65.792     30.733  24.924507     2.1668      8.634   312.4047 1.6306e+03     6.7019     -0.023     -0.035    15.5403   999.0323 0.0000e+00
     -0.024     -0.005     4.6166     65.966     30.717  24.912153     2.1696      8.630   311.7809 1.6296e+03     6.7168     -0.023     -0.033    15.5415   999.0322 0.0000e+00
     -0.027     -0.007     4.5993     66.341     30.687  24.888728     2.1771      8.624   311.2483 1.3642e+03     6.7519     -0.026     -0.037    15.5433   999.0320 0.0000e+00
     -0.032     -0.007     4.5864     66.878     30.695  24.895031     2.1793      8.615   310.6105 9.2628e+02     6.7651     -0.031     -0.045    15.5451   999.0316 0.0000e+00
     -0.037     -0.006     4.5823     67.507     30.731  24.924916     2.1785      8.608   310.0920 8.4254e+02     6.7457     -0.037     -0.054    15.5465   999.0313 0.0000e+00
     -0.039     -0.004     4.5949     68.128     30.741  24.932886     2.1762      8.603   309.6256 1.1230e+03     6.7136     -0.040     -0.058    15.5474   999.0312 0.0000e+00
     -0.037     -0.001     4.6218     68.660     30.735  24.927957     2.1772      8.596   309.1876 1.2872e+03     6.7051     -0.036     -0.052    15.5481   999.0311 0.0000e+00
     -0.033     -0.000     4.6608     69.040     30.736  24.928751     2.1737      8.589   309.0120 1.3803e+03     6.7411     -0.031     -0.046    15.5486   999.0310 0.0000e+00
     -0.032     -0.001     4.7074     69.205     30.753  24.942488     2.1687      8.582   308.8789 1.3328e+03     6.7886     -0.032     -0.045    15.5492   999.0310 0.0000e+00
     -0.033     -0.002     4.7528     69.151     30.784  24.967174     2.1688      8.573   308.3520 1.0761e+03     6.7873     -0.033     -0.047    15.5494   999.0309 0.0000e+00
     -0.034     -0.005     4.7905     68.874     30.791  24.973475     2.1664      8.565   307.5455 1.0469e+03     6.7583     -0.033     -0.048    15.5493   999.0309 0.0000e+00
     -0.037     -0.007     4.8203     68.421     30.769  24.955239     2.1655      8.561   306.8724 1.1877e+03     6.7332     -0.036     -0.052    15.5490   999.0309 0.0000e+00
     -0.041     -0.007     4.8302     67.928     30.746  24.937004     2.1665      8.557   306.3219 9.1180e+02     6.7134     -0.040     -0.059    15.5488   999.0310 0.0000e+00
     -0.042     -0.007     4.8271     67.471     30.754  24.943306     2.1527      8.551   305.7071 6.9235e+02     6.7479     -0.042     -0.060    15.5488   999.0310 0.0000e+00
     -0.043     -0.007     4.8084     67.079     30.785  24.968001     2.1278      8.544   305.2895 8.1038e+02     6.8561     -0.041     -0.059    15.5488   999.0310 0.0000e+00
     -0.045     -0.007     4.7702     66.771     30.802  24.981831     2.1171      8.535   305.1445 7.5854e+02     6.9399     -0.044     -0.064    15.5489   999.0309 0.0000e+00
     -0.047     -0.006     4.7359     66.541     30.804  24.983656     2.1195      8.525   304.8150 5.7398e+02     6.9415     -0.046     -0.067    15.5490   999.0309 0.0000e+00
     -0.048     -0.003     4.7028     66.379     30.812  24.990061     2.1387      8.517   304.3165 6.8648e+02     6.8755     -0.046     -0.067    15.5492   999.0309 0.0000e+00
     -0.050      0.000     4.6751     66.261     30.819  24.995837     2.1673      8.509   303.6771 1.1454e+03     6.7975     -0.050     -0.072    15.5489   999.0309 0.0000e+00
     -0.051      0.004     4.6541     66.162     30.813  24.990062     2.1708      8.503   302.8495 1.2330e+03     6.7521     -0.051     -0.075    15.5488   999.0309 0.0000e+00
     -0.049      0.006     4.6377     66.037     30.805  24.983668     2.1635      8.500   302.3111 8.7330e+02     6.7199     -0.049     -0.071    15.5487   999.0309 0.0000e+00
     -0.045      0.007     4.6279     65.860     30.802  24.981966     2.1655      8.498   301.9853 7.2672e+02     6.7359     -0.044     -0.063    15.5485   999.0310 0.0000e+00
     -0.040      0.007     4.6192     65.647     30.787  24.969488     2.1685      8.496   301.5785 8.4867e+02     6.8143     -0.038     -0.057    15.5485   999.0310 0.0000e+00
     -0.037      0.005     4.6144     65.409     30.776  24.959666     2.1745      8.492   301.3501 1.0001e+03     6.9134     -0.035     -0.051    15.5484   999.0311 0.0000e+00
     -0.037      0.002     4.6063     65.144     30.814  24.990084     2.1777      8.488   301.2020 1.2045e+03     6.9843     -0.035     -0.051    15.5484   999.0311 0.0000e+00
     -0.038     -0.001     4.5932     64.892     30.851  25.020081     2.1721      8.484   300.9061 1.2488e+03     7.0160     -0.037     -0.054    15.5483   999.0311 0.0000e+00
     -0.041     -0.003     4.5779     64.688     30.832  25.005173     2.1681      8.479   300.6976 1.3738e+03     6.9687     -0.040     -0.059    15.5482   999.0311 0.0000e+00
     -0.042     -0.004     4.5618     64.488     30.826  25.000140     2.1633      8.473   300.4024 1.9442e+03     6.8383     -0.042     -0.061    15.5476   999.0311 0.0000e+00
     -0.042     -0.004     4.5428     64.290     30.854  25.022670     2.1573      8.468   299.8319 2.0322e+03     6.7509     -0.041     -0.060    15.5472   999.0312 0.0000e+00
     -0.043     -0.003     4.5222     64.101     30.856  25.023825     2.1656      8.463   299.3928 1.5788e+03     6.7641     -0.041     -0.060    15.5470   999.0313 0.0000e+00
     -0.045     -0.001     4.5116     63.881     30.844  25.014107     2.1770      8.460   299.1371 1.3409e+03     6.8674     -0.044     -0.065    15.5468   999.0313 0.0000e+00
     -0.045     -0.001     4.4969     63.652     30.867  25.032045     2.1737      8.455   298.8910 1.1292e+03     6.9836     -0.045     -0.065    15.5468   999.0313 0.0000e+00
     -0.044     -0.001     4.4814     63.426     30.890  25.050395     2.1692      8.446   298.5682 9.1335e+02     7.0219     -0.043     -0.063    15.5467   999.0313 0.0000e+00
     -0.044     -0.000     4.4721     63.198     30.884  25.045667     2.1739      8.437   297.9877 1.1679e+03     7.0025     -0.042     -0.062    15.5462   999.0314 0.0000e+00
     -0.044      0.000     4.4539     62.989     30.874  25.038327     2.1619      8.431   297.3780 1.3544e+03     6.9133     -0.043     -0.062    15.5456   999.0315 0.0000e+00
     -0.044      0.000     4.4385     62.792     30.858  25.025083     2.1279      8.426   297.0471 9.1081e+02     6.7622     -0.044     -0.064    15.5449   999.0316 0.0000e+00
     -0.043     -0.001     4.4235     62.594     30.842  25.012405     2.1089      8.421   296.8257 6.2015e+02     6.6827     -0.043     -0.062    15.5445   999.0317 0.0000e+00
     -0.043     -0.003     4.4059     62.408     30.842  25.011915     2.1147      8.415   296.5950 7.4509e+02     6.7070     -0.041     -0.060    15.5445   999.0317 0.0000e+00
     -0.043     -0.005     4.3922     62.240     30.851  25.019150     2.1279      8.408   296.3223 8.7141e+02     6.7285     -0.042     -0.061    15.5447   999.0316 0.0000e+00
     -0.045     -0.005     4.3790     62.070     30.872  25.036450     2.1299      8.402   295.9382 9.8584e+02     6.7129     -0.043     -0.063    15.5449   999.0316 0.0000e+00
     -0.049     -0.004     4.3647     61.890     30.865  25.030778     2.1215      8.397   295.6506 1.1450e+03     6.7142     -0.047     -0.068    15.5449   999.0316 0.0000e+00
     -0.053     -0.003     4.3511     61.696     30.844  25.014003     2.1130      8.392   295.6842 1.1045e+03     6.7441     -0.053     -0.077    15.5449   999.0316 0.0000e+00
     -0.053     -0.001     4.3406     61.478     30.856  25.023940     2.1057      8.385   295.7420 1.0641e+03     6.7467     -0.054     -0.078    15.5451   999.0315 0.0000e+00
     -0.050      0.002     4.3285     61.247     30.855  25.024053     2.1206      8.379   295.4023 1.4511e+03     6.7123     -0.048     -0.069    15.5451   999.0316 0.0000e+00
     -0.048      0.006     4.3159     61.002     30.845  25.015364     2.1537      8.375   294.9323 1.7252e+03     6.6888     -0.046     -0.066    15.5450   999.0316 0.0000e+00
     -0.048      0.007     4.3033     60.723     30.882  25.045762     2.1679      8.374   294.6198 1.4610e+03     6.6930     -0.048     -0.069    15.5454   999.0315 0.0000e+00
