Data/DataNotYetUploadedToEDI/Raw_CTD/RawDownloads/101819_bvr50.cnv
* Sea-Bird SBE19plus  Data File:
* FileName = C:\DATA\102319_fcr50_0001.hex
* Software version 2.8.0.119 SB_Terminal.dll
* Temperature SN = 7809
* Conductivity SN = 7809
* System UpLoad Time = Oct 23 2019 09:54:47
* <ApplicationData>
* <Seaterm232>
# nquan = 16
# nvalues = 679                         
# units = specified
# name 0 = depFM: Depth [fresh water, m]
# name 1 = dz/dtM: Descent Rate [m/s]
# name 2 = sbeox0ML/L: Oxygen, SBE 43 [ml/l]
# name 3 = sbeox0PS: Oxygen, SBE 43 [% saturation]
# name 4 = specc: Specific Conductance [uS/cm]
# name 5 = c0uS/cm: Conductivity [uS/cm]
# name 6 = flECO-AFL: Fluorescence, WET Labs ECO-AFL/FL [mg/m^3]
# name 7 = ph: pH
# name 8 = orp: Oxidation Reduction Potential [mV]
# name 9 = par/sat/log: PAR/Logarithmic, Satlantic
# name 10 = turbWETntu0: Turbidity, WET Labs ECO [NTU]
# name 11 = prdM: Pressure, Strain Gauge [db]
# name 12 = prdE: Pressure, Strain Gauge [psi]
# name 13 = tv290C: Temperature [ITS-90, deg C]
# name 14 = density00: Density [density, kg/m^3]
# name 15 = flag:  0.000e+00
# span 0 =     -0.686,      9.855       
# span 1 =     -0.010,      0.158       
# span 2 =    -0.9738,     6.9052       
# span 3 =    -12.000,     98.739       
# span 4 =      4.533,    328.613       
# span 5 =   3.683303, 225.503136       
# span 6 =    -0.1456,     6.2088       
# span 7 =      6.460,      8.895       
# span 8 = -1239.0200,   602.6158       
# span 9 = 1.2358e-01, 2.0322e+03       
# span 10 =    -0.2771,     8.0459      
# span 11 =     -0.674,      9.666      
# span 12 =     -0.977,     14.019      
# span 13 =     9.3027,    15.6327      
# span 14 =   999.0069,   999.9320      
# span 15 = 0.0000e+00, 0.0000e+00      
# interval = seconds: 0.25
# start_time = Oct 18 2019 13:05:43 [Instrument's time stamp, header]
# bad_flag = -9.990e-29
*END*
[from data line 633]
      9.132      0.077     0.1147      1.309    198.529 136.787296     1.4524      6.548    34.9046 1.2363e-01     2.6235      8.957     12.990     9.4743   999.8615 0.0000e+00
      9.148      0.085     0.1143      1.282    199.211 137.234775     1.4419      6.550    33.2318 1.2363e-01     2.6296      8.970     13.009     9.4663   999.8623 0.0000e+00
      9.169      0.092     0.1114      1.279    199.823 137.633579     1.4349      6.550    31.8634 1.2367e-01     2.6637      8.989     13.037     9.4597   999.8631 0.0000e+00
      9.199      0.096     0.1088      1.274    200.442 138.036833     1.4463      6.551    30.4909 1.2373e-01     2.6746      9.019     13.081     9.4537   999.8641 0.0000e+00
      9.231      0.099     0.1040      1.264    201.388 138.665607     1.4582      6.551    28.8539 1.2378e-01     2.6635      9.054     13.132     9.4478   999.8649 0.0000e+00
      9.260      0.100     0.1014      1.265    202.537 139.430617     1.4573      6.551    26.9559 1.2382e-01     2.6927      9.083     13.174     9.4425   999.8658 0.0000e+00
      9.281      0.099     0.1027      1.280    203.337 139.949801     1.4446      6.553    25.2654 1.2383e-01     2.6998      9.102     13.201     9.4367   999.8665 0.0000e+00
      9.301      0.095     0.1021      1.286    203.689 140.158096     1.4347      6.555    23.9024 1.2375e-01     2.6185      9.118     13.225     9.4308   999.8673 0.0000e+00
      9.326      0.091     0.1007      1.291    203.925 140.290259     1.4415      6.557    22.5219 1.2369e-01     2.5289      9.144     13.262     9.4255   999.8681 0.0000e+00
      9.353      0.090     0.1005      1.305    204.210 140.463119     1.4570      6.558    21.2211 1.2370e-01     2.5016      9.175     13.307     9.4192   999.8693 0.0000e+00
      9.377      0.093     0.1031      1.307    204.700 140.780670     1.4580      6.558    20.2203 1.2373e-01     2.5178      9.198     13.340     9.4112   999.8704 0.0000e+00
      9.396      0.098     0.1030      1.312    205.707 141.450020     1.4525      6.559    19.1107 1.2372e-01     2.5601      9.213     13.362     9.4021   999.8713 0.0000e+00
      9.416      0.104     0.1023      1.334    207.273 142.494734     1.4518      6.560    17.6139 1.2370e-01     2.6204      9.231     13.388     9.3948   999.8720 0.0000e+00
      9.442      0.112     0.1057      1.333    209.103 143.713574     1.4408      6.561    16.1474 1.2373e-01     2.6571      9.258     13.427     9.3894   999.8727 0.0000e+00
      9.475      0.121     0.1046      1.300    210.971 144.956306     1.4326      6.562    15.0591 1.2377e-01     2.6426      9.290     13.475     9.3850   999.8733 0.0000e+00
      9.510      0.126     0.1038      1.265    212.607 146.033976     1.4394      6.564    14.1775 1.2377e-01     2.6092      9.325     13.525     9.3805   999.8743 0.0000e+00
      9.548      0.126     0.1081      1.242    213.772 146.788098     1.4454      6.565    13.0596 1.2376e-01     2.6146      9.363     13.580     9.3718   999.8758 0.0000e+00
      9.585      0.121     0.1081      1.234    214.864 147.500856     1.4442      6.565    11.5238 1.2375e-01     2.6416      9.401     13.635     9.3620   999.8773 0.0000e+00
      9.615      0.113     0.1037      1.242    216.202 148.397158     1.4426      6.566     9.7180 1.2373e-01     2.6418      9.432     13.678     9.3532   999.8790 0.0000e+00
      9.639      0.103     0.1011      1.240    217.387 149.200253     1.4600      6.568     7.8320 1.2375e-01     2.6163      9.454     13.711     9.3417   999.8806 0.0000e+00
      9.661      0.093     0.0992      1.226    218.462 149.934710     1.4986      6.569     6.1001 1.2385e-01     2.5627      9.473     13.739     9.3296   999.8820 0.0000e+00
      9.683      0.084     0.0981      1.231    219.585 150.702862     1.5195      6.571     4.8664 1.2390e-01     2.5180      9.495     13.771     9.3210   999.8831 0.0000e+00
      9.706      0.075     0.1001      1.244    220.238 151.147177     1.5135      6.572     4.1009 1.2383e-01     2.5024      9.520     13.807     9.3156   999.8843 0.0000e+00
      9.726      0.065     0.1003      1.221    220.259 151.157707     1.4948      6.573     3.2976 1.2375e-01     2.5048      9.539     13.835     9.3139   999.8849 0.0000e+00
      9.742      0.054     0.0973      1.187    220.157 151.085510     1.4672      6.573     1.8652 1.2374e-01     2.5138      9.554     13.857     9.3138   999.8853 0.0000e+00
      9.754      0.043     0.0978      1.183    220.464 151.295615     1.4484      6.574    -0.3126 1.2378e-01     2.5133      9.568     13.877     9.3132   999.8861 0.0000e+00
      9.762      0.034     0.1018      1.181    221.548 152.038333     1.4491      6.576    -2.6430 1.2379e-01     2.4984      9.575     13.888     9.3123   999.8864 0.0000e+00
      9.765      0.030     0.0984      1.176    224.325 153.937263     1.4409      6.578    -4.4560 1.2371e-01     2.4650      9.577     13.891     9.3112   999.8864 0.0000e+00
      9.768      0.029     0.0929      1.182    228.367 156.698297     1.4099      6.579    -5.5422 1.2367e-01     2.4703      9.579     13.893     9.3106   999.8863 0.0000e+00
      9.774      0.030     0.0957      1.191    231.627 158.924767     1.3864      6.580    -6.3985 1.2372e-01     2.5298      9.583     13.899     9.3108   999.8864 0.0000e+00
      9.784      0.031     0.0950      1.184    236.977 162.595511     1.3821      6.581    -7.3236 1.2377e-01     2.5612      9.593     13.914     9.3109   999.8868 0.0000e+00
      9.797      0.031     0.0937      1.172    253.119 173.679950     1.4011      6.582    -8.1235 1.2377e-01     2.5551      9.609     13.936     9.3099   999.8878 0.0000e+00
      9.808      0.031     0.0947      1.163    277.426 190.373607     1.4346      6.582    -8.8433 1.2374e-01     2.5533      9.621     13.953     9.3062   999.8905 0.0000e+00
      9.815      0.029     0.0964      1.143    286.678 196.736927     1.4487      6.582    -9.4870 1.2369e-01     2.5401      9.625     13.960     9.3027   999.8913 0.0000e+00
      9.819      0.026     0.0953      1.133    292.309 200.606844     1.4420      6.583   -10.0563 1.2369e-01     2.5261      9.629     13.965     9.3035   999.8923 0.0000e+00
      9.824      0.022     0.0932      1.148    317.873 218.145402     1.4228      6.584   -10.8221 1.2373e-01     2.5156      9.634     13.972     9.3054   999.8963 0.0000e+00
      9.830      0.018     0.0944      1.165    328.613 225.503136     1.3979      6.586   -11.9496 1.2373e-01     2.5119      9.640     13.981     9.3080   999.9120 0.0000e+00
      9.835      0.016     0.0913      1.174    312.452 214.395721     1.3933      6.587   -13.5362 1.2369e-01     2.5465      9.647     13.991     9.3119   999.9147 0.0000e+00
      9.839      0.015     0.0895      1.174    291.635 200.100048     1.4017      6.589   -15.2928 1.2365e-01     2.5732      9.650     13.996     9.3127   999.9048 0.0000e+00
      9.842      0.013     0.0924      1.172    286.253 196.404662     1.4123      6.590   -16.8414 1.2364e-01     2.6056      9.652     13.999     9.3113   999.9290 0.0000e+00
      9.844      0.011     0.0937      1.176    306.209 210.097817     1.4357      6.591   -18.3214 1.2364e-01     2.6770      9.654     14.002     9.3096   999.9320 0.0000e+00
      9.847      0.011     0.0944      1.180    320.747 220.072863     1.4506      6.591   -19.0771 1.2365e-01     2.7154      9.656     14.005     9.3056   999.9211 0.0000e+00
      9.850 -9.990e-29     0.0946 -9.990e-29 -9.990e-29 -9.990e-29 -9.990e-29 -9.990e-29 -9.990e-29 1.2367e-01 -9.990e-29      9.659     14.010     9.3036   999.9137 0.0000e+00
      9.852 -9.990e-29     0.0935 -9.990e-29 -9.990e-29 -9.990e-29 -9.990e-29 -9.990e-29 -9.990e-29 1.2367e-01 -9.990e-29      9.662     14.013     9.3040   999.9051 0.0000e+00
      9.854 -9.990e-29     0.0944 -9.990e-29 -9.990e-29 -9.990e-29 -9.990e-29 -9.990e-29 -9.990e-29 1.2367e-01 -9.990e-29      9.664     14.017     9.3039   999.9217 0.0000e+00
      9.855 -9.990e-29     0.0950 -9.990e-29 -9.990e-29 -9.990e-29 -9.990e-29 -9.990e-29 -9.990e-29 1.2369e-01 -9.990e-29      9.666     14.019     9.3041   999.9304 0.0000e+00
