Data/DataNotYetUploadedToEDI/Raw_CTD/RawDownloads/101819_bvr50.cnv
* Sea-Bird SBE19plus  Data File:
* FileName = C:\DATA\102319_fcr50_0001.hex
* Software version 2.8.0.119 SB_Terminal.dll
* Temperature SN = 7809
* Conductivity SN = 7809
* System UpLoad Time = Oct 23 2019 09:54:47
* <ApplicationData>
* <Seaterm232>
# nquan = 16
# nvalues = 679                         
# units = specified
# name 0 = depFM: Depth [fresh water, m]
# name 1 = dz/dtM: Descent Rate [m/s]
# name 2 = sbeox0ML/L: Oxygen, SBE 43 [ml/l]
# name 3 = sbeox0PS: Oxygen, SBE 43 [% saturation]
# name 4 = specc: Specific Conductance [uS/cm]
# name 5 = c0uS/cm: Conductivity [uS/cm]
# name 6 = flECO-AFL: Fluorescence, WET Labs ECO-AFL/FL [mg/m^3]
# name 7 = ph: pH
# name 8 = orp: Oxidation Reduction Potential [mV]
# name 9 = par/sat/log: PAR/Logarithmic, Satlantic
# name 10 = turbWETntu0: Turbidity, WET Labs ECO [NTU]
# name 11 = prdM: Pressure, Strain Gauge [db]
# name 12 = prdE: Pressure, Strain Gauge [psi]
# name 13 = tv290C: Temperature [ITS-90, deg C]
# name 14 = density00: Density [density, kg/m^3]
# name 15 = flag:  0.000e+00
# span 0 =     -0.686,      9.855       
# span 1 =     -0.010,      0.158       
# span 2 =    -0.9738,     6.9052       
# span 3 =    -12.000,     98.739       
# span 4 =      4.533,    328.613       
# span 5 =   3.683303, 225.503136       
# span 6 =    -0.1456,     6.2088       
# span 7 =      6.460,      8.895       
# span 8 = -1239.0200,   602.6158       
# span 9 = 1.2358e-01, 2.0322e+03       
# span 10 =    -0.2771,     8.0459      
# span 11 =     -0.674,      9.666      
# span 12 =     -0.977,     14.019      
# span 13 =     9.3027,    15.6327      
# span 14 =   999.0069,   999.9320      
# span 15 = 0.0000e+00, 0.0000e+00      
# interval = seconds: 0.25
# start_time = Oct 18 2019 13:05:43 [Instrument's time stamp, header]
# bad_flag = -9.990e-29
*END*
[from data line 181]
      0.615      0.030     5.0526     72.445     30.273  24.529411     3.2673      7.796   282.0850 1.9259e+01     6.7674      0.604      0.877    15.5098   999.0399 0.0000e+00
      0.620      0.027     5.0533     72.454     30.294  24.546712     3.2696      7.791   281.9658 1.9351e+01     6.7599      0.607      0.880    15.5096   999.0399 0.0000e+00
      0.626      0.026     5.0529     72.451     30.274  24.529411     3.2446      7.787   281.9139 1.9343e+01     6.7384      0.612      0.889    15.5094   999.0400 0.0000e+00
      0.634      0.025     5.0549     72.439     30.251  24.510538     3.1818      7.785   281.8883 1.9448e+01     6.7029      0.622      0.903    15.5099   999.0400 0.0000e+00
      0.642      0.025     5.0555     72.421     30.250  24.508828     3.1518      7.784   281.8281 1.9458e+01     6.6919      0.630      0.913    15.5103   999.0400 0.0000e+00
      0.648      0.026     5.0567     72.392     30.251  24.508724     3.1594      7.784   281.7890 1.9372e+01     6.7371      0.636      0.923    15.5098   999.0401 0.0000e+00
      0.653      0.026     5.0565     72.377     30.252  24.509281     3.1614      7.783   281.7596 1.9422e+01     6.7902      0.641      0.930    15.5089   999.0402 0.0000e+00
      0.658      0.025     5.0552     72.386     30.261  24.515571     3.1938      7.781   281.6447 1.9452e+01     6.8424      0.644      0.934    15.5083   999.0403 0.0000e+00
      0.665      0.025     5.0550     72.397     30.268  24.521338     3.2553      7.779   281.4319 1.9508e+01     6.9095      0.651      0.945    15.5070   999.0406 0.0000e+00
      0.674      0.025     5.0521     72.402     30.262  24.515570     3.2809      7.776   281.3377 1.9744e+01     6.9462      0.662      0.960    15.5047   999.0410 0.0000e+00
      0.681      0.024     5.0506     72.404     30.255  24.509270     3.2789      7.773   281.3653 1.9869e+01     6.9588      0.670      0.970    15.5034   999.0412 0.0000e+00
      0.686      0.021     5.0523     72.384     30.255  24.508595     3.3008      7.768   281.2501 2.0069e+01     6.9299      0.672      0.974    15.5030   999.0413 0.0000e+00
      0.691      0.018     5.0533     72.328     30.253  24.507413     3.3459      7.764   280.9771 2.0482e+01     6.8264      0.676      0.980    15.5029   999.0413 0.0000e+00
      0.696      0.016     5.0533     72.253     30.237  24.494983     3.3823      7.761   280.7320 2.0712e+01     6.7563      0.684      0.991    15.5026   999.0414 0.0000e+00
      0.700      0.016     5.0541     72.178     30.225  24.485164     3.3942      7.758   280.5234 2.1054e+01     6.7700      0.687      0.997    15.5009   999.0417 0.0000e+00
      0.700      0.019     5.0537     72.115     30.263  24.515571     3.3510      7.756   280.3474 2.1567e+01     6.7960      0.687      0.996    15.5001   999.0418 0.0000e+00
      0.702      0.025     5.0490     72.066     30.300  24.545454     3.2665      7.756   280.2392 2.1710e+01     6.7754      0.687      0.996    15.5007   999.0417 0.0000e+00
      0.707      0.035     5.0432     72.031     30.280  24.529297     3.2139      7.754   280.1614 2.1941e+01     6.7181      0.693      1.005    15.5012   999.0417 0.0000e+00
      0.716      0.046     5.0376     72.029     30.260  24.510518     3.2091      7.751   280.1809 2.2300e+01     6.7253      0.702      1.018    15.5017   999.0416 0.0000e+00
      0.730      0.057     5.0330     72.070     30.262  24.508712     3.2609      7.746   280.3030 2.2172e+01     6.8300      0.713      1.036    15.5016   999.0417 0.0000e+00
      0.750      0.065     5.0299     72.134     30.263  24.507456     3.3372      7.739   280.3483 2.2140e+01     6.9351      0.734      1.065    15.5022   999.0417 0.0000e+00
      0.772      0.068     5.0269     72.197     30.249  24.495318     3.3683      7.729   280.2119 2.2252e+01     6.9473      0.758      1.099    15.5010   999.0420 0.0000e+00
      0.793      0.066     5.0266     72.241     30.242  24.488826     3.3678      7.720   280.0301 2.2083e+01     6.9116      0.778      1.129    15.4954   999.0430 0.0000e+00
      0.811      0.061     5.0313     72.265     30.247  24.492401     3.3748      7.713   279.9567 2.2091e+01     6.9299      0.796      1.155    15.4900   999.0439 0.0000e+00
      0.825      0.054     5.0362     72.273     30.226  24.475101     3.3923      7.706   279.9269 2.2417e+01     6.9717      0.812      1.177    15.4869   999.0445 0.0000e+00
      0.835      0.045     5.0418     72.269     30.220  24.469964     3.3974      7.699   279.7564 2.2625e+01     6.9587      0.819      1.188    15.4849   999.0448 0.0000e+00
      0.844      0.035     5.0446     72.268     30.250  24.493720     3.3934      7.695   279.5294 2.2816e+01     6.9363      0.826      1.197    15.4837   999.0450 0.0000e+00
      0.855      0.027     5.0461     72.269     30.268  24.508600     3.3958      7.695   279.4196 2.3310e+01     6.9299      0.839      1.217    15.4827   999.0453 0.0000e+00
      0.863      0.023     5.0473     72.274     30.285  24.522998     3.3915      7.695   279.3756 2.3530e+01     6.8493      0.849      1.232    15.4822   999.0454 0.0000e+00
      0.865      0.024     5.0459     72.270     30.306  24.540936     3.3848      7.695   279.3402 2.3660e+01     6.7480      0.851      1.233    15.4823   999.0454 0.0000e+00
      0.863      0.028     5.0465     72.244     30.299  24.535170     3.3923      7.691   279.2504 2.4094e+01     6.7213      0.845      1.226    15.4820   999.0454 0.0000e+00
      0.865      0.035     5.0462     72.208     30.277  24.516717     3.3963      7.686   279.0639 2.4247e+01     6.7232      0.844      1.225    15.4821   999.0454 0.0000e+00
      0.876      0.043     5.0465     72.174     30.269  24.508139     3.3901      7.682   278.9778 2.4336e+01     6.7708      0.857      1.243    15.4835   999.0452 0.0000e+00
      0.895      0.053     5.0469     72.136     30.254  24.494885     3.3948      7.679   279.0707 2.4601e+01     6.8704      0.880      1.275    15.4854   999.0450 0.0000e+00
      0.914      0.060     5.0443     72.087     30.242  24.483343     3.4016      7.675   279.1542 2.4574e+01     6.9442      0.898      1.302    15.4854   999.0451 0.0000e+00
      0.931      0.065     5.0416     72.035     30.259  24.495443     3.4024      7.673   279.0418 2.4484e+01     6.9754      0.912      1.322    15.4833   999.0455 0.0000e+00
      0.947      0.069     5.0400     72.020     30.284  24.514316     3.4305      7.668   278.8293 2.4647e+01     6.9855      0.928      1.346    15.4817   999.0458 0.0000e+00
      0.962      0.072     5.0375     72.054     30.293  24.521226     3.4900      7.654   278.8220 2.4591e+01     7.0000      0.945      1.369    15.4794   999.0463 0.0000e+00
      0.978      0.074     5.0348     72.087     30.286  24.515553     3.5234      7.629   278.8677 2.4325e+01     7.0197      0.959      1.390    15.4754   999.0469 0.0000e+00
      0.998      0.073     5.0301     72.087     30.279  24.509158     3.5225      7.605   278.7794 2.4288e+01     6.9951      0.975      1.416    15.4716   999.0476 0.0000e+00
      1.022      0.068     5.0282     72.069     30.277  24.507343     3.5053      7.592   278.6147 2.4285e+01     6.8981      1.001      1.452    15.4697   999.0480 0.0000e+00
      1.047      0.058     5.0331     72.042     30.259  24.493607     3.4715      7.587   278.4248 2.4094e+01     6.7971      1.032      1.495    15.4703   999.0481 0.0000e+00
      1.064      0.047     5.0359     72.011     30.229  24.469943     3.4513      7.587   278.3764 2.4194e+01     6.7574      1.048      1.520    15.4708   999.0481 0.0000e+00
      1.069      0.036     5.0353     71.983     30.235  24.474977     3.4518      7.591   278.3738 2.4536e+01     6.7454      1.050      1.523    15.4690   999.0484 0.0000e+00
      1.069      0.029     5.0341     71.963     30.255  24.491028     3.4599      7.597   278.3076 2.4659e+01     6.7511      1.049      1.522    15.4682   999.0485 0.0000e+00
      1.069      0.027     5.0320     71.949     30.234  24.473717     3.4634      7.602   278.3510 2.4827e+01     6.7939      1.047      1.519    15.4693   999.0483 0.0000e+00
      1.074      0.031     5.0293     71.952     30.213  24.455968     3.4508      7.606   278.4683 2.5008e+01     6.8044      1.050      1.523    15.4707   999.0481 0.0000e+00
      1.084      0.040     5.0273     71.982     30.228  24.466734     3.4462      7.607   278.4348 2.5017e+01     6.7461      1.061      1.540    15.4710   999.0481 0.0000e+00
      1.099      0.049     5.0262     72.022     30.243  24.477022     3.4593      7.608   278.2888 2.4937e+01     6.7118      1.078      1.563    15.4703   999.0483 0.0000e+00
      1.116      0.055     5.0249     72.058     30.215  24.453473     3.5057      7.608   278.2524 2.5062e+01     6.7836      1.094      1.587    15.4697   999.0485 0.0000e+00
      1.132      0.058     5.0247     72.060     30.194  24.435752     3.5906      7.608   278.2535 2.5320e+01     6.8935      1.111      1.612    15.4687   999.0487 0.0000e+00
      1.146      0.059     5.0280     72.019     30.217  24.453063     3.6367      7.607   278.1298 2.5306e+01     6.9253      1.125      1.631    15.4663   999.0491 0.0000e+00
      1.160      0.058     5.0309     71.974     30.242  24.472469     3.6298      7.602   278.0468 2.5344e+01     6.9053      1.137      1.650    15.4640   999.0496 0.0000e+00
      1.175      0.055     5.0344     71.934     30.252  24.480086     3.6111      7.597   278.1108 2.5418e+01     6.8486      1.151      1.671    15.4627   999.0498 0.0000e+00
      1.191      0.050     5.0358     71.874     30.253  24.481720     3.5923      7.593   278.1292 2.5355e+01     6.7644      1.167      1.693    15.4610   999.0501 0.0000e+00
      1.206      0.046     5.0309     71.806     30.267  24.492224     3.5847      7.589   278.0975 2.5362e+01     6.7384      1.185      1.718    15.4588   999.0506 0.0000e+00
      1.217      0.043     5.0280     71.753     30.252  24.480219     3.5807      7.588   278.0720 2.5669e+01     6.7319      1.196      1.735    15.4576   999.0508 0.0000e+00
      1.223      0.043     5.0266     71.721     30.232  24.463443     3.6033      7.588   277.9068 2.5919e+01     6.7513      1.199      1.738    15.4571   999.0509 0.0000e+00
      1.230      0.044     5.0218     71.725     30.252  24.479686     3.6586      7.584   277.7345 2.5793e+01     6.8746      1.205      1.748    15.4566   999.0510 0.0000e+00
      1.239      0.047     5.0160     71.773     30.260  24.486301     3.6948      7.579   277.7095 2.5833e+01     7.0106      1.214      1.761    15.4564   999.0511 0.0000e+00
      1.253      0.051     5.0129     71.831     30.253  24.479992     3.7018      7.576   277.6898 2.5774e+01     7.0516      1.226      1.779    15.4562   999.0512 0.0000e+00
      1.272      0.056     5.0100     71.878     30.237  24.466841     3.7437      7.575   277.6687 2.5484e+01     7.0106      1.248      1.810    15.4561   999.0513 0.0000e+00
      1.289      0.059     5.0095     71.914     30.222  24.454163     3.8291      7.571   277.6267 2.5427e+01     6.9740      1.265      1.835    15.4560   999.0514 0.0000e+00
      1.303      0.060     5.0146     71.929     30.222  24.453579     3.8761      7.565   277.5257 2.5309e+01     6.9689      1.278      1.853    15.4553   999.0516 0.0000e+00
      1.316      0.060     5.0191     71.928     30.233  24.459774     3.8873      7.559   277.4802 2.5091e+01     6.9490      1.290      1.871    15.4548   999.0517 0.0000e+00
      1.331      0.061     5.0222     71.928     30.243  24.465636     3.9560      7.554   277.5072 2.4978e+01     6.9302      1.305      1.892    15.4545   999.0518 0.0000e+00
      1.347      0.065     5.0252     71.902     30.242  24.461013     4.0648      7.547   277.5078 2.4853e+01     6.9375      1.323      1.918    15.4549   999.0519 0.0000e+00
      1.362      0.068     5.0264     71.845     30.252  24.467304     4.1113      7.534   277.4008 2.4757e+01     6.9716      1.335      1.936    15.4541   999.0521 0.0000e+00
      1.379      0.069     5.0254     71.799     30.267  24.478266     4.1102      7.515   277.2465 2.4617e+01     7.0158      1.349      1.957    15.4497   999.0528 0.0000e+00
      1.401      0.067     5.0273     71.784     30.253  24.466686     4.1121      7.500   277.1911 2.4251e+01     7.0123      1.373      1.992    15.4443   999.0537 0.0000e+00
      1.423      0.064     5.0268     71.790     30.237  24.454151     4.1336      7.495   277.2462 2.4031e+01     6.9630      1.399      2.029    15.4386   999.0547 0.0000e+00
      1.439      0.061     5.0212     71.800     30.236  24.453579     4.1707      7.493   277.3108 2.4163e+01     6.9440      1.415      2.052    15.4347   999.0554 0.0000e+00
      1.449      0.056     5.0178     71.821     30.242  24.459766     4.1879      7.486   277.2838 2.4112e+01     6.9776      1.420      2.061    15.4339   999.0556 0.0000e+00
      1.459      0.050     5.0170     71.856     30.247  24.465523     4.1863      7.476   277.1787 2.3855e+01     6.9766      1.429      2.072    15.4333   999.0557 0.0000e+00
      1.473      0.046     5.0185     71.896     30.239  24.459754     4.1771      7.472   277.1588 2.3770e+01     6.9322      1.445      2.095    15.4333   999.0558 0.0000e+00
      1.488      0.047     5.0182     71.933     30.231  24.453463     4.1726      7.473   277.2152 2.3766e+01     6.9327      1.462      2.121    15.4346   999.0557 0.0000e+00
      1.498      0.052     5.0195     71.949     30.231  24.452897     4.1841      7.473   277.2580 2.3699e+01     6.9819      1.470      2.133    15.4369   999.0553 0.0000e+00
      1.505      0.059     5.0223     71.937     30.231  24.452897     4.2021      7.473   277.1609 2.3673e+01     7.0039      1.474      2.137    15.4389   999.0550 0.0000e+00
      1.517      0.066     5.0246     71.908     30.232  24.453466     4.3646      7.472   276.9009 2.3507e+01     6.9691      1.485      2.153    15.4403   999.0549 0.0000e+00
      1.538      0.071     5.0281     71.882     30.239  24.459776     4.6832      7.471   276.7820 2.3044e+01     6.9540      1.506      2.185    15.4409   999.0549 0.0000e+00
      1.563      0.075     5.0294     71.861     30.246  24.465751     4.8728      7.471   276.8412 2.2603e+01     6.9855      1.533      2.224    15.4400   999.0551 0.0000e+00
      1.588      0.076     5.0282     71.845     30.241  24.462281     4.8969      7.471   276.9279 2.2273e+01     6.9888      1.559      2.262    15.4396   999.0553 0.0000e+00
      1.608      0.072     5.0255     71.838     30.264  24.481259     4.8625      7.471   276.9700 2.1984e+01     6.9278      1.578      2.289    15.4401   999.0553 0.0000e+00
      1.624      0.064     5.0235     71.835     30.292  24.504904     4.8041      7.472   276.9206 2.1740e+01     6.9044      1.593      2.311    15.4407   999.0553 0.0000e+00
      1.638      0.055     5.0224     71.836     30.279  24.494428     4.7797      7.472   276.8471 2.1517e+01     6.9677      1.607      2.331    15.4415   999.0552 0.0000e+00
      1.650      0.048     5.0204     71.845     30.263  24.481468     4.7670      7.469   276.8552 2.1387e+01     6.9725      1.618      2.347    15.4421   999.0552 0.0000e+00
      1.660      0.042     5.0205     71.858     30.255  24.475072     4.7287      7.464   276.9327 2.1248e+01     6.8966      1.628      2.360    15.4427   999.0552 0.0000e+00
      1.670      0.037     5.0202     71.878     30.261  24.480527     4.6797      7.460   276.9236 2.1087e+01     6.9023      1.637      2.375    15.4432   999.0552 0.0000e+00
      1.680      0.035     5.0197     71.910     30.266  24.483988     4.6524      7.458   276.8306 2.1005e+01     6.9755      1.648      2.391    15.4437   999.0551 0.0000e+00
      1.688      0.036     5.0210     71.950     30.228  24.453486     4.6500      7.457   276.6690 2.0950e+01     6.9950      1.657      2.402    15.4446   999.0550 0.0000e+00
