Data/DataNotYetUploadedToEDI/Raw_CTD/RawDownloads/101819_bvr50.cnv
* Sea-Bird SBE19plus  Data File:
* FileName = C:\DATA\102319_fcr50_0001.hex
* Software version 2.8.0.119 SB_Terminal.dll
* Temperature SN = 7809
* Conductivity SN = 7809
* System UpLoad Time = Oct 23 2019 09:54:47
* <ApplicationData>
* <Seaterm232>
# nquan = 16
# nvalues = 679                         
# units = specified
# name 0 = depFM: Depth [fresh water, m]
# name 1 = dz/dtM: Descent Rate [m/s]
# name 2 = sbeox0ML/L: Oxygen, SBE 43 [ml/l]
# name 3 = sbeox0PS: Oxygen, SBE 43 [% saturation]
# name 4 = specc: Specific Conductance [uS/cm]
# name 5 = c0uS/cm: Conductivity [uS/cm]
# name 6 = flECO-AFL: Fluorescence, WET Labs ECO-AFL/FL [mg/m^3]
# name 7 = ph: pH
# name 8 = orp: Oxidation Reduction Potential [mV]
# name 9 = par/sat/log: PAR/Logarithmic, Satlantic
# name 10 = turbWETntu0: Turbidity, WET Labs ECO [NTU]
# name 11 = prdM: Pressure, Strain Gauge [db]
# name 12 = prdE: Pressure, Strain Gauge [psi]
# name 13 = tv290C: Temperature [ITS-90, deg C]
# name 14 = density00: Density [density, kg/m^3]
# name 15 = flag:  0.000e+00
# span 0 =     -0.686,      9.855       
# span 1 =     -0.010,      0.158       
# span 2 =    -0.9738,     6.9052       
# span 3 =    -12.000,     98.739       
# span 4 =      4.533,    328.613       
# span 5 =   3.683303, 225.503136       
# span 6 =    -0.1456,     6.2088       
# span 7 =      6.460,      8.895       
# span 8 = -1239.0200,   602.6158       
# span 9 = 1.2358e-01, 2.0322e+03       
# span 10 =    -0.2771,     8.0459      
# span 11 =     -0.674,      9.666      
# span 12 =     -0.977,     14.019      
# span 13 =     9.3027,    15.6327      
# span 14 =   999.0069,   999.9320      
# span 15 = 0.0000e+00, 0.0000e+00      
# interval = seconds: 0.25
# start_time = Oct 18 2019 13:05:43 [Instrument's time stamp, header]
# bad_flag = -9.990e-29
*END*
[from data line 272]
      1.700      0.048     5.0227     72.019     30.211  24.440545     4.7286      7.439   276.7381 2.0781e+01     6.9607      1.664      2.414    15.4453   999.0549 0.0000e+00
      1.712      0.054     5.0249     72.033     30.245  24.467326     4.8562      7.422   276.6503 2.0501e+01     6.9554      1.677      2.433    15.4447   999.0551 0.0000e+00
      1.731      0.059     5.0283     72.036     30.285  24.498971     4.9363      7.409   276.4028 2.0191e+01     6.9762      1.695      2.459    15.4448   999.0551 0.0000e+00
      1.753      0.062     5.0309     72.039     30.295  24.505985     4.9521      7.405   276.3282 1.9890e+01     7.0161      1.719      2.493    15.4457   999.0551 0.0000e+00
      1.773      0.062     5.0332     72.044     30.275  24.488694     4.9609      7.408   276.3506 1.9639e+01     7.0112      1.742      2.527    15.4466   999.0551 0.0000e+00
      1.786      0.061     5.0341     72.044     30.265  24.480212     4.9814      7.412   276.4142 1.9547e+01     6.9831      1.752      2.542    15.4456   999.0553 0.0000e+00
      1.797      0.060     5.0341     72.001     30.250  24.466863     5.0002      7.416   276.4951 1.9412e+01     6.9709      1.761      2.554    15.4436   999.0557 0.0000e+00
      1.809      0.061     5.0348     71.909     30.235  24.454167     5.0145      7.418   276.5541 1.9101e+01     6.9615      1.773      2.572    15.4425   999.0559 0.0000e+00
      1.823      0.066     5.0347     71.812     30.235  24.453581     5.1289      7.414   276.5265 1.8847e+01     6.9680      1.787      2.592    15.4409   999.0562 0.0000e+00
      1.841      0.074     5.0365     71.727     30.244  24.459767     5.3350      7.405   276.5045 1.8564e+01     6.9515      1.804      2.617    15.4392   999.0566 0.0000e+00
      1.862      0.080     5.0343     71.649     30.253  24.465523     5.4434      7.397   276.6328 1.8111e+01     6.9253      1.825      2.646    15.4381   999.0568 0.0000e+00
      1.886      0.082     5.0258     71.597     30.247  24.459746     5.4676      7.389   276.7870 1.7663e+01     6.9460      1.848      2.680    15.4375   999.0570 0.0000e+00
      1.911      0.079     5.0189     71.587     30.240  24.453351     5.4975      7.382   276.8205 1.7243e+01     6.9072      1.875      2.720    15.4358   999.0574 0.0000e+00
      1.935      0.072     5.0140     71.622     30.239  24.451640     5.5180      7.377   276.6935 1.6843e+01     6.7845      1.901      2.756    15.4331   999.0579 0.0000e+00
      1.953      0.065     5.0076     71.683     30.224  24.439058     5.5253      7.377   276.5423 1.6599e+01     6.7405      1.916      2.779    15.4312   999.0583 0.0000e+00
      1.965      0.060     5.0042     71.746     30.211  24.428092     5.5341      7.378   276.5410 1.6458e+01     6.7681      1.928      2.796    15.4295   999.0586 0.0000e+00
      1.974      0.058     5.0032     71.809     30.234  24.445917     5.5456      7.378   276.5050 1.6242e+01     6.8241      1.935      2.806    15.4281   999.0588 0.0000e+00
      1.984      0.061     5.0063     71.855     30.257  24.464266     5.5434      7.378   276.3664 1.5989e+01     6.8923      1.942      2.817    15.4275   999.0590 0.0000e+00
      2.000      0.069     5.0116     71.863     30.252  24.459643     5.5330      7.375   276.4129 1.5689e+01     6.9046      1.960      2.843    15.4268   999.0592 0.0000e+00
      2.020      0.081     5.0156     71.847     30.244  24.453456     5.5335      7.368   276.5516 1.5305e+01     6.9403      1.981      2.873    15.4255   999.0595 0.0000e+00
      2.042      0.093     5.0208     71.811     30.243  24.452898     5.5403      7.359   276.4954 1.4918e+01     6.9961      2.001      2.903    15.4237   999.0598 0.0000e+00
      2.067      0.102     5.0253     71.760     30.244  24.452899     5.5629      7.352   276.4213 1.4456e+01     6.9895      2.024      2.936    15.4229   999.0601 0.0000e+00
      2.097      0.105     5.0247     71.709     30.245  24.453467     5.6075      7.346   276.5153 1.3910e+01     6.9590      2.055      2.980    15.4232   999.0602 0.0000e+00
      2.130      0.101     5.0236     71.657     30.254  24.459757     5.6290      7.340   276.6003 1.3435e+01     6.9544      2.090      3.031    15.4240   999.0602 0.0000e+00
      2.161      0.092     5.0214     71.605     30.262  24.465514     5.6406      7.334   276.5886 1.3072e+01     6.9665      2.122      3.077    15.4239   999.0604 0.0000e+00
      2.185      0.078     5.0167     71.555     30.256  24.459643     5.7306      7.330   276.5454 1.2804e+01     6.9741      2.145      3.110    15.4223   999.0608 0.0000e+00
      2.201      0.065     5.0142     71.519     30.246  24.452198     5.8763      7.331   276.4223 1.2652e+01     6.9490      2.160      3.133    15.4209   999.0610 0.0000e+00
      2.212      0.056     5.0103     71.519     30.229  24.438941     5.9454      7.335   276.3052 1.2576e+01     6.8910      2.171      3.148    15.4194   999.0613 0.0000e+00
      2.218      0.055     5.0068     71.530     30.212  24.426216     5.9422      7.335   276.3338 1.2490e+01     6.8956      2.175      3.155    15.4183   999.0615 0.0000e+00
      2.225      0.058     5.0034     71.525     30.210  24.425214     5.8899      7.331   276.3378 1.2335e+01     7.0048      2.179      3.161    15.4183   999.0615 0.0000e+00
      2.238      0.062     4.9995     71.547     30.212  24.426834     5.7805      7.326   276.3538 1.2062e+01     7.0971      2.191      3.178    15.4183   999.0616 0.0000e+00
      2.262      0.066     5.0000     71.615     30.236  24.445802     5.7124      7.326   276.3544 1.1659e+01     7.0943      2.215      3.214    15.4190   999.0616 0.0000e+00
      2.290      0.071     5.0028     71.714     30.259  24.464245     5.6986      7.328   276.2594 1.1311e+01     7.1026      2.249      3.262    15.4210   999.0614 0.0000e+00
      2.310      0.076     4.9996     71.826     30.254  24.459517     5.6401      7.330   276.3237 1.1153e+01     7.0990      2.270      3.292    15.4223   999.0613 0.0000e+00
      2.321      0.080     5.0010     71.926     30.246  24.452074     5.5336      7.331   276.3574 1.1023e+01     7.0176      2.275      3.299    15.4219   999.0614 0.0000e+00
      2.334      0.082     5.0067     72.011     30.230  24.437687     5.4699      7.330   276.2370 1.0752e+01     6.9385      2.284      3.313    15.4213   999.0615 0.0000e+00
      2.357      0.084     5.0134     72.086     30.200  24.412438     5.4592      7.327   276.2442 1.0368e+01     6.8951      2.308      3.348    15.4210   999.0617 0.0000e+00
      2.386      0.089     5.0228     72.126     30.187  24.400527     5.4642      7.321   276.3584 9.9814e+00     6.8866      2.341      3.395    15.4200   999.0620 0.0000e+00
      2.413      0.093     5.0297     72.120     30.212  24.420544     5.5045      7.308   276.4131 9.6704e+00     6.9019      2.368      3.436    15.4175   999.0625 0.0000e+00
      2.436      0.089     5.0353     72.100     30.266  24.464153     5.5736      7.292   276.3901 9.4075e+00     6.9161      2.388      3.464    15.4150   999.0630 0.0000e+00
      2.460      0.078     5.0418     72.079     30.291  24.483740     5.6060      7.281   276.2519 9.1273e+00     6.9274      2.412      3.498    15.4139   999.0633 0.0000e+00
      2.484      0.067     5.0457     72.030     30.270  24.467068     5.5935      7.280   276.0326 8.9073e+00     6.9727      2.439      3.537    15.4131   999.0635 0.0000e+00
      2.500      0.059     5.0435     71.935     30.252  24.452878     5.5439      7.285   275.9762 8.8327e+00     7.0696      2.456      3.563    15.4116   999.0638 0.0000e+00
      2.506      0.054     5.0420     71.814     30.234  24.439048     5.4657      7.291   276.0854 8.8069e+00     7.1495      2.458      3.566    15.4105   999.0641 0.0000e+00
      2.511      0.052     5.0415     71.701     30.218  24.426721     5.4107      7.296   276.1480 8.7109e+00     7.1522      2.460      3.568    15.4107   999.0641 0.0000e+00
      2.522      0.055     5.0387     71.625     30.223  24.430706     5.3984      7.301   276.2179 8.5329e+00     7.1345      2.471      3.584    15.4113   999.0640 0.0000e+00
      2.539      0.062     5.0313     71.591     30.215  24.423795     5.4826      7.304   276.3282 8.3187e+00     7.0990      2.490      3.612    15.4120   999.0640 0.0000e+00
      2.559      0.068     5.0218     71.596     30.194  24.406590     5.6310      7.306   276.3627 8.1032e+00     7.0190      2.510      3.640    15.4133   999.0639 0.0000e+00
      2.580      0.071     5.0129     71.632     30.202  24.412985     5.7011      7.307   276.2914 7.8827e+00     6.9532      2.531      3.669    15.4138   999.0639 0.0000e+00
      2.602      0.071     5.0078     71.694     30.233  24.437687     5.7061      7.308   276.1544 7.6964e+00     6.9261      2.553      3.702    15.4131   999.0641 0.0000e+00
      2.620      0.070     5.0056     71.770     30.251  24.451517     5.6914      7.309   276.0827 7.5733e+00     6.9210      2.572      3.729    15.4125   999.0643 0.0000e+00
      2.635      0.071     5.0059     71.835     30.254  24.453333     5.6542      7.306   276.1132 7.4613e+00     6.9254      2.584      3.748    15.4128   999.0643 0.0000e+00
      2.648      0.071     5.0089     71.877     30.262  24.459633     5.6368      7.298   276.0925 7.3339e+00     6.9462      2.595      3.765    15.4125   999.0644 0.0000e+00
      2.664      0.071     5.0130     71.876     30.268  24.464256     5.6544      7.288   276.0045 7.1399e+00     6.9749      2.610      3.786    15.4116   999.0646 0.0000e+00
      2.687      0.070     5.0198     71.827     30.245  24.445794     5.7197      7.279   275.9091 6.8821e+00     6.9776      2.633      3.819    15.4108   999.0648 0.0000e+00
      2.712      0.068     5.0241     71.770     30.222  24.426711     5.8103      7.275   275.8858 6.6772e+00     6.9461      2.661      3.860    15.4101   999.0651 0.0000e+00
      2.733      0.065     5.0280     71.734     30.218  24.423837     5.8483      7.276   275.9809 6.5592e+00     6.9221      2.684      3.893    15.4093   999.0653 0.0000e+00
      2.744      0.062     5.0286     71.730     30.203  24.411045     5.8410      7.277   276.0269 6.4875e+00     6.9165      2.693      3.905    15.4087   999.0654 0.0000e+00
      2.752      0.059     5.0231     71.742     30.188  24.398916     5.8265      7.278   276.0110 6.4057e+00     6.8789      2.698      3.912    15.4090   999.0654 0.0000e+00
      2.764      0.057     5.0189     71.752     30.195  24.404063     5.7943      7.277   276.0480 6.2745e+00     6.8924      2.709      3.929    15.4092   999.0654 0.0000e+00
      2.781      0.057     5.0157     71.756     30.202  24.409830     5.7556      7.274   276.0430 6.1086e+00     7.0469      2.726      3.954    15.4092   999.0655 0.0000e+00
      2.800      0.056     5.0163     71.765     30.196  24.405208     5.7394      7.272   275.8646 5.9558e+00     7.1745      2.746      3.983    15.4083   999.0657 0.0000e+00
      2.818      0.056     5.0178     71.794     30.203  24.411622     5.7373      7.272   275.6978 5.8468e+00     7.1899      2.765      4.011    15.4077   999.0659 0.0000e+00
      2.832      0.056     5.0184     71.815     30.217  24.423952     5.7562      7.274   275.6609 5.7839e+00     7.1340      2.780      4.032    15.4075   999.0660 0.0000e+00
      2.841      0.057     5.0188     71.814     30.221  24.427402     5.8027      7.276   275.6773 5.7433e+00     7.0231      2.787      4.041    15.4075   999.0660 0.0000e+00
      2.850      0.059     5.0179     71.808     30.253  24.453344     5.8317      7.276   275.7236 5.6512e+00     6.9638      2.791      4.048    15.4086   999.0659 0.0000e+00
      2.865      0.063     5.0215     71.808     30.290  24.483865     5.8307      7.274   275.7050 5.5152e+00     6.9739      2.808      4.072    15.4094   999.0658 0.0000e+00
      2.886      0.067     5.0233     71.817     30.283  24.479252     5.8507      7.272   275.6240 5.3900e+00     6.9816      2.830      4.105    15.4098   999.0659 0.0000e+00
      2.907      0.071     5.0221     71.808     30.259  24.461008     5.9092      7.272   275.6043 5.2482e+00     6.9911      2.851      4.135    15.4101   999.0659 0.0000e+00
      2.927      0.073     5.0221     71.778     30.247  24.453582     5.9476      7.271   275.6392 5.1174e+00     6.9911      2.873      4.167    15.4099   999.0661 0.0000e+00
      2.945      0.075     5.0212     71.767     30.243  24.452912     5.9509      7.268   275.7013 5.0344e+00     6.9484      2.891      4.193    15.4109   999.0661 0.0000e+00
      2.960      0.080     5.0226     71.772     30.239  24.452902     5.9412      7.263   275.8394 4.9399e+00     6.9337      2.902      4.209    15.4138   999.0656 0.0000e+00
      2.976      0.086     5.0225     71.767     30.238  24.453468     5.9164      7.255   275.9314 4.8097e+00     6.9781      2.916      4.229    15.4160   999.0654 0.0000e+00
      2.997      0.091     5.0178     71.766     30.245  24.459758     5.8931      7.249   275.8677 4.6303e+00     7.0253      2.937      4.259    15.4186   999.0650 0.0000e+00
      3.026      0.096     5.0168     71.778     30.251  24.465515     5.8939      7.245   275.7576 4.3978e+00     7.0458      2.966      4.301    15.4231   999.0644 0.0000e+00
      3.059      0.099     5.0185     71.795     30.243  24.459645     5.9000      7.241   275.7194 4.1968e+00     6.9961      3.001      4.353    15.4283   999.0638 0.0000e+00
      3.088      0.099     5.0163     71.828     30.233  24.452210     5.8890      7.238   275.6643 4.0738e+00     6.9492      3.031      4.396    15.4309   999.0635 0.0000e+00
      3.110      0.095     5.0163     71.884     30.217  24.439060     5.8824      7.236   275.6070 3.9688e+00     6.9707      3.051      4.425    15.4311   999.0636 0.0000e+00
      3.130      0.086     5.0175     71.951     30.204  24.427527     5.8889      7.234   275.6285 3.8499e+00     6.9610      3.069      4.451    15.4333   999.0633 0.0000e+00
      3.152      0.076     5.0178     72.021     30.219  24.439629     5.8902      7.233   275.6664 3.7410e+00     6.9304      3.091      4.483    15.4349   999.0632 0.0000e+00
      3.174      0.067     5.0200     72.095     30.242  24.458511     5.8720      7.234   275.7210 3.6464e+00     6.9939      3.114      4.517    15.4354   999.0633 0.0000e+00
      3.192      0.061     5.0242     72.155     30.251  24.465526     5.8509      7.234   275.6869 3.5783e+00     7.1055      3.133      4.544    15.4359   999.0632 0.0000e+00
      3.204      0.057     5.0293     72.198     30.245  24.461007     5.8432      7.234   275.5975 3.5404e+00     7.1651      3.143      4.559    15.4346   999.0635 0.0000e+00
      3.213      0.056     5.0339     72.233     30.252  24.467307     5.8317      7.234   275.5861 3.5005e+00     7.1902      3.151      4.570    15.4336   999.0637 0.0000e+00
      3.222      0.056     5.0399     72.257     30.265  24.478270     5.7720      7.233   275.5492 3.4411e+00     7.0812      3.159      4.581    15.4338   999.0637 0.0000e+00
      3.236      0.058     5.0441     72.277     30.250  24.466690     5.6678      7.232   275.4961 3.3641e+00     6.8633      3.171      4.599    15.4342   999.0637 0.0000e+00
      3.255      0.059     5.0464     72.297     30.234  24.454155     5.6124      7.229   275.4598 3.2761e+00     6.7522      3.192      4.630    15.4346   999.0637 0.0000e+00
      3.276      0.058     5.0495     72.302     30.234  24.453583     5.6040      7.225   275.3697 3.1889e+00     6.7212      3.215      4.662    15.4352   999.0637 0.0000e+00
      3.293      0.054     5.0504     72.274     30.242  24.459770     5.5489      7.224   275.2665 3.1150e+00     6.7498      3.231      4.686    15.4363   999.0636 0.0000e+00
