Data/DataNotYetUploadedToEDI/Raw_CTD/RawDownloads/101918_fcr50.cnv
* Sea-Bird SBE19plus  Data File:
* FileName = C:\DATA\101518_fcr_0007.hex
* Software version 2.6.3.104
* Temperature SN = 7809
* Conductivity SN = 7809
* System UpLoad Time = Oct 29 2018 16:38:43
* <ApplicationData>
* <Seaterm232>
# nquan = 17
# nvalues = 728                         
# units = specified
# name 0 = depFM: Depth [fresh water, m]
# name 1 = tv290C: Temperature [ITS-90, deg C]
# name 2 = sbeox0Mg/L: Oxygen, SBE 43 [mg/l]
# name 3 = sbeox0PS: Oxygen, SBE 43 [% saturation]
# name 4 = c0uS/cm: Conductivity [uS/cm]
# name 5 = specc: Specific Conductance [uS/cm]
# name 6 = ph: pH
# name 7 = orp: Oxidation Reduction Potential [mV]
# name 8 = flECO-AFL: Fluorescence, WET Labs ECO-AFL/FL [mg/m^3]
# name 9 = turbWETntu0: Turbidity, WET Labs ECO [NTU]
# name 10 = sal00: Salinity, Practical [PSU]
# name 11 = dz/dtM: Descent Rate [m/s]
# name 12 = prdM: Pressure, Strain Gauge [db]
# name 13 = prdE: Pressure, Strain Gauge [psi]
# name 14 = scan: Scan Count
# name 15 = par/sat/log: PAR/Logarithmic, Satlantic
# name 16 = flag:  0.000e+00
# span 0 =     -0.545,      9.561       
# span 1 =    12.8950,    18.6968       
# span 2 =    -0.7063,     9.9736       
# span 3 =     -6.871,    101.839       
# span 4 =   0.016718, 165.725727       
# span 5 =      0.232,    218.605       
# span 6 =      5.866,      7.645       
# span 7 =   -58.0471,  1240.2295       
# span 8 =    -0.5095,     3.5342       
# span 9 =    -0.2512,    16.0101       
# span 10 =     0.0088,     0.1034      
# span 11 =     -0.170,      0.268      
# span 12 =     -0.534,      9.375      
# span 13 =     -0.775,     13.596      
# span 14 =          1,        728      
# span 15 = 1.2550e-01, 1.4148e+03      
# span 16 = 0.0000e+00, 0.0000e+00      
# interval = seconds: 0.25
# start_time = Oct 19 2018 19:18:46 [Instrument's time stamp, header]
# bad_flag = -9.990e-29
*END*
[from data line 681]
      8.831    13.1315     0.1336      1.269 155.199925    203.357      6.631   -27.9127     2.5799     1.9510     0.0964      0.068      8.660     12.561        682 1.2575e-01 0.0000e+00
      8.855    13.1071     0.1339      1.272 154.463505    202.369      6.640   -27.6856     2.6648     2.1390     0.0959      0.073      8.684     12.595        683 1.2567e-01 0.0000e+00
      8.880    13.0826     0.1413      1.342 153.491847    201.353      6.652   -27.6856     2.6567     2.1659     0.0954      0.080      8.709     12.632        684 1.2574e-01 0.0000e+00
      8.908    13.0620     0.1312      1.246 151.725580    198.976      6.659   -27.5342     2.6527     2.1256     0.0943      0.086      8.734     12.668        685 1.2569e-01 0.0000e+00
      8.932    13.0473     0.1380      1.311 150.785045    197.959      6.673   -28.0642     2.6607     2.1390     0.0938      0.091      8.758     12.703        686 1.2560e-01 0.0000e+00
      8.955    13.0379     0.1401      1.331 150.933684    198.252      6.682   -27.5720     2.7335     2.2196     0.0939      0.095      8.780     12.734        687 1.2570e-01 0.0000e+00
      8.971    13.0323     0.1380      1.310 151.480981    199.030      6.694   -28.7456     2.7012     2.1524     0.0943      0.094      8.797     12.759        688 1.2562e-01 0.0000e+00
      8.984    13.0299     0.1361      1.292 151.983177    199.818      6.700   -29.2756     2.7457     2.1659     0.0946      0.090      8.812     12.780        689 1.2554e-01 0.0000e+00
      9.001    13.0269     0.1361      1.292 152.247617    200.070      6.712   -31.6228     2.7052     2.2733     0.0948      0.085      8.828     12.804        690 1.2560e-01 0.0000e+00
      9.019    13.0262     0.1308      1.241 153.090851    201.301      6.718   -32.3042     2.7982     2.3002     0.0953      0.079      8.846     12.830        691 1.2551e-01 0.0000e+00
      9.040    13.0240     0.1331      1.263 153.558893    201.908      6.728   -35.4463     2.7699     2.2196     0.0956      0.075      8.866     12.859        692 1.2553e-01 0.0000e+00
      9.063    13.0123     0.1360      1.291 153.812993    202.172      6.734   -36.8471     2.7740     2.3136     0.0957      0.072      8.887     12.889        693 1.2561e-01 0.0000e+00
      9.084    13.0031     0.1301      1.234 154.922571    203.733      6.740   -39.1563     2.7821     2.2599     0.0965      0.072      8.907     12.919        694 1.2573e-01 0.0000e+00
      9.102    13.0037     0.1319      1.252 155.608876    204.686      6.749   -39.4592     2.8225     2.2733     0.0969      0.073      8.926     12.946        695 1.2567e-01 0.0000e+00
      9.122    13.0045     0.1325      1.257 155.345609    204.366      6.755   -41.3142     2.8346     2.2733     0.0968      0.076      8.945     12.974        696 1.2559e-01 0.0000e+00
      9.141    12.9998     0.1280      1.214 155.101041    204.028      6.763   -42.1849     2.8589     2.2599     0.0966      0.078      8.964     13.001        697 1.2568e-01 0.0000e+00
      9.159    12.9889     0.1312      1.244 155.853579    204.986      6.765   -42.6771     2.8427     2.2599     0.0971      0.078      8.983     13.029        698 1.2561e-01 0.0000e+00
      9.181    12.9754     0.1327      1.258 156.855587    206.454      6.773   -42.8664     2.8548     2.4613     0.0977      0.078      9.003     13.058        699 1.2558e-01 0.0000e+00
      9.201    12.9678     0.1294      1.227 156.927139    206.476      6.778   -44.2292     2.8751     2.4747     0.0978      0.078      9.023     13.087        700 1.2569e-01 0.0000e+00
      9.220    12.9685     0.1277      1.211 156.689466    206.328      6.785   -43.5099     2.8387     2.5150     0.0977      0.077      9.042     13.114        701 1.2566e-01 0.0000e+00
      9.238    12.9678     0.1314      1.245 156.584499    206.149      6.791   -45.3271     2.8508     2.5016     0.0976      0.076      9.061     13.141        702 1.2557e-01 0.0000e+00
      9.260    12.9616     0.1297      1.229 157.147300    206.920      6.797   -46.0464     2.9883     2.7433     0.0980      0.077      9.082     13.172        703 1.2568e-01 0.0000e+00
      9.285    12.9580     0.1278      1.211 157.779299    207.813      6.801   -47.4849     3.0206     2.7030     0.0984      0.079      9.104     13.205        704 1.2563e-01 0.0000e+00
      9.306    12.9603     0.1269      1.202 157.976117    207.996      6.807   -47.4471     2.9883     2.7701     0.0985      0.080      9.125     13.235        705 1.2560e-01 0.0000e+00
      9.325    12.9573     0.1247      1.181 158.364437    208.646      6.812   -49.3399     2.9964     2.7836     0.0988      0.081      9.144     13.263        706 1.2560e-01 0.0000e+00
      9.343    12.9454     0.1274      1.207 159.086382    209.447      6.817   -48.3935     3.0328     2.7433     0.0991      0.081      9.162     13.289        707 1.2559e-01 0.0000e+00
      9.361    12.9384     0.1271      1.205 160.300377    211.202      6.824   -48.4692     3.0611     2.7298     0.1000      0.080      9.181     13.315        708 1.2561e-01 0.0000e+00
      9.381    12.9332     0.1314      1.245 160.822469    211.903      6.828   -48.3935     3.0611     2.6761     0.1003      0.080      9.201     13.345        709 1.2553e-01 0.0000e+00
      9.405    12.9224     0.1229      1.164 161.390992    212.607      6.834   -48.7721     3.0489     2.6761     0.1006      0.080      9.224     13.379        710 1.2564e-01 0.0000e+00
      9.432    12.9120     0.1283      1.216 162.636905    214.451      6.839   -48.3935     3.0489     2.6761     0.1015      0.081      9.250     13.417        711 1.2572e-01 0.0000e+00
      9.461    12.9035     0.1252      1.187 163.092019    214.960      6.848   -48.8099     3.0611     4.0458     0.1017      0.084      9.279     13.459        712 1.2565e-01 0.0000e+00
      9.495    12.8985     0.1199      1.136 164.047916    216.315      6.852   -47.6742     3.0611     4.0055     0.1024      0.091      9.306     13.498        713 1.2571e-01 0.0000e+00
      9.512    12.8963     0.1250      1.184 165.058799    217.812      6.862   -48.0528     3.0692     3.8981     0.1031      0.095      9.325     13.525        714 1.2570e-01 0.0000e+00
      9.521    12.8951     0.1206      1.143 164.729204    217.246      6.866   -46.7657     3.0489     3.9384     0.1028      0.095      9.336     13.540        715 1.2555e-01 0.0000e+00
      9.527    12.8950     0.1195      1.132 164.368547    216.888      6.872   -46.9928     3.1217     2.4210     0.1026      0.089      9.343     13.550        716 1.2560e-01 0.0000e+00
      9.532    12.8961 -9.990e-29 -9.990e-29 164.731584    217.266      6.875   -47.5985     3.1541     2.4613     0.1028      0.078      9.348     13.558        717 1.2555e-01 0.0000e+00
      9.536    12.9006 -9.990e-29 -9.990e-29 165.232560    218.083      6.878   -48.5449     3.1217     2.4881     0.1032      0.064      9.352     13.563        718 1.2563e-01 0.0000e+00
      9.539    12.9052 -9.990e-29 -9.990e-29 164.849479    217.446      6.885   -48.0528     3.0772     2.5150     0.1029      0.048      9.354     13.567        719 1.2575e-01 0.0000e+00
      9.540    12.9069 -9.990e-29 -9.990e-29 164.372563    216.826      6.890   -49.4535     3.0166     2.5016     0.1026      0.033      9.356     13.570        720 1.2563e-01 0.0000e+00
      9.543    12.9075 -9.990e-29 -9.990e-29 164.333654    216.762      6.894   -50.5892     2.9640     2.5150     0.1026      0.021      9.358     13.573        721 1.2568e-01 0.0000e+00
      9.545    12.9076 -9.990e-29 -9.990e-29 164.539716    216.976      6.896   -53.4664     2.9640     2.5150     0.1027      0.015      9.361     13.576        722 1.2582e-01 0.0000e+00
      9.548    12.9089 -9.990e-29 -9.990e-29 165.339898    218.084      6.901   -54.4128     2.9964     2.4479     0.1032      0.012      9.364     13.581        723 1.2581e-01 0.0000e+00
      9.552    12.9084 -9.990e-29 -9.990e-29 165.725727    218.605      6.904   -55.0185     2.9559     2.4210     0.1034      0.011      9.367     13.586        724 1.2574e-01 0.0000e+00
      9.555    12.9089 -9.990e-29 -9.990e-29 165.313207    218.002      6.908   -55.5485     2.9802     2.5956     0.1032      0.011      9.369     13.590        725 1.2565e-01 0.0000e+00
      9.556    12.9108 -9.990e-29 -9.990e-29 164.450380    216.929      6.910   -56.2678     2.9721     2.4479     0.1027      0.010      9.371     13.592        726 1.2556e-01 0.0000e+00
      9.558 -9.990e-29 -9.990e-29 -9.990e-29 164.351919    216.632      6.912   -55.7378     2.9721     2.4479     0.1025      0.010      9.374     13.595        727 1.2559e-01 0.0000e+00
      9.561 -9.990e-29 -9.990e-29 -9.990e-29 164.838771    217.545      6.914   -58.0471     2.9721     2.6493     0.1029      0.010      9.375     13.596        728 1.2561e-01 0.0000e+00
