Data/DataNotYetUploadedToEDI/Raw_CTD/RawDownloads/101918_fcr50.cnv
* Sea-Bird SBE19plus  Data File:
* FileName = C:\DATA\101518_fcr_0007.hex
* Software version 2.6.3.104
* Temperature SN = 7809
* Conductivity SN = 7809
* System UpLoad Time = Oct 29 2018 16:38:43
* <ApplicationData>
* <Seaterm232>
# nquan = 17
# nvalues = 728                         
# units = specified
# name 0 = depFM: Depth [fresh water, m]
# name 1 = tv290C: Temperature [ITS-90, deg C]
# name 2 = sbeox0Mg/L: Oxygen, SBE 43 [mg/l]
# name 3 = sbeox0PS: Oxygen, SBE 43 [% saturation]
# name 4 = c0uS/cm: Conductivity [uS/cm]
# name 5 = specc: Specific Conductance [uS/cm]
# name 6 = ph: pH
# name 7 = orp: Oxidation Reduction Potential [mV]
# name 8 = flECO-AFL: Fluorescence, WET Labs ECO-AFL/FL [mg/m^3]
# name 9 = turbWETntu0: Turbidity, WET Labs ECO [NTU]
# name 10 = sal00: Salinity, Practical [PSU]
# name 11 = dz/dtM: Descent Rate [m/s]
# name 12 = prdM: Pressure, Strain Gauge [db]
# name 13 = prdE: Pressure, Strain Gauge [psi]
# name 14 = scan: Scan Count
# name 15 = par/sat/log: PAR/Logarithmic, Satlantic
# name 16 = flag:  0.000e+00
# span 0 =     -0.545,      9.561       
# span 1 =    12.8950,    18.6968       
# span 2 =    -0.7063,     9.9736       
# span 3 =     -6.871,    101.839       
# span 4 =   0.016718, 165.725727       
# span 5 =      0.232,    218.605       
# span 6 =      5.866,      7.645       
# span 7 =   -58.0471,  1240.2295       
# span 8 =    -0.5095,     3.5342       
# span 9 =    -0.2512,    16.0101       
# span 10 =     0.0088,     0.1034      
# span 11 =     -0.170,      0.268      
# span 12 =     -0.534,      9.375      
# span 13 =     -0.775,     13.596      
# span 14 =          1,        728      
# span 15 = 1.2550e-01, 1.4148e+03      
# span 16 = 0.0000e+00, 0.0000e+00      
# interval = seconds: 0.25
# start_time = Oct 19 2018 19:18:46 [Instrument's time stamp, header]
# bad_flag = -9.990e-29
*END*
[from data line 341]
      1.001    15.8790     5.8890     59.491  31.261512     38.217      6.670   252.4959     1.9491     4.4352     0.0222      0.118      0.979      1.421        342 2.8695e+01 0.0000e+00
      1.025    15.8769     5.9049     59.649  31.244100     38.220      6.674   251.7388     1.9693     4.4486     0.0222      0.116      1.005      1.457        343 2.9982e+01 0.0000e+00
      1.049    15.8760     5.9135     59.735  31.203804     38.154      6.670   251.8145     1.9410     4.4889     0.0221      0.113      1.028      1.490        344 3.0488e+01 0.0000e+00
      1.070    15.8762     5.9160     59.759  31.252356     38.224      6.673   251.7388     1.6984     4.3815     0.0222      0.109      1.049      1.521        345 3.1121e+01 0.0000e+00
      1.092    15.8757     5.9140     59.738  31.302287     38.294      6.675   251.9659     1.7145     4.4486     0.0222      0.105      1.071      1.553        346 3.3425e+01 0.0000e+00
      1.115    15.8730     5.9045     59.641  31.200971     38.157      6.672   251.8145     1.7267     4.4218     0.0221      0.100      1.094      1.586        347 3.4676e+01 0.0000e+00
      1.139    15.8694     5.8989     59.584  31.200529     38.157      6.674   252.0038     1.7064     4.4083     0.0221      0.096      1.117      1.621        348 3.6170e+01 0.0000e+00
      1.164    15.8664     5.8931     59.524  31.243533     38.228      6.672   252.6095     1.6337     4.4083     0.0222      0.092      1.142      1.656        349 3.8255e+01 0.0000e+00
      1.190    15.8644     5.8812     59.403  31.206760     38.163      6.671   253.0638     1.6337     4.4486     0.0221      0.091      1.168      1.693        350 3.6899e+01 0.0000e+00
      1.218    15.8621     5.8756     59.345  31.186990     38.166      6.669   253.4045     1.6418     4.3949     0.0221      0.093      1.194      1.731        351 3.6501e+01 0.0000e+00
      1.244    15.8590     5.8564     59.151  31.208834     38.168      6.666   253.4424     1.6256     4.5023     0.0221      0.096      1.219      1.769        352 3.6819e+01 0.0000e+00
      1.268    15.8566     5.8484     59.071  31.238882     38.238      6.664   253.3288     1.5649     4.5023     0.0222      0.098      1.245      1.805        353 3.5539e+01 0.0000e+00
      1.296    15.8555     5.8436     59.025  31.208901     38.173      6.661   253.2909     1.5407     4.4218     0.0221      0.101      1.270      1.842        354 3.5651e+01 0.0000e+00
      1.321    15.8548     5.8387     58.976  31.246145     38.243      6.660   253.3666     1.5649     4.3815     0.0222      0.102      1.294      1.877        355 3.6266e+01 0.0000e+00
      1.342    15.8539     5.8338     58.925  31.251838     38.244      6.660   253.7074     1.5771     4.4083     0.0222      0.101      1.318      1.911        356 3.6106e+01 0.0000e+00
      1.368    15.8532     5.8320     58.904  31.201818     38.177      6.655   253.8588     1.5932     4.3278     0.0221      0.100      1.343      1.948        357 3.5792e+01 0.0000e+00
      1.399    15.8524     5.8253     58.835  31.249092     38.246      6.652   254.2752     1.6013     4.4755     0.0222      0.100      1.373      1.991        358 3.5843e+01 0.0000e+00
      1.433    15.8516     5.8223     58.802  31.252311     38.246      6.648   253.7831     1.6256     4.3681     0.0222      0.103      1.404      2.037        359 3.5465e+01 0.0000e+00
      1.465    15.8510     5.8154     58.731  31.257115     38.247      6.650   252.7231     1.5973     4.3815     0.0222      0.107      1.434      2.080        360 3.5341e+01 0.0000e+00
      1.489    15.8503     5.8097     58.672  31.243114     38.248      6.650   252.9502     1.4921     4.3546     0.0222      0.109      1.459      2.115        361 3.5063e+01 0.0000e+00
      1.509    15.8500     5.8005     58.578  31.210433     38.180      6.651   253.5181     1.5002     4.3546     0.0221      0.109      1.479      2.144        362 3.4240e+01 0.0000e+00
      1.525    15.8508     5.7906     58.477  31.238484     38.249      6.656   253.1774     1.4840     4.3546     0.0222      0.106      1.496      2.169        363 3.4170e+01 0.0000e+00
      1.541    15.8527     5.7815     58.383  31.208207     38.181      6.656   253.6316     1.5124     4.4755     0.0221      0.101      1.513      2.193        364 3.4288e+01 0.0000e+00
      1.560    15.8534     5.7712     58.276  31.248112     38.249      6.659   253.7831     1.5204     4.3546     0.0222      0.093      1.533      2.223        365 3.3649e+01 0.0000e+00
      1.588    15.8516     5.7639     58.199  31.307431     38.315      6.663   253.2531     1.4800     4.1532     0.0222      0.087      1.559      2.261        366 3.3224e+01 0.0000e+00
      1.620    15.8496     5.7614     58.169  31.252992     38.246      6.666   253.1395     1.4719     4.2606     0.0222      0.084      1.588      2.304        367 3.2820e+01 0.0000e+00
      1.651    15.8479     5.7556     58.105  31.256555     38.248      6.663   253.5181     1.5043     4.1935     0.0222      0.087      1.619      2.349        368 3.1884e+01 0.0000e+00
      1.684    15.8465     5.7551     58.096  31.243695     38.250      6.662   253.9345     1.5083     4.1935     0.0222      0.094      1.651      2.394        369 3.1340e+01 0.0000e+00
      1.715    15.8453     5.7563     58.105  31.209692     38.183      6.658   254.0859     1.4234     4.1532     0.0221      0.103      1.681      2.439        370 3.1198e+01 0.0000e+00
      1.746    15.8444     5.7535     58.072  31.239568     38.253      6.657   254.2374     1.4274     4.2203     0.0222      0.112      1.711      2.483        371 3.0504e+01 0.0000e+00
      1.775    15.8437     5.7470     58.005  31.265822     38.254      6.655   254.3509     1.4072     4.2741     0.0222      0.118      1.739      2.523        372 2.9713e+01 0.0000e+00
      1.800    15.8426     5.7340     57.871  31.295631     38.323      6.654   254.9566     1.4234     4.0995     0.0222      0.120      1.766      2.563        373 2.9404e+01 0.0000e+00
      1.830    15.8412     5.7268     57.797  31.261776     38.255      6.652   254.9188     1.3506     4.2338     0.0222      0.119      1.796      2.605        374 2.8153e+01 0.0000e+00
      1.864    15.8387     5.7152     57.678  31.248647     38.256      6.647   255.5245     1.3870     4.1398     0.0222      0.118      1.828      2.652        375 2.6710e+01 0.0000e+00
      1.898    15.8354     5.7066     57.589  31.311970     38.326      6.650   255.3352     1.3506     4.1398     0.0222      0.119      1.860      2.698        376 2.5730e+01 0.0000e+00
      1.928    15.8315     5.6985     57.505  31.360887     38.397      6.646   255.4866     1.3587     4.2069     0.0222      0.119      1.889      2.741        377 2.4808e+01 0.0000e+00
      1.955    15.8275     5.6891     57.409  31.365687     38.400      6.641   255.9409     1.3789     4.5426     0.0222      0.119      1.914      2.776        378 2.4352e+01 0.0000e+00
      1.971    15.8245     5.6803     57.319  31.365304     38.404      6.644   255.6002     1.3991     4.3815     0.0222      0.115      1.934      2.804        379 2.4141e+01 0.0000e+00
      1.990    15.8211     5.6721     57.236  31.361366     38.407      6.650   255.5624     1.3830     4.3143     0.0222      0.110      1.953      2.831        380 2.3959e+01 0.0000e+00
      2.011    15.8180     5.6600     57.112  31.370589     38.410      6.645   255.8652     1.3506     4.3949     0.0222      0.104      1.973      2.862        381 2.3655e+01 0.0000e+00
      2.036    15.8162     5.6334     56.841  31.353826     38.413      6.647   255.9788     1.3668     4.2338     0.0222      0.097      1.998      2.897        382 2.3303e+01 0.0000e+00
      2.065    15.8148     5.6361     56.866  31.382228     38.416      6.644   256.0166     1.3506     4.3009     0.0222      0.093      2.027      2.940        383 2.2657e+01 0.0000e+00
      2.101    15.8135     5.6065     56.565  31.424203     38.521      6.643   256.6224     1.3668     4.1129     0.0223      0.093      2.061      2.989        384 2.1705e+01 0.0000e+00
      2.139    15.8119     5.5803     56.298  31.390548     38.419      6.641   256.8116     1.3668     4.2203     0.0222      0.099      2.096      3.040        385 2.1034e+01 0.0000e+00
      2.171    15.8102     5.5523     56.012  31.483417     38.592      6.637   256.6981     1.3830     4.2338     0.0223      0.108      2.127      3.085        386 2.0724e+01 0.0000e+00
      2.196    15.8087     5.5313     55.796  31.516197     38.593      6.639   256.6981     1.3223     4.4621     0.0223      0.115      2.153      3.122        387 2.0395e+01 0.0000e+00
      2.218    15.8074     5.5046     55.524  31.557323     38.663      6.638   256.7738     1.3223     4.4218     0.0223      0.119      2.174      3.153        388 1.9996e+01 0.0000e+00
      2.237    15.8069     5.4789     55.263  31.610155     38.733      6.638   256.7359     1.2859     4.3949     0.0224      0.117      2.194      3.181        389 1.9719e+01 0.0000e+00
      2.256    15.8059     5.4551     55.019  31.569061     38.666      6.639   256.6602     1.2859     4.4083     0.0223      0.110      2.214      3.210        390 1.9306e+01 0.0000e+00
      2.280    15.8046     5.4247     54.708  31.578811     38.701      6.639   255.7895     1.3061     4.3815     0.0223      0.103      2.237      3.244        391 1.8574e+01 0.0000e+00
      2.308    15.8027     5.4019     54.473  31.568369     38.667      6.637   255.9788     1.3223     4.5023     0.0223      0.096      2.262      3.282        392 1.8016e+01 0.0000e+00
      2.334    15.8002     5.3657     54.099  31.671015     38.806      6.630   256.1302     1.3263     4.3278     0.0224      0.091      2.287      3.317        393 1.7652e+01 0.0000e+00
      2.355    15.7986     5.3304     53.737  31.777252     38.944      6.632   255.9788     1.3102     4.4083     0.0224      0.089      2.309      3.350        394 1.7157e+01 0.0000e+00
      2.378    15.7963     5.2945     53.371  31.732689     38.878      6.630   256.6981     1.3021     4.4083     0.0224      0.090      2.331      3.381        395 1.6723e+01 0.0000e+00
      2.398    15.7930     5.2405     52.823  31.785780     38.948      6.632   256.8874     1.3223     4.4621     0.0224      0.091      2.352      3.411        396 1.6313e+01 0.0000e+00
      2.420    15.7899     5.1741     52.150  31.918754     39.122      6.631   256.4709     1.3061     4.4755     0.0225      0.092      2.373      3.441        397 1.5991e+01 0.0000e+00
      2.440    15.7876     5.1059     51.459  31.923043     39.125      6.629   256.5088     1.3142     4.3681     0.0225      0.090      2.393      3.471        398 1.5699e+01 0.0000e+00
      2.461    15.7851     5.0501     50.887  31.928710     39.128      6.627   256.0166     1.2333     4.3815     0.0225      0.087      2.415      3.503        399 1.5221e+01 0.0000e+00
      2.487    15.7820     5.0019     50.393  32.030317     39.267      6.625   255.9788     1.2333     4.4889     0.0226      0.086      2.440      3.539        400 1.4602e+01 0.0000e+00
      2.517    15.7789     4.9682     50.046  32.033823     39.269      6.624   255.7895     1.2374     4.3949     0.0226      0.087      2.469      3.582        401 1.3989e+01 0.0000e+00
      2.549    15.7740     4.9451     49.807  32.102268     39.341      6.616   255.7138     1.2536     4.3546     0.0226      0.092      2.501      3.628        402 1.3373e+01 0.0000e+00
      2.587    15.7673     4.9294     49.641  32.330636     39.652      6.613   256.2059     1.2333     4.6098     0.0227      0.100      2.536      3.677        403 1.2806e+01 0.0000e+00
      2.620    15.7616     4.9205     49.546  32.520622     39.863      6.605   256.1681     1.2333     4.6098     0.0228      0.109      2.567      3.722        404 1.2397e+01 0.0000e+00
      2.644    15.7578     4.8996     49.331  32.607183     40.006      6.602   256.7359     1.2455     4.6769     0.0229      0.114      2.592      3.759        405 1.2011e+01 0.0000e+00
      2.665    15.7547     4.8714     49.037  32.519456     39.875      6.600   256.7738     1.2738     4.7440     0.0228      0.117      2.613      3.789        406 1.1709e+01 0.0000e+00
      2.684    15.7519     4.8326     48.637  32.451876     39.810      6.598   256.8495     1.1970     4.5963     0.0228      0.114      2.633      3.819        407 1.1429e+01 0.0000e+00
      2.706    15.7473     4.7967     48.270  32.454053     39.813      6.596   256.9252     1.1889     4.6500     0.0228      0.109      2.655      3.851        408 1.1054e+01 0.0000e+00
      2.733    15.7394     4.7648     47.939  32.457440     39.816      6.594   258.0988     1.1606     4.6366     0.0228      0.103      2.680      3.887        409 1.0624e+01 0.0000e+00
      2.761    15.7309     4.7551     47.831  32.566281     39.957      6.588   257.8338     1.1848     4.6232     0.0229      0.098      2.708      3.927        410 1.0292e+01 0.0000e+00
      2.789    15.7243     4.7711     47.984  32.674455     40.102      6.587   257.4931     1.2131     4.6366     0.0229      0.095      2.735      3.966        411 9.9428e+00 0.0000e+00
      2.815    15.7176     4.8089     48.356  32.797291     40.248      6.581   257.5309     1.1606     4.8515     0.0230      0.095      2.760      4.003        412 9.6049e+00 0.0000e+00
      2.841    15.7106     4.8762     49.023  33.036163     40.563      6.580   256.9631     1.1565     4.8917     0.0231      0.098      2.785      4.038        413 9.3602e+00 0.0000e+00
      2.863    15.7053     4.9580     49.840  33.029589     40.570      6.576   257.2281     1.1686     4.9052     0.0231      0.100      2.806      4.070        414 9.1441e+00 0.0000e+00
      2.881    15.7008     5.0753     51.016  32.894437     40.371      6.574   258.4017     1.1686     4.7843     0.0230      0.100      2.825      4.098        415 8.9187e+00 0.0000e+00
      2.900    15.6917     5.2174     52.440  32.907812     40.445      6.573   258.4395     1.1444     4.8246     0.0230      0.097      2.845      4.125        416 8.5847e+00 0.0000e+00
      2.920    15.6827     5.3726     53.998  32.686748     40.140      6.570   258.2881     1.1525     4.8112     0.0229      0.091      2.865      4.154        417 8.3548e+00 0.0000e+00
      2.943    15.6772     5.5276     55.554  32.576461     40.012      6.570   258.5531     1.1767     4.8112     0.0229      0.087      2.888      4.188        418 8.0722e+00 0.0000e+00
      2.972    15.6678     5.6727     57.006  32.600248     40.090      6.566   258.1367     1.1606     4.7575     0.0229      0.086      2.914      4.226        419 7.7274e+00 0.0000e+00
      3.000    15.6579     5.8008     58.284  32.271647     39.648      6.560   258.0988     1.1606     4.9857     0.0227      0.087      2.941      4.265        420 7.4476e+00 0.0000e+00
      3.025    15.6506     5.8980     59.253  32.125440     39.486      6.552   259.4995     1.1565     4.9992     0.0226      0.090      2.966      4.302        421 7.2011e+00 0.0000e+00
      3.050    15.6419     5.9946     60.219  31.951899     39.324      6.550   259.5374     1.1484     5.1066     0.0225      0.093      2.991      4.338        422 7.0124e+00 0.0000e+00
      3.075    15.6328     6.0628     60.901  31.390454     38.575      6.549   259.6131     1.1848     5.0260     0.0222      0.097      3.016      4.374        423 6.7350e+00 0.0000e+00
      3.101    15.6270     6.1302     61.576  31.252550     38.445      6.546   259.8024     1.1929     5.3617     0.0222      0.100      3.041      4.410        424 6.5178e+00 0.0000e+00
      3.127    15.6240     6.1839     62.114  31.352550     38.592      6.546   259.4238     1.1484     5.4960     0.0222      0.102      3.066      4.447        425 6.3063e+00 0.0000e+00
