Data/DataNotYetUploadedToEDI/Raw_CTD/RawDownloads/101918_bvr50.cnv
* Sea-Bird SBE19plus  Data File:
* FileName = C:\DATA\101518_fcr_0006.hex
* Software version 2.6.3.104
* Temperature SN = 7809
* Conductivity SN = 7809
* System UpLoad Time = Oct 29 2018 16:38:18
* <ApplicationData>
* <Seaterm232>
# nquan = 17
# nvalues = 822                         
# units = specified
# name 0 = depFM: Depth [fresh water, m]
# name 1 = tv290C: Temperature [ITS-90, deg C]
# name 2 = sbeox0Mg/L: Oxygen, SBE 43 [mg/l]
# name 3 = sbeox0PS: Oxygen, SBE 43 [% saturation]
# name 4 = c0uS/cm: Conductivity [uS/cm]
# name 5 = specc: Specific Conductance [uS/cm]
# name 6 = ph: pH
# name 7 = orp: Oxidation Reduction Potential [mV]
# name 8 = flECO-AFL: Fluorescence, WET Labs ECO-AFL/FL [mg/m^3]
# name 9 = turbWETntu0: Turbidity, WET Labs ECO [NTU]
# name 10 = sal00: Salinity, Practical [PSU]
# name 11 = dz/dtM: Descent Rate [m/s]
# name 12 = prdM: Pressure, Strain Gauge [db]
# name 13 = prdE: Pressure, Strain Gauge [psi]
# name 14 = scan: Scan Count
# name 15 = par/sat/log: PAR/Logarithmic, Satlantic
# name 16 = flag:  0.000e+00
# span 0 =     -0.601,     10.063       
# span 1 =     8.5791,    21.5407       
# span 2 =    -0.4921,    10.0807       
# span 3 =     -4.721,    103.665       
# span 4 =  -0.038784, 144.498349       
# span 5 =      0.098,    215.035       
# span 6 =     -1.116,      7.817       
# span 7 = -1240.7455,  1240.2295       
# span 8 =    -0.2466,     8.3380       
# span 9 =    -0.2512,    24.8725       
# span 10 =     0.0106,     0.0997      
# span 11 =     -0.136,      0.227      
# span 12 =     -0.589,      9.868      
# span 13 =     -0.854,     14.312      
# span 14 =          1,        822      
# span 15 = -9.966e+01, 1.9772e+03      
# span 16 = 0.0000e+00, 0.0000e+00      
# interval = seconds: 0.25
# start_time = Oct 19 2018 17:43:16 [Instrument's time stamp, header]
# bad_flag = -9.990e-29
*END*
[from data line 766]
      9.346     8.7998     0.1252      1.077 110.806884    163.828      6.925   -10.2334     1.7752     1.4005     0.0759      0.034      9.165     13.293        767 1.2572e-01 0.0000e+00
      9.357     8.7964     0.1305      1.122 110.986330    164.215      6.928   -10.8391     1.7873     1.5885     0.0761      0.036      9.176     13.309        768 1.2557e-01 0.0000e+00
      9.368     8.7939     0.1341      1.152 111.064919    164.231      6.932   -10.9527     1.7671     1.5348     0.0761      0.038      9.187     13.325        769 1.2564e-01 0.0000e+00
      9.380     8.7923     0.1278      1.098 111.185406    164.535      6.931   -11.2934     1.7833     1.5213     0.0762      0.040      9.199     13.342        770 1.2566e-01 0.0000e+00
      9.394     8.7868     0.1257      1.080 111.282943    164.593      6.939   -12.0884     1.8884     1.5348     0.0762      0.042      9.212     13.361        771 1.2554e-01 0.0000e+00
      9.406     8.7781     0.1252      1.076 111.449636    164.928      6.940   -12.7320     1.8965     1.5348     0.0764      0.044      9.226     13.380        772 1.2572e-01 0.0000e+00
      9.423     8.7606     0.1241      1.066 111.632917    165.166      6.942   -13.5648     1.8803     1.4139     0.0765      0.047      9.241     13.403        773 1.2559e-01 0.0000e+00
      9.441     8.7417     0.1258      1.081 112.096844    165.912      6.948   -13.9434     1.8763     1.4810     0.0768      0.051      9.259     13.429        774 1.2554e-01 0.0000e+00
      9.460     8.7357     0.1157      0.994 112.420413    166.539      6.949   -14.3598     1.8925     1.4542     0.0771      0.055      9.277     13.455        775 1.2563e-01 0.0000e+00
      9.477     8.7339     0.1148      0.987 112.242498    166.261      6.951   -15.0791     1.9572     1.7093     0.0770      0.059      9.294     13.479        776 1.2559e-01 0.0000e+00
      9.494     8.7286     0.1184      1.018 112.348051    166.538      6.953   -16.1391     1.9693     1.7093     0.0771      0.063      9.309     13.502        777 1.2558e-01 0.0000e+00
      9.508     8.7228     0.1272      1.093 112.527245    166.754      6.957   -16.6691     1.9652     1.7899     0.0772      0.065      9.324     13.524        778 1.2565e-01 0.0000e+00
      9.523     8.7187     0.1195      1.026 112.555398    166.864      6.961   -17.8427     1.9248     1.7362     0.0773      0.065      9.339     13.545        779 1.2564e-01 0.0000e+00
      9.538     8.7150     0.1226      1.053 112.580971    166.893      6.963   -18.8270     1.7590     1.7630     0.0773      0.065      9.353     13.565        780 1.2565e-01 0.0000e+00
      9.552     8.7110     0.1223      1.050 112.703835    167.121      6.967   -19.1299     1.7671     1.7093     0.0774      0.063      9.366     13.585        781 1.2581e-01 0.0000e+00
      9.563     8.7089     0.1213      1.041 112.849090    167.348      6.969   -19.0920     1.7590     1.6556     0.0775      0.060      9.377     13.600        782 1.2569e-01 0.0000e+00
      9.571     8.7083     0.1255      1.077 112.876569    167.409      6.971   -19.0920     1.7631     1.6690     0.0775      0.055      9.385     13.612        783 1.2562e-01 0.0000e+00
      9.577     8.7094     0.1205      1.035 112.848277    167.379      6.976   -19.4706     1.6862     1.6690     0.0775      0.051      9.392     13.622        784 1.2572e-01 0.0000e+00
      9.585     8.7120     0.1200      1.030 112.824758    167.338      6.978   -19.3949     1.6862     1.7765     0.0775      0.045      9.400     13.633        785 1.2563e-01 0.0000e+00
      9.594     8.7113     0.1197      1.028 112.905842    167.461      6.977   -19.5463     1.6943     1.6690     0.0775      0.041      9.409     13.647        786 1.2555e-01 0.0000e+00
      9.605     8.7072     0.1240      1.064 112.926004    167.485      6.981   -19.7734     1.7024     1.7765     0.0775      0.038      9.423     13.666        787 1.2559e-01 0.0000e+00
      9.625     8.6983     0.1235      1.060 113.067619    167.658      6.981   -21.5527     1.7590     1.4676     0.0776      0.038      9.443     13.695        788 1.2574e-01 0.0000e+00
      9.658     8.6856     0.1160      0.996 113.473936    168.342      6.986   -23.9377     1.7671     1.4945     0.0779      0.045      9.473     13.739        789 1.2579e-01 0.0000e+00
      9.697     8.6749     0.1175      1.008 113.611291    168.555      6.985   -24.0134     1.7752     1.4945     0.0780      0.059      9.504     13.785        790 1.2556e-01 0.0000e+00
      9.720     8.6692     0.1161      0.996 113.611262    168.618      6.989   -24.2784     1.7671     1.5079     0.0781      0.074      9.529     13.820        791 1.2560e-01 0.0000e+00
      9.734     8.6684     0.1153      0.989 113.593088    168.673      6.992   -25.1492     1.7307     1.4005     0.0781      0.084      9.546     13.845        792 1.2557e-01 0.0000e+00
      9.749     8.6681     0.1144      0.981 113.514829    168.533      6.993   -25.0734     1.7469     1.4676     0.0780      0.090      9.561     13.867        793 1.2548e-01 0.0000e+00
      9.765     8.6661     0.1200      1.029 113.589567    168.705      6.998   -25.4142     1.7671     1.5348     0.0781      0.091      9.576     13.889        794 1.2563e-01 0.0000e+00
      9.779     8.6642     0.1114      0.956 113.619178    168.705      6.998   -26.4363     1.7873     1.4945     0.0781      0.087      9.591     13.910        795 1.2565e-01 0.0000e+00
      9.795     8.6607     0.1158      0.993 113.656623    168.800      7.002   -26.8527     1.6984     1.2796     0.0781      0.079      9.606     13.932        796 1.2563e-01 0.0000e+00
      9.812     8.6572     0.1187      1.018 113.721611    168.891      7.004   -27.7613     1.6943     1.3468     0.0782      0.069      9.623     13.957        797 1.2557e-01 0.0000e+00
      9.832     8.6546     0.1173      1.006 113.776498    168.993      7.006   -27.8370     1.6781     1.3333     0.0782      0.063      9.642     13.985        798 1.2566e-01 0.0000e+00
      9.853     8.6490     0.1177      1.009 113.975388    169.303      7.010   -29.1620     1.7064     1.3468     0.0784      0.064      9.664     14.017        799 1.2571e-01 0.0000e+00
      9.880     8.6434     0.1255      1.076 114.337560    169.857      7.012   -30.3735     1.6377     1.4139     0.0786      0.069      9.688     14.050        800 1.2563e-01 0.0000e+00
      9.901     8.6394     0.1200      1.029 114.427447    170.052      7.017   -29.8813     1.6094     1.4945     0.0787      0.074      9.708     14.079        801 1.2561e-01 0.0000e+00
      9.915     8.6338     0.1206      1.034 114.339927    169.872      7.018   -29.9949     1.6013     1.4408     0.0786      0.077      9.723     14.101        802 1.2567e-01 0.0000e+00
      9.926     8.6287     0.1259      1.079 114.416712    170.100      7.021   -30.2978     1.6094     1.5079     0.0787      0.077      9.735     14.119        803 1.2562e-01 0.0000e+00
      9.938     8.6249     0.1148      0.984 114.480774    170.129      7.024   -30.6006     1.7064     1.5482     0.0787      0.074      9.746     14.135        804 1.2550e-01 0.0000e+00
      9.949     8.6209     0.1177      1.009 114.498410    170.281      7.024   -31.6985     1.6862     1.4542     0.0788      0.068      9.756     14.150        805 1.2561e-01 0.0000e+00
      9.960     8.6172     0.1123      0.962 114.603197    170.341      7.027   -32.1906     1.7064     1.5482     0.0788      0.061      9.767     14.165        806 1.2569e-01 0.0000e+00
      9.970     8.6140     0.1109      0.951 114.945885    170.988      7.030   -33.1370     1.6701     1.5213     0.0791      0.054      9.777     14.180        807 1.2571e-01 0.0000e+00
      9.979     8.6134     0.1095      0.939 115.560737    171.799      7.031   -33.5535     1.6539     1.4945     0.0795      0.047      9.786     14.193        808 1.2564e-01 0.0000e+00
      9.987     8.6096     0.1137      0.975 115.684151    172.191      7.035   -33.2128     1.6094     1.5616     0.0797      0.042      9.794     14.206        809 1.2565e-01 0.0000e+00
      9.997     8.6042     0.1155      0.990 116.281137    172.737      7.032   -33.6670     1.6377     1.5213     0.0799      0.040      9.803     14.219        810 1.2571e-01 0.0000e+00
     10.006     8.6007 -9.990e-29 -9.990e-29 120.267522    178.933      7.033   -33.3642     1.6175     1.5213     0.0828      0.039      9.812     14.231        811 1.2562e-01 0.0000e+00
     10.014     8.5913 -9.990e-29 -9.990e-29 126.031820    187.529      7.035   -34.7649     1.6256     1.5348     0.0868      0.037      9.820     14.243        812 1.2552e-01 0.0000e+00
     10.021     8.5826 -9.990e-29 -9.990e-29 130.346359    194.017      7.036   -35.0678     1.7024     1.3602     0.0898      0.035      9.827     14.253        813 1.2543e-01 0.0000e+00
     10.028     8.5791 -9.990e-29 -9.990e-29 137.006474    203.568      7.040   -38.3992     1.6903     1.2931     0.0943      0.034      9.834     14.263        814 1.2568e-01 0.0000e+00
     10.035     8.5792 -9.990e-29 -9.990e-29 144.031325    215.035      7.040   -37.3013     1.6701     1.2528     0.0997      0.032      9.841     14.273        815 1.2576e-01 0.0000e+00
     10.042     8.5814 -9.990e-29 -9.990e-29 144.498349    214.852      7.043   -37.0363     1.7064     1.2125     0.0996      0.031      9.848     14.282        816 1.2566e-01 0.0000e+00
     10.048     8.5835 -9.990e-29 -9.990e-29 143.282133    213.468      7.040   -38.5506     1.6094     1.2931     0.0989      0.030      9.853     14.290        817 1.2563e-01 0.0000e+00
     10.052     8.5854 -9.990e-29 -9.990e-29 143.129628    213.037      7.041   -39.2321     1.6296     1.3065     0.0987      0.027      9.857     14.296        818 1.2549e-01 0.0000e+00
     10.055     8.5877 -9.990e-29 -9.990e-29 142.302753    211.894      7.045   -39.7999     1.6377     1.2931     0.0982      0.025      9.860     14.301        819 1.2561e-01 0.0000e+00
     10.058     8.5896 -9.990e-29 -9.990e-29 141.061229    209.999      7.044   -40.8221     1.6256     1.3602     0.0973      0.022      9.863     14.306        820 1.2566e-01 0.0000e+00
     10.061 -9.990e-29 -9.990e-29 -9.990e-29 140.470768    208.982      7.048   -41.5035     1.6701     1.5616     0.0968      0.020      9.867     14.310        821 1.2556e-01 0.0000e+00
     10.063 -9.990e-29 -9.990e-29 -9.990e-29 140.801488    209.721      7.049   -43.2828     1.7064     1.4676     0.0972      0.017      9.868     14.312        822 1.2552e-01 0.0000e+00
