Data/DataNotYetUploadedToEDI/Raw_CTD/RawDownloads/101918_bvr50.cnv
* Sea-Bird SBE19plus  Data File:
* FileName = C:\DATA\101518_fcr_0006.hex
* Software version 2.6.3.104
* Temperature SN = 7809
* Conductivity SN = 7809
* System UpLoad Time = Oct 29 2018 16:38:18
* <ApplicationData>
* <Seaterm232>
# nquan = 17
# nvalues = 822                         
# units = specified
# name 0 = depFM: Depth [fresh water, m]
# name 1 = tv290C: Temperature [ITS-90, deg C]
# name 2 = sbeox0Mg/L: Oxygen, SBE 43 [mg/l]
# name 3 = sbeox0PS: Oxygen, SBE 43 [% saturation]
# name 4 = c0uS/cm: Conductivity [uS/cm]
# name 5 = specc: Specific Conductance [uS/cm]
# name 6 = ph: pH
# name 7 = orp: Oxidation Reduction Potential [mV]
# name 8 = flECO-AFL: Fluorescence, WET Labs ECO-AFL/FL [mg/m^3]
# name 9 = turbWETntu0: Turbidity, WET Labs ECO [NTU]
# name 10 = sal00: Salinity, Practical [PSU]
# name 11 = dz/dtM: Descent Rate [m/s]
# name 12 = prdM: Pressure, Strain Gauge [db]
# name 13 = prdE: Pressure, Strain Gauge [psi]
# name 14 = scan: Scan Count
# name 15 = par/sat/log: PAR/Logarithmic, Satlantic
# name 16 = flag:  0.000e+00
# span 0 =     -0.601,     10.063       
# span 1 =     8.5791,    21.5407       
# span 2 =    -0.4921,    10.0807       
# span 3 =     -4.721,    103.665       
# span 4 =  -0.038784, 144.498349       
# span 5 =      0.098,    215.035       
# span 6 =     -1.116,      7.817       
# span 7 = -1240.7455,  1240.2295       
# span 8 =    -0.2466,     8.3380       
# span 9 =    -0.2512,    24.8725       
# span 10 =     0.0106,     0.0997      
# span 11 =     -0.136,      0.227      
# span 12 =     -0.589,      9.868      
# span 13 =     -0.854,     14.312      
# span 14 =          1,        822      
# span 15 = -9.966e+01, 1.9772e+03      
# span 16 = 0.0000e+00, 0.0000e+00      
# interval = seconds: 0.25
# start_time = Oct 19 2018 17:43:16 [Instrument's time stamp, header]
# bad_flag = -9.990e-29
*END*
[from data line 86]
      0.105    16.5678     6.5689     67.280  24.667222     29.601      7.122   215.1308     1.6256     2.3136     0.0188      0.072      0.103      0.150         87 6.9006e+02 0.0000e+00
      0.116    16.5373     6.5785     67.386  24.536174     29.491      7.116   217.8565     1.6337     2.2464     0.0188      0.066      0.113      0.165         88 1.3595e+03 0.0000e+00
      0.127    16.5435     6.5864     67.433  24.392270     29.321      7.114   216.0015     1.6984     2.3941     0.0187      0.057      0.123      0.178         89 1.8007e+03 0.0000e+00
      0.132    16.5453     6.5822     67.370  24.372046     29.346      7.121   219.2951     1.6862     2.3673     0.0187      0.049      0.127      0.184         90 6.7792e+02 0.0000e+00
      0.130    16.5351     6.5556     67.145  24.353857     29.304      7.130   220.0901     1.7388     2.3136     0.0187      0.040      0.125      0.182         91 8.2556e+02 0.0000e+00
      0.122    16.5211     6.5427     66.996  24.325982     29.272      7.137   220.5065     1.7024     2.3270     0.0187      0.029      0.119      0.173         92 1.0321e+03 0.0000e+00
      0.114    16.4972     6.4976     66.597  24.317810     29.277      7.137   221.6423     1.6903     2.2599     0.0187      0.017      0.113      0.164         93 1.0493e+03 0.0000e+00
      0.108    16.4709     6.4486     66.169  24.245461     29.188      7.139   223.0430     1.7186     2.2733     0.0186      0.006      0.110      0.159         94 1.3088e+03 0.0000e+00
      0.114    16.4584     6.3858     65.581  24.178889     29.136      7.139   223.1566     1.6701     2.3136     0.0186     -0.002      0.112      0.163         95 1.0435e+03 0.0000e+00
      0.122    16.4779     6.3343     65.082  24.133889     29.088      7.137   223.1566     1.6822     2.2733     0.0186     -0.005      0.118      0.172         96 9.1460e+02 0.0000e+00
      0.127    16.5088     6.2756     64.487  24.182903     29.164      7.136   224.3301     1.7226     2.3539     0.0186     -0.005      0.121      0.175         97 8.5382e+02 0.0000e+00
      0.121    16.5173     6.2277     63.981  24.295745     29.286      7.133   221.9073     1.6862     2.2733     0.0186     -0.003      0.117      0.168         98 1.1273e+03 0.0000e+00
      0.107    16.4894     6.1767     63.427  24.319514     29.295      7.133   220.6580     1.7226     2.2330     0.0187     -0.003      0.108      0.155         99 1.2728e+03 0.0000e+00
      0.100    16.4833     6.1424     63.052  24.182957     29.123      7.127   220.8473     1.7064     2.3270     0.0186     -0.004      0.103      0.150        100 8.4402e+02 0.0000e+00
      0.111    16.5061     6.1262     62.842  24.198909     29.140      7.125   221.3394     1.7267     2.1390     0.0186     -0.003      0.108      0.157        101 7.5713e+02 0.0000e+00
      0.120    16.5051     6.1322     62.968  24.477520     29.520      7.120   222.5130     1.7186     2.2062     0.0187     -0.002      0.115      0.167        102 7.1817e+02 0.0000e+00
      0.121    16.5413     6.1615     63.334  24.666212     29.698      7.114   223.1944     1.7307     2.0987     0.0188     -0.002      0.116      0.169        103 1.0395e+03 0.0000e+00
      0.115    16.5990     6.2044     63.806  24.794065     29.875      7.108   223.3080     1.7024     2.0853     0.0189     -0.003      0.111      0.161        104 1.9772e+03 0.0000e+00
      0.103    16.6379     6.2666     64.477  24.792683     29.843      7.104   223.3458     1.7671     2.3539     0.0189     -0.004      0.099      0.144        105 9.5864e+02 0.0000e+00
      0.085    16.6608     6.3178     65.032  24.727207     29.704      7.106   224.5573     1.7469     2.3404     0.0189     -0.007      0.080      0.116        106 9.3671e+01 0.0000e+00
      0.057    16.6672     6.3553     65.460  24.786605     29.775      7.102   225.3901     1.7792     2.3002     0.0189     -0.017      0.056      0.081        107 1.0789e+03 0.0000e+00
      0.029    16.6551     6.3685     65.640  24.718749     29.659      7.103   224.8601     1.7590     2.4479     0.0189     -0.035      0.035      0.051        108 1.6524e+03 0.0000e+00
      0.020    16.6363     6.3635     65.608  24.485576     29.386      7.107   224.2923     1.7711     2.3941     0.0188     -0.052      0.030      0.043        109 1.3263e+03 0.0000e+00
      0.043    16.6128     6.3347     65.325  24.335723     29.193      7.105   224.8223     1.6256     2.2464     0.0187     -0.054      0.045      0.064        110 1.1804e+03 0.0000e+00
      0.072    16.5887     6.2901     64.870  24.549537     29.477      7.089   225.3901     1.6620     2.2464     0.0188     -0.042      0.065      0.094        111 1.2542e+03 0.0000e+00
      0.083    16.6295     6.2385     64.336  24.841985     29.858      7.074   225.3523     1.6418     2.3673     0.0189     -0.023      0.078      0.114        112 5.1605e+02 0.0000e+00
      0.086    16.6814     6.1738     63.718  24.861055     29.882      7.064   226.0337     1.6418     2.3404     0.0189     -0.002      0.083      0.121        113 2.4786e+02 0.0000e+00
      0.086    16.7046     6.1172     63.151  24.851875     29.847      7.062   226.1851     1.5568     2.2733     0.0189      0.016      0.085      0.123        114 8.0241e+02 0.0000e+00
      0.088    16.7273     6.0661     62.590  24.794116     29.745      7.065   226.6773     1.5609     2.3404     0.0189      0.031      0.088      0.128        115 5.7805e+02 0.0000e+00
      0.097    16.7486     6.0274     62.171  24.725422     29.628      7.071   226.7908     1.5649     2.4076     0.0189      0.038      0.095      0.138        116 7.8773e+02 0.0000e+00
      0.106    16.7796     5.9779     61.682  24.789139     29.712      7.078   227.0180     1.5771     2.3270     0.0189      0.035      0.103      0.149        117 1.6989e+03 0.0000e+00
      0.112    16.8105     5.9519     61.457  24.863026     29.764      7.060   227.6237     1.5690     2.3404     0.0189      0.027      0.106      0.153        118 1.2791e+03 0.0000e+00
      0.106    16.8254     5.9370     61.338  24.870605     29.775      7.060   227.3208     1.5447     2.3539     0.0190      0.018      0.102      0.148        119 7.8252e+02 0.0000e+00
      0.096    16.8357     5.9278     61.266  24.868626     29.720      7.066   228.6080     1.5811     2.3270     0.0189      0.012      0.092      0.133        120 1.1432e+03 0.0000e+00
      0.080    16.8376     5.9314     61.321  24.895121     29.776      7.069   228.3051     1.5771     2.3136     0.0190      0.004      0.079      0.115        121 1.3142e+03 0.0000e+00
      0.067    16.8403     5.9334     61.345  24.807982     29.636      7.072   228.8351     1.5002     2.2196     0.0189     -0.007      0.070      0.102        122 1.3275e+03 0.0000e+00
      0.069    16.8733     5.9399     61.399  24.650998     29.466      7.074   228.7216     1.4881     2.2196     0.0189     -0.015      0.068      0.100        123 1.2209e+03 0.0000e+00
      0.074    16.8873     5.9387     61.373  24.675488     29.467      7.076   231.3716     1.5002     2.2599     0.0189     -0.021      0.072      0.104        124 8.0664e+02 0.0000e+00
      0.077    16.8623     5.9294     61.282  24.836786     29.674      7.079   230.9551     1.5245     2.3136     0.0190     -0.022      0.075      0.109        125 9.1993e+02 0.0000e+00
      0.079    16.8481     5.9049     61.045  24.894899     29.698      7.077   232.0909     1.5164     2.2733     0.0190     -0.018      0.077      0.112        126 1.3404e+03 0.0000e+00
      0.080    16.8646     5.8819     60.816  24.899591     29.750      7.075   231.2959     1.5002     2.2464     0.0190     -0.010      0.078      0.115        127 1.2882e+03 0.0000e+00
      0.083    16.8970     5.8510     60.494  24.919877     29.760      7.076   231.1066     1.5164     2.1524     0.0190     -0.001      0.081      0.119        128 1.2266e+03 0.0000e+00
      0.087    16.9241     5.8183     60.229  24.958585     29.815      7.071   232.1666     1.5043     2.1390     0.0190      0.007      0.086      0.125        129 1.1325e+03 0.0000e+00
      0.092    16.9431     5.7770     59.987  24.969988     29.792      7.069   231.3716     1.5002     2.1122     0.0190      0.012      0.091      0.132        130 1.0748e+03 0.0000e+00
      0.098    16.9564     5.7587     59.902  24.964963     29.772      7.066   231.7880     1.5002     2.2196     0.0190      0.013      0.095      0.138        131 8.7992e+02 0.0000e+00
      0.100    16.9585     5.7658     59.995  24.964830     29.759      7.066   232.6209     1.5124     2.3673     0.0190      0.013      0.098      0.142        132 8.5509e+02 0.0000e+00
      0.102    16.9488     5.7998     60.323  24.940504     29.716      7.061   232.3937     1.4962     2.3404     0.0190      0.014      0.100      0.144        133 7.5474e+02 0.0000e+00
      0.103    16.9388     5.8715     60.961  24.906301     29.681      7.062   232.9994     1.5124     2.3941     0.0190      0.014      0.101      0.146        134 8.4604e+02 0.0000e+00
      0.103    16.9419     5.9752     61.818  24.859179     29.622      7.063   233.7187     1.5002     2.2330     0.0190      0.012      0.101      0.147        135 1.1269e+03 0.0000e+00
      0.104    16.9542     6.1036     62.973  24.910222     29.696      7.060   233.3023     1.5124     2.2464     0.0190      0.010      0.104      0.152        136 9.0363e+02 0.0000e+00
      0.111    16.9620     6.2416     64.360  24.961354     29.760      7.062   232.9994     1.4962     2.3270     0.0190      0.010      0.111      0.162        137 5.7998e+02 0.0000e+00
      0.127    16.9598     6.3743     65.730  24.973402     29.751      7.058   233.6809     1.5245     2.2733     0.0190      0.012      0.124      0.180        138 1.0299e+03 0.0000e+00
      0.144    17.0221     6.5000     67.066  25.013796     29.812      7.051   233.8702     1.5568     2.3136     0.0190      0.019      0.134      0.194        139 1.8287e+03 0.0000e+00
      0.141    17.1624     6.5792     67.983  25.029654     29.813      7.037   234.0594     1.5487     2.3270     0.0190      0.023      0.127      0.184        140 1.7781e+03 0.0000e+00
      0.102    17.2506     6.6346     68.603  25.042591     29.806      7.030   234.0973     1.5690     2.3136     0.0191      0.014      0.095      0.139        141 1.4256e+03 0.0000e+00
      0.050    17.2647     6.6543     68.785  24.968031     29.601      7.026   234.7030     1.5851     2.3270     0.0190     -0.007      0.047      0.069        142 1.0046e+03 0.0000e+00
     -0.007    17.2460     6.6545     68.755  24.974189     29.543      7.022   235.3844     1.5771     2.3136     0.0190     -0.040     -0.007     -0.010        143 1.3126e+03 0.0000e+00
     -0.068    17.1578     6.6280     68.464  24.886683     29.466      7.023   235.1573     1.5487     2.2733     0.0190     -0.081     -0.053     -0.076        144 1.5641e+03 0.0000e+00
     -0.081    16.9915     6.5837     68.024  24.691569     29.182      7.026   235.6873     1.5568     2.3404     0.0189     -0.114     -0.075     -0.108        145 1.4671e+03 0.0000e+00
     -0.079    16.8614     6.5235     67.481  24.890946     29.539      7.012   235.9902     1.5851     2.3404     0.0190     -0.132     -0.080     -0.116        146 1.5544e+03 0.0000e+00
     -0.088    16.8313     6.4604     66.880  25.083233     29.859      7.012   236.4066     1.4962     2.1390     0.0191     -0.136     -0.082     -0.120        147 1.5032e+03 0.0000e+00
     -0.083    16.8331     6.4052     66.317  25.104461     29.986      7.013   236.7852     1.4962     2.1390     0.0191     -0.118     -0.082     -0.119        148 1.5144e+03 0.0000e+00
     -0.081    16.8635     6.3470     65.713  25.131355     30.039      7.016   236.3309     1.4962     2.1659     0.0191     -0.085     -0.081     -0.118        149 1.5080e+03 0.0000e+00
     -0.085    16.9304     6.2866     65.101  25.138710     30.038      7.014   236.8609     1.5083     2.1927     0.0191     -0.052     -0.086     -0.124        150 1.4756e+03 0.0000e+00
     -0.099    16.9643     6.2206     64.435  25.065665     29.950      7.017   236.8609     1.4921     2.1122     0.0191     -0.027     -0.094     -0.137        151 1.4801e+03 0.0000e+00
     -0.105    16.9495     6.1565     63.793  24.985101     29.767      7.019   237.1637     1.3587     2.1927     0.0190     -0.013     -0.099     -0.145        152 1.5358e+03 0.0000e+00
     -0.100    16.9280     6.0975     63.191  24.942521     29.744      7.020   237.9587     1.3668     2.2330     0.0190     -0.012     -0.097     -0.142        153 1.4951e+03 0.0000e+00
     -0.093    16.9147     6.0389     62.584  24.940787     29.688      7.017   238.2616     1.3830     2.1927     0.0190     -0.010     -0.092     -0.135        154 1.4811e+03 0.0000e+00
     -0.090    16.9300     5.9873     62.049  25.076191     29.937      7.019   238.6023     1.4032     2.1927     0.0191     -0.006     -0.090     -0.131        155 1.4994e+03 0.0000e+00
     -0.093    16.9826     5.9372     61.532  25.100091     29.912      7.017   239.0566     1.4436     2.1390     0.0191     -0.006     -0.092     -0.133        156 1.4817e+03 0.0000e+00
     -0.098    17.0211     5.8851     60.999  25.059259     29.903      7.018   238.7537     1.4274     2.1122     0.0191     -0.004     -0.095     -0.138        157 1.4906e+03 0.0000e+00
     -0.100    17.0264     5.8399     60.537  25.097357     29.863      7.018   238.6780     1.4194     2.1524     0.0191     -0.001     -0.098     -0.141        158 1.5272e+03 0.0000e+00
     -0.100    17.0269     5.8006     60.136  25.052667     29.837      7.020   238.9809     1.4396     2.1659     0.0191      0.001     -0.098     -0.143        159 1.4927e+03 0.0000e+00
     -0.101    17.0351     5.7598     59.721  24.996292     29.700      7.023   239.6623     1.3506     2.2330     0.0190     -0.000     -0.098     -0.143        160 1.4925e+03 0.0000e+00
     -0.101    17.0498     5.7222     59.337  25.048938     29.833      7.019   239.3216     1.3749     2.1524     0.0191     -0.003     -0.098     -0.143        161 1.4773e+03 0.0000e+00
     -0.099    17.0650     5.6844     58.950  25.076078     29.793      7.021   239.7002     1.3425     2.1390     0.0191     -0.005     -0.098     -0.142        162 1.5017e+03 0.0000e+00
     -0.101    17.0723     5.6523     58.622  25.110729     29.883      7.020   241.0252     1.3749     2.2196     0.0191     -0.004     -0.099     -0.143        163 1.5482e+03 0.0000e+00
     -0.103    17.0731     5.6131     58.223  25.094739     29.805      7.021   240.6087     1.3830     2.2464     0.0191     -0.003     -0.101     -0.146        164 1.5010e+03 0.0000e+00
     -0.105    17.0730     5.5844     57.931  25.066330     29.800      7.022   240.0787     1.3749     2.2733     0.0191     -0.002     -0.102     -0.147        165 1.5150e+03 0.0000e+00
     -0.104    17.0745     5.5579     57.662  25.086797     29.800      7.019   240.5330     1.3668     2.3136     0.0191     -0.002     -0.101     -0.147        166 1.5211e+03 0.0000e+00
     -0.102    17.0793     5.5244     57.320  25.069268     29.800      7.018   240.7980     1.3587     2.3002     0.0191     -0.002     -0.100     -0.146        167 1.4953e+03 0.0000e+00
     -0.101    17.0850     5.4998     57.071  25.088143     29.799      7.021   241.1009     1.3789     2.1390     0.0191     -0.001     -0.100     -0.145        168 1.4895e+03 0.0000e+00
     -0.102    17.0904     5.4701     56.769  25.152236     29.895      7.022   240.9495     1.3789     2.1122     0.0191     -0.001     -0.100     -0.145        169 1.4955e+03 0.0000e+00
     -0.102    17.0958     5.4480     56.543  25.137719     29.858      7.020   241.7066     1.3749     2.1659     0.0191     -0.001     -0.100     -0.146        170 1.5030e+03 0.0000e+00
