Data/DataNotYetUploadedToEDI/Raw_CTD/RawDownloads/101918_bvr50.cnv
* Sea-Bird SBE19plus  Data File:
* FileName = C:\DATA\101518_fcr_0006.hex
* Software version 2.6.3.104
* Temperature SN = 7809
* Conductivity SN = 7809
* System UpLoad Time = Oct 29 2018 16:38:18
* <ApplicationData>
* <Seaterm232>
# nquan = 17
# nvalues = 822                         
# units = specified
# name 0 = depFM: Depth [fresh water, m]
# name 1 = tv290C: Temperature [ITS-90, deg C]
# name 2 = sbeox0Mg/L: Oxygen, SBE 43 [mg/l]
# name 3 = sbeox0PS: Oxygen, SBE 43 [% saturation]
# name 4 = c0uS/cm: Conductivity [uS/cm]
# name 5 = specc: Specific Conductance [uS/cm]
# name 6 = ph: pH
# name 7 = orp: Oxidation Reduction Potential [mV]
# name 8 = flECO-AFL: Fluorescence, WET Labs ECO-AFL/FL [mg/m^3]
# name 9 = turbWETntu0: Turbidity, WET Labs ECO [NTU]
# name 10 = sal00: Salinity, Practical [PSU]
# name 11 = dz/dtM: Descent Rate [m/s]
# name 12 = prdM: Pressure, Strain Gauge [db]
# name 13 = prdE: Pressure, Strain Gauge [psi]
# name 14 = scan: Scan Count
# name 15 = par/sat/log: PAR/Logarithmic, Satlantic
# name 16 = flag:  0.000e+00
# span 0 =     -0.601,     10.063       
# span 1 =     8.5791,    21.5407       
# span 2 =    -0.4921,    10.0807       
# span 3 =     -4.721,    103.665       
# span 4 =  -0.038784, 144.498349       
# span 5 =      0.098,    215.035       
# span 6 =     -1.116,      7.817       
# span 7 = -1240.7455,  1240.2295       
# span 8 =    -0.2466,     8.3380       
# span 9 =    -0.2512,    24.8725       
# span 10 =     0.0106,     0.0997      
# span 11 =     -0.136,      0.227      
# span 12 =     -0.589,      9.868      
# span 13 =     -0.854,     14.312      
# span 14 =          1,        822      
# span 15 = -9.966e+01, 1.9772e+03      
# span 16 = 0.0000e+00, 0.0000e+00      
# interval = seconds: 0.25
# start_time = Oct 19 2018 17:43:16 [Instrument's time stamp, header]
# bad_flag = -9.990e-29
*END*
[from data line 596]
      6.657    13.1910     0.2145      2.002  59.112896     77.161      6.513   286.7189     7.1047     7.5639     0.0382      0.078      6.527      9.467        597 2.8071e-01 0.0000e+00
      6.673    13.1396     0.2332      2.171  59.613323     77.928      6.498   286.8324     7.1249     7.6310     0.0386      0.076      6.542      9.489        598 2.4899e-01 0.0000e+00
      6.684    13.0689     0.2517      2.339  60.064072     78.551      6.484   285.9996     7.1209     7.5370     0.0388      0.073      6.556      9.509        599 2.4577e-01 0.0000e+00
      6.700    12.9787     0.2664      2.470  61.254243     80.373      6.469   285.6967     7.0845     7.5505     0.0396      0.070      6.572      9.531        600 2.8332e-01 0.0000e+00
      6.721    12.8643     0.2864      2.649  62.081779     81.482      6.440   285.2046     7.0926     7.6982     0.0401      0.068      6.592      9.560        601 2.7717e-01 0.0000e+00
      6.744    12.7535     0.2944      2.716  63.043379     83.002      6.407   278.4660     8.3380     5.4691     0.0407      0.068      6.613      9.591        602 2.5855e-01 0.0000e+00
      6.766    12.6778     0.3049      2.806  63.532343     83.950      6.384   260.1809     8.3178     5.4691     0.0411      0.069      6.634      9.622        603 2.5628e-01 0.0000e+00
      6.785    12.5882     0.3076      2.824  63.611700     84.136      6.366   231.7880     8.3016     5.4826     0.0411      0.072      6.653      9.650        604 2.4768e-01 0.0000e+00
      6.802    12.4866     0.3155      2.893  64.310924     85.438      6.354   212.3672     8.3178     5.3752     0.0417      0.074      6.671      9.675        605 2.3889e-01 0.0000e+00
      6.821    12.3722     0.3189      2.922  64.652195     85.919      6.346   205.0608     2.8993     3.3878     0.0419      0.076      6.688      9.700        606 2.2948e-01 0.0000e+00
      6.836    12.2499     0.3069      2.809  64.969139     86.697      6.339   199.8365     2.9438     3.3475     0.0422      0.077      6.704      9.723        607 2.0801e-01 0.0000e+00
      6.852    12.1412     0.3095      2.829  65.401682     87.462      6.332   196.0508     2.9276     3.3475     0.0425      0.075      6.719      9.745        608 2.1335e-01 0.0000e+00
      6.866    12.0457     0.3015      2.753  65.599124     88.078      6.328   190.8265     2.9317     3.3475     0.0427      0.071      6.734      9.766        609 2.2543e-01 0.0000e+00
      6.882    11.9579     0.2956      2.698  65.703725     88.421      6.323   183.8607     2.4100     2.9178     0.0428      0.067      6.750      9.790        610 2.1338e-01 0.0000e+00
      6.901    11.8589     0.2856      2.604  65.835965     88.865      6.315   178.3336     2.4020     2.8238     0.0430      0.065      6.768      9.817        611 1.9433e-01 0.0000e+00
      6.923    11.7407     0.2824      2.569  66.088115     89.389      6.308   172.6928     2.4020     2.9715     0.0432      0.065      6.791      9.850        612 2.1110e-01 0.0000e+00
      6.952    11.6292     0.2766      2.510  66.370236     90.036      6.299   168.4150     2.4424     2.9715     0.0434      0.070      6.818      9.888        613 1.9607e-01 0.0000e+00
      6.980    11.5306     0.2772      2.510  66.584013     90.604      6.298   163.4935     2.2079     2.3807     0.0437      0.076      6.844      9.926        614 1.5265e-01 0.0000e+00
      7.004    11.4588     0.2724      2.463  66.802421     91.176      6.292   158.2692     2.2321     2.2867     0.0439      0.083      6.866      9.959        615 1.6690e-01 0.0000e+00
      7.023    11.4254     0.2716      2.453  66.870854     91.545      6.291   153.9535     2.2079     2.3941     0.0440      0.088      6.886      9.988        616 1.6890e-01 0.0000e+00
      7.041    11.3964     0.2732      2.464  66.706870     91.453      6.292   150.8113     2.2119     2.2599     0.0439      0.091      6.905     10.014        617 1.8360e-01 0.0000e+00
      7.058    11.3419     0.2744      2.471  66.917444     91.845      6.290   148.0099     2.0178     1.9376     0.0441      0.090      6.923     10.040        618 1.8560e-01 0.0000e+00
      7.080    11.2918     0.2748      2.471  67.084118     92.185      6.295   145.6249     2.0097     1.9376     0.0442      0.088      6.942     10.068        619 1.5211e-01 0.0000e+00
      7.098    11.2620     0.2708      2.434  66.945058     92.054      6.295   142.9749     2.0461     1.9645     0.0441      0.083      6.960     10.094        620 1.7601e-01 0.0000e+00
      7.112    11.2080     0.2702      2.426  67.090545     92.456      6.300   140.0599     2.0299     1.9242     0.0443      0.077      6.975     10.116        621 1.9807e-01 0.0000e+00
      7.127    11.1199     0.2660      2.386  67.437804     92.947      6.300   135.1006     2.0219     1.9376     0.0445      0.072      6.991     10.140        622 2.0088e-01 0.0000e+00
      7.148    11.0131     0.2578      2.311  67.849698     93.712      6.307   130.8984     1.8075     1.6556     0.0448      0.070      7.011     10.170        623 1.7564e-01 0.0000e+00
      7.176    10.9291     0.2460      2.203  68.390086     94.632      6.310   128.3998     1.8318     1.7228     0.0452      0.072      7.036     10.205        624 1.4421e-01 0.0000e+00
      7.200    10.8698     0.2514      2.248  68.755740     95.503      6.317   126.2041     1.8439     1.8436     0.0456      0.076      7.061     10.240        625 1.3623e-01 0.0000e+00
      7.224    10.8050     0.2463      2.199  69.147480     96.153      6.320   122.0777     1.8237     1.6690     0.0458      0.079      7.084     10.273        626 1.3585e-01 0.0000e+00
      7.246    10.7412     0.2423      2.162  69.685147     97.206      6.325   118.1405     1.7469     1.5348     0.0463      0.083      7.104     10.303        627 1.6604e-01 0.0000e+00
      7.261    10.6801     0.2327      2.075  69.958336     97.620      6.330   114.5820     1.7550     1.5079     0.0464      0.085      7.122     10.328        628 1.6009e-01 0.0000e+00
      7.279    10.6308     0.2313      2.061  70.352446     98.458      6.336   110.9477     1.7550     1.4273     0.0468      0.086      7.138     10.353        629 1.3032e-01 0.0000e+00
      7.296    10.5951     0.2334      2.079  70.709956     99.060      6.342   108.1841     1.7671     1.4945     0.0470      0.084      7.155     10.378        630 1.3724e-01 0.0000e+00
      7.313    10.5573     0.2320      2.065  70.909864     99.511      6.349   106.6319     1.7590     1.4273     0.0472      0.080      7.172     10.403        631 1.3885e-01 0.0000e+00
      7.331    10.5221     0.2195      1.953  71.292146    100.121      6.353   104.8526     1.7671     1.2931     0.0475      0.074      7.190     10.428        632 1.3383e-01 0.0000e+00
      7.350    10.4899     0.2159      1.920  71.749534    100.897      6.360   102.6191     1.7631     1.3065     0.0478      0.071      7.209     10.456        633 1.4755e-01 0.0000e+00
      7.373    10.4409     0.2100      1.866  72.182829    101.589      6.368   100.4233     1.7550     1.3333     0.0481      0.071      7.233     10.491        634 1.3129e-01 0.0000e+00
      7.404    10.3770     0.2083      1.849  73.159694    103.020      6.371    98.3412     1.8197     1.4139     0.0487      0.075      7.263     10.534        635 1.2234e-01 0.0000e+00
      7.441    10.3243     0.2072      1.839  74.277846    104.862      6.378    94.4798     1.8358     1.5885     0.0496      0.084      7.295     10.581        636 1.2743e-01 0.0000e+00
      7.471    10.2892     0.2029      1.799  74.624574    105.410      6.383    91.9812     1.8520     1.5213     0.0498      0.093      7.323     10.622        637 1.2630e-01 0.0000e+00
      7.492    10.2614     0.1981      1.756  75.046089    106.241      6.390    91.2240     1.8358     1.5885     0.0501      0.100      7.345     10.653        638 1.2440e-01 0.0000e+00
      7.507    10.2360     0.1984      1.757  75.595781    107.099      6.395    89.1797     1.8237     1.2662     0.0505      0.102      7.362     10.677        639 1.3299e-01 0.0000e+00
      7.522    10.2120     0.1984      1.757  75.901883    107.621      6.403    86.4540     1.8399     1.2393     0.0507      0.101      7.377     10.700        640 1.4844e-01 0.0000e+00
      7.539    10.1891     0.1927      1.705  76.388833    108.373      6.413    85.2047     1.8075     1.2528     0.0511      0.096      7.393     10.723        641 1.2983e-01 0.0000e+00
      7.555    10.1683     0.1956      1.731  76.772934    109.045      6.416    83.4254     1.8480     1.3468     0.0514      0.087      7.410     10.748        642 1.2248e-01 0.0000e+00
      7.576    10.1463     0.1925      1.703  77.207061    109.632      6.422    82.1004     1.8520     1.2931     0.0516      0.078      7.430     10.776        643 1.2847e-01 0.0000e+00
      7.599    10.1162     0.1811      1.601  77.988451    110.933      6.434    80.5483     1.8156     1.2796     0.0522      0.072      7.452     10.808        644 1.2211e-01 0.0000e+00
      7.622    10.0811     0.1904      1.683  78.624022    111.797      6.442    79.9804     1.8075     1.3065     0.0526      0.072      7.475     10.841        645 1.3052e-01 0.0000e+00
      7.645    10.0514     0.1868      1.651  79.388318    113.051      6.447    79.7533     1.8197     1.2662     0.0531      0.075      7.497     10.874        646 1.4729e-01 0.0000e+00
      7.668    10.0278     0.1809      1.598  79.801559    113.763      6.455    77.6333     1.7995     1.2662     0.0535      0.080      7.519     10.906        647 1.3007e-01 0.0000e+00
      7.689    10.0028     0.1825      1.611  79.863470    113.860      6.460    75.1347     1.8075     1.2931     0.0535      0.084      7.540     10.936        648 1.2304e-01 0.0000e+00
      7.709     9.9774     0.1830      1.614  80.351651    114.735      6.470    74.1883     1.8358     1.3736     0.0539      0.086      7.560     10.965        649 1.2728e-01 0.0000e+00
      7.730     9.9578     0.1785      1.573  80.650563    115.178      6.476    72.7875     1.8358     1.3468     0.0541      0.086      7.579     10.992        650 1.2448e-01 0.0000e+00
      7.746     9.9428     0.1796      1.582  80.799406    115.501      6.480    71.9925     1.8278     1.3333     0.0542      0.084      7.595     11.016        651 1.2631e-01 0.0000e+00
      7.759     9.9259     0.1796      1.582  80.969033    115.807      6.489    70.6297     1.7388     1.3065     0.0543      0.080      7.609     11.036        652 1.2518e-01 0.0000e+00
      7.773     9.9089     0.1732      1.526  81.182631    116.136      6.494    69.0397     1.7590     1.2259     0.0545      0.075      7.622     11.055        653 1.2571e-01 0.0000e+00
      7.784     9.8957     0.1776      1.564  81.484841    116.675      6.500    67.7525     1.7550     1.2931     0.0547      0.068      7.634     11.071        654 1.2547e-01 0.0000e+00
      7.794     9.8845     0.1794      1.579  81.633380    116.892      6.506    66.2004     1.7752     1.2931     0.0548      0.062      7.644     11.086        655 1.2580e-01 0.0000e+00
      7.805     9.8767     0.1755      1.544  81.859868    117.297      6.512    65.3675     1.8237     1.3602     0.0550      0.056      7.656     11.104        656 1.2555e-01 0.0000e+00
      7.820     9.8625     0.1724      1.516  81.975896    117.495      6.517    64.0804     1.8318     1.3602     0.0551      0.052      7.672     11.127        657 1.2557e-01 0.0000e+00
      7.844     9.8315     0.1715      1.508  82.440273    118.124      6.524    62.9447     1.8197     1.3199     0.0554      0.052      7.694     11.160        658 1.2561e-01 0.0000e+00
      7.875     9.7987     0.1761      1.547  83.541321    119.857      6.525    61.9225     1.8237     1.3602     0.0561      0.058      7.721     11.199        659 1.2567e-01 0.0000e+00
      7.902     9.7782     0.1716      1.507  83.965036    120.530      6.529    60.1811     1.8237     1.5079     0.0564      0.067      7.748     11.238        660 1.2556e-01 0.0000e+00
      7.926     9.7613     0.1725      1.514  83.934589    120.563      6.536    58.7046     1.8237     1.4945     0.0564      0.076      7.772     11.273        661 1.2554e-01 0.0000e+00
      7.949     9.7461     0.1705      1.497  84.500888    121.480      6.543    56.8496     1.8197     1.5348     0.0568      0.085      7.795     11.305        662 1.2567e-01 0.0000e+00
      7.970     9.7359     0.1722      1.510  84.836044    122.061      6.548    55.9789     1.8278     1.5482     0.0571      0.092      7.815     11.335        663 1.2566e-01 0.0000e+00
      7.990     9.7210     0.1672      1.467  84.914872    122.118      6.551    55.4868     1.8358     1.5616     0.0571      0.095      7.835     11.364        664 1.2550e-01 0.0000e+00
      8.009     9.7038     0.1707      1.497  85.383954    122.956      6.558    54.8054     1.8358     1.5885     0.0575      0.093      7.854     11.392        665 1.2562e-01 0.0000e+00
      8.029     9.6828     0.1654      1.450  85.619968    123.254      6.564    53.4425     1.7954     1.5348     0.0576      0.089      7.874     11.420        666 1.2573e-01 0.0000e+00
      8.050     9.6649     0.1632      1.431  86.078064    124.000      6.565    52.2689     1.8399     1.4676     0.0580      0.084      7.894     11.449        667 1.2560e-01 0.0000e+00
      8.070     9.6537     0.1550      1.359  86.508674    124.762      6.570    50.9061     1.7631     1.3333     0.0583      0.081      7.915     11.479        668 1.2569e-01 0.0000e+00
      8.093     9.6326     0.1529      1.340  86.541044    124.749      6.579    49.3539     1.7388     1.2662     0.0583      0.080      7.936     11.510        669 1.2570e-01 0.0000e+00
      8.115     9.6163     0.1541      1.351  87.108230    125.713      6.584    49.2025     1.7671     1.2259     0.0587      0.081      7.957     11.540        670 1.2562e-01 0.0000e+00
      8.133     9.6068     0.1525      1.337  87.438244    126.240      6.588    48.2560     1.7833     1.2662     0.0590      0.081      7.976     11.568        671 1.2553e-01 0.0000e+00
      8.152     9.5895     0.1513      1.325  87.349493    126.135      6.592    46.7039     1.7590     1.1991     0.0589      0.081      7.994     11.594        672 1.2559e-01 0.0000e+00
      8.169     9.5766     0.1485      1.300  87.664728    126.655      6.599    45.4925     1.7590     1.2931     0.0591      0.080      8.011     11.620        673 1.2581e-01 0.0000e+00
      8.188     9.5714     0.1475      1.290  87.848818    127.003      6.606    45.1139     1.7752     1.3065     0.0593      0.078      8.029     11.645        674 1.2567e-01 0.0000e+00
      8.206     9.5627     0.1578      1.379  87.953015    127.133      6.612    44.7353     1.7509     1.2796     0.0593      0.076      8.045     11.668        675 1.2555e-01 0.0000e+00
      8.217     9.5501     0.1635      1.428  88.308213    127.757      6.617    44.2810     1.8197     1.9913     0.0596      0.073      8.057     11.686        676 1.2565e-01 0.0000e+00
      8.224     9.5408     0.1678      1.466  88.477300    127.954      6.623    43.9782     1.8278     1.9376     0.0597      0.066      8.064     11.696        677 1.2563e-01 0.0000e+00
      8.227     9.5376     0.1640      1.432  88.486012    128.079      6.630    43.4860     1.8197     1.9645     0.0598      0.058      8.067     11.701        678 1.2566e-01 0.0000e+00
      8.227     9.5345     0.1709      1.493  88.535279    128.116      6.631    42.5775     1.8237     2.0182     0.0598      0.049      8.070     11.704        679 1.2575e-01 0.0000e+00
      8.232     9.5347     0.1638      1.430  88.683632    128.409      6.635    41.9717     1.8318     1.8705     0.0599      0.039      8.075     11.711        680 1.2569e-01 0.0000e+00
