Data/DataNotYetUploadedToEDI/Raw_CTD/RawDownloads/101918_fcr50.cnv
* Sea-Bird SBE19plus  Data File:
* FileName = C:\DATA\101518_fcr_0007.hex
* Software version 2.6.3.104
* Temperature SN = 7809
* Conductivity SN = 7809
* System UpLoad Time = Oct 29 2018 16:38:43
* <ApplicationData>
* <Seaterm232>
# nquan = 17
# nvalues = 728                         
# units = specified
# name 0 = depFM: Depth [fresh water, m]
# name 1 = tv290C: Temperature [ITS-90, deg C]
# name 2 = sbeox0Mg/L: Oxygen, SBE 43 [mg/l]
# name 3 = sbeox0PS: Oxygen, SBE 43 [% saturation]
# name 4 = c0uS/cm: Conductivity [uS/cm]
# name 5 = specc: Specific Conductance [uS/cm]
# name 6 = ph: pH
# name 7 = orp: Oxidation Reduction Potential [mV]
# name 8 = flECO-AFL: Fluorescence, WET Labs ECO-AFL/FL [mg/m^3]
# name 9 = turbWETntu0: Turbidity, WET Labs ECO [NTU]
# name 10 = sal00: Salinity, Practical [PSU]
# name 11 = dz/dtM: Descent Rate [m/s]
# name 12 = prdM: Pressure, Strain Gauge [db]
# name 13 = prdE: Pressure, Strain Gauge [psi]
# name 14 = scan: Scan Count
# name 15 = par/sat/log: PAR/Logarithmic, Satlantic
# name 16 = flag:  0.000e+00
# span 0 =     -0.545,      9.561       
# span 1 =    12.8950,    18.6968       
# span 2 =    -0.7063,     9.9736       
# span 3 =     -6.871,    101.839       
# span 4 =   0.016718, 165.725727       
# span 5 =      0.232,    218.605       
# span 6 =      5.866,      7.645       
# span 7 =   -58.0471,  1240.2295       
# span 8 =    -0.5095,     3.5342       
# span 9 =    -0.2512,    16.0101       
# span 10 =     0.0088,     0.1034      
# span 11 =     -0.170,      0.268      
# span 12 =     -0.534,      9.375      
# span 13 =     -0.775,     13.596      
# span 14 =          1,        728      
# span 15 = 1.2550e-01, 1.4148e+03      
# span 16 = 0.0000e+00, 0.0000e+00      
# interval = seconds: 0.25
# start_time = Oct 19 2018 19:18:46 [Instrument's time stamp, header]
# bad_flag = -9.990e-29
*END*
[from data line 511]
      5.175    15.3979     6.2261     62.267  31.377690     38.815      6.553   229.6301     2.0299     4.4083     0.0222      0.095      5.074      7.359        512 4.0214e-01 0.0000e+00
      5.192    15.3980     6.2385     62.385  31.293563     38.746      6.554   228.7594     2.0178     4.3681     0.0222      0.093      5.091      7.384        513 4.1762e-01 0.0000e+00
      5.209    15.3979     6.2527     62.523  31.332697     38.747      6.553   227.6237     1.9774     4.3278     0.0222      0.088      5.108      7.409        514 4.2428e-01 0.0000e+00
      5.227    15.3976     6.2672     62.662  31.388295     38.885      6.554   227.8130     1.9935     4.3546     0.0223      0.084      5.126      7.436        515 4.3280e-01 0.0000e+00
      5.248    15.3971     6.2765     62.754  31.342982     38.747      6.555   228.0780     2.0097     4.4621     0.0222      0.080      5.146      7.465        516 4.1425e-01 0.0000e+00
      5.269    15.3954     6.2910     62.894  31.418740     38.920      6.556   228.4566     2.1472     4.3815     0.0223      0.077      5.168      7.496        517 3.9570e-01 0.0000e+00
      5.294    15.3926     6.3029     63.006  31.323668     38.747      6.556   227.6616     2.1310     4.3949     0.0222      0.077      5.193      7.532        518 3.9023e-01 0.0000e+00
      5.323    15.3904     6.3235     63.204  31.194427     38.611      6.552   227.2073     2.1391     4.3681     0.0221      0.080      5.221      7.573        519 3.9933e-01 0.0000e+00
      5.356    15.3902     6.3417     63.385  31.253403     38.683      6.547   225.3144     2.1310     4.3546     0.0222      0.087      5.253      7.618        520 3.8011e-01 0.0000e+00
      5.390    15.3904     6.3647     63.616  31.250274     38.685      6.542   223.8758     1.9572     4.6769     0.0222      0.096      5.283      7.662        521 3.1974e-01 0.0000e+00
      5.414    15.3879     6.3910     63.876  31.257627     38.685      6.539   222.2858     1.9652     4.5829     0.0222      0.103      5.308      7.699        522 3.1825e-01 0.0000e+00
      5.434    15.3839     6.4207     64.169  31.125645     38.547      6.539   221.3015     1.9572     4.5158     0.0221      0.107      5.329      7.730        523 3.3777e-01 0.0000e+00
      5.455    15.3801     6.4343     64.301  30.999395     38.341      6.539   221.1501     1.9248     4.5426     0.0220      0.107      5.350      7.760        524 3.2415e-01 0.0000e+00
      5.479    15.3763     6.4517     64.475  30.940310     38.345      6.541   220.5444     1.8278     4.6098     0.0220      0.105      5.374      7.794        525 3.1548e-01 0.0000e+00
      5.506    15.3745     6.4612     64.570  30.873004     38.175      6.536   220.0901     1.8197     4.5292     0.0220      0.102      5.400      7.832        526 2.9714e-01 0.0000e+00
      5.536    15.3711     6.4553     64.509  30.905247     38.318      6.537   218.9544     1.8399     4.5963     0.0220      0.099      5.428      7.873        527 2.8432e-01 0.0000e+00
      5.564    15.3655     6.4551     64.506  30.811231     38.112      6.536   218.1973     1.8358     4.6232     0.0219      0.098      5.455      7.913        528 2.9829e-01 0.0000e+00
      5.590    15.3608     6.4616     64.569  30.752793     38.115      6.539   218.0080     1.7469     4.5829     0.0219      0.098      5.480      7.949        529 2.8711e-01 0.0000e+00
      5.611    15.3595     6.4580     64.531  30.740762     38.051      6.539   218.2730     1.7671     4.6769     0.0219      0.100      5.501      7.979        530 2.6033e-01 0.0000e+00
      5.628    15.3602     6.4625     64.573  30.707600     38.056      6.538   218.1594     1.7590     4.5426     0.0219      0.100      5.519      8.005        531 2.9255e-01 0.0000e+00
      5.645    15.3584     6.4707     64.652  30.734760     38.057      6.541   218.4623     1.7348     4.6098     0.0219      0.096      5.536      8.030        532 2.9257e-01 0.0000e+00
      5.665    15.3550     6.4714     64.657  30.706962     38.056      6.542   218.2730     2.0178     4.4083     0.0219      0.091      5.556      8.058        533 2.4514e-01 0.0000e+00
      5.685    15.3527     6.4794     64.738  30.682890     37.989      6.547   218.5001     1.9652     4.3412     0.0219      0.086      5.577      8.089        534 2.6959e-01 0.0000e+00
      5.710    15.3530     6.4834     64.776  30.705414     38.061      6.548   218.5380     2.0016     4.5023     0.0219      0.081      5.600      8.122        535 2.6473e-01 0.0000e+00
      5.736    15.3528     6.4788     64.728  30.678934     37.994      6.549   218.9923     2.0016     4.3143     0.0219      0.081      5.625      8.158        536 2.2371e-01 0.0000e+00
      5.761    15.3518     6.4763     64.704  30.656544     37.994      6.549   218.9544     2.0097     4.3546     0.0219      0.083      5.650      8.195        537 2.3686e-01 0.0000e+00
      5.787    15.3509     6.4775     64.719  30.673975     37.994      6.548   218.2730     1.8803     4.3278     0.0219      0.087      5.675      8.231        538 2.1584e-01 0.0000e+00
      5.814    15.3490     6.4705     64.650  30.716544     38.064      6.546   217.8565     1.8803     4.4352     0.0219      0.092      5.700      8.268        539 2.0208e-01 0.0000e+00
      5.837    15.3473     6.4685     64.630  30.781480     38.134      6.544   217.8565     1.8925     4.3546     0.0219      0.096      5.724      8.303        540 2.3042e-01 0.0000e+00
      5.862    15.3456     6.4678     64.623  30.771075     38.136      6.547   217.7051     1.8965     4.4486     0.0219      0.098      5.749      8.338        541 2.2061e-01 0.0000e+00
      5.888    15.3433     6.4650     64.596  30.729491     38.068      6.547   218.0458     1.7307     4.3278     0.0219      0.099      5.774      8.374        542 2.0125e-01 0.0000e+00
      5.912    15.3421     6.4584     64.529  30.773927     38.139      6.546   218.1594     1.7469     4.4621     0.0219      0.099      5.798      8.409        543 2.0743e-01 0.0000e+00
      5.937    15.3424     6.4633     64.575  30.775080     38.141      6.546   218.6894     1.7833     4.3815     0.0219      0.099      5.822      8.444        544 2.1296e-01 0.0000e+00
      5.961    15.3415     6.4620     64.557  30.728057     38.073      6.546   219.0680     1.7428     4.3546     0.0219      0.098      5.846      8.479        545 1.8127e-01 0.0000e+00
      5.986    15.3400     6.4701     64.633  30.773144     38.142      6.545   219.5223     1.6781     4.3815     0.0219      0.097      5.871      8.515        546 1.7975e-01 0.0000e+00
      6.012    15.3407     6.4718     64.650  30.778274     38.143      6.546   219.5980     1.6903     4.3815     0.0219      0.097      5.895      8.550        547 1.9151e-01 0.0000e+00
      6.036    15.3427     6.4718     64.649  30.721673     38.075      6.544   219.8630     1.7064     4.3546     0.0219      0.098      5.920      8.586        548 1.5138e-01 0.0000e+00
      6.063    15.3440     6.4641     64.571  30.724977     38.074      6.544   219.7115     1.7145     4.4083     0.0219      0.098      5.945      8.621        549 1.5953e-01 0.0000e+00
      6.086    15.3438     6.4599     64.528  30.714859     38.073      6.542   219.8251     1.6862     4.3143     0.0219      0.098      5.967      8.654        550 1.6062e-01 0.0000e+00
      6.105    15.3435     6.4519     64.446  30.734264     38.071      6.546   219.2194     1.6984     4.4352     0.0219      0.096      5.986      8.683        551 1.5090e-01 0.0000e+00
      6.123    15.3440     6.4442     64.368  30.760131     38.141      6.543   219.7494     1.6822     4.3815     0.0219      0.093      6.005      8.710        552 1.8928e-01 0.0000e+00
      6.143    15.3436     6.4348     64.261  30.682669     38.003      6.544   219.9765     1.6943     4.4352     0.0219      0.090      6.025      8.739        553 1.7436e-01 0.0000e+00
      6.165    15.3412     6.4293     64.194  30.712059     38.071      6.541   220.2794     1.6458     4.1801     0.0219      0.087      6.048      8.772        554 1.4289e-01 0.0000e+00
      6.193    15.3372     6.4308     64.204  30.782859     38.141      6.540   219.7873     1.6418     4.1398     0.0219      0.086      6.073      8.808        555 1.5693e-01 0.0000e+00
      6.219    15.3341     6.4231     64.117  30.772471     38.143      6.534   219.9387     1.6013     4.2741     0.0219      0.086      6.098      8.844        556 1.6771e-01 0.0000e+00
      6.243    15.3339     6.4260     64.123  30.843594     38.216      6.531   220.3173     1.6458     4.2338     0.0220      0.087      6.121      8.878        557 1.6132e-01 0.0000e+00
      6.264    15.3337     6.4230     64.072  30.812954     38.219      6.530   220.5065     1.6134     4.1398     0.0220      0.090      6.143      8.909        558 1.5108e-01 0.0000e+00
      6.286    15.3328     6.4208     64.040  30.751300     38.081      6.533   219.8630     1.5609     4.4083     0.0219      0.091      6.163      8.939        559 1.2726e-01 0.0000e+00
      6.305    15.3319     6.4215     64.042  30.801718     38.220      6.528   220.4687     1.5326     4.3815     0.0220      0.092      6.183      8.969        560 1.2552e-01 0.0000e+00
      6.326    15.3311     6.4213     64.038  30.809513     38.151      6.529   220.7337     1.5771     4.4889     0.0219      0.090      6.204      8.999        561 1.3830e-01 0.0000e+00
      6.349    15.3289     6.4159     63.977  30.800901     38.221      6.527   220.7337     1.5487     4.4621     0.0220      0.088      6.226      9.030        562 1.3075e-01 0.0000e+00
      6.371    15.3204     6.4123     63.929  30.812438     38.153      6.530   220.4687     1.5568     4.3412     0.0219      0.086      6.250      9.064        563 1.2608e-01 0.0000e+00
      6.397    15.3113     6.4038     63.836  31.002720     38.466      6.530   220.1658     1.5568     4.3815     0.0221      0.085      6.275      9.101        564 1.2593e-01 0.0000e+00
      6.427    15.3076     6.4052     63.840  31.068180     38.510      6.528   219.1815     1.5609     4.3815     0.0221      0.088      6.303      9.142        565 1.2556e-01 0.0000e+00
      6.459    15.3000     6.3928     63.710  31.027495     38.484      6.530   219.6737     1.5568     4.4083     0.0221      0.094      6.332      9.183        566 1.2579e-01 0.0000e+00
      6.484    15.2833     6.3809     63.586  31.260920     38.764      6.527   219.6737     1.6337     4.4352     0.0222      0.098      6.358      9.221        567 1.2570e-01 0.0000e+00
      6.507    15.2686     6.3750     63.525  31.548650     39.153      6.528   219.4087     1.6296     4.3815     0.0223      0.102      6.380      9.253        568 1.2581e-01 0.0000e+00
      6.527    15.2612     6.3728     63.505  31.677609     39.308      6.531   220.0144     1.5851     4.4083     0.0224      0.102      6.400      9.282        569 1.2570e-01 0.0000e+00
      6.542    15.2573     6.3661     63.433  31.663840     39.322      6.529   219.7494     1.6256     4.3815     0.0224      0.099      6.417      9.307        570 1.2567e-01 0.0000e+00
      6.561    15.2558     6.3559     63.324  31.654750     39.295      6.533   218.5380     1.8480     4.2338     0.0224      0.094      6.435      9.334        571 1.2575e-01 0.0000e+00
      6.585    15.2503     6.3545     63.304  31.659272     39.333      6.533   217.9701     1.7995     4.2069     0.0224      0.089      6.457      9.367        572 1.2590e-01 0.0000e+00
      6.609    15.2423     6.3444     63.200  31.806478     39.474      6.534   218.0837     1.8237     4.1532     0.0225      0.085      6.482      9.402        573 1.2573e-01 0.0000e+00
      6.637    15.2358     6.3521     63.277  31.886699     39.652      6.534   217.5915     1.7833     4.1801     0.0225      0.084      6.509      9.441        574 1.2569e-01 0.0000e+00
      6.668    15.2294     6.3400     63.156  31.826320     39.487      6.526   218.1215     1.7873     4.1801     0.0225      0.087      6.539      9.484        575 1.2560e-01 0.0000e+00
      6.699    15.2242     6.3337     63.091  31.881623     39.667      6.522   217.6294     1.7388     4.1129     0.0225      0.093      6.567      9.526        576 1.2566e-01 0.0000e+00
      6.726    15.2198     6.3232     62.987  31.995797     39.708      6.521   217.4401     1.7469     4.2203     0.0226      0.100      6.592      9.562        577 1.2583e-01 0.0000e+00
      6.742    15.2186     6.3151     62.904  32.099382     39.956      6.517   216.8344     1.7550     4.2069     0.0227      0.103      6.611      9.590        578 1.2571e-01 0.0000e+00
      6.759    15.2193     6.3091     62.841  32.019598     39.752      6.517   215.2444     1.7631     4.1532     0.0226      0.102      6.630      9.615        579 1.2554e-01 0.0000e+00
      6.780    15.2162     6.2957     62.702  32.006128     39.823      6.516   214.4872     1.6984     4.4755     0.0226      0.098      6.650      9.645        580 1.2555e-01 0.0000e+00
      6.806    15.2106     6.2964     62.701  32.234759     40.030      6.514   214.1087     1.6862     4.4218     0.0227      0.094      6.674      9.679        581 1.2570e-01 0.0000e+00
      6.830    15.2062     6.2917     62.648  32.595032     40.555      6.513   213.9194     1.6781     4.3815     0.0229      0.090      6.698      9.714        582 1.2581e-01 0.0000e+00
      6.853    15.2037     6.2897     62.619  32.684629     40.630      6.508   214.2980     1.6903     4.3681     0.0229      0.087      6.720      9.746        583 1.2570e-01 0.0000e+00
      6.873    15.2034     6.2763     62.468  32.568070     40.495      6.505   213.2001     1.6256     4.3815     0.0229      0.085      6.740      9.775        584 1.2567e-01 0.0000e+00
      6.892    15.2030     6.2598     62.297  32.562163     40.498      6.505   213.3137     1.6337     4.4755     0.0229      0.085      6.760      9.804        585 1.2571e-01 0.0000e+00
      6.915    15.2019     6.2411     62.102  32.632674     40.568      6.506   212.5944     1.6337     4.4755     0.0229      0.086      6.780      9.834        586 1.2561e-01 0.0000e+00
      6.934    15.2018     6.2058     61.738  32.717556     40.707      6.502   212.0265     1.6134     4.3681     0.0230      0.086      6.800      9.863        587 1.2565e-01 0.0000e+00
      6.954    15.2008     6.1586     61.239  32.575147     40.500      6.502   210.1715     1.7550     4.4083     0.0229      0.084      6.821      9.893        588 1.2567e-01 0.0000e+00
      6.979    15.1979     6.1209     60.824  32.691283     40.639      6.502   209.3387     1.7752     4.3815     0.0229      0.083      6.843      9.925        589 1.2563e-01 0.0000e+00
      7.001    15.1936     6.0324     59.915  33.017846     41.091      6.498   208.0136     1.7752     4.4083     0.0231      0.083      6.865      9.958        590 1.2567e-01 0.0000e+00
      7.023    15.1878     5.9070     58.652  33.295626     41.373      6.500   207.5594     1.7833     4.3546     0.0233      0.083      6.886      9.988        591 1.2564e-01 0.0000e+00
      7.043    15.1835     5.6930     56.512  33.650419     41.898      6.499   207.1808     1.6984     4.1801     0.0235      0.084      6.906     10.017        592 1.2570e-01 0.0000e+00
      7.062    15.1756     5.4140     53.710  33.762534     41.974      6.501   206.4615     1.7226     4.1532     0.0235      0.084      6.925     10.044        593 1.2567e-01 0.0000e+00
      7.081    15.1640     5.0841     50.402  34.372001     42.743      6.498   206.0072     1.6903     4.1935     0.0238      0.083      6.945     10.073        594 1.2558e-01 0.0000e+00
      7.103    15.1572     4.6785     46.268  35.086553     43.725      6.498   205.9694     1.6781     4.2069     0.0242      0.083      6.965     10.103        595 1.2578e-01 0.0000e+00
