Data/DataNotYetUploadedToEDI/Raw_CTD/RawDownloads/101918_bvr50.cnv
* Sea-Bird SBE19plus  Data File:
* FileName = C:\DATA\101518_fcr_0006.hex
* Software version 2.6.3.104
* Temperature SN = 7809
* Conductivity SN = 7809
* System UpLoad Time = Oct 29 2018 16:38:18
* <ApplicationData>
* <Seaterm232>
# nquan = 17
# nvalues = 822                         
# units = specified
# name 0 = depFM: Depth [fresh water, m]
# name 1 = tv290C: Temperature [ITS-90, deg C]
# name 2 = sbeox0Mg/L: Oxygen, SBE 43 [mg/l]
# name 3 = sbeox0PS: Oxygen, SBE 43 [% saturation]
# name 4 = c0uS/cm: Conductivity [uS/cm]
# name 5 = specc: Specific Conductance [uS/cm]
# name 6 = ph: pH
# name 7 = orp: Oxidation Reduction Potential [mV]
# name 8 = flECO-AFL: Fluorescence, WET Labs ECO-AFL/FL [mg/m^3]
# name 9 = turbWETntu0: Turbidity, WET Labs ECO [NTU]
# name 10 = sal00: Salinity, Practical [PSU]
# name 11 = dz/dtM: Descent Rate [m/s]
# name 12 = prdM: Pressure, Strain Gauge [db]
# name 13 = prdE: Pressure, Strain Gauge [psi]
# name 14 = scan: Scan Count
# name 15 = par/sat/log: PAR/Logarithmic, Satlantic
# name 16 = flag:  0.000e+00
# span 0 =     -0.601,     10.063       
# span 1 =     8.5791,    21.5407       
# span 2 =    -0.4921,    10.0807       
# span 3 =     -4.721,    103.665       
# span 4 =  -0.038784, 144.498349       
# span 5 =      0.098,    215.035       
# span 6 =     -1.116,      7.817       
# span 7 = -1240.7455,  1240.2295       
# span 8 =    -0.2466,     8.3380       
# span 9 =    -0.2512,    24.8725       
# span 10 =     0.0106,     0.0997      
# span 11 =     -0.136,      0.227      
# span 12 =     -0.589,      9.868      
# span 13 =     -0.854,     14.312      
# span 14 =          1,        822      
# span 15 = -9.966e+01, 1.9772e+03      
# span 16 = 0.0000e+00, 0.0000e+00      
# interval = seconds: 0.25
# start_time = Oct 19 2018 17:43:16 [Instrument's time stamp, header]
# bad_flag = -9.990e-29
*END*
[from data line 426]
      3.275    15.8655     7.0050     70.791  23.371790     28.596      6.803   276.9138     4.0235     2.2196     0.0181      0.075      3.212      4.659        427 1.2646e+01 0.0000e+00
      3.294    15.8653     6.9992     70.729  23.365259     28.596      6.801   276.4974     4.0275     2.3404     0.0181      0.076      3.231      4.687        428 1.2318e+01 0.0000e+00
      3.316    15.8636     6.9973     70.712  23.306673     28.493      6.800   276.9896     4.0235     2.1927     0.0181      0.077      3.253      4.718        429 1.1996e+01 0.0000e+00
      3.341    15.8603     6.9938     70.680  23.355778     28.596      6.794   277.4817     4.0194     2.2867     0.0181      0.079      3.278      4.755        430 1.1519e+01 0.0000e+00
      3.372    15.8551     6.9898     70.648  23.393070     28.597      6.790   277.4817     4.0235     2.2464     0.0181      0.082      3.306      4.796        431 1.0996e+01 0.0000e+00
      3.405    15.8513     6.9996     70.748  23.408467     28.668      6.784   277.7846     4.0437     2.3673     0.0182      0.088      3.333      4.835        432 1.0786e+01 0.0000e+00
      3.419    15.8492     7.0173     70.919  23.336618     28.535      6.781   277.5574     3.8294     2.3673     0.0181      0.091      3.348      4.857        433 1.0779e+01 0.0000e+00
      3.419    15.8511     7.0259     70.996  23.275002     28.503      6.783   277.4060     3.8253     2.2464     0.0181      0.088      3.352      4.862        434 1.0799e+01 0.0000e+00
      3.417    15.8625     7.0406     71.137  23.307305     28.505      6.783   277.5196     3.8374     2.2464     0.0181      0.079      3.352      4.862        435 1.0850e+01 0.0000e+00
      3.418    15.8749     7.0517     71.242  23.355698     28.606      6.788   277.5953     3.8496     2.3941     0.0181      0.066      3.353      4.863        436 1.0776e+01 0.0000e+00
      3.422    15.8771     7.0599     71.320  23.303698     28.495      6.793   277.4817     3.8577     2.2733     0.0181      0.050      3.356      4.867        437 1.0690e+01 0.0000e+00
      3.426    15.8748     7.0600     71.315  23.283094     28.487      6.790   277.4817     3.5584     2.3002     0.0181      0.034      3.359      4.871        438 1.0705e+01 0.0000e+00
      3.425    15.8755     7.0628     71.340  23.381338     28.588      6.793   277.6710     3.5503     2.2330     0.0181      0.019      3.359      4.872        439 1.0729e+01 0.0000e+00
      3.424    15.8788     7.0565     71.274  23.418559     28.658      6.790   277.8224     3.5746     2.2733     0.0182      0.008      3.359      4.872        440 1.0730e+01 0.0000e+00
      3.426    15.8835     7.0521     71.228  23.384976     28.589      6.794   277.5953     3.5948     2.2867     0.0181      0.005      3.361      4.875        441 1.0724e+01 0.0000e+00
      3.431    15.8847     7.0505     71.211  23.363849     28.587      6.794   277.4438     3.7081     2.3404     0.0181      0.006      3.368      4.884        442 1.0553e+01 0.0000e+00
      3.444    15.8794     7.0484     71.187  23.296647     28.481      6.799   277.4060     3.6838     2.3673     0.0181      0.010      3.380      4.901        443 1.0281e+01 0.0000e+00
      3.462    15.8732     7.0408     71.108  23.290765     28.480      6.798   277.9739     3.6919     2.2733     0.0181      0.017      3.396      4.926        444 1.0104e+01 0.0000e+00
      3.481    15.8678     7.0413     71.111  23.371170     28.586      6.796   277.9739     3.7364     2.4210     0.0181      0.025      3.414      4.952        445 9.8505e+00 0.0000e+00
      3.500    15.8633     7.0431     71.128  23.374428     28.591      6.794   278.4281     3.6393     2.2599     0.0181      0.037      3.432      4.977        446 9.6359e+00 0.0000e+00
      3.517    15.8600     7.0383     71.078  23.316350     28.526      6.794   278.5039     3.6191     2.2733     0.0181      0.048      3.449      5.003        447 9.4747e+00 0.0000e+00
      3.536    15.8565     7.0396     71.091  23.295245     28.495      6.788   278.6931     3.6474     2.2867     0.0181      0.058      3.469      5.031        448 9.1728e+00 0.0000e+00
      3.560    15.8536     7.0308     71.001  23.371056     28.600      6.790   278.8446     3.6676     2.2330     0.0181      0.068      3.491      5.063        449 8.8657e+00 0.0000e+00
      3.583    15.8523     7.0230     70.924  23.370212     28.602      6.784   279.1853     3.5948     2.3673     0.0181      0.074      3.512      5.094        450 8.6762e+00 0.0000e+00
      3.600    15.8513     7.0187     70.880  23.296296     28.502      6.781   278.9581     3.5787     2.3002     0.0181      0.077      3.530      5.119        451 8.5026e+00 0.0000e+00
      3.616    15.8503     7.0114     70.804  23.285198     28.503      6.780   279.4503     3.5989     2.3404     0.0181      0.077      3.546      5.143        452 8.3304e+00 0.0000e+00
      3.634    15.8489     7.0044     70.731  23.295102     28.503      6.782   279.1096     3.5948     2.3673     0.0181      0.076      3.563      5.168        453 8.1676e+00 0.0000e+00
      3.650    15.8473     6.9972     70.658  23.372894     28.607      6.783   278.7310     3.5746     2.2330     0.0181      0.075      3.581      5.194        454 7.9680e+00 0.0000e+00
      3.671    15.8459     6.9897     70.586  23.366232     28.608      6.783   278.8067     3.7323     2.5284     0.0181      0.075      3.600      5.222        455 7.7740e+00 0.0000e+00
      3.693    15.8452     6.9805     70.495  23.303394     28.506      6.780   278.9581     3.6838     2.5016     0.0181      0.074      3.621      5.253        456 7.5580e+00 0.0000e+00
      3.715    15.8447     6.9761     70.452  23.362174     28.610      6.779   279.1096     3.7040     2.4747     0.0181      0.073      3.644      5.285        457 7.3719e+00 0.0000e+00
      3.739    15.8442     6.9669     70.359  23.382002     28.610      6.782   279.1096     3.7000     2.5150     0.0181      0.076      3.668      5.319        458 7.1698e+00 0.0000e+00
      3.765    15.8440     6.9602     70.292  23.367640     28.611      6.779   279.5260     3.6838     2.3673     0.0181      0.081      3.693      5.356        459 6.9097e+00 0.0000e+00
      3.794    15.8445     6.9577     70.266  23.380048     28.611      6.775   279.7531     3.6959     2.2062     0.0181      0.087      3.720      5.396        460 6.6880e+00 0.0000e+00
      3.823    15.8444     6.9698     70.385  23.366559     28.611      6.772   279.8289     3.7161     2.2733     0.0181      0.093      3.747      5.435        461 6.4666e+00 0.0000e+00
      3.847    15.8425     6.9751     70.437  23.384427     28.611      6.772   280.5103     3.7283     2.2330     0.0181      0.098      3.772      5.470        462 6.2522e+00 0.0000e+00
      3.868    15.8407     6.9897     70.583  23.357813     28.611      6.768   280.3210     3.4735     2.4479     0.0181      0.099      3.792      5.498        463 6.1005e+00 0.0000e+00
      3.883    15.8413     6.9924     70.610  23.310759     28.509      6.768   280.1696     3.4573     2.5150     0.0181      0.098      3.808      5.522        464 6.0069e+00 0.0000e+00
      3.898    15.8436     6.9981     70.669  23.354065     28.613      6.768   280.7374     3.4573     2.5150     0.0181      0.093      3.823      5.546        465 5.8818e+00 0.0000e+00
      3.916    15.8450     7.0019     70.710  23.392843     28.613      6.766   280.7753     3.4412     2.5687     0.0181      0.087      3.841      5.572        466 5.7328e+00 0.0000e+00
      3.939    15.8455     7.0020     70.712  23.351422     28.611      6.764   280.8131     3.4129     2.3673     0.0181      0.081      3.864      5.604        467 5.5475e+00 0.0000e+00
      3.966    15.8458     7.0068     70.757  23.316690     28.508      6.766   280.8889     3.3684     2.3807     0.0181      0.079      3.890      5.642        468 5.3309e+00 0.0000e+00
      3.995    15.8460     7.0024     70.712  23.406425     28.678      6.760   281.3810     3.4007     2.3270     0.0182      0.080      3.917      5.681        469 5.1978e+00 0.0000e+00
      4.021    15.8452     7.0138     70.826  23.387951     28.610      6.759   281.3053     3.3603     2.2464     0.0181      0.084      3.944      5.719        470 5.0503e+00 0.0000e+00
      4.048    15.8435     7.0076     70.763  23.369322     28.610      6.757   281.7974     3.3886     2.3136     0.0181      0.090      3.969      5.757        471 4.8560e+00 0.0000e+00
      4.075    15.8421     7.0099     70.785  23.370327     28.610      6.752   281.7974     3.4129     2.2733     0.0181      0.097      3.991      5.790        472 4.7464e+00 0.0000e+00
      4.087    15.8414     7.0015     70.699  23.297778     28.509      6.751   281.5324     3.3926     2.2733     0.0181      0.099      4.006      5.810        473 4.7297e+00 0.0000e+00
      4.092    15.8413     6.9964     70.644  23.281765     28.510      6.752   281.3053     3.3603     2.3404     0.0181      0.093      4.014      5.822        474 4.7006e+00 0.0000e+00
      4.099    15.8420     6.9952     70.631  23.301333     28.510      6.755   281.7217     3.3724     2.2062     0.0181      0.082      4.022      5.833        475 4.6826e+00 0.0000e+00
      4.111    15.8435     6.9905     70.582  23.362349     28.613      6.755   281.3431     3.3886     2.3136     0.0181      0.070      4.032      5.849        476 4.6310e+00 0.0000e+00
      4.125    15.8440     6.9908     70.585  23.324395     28.544      6.759   281.6081     3.3684     2.3539     0.0181      0.060      4.047      5.870        477 4.5113e+00 0.0000e+00
      4.145    15.8428     6.9857     70.536  23.289285     28.509      6.761   281.7974     3.4088     2.1927     0.0181      0.053      4.065      5.895        478 4.3887e+00 0.0000e+00
      4.164    15.8417     6.9862     70.543  23.376401     28.611      6.764   281.3431     3.3886     2.1927     0.0181      0.050      4.085      5.924        479 4.2694e+00 0.0000e+00
      4.186    15.8412     6.9911     70.589  23.364182     28.612      6.764   281.7974     3.4533     2.2867     0.0181      0.053      4.106      5.955        480 4.1811e+00 0.0000e+00
      4.210    15.8408     6.9887     70.563  23.304493     28.510      6.765   282.2139     3.4210     2.2733     0.0181      0.061      4.128      5.988        481 4.0845e+00 0.0000e+00
      4.232    15.8405     6.9798     70.470  23.361765     28.613      6.764   282.2896     3.4290     2.2464     0.0181      0.071      4.153      6.023        482 3.9538e+00 0.0000e+00
      4.263    15.8394     6.9833     70.502  23.381831     28.613      6.758   282.9332     3.4614     2.3270     0.0181      0.080      4.182      6.066        483 3.7415e+00 0.0000e+00
      4.299    15.8376     6.9919     70.588  23.368441     28.614      6.750   283.1603     3.5018     2.2464     0.0181      0.091      4.212      6.110        484 3.5981e+00 0.0000e+00
      4.324    15.8364     7.0066     70.734  23.289506     28.512      6.746   283.4253     3.5423     2.1793     0.0181      0.098      4.234      6.141        485 3.5610e+00 0.0000e+00
      4.330    15.8360     7.0269     70.937  23.302221     28.513      6.743   282.9332     3.5140     2.2464     0.0181      0.098      4.244      6.156        486 3.5252e+00 0.0000e+00
      4.332    15.8357     7.0478     71.146  23.352618     28.616      6.742   282.8574     3.5140     2.2733     0.0181      0.091      4.250      6.165        487 3.5149e+00 0.0000e+00
      4.341    15.8367     7.0676     71.344  23.315710     28.514      6.747   283.1603     3.5018     2.3136     0.0181      0.081      4.259      6.178        488 3.4724e+00 0.0000e+00
      4.356    15.8377     7.0884     71.552  23.407434     28.685      6.747   283.0846     3.5301     2.4210     0.0182      0.071      4.273      6.199        489 3.3990e+00 0.0000e+00
      4.377    15.8362     7.1027     71.696  23.386672     28.616      6.751   283.2360     3.5382     2.3136     0.0181      0.062      4.292      6.225        490 3.2978e+00 0.0000e+00
      4.397    15.8346     7.1067     71.734  23.311907     28.547      6.752   282.7817     3.5342     2.2867     0.0181      0.055      4.312      6.255        491 3.2098e+00 0.0000e+00
      4.419    15.8328     7.1132     71.797  23.292993     28.514      6.753   283.5767     3.7525     2.2733     0.0181      0.053      4.332      6.285        492 3.1175e+00 0.0000e+00
      4.439    15.8307     7.1173     71.835  23.291649     28.515      6.753   283.7660     3.7970     2.2330     0.0181      0.058      4.352      6.312        493 3.0592e+00 0.0000e+00
      4.455    15.8298     7.1190     71.846  23.283942     28.516      6.751   283.5767     3.7566     2.2733     0.0181      0.067      4.369      6.337        494 3.0286e+00 0.0000e+00
      4.471    15.8288     7.1217     71.871  23.243306     28.449      6.751   283.9174     3.7768     2.2464     0.0181      0.072      4.389      6.366        495 2.9370e+00 0.0000e+00
      4.501    15.8272     7.1365     72.019  23.282939     28.518      6.751   284.0689     3.7687     2.3404     0.0181      0.077      4.415      6.404        496 2.8206e+00 0.0000e+00
      4.534    15.8255     7.1446     72.100  23.293899     28.519      6.744   284.6367     4.0396     2.5150     0.0181      0.083      4.444      6.445        497 2.7331e+00 0.0000e+00
      4.558    15.8244     7.1473     72.122  23.288948     28.520      6.742   284.5610     4.0356     2.5284     0.0181      0.087      4.469      6.481        498 2.6777e+00 0.0000e+00
      4.581    15.8234     7.1503     72.147  23.318742     28.556      6.741   284.7124     4.0396     2.5956     0.0181      0.091      4.491      6.513        499 2.6049e+00 0.0000e+00
      4.601    15.8226     7.1485     72.120  23.286461     28.522      6.739   284.3717     4.0396     2.4747     0.0181      0.093      4.511      6.543        500 2.5472e+00 0.0000e+00
      4.619    15.8218     7.1498     72.123  23.240200     28.454      6.739   284.3717     4.1448     2.3404     0.0181      0.094      4.530      6.570        501 2.4800e+00 0.0000e+00
      4.637    15.8201     7.1429     72.046  23.228112     28.455      6.738   284.7124     4.1488     2.4210     0.0181      0.093      4.549      6.598        502 2.4255e+00 0.0000e+00
      4.659    15.8170     7.1324     71.932  23.242225     28.456      6.741   284.9396     4.1529     2.2196     0.0181      0.090      4.571      6.630        503 2.3728e+00 0.0000e+00
      4.687    15.8139     7.1188     71.790  23.222637     28.457      6.737   285.4696     4.1245     2.2196     0.0181      0.086      4.598      6.669        504 2.2628e+00 0.0000e+00
      4.721    15.8119     7.1056     71.655  23.252488     28.459      6.728   285.5453     4.2135     2.3807     0.0181      0.087      4.628      6.712        505 2.2114e+00 0.0000e+00
      4.749    15.8111     7.1039     71.637  23.293998     28.564      6.726   285.8103     4.2216     2.2599     0.0181      0.092      4.656      6.752        506 2.1390e+00 0.0000e+00
      4.771    15.8106     7.0786     71.373  23.259901     28.462      6.724   285.6967     4.2297     2.3002     0.0181      0.096      4.678      6.785        507 2.0623e+00 0.0000e+00
      4.791    15.8078     7.0691     71.268  23.265282     28.532      6.724   285.8482     4.2216     2.3270     0.0181      0.098      4.697      6.813        508 2.0510e+00 0.0000e+00
      4.808    15.8035     7.0512     71.084  23.257662     28.463      6.721   286.3782     4.1326     2.3002     0.0181      0.098      4.715      6.839        509 2.0032e+00 0.0000e+00
      4.827    15.7978     7.0343     70.907  23.269385     28.534      6.720   286.3024     4.1609     2.3136     0.0181      0.095      4.733      6.866        510 1.9420e+00 0.0000e+00
