Data/DataNotYetUploadedToEDI/Raw_CTD/RawDownloads/101918_fcr50.cnv
* Sea-Bird SBE19plus  Data File:
* FileName = C:\DATA\101518_fcr_0007.hex
* Software version 2.6.3.104
* Temperature SN = 7809
* Conductivity SN = 7809
* System UpLoad Time = Oct 29 2018 16:38:43
* <ApplicationData>
* <Seaterm232>
# nquan = 17
# nvalues = 728                         
# units = specified
# name 0 = depFM: Depth [fresh water, m]
# name 1 = tv290C: Temperature [ITS-90, deg C]
# name 2 = sbeox0Mg/L: Oxygen, SBE 43 [mg/l]
# name 3 = sbeox0PS: Oxygen, SBE 43 [% saturation]
# name 4 = c0uS/cm: Conductivity [uS/cm]
# name 5 = specc: Specific Conductance [uS/cm]
# name 6 = ph: pH
# name 7 = orp: Oxidation Reduction Potential [mV]
# name 8 = flECO-AFL: Fluorescence, WET Labs ECO-AFL/FL [mg/m^3]
# name 9 = turbWETntu0: Turbidity, WET Labs ECO [NTU]
# name 10 = sal00: Salinity, Practical [PSU]
# name 11 = dz/dtM: Descent Rate [m/s]
# name 12 = prdM: Pressure, Strain Gauge [db]
# name 13 = prdE: Pressure, Strain Gauge [psi]
# name 14 = scan: Scan Count
# name 15 = par/sat/log: PAR/Logarithmic, Satlantic
# name 16 = flag:  0.000e+00
# span 0 =     -0.545,      9.561       
# span 1 =    12.8950,    18.6968       
# span 2 =    -0.7063,     9.9736       
# span 3 =     -6.871,    101.839       
# span 4 =   0.016718, 165.725727       
# span 5 =      0.232,    218.605       
# span 6 =      5.866,      7.645       
# span 7 =   -58.0471,  1240.2295       
# span 8 =    -0.5095,     3.5342       
# span 9 =    -0.2512,    16.0101       
# span 10 =     0.0088,     0.1034      
# span 11 =     -0.170,      0.268      
# span 12 =     -0.534,      9.375      
# span 13 =     -0.775,     13.596      
# span 14 =          1,        728      
# span 15 = 1.2550e-01, 1.4148e+03      
# span 16 = 0.0000e+00, 0.0000e+00      
# interval = seconds: 0.25
# start_time = Oct 19 2018 19:18:46 [Instrument's time stamp, header]
# bad_flag = -9.990e-29
*END*
[from data line 86]
      0.291    16.1700     5.4710     55.639  31.778836     38.601      6.895   211.4587     2.5435     4.3815     0.0224      0.063      0.286      0.414         87 5.7105e+01 0.0000e+00
      0.292    16.1691     5.4824     55.744  31.735344     38.530      6.895   211.8751     2.4990     4.1532     0.0224      0.046      0.287      0.416         88 5.5426e+01 0.0000e+00
      0.295    16.1702     5.4830     55.762  31.748397     38.563      6.893   213.0865     2.5152     4.2069     0.0224      0.030      0.289      0.419         89 5.4969e+01 0.0000e+00
      0.297    16.1768     5.4830     55.907  31.732938     38.530      6.893   213.9194     2.5233     4.1801     0.0224      0.017      0.291      0.422         90 5.3749e+01 0.0000e+00
      0.298    16.1803     5.4783     55.970  31.724928     38.529      6.892   214.1844     2.5354     4.2875     0.0224      0.008      0.292      0.424         91 5.2330e+01 0.0000e+00
      0.298    16.1750     5.4767     55.989  31.728712     38.522      6.887   214.3358     2.4950     4.1398     0.0224      0.004      0.293      0.425         92 5.1479e+01 0.0000e+00
      0.300    16.1691     5.4873     56.102  31.728229     38.520      6.889   214.0708     2.7295     4.1264     0.0224      0.004      0.294      0.427         93 5.1169e+01 0.0000e+00
      0.303    16.1654     5.5050     56.294  31.725528     38.524      6.887   214.7901     2.7254     4.1532     0.0224      0.006      0.298      0.431         94 5.0097e+01 0.0000e+00
      0.307    16.1653     5.5282     56.552  31.702419     38.497      6.885   216.5694     2.7254     4.2338     0.0224      0.007      0.303      0.439         95 4.9681e+01 0.0000e+00
      0.315    16.1692     5.5475     56.769  31.668031     38.464      6.885   216.4558     2.7254     4.2338     0.0224      0.009      0.313      0.454         96 4.7449e+01 0.0000e+00
      0.335    16.1751     5.5618     56.925  31.679369     38.467      6.879   217.6294     2.7699     4.3546     0.0224      0.016      0.329      0.477         97 4.4984e+01 0.0000e+00
      0.355    16.1619     5.5720     57.033  31.717963     38.528      6.863   218.4623     2.7780     4.4755     0.0224      0.025      0.346      0.501         98 4.4413e+01 0.0000e+00
      0.370    16.1799     5.5617     56.934  31.738610     38.526      6.851   217.8565     2.8063     4.5023     0.0224      0.035      0.353      0.511         99 4.4188e+01 0.0000e+00
      0.355    16.2937     5.5370     56.689  31.831592     38.669      6.832   218.1215     2.7538     4.3546     0.0225      0.037      0.335      0.486        100 4.5450e+01 0.0000e+00
      0.299    16.3919     5.5063     56.371  31.958086     38.797      6.822   218.8787     2.6001     4.4083     0.0225      0.021      0.287      0.417        101 5.1262e+01 0.0000e+00
      0.225    16.4199     5.4664     55.959  31.907358     38.647      6.824   219.1437     2.5920     4.3681     0.0225     -0.015      0.224      0.325        102 5.8096e+01 0.0000e+00
      0.162    16.4262     5.4268     55.546  31.865030     38.458      6.832   218.9544     2.5799     4.5158     0.0224     -0.060      0.168      0.243        103 6.6606e+01 0.0000e+00
      0.126    16.4339     5.3967     55.231  31.892113     38.531      6.842   219.1437     2.6082     4.4083     0.0225     -0.105      0.130      0.188        104 6.6399e+01 0.0000e+00
      0.111    16.4518     5.3773     55.022  31.873636     38.426      6.841   220.3930     2.9074     4.4486     0.0224     -0.139      0.105      0.152        105 9.2388e+01 0.0000e+00
      0.082    16.4676     5.3575     54.804  31.888017     38.519      6.838   220.2794     2.8912     4.3815     0.0225     -0.161      0.078      0.112        106 1.3843e+02 0.0000e+00
      0.043    16.4759     5.3429     54.642  31.874210     38.402      6.838   220.3930     2.9074     4.4889     0.0224     -0.170      0.048      0.069        107 1.3033e+02 0.0000e+00
      0.026    16.4794     5.3294     54.494  31.890813     38.488      6.831   221.2258     2.9115     4.4621     0.0225     -0.158      0.023      0.033        108 1.0328e+02 0.0000e+00
     -0.004    16.4856     5.3171     54.363  31.867348     38.379      6.822   221.6044     3.3199     4.2069     0.0224     -0.137      0.003      0.005        109 1.0414e+02 0.0000e+00
     -0.009    16.4905     5.3045     54.238  31.814446     38.376      6.821   222.6644     3.2916     4.1801     0.0224     -0.111     -0.005     -0.007        110 1.0290e+02 0.0000e+00
     -0.002    16.4884     5.2860     54.055  31.808382     38.303      6.814   222.4373     3.2956     4.1532     0.0224     -0.088     -0.003     -0.005        111 1.0409e+02 0.0000e+00
     -0.002    16.4843     5.2690     53.881  31.815588     38.365      6.816   223.0808     3.3077     4.1935     0.0224     -0.070     -0.001     -0.002        112 1.1589e+02 0.0000e+00
     -0.000    16.4787     5.2416     53.595  31.805476     38.301      6.817   222.8915     3.3037     4.1801     0.0224     -0.054     -0.001     -0.002        113 1.0150e+02 0.0000e+00
     -0.003    16.4723     5.2144     53.310  31.850619     38.405      6.817   221.6801     3.3805     4.1935     0.0225     -0.034     -0.004     -0.006        114 1.0005e+02 0.0000e+00
     -0.010    16.4637     5.1875     53.028  31.848369     38.377      6.814   222.5130     3.3886     4.1264     0.0224     -0.019     -0.009     -0.013        115 1.0642e+02 0.0000e+00
     -0.014    16.4505     5.1590     52.735  31.778625     38.315      6.814   222.5508     3.3563     4.2069     0.0224     -0.011     -0.011     -0.017        116 1.0040e+02 0.0000e+00
     -0.010    16.4391     5.1207     52.343  31.789153     38.323      6.813   222.6644     3.3805     4.2875     0.0224     -0.004     -0.010     -0.015        117 1.0380e+02 0.0000e+00
     -0.007    16.4305     5.0842     51.974  31.835272     38.403      6.810   223.5351     3.3482     4.5023     0.0224     -0.004     -0.007     -0.010        118 1.0679e+02 0.0000e+00
     -0.004    16.4262     5.0538     51.670  31.839847     38.413      6.809   224.4058     3.3522     4.4083     0.0224     -0.004     -0.005     -0.006        119 1.0473e+02 0.0000e+00
     -0.003    16.4293     5.0143     51.273  31.872424     38.455      6.808   223.4594     3.3805     4.3681     0.0225     -0.002     -0.004     -0.006        120 1.1420e+02 0.0000e+00
     -0.006    16.4347     4.9769     50.895  31.913348     38.527      6.805   223.8001     3.3441     4.3546     0.0225     -0.000     -0.006     -0.008        121 1.3866e+02 0.0000e+00
     -0.008    16.4347     4.9355     50.475  31.848225     38.423      6.805   223.9894     3.5018     4.4755     0.0224      0.001     -0.007     -0.010        122 1.4513e+02 0.0000e+00
     -0.008    16.4297     4.8946     50.060  31.834855     38.417      6.805   224.6330     3.5180     4.4083     0.0224      0.003     -0.007     -0.010        123 1.4410e+02 0.0000e+00
     -0.007    16.4227     4.8578     49.686  31.841028     38.418      6.805   225.0873     3.4937     4.3009     0.0224      0.002     -0.006     -0.009        124 1.3794e+02 0.0000e+00
     -0.005    16.4171     4.8208     49.311  31.840542     38.422      6.800   224.9737     3.4776     4.3815     0.0224      0.001     -0.004     -0.006        125 1.3522e+02 0.0000e+00
     -0.001    16.4150     4.7890     48.988  31.924419     38.530      6.799   225.2008     3.5180     4.2875     0.0225      0.001     -0.001     -0.002        126 1.3630e+02 0.0000e+00
      0.001    16.4152     4.7541     48.634  31.914566     38.535      6.797   225.4280     3.4937     4.3009     0.0225      0.002      0.001      0.002        127 1.3761e+02 0.0000e+00
      0.004    16.4187     4.7261     48.351  31.852807     38.436      6.795   225.5416     3.4735     4.0995     0.0224      0.004      0.003      0.005        128 1.4537e+02 0.0000e+00
      0.005    16.4249     4.6995     48.081  31.912319     38.537      6.795   225.5794     3.4816     4.2338     0.0225      0.007      0.004      0.006        129 1.4880e+02 0.0000e+00
      0.004    16.4312     4.6792     47.871  31.929463     38.534      6.795   225.9580     3.5140     4.3009     0.0225      0.007      0.003      0.005        130 1.5135e+02 0.0000e+00
      0.002    16.4356     4.6582     47.657  31.920430     38.528      6.794   225.6551     3.5180     4.2875     0.0225      0.006      0.002      0.003        131 1.4602e+02 0.0000e+00
      0.001    16.4388     4.6306     47.383  31.953211     38.556      6.795   227.0180     3.5180     4.2069     0.0225      0.004      0.001      0.001        132 1.3971e+02 0.0000e+00
      0.000    16.4419     4.6084     47.164  31.977623     38.585      6.795   227.0937     3.5342     4.2203     0.0225      0.002      0.001      0.001        133 1.3849e+02 0.0000e+00
      0.001    16.4446     4.5897     46.975  31.979007     38.582      6.795   227.6237     3.5099     4.1264     0.0225     -0.000      0.001      0.001        134 1.3103e+02 0.0000e+00
      0.001    16.4470     4.5771     46.838  31.981142     38.579      6.792   227.8130     3.3643     4.2606     0.0225     -0.002      0.001      0.000        135 1.1547e+02 0.0000e+00
     -0.000    16.4497     4.5650     46.708  31.974965     38.577      6.793   227.5480     3.3805     4.2606     0.0225     -0.002      0.000     -0.001        136 1.0817e+02 0.0000e+00
     -0.001    16.4528     4.5551     46.626  31.986693     38.575      6.790   227.7751     3.3643     4.1532     0.0225     -0.002     -0.000     -0.001        137 1.1123e+02 0.0000e+00
     -0.000    16.4565     4.5383     46.478  31.996200     38.606      6.788   229.1759     3.3724     4.2741     0.0225     -0.002     -0.000     -0.001        138 1.2067e+02 0.0000e+00
     -0.000    16.4581     4.5248     46.347  31.992786     38.569      6.789   229.2137     3.4210     4.1264     0.0225     -0.001     -0.001     -0.002        139 1.2085e+02 0.0000e+00
     -0.004    16.4558     4.5175     46.276  32.020592     38.633      6.785   229.4030     3.4331     4.2069     0.0225     -0.002     -0.005     -0.007        140 1.0247e+02 0.0000e+00
     -0.011    16.4571     4.5099     46.208  31.991246     38.564      6.785   228.3809     3.4412     4.2741     0.0225     -0.004     -0.008     -0.011        141 9.7354e+01 0.0000e+00
     -0.008    16.4643     4.4963     46.077  31.969999     38.567      6.788   228.0780     3.4169     4.2203     0.0225     -0.005     -0.005     -0.006        142 1.0315e+02 0.0000e+00
      0.006    16.4725     4.4897     46.008  31.987727     38.565      6.789   228.4187     3.4331     4.3815     0.0225     -0.002      0.005      0.008        143 1.0814e+02 0.0000e+00
      0.017    16.4761     4.4849     45.956  31.998836     38.592      6.778   229.7816     3.4290     4.4083     0.0225      0.004      0.014      0.020        144 1.0513e+02 0.0000e+00
      0.019    16.4673     4.4673     45.777  31.985825     38.551      6.758   230.1601     3.4331     4.4083     0.0225      0.009      0.015      0.023        145 1.0097e+02 0.0000e+00
      0.012    16.4617     4.4542     45.647  32.033569     38.615      6.739   229.3273     3.4493     4.3815     0.0225      0.011      0.010      0.015        146 1.0304e+02 0.0000e+00
      0.001    16.4808     4.4405     45.512  32.028379     38.623      6.732   228.9866     3.4371     4.3815     0.0225      0.009      0.003      0.004        147 1.1826e+02 0.0000e+00
     -0.004    16.5048     4.4193     45.299  31.992287     38.562      6.738   229.1380     3.4129     4.4218     0.0225      0.006     -0.001     -0.002        148 1.3945e+02 0.0000e+00
     -0.001    16.5133     4.3989     45.094  32.019179     38.611      6.745   229.4030     3.4533     4.4218     0.0225      0.002      0.001      0.002        149 1.2340e+02 0.0000e+00
      0.008    16.5169     4.3857     44.962  31.965253     38.487      6.751   229.5544     3.4452     4.3949     0.0225     -0.001      0.008      0.011        150 9.9657e+01 0.0000e+00
      0.016    16.5268     4.3581     44.682  31.970428     38.513      6.754   229.9330     3.3684     4.4083     0.0225     -0.003      0.014      0.019        151 9.8594e+01 0.0000e+00
      0.017    16.5356     4.3481     44.580  31.983081     38.510      6.759   230.4251     3.3684     4.4083     0.0225     -0.001      0.015      0.022        152 9.9090e+01 0.0000e+00
      0.013    16.5347     4.3337     44.435  31.979158     38.501      6.750   230.7659     3.3603     4.4083     0.0225      0.002      0.012      0.018        153 9.8698e+01 0.0000e+00
      0.007    16.5311     4.3177     44.276  32.034613     38.559      6.753   231.3716     3.3441     4.3681     0.0225      0.005      0.007      0.011        154 9.8807e+01 0.0000e+00
      0.003    16.5318     4.2971     44.071  32.032677     38.561      6.758   231.5230     3.3360     4.3546     0.0225      0.005      0.004      0.007        155 9.8955e+01 0.0000e+00
      0.003    16.5367     4.2860     43.959  32.011220     38.530      6.761   230.4630     3.4250     4.2338     0.0225      0.002      0.004      0.007        156 9.9130e+01 0.0000e+00
      0.007    16.5426     4.2825     43.929  32.031664     38.563      6.765   230.7280     3.4290     4.1532     0.0225     -0.001      0.007      0.012        157 9.8839e+01 0.0000e+00
      0.013    16.5472     4.2681     43.785  32.036889     38.559      6.766   230.7280     3.4048     4.1801     0.0225     -0.003      0.011      0.017        158 9.8999e+01 0.0000e+00
      0.014    16.5507     4.2601     43.704  32.034370     38.553      6.765   230.4630     3.4412     4.2338     0.0225     -0.002      0.013      0.018        159 9.8771e+01 0.0000e+00
      0.012    16.5546     4.2523     43.625  32.034797     38.549      6.766   231.1066     3.4695     4.1801     0.0225     -0.000      0.012      0.017        160 9.8641e+01 0.0000e+00
      0.011    16.5575     4.2485     43.584  32.036355     38.546      6.770   231.1444     3.4331     4.1935     0.0225      0.002      0.010      0.014        161 9.8727e+01 0.0000e+00
      0.009    16.5584     4.2406     43.502  32.032428     38.542      6.764   231.7123     3.4250     4.2069     0.0225      0.003      0.007      0.009        162 9.8688e+01 0.0000e+00
     -0.001    16.5609     4.2298     43.392  32.010029     38.506      6.763   230.9930     3.4129     4.1264     0.0225      0.000     -0.001     -0.003        163 9.8919e+01 0.0000e+00
     -0.012    16.5672     4.2158     43.250  32.034577     38.539      6.762   231.2201     3.3805     4.1532     0.0225     -0.006     -0.010     -0.015        164 9.9448e+01 0.0000e+00
     -0.018    16.5732     4.2041     43.133  32.031531     38.536      6.760   231.2201     3.3846     4.1935     0.0225     -0.014     -0.014     -0.021        165 9.9104e+01 0.0000e+00
     -0.014    16.5760     4.2000     43.093  31.984163     38.463      6.762   232.1287     3.3522     4.1801     0.0225     -0.017     -0.012     -0.018        166 9.9459e+01 0.0000e+00
     -0.007    16.5813     4.1877     42.968  31.974910     38.457      6.758   232.9237     3.3967     4.1935     0.0225     -0.016     -0.009     -0.014        167 9.9281e+01 0.0000e+00
     -0.009    16.5857     4.1709     42.794  31.983739     38.455      6.756   232.9616     3.3724     4.2203     0.0225     -0.013     -0.010     -0.015        168 9.8461e+01 0.0000e+00
     -0.016    16.5871     4.1626     42.706  32.002827     38.483      6.747   232.9994     3.3643     4.3009     0.0225     -0.011     -0.015     -0.022        169 9.9616e+01 0.0000e+00
     -0.022    16.5880     4.1531     42.606  32.040113     38.513      6.746   232.5830     3.3643     4.1532     0.0225     -0.010     -0.019     -0.027        170 9.9999e+01 0.0000e+00
