Data/DataNotYetUploadedToEDI/Raw_CTD/RawDownloads/102218_fcr30.cnv
* Sea-Bird SBE19plus  Data File:
* FileName = C:\DATA\101518_fcr_0010.hex
* Software version 2.6.3.104
* Temperature SN = 7809
* Conductivity SN = 7809
* System UpLoad Time = Oct 29 2018 16:39:37
* <ApplicationData>
* <Seaterm232>
# nquan = 17
# nvalues = 520                         
# units = specified
# name 0 = depFM: Depth [fresh water, m]
# name 1 = tv290C: Temperature [ITS-90, deg C]
# name 2 = sbeox0Mg/L: Oxygen, SBE 43 [mg/l]
# name 3 = sbeox0PS: Oxygen, SBE 43 [% saturation]
# name 4 = c0uS/cm: Conductivity [uS/cm]
# name 5 = specc: Specific Conductance [uS/cm]
# name 6 = ph: pH
# name 7 = orp: Oxidation Reduction Potential [mV]
# name 8 = flECO-AFL: Fluorescence, WET Labs ECO-AFL/FL [mg/m^3]
# name 9 = turbWETntu0: Turbidity, WET Labs ECO [NTU]
# name 10 = sal00: Salinity, Practical [PSU]
# name 11 = dz/dtM: Descent Rate [m/s]
# name 12 = prdM: Pressure, Strain Gauge [db]
# name 13 = prdE: Pressure, Strain Gauge [psi]
# name 14 = scan: Scan Count
# name 15 = par/sat/log: PAR/Logarithmic, Satlantic
# name 16 = flag:  0.000e+00
# span 0 =     -0.519,      5.478       
# span 1 =    11.7534,    14.4371       
# span 2 =     5.4299,    10.5852       
# span 3 =     52.767,    103.416       
# span 4 =   0.215781,  29.812962       
# span 5 =      0.276,     38.102       
# span 6 =      1.699,      7.841       
# span 7 = -1240.7455,   692.7000       
# span 8 =    -0.7521,     5.2649       
# span 9 =    -0.6943,   352.8499       
# span 10 =     0.0061,     0.0214      
# span 11 =     -0.154,      0.231      
# span 12 =     -0.509,      5.372      
# span 13 =     -0.738,      7.791      
# span 14 =          1,        520      
# span 15 = 4.2378e-01, 1.8178e+03      
# span 16 = 0.0000e+00, 0.0000e+00      
# interval = seconds: 0.25
# start_time = Oct 22 2018 15:07:46 [Instrument's time stamp, header]
# bad_flag = -9.990e-29
*END*
[from data line 341]
      2.297    14.2160     7.1576     69.779  29.468930     37.559      6.760   283.5389     4.4683     4.0592     0.0213      0.093      2.252      3.266        342 2.4147e+01 0.0000e+00
      2.312    14.2142     7.1518     69.721  29.536154     37.668      6.758   283.5389     4.4440     4.2472     0.0213      0.086      2.267      3.288        343 2.3776e+01 0.0000e+00
      2.324    14.2136     7.1430     69.634  29.477099     37.564      6.762   283.4632     4.4157     4.0592     0.0213      0.077      2.278      3.305        344 2.3617e+01 0.0000e+00
      2.333    14.2135     7.1351     69.558  29.542423     37.672      6.761   283.8039     4.7634     3.9115     0.0213      0.068      2.290      3.322        345 2.3478e+01 0.0000e+00
      2.349    14.2132     7.1337     69.544  29.543811     37.673      6.764   283.4632     4.7837     4.0592     0.0213      0.063      2.307      3.346        346 2.2705e+01 0.0000e+00
      2.375    14.2120     7.1318     69.525  29.475375     37.566      6.766   283.4253     4.7917     3.9249     0.0213      0.062      2.331      3.381        347 2.1578e+01 0.0000e+00
      2.408    14.2105     7.1493     69.693  29.449693     37.566      6.763   283.6524     4.8120     3.9921     0.0213      0.066      2.360      3.424        348 2.0865e+01 0.0000e+00
      2.439    14.2093     7.1553     69.747  29.427522     37.496      6.757   284.2582     4.8362     3.8444     0.0212      0.073      2.390      3.466        349 2.0273e+01 0.0000e+00
      2.465    14.2097     7.1659     69.851  29.443666     37.569      6.756   284.4853     4.8524     3.9249     0.0213      0.083      2.417      3.504        350 1.9524e+01 0.0000e+00
      2.488    14.2108     7.1708     69.900  29.488902     37.570      6.756   284.3339     4.8807     3.9786     0.0213      0.091      2.439      3.538        351 1.8906e+01 0.0000e+00
      2.510    14.2101     7.1727     69.921  29.519478     37.677      6.755   284.5989     4.8928     3.8981     0.0213      0.098      2.459      3.566        352 1.8516e+01 0.0000e+00
      2.523    14.2087     7.1700     69.894  29.494566     37.569      6.754   284.1446     4.6057     4.1129     0.0213      0.100      2.474      3.589        353 1.8267e+01 0.0000e+00
      2.537    14.2082     7.1729     69.923  29.519904     37.676      6.753   284.5610     4.6543     4.1532     0.0213      0.095      2.489      3.610        354 1.7982e+01 0.0000e+00
      2.554    14.2082     7.1752     69.942  29.487945     37.571      6.756   284.2203     4.6057     4.0592     0.0213      0.086      2.506      3.635        355 1.7638e+01 0.0000e+00
      2.575    14.2078     7.1684     69.870  29.534338     37.678      6.756   284.7882     4.6179     4.2069     0.0213      0.078      2.529      3.667        356 1.7001e+01 0.0000e+00
      2.605    14.2077     7.1700     69.880  29.551119     37.678      6.752   284.7882     4.5249     3.8981     0.0213      0.075      2.559      3.711        357 1.6106e+01 0.0000e+00
      2.648    14.2062     7.1679     69.855  29.467062     37.572      6.743   286.0753     4.5491     3.9518     0.0213      0.081      2.595      3.764        358 1.5179e+01 0.0000e+00
      2.687    14.2038     7.1678     69.851  29.490696     37.607      6.738   285.9617     4.5289     3.8578     0.0213      0.092      2.629      3.814        359 1.4730e+01 0.0000e+00
      2.708    14.2036     7.1686     69.859  29.462407     37.573      6.734   286.1132     4.5289     3.9518     0.0213      0.102      2.652      3.848        360 1.4634e+01 0.0000e+00
      2.720    14.2047     7.1649     69.824  29.472619     37.575      6.734   285.6967     4.6340     3.9249     0.0213      0.107      2.667      3.868        361 1.4433e+01 0.0000e+00
      2.731    14.2056     7.1686     69.857  29.448341     37.575      6.737   285.4696     4.6098     3.8578     0.0213      0.106      2.678      3.884        362 1.4238e+01 0.0000e+00
      2.741    14.2060     7.1666     69.828  29.433322     37.503      6.739   285.3560     4.6017     3.8712     0.0212      0.099      2.687      3.897        363 1.4118e+01 0.0000e+00
      2.749    14.2060     7.1677     69.832  29.520959     37.681      6.741   285.3182     4.6138     3.9518     0.0213      0.085      2.697      3.911        364 1.3944e+01 0.0000e+00
      2.761    14.2041     7.1697     69.847  29.517177     37.609      6.743   285.2424     4.6098     3.9115     0.0213      0.069      2.709      3.930        365 1.3584e+01 0.0000e+00
      2.779    14.2000     7.1744     69.889  29.438029     37.573      6.743   285.1289     4.6745     3.9115     0.0213      0.055      2.727      3.955        366 1.3175e+01 0.0000e+00
      2.802    14.1965     7.1787     69.928  29.441557     37.504      6.747   285.4317     4.6704     3.9518     0.0212      0.050      2.750      3.987        367 1.2757e+01 0.0000e+00
      2.829    14.1937     7.1829     69.967  29.512786     37.686      6.744   285.3560     4.6826     4.0055     0.0213      0.055      2.776      4.025        368 1.2259e+01 0.0000e+00
      2.859    14.1917     7.1893     70.031  29.497638     37.582      6.739   285.8860     4.6785     3.9384     0.0213      0.065      2.805      4.068        369 1.1727e+01 0.0000e+00
      2.892    14.1920     7.1874     70.014  29.519710     37.692      6.737   286.1889     4.2539     4.2203     0.0213      0.079      2.834      4.110        370 1.1318e+01 0.0000e+00
      2.916    14.1927     7.1837     69.975  29.426019     37.516      6.728   286.2646     4.2337     4.0861     0.0212      0.090      2.859      4.147        371 1.0932e+01 0.0000e+00
      2.937    14.1902     7.1844     69.978  29.436336     37.551      6.730   286.3403     4.2054     4.1801     0.0212      0.098      2.879      4.177        372 1.0594e+01 0.0000e+00
      2.955    14.1842     7.1792     69.926  29.536519     37.693      6.729   286.3782     4.2216     4.1801     0.0213      0.101      2.897      4.203        373 1.0304e+01 0.0000e+00
      2.972    14.1796     7.1764     69.899  29.419943     37.517      6.730   286.3403     4.2620     4.0055     0.0212      0.098      2.914      4.227        374 1.0045e+01 0.0000e+00
      2.989    14.1772     7.1805     69.940  29.403516     37.523      6.734   286.6810     4.2095     3.9249     0.0212      0.092      2.931      4.250        375 9.8477e+00 0.0000e+00
      3.005    14.1744     7.1865     69.999  29.468015     37.599      6.734   286.3403     4.2135     3.8578     0.0213      0.084      2.946      4.273        376 9.6976e+00 0.0000e+00
      3.018    14.1721     7.1924     70.057  29.458278     37.601      6.735   286.6432     4.1933     3.9518     0.0213      0.076      2.961      4.294        377 9.5280e+00 0.0000e+00
      3.035    14.1716     7.1960     70.091  29.504585     37.639      6.736   286.2646     4.2297     3.8578     0.0213      0.068      2.981      4.323        378 9.1327e+00 0.0000e+00
      3.066    14.1722     7.1970     70.099  29.528986     37.713      6.737   287.1353     4.2459     3.8712     0.0213      0.069      3.008      4.363        379 8.6351e+00 0.0000e+00
      3.101    14.1727     7.1929     70.058  29.427912     37.535      6.732   287.1353     4.2297     3.9921     0.0212      0.075      3.040      4.410        380 8.1857e+00 0.0000e+00
      3.134    14.1713     7.1927     70.056  29.393172     37.534      6.725   287.1353     4.2459     3.9518     0.0212      0.084      3.070      4.453        381 7.8538e+00 0.0000e+00
      3.156    14.1689     7.1836     69.968  29.423970     37.534      6.724   287.0596     4.2701     4.1935     0.0212      0.092      3.091      4.483        382 7.7130e+00 0.0000e+00
      3.165    14.1680     7.1764     69.898  29.448884     37.606      6.723   286.8703     4.6219     4.1532     0.0213      0.095      3.103      4.500        383 7.6529e+00 0.0000e+00
      3.171    14.1684     7.1731     69.867  29.421469     37.538      6.724   286.9839     4.6219     4.0995     0.0212      0.093      3.110      4.510        384 7.5975e+00 0.0000e+00
      3.177    14.1689     7.1813     69.947  29.428438     37.574      6.723   286.7946     4.6300     4.2338     0.0212      0.085      3.116      4.520        385 7.4526e+00 0.0000e+00
      3.185    14.1693     7.1823     69.957  29.469859     37.609      6.723   286.5674     4.6017     4.1801     0.0213      0.072      3.123      4.530        386 7.3636e+00 0.0000e+00
      3.192    14.1695     7.1841     69.966  29.458871     37.609      6.727   286.6810     4.9211     3.9518     0.0213      0.056      3.132      4.542        387 7.3113e+00 0.0000e+00
      3.202    14.1690     7.1836     69.955  29.471764     37.608      6.730   287.0217     4.9414     3.8981     0.0213      0.042      3.142      4.557        388 7.1670e+00 0.0000e+00
      3.217    14.1678     7.1940     70.058  29.453815     37.608      6.730   286.8703     4.8807     3.8981     0.0213      0.035      3.155      4.577        389 7.0059e+00 0.0000e+00
      3.233    14.1672     7.1976     70.095  29.421909     37.537      6.735   286.7567     4.8928     3.8981     0.0212      0.035      3.170      4.598        390 6.8441e+00 0.0000e+00
      3.248    14.1676     7.1991     70.111  29.422521     37.574      6.738   286.8324     4.8443     4.1801     0.0212      0.040      3.185      4.619        391 6.7498e+00 0.0000e+00
      3.261    14.1679     7.1922     70.041  29.423405     37.539      6.737   286.4917     4.8564     4.2338     0.0212      0.045      3.201      4.643        392 6.5776e+00 0.0000e+00
      3.285    14.1681     7.1848     69.956  29.450460     37.610      6.738   286.8703     4.8645     4.2338     0.0213      0.053      3.224      4.676        393 6.2788e+00 0.0000e+00
      3.317    14.1683     7.1808     69.907  29.418501     37.538      6.737   287.2489     4.8322     4.1532     0.0212      0.063      3.252      4.716        394 6.0323e+00 0.0000e+00
      3.343    14.1688     7.1762     69.858  29.403877     37.538      6.734   287.5517     4.9656     3.8578     0.0212      0.073      3.277      4.753        395 5.8456e+00 0.0000e+00
      3.364    14.1683     7.1668     69.770  29.468659     37.609      6.730   287.6275     4.9858     3.8578     0.0213      0.081      3.298      4.784        396 5.6511e+00 0.0000e+00
      3.382    14.1635     7.1605     69.713  29.486130     37.645      6.727   287.9682     4.9697     3.9786     0.0213      0.085      3.316      4.810        397 5.5408e+00 0.0000e+00
      3.400    14.1596     7.1577     69.691  29.411785     37.538      6.725   287.8167     4.9778     3.9249     0.0212      0.087      3.334      4.835        398 5.4530e+00 0.0000e+00
      3.417    14.1606     7.1528     69.635  29.412932     37.543      6.727   287.6275     4.8888     3.9115     0.0212      0.087      3.350      4.860        399 5.2966e+00 0.0000e+00
      3.432    14.1617     7.1624     69.712  29.455055     37.618      6.728   287.8167     4.9252     3.9249     0.0213      0.084      3.365      4.881        400 5.2049e+00 0.0000e+00
      3.446    14.1626     7.1674     69.750  29.418665     37.545      6.726   287.8925     4.9252     3.9249     0.0212      0.077      3.380      4.902        401 5.1391e+00 0.0000e+00
      3.461    14.1602     7.1715     69.785  29.398920     37.545      6.727   287.9682     4.8969     4.0458     0.0212      0.069      3.395      4.924        402 5.0065e+00 0.0000e+00
      3.478    14.1525     7.1812     69.878  29.420327     37.544      6.731   288.0439     4.8888     3.8309     0.0212      0.065      3.410      4.946        403 4.8974e+00 0.0000e+00
      3.493    14.1453     7.1856     69.921  29.421673     37.581      6.729   287.5896     4.4399     3.9115     0.0212      0.063      3.424      4.966        404 4.8215e+00 0.0000e+00
      3.502    14.1430     7.1938     70.002  29.367595     37.482      6.729   287.8167     4.4116     3.9115     0.0212      0.060      3.432      4.978        405 4.8364e+00 0.0000e+00
      3.504    14.1448     7.2066     70.129  29.398679     37.560      6.727   287.7032     4.4116     3.8981     0.0212      0.054      3.435      4.983        406 4.8390e+00 0.0000e+00
      3.504    14.1476     7.2102     70.166  29.412644     37.563      6.730   287.8925     4.4561     3.8578     0.0212      0.046      3.440      4.989        407 4.7787e+00 0.0000e+00
      3.515    14.1505     7.2130     70.190  29.409518     37.560      6.730   288.0439     4.4763     3.9249     0.0212      0.040      3.454      5.010        408 4.6747e+00 0.0000e+00
      3.548    14.1456     7.2162     70.217  29.461867     37.630      6.729   288.9903     4.4683     3.9786     0.0213      0.041      3.483      5.051        409 4.4081e+00 0.0000e+00
      3.592    14.1350     7.2139     70.192  29.436443     37.591      6.720   289.2932     4.4925     3.9384     0.0212      0.051      3.520      5.106        410 4.1771e+00 0.0000e+00
      3.630    14.1283     7.2156     70.204  29.411508     37.560      6.715   289.6717     4.4763     3.9786     0.0212      0.066      3.555      5.156        411 4.0364e+00 0.0000e+00
      3.654    14.1251     7.2147     70.191  29.403952     37.570      6.711   289.7853     4.9778     4.1264     0.0212      0.082      3.579      5.191        412 3.9934e+00 0.0000e+00
      3.667    14.1239     7.2110     70.151  29.356902     37.505      6.708   289.7096     5.0020     4.1264     0.0212      0.094      3.594      5.213        413 3.9743e+00 0.0000e+00
      3.676    14.1236     7.2063     70.104  29.410764     37.580      6.707   289.2553     4.9656     4.1801     0.0212      0.100      3.603      5.225        414 3.9392e+00 0.0000e+00
      3.680    14.1245     7.2068     70.106  29.396222     37.581      6.706   289.2175     4.9818     4.2203     0.0212      0.097      3.606      5.230        415 3.9695e+00 0.0000e+00
      3.674    14.1267     7.2047     70.082  29.374999     37.510      6.708   289.1039     5.0788     3.9249     0.0212      0.081      3.605      5.229        416 4.0050e+00 0.0000e+00
      3.675    14.1277     7.2069     70.095  29.466825     37.687      6.712   289.4067     5.1072     3.8981     0.0213      0.057      3.610      5.236        417 3.9783e+00 0.0000e+00
      3.694    14.1258     7.2071     70.090  29.430196     37.578      6.714   289.5960     5.1031     3.8846     0.0212      0.039      3.628      5.262        418 3.7801e+00 0.0000e+00
      3.730    14.1232     7.2124     70.138  29.390934     37.577      6.713   289.9746     5.1072     3.9921     0.0212      0.035      3.659      5.307        419 3.5570e+00 0.0000e+00
      3.769    14.1213     7.2057     70.065  29.367437     37.507      6.710   290.6560     4.2378     4.1398     0.0212      0.045      3.695      5.359        420 3.4020e+00 0.0000e+00
      3.805    14.1181     7.2080     70.077  29.400139     37.581      6.704   290.5425     4.2378     4.1666     0.0212      0.062      3.728      5.407        421 3.2904e+00 0.0000e+00
      3.831    14.1151     7.2066     70.054  29.409538     37.583      6.699   290.8075     4.2499     4.1398     0.0212      0.081      3.754      5.445        422 3.2235e+00 0.0000e+00
      3.849    14.1133     7.2053     70.031  29.385391     37.551      6.698   290.9589     4.2256     4.1129     0.0212      0.097      3.774      5.473        423 3.1649e+00 0.0000e+00
      3.866    14.1120     7.2112     70.075  29.400540     37.589      6.698   290.8453     4.9939     4.1398     0.0212      0.107      3.793      5.500        424 3.0737e+00 0.0000e+00
      3.887    14.1105     7.2103     70.061  29.361036     37.520      6.700   290.8453     4.9656     4.1801     0.0212      0.109      3.813      5.530        425 2.9953e+00 0.0000e+00
