Data/DataNotYetUploadedToEDI/Raw_CTD/RawDownloads/102218_fcr30.cnv
* Sea-Bird SBE19plus  Data File:
* FileName = C:\DATA\101518_fcr_0010.hex
* Software version 2.6.3.104
* Temperature SN = 7809
* Conductivity SN = 7809
* System UpLoad Time = Oct 29 2018 16:39:37
* <ApplicationData>
* <Seaterm232>
# nquan = 17
# nvalues = 520                         
# units = specified
# name 0 = depFM: Depth [fresh water, m]
# name 1 = tv290C: Temperature [ITS-90, deg C]
# name 2 = sbeox0Mg/L: Oxygen, SBE 43 [mg/l]
# name 3 = sbeox0PS: Oxygen, SBE 43 [% saturation]
# name 4 = c0uS/cm: Conductivity [uS/cm]
# name 5 = specc: Specific Conductance [uS/cm]
# name 6 = ph: pH
# name 7 = orp: Oxidation Reduction Potential [mV]
# name 8 = flECO-AFL: Fluorescence, WET Labs ECO-AFL/FL [mg/m^3]
# name 9 = turbWETntu0: Turbidity, WET Labs ECO [NTU]
# name 10 = sal00: Salinity, Practical [PSU]
# name 11 = dz/dtM: Descent Rate [m/s]
# name 12 = prdM: Pressure, Strain Gauge [db]
# name 13 = prdE: Pressure, Strain Gauge [psi]
# name 14 = scan: Scan Count
# name 15 = par/sat/log: PAR/Logarithmic, Satlantic
# name 16 = flag:  0.000e+00
# span 0 =     -0.519,      5.478       
# span 1 =    11.7534,    14.4371       
# span 2 =     5.4299,    10.5852       
# span 3 =     52.767,    103.416       
# span 4 =   0.215781,  29.812962       
# span 5 =      0.276,     38.102       
# span 6 =      1.699,      7.841       
# span 7 = -1240.7455,   692.7000       
# span 8 =    -0.7521,     5.2649       
# span 9 =    -0.6943,   352.8499       
# span 10 =     0.0061,     0.0214      
# span 11 =     -0.154,      0.231      
# span 12 =     -0.509,      5.372      
# span 13 =     -0.738,      7.791      
# span 14 =          1,        520      
# span 15 = 4.2378e-01, 1.8178e+03      
# span 16 = 0.0000e+00, 0.0000e+00      
# interval = seconds: 0.25
# start_time = Oct 22 2018 15:07:46 [Instrument's time stamp, header]
# bad_flag = -9.990e-29
*END*
[from data line 426]
      3.937    14.1027     7.2307     70.255  29.360446     37.522      6.698   291.1103     4.9616     4.1398     0.0212      0.095      3.861      5.600        427 2.7605e+00 0.0000e+00
      3.964    14.0979     7.2371     70.302  29.342569     37.524      6.696   291.2617     4.9858     4.2203     0.0212      0.090      3.887      5.638        428 2.7152e+00 0.0000e+00
      3.990    14.0953     7.2390     70.303  29.367855     37.530      6.693   291.1482     5.1395     3.9921     0.0212      0.089      3.913      5.676        429 2.6166e+00 0.0000e+00
      4.019    14.0906     7.2493     70.393  29.417927     37.642      6.695   291.3753     5.1880     3.8712     0.0212      0.093      3.941      5.716        430 2.5215e+00 0.0000e+00
      4.047    14.0836     7.2508     70.400  29.369204     37.537      6.695   291.2996     5.1476     3.9115     0.0212      0.099      3.967      5.753        431 2.4625e+00 0.0000e+00
      4.068    14.0778     7.2506     70.395  29.339543     37.541      6.697   291.3753     5.1476     3.9518     0.0212      0.102      3.988      5.784        432 2.4026e+00 0.0000e+00
      4.085    14.0708     7.2522     70.406  29.365894     37.548      6.695   291.1103     4.9414     3.9384     0.0212      0.101      4.005      5.809        433 2.3531e+00 0.0000e+00
      4.099    14.0627     7.2477     70.358  29.336413     37.554      6.695   291.1482     4.9171     3.9786     0.0212      0.096      4.019      5.830        434 2.3101e+00 0.0000e+00
      4.112    14.0586     7.2464     70.338  29.316935     37.488      6.700   290.8075     4.8969     3.8578     0.0212      0.088      4.032      5.849        435 2.2738e+00 0.0000e+00
      4.124    14.0577     7.2436     70.303  29.360488     37.604      6.704   291.1103     4.8888     3.8846     0.0212      0.079      4.044      5.867        436 2.2603e+00 0.0000e+00
      4.136    14.0559     7.2496     70.346  29.371164     37.572      6.705   291.3375     5.0344     3.9384     0.0212      0.069      4.058      5.887        437 2.2021e+00 0.0000e+00
      4.156    14.0468     7.2503     70.335  29.333302     37.573      6.704   290.8832     5.0263     4.0055     0.0212      0.062      4.077      5.913        438 2.1292e+00 0.0000e+00
      4.180    14.0351     7.2567     70.387  29.259361     37.431      6.704   291.2239     5.0505     3.8981     0.0211      0.060      4.099      5.945        439 2.0729e+00 0.0000e+00
      4.202    14.0278     7.2563     70.382  29.285285     37.512      6.707   291.5267     5.0222     3.9249     0.0212      0.063      4.122      5.978        440 1.9908e+00 0.0000e+00
      4.227    14.0234     7.2564     70.384  29.301042     37.523      6.703   291.6025     5.2649     3.9786     0.0212      0.068      4.145      6.012        441 1.9356e+00 0.0000e+00
      4.250    14.0210     7.2544     70.365  29.299056     37.530      6.701   291.3753     5.1921     3.9249     0.0212      0.075      4.167      6.044        442 1.8774e+00 0.0000e+00
      4.270    14.0190     7.2587     70.408  29.317410     37.570      6.699   291.7160     5.2406     3.9115     0.0212      0.081      4.187      6.074        443 1.8457e+00 0.0000e+00
      4.289    14.0155     7.2550     70.369  29.248553     37.465      6.700   291.6782     5.2446     3.9518     0.0211      0.085      4.206      6.101        444 1.8237e+00 0.0000e+00
      4.308    14.0112     7.2564     70.364  29.295800     37.539      6.701   291.5646     5.2285     3.9249     0.0212      0.086      4.224      6.127        445 1.7491e+00 0.0000e+00
      4.326    14.0056     7.2598     70.366  29.288263     37.542      6.699   291.3753     4.1933     3.8578     0.0212      0.084      4.243      6.154        446 1.6973e+00 0.0000e+00
      4.347    13.9961     7.2625     70.380  29.257934     37.475      6.702   291.4510     4.2418     3.9921     0.0211      0.081      4.265      6.186        447 1.7104e+00 0.0000e+00
      4.374    13.9850     7.2658     70.401  29.274246     37.551      6.700   291.4510     4.2418     3.9249     0.0212      0.081      4.292      6.225        448 1.6338e+00 0.0000e+00
      4.410    13.9780     7.2667     70.407  29.238317     37.453      6.697   292.4732     4.2378     3.9786     0.0211      0.085      4.324      6.271        449 1.5099e+00 0.0000e+00
      4.443    13.9772     7.2681     70.419  29.273003     37.571      6.691   292.1325     3.9709     4.1666     0.0212      0.091      4.355      6.316        450 1.4774e+00 0.0000e+00
      4.469    13.9781     7.2701     70.424  29.260734     37.507      6.690   292.2839     3.9749     4.1801     0.0211      0.099      4.383      6.357        451 1.4282e+00 0.0000e+00
      4.498    13.9784     7.2754     70.460  29.223938     37.507      6.688   292.2839     3.9830     4.2069     0.0211      0.105      4.409      6.395        452 1.3707e+00 0.0000e+00
      4.521    13.9790     7.2774     70.476  29.259497     37.506      6.684   292.3596     3.9588     4.0995     0.0211      0.110      4.431      6.428        453 1.3553e+00 0.0000e+00
      4.538    13.9774     7.2802     70.502  29.275781     37.578      6.685   292.4353     3.8415     3.9786     0.0212      0.110      4.450      6.454        454 1.3431e+00 0.0000e+00
      4.554    13.9643     7.2833     70.523  29.233323     37.469      6.685   292.5868     3.8334     3.9786     0.0211      0.104      4.466      6.477        455 1.3286e+00 0.0000e+00
      4.569    13.9460     7.2890     70.567  29.223387     37.507      6.687   292.5868     3.8374     4.0055     0.0211      0.095      4.481      6.498        456 1.2773e+00 0.0000e+00
      4.583    13.9366     7.2884     70.545  29.199199     37.447      6.688   292.3975     3.8658     3.9249     0.0211      0.084      4.494      6.518        457 1.2559e+00 0.0000e+00
      4.594    13.9308     7.2890     70.524  29.174481     37.466      6.690   292.2082     3.8253     4.0726     0.0211      0.074      4.505      6.534        458 1.2510e+00 0.0000e+00
      4.604    13.9285     7.2857     70.456  29.194855     37.474      6.690   292.5489     3.8334     4.1398     0.0211      0.065      4.515      6.549        459 1.2222e+00 0.0000e+00
      4.615    13.9272     7.2940     70.516  29.233147     37.552      6.691   292.1325     3.8374     4.2069     0.0211      0.056      4.528      6.567        460 1.2169e+00 0.0000e+00
      4.632    13.9181     7.2924     70.478  29.245429     37.554      6.693   292.5110     3.8496     4.2069     0.0211      0.052      4.543      6.589        461 1.1742e+00 0.0000e+00
      4.651    13.9082     7.2997     70.509  29.209222     37.519      6.690   292.8518     3.9264     3.9249     0.0211      0.052      4.559      6.612        462 1.1473e+00 0.0000e+00
      4.664    13.9059     7.3055     70.541  29.189258     37.492      6.693   292.4732     3.9305     3.9518     0.0211      0.052      4.572      6.632        463 1.1412e+00 0.0000e+00
      4.674    13.9047     7.3124     70.592  29.240626     37.574      6.694   292.7003     3.9305     3.9652     0.0211      0.052      4.586      6.652        464 1.1174e+00 0.0000e+00
      4.694    13.8998     7.3122     70.581  29.234247     37.576      6.693   292.9653     3.8981     3.9921     0.0211      0.055      4.605      6.679        465 1.0953e+00 0.0000e+00
      4.718    13.8918     7.3174     70.632  29.137899     37.433      6.691   292.9275     3.8981     3.9921     0.0211      0.060      4.628      6.712        466 1.0417e+00 0.0000e+00
      4.744    13.8815     7.3151     70.607  29.123334     37.438      6.691   293.0410     3.9102     3.9786     0.0211      0.066      4.654      6.750        467 9.9206e-01 0.0000e+00
      4.775    13.8641     7.3081     70.536  29.163428     37.482      6.688   293.3060     3.8981     3.8041     0.0211      0.075      4.682      6.791        468 9.5464e-01 0.0000e+00
      4.803    13.8418     7.3014     70.476  29.117658     37.456      6.684   293.5332     3.8900     3.9384     0.0211      0.083      4.709      6.829        469 9.2982e-01 0.0000e+00
      4.826    13.8286     7.3047     70.513  29.091351     37.400      6.685   293.3818     3.9183     3.9249     0.0210      0.090      4.731      6.862        470 9.0484e-01 0.0000e+00
      4.846    13.8131     7.2936     70.408  29.166524     37.567      6.686   293.4575     3.8374     4.0995     0.0211      0.095      4.751      6.891        471 8.9708e-01 0.0000e+00
      4.864    13.7891     7.2918     70.386  29.142713     37.507      6.686   293.3439     3.8334     4.1532     0.0211      0.097      4.769      6.917        472 9.2159e-01 0.0000e+00
      4.881    13.7730     7.2924     70.386  29.120990     37.521      6.687   293.4953     3.8496     4.1264     0.0211      0.094      4.788      6.944        473 8.8810e-01 0.0000e+00
      4.903    13.7631     7.2950     70.404  29.074965     37.474      6.687   293.1546     3.8698     4.2203     0.0210      0.089      4.810      6.977        474 8.3611e-01 0.0000e+00
      4.933    13.7574     7.2950     70.399  29.051752     37.452      6.688   293.6089     3.8496     4.1264     0.0210      0.087      4.839      7.019        475 8.2507e-01 0.0000e+00
      4.969    13.7573     7.3034     70.477  29.060939     37.498      6.684   293.6846     3.8658     4.1264     0.0210      0.088      4.872      7.066        476 7.6279e-01 0.0000e+00
      5.002    13.7559     7.3039     70.480  29.004238     37.396      6.684   293.8739     3.8374     4.1264     0.0210      0.094      4.904      7.112        477 7.0748e-01 0.0000e+00
      5.030    13.7540     7.3032     70.472  29.063019     37.504      6.685   294.1389     3.8617     4.0995     0.0210      0.101      4.929      7.149        478 7.2416e-01 0.0000e+00
      5.046    13.7561     7.3087     70.524  29.076736     37.505      6.681   293.8739     3.7121     4.1935     0.0210      0.105      4.946      7.175        479 7.2738e-01 0.0000e+00
      5.056    13.7600     7.3093     70.530  29.076115     37.507      6.681   293.6468     3.6919     4.0995     0.0210      0.104      4.957      7.191        480 6.9778e-01 0.0000e+00
      5.064    13.7612     7.3094     70.529  29.152739     37.613      6.682   293.6089     3.7121     4.1264     0.0211      0.097      4.966      7.203        481 7.0471e-01 0.0000e+00
      5.072    13.7585     7.3060     70.493  29.129624     37.573      6.681   293.8739     3.6838     4.1532     0.0211      0.084      4.975      7.216        482 7.2087e-01 0.0000e+00
      5.085    13.7543     7.2988     70.422  29.075233     37.500      6.683   294.1389     3.1905     3.9249     0.0210      0.070      4.990      7.237        483 6.8267e-01 0.0000e+00
      5.108    13.7501     7.2999     70.432  29.072183     37.503      6.684   293.7225     3.1986     3.9786     0.0210      0.059      5.013      7.270        484 6.4602e-01 0.0000e+00
      5.142    13.7471     7.2886     70.322  29.074122     37.507      6.683   294.2146     3.2147     3.9786     0.0210      0.058      5.043      7.314        485 6.3343e-01 0.0000e+00
      5.176    13.7451     7.2778     70.217  29.072820     37.511      6.679   294.5553     3.2066     3.9249     0.0210      0.065      5.073      7.358        486 6.1069e-01 0.0000e+00
      5.202    13.7437     7.2800     70.238  29.073804     37.514      6.675   294.3660     3.1945     3.9249     0.0210      0.077      5.098      7.393        487 5.7580e-01 0.0000e+00
      5.216    13.7427     7.2811     70.248  29.102548     37.552      6.675   293.8739     3.0772     3.9921     0.0211      0.086      5.113      7.415        488 5.7394e-01 0.0000e+00
      5.223    13.7422     7.2819     70.257  29.066701     37.517      6.672   293.9118     3.0732     3.8981     0.0210      0.090      5.123      7.430        489 6.0277e-01 0.0000e+00
      5.233    13.7420     7.2834     70.271  28.999821     37.410      6.675   293.8739     3.0813     3.9786     0.0210      0.087      5.135      7.446        490 5.8446e-01 0.0000e+00
      5.251    13.7404     7.2882     70.319  29.067182     37.518      6.675   293.7225     3.0651     3.8981     0.0210      0.081      5.152      7.471        491 5.5425e-01 0.0000e+00
      5.274    13.7388     7.2882     70.320  29.071818     37.519      6.677   294.0253     2.9034     3.9518     0.0210      0.073      5.172      7.502        492 5.4107e-01 0.0000e+00
      5.298    13.7381     7.2902     70.341  29.082999     37.520      6.679   294.0632     2.8912     3.9518     0.0210      0.067      5.196      7.536        493 5.1330e-01 0.0000e+00
      5.324    13.7377     7.2850     70.291  29.082918     37.558      6.678   294.1768     2.9074     4.0055     0.0211      0.067      5.223      7.574        494 5.2278e-01 0.0000e+00
      5.354    13.7371     7.2722     70.168  29.012621     37.414      6.678   293.7603     2.8751     3.9518     0.0210      0.074      5.252      7.617        495 5.1703e-01 0.0000e+00
      5.388    13.7365     7.2681     70.129  29.051885     37.523      6.677   293.7603     2.8427     3.9786     0.0210      0.086      5.282      7.661        496 4.8432e-01 0.0000e+00
      5.417    13.7363     7.2655     70.104  29.004407     37.415      6.673   293.5710     2.8589     3.9249     0.0210      0.098      5.309      7.700        497 4.5765e-01 0.0000e+00
      5.437    13.7364     7.2648     70.099  28.982761     37.416      6.675   293.4575     2.8791     3.9115     0.0210      0.104      5.329      7.729        498 4.5098e-01 0.0000e+00
      5.450    13.7364     7.2701     70.151  28.989876     37.416      6.674   293.2303     2.8953     3.9786     0.0210      0.104      5.343      7.749        499 4.5022e-01 0.0000e+00
      5.458    13.7367     7.2746     70.196  28.995553     37.416      6.673   293.1925     2.7538     3.9518     0.0210      0.097      5.351      7.761        500 4.2378e-01 0.0000e+00
      5.461    13.7376     7.2749     70.199  29.034992     37.488      6.675   293.4196     2.7538     3.9249     0.0210      0.085      5.356      7.767        501 4.4252e-01 0.0000e+00
      5.464    13.7385     7.2782     70.234  29.000091     37.415      6.676   293.3439     2.7376     3.8981     0.0210      0.069      5.358      7.771        502 4.4040e-01 0.0000e+00
      5.466    13.7390     7.2811     70.264  28.979691     37.415      6.678   293.6089     2.7295     3.8578     0.0210      0.051      5.360      7.773        503 4.5443e-01 0.0000e+00
      5.466    13.7393     7.2730     70.185  29.001084     37.414      6.675   293.4196     3.0894     3.8712     0.0210      0.034      5.361      7.775        504 4.7411e-01 0.0000e+00
      5.467    13.7399     7.2669     70.124  29.062415     37.521      6.679   293.1925     3.0975     3.9518     0.0210      0.021      5.362      7.776        505 4.2969e-01 0.0000e+00
      5.469    13.7403     7.2695     70.148  29.081259     37.521      6.682   293.4953     3.0894     4.0055     0.0210      0.013      5.363      7.778        506 4.6766e-01 0.0000e+00
      5.469    13.7404     7.2742     70.191  29.036930     37.485      6.683   293.6468     3.0692     3.9249     0.0210      0.008      5.364      7.779        507 4.9163e-01 0.0000e+00
      5.471    13.7409     7.2793     70.238  28.998984     37.412      6.683   293.4953     3.0692     3.8846     0.0210      0.006      5.365      7.781        508 4.7883e-01 0.0000e+00
      5.472    13.7419 -9.990e-29 -9.990e-29  28.980235     37.412      6.684   293.6468     3.2066     3.9115     0.0210      0.005      5.367      7.783        509 4.8140e-01 0.0000e+00
      5.474    13.7426 -9.990e-29 -9.990e-29  29.000963     37.411      6.683   293.6468     3.2390     4.0324     0.0210      0.005      5.368      7.785        510 4.5530e-01 0.0000e+00
