Data/DataNotYetUploadedToEDI/Raw_CTD/RawDownloads/102218_fcr30.cnv
* Sea-Bird SBE19plus  Data File:
* FileName = C:\DATA\101518_fcr_0010.hex
* Software version 2.6.3.104
* Temperature SN = 7809
* Conductivity SN = 7809
* System UpLoad Time = Oct 29 2018 16:39:37
* <ApplicationData>
* <Seaterm232>
# nquan = 17
# nvalues = 520                         
# units = specified
# name 0 = depFM: Depth [fresh water, m]
# name 1 = tv290C: Temperature [ITS-90, deg C]
# name 2 = sbeox0Mg/L: Oxygen, SBE 43 [mg/l]
# name 3 = sbeox0PS: Oxygen, SBE 43 [% saturation]
# name 4 = c0uS/cm: Conductivity [uS/cm]
# name 5 = specc: Specific Conductance [uS/cm]
# name 6 = ph: pH
# name 7 = orp: Oxidation Reduction Potential [mV]
# name 8 = flECO-AFL: Fluorescence, WET Labs ECO-AFL/FL [mg/m^3]
# name 9 = turbWETntu0: Turbidity, WET Labs ECO [NTU]
# name 10 = sal00: Salinity, Practical [PSU]
# name 11 = dz/dtM: Descent Rate [m/s]
# name 12 = prdM: Pressure, Strain Gauge [db]
# name 13 = prdE: Pressure, Strain Gauge [psi]
# name 14 = scan: Scan Count
# name 15 = par/sat/log: PAR/Logarithmic, Satlantic
# name 16 = flag:  0.000e+00
# span 0 =     -0.519,      5.478       
# span 1 =    11.7534,    14.4371       
# span 2 =     5.4299,    10.5852       
# span 3 =     52.767,    103.416       
# span 4 =   0.215781,  29.812962       
# span 5 =      0.276,     38.102       
# span 6 =      1.699,      7.841       
# span 7 = -1240.7455,   692.7000       
# span 8 =    -0.7521,     5.2649       
# span 9 =    -0.6943,   352.8499       
# span 10 =     0.0061,     0.0214      
# span 11 =     -0.154,      0.231      
# span 12 =     -0.509,      5.372      
# span 13 =     -0.738,      7.791      
# span 14 =          1,        520      
# span 15 = 4.2378e-01, 1.8178e+03      
# span 16 = 0.0000e+00, 0.0000e+00      
# interval = seconds: 0.25
# start_time = Oct 22 2018 15:07:46 [Instrument's time stamp, header]
# bad_flag = -9.990e-29
*END*
     -0.518    11.7629    10.5565     97.424   0.449348      0.617      1.699   179.4693     0.4287   352.8499     0.0061      0.000     -0.508     -0.737          1 1.3088e+02 0.0000e+00
     -0.518    11.7611    10.5608     97.465   0.401642      0.541      4.049   692.7000     0.4448   352.8365     0.0061     -0.000     -0.508     -0.737          2 1.2173e+02 0.0000e+00
     -0.518    11.7600    10.5571     97.432   0.397341      0.541      5.696  -597.3237     0.4367   352.7291     0.0061     -0.000     -0.508     -0.737          3 9.9783e+01 0.0000e+00
     -0.519    11.7596    10.5523     97.390   0.395484      0.541      6.055  -326.7579     0.4084   129.4493     0.0061     -0.000     -0.508     -0.737          4 9.2170e+01 0.0000e+00
     -0.518    11.7596    10.5231     97.457   0.315132      0.427      6.247  -293.7842     0.4489   129.5030     0.0061     -0.000     -0.508     -0.737          5 9.5198e+01 0.0000e+00
     -0.519    11.7594    10.3627     97.384   0.260482      0.351      6.316  -287.0456     0.4246   129.4762     0.0061     -0.000     -0.508     -0.737          6 1.0480e+02 0.0000e+00
     -0.518    11.7601    10.2452     97.436   0.256246      0.351      6.357  -285.9856     0.4287   129.4762     0.0061     -0.000     -0.508     -0.737          7 1.2433e+02 0.0000e+00
     -0.519    11.7596    10.1593     97.382   0.261191      0.351      6.398  -263.7634    -0.4933     0.0711     0.0061     -0.000     -0.509     -0.738          8 1.5741e+02 0.0000e+00
     -0.519    11.7614    10.1119     97.447   0.254329      0.351      6.406  -281.8592    -0.5984    -0.0497     0.0061     -0.000     -0.509     -0.738          9 1.8851e+02 0.0000e+00
     -0.518    11.7595    10.0803     97.507   0.264785      0.351      6.400  -282.5785    -0.5863    -0.0095     0.0061     -0.000     -0.509     -0.738         10 2.1443e+02 0.0000e+00
     -0.519    11.7637    10.0511     97.497   0.248179      0.351      6.380  -264.4827    -0.6106    -0.0900     0.0061     -0.000     -0.509     -0.738         11 1.9860e+02 0.0000e+00
     -0.519    11.7582    10.0334     97.565   0.215781      0.276      6.367  -283.0706    -0.5944    -0.0363     0.0061     -0.000     -0.509     -0.738         12 2.2577e+02 0.0000e+00
     -0.519    11.7686    10.0264     97.688   0.245889      0.351      6.385  -285.3421    -0.7521    -0.6406     0.0061     -0.000     -0.509     -0.738         13 3.3142e+02 0.0000e+00
     -0.519    11.7534    10.0314     97.876   0.269924      0.351      6.462  -316.0064    -0.7400    -0.6943     0.0061     -0.000     -0.509     -0.738         14 4.6289e+02 0.0000e+00
     -0.519    11.9403    10.0405     98.058   0.245084      0.351      6.557  -319.5650    -0.7400    -0.6540     0.0061     -0.000     -0.506     -0.734         15 6.2456e+02 0.0000e+00
     -0.511    12.5425    10.0681     98.375   0.928165      1.186      6.638  -333.4965    -0.7157    -0.5869     0.0061      0.002     -0.495     -0.717         16 7.2770e+02 0.0000e+00
     -0.483    13.0948    10.1031     98.742   1.462779      2.126      6.720  -310.2900     3.0772     2.2330     0.0064      0.011     -0.470     -0.681         17 7.4308e+02 0.0000e+00
     -0.444    13.4356    10.1541     99.260   9.944400     12.417      6.465 -1240.7455     3.0772     2.2599     0.0103      0.027     -0.431     -0.625         18 9.0203e+02 0.0000e+00
     -0.390    13.6860    10.2119     99.804  24.795125     33.541      6.751 -1240.7455     3.0692     2.1659     0.0191      0.054     -0.381     -0.553         19 8.5520e+02 0.0000e+00
     -0.333    13.8506    10.2758    100.435  29.619366     38.102      7.249   218.0080     3.0489     2.3270     0.0212      0.086     -0.329     -0.477         20 9.7810e+02 0.0000e+00
     -0.285    13.9821    10.3443    101.108  29.161561     37.936      7.576   215.2065     0.0364     3.9518     0.0212      0.119     -0.280     -0.406         21 8.0911e+02 0.0000e+00
     -0.238    14.0915    10.4137    101.790  29.574632     37.914      7.753   214.9037     0.0203     3.9518     0.0213      0.149     -0.233     -0.338         22 3.2091e+02 0.0000e+00
     -0.189    14.1824    10.4835    102.466  29.401733     37.790      7.835   216.2287     0.0566     3.8981     0.0213      0.173     -0.185     -0.269         23 7.5694e+02 0.0000e+00
     -0.140    14.2463    10.5678    103.275  29.584224     37.789      7.841   215.6230     0.0486     4.0592     0.0213      0.189     -0.135     -0.195         24 1.9067e+02 0.0000e+00
     -0.083    14.2907    10.5852    103.416  29.466079     37.632      7.806   210.0958     1.9127     4.1801     0.0213      0.197     -0.078     -0.113         25 4.3573e+02 0.0000e+00
     -0.014    14.3121    10.4827    102.411  29.489428     37.534      7.764   211.4965     1.8925     4.2472     0.0213      0.204     -0.014     -0.021         26 1.2148e+03 0.0000e+00
      0.054    14.3257    10.2326     99.983  29.436541     37.492      7.719   213.2380     1.9005     4.0592     0.0213      0.212      0.049      0.072         27 7.8466e+02 0.0000e+00
      0.111    14.3319     9.8552     96.313  29.442929     37.400      7.684   213.5030     1.8965     4.1264     0.0212      0.219      0.108      0.158         28 9.4390e+02 0.0000e+00
      0.171    14.3254     9.3730     91.619  29.511120     37.566      7.657   214.8658     1.8722     4.1129     0.0213      0.228      0.162      0.235         29 7.3585e+02 0.0000e+00
      0.214    14.3257     8.8400     86.423  29.440623     37.380      7.626   215.9637     2.1432     4.1129     0.0212      0.231      0.201      0.292         30 6.2360e+02 0.0000e+00
      0.231    14.3291     8.3040     81.193  29.382410     37.390      7.601   217.1372     2.1796     4.0055     0.0212      0.221      0.220      0.320         31 9.2684e+02 0.0000e+00
      0.231    14.3292     7.8189     76.453  29.405667     37.351      7.581   218.0837     2.1674     4.1532     0.0212      0.196      0.222      0.323         32 9.2726e+02 0.0000e+00
      0.219    14.3277     7.3868     72.234  29.441330     37.456      7.565   218.4244     2.1391     4.0995     0.0213      0.157      0.215      0.313         33 6.2024e+02 0.0000e+00
      0.211    14.3196     7.0783     69.228  29.486278     37.455      7.545   219.7494     2.2240     3.9518     0.0213      0.111      0.210      0.305         34 7.2470e+02 0.0000e+00
      0.215    14.3081     6.8549     67.053  29.527630     37.564      7.525   220.5823     2.2079     3.9249     0.0213      0.069      0.214      0.310         35 9.0120e+02 0.0000e+00
      0.228    14.3059     6.7033     65.576  29.478819     37.464      7.508   221.0744     2.2038     3.8846     0.0213      0.038      0.222      0.322         36 6.5823e+02 0.0000e+00
      0.234    14.3132     6.6092     64.657  29.458076     37.476      7.495   222.2858     2.2240     4.0458     0.0213      0.016      0.228      0.331         37 6.9871e+02 0.0000e+00
      0.235    14.3216     6.5508     64.088  29.553447     37.584      7.485   222.9673     2.0502     4.1264     0.0213      0.005      0.230      0.334         38 8.6779e+02 0.0000e+00
      0.235    14.3305     6.4992     63.584  29.538031     37.577      7.474   223.8380     2.0421     4.1264     0.0213      0.005      0.231      0.335         39 4.6076e+02 0.0000e+00
      0.236    14.3382     6.4805     63.399  29.566206     37.569      7.464   224.4816     2.0421     4.1666     0.0213      0.009      0.231      0.335         40 3.8033e+02 0.0000e+00
      0.234    14.3435     6.4705     63.300  29.636979     37.703      7.454   224.9358     2.0542     4.0324     0.0214      0.012      0.232      0.335         41 5.1123e+02 0.0000e+00
      0.239    14.3457     6.4676     63.274  29.627853     37.625      7.444   225.2766     2.1149     4.0189     0.0213      0.012      0.235      0.340         42 6.9870e+02 0.0000e+00
      0.245    14.3496     6.4709     63.309  29.577561     37.619      7.437   226.1094     2.1108     3.9518     0.0213      0.010      0.239      0.346         43 9.0426e+02 0.0000e+00
      0.245    14.3569     6.5066     63.660  29.492015     37.440      7.425   226.6394     2.0663     3.8846     0.0213      0.007      0.239      0.346         44 4.1086e+02 0.0000e+00
      0.240    14.3635     6.5457     64.043  29.467463     37.472      7.417   227.3966     2.0785     3.9652     0.0213      0.005      0.237      0.343         45 3.0753e+02 0.0000e+00
      0.239    14.3671     6.6056     64.630  29.489515     37.429      7.409   227.6237     2.0704     3.9786     0.0213      0.004      0.237      0.343         46 1.0003e+03 0.0000e+00
      0.245    14.3685     6.6789     65.349  29.523868     37.529      7.402   228.3809     2.0946     3.9921     0.0213      0.004      0.240      0.348         47 1.8178e+03 0.0000e+00
      0.249    14.3699     6.7435     65.981  29.484008     37.419      7.394   229.2516     2.0785     3.8981     0.0213      0.005      0.243      0.352         48 1.3442e+03 0.0000e+00
      0.248    14.3705     6.7908     66.445  29.539120     37.525      7.387   229.7059     2.0946     3.9652     0.0213      0.005      0.244      0.354         49 9.2101e+02 0.0000e+00
      0.249    14.3692     6.8360     66.888  29.603530     37.594      7.384   230.2359     2.0744     4.0189     0.0213      0.004      0.245      0.356         50 1.1255e+03 0.0000e+00
      0.252    14.3687     6.8616     67.134  29.581748     37.558      7.376   230.9930     2.1755     4.1801     0.0213      0.004      0.246      0.358         51 6.9459e+02 0.0000e+00
      0.252    14.3702     6.8569     67.071  29.595876     37.595      7.368   231.1823     2.1674     4.1532     0.0213      0.006      0.246      0.358         52 4.4052e+02 0.0000e+00
      0.250    14.3721     6.8460     66.960  29.556299     37.524      7.365   231.4094     2.1593     4.1398     0.0213      0.006      0.245      0.356         53 7.6587e+02 0.0000e+00
      0.249    14.3734     6.8205     66.712  29.542053     37.523      7.360   232.1287     2.1634     4.0995     0.0213      0.004      0.245      0.355         54 9.7002e+02 0.0000e+00
      0.249    14.3743     6.7839     66.358  29.554306     37.521      7.355   233.1509     2.3211     4.1264     0.0213      0.002      0.245      0.355         55 6.2858e+02 0.0000e+00
      0.250    14.3749     6.7620     66.142  29.600349     37.591      7.350   233.6430     2.3049     4.1935     0.0213      0.000      0.246      0.356         56 4.0237e+02 0.0000e+00
      0.253    14.3753     6.7298     65.823  29.573702     37.555      7.343   233.7187     2.3090     4.2069     0.0213      0.001      0.248      0.360         57 3.8649e+02 0.0000e+00
      0.257    14.3758     6.6985     65.512  29.557816     37.519      7.338   234.8166     2.2685     4.1264     0.0213      0.002      0.252      0.366         58 3.8069e+02 0.0000e+00
      0.261    14.3761     6.6683     65.217  29.590468     37.589      7.331   235.0816     2.3979     4.0861     0.0213      0.004      0.257      0.372         59 6.4338e+02 0.0000e+00
      0.266    14.3770     6.6369     64.911  29.562718     37.518      7.327   235.0059     2.4464     4.1264     0.0213      0.007      0.262      0.380         60 5.9416e+02 0.0000e+00
      0.274    14.3729     6.6116     64.660  29.592349     37.588      7.323   235.4602     2.4181     4.1532     0.0213      0.012      0.270      0.391         61 4.6192e+02 0.0000e+00
      0.286    14.3633     6.5728     64.269  29.612892     37.588      7.315   235.8009     2.4586     4.0861     0.0213      0.017      0.279      0.404         62 5.1289e+02 0.0000e+00
      0.291    14.3592     6.5578     64.112  29.596454     37.591      7.311   236.0659     2.5394     3.9786     0.0213      0.021      0.284      0.412         63 3.0983e+02 0.0000e+00
      0.291    14.3607     6.5269     63.812  29.553509     37.530      7.302   236.3309     2.5516     3.9786     0.0213      0.023      0.284      0.413         64 5.4915e+02 0.0000e+00
      0.289    14.3625     6.5041     63.584  29.547740     37.533      7.296   236.9744     2.5677     3.8578     0.0213      0.021      0.284      0.413         65 8.1571e+02 0.0000e+00
      0.290    14.3623     6.4852     63.384  29.603635     37.603      7.290   237.4287     2.5556     3.9518     0.0213      0.019      0.286      0.414         66 3.7825e+02 0.0000e+00
      0.295    14.3589     6.4733     63.271  29.602549     37.601      7.285   237.6937     2.5637     4.1532     0.0213      0.016      0.289      0.418         67 5.3128e+02 0.0000e+00
      0.296    14.3557     6.4690     63.237  29.608392     37.601      7.280   237.7694     2.5718     4.1532     0.0213      0.013      0.290      0.420         68 1.0132e+03 0.0000e+00
      0.294    14.3556     6.4636     63.189  29.596363     37.605      7.269   238.2616     2.5475     4.0995     0.0213      0.008      0.288      0.418         69 6.3169e+02 0.0000e+00
      0.292    14.3561     6.4675     63.234  29.558218     37.537      7.268   238.6780     2.5597     4.1129     0.0213      0.003      0.287      0.417         70 2.7014e+02 0.0000e+00
      0.295    14.3538     6.4642     63.208  29.596563     37.608      7.261   238.9809     2.5475     4.0592     0.0213      0.002      0.288      0.418         71 4.9149e+02 0.0000e+00
      0.295    14.3460     6.4756     63.323  29.607943     37.607      7.255   239.6245     2.8751     4.1264     0.0213      0.003      0.287      0.416         72 7.7175e+02 0.0000e+00
      0.287    14.3384     6.4856     63.422  29.603357     37.609      7.249   239.5109     2.8508     4.0458     0.0213      0.000      0.279      0.405         73 5.9924e+02 0.0000e+00
      0.270    14.3398     6.4984     63.534  29.602272     37.617      7.248   239.6623     2.8872     4.2069     0.0213     -0.007      0.267      0.387         74 4.6946e+02 0.0000e+00
      0.259    14.3356     6.5004     63.518  29.549996     37.554      7.245   240.2680     2.8508     4.1666     0.0213     -0.015      0.260      0.377         75 4.0628e+02 0.0000e+00
      0.268    14.3259     6.4934     63.449  29.549816     37.552      7.234   240.5709     2.6891     4.1532     0.0213     -0.018      0.263      0.381         76 6.4437e+02 0.0000e+00
      0.275    14.3278     6.4683     63.212  29.572847     37.591      7.229   241.2902     2.6688     4.0861     0.0213     -0.016      0.269      0.389         77 6.9835e+02 0.0000e+00
      0.277    14.3334     6.4338     62.870  29.550985     37.566      7.224   241.6687     2.6850     4.1398     0.0213     -0.013      0.272      0.394         78 4.1198e+02 0.0000e+00
      0.279    14.3372     6.3975     62.503  29.547374     37.563      7.215   241.7066     2.6931     4.1801     0.0213     -0.010      0.272      0.395         79 5.6800e+02 0.0000e+00
      0.276    14.3419     6.3442     61.964  29.547691     37.558      7.212   242.3123     2.6001     4.1264     0.0213     -0.005      0.270      0.392         80 4.1823e+02 0.0000e+00
      0.272    14.3466     6.2949     61.475  29.550589     37.555      7.205   242.6152     2.6203     4.1666     0.0213      0.001      0.266      0.385         81 2.9575e+02 0.0000e+00
      0.264    14.3491     6.2572     61.112  29.543767     37.550      7.201   242.9559     2.6082     4.1801     0.0213      0.002      0.261      0.377         82 4.6930e+02 0.0000e+00
      0.260    14.3508     6.2292     60.840  29.556180     37.546      7.194   243.1830     2.6324     4.1264     0.0213     -0.001      0.258      0.374         83 4.1168e+02 0.0000e+00
      0.264    14.3395     6.2072     60.629  29.594438     37.614      7.191   243.2209     2.7538     4.1398     0.0213     -0.006      0.261      0.379         84 4.9123e+02 0.0000e+00
      0.275    14.3164     6.2023     60.586  29.555453     37.542      7.187   243.5616     2.7497     4.1398     0.0213     -0.006      0.268      0.390         85 6.7166e+02 0.0000e+00
