Data/DataNotYetUploadedToEDI/Raw_CTD/RawDownloads/102218_fcr20.cnv
* Sea-Bird SBE19plus  Data File:
* FileName = C:\DATA\101518_fcr_0009.hex
* Software version 2.6.3.104
* Temperature SN = 7809
* Conductivity SN = 7809
* System UpLoad Time = Oct 29 2018 16:39:16
* <ApplicationData>
* <Seaterm232>
# nquan = 17
# nvalues = 444                         
# units = specified
# name 0 = depFM: Depth [fresh water, m]
# name 1 = tv290C: Temperature [ITS-90, deg C]
# name 2 = sbeox0Mg/L: Oxygen, SBE 43 [mg/l]
# name 3 = sbeox0PS: Oxygen, SBE 43 [% saturation]
# name 4 = c0uS/cm: Conductivity [uS/cm]
# name 5 = specc: Specific Conductance [uS/cm]
# name 6 = ph: pH
# name 7 = orp: Oxidation Reduction Potential [mV]
# name 8 = flECO-AFL: Fluorescence, WET Labs ECO-AFL/FL [mg/m^3]
# name 9 = turbWETntu0: Turbidity, WET Labs ECO [NTU]
# name 10 = sal00: Salinity, Practical [PSU]
# name 11 = dz/dtM: Descent Rate [m/s]
# name 12 = prdM: Pressure, Strain Gauge [db]
# name 13 = prdE: Pressure, Strain Gauge [psi]
# name 14 = scan: Scan Count
# name 15 = par/sat/log: PAR/Logarithmic, Satlantic
# name 16 = flag:  0.000e+00
# span 0 =     -0.529,      3.714       
# span 1 =     9.8234,    14.0359       
# span 2 =     5.7141,    11.1471       
# span 3 =     54.900,     99.523       
# span 4 =   0.424296,  29.786717       
# span 5 =      0.647,     39.678       
# span 6 =     -3.004,     10.058       
# span 7 =  -975.1769,  1240.2295       
# span 8 =    -1.0675,     4.8767       
# span 9 =    -0.7480,     7.5639       
# span 10 =     0.0051,     0.0215      
# span 11 =     -0.156,      0.171      
# span 12 =     -0.518,      3.642      
# span 13 =     -0.752,      5.282      
# span 14 =          1,        444      
# span 15 = 3.6272e+00, 1.5942e+03      
# span 16 = 0.0000e+00, 0.0000e+00      
# interval = seconds: 0.25
# start_time = Oct 22 2018 14:45:07 [Instrument's time stamp, header]
# bad_flag = -9.990e-29
*END*
     -0.529    10.0640    11.0695     98.183   0.424296      0.647      6.772  -600.0872    -0.1819    -0.2780     0.0051 -6.316e-16     -0.518     -0.751          1 7.8354e+02 0.0000e+00
     -0.528    10.0627    11.0667     98.155   0.501738      0.647      6.359  -382.3323    -0.2224    -0.1706     0.0051      0.000     -0.518     -0.751          2 8.2061e+02 0.0000e+00
     -0.528    10.0611    11.0716     98.185   0.493815      0.806      6.055    -5.6148    -0.2021    -0.2646     0.0052      0.001     -0.518     -0.751          3 5.5174e+02 0.0000e+00
     -0.528    10.0593    11.0716     98.161   0.848661      1.045      5.926   225.6173    -0.2021     0.0577     0.0052      0.001     -0.518     -0.751          4 1.8380e+02 0.0000e+00
     -0.529    10.0575    11.0784     98.185   2.310408      3.432      5.981   185.1857    -0.2224     0.0040     0.0058      0.001     -0.518     -0.752          5 2.9909e+02 0.0000e+00
     -0.529    10.0560    11.0845     98.198   2.819986      3.990      5.957   190.2207    -0.2385    -0.0497     0.0060      0.000     -0.518     -0.752          6 1.1666e+03 0.0000e+00
     -0.528    10.0547    11.0878     98.186   3.086644      4.348      6.048     2.0702    -0.2062     0.0308     0.0061      0.000     -0.518     -0.751          7 1.5103e+03 0.0000e+00
     -0.528    10.0535    11.0943     98.194   3.666401      5.343      6.256  -479.7390    -0.2102     0.0040     0.0064      0.000     -0.518     -0.751          8 1.5140e+03 0.0000e+00
     -0.528    10.0525    11.1048     98.225   3.046062      4.269      6.380  -975.1769    -0.2224    -0.0497     0.0061     -0.000     -0.518     -0.751          9 1.5942e+03 0.0000e+00
     -0.528    10.0514    11.1097     98.202   2.437299      3.513      7.340  -908.6996    -0.2385     0.0308     0.0058     -0.000     -0.518     -0.751         10 1.4014e+03 0.0000e+00
     -0.528    10.0505    11.1230     98.256   2.232775      3.155     10.058  -779.6442    -0.2224    -0.0497     0.0057      0.000     -0.518     -0.751         11 1.1365e+03 0.0000e+00
     -0.528    10.0487    11.1315     98.277   2.086559      2.995      8.945   601.3884    -0.2224    -0.1169     0.0057      0.000     -0.518     -0.751         12 8.5520e+02 0.0000e+00
     -0.528    10.0430    11.1399     98.306   1.967841      2.796      6.625   359.4427    -0.2102    -0.3452     0.0056      0.000     -0.518     -0.751         13 5.6427e+02 0.0000e+00
     -0.527    10.0324    11.1409     98.289   1.788322      2.558      1.002   895.9178    -0.2183    -0.3183     0.0056      0.000     -0.517     -0.750         14 4.5675e+02 0.0000e+00
     -0.527    10.0170    11.1471     98.345   1.628948      2.319     -2.996   897.6592    -0.2224    -0.1706     0.0055      0.001     -0.517     -0.750         15 4.2461e+02 0.0000e+00
     -0.528     9.9993    11.1443     98.331   1.455556      2.081     -2.997   894.5928    -0.1738    -0.2243     0.0054      0.000     -0.517     -0.750         16 3.2601e+02 0.0000e+00
     -0.527     9.9815    11.1398     98.302   1.323097      1.883     -2.997   893.2299    -0.2102    -0.3183     0.0054      0.000     -0.517     -0.750         17 3.2994e+02 0.0000e+00
     -0.527     9.9601    11.1369     98.283   1.260831      1.804     -2.998   893.0785    -0.2102    -0.1974     0.0053      0.001     -0.517     -0.749         18 3.6307e+02 0.0000e+00
     -0.527     9.9334    11.1351     98.271   1.207349      1.725     -2.998   893.4192    -0.2021    -0.2243     0.0053      0.000     -0.517     -0.749         19 4.0098e+02 0.0000e+00
     -0.527     9.9046    11.1384     98.310   1.152785      1.646     -2.999   893.2678    -0.2305    -0.2512     0.0053      0.000     -0.517     -0.750         20 3.9851e+02 0.0000e+00
     -0.527     9.8775    11.1373     98.311   1.269518      1.807     -3.000   893.3056    -0.2102    -0.2914     0.0053      0.000     -0.517     -0.750         21 3.7012e+02 0.0000e+00
     -0.527     9.8540    11.1380     98.329   1.239730      1.809     -3.001   893.3435    -0.2102    -0.1706     0.0053      0.000     -0.517     -0.750         22 3.1948e+02 0.0000e+00
     -0.527     9.8347    11.1354     98.318   1.456333      2.010     -3.002   893.0406    -0.1779    -0.2512     0.0053      0.000     -0.517     -0.750         23 2.7658e+02 0.0000e+00
     -0.528     9.8237    11.1408     98.380   2.213942      3.253     -3.003   893.0785    -0.2021    -0.2914     0.0057     -0.000     -0.518     -0.751         24 2.2874e+02 0.0000e+00
     -0.528     9.8234    11.1403     98.399   2.547228      3.615     -3.004   893.1921    -0.2143    -0.3452     0.0058     -0.000     -0.518     -0.751         25 1.8887e+02 0.0000e+00
     -0.527     9.8282    11.0374     98.338   3.173499      4.537     -3.004   893.0785    -0.2102    -0.1572     0.0060     -0.000     -0.518     -0.751         26 1.6106e+02 0.0000e+00
     -0.528     9.8330    10.8005     98.233   6.142972      8.705     -3.004   893.3056    -0.2183    -0.2512     0.0075     -0.000     -0.518     -0.751         27 1.4784e+02 0.0000e+00
     -0.528     9.8355    10.6278     98.230   6.344011      9.585     -3.004   893.2299    -0.2102    -0.2780     0.0079     -0.000     -0.518     -0.751         28 2.2045e+02 0.0000e+00
     -0.528     9.8375    10.5067     98.207   5.588543      7.260     -3.004   892.9649    -0.2102    -0.3586     0.0070     -0.000     -0.518     -0.751         29 2.6650e+02 0.0000e+00
     -0.528     9.8417    10.4225     98.175   7.557121     11.666     -3.004   893.1921    -0.2305    -0.2646     0.0087     -0.000     -0.518     -0.751         30 3.1393e+02 0.0000e+00
     -0.529     9.8462    10.3649     98.198   6.441178      8.621     -3.004   892.9271    -0.2224    -0.1974     0.0075     -0.000     -0.518     -0.752         31 3.5798e+02 0.0000e+00
     -0.529     9.8512    10.3160     98.179   4.667175      7.178     -3.003   892.6242    -0.2021    -0.2914     0.0070     -0.000     -0.518     -0.752         32 3.8051e+02 0.0000e+00
     -0.529     9.8566    10.2816     98.157   4.552473      6.056     -3.003   892.6620    -0.2224    -0.2109     0.0066     -0.000     -0.518     -0.752         33 4.0950e+02 0.0000e+00
     -0.529     9.8626    10.2415     98.120   4.510920      6.936     -3.003   892.3970    -0.2021    -0.0229     0.0069     -0.001     -0.518     -0.752         34 4.4819e+02 0.0000e+00
     -0.528     9.8728    10.2038     98.113   3.978562      5.294     -3.003  1240.2295    -0.2021    -0.0497     0.0063     -0.000     -0.517     -0.750         35 4.8416e+02 0.0000e+00
     -0.525    10.2619    10.1812     98.134   4.060073      6.133     -0.148  1240.2295    -0.2224    -0.1034     0.0066      0.000     -0.513     -0.743         36 4.2151e+02 0.0000e+00
     -0.515    11.1087    10.1708     98.182   4.320624      5.971      3.036  1240.2295    -0.1819    -0.0497     0.0066      0.004     -0.502     -0.728         37 3.3646e+02 0.0000e+00
     -0.496    11.8302    10.2127     98.690   5.608807      8.008      4.909  1240.2295    -0.2021    -0.7480     0.0075      0.011     -0.485     -0.703         38 4.1270e+02 0.0000e+00
     -0.474    12.3108    10.2654     99.270   9.238993     12.717      6.069  1240.2295    -0.2183    -0.7211     0.0097      0.022     -0.460     -0.666         39 4.0200e+02 0.0000e+00
     -0.432    12.6616    10.2860     99.523  17.783174     23.847      6.827   245.4166    -0.1900    -0.7346     0.0145      0.041     -0.426     -0.617         40 1.5186e+02 0.0000e+00
     -0.397    12.9162    10.2453     99.151  26.946027     36.705      7.227   243.5238    -0.2345    -0.6137     0.0201      0.062     -0.390     -0.565         41 1.0135e+02 0.0000e+00
     -0.362    13.1188    10.1048     97.793  28.657408     37.706      7.449   236.6337    -1.0473     1.2125     0.0207      0.084     -0.355     -0.514         42 9.9465e+01 0.0000e+00
     -0.325    13.2615     9.8543     95.395  28.487899     37.782      7.560   235.1573    -1.0432     1.1991     0.0208      0.105     -0.319     -0.462         43 1.1267e+02 0.0000e+00
     -0.287    13.4196     9.5177     92.134  28.876458     37.728      7.613   234.9302    -1.0675     1.2931     0.0209      0.122     -0.282     -0.408         44 7.5610e+01 0.0000e+00
     -0.250    13.5814     9.1286     88.307  28.855694     37.808      7.619   234.4002    -1.0554     1.3468     0.0210      0.134     -0.243     -0.353         45 1.4377e+02 0.0000e+00
     -0.206    13.6924     8.7096     84.223  29.047356     37.725      7.617   233.7187    -1.0473     1.2259     0.0210      0.143     -0.203     -0.294         46 2.8642e+01 0.0000e+00
     -0.166    13.7607     8.3128     80.369  29.052966     37.710      7.575   231.6744     0.5904     7.5639     0.0211      0.149     -0.165     -0.239         47 2.2820e+02 0.0000e+00
     -0.133    13.8079     7.9556     76.927  29.026550     37.458      7.558   230.1223     0.5823     7.4968     0.0210      0.149     -0.129     -0.188         48 8.9006e+02 0.0000e+00
     -0.098    13.8409     7.6982     74.466  29.050535     37.500      7.549   223.3837     0.5378     7.4699     0.0210      0.149     -0.092     -0.134         49 3.8274e+02 0.0000e+00
     -0.052    13.8651     7.5229     72.798  29.082385     37.455      7.534   222.8158     0.5702     7.5639     0.0210      0.151     -0.049     -0.071         50 5.5609e+02 0.0000e+00
      0.001    13.8751     7.4148     71.773  28.986895     37.315      7.522   224.0273     2.3373     3.9518     0.0210      0.156     -0.000     -0.001         51 1.2126e+03 0.0000e+00
      0.049    13.8766     7.3597     71.259  28.932164     37.220      7.509   225.7687     2.3575     3.9518     0.0210      0.162      0.047      0.068         52 7.1597e+02 0.0000e+00
      0.095    13.8890     7.3435     71.114  28.824347     37.066      7.493   226.8666     2.3453     3.9249     0.0209      0.167      0.091      0.133         53 7.0854e+02 0.0000e+00
      0.136    13.8864     7.3273     70.963  28.705983     36.922      7.476   228.4187     2.3373     3.8846     0.0208      0.171      0.130      0.188         54 5.9548e+02 0.0000e+00
      0.166    13.8579     7.3221     70.912  28.664381     36.838      7.460   227.5101     2.5111     3.7101     0.0208      0.171      0.160      0.232         55 3.5820e+02 0.0000e+00
      0.189    13.8387     7.3288     70.976  28.757523     36.983      7.443   228.2673     2.4950     3.7101     0.0209      0.167      0.183      0.266         56 6.5076e+02 0.0000e+00
      0.206    13.8312     7.3114     70.806  28.827262     37.084      7.429   228.9109     2.4586     3.6832     0.0209      0.154      0.200      0.290         57 5.2436e+02 0.0000e+00
      0.218    13.8369     7.2974     70.666  28.933386     37.245      7.413   230.9551     2.4869     3.6564     0.0210      0.134      0.211      0.306         58 5.7264e+02 0.0000e+00
      0.221    13.8545     7.2870     70.558  29.070195     37.433      7.406   230.1601     2.4869     3.7504     0.0210      0.109      0.215      0.312         59 5.9150e+02 0.0000e+00
      0.219    13.8710     7.2740     70.428  29.042446     37.391      7.400   231.8637     2.5192     3.7772     0.0210      0.082      0.212      0.307         60 3.9213e+02 0.0000e+00
      0.207    13.8851     7.2464     70.158  28.938268     37.230      7.396   232.0909     2.5030     3.6967     0.0210      0.055      0.204      0.295         61 4.4912e+02 0.0000e+00
      0.195    13.8965     7.2249     69.948  28.932994     37.214      7.389   235.0059     2.4626     3.6832     0.0210      0.029      0.195      0.282         62 4.6558e+02 0.0000e+00
      0.193    13.9048     7.2221     69.920  28.930406     37.201      7.387   233.3023     2.6122     3.7772     0.0210      0.009      0.193      0.280         63 5.3354e+02 0.0000e+00
      0.202    13.9083     7.2292     69.984  28.882184     37.118      7.378   234.5137     2.6446     3.6564     0.0209     -0.003      0.200      0.290         64 5.2109e+02 0.0000e+00
      0.216    13.9079     7.2347     70.033  28.874406     37.110      7.369   235.2709     2.6203     3.7504     0.0209     -0.006      0.210      0.305         65 4.2453e+02 0.0000e+00
      0.224    13.9073     7.2433     70.112  28.880786     37.107      7.363   235.6494     2.6122     3.7101     0.0209     -0.003      0.218      0.317         66 4.9375e+02 0.0000e+00
      0.228    13.9066     7.2455     70.130  28.874242     37.107      7.354   236.4444     2.5960     3.7772     0.0209      0.004      0.222      0.322         67 3.5729e+02 0.0000e+00
      0.226    13.9037     7.2467     70.142  28.882549     37.108      7.345   236.3687     2.7538     3.7369     0.0209      0.011      0.223      0.323         68 2.3773e+02 0.0000e+00
      0.227    13.8994     7.2448     70.122  28.929747     37.180      7.338   236.4823     2.7497     3.6967     0.0210      0.017      0.224      0.324         69 3.1768e+02 0.0000e+00
      0.231    13.8966     7.2358     70.034  28.934102     37.183      7.329   237.7694     2.7618     3.6832     0.0210      0.020      0.226      0.328         70 3.2570e+02 0.0000e+00
      0.233    13.8941     7.2122     69.807  28.936428     37.187      7.318   238.1480     2.7538     3.6564     0.0210      0.018      0.227      0.330         71 5.2823e+02 0.0000e+00
      0.233    13.8934     7.1773     69.468  28.986151     37.262      7.310   238.6402     2.7740     3.7235     0.0210      0.012      0.226      0.328         72 3.4952e+02 0.0000e+00
      0.226    13.8926     7.1642     69.337  28.990820     37.264      7.305   238.9430     2.7821     3.7504     0.0210      0.005      0.222      0.323         73 1.4502e+02 0.0000e+00
      0.223    13.8898     7.1324     69.028  28.989918     37.265      7.301   239.7380     2.7538     3.7235     0.0210      0.001      0.220      0.320         74 4.1622e+02 0.0000e+00
      0.225    13.8871     7.1108     68.817  28.987275     37.265      7.298   239.8895     2.7295     3.7638     0.0210     -0.001      0.222      0.321         75 2.3374e+02 0.0000e+00
      0.230    13.8840     7.0820     68.534  28.994110     37.268      7.294   240.7980     2.7982     3.6429     0.0210     -0.001      0.224      0.325         76 2.4375e+02 0.0000e+00
      0.229    13.8825     7.0637     68.352  28.981413     37.271      7.292   241.1009     2.8225     3.7235     0.0210     -0.001      0.225      0.326         77 5.1560e+02 0.0000e+00
      0.229    13.8821     7.0462     68.178  29.003078     37.274      7.290   241.7823     2.7861     3.7369     0.0210     -0.002      0.225      0.326         78 1.9483e+02 0.0000e+00
      0.230    13.8811     7.0281     68.001  29.026449     37.347      7.285   242.0852     2.7861     3.7369     0.0210     -0.001      0.225      0.326         79 9.0541e+01 0.0000e+00
      0.229    13.8809     7.0120     67.843  28.952327     37.204      7.285   242.6152     2.9357     3.7504     0.0210      0.001      0.225      0.326         80 1.3912e+02 0.0000e+00
      0.229    13.8811     6.9938     67.669  28.976722     37.277      7.281   244.0159     2.9438     3.7907     0.0210      0.003      0.225      0.327         81 1.4601e+02 0.0000e+00
      0.230    13.8803     6.9803     67.543  28.996090     37.277      7.280   244.0159     2.9802     3.7235     0.0210      0.003      0.227      0.330         82 1.1473e+02 0.0000e+00
      0.236    13.8786     6.9653     67.388  28.987524     37.277      7.276   244.0538     2.9438     3.6295     0.0210      0.003      0.231      0.335         83 1.6863e+02 0.0000e+00
      0.239    13.8774     6.9510     67.240  28.987382     37.277      7.275   244.5080     3.0085     3.9652     0.0210      0.004      0.234      0.339         84 2.6578e+02 0.0000e+00
      0.241    13.8760     6.9370     67.109  28.996267     37.279      7.265   245.0002     3.0125     3.9249     0.0210      0.006      0.236      0.343         85 1.6302e+02 0.0000e+00
