Data/DataNotYetUploadedToEDI/Raw_CTD/RawDownloads/102218_fcr20.cnv
* Sea-Bird SBE19plus  Data File:
* FileName = C:\DATA\101518_fcr_0009.hex
* Software version 2.6.3.104
* Temperature SN = 7809
* Conductivity SN = 7809
* System UpLoad Time = Oct 29 2018 16:39:16
* <ApplicationData>
* <Seaterm232>
# nquan = 17
# nvalues = 444                         
# units = specified
# name 0 = depFM: Depth [fresh water, m]
# name 1 = tv290C: Temperature [ITS-90, deg C]
# name 2 = sbeox0Mg/L: Oxygen, SBE 43 [mg/l]
# name 3 = sbeox0PS: Oxygen, SBE 43 [% saturation]
# name 4 = c0uS/cm: Conductivity [uS/cm]
# name 5 = specc: Specific Conductance [uS/cm]
# name 6 = ph: pH
# name 7 = orp: Oxidation Reduction Potential [mV]
# name 8 = flECO-AFL: Fluorescence, WET Labs ECO-AFL/FL [mg/m^3]
# name 9 = turbWETntu0: Turbidity, WET Labs ECO [NTU]
# name 10 = sal00: Salinity, Practical [PSU]
# name 11 = dz/dtM: Descent Rate [m/s]
# name 12 = prdM: Pressure, Strain Gauge [db]
# name 13 = prdE: Pressure, Strain Gauge [psi]
# name 14 = scan: Scan Count
# name 15 = par/sat/log: PAR/Logarithmic, Satlantic
# name 16 = flag:  0.000e+00
# span 0 =     -0.529,      3.714       
# span 1 =     9.8234,    14.0359       
# span 2 =     5.7141,    11.1471       
# span 3 =     54.900,     99.523       
# span 4 =   0.424296,  29.786717       
# span 5 =      0.647,     39.678       
# span 6 =     -3.004,     10.058       
# span 7 =  -975.1769,  1240.2295       
# span 8 =    -1.0675,     4.8767       
# span 9 =    -0.7480,     7.5639       
# span 10 =     0.0051,     0.0215      
# span 11 =     -0.156,      0.171      
# span 12 =     -0.518,      3.642      
# span 13 =     -0.752,      5.282      
# span 14 =          1,        444      
# span 15 = 3.6272e+00, 1.5942e+03      
# span 16 = 0.0000e+00, 0.0000e+00      
# interval = seconds: 0.25
# start_time = Oct 22 2018 14:45:07 [Instrument's time stamp, header]
# bad_flag = -9.990e-29
*END*
[from data line 426]
      3.637    12.6558     7.9217     74.610  27.841951     36.992      6.753   294.2525     3.6797     3.4415     0.0204      0.048      3.568      5.175        427 4.0831e+00 0.0000e+00
      3.645    12.6351     7.9054     74.464  27.822833     37.029      6.754   294.1389     3.6231     3.5490     0.0204      0.033      3.575      5.186        428 4.0381e+00 0.0000e+00
      3.656    12.6079     7.8901     74.337  27.449149     36.373      6.755   294.2146     3.5787     3.5624     0.0201      0.027      3.585      5.199        429 4.0217e+00 0.0000e+00
      3.665    12.5971     7.8552     74.027  27.536156     36.619      6.761   294.4039     3.6191     3.6564     0.0202      0.026      3.594      5.213        430 3.9716e+00 0.0000e+00
      3.675    12.5989     7.8048     73.563  27.773850     36.904      6.759   294.3282     3.5948     3.5624     0.0203      0.029      3.603      5.226        431 3.9446e+00 0.0000e+00
      3.683    12.6137     7.7268     72.836  27.746297     36.915      6.763   293.7982     3.5787     3.5221     0.0203      0.032      3.611      5.238        432 3.8934e+00 0.0000e+00
      3.689    12.6334 -9.990e-29 -9.990e-29  27.837277     36.988      6.765   293.8739     3.6636     3.5221     0.0204      0.033      3.617      5.246        433 3.8256e+00 0.0000e+00
      3.694    12.6504 -9.990e-29 -9.990e-29  27.897808     37.121      6.765   293.7982     3.6636     3.5892     0.0204      0.033      3.622      5.253        434 3.7978e+00 0.0000e+00
      3.697    12.6536 -9.990e-29 -9.990e-29  27.908143     37.029      6.770   294.1768     3.6838     3.4952     0.0204      0.031      3.626      5.258        435 3.7865e+00 0.0000e+00
      3.701    12.6525 -9.990e-29 -9.990e-29  27.824408     37.010      6.767   293.9118     3.6353     3.6564     0.0204      0.027      3.630      5.264        436 3.7514e+00 0.0000e+00
      3.707    12.6547 -9.990e-29 -9.990e-29  27.942713     37.008      6.770   293.9875     3.1864     3.4684     0.0204      0.024      3.635      5.271        437 3.6455e+00 0.0000e+00
      3.711    12.6592 -9.990e-29 -9.990e-29  29.391590     39.049      6.766   294.1010     3.2066     3.4415     0.0213      0.021      3.638      5.277        438 3.6320e+00 0.0000e+00
      3.712    12.6697 -9.990e-29 -9.990e-29  29.786717     39.678      6.766   292.7382     3.1945     3.6027     0.0215      0.018      3.640      5.280        439 3.6893e+00 0.0000e+00
      3.712    12.6800 -9.990e-29 -9.990e-29  28.518348     37.707      6.769   293.1168     3.2188     3.6161     0.0207      0.015      3.641      5.280        440 3.6696e+00 0.0000e+00
      3.713    12.6878 -9.990e-29 -9.990e-29  28.212669     37.549      6.770   294.3282     3.1945     3.5490     0.0206      0.013      3.641      5.281        441 3.6334e+00 0.0000e+00
      3.713    12.6921 -9.990e-29 -9.990e-29  28.239927     37.389      6.771   294.1768     3.4654     3.7101     0.0206      0.010      3.642      5.282        442 3.6272e+00 0.0000e+00
      3.714 -9.990e-29 -9.990e-29 -9.990e-29  28.187942     37.457      6.770   294.0632     3.4654     3.7369     0.0206      0.008      3.642      5.282        443 3.6404e+00 0.0000e+00
      3.714 -9.990e-29 -9.990e-29 -9.990e-29  28.277360     37.451      6.773   294.1768     3.4614     3.7235     0.0206      0.005      3.642      5.282        444 3.6513e+00 0.0000e+00
