Data/DataNotYetUploadedToEDI/Raw_CTD/RawDownloads/102218_fcr20.cnv
* Sea-Bird SBE19plus  Data File:
* FileName = C:\DATA\101518_fcr_0009.hex
* Software version 2.6.3.104
* Temperature SN = 7809
* Conductivity SN = 7809
* System UpLoad Time = Oct 29 2018 16:39:16
* <ApplicationData>
* <Seaterm232>
# nquan = 17
# nvalues = 444                         
# units = specified
# name 0 = depFM: Depth [fresh water, m]
# name 1 = tv290C: Temperature [ITS-90, deg C]
# name 2 = sbeox0Mg/L: Oxygen, SBE 43 [mg/l]
# name 3 = sbeox0PS: Oxygen, SBE 43 [% saturation]
# name 4 = c0uS/cm: Conductivity [uS/cm]
# name 5 = specc: Specific Conductance [uS/cm]
# name 6 = ph: pH
# name 7 = orp: Oxidation Reduction Potential [mV]
# name 8 = flECO-AFL: Fluorescence, WET Labs ECO-AFL/FL [mg/m^3]
# name 9 = turbWETntu0: Turbidity, WET Labs ECO [NTU]
# name 10 = sal00: Salinity, Practical [PSU]
# name 11 = dz/dtM: Descent Rate [m/s]
# name 12 = prdM: Pressure, Strain Gauge [db]
# name 13 = prdE: Pressure, Strain Gauge [psi]
# name 14 = scan: Scan Count
# name 15 = par/sat/log: PAR/Logarithmic, Satlantic
# name 16 = flag:  0.000e+00
# span 0 =     -0.529,      3.714       
# span 1 =     9.8234,    14.0359       
# span 2 =     5.7141,    11.1471       
# span 3 =     54.900,     99.523       
# span 4 =   0.424296,  29.786717       
# span 5 =      0.647,     39.678       
# span 6 =     -3.004,     10.058       
# span 7 =  -975.1769,  1240.2295       
# span 8 =    -1.0675,     4.8767       
# span 9 =    -0.7480,     7.5639       
# span 10 =     0.0051,     0.0215      
# span 11 =     -0.156,      0.171      
# span 12 =     -0.518,      3.642      
# span 13 =     -0.752,      5.282      
# span 14 =          1,        444      
# span 15 = 3.6272e+00, 1.5942e+03      
# span 16 = 0.0000e+00, 0.0000e+00      
# interval = seconds: 0.25
# start_time = Oct 22 2018 14:45:07 [Instrument's time stamp, header]
# bad_flag = -9.990e-29
*END*
[from data line 171]
      0.300    13.4087     5.7141     55.095  28.507125     37.146      6.993   265.0267     3.6231     3.8578     0.0207      0.024      0.297      0.430        172 4.0281e+02 0.0000e+00
      0.303    13.4192     5.7833     55.938  28.517838     37.131      6.996   265.1781     3.6595     3.9249     0.0207      0.025      0.300      0.435        173 6.9123e+02 0.0000e+00
      0.315    13.4237     5.9642     57.780  28.514628     37.117      6.996   265.7838     3.6555     3.8712     0.0207      0.024      0.309      0.448        174 5.3441e+02 0.0000e+00
      0.326    13.4214     6.2373     60.478  28.600059     37.215      6.998   265.6324     3.6231     3.9384     0.0208      0.021      0.319      0.462        175 3.1415e+02 0.0000e+00
      0.333    13.4160     6.5629     63.668  28.589407     37.211      6.995   265.6702     3.6555     4.0055     0.0208      0.018      0.326      0.472        176 4.3617e+02 0.0000e+00
      0.335    13.4160     6.9257     67.202  28.527883     37.104      6.995   267.1845     3.7889     3.8981     0.0207      0.017      0.328      0.475        177 3.2410e+02 0.0000e+00
      0.332    13.4219     7.2891     70.733  28.498736     37.110      6.992   265.7838     3.7687     3.9115     0.0207      0.017      0.326      0.472        178 4.4554e+02 0.0000e+00
      0.328    13.4245     7.5927     73.679  28.536738     37.110      6.991   266.1245     3.7970     3.9249     0.0207      0.018      0.322      0.467        179 5.2904e+02 0.0000e+00
      0.326    13.4221     7.8126     75.815  28.480590     37.104      6.994   266.2002     3.7485     4.0189     0.0207      0.015      0.321      0.465        180 6.5586e+02 0.0000e+00
      0.327    13.5094     7.9429     77.076  28.568608     37.102      6.991   266.2002     3.8577     3.7772     0.0207      0.009      0.322      0.466        181 5.8916e+02 0.0000e+00
      0.331    13.7032     7.9973     77.600  29.020177     37.831      6.993   266.9195     3.8374     3.7907     0.0211      0.003      0.324      0.470        182 3.3150e+02 0.0000e+00
      0.333    13.8502     7.9884     77.510  29.223165     37.895      6.992   267.2224     3.8374     3.6967     0.0211     -0.000      0.326      0.474        183 5.2071e+02 0.0000e+00
      0.334    13.9216     7.9586     77.219  29.294375     37.877      6.992   267.1088     3.8051     3.7101     0.0212     -0.000      0.329      0.477        184 5.7396e+02 0.0000e+00
      0.337    13.9629     7.9098     76.748  29.257636     37.630      6.991   267.6388     3.7040     3.8846     0.0211      0.002      0.336      0.487        185 4.4984e+02 0.0000e+00
      0.356    13.9844     7.8612     76.280  29.239180     37.559      6.991   267.7524     3.7444     3.9249     0.0211      0.009      0.358      0.520        186 5.1740e+02 0.0000e+00
      0.403    13.9957     7.8229     75.912  29.287661     37.593      6.983   269.0017     3.7000     3.8981     0.0212      0.027      0.400      0.581        187 3.2221e+02 0.0000e+00
      0.463    13.9982     7.7954     75.649  29.256583     37.500      6.964   271.8410     3.6959     3.9384     0.0211      0.054      0.457      0.663        188 2.7047e+02 0.0000e+00
      0.536    13.9987     7.7770     75.475  29.277848     37.561      6.945   269.9481     3.7000     3.9518     0.0212      0.091      0.515      0.747        189 4.4879e+02 0.0000e+00
      0.575    13.9992     7.7632     75.342  29.231544     37.451      6.938   270.5917     3.7161     3.9518     0.0211      0.125      0.550      0.798        190 3.3497e+02 0.0000e+00
      0.574    13.9979     7.7565     75.276  29.284554     37.558      6.935   270.3645     3.7081     4.0055     0.0212      0.143      0.550      0.798        191 3.1225e+02 0.0000e+00
      0.536    13.9952     7.7379     75.097  29.300825     37.557      6.939   270.5160     3.7444     3.9384     0.0212      0.137      0.518      0.752        192 4.0096e+02 0.0000e+00
      0.478    13.9932     7.7134     74.861  29.240947     37.487      6.943   269.8724     3.7081     4.0324     0.0211      0.102      0.465      0.675        193 3.0185e+02 0.0000e+00
      0.410    13.9924     7.7025     74.757  29.240475     37.490      6.946   269.3045     3.9790     3.9518     0.0211      0.041      0.405      0.588        194 2.9946e+02 0.0000e+00
      0.352    13.9937     7.6867     74.604  29.242113     37.492      6.946   268.9638     3.9830     4.0592     0.0211     -0.034      0.354      0.513        195 3.2247e+02 0.0000e+00
      0.320    13.9956     7.6726     74.466  29.268558     37.528      6.942   270.0995     3.9911     3.9786     0.0212     -0.101      0.322      0.467        196 5.1448e+02 0.0000e+00
      0.312    13.9979     7.6748     74.483  29.237214     37.491      6.931   269.7210     3.9790     3.9115     0.0211     -0.146      0.310      0.450        197 6.2604e+02 0.0000e+00
      0.315    14.0005     7.6608     74.346  29.251471     37.489      6.925   269.6074     3.5099     3.6967     0.0211     -0.156      0.311      0.452        198 3.9339e+02 0.0000e+00
      0.325    14.0026     7.6515     74.258  29.280465     37.559      6.925   269.7967     3.5382     3.7772     0.0212     -0.136      0.318      0.461        199 7.6979e+02 0.0000e+00
      0.331    14.0035     7.6473     74.224  29.260430     37.485      6.926   269.7210     3.5342     3.7235     0.0211     -0.099      0.323      0.468        200 1.3345e+03 0.0000e+00
      0.331    14.0035     7.6471     74.225  29.276402     37.554      6.927   269.6074     3.5301     3.7772     0.0212     -0.058      0.324      0.469        201 9.0956e+02 0.0000e+00
      0.329    14.0039     7.6318     74.075  29.260585     37.482      6.933   269.9481     3.1905     3.7369     0.0211     -0.023      0.321      0.464        202 3.2394e+02 0.0000e+00
      0.321    14.0049     7.6255     74.014  29.309762     37.589      6.934   270.3267     3.1945     3.8309     0.0212     -0.003      0.311      0.451        203 2.7938e+02 0.0000e+00
      0.303    14.0063     7.6196     73.956  29.304152     37.553      6.934   270.8945     3.1986     3.7504     0.0212     -0.001      0.293      0.426        204 4.4624e+02 0.0000e+00
      0.274    14.0066     7.6140     73.904  29.237918     37.481      6.936   269.6074     3.2147     3.7772     0.0211     -0.013      0.267      0.387        205 8.4229e+02 0.0000e+00
      0.239    14.0051     7.6122     73.888  29.243940     37.479      6.938   269.8724     3.3441     3.8981     0.0211     -0.034      0.236      0.343        206 8.1690e+02 0.0000e+00
      0.209    14.0030     7.6122     73.890  29.237358     37.479      6.935   269.7588     3.3360     4.0055     0.0211     -0.057      0.210      0.305        207 7.5424e+02 0.0000e+00
      0.194    14.0021     7.6119     73.886  29.246109     37.480      6.940   269.6831     3.3522     3.9249     0.0211     -0.074      0.198      0.287        208 6.9378e+02 0.0000e+00
      0.202    14.0040     7.6109     73.875  29.262699     37.518      6.939   269.6831     3.3279     3.9249     0.0212     -0.079      0.200      0.290        209 5.8731e+02 0.0000e+00
      0.215    14.0075     7.6230     73.992  29.246362     37.483      6.938   269.9481     3.2754     3.9518     0.0211     -0.071      0.204      0.296        210 7.6007e+02 0.0000e+00
      0.206    14.0090     7.6268     74.029  29.236790     37.481      6.935   269.8345     3.2633     3.8309     0.0211     -0.060      0.191      0.277        211 2.6574e+02 0.0000e+00
      0.164    14.0089     7.6290     74.053  29.244961     37.478      6.938   269.7967     3.2511     3.8981     0.0211     -0.053      0.156      0.225        212 3.6635e+02 0.0000e+00
      0.105    14.0089     7.6294     74.059  29.236193     37.476      6.938   269.9103     3.2875     3.9249     0.0211     -0.058      0.109      0.158        213 1.2385e+03 0.0000e+00
      0.064    14.0086     7.6296     74.063  29.247701     37.477      6.938   269.9860     3.2552     3.9249     0.0211     -0.070      0.074      0.107        214 9.3180e+02 0.0000e+00
      0.057    14.0093     7.6291     74.059  29.289938     37.548      6.939   270.0238     3.3279     3.8309     0.0212     -0.081      0.062      0.090        215 6.3798e+02 0.0000e+00
      0.071    14.0106     7.6265     74.035  29.272577     37.513      6.935   270.5160     3.3320     4.0189     0.0212     -0.087      0.065      0.094        216 1.0230e+03 0.0000e+00
      0.071    14.0117     7.6286     74.056  29.239657     37.476      6.917   270.3267     3.3279     3.8981     0.0211     -0.089      0.061      0.088        217 1.0502e+03 0.0000e+00
      0.043    14.0118     7.6254     74.026  29.241958     37.475      6.906   270.2888     3.3360     3.9518     0.0211     -0.087      0.039      0.057        218 1.0889e+03 0.0000e+00
      0.007    14.0108     7.6278     74.049  29.240062     37.474      6.911   270.2131     3.1986     4.0189     0.0211     -0.080      0.011      0.016        219 1.0909e+03 0.0000e+00
     -0.015    14.0100     7.6232     74.005  29.242015     37.474      6.917   270.2131     3.1986     3.8578     0.0211     -0.068     -0.009     -0.013        220 9.5915e+02 0.0000e+00
     -0.018    14.0106     7.6259     74.030  29.239527     37.475      6.922   270.1753     3.2309     3.9652     0.0211     -0.056     -0.014     -0.021        221 1.0018e+03 0.0000e+00
     -0.011    14.0121     7.6267     74.037  29.272809     37.512      6.922   270.4403     3.2107     4.0055     0.0212     -0.050     -0.012     -0.018        222 1.0728e+03 0.0000e+00
     -0.010    14.0135     7.6189     73.960  29.289546     37.547      6.919   270.5917     3.2633     3.7369     0.0212     -0.049     -0.012     -0.017        223 1.0773e+03 0.0000e+00
     -0.014    14.0146     7.6174     73.945  29.248347     37.474      6.900   270.8188     3.2633     3.7772     0.0211     -0.047     -0.014     -0.020        224 1.0082e+03 0.0000e+00
     -0.018    14.0152     7.6174     73.943  29.235131     37.472      6.885   270.6674     3.2511     3.7101     0.0211     -0.037     -0.017     -0.024        225 9.0350e+02 0.0000e+00
     -0.018    14.0158     7.6208     73.973  29.246695     37.471      6.885   270.7431     3.2835     3.6832     0.0211     -0.020     -0.017     -0.025        226 8.9265e+02 0.0000e+00
     -0.015    14.0162     7.6150     73.915  29.233956     37.471      6.899   271.0460     3.0692     3.9786     0.0211     -0.007     -0.013     -0.020        227 9.1587e+02 0.0000e+00
     -0.009    14.0167     7.6176     73.940  29.250984     37.470      6.911   271.1595     3.0489     3.8981     0.0211      0.001     -0.008     -0.012        228 1.0019e+03 0.0000e+00
     -0.003    14.0171     7.6183     73.947  29.314452     37.577      6.917   271.5760     3.0692     3.9518     0.0212      0.003     -0.004     -0.006        229 1.0915e+03 0.0000e+00
      0.000    14.0169     7.6132     73.899  29.303218     37.541      6.915   271.5381     3.0692     3.9384     0.0212      0.005     -0.001     -0.001        230 1.1195e+03 0.0000e+00
      0.001    14.0164     7.6144     73.912  29.235314     37.469      6.917   271.5381     3.1460     3.9249     0.0211      0.008      0.001      0.001        231 1.1373e+03 0.0000e+00
      0.001    14.0159     7.6061     73.830  29.250710     37.469      6.918   271.5381     3.1460     3.9115     0.0211      0.011      0.001      0.001        232 1.1490e+03 0.0000e+00
      0.001    14.0153     7.6040     73.809  29.284059     37.541      6.920   271.8788     3.1460     3.9249     0.0212      0.011      0.001      0.001        233 1.1562e+03 0.0000e+00
      0.001    14.0142     7.6081     73.854  29.253110     37.470      6.924   271.8410     3.1339     3.9518     0.0211      0.010      0.001      0.002        234 1.1277e+03 0.0000e+00
      0.002    14.0132     7.6121     73.897  29.259576     37.506      6.927   272.2574     3.1298     3.8578     0.0212      0.007      0.002      0.003        235 1.1293e+03 0.0000e+00
      0.004    14.0121     7.6145     73.922  29.305662     37.543      6.928   271.9924     3.2592     3.8578     0.0212      0.005      0.004      0.007        236 1.1080e+03 0.0000e+00
      0.007    14.0107     7.6160     73.940  29.284704     37.544      6.927   272.1060     3.2875     3.9115     0.0212      0.004      0.008      0.012        237 1.1417e+03 0.0000e+00
      0.014    14.0101     7.6209     73.992  29.196710     37.402      6.928   271.9545     3.2592     3.9249     0.0211      0.005      0.016      0.023        238 1.1231e+03 0.0000e+00
      0.028    14.0106     7.6243     74.025  29.237274     37.475      6.928   272.1817     3.2390     4.0055     0.0211      0.010      0.027      0.039        239 1.1528e+03 0.0000e+00
      0.040    14.0115     7.6257     74.038  29.293523     37.547      6.928   272.1817     3.3482     3.9786     0.0212      0.017      0.038      0.055        240 1.1130e+03 0.0000e+00
      0.049    14.0119     7.6239     74.019  29.245307     37.475      6.928   272.7117     3.3320     3.8846     0.0211      0.024      0.048      0.069        241 1.1656e+03 0.0000e+00
      0.057    14.0111     7.6179     73.962  29.267628     37.510      6.920   272.9388     3.3199     3.9115     0.0212      0.030      0.058      0.084        242 8.7173e+02 0.0000e+00
      0.071    14.0113     7.6099     73.885  29.295395     37.545      6.916   272.8253     3.3320     3.8309     0.0212      0.035      0.074      0.108        243 9.8634e+02 0.0000e+00
      0.101    14.0140     7.6028     73.814  29.240403     37.475      6.909   273.5067     3.2390     4.0055     0.0211      0.045      0.103      0.149        244 1.1570e+03 0.0000e+00
      0.144    14.0167     7.5990     73.777  29.247118     37.474      6.898   273.6960     3.2673     3.9786     0.0211      0.060      0.141      0.204        245 8.5198e+02 0.0000e+00
      0.184    14.0178     7.5985     73.772  29.287038     37.543      6.891   273.9231     3.2754     3.9518     0.0212      0.077      0.177      0.256        246 1.3592e+03 0.0000e+00
      0.212    14.0198     7.5969     73.761  29.250019     37.469      6.887   273.6960     3.2592     4.0055     0.0211      0.092      0.203      0.294        247 1.1971e+03 0.0000e+00
      0.224    14.0223     7.6042     73.836  29.263536     37.504      6.884   273.8474     3.1945     3.6967     0.0212      0.102      0.217      0.314        248 7.1153e+02 0.0000e+00
      0.228    14.0226     7.6072     73.872  29.240567     37.466      6.884   273.6581     3.2188     3.7504     0.0211      0.104      0.223      0.323        249 4.6065e+02 0.0000e+00
      0.230    14.0221     7.6102     73.906  29.189657     37.392      6.884   273.6203     3.2390     3.7369     0.0211      0.097      0.228      0.331        250 3.6088e+02 0.0000e+00
      0.241    14.0215     7.6092     73.898  29.237944     37.464      6.888   273.2796     3.2390     3.7504     0.0211      0.084      0.237      0.344        251 5.5954e+02 0.0000e+00
      0.254    14.0220     7.6095     73.902  29.239771     37.464      6.887   273.9988     3.2066     3.7504     0.0211      0.066      0.246      0.356        252 5.8128e+02 0.0000e+00
      0.255    14.0223     7.6128     73.935  29.246681     37.465      6.887   273.9610     3.1541     3.8981     0.0211      0.047      0.249      0.361        253 3.8515e+02 0.0000e+00
      0.252    14.0213     7.6072     73.880  29.258995     37.500      6.887   273.8853     3.1541     4.0189     0.0212      0.031      0.247      0.358        254 4.8557e+02 0.0000e+00
      0.248    14.0209     7.6149     73.952  29.194798     37.392      6.890   273.8853     3.1379     4.0592     0.0211      0.020      0.243      0.353        255 4.2301e+02 0.0000e+00
