Data/DataNotYetUploadedToEDI/Raw_CTD/RawDownloads/102218_fcr10.cnv
* Sea-Bird SBE19plus  Data File:
* FileName = C:\DATA\101518_fcr_0008.hex
* Software version 2.6.3.104
* Temperature SN = 7809
* Conductivity SN = 7809
* System UpLoad Time = Oct 29 2018 16:38:59
* <ApplicationData>
* <Seaterm232>
# nquan = 17
# nvalues = 329                         
# units = specified
# name 0 = depFM: Depth [fresh water, m]
# name 1 = tv290C: Temperature [ITS-90, deg C]
# name 2 = sbeox0Mg/L: Oxygen, SBE 43 [mg/l]
# name 3 = sbeox0PS: Oxygen, SBE 43 [% saturation]
# name 4 = c0uS/cm: Conductivity [uS/cm]
# name 5 = specc: Specific Conductance [uS/cm]
# name 6 = ph: pH
# name 7 = orp: Oxidation Reduction Potential [mV]
# name 8 = flECO-AFL: Fluorescence, WET Labs ECO-AFL/FL [mg/m^3]
# name 9 = turbWETntu0: Turbidity, WET Labs ECO [NTU]
# name 10 = sal00: Salinity, Practical [PSU]
# name 11 = dz/dtM: Descent Rate [m/s]
# name 12 = prdM: Pressure, Strain Gauge [db]
# name 13 = prdE: Pressure, Strain Gauge [psi]
# name 14 = scan: Scan Count
# name 15 = par/sat/log: PAR/Logarithmic, Satlantic
# name 16 = flag:  0.000e+00
# span 0 =     -0.547,      2.641       
# span 1 =     8.5078,    13.6794       
# span 2 =     6.0760,    11.4652       
# span 3 =     57.249,    105.465       
# span 4 =   0.787978,  31.167832       
# span 5 =      1.545,     42.010       
# span 6 =     -3.051,      7.361       
# span 7 = -1240.7455,  1240.2295       
# span 8 =    -2.0582,     4.8928       
# span 9 =    -2.7622,     5.9123       
# span 10 =     0.0045,     0.0222      
# span 11 =     -0.158,      0.157      
# span 12 =     -0.536,      2.590      
# span 13 =     -0.778,      3.755      
# span 14 =          1,        329      
# span 15 = 1.4511e+01, 2.0031e+03      
# span 16 = 0.0000e+00, 0.0000e+00      
# interval = seconds: 0.25
# start_time = Oct 22 2018 14:24:17 [Instrument's time stamp, header]
# bad_flag = -9.990e-29
*END*
[from data line 86]
      0.121    13.4803     6.5827     63.083  29.349856     38.112      6.862   234.4759     2.8751     3.9249     0.0212     -0.027      0.119      0.172         87 6.1913e+02 0.0000e+00
      0.129    13.4489     6.5599     62.854  29.359094     38.109      6.859   234.8544     2.8751     3.9518     0.0212     -0.024      0.126      0.182         88 1.3036e+03 0.0000e+00
      0.134    13.4451     6.5409     62.635  29.341554     38.136      6.862   235.8766     2.8993     3.9921     0.0212     -0.018      0.132      0.192         89 6.4716e+02 0.0000e+00
      0.143    13.4436     6.5125     62.343  29.312394     38.097      6.857   236.8230     2.8831     3.9786     0.0212     -0.007      0.138      0.200         90 3.2747e+02 0.0000e+00
      0.145    13.4387     6.4859     62.061  29.365744     38.207      6.844   236.7094     2.8912     3.9652     0.0212      0.005      0.140      0.202         91 4.2055e+02 0.0000e+00
      0.139    13.4370     6.4623     61.813  29.304813     38.101      6.829   243.3345     2.8670     3.8846     0.0212      0.013      0.136      0.197         92 5.0468e+02 0.0000e+00
      0.132    13.4404     6.4500     61.543  29.239974     38.032      6.825   238.1859     2.7901     3.7369     0.0211      0.014      0.131      0.190         93 7.7212e+02 0.0000e+00
      0.131    13.4368     6.4475     61.343  29.238889     38.035      6.826   238.8295     2.8144     3.8041     0.0211      0.009      0.130      0.189         94 4.3287e+02 0.0000e+00
      0.135    13.4231     6.4368     61.171  29.246865     38.031      6.827   239.1702     2.7982     3.6967     0.0211      0.004      0.133      0.193         95 3.4324e+02 0.0000e+00
      0.140    13.4207     6.4220     61.038  29.289350     38.107      6.830   239.5487     2.7982     3.7369     0.0212      0.001      0.137      0.199         96 4.2729e+02 0.0000e+00
      0.144    13.4312     6.4105     60.968  29.274968     38.085      6.828   240.6087     2.9276     3.9786     0.0212      0.000      0.138      0.201         97 4.3277e+02 0.0000e+00
      0.139    13.4215     6.4084     60.976  29.235116     38.051      6.825   240.4573     2.9276     3.8981     0.0211     -0.001      0.133      0.193         98 4.3163e+02 0.0000e+00
      0.125    13.3991     6.4141     61.012  29.190698     37.968      6.818   240.6845     2.9640     3.9249     0.0211     -0.003      0.119      0.174         99 5.1524e+02 0.0000e+00
      0.100    13.3800     6.4329     61.140  29.181996     37.975      6.817   241.4416     2.9600     3.9518     0.0211     -0.010      0.104      0.150        100 6.0871e+02 0.0000e+00
      0.094    13.3656     6.4503     61.263  29.186650     38.001      6.820   242.0473     2.9438     3.7369     0.0211     -0.018      0.097      0.140        101 6.3338e+02 0.0000e+00
      0.102    13.3419     6.4607     61.343  29.184914     38.016      6.821   242.5016     2.9115     3.7504     0.0211     -0.022      0.100      0.145        102 8.6836e+02 0.0000e+00
      0.110    13.2361     6.4752     61.467  29.243463     38.109      6.821   243.0695     2.9195     3.7504     0.0211     -0.023      0.104      0.150        103 6.7499e+02 0.0000e+00
      0.104    13.1081     6.4815     61.522  29.321341     38.234      6.816   243.3345     2.9398     3.6967     0.0212     -0.023      0.103      0.149        104 3.5259e+02 0.0000e+00
      0.103    13.0563     6.4828     61.527  29.295560     38.308      6.813   243.8266     2.7457     3.6295     0.0212     -0.019      0.103      0.150        105 5.9299e+02 0.0000e+00
      0.110    13.0608     6.4787     61.489  29.245934     38.364      6.815   243.9402     2.7457     3.6161     0.0212     -0.010      0.108      0.157        106 6.3272e+02 0.0000e+00
      0.116    13.0892     6.4496     61.214  29.234893     38.416      6.818   244.4702     2.7254     3.7772     0.0212      0.001      0.116      0.168        107 5.4996e+02 0.0000e+00
      0.127    13.1091     6.4462     61.177  29.190725     38.337      6.815   244.6216     2.7538     3.6698     0.0211      0.012      0.127      0.183        108 4.9462e+02 0.0000e+00
      0.144    13.0964     6.4175     60.894  29.241603     38.382      6.815   245.2273     2.7335     3.7504     0.0212      0.019      0.139      0.201        109 3.9392e+02 0.0000e+00
      0.152    13.0594     6.3842     60.569  29.319817     38.471      6.811   245.4545     2.9236     3.9249     0.0212      0.024      0.144      0.210        110 5.8832e+02 0.0000e+00
      0.145    13.0295     6.3468     60.210  29.241632     38.374      6.811   246.0602     2.9357     3.8578     0.0212      0.025      0.143      0.208        111 4.5696e+02 0.0000e+00
      0.143    13.0148     6.3108     59.863  29.190659     38.338      6.811   246.0980     2.9195     3.9518     0.0211      0.026      0.142      0.206        112 2.4833e+02 0.0000e+00
      0.147    13.0058     6.2739     59.504  29.235014     38.443      6.812   246.7795     2.9155     3.9518     0.0212      0.023      0.144      0.208        113 1.1151e+02 0.0000e+00
      0.149    13.0006     6.2369     59.149  29.186442     38.383      6.814   247.5366     2.8751     3.8981     0.0211      0.018      0.146      0.212        114 3.5471e+02 0.0000e+00
      0.151    12.9967     6.2030     58.816  29.132515     38.320      6.812   247.6123     2.8751     3.9786     0.0211      0.013      0.149      0.215        115 7.7610e+02 0.0000e+00
      0.155    12.9965     6.1564     58.374  29.183532     38.397      6.813   248.1423     2.9034     3.9921     0.0211      0.008      0.151      0.219        116 2.9062e+02 0.0000e+00
      0.156    12.9978     6.1278     58.120  29.211904     38.439      6.810   248.2938     2.8953     3.9518     0.0211      0.005      0.152      0.220        117 3.4592e+02 0.0000e+00
      0.153    12.9938     6.0933     57.821  29.186157     38.402      6.806   248.7481     2.9438     3.9518     0.0211      0.004      0.150      0.218        118 5.5488e+02 0.0000e+00
      0.150    12.9865     6.0811     57.632  29.185925     38.401      6.803   249.0509     2.9195     3.8981     0.0211      0.005      0.147      0.213        119 1.2739e+02 0.0000e+00
      0.145    12.9801     6.0858     57.521  29.182543     38.404      6.804   248.9373     2.9357     3.8578     0.0211      0.002      0.143      0.208        120 1.4125e+02 0.0000e+00
      0.141    12.9771     6.0836     57.379  29.131066     38.339      6.803   249.1645     2.9559     3.9249     0.0211     -0.002      0.140      0.203        121 9.6430e+01 0.0000e+00
      0.142    12.9717     6.0767     57.275  29.131390     38.345      6.804   249.6945     2.9964     3.9786     0.0211     -0.005      0.140      0.202        122 5.9539e+02 0.0000e+00
      0.143    12.9665     6.0760     57.249  29.152493     38.385      6.801   249.6188     2.9883     3.9518     0.0211     -0.007      0.139      0.201        123 9.8348e+02 0.0000e+00
      0.139    12.9616     6.0787     57.292  29.134457     38.353      6.801   249.9595     2.9923     3.8981     0.0211     -0.009      0.133      0.192        124 6.2554e+02 0.0000e+00
      0.122    12.9549     6.0955     57.482  29.183488     38.433      6.796   250.0352     2.9802     3.9652     0.0211     -0.013      0.121      0.176        125 7.3914e+02 0.0000e+00
      0.109    12.9530     6.1405     57.923  29.180424     38.436      6.795   250.3381     2.9883     3.6967     0.0211     -0.018      0.116      0.169        126 6.2912e+02 0.0000e+00
      0.125    12.9693     6.1908     58.370  29.078973     38.298      6.796   250.8681     3.0085     3.6698     0.0211     -0.016      0.127      0.185        127 5.0653e+02 0.0000e+00
      0.154    12.9862     6.2493     58.888  29.131847     38.371      6.798   251.0573     2.9842     3.6429     0.0211     -0.007      0.152      0.220        128 1.4033e+03 0.0000e+00
      0.184    12.9319     6.3154     59.483  29.203570     38.468      6.796   251.0573     3.0004     3.7235     0.0211      0.009      0.180      0.261        129 1.6145e+03 0.0000e+00
      0.215    12.8112     6.3722     60.024  29.197258     38.409      6.787   251.5873     2.7618     3.9652     0.0211      0.029      0.205      0.296        130 6.1550e+02 0.0000e+00
      0.225    12.7200     6.4146     60.453  29.228652     38.541      6.781   251.8523     2.7335     3.9786     0.0212      0.047      0.216      0.311        131 5.0390e+02 0.0000e+00
      0.219    12.6862     6.4471     60.782  29.194171     38.590      6.766   252.2309     2.7133     3.8712     0.0211      0.059      0.212      0.306        132 3.5311e+02 0.0000e+00
      0.202    12.6744     6.4666     60.975  29.180909     38.686      6.758   252.8745     2.7416     3.9652     0.0211      0.060      0.200      0.290        133 2.8875e+02 0.0000e+00
      0.192    12.6848     6.4887     61.184  29.185892     38.717      6.763   253.1395     2.7497     3.9518     0.0211      0.048      0.192      0.279        134 2.6114e+02 0.0000e+00
      0.196    12.7111     6.4965     61.219  29.187987     38.732      6.764   253.2531     2.8629     3.5892     0.0211      0.029      0.193      0.280        135 3.8606e+02 0.0000e+00
      0.204    12.7213     6.5034     61.234  29.207956     38.756      6.766   253.9345     2.8831     3.7504     0.0211      0.011      0.199      0.289        136 9.7867e+02 0.0000e+00
      0.209    12.7030     6.5002     61.193  29.190686     38.694      6.765   254.3888     2.8427     3.6564     0.0211     -0.001      0.203      0.295        137 3.6836e+02 0.0000e+00
      0.208    12.6753     6.4838     61.067  29.179822     38.680      6.765   254.1995     2.8589     3.7504     0.0211     -0.007      0.202      0.294        138 3.3017e+02 0.0000e+00
      0.202    12.6567     6.4650     60.919  29.191825     38.702      6.769   254.4266     3.0772     4.0189     0.0211     -0.006      0.198      0.288        139 1.0138e+03 0.0000e+00
      0.197    12.6598     6.4488     60.811  29.175755     38.729      6.773   255.0702     3.0813     3.8712     0.0211     -0.003      0.194      0.282        140 7.1028e+02 0.0000e+00
      0.195    12.6822     6.4431     60.719  29.199830     38.750      6.775   254.5781     3.0489     3.8309     0.0211      0.000      0.193      0.281        141 2.6346e+02 0.0000e+00
      0.199    12.6986     6.4372     60.606  29.250818     38.856      6.779   255.4109     3.0692     3.8981     0.0212      0.000      0.196      0.285        142 4.9648e+02 0.0000e+00
      0.206    12.7067     6.4392     60.600  29.201249     38.723      6.781   255.2216     3.0489     3.7772     0.0211     -0.001      0.202      0.293        143 6.9142e+02 0.0000e+00
      0.213    12.7052     6.4318     60.541  29.172563     38.705      6.781   256.0924     3.0651     3.7504     0.0211     -0.000      0.206      0.299        144 4.4785e+02 0.0000e+00
      0.212    12.6787     6.4300     60.558  29.197562     38.698      6.774   256.3574     3.0409     3.6967     0.0211      0.002      0.203      0.294        145 1.6404e+02 0.0000e+00
      0.197    12.6419     6.4281     60.578  29.229435     38.771      6.765   256.1302     3.0772     3.7235     0.0212      0.002      0.192      0.278        146 2.1256e+02 0.0000e+00
      0.178    12.6356     6.4278     60.554  29.192199     38.727      6.766   256.7738     3.2066     3.7772     0.0211     -0.004      0.177      0.258        147 3.6895e+02 0.0000e+00
      0.169    12.6526     6.4339     60.549  29.184610     38.763      6.766   257.0388     3.1986     3.7772     0.0211     -0.011      0.170      0.248        148 3.8050e+02 0.0000e+00
      0.176    12.6789     6.4455     60.613  29.209240     38.809      6.769   257.0009     3.1986     3.7235     0.0211     -0.016      0.174      0.254        149 3.8084e+02 0.0000e+00
      0.190    12.7051     6.4428     60.577  29.191201     38.751      6.771   257.3416     3.1945     3.7907     0.0211     -0.016      0.184      0.268        150 2.1421e+02 0.0000e+00
      0.198    12.6821     6.4316     60.492  29.177403     38.729      6.771   257.7959     3.2471     3.8041     0.0211     -0.013      0.192      0.278        151 2.7314e+02 0.0000e+00
      0.198    12.6381     6.4334     60.525  29.196751     38.695      6.768   258.3259     3.0853     3.9652     0.0211     -0.007      0.192      0.279        152 4.5813e+02 0.0000e+00
      0.192    12.6208     6.4349     60.554  29.226417     38.798      6.767   258.0988     3.0732     4.0189     0.0212     -0.001      0.188      0.274        153 5.8408e+02 0.0000e+00
      0.188    12.6270     6.4471     60.626  29.199791     38.767      6.763   258.4774     3.0772     3.9249     0.0211      0.006      0.188      0.274        154 9.5224e+02 0.0000e+00
      0.198    12.6535     6.4618     60.714  29.200250     38.824      6.767   258.8938     3.0732     3.9249     0.0211      0.012      0.197      0.287        155 6.8616e+02 0.0000e+00
      0.219    12.6794     6.4606     60.674  29.196204     38.779      6.763   258.8181     3.0247     3.8041     0.0211      0.017      0.212      0.308        156 3.6677e+02 0.0000e+00
      0.231    12.6642     6.4614     60.696  29.234475     38.827      6.760   259.4617     3.0530     3.9249     0.0212      0.019      0.223      0.324        157 6.8865e+02 0.0000e+00
      0.233    12.6197     6.4590     60.699  29.241563     38.798      6.756   259.8024     3.0772     3.9921     0.0212      0.021      0.226      0.327        158 6.7733e+02 0.0000e+00
      0.226    12.5862     6.4526     60.649  29.187376     38.740      6.754   259.5374     3.0651     3.9786     0.0211      0.021      0.222      0.321        159 7.3898e+02 0.0000e+00
      0.219    12.5800     6.4474     60.622  29.183316     38.787      6.757   259.5752     3.1743     3.9384     0.0211      0.020      0.218      0.316        160 6.1184e+02 0.0000e+00
      0.222    12.5920     6.4522     60.692  29.187331     38.821      6.759   259.6131     3.1945     3.9249     0.0211      0.018      0.222      0.321        161 3.2750e+02 0.0000e+00
      0.237    12.6071     6.4535     60.727  29.212042     38.866      6.764   259.6509     3.1905     4.0324     0.0211      0.017      0.233      0.337        162 3.9320e+02 0.0000e+00
      0.253    12.6134     6.4495     60.806  29.241516     38.888      6.764   260.3324     3.1743     3.9786     0.0212      0.016      0.246      0.357        163 5.3546e+02 0.0000e+00
      0.262    12.5857     6.4427     60.830  29.239596     38.876      6.757   260.4838     3.1905     3.8712     0.0212      0.016      0.254      0.369        164 6.3757e+02 0.0000e+00
      0.263    12.5470     6.4433     60.866  29.244077     38.865      6.751   261.1652     3.1702     3.9115     0.0212      0.019      0.255      0.371        165 4.5761e+02 0.0000e+00
      0.257    12.5285     6.4547     60.872  29.235940     38.898      6.747   261.3167     3.1905     3.9249     0.0212      0.021      0.250      0.363        166 3.0178e+02 0.0000e+00
      0.246    12.5368     6.4714     60.882  29.190431     38.861      6.748   260.8245     3.1783     3.8578     0.0211      0.020      0.243      0.353        167 5.4387e+02 0.0000e+00
      0.241    12.5558     6.4779     60.863  29.211774     38.920      6.748   261.3167     3.3765     3.6967     0.0211      0.014      0.240      0.349        168 5.3977e+02 0.0000e+00
      0.247    12.5628     6.4844     60.898  29.239035     38.946      6.748   261.4681     3.3603     3.7101     0.0212      0.006      0.244      0.354        169 4.0769e+02 0.0000e+00
      0.258    12.5814     6.5030     61.097  29.186154     38.853      6.750   261.8845     3.3886     3.8041     0.0211      0.001      0.253      0.367        170 8.0751e+02 0.0000e+00
