Data/DataNotYetUploadedToEDI/Raw_CTD/RawDownloads/102218_fcr30.cnv
* Sea-Bird SBE19plus  Data File:
* FileName = C:\DATA\101518_fcr_0010.hex
* Software version 2.6.3.104
* Temperature SN = 7809
* Conductivity SN = 7809
* System UpLoad Time = Oct 29 2018 16:39:37
* <ApplicationData>
* <Seaterm232>
# nquan = 17
# nvalues = 520                         
# units = specified
# name 0 = depFM: Depth [fresh water, m]
# name 1 = tv290C: Temperature [ITS-90, deg C]
# name 2 = sbeox0Mg/L: Oxygen, SBE 43 [mg/l]
# name 3 = sbeox0PS: Oxygen, SBE 43 [% saturation]
# name 4 = c0uS/cm: Conductivity [uS/cm]
# name 5 = specc: Specific Conductance [uS/cm]
# name 6 = ph: pH
# name 7 = orp: Oxidation Reduction Potential [mV]
# name 8 = flECO-AFL: Fluorescence, WET Labs ECO-AFL/FL [mg/m^3]
# name 9 = turbWETntu0: Turbidity, WET Labs ECO [NTU]
# name 10 = sal00: Salinity, Practical [PSU]
# name 11 = dz/dtM: Descent Rate [m/s]
# name 12 = prdM: Pressure, Strain Gauge [db]
# name 13 = prdE: Pressure, Strain Gauge [psi]
# name 14 = scan: Scan Count
# name 15 = par/sat/log: PAR/Logarithmic, Satlantic
# name 16 = flag:  0.000e+00
# span 0 =     -0.519,      5.478       
# span 1 =    11.7534,    14.4371       
# span 2 =     5.4299,    10.5852       
# span 3 =     52.767,    103.416       
# span 4 =   0.215781,  29.812962       
# span 5 =      0.276,     38.102       
# span 6 =      1.699,      7.841       
# span 7 = -1240.7455,   692.7000       
# span 8 =    -0.7521,     5.2649       
# span 9 =    -0.6943,   352.8499       
# span 10 =     0.0061,     0.0214      
# span 11 =     -0.154,      0.231      
# span 12 =     -0.509,      5.372      
# span 13 =     -0.738,      7.791      
# span 14 =          1,        520      
# span 15 = 4.2378e-01, 1.8178e+03      
# span 16 = 0.0000e+00, 0.0000e+00      
# interval = seconds: 0.25
# start_time = Oct 22 2018 15:07:46 [Instrument's time stamp, header]
# bad_flag = -9.990e-29
*END*
[from data line 171]
      0.306    14.1320     6.3905     62.358  29.364198     37.432      6.921   259.2724     2.6648     4.1532     0.0212      0.013      0.290      0.420        172 1.1807e+03 0.0000e+00
      0.254    14.0747     6.4102     62.673  29.428041     37.547      6.919   259.0452     2.6810     4.1532     0.0212     -0.010      0.245      0.355        173 9.4573e+02 0.0000e+00
      0.189    14.0454     6.4970     63.589  29.468686     37.646      6.920   259.3859     2.6769     4.1264     0.0213     -0.041      0.188      0.273        174 8.2033e+02 0.0000e+00
      0.132    14.0290     6.6095     64.723  29.461885     37.699      6.919   259.8024     2.6688     4.1801     0.0213     -0.076      0.137      0.199        175 7.2915e+02 0.0000e+00
      0.097    14.0218     6.7478     66.093  29.406875     37.657      6.918   259.7267     2.6688     4.1532     0.0212     -0.110      0.103      0.149        176 9.6701e+02 0.0000e+00
      0.085    14.0200     6.8972     67.564  29.418558     37.672      6.917   259.8024     2.6850     4.0861     0.0212     -0.135      0.087      0.126        177 8.9247e+02 0.0000e+00
      0.083    14.0288     7.0397     68.965  29.447352     37.751      6.912   260.5974     2.6891     4.1264     0.0213     -0.144      0.081      0.117        178 8.9976e+02 0.0000e+00
      0.080    14.0321     7.1595     70.141  29.430344     37.681      6.908   260.3702     2.7012     4.1532     0.0212     -0.136      0.073      0.107        179 1.6221e+03 0.0000e+00
      0.062    14.0391     7.2608     71.134  29.469374     37.780      6.909   259.8402     2.6931     4.2069     0.0213     -0.115      0.058      0.084        180 1.2353e+03 0.0000e+00
      0.035    14.1177     7.3181     71.697  29.487727     37.740      6.909   259.8781     2.6688     4.1532     0.0213     -0.090      0.038      0.054        181 1.0602e+03 0.0000e+00
      0.018    14.2492     7.3318     71.832  29.644701     37.986      6.909   259.8024     2.6810     4.1264     0.0214     -0.069      0.023      0.032        182 1.2091e+03 0.0000e+00
      0.015    14.3416     7.3320     71.836  29.778062     38.053      6.912   259.6888     2.6850     4.1532     0.0214     -0.054      0.019      0.027        183 1.1460e+03 0.0000e+00
      0.023    14.3892     7.3187     71.705  29.766480     37.921      6.913   259.8781     2.6810     4.1666     0.0214     -0.044      0.023      0.033        184 1.1814e+03 0.0000e+00
      0.031    14.4136     7.3020     71.540  29.777669     37.835      6.914   259.9538     2.5637     4.0055     0.0214     -0.037      0.028      0.040        185 1.1456e+03 0.0000e+00
      0.030    14.4237     7.2811     71.335  29.793752     37.823      6.910   260.4081     2.5435     4.1264     0.0214     -0.030      0.027      0.039        186 1.1543e+03 0.0000e+00
      0.021    14.4295     7.2730     71.251  29.716794     37.694      6.908   260.4838     2.5152     4.1129     0.0214     -0.022      0.021      0.030        187 1.1313e+03 0.0000e+00
      0.012    14.4326     7.2617     71.136  29.725180     37.684      6.907   260.3702     2.5475     4.0861     0.0214     -0.013      0.013      0.019        188 1.1388e+03 0.0000e+00
      0.007    14.4347     7.2564     71.080  29.812962     37.821      6.906   260.8624     2.6244     4.1532     0.0214     -0.007      0.009      0.013        189 1.1384e+03 0.0000e+00
      0.008    14.4352     7.2457     70.961  29.785450     37.747      6.907   260.6731     2.6527     4.0592     0.0214     -0.006      0.009      0.014        190 1.1520e+03 0.0000e+00
      0.014    14.4354     7.2359     70.850  29.759416     37.745      6.909   260.8245     2.6244     4.1264     0.0214     -0.008      0.014      0.020        191 1.1408e+03 0.0000e+00
      0.020    14.4360     7.2370     70.858  29.756408     37.709      6.906   261.2031     2.6365     4.2069     0.0214     -0.008      0.019      0.027        192 1.1580e+03 0.0000e+00
      0.023    14.4371     7.2254     70.754  29.759543     37.744      6.909   261.3924     2.4950     4.1264     0.0214     -0.005      0.022      0.032        193 1.1271e+03 0.0000e+00
      0.024    14.4371     7.2224     70.732  29.725865     37.673      6.910   261.0138     2.4950     4.1129     0.0214      0.000      0.026      0.037        194 1.2018e+03 0.0000e+00
      0.032    14.4366     7.2202     70.711  29.768670     37.743      6.910   261.0138     2.4667     4.1532     0.0214      0.008      0.035      0.050        195 1.1243e+03 0.0000e+00
      0.050    14.4359     7.2250     70.755  29.765572     37.743      6.910   261.2031     2.4586     4.1532     0.0214      0.018      0.051      0.074        196 7.4925e+02 0.0000e+00
      0.074    14.4334     7.2231     70.728  29.670418     37.601      6.908   261.3167     2.5071     4.1264     0.0214      0.028      0.074      0.108        197 1.0324e+03 0.0000e+00
      0.103    14.4307     7.2185     70.684  29.768487     37.744      6.900   261.2409     2.5597     4.2069     0.0214      0.041      0.104      0.151        198 9.1459e+02 0.0000e+00
      0.142    14.4271     7.2095     70.597  29.791781     37.782      6.886   261.9981     2.5556     4.1801     0.0214      0.058      0.140      0.203        199 7.5488e+02 0.0000e+00
      0.183    14.4186     7.1968     70.473  29.730382     37.678      6.871   261.8088     2.5475     4.0726     0.0214      0.079      0.178      0.257        200 8.7722e+02 0.0000e+00
      0.217    14.4089     7.1925     70.429  29.696647     37.681      6.861   261.9602     2.5435     4.1129     0.0214      0.100      0.208      0.301        201 5.7678e+02 0.0000e+00
      0.234    14.4067     7.1862     70.361  29.685516     37.619      6.857   264.6860     2.5475     4.3009     0.0214      0.113      0.225      0.326        202 6.5285e+02 0.0000e+00
      0.237    14.4127     7.1820     70.320  29.744239     37.770      6.854   263.7017     2.5597     4.3009     0.0214      0.114      0.231      0.334        203 7.1375e+02 0.0000e+00
      0.235    14.4179     7.1847     70.344  29.682871     37.630      6.856   262.4524     2.5597     4.3143     0.0214      0.102      0.234      0.339        204 5.6097e+02 0.0000e+00
      0.245    14.4183     7.1918     70.406  29.732237     37.731      6.865   262.7931     2.5677     4.3681     0.0214      0.086      0.244      0.354        205 4.5028e+02 0.0000e+00
      0.267    14.4156     7.2040     70.524  29.771751     37.761      6.869   263.5881     2.4181     4.1666     0.0214      0.071      0.263      0.381        206 6.8548e+02 0.0000e+00
      0.291    14.4117     7.2081     70.571  29.722645     37.690      6.870   263.6638     2.4222     4.1801     0.0214      0.059      0.283      0.411        207 3.6772e+02 0.0000e+00
      0.309    14.4114     7.2171     70.667  29.763699     37.763      6.867   263.8910     2.4505     4.0726     0.0214      0.052      0.300      0.435        208 4.0518e+02 0.0000e+00
      0.317    14.4126     7.2129     70.631  29.720661     37.696      6.865   263.5881     2.3939     4.1532     0.0214      0.050      0.308      0.446        209 8.5324e+02 0.0000e+00
      0.315    14.4129     7.2084     70.592  29.716905     37.696      6.861   263.6638     2.6122     4.1532     0.0214      0.049      0.311      0.449        210 3.6907e+02 0.0000e+00
      0.316    14.4113     7.2059     70.571  29.768373     37.766      6.864   263.5124     2.6365     4.0995     0.0214      0.048      0.316      0.456        211 3.0127e+02 0.0000e+00
      0.333    14.4078     7.1943     70.461  29.745559     37.730      6.866   263.7017     2.6365     4.2069     0.0214      0.047      0.332      0.481        212 3.7350e+02 0.0000e+00
      0.366    14.4072     7.1840     70.360  29.715647     37.696      6.868   263.7395     2.6203     4.0592     0.0214      0.048      0.359      0.521        213 2.6475e+02 0.0000e+00
      0.399    14.4057     7.1773     70.292  29.716650     37.700      6.864   264.2695     2.7618     4.1801     0.0214      0.052      0.388      0.563        214 4.0808e+02 0.0000e+00
      0.424    14.4010     7.1733     70.249  29.714663     37.700      6.857   264.3452     2.7901     4.1532     0.0214      0.060      0.410      0.595        215 2.9988e+02 0.0000e+00
      0.432    14.3997     7.1752     70.260  29.658820     37.631      6.858   264.3074     2.7335     4.1264     0.0214      0.068      0.417      0.605        216 3.6555e+02 0.0000e+00
      0.420    14.4042     7.1787     70.287  29.667546     37.636      6.850   264.7617     2.7335     4.1801     0.0214      0.069      0.409      0.593        217 5.7230e+02 0.0000e+00
      0.399    14.4095     7.1793     70.296  29.733456     37.743      6.852   264.4588     2.7376     4.2069     0.0214      0.059      0.392      0.570        218 3.5558e+02 0.0000e+00
      0.383    14.4131     7.1816     70.323  29.725048     37.703      6.859   264.3074     2.8710     4.1532     0.0214      0.040      0.376      0.545        219 2.6025e+02 0.0000e+00
      0.368    14.4159     7.1876     70.384  29.707658     37.698      6.859   264.5345     2.8872     4.1264     0.0214      0.012      0.358      0.519        220 4.9675e+02 0.0000e+00
      0.342    14.4183     7.1894     70.401  29.725444     37.695      6.862   264.4210     2.8831     4.1532     0.0214     -0.020      0.335      0.486        221 1.0794e+03 0.0000e+00
      0.315    14.4203     7.1915     70.420  29.762212     37.763      6.864   264.1938     2.8508     4.1398     0.0214     -0.049      0.314      0.456        222 7.7438e+02 0.0000e+00
      0.303    14.4208     7.1895     70.403  29.780499     37.761      6.868   264.3831     2.9074     3.8578     0.0214     -0.067      0.308      0.447        223 4.2516e+02 0.0000e+00
      0.326    14.4187     7.1939     70.448  29.732334     37.723      6.866   265.4431     2.8751     4.0324     0.0214     -0.064      0.326      0.472        224 7.4886e+02 0.0000e+00
      0.367    14.4163     7.1922     70.432  29.733202     37.687      6.857   265.5945     2.9034     4.0189     0.0214     -0.042      0.359      0.520        225 5.0882e+02 0.0000e+00
      0.403    14.4115     7.1971     70.479  29.749770     37.760      6.851   265.8217     2.8751     3.9652     0.0214     -0.010      0.390      0.566        226 6.1994e+02 0.0000e+00
      0.424    14.4074     7.1957     70.462  29.682067     37.621      6.844   265.8974     2.6446     4.0995     0.0214      0.022      0.408      0.591        227 6.0293e+02 0.0000e+00
      0.421    14.4091     7.1915     70.411  29.698857     37.696      6.839   266.0488     2.6405     4.1935     0.0214      0.046      0.407      0.590        228 4.9611e+02 0.0000e+00
      0.400    14.4115     7.1890     70.375  29.728877     37.700      6.842   265.8595     2.6163     4.2741     0.0214      0.057      0.392      0.568        229 7.0441e+02 0.0000e+00
      0.377    14.4129     7.1900     70.370  29.704010     37.698      6.843   265.8217     2.6244     4.2338     0.0214      0.052      0.380      0.551        230 5.2798e+02 0.0000e+00
      0.388    14.4129     7.1846     70.306  29.759452     37.732      6.849   266.9195     2.7699     3.8712     0.0214      0.038      0.387      0.561        231 3.0283e+02 0.0000e+00
      0.418    14.4125     7.1869     70.311  29.748830     37.766      6.848   267.1845     2.7659     3.9518     0.0214      0.023      0.410      0.594        232 6.2937e+02 0.0000e+00
      0.446    14.4135     7.1865     70.276  29.687580     37.624      6.847   267.7145     2.7618     3.9786     0.0214      0.016      0.436      0.631        233 7.1128e+02 0.0000e+00
      0.468    14.4149     7.1891     70.281  29.746727     37.766      6.842   268.0174     2.7699     3.9115     0.0214      0.020      0.456      0.660        234 3.6053e+02 0.0000e+00
      0.480    14.4151     7.1884     70.284  29.734522     37.694      6.842   268.1688     2.9398     4.1264     0.0214      0.032      0.469      0.679        235 4.3255e+02 0.0000e+00
      0.485    14.4146     7.1971     70.388  29.702768     37.693      6.841   268.2824     2.9236     4.2338     0.0214      0.048      0.477      0.692        236 4.8209e+02 0.0000e+00
      0.495    14.4121     7.2104     70.531  29.756594     37.728      6.842   268.1688     2.9357     4.2338     0.0214      0.062      0.487      0.706        237 2.9972e+02 0.0000e+00
      0.508    14.4064     7.2061     70.502  29.756487     37.764      6.846   268.5474     2.9478     4.0861     0.0214      0.066      0.502      0.727        238 2.6486e+02 0.0000e+00
      0.531    14.3984     7.2116     70.566  29.732551     37.695      6.845   268.7367     2.9236     4.1129     0.0214      0.063      0.524      0.759        239 3.4901e+02 0.0000e+00
      0.563    14.3889     7.2110     70.566  29.697432     37.701      6.843   269.0395     2.9762     4.1801     0.0214      0.061      0.551      0.799        240 3.4012e+02 0.0000e+00
      0.590    14.3813     7.2129     70.585  29.681596     37.638      6.841   268.9638     2.9964     4.0458     0.0214      0.065      0.579      0.839        241 3.7456e+02 0.0000e+00
      0.616    14.3700     7.2172     70.617  29.692963     37.718      6.838   269.3803     3.0287     4.1935     0.0214      0.073      0.604      0.876        242 3.5716e+02 0.0000e+00
      0.644    14.3499     7.2190     70.617  29.653639     37.619      6.835   270.0617     3.0004     4.0726     0.0213      0.085      0.628      0.911        243 2.3434e+02 0.0000e+00
      0.662    14.3372     7.2197     70.594  29.582287     37.594      6.833   270.0617     3.2835     4.1935     0.0213      0.093      0.644      0.934        244 2.6613e+02 0.0000e+00
      0.663    14.3432     7.2146     70.530  29.574215     37.542      6.828   269.8345     3.2592     4.0861     0.0213      0.092      0.649      0.941        245 3.7303e+02 0.0000e+00
      0.659    14.3554     7.2207     70.591  29.634043     37.697      6.832   269.6453     3.2754     4.2338     0.0214      0.082      0.647      0.938        246 3.3629e+02 0.0000e+00
      0.658    14.3641     7.2215     70.604  29.626437     37.620      6.836   270.1374     3.2875     4.1935     0.0213      0.064      0.646      0.937        247 2.9296e+02 0.0000e+00
      0.661    14.3719     7.2275     70.653  29.642978     37.679      6.838   270.4024     3.3805     3.9249     0.0214      0.046      0.646      0.937        248 3.4478e+02 0.0000e+00
      0.658    14.3784     7.2280     70.640  29.672753     37.671      6.840   270.1753     3.4048     3.8981     0.0214      0.028      0.645      0.935        249 2.8606e+02 0.0000e+00
      0.651    14.3830     7.2301     70.650  29.678328     37.699      6.845   270.2510     3.3765     3.9518     0.0214      0.012      0.641      0.930        250 2.5944e+02 0.0000e+00
      0.651    14.3826     7.2248     70.594  29.665687     37.657      6.846   270.5160     3.4007     3.9518     0.0214     -0.001      0.644      0.934        251 3.1537e+02 0.0000e+00
      0.668    14.3764     7.2226     70.571  29.658832     37.653      6.848   270.7810     3.3037     3.9249     0.0214     -0.002      0.660      0.958        252 2.8439e+02 0.0000e+00
      0.701    14.3644     7.2253     70.595  29.657206     37.653      6.847   271.2353     3.3320     3.9652     0.0214      0.010      0.687      0.997        253 2.1979e+02 0.0000e+00
      0.732    14.3464     7.2184     70.525  29.608411     37.588      6.846   271.3867     3.3360     3.9384     0.0213      0.028      0.714      1.036        254 2.4185e+02 0.0000e+00
      0.753    14.3359     7.2187     70.528  29.600962     37.599      6.842   271.4624     3.3441     3.9652     0.0213      0.046      0.733      1.063        255 3.0625e+02 0.0000e+00
