Data/DataNotYetUploadedToEDI/Raw_CTD/RawDownloads/102219_fcr50.cnv
* Sea-Bird SBE19plus  Data File:
* FileName = C:\DATA\102319_fcr50_0002.hex
* Software version 2.8.0.119 SB_Terminal.dll
* Temperature SN = 7809
* Conductivity SN = 7809
* System UpLoad Time = Oct 23 2019 09:55:49
* <ApplicationData>
* <Seaterm232>
# nquan = 16
# nvalues = 2275                        
# units = specified
# name 0 = depFM: Depth [fresh water, m]
# name 1 = dz/dtM: Descent Rate [m/s]
# name 2 = sbeox0ML/L: Oxygen, SBE 43 [ml/l]
# name 3 = sbeox0PS: Oxygen, SBE 43 [% saturation]
# name 4 = specc: Specific Conductance [uS/cm]
# name 5 = c0uS/cm: Conductivity [uS/cm]
# name 6 = flECO-AFL: Fluorescence, WET Labs ECO-AFL/FL [mg/m^3]
# name 7 = ph: pH
# name 8 = orp: Oxidation Reduction Potential [mV]
# name 9 = par/sat/log: PAR/Logarithmic, Satlantic
# name 10 = turbWETntu0: Turbidity, WET Labs ECO [NTU]
# name 11 = prdM: Pressure, Strain Gauge [db]
# name 12 = prdE: Pressure, Strain Gauge [psi]
# name 13 = tv290C: Temperature [ITS-90, deg C]
# name 14 = density00: Density [density, kg/m^3]
# name 15 = flag:  0.000e+00
# span 0 =     -0.665,      9.680       
# span 1 = -2.514e-07,      0.203       
# span 2 =     0.0371,     6.9318       
# span 3 =      0.701,     98.651       
# span 4 =      1.664,    335.192       
# span 5 =   1.430141, 259.434961       
# span 6 =    -0.3492,     5.3180       
# span 7 =      6.013,      8.916       
# span 8 =   -12.1450,  1240.2295       
# span 9 = 1.2355e-01, 1.6501e+03       
# span 10 =    -0.5925,    59.2156      
# span 11 =     -0.652,      9.493      
# span 12 =     -0.946,     13.769      
# span 13 =    13.5819,    18.0032      
# span 14 =   998.6003,   999.4586      
# span 15 = 0.0000e+00, 0.0000e+00      
# interval = seconds: 0.25
# start_time = Oct 22 2019 15:27:00 [Instrument's time stamp, header]
# bad_flag = -9.990e-29
*END*
[from data line 814]
      1.462      0.004     5.4470     76.199     41.039  32.606171     2.8908      7.043   181.3258 2.9455e+01     9.6581      1.433      2.079    14.7164   999.1679 0.0000e+00
      1.463      0.004     5.4339     76.209     41.029  32.600392     2.9054      7.042   181.4332 2.8853e+01     9.9012      1.434      2.080    14.7167   999.1678 0.0000e+00
      1.464      0.004     5.4217     76.260     41.048  32.618115     2.9029      7.042   181.4118 2.8165e+01     9.9132      1.436      2.082    14.7179   999.1677 0.0000e+00
      1.464      0.004     5.4113     76.319     41.062  32.630078     2.9042      7.042   181.3258 2.7630e+01     9.9016      1.436      2.083    14.7196   999.1675 0.0000e+00
      1.465      0.005     5.4065     76.380     41.048  32.618115     2.9377      7.041   181.1677 2.7160e+01     9.9570      1.437      2.084    14.7219   999.1670 0.0000e+00
      1.466      0.006     5.4078     76.464     41.027  32.600392     2.9962      7.040   181.3065 2.6579e+01    10.0915      1.438      2.085    14.7255   999.1665 0.0000e+00
      1.468      0.006     5.4121     76.555     41.035  32.606171     3.0309      7.040   181.6278 2.5871e+01    10.1524      1.440      2.088    14.7282   999.1662 0.0000e+00
      1.470      0.007     5.4165     76.638     41.059  32.624528     3.0367      7.040   181.7823 2.5253e+01    10.1350      1.442      2.091    14.7291   999.1660 0.0000e+00
      1.472      0.008     5.4194     76.712     41.070  32.631962     3.0489      7.041   181.8842 2.4699e+01    10.2091      1.444      2.094    14.7286   999.1661 0.0000e+00
      1.474      0.009     5.4266     76.757     41.072  32.632586     3.0832      7.042   181.8277 2.3888e+01    10.3940      1.446      2.097    14.7275   999.1663 0.0000e+00
      1.476      0.010     5.4337     76.769     41.074  32.632076     3.1038      7.042   181.7019 2.2835e+01    10.5347      1.448      2.100    14.7264   999.1665 0.0000e+00
      1.477      0.011     5.4390     76.743     41.069  32.625789     3.0998      7.041   181.9115 2.1893e+01    10.5662      1.449      2.101    14.7251   999.1667 0.0000e+00
      1.480      0.013     5.4458     76.652     41.064  32.620035     3.0943      7.041   182.2967 2.1282e+01    10.3822      1.451      2.105    14.7240   999.1669 0.0000e+00
      1.485      0.014     5.4488     76.527     41.074  32.625961     3.0893      7.042   182.4878 2.1003e+01    10.0460      1.457      2.113    14.7226   999.1671 0.0000e+00
      1.490      0.015     5.4493     76.391     41.086  32.633976     3.0922      7.042   182.5010 2.0860e+01     9.9102      1.462      2.120    14.7202   999.1674 0.0000e+00
      1.494      0.015     5.4502     76.232     41.112  32.653482     3.1028      7.042   182.4571 2.0558e+01     9.9526      1.464      2.125    14.7170   999.1680 0.0000e+00
      1.497      0.015     5.4424     76.103     41.135  32.671413     3.1047      7.043   182.4736 2.0066e+01    10.0011      1.469      2.131    14.7140   999.1684 0.0000e+00
      1.501      0.016     5.4322     76.000     41.122  32.660403     3.0978      7.044   182.6142 1.9578e+01    10.0715      1.472      2.135    14.7119   999.1688 0.0000e+00
      1.504      0.016     5.4256     75.853     41.107  32.647283     3.0983      7.045   182.7804 1.9211e+01    10.1150      1.475      2.139    14.7101   999.1690 0.0000e+00
      1.509      0.016     5.4109     75.709     41.098  32.639694     3.1016      7.045   182.9338 1.8948e+01    10.1335      1.479      2.145    14.7089   999.1693 0.0000e+00
      1.514      0.016     5.4015     75.621     41.088  32.632104     3.0849      7.045   183.0065 1.8721e+01    10.2625      1.483      2.153    14.7083   999.1694 0.0000e+00
      1.518      0.016     5.3990     75.534     41.071  32.618983     3.0527      7.046   182.9707 1.8467e+01    10.4627      1.489      2.159    14.7077   999.1694 0.0000e+00
      1.522      0.016     5.3854     75.421     41.057  32.607963     3.0333      7.047   182.9314 1.8121e+01    10.5551      1.493      2.165    14.7070   999.1696 0.0000e+00
      1.525      0.015     5.3729     75.309     41.079  32.625790     3.0330      7.047   182.8764 1.7710e+01    10.5599      1.495      2.169    14.7067   999.1696 0.0000e+00
      1.528      0.015     5.3699     75.222     41.103  32.644147     3.0399      7.047   182.8215 1.7296e+01    10.4564      1.497      2.173    14.7067   999.1696 0.0000e+00
      1.532      0.015     5.3640     75.183     41.098  32.639523     3.0475      7.047   182.8696 1.6970e+01    10.2536      1.503      2.181    14.7068   999.1696 0.0000e+00
      1.536      0.016     5.3546     75.178     41.090  32.633348     3.0467      7.048   182.9419 1.6741e+01    10.1388      1.507      2.185    14.7069   999.1696 0.0000e+00
      1.540      0.017     5.3470     75.179     41.089  32.632942     3.0383      7.048   183.0072 1.6380e+01    10.1175      1.509      2.188    14.7069   999.1696 0.0000e+00
      1.545      0.017     5.3391     75.185     41.091  32.634622     3.0328      7.049   183.1429 1.5836e+01    10.0935      1.515      2.197    14.7069   999.1697 0.0000e+00
      1.550      0.016     5.3371     75.205     41.114  32.653654     3.0063      7.049   183.0336 1.5255e+01     9.9800      1.521      2.205    14.7067   999.1697 0.0000e+00
      1.555      0.016     5.3380     75.238     41.138  32.672669     2.9523      7.049   182.7184 1.4699e+01     9.7950      1.526      2.213    14.7065   999.1698 0.0000e+00
      1.559      0.016     5.3376     75.269     41.140  32.674153     2.9176      7.049   182.6869 1.4197e+01     9.6920      1.529      2.217    14.7065   999.1698 0.0000e+00
      1.561      0.015     5.3381     75.288     41.136  32.671596     2.9074      7.049   182.8250 1.3746e+01     9.6849      1.531      2.220    14.7068   999.1698 0.0000e+00
      1.564      0.015     5.3391     75.300     41.099  32.641753     2.8639      7.048   183.0113 1.3325e+01     9.8070      1.534      2.224    14.7070   999.1697 0.0000e+00
      1.569      0.015     5.3420     75.317     41.086  32.630631     2.7816      7.046   183.2190 1.2909e+01    10.0216      1.537      2.230    14.7074   999.1697 0.0000e+00
      1.573      0.016     5.3446     75.354     41.128  32.664040     2.7356      7.045   183.0995 1.2529e+01    10.1161      1.543      2.238    14.7077   999.1697 0.0000e+00
      1.577      0.016     5.3456     75.414     41.130  32.664931     2.7245      7.044   182.6845 1.2203e+01    10.0979      1.547      2.243    14.7076   999.1698 0.0000e+00
      1.581      0.016     5.3463     75.469     41.101  32.641411     2.6995      7.041   182.5036 1.1904e+01     9.9319      1.551      2.249    14.7074   999.1698 0.0000e+00
      1.585      0.015     5.3470     75.498     41.091  32.633510     2.6759      7.040   182.6332 1.1647e+01     9.6499      1.555      2.256    14.7068   999.1698 0.0000e+00
      1.589      0.014     5.3495     75.513     41.089  32.632858     2.6724      7.040   182.7883 1.1422e+01     9.5065      1.558      2.260    14.7063   999.1700 0.0000e+00
      1.593      0.014     5.3548     75.521     41.089  32.633520     2.6754      7.039   182.9165 1.1232e+01     9.4760      1.562      2.265    14.7059   999.1701 0.0000e+00
      1.595      0.014     5.3596     75.526     41.098  32.641524     2.6428      7.038   182.8926 1.1061e+01     9.4124      1.565      2.269    14.7056   999.1701 0.0000e+00
      1.598      0.014     5.3610     75.541     41.128  32.666174     2.5809      7.037   182.7571 1.0877e+01     9.2954      1.567      2.274    14.7056   999.1701 0.0000e+00
      1.603      0.014     5.3615     75.539     41.141  32.677713     2.5516      7.035   182.7406 1.0676e+01     9.2074      1.571      2.280    14.7062   999.1700 0.0000e+00
      1.608      0.014     5.3626     75.510     41.108  32.654116     2.5487      7.033   182.7805 1.0496e+01     9.2008      1.577      2.287    14.7074   999.1699 0.0000e+00
      1.612      0.013     5.3614     75.464     41.080  32.634713     2.5372      7.033   182.8090 1.0375e+01     9.1838      1.581      2.292    14.7082   999.1698 0.0000e+00
      1.615      0.012     5.3639     75.405     41.075  32.633507     2.4992      7.032   182.8270 1.0254e+01     9.0666      1.583      2.296    14.7088   999.1697 0.0000e+00
      1.617      0.010     5.3640     75.348     41.079  32.639535     2.4447      7.029   182.9984 1.0119e+01     8.8983      1.586      2.300    14.7108   999.1695 0.0000e+00
      1.620      0.008     5.3604     75.275     41.081  32.644137     2.4153      7.027   183.2463 1.0001e+01     8.7875      1.589      2.305    14.7141   999.1690 0.0000e+00
      1.622      0.007     5.3581     75.214     41.054  32.625689     2.4046      7.026   183.2431 9.9013e+00     8.7429      1.590      2.307    14.7175   999.1685 0.0000e+00
      1.623      0.006     5.3512     75.207     41.027  32.606873     2.3756      7.024   183.1314 9.8154e+00     8.6866      1.591      2.308    14.7206   999.1680 0.0000e+00
      1.624      0.006     5.3491     75.232     41.025  32.607020     2.3336      7.024   183.0151 9.7353e+00     8.5984      1.593      2.310    14.7235   999.1675 0.0000e+00
      1.625      0.006     5.3425     75.273     41.049  32.627471     2.3134      7.023   183.0407 9.6731e+00     8.5616      1.594      2.311    14.7273   999.1670 0.0000e+00
      1.626      0.006     5.3348     75.328     41.092  32.663765     2.3049      7.022   183.4408 9.6240e+00     8.5689      1.595      2.313    14.7316   999.1664 0.0000e+00
      1.628      0.007     5.3366     75.404     41.093  32.665074     2.2911      7.022   183.8097 9.5704e+00     8.5563      1.596      2.316    14.7345   999.1660 0.0000e+00
      1.631      0.008     5.3375     75.500     41.068  32.643294     2.2851      7.021   183.8004 9.5185e+00     8.5399      1.598      2.319    14.7359   999.1658 0.0000e+00
      1.633      0.010     5.3407     75.584     41.083  32.654275     2.2924      7.019   183.6732 9.4818e+00     8.5346      1.601      2.322    14.7380   999.1655 0.0000e+00
      1.634      0.011     5.3440     75.625     41.105  32.670916     2.3100      7.019   183.5612 9.4621e+00     8.5249      1.603      2.324    14.7409   999.1651 0.0000e+00
      1.637      0.012     5.3489     75.627     41.082  32.654115     2.3156      7.018   183.4789 9.4195e+00     8.4548      1.604      2.327    14.7419   999.1649 0.0000e+00
      1.641      0.012     5.3571     75.600     41.063  32.641523     2.3082      7.017   183.7964 9.3473e+00     8.3424      1.609      2.333    14.7401   999.1652 0.0000e+00
      1.646      0.011     5.3644     75.551     41.064  32.645589     2.3080      7.015   184.4758 9.3007e+00     8.3139      1.615      2.342    14.7376   999.1657 0.0000e+00
      1.649      0.010     5.3671     75.505     41.055  32.639819     2.3044      7.014   184.8103 9.2961e+00     8.3391      1.618      2.347    14.7364   999.1659 0.0000e+00
      1.651      0.009     5.3666     75.465     41.050  32.635233     2.3071      7.014   184.7428 9.3176e+00     8.2538      1.619      2.348    14.7380   999.1656 0.0000e+00
      1.653      0.007     5.3645     75.410     41.075  32.653592     2.3329      7.013   184.5199 9.3604e+00     8.1026      1.621      2.350    14.7422   999.1650 0.0000e+00
      1.653      0.005     5.3593     75.337     41.098  32.671412     2.3559      7.012   184.2662 9.4343e+00     8.0509      1.621      2.351    14.7474   999.1642 0.0000e+00
      1.654      0.005     5.3556     75.282     41.082  32.660303     2.3688      7.010   184.4282 9.5758e+00     8.0867      1.622      2.353    14.7496   999.1638 0.0000e+00
      1.655      0.005     5.3541     75.261     41.064  32.646201     2.4456      7.010   184.9302 9.8249e+00     8.2409      1.624      2.355    14.7472   999.1642 0.0000e+00
      1.657      0.005     5.3507     75.279     41.042  32.627835     2.5818      7.011   185.1744 1.0206e+01     8.4402      1.625      2.358    14.7441   999.1647 0.0000e+00
      1.659      0.005     5.3440     75.341     41.044  32.628629     2.6467      7.012   185.0572 1.0676e+01     8.4648      1.627      2.360    14.7439   999.1648 0.0000e+00
      1.660      0.006     5.3397     75.416     41.080  32.655797     2.6482      7.013   184.9757 1.1101e+01     8.4403      1.628      2.361    14.7470   999.1643 0.0000e+00
      1.661      0.008     5.3382     75.480     41.061  32.639010     2.6607      7.015   185.0501 1.1370e+01     8.5051      1.628      2.362    14.7480   999.1641 0.0000e+00
      1.662      0.011     5.3389     75.550     41.035  32.616037     2.6423      7.017   185.0951 1.1407e+01     8.4614      1.629      2.362    14.7461   999.1644 0.0000e+00
      1.664      0.015     5.3446     75.614     41.061  32.631879     2.5815      7.017   185.1765 1.1228e+01     8.2393      1.632      2.366    14.7448   999.1646 0.0000e+00
      1.669      0.018     5.3514     75.636     41.078  32.640165     2.5417      7.018   185.3465 1.0908e+01     8.0479      1.637      2.374    14.7428   999.1650 0.0000e+00
      1.675      0.021     5.3546     75.616     41.099  32.652754     2.5252      7.020   185.4291 1.0454e+01     7.9830      1.643      2.383    14.7411   999.1652 0.0000e+00
      1.682      0.023     5.3604     75.568     41.108  32.657163     2.3992      7.020   185.4013 9.9187e+00     7.8481      1.650      2.393    14.7392   999.1655 0.0000e+00
      1.689      0.023     5.3672     75.496     41.078  32.630005     2.1538      7.019   185.4404 9.3697e+00     7.5631      1.655      2.403    14.7324   999.1666 0.0000e+00
      1.695      0.022     5.3693     75.413     41.095  32.641696     2.0115      7.017   185.3857 8.8306e+00     7.3891      1.661      2.410    14.7243   999.1678 0.0000e+00
      1.700      0.020     5.3679     75.338     41.133  32.671593     1.9965      7.015   185.1696 8.3719e+00     7.3824      1.669      2.420    14.7204   999.1684 0.0000e+00
      1.705      0.018     5.3650     75.287     41.136  32.674170     1.9641      7.014   185.1507 8.0320e+00     7.4161      1.673      2.427    14.7169   999.1689 0.0000e+00
      1.709      0.016     5.3600     75.249     41.133  32.672858     1.9056      7.012   185.3289 7.7748e+00     7.4366      1.676      2.431    14.7125   999.1696 0.0000e+00
      1.713      0.014     5.3537     75.218     41.111  32.655728     1.8711      7.012   185.6043 7.6040e+00     7.4340      1.680      2.437    14.7106   999.1699 0.0000e+00
      1.716      0.013     5.3477     75.192     41.114  32.657446     1.8675      7.013   185.8125 7.5148e+00     7.4491      1.683      2.441    14.7108   999.1698 0.0000e+00
      1.718      0.013     5.3448     75.172     41.159  32.693622     1.8616      7.013   185.5237 7.4457e+00     7.5536      1.685      2.443    14.7119   999.1697 0.0000e+00
      1.720      0.014     5.3422     75.158     41.181  32.712361     1.8343      7.014   184.9519 7.3637e+00     7.7472      1.686      2.447    14.7126   999.1697 0.0000e+00
      1.724      0.016     5.3396     75.128     41.156  32.693636     1.8150      7.014   184.8352 7.2832e+00     7.8563      1.691      2.453    14.7126   999.1696 0.0000e+00
      1.728      0.018     5.3386     75.105     41.108  32.657607     1.8190      7.014   185.0601 7.1939e+00     7.8572      1.695      2.458    14.7123   999.1697 0.0000e+00
      1.733      0.019     5.3357     75.121     41.106  32.657502     1.8563      7.014   185.2611 7.0700e+00     7.9218      1.699      2.464    14.7125   999.1697 0.0000e+00
      1.740      0.019     5.3368     75.151     41.150  32.692377     1.9192      7.014   185.4595 6.9550e+00     8.0475      1.707      2.475    14.7130   999.1697 0.0000e+00
