Data/DataNotYetUploadedToEDI/Raw_CTD/RawDownloads/102219_fcr50.cnv
* Sea-Bird SBE19plus  Data File:
* FileName = C:\DATA\102319_fcr50_0002.hex
* Software version 2.8.0.119 SB_Terminal.dll
* Temperature SN = 7809
* Conductivity SN = 7809
* System UpLoad Time = Oct 23 2019 09:55:49
* <ApplicationData>
* <Seaterm232>
# nquan = 16
# nvalues = 2275                        
# units = specified
# name 0 = depFM: Depth [fresh water, m]
# name 1 = dz/dtM: Descent Rate [m/s]
# name 2 = sbeox0ML/L: Oxygen, SBE 43 [ml/l]
# name 3 = sbeox0PS: Oxygen, SBE 43 [% saturation]
# name 4 = specc: Specific Conductance [uS/cm]
# name 5 = c0uS/cm: Conductivity [uS/cm]
# name 6 = flECO-AFL: Fluorescence, WET Labs ECO-AFL/FL [mg/m^3]
# name 7 = ph: pH
# name 8 = orp: Oxidation Reduction Potential [mV]
# name 9 = par/sat/log: PAR/Logarithmic, Satlantic
# name 10 = turbWETntu0: Turbidity, WET Labs ECO [NTU]
# name 11 = prdM: Pressure, Strain Gauge [db]
# name 12 = prdE: Pressure, Strain Gauge [psi]
# name 13 = tv290C: Temperature [ITS-90, deg C]
# name 14 = density00: Density [density, kg/m^3]
# name 15 = flag:  0.000e+00
# span 0 =     -0.665,      9.680       
# span 1 = -2.514e-07,      0.203       
# span 2 =     0.0371,     6.9318       
# span 3 =      0.701,     98.651       
# span 4 =      1.664,    335.192       
# span 5 =   1.430141, 259.434961       
# span 6 =    -0.3492,     5.3180       
# span 7 =      6.013,      8.916       
# span 8 =   -12.1450,  1240.2295       
# span 9 = 1.2355e-01, 1.6501e+03       
# span 10 =    -0.5925,    59.2156      
# span 11 =     -0.652,      9.493      
# span 12 =     -0.946,     13.769      
# span 13 =    13.5819,    18.0032      
# span 14 =   998.6003,   999.4586      
# span 15 = 0.0000e+00, 0.0000e+00      
# interval = seconds: 0.25
# start_time = Oct 22 2019 15:27:00 [Instrument's time stamp, header]
# bad_flag = -9.990e-29
*END*
[from data line 1628]
      4.607      0.032     4.9007     68.667     41.996  33.197966     1.2583      6.861   211.2927 2.1337e-01     5.1956      4.519      6.555    14.5240   999.2107 0.0000e+00
      4.613      0.031     4.8984     68.729     42.001  33.202017     1.2528      6.860   210.6417 1.9309e-01     5.0884      4.523      6.560    14.5228   999.2109 0.0000e+00
      4.621      0.029     4.8947     68.784     41.970  33.177352     1.2491      6.860   210.3934 1.6486e-01     5.0761      4.531      6.571    14.5217   999.2111 0.0000e+00
      4.631      0.028     4.8913     68.816     41.939  33.153598     1.2563      6.859   210.6139 1.4121e-01     5.0795      4.543      6.590    14.5210   999.2113 0.0000e+00
      4.638      0.028     4.8943     68.841     41.957  33.168669     1.2624      6.859   210.8977 1.3008e-01     5.0637      4.550      6.600    14.5208   999.2114 0.0000e+00
      4.643      0.026     4.9000     68.872     41.957  33.169188     1.2614      6.858   211.0714 1.2756e-01     5.0817      4.551      6.601    14.5212   999.2113 0.0000e+00
      4.649      0.023     4.9043     68.922     41.945  33.159870     1.2629      6.857   210.9940 1.2560e-01     5.1002      4.559      6.611    14.5215   999.2113 0.0000e+00
      4.658      0.019     4.9059     68.981     41.974  33.182931     1.2629      6.856   210.6509 1.2384e-01     5.0917      4.570      6.628    14.5219   999.2112 0.0000e+00
      4.664      0.016     4.9074     69.023     41.989  33.194170     1.2434      6.856   210.3636 1.2371e-01     5.0447      4.575      6.636    14.5227   999.2112 0.0000e+00
      4.666      0.014     4.9089     69.053     41.956  33.168834     1.2182      6.856   210.2744 1.2375e-01     4.9571      4.576      6.636    14.5238   999.2110 0.0000e+00
      4.667      0.012     4.9126     69.089     41.907  33.130444     1.2093      6.856   210.3466 1.2376e-01     4.9172      4.577      6.638    14.5242   999.2109 0.0000e+00
      4.668      0.012     4.9180     69.129     41.882  33.110782     1.2054      6.856   210.5473 1.2376e-01     4.8898      4.578      6.640    14.5240   999.2110 0.0000e+00
      4.671      0.014     4.9208     69.177     41.895  33.121494     1.1879      6.856   210.7225 1.2374e-01     4.8552      4.580      6.643    14.5239   999.2110 0.0000e+00
      4.675      0.016     4.9217     69.223     41.909  33.133032     1.1625      6.856   210.7441 1.2371e-01     4.8919      4.583      6.648    14.5242   999.2110 0.0000e+00
      4.680      0.018     4.9250     69.244     41.895  33.123366     1.1505      6.856   210.6363 1.2374e-01     4.9409      4.588      6.655    14.5247   999.2109 0.0000e+00
      4.687      0.019     4.9276     69.272     41.905  33.131543     1.1464      6.856   210.5376 1.2375e-01     4.9232      4.597      6.666    14.5250   999.2109 0.0000e+00
      4.693      0.019     4.9305     69.325     41.951  33.168433     1.1389      6.855   210.4967 1.2372e-01     4.8752      4.603      6.676    14.5256   999.2109 0.0000e+00
      4.697      0.018     4.9357     69.373     41.976  33.188630     1.1372      6.855   210.5727 1.2374e-01     4.8842      4.606      6.681    14.5265   999.2108 0.0000e+00
      4.699      0.017     4.9353     69.399     41.972  33.185359     1.1441      6.855   210.9393 1.2380e-01     4.9337      4.609      6.684    14.5278   999.2106 0.0000e+00
      4.703      0.015     4.9362     69.408     41.981  33.192349     1.1523      6.854   211.4018 1.2383e-01     4.9494      4.611      6.688    14.5285   999.2105 0.0000e+00
      4.708      0.013     4.9418     69.405     42.003  33.209673     1.1668      6.854   211.5193 1.2381e-01     4.9112      4.617      6.696    14.5291   999.2104 0.0000e+00
      4.713      0.011     4.9453     69.387     41.997  33.204434     1.1905      6.854   211.4997 1.2377e-01     4.8648      4.622      6.705    14.5296   999.2104 0.0000e+00
      4.716      0.010     4.9468     69.340     41.983  33.192471     1.2042      6.853   211.3374 1.2371e-01     4.8795      4.624      6.707    14.5296   999.2104 0.0000e+00
      4.717      0.007     4.9473     69.263     41.983  33.191950     1.2029      6.852   211.0189 1.2368e-01     4.8927      4.626      6.708    14.5292   999.2105 0.0000e+00
      4.718      0.005     4.9473     69.185     41.991  33.198131     1.2014      6.852   211.2627 1.2370e-01     4.8597      4.626      6.710    14.5289   999.2106 0.0000e+00
      4.718      0.005     4.9464     69.122     41.999  33.203736     1.2029      6.853   211.9621 1.2371e-01     4.7762      4.627      6.710    14.5283   999.2106 0.0000e+00
      4.719      0.006     4.9435     69.060     41.989  33.196260     1.2024      6.853   212.3343 1.2376e-01     4.6694      4.627      6.711    14.5272   999.2108 0.0000e+00
      4.720      0.009     4.9371     68.991     41.958  33.171205     1.1966      6.853   212.2357 1.2382e-01     4.6499      4.628      6.712    14.5265   999.2109 0.0000e+00
      4.722      0.013     4.9307     68.924     41.937  33.154645     1.2017      6.853   211.9746 1.2383e-01     4.6715      4.630      6.715    14.5263   999.2109 0.0000e+00
      4.725      0.019     4.9272     68.870     41.977  33.186425     1.2293      6.853   211.8436 1.2379e-01     4.7015      4.634      6.721    14.5258   999.2110 0.0000e+00
      4.730      0.025     4.9229     68.844     42.043  33.238136     1.2537      6.853   211.9431 1.2373e-01     4.7822      4.639      6.728    14.5256   999.2111 0.0000e+00
      4.736      0.030     4.9176     68.844     42.088  33.272172     1.2626      6.853   212.2308 1.2371e-01     4.8612      4.643      6.734    14.5258   999.2111 0.0000e+00
      4.746      0.035     4.9128     68.832     42.102  33.280636     1.2669      6.852   212.4832 1.2376e-01     4.9028      4.653      6.748    14.5259   999.2111 0.0000e+00
      4.759      0.037     4.9082     68.804     42.100  33.277002     1.2620      6.850   212.4991 1.2376e-01     4.9243      4.668      6.770    14.5265   999.2111 0.0000e+00
      4.771      0.037     4.9062     68.774     42.122  33.291693     1.2552      6.850   212.4233 1.2376e-01     4.9253      4.679      6.787    14.5260   999.2112 0.0000e+00
      4.780      0.038     4.9083     68.729     42.174  33.331341     1.2631      6.849   212.4268 1.2379e-01     4.8822      4.688      6.799    14.5232   999.2117 0.0000e+00
      4.788      0.038     4.9078     68.672     42.232  33.375596     1.2714      6.847   212.1971 1.2379e-01     4.8622      4.697      6.812    14.5200   999.2122 0.0000e+00
      4.794      0.037     4.9046     68.597     42.243  33.382529     1.2686      6.843   211.7966 1.2376e-01     4.8795      4.702      6.819    14.5170   999.2127 0.0000e+00
      4.802      0.034     4.9045     68.496     42.206  33.351699     1.2634      6.840   211.8016 1.2374e-01     4.8625      4.707      6.828    14.5145   999.2130 0.0000e+00
      4.815      0.031     4.9005     68.382     42.167  33.320150     1.2604      6.839   212.0849 1.2377e-01     4.8527      4.723      6.850    14.5129   999.2133 0.0000e+00
      4.828      0.026     4.8970     68.252     42.165  33.318392     1.2587      6.838   212.4692 1.2378e-01     4.8591      4.739      6.873    14.5113   999.2137 0.0000e+00
      4.833      0.021     4.8928     68.118     42.181  33.330442     1.2172      6.837   212.7483 1.2378e-01     4.8092      4.741      6.876    14.5087   999.2142 0.0000e+00
      4.835      0.015     4.8841     67.981     42.192  33.338926     1.1312      6.835   212.3617 1.2375e-01     4.7082      4.740      6.875    14.5067   999.2144 0.0000e+00
      4.835      0.010     4.8777     67.846     42.217  33.357503     1.0772      6.835   211.6670 1.2371e-01     4.6541      4.742      6.878    14.5061   999.2144 0.0000e+00
      4.836      0.008     4.8668     67.744     42.227  33.364654     1.0665      6.834   211.4893 1.2367e-01     4.6473      4.742      6.877    14.5059   999.2145 0.0000e+00
      4.838      0.008     4.8577     67.684     42.226  33.361929     1.0712      6.834   211.5900 1.2364e-01     4.6253      4.744      6.882    14.5060   999.2145 0.0000e+00
      4.840      0.011     4.8485     67.656     42.262  33.388010     1.1077      6.833   211.7663 1.2364e-01     4.6176      4.746      6.884    14.5059   999.2145 0.0000e+00
      4.843      0.014     4.8370     67.640     42.313  33.426142     1.1622      6.833   212.1584 1.2369e-01     4.6196      4.749      6.887    14.5043   999.2147 0.0000e+00
      4.846      0.016     4.8306     67.639     42.335  33.442189     1.1840      6.833   212.2011 1.2373e-01     4.6164      4.753      6.893    14.5022   999.2151 0.0000e+00
      4.851      0.018     4.8261     67.648     42.353  33.455101     1.1807      6.834   211.7665 1.2367e-01     4.6445      4.757      6.899    14.5000   999.2154 0.0000e+00
      4.857      0.020     4.8258     67.629     42.353  33.455330     1.1994      6.834   211.4630 1.2366e-01     4.6969      4.764      6.910    14.4978   999.2158 0.0000e+00
      4.862      0.020     4.8242     67.557     42.339  33.444956     1.2370      6.834   211.5433 1.2373e-01     4.7260      4.769      6.918    14.4955   999.2162 0.0000e+00
      4.867      0.019     4.8241     67.412     42.352  33.456601     1.2542      6.833   211.7901 1.2376e-01     4.7013      4.771      6.920    14.4926   999.2166 0.0000e+00
      4.873      0.019     4.8268     67.232     42.367  33.469209     1.2504      6.834   212.0383 1.2378e-01     4.6604      4.778      6.930    14.4914   999.2168 0.0000e+00
      4.879      0.024     4.8251     67.090     42.369  33.470468     1.2261      6.832   212.5659 1.2380e-01     4.6578      4.786      6.942    14.4922   999.2167 0.0000e+00
      4.882      0.038     4.8213     66.989     42.371  33.471821     1.1857      6.825   213.2649 1.2376e-01     4.6700      4.787      6.942    14.4929   999.2166 0.0000e+00
      4.885      0.059     4.8100     66.908     42.391  33.485563     1.1606      6.817   213.5202 1.2374e-01     4.6768      4.789      6.947    14.4946   999.2164 0.0000e+00
      4.892      0.079     4.7934     66.860     42.424  33.509692     1.1396      6.812   213.3302 1.2376e-01     4.6746      4.793      6.951    14.4959   999.2162 0.0000e+00
      4.915      0.092     4.7845     66.863     42.427  33.509702     1.0967      6.812   213.1183 1.2375e-01     4.6756      4.807      6.972    14.4959   999.2163 0.0000e+00
      4.961      0.099     4.7781     66.905     42.398  33.485680     1.0498      6.813   213.3671 1.2375e-01     4.7225      4.864      7.056    14.4948   999.2167 0.0000e+00
      5.008      0.099     4.7717     66.949     42.381  33.473102     1.0320      6.814   213.9298 1.2377e-01     4.7499      4.924      7.142    14.4931   999.2171 0.0000e+00
      5.031      0.093     4.7684     66.965     42.395  33.484549     1.0284      6.815   214.2425 1.2373e-01     4.7115      4.938      7.164    14.4902   999.2177 0.0000e+00
      5.039      0.080     4.7687     66.934     42.411  33.497149     1.0325      6.816   214.3091 1.2371e-01     4.6841      4.939      7.163    14.4866   999.2183 0.0000e+00
      5.050      0.065     4.7737     66.875     42.415  33.498521     1.0637      6.817   214.1337 1.2376e-01     4.6814      4.951      7.180    14.4861   999.2184 0.0000e+00
      5.065      0.055     4.7765     66.815     42.421  33.501133     1.0940      6.818   213.8423 1.2378e-01     4.6790      4.968      7.206    14.4878   999.2182 0.0000e+00
      5.080      0.054     4.7790     66.754     42.459  33.528731     1.0953      6.818   213.9691 1.2378e-01     4.6550      4.981      7.225    14.4885   999.2182 0.0000e+00
      5.096      0.054     4.7757     66.702     42.525  33.578349     1.0798      6.819   214.4618 1.2377e-01     4.6205      4.997      7.247    14.4879   999.2183 0.0000e+00
      5.112      0.052     4.7706     66.655     42.549  33.593341     1.0703      6.819   214.7237 1.2373e-01     4.6878      5.015      7.273    14.4859   999.2187 0.0000e+00
      5.123      0.050     4.7678     66.612     42.540  33.583064     1.0767      6.819   214.6403 1.2372e-01     4.8453      5.024      7.289    14.4825   999.2193 0.0000e+00
      5.133      0.049     4.7625     66.568     42.540  33.581009     1.0872      6.819   214.4853 1.2372e-01     4.9193      5.032      7.300    14.4797   999.2197 0.0000e+00
      5.144      0.049     4.7596     66.500     42.526  33.568493     1.0845      6.819   214.3979 1.2377e-01     4.8942      5.045      7.316    14.4780   999.2201 0.0000e+00
      5.155      0.050     4.7565     66.410     42.512  33.558663     1.0882      6.819   214.3579 1.2381e-01     4.8372      5.055      7.331    14.4736   999.2207 0.0000e+00
      5.169      0.050     4.7539     66.309     42.549  33.589082     1.1137      6.819   214.4319 1.2377e-01     4.7539      5.067      7.350    14.4687   999.2215 0.0000e+00
      5.185      0.050     4.7522     66.191     42.585  33.618969     1.1324      6.819   214.6048 1.2373e-01     4.7066      5.086      7.377    14.4657   999.2220 0.0000e+00
      5.200      0.049     4.7474     66.081     42.563  33.602701     1.1331      6.819   214.7278 1.2370e-01     4.6921      5.101      7.398    14.4643   999.2223 0.0000e+00
      5.212      0.046     4.7398     66.011     42.538  33.582778     1.1133      6.819   214.8008 1.2366e-01     4.6431      5.112      7.413    14.4660   999.2221 0.0000e+00
      5.222      0.042     4.7335     65.990     42.519  33.568483     1.0846      6.819   214.8854 1.2368e-01     4.6062      5.122      7.428    14.4683   999.2218 0.0000e+00
      5.231      0.038     4.7237     66.009     42.504  33.556788     1.0807      6.819   214.7180 1.2372e-01     4.6396      5.130      7.441    14.4700   999.2216 0.0000e+00
      5.240      0.035     4.7147     66.049     42.518  33.568313     1.0916      6.820   214.2399 1.2372e-01     4.6865      5.139      7.453    14.4708   999.2215 0.0000e+00
      5.249      0.034     4.7098     66.094     42.534  33.580890     1.0694      6.820   214.0084 1.2376e-01     4.7462      5.147      7.465    14.4708   999.2216 0.0000e+00
      5.257      0.034     4.7082     66.141     42.534  33.581930     1.0284      6.819   214.0693 1.2381e-01     4.8703      5.154      7.476    14.4714   999.2215 0.0000e+00
      5.265      0.034     4.7105     66.200     42.531  33.580890     1.0126      6.819   214.2886 1.2379e-01     4.9740      5.164      7.489    14.4718   999.2215 0.0000e+00
      5.274      0.035     4.7134     66.262     42.513  33.568313     1.0164      6.818   214.5951 1.2377e-01     4.9847      5.172      7.501    14.4719   999.2215 0.0000e+00
      5.282      0.035     4.7170     66.289     42.497  33.556796     1.0407      6.817   214.3331 1.2376e-01     4.9009      5.179      7.512    14.4722   999.2215 0.0000e+00
      5.291      0.035     4.7197     66.271     42.511  33.568563     1.0726      6.817   213.6164 1.2376e-01     4.7476      5.188      7.525    14.4728   999.2215 0.0000e+00
      5.301      0.035     4.7237     66.250     42.530  33.583668     1.0803      6.818   213.3291 1.2374e-01     4.6386      5.198      7.540    14.4739   999.2214 0.0000e+00
      5.310      0.036     4.7294     66.255     42.567  33.612498     1.0733      6.818   213.4403 1.2376e-01     4.6324      5.209      7.556    14.4758   999.2211 0.0000e+00
      5.318      0.037     4.7318     66.274     42.714  33.726740     1.0660      6.818   213.5842 1.2377e-01     4.6717      5.215      7.565    14.4773   999.2209 0.0000e+00
      5.326      0.037     4.7286     66.279     43.004  33.949523     1.0606      6.817   213.7780 1.2375e-01     4.6881      5.222      7.573    14.4782   999.2208 0.0000e+00
