Data/DataNotYetUploadedToEDI/Raw_CTD/RawDownloads/102219_fcr50.cnv
* Sea-Bird SBE19plus  Data File:
* FileName = C:\DATA\102319_fcr50_0002.hex
* Software version 2.8.0.119 SB_Terminal.dll
* Temperature SN = 7809
* Conductivity SN = 7809
* System UpLoad Time = Oct 23 2019 09:55:49
* <ApplicationData>
* <Seaterm232>
# nquan = 16
# nvalues = 2275                        
# units = specified
# name 0 = depFM: Depth [fresh water, m]
# name 1 = dz/dtM: Descent Rate [m/s]
# name 2 = sbeox0ML/L: Oxygen, SBE 43 [ml/l]
# name 3 = sbeox0PS: Oxygen, SBE 43 [% saturation]
# name 4 = specc: Specific Conductance [uS/cm]
# name 5 = c0uS/cm: Conductivity [uS/cm]
# name 6 = flECO-AFL: Fluorescence, WET Labs ECO-AFL/FL [mg/m^3]
# name 7 = ph: pH
# name 8 = orp: Oxidation Reduction Potential [mV]
# name 9 = par/sat/log: PAR/Logarithmic, Satlantic
# name 10 = turbWETntu0: Turbidity, WET Labs ECO [NTU]
# name 11 = prdM: Pressure, Strain Gauge [db]
# name 12 = prdE: Pressure, Strain Gauge [psi]
# name 13 = tv290C: Temperature [ITS-90, deg C]
# name 14 = density00: Density [density, kg/m^3]
# name 15 = flag:  0.000e+00
# span 0 =     -0.665,      9.680       
# span 1 = -2.514e-07,      0.203       
# span 2 =     0.0371,     6.9318       
# span 3 =      0.701,     98.651       
# span 4 =      1.664,    335.192       
# span 5 =   1.430141, 259.434961       
# span 6 =    -0.3492,     5.3180       
# span 7 =      6.013,      8.916       
# span 8 =   -12.1450,  1240.2295       
# span 9 = 1.2355e-01, 1.6501e+03       
# span 10 =    -0.5925,    59.2156      
# span 11 =     -0.652,      9.493      
# span 12 =     -0.946,     13.769      
# span 13 =    13.5819,    18.0032      
# span 14 =   998.6003,   999.4586      
# span 15 = 0.0000e+00, 0.0000e+00      
# interval = seconds: 0.25
# start_time = Oct 22 2019 15:27:00 [Instrument's time stamp, header]
# bad_flag = -9.990e-29
*END*
[from data line 1356]
      3.402      0.018     5.1740     72.488     41.313  32.719143     1.6015      6.907   203.4383 3.6384e-01     6.1226      3.336      4.839    14.6013   999.1937 0.0000e+00
      3.408      0.018     5.1731     72.436     41.329  32.730586     1.6345      6.906   203.4314 3.3803e-01     6.0220      3.341      4.848    14.6015   999.1937 0.0000e+00
      3.413      0.017     5.1684     72.407     41.346  32.743155     1.6277      6.906   203.2388 3.2704e-01     6.0154      3.347      4.855    14.6000   999.1940 0.0000e+00
      3.418      0.017     5.1638     72.402     41.347  32.744195     1.5796      6.906   203.1739 3.3200e-01     6.0426      3.353      4.863    14.5976   999.1943 0.0000e+00
      3.421      0.017     5.1589     72.410     41.347  32.743155     1.4954      6.908   203.4213 3.1791e-01     6.0884      3.355      4.866    14.5954   999.1946 0.0000e+00
      3.423      0.018     5.1551     72.410     41.333  32.730577     1.4508      6.910   203.6494 3.0759e-01     6.1109      3.358      4.869    14.5939   999.1949 0.0000e+00
      3.427      0.019     5.1530     72.392     41.320  32.719040     1.4477      6.911   203.7805 3.0472e-01     6.0859      3.360      4.873    14.5934   999.1950 0.0000e+00
      3.432      0.021     5.1531     72.377     41.335  32.730589     1.4321      6.911   203.8877 2.9617e-01     6.1794      3.364      4.879    14.5931   999.1951 0.0000e+00
      3.439      0.022     5.1542     72.373     41.351  32.743280     1.4002      6.911   203.8272 3.0258e-01     6.3888      3.373      4.892    14.5920   999.1953 0.0000e+00
      3.448      0.023     5.1549     72.360     41.355  32.745568     1.3835      6.911   203.6511 3.0577e-01     6.4864      3.382      4.905    14.5908   999.1955 0.0000e+00
      3.454      0.023     5.1531     72.349     41.370  32.758261     1.3864      6.912   203.5654 2.9362e-01     6.5078      3.387      4.913    14.5897   999.1957 0.0000e+00
      3.458      0.022     5.1512     72.345     41.385  32.769818     1.3749      6.912   203.6513 2.8736e-01     6.5503      3.391      4.918    14.5888   999.1958 0.0000e+00
      3.462      0.021     5.1527     72.332     41.371  32.758385     1.3478      6.913   203.7437 2.9338e-01     6.5740      3.394      4.923    14.5881   999.1960 0.0000e+00
      3.467      0.020     5.1508     72.317     41.358  32.746952     1.3360      6.913   203.7356 2.9917e-01     6.5650      3.399      4.930    14.5880   999.1960 0.0000e+00
      3.473      0.020     5.1496     72.317     41.373  32.758500     1.3270      6.913   203.8114 2.8251e-01     6.5073      3.406      4.940    14.5883   999.1960 0.0000e+00
      3.479      0.020     5.1505     72.325     41.389  32.771089     1.3264      6.914   203.7141 2.6516e-01     6.4008      3.412      4.949    14.5884   999.1960 0.0000e+00
      3.484      0.021     5.1490     72.316     41.392  32.772233     1.3545      6.914   203.3340 2.6181e-01     6.2927      3.418      4.957    14.5878   999.1961 0.0000e+00
      3.488      0.021     5.1476     72.291     41.393  32.772338     1.3806      6.914   203.2590 2.4877e-01     6.2482      3.421      4.962    14.5870   999.1962 0.0000e+00
      3.493      0.021     5.1478     72.281     41.395  32.772358     1.3906      6.914   203.5811 2.3470e-01     6.2566      3.425      4.967    14.5862   999.1964 0.0000e+00
      3.499      0.020     5.1495     72.291     41.395  32.772463     1.3889      6.913   203.9591 2.3344e-01     6.2629      3.431      4.977    14.5853   999.1965 0.0000e+00
      3.506      0.020     5.1489     72.300     41.397  32.773608     1.3948      6.913   204.0446 2.3433e-01     6.2592      3.439      4.988    14.5842   999.1967 0.0000e+00
      3.511      0.020     5.1461     72.304     41.414  32.786205     1.4182      6.913   203.6681 2.3330e-01     6.2451      3.444      4.994    14.5831   999.1969 0.0000e+00
      3.515      0.020     5.1451     72.292     41.429  32.797849     1.4380      6.912   203.2794 2.3612e-01     6.2557      3.447      4.999    14.5819   999.1971 0.0000e+00
      3.520      0.020     5.1474     72.261     41.416  32.787465     1.4439      6.912   203.2158 2.4143e-01     6.2894      3.452      5.006    14.5812   999.1972 0.0000e+00
      3.525      0.020     5.1474     72.231     41.417  32.787578     1.4280      6.912   203.3289 2.4479e-01     6.2262      3.456      5.012    14.5807   999.1973 0.0000e+00
      3.530      0.020     5.1481     72.180     41.432  32.799221     1.3941      6.911   203.5292 2.3554e-01     6.0814      3.460      5.019    14.5804   999.1974 0.0000e+00
      3.537      0.020     5.1482     72.117     41.434  32.801311     1.3718      6.911   203.6583 2.2303e-01     6.0133      3.469      5.031    14.5802   999.1975 0.0000e+00
      3.543      0.019     5.1436     72.066     41.449  32.812850     1.3755      6.911   203.5123 2.2280e-01     6.0261      3.475      5.040    14.5798   999.1975 0.0000e+00
      3.547      0.017     5.1442     72.017     41.448  32.811810     1.3691      6.911   203.2276 2.2416e-01     6.0399      3.478      5.045    14.5793   999.1976 0.0000e+00
      3.551      0.015     5.1396     71.987     41.418  32.788734     1.3375      6.912   203.1413 2.2406e-01     6.0493      3.482      5.050    14.5790   999.1977 0.0000e+00
      3.553      0.015     5.1335     71.967     41.418  32.787694     1.3229      6.913   203.2423 2.2560e-01     6.0730      3.484      5.053    14.5788   999.1977 0.0000e+00
      3.556      0.016     5.1320     71.939     41.433  32.799232     1.3316      6.914   203.3310 2.1685e-01     6.0970      3.487      5.057    14.5785   999.1978 0.0000e+00
      3.560      0.017     5.1266     71.926     41.435  32.801312     1.3476      6.914   203.3540 2.0454e-01     6.1755      3.491      5.062    14.5785   999.1978 0.0000e+00
      3.565      0.019     5.1250     71.927     41.450  32.812841     1.3690      6.915   203.3477 2.0806e-01     6.3348      3.495      5.069    14.5787   999.1978 0.0000e+00
      3.571      0.020     5.1248     71.912     41.449  32.811706     1.3737      6.915   203.3415 2.1050e-01     6.4498      3.502      5.079    14.5787   999.1978 0.0000e+00
      3.577      0.020     5.1216     71.898     41.419  32.787590     1.3696      6.915   203.2785 2.0140e-01     6.4838      3.508      5.088    14.5784   999.1979 0.0000e+00
      3.582      0.020     5.1203     71.905     41.403  32.775108     1.3794      6.915   203.2755 2.0014e-01     6.4514      3.512      5.094    14.5780   999.1980 0.0000e+00
      3.586      0.020     5.1225     71.908     41.419  32.787705     1.3884      6.915   203.3900 2.1143e-01     6.3525      3.517      5.101    14.5777   999.1981 0.0000e+00
      3.591      0.020     5.1203     71.913     41.451  32.812976     1.3920      6.915   203.4584 2.1589e-01     6.2718      3.521      5.107    14.5775   999.1981 0.0000e+00
      3.596      0.019     5.1180     71.918     41.469  32.826811     1.3889      6.916   203.5861 2.0959e-01     6.2297      3.526      5.114    14.5770   999.1982 0.0000e+00
      3.602      0.018     5.1208     71.927     41.470  32.828059     1.3768      6.918   203.8154 2.1043e-01     6.2042      3.533      5.124    14.5768   999.1983 0.0000e+00
      3.607      0.017     5.1196     71.946     41.470  32.828060     1.3754      6.918   203.9082 2.1355e-01     6.3239      3.537      5.130    14.5768   999.1983 0.0000e+00
      3.611      0.016     5.1205     71.959     41.468  32.826822     1.3801      6.918   203.9333 2.1031e-01     6.5629      3.541      5.136    14.5768   999.1983 0.0000e+00
      3.614      0.016     5.1209     71.963     41.451  32.813090     1.3736      6.918   203.8604 2.1451e-01     6.6682      3.544      5.140    14.5771   999.1983 0.0000e+00
      3.617      0.015     5.1204     71.955     41.421  32.788953     1.3739      6.917   203.6298 2.2352e-01     6.6792      3.546      5.144    14.5773   999.1983 0.0000e+00
      3.621      0.015     5.1234     71.933     41.421  32.788839     1.3757      6.917   203.8984 2.2000e-01     6.6958      3.551      5.150    14.5775   999.1983 0.0000e+00
      3.626      0.015     5.1236     71.907     41.450  32.811708     1.3519      6.918   204.6132 2.1340e-01     6.6724      3.557      5.157    14.5776   999.1983 0.0000e+00
      3.630      0.015     5.1243     71.877     41.450  32.811603     1.3201      6.918   204.8729 2.1448e-01     6.6588      3.560      5.163    14.5772   999.1984 0.0000e+00
      3.634      0.014     5.1239     71.834     41.420  32.787581     1.3027      6.918   204.7152 2.0458e-01     6.6627      3.565      5.169    14.5766   999.1984 0.0000e+00
      3.638      0.013     5.1218     71.785     41.404  32.775107     1.3070      6.917   204.5133 1.9216e-01     6.6204      3.568      5.174    14.5762   999.1985 0.0000e+00
      3.640      0.013     5.1201     71.739     41.420  32.787704     1.3196      6.917   204.4109 1.9926e-01     6.5405      3.570      5.178    14.5758   999.1986 0.0000e+00
      3.642      0.013     5.1184     71.696     41.452  32.812966     1.3253      6.918   204.5953 2.0702e-01     6.4838      3.572      5.181    14.5757   999.1986 0.0000e+00
      3.645      0.014     5.1149     71.671     41.470  32.826698     1.3239      6.919   204.9365 2.0001e-01     6.4583      3.575      5.185    14.5762   999.1985 0.0000e+00
      3.649      0.015     5.1109     71.662     41.471  32.826812     1.3029      6.919   205.0950 1.9028e-01     6.3637      3.579      5.191    14.5763   999.1986 0.0000e+00
      3.653      0.017     5.1085     71.680     41.456  32.814350     1.2795      6.919   205.0482 1.8839e-01     6.1918      3.582      5.195    14.5757   999.1986 0.0000e+00
      3.658      0.018     5.1042     71.717     41.443  32.802936     1.2753      6.918   204.9729 1.9041e-01     6.0847      3.586      5.201    14.5751   999.1987 0.0000e+00
      3.663      0.018     5.1033     71.742     41.459  32.815735     1.2691      6.918   204.9593 1.9216e-01     6.0514      3.593      5.211    14.5748   999.1988 0.0000e+00
      3.669      0.018     5.1020     71.744     41.493  32.842167     1.2480      6.918   204.9696 1.9687e-01     5.9857      3.598      5.218    14.5741   999.1989 0.0000e+00
      3.674      0.018     5.1033     71.722     41.526  32.868686     1.2194      6.918   204.9252 2.0008e-01     5.8814      3.603      5.225    14.5734   999.1991 0.0000e+00
      3.677      0.018     5.1077     71.694     41.544  32.882523     1.2014      6.918   204.9382 1.9456e-01     5.8394      3.607      5.230    14.5731   999.1991 0.0000e+00
      3.680      0.018     5.1090     71.682     41.544  32.882543     1.2029      6.918   205.0421 1.9317e-01     5.8373      3.608      5.233    14.5728   999.1992 0.0000e+00
      3.684      0.019     5.1097     71.672     41.527  32.868926     1.2118      6.918   205.1485 1.9124e-01     5.8235      3.612      5.239    14.5726   999.1993 0.0000e+00
      3.690      0.020     5.1074     71.632     41.496  32.844801     1.2393      6.918   205.2781 1.7815e-01     5.8362      3.619      5.248    14.5727   999.1993 0.0000e+00
      3.696      0.021     5.1046     71.586     41.495  32.844699     1.2923      6.918   205.1461 1.6980e-01     5.8600      3.625      5.257    14.5727   999.1993 0.0000e+00
      3.703      0.022     5.1040     71.549     41.524  32.867691     1.3248      6.918   204.7571 1.6879e-01     5.8488      3.631      5.266    14.5725   999.1994 0.0000e+00
      3.708      0.023     5.1053     71.494     41.525  32.868948     1.3288      6.916   204.7055 1.7351e-01     5.7998      3.636      5.274    14.5724   999.1994 0.0000e+00
      3.712      0.023     5.1010     71.423     41.513  32.859906     1.3408      6.915   204.8657 1.8442e-01     5.8246      3.640      5.279    14.5726   999.1994 0.0000e+00
      3.717      0.022     5.0965     71.358     41.545  32.885291     1.3649      6.915   204.9737 1.8593e-01     5.9515      3.645      5.286    14.5730   999.1994 0.0000e+00
      3.724      0.021     5.0960     71.309     41.592  32.922015     1.3777      6.914   205.0643 1.6913e-01     6.0227      3.652      5.297    14.5736   999.1993 0.0000e+00
      3.731      0.019     5.0912     71.279     41.594  32.923160     1.3752      6.913   204.7560 1.5308e-01     6.0301      3.660      5.309    14.5741   999.1993 0.0000e+00
      3.736      0.018     5.0856     71.250     41.564  32.899128     1.3773      6.913   204.2585 1.5737e-01     6.1068      3.664      5.316    14.5744   999.1992 0.0000e+00
      3.740      0.015     5.0808     71.211     41.547  32.885302     1.3849      6.913   204.2111 1.7002e-01     6.2295      3.668      5.320    14.5745   999.1993 0.0000e+00
      3.742      0.013     5.0770     71.180     41.544  32.882921     1.3897      6.913   204.3556 1.7736e-01     6.3010      3.670      5.323    14.5740   999.1994 0.0000e+00
      3.744      0.013     5.0756     71.166     41.529  32.870335     1.3833      6.914   204.4567 1.7911e-01     6.3152      3.671      5.325    14.5735   999.1994 0.0000e+00
      3.747      0.014     5.0741     71.156     41.516  32.860043     1.3600      6.914   204.6595 1.8004e-01     6.2375      3.675      5.329    14.5734   999.1995 0.0000e+00
      3.750      0.016     5.0705     71.141     41.549  32.885417     1.3336      6.913   204.6565 1.7860e-01     6.0826      3.677      5.333    14.5731   999.1995 0.0000e+00
      3.754      0.018     5.0680     71.130     41.598  32.923275     1.3238      6.912   204.4200 1.6703e-01     6.0164      3.681      5.339    14.5725   999.1996 0.0000e+00
      3.761      0.018     5.0675     71.126     41.616  32.937009     1.3196      6.912   204.2950 1.6753e-01     6.0588      3.689      5.350    14.5720   999.1997 0.0000e+00
      3.768      0.017     5.0676     71.109     41.601  32.924545     1.3082      6.912   204.2641 1.7991e-01     6.0708      3.697      5.361    14.5710   999.1999 0.0000e+00
      3.773      0.016     5.0660     71.086     41.569  32.899503     1.3071      6.912   204.3040 1.8353e-01     6.0305      3.701      5.367    14.5700   999.2001 0.0000e+00
      3.776      0.014     5.0648     71.065     41.554  32.888071     1.3148      6.912   204.4335 1.9110e-01     6.0314      3.702      5.370    14.5694   999.2002 0.0000e+00
      3.779      0.013     5.0662     71.031     41.586  32.913247     1.3158      6.913   204.5396 2.0155e-01     6.0487      3.706      5.375    14.5690   999.2003 0.0000e+00
      3.781      0.014     5.0641     71.000     41.632  32.950057     1.3104      6.914   204.5531 1.9468e-01     6.0098      3.708      5.377    14.5689   999.2003 0.0000e+00
      3.782      0.015     5.0617     70.986     41.635  32.952355     1.3015      6.913   204.5113 1.8203e-01     5.9873      3.709      5.379    14.5689   999.2003 0.0000e+00
      3.786      0.016     5.0618     70.975     41.620  32.941034     1.3030      6.911   204.5500 1.8716e-01     6.0057      3.712      5.384    14.5694   999.2002 0.0000e+00
      3.792      0.017     5.0584     70.950     41.619  32.940109     1.3207      6.911   204.5906 1.8581e-01     6.0354      3.718      5.392    14.5695   999.2002 0.0000e+00
      3.798      0.017     5.0552     70.916     41.621  32.941159     1.3335      6.911   204.5722 1.6775e-01     6.0515      3.725      5.403    14.5694   999.2003 0.0000e+00
      3.804      0.016     5.0554     70.883     41.637  32.953738     1.3280      6.911   204.8442 1.6206e-01     5.9708      3.730      5.411    14.5695   999.2003 0.0000e+00
      3.807      0.015     5.0549     70.851     41.652  32.965266     1.3139      6.910   205.2125 1.7105e-01     5.8471      3.733      5.415    14.5694   999.2003 0.0000e+00
      3.809      0.014     5.0529     70.808     41.637  32.953623     1.3105      6.910   205.2385 1.7772e-01     5.8011      3.735      5.418    14.5693   999.2004 0.0000e+00
