Data/DataNotYetUploadedToEDI/Raw_CTD/RawDownloads/102218_fcr10.cnv
* Sea-Bird SBE19plus  Data File:
* FileName = C:\DATA\101518_fcr_0008.hex
* Software version 2.6.3.104
* Temperature SN = 7809
* Conductivity SN = 7809
* System UpLoad Time = Oct 29 2018 16:38:59
* <ApplicationData>
* <Seaterm232>
# nquan = 17
# nvalues = 329                         
# units = specified
# name 0 = depFM: Depth [fresh water, m]
# name 1 = tv290C: Temperature [ITS-90, deg C]
# name 2 = sbeox0Mg/L: Oxygen, SBE 43 [mg/l]
# name 3 = sbeox0PS: Oxygen, SBE 43 [% saturation]
# name 4 = c0uS/cm: Conductivity [uS/cm]
# name 5 = specc: Specific Conductance [uS/cm]
# name 6 = ph: pH
# name 7 = orp: Oxidation Reduction Potential [mV]
# name 8 = flECO-AFL: Fluorescence, WET Labs ECO-AFL/FL [mg/m^3]
# name 9 = turbWETntu0: Turbidity, WET Labs ECO [NTU]
# name 10 = sal00: Salinity, Practical [PSU]
# name 11 = dz/dtM: Descent Rate [m/s]
# name 12 = prdM: Pressure, Strain Gauge [db]
# name 13 = prdE: Pressure, Strain Gauge [psi]
# name 14 = scan: Scan Count
# name 15 = par/sat/log: PAR/Logarithmic, Satlantic
# name 16 = flag:  0.000e+00
# span 0 =     -0.547,      2.641       
# span 1 =     8.5078,    13.6794       
# span 2 =     6.0760,    11.4652       
# span 3 =     57.249,    105.465       
# span 4 =   0.787978,  31.167832       
# span 5 =      1.545,     42.010       
# span 6 =     -3.051,      7.361       
# span 7 = -1240.7455,  1240.2295       
# span 8 =    -2.0582,     4.8928       
# span 9 =    -2.7622,     5.9123       
# span 10 =     0.0045,     0.0222      
# span 11 =     -0.158,      0.157      
# span 12 =     -0.536,      2.590      
# span 13 =     -0.778,      3.755      
# span 14 =          1,        329      
# span 15 = 1.4511e+01, 2.0031e+03      
# span 16 = 0.0000e+00, 0.0000e+00      
# interval = seconds: 0.25
# start_time = Oct 22 2018 14:24:17 [Instrument's time stamp, header]
# bad_flag = -9.990e-29
*END*
[from data line 256]
      1.134    13.5136     7.5486     72.404  28.834927     37.399      6.725   279.9803     4.3389     3.7369     0.0209      0.055      1.107      1.605        257 1.2537e+02 0.0000e+00
      1.138    13.5137     7.5463     72.375  28.922943     37.552      6.723   279.9424     4.3389     3.6564     0.0210      0.047      1.112      1.612        258 1.2012e+02 0.0000e+00
      1.126    13.5188     7.5454     72.357  28.937862     37.560      6.725   279.7153     4.3510     3.6698     0.0210      0.037      1.109      1.609        259 1.2353e+02 0.0000e+00
      1.128    13.5209     7.5452     72.344  28.875661     37.487      6.737   279.9803     4.3267     3.8175     0.0209      0.032      1.117      1.620        260 1.0381e+02 0.0000e+00
      1.163    13.5107     7.5423     72.302  28.881756     37.482      6.746   280.4724     4.4278     3.8981     0.0209      0.037      1.151      1.670        261 9.8139e+01 0.0000e+00
      1.233    13.4899     7.5371     72.243  28.870976     37.480      6.743   281.1539     4.4602     3.9249     0.0209      0.055      1.207      1.751        262 9.4015e+01 0.0000e+00
      1.297    13.4716     7.5417     72.278  28.829778     37.417      6.747   281.2296     4.3995     3.9518     0.0209      0.081      1.259      1.826        263 8.7037e+01 0.0000e+00
      1.320    13.4635     7.5527     72.365  28.814436     37.438      6.746   281.1539     4.4319     4.0995     0.0209      0.101      1.284      1.862        264 1.0211e+02 0.0000e+00
      1.311    13.4621     7.5608     72.425  28.830779     37.456      6.747   281.5324     4.5330     3.9518     0.0209      0.111      1.282      1.859        265 1.0804e+02 0.0000e+00
      1.291    13.4663     7.5688     72.486  28.868744     37.536      6.750   281.1539     4.5168     3.9249     0.0209      0.110      1.270      1.842        266 9.9358e+01 0.0000e+00
      1.284    13.4708     7.5761     72.538  28.885789     37.537      6.755   281.1160     4.5330     3.9115     0.0209      0.098      1.269      1.841        267 9.5226e+01 0.0000e+00
      1.309    13.4671     7.5794     72.564  28.868866     37.533      6.758   281.4946     4.5370     3.8444     0.0209      0.080      1.291      1.872        268 8.9403e+01 0.0000e+00
      1.355    13.4610     7.5824     72.591  28.830505     37.456      6.755   281.5703     4.4440     3.9921     0.0209      0.061      1.331      1.930        269 8.3943e+01 0.0000e+00
      1.408    13.4543     7.5911     72.673  28.814932     37.460      6.754   281.7974     4.4116     3.8309     0.0209      0.054      1.378      1.998        270 8.1154e+01 0.0000e+00
      1.451    13.4454     7.5990     72.748  28.828950     37.466      6.753   282.1003     4.4319     3.8041     0.0209      0.064      1.418      2.056        271 7.4491e+01 0.0000e+00
      1.479    13.4396     7.6091     72.840  28.872359     37.545      6.747   282.3274     4.4399     3.9249     0.0209      0.089      1.447      2.098        272 7.6389e+01 0.0000e+00
      1.497    13.4339     7.6234     72.975  28.820212     37.481      6.739   282.1760     4.5330     3.8981     0.0209      0.114      1.467      2.128        273 7.2443e+01 0.0000e+00
      1.514    13.4228     7.6464     73.195  28.775254     37.414      6.741   282.1003     4.5410     3.9786     0.0209      0.128      1.486      2.157        274 6.7703e+01 0.0000e+00
      1.538    13.4122     7.6550     73.277  28.809715     37.492      6.741   282.5924     4.5532     3.9249     0.0209      0.130      1.511      2.192        275 6.9081e+01 0.0000e+00
      1.571    13.4017     7.6595     73.321  28.777330     37.431      6.745   282.3274     4.5289     3.8981     0.0209      0.121      1.541      2.235        276 6.5854e+01 0.0000e+00
      1.605    13.3915     7.6590     73.308  28.756263     37.441      6.750   282.5924     4.5330     3.9249     0.0209      0.111      1.572      2.281        277 6.4550e+01 0.0000e+00
      1.635    13.3875     7.6603     73.305  28.717341     37.378      6.749   282.7439     4.6219     3.9921     0.0209      0.104      1.600      2.321        278 5.9336e+01 0.0000e+00
      1.656    13.3863     7.6601     73.295  28.766474     37.461      6.753   283.0089     4.6462     3.9518     0.0209      0.102      1.623      2.354        279 5.7475e+01 0.0000e+00
      1.675    13.3857     7.6586     73.275  28.813718     37.537      6.749   282.4410     4.6098     3.9249     0.0209      0.103      1.642      2.382        280 5.5997e+01 0.0000e+00
      1.693    13.3850     7.6509     73.199  28.777145     37.466      6.747   283.1603     4.6098     3.9115     0.0209      0.103      1.659      2.407        281 5.2136e+01 0.0000e+00
      1.709    13.3824     7.6484     73.172  28.811989     37.539      6.745   282.7060     4.8524     3.8712     0.0209      0.098      1.677      2.432        282 5.1576e+01 0.0000e+00
      1.729    13.3809     7.6519     73.202  28.711059     37.394      6.749   283.0089     4.8403     3.9652     0.0209      0.091      1.697      2.462        283 4.8981e+01 0.0000e+00
      1.755    13.3807     7.6552     73.229  28.665562     37.324      6.751   283.1603     4.8928     4.0055     0.0208      0.085      1.720      2.495        284 4.6995e+01 0.0000e+00
      1.777    13.3806     7.6540     73.214  28.720366     37.435      6.749   283.0089     4.8362     3.9384     0.0209      0.080      1.742      2.528        285 4.5546e+01 0.0000e+00
      1.799    13.3807     7.6594     73.264  28.731803     37.399      6.753   282.4410     4.6502     3.9652     0.0209      0.080      1.765      2.560        286 4.4672e+01 0.0000e+00
      1.823    13.3760     7.6610     73.276  28.740275     37.472      6.755   283.0846     4.6987     4.0055     0.0209      0.082      1.787      2.592        287 4.4104e+01 0.0000e+00
      1.844    13.3672     7.6674     73.333  28.680175     37.326      6.756   282.8574     4.7149     3.9518     0.0208      0.085      1.810      2.626        288 4.1789e+01 0.0000e+00
      1.872    13.3615     7.6781     73.428  28.747300     37.476      6.758   283.0467     4.6987     4.0055     0.0209      0.088      1.837      2.665        289 3.9997e+01 0.0000e+00
      1.906    13.3587     7.6785     73.395  28.775335     37.485      6.755   283.5767     4.5613     3.8981     0.0209      0.094      1.871      2.713        290 3.7820e+01 0.0000e+00
      1.946    13.3565     7.6868     73.384  28.704586     37.417      6.752   283.2360     4.5693     3.9384     0.0209      0.101      1.906      2.765        291 3.5602e+01 0.0000e+00
      1.980    13.3547     7.6897     73.330  28.746402     37.457      6.746   283.5767     4.5491     3.9384     0.0209      0.109      1.939      2.813        292 3.4475e+01 0.0000e+00
      2.007    13.3524     7.6917     73.291  28.752946     37.495      6.742   283.9932     4.5330     3.9652     0.0209      0.116      1.965      2.851        293 3.3816e+01 0.0000e+00
      2.026    13.3499     7.6815     73.153  28.666797     37.351      6.739   283.8796     4.7877     3.9518     0.0208      0.118      1.984      2.879        294 3.2960e+01 0.0000e+00
      2.039    13.3477     7.6743     73.060  28.705371     37.426      6.736   284.1824     4.7756     3.9249     0.0209      0.115      1.997      2.897        295 3.2713e+01 0.0000e+00
      2.045    13.3464     7.6624     72.936  28.704940     37.429      6.736   283.6903     4.7998     3.9249     0.0209      0.105      2.007      2.911        296 3.2156e+01 0.0000e+00
      2.057    13.3453     7.6619     72.927  28.667334     37.358      6.735   283.8417     4.7837     3.9518     0.0208      0.091      2.020      2.928        297 3.0815e+01 0.0000e+00
      2.075    13.3423     7.6601     72.904  28.722524     37.469      6.736   284.1446     4.7594     3.8846     0.0209      0.076      2.036      2.952        298 3.0287e+01 0.0000e+00
      2.094    13.3377     7.6495     72.787  28.725204     37.433      6.740   283.9174     4.7756     3.9249     0.0209      0.065      2.056      2.982        299 2.9810e+01 0.0000e+00
      2.120    13.3140     7.6453     72.716  28.693647     37.436      6.744   283.9553     4.7837     3.9518     0.0209      0.061      2.081      3.018        300 2.8872e+01 0.0000e+00
      2.152    13.2608     7.6376     72.589  28.613553     37.295      6.747   284.2582     4.7917     3.9518     0.0208      0.065      2.110      3.060        301 2.7675e+01 0.0000e+00
      2.183    13.2095     7.6361     72.463  28.646992     37.390      6.746   284.0689     4.8120     3.9786     0.0208      0.075      2.140      3.103        302 2.6760e+01 0.0000e+00
      2.211    13.1746     7.6251     72.273  28.652045     37.443      6.748   284.5610     4.7513     3.8981     0.0208      0.087      2.166      3.142        303 2.5672e+01 0.0000e+00
      2.233    13.1491     7.6093     72.047  28.607284     37.420      6.742   284.8639     4.7311     3.9518     0.0208      0.097      2.188      3.174        304 2.4902e+01 0.0000e+00
      2.251    13.1342     7.6017     71.901  28.673067     37.564      6.740   284.7503     4.7230     3.8981     0.0208      0.101      2.206      3.200        305 2.4431e+01 0.0000e+00
      2.265    13.1281     7.5792     71.676  28.659139     37.553      6.743   285.1289     4.7351     3.9249     0.0208      0.099      2.221      3.222        306 2.3564e+01 0.0000e+00
      2.279    13.1247     7.5744     71.634  28.654276     37.567      6.740   285.2424     4.6947     3.9249     0.0208      0.093      2.236      3.243        307 2.2995e+01 0.0000e+00
      2.296    13.1216     7.5703     71.571  28.708774     37.647      6.738   285.1667     4.6462     3.9518     0.0209      0.084      2.253      3.267        308 2.2270e+01 0.0000e+00
      2.316    13.1106     7.5792     71.622  28.650618     37.576      6.740   285.0532     4.6907     3.9518     0.0208      0.076      2.274      3.297        309 2.1622e+01 0.0000e+00
      2.342    13.0934     7.5893     71.695  28.608057     37.507      6.745   284.9396     4.6826     3.9786     0.0208      0.072      2.300      3.335        310 2.0843e+01 0.0000e+00
      2.375    13.0576     7.6034     71.814  28.672796     37.626      6.743   284.8639     4.6300     4.0055     0.0208      0.075      2.332      3.382        311 1.9516e+01 0.0000e+00
      2.417    12.9918     7.6112     71.875  28.659001     37.608      6.744   285.2803     4.5977     3.9652     0.0208      0.085      2.369      3.436        312 1.8517e+01 0.0000e+00
      2.454    12.9369     7.6174     71.911  28.654879     37.641      6.742   285.6210     4.5855     3.9384     0.0208      0.098      2.404      3.486        313 1.7748e+01 0.0000e+00
      2.482    12.8894     7.6263     71.979  28.707591     37.783      6.736   285.8103     4.6098     3.9518     0.0209      0.111      2.434      3.529        314 1.7124e+01 0.0000e+00
      2.510    12.8451     7.6272     71.970  28.712022     37.836      6.732   285.5453     3.8496     3.9384     0.0209      0.120      2.460      3.568        315 1.6501e+01 0.0000e+00
      2.533    12.8362     7.6388     72.032  28.708684     37.884      6.728   284.9774     3.8374     3.9786     0.0209      0.123      2.483      3.601        316 1.5991e+01 0.0000e+00
      2.552    12.8385     7.6419     72.017  28.711764     37.929      6.732   284.5610     3.8496     3.8981     0.0209      0.121      2.503      3.630        317 1.5488e+01 0.0000e+00
      2.572    12.8233 -9.990e-29 -9.990e-29  28.737854     37.974      6.733   284.8639     3.8415     3.9249     0.0209      0.114      2.520      3.656        318 1.4957e+01 0.0000e+00
      2.586    12.8032 -9.990e-29 -9.990e-29  28.765168     38.008      6.734   284.7882     3.8253     3.8981     0.0209      0.102      2.533      3.675        319 1.4853e+01 0.0000e+00
      2.592    12.7889 -9.990e-29 -9.990e-29  28.707421     37.950      6.733   285.1289     3.7606     3.7369     0.0209      0.086      2.541      3.686        320 1.4749e+01 0.0000e+00
      2.596    12.7798 -9.990e-29 -9.990e-29  28.780076     38.044      6.735   285.1289     3.7889     3.6832     0.0209      0.071      2.545      3.692        321 1.4754e+01 0.0000e+00
      2.599    12.7715 -9.990e-29 -9.990e-29  28.674759     37.984      6.734   285.1289     3.7687     3.7369     0.0209      0.057      2.549      3.697        322 1.4802e+01 0.0000e+00
      2.603    12.7587 -9.990e-29 -9.990e-29  28.779194     37.994      6.738   285.1289     3.7849     3.8041     0.0209      0.044      2.553      3.703        323 1.4803e+01 0.0000e+00
      2.608    12.7480 -9.990e-29 -9.990e-29  28.650112     38.075      6.738   285.5074     4.3025     3.7369     0.0209      0.034      2.558      3.710        324 1.5018e+01 0.0000e+00
      2.614    12.7378 -9.990e-29 -9.990e-29  28.953999     38.089      6.744   285.3182     4.2944     3.8578     0.0209      0.026      2.565      3.720        325 1.4998e+01 0.0000e+00
      2.624    12.7071 -9.990e-29 -9.990e-29  28.460315     38.100      6.743   285.2803     4.3025     3.7235     0.0209      0.022      2.573      3.732        326 1.4658e+01 0.0000e+00
      2.634    12.6831 -9.990e-29 -9.990e-29  27.426345     35.815      6.743   285.4696     4.2863     3.7235     0.0199      0.022      2.582      3.745        327 1.4521e+01 0.0000e+00
      2.641 -9.990e-29 -9.990e-29 -9.990e-29  28.402611     38.140      6.745   285.3182     4.1003     3.8175     0.0209      0.024      2.588      3.753        328 1.4542e+01 0.0000e+00
      2.641 -9.990e-29 -9.990e-29 -9.990e-29  29.142830     38.242      6.745   285.1289     4.1084     3.7101     0.0209      0.025      2.590      3.755        329 1.4511e+01 0.0000e+00
