Data/DataNotYetUploadedToEDI/Raw_CTD/RawDownloads/102218_fcr20.cnv
* Sea-Bird SBE19plus  Data File:
* FileName = C:\DATA\101518_fcr_0009.hex
* Software version 2.6.3.104
* Temperature SN = 7809
* Conductivity SN = 7809
* System UpLoad Time = Oct 29 2018 16:39:16
* <ApplicationData>
* <Seaterm232>
# nquan = 17
# nvalues = 444                         
# units = specified
# name 0 = depFM: Depth [fresh water, m]
# name 1 = tv290C: Temperature [ITS-90, deg C]
# name 2 = sbeox0Mg/L: Oxygen, SBE 43 [mg/l]
# name 3 = sbeox0PS: Oxygen, SBE 43 [% saturation]
# name 4 = c0uS/cm: Conductivity [uS/cm]
# name 5 = specc: Specific Conductance [uS/cm]
# name 6 = ph: pH
# name 7 = orp: Oxidation Reduction Potential [mV]
# name 8 = flECO-AFL: Fluorescence, WET Labs ECO-AFL/FL [mg/m^3]
# name 9 = turbWETntu0: Turbidity, WET Labs ECO [NTU]
# name 10 = sal00: Salinity, Practical [PSU]
# name 11 = dz/dtM: Descent Rate [m/s]
# name 12 = prdM: Pressure, Strain Gauge [db]
# name 13 = prdE: Pressure, Strain Gauge [psi]
# name 14 = scan: Scan Count
# name 15 = par/sat/log: PAR/Logarithmic, Satlantic
# name 16 = flag:  0.000e+00
# span 0 =     -0.529,      3.714       
# span 1 =     9.8234,    14.0359       
# span 2 =     5.7141,    11.1471       
# span 3 =     54.900,     99.523       
# span 4 =   0.424296,  29.786717       
# span 5 =      0.647,     39.678       
# span 6 =     -3.004,     10.058       
# span 7 =  -975.1769,  1240.2295       
# span 8 =    -1.0675,     4.8767       
# span 9 =    -0.7480,     7.5639       
# span 10 =     0.0051,     0.0215      
# span 11 =     -0.156,      0.171      
# span 12 =     -0.518,      3.642      
# span 13 =     -0.752,      5.282      
# span 14 =          1,        444      
# span 15 = 3.6272e+00, 1.5942e+03      
# span 16 = 0.0000e+00, 0.0000e+00      
# interval = seconds: 0.25
# start_time = Oct 22 2018 14:45:07 [Instrument's time stamp, header]
# bad_flag = -9.990e-29
*END*
[from data line 86]
      0.246    13.8695     6.9028     66.763  28.997523     37.281      7.261   245.1138     3.0085     3.8981     0.0210      0.009      0.242      0.351         87 2.0248e+02 0.0000e+00
      0.250    13.8668     6.8821     66.545  28.984562     37.284      7.257   245.7195     3.0247     3.8444     0.0210      0.011      0.245      0.355         88 3.8302e+02 0.0000e+00
      0.253    13.8652     6.8686     66.400  28.992600     37.288      7.254   246.0602     3.0570     3.8981     0.0210      0.012      0.248      0.359         89 2.0947e+02 0.0000e+00
      0.255    13.8637     6.8446     66.153  28.987522     37.290      7.249   246.6280     3.0772     4.0726     0.0210      0.012      0.250      0.362         90 2.1794e+02 0.0000e+00
      0.255    13.8658     6.8264     65.981  28.990882     37.292      7.247   247.3852     3.0772     3.8981     0.0210      0.010      0.251      0.365         91 2.4626e+02 0.0000e+00
      0.258    13.8679     6.8048     65.787  29.047718     37.365      7.238   247.4988     3.0772     3.9384     0.0210      0.010      0.254      0.370         92 3.2279e+02 0.0000e+00
      0.267    13.8619     6.7881     65.641  29.065038     37.399      7.238   248.1423     3.1986     3.6564     0.0210      0.011      0.259      0.377         93 2.8768e+02 0.0000e+00
      0.271    13.8560     6.7908     65.676  28.998976     37.289      7.230   248.5966     3.2147     3.6429     0.0210      0.013      0.262      0.381         94 1.7788e+02 0.0000e+00
      0.265    13.8580     6.7882     65.661  28.981685     37.295      7.226   248.8238     3.2147     3.7772     0.0210      0.011      0.261      0.379         95 2.6048e+02 0.0000e+00
      0.264    13.8576     6.7940     65.716  28.997611     37.301      7.226   248.7481     3.1824     3.7369     0.0210      0.009      0.261      0.379         96 1.7415e+02 0.0000e+00
      0.271    13.8479     6.7995     65.738  28.979158     37.298      7.221   249.5809     3.0934     3.9786     0.0210      0.009      0.265      0.385         97 5.5984e+02 0.0000e+00
      0.276    13.8361     6.8048     65.754  29.004649     37.299      7.214   249.8081     3.1217     4.0055     0.0210      0.009      0.270      0.391         98 7.0121e+02 0.0000e+00
      0.279    13.8257     6.7672     65.364  29.025187     37.380      7.210   250.1488     3.1258     3.9786     0.0210      0.010      0.272      0.395         99 2.4919e+02 0.0000e+00
      0.278    13.8168     6.7606     65.292  28.953603     37.248      7.206   250.6409     3.1500     3.8309     0.0210      0.009      0.270      0.392        100 1.7307e+02 0.0000e+00
      0.271    13.8184     6.7301     64.999  28.915845     37.257      7.204   250.6409     3.2188     3.9249     0.0210      0.005      0.263      0.382        101 1.4503e+02 0.0000e+00
      0.258    13.8288     6.7043     64.755  28.894286     37.195      7.198   250.6409     3.2228     4.0324     0.0209      0.000      0.253      0.366        102 1.0521e+02 0.0000e+00
      0.244    13.8388     6.6758     64.497  28.921136     37.265      7.196   250.0352     3.1783     3.9786     0.0210     -0.006      0.242      0.350        103 1.5262e+02 0.0000e+00
      0.236    13.8456     6.6547     64.316  29.001026     37.327      7.194   250.6031     3.2147     3.9384     0.0210     -0.015      0.234      0.339        104 1.4058e+02 0.0000e+00
      0.234    13.8528     6.6404     64.175  29.032053     37.389      7.188   250.4895     3.1298     3.9115     0.0210     -0.023      0.231      0.336        105 3.0157e+02 0.0000e+00
      0.239    13.8512     6.6259     63.982  29.001116     37.311      7.184   251.2088     3.1702     3.9384     0.0210     -0.026      0.236      0.342        106 3.2283e+02 0.0000e+00
      0.250    13.8307     6.6175     63.864  28.980226     37.304      7.181   251.5873     3.1177     3.8846     0.0210     -0.022      0.243      0.352        107 1.5036e+02 0.0000e+00
      0.253    13.8059     6.5815     63.509  28.998750     37.304      7.177   251.7766     3.1379     3.9518     0.0210     -0.014      0.246      0.357        108 2.2629e+02 0.0000e+00
      0.252    13.7881     6.5610     63.291  28.978064     37.325      7.171   252.0416     3.1419     3.8309     0.0210     -0.005      0.246      0.357        109 2.5592e+02 0.0000e+00
      0.248    13.7819     6.5461     63.113  28.887379     37.205      7.168   252.4202     3.3320     3.8578     0.0209      0.002      0.244      0.354        110 1.2694e+02 0.0000e+00
      0.248    13.7828     6.5230     62.879  28.874422     37.222      7.165   252.6852     3.3279     3.9786     0.0209      0.007      0.244      0.354        111 1.4088e+02 0.0000e+00
      0.251    13.7870     6.5002     62.653  28.875600     37.228      7.163   253.0638     3.3279     3.9115     0.0209      0.008      0.245      0.356        112 1.2548e+02 0.0000e+00
      0.252    13.7988     6.4755     62.411  28.767322     37.083      7.157   253.0638     3.3360     4.0055     0.0209      0.007      0.245      0.356        113 1.2078e+02 0.0000e+00
      0.247    13.8148     6.4473     62.132  28.712684     37.007      7.155   253.2909     3.2673     3.9786     0.0208      0.002      0.241      0.350        114 2.1202e+02 0.0000e+00
      0.239    13.8108     6.4227     61.888  28.706402     36.995      7.151   253.0259     3.2996     3.9518     0.0208     -0.004      0.234      0.340        115 2.8677e+02 0.0000e+00
      0.232    13.7760     6.3925     61.593  28.656540     36.909      7.150   253.8588     3.2713     3.8175     0.0208     -0.008      0.229      0.332        116 2.8099e+02 0.0000e+00
      0.230    13.7497     6.3576     61.248  28.656139     36.911      7.145   253.8588     3.2713     4.0458     0.0208     -0.010      0.229      0.331        117 1.6469e+02 0.0000e+00
      0.238    13.7439     6.3153     60.832  28.736553     37.054      7.143   254.1995     3.2349     4.0189     0.0209     -0.010      0.234      0.340        118 1.1113e+02 0.0000e+00
      0.249    13.7286     6.2778     60.460  28.764017     37.115      7.142   254.8809     3.2713     4.0055     0.0209     -0.006      0.242      0.350        119 1.3073e+02 0.0000e+00
      0.252    13.7059     6.2365     60.064  28.770213     37.120      7.138   255.0324     3.2592     3.8846     0.0209     -0.002      0.245      0.355        120 1.1709e+02 0.0000e+00
      0.247    13.6956     6.2095     59.814  28.699199     37.062      7.134   254.9566     3.2713     3.9249     0.0208      0.001      0.242      0.351        121 1.1823e+02 0.0000e+00
      0.241    13.6925     6.1682     59.410  28.615210     36.941      7.131   254.9188     3.3441     3.8041     0.0208      0.004      0.239      0.346        122 2.2025e+02 0.0000e+00
      0.243    13.6891     6.1364     59.083  28.637553     37.022      7.130   255.1838     3.3360     3.7504     0.0208      0.006      0.240      0.348        123 1.6958e+02 0.0000e+00
      0.251    13.6839     6.1027     58.740  28.671398     37.025      7.127   256.0924     3.3401     3.6967     0.0208      0.008      0.245      0.355        124 1.7137e+02 0.0000e+00
      0.254    13.6790     6.0731     58.444  28.662039     37.064      7.123   256.2438     3.3360     3.7101     0.0208      0.007      0.247      0.359        125 3.2239e+02 0.0000e+00
      0.253    13.6757     6.0384     58.102  28.530607     36.853      7.118   256.5845     3.3805     3.9518     0.0207      0.004      0.247      0.358        126 2.4384e+02 0.0000e+00
      0.248    13.6699     6.0097     57.813  28.508831     36.857      7.114   256.7359     3.4088     3.9786     0.0207      0.001      0.244      0.354        127 1.1462e+02 0.0000e+00
      0.248    13.6626     5.9885     57.593  28.600195     36.969      7.114   256.8874     3.4129     3.9518     0.0208      0.001      0.243      0.353        128 1.9204e+02 0.0000e+00
      0.248    13.6556     5.9647     57.352  28.594799     36.974      7.109   257.2659     3.4210     3.7907     0.0208      0.002      0.243      0.353        129 6.0433e+02 0.0000e+00
      0.247    13.6568     5.9528     57.237  28.604494     36.981      7.109   257.5309     3.3886     3.9249     0.0208      0.002      0.241      0.350        130 4.2968e+02 0.0000e+00
      0.242    13.6637     5.9345     57.068  28.558483     36.952      7.107   257.6824     3.4371     3.7369     0.0208     -0.002      0.236      0.342        131 4.0435e+02 0.0000e+00
      0.231    13.6591     5.9205     56.940  28.474169     36.807      7.106   263.0960     3.5018     3.6564     0.0207     -0.008      0.229      0.332        132 6.5444e+02 0.0000e+00
      0.227    13.6436     5.9072     56.814  28.501882     36.871      7.106   262.6795     3.4897     3.6967     0.0207     -0.012      0.226      0.327        133 2.7082e+02 0.0000e+00
      0.231    13.6292     5.8993     56.732  28.523995     36.876      7.102   263.5502     3.4695     3.7504     0.0207     -0.012      0.226      0.328        134 7.4761e+01 0.0000e+00
      0.232    13.6205     5.9015     56.739  28.505948     36.891      7.098   263.2852     3.4250     3.7504     0.0207     -0.011      0.228      0.331        135 4.7083e+02 0.0000e+00
      0.236    13.6143     5.8931     56.644  28.524345     36.905      7.094   263.4367     3.4129     3.6564     0.0207     -0.009      0.231      0.336        136 8.4121e+02 0.0000e+00
      0.240    13.6039     5.8842     56.550  28.590052     37.022      7.093   263.0202     3.3967     3.7772     0.0208     -0.006      0.233      0.339        137 4.6888e+02 0.0000e+00
      0.239    13.5914     5.8762     56.490  28.572423     36.991      7.084   263.0960     3.3967     3.6967     0.0208     -0.002      0.233      0.338        138 1.6946e+02 0.0000e+00
      0.235    13.5825     5.8685     56.434  28.516638     36.929      7.075   263.7017     3.5180     3.9786     0.0207      0.002      0.231      0.336        139 2.1329e+02 0.0000e+00
      0.235    13.5811     5.8534     56.298  28.511237     36.941      7.069   263.4745     3.5220     3.9786     0.0207      0.004      0.231      0.336        140 4.1330e+02 0.0000e+00
      0.239    13.5870     5.8438     56.195  28.519851     36.950      7.064   264.7995     3.5544     4.0055     0.0207      0.004      0.236      0.342        141 2.9996e+02 0.0000e+00
      0.246    13.5927     5.8466     56.086  28.594865     37.060      7.063   264.8374     3.5180     3.8712     0.0208      0.005      0.241      0.350        142 1.1179e+02 0.0000e+00
      0.251    13.5937     5.8518     56.018  28.595775     37.054      7.062   263.4367     3.4735     3.8981     0.0208      0.007      0.246      0.356        143 1.6845e+02 0.0000e+00
      0.255    13.5890     5.8481     55.950  28.578015     37.012      7.061   264.4967     3.4493     3.8444     0.0208      0.008      0.249      0.361        144 1.5413e+02 0.0000e+00
      0.256    13.5783     5.8364     55.860  28.587317     37.047      7.059   264.4967     3.4493     3.9115     0.0208      0.010      0.250      0.362        145 2.2289e+02 0.0000e+00
      0.253    13.5664     5.8317     55.820  28.524901     36.943      7.062   265.2917     3.4735     3.9384     0.0207      0.011      0.250      0.362        146 3.5387e+02 0.0000e+00
      0.254    13.5603     5.8327     55.834  28.448152     36.881      7.056   264.6481     3.3886     3.8712     0.0207      0.011      0.253      0.366        147 3.5332e+02 0.0000e+00
      0.265    13.5739     5.8430     55.948  28.475296     36.893      7.056   262.3767     3.3805     3.8846     0.0207      0.012      0.263      0.381        148 1.7752e+02 0.0000e+00
      0.286    13.5859     5.8582     56.096  28.639368     37.152      7.053   262.8688     3.4129     3.8981     0.0208      0.016      0.279      0.406        149 2.2747e+02 0.0000e+00
      0.306    13.5977     5.8772     56.264  28.659046     37.140      7.049   263.5502     3.3967     3.9249     0.0208      0.024      0.293      0.426        150 2.9671e+02 0.0000e+00
      0.306    13.5811     5.8827     56.304  28.569398     37.017      7.041   262.7931     3.4048     3.8981     0.0208      0.029      0.293      0.425        151 1.8380e+02 0.0000e+00
      0.285    13.4801     5.8884     56.349  28.454445     36.865      7.039   262.4524     3.5382     3.9786     0.0207      0.027      0.278      0.403        152 6.1060e+02 0.0000e+00
      0.260    13.3821     5.8988     56.438  28.416671     36.801      7.038   261.9224     3.5140     3.8578     0.0207      0.017      0.260      0.377        153 9.1123e+02 0.0000e+00
      0.251    13.3581     5.9031     56.462  28.497824     37.051      7.038   261.8845     3.5261     3.9921     0.0207      0.005      0.253      0.366        154 6.4928e+02 0.0000e+00
      0.262    13.3724     5.9001     56.418  28.531375     37.142      7.040   262.4524     3.5140     3.9786     0.0207     -0.005      0.259      0.376        155 6.7956e+02 0.0000e+00
      0.279    13.3784     5.8966     56.382  28.641787     37.350      7.035   263.2095     3.5140     3.9786     0.0208     -0.011      0.269      0.392        156 5.8530e+02 0.0000e+00
      0.284    13.3815     5.8964     56.398  28.627265     37.296      7.031   263.2474     3.5342     3.9249     0.0208     -0.014      0.274      0.398        157 5.3124e+02 0.0000e+00
      0.276    13.3943     5.8875     56.342  28.519796     37.147      7.030   263.6260     3.4857     3.8846     0.0207     -0.013      0.269      0.391        158 2.9933e+02 0.0000e+00
      0.265    13.3953     5.8941     56.414  28.508693     37.143      7.031   265.8217     3.5220     4.0324     0.0207     -0.008      0.262      0.380        159 3.7724e+02 0.0000e+00
      0.260    13.3849     5.8929     56.407  28.463191     37.058      7.030   266.3138     3.7202     3.7638     0.0207     -0.001      0.258      0.374        160 6.3807e+02 0.0000e+00
      0.265    13.3744     5.8941     56.438  28.457824     37.056      7.031   265.9731     3.7161     3.6967     0.0207      0.003      0.259      0.377        161 3.3244e+02 0.0000e+00
      0.269    13.3669     5.8910     56.426  28.456073     37.067      7.027   265.7081     3.7242     3.6698     0.0207      0.002      0.263      0.382        162 3.2471e+02 0.0000e+00
      0.272    13.3584     5.8835     56.368  28.465374     37.077      7.027   263.7017     3.7202     3.7235     0.0207     -0.003      0.266      0.385        163 3.8272e+02 0.0000e+00
      0.272    13.3452     5.8702     56.246  28.505551     37.158      7.024   266.2760     3.7323     4.0055     0.0207     -0.005      0.265      0.383        164 3.6839e+02 0.0000e+00
      0.263    13.3330     5.8565     56.112  28.465372     37.092      7.021   264.3831     3.7444     3.8981     0.0207     -0.005      0.260      0.376        165 4.4203e+02 0.0000e+00
      0.259    13.3309     5.8413     55.959  28.456082     37.106      7.017   264.3831     3.7040     3.9518     0.0207     -0.003      0.258      0.374        166 7.8956e+02 0.0000e+00
      0.267    13.3456     5.8161     55.718  28.517119     37.190      7.014   264.6481     3.7161     3.9384     0.0207      0.000      0.265      0.385        167 6.8337e+02 0.0000e+00
      0.285    13.3678     5.7978     55.550  28.596956     37.302      7.011   264.8752     3.6474     3.9115     0.0208      0.005      0.279      0.405        168 2.9235e+02 0.0000e+00
      0.302    13.3751     5.7811     55.393  28.653212     37.361      7.008   265.0645     3.6434     3.9786     0.0208      0.011      0.293      0.426        169 2.4915e+02 0.0000e+00
      0.311    13.3792     5.7496     55.088  28.565700     37.229      7.000   264.8374     3.6312     3.9115     0.0208      0.019      0.300      0.436        170 3.7393e+02 0.0000e+00
