Data/DataNotYetUploadedToEDI/Raw_CTD/RawDownloads/102218_fcr10.cnv
* Sea-Bird SBE19plus  Data File:
* FileName = C:\DATA\101518_fcr_0008.hex
* Software version 2.6.3.104
* Temperature SN = 7809
* Conductivity SN = 7809
* System UpLoad Time = Oct 29 2018 16:38:59
* <ApplicationData>
* <Seaterm232>
# nquan = 17
# nvalues = 329                         
# units = specified
# name 0 = depFM: Depth [fresh water, m]
# name 1 = tv290C: Temperature [ITS-90, deg C]
# name 2 = sbeox0Mg/L: Oxygen, SBE 43 [mg/l]
# name 3 = sbeox0PS: Oxygen, SBE 43 [% saturation]
# name 4 = c0uS/cm: Conductivity [uS/cm]
# name 5 = specc: Specific Conductance [uS/cm]
# name 6 = ph: pH
# name 7 = orp: Oxidation Reduction Potential [mV]
# name 8 = flECO-AFL: Fluorescence, WET Labs ECO-AFL/FL [mg/m^3]
# name 9 = turbWETntu0: Turbidity, WET Labs ECO [NTU]
# name 10 = sal00: Salinity, Practical [PSU]
# name 11 = dz/dtM: Descent Rate [m/s]
# name 12 = prdM: Pressure, Strain Gauge [db]
# name 13 = prdE: Pressure, Strain Gauge [psi]
# name 14 = scan: Scan Count
# name 15 = par/sat/log: PAR/Logarithmic, Satlantic
# name 16 = flag:  0.000e+00
# span 0 =     -0.547,      2.641       
# span 1 =     8.5078,    13.6794       
# span 2 =     6.0760,    11.4652       
# span 3 =     57.249,    105.465       
# span 4 =   0.787978,  31.167832       
# span 5 =      1.545,     42.010       
# span 6 =     -3.051,      7.361       
# span 7 = -1240.7455,  1240.2295       
# span 8 =    -2.0582,     4.8928       
# span 9 =    -2.7622,     5.9123       
# span 10 =     0.0045,     0.0222      
# span 11 =     -0.158,      0.157      
# span 12 =     -0.536,      2.590      
# span 13 =     -0.778,      3.755      
# span 14 =          1,        329      
# span 15 = 1.4511e+01, 2.0031e+03      
# span 16 = 0.0000e+00, 0.0000e+00      
# interval = seconds: 0.25
# start_time = Oct 22 2018 14:24:17 [Instrument's time stamp, header]
# bad_flag = -9.990e-29
*END*
     -0.547     8.6342    11.4456     97.976   1.040524      1.545     -3.046 -1240.7455    -0.2385    -0.0363     0.0045 -2.105e-16     -0.536     -0.778          1 2.0031e+03 0.0000e+00
     -0.546     8.6317    11.4537     98.011   1.038303      1.545     -3.046 -1240.7455    -0.2102     0.0040     0.0045      0.000     -0.536     -0.778          2 1.7938e+03 0.0000e+00
     -0.547     8.6293    11.4632     98.063   1.041927      1.545     -3.046 -1240.7455    -0.1941    -0.0229     0.0045      0.000     -0.536     -0.778          3 1.4758e+03 0.0000e+00
     -0.547     8.6256    11.4645     98.056   1.095233      1.629     -3.046 -1240.7455    -0.2305     0.1517     0.0045      0.000     -0.536     -0.778          4 1.3684e+03 0.0000e+00
     -0.547     8.6192    11.4652     98.046   1.149618      1.712     -3.046 -1240.7455    -0.2102     0.1785     0.0045      0.000     -0.536     -0.778          5 1.2748e+03 0.0000e+00
     -0.547     8.6110    11.4623     98.010   1.151897      1.712     -3.047 -1240.7455    -0.2183     0.1248     0.0045     -0.000     -0.536     -0.778          6 1.1042e+03 0.0000e+00
     -0.547     8.6030    11.4564     97.956   1.151612      1.712     -3.047 -1240.7455    -0.2385     0.1651     0.0045     -0.000     -0.536     -0.778          7 8.5038e+02 0.0000e+00
     -0.547     8.5957    11.4650     98.065   1.209188      1.796     -3.047 -1240.7455    -0.2385     0.1517     0.0045     -0.000     -0.536     -0.778          8 5.7981e+02 0.0000e+00
     -0.546     8.5876    11.2629     97.919   1.257897      1.879     -3.047 -1240.7455    -0.5863    -0.2914     0.0046      0.000     -0.535     -0.777          9 4.1347e+02 0.0000e+00
     -0.546     8.5772    10.9276     97.841   1.268648      1.879     -3.048 -1240.7455    -0.6348    -0.3049     0.0045      0.000     -0.535     -0.777         10 2.8150e+02 0.0000e+00
     -0.546     8.5619    10.7088     97.862   1.314244      1.963     -3.048 -1240.7455    -0.5984    -0.2780     0.0046      0.001     -0.535     -0.776         11 2.1226e+02 0.0000e+00
     -0.546     8.5482    10.5515     97.758   1.260371      1.880     -3.048 -1240.7455    -0.5944    -0.3720     0.0045      0.001     -0.535     -0.776         12 2.4498e+02 0.0000e+00
     -0.545     8.5347    10.4551     97.759   1.335693      1.964     -3.049 -1240.7455    -0.7885    -2.7219     0.0046      0.001     -0.535     -0.776         13 3.0436e+02 0.0000e+00
     -0.546     8.5295    10.3889     97.785   1.368553      2.090     -3.049 -1240.7455    -0.8289    -2.5876     0.0046      0.001     -0.535     -0.777         14 3.6000e+02 0.0000e+00
     -0.546     8.5185    10.3379     97.768   1.456348      2.091     -3.050 -1240.7455    -0.8208    -2.6548     0.0046      0.000     -0.535     -0.777         15 5.5194e+02 0.0000e+00
     -0.547     8.5210    10.3020     97.712   1.374478      2.175     -3.050 -1240.7455    -0.8047    -2.7622     0.0046      0.000     -0.535     -0.777         16 7.6812e+02 0.0000e+00
     -0.546     8.5078    10.2879     97.760   1.648094      2.258     -3.050 -1240.7455    -1.5042     4.0995     0.0046     -0.000     -0.535     -0.777         17 8.3882e+02 0.0000e+00
     -0.546     8.5426    10.2632     97.747   1.234276      2.175     -3.050 -1240.7455    -1.5204     4.1532     0.0046     -0.000     -0.535     -0.776         18 8.1808e+02 0.0000e+00
     -0.546     9.2258    10.2397     97.721   1.830250      2.175     -3.051 -1240.7455    -1.5002     4.1129     0.0046     -0.000     -0.530     -0.770         19 7.7464e+02 0.0000e+00
     -0.531    10.4284    10.2452     97.926   0.787978      2.091     -3.050 -1240.7455    -1.5123     4.1264     0.0046      0.004     -0.515     -0.748         20 8.4096e+02 0.0000e+00
     -0.499    11.3344    10.2315     97.899   2.709016      2.458     -3.026 -1240.7455    -2.0541    -1.9028     0.0051      0.015     -0.489     -0.710         21 7.7320e+02 0.0000e+00
     -0.468    11.9191    10.2302     97.974  15.374860     22.843     -2.982   824.4054    -2.0541    -2.0774     0.0134      0.032     -0.459     -0.666         22 8.2306e+02 0.0000e+00
     -0.437    12.3354    10.2404     98.145  25.995541     35.090      0.131  1240.2295    -1.9935    -1.9699     0.0190      0.051     -0.429     -0.622         23 8.0011e+02 0.0000e+00
     -0.405    12.6228    10.2524     98.291  30.502797     42.010      2.757  1240.2295    -2.0218    -1.9028     0.0222      0.072     -0.401     -0.582         24 2.1902e+02 0.0000e+00
     -0.385    12.8383    10.2728     98.500  31.167832     41.293      4.429  1240.2295    -2.0582    -2.0236     0.0221      0.088     -0.381     -0.552         25 1.4342e+02 0.0000e+00
     -0.377    12.9648    10.3056     98.777  30.563659     40.896      5.471    82.5169     0.5459     5.7511     0.0220      0.096     -0.362     -0.526         26 1.4431e+02 0.0000e+00
     -0.346    13.0533    10.3419     99.108  30.631864     40.298      6.036    99.5905     0.5378     5.8317     0.0219      0.101     -0.332     -0.482         27 1.9466e+02 0.0000e+00
     -0.294    13.1511    10.3810     99.491  30.282270     39.977      6.576   119.8063     0.5500     5.9123     0.0218      0.107     -0.292     -0.423         28 3.2857e+02 0.0000e+00
     -0.256    13.2440    10.4288     99.989  30.287029     39.742      6.942   140.3249     0.5783     5.8183     0.0217      0.111     -0.253     -0.366         29 2.5321e+02 0.0000e+00
     -0.223    13.3128    10.5277    100.986  30.003227     39.343      7.173   143.5427     1.5043     3.4012     0.0216      0.117     -0.218     -0.316         30 1.1703e+03 0.0000e+00
     -0.187    13.3614    10.7352    103.014  29.894146     39.067      7.325   146.1928     1.4881     3.3744     0.0215      0.123     -0.185     -0.269         31 1.3495e+03 0.0000e+00
     -0.158    13.4020    10.9166    104.780  29.711127     38.777      7.352   154.3699     1.5002     3.3878     0.0214      0.129     -0.155     -0.225         32 1.5038e+03 0.0000e+00
     -0.130    13.4342    10.9860    105.465  29.875157     38.911      7.326   154.9756     1.4962     3.3207     0.0215      0.135     -0.124     -0.180         33 1.1869e+03 0.0000e+00
     -0.090    13.4509    10.9409    105.028  29.986498     39.088      7.343   154.4456     2.2362     3.8846     0.0216      0.139     -0.087     -0.126         34 4.6036e+02 0.0000e+00
     -0.048    13.4543    10.7373    103.059  29.869054     38.799      7.358   154.0671     2.2119     3.9921     0.0215      0.138     -0.045     -0.065         35 1.1031e+03 0.0000e+00
     -0.000    13.4399    10.4041     99.847  29.606196     38.567      7.361   157.0199     2.2079     3.8712     0.0214      0.139      0.004      0.005         36 3.7925e+02 0.0000e+00
      0.065    13.4305     9.9718     95.694  29.631657     38.415      7.331   163.0771     2.2402     4.0592     0.0213      0.150      0.051      0.075         37 1.8314e+01 0.0000e+00
      0.091    13.4354     9.4574     90.770  30.044924     39.196      7.271   177.2736     2.4788     3.8846     0.0216      0.157      0.080      0.116         38 3.5246e+02 0.0000e+00
      0.090    13.4524     8.9255     85.664  29.744205     38.622      7.223   179.8479     2.4667     3.9518     0.0214      0.153      0.088      0.128         39 1.1228e+02 0.0000e+00
      0.093    13.4749     8.4188     80.780  29.383242     38.255      7.181   176.2136     2.4950     3.9249     0.0212      0.140      0.091      0.132         40 2.0994e+02 0.0000e+00
      0.095    13.4907     8.0124     76.881  29.367427     38.164      7.142   179.3557     2.4869     4.0995     0.0212      0.119      0.093      0.135         41 2.9586e+02 0.0000e+00
      0.098    13.5021     7.6841     73.749  29.230184     37.997      7.112   181.7407     2.4869     4.6366     0.0211      0.091      0.095      0.138         42 1.7520e+02 0.0000e+00
      0.098    13.5097     7.4363     71.392  29.257534     37.981      7.085   185.5264     2.4788     4.6098     0.0211      0.062      0.095      0.139         43 2.3825e+02 0.0000e+00
      0.096    13.5086     7.2419     69.536  29.274084     38.043      7.063   187.4950     2.4586     4.5829     0.0212      0.033      0.094      0.138         44 2.5155e+02 0.0000e+00
      0.096    13.5019     7.0956     68.135  29.387481     38.107      7.042   190.2586     2.4828     4.6232     0.0212      0.011      0.093      0.136         45 1.5584e+02 0.0000e+00
      0.094    13.4955     6.9734     66.962  29.650108     38.544      7.025   192.8329     2.5314     3.6832     0.0214      0.003      0.093      0.135         46 1.2325e+02 0.0000e+00
      0.095    13.4940     6.9020     66.273  29.569898     38.369      7.017   195.0286     2.5475     3.7772     0.0213      0.002      0.094      0.136         47 2.2101e+02 0.0000e+00
      0.098    13.4999     6.8638     65.906  29.457653     38.267      7.008   197.1865     2.5233     3.7504     0.0213      0.001      0.096      0.140         48 2.1492e+02 0.0000e+00
      0.102    13.4987     6.8354     65.634  29.463646     38.269      7.005   198.5872     2.5597     3.6564     0.0213      0.001      0.100      0.146         49 5.0290e+02 0.0000e+00
      0.107    13.4881     6.8171     65.457  29.414190     38.190      6.998   201.2372     2.5637     3.7504     0.0212      0.003      0.104      0.151         50 8.6133e+02 0.0000e+00
      0.109    13.4878     6.8136     65.423  29.400600     38.191      6.988   202.4486     2.4909     3.9518     0.0212      0.006      0.106      0.154         51 9.0741e+02 0.0000e+00
      0.109    13.4995     6.8181     65.467  29.391610     38.166      6.977   204.9851     2.4788     3.9652     0.0212      0.008      0.106      0.154         52 1.1668e+03 0.0000e+00
      0.105    13.5121     6.8344     65.628  29.395731     38.202      6.974   206.6886     2.4747     3.9652     0.0212      0.008      0.103      0.151         53 3.1904e+02 0.0000e+00
      0.103    13.5193     6.8739     66.012  29.306522     38.045      6.972   207.8244     2.4747     3.9921     0.0212      0.006      0.102      0.149         54 1.5466e+01 0.0000e+00
      0.105    13.5220     6.9159     66.420  29.235779     37.960      6.967   208.9601     2.5394     3.7638     0.0211      0.004      0.103      0.150         55 1.7834e+02 0.0000e+00
      0.108    13.5219     6.9638     66.880  29.246568     37.953      6.963   209.9822     2.5314     3.7504     0.0211      0.002      0.106      0.155         56 3.0024e+02 0.0000e+00
      0.113    13.5200     7.0113     67.333  29.293091     38.023      6.961   211.7615     2.5597     3.6967     0.0212      0.002      0.110      0.160         57 7.6011e+02 0.0000e+00
      0.114    13.5195     7.0585     67.780  29.326129     38.059      6.957   213.6544     2.5718     3.6564     0.0212      0.003      0.111      0.161         58 4.6797e+02 0.0000e+00
      0.112    13.5200     7.0867     68.041  29.294403     38.025      6.951   214.6387     2.4909     3.7504     0.0212      0.003      0.110      0.159         59 9.6512e+01 0.0000e+00
      0.109    13.5196     7.1174     68.334  29.302925     38.025      6.952   215.0551     2.5111     3.7638     0.0212      0.004      0.109      0.157         60 1.8677e+02 0.0000e+00
      0.113    13.5186     7.1257     68.376  29.285874     38.025      6.946   215.8501     2.4545     3.7504     0.0212      0.005      0.112      0.161         61 1.9138e+02 0.0000e+00
      0.119    13.5195     7.1202     68.293  29.256322     37.953      6.946   216.9101     2.5111     3.6429     0.0211      0.006      0.116      0.168         62 4.2436e+02 0.0000e+00
      0.122    13.5229     7.1125     68.231  29.280402     38.026      6.940   218.1215     2.5637     3.7638     0.0212      0.006      0.120      0.173         63 4.8820e+02 0.0000e+00
      0.125    13.5258     7.0948     68.083  29.315207     38.026      6.938   218.8030     2.5435     3.7235     0.0212      0.007      0.122      0.177         64 3.0648e+02 0.0000e+00
      0.127    13.5284     7.0692     67.856  29.361255     38.131      6.937   220.0144     2.5597     3.6967     0.0212      0.008      0.125      0.181         65 6.2288e+02 0.0000e+00
      0.130    13.5286     7.0350     67.541  29.312042     38.019      6.935   221.2258     2.5394     3.6967     0.0212      0.010      0.127      0.185         66 2.5561e+02 0.0000e+00
      0.132    13.5272     7.0093     67.307  29.346802     38.089      6.930   221.7937     2.5192     3.7504     0.0212      0.012      0.130      0.188         67 1.8143e+02 0.0000e+00
      0.136    13.5216     6.9699     66.933  29.406947     38.161      6.925   222.5130     2.5556     3.6967     0.0212      0.013      0.133      0.193         68 2.3564e+02 0.0000e+00
      0.139    13.5168     6.9459     66.699  29.355791     38.091      6.920   223.4973     2.5111     3.7235     0.0212      0.012      0.134      0.194         69 4.9318e+02 0.0000e+00
      0.131    13.5132     6.9152     66.394  29.410467     38.168      6.920   223.7244     2.5273     3.6832     0.0212      0.008      0.132      0.191         70 1.1322e+03 0.0000e+00
      0.134    13.4902     6.8875     66.112  29.487154     38.283      6.917   223.4973     2.5556     3.7504     0.0213      0.006      0.135      0.195         71 7.2673e+02 0.0000e+00
      0.149    13.4708     6.8519     65.765  29.467903     38.248      6.913   224.8223     2.6122     3.9652     0.0213      0.008      0.142      0.205         72 4.9782e+02 0.0000e+00
      0.148    13.4782     6.8272     65.524  29.404779     38.200      6.910   225.0494     2.6284     3.9384     0.0212      0.009      0.144      0.209         73 6.8227e+02 0.0000e+00
      0.146    13.4926     6.8047     65.310  29.358172     38.147      6.910   225.6930     2.5920     3.9786     0.0212      0.009      0.144      0.209         74 7.1695e+02 0.0000e+00
      0.148    13.5044     6.7871     65.148  29.348010     38.139      6.905   226.6394     2.5637     3.9518     0.0212      0.008      0.145      0.210         75 8.4402e+02 0.0000e+00
      0.148    13.5141     6.7758     65.045  29.358123     38.125      6.901   227.1316     2.6688     3.7907     0.0212      0.008      0.145      0.211         76 6.2551e+02 0.0000e+00
      0.148    13.5217     6.7741     64.989  29.404883     38.185      6.896   227.9644     2.6769     3.6832     0.0212      0.007      0.146      0.212         77 2.0227e+02 0.0000e+00
      0.151    13.5247     6.7839     65.035  29.438063     38.212      6.893   228.4566     2.6769     3.6832     0.0213      0.008      0.148      0.215         78 2.7566e+02 0.0000e+00
      0.156    13.5232     6.7767     64.964  29.405776     38.168      6.885   229.1759     2.6931     3.7101     0.0212      0.006      0.153      0.222         79 5.1132e+02 0.0000e+00
      0.161    13.5150     6.7709     64.904  29.356111     38.093      6.881   229.8194     2.7942     3.7235     0.0212      0.005      0.157      0.227         80 4.3361e+02 0.0000e+00
      0.161    13.5056     6.7649     64.841  29.351619     38.094      6.881   230.7280     2.8306     3.7101     0.0212      0.008      0.157      0.227         81 6.7750e+02 0.0000e+00
      0.157    13.5013     6.7353     64.554  29.352068     38.102      6.877   231.9394     2.8225     3.6564     0.0212      0.008      0.153      0.222         82 8.3241e+02 0.0000e+00
      0.150    13.4988     6.7019     64.239  29.355556     38.112      6.873   232.5830     2.8023     3.7504     0.0212      0.005      0.144      0.208         83 6.5134e+02 0.0000e+00
      0.132    13.4995     6.6695     63.924  29.376930     38.152      6.860   233.2266     2.8548     3.9249     0.0212     -0.003      0.129      0.188         84 4.0048e+02 0.0000e+00
      0.114    13.5054     6.6344     63.566  29.355119     38.119      6.861   233.6052     2.8427     3.9786     0.0212     -0.014      0.117      0.169         85 5.5897e+02 0.0000e+00
