Data/DataNotYetUploadedToEDI/Raw_CTD/RawDownloads/102218_fcr10.cnv
* Sea-Bird SBE19plus  Data File:
* FileName = C:\DATA\101518_fcr_0008.hex
* Software version 2.6.3.104
* Temperature SN = 7809
* Conductivity SN = 7809
* System UpLoad Time = Oct 29 2018 16:38:59
* <ApplicationData>
* <Seaterm232>
# nquan = 17
# nvalues = 329                         
# units = specified
# name 0 = depFM: Depth [fresh water, m]
# name 1 = tv290C: Temperature [ITS-90, deg C]
# name 2 = sbeox0Mg/L: Oxygen, SBE 43 [mg/l]
# name 3 = sbeox0PS: Oxygen, SBE 43 [% saturation]
# name 4 = c0uS/cm: Conductivity [uS/cm]
# name 5 = specc: Specific Conductance [uS/cm]
# name 6 = ph: pH
# name 7 = orp: Oxidation Reduction Potential [mV]
# name 8 = flECO-AFL: Fluorescence, WET Labs ECO-AFL/FL [mg/m^3]
# name 9 = turbWETntu0: Turbidity, WET Labs ECO [NTU]
# name 10 = sal00: Salinity, Practical [PSU]
# name 11 = dz/dtM: Descent Rate [m/s]
# name 12 = prdM: Pressure, Strain Gauge [db]
# name 13 = prdE: Pressure, Strain Gauge [psi]
# name 14 = scan: Scan Count
# name 15 = par/sat/log: PAR/Logarithmic, Satlantic
# name 16 = flag:  0.000e+00
# span 0 =     -0.547,      2.641       
# span 1 =     8.5078,    13.6794       
# span 2 =     6.0760,    11.4652       
# span 3 =     57.249,    105.465       
# span 4 =   0.787978,  31.167832       
# span 5 =      1.545,     42.010       
# span 6 =     -3.051,      7.361       
# span 7 = -1240.7455,  1240.2295       
# span 8 =    -2.0582,     4.8928       
# span 9 =    -2.7622,     5.9123       
# span 10 =     0.0045,     0.0222      
# span 11 =     -0.158,      0.157      
# span 12 =     -0.536,      2.590      
# span 13 =     -0.778,      3.755      
# span 14 =          1,        329      
# span 15 = 1.4511e+01, 2.0031e+03      
# span 16 = 0.0000e+00, 0.0000e+00      
# interval = seconds: 0.25
# start_time = Oct 22 2018 14:24:17 [Instrument's time stamp, header]
# bad_flag = -9.990e-29
*END*
[from data line 171]
      0.277    12.6189     6.5399     62.261  29.235949     38.902      6.753   261.8088     3.3724     3.6564     0.0212      0.005      0.276      0.400        172 3.3826e+02 0.0000e+00
      0.299    12.6961     6.6366     63.536  29.186560     38.809      6.752   263.1338     3.1096     3.9518     0.0211      0.017      0.302      0.437        173 2.8158e+02 0.0000e+00
      0.346    12.7666     6.7797     65.104  29.190787     38.793      6.743   264.0045     3.1419     3.9786     0.0211      0.040      0.347      0.503        174 2.5796e+02 0.0000e+00
      0.418    12.7824     6.9566     66.910  29.260324     38.815      6.723   264.4210     3.1379     4.0055     0.0212      0.073      0.402      0.583        175 3.1354e+02 0.0000e+00
      0.464    12.7132     7.1597     68.926  29.248246     38.712      6.699   265.5188     3.1217     3.9518     0.0212      0.105      0.442      0.640        176 3.6354e+02 0.0000e+00
      0.469    12.6058     7.3492     70.783  29.235444     38.690      6.689   265.7460     3.1460     3.9518     0.0212      0.123      0.447      0.648        177 3.7305e+02 0.0000e+00
      0.435    12.5476     7.5250     72.493  29.246603     38.765      6.695   265.2538     3.1177     3.9249     0.0212      0.118      0.417      0.606        178 5.7096e+02 0.0000e+00
      0.374    12.5266     7.6549     73.750  29.234382     38.876      6.712   264.7995     3.1298     3.8578     0.0212      0.089      0.367      0.531        179 5.9309e+02 0.0000e+00
      0.314    12.5474     7.7508     74.676  29.191388     38.862      6.719   264.9131     3.1379     3.8712     0.0211      0.039      0.312      0.452        180 5.3821e+02 0.0000e+00
      0.267    12.7619     7.8031     75.181  29.151885     38.845      6.724   265.5945     3.0045     3.8981     0.0211     -0.022      0.265      0.385        181 5.4661e+02 0.0000e+00
      0.231    13.1278     7.8306     75.449  29.135302     38.790      6.723   265.3295     2.9964     3.8578     0.0211     -0.086      0.229      0.333        182 7.6833e+02 0.0000e+00
      0.203    13.3869     7.8291     75.435  29.063753     38.499      6.720   265.5567     3.0004     3.9652     0.0211     -0.136      0.204      0.295        183 8.1426e+02 0.0000e+00
      0.188    13.5209     7.8099     75.251  29.003650     38.006      6.727   265.6324     2.9964     3.9384     0.0210     -0.158      0.189      0.275        184 7.6901e+02 0.0000e+00
      0.188    13.5969     7.7810     74.972  29.061732     37.867      6.730   265.7838     2.8751     3.8981     0.0211     -0.150      0.186      0.271        185 1.0310e+03 0.0000e+00
      0.193    13.6358     7.7423     74.602  29.080317     37.732      6.728   265.9352     2.8831     3.8444     0.0211     -0.120      0.190      0.276        186 6.2670e+02 0.0000e+00
      0.200    13.6584     7.7184     74.374  29.069409     37.660      6.734   265.9352     2.8751     3.9518     0.0210     -0.082      0.199      0.289        187 2.7516e+02 0.0000e+00
      0.217    13.6677     7.6928     74.128  29.104923     37.657      6.739   266.4274     2.8872     3.9518     0.0211     -0.044      0.213      0.308        188 5.2997e+02 0.0000e+00
      0.232    13.6719     7.6707     73.914  29.125050     37.672      6.737   266.4652     2.8184     3.9249     0.0211     -0.012      0.225      0.325        189 4.7751e+02 0.0000e+00
      0.237    13.6727     7.6566     73.776  29.074001     37.590      6.736   266.3517     2.7901     3.9518     0.0210      0.012      0.230      0.333        190 3.7525e+02 0.0000e+00
      0.234    13.6738     7.6442     73.656  29.079500     37.587      6.732   267.0331     2.7982     3.9786     0.0210      0.025      0.229      0.331        191 4.6100e+02 0.0000e+00
      0.229    13.6752     7.6399     73.613  29.118206     37.658      6.733   267.4117     2.8144     3.9249     0.0211      0.028      0.225      0.326        192 3.8536e+02 0.0000e+00
      0.224    13.6761     7.6341     73.559  29.085131     37.585      6.734   267.2224     2.7982     3.9518     0.0210      0.022      0.221      0.320        193 4.9306e+02 0.0000e+00
      0.222    13.6760     7.6335     73.554  29.091011     37.619      6.737   267.4495     2.9438     3.9249     0.0211      0.014      0.220      0.320        194 6.2182e+02 0.0000e+00
      0.228    13.6762     7.6254     73.475  29.081237     37.582      6.742   267.6767     2.9398     3.9249     0.0210      0.007      0.225      0.325        195 4.2806e+02 0.0000e+00
      0.236    13.6778     7.6150     73.374  29.067644     37.583      6.745   267.7903     2.9357     3.9786     0.0210      0.001      0.230      0.334        196 5.7670e+02 0.0000e+00
      0.240    13.6791     7.6164     73.384  29.078279     37.583      6.748   268.0931     2.9478     3.9518     0.0210      0.001      0.234      0.340        197 5.4879e+02 0.0000e+00
      0.243    13.6794     7.6093     73.308  29.068003     37.581      6.749   268.2445     3.1986     4.0055     0.0210      0.004      0.236      0.342        198 4.1352e+02 0.0000e+00
      0.239    13.6788     7.6068     73.287  29.080432     37.580      6.746   268.3203     3.1905     3.9384     0.0210      0.007      0.232      0.337        199 4.8236e+02 0.0000e+00
      0.229    13.6782     7.5922     73.153  29.122110     37.652      6.746   268.8124     3.1702     3.8578     0.0211      0.006      0.225      0.326        200 4.7671e+02 0.0000e+00
      0.222    13.6774     7.5955     73.174  29.105084     37.616      6.743   268.8124     3.1905     3.8712     0.0211      0.003      0.218      0.316        201 7.9016e+02 0.0000e+00
      0.214    13.6765     7.5911     73.098  29.071971     37.581      6.738   268.5853     2.9398     3.7235     0.0210     -0.004      0.212      0.306        202 3.3622e+02 0.0000e+00
      0.210    13.6772     7.5869     73.033  29.074369     37.581      6.740   268.7367     2.9438     3.6967     0.0210     -0.012      0.207      0.300        203 3.9935e+02 0.0000e+00
      0.209    13.6780     7.5870     73.029  29.072450     37.582      6.741   268.8503     2.9195     3.6967     0.0210     -0.018      0.206      0.298        204 1.0614e+03 0.0000e+00
      0.210    13.6775     7.5821     72.990  29.074360     37.581      6.743   269.1153     2.9115     3.7101     0.0210     -0.019      0.207      0.300        205 4.0626e+02 0.0000e+00
      0.212    13.6771     7.5805     72.980  29.071993     37.581      6.744   268.8503     3.0166     4.0324     0.0210     -0.017      0.210      0.305        206 2.3495e+02 0.0000e+00
      0.221    13.6746     7.5868     73.032  29.105046     37.617      6.744   269.3803     3.0166     3.9786     0.0211     -0.010      0.219      0.317        207 2.1804e+02 0.0000e+00
      0.235    13.6704     7.5928     73.077  29.062875     37.582      6.748   269.0017     2.9883     3.8981     0.0210      0.001      0.234      0.339        208 2.6596e+02 0.0000e+00
      0.261    13.6718     7.5932     73.070  29.005877     37.475      6.752   269.3803     2.9721     3.9652     0.0210      0.016      0.258      0.374        209 7.9743e+02 0.0000e+00
      0.293    13.6765     7.6037     73.164  29.057383     37.588      6.747   269.5317     3.3118     3.9115     0.0210      0.035      0.285      0.414        210 3.7210e+02 0.0000e+00
      0.319    13.6691     7.6062     73.186  29.087726     37.587      6.746   269.8345     3.3482     3.9518     0.0210      0.053      0.310      0.449        211 2.2496e+02 0.0000e+00
      0.336    13.6488     7.6103     73.225  29.057065     37.582      6.741   269.9103     3.3279     3.9652     0.0210      0.068      0.327      0.474        212 5.5168e+02 0.0000e+00
      0.345    13.6335     7.6169     73.283  29.006593     37.480      6.737   270.4403     3.2996     3.8981     0.0210      0.077      0.336      0.487        213 4.0130e+02 0.0000e+00
      0.345    13.6307     7.6139     73.250  29.031944     37.573      6.727   269.4181     3.3279     3.9249     0.0210      0.076      0.338      0.490        214 2.3532e+02 0.0000e+00
      0.343    13.6356     7.6125     73.229  29.084821     37.624      6.727   269.5317     3.4573     3.9518     0.0210      0.068      0.342      0.495        215 4.5850e+02 0.0000e+00
      0.356    13.6383     7.6134     73.227  29.059389     37.627      6.730   270.2131     3.4654     4.0055     0.0210      0.056      0.355      0.514        216 6.0146e+02 0.0000e+00
      0.385    13.6333     7.6133     73.215  29.004295     37.513      6.734   271.1595     3.4695     3.8981     0.0210      0.048      0.380      0.552        217 2.1999e+02 0.0000e+00
      0.424    13.6258     7.6077     73.152  28.975488     37.511      6.734   272.1817     3.4371     3.9518     0.0210      0.050      0.414      0.602        218 2.4325e+02 0.0000e+00
      0.459    13.6189     7.6048     73.118  28.946993     37.443      6.730   272.2195     3.6070     3.9115     0.0210      0.060      0.446      0.647        219 3.7923e+02 0.0000e+00
      0.481    13.6147     7.5974     73.043  28.980461     37.523      6.721   272.7496     3.6110     3.9384     0.0210      0.073      0.468      0.678        220 2.8227e+02 0.0000e+00
      0.492    13.6138     7.5960     73.030  28.993139     37.530      6.712   273.2796     3.5867     3.9786     0.0210      0.085      0.481      0.696        221 3.8803e+02 0.0000e+00
      0.495    13.6129     7.5949     73.024  28.990516     37.534      6.692   273.5067     3.5867     3.9518     0.0210      0.090      0.486      0.705        222 2.1792e+02 0.0000e+00
      0.498    13.6098     7.5870     72.952  28.983728     37.535      6.684   273.5067     3.9062     3.9921     0.0210      0.086      0.493      0.715        223 2.1755e+02 0.0000e+00
      0.514    13.6070     7.5867     72.950  28.942290     37.463      6.691   274.2638     3.9466     3.9115     0.0210      0.075      0.509      0.738        224 3.7640e+02 0.0000e+00
      0.545    13.6026     7.5844     72.922  28.923489     37.466      6.702   273.8096     3.9264     3.9384     0.0210      0.066      0.536      0.777        225 2.2743e+02 0.0000e+00
      0.580    13.5956     7.5829     72.910  28.888531     37.396      6.710   274.3396     3.8819     3.9249     0.0209      0.062      0.569      0.826        226 2.5756e+02 0.0000e+00
      0.617    13.5888     7.5773     72.865  28.926499     37.473      6.718   275.1346     3.9466     3.9115     0.0210      0.069      0.604      0.876        227 3.1777e+02 0.0000e+00
      0.651    13.5835     7.5794     72.884  28.994837     37.552      6.718   275.1724     3.9426     3.9249     0.0210      0.083      0.634      0.920        228 2.4762e+02 0.0000e+00
      0.670    13.5795     7.5797     72.876  28.981383     37.559      6.718   275.3617     3.9749     3.9652     0.0210      0.097      0.656      0.951        229 2.2525e+02 0.0000e+00
      0.686    13.5772     7.5819     72.889  28.943244     37.492      6.720   275.6267     3.9547     3.9115     0.0210      0.106      0.672      0.975        230 2.3805e+02 0.0000e+00
      0.700    13.5778     7.5747     72.804  28.923705     37.496      6.720   275.7781     3.9305     3.8981     0.0210      0.107      0.686      0.995        231 2.3388e+02 0.0000e+00
      0.712    13.5804     7.5807     72.831  28.946402     37.498      6.722   275.8538     3.9709     3.9384     0.0210      0.100      0.701      1.017        232 1.6403e+02 0.0000e+00
      0.733    13.5827     7.5823     72.825  28.974297     37.570      6.727   276.2324     3.9466     3.9249     0.0210      0.088      0.719      1.043        233 1.8317e+02 0.0000e+00
      0.753    13.5826     7.5851     72.849  28.948289     37.495      6.730   276.5731     3.9790     3.9249     0.0210      0.078      0.739      1.071        234 1.8941e+02 0.0000e+00
      0.773    13.5803     7.5795     72.815  28.978768     37.565      6.731   276.6488     3.9668     3.8041     0.0210      0.071      0.759      1.100        235 2.3507e+02 0.0000e+00
      0.796    13.5815     7.5649     72.692  28.936365     37.492      6.734   277.1788     4.0113     3.8578     0.0210      0.069      0.779      1.129        236 3.1175e+02 0.0000e+00
      0.812    13.5864     7.5501     72.557  28.941762     37.495      6.736   276.9517     4.0356     3.9249     0.0210      0.071      0.797      1.156        237 1.9561e+02 0.0000e+00
      0.830    13.5856     7.5359     72.421  28.972052     37.566      6.737   277.5574     4.0477     3.9249     0.0210      0.073      0.817      1.185        238 1.9944e+02 0.0000e+00
      0.856    13.5790     7.5281     72.330  28.957968     37.489      6.737   277.4060     4.0639     3.9249     0.0210      0.077      0.843      1.222        239 1.8497e+02 0.0000e+00
      0.891    13.5739     7.5176     72.215  29.018588     37.634      6.734   277.8224     4.1084     3.8981     0.0210      0.084      0.875      1.270        240 1.3037e+02 0.0000e+00
      0.931    13.5637     7.5158     72.190  28.955911     37.496      6.729   277.8981     4.1084     3.8712     0.0210      0.092      0.910      1.320        241 1.6430e+02 0.0000e+00
      0.959    13.5461     7.5149     72.177  28.917374     37.501      6.728   277.3303     4.0720     3.9786     0.0210      0.101      0.938      1.360        242 1.4078e+02 0.0000e+00
      0.978    13.5321     7.5151     72.178  28.947951     37.511      6.732   277.2924     4.0922     3.8981     0.0210      0.105      0.956      1.386        243 1.2404e+02 0.0000e+00
      0.988    13.5308     7.5170     72.196  28.917863     37.528      6.725   277.7467     4.6017     3.9384     0.0210      0.104      0.964      1.398        244 1.6031e+02 0.0000e+00
      0.982    13.5424     7.5274     72.294  28.895528     37.469      6.703   277.4060     4.5774     3.9652     0.0209      0.095      0.962      1.394        245 1.6263e+02 0.0000e+00
      0.972    13.5528     7.5302     72.307  28.975752     37.616      6.698   277.6710     4.6098     3.8309     0.0210      0.077      0.954      1.384        246 1.5071e+02 0.0000e+00
      0.964    13.5579     7.5286     72.280  28.936621     37.531      6.707   277.7089     4.6057     3.9652     0.0210      0.052      0.951      1.379        247 1.8768e+02 0.0000e+00
      0.973    13.5574     7.5276     72.270  28.884923     37.449      6.720   277.7467     4.4278     3.7235     0.0209      0.029      0.960      1.392        248 1.5086e+02 0.0000e+00
      1.000    13.5480     7.5277     72.279  28.921490     37.517      6.729   278.3146     4.4036     3.7101     0.0210      0.018      0.983      1.425        249 1.5749e+02 0.0000e+00
      1.033    13.5388     7.5267     72.274  28.891112     37.444      6.739   278.3903     4.4116     3.7638     0.0209      0.020      1.012      1.467        250 1.5303e+02 0.0000e+00
      1.063    13.5346     7.5308     72.297  28.922727     37.526      6.737   278.4281     4.3995     3.6698     0.0210      0.033      1.038      1.506        251 1.2871e+02 0.0000e+00
      1.080    13.5318     7.5404     72.355  28.941448     37.535      6.732   279.1096     4.2216     3.9115     0.0210      0.050      1.054      1.529        252 1.4214e+02 0.0000e+00
      1.081    13.5307     7.5463     72.382  28.927117     37.539      6.720   279.3746     4.2297     3.9384     0.0210      0.064      1.059      1.537        253 1.2520e+02 0.0000e+00
      1.082    13.5309     7.5548     72.451  28.881265     37.470      6.713   278.9960     4.2014     3.8981     0.0209      0.070      1.063      1.542        254 1.3626e+02 0.0000e+00
      1.090    13.5293     7.5563     72.463  28.879914     37.470      6.714   279.1853     4.2135     3.9384     0.0209      0.068      1.073      1.557        255 1.2185e+02 0.0000e+00
