Data/DataNotYetUploadedToEDI/Raw_CTD/RawDownloads/102219_fcr50.cnv
* Sea-Bird SBE19plus  Data File:
* FileName = C:\DATA\102319_fcr50_0002.hex
* Software version 2.8.0.119 SB_Terminal.dll
* Temperature SN = 7809
* Conductivity SN = 7809
* System UpLoad Time = Oct 23 2019 09:55:49
* <ApplicationData>
* <Seaterm232>
# nquan = 16
# nvalues = 2275                        
# units = specified
# name 0 = depFM: Depth [fresh water, m]
# name 1 = dz/dtM: Descent Rate [m/s]
# name 2 = sbeox0ML/L: Oxygen, SBE 43 [ml/l]
# name 3 = sbeox0PS: Oxygen, SBE 43 [% saturation]
# name 4 = specc: Specific Conductance [uS/cm]
# name 5 = c0uS/cm: Conductivity [uS/cm]
# name 6 = flECO-AFL: Fluorescence, WET Labs ECO-AFL/FL [mg/m^3]
# name 7 = ph: pH
# name 8 = orp: Oxidation Reduction Potential [mV]
# name 9 = par/sat/log: PAR/Logarithmic, Satlantic
# name 10 = turbWETntu0: Turbidity, WET Labs ECO [NTU]
# name 11 = prdM: Pressure, Strain Gauge [db]
# name 12 = prdE: Pressure, Strain Gauge [psi]
# name 13 = tv290C: Temperature [ITS-90, deg C]
# name 14 = density00: Density [density, kg/m^3]
# name 15 = flag:  0.000e+00
# span 0 =     -0.665,      9.680       
# span 1 = -2.514e-07,      0.203       
# span 2 =     0.0371,     6.9318       
# span 3 =      0.701,     98.651       
# span 4 =      1.664,    335.192       
# span 5 =   1.430141, 259.434961       
# span 6 =    -0.3492,     5.3180       
# span 7 =      6.013,      8.916       
# span 8 =   -12.1450,  1240.2295       
# span 9 = 1.2355e-01, 1.6501e+03       
# span 10 =    -0.5925,    59.2156      
# span 11 =     -0.652,      9.493      
# span 12 =     -0.946,     13.769      
# span 13 =    13.5819,    18.0032      
# span 14 =   998.6003,   999.4586      
# span 15 = 0.0000e+00, 0.0000e+00      
# interval = seconds: 0.25
# start_time = Oct 22 2019 15:27:00 [Instrument's time stamp, header]
# bad_flag = -9.990e-29
*END*
[from data line 362]
      0.458      0.004     6.2754     88.768     40.408  32.369935     3.5135      7.456   151.0908 2.2507e+02    11.8131      0.450      0.652    15.0306   999.1163 0.0000e+00
      0.459      0.005     6.2678     88.774     40.417  32.369945     3.5119      7.455   151.0994 2.2872e+02    11.8010      0.451      0.653    15.0460   999.1138 0.0000e+00
      0.461      0.005     6.2614     88.781     40.453  32.393030     3.4758      7.453   151.2324 2.2440e+02    11.8200      0.452      0.655    15.0549   999.1125 0.0000e+00
      0.462      0.005     6.2559     88.795     40.462  32.395206     3.4229      7.450   151.4083 2.1479e+02    11.9121      0.453      0.657    15.0564   999.1123 0.0000e+00
      0.464      0.004     6.2548     88.850     40.470  32.396255     3.3934      7.448   151.5909 2.0781e+02    11.9644      0.455      0.661    15.0512   999.1131 0.0000e+00
      0.466      0.004     6.2581     88.921     40.489  32.405705     3.3877      7.446   151.8912 2.0273e+02    11.9933      0.457      0.663    15.0413   999.1146 0.0000e+00
      0.466      0.003     6.2598     88.973     40.467  32.382525     3.3449      7.446   152.1144 1.9819e+02    12.1295      0.457      0.663    15.0328   999.1159 0.0000e+00
      0.466      0.002     6.2589     89.004     40.454  32.369834     3.2578      7.445   152.2244 1.9663e+02    12.3008      0.457      0.663    15.0279   999.1167 0.0000e+00
      0.467      0.002     6.2654     89.004     40.466  32.379179     3.2100      7.445   152.2745 1.9091e+02    12.3603      0.458      0.664    15.0221   999.1176 0.0000e+00
      0.467      0.002     6.2729     88.987     40.453  32.368585     3.2176      7.445   152.2039 1.8130e+02    12.3253      0.458      0.664    15.0135   999.1189 0.0000e+00
      0.467      0.002     6.2766     88.974     40.454  32.368670     3.2378      7.445   152.3169 1.7743e+02    12.0409      0.458      0.664    15.0056   999.1200 0.0000e+00
      0.467      0.003     6.2803     88.964     40.468  32.380207     3.2626      7.445   152.6949 1.7973e+02    11.5758      0.458      0.664    15.0029   999.1205 0.0000e+00
      0.468      0.004     6.2794     88.954     40.468  32.381152     3.2746      7.444   152.9877 1.8478e+02    11.3551      0.459      0.666    15.0045   999.1202 0.0000e+00
      0.470      0.005     6.2772     88.944     40.465  32.380103     3.2712      7.441   153.1039 1.8756e+02    11.3386      0.461      0.668    15.0040   999.1203 0.0000e+00
      0.471      0.006     6.2771     88.925     40.446  32.367523     3.2476      7.439   153.1538 1.8321e+02    11.3116      0.462      0.670    15.0021   999.1206 0.0000e+00
      0.474      0.006     6.2762     88.884     40.428  32.355976     3.1965      7.438   153.1613 1.7649e+02    11.2904      0.465      0.674    15.0026   999.1205 0.0000e+00
      0.476      0.005     6.2752     88.812     40.440  32.367420     3.1570      7.437   153.2807 1.7256e+02    11.2787      0.467      0.677    15.0045   999.1202 0.0000e+00
      0.476      0.005     6.2746     88.735     40.453  32.378967     3.1421      7.437   153.5642 1.7031e+02    11.2362      0.467      0.677    15.0067   999.1199 0.0000e+00
      0.477      0.006     6.2729     88.675     40.439  32.368668     3.1381      7.437   153.6638 1.6811e+02    11.2028      0.468      0.679    15.0103   999.1193 0.0000e+00
      0.477      0.007     6.2704     88.628     40.442  32.369822     3.1691      7.434   153.6248 1.6716e+02    11.1045      0.468      0.679    15.0138   999.1188 0.0000e+00
      0.478      0.009     6.2638     88.592     40.476  32.392917     3.2304      7.429   153.6951 1.6905e+02    10.8996      0.468      0.679    15.0161   999.1185 0.0000e+00
      0.480      0.012     6.2575     88.569     40.483  32.394062     3.2637      7.425   153.7400 1.6960e+02    10.7896      0.469      0.680    15.0171   999.1183 0.0000e+00
      0.485      0.015     6.2537     88.559     40.475  32.383659     3.2685      7.417   153.7367 1.6688e+02    10.7905      0.476      0.690    15.0179   999.1183 0.0000e+00
      0.491      0.017     6.2502     88.589     40.493  32.394054     3.2966      7.407   153.7407 1.6299e+02    11.0095      0.482      0.700    15.0175   999.1183 0.0000e+00
      0.495      0.017     6.2483     88.665     40.494  32.392816     3.3432      7.400   153.7883 1.5771e+02    11.4380      0.486      0.705    15.0123   999.1192 0.0000e+00
      0.500      0.016     6.2483     88.747     40.465  32.368691     3.3559      7.397   153.9692 1.5270e+02    11.6782      0.491      0.712    15.0055   999.1202 0.0000e+00
      0.504      0.015     6.2469     88.816     40.451  32.356198     3.3462      7.395   154.2072 1.5078e+02    11.6855      0.495      0.718    14.9999   999.1210 0.0000e+00
      0.508      0.014     6.2492     88.870     40.467  32.368691     3.3730      7.392   154.3423 1.5205e+02    11.3622      0.497      0.721    14.9951   999.1218 0.0000e+00
      0.511      0.012     6.2570     88.907     40.496  32.392816     3.4280      7.388   154.2268 1.5713e+02    10.7838      0.501      0.726    14.9927   999.1222 0.0000e+00
      0.515      0.010     6.2625     88.915     40.496  32.394054     3.4654      7.386   153.9289 1.6529e+02    10.4604      0.505      0.732    14.9920   999.1223 0.0000e+00
      0.517      0.009     6.2679     88.883     40.481  32.383660     3.4704      7.383   153.8373 1.7466e+02    10.3685      0.507      0.735    14.9909   999.1225 0.0000e+00
      0.519      0.008     6.2717     88.832     40.494  32.394064     3.4448      7.381   154.0655 1.8448e+02    10.3279      0.509      0.738    14.9897   999.1227 0.0000e+00
      0.520      0.007     6.2744     88.785     40.494  32.392930     3.4157      7.378   154.2800 1.9662e+02    10.3303      0.510      0.740    14.9915   999.1224 0.0000e+00
      0.521      0.007     6.2753     88.746     40.467  32.369949     3.4056      7.376   154.3646 2.0775e+02    10.3317      0.511      0.741    14.9941   999.1220 0.0000e+00
      0.523      0.007     6.2720     88.721     40.469  32.370043     3.4001      7.374   154.4002 2.0795e+02    10.3451      0.513      0.744    14.9956   999.1218 0.0000e+00
      0.524      0.008     6.2677     88.719     40.501  32.394064     3.3401      7.371   154.3671 2.0091e+02    10.4264      0.514      0.746    14.9958   999.1218 0.0000e+00
      0.527      0.010     6.2647     88.710     40.517  32.406538     3.2274      7.369   154.3084 1.9738e+02    10.5609      0.516      0.749    14.9941   999.1220 0.0000e+00
      0.529      0.012     6.2621     88.668     40.501  32.393941     3.1722      7.367   154.2925 1.9808e+02    10.6280      0.518      0.752    14.9920   999.1223 0.0000e+00
      0.532      0.013     6.2599     88.612     40.469  32.368680     3.1756      7.364   154.4334 2.0010e+02    10.6155      0.522      0.756    14.9902   999.1226 0.0000e+00
      0.536      0.014     6.2612     88.566     40.450  32.354949     3.1726      7.362   154.6347 2.0261e+02    10.5735      0.525      0.762    14.9881   999.1229 0.0000e+00
      0.541      0.014     6.2619     88.534     40.448  32.354845     3.2054      7.361   154.7482 2.0756e+02    10.5455      0.530      0.769    14.9868   999.1232 0.0000e+00
      0.545      0.013     6.2576     88.506     40.462  32.367423     3.2864      7.360   154.8593 2.1389e+02    10.5729      0.535      0.777    14.9882   999.1230 0.0000e+00
      0.549      0.012     6.2531     88.479     40.477  32.380104     3.3370      7.358   154.9457 2.1496e+02    10.6096      0.538      0.781    14.9883   999.1230 0.0000e+00
      0.551      0.010     6.2495     88.447     40.477  32.381258     3.3405      7.356   155.0173 2.1290e+02    10.5958      0.540      0.783    14.9891   999.1229 0.0000e+00
      0.552      0.008     6.2477     88.423     40.477  32.381363     3.3462      7.355   155.1238 2.1370e+02    10.6021      0.541      0.785    14.9914   999.1226 0.0000e+00
      0.554      0.008     6.2451     88.427     40.477  32.381380     3.3722      7.355   155.2002 2.1369e+02    10.7196      0.543      0.787    14.9931   999.1223 0.0000e+00
      0.556      0.008     6.2433     88.430     40.480  32.381466     3.3944      7.355   155.3383 2.1030e+02    10.8359      0.545      0.790    14.9947   999.1221 0.0000e+00
      0.557      0.008     6.2411     88.416     40.487  32.382403     3.3973      7.353   155.5889 2.0744e+02    10.8614      0.546      0.792    14.9953   999.1220 0.0000e+00
      0.559      0.009     6.2374     88.419     40.506  32.392693     3.3642      7.350   155.8220 2.0628e+02    10.8964      0.548      0.795    14.9965   999.1218 0.0000e+00
      0.562      0.009     6.2394     88.423     40.493  32.378963     3.3053      7.348   155.9201 2.0582e+02    10.9645      0.552      0.800    14.9972   999.1217 0.0000e+00
      0.565      0.010     6.2410     88.408     40.451  32.343308     3.2840      7.346   155.9136 2.0357e+02    10.9966      0.555      0.804    14.9940   999.1222 0.0000e+00
      0.567      0.011     6.2386     88.424     40.454  32.342354     3.2888      7.345   155.9159 1.9557e+02    11.0219      0.556      0.807    14.9868   999.1232 0.0000e+00
      0.569      0.013     6.2406     88.475     40.491  32.367425     3.2511      7.344   156.0337 1.8591e+02    11.1071      0.558      0.809    14.9804   999.1243 0.0000e+00
      0.572      0.014     6.2433     88.522     40.527  32.392591     3.1839      7.341   156.2197 1.7951e+02    11.2080      0.561      0.813    14.9773   999.1248 0.0000e+00
      0.576      0.015     6.2393     88.556     40.531  32.392790     3.1518      7.338   156.3572 1.7484e+02    11.2581      0.564      0.818    14.9752   999.1252 0.0000e+00
      0.581      0.016     6.2412     88.571     40.505  32.369828     3.1573      7.337   156.4923 1.6942e+02    11.2864      0.569      0.827    14.9709   999.1258 0.0000e+00
      0.586      0.016     6.2476     88.560     40.505  32.368798     3.2073      7.337   156.6495 1.6291e+02    11.4192      0.576      0.836    14.9658   999.1266 0.0000e+00
      0.590      0.015     6.2510     88.523     40.520  32.380337     3.2893      7.338   156.7950 1.5671e+02    11.6517      0.579      0.839    14.9610   999.1274 0.0000e+00
      0.593      0.013     6.2542     88.445     40.523  32.382417     3.3325      7.338   156.7889 1.5166e+02    11.7377      0.581      0.844    14.9562   999.1281 0.0000e+00
      0.596      0.011     6.2561     88.301     40.537  32.393956     3.3393      7.335   156.7475 1.4956e+02    11.7054      0.585      0.848    14.9534   999.1285 0.0000e+00
      0.599      0.010     6.2551     88.109     40.534  32.392924     3.3377      7.335   156.8103 1.5065e+02    11.7200      0.588      0.852    14.9524   999.1286 0.0000e+00
      0.602      0.009     6.2528     87.936     40.502  32.369943     3.3820      7.335   156.8598 1.5250e+02    11.6189      0.590      0.857    14.9523   999.1287 0.0000e+00
      0.604      0.008     6.2482     87.811     40.497  32.369943     3.4768      7.334   156.9167 1.5502e+02    11.4006      0.592      0.859    14.9521   999.1287 0.0000e+00
      0.605      0.008     6.2384     87.732     40.521  32.392923     3.5217      7.332   157.0673 1.5797e+02    11.2768      0.593      0.860    14.9517   999.1288 0.0000e+00
      0.606      0.008     6.2216     87.717     40.519  32.393953     3.5170      7.331   157.2182 1.6026e+02    11.2353      0.595      0.862    14.9530   999.1287 0.0000e+00
      0.608      0.009     6.2084     87.759     40.503  32.382405     3.4886      7.331   157.1920 1.6196e+02    11.1288      0.596      0.864    14.9565   999.1281 0.0000e+00
      0.611      0.010     6.2000     87.832     40.501  32.380220     3.4303      7.331   157.0954 1.6505e+02    10.9393      0.599      0.869    14.9619   999.1273 0.0000e+00
      0.614      0.011     6.1920     87.904     40.486  32.367539     3.3925      7.329   157.0824 1.6883e+02    10.8129      0.602      0.873    14.9674   999.1265 0.0000e+00
      0.617      0.012     6.1911     87.942     40.472  32.355992     3.3876      7.325   157.2079 1.6969e+02    10.8133      0.605      0.877    14.9711   999.1259 0.0000e+00
      0.620      0.012     6.1947     87.929     40.487  32.367529     3.3791      7.322   157.4071 1.7180e+02    10.9764      0.608      0.881    14.9721   999.1258 0.0000e+00
      0.623      0.011     6.2007     87.874     40.504  32.380107     3.3601      7.317   157.5125 1.7753e+02    11.2117      0.611      0.885    14.9705   999.1261 0.0000e+00
      0.626      0.011     6.2069     87.810     40.506  32.381156     3.3480      7.313   157.5361 1.8458e+02    11.2984      0.614      0.891    14.9700   999.1261 0.0000e+00
      0.629      0.010     6.2099     87.740     40.507  32.380211     3.3366      7.310   157.6063 1.8907e+02    11.2709      0.617      0.895    14.9699   999.1261 0.0000e+00
      0.631      0.009     6.2092     87.653     40.496  32.368674     3.2834      7.308   157.7593 1.8613e+02    11.2394      0.619      0.898    14.9687   999.1264 0.0000e+00
      0.633      0.009     6.2040     87.594     40.498  32.368580     3.2075      7.307   157.8373 1.8063e+02    11.2454      0.621      0.901    14.9683   999.1264 0.0000e+00
      0.634      0.009     6.1992     87.594     40.514  32.379080     3.1733      7.305   157.7741 1.7790e+02    11.2784      0.622      0.902    14.9672   999.1266 0.0000e+00
      0.636      0.009     6.1964     87.612     40.504  32.368695     3.1653      7.305   157.6838 1.7741e+02    11.2783      0.624      0.905    14.9648   999.1270 0.0000e+00
      0.639      0.010     6.1883     87.611     40.508  32.369935     3.1277      7.305   157.6922 1.7933e+02    11.2106      0.627      0.909    14.9622   999.1274 0.0000e+00
      0.642      0.012     6.1831     87.586     40.540  32.394070     3.0737      7.307   157.7894 1.8547e+02    11.0833      0.630      0.914    14.9598   999.1277 0.0000e+00
      0.644      0.013     6.1857     87.556     40.558  32.406668     3.0502      7.309   157.9133 1.8807e+02    11.0168      0.632      0.916    14.9569   999.1282 0.0000e+00
      0.648      0.014     6.1881     87.539     40.545  32.395329     3.0432      7.310   158.0711 1.8222e+02    11.0299      0.634      0.920    14.9539   999.1286 0.0000e+00
      0.653      0.015     6.1885     87.530     40.530  32.383894     3.0406      7.311   158.1480 1.7962e+02    11.0122      0.640      0.928    14.9515   999.1290 0.0000e+00
      0.657      0.015     6.1863     87.516     40.545  32.395329     3.0962      7.311   158.1546 1.8265e+02    11.0972      0.644      0.935    14.9492   999.1294 0.0000e+00
      0.661      0.015     6.1839     87.510     40.561  32.406669     3.2044      7.311   158.2385 1.8365e+02    11.3363      0.649      0.941    14.9470   999.1298 0.0000e+00
      0.665      0.014     6.1829     87.513     40.546  32.394081     3.2737      7.311   158.3019 1.8062e+02    11.4781      0.652      0.946    14.9459   999.1300 0.0000e+00
      0.668      0.013     6.1831     87.511     40.517  32.370050     3.2932      7.310   158.2323 1.7618e+02    11.5006      0.655      0.950    14.9466   999.1298 0.0000e+00
      0.670      0.013     6.1817     87.519     40.517  32.369956     3.3012      7.310   158.2569 1.7269e+02    11.4453      0.657      0.953    14.9463   999.1299 0.0000e+00
      0.673      0.013     6.1806     87.530     40.546  32.392938     3.3095      7.310   158.4276 1.7010e+02    11.3005      0.660      0.958    14.9450   999.1301 0.0000e+00
      0.677      0.013     6.1827     87.534     40.546  32.394081     3.3240      7.309   158.4897 1.6910e+02    11.2253      0.665      0.963    14.9436   999.1303 0.0000e+00
