Data/DataNotYetUploadedToEDI/Raw_CTD/RawDownloads/102319_fcr30.cnv
* Sea-Bird SBE19plus  Data File:
* FileName = C:\DATA\102319_fcr_0003.hex
* Software version 2.8.0.119 SB_Terminal.dll
* Temperature SN = 7809
* Conductivity SN = 7809
* System UpLoad Time = Oct 23 2019 15:56:09
* <ApplicationData>
* <Seaterm232>
# nquan = 16
# nvalues = 299                         
# units = specified
# name 0 = depFM: Depth [fresh water, m]
# name 1 = dz/dtM: Descent Rate [m/s]
# name 2 = sbeox0ML/L: Oxygen, SBE 43 [ml/l]
# name 3 = sbeox0PS: Oxygen, SBE 43 [% saturation]
# name 4 = specc: Specific Conductance [uS/cm]
# name 5 = c0uS/cm: Conductivity [uS/cm]
# name 6 = flECO-AFL: Fluorescence, WET Labs ECO-AFL/FL [mg/m^3]
# name 7 = ph: pH
# name 8 = orp: Oxidation Reduction Potential [mV]
# name 9 = par/sat/log: PAR/Logarithmic, Satlantic
# name 10 = turbWETntu0: Turbidity, WET Labs ECO [NTU]
# name 11 = prdM: Pressure, Strain Gauge [db]
# name 12 = prdE: Pressure, Strain Gauge [psi]
# name 13 = tv290C: Temperature [ITS-90, deg C]
# name 14 = density00: Density [density, kg/m^3]
# name 15 = flag:  0.000e+00
# span 0 =     -0.375,      5.406       
# span 1 =     -0.017,      0.211       
# span 2 =     1.8528,     7.0761       
# span 3 =     25.718,     99.424       
# span 4 =     40.735,     55.468       
# span 5 =  32.257156,  43.083843       
# span 6 =     0.6647,     3.0313       
# span 7 =      6.776,      7.775       
# span 8 =   272.6958,   306.8771       
# span 9 = 1.2359e-01, 1.2992e+03       
# span 10 =     7.4163,    12.3540      
# span 11 =     -0.381,      5.302      
# span 12 =     -0.551,      7.691      
# span 13 =    13.8176,    14.7194      
# span 14 =   999.1612,   999.3183      
# span 15 = 0.0000e+00, 0.0000e+00      
# interval = seconds: 0.25
# start_time = Oct 23 2019 11:20:51 [Instrument's time stamp, header]
# bad_flag = -9.990e-29
*END*
[from data line 91]
      0.297      0.096     4.6460     66.567     40.784  32.371366     2.6300      7.339   272.7479 2.8536e+02     9.8938      0.294      0.426    14.6863   999.1669 0.0000e+00
      0.326      0.092     4.6670     66.781     40.782  32.370326     2.6630      7.336   272.6958 2.8462e+02     9.6031      0.321      0.465    14.6873   999.1668 0.0000e+00
      0.352      0.085     4.6905     66.916     40.812  32.395491     2.6603      7.334   272.7583 2.9509e+02     9.4515      0.345      0.501    14.6839   999.1675 0.0000e+00
      0.373      0.078     4.7095     66.951     40.844  32.421791     2.6489      7.329   273.0726 3.0453e+02     9.4370      0.369      0.536    14.6816   999.1680 0.0000e+00
      0.387      0.074     4.7307     66.897     40.860  32.434473     2.6122      7.322   273.3988 3.2275e+02     9.3632      0.380      0.551    14.6824   999.1678 0.0000e+00
      0.397      0.076     4.7458     66.820     40.846  32.421904     2.5379      7.314   273.6043 3.3160e+02     9.1812      0.387      0.562    14.6831   999.1678 0.0000e+00
      0.410      0.084     4.7558     66.786     40.814  32.396740     2.4869      7.306   273.7500 3.1407e+02     9.0722      0.399      0.580    14.6854   999.1675 0.0000e+00
      0.433      0.097     4.7586     66.856     40.796  32.384068     2.4734      7.299   273.8702 2.7801e+02     9.0941      0.422      0.612    14.6877   999.1673 0.0000e+00
      0.463      0.111     4.7518     67.035     40.809  32.395607     2.5040      7.293   273.9400 2.5078e+02     9.2161      0.455      0.660    14.6870   999.1676 0.0000e+00
      0.497      0.121     4.7461     67.301     40.828  32.409329     2.5702      7.288   273.9910 2.4307e+02     9.4004      0.485      0.704    14.6834   999.1683 0.0000e+00
      0.533      0.126     4.7411     67.647     40.851  32.423061     2.6057      7.284   274.1430 2.3271e+02     9.4880      0.522      0.757    14.6835   999.1684 0.0000e+00
      0.571      0.126     4.7460     68.024     40.872  32.434704     2.6039      7.279   274.2288 2.1971e+02     9.4565      0.562      0.815    14.6869   999.1680 0.0000e+00
      0.603      0.123     4.7599     68.380     40.865  32.423175     2.6012      7.276   274.1679 2.1042e+02     9.4119      0.594      0.863    14.6895   999.1678 0.0000e+00
      0.630      0.118     4.7778     68.710     40.856  32.410589     2.6081      7.273   274.1817 2.0273e+02     9.4407      0.617      0.894    14.6876   999.1682 0.0000e+00
      0.657      0.111     4.8051     69.002     40.859  32.409434     2.6086      7.268   274.2236 1.9512e+02     9.5090      0.641      0.929    14.6808   999.1694 0.0000e+00
      0.687      0.102     4.8343     69.267     40.862  32.409207     2.6079      7.263   274.2432 1.8638e+02     9.4842      0.674      0.978    14.6749   999.1704 0.0000e+00
      0.716      0.090     4.8597     69.535     40.863  32.407845     2.6517      7.259   274.3333 1.8066e+02     9.2720      0.704      1.021    14.6677   999.1716 0.0000e+00
      0.741      0.076     4.8844     69.757     40.846  32.392958     2.7306      7.256   274.3661 1.7550e+02     8.9751      0.728      1.056    14.6603   999.1728 0.0000e+00
      0.761      0.061     4.9062     69.872     40.799  32.356130     2.7807      7.256   274.3821 1.7290e+02     8.8115      0.750      1.087    14.6556   999.1736 0.0000e+00
      0.773      0.049     4.9224     69.839     40.783  32.343333     2.7894      7.256   274.5266 1.7616e+02     8.7675      0.761      1.104    14.6535   999.1739 0.0000e+00
      0.776      0.043     4.9445     69.624     40.811  32.365152     2.7756      7.255   274.6503 1.7866e+02     8.7711      0.762      1.105    14.6509   999.1743 0.0000e+00
      0.778      0.041     4.9623     69.269     40.813  32.366095     2.7090      7.252   274.6738 1.7752e+02     8.8552      0.761      1.104    14.6483   999.1747 0.0000e+00
      0.787      0.042     4.9702     68.812     40.798  32.354735     2.5995      7.247   274.6380 1.7306e+02     8.9652      0.768      1.114    14.6493   999.1746 0.0000e+00
      0.802      0.044     4.9707     68.255     40.797  32.354724     2.5437      7.243   274.5624 1.6773e+02     9.0190      0.786      1.139    14.6497   999.1745 0.0000e+00
      0.821      0.048     4.9528     67.664     40.810  32.365958     2.5382      7.240   274.5343 1.6426e+02     9.0150      0.808      1.170    14.6488   999.1748 0.0000e+00
      0.835      0.049     4.9263     67.091     40.808  32.363642     2.5495      7.237   274.6417 1.6336e+02     9.0151      0.822      1.192    14.6481   999.1750 0.0000e+00
      0.845      0.048     4.8958     66.522     40.768  32.326718     2.5851      7.234   274.7419 1.6123e+02     9.0525      0.829      1.202    14.6483   999.1750 0.0000e+00
      0.854      0.045     4.8526     66.017     40.757  32.300278     2.6049      7.230   274.7138 1.5529e+02     9.0741      0.836      1.213    14.6500   999.1747 0.0000e+00
      0.864      0.041     4.8091     65.924     40.792  32.297774     2.6066      7.227   274.7321 1.5080e+02     9.0473      0.846      1.228    14.6515   999.1746 0.0000e+00
      0.877      0.039     4.7693     66.786     40.825  32.296405     2.6234      7.227   274.7909 1.4747e+02     8.9576      0.861      1.248    14.6513   999.1747 0.0000e+00
      0.888      0.038     4.7294     68.864     40.829  32.283695     2.6514      7.227   274.8227 1.4331e+02     8.8414      0.873      1.266    14.6500   999.1749 0.0000e+00
      0.897      0.037     4.6877     71.955     40.823  32.271001     2.6675      7.227   274.8585 1.4290e+02     8.7889      0.880      1.276    14.6294   999.1780 0.0000e+00
      0.905      0.035     4.6670     75.601     40.826  32.269839     2.6708      7.227   274.7940 1.4262e+02     8.7825      0.888      1.287    14.5831   999.1848 0.0000e+00
      0.914      0.032     4.7257     79.372     40.827  32.269640     2.6224      7.226   274.7301 1.3908e+02     8.7307      0.897      1.301    14.5454   999.1903 0.0000e+00
      0.922      0.030     4.8820     82.896     40.827  32.268591     2.5253      7.226   274.7746 1.3675e+02     8.6219      0.904      1.311    14.5277   999.1929 0.0000e+00
      0.929      0.029     5.1164     85.764     40.814  32.257156     2.4767      7.226   274.8163 1.3391e+02     8.5485      0.910      1.321    14.5201   999.1941 0.0000e+00
      0.937      0.026     5.3881     87.695     40.816  32.258299     2.4766      7.224   274.8906 1.3193e+02     8.5310      0.920      1.335    14.5171   999.1944 0.0000e+00
      0.944      0.023     5.6635     88.636     40.848  32.282416     2.4799      7.223   274.9842 1.3207e+02     8.2469      0.927      1.344    14.5157   999.1947 0.0000e+00
      0.949      0.020     5.9281     88.753     40.865  32.294909     2.4823      7.222   275.0010 1.2987e+02     7.7023      0.931      1.350    14.5153   999.1949 0.0000e+00
      0.954      0.016     6.1393     88.348     40.849  32.282427     2.4793      7.220   275.0082 1.2767e+02     7.4195      0.935      1.358    14.5143   999.1950 0.0000e+00
      0.958      0.012     6.2784     87.702     40.814  32.258414     2.4788      7.219   275.0716 1.2645e+02     7.4163      0.940      1.362    14.5133   999.1952 0.0000e+00
      0.960      0.011     6.3417     87.001     40.809  32.258415     2.4765      7.219   275.0787 1.2723e+02     7.4339      0.942      1.367    14.5120   999.1954 0.0000e+00
      0.961      0.013     6.3407     86.334     40.836  32.282447     2.4428      7.219   275.0940 1.2865e+02     7.4691      0.942      1.368    14.5103   999.1956 0.0000e+00
      0.962      0.018     6.3055     85.771     40.852  32.295138     2.3827      7.219   275.2567 1.2599e+02     7.5464      0.943      1.367    14.5103   999.1956 0.0000e+00
      0.965      0.025     6.2534     85.347     40.842  32.284943     2.3486      7.219   275.3248 1.2312e+02     7.6148      0.945      1.371    14.5143   999.1950 0.0000e+00
      0.971      0.031     6.2018     85.022     40.847  32.286107     2.3516      7.217   275.2294 1.2026e+02     7.6740      0.950      1.378    14.5207   999.1941 0.0000e+00
      0.982      0.035     6.1512     84.737     40.880  32.309194     2.3921      7.215   275.1358 1.1664e+02     7.9998      0.961      1.394    14.5243   999.1937 0.0000e+00
      0.998      0.035     6.1101     84.483     40.884  32.310245     2.4482      7.213   275.1393 1.1361e+02     8.6033      0.980      1.421    14.5248   999.1937 0.0000e+00
      1.011      0.031     6.0812     84.250     40.869  32.298813     2.4663      7.212   275.2719 1.1058e+02     8.9743      0.995      1.443    14.5225   999.1941 0.0000e+00
      1.018      0.026     6.0619     84.073     40.867  32.297885     2.4643      7.211   275.3622 1.0841e+02     9.0445      1.000      1.450    14.5166   999.1950 0.0000e+00
      1.020      0.024     6.0403     83.931     40.867  32.299039     2.4229      7.209   275.3708 1.0767e+02     8.8625      1.001      1.451    14.5123   999.1956 0.0000e+00
      1.021      0.026     6.0243     83.731     40.885  32.312763     2.3399      7.204   275.4619 1.0899e+02     8.4785      1.002      1.453    14.5110   999.1958 0.0000e+00
      1.023      0.036     6.0065     83.562     40.920  32.336899     2.3012      7.197   275.6898 1.0946e+02     8.3014      1.002      1.453    14.5113   999.1957 0.0000e+00
      1.029      0.052     5.9908     83.411     40.927  32.337014     2.3015      7.188   275.8887 1.0625e+02     8.3593      1.005      1.456    14.5124   999.1956 0.0000e+00
      1.044      0.073     5.9902     83.213     40.905  32.314147     2.3870      7.179   275.9744 1.0118e+02     8.7199      1.021      1.481    14.5145   999.1954 0.0000e+00
      1.067      0.094     5.9664     83.055     40.911  32.314252     2.5634      7.171   276.1236 9.4973e+01     9.3185      1.046      1.517    14.5155   999.1953 0.0000e+00
      1.095      0.110     5.9571     82.895     40.946  32.338284     2.6571      7.165   276.3163 8.8504e+01     9.6330      1.071      1.554    14.5103   999.1962 0.0000e+00
      1.130      0.118     5.9532     82.618     40.966  32.350862     2.6612      7.160   276.3258 8.2494e+01     9.6712      1.106      1.603    14.5014   999.1977 0.0000e+00
      1.169      0.118     5.9318     82.264     40.954  32.339409     2.6817      7.157   276.2383 7.5033e+01     9.5832      1.147      1.663    14.4951   999.1988 0.0000e+00
      1.206      0.114     5.9245     81.910     40.939  32.326727     2.7144      7.155   276.2906 6.9514e+01     9.3886      1.188      1.723    14.4906   999.1996 0.0000e+00
      1.233      0.108     5.9186     81.545     40.937  32.324440     2.7191      7.152   276.4418 6.7177e+01     9.2844      1.213      1.761    14.4859   999.2004 0.0000e+00
      1.250      0.103     5.8972     81.186     40.923  32.311748     2.7121      7.150   276.6037 6.4701e+01     9.2734      1.224      1.777    14.4814   999.2012 0.0000e+00
      1.269      0.101     5.8685     80.861     40.910  32.300192     2.7169      7.147   276.6998 6.1870e+01     9.2561      1.242      1.801    14.4789   999.2016 0.0000e+00
      1.294      0.104     5.8459     80.576     40.925  32.311634     2.7679      7.143   276.6577 5.8588e+01     9.2391      1.269      1.840    14.4782   999.2018 0.0000e+00
      1.323      0.108     5.8187     80.369     40.941  32.323172     2.8611      7.141   276.6097 5.4934e+01     9.2310      1.296      1.879    14.4769   999.2021 0.0000e+00
      1.355      0.111     5.7919     80.253     40.930  32.312768     2.8981      7.141   276.6365 5.1250e+01     9.2241      1.327      1.924    14.4755   999.2025 0.0000e+00
      1.390      0.113     5.7701     80.169     40.930  32.312768     2.8861      7.141   276.6365 4.7627e+01     9.2213      1.364      1.979    14.4746   999.2028 0.0000e+00
      1.420      0.113     5.7481     80.094     40.944  32.323171     2.8378      7.140   276.6097 4.4957e+01     9.2308      1.396      2.026    14.4731   999.2031 0.0000e+00
      1.444      0.113     5.7326     80.059     40.930  32.311634     2.7308      7.138   276.6573 4.3070e+01     9.2399      1.417      2.054    14.4714   999.2035 0.0000e+00
      1.465      0.113     5.7272     80.073     40.917  32.300193     2.6579      7.135   276.7820 4.0559e+01     9.2325      1.433      2.079    14.4701   999.2037 0.0000e+00
      1.494      0.116     5.7220     80.129     40.932  32.311748     2.6506      7.130   276.9129 3.7726e+01     9.2079      1.463      2.122    14.4695   999.2039 0.0000e+00
      1.528      0.122     5.7148     80.227     40.948  32.324432     2.6595      7.125   277.1211 3.5439e+01     9.1388      1.500      2.175    14.4691   999.2042 0.0000e+00
      1.560      0.132     5.7126     80.336     40.952  32.326626     2.6697      7.121   277.4069 3.3442e+01     9.0516      1.531      2.219    14.4687   999.2044 0.0000e+00
      1.592      0.141     5.7140     80.410     40.967  32.338278     2.6701      7.118   277.5291 3.1259e+01     9.0059      1.559      2.261    14.4680   999.2046 0.0000e+00
      1.629      0.146     5.7178     80.454     40.967  32.338393     2.6559      7.116   277.4798 2.8990e+01     8.9795      1.596      2.314    14.4671   999.2050 0.0000e+00
      1.669      0.147     5.7254     80.464     40.955  32.328009     2.6535      7.115   277.4127 2.6804e+01     8.9291      1.637      2.373    14.4663   999.2053 0.0000e+00
      1.711      0.145     5.7357     80.407     40.970  32.339653     2.6851      7.115   277.3197 2.4665e+01     8.8560      1.677      2.433    14.4657   999.2055 0.0000e+00
      1.752      0.140     5.7400     80.316     40.986  32.352250     2.7173      7.114   277.2169 2.2855e+01     8.8155      1.721      2.496    14.4654   999.2058 0.0000e+00
      1.788      0.134     5.7427     80.234     40.988  32.353396     2.7123      7.113   277.2023 2.1549e+01     8.8329      1.757      2.549    14.4651   999.2060 0.0000e+00
      1.816      0.128     5.7460     80.146     40.989  32.353511     2.6687      7.110   277.2290 2.0498e+01     8.9026      1.781      2.584    14.4648   999.2061 0.0000e+00
      1.842      0.123     5.7399     80.032     40.989  32.353634     2.6240      7.109   277.1952 1.9409e+01     9.0032      1.804      2.617    14.4644   999.2063 0.0000e+00
      1.872      0.121     5.7321     79.917     40.991  32.354883     2.6141      7.108   277.2239 1.8199e+01     9.0327      1.835      2.661    14.4638   999.2066 0.0000e+00
      1.906      0.122     5.7270     79.818     41.009  32.368615     2.6086      7.105   277.4046 1.7027e+01     8.9976      1.870      2.712    14.4634   999.2068 0.0000e+00
      1.939      0.127     5.7221     79.718     41.040  32.392742     2.5928      7.101   277.6590 1.6042e+01     9.0049      1.902      2.759    14.4630   999.2070 0.0000e+00
      1.970      0.131     5.7127     79.628     41.040  32.392751     2.6051      7.097   277.8038 1.5181e+01     9.0876      1.931      2.802    14.4626   999.2072 0.0000e+00
      2.001      0.134     5.7034     79.551     41.010  32.368729     2.6452      7.092   277.7785 1.4288e+01     9.2112      1.962      2.846    14.4622   999.2074 0.0000e+00
      2.036      0.135     5.6984     79.463     40.994  32.356133     2.6698      7.088   277.7839 1.3355e+01     9.2872      1.996      2.895    14.4617   999.2076 0.0000e+00
      2.074      0.133     5.6899     79.370     41.008  32.367378     2.6687      7.086   277.7824 1.2464e+01     9.3187      2.034      2.950    14.4612   999.2079 0.0000e+00
      2.111      0.128     5.6834     79.302     41.022  32.377762     2.6749      7.085   277.6758 1.1644e+01     9.2641      2.070      3.003    14.4610   999.2081 0.0000e+00
