Data/DataNotYetUploadedToEDI/Raw_CTD/RawDownloads/102319_fcr30.cnv
* Sea-Bird SBE19plus  Data File:
* FileName = C:\DATA\102319_fcr_0003.hex
* Software version 2.8.0.119 SB_Terminal.dll
* Temperature SN = 7809
* Conductivity SN = 7809
* System UpLoad Time = Oct 23 2019 15:56:09
* <ApplicationData>
* <Seaterm232>
# nquan = 16
# nvalues = 299                         
# units = specified
# name 0 = depFM: Depth [fresh water, m]
# name 1 = dz/dtM: Descent Rate [m/s]
# name 2 = sbeox0ML/L: Oxygen, SBE 43 [ml/l]
# name 3 = sbeox0PS: Oxygen, SBE 43 [% saturation]
# name 4 = specc: Specific Conductance [uS/cm]
# name 5 = c0uS/cm: Conductivity [uS/cm]
# name 6 = flECO-AFL: Fluorescence, WET Labs ECO-AFL/FL [mg/m^3]
# name 7 = ph: pH
# name 8 = orp: Oxidation Reduction Potential [mV]
# name 9 = par/sat/log: PAR/Logarithmic, Satlantic
# name 10 = turbWETntu0: Turbidity, WET Labs ECO [NTU]
# name 11 = prdM: Pressure, Strain Gauge [db]
# name 12 = prdE: Pressure, Strain Gauge [psi]
# name 13 = tv290C: Temperature [ITS-90, deg C]
# name 14 = density00: Density [density, kg/m^3]
# name 15 = flag:  0.000e+00
# span 0 =     -0.375,      5.406       
# span 1 =     -0.017,      0.211       
# span 2 =     1.8528,     7.0761       
# span 3 =     25.718,     99.424       
# span 4 =     40.735,     55.468       
# span 5 =  32.257156,  43.083843       
# span 6 =     0.6647,     3.0313       
# span 7 =      6.776,      7.775       
# span 8 =   272.6958,   306.8771       
# span 9 = 1.2359e-01, 1.2992e+03       
# span 10 =     7.4163,    12.3540      
# span 11 =     -0.381,      5.302      
# span 12 =     -0.551,      7.691      
# span 13 =    13.8176,    14.7194      
# span 14 =   999.1612,   999.3183      
# span 15 = 0.0000e+00, 0.0000e+00      
# interval = seconds: 0.25
# start_time = Oct 23 2019 11:20:51 [Instrument's time stamp, header]
# bad_flag = -9.990e-29
*END*
[from data line 272]
      4.788      0.160     5.4836     65.368     49.174  38.507099     2.3094      6.922   282.8458 1.2379e-01     8.8640      4.694      6.807    14.3279   999.2408 0.0000e+00
      4.834      0.170     5.3526     61.510     50.039  39.134968     2.1898      6.912   283.1703 1.2377e-01     8.7839      4.741      6.876    14.3078   999.2442 0.0000e+00
      4.883      0.175     5.1677     57.296     50.840  39.717557     2.1803      6.903   283.5006 1.2372e-01     8.7367      4.787      6.944    14.2653   999.2508 0.0000e+00
      4.933      0.174     4.9508     52.959     51.692  40.345443     2.0903      6.893   283.6552 1.2372e-01     8.6537      4.837      7.016    14.2062   999.2598 0.0000e+00
      4.981      0.167     4.7073     48.886     52.507  40.949482     1.9080      6.884   283.9215 1.2367e-01     8.4693      4.887      7.089    14.1485   999.2686 0.0000e+00
      5.022      0.157     4.4357     45.326     53.162  41.434039     1.8150      6.876   284.6542 1.2359e-01     8.3428      4.928      7.149    14.0993   999.2759 0.0000e+00
      5.056      0.148     4.1312     42.338     53.692  41.823435     1.7881      6.867   285.6321 1.2362e-01     8.3035      4.959      7.192    14.0561   999.2824 0.0000e+00
      5.089      0.142     3.8083     39.849     54.242  42.229150     1.5660      6.857   286.3661 1.2372e-01     8.1576      4.991      7.237    14.0192   999.2880 0.0000e+00
      5.123      0.142     3.5123     37.802     54.739  42.593468     1.1752      6.845   286.8185 1.2376e-01     7.9549      5.026      7.289    13.9896   999.2925 0.0000e+00
      5.157      0.148     3.2553     36.186     55.034  42.799740     0.9646      6.833   287.3158 1.2375e-01     7.8848      5.056      7.334    13.9653   999.2963 0.0000e+00
      5.192      0.154     3.0439     34.854     55.249  42.945328     0.9533      6.822   287.7335 1.2374e-01     7.9002      5.090      7.381    13.9439   999.2995 0.0000e+00
      5.234      0.154     2.8686     33.608     55.454  43.083843     0.9513      6.814   287.9973 1.2372e-01     7.9115      5.131      7.441    13.9236   999.3027 0.0000e+00
      5.281      0.146     2.7185     32.315     55.468  43.077610     0.8713      6.807   288.4405 1.2368e-01     8.0550      5.178      7.510    13.9019   999.3061 0.0000e+00
      5.328      0.129     2.6092     30.963     55.293  42.933445     0.7314      6.801   288.8755 1.2366e-01     8.3239      5.228      7.582    13.8810   999.3093 0.0000e+00
      5.366      0.105     2.5188     29.643     55.124  42.801122     0.6647      6.796   288.9551 1.2366e-01     8.5087      5.269      7.642    13.8620   999.3121 0.0000e+00
      5.389      0.077     2.4336     28.431     55.051  42.747582     0.6715      6.793   288.8865 1.2366e-01     8.5851      5.289      7.672    13.8421   999.3151 0.0000e+00
      5.396      0.050     2.3418     27.373     55.023  42.730563     0.7010      6.790   288.8205 1.2372e-01     8.5582      5.293      7.678    13.8251   999.3174 0.0000e+00
      5.397      0.028     2.2400     26.504     55.006  42.722335     0.7525      6.787   288.7605 1.2374e-01     8.4467      5.293      7.677    13.8176   999.3183 0.0000e+00
      5.398      0.013     2.1434     25.919     54.988  42.711610     0.7825      6.784   288.7625 1.2374e-01     8.3833      5.293      7.677    13.8177   999.3182 0.0000e+00
      5.399      0.006     2.0536     25.718     54.925  42.664383     0.7781      6.781   288.7582 1.2376e-01     8.3815      5.294      7.678    13.8212   999.3177 0.0000e+00
      5.400      0.005     1.9772     25.880     54.833  42.595773     0.7856      6.778   288.7089 1.2378e-01     8.3274      5.295      7.680    13.8271   999.3170 0.0000e+00
      5.401      0.005     1.9116     26.276     54.726  42.516987     0.8133      6.776   288.5964 1.2378e-01     8.1881      5.296      7.682    13.8319   999.3163 0.0000e+00
      5.403      0.005     1.8642     26.510     54.667  42.473712     0.8271      6.776   288.5159 1.2377e-01     8.1061      5.298      7.684    13.8338   999.3161 0.0000e+00
      5.405 -9.990e-29     1.8528 -9.990e-29 -9.990e-29 -9.990e-29 -9.990e-29 -9.990e-29 -9.990e-29 1.2378e-01 -9.990e-29      5.300      7.688    13.8352   999.3158 0.0000e+00
      5.406 -9.990e-29     1.8642 -9.990e-29 -9.990e-29 -9.990e-29 -9.990e-29 -9.990e-29 -9.990e-29 1.2376e-01 -9.990e-29      5.301      7.689    13.8367   999.3156 0.0000e+00
      5.406 -9.990e-29     1.9038 -9.990e-29 -9.990e-29 -9.990e-29 -9.990e-29 -9.990e-29 -9.990e-29 1.2374e-01 -9.990e-29      5.301      7.689    13.8421   999.3148 0.0000e+00
      5.406 -9.990e-29     1.9377 -9.990e-29 -9.990e-29 -9.990e-29 -9.990e-29 -9.990e-29 -9.990e-29 1.2374e-01 -9.990e-29      5.302      7.691    13.8470   999.3141 0.0000e+00
