Data/DataNotYetUploadedToEDI/Raw_CTD/RawDownloads/102319_fcr50.cnv
* Sea-Bird SBE19plus  Data File:
* FileName = C:\DATA\102319_fcr50_0003.hex
* Software version 2.8.0.119 SB_Terminal.dll
* Temperature SN = 7809
* Conductivity SN = 7809
* System UpLoad Time = Oct 23 2019 09:56:24
* <ApplicationData>
* <Seaterm232>
# nquan = 16
# nvalues = 1012                        
# units = specified
# name 0 = depFM: Depth [fresh water, m]
# name 1 = dz/dtM: Descent Rate [m/s]
# name 2 = sbeox0ML/L: Oxygen, SBE 43 [ml/l]
# name 3 = sbeox0PS: Oxygen, SBE 43 [% saturation]
# name 4 = specc: Specific Conductance [uS/cm]
# name 5 = c0uS/cm: Conductivity [uS/cm]
# name 6 = flECO-AFL: Fluorescence, WET Labs ECO-AFL/FL [mg/m^3]
# name 7 = ph: pH
# name 8 = orp: Oxidation Reduction Potential [mV]
# name 9 = par/sat/log: PAR/Logarithmic, Satlantic
# name 10 = turbWETntu0: Turbidity, WET Labs ECO [NTU]
# name 11 = prdM: Pressure, Strain Gauge [db]
# name 12 = prdE: Pressure, Strain Gauge [psi]
# name 13 = tv290C: Temperature [ITS-90, deg C]
# name 14 = density00: Density [density, kg/m^3]
# name 15 = flag:  0.000e+00
# span 0 =     -0.569,      9.769       
# span 1 =     -0.280,      0.144       
# span 2 =    -0.5939,     7.2407       
# span 3 =     -7.860,     99.664       
# span 4 =     22.253,    414.403       
# span 5 =  16.676233, 320.911788       
# span 6 =    -2.3940,     3.9724       
# span 7 =      3.054,      8.477       
# span 8 = -1240.7455,   524.0390       
# span 9 = 1.2352e-01, 1.0480e+03       
# span 10 =    -5.4022,    36.1433      
# span 11 =     -0.558,      9.581      
# span 12 =     -0.810,     13.896      
# span 13 =    12.4485,    14.5005      
# span 14 =   999.1934,   999.4856      
# span 15 = 0.0000e+00, 0.0000e+00      
# interval = seconds: 0.25
# start_time = Oct 23 2019 09:42:02 [Instrument's time stamp, header]
# bad_flag = -9.990e-29
*END*
[from data line 633]
      4.771      0.048     5.8609     82.072     40.690  32.105340     2.9140      6.999   224.7567 1.2377e-01    10.4632      4.678      6.785    14.4470   999.2222 0.0000e+00
      4.783      0.047     5.8610     82.101     40.711  32.122086     2.9022      6.998   224.9013 1.2372e-01    10.5718      4.691      6.803    14.4470   999.2222 0.0000e+00
      4.795      0.046     5.8617     82.134     40.801  32.192545     2.8962      6.998   225.0768 1.2374e-01    10.5483      4.704      6.822    14.4473   999.2223 0.0000e+00
      4.806      0.045     5.8593     82.150     41.048  32.386110     2.9019      6.999   225.1577 1.2379e-01    10.5072      4.713      6.837    14.4478   999.2222 0.0000e+00
      4.817      0.043     5.8592     82.155     41.514  32.749009     2.9625      6.999   225.0182 1.2385e-01    10.3038      4.724      6.852    14.4480   999.2223 0.0000e+00
      4.829      0.041     5.8622     82.155     42.446  33.470694     3.0653      6.998   224.8532 1.2390e-01     9.9244      4.735      6.868    14.4481   999.2223 0.0000e+00
      4.839      0.041     5.8651     82.126     44.043  34.702030     3.1308      6.997   224.7969 1.2384e-01     9.6884      4.746      6.884    14.4478   999.2224 0.0000e+00
      4.849      0.042     5.8664     82.054     45.774  36.022485     3.1566      6.996   224.7675 1.2374e-01     9.6459      4.756      6.898    14.4471   999.2226 0.0000e+00
      4.858      0.043     5.8661     81.908     47.073  36.996059     3.2286      6.995   224.8423 1.2371e-01     9.8693      4.763      6.909    14.4431   999.2235 0.0000e+00
      4.868      0.046     5.8696     81.600     47.881  37.587085     3.3599      6.994   225.0992 1.2373e-01    10.3243      4.772      6.922    14.4301   999.2255 0.0000e+00
      4.881      0.048     5.8710     81.028     48.327  37.899973     3.4350      6.994   225.2927 1.2374e-01    10.5928      4.786      6.942    14.4006   999.2304 0.0000e+00
      4.895      0.049     5.8727     80.060     48.719  38.176535     3.4346      6.994   225.2888 1.2375e-01    10.6253      4.801      6.963    14.3483   999.2387 0.0000e+00
      4.909      0.050     5.8730     78.590     49.186  38.518730     3.3551      6.993   225.3106 1.2373e-01    10.6516      4.814      6.982    14.2905   999.2474 0.0000e+00
      4.922      0.050     5.8582     76.569     49.571  38.799922     3.2121      6.990   225.4695 1.2365e-01    10.7471      4.828      7.001    14.2445   999.2543 0.0000e+00
      4.934      0.049     5.8267     74.097     49.817  38.973668     3.1352      6.986   225.5757 1.2362e-01    10.8301      4.839      7.018    14.2067   999.2598 0.0000e+00
      4.946      0.047     5.7631     71.440     49.912  39.032413     3.1267      6.982   225.5625 1.2362e-01    10.8683      4.850      7.034    14.1747   999.2645 0.0000e+00
      4.957      0.047     5.6622     68.832     49.890  39.002328     3.0762      6.977   225.5677 1.2364e-01    10.9141      4.861      7.050    14.1515   999.2680 0.0000e+00
      4.969      0.046     5.5183     66.432     49.887  38.990796     2.9664      6.971   225.5525 1.2371e-01    10.9574      4.873      7.067    14.1325   999.2708 0.0000e+00
      4.981      0.045     5.3331     64.355     49.933  39.019941     2.9000      6.964   225.5505 1.2376e-01    10.9984      4.885      7.085    14.1125   999.2738 0.0000e+00
      4.993      0.043     5.1388     62.643     50.043  39.100780     2.8890      6.957   225.5441 1.2380e-01    11.0174      4.897      7.102    14.0959   999.2762 0.0000e+00
      5.005      0.040     4.9487     61.278     50.266  39.269905     2.8419      6.952   225.3896 1.2380e-01    10.7939      4.910      7.119    14.0840   999.2779 0.0000e+00
      5.015      0.037     4.7735     60.235     50.623  39.541227     2.7640      6.945   225.3166 1.2376e-01    10.3602      4.919      7.134    14.0753   999.2792 0.0000e+00
      5.024      0.035     4.6237     59.460     51.184  39.968927     2.7275      6.938   225.4349 1.2379e-01    10.1325      4.926      7.145    14.0686   999.2801 0.0000e+00
      5.031      0.033     4.5021     58.836     51.807  40.441650     2.7215      6.932   225.5303 1.2385e-01    10.1379      4.934      7.156    14.0634   999.2809 0.0000e+00
      5.038      0.033     4.4045     58.279     52.127  40.685899     2.7174      6.926   225.6095 1.2381e-01    10.1309      4.940      7.165    14.0590   999.2816 0.0000e+00
      5.045      0.034     4.3307     57.803     52.133  40.700098     2.7299      6.919   225.7041 1.2375e-01    10.1131      4.947      7.175    14.0532   999.2826 0.0000e+00
      5.055      0.036     4.2797     57.442     52.329  40.867291     2.7336      6.911   225.7286 1.2380e-01    10.1841      4.957      7.190    14.0426   999.2844 0.0000e+00
      5.064      0.039     4.2393     57.152     53.059  41.437653     2.7194      6.904   225.6473 1.2383e-01    10.3017      4.967      7.204    14.0261   999.2869 0.0000e+00
      5.074      0.041     4.1988     56.827     53.897  42.072734     2.7229      6.898   225.4946 1.2387e-01    10.3879      4.975      7.217    14.0152   999.2886 0.0000e+00
      5.085      0.042     4.1617     56.397     54.582  42.577899     2.7749      6.892   225.6026 1.2393e-01    10.4722      4.987      7.233    14.0288   999.2867 0.0000e+00
      5.098      0.043     4.1349     55.867     55.373  43.164550     2.8542      6.885   226.0076 1.2388e-01    10.5671      5.000      7.252    14.0513   999.2836 0.0000e+00
      5.109      0.044     4.1171     55.249     56.115  43.705328     2.8936      6.878   226.2613 1.2381e-01    10.5849      5.011      7.268    14.0521   999.2838 0.0000e+00
      5.119      0.046     4.0980     54.511     56.607  44.036715     2.9039      6.872   226.2608 1.2380e-01    10.5568      5.020      7.281    14.0317   999.2871 0.0000e+00
      5.129      0.047     4.0690     53.618     56.950  44.250401     2.9877      6.864   226.2595 1.2380e-01    10.5873      5.029      7.294    13.9988   999.2919 0.0000e+00
      5.141      0.047     4.0321     52.552     57.176  44.383982     3.1259      6.856   226.5910 1.2381e-01    10.6264      5.042      7.313    13.9744   999.2957 0.0000e+00
      5.155      0.047     3.9916     51.353     57.292  44.445307     3.1888      6.850   227.0848 1.2380e-01    10.6360      5.055      7.334    13.9467   999.2998 0.0000e+00
      5.169      0.047     3.9435     50.131     57.367  44.483860     3.1925      6.843   227.3264 1.2376e-01    10.6380      5.069      7.352    13.8936   999.3074 0.0000e+00
      5.182      0.046     3.8838     48.957     57.450  44.532600     3.1972      6.835   227.3606 1.2377e-01    10.6838      5.084      7.374    13.8422   999.3146 0.0000e+00
      5.192      0.044     3.8098     47.869     57.542  44.590102     3.2027      6.827   227.3266 1.2382e-01    10.7969      5.092      7.386    13.8062   999.3196 0.0000e+00
      5.202      0.042     3.7202     46.889     57.663  44.671103     3.2062      6.820   227.3447 1.2384e-01    10.8580      5.099      7.396    13.7815   999.3231 0.0000e+00
      5.213      0.041     3.6320     46.037     57.779  44.749962     3.1873      6.814   227.4069 1.2381e-01    10.8327      5.112      7.414    13.7667   999.3251 0.0000e+00
      5.223      0.039     3.5469     45.397     57.833  44.781567     3.0174      6.808   227.3905 1.2377e-01    10.8193      5.123      7.429    13.7545   999.3269 0.0000e+00
      5.234      0.039     3.4679     45.002     57.866  44.799219     2.7127      6.802   227.4045 1.2369e-01    10.8269      5.132      7.443    13.7418   999.3287 0.0000e+00
      5.244      0.039     3.3990     44.794     57.923  44.836388     2.5465      6.797   227.5765 1.2362e-01    10.8255      5.144      7.460    13.7311   999.3302 0.0000e+00
      5.253      0.039     3.3338     44.716     58.031  44.913463     2.5337      6.791   227.5778 1.2368e-01    10.8351      5.153      7.473    13.7218   999.3316 0.0000e+00
      5.261      0.040     3.2869     44.718     58.193  45.032605     2.5320      6.784   227.6782 1.2379e-01    10.8449      5.159      7.482    13.7126   999.3329 0.0000e+00
      5.271      0.041     3.2618     44.784     58.332  45.133907     2.4820      6.779   228.5327 1.2382e-01    10.8789      5.169      7.497    13.7054   999.3339 0.0000e+00
      5.282      0.042     3.2475     44.923     58.405  45.185763     2.3894      6.773   229.4774 1.2377e-01    10.9514      5.180      7.513    13.7001   999.3347 0.0000e+00
      5.293      0.043     3.2444     45.090     58.447  45.215086     2.3395      6.768   229.8083 1.2375e-01    11.0005      5.191      7.528    13.6943   999.3356 0.0000e+00
      5.306      0.043     3.2452     45.237     58.475  45.234435     2.3296      6.763   229.5218 1.2373e-01    11.0463      5.204      7.547    13.6889   999.3364 0.0000e+00
      5.318      0.043     3.2490     45.334     58.473  45.229198     2.2434      6.759   229.1110 1.2368e-01    11.1769      5.215      7.564    13.6836   999.3372 0.0000e+00
      5.328      0.042     3.2618     45.388     58.460  45.215270     2.0783      6.754   229.2286 1.2366e-01    11.3671      5.225      7.578    13.6788   999.3380 0.0000e+00
      5.339      0.041     3.2746     45.437     58.517  45.256540     1.9893      6.749   229.7397 1.2366e-01    11.4782      5.236      7.594    13.6765   999.3383 0.0000e+00
      5.349      0.039     3.2866     45.492     58.637  45.347171     1.9906      6.745   230.1282 1.2368e-01    11.5037      5.246      7.609    13.6752   999.3386 0.0000e+00
      5.358      0.038     3.2939     45.539     58.738  45.422054     2.0680      6.742   229.9681 1.2372e-01    11.4466      5.254      7.620    13.6731   999.3389 0.0000e+00
      5.367      0.038     3.2962     45.559     58.798  45.463410     2.2052      6.739   229.4384 1.2377e-01    11.3456      5.264      7.633    13.6689   999.3395 0.0000e+00
      5.377      0.039     3.3002     45.581     58.808  45.466190     2.2710      6.735   229.0588 1.2381e-01    11.2974      5.274      7.649    13.6657   999.3400 0.0000e+00
      5.386      0.040     3.3044     45.659     58.799  45.455661     2.2663      6.731   228.8203 1.2382e-01    11.2573      5.282      7.661    13.6649   999.3401 0.0000e+00
      5.396      0.043     3.3090     45.760     58.811  45.463099     2.2085      6.726   228.6192 1.2378e-01    11.2874      5.291      7.674    13.6616   999.3407 0.0000e+00
      5.407      0.045     3.3103     45.804     58.768  45.429114     2.1018      6.722   228.5200 1.2375e-01    11.3991      5.303      7.691    13.6568   999.3414 0.0000e+00
      5.420      0.046     3.3094     45.797     58.679  45.362263     2.0421      6.718   228.4810 1.2378e-01    11.4608      5.316      7.709    13.6527   999.3420 0.0000e+00
      5.432      0.047     3.3164     45.786     58.663  45.353330     2.0333      6.714   228.4927 1.2377e-01    11.4760      5.327      7.726    13.6497   999.3425 0.0000e+00
      5.445      0.047     3.3276     45.763     58.699  45.384609     2.0041      6.709   228.6612 1.2372e-01    11.5173      5.340      7.745    13.6477   999.3428 0.0000e+00
      5.457      0.046     3.3301     45.706     58.747  45.422949     1.9491      6.704   229.3139 1.2370e-01    11.6002      5.352      7.762    13.6470   999.3430 0.0000e+00
      5.469      0.045     3.3271     45.628     58.766  45.435891     1.9144      6.701   230.1898 1.2373e-01    11.6913      5.363      7.779    13.6485   999.3427 0.0000e+00
      5.480      0.044     3.3270     45.562     58.742  45.414080     1.9144      6.699   230.6465 1.2379e-01    11.7336      5.374      7.794    13.6519   999.3424 0.0000e+00
      5.491      0.041     3.3260     45.541     58.744  45.413241     1.9143      6.696   230.7925 1.2383e-01    11.7185      5.384      7.809    13.6559   999.3419 0.0000e+00
      5.502      0.039     3.3209     45.553     58.763  45.425742     1.7656      6.693   230.8369 1.2380e-01    11.7054      5.395      7.825    13.6574   999.3417 0.0000e+00
      5.512      0.036     3.3149     45.555     58.779  45.438225     1.4766      6.691   231.2699 1.2377e-01    11.7065      5.406      7.841    13.6553   999.3421 0.0000e+00
      5.521      0.033     3.3090     45.553     58.778  45.437167     1.3171      6.688   232.4130 1.2381e-01    11.6987      5.414      7.852    13.6522   999.3425 0.0000e+00
      5.528      0.029     3.3077     45.575     58.748  45.412948     1.3020      6.684   233.9899 1.2384e-01    11.7099      5.421      7.862    13.6500   999.3429 0.0000e+00
      5.536      0.026     3.3108     45.594     58.731  45.399407     1.2768      6.681   235.3653 1.2379e-01    11.8415      5.429      7.874    13.6487   999.3431 0.0000e+00
      5.542      0.025     3.3107     45.584     58.732  45.400447     1.2199      6.678   235.9640 1.2371e-01    12.0441      5.435      7.884    13.6481   999.3432 0.0000e+00
      5.545      0.025     3.3087     45.556     58.764  45.425515     1.1778      6.676   236.7545 1.2373e-01    12.1280      5.438      7.887    13.6477   999.3433 0.0000e+00
      5.550      0.025     3.3119     45.521     58.794  45.448492     1.1660      6.674   238.3844 1.2377e-01    12.1352      5.440      7.890    13.6474   999.3433 0.0000e+00
      5.558      0.028     3.3145     45.503     58.763  45.424256     1.1210      6.672   239.8399 1.2374e-01    12.2946      5.450      7.906    13.6473   999.3434 0.0000e+00
      5.566      0.033     3.3123     45.510     58.714  45.386489     1.0411      6.670   240.4150 1.2373e-01    12.5806      5.460      7.920    13.6473   999.3434 0.0000e+00
      5.573      0.039     3.3110     45.515     58.697  45.372861     0.9974      6.668   240.5190 1.2378e-01    12.7751      5.465      7.925    13.6471   999.3434 0.0000e+00
      5.581      0.045     3.3071     45.506     58.715  45.386488     0.9834      6.665   240.5816 1.2381e-01    12.8764      5.471      7.935    13.6470   999.3435 0.0000e+00
      5.594      0.051     3.3056     45.508     58.765  45.424247     0.8886      6.662   240.7413 1.2376e-01    13.2155      5.484      7.954    13.6471   999.3436 0.0000e+00
      5.611      0.057     3.3071     45.524     58.796  45.448386     0.7100      6.659   241.2461 1.2374e-01    13.8272      5.502      7.981    13.6470   999.3436 0.0000e+00
      5.628      0.061     3.3081     45.530     58.764  45.424349     0.6098      6.657   241.9531 1.2381e-01    14.1764      5.520      8.005    13.6467   999.3437 0.0000e+00
      5.644      0.062     3.3064     45.552     58.715  45.387623     0.6038      6.654   242.4923 1.2381e-01    14.2262      5.533      8.024    13.6465   999.3438 0.0000e+00
      5.661      0.061     3.3058     45.607     58.711  45.385344     0.6031      6.651   242.4312 1.2372e-01    14.3966      5.552      8.052    13.6463   999.3440 0.0000e+00
      5.678      0.059     3.3093     45.613     58.726  45.396795     0.6017      6.648   242.0733 1.2366e-01    14.6639      5.570      8.079    13.6462   999.3441 0.0000e+00
      5.690      0.058     3.3080     45.548     58.730  45.399076     0.6041      6.646   242.2952 1.2361e-01    14.8043      5.580      8.093    13.6467   999.3441 0.0000e+00
      5.702      0.058     3.3081     45.507     58.748  45.412920     0.5973      6.643   242.7921 1.2362e-01    14.8808      5.591      8.109    13.6479   999.3439 0.0000e+00
      5.717      0.058     3.3154     45.462     58.779  45.437184     0.5628      6.640   242.8323 1.2367e-01    15.2282      5.606      8.131    13.6486   999.3439 0.0000e+00
      5.732      0.058     3.3185     45.395     58.780  45.438436     0.5081      6.636   242.5234 1.2369e-01    15.8258      5.620      8.151    13.6480   999.3441 0.0000e+00
      5.748      0.058     3.3067     45.360     58.766  45.428054     0.4734      6.634   242.3266 1.2370e-01    16.1423      5.635      8.173    13.6476   999.3442 0.0000e+00
