Data/DataNotYetUploadedToEDI/Raw_CTD/RawDownloads/102319_fcr50.cnv
* Sea-Bird SBE19plus  Data File:
* FileName = C:\DATA\102319_fcr50_0003.hex
* Software version 2.8.0.119 SB_Terminal.dll
* Temperature SN = 7809
* Conductivity SN = 7809
* System UpLoad Time = Oct 23 2019 09:56:24
* <ApplicationData>
* <Seaterm232>
# nquan = 16
# nvalues = 1012                        
# units = specified
# name 0 = depFM: Depth [fresh water, m]
# name 1 = dz/dtM: Descent Rate [m/s]
# name 2 = sbeox0ML/L: Oxygen, SBE 43 [ml/l]
# name 3 = sbeox0PS: Oxygen, SBE 43 [% saturation]
# name 4 = specc: Specific Conductance [uS/cm]
# name 5 = c0uS/cm: Conductivity [uS/cm]
# name 6 = flECO-AFL: Fluorescence, WET Labs ECO-AFL/FL [mg/m^3]
# name 7 = ph: pH
# name 8 = orp: Oxidation Reduction Potential [mV]
# name 9 = par/sat/log: PAR/Logarithmic, Satlantic
# name 10 = turbWETntu0: Turbidity, WET Labs ECO [NTU]
# name 11 = prdM: Pressure, Strain Gauge [db]
# name 12 = prdE: Pressure, Strain Gauge [psi]
# name 13 = tv290C: Temperature [ITS-90, deg C]
# name 14 = density00: Density [density, kg/m^3]
# name 15 = flag:  0.000e+00
# span 0 =     -0.569,      9.769       
# span 1 =     -0.280,      0.144       
# span 2 =    -0.5939,     7.2407       
# span 3 =     -7.860,     99.664       
# span 4 =     22.253,    414.403       
# span 5 =  16.676233, 320.911788       
# span 6 =    -2.3940,     3.9724       
# span 7 =      3.054,      8.477       
# span 8 = -1240.7455,   524.0390       
# span 9 = 1.2352e-01, 1.0480e+03       
# span 10 =    -5.4022,    36.1433      
# span 11 =     -0.558,      9.581      
# span 12 =     -0.810,     13.896      
# span 13 =    12.4485,    14.5005      
# span 14 =   999.1934,   999.4856      
# span 15 = 0.0000e+00, 0.0000e+00      
# interval = seconds: 0.25
# start_time = Oct 23 2019 09:42:02 [Instrument's time stamp, header]
# bad_flag = -9.990e-29
*END*
[from data line 724]
      5.782      0.055     3.3064     45.292     58.782  45.439715     0.4790      6.631   242.7652 1.2383e-01    16.2084      5.671      8.226    13.6479   999.3443 0.0000e+00
      5.793      0.051     3.2940     45.342     58.784  45.440759     0.4665      6.628   243.0860 1.2379e-01    16.1977      5.681      8.239    13.6481   999.3444 0.0000e+00
      5.805      0.050     3.3000     45.379     58.799  45.451274     0.4343      6.626   243.2993 1.2377e-01    16.1400      5.692      8.255    13.6481   999.3444 0.0000e+00
      5.817      0.055     3.2897     45.404     58.785  45.439850     0.4102      6.621   243.5365 1.2377e-01    16.1333      5.706      8.275    13.6480   999.3445 0.0000e+00
      5.827      0.065     3.2881     45.444     58.773  45.429641     0.4087      6.616   243.6315 1.2374e-01    16.1827      5.714      8.287    13.6476   999.3446 0.0000e+00
      5.837      0.076     3.2968     45.482     58.807  45.454831     0.4080      6.612   243.5874 1.2372e-01    16.2127      5.720      8.296    13.6473   999.3446 0.0000e+00
      5.859      0.085     3.2974     45.498     58.854  45.490415     0.4019      6.609   243.7776 1.2372e-01    16.2009      5.741      8.326    13.6468   999.3448 0.0000e+00
      5.892      0.090     3.2990     45.520     58.839  45.478870     0.4034      6.606   244.0389 1.2371e-01    16.2047      5.778      8.381    13.6461   999.3451 0.0000e+00
      5.925      0.091     3.3015     45.499     58.791  45.442246     0.4096      6.603   244.0790 1.2366e-01    16.2255      5.815      8.434    13.6451   999.3454 0.0000e+00
      5.949      0.086     3.3077     45.454     58.772  45.428610     0.4163      6.600   244.0050 1.2366e-01    16.2225      5.838      8.467    13.6444   999.3456 0.0000e+00
      5.966      0.076     3.3035     45.431     58.786  45.440998     0.4240      6.599   243.9180 1.2372e-01    16.2342      5.849      8.485    13.6439   999.3458 0.0000e+00
      5.982      0.065     3.3111     45.407     58.816  45.465025     0.4325      6.597   244.0598 1.2377e-01    16.2359      5.867      8.509    13.6431   999.3459 0.0000e+00
      5.996      0.055     3.3069     45.388     58.815  45.465117     0.4329      6.595   244.4284 1.2383e-01    16.1778      5.882      8.530    13.6432   999.3460 0.0000e+00
      6.007      0.050     3.3013     45.388     58.786  45.442122     0.4376      6.595   244.5884 1.2387e-01    16.2208      5.889      8.541    13.6448   999.3458 0.0000e+00
      6.019      0.046     3.3025     45.415     58.786  45.440987     0.4626      6.594   244.5327 1.2386e-01    16.3613      5.903      8.561    13.6462   999.3457 0.0000e+00
      6.032      0.043     3.2989     45.468     58.801  45.451389     0.4752      6.592   244.5293 1.2379e-01    16.4019      5.917      8.583    13.6474   999.3456 0.0000e+00
      6.042      0.039     3.2978     45.518     58.788  45.440885     0.4686      6.592   244.6333 1.2375e-01    16.3845      5.926      8.595    13.6482   999.3455 0.0000e+00
      6.051      0.038     3.2973     45.527     58.788  45.440999     0.4521      6.591   244.8435 1.2381e-01    16.3796      5.933      8.606    13.6478   999.3456 0.0000e+00
      6.061      0.039     3.2995     45.509     58.802  45.452763     0.4235      6.589   245.0919 1.2381e-01    16.3760      5.945      8.622    13.6467   999.3458 0.0000e+00
      6.068      0.042     3.3036     45.476     58.806  45.456113     0.4082      6.586   245.2273 1.2368e-01    16.3736      5.953      8.633    13.6452   999.3460 0.0000e+00
      6.075      0.047     3.3098     45.442     58.839  45.481504     0.4152      6.583   245.1902 1.2367e-01    16.3506      5.955      8.636    13.6446   999.3461 0.0000e+00
      6.088      0.053     3.3084     45.435     58.870  45.505759     0.4216      6.582   245.1595 1.2376e-01    16.3605      5.966      8.654    13.6448   999.3461 0.0000e+00
      6.107      0.059     3.3076     45.435     58.858  45.495368     0.3992      6.581   245.2865 1.2378e-01    16.4599      5.990      8.689    13.6453   999.3462 0.0000e+00
      6.124      0.065     3.3051     45.426     58.843  45.482869     0.3611      6.580   245.4345 1.2377e-01    16.6015      6.008      8.713    13.6459   999.3462 0.0000e+00
      6.139      0.068     3.3004     45.421     58.843  45.481629     0.3496      6.577   245.4867 1.2375e-01    16.6975      6.019      8.728    13.6460   999.3462 0.0000e+00
      6.158      0.067     3.3018     45.432     58.842  45.480381     0.3644      6.575   245.4019 1.2373e-01    16.7021      6.038      8.757    13.6459   999.3464 0.0000e+00
      6.179      0.063     3.3020     45.446     58.826  45.467777     0.3764      6.574   245.2698 1.2373e-01    16.6249      6.061      8.791    13.6452   999.3466 0.0000e+00
      6.196      0.059     3.3009     45.439     58.811  45.456239     0.3726      6.573   245.2659 1.2369e-01    16.5173      6.079      8.815    13.6438   999.3468 0.0000e+00
      6.209      0.054     3.3004     45.421     58.826  45.467879     0.3623      6.571   245.3551 1.2365e-01    16.4493      6.090      8.833    13.6428   999.3470 0.0000e+00
      6.220      0.050     3.3010     45.398     58.844  45.481515     0.3561      6.571   245.4886 1.2374e-01    16.4591      6.099      8.847    13.6425   999.3471 0.0000e+00
      6.232      0.047     3.3041     45.377     58.859  45.494101     0.3586      6.571   245.5886 1.2388e-01    16.6359      6.112      8.865    13.6428   999.3471 0.0000e+00
      6.242      0.046     3.3018     45.369     58.858  45.493052     0.3657      6.570   245.6177 1.2390e-01    16.9158      6.121      8.879    13.6429   999.3471 0.0000e+00
      6.251      0.048     3.3012     45.361     58.827  45.468834     0.3645      6.570   245.7545 1.2377e-01    17.0244      6.128      8.888    13.6426   999.3472 0.0000e+00
      6.264      0.053     3.2992     45.345     58.810  45.455294     0.3530      6.568   245.9520 1.2366e-01    16.9663      6.143      8.910    13.6428   999.3472 0.0000e+00
      6.279      0.059     3.2968     45.323     58.811  45.456344     0.3645      6.565   246.0264 1.2368e-01    16.8689      6.160      8.934    13.6433   999.3473 0.0000e+00
      6.292      0.061     3.2973     45.303     58.844  45.481528     0.4090      6.564   246.0521 1.2374e-01    16.7313      6.169      8.946    13.6433   999.3473 0.0000e+00
      6.309      0.060     3.2966     45.298     58.876  45.505774     0.4307      6.563   246.0904 1.2377e-01    16.6464      6.184      8.970    13.6431   999.3474 0.0000e+00
      6.332      0.057     3.2956     45.325     58.862  45.495495     0.4187      6.561   246.1456 1.2372e-01    16.6282      6.213      9.011    13.6430   999.3476 0.0000e+00
      6.351      0.055     3.2937     45.370     58.848  45.484254     0.4120      6.560   246.2892 1.2368e-01    16.6097      6.233      9.040    13.6427   999.3477 0.0000e+00
      6.359      0.055     3.2922     45.411     58.865  45.496859     0.4189      6.559   246.5362 1.2371e-01    16.6518      6.237      9.046    13.6425   999.3477 0.0000e+00
      6.364      0.057     3.2905     45.443     58.897  45.520898     0.4237      6.557   246.7223 1.2375e-01    16.7438      6.239      9.049    13.6425   999.3478 0.0000e+00
      6.373      0.060     3.2936     45.463     58.897  45.520898     0.4269      6.555   246.7337 1.2373e-01    16.7718      6.245      9.059    13.6425   999.3478 0.0000e+00
      6.393      0.063     3.2973     45.471     58.867  45.496860     0.4311      6.553   246.6737 1.2371e-01    16.7289      6.265      9.087    13.6425   999.3479 0.0000e+00
      6.418      0.068     3.3004     45.467     58.851  45.484266     0.4221      6.552   246.6846 1.2376e-01    16.6188      6.295      9.130    13.6423   999.3480 0.0000e+00
      6.441      0.073     3.3029     45.448     58.865  45.495622     0.4138      6.551   246.8653 1.2383e-01    16.4883      6.319      9.165    13.6418   999.3482 0.0000e+00
      6.457      0.076     3.3042     45.406     58.880  45.507160     0.4178      6.549   246.9662 1.2384e-01    16.4620      6.334      9.187    13.6409   999.3484 0.0000e+00
      6.470      0.077     3.3051     45.356     58.867  45.496759     0.4187      6.546   246.8717 1.2380e-01    16.4650      6.342      9.199    13.6403   999.3485 0.0000e+00
      6.486      0.076     3.3043     45.297     58.867  45.496872     0.4154      6.544   246.8417 1.2381e-01    16.5578      6.358      9.221    13.6402   999.3486 0.0000e+00
      6.509      0.074     3.3041     45.226     58.882  45.508523     0.4134      6.542   246.8611 1.2380e-01    16.8298      6.383      9.257    13.6403   999.3487 0.0000e+00
      6.534      0.070     3.2999     45.158     58.885  45.510623     0.4116      6.540   246.7617 1.2373e-01    17.0011      6.409      9.295    13.6408   999.3488 0.0000e+00
      6.557      0.063     3.2963     45.098     58.901  45.522265     0.4108      6.538   246.6727 1.2360e-01    16.9906      6.433      9.330    13.6409   999.3489 0.0000e+00
      6.573      0.055     3.2927     45.043     58.901  45.522284     0.3951      6.538   246.7311 1.2352e-01    16.8987      6.450      9.354    13.6410   999.3489 0.0000e+00
      6.582      0.049     3.2863     44.988     58.886  45.510853     0.3691      6.538   246.8655 1.2362e-01    16.7426      6.457      9.365    13.6408   999.3490 0.0000e+00
      6.585      0.050     3.2820     44.945     58.887  45.511054     0.3560      6.536   247.1794 1.2372e-01    16.6431      6.458      9.366    13.6403   999.3491 0.0000e+00
      6.590      0.060     3.2773     44.921     58.905  45.524709     0.3499      6.531   247.5158 1.2376e-01    16.6466      6.459      9.368    13.6401   999.3491 0.0000e+00
      6.603      0.075     3.2737     44.891     58.937  45.548948     0.3648      6.526   247.5766 1.2373e-01    16.7191      6.471      9.386    13.6401   999.3492 0.0000e+00
      6.626      0.087     3.2694     44.849     58.940  45.550116     0.3979      6.523   247.4843 1.2365e-01    16.8317      6.495      9.420    13.6399   999.3493 0.0000e+00
      6.660      0.095     3.2653     44.820     58.927  45.538841     0.4114      6.523   247.4328 1.2363e-01    16.8940      6.529      9.469    13.6393   999.3495 0.0000e+00
      6.698      0.095     3.2654     44.808     58.928  45.539623     0.4076      6.522   247.4698 1.2368e-01    16.9148      6.571      9.531    13.6389   999.3498 0.0000e+00
      6.728      0.090     3.2630     44.803     58.953  45.559568     0.3943      6.522   247.6739 1.2374e-01    16.9197      6.605      9.579    13.6391   999.3500 0.0000e+00
      6.744      0.080     3.2590     44.816     58.992  45.589485     0.3722      6.522   247.9216 1.2377e-01    16.9198      6.615      9.594    13.6381   999.3501 0.0000e+00
      6.754      0.070     3.2570     44.854     58.986  45.583827     0.3581      6.521   247.8835 1.2379e-01    16.9498      6.621      9.603    13.6367   999.3503 0.0000e+00
      6.768      0.061     3.2568     44.897     58.950  45.554658     0.3536      6.520   247.7294 1.2379e-01    16.9543      6.636      9.624    13.6371   999.3504 0.0000e+00
      6.784      0.057     3.2558     44.940     58.951  45.554316     0.3597      6.520   247.6932 1.2378e-01    16.8754      6.654      9.650    13.6378   999.3503 0.0000e+00
      6.800      0.056     3.2561     44.983     58.985  45.579686     0.3810      6.520   247.8762 1.2377e-01    16.7503      6.670      9.673    13.6370   999.3505 0.0000e+00
      6.815      0.055     3.2604     45.003     59.022  45.607391     0.4035      6.519   248.3073 1.2377e-01    16.6866      6.683      9.692    13.6359   999.3508 0.0000e+00
      6.830      0.056     3.2633     44.985     59.059  45.635295     0.4142      6.516   248.6888 1.2385e-01    16.6620      6.698      9.715    13.6349   999.3510 0.0000e+00
      6.843      0.063     3.2662     44.947     59.095  45.663057     0.4150      6.511   248.8753 1.2390e-01    16.6174      6.712      9.737    13.6341   999.3511 0.0000e+00
      6.853      0.073     3.2704     44.905     59.130  45.689041     0.4126      6.507   248.8424 1.2385e-01    16.6704      6.721      9.747    13.6333   999.3513 0.0000e+00
      6.864      0.080     3.2727     44.848     59.140  45.695456     0.4113      6.504   248.8924 1.2377e-01    16.8121      6.725      9.754    13.6325   999.3514 0.0000e+00
      6.889      0.083     3.2703     44.788     59.119  45.677103     0.4173      6.503   249.2220 1.2374e-01    16.8888      6.748      9.787    13.6322   999.3516 0.0000e+00
      6.927      0.084     3.2669     44.745     59.095  45.657653     0.4243      6.503   249.4727 1.2379e-01    16.8770      6.797      9.857    13.6321   999.3518 0.0000e+00
      6.959      0.084     3.2647     44.689     59.086  45.650792     0.4086      6.502   249.4280 1.2384e-01    16.8330      6.833      9.911    13.6314   999.3521 0.0000e+00
      6.973      0.080     3.2606     44.616     59.094  45.657653     0.3746      6.501   249.1970 1.2380e-01    16.8163      6.841      9.921    13.6295   999.3524 0.0000e+00
      6.981      0.076     3.2546     44.571     59.119  45.677105     0.3519      6.499   249.1758 1.2376e-01    16.8383      6.843      9.925    13.6281   999.3526 0.0000e+00
      6.996      0.075     3.2536     44.537     59.143  45.695472     0.3434      6.497   249.4288 1.2378e-01    16.8696      6.861      9.951    13.6276   999.3527 0.0000e+00
      7.015      0.077     3.2499     44.508     59.136  45.689226     0.3576      6.495   249.5888 1.2378e-01    16.8668      6.880      9.979    13.6279   999.3528 0.0000e+00
      7.036      0.081     3.2416     44.508     59.106  45.665084     0.3935      6.495   249.6479 1.2371e-01    16.8369      6.895     10.002    13.6284   999.3528 0.0000e+00
      7.065      0.083     3.2402     44.523     59.097  45.657580     0.4139      6.495   249.5414 1.2367e-01    16.8366      6.927     10.048    13.6287   999.3529 0.0000e+00
      7.094      0.080     3.2378     44.538     59.102  45.661996     0.4126      6.495   249.1615 1.2377e-01    16.8633      6.962     10.099    13.6286   999.3531 0.0000e+00
      7.113      0.075     3.2342     44.563     59.092  45.654979     0.4124      6.494   248.9261 1.2384e-01    16.8321      6.978     10.121    13.6279   999.3533 0.0000e+00
      7.125      0.066     3.2354     44.604     59.067  45.636240     0.4120      6.493   249.1045 1.2378e-01    16.7534      6.985     10.131    13.6271   999.3534 0.0000e+00
      7.140      0.059     3.2370     44.649     59.053  45.625933     0.4075      6.493   249.4256 1.2375e-01    16.6988      7.001     10.154    13.6265   999.3536 0.0000e+00
      7.156      0.058     3.2376     44.685     59.093  45.657361     0.4104      6.491   249.3681 1.2380e-01    16.6635      7.020     10.181    13.6265   999.3537 0.0000e+00
      7.167      0.066     3.2389     44.709     59.147  45.698723     0.4129      6.488   249.0106 1.2380e-01    16.7846      7.031     10.197    13.6272   999.3536 0.0000e+00
      7.177      0.076     3.2425     44.717     59.125  45.681505     0.4113      6.485   248.9750 1.2380e-01    17.0491      7.036     10.204    13.6279   999.3535 0.0000e+00
      7.193      0.086     3.2462     44.706     59.072  45.639685     0.4173      6.483   249.1957 1.2382e-01    17.2068      7.048     10.223    13.6283   999.3535 0.0000e+00
      7.221      0.091     3.2486     44.674     59.070  45.637614     0.4250      6.482   249.2701 1.2381e-01    17.2173      7.079     10.268    13.6285   999.3537 0.0000e+00
      7.257      0.092     3.2507     44.635     59.095  45.656458     0.4175      6.481   249.1852 1.2380e-01    17.2086      7.120     10.326    13.6286   999.3539 0.0000e+00
