Data/DataNotYetUploadedToEDI/Raw_CTD/RawDownloads/102319_fcr20.cnv
* Sea-Bird SBE19plus  Data File:
* FileName = C:\DATA\102319_fcr_0002.hex
* Software version 2.8.0.119 SB_Terminal.dll
* Temperature SN = 7809
* Conductivity SN = 7809
* System UpLoad Time = Oct 23 2019 15:55:55
* <ApplicationData>
* <Seaterm232>
# nquan = 16
# nvalues = 437                         
# units = specified
# name 0 = depFM: Depth [fresh water, m]
# name 1 = dz/dtM: Descent Rate [m/s]
# name 2 = sbeox0ML/L: Oxygen, SBE 43 [ml/l]
# name 3 = sbeox0PS: Oxygen, SBE 43 [% saturation]
# name 4 = specc: Specific Conductance [uS/cm]
# name 5 = c0uS/cm: Conductivity [uS/cm]
# name 6 = flECO-AFL: Fluorescence, WET Labs ECO-AFL/FL [mg/m^3]
# name 7 = ph: pH
# name 8 = orp: Oxidation Reduction Potential [mV]
# name 9 = par/sat/log: PAR/Logarithmic, Satlantic
# name 10 = turbWETntu0: Turbidity, WET Labs ECO [NTU]
# name 11 = prdM: Pressure, Strain Gauge [db]
# name 12 = prdE: Pressure, Strain Gauge [psi]
# name 13 = tv290C: Temperature [ITS-90, deg C]
# name 14 = density00: Density [density, kg/m^3]
# name 15 = flag:  0.000e+00
# span 0 =     -0.406,      3.244       
# span 1 =     -0.020,      0.168       
# span 2 =     4.2731,     7.1200       
# span 3 =     60.065,     99.905       
# span 4 =     40.678,     41.534       
# span 5 =  32.084009,  32.881251       
# span 6 =     1.3617,     4.0610       
# span 7 =      7.035,      8.626       
# span 8 =   179.6417,   247.3973       
# span 9 = 2.0592e+00, 1.3134e+03       
# span 10 =    -8.3892,     9.9717      
# span 11 =     -0.404,      3.182      
# span 12 =     -0.587,      4.615      
# span 13 =    14.0378,    14.6214      
# span 14 =   999.1754,   999.2734      
# span 15 = 0.0000e+00, 0.0000e+00      
# interval = seconds: 0.25
# start_time = Oct 23 2019 11:10:58 [Instrument's time stamp, header]
# bad_flag = -9.990e-29
*END*
     -0.406      0.075     6.9394     97.036     40.728  32.146422     2.3488      8.452   182.7604 4.3484e+02    -8.3892     -0.404     -0.587    14.3210   999.2116 0.0000e+00
     -0.384      0.105     6.9326     97.060     40.806  32.229651     2.4073      8.537   179.6417 5.2931e+02    -8.3693     -0.380     -0.552    14.3728   999.2087 0.0000e+00
     -0.348      0.132     6.9268     97.114     40.826  32.265804     2.3848      8.587   183.9411 6.2173e+02    -6.4891     -0.345     -0.501    14.4151   999.2036 0.0000e+00
     -0.302      0.152     6.9281     97.220     40.806  32.266260     2.1300      8.614   189.8321 5.9628e+02    -0.7636     -0.299     -0.434    14.4372   999.2001 0.0000e+00
     -0.251      0.165     6.9278     97.389     40.752  32.235185     1.6758      8.623   192.5337 5.9554e+02     5.8659     -0.243     -0.354    14.4599   999.1974 0.0000e+00
     -0.204      0.168     6.9231     97.631     40.706  32.207391     1.4179      8.622   193.5484 8.1395e+02     8.7125     -0.196     -0.284    14.4869   999.1936 0.0000e+00
     -0.165      0.162     6.9229     97.956     40.747  32.247517     1.3709      8.616   193.4967 8.8407e+02     8.9437     -0.163     -0.236    14.5155   999.1897 0.0000e+00
     -0.126      0.150     6.9271     98.372     40.774  32.276124     1.3756      8.606   194.1451 7.8715e+02     8.9565     -0.127     -0.184    14.5343   999.1871 0.0000e+00
     -0.084      0.134     6.9366     98.826     40.718  32.235988     1.4144      8.598   195.3655 9.0968e+02     8.9651     -0.080     -0.116    14.5488   999.1852 0.0000e+00
     -0.048      0.115     6.9527     99.242     40.678  32.206468     1.4323      8.602   196.2072 1.1220e+03     8.9822     -0.044     -0.064    14.5583   999.1839 0.0000e+00
     -0.020      0.092     6.9732     99.582     40.715  32.236500     1.4276      8.612   197.3522 1.2508e+03     8.9677     -0.019     -0.027    14.5675   999.1828 0.0000e+00
      0.001      0.067     7.0031     99.818     40.773  32.281809     1.4094      8.622   198.7989 1.3134e+03     8.8549      0.004      0.006    14.5768   999.1816 0.0000e+00
      0.015      0.041     7.0378     99.905     40.810  32.310065     1.3778      8.626   199.5890 1.3104e+03     8.6672      0.020      0.028    14.5819   999.1809 0.0000e+00
      0.019      0.020     7.0663     99.692     40.830  32.324298     1.3654      8.626   199.8502 1.2716e+03     8.5667      0.022      0.030    14.5842   999.1805 0.0000e+00
      0.016      0.005     7.0925     99.111     40.831  32.326973     1.3813      8.626   199.8915 1.2012e+03     8.5566      0.016      0.023    14.5856   999.1803 0.0000e+00
      0.012     -0.004     7.1082     98.277     40.847  32.342412     1.4052      8.625   199.8300 1.1246e+03     8.5453      0.012      0.017    14.5845   999.1805 0.0000e+00
      0.007     -0.006     7.1200     97.099     40.895  32.384055     1.4290      8.620   200.0532 1.0944e+03     8.5611      0.007      0.010    14.5814   999.1809 0.0000e+00
      0.003     -0.002     7.1107     95.379     40.972  32.449720     1.4443      8.611   200.4389 1.0974e+03     8.5836      0.002      0.001    14.5799   999.1811 0.0000e+00
      0.002      0.003     7.0585     93.117     41.031  32.501747     1.4419      8.600   200.7939 1.0851e+03     8.5878      0.000     -0.001    14.5819   999.1809 0.0000e+00
      0.005      0.007     7.0043     90.538     41.031  32.505428     1.4266      8.587   201.2491 1.0332e+03     8.5794      0.004      0.006    14.5858   999.1803 0.0000e+00
      0.011      0.009     6.9270     87.978     41.013  32.494224     1.4146      8.575   201.7263 9.8269e+02     8.5473      0.011      0.016    14.5903   999.1796 0.0000e+00
      0.017      0.008     6.8024     85.599     41.011  32.493206     1.4182      8.563   202.0034 9.8012e+02     8.5272      0.018      0.026    14.5965   999.1788 0.0000e+00
      0.019      0.006     6.6361     83.434     41.011  32.493122     1.4362      8.552   202.1906 1.0042e+03     8.5332      0.022      0.031    14.6033   999.1778 0.0000e+00
      0.018      0.003     6.4392     81.545     41.012  32.493208     1.4415      8.542   202.5276 1.0431e+03     8.5218      0.019      0.027    14.6082   999.1771 0.0000e+00
      0.016     -0.000     6.2543     80.000     41.014  32.494248     1.4122      8.533   202.8941 1.0650e+03     8.4874      0.014      0.021    14.6113   999.1767 0.0000e+00
      0.015     -0.001     6.0857     78.849     41.028  32.505693     1.3762      8.526   203.2672 1.0239e+03     8.4789      0.015      0.022    14.6129   999.1764 0.0000e+00
      0.016      0.001     5.9290     78.077     41.026  32.504665     1.3710      8.520   203.5966 9.8570e+02     8.5167      0.016      0.023    14.6122   999.1766 0.0000e+00
      0.016      0.006     5.7936     77.554     40.997  32.481822     1.3843      8.513   203.9514 1.0118e+03     8.5504      0.015      0.022    14.6100   999.1768 0.0000e+00
      0.016      0.009     5.6826     77.164     40.998  32.483342     1.3802      8.503   204.5457 1.0462e+03     8.3952      0.015      0.022    14.6091   999.1769 0.0000e+00
      0.019      0.010     5.5993     76.809     41.048  32.523050     1.3647      8.494   205.1038 1.0278e+03     8.0819      0.018      0.025    14.6098   999.1769 0.0000e+00
      0.025      0.011     5.5496     76.340     41.120  32.581163     1.3617      8.487   205.3643 9.9533e+02     7.9092      0.024      0.035    14.6109   999.1767 0.0000e+00
      0.031      0.011     5.5153     75.769     41.161  32.614824     1.3704      8.481   205.4584 9.8450e+02     7.8801      0.031      0.045    14.6115   999.1767 0.0000e+00
      0.033      0.011     5.4875     75.281     41.157  32.612735     1.3910      8.475   205.6398 9.7526e+02     7.8291      0.033      0.048    14.6118   999.1767 0.0000e+00
      0.033      0.009     5.4693     75.006     41.164  32.619378     1.4209      8.468   206.0085 9.6572e+02     7.7174      0.031      0.045    14.6129   999.1765 0.0000e+00
      0.034      0.006     5.4354     75.011     41.179  32.631676     1.4368      8.462   206.5610 9.6317e+02     7.6440      0.031      0.046    14.6145   999.1763 0.0000e+00
      0.037      0.004     5.3869     75.313     41.182  32.634512     1.4366      8.454   206.9853 9.6276e+02     7.6622      0.037      0.053    14.6160   999.1761 0.0000e+00
      0.039      0.002     5.3505     75.856     41.206  32.653665     1.4352      8.445   207.0946 9.5279e+02     7.7081      0.041      0.058    14.6169   999.1760 0.0000e+00
      0.039      0.001     5.3289     76.567     41.230  32.672871     1.4380      8.439   207.2808 9.5632e+02     7.7076      0.038      0.056    14.6174   999.1759 0.0000e+00
      0.037     -0.001     5.3281     77.314     41.234  32.676345     1.4356      8.434   207.6882 9.6207e+02     7.6565      0.035      0.051    14.6177   999.1759 0.0000e+00
      0.035     -0.002     5.3522     77.931     41.259  32.695655     1.4322      8.429   208.0623 9.4459e+02     7.6150      0.034      0.049    14.6182   999.1758 0.0000e+00
      0.035     -0.001     5.3915     78.328     41.285  32.715967     1.4399      8.424   208.3628 9.5104e+02     7.5982      0.035      0.050    14.6190   999.1757 0.0000e+00
      0.035      0.002     5.4454     78.497     41.304  32.731557     1.4415      8.421   208.6535 9.7366e+02     7.6167      0.035      0.051    14.6194   999.1756 0.0000e+00
      0.035      0.007     5.5039     78.473     41.336  32.757212     1.4349      8.417   208.9109 9.7886e+02     7.6431      0.034      0.050    14.6193   999.1756 0.0000e+00
      0.035      0.012     5.5497     78.341     41.355  32.772321     1.4295      8.412   209.2379 9.8018e+02     7.6224      0.033      0.048    14.6187   999.1757 0.0000e+00
      0.039      0.016     5.5778     78.181     41.374  32.787324     1.4369      8.403   209.5950 9.7205e+02     7.6935      0.036      0.053    14.6186   999.1757 0.0000e+00
      0.046      0.018     5.5892     78.049     41.404  32.811679     1.4714      8.395   209.9590 9.5472e+02     7.9131      0.045      0.065    14.6188   999.1758 0.0000e+00
      0.055      0.018     5.5851     77.982     41.405  32.812947     1.5010      8.388   210.2839 9.6727e+02     8.0500      0.054      0.079    14.6192   999.1758 0.0000e+00
      0.061      0.014     5.5731     77.949     41.392  32.802657     1.5001      8.381   210.4264 9.7973e+02     8.0699      0.062      0.090    14.6197   999.1757 0.0000e+00
      0.066      0.008     5.5611     77.884     41.406  32.814196     1.4952      8.376   210.6489 9.1499e+02     8.0551      0.066      0.095    14.6201   999.1757 0.0000e+00
      0.066      0.000     5.5497     77.753     41.421  32.825534     1.4842      8.373   211.1677 8.5515e+02     8.1016      0.066      0.096    14.6204   999.1757 0.0000e+00
      0.064     -0.006     5.5461     77.522     41.405  32.812823     1.4630      8.371   211.6228 9.0107e+02     8.2383      0.062      0.090    14.6207   999.1756 0.0000e+00
      0.059     -0.010     5.5462     77.179     41.373  32.787428     1.4560      8.368   211.7630 9.6299e+02     8.2987      0.058      0.083    14.6210   999.1755 0.0000e+00
      0.054     -0.012     5.5415     76.731     41.354  32.772334     1.4421      8.364   211.9172 9.8476e+02     8.2742      0.052      0.075    14.6213   999.1755 0.0000e+00
      0.050     -0.010     5.5337     76.183     41.336  32.757250     1.4342      8.359   212.1964 1.0154e+03     8.2698      0.048      0.070    14.6214   999.1755 0.0000e+00
      0.048     -0.006     5.5174     75.547     41.304  32.731969     1.4638      8.353   212.4704 1.0334e+03     8.3113      0.047      0.068    14.6214   999.1755 0.0000e+00
      0.047     -0.001     5.4926     74.865     41.290  32.720517     1.4880      8.346   212.7353 1.0320e+03     8.3500      0.045      0.065    14.6213   999.1754 0.0000e+00
      0.047      0.003     5.4607     74.204     41.323  32.745701     1.4930      8.338   213.0768 1.0255e+03     8.3450      0.045      0.065    14.6205   999.1755 0.0000e+00
      0.049      0.006     5.4219     73.605     41.370  32.782624     1.5155      8.331   213.5025 1.0040e+03     8.2830      0.048      0.070    14.6199   999.1757 0.0000e+00
      0.053      0.007     5.3754     73.084     41.375  32.786171     1.5522      8.323   213.8379 1.0026e+03     8.1903      0.052      0.076    14.6196   999.1757 0.0000e+00
      0.055      0.007     5.3250     72.646     41.379  32.788583     1.5642      8.315   214.0351 1.0213e+03     8.1416      0.055      0.080    14.6190   999.1758 0.0000e+00
      0.057      0.006     5.2770     72.269     41.409  32.811793     1.5559      8.307   214.0804 1.0148e+03     8.1196      0.056      0.082    14.6182   999.1759 0.0000e+00
      0.058      0.003     5.2342     71.903     41.412  32.812948     1.5561      8.299   214.1264 1.0068e+03     8.1542      0.057      0.083    14.6177   999.1760 0.0000e+00
      0.059      0.001     5.1972     71.556     41.401  32.802545     1.5576      8.292   214.3336 1.0037e+03     8.2649      0.058      0.085    14.6170   999.1761 0.0000e+00
      0.059     -0.001     5.1658     71.215     41.415  32.812940     1.5571      8.287   214.6064 9.6933e+02     8.3119      0.058      0.085    14.6164   999.1762 0.0000e+00
      0.058     -0.001     5.1423     70.831     41.414  32.811702     1.5596      8.282   214.9298 9.5823e+02     8.3288      0.057      0.083    14.6158   999.1763 0.0000e+00
      0.056     -0.002     5.1147     70.426     41.385  32.787577     1.5611      8.276   215.3183 9.8503e+02     8.4693      0.055      0.079    14.6142   999.1765 0.0000e+00
      0.056     -0.002     5.0899     70.003     41.370  32.775093     1.5676      8.269   215.6046 9.8559e+02     8.6673      0.054      0.078    14.6124   999.1768 0.0000e+00
      0.057     -0.001     5.0697     69.557     41.386  32.787681     1.5672      8.263   215.6381 9.7443e+02     8.7563      0.056      0.081    14.6113   999.1770 0.0000e+00
      0.057      0.000     5.0392     69.125     41.419  32.812847     1.5564      8.259   215.4650 9.7848e+02     8.7585      0.056      0.081    14.6107   999.1771 0.0000e+00
      0.056      0.003     5.0114     68.707     41.436  32.825528     1.5588      8.258   215.3185 9.7771e+02     8.7597      0.055      0.080    14.6100   999.1771 0.0000e+00
      0.056      0.007     4.9822     68.289     41.422  32.814084     1.5785      8.257   215.3290 9.8286e+02     8.8034      0.055      0.080    14.6092   999.1773 0.0000e+00
      0.056      0.013     4.9482     67.910     41.407  32.801402     1.6045      8.252   215.4200 9.8685e+02     8.9263      0.055      0.080    14.6085   999.1774 0.0000e+00
      0.058      0.019     4.9181     67.597     41.405  32.799114     1.6212      8.241   215.6448 9.5978e+02     9.0331      0.055      0.080    14.6075   999.1775 0.0000e+00
      0.065      0.024     4.8898     67.340     41.390  32.786423     1.6247      8.227   215.8104 9.2921e+02     9.0462      0.062      0.088    14.6066   999.1777 0.0000e+00
      0.076      0.026     4.8582     67.156     41.378  32.774876     1.6215      8.218   215.8738 9.7400e+02     9.0526      0.075      0.109    14.6064   999.1778 0.0000e+00
      0.087      0.025     4.8298     67.032     41.395  32.786424     1.6168      8.213   216.0667 9.8017e+02     9.1436      0.086      0.125    14.6056   999.1779 0.0000e+00
      0.095      0.021     4.8099     66.917     41.413  32.799116     1.6196      8.210   216.1642 8.7827e+02     9.2601      0.095      0.137    14.6045   999.1782 0.0000e+00
      0.098      0.015     4.7896     66.799     41.417  32.801414     1.6209      8.208   216.1926 8.8775e+02     9.2496      0.098      0.143    14.6033   999.1783 0.0000e+00
      0.098      0.010     4.7774     66.672     41.433  32.814200     1.5970      8.204   216.4097 8.8734e+02     8.9511      0.097      0.141    14.6006   999.1787 0.0000e+00
      0.098      0.006     4.7711     66.530     41.448  32.826788     1.5647      8.195   216.7247 6.8952e+02     8.5346      0.095      0.138    14.5979   999.1791 0.0000e+00
      0.098      0.004     4.7625     66.367     41.448  32.826694     1.5605      8.187   216.9892 4.8152e+02     8.3756      0.095      0.137    14.5965   999.1793 0.0000e+00
      0.100      0.004     4.7545     66.175     41.432  32.813066     1.5717      8.180   217.1985 3.8574e+02     8.4051      0.098      0.143    14.5958   999.1794 0.0000e+00
      0.103      0.004     4.7456     65.967     41.402  32.788940     1.5880      8.172   217.4486 4.1547e+02     8.4650      0.101      0.147    14.5960   999.1794 0.0000e+00
      0.104      0.004     4.7355     65.745     41.403  32.788837     1.6104      8.166   217.6040 4.7144e+02     8.5427      0.103      0.150    14.5967   999.1793 0.0000e+00
      0.105      0.002     4.7245     65.492     41.433  32.811819     1.6174      8.162   217.5281 4.5173e+02     8.5588      0.102      0.149    14.5967   999.1793 0.0000e+00
      0.106      0.001     4.7103     65.211     41.436  32.812963     1.6199      8.160   217.5636 4.7290e+02     8.5616      0.103      0.151    14.5956   999.1795 0.0000e+00
      0.106      0.003     4.6952     64.921     41.423  32.802664     1.6409      8.155   217.8613 5.3641e+02     8.8046      0.105      0.153    14.5945   999.1796 0.0000e+00
      0.104      0.006     4.6806     64.638     41.437  32.814211     1.6631      8.139   218.2026 6.1830e+02     9.2362      0.101      0.147    14.5936   999.1798 0.0000e+00
      0.102      0.010     4.6624     64.365     41.452  32.825653     1.6720      8.114   218.4206 7.9482e+02     9.4545      0.098      0.143    14.5928   999.1799 0.0000e+00
      0.106      0.012     4.6419     64.107     41.438  32.814097     1.6784      8.094   218.5186 9.4349e+02     9.4449      0.102      0.148    14.5919   999.1800 0.0000e+00
