Data/DataNotYetUploadedToEDI/Raw_CTD/RawDownloads/102319_fcr20.cnv
* Sea-Bird SBE19plus  Data File:
* FileName = C:\DATA\102319_fcr_0002.hex
* Software version 2.8.0.119 SB_Terminal.dll
* Temperature SN = 7809
* Conductivity SN = 7809
* System UpLoad Time = Oct 23 2019 15:55:55
* <ApplicationData>
* <Seaterm232>
# nquan = 16
# nvalues = 437                         
# units = specified
# name 0 = depFM: Depth [fresh water, m]
# name 1 = dz/dtM: Descent Rate [m/s]
# name 2 = sbeox0ML/L: Oxygen, SBE 43 [ml/l]
# name 3 = sbeox0PS: Oxygen, SBE 43 [% saturation]
# name 4 = specc: Specific Conductance [uS/cm]
# name 5 = c0uS/cm: Conductivity [uS/cm]
# name 6 = flECO-AFL: Fluorescence, WET Labs ECO-AFL/FL [mg/m^3]
# name 7 = ph: pH
# name 8 = orp: Oxidation Reduction Potential [mV]
# name 9 = par/sat/log: PAR/Logarithmic, Satlantic
# name 10 = turbWETntu0: Turbidity, WET Labs ECO [NTU]
# name 11 = prdM: Pressure, Strain Gauge [db]
# name 12 = prdE: Pressure, Strain Gauge [psi]
# name 13 = tv290C: Temperature [ITS-90, deg C]
# name 14 = density00: Density [density, kg/m^3]
# name 15 = flag:  0.000e+00
# span 0 =     -0.406,      3.244       
# span 1 =     -0.020,      0.168       
# span 2 =     4.2731,     7.1200       
# span 3 =     60.065,     99.905       
# span 4 =     40.678,     41.534       
# span 5 =  32.084009,  32.881251       
# span 6 =     1.3617,     4.0610       
# span 7 =      7.035,      8.626       
# span 8 =   179.6417,   247.3973       
# span 9 = 2.0592e+00, 1.3134e+03       
# span 10 =    -8.3892,     9.9717      
# span 11 =     -0.404,      3.182      
# span 12 =     -0.587,      4.615      
# span 13 =    14.0378,    14.6214      
# span 14 =   999.1754,   999.2734      
# span 15 = 0.0000e+00, 0.0000e+00      
# interval = seconds: 0.25
# start_time = Oct 23 2019 11:10:58 [Instrument's time stamp, header]
# bad_flag = -9.990e-29
*END*
[from data line 272]
      1.577      0.032     5.8409     81.282     40.972  32.191530     2.8682      7.237   238.0462 4.1390e+01     8.5625      1.546      2.242    14.2862   999.2306 0.0000e+00
      1.584      0.032     5.8389     81.231     40.941  32.166880     2.9035      7.236   238.1647 4.0893e+01     8.7460      1.553      2.253    14.2849   999.2308 0.0000e+00
      1.591      0.033     5.8318     81.174     40.931  32.158871     2.9050      7.234   238.1771 4.0382e+01     8.7818      1.560      2.262    14.2831   999.2311 0.0000e+00
      1.600      0.035     5.8275     81.098     40.931  32.158148     2.9116      7.232   238.1954 3.9591e+01     8.7995      1.568      2.274    14.2816   999.2314 0.0000e+00
      1.610      0.035     5.8255     80.991     40.932  32.158134     2.9402      7.231   238.3866 3.8667e+01     8.8290      1.578      2.290    14.2811   999.2315 0.0000e+00
      1.620      0.035     5.8211     80.878     40.933  32.158700     2.9652      7.231   238.6820 3.7848e+01     8.8434      1.589      2.305    14.2814   999.2315 0.0000e+00
      1.630      0.035     5.8177     80.789     40.942  32.164993     2.9710      7.230   238.8420 3.7234e+01     8.8092      1.599      2.320    14.2807   999.2317 0.0000e+00
      1.638      0.036     5.8131     80.716     40.949  32.170762     2.9670      7.228   238.8575 3.6821e+01     8.7436      1.608      2.332    14.2794   999.2319 0.0000e+00
      1.645      0.040     5.8048     80.665     40.943  32.164995     2.9595      7.225   238.9560 3.6374e+01     8.6399      1.613      2.339    14.2786   999.2320 0.0000e+00
      1.653      0.047     5.7950     80.643     40.935  32.158716     2.9587      7.222   239.0860 3.5778e+01     8.4727      1.621      2.351    14.2784   999.2321 0.0000e+00
      1.663      0.055     5.7900     80.642     40.934  32.158314     2.9662      7.219   239.1387 3.4948e+01     8.3284      1.631      2.364    14.2780   999.2322 0.0000e+00
      1.678      0.062     5.7844     80.662     40.937  32.160135     2.9714      7.215   239.1637 3.3648e+01     8.3045      1.643      2.383    14.2773   999.2324 0.0000e+00
      1.699      0.067     5.7801     80.689     40.965  32.180728     2.9960      7.210   239.2158 3.2105e+01     8.4464      1.664      2.416    14.2774   999.2324 0.0000e+00
      1.723      0.069     5.7794     80.711     41.014  32.216916     3.0470      7.206   239.2528 3.0811e+01     8.6669      1.691      2.452    14.2773   999.2326 0.0000e+00
      1.743      0.066     5.7788     80.721     41.017  32.216918     3.0762      7.205   239.2667 2.9864e+01     8.7740      1.711      2.481    14.2765   999.2328 0.0000e+00
      1.760      0.061     5.7810     80.698     40.974  32.180745     3.0804      7.204   239.3842 2.9175e+01     8.7587      1.727      2.504    14.2761   999.2329 0.0000e+00
      1.773      0.053     5.7834     80.643     40.949  32.160319     3.0372      7.203   239.5545 2.8618e+01     8.6787      1.739      2.522    14.2745   999.2332 0.0000e+00
      1.783      0.047     5.7853     80.560     40.949  32.160319     2.9442      7.202   239.6052 2.8079e+01     8.5933      1.749      2.536    14.2715   999.2337 0.0000e+00
      1.793      0.043     5.7874     80.458     40.976  32.180746     2.9009      7.200   239.5667 2.7567e+01     8.5784      1.758      2.550    14.2687   999.2341 0.0000e+00
      1.803      0.042     5.7857     80.368     41.022  32.216920     2.9114      7.199   239.6059 2.7028e+01     8.5963      1.767      2.563    14.2666   999.2344 0.0000e+00
      1.814      0.043     5.7817     80.288     41.022  32.216933     2.9240      7.198   239.7347 2.6434e+01     8.6788      1.778      2.578    14.2655   999.2346 0.0000e+00
      1.825      0.045     5.7761     80.193     40.976  32.180906     2.9412      7.196   239.8332 2.5872e+01     8.8549      1.789      2.595    14.2651   999.2348 0.0000e+00
      1.836      0.048     5.7675     80.096     40.954  32.162077     2.9545      7.192   239.9371 2.5346e+01     8.9886      1.800      2.611    14.2647   999.2349 0.0000e+00
      1.847      0.051     5.7608     80.021     40.982  32.179658     2.9810      7.189   240.1300 2.4716e+01     9.0174      1.810      2.626    14.2645   999.2350 0.0000e+00
      1.861      0.053     5.7567     79.952     41.019  32.203091     3.2529      7.186   240.2721 2.3970e+01     9.0064      1.824      2.646    14.2642   999.2351 0.0000e+00
      1.876      0.055     5.7493     79.893     41.010  32.191554     3.7543      7.183   240.2784 2.3248e+01     9.0189      1.841      2.670    14.2644   999.2351 0.0000e+00
      1.891      0.055     5.7407     79.863     40.982  32.167075     4.0320      7.179   240.2932 2.2573e+01     9.0380      1.855      2.689    14.2638   999.2352 0.0000e+00
      1.906      0.053     5.7376     79.837     40.973  32.160951     4.0610      7.177   240.3656 2.1933e+01     9.0405      1.869      2.711    14.2581   999.2361 0.0000e+00
      1.920      0.050     5.7336     79.802     40.998  32.180977     4.0442      7.175   240.4652 2.1398e+01     9.0170      1.884      2.733    14.2509   999.2373 0.0000e+00
      1.933      0.045     5.7284     79.779     41.047  32.218831     3.8126      7.173   240.5505 2.0967e+01     8.8846      1.896      2.748    14.2444   999.2382 0.0000e+00
      1.943      0.040     5.7286     79.738     41.072  32.237876     3.3934      7.171   240.6228 2.0578e+01     8.6844      1.905      2.764    14.2402   999.2388 0.0000e+00
      1.953      0.036     5.7270     79.664     41.051  32.220867     3.1632      7.170   240.7367 2.0247e+01     8.5633      1.916      2.779    14.2427   999.2386 0.0000e+00
      1.961      0.034     5.7222     79.593     41.029  32.203562     3.1439      7.168   240.8090 1.9962e+01     8.5345      1.923      2.789    14.2451   999.2382 0.0000e+00
      1.967      0.034     5.7226     79.517     41.049  32.219013     3.1775      7.166   240.8949 1.9663e+01     8.4350      1.928      2.797    14.2433   999.2386 0.0000e+00
      1.974      0.034     5.7207     79.420     41.049  32.217296     3.2320      7.165   241.0875 1.9309e+01     8.2119      1.934      2.807    14.2421   999.2388 0.0000e+00
      1.984      0.035     5.7130     79.324     41.007  32.182809     3.2563      7.164   241.2443 1.8918e+01     8.0980      1.944      2.821    14.2413   999.2389 0.0000e+00
      1.995      0.038     5.7093     79.235     41.008  32.182795     3.2538      7.163   241.3288 1.8546e+01     8.1073      1.956      2.837    14.2410   999.2390 0.0000e+00
      2.005      0.040     5.7044     79.160     41.054  32.217124     3.1668      7.161   241.4204 1.8214e+01     8.1277      1.967      2.853    14.2408   999.2392 0.0000e+00
      2.014      0.041     5.6966     79.122     41.056  32.217110     3.0027      7.158   241.4915 1.7916e+01     8.2126      1.976      2.866    14.2393   999.2394 0.0000e+00
      2.024      0.041     5.6895     79.119     41.013  32.182629     2.9081      7.156   241.5005 1.7557e+01     8.2824      1.984      2.877    14.2380   999.2395 0.0000e+00
      2.036      0.040     5.6840     79.125     41.011  32.180978     2.8897      7.155   241.5289 1.7147e+01     8.2832      1.996      2.895    14.2369   999.2397 0.0000e+00
      2.047      0.039     5.6772     79.134     41.031  32.197142     2.8937      7.154   241.6623 1.6825e+01     8.3529      2.009      2.915    14.2345   999.2402 0.0000e+00
      2.057      0.039     5.6752     79.129     41.019  32.187690     2.9051      7.153   241.8228 1.6558e+01     8.5025      2.018      2.926    14.2325   999.2405 0.0000e+00
      2.065      0.040     5.6762     79.099     41.028  32.193614     2.9054      7.150   241.9205 1.6271e+01     8.5847      2.025      2.938    14.2313   999.2407 0.0000e+00
      2.074      0.043     5.6764     79.069     41.044  32.205308     2.9058      7.147   241.9840 1.5988e+01     8.5602      2.033      2.949    14.2308   999.2408 0.0000e+00
      2.083      0.046     5.6775     79.065     41.041  32.202154     2.9094      7.142   241.9879 1.5672e+01     8.4682      2.042      2.961    14.2317   999.2407 0.0000e+00
      2.096      0.047     5.6776     79.060     41.064  32.218941     2.9058      7.136   241.9682 1.5254e+01     8.3579      2.055      2.980    14.2318   999.2407 0.0000e+00
      2.112      0.046     5.6752     79.040     41.063  32.217900     2.8977      7.128   242.0896 1.4784e+01     8.3078      2.070      3.003    14.2308   999.2409 0.0000e+00
      2.127      0.043     5.6708     79.019     41.027  32.189562     2.8986      7.118   242.3380 1.4395e+01     8.3210      2.087      3.027    14.2297   999.2412 0.0000e+00
      2.140      0.039     5.6733     79.001     41.032  32.193614     2.9080      7.110   242.5617 1.4175e+01     8.3217      2.101      3.049    14.2282   999.2414 0.0000e+00
      2.147      0.037     5.6728     78.989     41.044  32.203436     2.8983      7.109   242.7294 1.4080e+01     8.2497      2.107      3.056    14.2268   999.2418 0.0000e+00
      2.151      0.037     5.6709     78.987     41.016  32.181396     2.8682      7.110   242.9035 1.3958e+01     8.1390      2.108      3.057    14.2259   999.2419 0.0000e+00
      2.156      0.038     5.6698     78.998     41.016  32.180964     2.8472      7.108   243.0317 1.3664e+01     8.0653      2.112      3.062    14.2260   999.2418 0.0000e+00
      2.167      0.040     5.6679     79.012     41.039  32.198218     2.8438      7.105   243.1609 1.3239e+01     8.0468      2.124      3.080    14.2270   999.2418 0.0000e+00
      2.182      0.045     5.6673     79.035     41.042  32.199632     2.8872      7.103   243.4329 1.2838e+01     8.1125      2.140      3.104    14.2278   999.2417 0.0000e+00
      2.196      0.049     5.6664     79.076     41.042  32.198059     2.9734      7.100   243.6527 1.2501e+01     8.2360      2.153      3.123    14.2272   999.2418 0.0000e+00
      2.208      0.049     5.6684     79.115     41.020  32.179190     3.0194      7.099   243.6683 1.2191e+01     8.2948      2.166      3.141    14.2269   999.2420 0.0000e+00
      2.220      0.045     5.6688     79.118     41.000  32.161875     3.0091      7.101   243.6219 1.1888e+01     8.2671      2.177      3.158    14.2262   999.2421 0.0000e+00
      2.233      0.041     5.6701     79.063     41.024  32.179077     2.9100      7.104   243.6941 1.1597e+01     8.0971      2.189      3.175    14.2240   999.2425 0.0000e+00
      2.244      0.039     5.6743     78.949     41.049  32.196800     2.7404      7.105   243.9384 1.1386e+01     7.8121      2.202      3.194    14.2217   999.2429 0.0000e+00
      2.251      0.039     5.6783     78.804     41.037  32.185771     2.6662      7.103   244.1655 1.1258e+01     7.6721      2.209      3.204    14.2199   999.2431 0.0000e+00
      2.257      0.039     5.6791     78.668     41.022  32.172649     2.6806      7.098   244.2040 1.1099e+01     7.6830      2.211      3.206    14.2182   999.2435 0.0000e+00
      2.266      0.040     5.6757     78.561     41.014  32.165061     2.6629      7.095   244.1460 1.0884e+01     7.6813      2.221      3.221    14.2160   999.2438 0.0000e+00
      2.279      0.041     5.6670     78.475     41.007  32.157483     2.6166      7.093   244.1520 1.0668e+01     7.6839      2.234      3.242    14.2142   999.2441 0.0000e+00
      2.292      0.042     5.6552     78.388     40.993  32.144480     2.5983      7.092   244.1903 1.0458e+01     7.7144      2.248      3.260    14.2126   999.2444 0.0000e+00
      2.304      0.042     5.6455     78.311     40.983  32.134761     2.5972      7.094   244.2656 1.0266e+01     7.6905      2.260      3.278    14.2110   999.2446 0.0000e+00
      2.314      0.040     5.6379     78.271     41.025  32.166891     2.5686      7.097   244.3733 1.0104e+01     7.6244      2.269      3.291    14.2090   999.2450 0.0000e+00
      2.324      0.036     5.6335     78.254     41.087  32.215666     2.5386      7.099   244.3738 9.9586e+00     7.6031      2.279      3.307    14.2063   999.2454 0.0000e+00
      2.333      0.034     5.6272     78.253     41.089  32.216811     2.5391      7.102   244.3581 9.8284e+00     7.5975      2.289      3.321    14.2037   999.2458 0.0000e+00
      2.339      0.032     5.6201     78.253     41.043  32.180732     2.5392      7.104   244.4425 9.7183e+00     7.5893      2.294      3.328    14.2014   999.2462 0.0000e+00
      2.346      0.032     5.6191     78.247     41.017  32.160196     2.5304      7.105   244.5339 9.5990e+00     7.6016      2.299      3.335    14.2001   999.2464 0.0000e+00
      2.355      0.032     5.6172     78.240     41.016  32.158896     2.5634      7.105   244.5164 9.4554e+00     7.6158      2.308      3.348    14.1998   999.2465 0.0000e+00
      2.365      0.033     5.6177     78.222     41.024  32.165020     2.6257      7.105   244.4034 9.3183e+00     7.6296      2.319      3.364    14.2002   999.2465 0.0000e+00
      2.374      0.035     5.6185     78.203     41.031  32.170772     2.6512      7.105   244.4574 9.2010e+00     7.6371      2.328      3.376    14.2004   999.2465 0.0000e+00
      2.381      0.035     5.6166     78.187     41.025  32.164992     2.6552      7.105   244.6527 9.0886e+00     7.6410      2.335      3.387    14.2001   999.2465 0.0000e+00
      2.390      0.035     5.6179     78.167     41.017  32.158589     2.6481      7.105   244.7001 8.9562e+00     7.6438      2.343      3.400    14.1999   999.2466 0.0000e+00
      2.400      0.035     5.6152     78.155     41.015  32.156811     2.6169      7.104   244.6863 8.8194e+00     7.6391      2.355      3.415    14.1997   999.2467 0.0000e+00
      2.410      0.035     5.6142     78.155     40.999  32.143486     2.5989      7.104   244.7448 8.7097e+00     7.6494      2.365      3.429    14.1993   999.2468 0.0000e+00
      2.418      0.035     5.6135     78.159     40.976  32.124403     2.6038      7.104   244.8905 8.6008e+00     7.6695      2.372      3.440    14.1989   999.2469 0.0000e+00
      2.426      0.035     5.6115     78.142     40.966  32.116454     2.6247      7.103   244.9855 8.4747e+00     7.7183      2.378      3.449    14.1982   999.2470 0.0000e+00
      2.434      0.035     5.6109     78.111     40.960  32.110841     2.6519      7.101   244.9466 8.3575e+00     7.8131      2.387      3.462    14.1973   999.2472 0.0000e+00
      2.444      0.035     5.6106     78.071     40.973  32.120001     2.6548      7.099   245.0233 8.2357e+00     7.8666      2.397      3.475    14.1966   999.2473 0.0000e+00
      2.454      0.036     5.6129     78.034     41.029  32.163735     2.6595      7.099   245.1384 8.0933e+00     7.8728      2.405      3.489    14.1960   999.2474 0.0000e+00
      2.464      0.036     5.6105     78.032     41.070  32.195408     2.8471      7.099   245.1329 7.9534e+00     7.8225      2.417      3.505    14.1951   999.2476 0.0000e+00
      2.473      0.036     5.6085     78.056     41.057  32.185648     3.1895      7.098   245.1294 7.8244e+00     7.6846      2.426      3.517    14.1941   999.2478 0.0000e+00
      2.481      0.036     5.6061     78.096     41.041  32.172650     3.3660      7.097   245.0962 7.7064e+00     7.6150      2.433      3.529    14.1933   999.2479 0.0000e+00
      2.490      0.037     5.6011     78.161     41.031  32.165174     3.3688      7.095   245.0757 7.5989e+00     7.6357      2.442      3.543    14.1928   999.2481 0.0000e+00
      2.498      0.041     5.6027     78.244     41.023  32.158720     3.2585      7.094   245.1394 7.4941e+00     7.7061      2.450      3.553    14.1927   999.2482 0.0000e+00
      2.508      0.046     5.6042     78.320     41.023  32.158072     3.0469      7.093   245.2637 7.3618e+00     7.8104      2.458      3.565    14.1925   999.2482 0.0000e+00
