Data/DataNotYetUploadedToEDI/Raw_CTD/RawDownloads/102319_fcr20.cnv
* Sea-Bird SBE19plus  Data File:
* FileName = C:\DATA\102319_fcr_0002.hex
* Software version 2.8.0.119 SB_Terminal.dll
* Temperature SN = 7809
* Conductivity SN = 7809
* System UpLoad Time = Oct 23 2019 15:55:55
* <ApplicationData>
* <Seaterm232>
# nquan = 16
# nvalues = 437                         
# units = specified
# name 0 = depFM: Depth [fresh water, m]
# name 1 = dz/dtM: Descent Rate [m/s]
# name 2 = sbeox0ML/L: Oxygen, SBE 43 [ml/l]
# name 3 = sbeox0PS: Oxygen, SBE 43 [% saturation]
# name 4 = specc: Specific Conductance [uS/cm]
# name 5 = c0uS/cm: Conductivity [uS/cm]
# name 6 = flECO-AFL: Fluorescence, WET Labs ECO-AFL/FL [mg/m^3]
# name 7 = ph: pH
# name 8 = orp: Oxidation Reduction Potential [mV]
# name 9 = par/sat/log: PAR/Logarithmic, Satlantic
# name 10 = turbWETntu0: Turbidity, WET Labs ECO [NTU]
# name 11 = prdM: Pressure, Strain Gauge [db]
# name 12 = prdE: Pressure, Strain Gauge [psi]
# name 13 = tv290C: Temperature [ITS-90, deg C]
# name 14 = density00: Density [density, kg/m^3]
# name 15 = flag:  0.000e+00
# span 0 =     -0.406,      3.244       
# span 1 =     -0.020,      0.168       
# span 2 =     4.2731,     7.1200       
# span 3 =     60.065,     99.905       
# span 4 =     40.678,     41.534       
# span 5 =  32.084009,  32.881251       
# span 6 =     1.3617,     4.0610       
# span 7 =      7.035,      8.626       
# span 8 =   179.6417,   247.3973       
# span 9 = 2.0592e+00, 1.3134e+03       
# span 10 =    -8.3892,     9.9717      
# span 11 =     -0.404,      3.182      
# span 12 =     -0.587,      4.615      
# span 13 =    14.0378,    14.6214      
# span 14 =   999.1754,   999.2734      
# span 15 = 0.0000e+00, 0.0000e+00      
# interval = seconds: 0.25
# start_time = Oct 23 2019 11:10:58 [Instrument's time stamp, header]
# bad_flag = -9.990e-29
*END*
[from data line 181]
      0.659      0.041     5.9113     83.029     40.935  32.328121     2.7213      7.555   226.7343 2.2882e+02     9.6817      0.645      0.936    14.4949   999.1965 0.0000e+00
      0.674      0.043     5.9210     82.971     40.955  32.339670     2.7316      7.551   226.9405 2.1705e+02     9.6613      0.662      0.961    14.4964   999.1963 0.0000e+00
      0.687      0.043     5.9183     82.938     40.976  32.352361     2.7397      7.547   227.0446 2.1139e+02     9.4908      0.675      0.980    14.4931   999.1969 0.0000e+00
      0.697      0.040     5.9288     82.922     40.984  32.354649     2.7591      7.542   227.1322 2.0431e+02     9.1933      0.684      0.992    14.4870   999.1979 0.0000e+00
      0.705      0.035     5.9247     82.887     41.004  32.367330     2.7835      7.538   227.3125 1.9492e+02     9.0457      0.690      1.001    14.4833   999.1983 0.0000e+00
      0.714      0.031     5.9188     82.804     41.021  32.378764     2.7920      7.534   227.4180 1.8866e+02     9.0171      0.701      1.017    14.4787   999.1990 0.0000e+00
      0.721      0.029     5.9187     82.699     41.006  32.365969     2.7668      7.531   227.5461 1.8650e+02     8.9134      0.709      1.028    14.4733   999.1999 0.0000e+00
      0.726      0.030     5.9180     82.637     40.973  32.339546     2.7213      7.527   227.8290 1.8461e+02     8.7751      0.711      1.032    14.4694   999.2005 0.0000e+00
      0.732      0.032     5.9182     82.622     40.940  32.313132     2.7017      7.525   228.0855 1.8164e+02     8.7214      0.717      1.041    14.4649   999.2012 0.0000e+00
      0.741      0.033     5.9111     82.600     40.926  32.300441     2.7120      7.523   228.3247 1.7708e+02     8.7556      0.725      1.051    14.4611   999.2017 0.0000e+00
      0.751      0.033     5.9025     82.608     40.946  32.313019     2.7498      7.519   228.5692 1.7133e+02     8.8281      0.736      1.067    14.4609   999.2018 0.0000e+00
      0.762      0.033     5.8957     82.648     40.982  32.338279     2.8033      7.514   228.7188 1.6864e+02     8.9426      0.748      1.086    14.4620   999.2018 0.0000e+00
      0.772      0.032     5.9002     82.677     41.002  32.352009     2.8303      7.508   228.8428 1.6930e+02     9.0261      0.758      1.099    14.4618   999.2018 0.0000e+00
      0.780      0.029     5.8947     82.725     41.004  32.352112     2.8343      7.503   228.9503 1.6815e+02     9.0501      0.765      1.109    14.4592   999.2022 0.0000e+00
      0.785      0.026     5.8957     82.762     40.989  32.339527     2.8337      7.498   228.9861 1.6609e+02     9.0691      0.770      1.116    14.4551   999.2028 0.0000e+00
      0.790      0.024     5.9031     82.737     40.973  32.326760     2.8148      7.492   229.1038 1.6747e+02     9.1901      0.773      1.123    14.4512   999.2034 0.0000e+00
      0.796      0.024     5.9015     82.669     40.971  32.324672     2.7873      7.486   229.3410 1.6927e+02     9.4650      0.779      1.130    14.4474   999.2040 0.0000e+00
      0.802      0.025     5.9075     82.596     40.958  32.314277     2.7785      7.479   229.5314 1.6619e+02     9.6726      0.786      1.140    14.4452   999.2043 0.0000e+00
      0.808      0.026     5.9121     82.529     40.977  32.327997     2.7862      7.472   229.6841 1.6173e+02     9.7009      0.792      1.149    14.4457   999.2043 0.0000e+00
      0.814      0.028     5.9090     82.490     41.023  32.363642     2.8200      7.466   229.8969 1.5979e+02     9.3489      0.799      1.158    14.4458   999.2043 0.0000e+00
      0.821      0.029     5.9031     82.516     41.026  32.364483     2.8760      7.461   230.0392 1.5776e+02     8.6933      0.805      1.167    14.4450   999.2045 0.0000e+00
      0.829      0.029     5.8980     82.588     40.993  32.338164     2.9078      7.458   230.1145 1.5524e+02     8.3617      0.813      1.179    14.4443   999.2046 0.0000e+00
      0.838      0.028     5.8931     82.673     40.944  32.299266     2.9097      7.455   230.2906 1.5359e+02     8.3546      0.822      1.193    14.4435   999.2047 0.0000e+00
      0.846      0.026     5.8885     82.787     40.912  32.274933     2.8386      7.450   230.4485 1.5226e+02     8.2793      0.830      1.204    14.4423   999.2050 0.0000e+00
      0.852      0.025     5.8914     82.902     40.940  32.297800     2.6980      7.445   230.5603 1.5087e+02     8.1393      0.836      1.213    14.4401   999.2053 0.0000e+00
      0.857      0.023     5.8987     82.946     40.970  32.321915     2.6140      7.441   230.7827 1.4939e+02     8.1046      0.840      1.220    14.4395   999.2054 0.0000e+00
      0.862      0.022     5.9027     82.940     40.959  32.312665     2.6032      7.437   231.0722 1.4826e+02     8.1540      0.845      1.225    14.4403   999.2053 0.0000e+00
      0.867      0.022     5.9112     82.920     40.962  32.312872     2.6637      7.434   231.3071 1.4772e+02     8.3765      0.850      1.232    14.4406   999.2052 0.0000e+00
      0.873      0.022     5.9235     82.852     40.980  32.324421     2.7728      7.430   231.4722 1.4627e+02     8.7622      0.856      1.242    14.4413   999.2052 0.0000e+00
      0.879      0.023     5.9248     82.766     40.984  32.325367     2.8295      7.426   231.6061 1.4456e+02     8.9508      0.864      1.253    14.4422   999.2051 0.0000e+00
      0.884      0.025     5.9217     82.702     40.984  32.324309     2.8299      7.423   231.7213 1.4384e+02     8.9530      0.868      1.258    14.4417   999.2052 0.0000e+00
      0.889      0.027     5.9243     82.651     40.968  32.311625     2.7939      7.420   231.8328 1.4187e+02     8.9200      0.871      1.263    14.4395   999.2056 0.0000e+00
      0.896      0.030     5.9179     82.641     40.952  32.298934     2.7417      7.418   231.9213 1.3891e+02     8.8467      0.879      1.275    14.4358   999.2062 0.0000e+00
      0.904      0.034     5.9099     82.667     40.951  32.297781     2.7188      7.414   231.9311 1.3671e+02     8.7872      0.887      1.286    14.4325   999.2066 0.0000e+00
      0.914      0.037     5.9084     82.707     40.953  32.297676     2.7164      7.409   231.9508 1.3439e+02     8.7581      0.895      1.299    14.4311   999.2068 0.0000e+00
      0.925      0.038     5.9018     82.763     40.958  32.297666     2.7124      7.405   232.0733 1.3150e+02     8.7574      0.907      1.315    14.4309   999.2069 0.0000e+00
      0.937      0.037     5.9019     82.803     40.963  32.297666     2.6882      7.401   232.2079 1.2874e+02     8.6800      0.920      1.334    14.4314   999.2069 0.0000e+00
      0.948      0.036     5.9050     82.796     40.968  32.297665     2.6403      7.397   232.2883 1.2669e+02     8.4775      0.930      1.349    14.4316   999.2070 0.0000e+00
      0.957      0.034     5.9067     82.762     40.973  32.297655     2.6101      7.393   232.3569 1.2547e+02     8.3410      0.939      1.363    14.4295   999.2073 0.0000e+00
      0.963      0.032     5.9131     82.720     40.976  32.297531     2.6091      7.389   232.4345 1.2449e+02     8.3408      0.944      1.370    14.4247   999.2080 0.0000e+00
      0.969      0.032     5.9176     82.675     40.975  32.296169     2.6981      7.388   232.5388 1.2303e+02     8.3118      0.949      1.376    14.4194   999.2088 0.0000e+00
      0.976      0.033     5.9169     82.656     40.957  32.281179     2.8613      7.386   232.6715 1.2094e+02     8.1866      0.956      1.387    14.4142   999.2096 0.0000e+00
      0.986      0.037     5.9140     82.669     40.912  32.243207     2.9438      7.381   232.8342 1.1868e+02     8.1047      0.967      1.401    14.4095   999.2103 0.0000e+00
      0.997      0.044     5.9126     82.690     40.886  32.217822     2.9588      7.374   233.0441 1.1669e+02     8.1082      0.978      1.418    14.4064   999.2107 0.0000e+00
      1.007      0.052     5.9074     82.712     40.906  32.228088     2.9741      7.365   233.2293 1.1463e+02     8.2614      0.987      1.432    14.4059   999.2109 0.0000e+00
      1.018      0.058     5.9066     82.745     40.929  32.240406     2.9815      7.355   233.3527 1.1157e+02     8.5812      0.996      1.444    14.4048   999.2111 0.0000e+00
      1.034      0.062     5.9086     82.811     40.931  32.239823     2.9869      7.345   233.4187 1.0755e+02     8.7623      1.013      1.468    14.4021   999.2116 0.0000e+00
      1.056      0.065     5.9108     82.914     40.906  32.221044     2.9874      7.337   233.4252 1.0346e+02     8.7478      1.036      1.503    14.3980   999.2122 0.0000e+00
      1.076      0.065     5.9132     82.974     40.884  32.203732     3.0138      7.331   233.5166 1.0012e+02     8.7990      1.056      1.532    14.3893   999.2136 0.0000e+00
      1.093      0.061     5.9161     82.925     40.907  32.220884     3.0812      7.324   233.7493 9.7535e+01     8.9549      1.073      1.556    14.3806   999.2150 0.0000e+00
      1.108      0.054     5.9201     82.867     40.932  32.238049     3.1259      7.319   233.9153 9.5352e+01     9.0595      1.088      1.577    14.3792   999.2152 0.0000e+00
      1.120      0.045     5.9296     82.904     40.912  32.220875     3.1299      7.312   233.8893 9.3456e+01     9.0481      1.099      1.594    14.3811   999.2150 0.0000e+00
      1.130      0.037     5.9381     82.969     40.892  32.203618     3.0855      7.302   233.8646 9.2022e+01     8.8493      1.109      1.608    14.3806   999.2151 0.0000e+00
      1.138      0.031     5.9300     82.989     40.914  32.219780     3.0052      7.294   233.9613 9.0979e+01     8.5245      1.116      1.618    14.3788   999.2154 0.0000e+00
      1.144      0.026     5.9223     83.025     40.924  32.225904     2.9567      7.291   234.1128 9.0156e+01     8.3659      1.122      1.627    14.3761   999.2158 0.0000e+00
      1.149      0.026     5.9275     83.019     40.910  32.214194     2.9413      7.292   234.3196 8.9651e+01     8.3730      1.127      1.635    14.3741   999.2161 0.0000e+00
      1.154      0.028     5.9384     82.944     40.899  32.205120     2.9403      7.294   234.3967 8.8976e+01     8.3808      1.130      1.640    14.3732   999.2162 0.0000e+00
      1.159      0.033     5.9320     82.906     40.869  32.179651     2.9453      7.295   234.3569 8.7952e+01     8.5916      1.135      1.647    14.3718   999.2165 0.0000e+00
      1.167      0.039     5.9401     82.905     40.849  32.160096     2.9493      7.295   234.4399 8.6462e+01     9.0208      1.142      1.657    14.3698   999.2168 0.0000e+00
      1.178      0.046     5.9420     82.892     40.853  32.159055     2.9542      7.294   234.6269 8.4387e+01     9.2440      1.154      1.674    14.3687   999.2170 0.0000e+00
      1.193      0.052     5.9293     82.886     40.870  32.167060     2.9525      7.294   234.8962 8.2140e+01     9.2257      1.170      1.698    14.3680   999.2172 0.0000e+00
      1.209      0.056     5.9302     82.930     40.910  32.193414     2.9105      7.292   235.1148 7.9613e+01     9.0297      1.185      1.718    14.3664   999.2175 0.0000e+00
      1.225      0.057     5.9307     82.967     40.954  32.223847     2.8278      7.290   235.2049 7.7184e+01     8.7091      1.201      1.742    14.3618   999.2182 0.0000e+00
      1.240      0.056     5.9320     82.979     40.950  32.217714     2.7770      7.289   235.2969 7.5266e+01     8.5610      1.217      1.765    14.3562   999.2191 0.0000e+00
      1.254      0.054     5.9269     82.948     40.909  32.182722     2.7730      7.286   235.3677 7.3519e+01     8.5495      1.230      1.784    14.3504   999.2199 0.0000e+00
      1.268      0.054     5.9372     82.829     40.911  32.181527     2.7798      7.283   235.3724 7.2233e+01     8.5705      1.244      1.804    14.3425   999.2212 0.0000e+00
      1.280      0.055     5.9386     82.667     40.943  32.203251     2.7812      7.280   235.4404 7.1188e+01     8.6516      1.255      1.820    14.3373   999.2220 0.0000e+00
      1.291      0.056     5.9398     82.512     40.933  32.191542     2.7725      7.275   235.5878 6.9429e+01     8.7106      1.266      1.836    14.3344   999.2225 0.0000e+00
      1.305      0.059     5.9418     82.369     40.907  32.166868     2.7695      7.271   235.7771 6.7328e+01     8.7269      1.279      1.855    14.3312   999.2229 0.0000e+00
      1.321      0.060     5.9297     82.218     40.899  32.158758     2.7622      7.268   236.0085 6.5342e+01     8.5857      1.294      1.877    14.3278   999.2235 0.0000e+00
      1.340      0.060     5.9190     82.085     40.898  32.156937     2.7371      7.265   236.1482 6.3223e+01     8.2482      1.314      1.906    14.3247   999.2241 0.0000e+00
      1.358      0.058     5.9066     81.977     40.883  32.144855     2.7262      7.261   236.1754 6.1374e+01     8.0550      1.333      1.933    14.3199   999.2248 0.0000e+00
      1.373      0.053     5.9004     81.904     40.877  32.139595     2.7336      7.258   236.1664 5.9926e+01     8.0859      1.347      1.953    14.3126   999.2258 0.0000e+00
      1.386      0.047     5.8869     81.886     40.900  32.156798     2.7749      7.257   236.2109 5.8535e+01     8.1627      1.360      1.972    14.3100   999.2263 0.0000e+00
      1.396      0.042     5.8781     81.896     40.908  32.162472     2.8520      7.257   236.3693 5.7488e+01     8.2620      1.370      1.986    14.3111   999.2263 0.0000e+00
      1.404      0.040     5.8708     81.943     40.887  32.144740     2.8946      7.257   236.5330 5.6939e+01     8.3364      1.377      1.997    14.3104   999.2264 0.0000e+00
      1.411      0.040     5.8633     82.019     40.874  32.132776     2.9004      7.257   236.6410 5.6329e+01     8.3414      1.384      2.007    14.3092   999.2266 0.0000e+00
      1.420      0.042     5.8650     82.070     40.892  32.144740     2.9041      7.256   236.7295 5.5236e+01     8.3225      1.391      2.017    14.3084   999.2267 0.0000e+00
      1.431      0.045     5.8644     82.089     40.917  32.162473     2.9400      7.255   236.8276 5.3782e+01     8.4354      1.402      2.033    14.3070   999.2270 0.0000e+00
      1.445      0.048     5.8677     82.100     40.912  32.156799     3.0049      7.254   236.9675 5.2322e+01     8.6578      1.417      2.056    14.3063   999.2271 0.0000e+00
      1.459      0.050     5.8760     82.096     40.892  32.139597     3.0292      7.252   237.1295 5.1112e+01     8.7502      1.432      2.077    14.3044   999.2274 0.0000e+00
      1.473      0.050     5.8802     82.065     40.899  32.144856     3.0267      7.250   237.2384 5.0092e+01     8.7336      1.444      2.095    14.3003   999.2282 0.0000e+00
      1.485      0.049     5.8801     82.007     40.916  32.156924     3.0004      7.248   237.2524 4.9037e+01     8.6531      1.457      2.112    14.2977   999.2285 0.0000e+00
      1.496      0.047     5.8822     81.915     40.920  32.158588     2.9364      7.246   237.2975 4.7890e+01     8.4649      1.468      2.128    14.2959   999.2289 0.0000e+00
      1.508      0.045     5.8824     81.805     40.929  32.164981     2.8948      7.246   237.4399 4.6716e+01     8.3263      1.479      2.145    14.2948   999.2291 0.0000e+00
      1.519      0.044     5.8797     81.702     40.938  32.170761     2.8869      7.245   237.5972 4.5598e+01     8.2882      1.489      2.160    14.2941   999.2292 0.0000e+00
      1.530      0.043     5.8765     81.605     40.932  32.165008     2.8670      7.244   237.7370 4.4663e+01     8.2335      1.501      2.176    14.2930   999.2295 0.0000e+00
      1.542      0.040     5.8697     81.528     40.925  32.158875     2.8189      7.242   237.8402 4.3974e+01     8.1249      1.513      2.194    14.2917   999.2297 0.0000e+00
      1.552      0.038     5.8607     81.465     40.929  32.160071     2.7819      7.241   237.8981 4.3359e+01     8.0560      1.522      2.209    14.2895   999.2300 0.0000e+00
      1.562      0.035     5.8543     81.392     40.955  32.179472     2.7752      7.239   237.9212 4.2684e+01     8.0895      1.532      2.223    14.2885   999.2302 0.0000e+00
