Data/DataNotYetUploadedToEDI/Raw_CTD/RawDownloads/102319_fcr50.cnv
* Sea-Bird SBE19plus  Data File:
* FileName = C:\DATA\102319_fcr50_0003.hex
* Software version 2.8.0.119 SB_Terminal.dll
* Temperature SN = 7809
* Conductivity SN = 7809
* System UpLoad Time = Oct 23 2019 09:56:24
* <ApplicationData>
* <Seaterm232>
# nquan = 16
# nvalues = 1012                        
# units = specified
# name 0 = depFM: Depth [fresh water, m]
# name 1 = dz/dtM: Descent Rate [m/s]
# name 2 = sbeox0ML/L: Oxygen, SBE 43 [ml/l]
# name 3 = sbeox0PS: Oxygen, SBE 43 [% saturation]
# name 4 = specc: Specific Conductance [uS/cm]
# name 5 = c0uS/cm: Conductivity [uS/cm]
# name 6 = flECO-AFL: Fluorescence, WET Labs ECO-AFL/FL [mg/m^3]
# name 7 = ph: pH
# name 8 = orp: Oxidation Reduction Potential [mV]
# name 9 = par/sat/log: PAR/Logarithmic, Satlantic
# name 10 = turbWETntu0: Turbidity, WET Labs ECO [NTU]
# name 11 = prdM: Pressure, Strain Gauge [db]
# name 12 = prdE: Pressure, Strain Gauge [psi]
# name 13 = tv290C: Temperature [ITS-90, deg C]
# name 14 = density00: Density [density, kg/m^3]
# name 15 = flag:  0.000e+00
# span 0 =     -0.569,      9.769       
# span 1 =     -0.280,      0.144       
# span 2 =    -0.5939,     7.2407       
# span 3 =     -7.860,     99.664       
# span 4 =     22.253,    414.403       
# span 5 =  16.676233, 320.911788       
# span 6 =    -2.3940,     3.9724       
# span 7 =      3.054,      8.477       
# span 8 = -1240.7455,   524.0390       
# span 9 = 1.2352e-01, 1.0480e+03       
# span 10 =    -5.4022,    36.1433      
# span 11 =     -0.558,      9.581      
# span 12 =     -0.810,     13.896      
# span 13 =    12.4485,    14.5005      
# span 14 =   999.1934,   999.4856      
# span 15 = 0.0000e+00, 0.0000e+00      
# interval = seconds: 0.25
# start_time = Oct 23 2019 09:42:02 [Instrument's time stamp, header]
# bad_flag = -9.990e-29
*END*
     -0.569 4.7452e-19     7.2394     96.992     35.298  26.443366    -0.1628      6.280 -1240.7455 2.6646e+02     1.0906     -0.558     -0.810    12.4624   999.4581 0.0000e+00
     -0.569 4.3139e-20     7.2387     96.990     35.668  26.719780    -0.1613      6.281 -1240.7455 2.9882e+02     1.0822     -0.558     -0.810    12.4601   999.4585 0.0000e+00
     -0.569 3.9217e-21     7.2388     97.002     36.446  27.301912    -0.1646      6.283 -1240.7455 3.3321e+02     1.0273     -0.558     -0.809    12.4577   999.4584 0.0000e+00
     -0.569 3.5652e-22     7.2407     96.993     37.581  28.152359    -0.1683      6.285 -1240.7455 3.7565e+02     0.6890     -0.558     -0.809    12.4558   999.4583 0.0000e+00
     -0.569 3.2410e-23     7.2379     96.965     37.707  28.246827    -0.1623      6.286 -1240.7455 2.7995e+02     0.0728     -0.558     -0.809    12.4542   999.4589 0.0000e+00
     -0.569 2.9464e-24     7.2378     96.942     36.615  27.429049    -0.1615      6.289 -1240.7455 3.9781e+02    -0.2949     -0.558     -0.809    12.4533   999.4590 0.0000e+00
     -0.569 2.6786e-25     7.2406     96.912     35.138  26.322389    -0.1585      6.295 -1240.7455 8.2648e+02    -0.3494     -0.557     -0.808    12.4529   999.4592 0.0000e+00
     -0.569 2.4351e-26     7.2399     96.884     33.735  25.271116    -0.1524      6.302 -1240.7455 1.0480e+03    -0.3885     -0.558     -0.809    12.4526   999.4600 0.0000e+00
     -0.569 2.2166e-27     7.2358     96.869     32.436  24.297782    -0.1480      6.301 -1240.7455 1.0208e+03    -0.4728     -0.558     -0.809    12.4525   999.4600 0.0000e+00
     -0.569 2.3280e-28     7.2359     96.831     31.285  23.435125    -0.1410      6.297 -1240.7455 9.4797e+02    -0.5172     -0.558     -0.809    12.4529   999.4595 0.0000e+00
     -0.569 3.6540e-28     7.2333     96.784     30.398  22.770163    -0.1456      6.301 -1240.7455 7.1625e+02    -0.4987     -0.558     -0.809    12.4531   999.4589 0.0000e+00
     -0.568 3.8198e-27     7.2293     96.753     29.664  22.220426    -0.1514      6.306 -1240.7455 3.4678e+02    -0.4779     -0.557     -0.808    12.4529   999.4585 0.0000e+00
     -0.568 4.1999e-26     7.2317     96.739     29.102  21.799282    -0.1502      6.301 -1240.7455 1.4694e+02    -0.4629     -0.557     -0.808    12.4523   999.4581 0.0000e+00
     -0.568 4.6199e-25     7.2270     96.748     28.512  21.357051    -0.1577      6.285 -1240.7455 1.1799e+02    -0.4484     -0.557     -0.808    12.4515   999.4577 0.0000e+00
     -0.568 5.0819e-24     7.2230     96.756     27.862  20.869333    -0.1639      6.264 -1240.7455 1.0199e+02    -0.4666     -0.558     -0.809    12.4504   999.4577 0.0000e+00
     -0.568 5.5901e-23     7.2217     96.730     27.327  20.468994    -0.1649      6.257 -1240.7455 9.4847e+01    -0.4863     -0.557     -0.808    12.4494   999.4575 0.0000e+00
     -0.568 6.1491e-22     7.2196     96.681     26.792  20.068361    -0.1605      6.267 -1240.7455 9.4547e+01    -0.4897     -0.558     -0.809    12.4490   999.4574 0.0000e+00
     -0.568 6.7640e-21     7.2215     96.648     26.559  19.894125    -0.1541      6.287 -1240.7455 9.3038e+01    -0.5073     -0.557     -0.808    12.4487   999.4572 0.0000e+00
     -0.568 7.4404e-20     7.2234     96.630     26.716  20.011326    -0.1575      6.301 -1240.7455 8.8600e+01    -0.5354     -0.557     -0.808    12.4486   999.4570 0.0000e+00
     -0.568 8.1845e-19     7.2212     96.616     26.567  19.899880    -0.1573      6.300 -1240.7455 8.5634e+01    -0.5352     -0.558     -0.809    12.4487   999.4569 0.0000e+00
     -0.568 9.0029e-18     7.2155     96.604     25.861  19.371094    -0.1522      6.325 -1240.7455 9.9498e+01    -0.5048     -0.557     -0.808    12.4488   999.4567 0.0000e+00
     -0.568 9.9032e-17     7.2137     96.597     25.377  19.008598    -0.1565      6.358 -1240.7455 2.7243e+02    -0.4954     -0.557     -0.808    12.4490   999.4565 0.0000e+00
     -0.568 1.0894e-15     7.2127     96.602     25.542  19.131957    -0.1652      6.353 -1240.7455 5.7330e+02    -0.5195     -0.557     -0.808    12.4491   999.4566 0.0000e+00
     -0.568 1.1983e-14     7.2114     96.610     25.821  19.340543    -0.1711      6.357 -1240.7455 6.9461e+02    -0.5342     -0.557     -0.808    12.4491   999.4567 0.0000e+00
     -0.568 1.3181e-13     7.2108     96.613     25.781  19.310913    -0.1678      6.368 -1240.7455 5.7141e+02    -0.5101     -0.557     -0.807    12.4490   999.4563 0.0000e+00
     -0.568 1.4499e-12     7.2095     96.603     25.402  19.027381    -0.1597      6.351 -1240.7455 5.1621e+02    -0.4898     -0.557     -0.808    12.4488   999.4561 0.0000e+00
     -0.568 1.5949e-11     7.2107     96.581     24.882  18.639411    -0.1595      6.331 -1240.7455 7.2364e+02    -0.5180     -0.557     -0.808    12.4485   999.4563 0.0000e+00
     -0.568 1.7544e-10     7.2114     96.566     24.425  18.298299    -0.1561      6.321 -1240.7455 8.9749e+02    -0.5561     -0.557     -0.808    12.4487   999.4564 0.0000e+00
     -0.568 1.9299e-09     7.2115     96.538     24.038  18.010485    -0.1446      6.319 -1240.7454 7.3151e+02    -0.5569     -0.557     -0.808    12.4493   999.4563 0.0000e+00
     -0.568 2.1228e-08     7.2116     96.498     23.616  17.696144    -0.1424      6.330 -1240.7449 5.0472e+02    -0.5280     -0.557     -0.808    12.4500   999.4561 0.0000e+00
     -0.568 2.3351e-07     7.2076     96.493     22.985  17.224495    -0.1464      6.345 -1240.7389 5.7462e+02    -0.5011     -0.557     -0.807    12.4512   999.4558 0.0000e+00
     -0.568      0.000     7.2074     96.496     22.347  16.746790    -0.1501      6.229 -1240.6725 6.8947e+02    -0.5275     -0.557     -0.808    12.4556   999.4551 0.0000e+00
     -0.568      0.000     7.2053     96.468     22.253  16.676233    -0.2131      5.678 -1239.9430 5.5984e+02    -0.6175     -0.557     -0.808    12.4606   999.4543 0.0000e+00
     -0.568      0.000     7.1979     96.433     22.522  16.878718    -0.3272      4.120 -1231.9179 3.6446e+02    -0.7045     -0.557     -0.808    12.4655   999.4537 0.0000e+00
     -0.568      0.003     7.1998     96.414     23.652  17.736534    -0.3859      3.054 -1143.6414 3.9976e+02    -0.7601     -0.556     -0.807    12.4653   999.4535 0.0000e+00
     -0.568      0.013     7.2013     96.396     28.599  21.530767    -0.4288      4.234  -517.4452 6.2924e+02    -0.8962     -0.557     -0.808    12.4677   999.4528 0.0000e+00
     -0.568      0.029     7.1983     96.371     40.467  30.723478    -0.7844      5.841   355.9386 8.3304e+02    -2.0883     -0.556     -0.807    12.4632   999.4535 0.0000e+00
     -0.567      0.051     7.1940     96.334     59.258  45.384370    -1.4082      6.735   524.0390 8.8037e+02    -4.2607     -0.558     -0.809    12.4690   999.4530 0.0000e+00
     -0.557      0.076     7.1955     96.297     75.245  57.979084    -1.7462      7.402   342.7571 8.0487e+02    -5.4022     -0.554     -0.803    12.4577   999.4541 0.0000e+00
     -0.530      0.101     7.1858     96.286     78.242  60.553229    -1.8024      7.824   315.2278 7.3948e+02    -4.7141     -0.524     -0.759    12.5063   999.4499 0.0000e+00
     -0.494      0.122     7.1325     96.290     72.830  56.568913    -1.9661      8.090   305.5313 7.2200e+02     4.3874     -0.486     -0.705    12.8294   999.4138 0.0000e+00
     -0.453      0.137     7.0628     96.296     65.201  50.790924    -2.2423      8.264   299.4247 6.5633e+02    21.1064     -0.445     -0.645    13.2472   999.3687 0.0000e+00
     -0.411      0.144     7.0141     96.307     57.144  44.625199    -2.3938      8.371   294.3067 6.1084e+02    30.2300     -0.399     -0.579    13.5283   999.3401 0.0000e+00
     -0.373      0.142     6.9858     96.312     51.604  40.385874    -2.3940      8.432   289.3376 7.5154e+02    31.0329     -0.364     -0.529    13.7138   999.3145 0.0000e+00
     -0.339      0.135     6.9656     96.314     49.130  38.521316    -2.2959      8.462   284.3423 9.0016e+02    30.6176     -0.334     -0.484    13.8503   999.2935 0.0000e+00
     -0.305      0.125     6.9484     96.346     48.648  38.206363    -1.2947      8.467   279.6815 9.4520e+02    25.4383     -0.299     -0.433    13.9615   999.2761 0.0000e+00
     -0.273      0.117     6.9354     96.417     50.631  39.815450     0.5477      8.467   274.7996 9.5947e+02    15.9954     -0.266     -0.385    14.0568   999.2593 0.0000e+00
     -0.245      0.110     6.9247     96.529     56.243  44.263524     1.5565      8.472   269.4541 9.3314e+02    10.8604     -0.240     -0.348    14.1346   999.2470 0.0000e+00
     -0.220      0.104     6.9126     96.695     61.913  48.746563     1.6425      8.476   264.7797 9.0084e+02    10.3802     -0.215     -0.311    14.2027   999.2368 0.0000e+00
     -0.196      0.097     6.9053     96.901     62.706  49.377404     1.6489      8.477   261.3022 9.0540e+02    10.1563     -0.192     -0.279    14.2688   999.2274 0.0000e+00
     -0.171      0.090     6.9024     97.139     59.706  47.002230     1.6594      8.476   258.9838 9.0840e+02     9.8253     -0.169     -0.245    14.3232   999.2199 0.0000e+00
     -0.146      0.085     6.9051     97.404     56.203  44.225644     1.6659      8.474   257.1396 8.9677e+02     9.6545     -0.142     -0.206    14.3495   999.2187 0.0000e+00
     -0.125      0.081     6.9158     97.673     54.072  42.540817     1.6664      8.467   255.4370 8.9007e+02     9.6655     -0.120     -0.175    14.3646   999.2197 0.0000e+00
     -0.107      0.079     6.9282     97.932     53.057  41.743803     1.6574      8.456   253.8854 8.8780e+02     9.5970     -0.105     -0.153    14.3782   999.2176 0.0000e+00
     -0.091      0.076     6.9485     98.176     51.060  40.176319     1.6347      8.441   252.0594 8.9103e+02     9.4484     -0.090     -0.131    14.3584   999.2191 0.0000e+00
     -0.071      0.074     6.9720     98.387     48.123  37.872529     1.6168      8.426   250.4804 8.9526e+02     9.4093     -0.071     -0.103    14.3336   999.2212 0.0000e+00
     -0.051      0.074     6.9919     98.572     46.275  36.425043     1.6144      8.409   249.5934 8.9450e+02     9.4525     -0.048     -0.070    14.3321   999.2207 0.0000e+00
     -0.031      0.072     7.0099     98.849     45.654  35.942087     1.6499      8.386   248.9056 8.9518e+02     9.6096     -0.029     -0.042    14.3347   999.2206 0.0000e+00
     -0.012      0.068     7.0274     99.293     45.356  35.714594     1.7070      8.360   247.9291 9.0213e+02     9.9005     -0.012     -0.017    14.3374   999.2196 0.0000e+00
      0.007      0.063     7.0422     99.664     45.093  35.515153     1.7244      8.337   246.4763 8.7580e+02    10.0851      0.007      0.010    14.3470   999.2169 0.0000e+00
      0.023      0.060     7.0507     99.562     44.983  35.434795     1.7224      8.310   244.9339 7.4264e+02    10.1377      0.024      0.034    14.3557   999.2152 0.0000e+00
      0.034      0.058     7.0641     98.695     45.066  35.504651     1.7692      8.267   244.0799 6.1382e+02    10.2096      0.036      0.052    14.3601   999.2145 0.0000e+00
      0.043      0.056     7.1030     96.978     44.774  35.280779     1.8392      8.225   243.8933 5.4501e+02    10.3313      0.041      0.060    14.3679   999.2134 0.0000e+00
      0.057      0.052     7.1402     94.593     44.181  34.822474     1.8577      8.198   243.6244 3.9887e+02    10.3961      0.050      0.074    14.3775   999.2120 0.0000e+00
      0.077      0.046     7.1381     91.796     43.966  34.660072     1.8450      8.187   243.0654 3.2422e+02    10.3371      0.077      0.112    14.3838   999.2111 0.0000e+00
      0.095      0.040     7.0805     88.809     44.030  34.713538     1.8416      8.183   242.4702 4.5499e+02    10.2415      0.098      0.141    14.3866   999.2110 0.0000e+00
      0.103      0.031     6.9486     85.864     44.103  34.770787     1.8428      8.181   242.2781 5.7149e+02     9.9279      0.102      0.147    14.3937   999.2098 0.0000e+00
      0.105      0.021     6.7703     83.216     44.359  34.971447     1.8505      8.181   242.3774 5.2244e+02     9.3635      0.103      0.149    14.4063   999.2077 0.0000e+00
      0.107      0.012     6.5639     81.082     44.614  35.172156     1.8572      8.179   242.1218 4.4528e+02     9.0225      0.105      0.152    14.4151   999.2065 0.0000e+00
      0.107      0.005     6.3443     79.479     44.281  34.912637     1.8543      8.174   241.5108 4.7673e+02     8.9834      0.105      0.152    14.4179   999.2062 0.0000e+00
      0.107      0.002     6.1282     78.269     43.509  34.308904     1.8678      8.169   240.7544 4.9511e+02     9.0541      0.105      0.152    14.4175   999.2061 0.0000e+00
      0.108      0.001     5.9312     77.290     42.987  33.901945     1.8991      8.166   240.0323 3.9334e+02     9.1565      0.106      0.154    14.4140   999.2067 0.0000e+00
      0.108      0.001     5.7801     76.430     42.854  33.800157     1.9197      8.164   239.6629 2.8015e+02     9.2056      0.107      0.154    14.4127   999.2072 0.0000e+00
      0.108      0.001     5.6688     75.627     42.903  33.839795     1.9271      8.162   239.6438 2.1578e+02     9.2218      0.106      0.154    14.4172   999.2064 0.0000e+00
      0.108      0.000     5.5864     74.873     43.026  33.936941     1.9359      8.162   239.5433 1.8900e+02     9.2872      0.106      0.154    14.4242   999.2049 0.0000e+00
      0.108 1.8645e-08     5.5181     74.206     43.136  34.022757     1.9564      8.162   239.3070 1.9168e+02     9.4055      0.106      0.154    14.4298   999.2040 0.0000e+00
      0.108 2.0509e-07     5.4577     73.638     43.175  34.052325     1.9671      8.162   239.0236 1.9290e+02     9.4729      0.106      0.154    14.4330   999.2035 0.0000e+00
      0.108 2.0509e-07     5.4013     73.218     43.163  34.040590     1.9618      8.162   238.6117 1.8240e+02     9.4790      0.106      0.154    14.4343   999.2033 0.0000e+00
      0.108 1.8645e-08     5.3446     73.013     43.124  34.007791     1.9613      8.163   238.1126 1.8598e+02     9.6759      0.106      0.153    14.4341   999.2034 0.0000e+00
      0.108 1.6950e-09     5.2982     73.026     43.084  33.973081     1.9704      8.164   237.6352 2.2787e+02    10.0839      0.106      0.153    14.4336   999.2036 0.0000e+00
      0.108 1.5409e-10     5.2567     73.265     43.042  33.938246     1.9760      8.164   237.3998 2.6881e+02    10.3159      0.106      0.154    14.4325   999.2037 0.0000e+00
      0.108 1.4008e-11     5.2234     73.713     43.001  33.903928     1.9688      8.165   237.2463 2.8724e+02    10.3173      0.106      0.154    14.4298   999.2041 0.0000e+00
      0.108 1.2735e-12     5.2111     74.251     42.966  33.875474     1.9610      8.166   236.8971 3.2048e+02    10.2974      0.106      0.154    14.4263   999.2046 0.0000e+00
      0.108 1.1577e-13     5.2114     74.751     42.931  33.848078     1.9687      8.167   236.5334 3.6109e+02    10.3378      0.106      0.154    14.4231   999.2050 0.0000e+00
      0.108 1.0525e-14     5.2282     75.155     42.903  33.826548     1.9837      8.167   235.9462 3.6377e+02    10.3798      0.106      0.154    14.4204   999.2055 0.0000e+00
      0.108 9.5680e-16     5.2645     75.435     42.876  33.805548     1.9866      8.166   235.0457 3.2002e+02    10.3463      0.106      0.154    14.4185   999.2057 0.0000e+00
      0.109 8.6980e-17     5.3068     75.565     42.849  33.784567     1.9774      8.164   234.4217 3.0098e+02    10.2940      0.107      0.154    14.4180   999.2057 0.0000e+00
      0.109 7.9075e-18     5.3434     75.541     42.821  33.763266     1.9417      8.162   233.9934 3.5871e+02    10.0755      0.107      0.154    14.4184   999.2057 0.0000e+00
      0.109 7.1885e-19     5.3725     75.368     42.789  33.738398     1.8843      8.160   233.6532 4.0495e+02     9.6708      0.107      0.154    14.4183   999.2057 0.0000e+00
      0.109 6.5350e-20     5.3940     75.094     42.788  33.737753     1.8553      8.160   233.4921 4.0740e+02     9.4640      0.107      0.154    14.4182   999.2057 0.0000e+00
