Data/DataNotYetUploadedToEDI/Raw_CTD/RawDownloads/102319_fcr30.cnv
* Sea-Bird SBE19plus  Data File:
* FileName = C:\DATA\102319_fcr_0003.hex
* Software version 2.8.0.119 SB_Terminal.dll
* Temperature SN = 7809
* Conductivity SN = 7809
* System UpLoad Time = Oct 23 2019 15:56:09
* <ApplicationData>
* <Seaterm232>
# nquan = 16
# nvalues = 299                         
# units = specified
# name 0 = depFM: Depth [fresh water, m]
# name 1 = dz/dtM: Descent Rate [m/s]
# name 2 = sbeox0ML/L: Oxygen, SBE 43 [ml/l]
# name 3 = sbeox0PS: Oxygen, SBE 43 [% saturation]
# name 4 = specc: Specific Conductance [uS/cm]
# name 5 = c0uS/cm: Conductivity [uS/cm]
# name 6 = flECO-AFL: Fluorescence, WET Labs ECO-AFL/FL [mg/m^3]
# name 7 = ph: pH
# name 8 = orp: Oxidation Reduction Potential [mV]
# name 9 = par/sat/log: PAR/Logarithmic, Satlantic
# name 10 = turbWETntu0: Turbidity, WET Labs ECO [NTU]
# name 11 = prdM: Pressure, Strain Gauge [db]
# name 12 = prdE: Pressure, Strain Gauge [psi]
# name 13 = tv290C: Temperature [ITS-90, deg C]
# name 14 = density00: Density [density, kg/m^3]
# name 15 = flag:  0.000e+00
# span 0 =     -0.375,      5.406       
# span 1 =     -0.017,      0.211       
# span 2 =     1.8528,     7.0761       
# span 3 =     25.718,     99.424       
# span 4 =     40.735,     55.468       
# span 5 =  32.257156,  43.083843       
# span 6 =     0.6647,     3.0313       
# span 7 =      6.776,      7.775       
# span 8 =   272.6958,   306.8771       
# span 9 = 1.2359e-01, 1.2992e+03       
# span 10 =     7.4163,    12.3540      
# span 11 =     -0.381,      5.302      
# span 12 =     -0.551,      7.691      
# span 13 =    13.8176,    14.7194      
# span 14 =   999.1612,   999.3183      
# span 15 = 0.0000e+00, 0.0000e+00      
# interval = seconds: 0.25
# start_time = Oct 23 2019 11:20:51 [Instrument's time stamp, header]
# bad_flag = -9.990e-29
*END*
[from data line 181]
      2.178      0.111     5.6725     79.300     40.978  32.343128     2.7186      7.085   277.7074 1.0435e+01     9.0589      2.140      3.104    14.4610   999.2084 0.0000e+00
      2.201      0.105     5.6648     79.344     41.004  32.364021     2.7206      7.085   277.8752 1.0077e+01     9.0746      2.160      3.134    14.4606   999.2086 0.0000e+00
      2.220      0.102     5.6597     79.400     40.992  32.353532     2.7340      7.083   277.9206 9.7036e+00     9.1121      2.174      3.154    14.4604   999.2087 0.0000e+00
      2.242      0.102     5.6578     79.474     40.979  32.343233     2.7589      7.080   277.9121 9.2661e+00     9.1839      2.196      3.186    14.4606   999.2087 0.0000e+00
      2.269      0.105     5.6602     79.522     41.009  32.366413     2.7782      7.078   278.0311 8.7864e+00     9.2223      2.223      3.225    14.4605   999.2088 0.0000e+00
      2.301      0.112     5.6640     79.517     41.027  32.379955     2.7862      7.075   278.2409 8.2900e+00     9.2162      2.256      3.272    14.4600   999.2091 0.0000e+00
      2.332      0.120     5.6667     79.500     41.027  32.380042     2.7432      7.072   278.3830 7.8530e+00     9.2412      2.288      3.320    14.4595   999.2093 0.0000e+00
      2.360      0.127     5.6742     79.471     41.011  32.367462     2.6566      7.069   278.3723 7.4682e+00     9.3598      2.314      3.356    14.4591   999.2095 0.0000e+00
      2.390      0.132     5.6790     79.392     40.995  32.354780     2.6066      7.064   278.3707 7.0280e+00     9.4711      2.341      3.395    14.4586   999.2097 0.0000e+00
      2.425      0.136     5.6761     79.311     40.993  32.353626     2.5887      7.062   278.4490 6.5501e+00     9.4731      2.377      3.448    14.4584   999.2099 0.0000e+00
      2.464      0.138     5.6748     79.291     40.993  32.353511     2.5877      7.061   278.4594 6.1239e+00     9.3505      2.417      3.506    14.4584   999.2101 0.0000e+00
      2.502      0.138     5.6755     79.315     40.993  32.353390     2.6205      7.059   278.4102 5.7442e+00     9.1357      2.453      3.558    14.4581   999.2103 0.0000e+00
      2.539      0.136     5.6679     79.353     40.993  32.352150     2.6476      7.056   278.4558 5.3874e+00     9.0060      2.489      3.611    14.4582   999.2104 0.0000e+00
      2.575      0.136     5.6589     79.366     40.977  32.338523     2.6546      7.053   278.5804 5.0899e+00     8.9955      2.528      3.667    14.4585   999.2106 0.0000e+00
      2.605      0.136     5.6600     79.371     40.948  32.315541     2.6533      7.051   278.6264 4.8584e+00     9.0081      2.557      3.709    14.4583   999.2107 0.0000e+00
      2.632      0.135     5.6610     79.436     40.964  32.328118     2.6398      7.050   278.5824 4.5821e+00     9.0922      2.576      3.736    14.4576   999.2109 0.0000e+00
      2.667      0.131     5.6661     79.550     41.009  32.363678     2.6223      7.051   278.4784 4.2210e+00     9.1934      2.610      3.786    14.4569   999.2112 0.0000e+00
      2.711      0.125     5.6670     79.660     41.010  32.364727     2.6061      7.052   278.4011 3.9006e+00     9.2165      2.661      3.860    14.4563   999.2115 0.0000e+00
      2.749      0.120     5.6634     79.731     40.980  32.340800     2.5996      7.053   278.4215 3.6966e+00     9.2404      2.701      3.918    14.4559   999.2117 0.0000e+00
      2.776      0.115     5.6702     79.791     40.965  32.328221     2.5444      7.053   278.3814 3.5696e+00     9.2529      2.724      3.951    14.4559   999.2118 0.0000e+00
      2.796      0.110     5.6787     79.861     40.980  32.339561     2.4245      7.052   278.3460 3.4581e+00     9.2038      2.741      3.976    14.4557   999.2120 0.0000e+00
      2.817      0.108     5.6890     79.914     40.995  32.350986     2.3553      7.051   278.5102 3.3198e+00     9.1714      2.761      4.005    14.4556   999.2121 0.0000e+00
      2.844      0.110     5.6921     79.944     40.982  32.339428     2.3581      7.049   278.6461 3.1498e+00     9.1882      2.787      4.043    14.4556   999.2122 0.0000e+00
      2.874      0.115     5.6954     79.967     40.966  32.326736     2.4668      7.047   278.5262 2.9540e+00     9.2758      2.818      4.087    14.4555   999.2123 0.0000e+00
      2.908      0.118     5.7021     79.978     40.964  32.324448     2.6641      7.046   278.3514 2.7530e+00     9.4116      2.851      4.134    14.4552   999.2126 0.0000e+00
      2.942      0.118     5.7062     79.986     40.949  32.311765     2.7668      7.045   278.3392 2.5777e+00     9.4534      2.886      4.186    14.4540   999.2129 0.0000e+00
      2.974      0.115     5.7074     80.021     40.934  32.300312     2.7798      7.044   278.4645 2.4414e+00     9.4532      2.917      4.233    14.4525   999.2132 0.0000e+00
      3.001      0.110     5.7096     80.069     40.950  32.312890     2.8472      7.043   278.6622 2.3385e+00     9.5072      2.943      4.268    14.4517   999.2135 0.0000e+00
      3.026      0.105     5.7111     80.101     40.980  32.336912     2.9662      7.042   278.7512 2.2411e+00     9.5499      2.968      4.304    14.4509   999.2137 0.0000e+00
      3.051      0.101     5.7093     80.121     40.980  32.336912     3.0313      7.040   278.5945 2.1440e+00     9.5429      2.993      4.341    14.4502   999.2139 0.0000e+00
      3.076      0.100     5.7133     80.136     40.950  32.312899     3.0272      7.039   278.4875 2.0640e+00     9.4881      3.018      4.377    14.4505   999.2140 0.0000e+00
      3.100      0.101     5.7175     80.134     40.935  32.300416     2.9338      7.037   278.6613 1.9829e+00     9.5108      3.039      4.408    14.4511   999.2140 0.0000e+00
      3.126      0.103     5.7194     80.108     40.951  32.312900     2.7701      7.035   278.8898 1.8779e+00     9.6532      3.064      4.445    14.4513   999.2141 0.0000e+00
      3.153      0.107     5.7204     80.084     40.981  32.336911     2.6766      7.034   279.0131 1.7765e+00     9.7029      3.094      4.488    14.4512   999.2143 0.0000e+00
      3.179      0.112     5.7220     80.083     40.981  32.336901     2.6613      7.034   279.0335 1.6885e+00     9.6198      3.117      4.520    14.4506   999.2144 0.0000e+00
      3.207      0.116     5.7225     80.097     40.950  32.312775     2.6631      7.035   278.8790 1.5985e+00     9.5665      3.142      4.558    14.4500   999.2146 0.0000e+00
      3.239      0.116     5.7197     80.117     40.932  32.299054     2.6984      7.035   278.6935 1.5175e+00     9.4512      3.175      4.606    14.4496   999.2149 0.0000e+00
      3.274      0.113     5.7171     80.128     40.931  32.297910     2.7593      7.035   278.6825 1.4332e+00     9.2090      3.210      4.657    14.4495   999.2151 0.0000e+00
      3.308      0.109     5.7178     80.127     40.933  32.298940     2.7846      7.036   278.7469 1.3511e+00     9.0620      3.246      4.709    14.4497   999.2152 0.0000e+00
      3.334      0.106     5.7184     80.110     40.948  32.311517     2.7779      7.036   278.7843 1.3002e+00     9.0510      3.273      4.747    14.4499   999.2153 0.0000e+00
      3.354      0.105     5.7207     80.073     40.963  32.323055     2.7819      7.035   278.7902 1.2586e+00     9.3052      3.288      4.769    14.4503   999.2153 0.0000e+00
      3.374      0.106     5.7215     80.035     40.949  32.311516     2.7986      7.033   278.8185 1.2026e+00     9.8415      3.306      4.794    14.4499   999.2154 0.0000e+00
      3.400      0.111     5.7211     79.990     40.934  32.298920     2.8067      7.030   278.9544 1.1387e+00    10.1613      3.333      4.833    14.4494   999.2156 0.0000e+00
      3.431      0.119     5.7209     79.932     40.934  32.297683     2.7936      7.028   279.0559 1.0730e+00    10.1567      3.364      4.879    14.4503   999.2156 0.0000e+00
      3.465      0.127     5.7164     79.880     40.933  32.296548     2.8221      7.025   279.0993 9.9811e-01    10.0148      3.397      4.928    14.4507   999.2158 0.0000e+00
      3.501      0.132     5.7149     79.840     40.920  32.285199     2.9082      7.022   279.1354 9.2184e-01     9.8227      3.435      4.981    14.4500   999.2160 0.0000e+00
      3.537      0.132     5.7121     79.826     40.924  32.287392     2.9589      7.022   279.0622 8.6003e-01     9.7347      3.470      5.032    14.4487   999.2164 0.0000e+00
      3.571      0.128     5.7068     79.840     40.971  32.323056     2.9588      7.021   278.9881 7.9722e-01     9.7050      3.501      5.079    14.4473   999.2167 0.0000e+00
      3.605      0.122     5.7038     79.841     40.987  32.335643     2.8987      7.019   279.0136 7.4157e-01     9.5935      3.535      5.128    14.4468   999.2170 0.0000e+00
      3.637      0.115     5.7002     79.814     40.958  32.312662     2.7869      7.017   279.0276 7.1009e-01     9.4690      3.570      5.177    14.4460   999.2172 0.0000e+00
      3.664      0.109     5.6991     79.781     40.940  32.299036     2.7255      7.017   278.9848 6.8540e-01     9.4447      3.594      5.213    14.4443   999.2176 0.0000e+00
      3.688      0.103     5.7020     79.757     40.938  32.297808     2.7108      7.017   279.0128 6.5264e-01     9.4635      3.614      5.242    14.4429   999.2179 0.0000e+00
      3.713      0.100     5.7027     79.740     40.939  32.297808     2.6783      7.015   279.1939 6.2024e-01     9.4666      3.641      5.280    14.4424   999.2181 0.0000e+00
      3.739      0.102     5.6996     79.735     40.941  32.299047     2.6368      7.011   279.4531 5.9613e-01     9.4822      3.668      5.320    14.4428   999.2182 0.0000e+00
      3.762      0.108     5.6966     79.745     40.958  32.312789     2.6160      7.008   279.6521 5.7548e-01     9.4885      3.690      5.351    14.4432   999.2182 0.0000e+00
      3.785      0.116     5.6956     79.756     40.989  32.337039     2.6084      7.008   279.7067 5.5512e-01     9.4765      3.709      5.380    14.4431   999.2183 0.0000e+00
      3.815      0.123     5.6939     79.763     40.992  32.338402     2.6055      7.008   279.6828 5.2029e-01     9.4687      3.737      5.421    14.4424   999.2185 0.0000e+00
      3.852      0.128     5.6934     79.763     40.981  32.329267     2.6512      7.008   279.6215 4.6800e-01     9.4278      3.777      5.480    14.4420   999.2188 0.0000e+00
      3.891      0.129     5.6948     79.751     41.013  32.353508     2.7367      7.009   279.4813 4.2713e-01     9.3427      3.817      5.536    14.4426   999.2189 0.0000e+00
      3.927      0.126     5.6956     79.725     41.044  32.377644     2.7797      7.010   279.3651 4.0159e-01     9.2587      3.850      5.583    14.4425   999.2191 0.0000e+00
      3.960      0.120     5.6962     79.691     41.033  32.367251     2.7817      7.010   279.3345 3.7211e-01     9.2303      3.885      5.635    14.4414   999.2194 0.0000e+00
      3.989      0.113     5.6966     79.650     41.018  32.354767     2.7518      7.010   279.2839 3.5411e-01     9.2949      3.916      5.679    14.4407   999.2196 0.0000e+00
      4.011      0.107     5.6961     79.610     41.017  32.353622     2.6870      7.010   279.1831 3.4677e-01     9.3840      3.934      5.706    14.4397   999.2199 0.0000e+00
      4.034      0.098     5.6937     79.579     41.017  32.353414     2.6565      7.011   279.0628 3.2637e-01     9.4556      3.952      5.733    14.4384   999.2202 0.0000e+00
      4.062      0.085     5.6918     79.539     41.016  32.352250     2.6619      7.012   278.9472 2.9517e-01     9.5056      3.981      5.774    14.4380   999.2203 0.0000e+00
      4.092      0.069     5.6886     79.509     41.000  32.339548     2.6305      7.012   278.9032 2.8142e-01     9.2673      4.016      5.825    14.4371   999.2206 0.0000e+00
      4.113      0.053     5.6850     79.509     40.983  32.326763     2.5710      7.013   278.9622 2.9169e-01     8.8030      4.039      5.858    14.4357   999.2210 0.0000e+00
      4.121      0.038     5.6846     79.490     40.979  32.324578     2.5415      7.014   279.0581 2.8955e-01     8.6109      4.045      5.867    14.4350   999.2211 0.0000e+00
      4.119      0.024     5.6811     79.464     40.964  32.313134     2.5418      7.015   279.1169 2.7875e-01     8.6488      4.041      5.861    14.4349   999.2211 0.0000e+00
      4.116      0.017     5.6767     79.469     40.965  32.315319     2.5658      7.014   279.0705 2.7503e-01     8.8362      4.034      5.851    14.4350   999.2210 0.0000e+00
      4.117      0.020     5.6800     79.465     41.010  32.350991     2.5978      7.013   279.0134 2.7070e-01     9.2047      4.035      5.853    14.4357   999.2209 0.0000e+00
      4.122      0.033     5.6782     79.465     41.026  32.363684     2.6077      7.011   279.1140 2.7335e-01     9.4336      4.042      5.863    14.4367   999.2208 0.0000e+00
      4.131      0.052     5.6726     79.473     40.999  32.341869     2.6157      7.010   279.2545 2.7292e-01     9.5068      4.049      5.872    14.4378   999.2206 0.0000e+00
      4.144      0.072     5.6770     79.473     40.999  32.341069     2.6693      7.007   279.3357 2.6241e-01     9.6637      4.061      5.890    14.4388   999.2206 0.0000e+00
      4.166      0.091     5.6748     79.529     41.016  32.354000     2.7446      7.005   279.4076 2.4540e-01     9.8548      4.082      5.922    14.4393   999.2206 0.0000e+00
      4.196      0.106     5.6737     79.587     41.039  32.371292     2.7719      7.003   279.4361 2.1093e-01     9.8841      4.114      5.967    14.4394   999.2208 0.0000e+00
      4.230      0.116     5.6784     79.587     41.106  32.423217     2.7737      7.001   279.4220 1.8069e-01     9.8221      4.149      6.017    14.4391   999.2209 0.0000e+00
      4.263      0.121     5.6718     79.544     41.174  32.474132     2.8093      6.999   279.4095 1.8501e-01     9.8591      4.181      6.062    14.4385   999.2212 0.0000e+00
      4.296      0.122     5.6803     79.450     41.185  32.479207     2.8728      6.998   279.3706 1.9380e-01     9.9382      4.213      6.110    14.4371   999.2215 0.0000e+00
      4.327      0.123     5.6872     79.345     41.196  32.484582     2.9089      6.997   279.3819 1.7474e-01     9.9265      4.245      6.157    14.4362   999.2218 0.0000e+00
      4.356      0.128     5.6835     79.235     41.268  32.539117     2.9077      6.995   279.6317 1.5088e-01     9.8807      4.273      6.197    14.4357   999.2221 0.0000e+00
      4.384      0.138     5.6846     79.059     41.548  32.757806     2.9012      6.991   280.0674 1.3724e-01     9.8763      4.297      6.232    14.4322   999.2227 0.0000e+00
      4.414      0.152     5.6748     78.802     42.308  33.351789     2.8562      6.986   280.3489 1.2810e-01     9.8398      4.326      6.274    14.4265   999.2237 0.0000e+00
      4.454      0.165     5.6681     78.531     43.237  34.072613     2.7714      6.982   280.2818 1.2457e-01     9.7678      4.364      6.330    14.4229   999.2244 0.0000e+00
      4.503      0.174     5.6629     78.270     43.712  34.428603     2.7260      6.978   280.1173 1.2404e-01     9.7263      4.413      6.400    14.4209   999.2249 0.0000e+00
      4.558      0.174     5.6518     77.961     43.885  34.546193     2.7226      6.975   280.1658 1.2376e-01     9.6661      4.469      6.482    14.4183   999.2255 0.0000e+00
      4.613      0.169     5.6302     77.417     44.301  34.859681     2.7130      6.971   280.4378 1.2370e-01     9.4658      4.527      6.566    14.4155   999.2266 0.0000e+00
      4.658      0.161     5.6122     76.321     45.120  35.489780     2.6880      6.965   280.7397 1.2369e-01     9.1727      4.575      6.635    14.4028   999.2290 0.0000e+00
      4.690      0.153     5.5981     74.473     46.131  36.261923     2.6636      6.956   281.1489 1.2372e-01     9.0057      4.603      6.676    14.3773   999.2329 0.0000e+00
      4.715      0.149     5.5818     71.919     47.148  37.023230     2.6437      6.945   281.8569 1.2374e-01     8.9873      4.620      6.700    14.3543   999.2362 0.0000e+00
