Data/DataNotYetUploadedToEDI/Raw_CTD/RawDownloads/102319_fcr20.cnv
* Sea-Bird SBE19plus  Data File:
* FileName = C:\DATA\102319_fcr_0002.hex
* Software version 2.8.0.119 SB_Terminal.dll
* Temperature SN = 7809
* Conductivity SN = 7809
* System UpLoad Time = Oct 23 2019 15:55:55
* <ApplicationData>
* <Seaterm232>
# nquan = 16
# nvalues = 437                         
# units = specified
# name 0 = depFM: Depth [fresh water, m]
# name 1 = dz/dtM: Descent Rate [m/s]
# name 2 = sbeox0ML/L: Oxygen, SBE 43 [ml/l]
# name 3 = sbeox0PS: Oxygen, SBE 43 [% saturation]
# name 4 = specc: Specific Conductance [uS/cm]
# name 5 = c0uS/cm: Conductivity [uS/cm]
# name 6 = flECO-AFL: Fluorescence, WET Labs ECO-AFL/FL [mg/m^3]
# name 7 = ph: pH
# name 8 = orp: Oxidation Reduction Potential [mV]
# name 9 = par/sat/log: PAR/Logarithmic, Satlantic
# name 10 = turbWETntu0: Turbidity, WET Labs ECO [NTU]
# name 11 = prdM: Pressure, Strain Gauge [db]
# name 12 = prdE: Pressure, Strain Gauge [psi]
# name 13 = tv290C: Temperature [ITS-90, deg C]
# name 14 = density00: Density [density, kg/m^3]
# name 15 = flag:  0.000e+00
# span 0 =     -0.406,      3.244       
# span 1 =     -0.020,      0.168       
# span 2 =     4.2731,     7.1200       
# span 3 =     60.065,     99.905       
# span 4 =     40.678,     41.534       
# span 5 =  32.084009,  32.881251       
# span 6 =     1.3617,     4.0610       
# span 7 =      7.035,      8.626       
# span 8 =   179.6417,   247.3973       
# span 9 = 2.0592e+00, 1.3134e+03       
# span 10 =    -8.3892,     9.9717      
# span 11 =     -0.404,      3.182      
# span 12 =     -0.587,      4.615      
# span 13 =    14.0378,    14.6214      
# span 14 =   999.1754,   999.2734      
# span 15 = 0.0000e+00, 0.0000e+00      
# interval = seconds: 0.25
# start_time = Oct 23 2019 11:10:58 [Instrument's time stamp, header]
# bad_flag = -9.990e-29
*END*
[from data line 91]
      0.122      0.010     4.6009     63.673     41.420  32.799105     1.6700      8.078   218.9659 1.0158e+03     9.3926      0.121      0.176    14.5912   999.1802 0.0000e+00
      0.124      0.007     4.5810     63.476     41.404  32.786310     1.6655      8.075   219.2516 1.1519e+03     9.3331      0.124      0.179    14.5917   999.1802 0.0000e+00
      0.123      0.002     4.5628     63.252     41.389  32.773618     1.6686      8.072   219.5725 1.0345e+03     9.2847      0.121      0.175    14.5906   999.1803 0.0000e+00
      0.121     -0.003     4.5455     62.993     41.388  32.772568     1.6733      8.067   219.9206 8.9917e+02     9.2666      0.118      0.171    14.5895   999.1804 0.0000e+00
      0.118     -0.008     4.5324     62.707     41.390  32.773618     1.6790      8.058   220.2762 9.2152e+02     9.0159      0.115      0.168    14.5892   999.1805 0.0000e+00
      0.116     -0.012     4.5194     62.424     41.406  32.786310     1.6852      8.051   220.5168 9.2557e+02     8.5479      0.113      0.165    14.5890   999.1805 0.0000e+00
      0.115     -0.016     4.5030     62.139     41.421  32.799107     1.6881      8.047   220.6784 9.1357e+02     8.2948      0.113      0.164    14.5890   999.1805 0.0000e+00
      0.112     -0.019     4.4856     61.841     41.424  32.801415     1.6800      8.045   220.8541 9.0895e+02     8.2821      0.112      0.162    14.5883   999.1806 0.0000e+00
      0.106     -0.020     4.4630     61.548     41.441  32.814212     1.6816      8.042   221.0058 9.1857e+02     8.2310      0.105      0.152    14.5873   999.1807 0.0000e+00
      0.096     -0.018     4.4440     61.278     41.458  32.826914     1.6897      8.033   221.2221 9.3713e+02     8.1029      0.095      0.137    14.5878   999.1806 0.0000e+00
      0.088     -0.013     4.4240     61.048     41.461  32.828069     1.6830      8.019   221.4911 9.2634e+02     8.0436      0.085      0.123    14.5888   999.1804 0.0000e+00
      0.083     -0.008     4.4017     60.862     41.462  32.828175     1.6783      8.007   221.7621 9.7152e+02     8.0707      0.078      0.115    14.5887   999.1804 0.0000e+00
      0.085     -0.003     4.3808     60.693     41.463  32.828195     1.7023      7.997   222.0038 1.0486e+03     8.2352      0.081      0.118    14.5880   999.1805 0.0000e+00
      0.090      0.001     4.3612     60.524     41.465  32.828310     1.7486      7.987   222.0049 1.0412e+03     8.5572      0.090      0.130    14.5866   999.1807 0.0000e+00
      0.095      0.003     4.3445     60.376     41.467  32.829568     1.7610      7.979   221.3456 1.0210e+03     8.7518      0.094      0.137    14.5856   999.1809 0.0000e+00
      0.095      0.007     4.3323     60.246     41.485  32.843404     1.7471      7.977   220.8287 9.5797e+02     8.7866      0.094      0.137    14.5853   999.1810 0.0000e+00
      0.093      0.015     4.3216     60.125     41.517  32.868674     1.7626      7.977   221.6061 8.4762e+02     9.0111      0.091      0.132    14.5839   999.1811 0.0000e+00
      0.089      0.027     4.3079     60.065     41.534  32.881251     1.7926      7.973   222.3123 8.2802e+02     9.4338      0.086      0.125    14.5823   999.1813 0.0000e+00
      0.091      0.042     4.2979     60.130     41.519  32.868550     1.8076      7.966   222.3128 9.3671e+02     9.6690      0.084      0.122    14.5810   999.1815 0.0000e+00
      0.106      0.055     4.2898     60.368     41.486  32.842032     1.8051      7.959   222.5575 1.1091e+03     9.6922      0.098      0.143    14.5801   999.1817 0.0000e+00
      0.131      0.062     4.2791     60.790     41.451  32.814474     1.7966      7.954   222.6046 1.0863e+03     9.6813      0.129      0.186    14.5810   999.1818 0.0000e+00
      0.160      0.061     4.2731     61.339     41.416  32.789198     1.8268      7.948   220.5598 7.8560e+02     9.6683      0.158      0.228    14.5809   999.1819 0.0000e+00
      0.182      0.052     4.2770     61.924     41.411  32.790272     1.8920      7.943   216.6767 5.4884e+02     9.6666      0.184      0.266    14.5792   999.1822 0.0000e+00
      0.192      0.040     4.2930     62.472     41.454  32.827460     1.9256      7.937   214.1991 6.5631e+02     9.6606      0.193      0.280    14.5779   999.1825 0.0000e+00
      0.192      0.032     4.3251     62.925     41.493  32.858060     1.9296      7.928   213.5765 8.7977e+02     9.6609      0.188      0.273    14.5772   999.1826 0.0000e+00
      0.188      0.029     4.3666     63.283     41.397  32.779484     1.9581      7.918   213.3649 9.0045e+02     9.7360      0.183      0.265    14.5806   999.1821 0.0000e+00
      0.189      0.030     4.4087     63.605     41.143  32.575481     2.0104      7.908   213.2753 9.0331e+02     9.8804      0.181      0.262    14.5884   999.1808 0.0000e+00
      0.200      0.033     4.4494     63.993     40.954  32.422257     2.0415      7.898   213.0944 9.6723e+02     9.9644      0.191      0.278    14.5928   999.1803 0.0000e+00
      0.220      0.036     4.4817     64.768     40.914  32.386481     2.0483      7.889   212.8994 8.8043e+02     9.9330      0.217      0.314    14.5919   999.1806 0.0000e+00
      0.238      0.036     4.5055     66.495     40.932  32.396754     2.0753      7.882   212.8961 7.4970e+02     9.7626      0.237      0.344    14.5888   999.1811 0.0000e+00
      0.246      0.033     4.5273     69.414     40.966  32.419534     2.1252      7.876   212.9692 7.0742e+02     9.5763      0.243      0.352    14.5849   999.1816 0.0000e+00
      0.247      0.028     4.5499     73.161     40.955  32.408073     2.1574      7.872   212.9226 6.5524e+02     9.5478      0.242      0.351    14.5805   999.1822 0.0000e+00
      0.247      0.023     4.5861     77.211     40.929  32.385088     2.1702      7.869   212.7624 6.0096e+02     9.5498      0.241      0.349    14.5750   999.1830 0.0000e+00
      0.252      0.022     4.7002     81.123     40.944  32.395473     2.1755      7.865   212.7525 5.8752e+02     9.5997      0.245      0.356    14.5694   999.1838 0.0000e+00
      0.260      0.024     4.9241     84.588     40.960  32.406707     2.1779      7.857   212.9753 5.8540e+02     9.7911      0.255      0.370    14.5651   999.1845 0.0000e+00
      0.269      0.027     5.2034     87.335     40.946  32.393997     2.1733      7.846   213.2203 5.3319e+02     9.9303      0.264      0.382    14.5618   999.1850 0.0000e+00
      0.276      0.029     5.5045     89.102     40.914  32.368715     2.1629      7.836   213.3909 4.6732e+02     9.9717      0.270      0.393    14.5583   999.1855 0.0000e+00
      0.283      0.029     5.7902     89.846     40.894  32.354879     2.1919      7.825   213.4891 4.5982e+02     9.8652      0.278      0.404    14.5565   999.1859 0.0000e+00
      0.290      0.029     6.0422     89.802     40.890  32.353621     2.2543      7.814   213.5477 4.8428e+02     9.6267      0.285      0.413    14.5554   999.1860 0.0000e+00
      0.296      0.029     6.2479     89.308     40.888  32.353506     2.2852      7.804   213.5832 6.0467e+02     9.5134      0.290      0.420    14.5533   999.1864 0.0000e+00
      0.305      0.028     6.3745     88.617     40.888  32.353496     2.2874      7.796   213.6602 7.0518e+02     9.4784      0.299      0.433    14.5536   999.1863 0.0000e+00
      0.313      0.027     6.4203     87.876     40.889  32.353495     2.2902      7.789   213.9620 6.3116e+02     9.3992      0.308      0.447    14.5567   999.1859 0.0000e+00
      0.320      0.025     6.4066     87.173     40.893  32.353494     2.3013      7.783   214.3931 5.4782e+02     9.2444      0.314      0.455    14.5592   999.1856 0.0000e+00
      0.326      0.023     6.3654     86.537     40.897  32.353486     2.3262      7.777   214.6570 5.1839e+02     9.0491      0.320      0.464    14.5605   999.1854 0.0000e+00
      0.331      0.020     6.3131     85.995     40.899  32.353393     2.3483      7.772   214.8295 4.9749e+02     8.9714      0.323      0.469    14.5608   999.1854 0.0000e+00
      0.336      0.018     6.2578     85.586     40.898  32.352363     2.3607      7.769   215.0160 4.6991e+02     8.9924      0.329      0.478    14.5598   999.1856 0.0000e+00
      0.340      0.016     6.2080     85.250     40.883  32.341034     2.3192      7.767   215.1905 4.6206e+02     8.9095      0.334      0.485    14.5561   999.1861 0.0000e+00
      0.344      0.015     6.1637     84.924     40.885  32.343341     2.2199      7.764   215.4776 5.0538e+02     8.6901      0.338      0.490    14.5509   999.1869 0.0000e+00
      0.347      0.014     6.1222     84.651     40.932  32.380253     2.1654      7.761   215.8191 5.2619e+02     8.5681      0.340      0.494    14.5484   999.1873 0.0000e+00
      0.350      0.013     6.0956     84.442     40.967  32.406572     2.1719      7.756   216.0501 4.9433e+02     8.5825      0.343      0.497    14.5489   999.1872 0.0000e+00
      0.354      0.012     6.0750     84.273     40.970  32.407717     2.2039      7.752   216.2061 4.9698e+02     8.7332      0.347      0.503    14.5500   999.1871 0.0000e+00
      0.358      0.012     6.0479     84.133     40.953  32.394089     2.2493      7.749   216.4160 5.2677e+02     9.0133      0.350      0.509    14.5506   999.1870 0.0000e+00
      0.360      0.012     6.0292     84.000     40.921  32.368725     2.2782      7.746   216.6942 5.0468e+02     9.1837      0.353      0.512    14.5497   999.1872 0.0000e+00
      0.362      0.013     6.0156     83.885     40.902  32.354881     2.2927      7.743   216.9885 4.6802e+02     9.2199      0.355      0.516    14.5482   999.1874 0.0000e+00
      0.364      0.015     6.0034     83.815     40.899  32.353621     2.3034      7.740   217.3071 4.3914e+02     9.1892      0.356      0.517    14.5469   999.1876 0.0000e+00
      0.368      0.017     5.9945     83.769     40.899  32.353498     2.3036      7.737   217.6219 4.7298e+02     9.0745      0.360      0.522    14.5464   999.1877 0.0000e+00
      0.373      0.020     5.9848     83.720     40.899  32.353393     2.2941      7.733   217.9550 5.1430e+02     8.9808      0.365      0.531    14.5469   999.1876 0.0000e+00
      0.379      0.022     5.9747     83.677     40.898  32.352352     2.2937      7.729   218.2370 4.6640e+02     9.0068      0.371      0.538    14.5488   999.1873 0.0000e+00
      0.386      0.023     5.9707     83.649     40.883  32.340910     2.3163      7.725   218.4502 4.4351e+02     9.1588      0.379      0.550    14.5505   999.1871 0.0000e+00
      0.393      0.023     5.9687     83.622     40.883  32.341969     2.3419      7.724   218.7259 4.3166e+02     9.3441      0.386      0.560    14.5496   999.1874 0.0000e+00
      0.398      0.024     5.9643     83.580     40.913  32.365149     2.3431      7.723   219.0752 3.6968e+02     9.4442      0.391      0.566    14.5489   999.1875 0.0000e+00
      0.403      0.026     5.9613     83.537     40.917  32.367343     2.3307      7.720   219.4907 3.2967e+02     9.4843      0.396      0.574    14.5492   999.1874 0.0000e+00
      0.409      0.027     5.9594     83.509     40.920  32.368496     2.3306      7.715   219.9632 3.3850e+02     9.5023      0.400      0.580    14.5496   999.1874 0.0000e+00
      0.416      0.027     5.9582     83.499     40.936  32.379089     2.3419      7.710   220.3997 3.6864e+02     9.5297      0.407      0.590    14.5507   999.1872 0.0000e+00
      0.425      0.026     5.9546     83.508     40.929  32.368498     2.3464      7.705   220.6388 3.7534e+02     9.5861      0.417      0.605    14.5506   999.1873 0.0000e+00
      0.434      0.023     5.9509     83.531     40.934  32.367356     2.3404      7.699   220.7033 3.6170e+02     9.5941      0.426      0.618    14.5488   999.1876 0.0000e+00
      0.440      0.019     5.9496     83.565     40.934  32.365266     2.3394      7.693   220.8368 3.6658e+02     9.5944      0.433      0.628    14.5484   999.1877 0.0000e+00
      0.444      0.015     5.9485     83.599     40.908  32.343230     2.3600      7.688   221.1338 3.9562e+02     9.6547      0.436      0.632    14.5467   999.1880 0.0000e+00
      0.445      0.014     5.9509     83.617     40.925  32.354760     2.3992      7.684   221.4552 4.1577e+02     9.7004      0.436      0.632    14.5385   999.1892 0.0000e+00
      0.445      0.017     5.9532     83.604     40.956  32.377751     2.4223      7.679   221.8829 4.1437e+02     9.6891      0.436      0.632    14.5311   999.1903 0.0000e+00
      0.447      0.026     5.9562     83.556     40.945  32.367366     2.4237      7.665   222.3468 4.0361e+02     9.6818      0.438      0.634    14.5295   999.1905 0.0000e+00
      0.451      0.039     5.9593     83.473     40.934  32.356123     2.4503      7.645   222.5906 3.7620e+02     9.7429      0.442      0.640    14.5279   999.1908 0.0000e+00
      0.460      0.051     5.9608     83.338     40.957  32.368729     2.5103      7.628   222.7651 3.4854e+02     9.8388      0.448      0.651    14.5262   999.1910 0.0000e+00
      0.478      0.059     5.9610     83.170     40.995  32.392857     2.5511      7.616   222.9092 3.3670e+02     9.8903      0.463      0.673    14.5243   999.1914 0.0000e+00
      0.504      0.062     5.9568     83.020     41.000  32.393992     2.5619      7.609   223.0427 3.2612e+02     9.8742      0.496      0.720    14.5221   999.1918 0.0000e+00
      0.528      0.060     5.9528     82.925     40.985  32.382452     2.6323      7.607   223.2594 3.1209e+02     9.6433      0.522      0.758    14.5199   999.1923 0.0000e+00
      0.543      0.055     5.9431     82.893     40.980  32.380259     2.7691      7.607   223.5500 3.0155e+02     9.2292      0.534      0.775    14.5126   999.1934 0.0000e+00
      0.551      0.048     5.9307     82.889     40.962  32.367472     2.8381      7.607   223.8890 2.8589e+02     8.9963      0.541      0.785    14.5037   999.1948 0.0000e+00
      0.556      0.041     5.9199     82.876     40.945  32.354772     2.8414      7.604   224.1754 2.6563e+02     8.9898      0.543      0.788    14.4997   999.1954 0.0000e+00
      0.564      0.037     5.9120     82.851     40.944  32.353628     2.8613      7.598   224.4318 2.5712e+02     9.2166      0.551      0.799    14.5012   999.1951 0.0000e+00
      0.575      0.037     5.9110     82.856     40.945  32.353637     2.8888      7.590   224.6661 2.5253e+02     9.6420      0.563      0.817    14.5045   999.1947 0.0000e+00
      0.587      0.037     5.9112     82.894     40.949  32.354876     2.9043      7.584   224.8573 2.4195e+02     9.9059      0.576      0.835    14.5062   999.1945 0.0000e+00
      0.598      0.037     5.9109     82.891     40.968  32.368607     2.9009      7.579   225.1093 2.3285e+02     9.9167      0.588      0.853    14.5072   999.1944 0.0000e+00
      0.608      0.035     5.9070     82.860     41.001  32.392733     2.8831      7.574   225.4749 2.2982e+02     9.8699      0.597      0.866    14.5068   999.1945 0.0000e+00
      0.616      0.030     5.9068     82.858     41.004  32.392733     2.8358      7.570   225.6647 2.3460e+02     9.8315      0.604      0.876    14.5046   999.1949 0.0000e+00
      0.622      0.027     5.9139     82.859     40.975  32.368606     2.7631      7.565   225.5968 2.4031e+02     9.7475      0.609      0.885    14.5028   999.1952 0.0000e+00
      0.627      0.027     5.9135     82.899     40.957  32.354866     2.7234      7.562   225.6868 2.3811e+02     9.6741      0.615      0.892    14.5012   999.1954 0.0000e+00
      0.632      0.029     5.9070     82.966     40.955  32.353514     2.7209      7.562   225.9783 2.3666e+02     9.6320      0.621      0.901    14.4985   999.1959 0.0000e+00
      0.637      0.034     5.9121     83.009     40.956  32.352256     2.7235      7.560   226.2829 2.4156e+02     9.6317      0.624      0.905    14.4952   999.1964 0.0000e+00
