Data/DataNotYetUploadedToEDI/Raw_CTD/RawDownloads/102319_fcr30.cnv
* Sea-Bird SBE19plus  Data File:
* FileName = C:\DATA\102319_fcr_0003.hex
* Software version 2.8.0.119 SB_Terminal.dll
* Temperature SN = 7809
* Conductivity SN = 7809
* System UpLoad Time = Oct 23 2019 15:56:09
* <ApplicationData>
* <Seaterm232>
# nquan = 16
# nvalues = 299                         
# units = specified
# name 0 = depFM: Depth [fresh water, m]
# name 1 = dz/dtM: Descent Rate [m/s]
# name 2 = sbeox0ML/L: Oxygen, SBE 43 [ml/l]
# name 3 = sbeox0PS: Oxygen, SBE 43 [% saturation]
# name 4 = specc: Specific Conductance [uS/cm]
# name 5 = c0uS/cm: Conductivity [uS/cm]
# name 6 = flECO-AFL: Fluorescence, WET Labs ECO-AFL/FL [mg/m^3]
# name 7 = ph: pH
# name 8 = orp: Oxidation Reduction Potential [mV]
# name 9 = par/sat/log: PAR/Logarithmic, Satlantic
# name 10 = turbWETntu0: Turbidity, WET Labs ECO [NTU]
# name 11 = prdM: Pressure, Strain Gauge [db]
# name 12 = prdE: Pressure, Strain Gauge [psi]
# name 13 = tv290C: Temperature [ITS-90, deg C]
# name 14 = density00: Density [density, kg/m^3]
# name 15 = flag:  0.000e+00
# span 0 =     -0.375,      5.406       
# span 1 =     -0.017,      0.211       
# span 2 =     1.8528,     7.0761       
# span 3 =     25.718,     99.424       
# span 4 =     40.735,     55.468       
# span 5 =  32.257156,  43.083843       
# span 6 =     0.6647,     3.0313       
# span 7 =      6.776,      7.775       
# span 8 =   272.6958,   306.8771       
# span 9 = 1.2359e-01, 1.2992e+03       
# span 10 =     7.4163,    12.3540      
# span 11 =     -0.381,      5.302      
# span 12 =     -0.551,      7.691      
# span 13 =    13.8176,    14.7194      
# span 14 =   999.1612,   999.3183      
# span 15 = 0.0000e+00, 0.0000e+00      
# interval = seconds: 0.25
# start_time = Oct 23 2019 11:20:51 [Instrument's time stamp, header]
# bad_flag = -9.990e-29
*END*
     -0.375      0.093     6.8977     96.205     40.885  32.394352     1.1095      7.699   306.8771 8.7973e+02    12.0254     -0.381     -0.551    14.2578   999.2245 0.0000e+00
     -0.338      0.124     6.8732     96.262     40.870  32.405450     1.1336      7.736   304.4876 9.1849e+02    12.3540     -0.334     -0.485    14.3991   999.2056 0.0000e+00
     -0.292      0.158     6.8553     96.350     40.820  32.381275     1.1414      7.756   303.0834 9.8269e+02    12.3339     -0.281     -0.409    14.5172   999.1891 0.0000e+00
     -0.250      0.188     6.8498     96.509     40.773  32.355905     1.2224      7.769   302.8048 1.0584e+03    11.8479     -0.244     -0.354    14.5729   999.1809 0.0000e+00
     -0.207      0.206     6.8417     96.795     40.759  32.352568     1.3839      7.775   302.6672 1.0659e+03    10.9343     -0.211     -0.307    14.6195   999.1744 0.0000e+00
     -0.146      0.211     6.8443     97.196     40.739  32.340934     1.4815      7.774   302.1945 1.0373e+03    10.3983     -0.150     -0.217    14.6434   999.1711 0.0000e+00
     -0.073      0.206     6.8464     97.698     40.741  32.342164     1.5094      7.766   301.5632 1.1096e+03    10.3484     -0.065     -0.094    14.6616   999.1688 0.0000e+00
     -0.012      0.190     6.8526     98.272     40.775  32.367434     1.5909      7.756   300.9712 1.0753e+03    10.3971     -0.007     -0.010    14.6752   999.1671 0.0000e+00
      0.035      0.161     6.8735     98.851     40.810  32.392619     1.7209      7.748   300.3706 8.1296e+02    10.4296      0.036      0.051    14.6870   999.1656 0.0000e+00
      0.074      0.122     6.9004     99.296     40.820  32.392829     1.7899      7.741   299.7224 6.4671e+02    10.4138      0.079      0.115    14.6914   999.1651 0.0000e+00
      0.099      0.082     6.9376     99.424     40.803  32.369972     1.8009      7.734   298.9848 7.0081e+02    10.4025      0.102      0.149    14.6892   999.1656 0.0000e+00
      0.109      0.048     6.9800     99.170     40.809  32.370089     1.8022      7.727   298.1627 1.0368e+03    10.2273      0.109      0.158    14.6875   999.1658 0.0000e+00
      0.110      0.023     7.0241     98.470     40.838  32.394235     1.7977      7.719   297.3533 1.2992e+03     9.8687      0.109      0.158    14.6855   999.1661 0.0000e+00
      0.109      0.005     7.0647     97.101     40.850  32.408082     1.7976      7.711   296.6839 9.5977e+02     9.7042      0.107      0.155    14.6747   999.1677 0.0000e+00
      0.105     -0.004     7.0761     94.940     40.846  32.410588     1.7926      7.704   296.1783 5.1133e+02     9.7135      0.104      0.151    14.6611   999.1697 0.0000e+00
      0.101     -0.006     7.0576     92.125     40.856  32.424546     1.7465      7.698   295.7146 4.3844e+02     9.5880      0.098      0.143    14.6547   999.1706 0.0000e+00
      0.100     -0.005     7.0170     88.963     40.880  32.449939     1.6650      7.691   295.2070 4.7832e+02     9.3660      0.097      0.141    14.6567   999.1703 0.0000e+00
      0.100     -0.002     6.9223     85.798     40.891  32.463777     1.6125      7.683   294.7730 4.6031e+02     9.2575      0.098      0.142    14.6631   999.1694 0.0000e+00
      0.099      0.003     6.7632     82.935     40.889  32.464940     1.6068      7.676   294.4248 4.8306e+02     9.2598      0.097      0.141    14.6704   999.1683 0.0000e+00
      0.099      0.007     6.5539     80.609     40.887  32.464005     1.6043      7.669   294.0944 4.8093e+02     9.1647      0.096      0.139    14.6779   999.1672 0.0000e+00
      0.101      0.010     6.3190     78.894     40.873  32.452468     1.5819      7.663   293.7037 3.8696e+02     8.9269      0.098      0.142    14.6861   999.1660 0.0000e+00
      0.106      0.011     6.0863     77.707     40.872  32.452372     1.5614      7.658   293.3144 3.4116e+02     8.7771      0.103      0.150    14.6932   999.1650 0.0000e+00
      0.111      0.010     5.8753     76.942     40.883  32.462852     1.5559      7.653   293.0008 3.8026e+02     8.7618      0.110      0.159    14.6965   999.1646 0.0000e+00
      0.116      0.005     5.7087     76.496     40.867  32.452249     1.5584      7.649   292.6655 4.0595e+02     8.7098      0.115      0.166    14.6962   999.1646 0.0000e+00
      0.117     -0.001     5.5900     76.228     40.863  32.451096     1.5573      7.645   292.3574 4.9959e+02     8.6081      0.116      0.168    14.6952   999.1648 0.0000e+00
      0.116     -0.009     5.5087     76.023     40.858  32.448911     1.5511      7.639   292.0287 5.9652e+02     8.5471      0.115      0.167    14.6959   999.1647 0.0000e+00
      0.112     -0.015     5.4554     75.803     40.828  32.425834     1.5530      7.634   291.6172 4.9267e+02     8.5627      0.111      0.161    14.6984   999.1643 0.0000e+00
      0.105     -0.017     5.4281     75.488     40.827  32.425929     1.5550      7.630   291.3400 3.9598e+02     8.5677      0.103      0.150    14.7011   999.1638 0.0000e+00
      0.096     -0.015     5.4116     75.088     40.857  32.450053     1.5229      7.626   291.2583 4.2126e+02     8.3775      0.094      0.136    14.7032   999.1635 0.0000e+00
      0.090     -0.011     5.3979     74.715     40.875  32.463673     1.4680      7.621   291.1444 4.2087e+02     8.0657      0.087      0.126    14.7055   999.1631 0.0000e+00
      0.088     -0.006     5.3852     74.443     40.875  32.463682     1.4465      7.615   290.9095 3.8161e+02     7.8782      0.085      0.124    14.7073   999.1628 0.0000e+00
      0.090     -0.001     5.3628     74.320     40.858  32.450167     1.4539      7.609   290.6564 3.8140e+02     7.8475      0.088      0.128    14.7082   999.1627 0.0000e+00
      0.094      0.003     5.3296     74.397     40.829  32.427186     1.4793      7.602   290.4071 3.9846e+02     8.1533      0.092      0.135    14.7081   999.1628 0.0000e+00
      0.096      0.004     5.3021     74.695     40.845  32.439671     1.5281      7.594   290.2181 3.5601e+02     8.7243      0.094      0.137    14.7078   999.1628 0.0000e+00
      0.097      0.003     5.2823     75.206     40.888  32.474191     1.5591      7.588   290.0913 3.3788e+02     9.0156      0.095      0.138    14.7075   999.1629 0.0000e+00
      0.097      0.002     5.2711     75.844     40.874  32.463797     1.5590      7.583   289.8209 4.2073e+02     9.0209      0.095      0.138    14.7070   999.1629 0.0000e+00
      0.097     -0.001     5.2775     76.505     40.844  32.440918     1.5430      7.579   289.4437 4.4257e+02     8.9198      0.094      0.137    14.7066   999.1630 0.0000e+00
      0.097     -0.004     5.2970     77.094     40.855  32.451414     1.5223      7.576   289.1441 4.2429e+02     8.7112      0.095      0.138    14.7068   999.1630 0.0000e+00
      0.096     -0.005     5.3369     77.523     40.870  32.463783     1.5082      7.575   288.7806 4.4365e+02     8.5634      0.095      0.136    14.7079   999.1628 0.0000e+00
      0.095     -0.005     5.3842     77.761     40.868  32.463545     1.4932      7.572   288.2307 3.8590e+02     8.5419      0.093      0.134    14.7090   999.1626 0.0000e+00
      0.092     -0.001     5.4330     77.820     40.847  32.448544     1.4981      7.568   287.1414 3.3639e+02     8.6141      0.091      0.132    14.7103   999.1624 0.0000e+00
      0.087      0.008     5.4781     77.733     40.797  32.409334     1.5326      7.563   286.2798 3.4331e+02     8.7156      0.085      0.123    14.7112   999.1623 0.0000e+00
      0.086      0.019     5.5082     77.554     40.749  32.370219     1.5549      7.555   286.7610 3.3091e+02     8.7543      0.082      0.118    14.7122   999.1621 0.0000e+00
      0.091      0.029     5.5250     77.359     40.735  32.356374     1.5595      7.547   287.2814 3.0079e+02     8.7539      0.086      0.125    14.7144   999.1618 0.0000e+00
      0.105      0.035     5.5277     77.189     40.751  32.368857     1.6059      7.540   287.1511 3.7473e+02     8.8086      0.099      0.145    14.7159   999.1616 0.0000e+00
      0.124      0.037     5.5208     77.089     40.781  32.394220     1.6913      7.534   286.9062 4.5671e+02     8.9245      0.123      0.179    14.7176   999.1615 0.0000e+00
      0.139      0.034     5.5048     77.059     40.798  32.409200     1.7415      7.529   286.7289 3.6981e+02     9.0080      0.141      0.203    14.7164   999.1618 0.0000e+00
      0.146      0.025     5.4920     77.058     40.814  32.423056     1.7535      7.525   286.7281 3.0063e+02     9.0324      0.144      0.209    14.7113   999.1626 0.0000e+00
      0.147      0.011     5.4780     77.079     40.828  32.434832     1.7502      7.523   286.6386 3.2036e+02     9.0229      0.144      0.209    14.7115   999.1624 0.0000e+00
      0.147     -0.002     5.4700     77.069     40.814  32.424667     1.7009      7.521   286.4216 3.3295e+02     8.9250      0.145      0.210    14.7143   999.1621 0.0000e+00
      0.145     -0.010     5.4709     76.929     40.817  32.427071     1.6089      7.518   286.1692 3.2331e+02     8.7340      0.144      0.209    14.7155   999.1620 0.0000e+00
      0.140     -0.012     5.4683     76.597     40.864  32.463898     1.5563      7.514   285.8233 2.9842e+02     8.6149      0.139      0.200    14.7169   999.1617 0.0000e+00
      0.132     -0.010     5.4722     76.099     40.896  32.489169     1.5586      7.511   285.5088 3.1404e+02     8.5981      0.129      0.186    14.7180   999.1615 0.0000e+00
      0.126     -0.007     5.4737     75.504     40.884  32.478776     1.5764      7.506   285.3790 3.5528e+02     8.6288      0.122      0.177    14.7190   999.1613 0.0000e+00
      0.125     -0.002     5.4661     74.862     40.868  32.465157     1.6071      7.500   285.2861 4.0997e+02     8.7245      0.121      0.176    14.7194   999.1612 0.0000e+00
      0.129      0.002     5.4416     74.256     40.851  32.451425     1.6263      7.493   285.2454 4.5347e+02     8.7723      0.126      0.183    14.7190   999.1613 0.0000e+00
      0.134      0.005     5.4035     73.772     40.836  32.439669     1.6181      7.488   285.2319 3.8294e+02     8.7479      0.132      0.192    14.7183   999.1615 0.0000e+00
      0.137      0.005     5.3617     73.468     40.848  32.449940     1.6203      7.484   285.0365 3.0474e+02     8.8223      0.135      0.196    14.7169   999.1617 0.0000e+00
      0.137      0.003     5.3132     73.349     40.846  32.448680     1.6527      7.479   284.8616 3.0983e+02     9.0166      0.135      0.196    14.7154   999.1619 0.0000e+00
      0.136      0.000     5.2685     73.377     40.815  32.424439     1.6805      7.475   284.7514 3.2080e+02     9.1640      0.134      0.193    14.7149   999.1620 0.0000e+00
      0.134     -0.002     5.2321     73.476     40.799  32.410697     1.6882      7.472   284.5645 3.1670e+02     9.1955      0.132      0.191    14.7155   999.1619 0.0000e+00
      0.134     -0.002     5.2103     73.536     40.798  32.409448     1.6842      7.470   284.4098 3.3447e+02     8.9715      0.131      0.191    14.7166   999.1617 0.0000e+00
      0.134     -0.001     5.2034     73.498     40.799  32.409335     1.6846      7.468   284.3429 3.4604e+02     8.5520      0.131      0.190    14.7172   999.1616 0.0000e+00
      0.134      0.001     5.2062     73.333     40.800  32.409325     1.6927      7.465   284.2714 3.4015e+02     8.3520      0.131      0.190    14.7174   999.1615 0.0000e+00
      0.134      0.003     5.2175     73.028     40.801  32.409325     1.6959      7.461   284.1478 3.4478e+02     8.3559      0.131      0.191    14.7170   999.1616 0.0000e+00
      0.135      0.003     5.2225     72.632     40.802  32.409335     1.7496      7.458   283.9672 3.1444e+02     8.4675      0.133      0.192    14.7159   999.1618 0.0000e+00
      0.137      0.002     5.2207     72.197     40.804  32.409449     1.8481      7.456   283.7230 2.8127e+02     8.6848      0.134      0.195    14.7147   999.1620 0.0000e+00
      0.139      0.001     5.2101     71.736     40.808  32.410697     1.8983      7.454   283.5175 2.8178e+02     8.7879      0.136      0.197    14.7137   999.1621 0.0000e+00
      0.139      0.000     5.1866     71.270     40.827  32.424429     1.9062      7.452   283.4621 2.9526e+02     8.7965      0.137      0.198    14.7129   999.1622 0.0000e+00
      0.138     -0.001     5.1568     70.834     40.858  32.448555     1.9081      7.451   283.4830 3.2547e+02     8.7893      0.135      0.196    14.7120   999.1624 0.0000e+00
      0.136     -0.001     5.1265     70.429     40.859  32.448555     1.8686      7.447   283.3402 3.4770e+02     8.7007      0.133      0.194    14.7102   999.1626 0.0000e+00
      0.134     -0.001     5.0938     70.057     40.829  32.424429     1.7932      7.443   282.8539 3.3094e+02     8.5769      0.131      0.192    14.7080   999.1629 0.0000e+00
      0.134      0.000     5.0588     69.702     40.813  32.410697     1.7593      7.439   282.5076 3.0927e+02     8.5054      0.131      0.190    14.7061   999.1632 0.0000e+00
      0.135      0.002     5.0294     69.354     40.812  32.409440     1.7622      7.436   282.7666 3.0647e+02     8.4924      0.133      0.192    14.7049   999.1634 0.0000e+00
      0.137      0.002     4.9997     69.018     40.813  32.409222     1.7596      7.432   283.0598 3.0602e+02     8.3533      0.134      0.195    14.7042   999.1635 0.0000e+00
      0.138      0.002     4.9740     68.648     40.813  32.408067     1.7527      7.429   283.0413 3.1399e+02     8.0361      0.136      0.197    14.7037   999.1636 0.0000e+00
      0.139      0.002     4.9500     68.235     40.799  32.395478     1.7482      7.426   282.8874 3.1879e+02     7.8356      0.136      0.198    14.7032   999.1637 0.0000e+00
      0.139      0.001     4.9233     67.824     40.786  32.383932     1.7487      7.422   282.7470 3.4242e+02     7.8302      0.136      0.198    14.7025   999.1638 0.0000e+00
      0.139     -0.001     4.9025     67.404     40.802  32.395376     1.7767      7.420   282.7208 3.6182e+02     7.9708      0.136      0.197    14.7012   999.1640 0.0000e+00
      0.139     -0.001     4.8767     66.973     40.818  32.406923     1.8266      7.418   282.5708 3.4997e+02     8.1916      0.136      0.197    14.6997   999.1642 0.0000e+00
      0.139      0.001     4.8446     66.539     40.807  32.396624     1.8488      7.416   282.1379 3.4640e+02     8.3051      0.136      0.197    14.6981   999.1644 0.0000e+00
      0.138      0.006     4.8174     66.097     40.808  32.397778     1.8637      7.414   280.3260 3.5201e+02     8.3270      0.135      0.196    14.6966   999.1646 0.0000e+00
      0.136      0.015     4.7875     65.695     40.837  32.420864     1.9367      7.411   277.1832 3.5907e+02     8.4888      0.132      0.193    14.6952   999.1648 0.0000e+00
      0.137      0.027     4.7559     65.399     40.838  32.421914     2.0474      7.402   275.1987 3.6376e+02     8.8194      0.132      0.192    14.6936   999.1652 0.0000e+00
      0.144      0.041     4.7269     65.205     40.826  32.410472     2.1093      7.387   274.4856 3.7130e+02     9.0149      0.140      0.202    14.6918   999.1654 0.0000e+00
      0.157      0.055     4.6940     65.141     40.828  32.409441     2.1301      7.371   273.8954 3.7060e+02     9.0495      0.153      0.221    14.6912   999.1655 0.0000e+00
      0.177      0.068     4.6622     65.236     40.830  32.409450     2.2557      7.360   273.4835 3.8858e+02     9.3363      0.171      0.248    14.6915   999.1656 0.0000e+00
      0.202      0.079     4.6431     65.439     40.831  32.410575     2.4750      7.353   273.2047 4.0056e+02     9.8611      0.200      0.291    14.6929   999.1655 0.0000e+00
      0.223      0.089     4.6284     65.713     40.846  32.423049     2.5884      7.347   273.0201 3.6315e+02    10.1182      0.222      0.321    14.6911   999.1658 0.0000e+00
      0.241      0.095     4.6219     66.013     40.860  32.433339     2.5950      7.344   272.8858 3.2554e+02    10.1176      0.232      0.336    14.6851   999.1668 0.0000e+00
