Data/DataNotYetUploadedToEDI/Raw_CTD/RawDownloads/102319_fcr50.cnv
* Sea-Bird SBE19plus  Data File:
* FileName = C:\DATA\102319_fcr50_0003.hex
* Software version 2.8.0.119 SB_Terminal.dll
* Temperature SN = 7809
* Conductivity SN = 7809
* System UpLoad Time = Oct 23 2019 09:56:24
* <ApplicationData>
* <Seaterm232>
# nquan = 16
# nvalues = 1012                        
# units = specified
# name 0 = depFM: Depth [fresh water, m]
# name 1 = dz/dtM: Descent Rate [m/s]
# name 2 = sbeox0ML/L: Oxygen, SBE 43 [ml/l]
# name 3 = sbeox0PS: Oxygen, SBE 43 [% saturation]
# name 4 = specc: Specific Conductance [uS/cm]
# name 5 = c0uS/cm: Conductivity [uS/cm]
# name 6 = flECO-AFL: Fluorescence, WET Labs ECO-AFL/FL [mg/m^3]
# name 7 = ph: pH
# name 8 = orp: Oxidation Reduction Potential [mV]
# name 9 = par/sat/log: PAR/Logarithmic, Satlantic
# name 10 = turbWETntu0: Turbidity, WET Labs ECO [NTU]
# name 11 = prdM: Pressure, Strain Gauge [db]
# name 12 = prdE: Pressure, Strain Gauge [psi]
# name 13 = tv290C: Temperature [ITS-90, deg C]
# name 14 = density00: Density [density, kg/m^3]
# name 15 = flag:  0.000e+00
# span 0 =     -0.569,      9.769       
# span 1 =     -0.280,      0.144       
# span 2 =    -0.5939,     7.2407       
# span 3 =     -7.860,     99.664       
# span 4 =     22.253,    414.403       
# span 5 =  16.676233, 320.911788       
# span 6 =    -2.3940,     3.9724       
# span 7 =      3.054,      8.477       
# span 8 = -1240.7455,   524.0390       
# span 9 = 1.2352e-01, 1.0480e+03       
# span 10 =    -5.4022,    36.1433      
# span 11 =     -0.558,      9.581      
# span 12 =     -0.810,     13.896      
# span 13 =    12.4485,    14.5005      
# span 14 =   999.1934,   999.4856      
# span 15 = 0.0000e+00, 0.0000e+00      
# interval = seconds: 0.25
# start_time = Oct 23 2019 09:42:02 [Instrument's time stamp, header]
# bad_flag = -9.990e-29
*END*
[from data line 272]
      0.856      0.037     5.8202     81.788     40.687  32.140152     2.5142      7.373   220.1981 7.4557e+01    10.7817      0.840      1.218    14.4941   999.1974 0.0000e+00
      0.863      0.035     5.8217     81.874     40.664  32.121596     2.5444      7.375   219.9716 7.3094e+01    11.0038      0.846      1.227    14.4943   999.1974 0.0000e+00
      0.869      0.032     5.8217     81.924     40.622  32.088989     2.5439      7.378   220.1296 7.2427e+01    10.9897      0.852      1.234    14.4938   999.1975 0.0000e+00
      0.876      0.029     5.8240     81.963     40.590  32.063209     2.5516      7.381   220.3891 7.0934e+01    10.8083      0.858      1.244    14.4933   999.1976 0.0000e+00
      0.884      0.029     5.8355     81.971     40.591  32.063729     2.5691      7.383   220.4411 6.9069e+01    10.5148      0.867      1.258    14.4936   999.1976 0.0000e+00
      0.893      0.029     5.8417     81.943     40.631  32.095279     2.5728      7.385   220.3282 6.8119e+01    10.3568      0.876      1.270    14.4935   999.1977 0.0000e+00
      0.900      0.029     5.8432     81.910     40.671  32.127365     2.5786      7.386   220.2289 6.7564e+01    10.3405      0.883      1.281    14.4936   999.1977 0.0000e+00
      0.907      0.029     5.8477     81.887     40.681  32.134383     2.5871      7.388   220.1859 6.6308e+01    10.3510      0.890      1.291    14.4935   999.1977 0.0000e+00
      0.913      0.029     5.8485     81.884     40.659  32.116670     2.5546      7.389   220.3253 6.4883e+01    10.6142      0.895      1.297    14.4929   999.1978 0.0000e+00
      0.919      0.029     5.8449     81.904     40.643  32.103572     2.4972      7.390   220.4516 6.3663e+01    11.1307      0.900      1.305    14.4928   999.1979 0.0000e+00
      0.928      0.029     5.8428     81.928     40.642  32.102939     2.4657      7.392   220.4226 6.2660e+01    11.4182      0.911      1.320    14.4929   999.1979 0.0000e+00
      0.937      0.029     5.8408     81.951     40.649  32.109020     2.4602      7.393   220.5774 6.2269e+01    11.4356      0.920      1.334    14.4926   999.1980 0.0000e+00
      0.945      0.030     5.8403     81.977     40.654  32.113635     2.4741      7.395   220.8602 6.2162e+01    11.1772      0.926      1.344    14.4915   999.1982 0.0000e+00
      0.951      0.030     5.8430     82.017     40.630  32.095288     2.5036      7.399   220.9158 6.1605e+01    10.6538      0.933      1.353    14.4909   999.1983 0.0000e+00
      0.957      0.030     5.8441     82.050     40.608  32.077566     2.5223      7.403   220.8203 6.0412e+01    10.3500      0.939      1.361    14.4916   999.1982 0.0000e+00
      0.965      0.030     5.8462     82.060     40.623  32.089738     2.5175      7.405   220.7376 5.9093e+01    10.3221      0.946      1.372    14.4923   999.1982 0.0000e+00
      0.973      0.031     5.8468     82.064     40.656  32.115536     2.4809      7.405   220.7764 5.8130e+01    10.4483      0.954      1.384    14.4928   999.1981 0.0000e+00
      0.981      0.031     5.8507     82.054     40.681  32.135652     2.4348      7.405   221.0314 5.7425e+01    10.6958      0.962      1.397    14.4931   999.1981 0.0000e+00
      0.990      0.031     5.8540     82.014     40.689  32.142574     2.4193      7.404   221.2396 5.6568e+01    10.8242      0.971      1.408    14.4933   999.1981 0.0000e+00
      0.999      0.030     5.8531     81.945     40.680  32.135765     2.4153      7.402   221.2284 5.5373e+01    10.7885      0.980      1.421    14.4934   999.1982 0.0000e+00
      1.006      0.029     5.8542     81.851     40.655  32.116795     2.4213      7.400   221.1542 5.4375e+01    10.5260      0.987      1.432    14.4937   999.1982 0.0000e+00
      1.013      0.027     5.8539     81.750     40.638  32.103583     2.4473      7.398   221.1166 5.3943e+01    10.1089      0.993      1.440    14.4942   999.1981 0.0000e+00
      1.019      0.025     5.8506     81.675     40.638  32.102940     2.4614      7.396   221.2045 5.3486e+01     9.9072      0.999      1.449    14.4945   999.1981 0.0000e+00
      1.026      0.025     5.8458     81.639     40.646  32.109030     2.4616      7.395   221.2715 5.2696e+01     9.8895      1.006      1.460    14.4946   999.1981 0.0000e+00
      1.031      0.026     5.8389     81.630     40.652  32.113749     2.4328      7.394   221.1510 5.1780e+01     9.9284      1.011      1.467    14.4948   999.1981 0.0000e+00
      1.037      0.027     5.8303     81.648     40.630  32.096538     2.3729      7.393   221.0388 5.0838e+01    10.0161      1.016      1.473    14.4950   999.1981 0.0000e+00
      1.043      0.028     5.8247     81.691     40.624  32.091298     2.3449      7.390   221.0332 5.0103e+01    10.0980      1.023      1.483    14.4948   999.1981 0.0000e+00
      1.051      0.029     5.8228     81.748     40.653  32.113854     2.3543      7.387   221.0832 4.9563e+01    10.1645      1.030      1.494    14.4947   999.1982 0.0000e+00
      1.059      0.029     5.8221     81.801     40.655  32.115423     2.3651      7.385   221.1263 4.8762e+01    10.1652      1.039      1.507    14.4948   999.1983 0.0000e+00
      1.068      0.029     5.8232     81.842     40.648  32.110269     2.4065      7.384   221.2105 4.7736e+01    10.3360      1.049      1.520    14.4947   999.1983 0.0000e+00
      1.076      0.028     5.8267     81.872     40.654  32.114998     2.4817      7.382   221.4138 4.6940e+01    10.7544      1.056      1.530    14.4945   999.1983 0.0000e+00
      1.082      0.027     5.8314     81.879     40.647  32.109144     2.5199      7.380   221.5189 4.6501e+01    10.9968      1.061      1.539    14.4943   999.1984 0.0000e+00
      1.088      0.026     5.8354     81.855     40.639  32.102951     2.5224      7.377   221.4499 4.6005e+01    11.0052      1.067      1.547    14.4944   999.1984 0.0000e+00
      1.094      0.026     5.8379     81.821     40.640  32.103573     2.5378      7.374   221.3533 4.5190e+01    10.9222      1.073      1.556    14.4945   999.1984 0.0000e+00
      1.101      0.026     5.8405     81.786     40.657  32.116671     2.5673      7.372   221.2971 4.4354e+01    10.8117      1.080      1.566    14.4945   999.1985 0.0000e+00
      1.108      0.027     5.8417     81.766     40.680  32.134394     2.5842      7.371   221.4581 4.3577e+01    10.8157      1.087      1.577    14.4944   999.1985 0.0000e+00
      1.115      0.028     5.8385     81.762     40.672  32.127480     2.5860      7.370   221.7520 4.2793e+01    10.8728      1.094      1.587    14.4944   999.1986 0.0000e+00
      1.122      0.028     5.8367     81.750     40.633  32.096538     2.5799      7.368   221.8392 4.2093e+01    10.8472      1.101      1.596    14.4939   999.1987 0.0000e+00
      1.129      0.028     5.8335     81.734     40.609  32.077577     2.5534      7.366   221.8239 4.1456e+01    10.7676      1.107      1.606    14.4937   999.1987 0.0000e+00
      1.136      0.028     5.8318     81.726     40.622  32.088606     2.5265      7.364   221.7397 4.0716e+01    10.7303      1.114      1.616    14.4932   999.1988 0.0000e+00
      1.144      0.028     5.8331     81.725     40.640  32.102961     2.5234      7.361   221.5097 3.9907e+01    10.7233      1.122      1.628    14.4926   999.1990 0.0000e+00
      1.152      0.027     5.8315     81.735     40.667  32.124229     2.5418      7.359   221.5377 3.9271e+01    10.5850      1.130      1.639    14.4927   999.1990 0.0000e+00
      1.158      0.026     5.8298     81.763     40.707  32.155371     2.5665      7.357   221.9926 3.8855e+01    10.3044      1.136      1.648    14.4927   999.1990 0.0000e+00
      1.164      0.026     5.8297     81.808     40.715  32.162190     2.5790      7.355   222.4492 3.8574e+01    10.1154      1.142      1.656    14.4928   999.1990 0.0000e+00
      1.170      0.025     5.8295     81.885     40.691  32.143215     2.5898      7.353   222.5837 3.8209e+01    10.1019      1.147      1.665    14.4930   999.1990 0.0000e+00
      1.176      0.025     5.8296     81.966     40.657  32.116338     2.6186      7.351   222.5005 3.7624e+01    10.1414      1.153      1.673    14.4931   999.1990 0.0000e+00
      1.184      0.025     5.8324     82.025     40.625  32.091059     2.6415      7.348   222.3905 3.7010e+01    10.1343      1.161      1.684    14.4928   999.1991 0.0000e+00
      1.191      0.025     5.8343     82.075     40.625  32.091418     2.6410      7.345   222.2863 3.6433e+01    10.1140      1.168      1.694    14.4925   999.1992 0.0000e+00
      1.197      0.024     5.8408     82.105     40.662  32.120674     2.6378      7.344   222.1858 3.5864e+01    10.1257      1.173      1.702    14.4926   999.1992 0.0000e+00
      1.203      0.024     5.8484     82.098     40.670  32.127491     2.6378      7.341   222.1224 3.5380e+01    10.1119      1.179      1.711    14.4929   999.1992 0.0000e+00
      1.208      0.024     5.8505     82.060     40.648  32.110383     2.6507      7.338   222.1219 3.4971e+01     9.9141      1.185      1.719    14.4935   999.1991 0.0000e+00
      1.213      0.025     5.8552     81.995     40.641  32.104198     2.6725      7.335   222.1795 3.4460e+01     9.5701      1.190      1.725    14.4940   999.1990 0.0000e+00
      1.220      0.027     5.8579     81.919     40.656  32.116171     2.6755      7.333   222.3032 3.3837e+01     9.3936      1.196      1.735    14.4944   999.1991 0.0000e+00
      1.227      0.031     5.8565     81.833     40.671  32.128221     2.6696      7.329   222.3272 3.3284e+01     9.4516      1.204      1.746    14.4947   999.1990 0.0000e+00
      1.233      0.036     5.8544     81.738     40.665  32.122971     2.6531      7.326   221.7811 3.2636e+01    10.0090      1.208      1.752    14.4948   999.1990 0.0000e+00
      1.243      0.041     5.8487     81.677     40.657  32.116152     2.6156      7.322   220.9489 3.1694e+01    10.9550      1.217      1.765    14.4947   999.1991 0.0000e+00
      1.256      0.046     5.8434     81.689     40.648  32.109240     2.5876      7.317   220.6105 3.0780e+01    11.4178      1.233      1.788    14.4948   999.1992 0.0000e+00
      1.269      0.048     5.8379     81.747     40.640  32.102856     2.5837      7.311   220.7007 3.0015e+01    11.4103      1.245      1.805    14.4947   999.1992 0.0000e+00
      1.283      0.048     5.8295     81.811     40.639  32.102431     2.6199      7.305   220.9215 2.9130e+01    11.2903      1.256      1.822    14.4942   999.1993 0.0000e+00
      1.298      0.046     5.8237     81.871     40.640  32.104096     2.6790      7.302   221.0421 2.8286e+01    11.1140      1.273      1.848    14.4936   999.1995 0.0000e+00
      1.311      0.045     5.8259     81.906     40.665  32.122981     2.7080      7.300   220.7832 2.7801e+01    11.0491      1.288      1.868    14.4934   999.1996 0.0000e+00
      1.319      0.047     5.8317     81.913     40.687  32.140392     2.7193      7.296   220.2859 2.7510e+01    11.0292      1.293      1.875    14.4937   999.1996 0.0000e+00
      1.326      0.050     5.8349     81.907     40.667  32.124230     2.7809      7.287   219.9337 2.7070e+01    11.0045      1.298      1.883    14.4939   999.1996 0.0000e+00
      1.336      0.053     5.8412     81.867     40.659  32.117941     2.8896      7.276   219.7938 2.6280e+01    11.0450      1.308      1.897    14.4940   999.1996 0.0000e+00
      1.352      0.056     5.8433     81.782     40.672  32.127815     2.9509      7.267   219.8853 2.5120e+01    11.0610      1.324      1.920    14.4939   999.1997 0.0000e+00
      1.374      0.058     5.8426     81.694     40.657  32.116693     2.9503      7.258   220.1795 2.3988e+01    11.0003      1.348      1.956    14.4938   999.1999 0.0000e+00
      1.393      0.059     5.8438     81.663     40.649  32.110385     2.8556      7.246   220.3397 2.3336e+01    10.9011      1.370      1.986    14.4937   999.2000 0.0000e+00
      1.405      0.056     5.8410     81.676     40.655  32.115007     2.6903      7.236   220.3599 2.2905e+01    10.8125      1.377      1.997    14.4934   999.2000 0.0000e+00
      1.416      0.049     5.8345     81.703     40.648  32.109125     2.6068      7.230   220.3379 2.2313e+01    10.7811      1.386      2.011    14.4932   999.2001 0.0000e+00
      1.430      0.042     5.8248     81.741     40.640  32.102724     2.5919      7.230   220.1591 2.1755e+01    10.7833      1.403      2.036    14.4933   999.2002 0.0000e+00
      1.440      0.036     5.8243     81.766     40.637  32.101059     2.5797      7.231   219.9195 2.1377e+01    10.7735      1.414      2.050    14.4935   999.2002 0.0000e+00
      1.448      0.033     5.8263     81.771     40.622  32.089002     2.5370      7.234   219.8500 2.1074e+01    10.4995      1.420      2.060    14.4934   999.2003 0.0000e+00
      1.455      0.032     5.8272     81.768     40.616  32.083866     2.4574      7.238   220.2646 2.0830e+01     9.9941      1.428      2.071    14.4931   999.2003 0.0000e+00
      1.460      0.032     5.8316     81.782     40.639  32.102420     2.4231      7.242   220.8887 2.0574e+01     9.7098      1.432      2.078    14.4933   999.2003 0.0000e+00
      1.466      0.034     5.8329     81.820     40.665  32.122962     2.4259      7.245   221.1157 2.0184e+01     9.6833      1.437      2.084    14.4935   999.2003 0.0000e+00
      1.475      0.039     5.8332     81.858     40.689  32.141848     2.4306      7.246   221.1152 1.9707e+01     9.8052      1.446      2.097    14.4934   999.2004 0.0000e+00
      1.487      0.043     5.8322     81.895     40.687  32.140392     2.4539      7.247   220.9695 1.9228e+01    10.0032      1.459      2.115    14.4935   999.2004 0.0000e+00
      1.500      0.047     5.8325     81.940     40.643  32.105353     2.4743      7.247   220.7305 1.8743e+01    10.0777      1.471      2.133    14.4935   999.2005 0.0000e+00
      1.514      0.049     5.8369     81.966     40.634  32.098960     2.4768      7.247   220.9788 1.8295e+01    10.0831      1.485      2.154    14.4938   999.2005 0.0000e+00
      1.527      0.049     5.8391     81.976     40.669  32.126558     2.4676      7.244   221.5624 1.7863e+01    10.2653      1.497      2.171    14.4939   999.2005 0.0000e+00
      1.540      0.047     5.8409     81.988     40.663  32.121734     2.4583      7.239   221.7642 1.7401e+01    10.5774      1.509      2.189    14.4938   999.2006 0.0000e+00
      1.553      0.043     5.8459     81.999     40.641  32.104096     2.4603      7.233   221.6124 1.6966e+01    10.7764      1.524      2.211    14.4937   999.2007 0.0000e+00
      1.564      0.039     5.8474     82.017     40.641  32.103679     2.4742      7.230   221.4473 1.6591e+01    10.8359      1.535      2.227    14.4936   999.2007 0.0000e+00
      1.574      0.035     5.8471     82.045     40.657  32.116693     2.5388      7.230   221.3168 1.6358e+01    10.7068      1.544      2.240    14.4935   999.2008 0.0000e+00
      1.579      0.033     5.8485     82.070     40.680  32.134521     2.6438      7.230   221.2393 1.6226e+01    10.4275      1.549      2.247    14.4935   999.2008 0.0000e+00
      1.584      0.033     5.8491     82.096     40.673  32.128856     2.6944      7.230   221.2841 1.6015e+01    10.2779      1.553      2.252    14.4935   999.2008 0.0000e+00
      1.592      0.034     5.8498     82.113     40.651  32.111654     2.7081      7.231   221.4280 1.5691e+01    10.3069      1.561      2.263    14.4933   999.2009 0.0000e+00
      1.603      0.035     5.8530     82.083     40.658  32.116912     2.8092      7.232   221.5174 1.5359e+01    10.3520      1.573      2.281    14.4931   999.2010 0.0000e+00
      1.613      0.038     5.8541     82.017     40.675  32.128971     2.9724      7.233   221.5044 1.5074e+01    10.3319      1.583      2.295    14.4932   999.2010 0.0000e+00
