Data/DataNotYetUploadedToEDI/Raw_CTD/RawDownloads/102819_bvr50.cnv
* Sea-Bird SBE19plus  Data File:
* FileName = C:\DATA\102819_fcr50_0002.hex
* Software version 2.8.0.119 SB_Terminal.dll
* Temperature SN = 7809
* Conductivity SN = 7809
* System UpLoad Time = Oct 28 2019 15:21:09
* <ApplicationData>
* <Seaterm232>
# nquan = 16
# nvalues = 1834                        
# units = specified
# name 0 = depFM: Depth [fresh water, m]
# name 1 = dz/dtM: Descent Rate [m/s]
# name 2 = sbeox0ML/L: Oxygen, SBE 43 [ml/l]
# name 3 = sbeox0PS: Oxygen, SBE 43 [% saturation]
# name 4 = specc: Specific Conductance [uS/cm]
# name 5 = c0uS/cm: Conductivity [uS/cm]
# name 6 = flECO-AFL: Fluorescence, WET Labs ECO-AFL/FL [mg/m^3]
# name 7 = ph: pH
# name 8 = orp: Oxidation Reduction Potential [mV]
# name 9 = par/sat/log: PAR/Logarithmic, Satlantic
# name 10 = turbWETntu0: Turbidity, WET Labs ECO [NTU]
# name 11 = prdM: Pressure, Strain Gauge [db]
# name 12 = prdE: Pressure, Strain Gauge [psi]
# name 13 = tv290C: Temperature [ITS-90, deg C]
# name 14 = density00: Density [density, kg/m^3]
# name 15 = flag:  0.000e+00
# span 0 =     -0.485,     10.005       
# span 1 =     -0.058,      0.154       
# span 2 =     0.0508,     6.6747       
# span 3 =      0.644,     95.976       
# span 4 =     28.670,    285.342       
# span 5 =  23.088112, 195.927049       
# span 6 =     1.1308,     6.0852       
# span 7 =      6.305,      8.781       
# span 8 =   -95.0489,   316.2425       
# span 9 = 1.2351e-01, 1.7016e+03       
# span 10 =     2.0090,    27.2136      
# span 11 =     -0.484,      9.813      
# span 12 =     -0.703,     14.232      
# span 13 =     9.3054,    16.4514      
# span 14 =   998.8820,   999.9156      
# span 15 = 0.0000e+00, 0.0000e+00      
# interval = seconds: 0.25
# start_time = Oct 28 2019 14:46:30 [Instrument's time stamp, header]
# bad_flag = -9.990e-29
*END*
[from data line 1356]
      6.931      0.014     2.8346     39.086     31.836  24.750201     1.6868      6.770   314.7308 1.2373e-01     8.7299      6.797      9.859    13.8716   999.3102 0.0000e+00
      6.934      0.015     2.8324     39.106     31.876  24.784929     1.6886      6.770   314.7261 1.2368e-01     8.7409      6.800      9.863    13.8693   999.3105 0.0000e+00
      6.937      0.018     2.8275     39.121     31.966  24.855926     1.6567      6.770   314.7428 1.2368e-01     8.7214      6.803      9.867    13.8683   999.3106 0.0000e+00
      6.941      0.021     2.8254     39.103     32.042  24.910818     1.5963      6.769   314.7603 1.2368e-01     8.7244      6.806      9.872    13.8659   999.3110 0.0000e+00
      6.946      0.025     2.8265     39.055     32.089  24.941120     1.5734      6.767   314.8514 1.2370e-01     8.7770      6.811      9.879    13.8663   999.3109 0.0000e+00
      6.953      0.029     2.8274     39.002     32.132  24.968550     1.5797      6.767   314.9842 1.2372e-01     8.8334      6.818      9.889    13.8747   999.3098 0.0000e+00
      6.962      0.033     2.8295     38.942     32.165  24.988714     1.5766      6.766   315.0760 1.2369e-01     8.8157      6.827      9.902    13.8787   999.3094 0.0000e+00
      6.972      0.035     2.8287     38.857     32.179  24.994599     1.5617      6.764   315.1002 1.2359e-01     8.7605      6.838      9.917    13.8706   999.3106 0.0000e+00
      6.982      0.036     2.8244     38.722     32.160  24.976251     1.5567      6.763   315.1052 1.2353e-01     8.7559      6.848      9.932    13.8592   999.3122 0.0000e+00
      6.992      0.035     2.8221     38.527     32.138  24.957190     1.5762      6.761   315.1360 1.2355e-01     8.7923      6.856      9.944    13.8486   999.3137 0.0000e+00
      7.001      0.033     2.8185     38.304     32.135  24.954440     1.5977      6.761   315.1288 1.2359e-01     8.8728      6.865      9.958    13.8396   999.3150 0.0000e+00
      7.009      0.030     2.8134     38.048     32.119  24.943000     1.6178      6.760   315.1038 1.2367e-01     8.9744      6.874      9.970    13.8322   999.3160 0.0000e+00
      7.016      0.028     2.8051     37.756     32.122  24.945752     1.6373      6.759   315.0919 1.2370e-01     9.0386      6.881      9.980    13.8260   999.3169 0.0000e+00
      7.023      0.027     2.7889     37.460     32.177  24.987713     1.6419      6.758   315.0712 1.2369e-01     9.0589      6.887      9.989    13.8231   999.3173 0.0000e+00
      7.029      0.025     2.7737     37.194     32.205  25.006283     1.6223      6.758   315.1117 1.2369e-01     9.0239      6.893      9.997    13.8240   999.3173 0.0000e+00
      7.035      0.024     2.7554     36.987     32.174  24.979955     1.5907      6.758   315.1514 1.2367e-01     8.9756      6.899     10.005    13.8256   999.3171 0.0000e+00
      7.041      0.023     2.7327     36.865     32.184  24.986571     1.5726      6.757   315.1202 1.2371e-01     8.9657      6.905     10.015    13.8279   999.3168 0.0000e+00
      7.047      0.022     2.7106     36.808     32.231  25.022839     1.5671      6.756   315.0793 1.2375e-01     8.9705      6.912     10.025    13.8269   999.3170 0.0000e+00
      7.052      0.021     2.6913     36.778     32.251  25.037842     1.5768      6.756   315.0864 1.2375e-01     9.0335      6.916     10.031    13.8200   999.3179 0.0000e+00
      7.057      0.021     2.6752     36.776     32.255  25.041087     1.6026      6.755   315.1208 1.2379e-01     9.1372      6.921     10.038    13.8161   999.3184 0.0000e+00
      7.063      0.020     2.6671     36.781     32.284  25.062085     1.6192      6.754   315.1511 1.2379e-01     9.2084      6.927     10.047    13.8152   999.3186 0.0000e+00
      7.068      0.020     2.6651     36.762     32.338  25.101409     1.6212      6.754   315.1087 1.2373e-01     9.2395      6.931     10.053    13.8137   999.3189 0.0000e+00
      7.073      0.021     2.6616     36.723     32.385  25.135910     1.6273      6.754   314.9527 1.2371e-01     9.2182      6.935     10.058    13.8138   999.3189 0.0000e+00
      7.078      0.022     2.6624     36.668     32.419  25.162040     1.6666      6.754   314.8984 1.2370e-01     9.1802      6.941     10.066    13.8145   999.3188 0.0000e+00
      7.084      0.022     2.6641     36.599     32.421  25.163596     1.7316      6.754   314.9694 1.2367e-01     9.1740      6.947     10.076    13.8124   999.3191 0.0000e+00
      7.089      0.022     2.6625     36.518     32.413  25.154718     1.7634      6.753   314.8639 1.2371e-01     9.2090      6.952     10.083    13.8074   999.3198 0.0000e+00
      7.095      0.021     2.6597     36.410     32.453  25.181575     1.7569      6.752   314.6560 1.2372e-01     9.2423      6.958     10.092    13.8046   999.3203 0.0000e+00
      7.101      0.019     2.6559     36.272     32.528  25.234562     1.7225      6.752   314.6929 1.2370e-01     9.2485      6.965     10.102    13.8050   999.3202 0.0000e+00
      7.106      0.018     2.6502     36.095     32.601  25.287862     1.6678      6.752   314.7936 1.2374e-01     9.2513      6.970     10.108    13.8047   999.3203 0.0000e+00
      7.109      0.018     2.6459     35.876     32.645  25.318507     1.6419      6.752   314.6681 1.2374e-01     9.2434      6.971     10.111    13.8009   999.3208 0.0000e+00
      7.112      0.017     2.6380     35.649     32.691  25.351328     1.6431      6.750   314.5522 1.2372e-01     9.2185      6.975     10.116    13.7931   999.3219 0.0000e+00
      7.117      0.017     2.6286     35.423     32.799  25.430947     1.6308      6.749   314.5974 1.2370e-01     9.0488      6.980     10.123    13.7853   999.3230 0.0000e+00
      7.122      0.018     2.6171     35.202     32.924  25.519888     1.5974      6.749   314.6122 1.2365e-01     8.7317      6.985     10.131    13.7803   999.3238 0.0000e+00
      7.127      0.019     2.5994     34.993     33.045  25.601992     1.5681      6.749   314.5598 1.2364e-01     8.5637      6.989     10.137    13.7759   999.3244 0.0000e+00
      7.132      0.019     2.5835     34.777     33.142  25.662376     1.5634      6.749   314.5658 1.2371e-01     8.5569      6.993     10.143    13.7709   999.3251 0.0000e+00
      7.137      0.020     2.5677     34.534     33.182  25.679003     1.6009      6.749   314.5119 1.2373e-01     8.5846      6.999     10.151    13.7654   999.3259 0.0000e+00
      7.142      0.020     2.5511     34.246     33.190  25.676130     1.6659      6.748   314.3389 1.2361e-01     8.6689      7.003     10.157    13.7557   999.3273 0.0000e+00
      7.147      0.019     2.5385     33.887     33.135  25.627627     1.6997      6.747   314.2806 1.2352e-01     8.7240      7.008     10.164    13.7366   999.3299 0.0000e+00
      7.153      0.018     2.5242     33.459     33.021  25.536636     1.6970      6.746   314.3231 1.2358e-01     8.7266      7.015     10.174    13.7114   999.3334 0.0000e+00
      7.158      0.016     2.5080     32.960     32.930  25.464119     1.6595      6.745   314.3365 1.2368e-01     8.8642      7.019     10.182    13.6892   999.3364 0.0000e+00
      7.162      0.014     2.4897     32.418     32.904  25.448655     1.6012      6.745   314.3567 1.2375e-01     9.1092      7.023     10.185    13.6742   999.3385 0.0000e+00
      7.165      0.012     2.4627     31.886     32.926  25.476554     1.5731      6.745   314.3096 1.2377e-01     9.1989      7.027     10.191    13.6680   999.3394 0.0000e+00
      7.167      0.010     2.4327     31.420     32.925  25.484259     1.5719      6.745   314.1964 1.2373e-01     9.1619      7.029     10.195    13.6649   999.3397 0.0000e+00
      7.169      0.009     2.3961     31.081     32.910  25.478385     1.5773      6.744   314.1933 1.2371e-01     9.1529      7.030     10.196    13.6565   999.3409 0.0000e+00
      7.170      0.009     2.3546     30.928     32.890  25.468974     1.5688      6.743   314.2728 1.2369e-01     9.1885      7.031     10.198    13.6622   999.3401 0.0000e+00
      7.172      0.009     2.3138     30.961     32.839  25.433920     1.5393      6.742   314.2962 1.2365e-01     9.1997      7.033     10.201    13.6864   999.3368 0.0000e+00
      7.175      0.010     2.2774     31.139     32.839  25.435186     1.5158      6.742   314.2178 1.2362e-01     9.1577      7.036     10.205    13.6999   999.3351 0.0000e+00
      7.177      0.013     2.2508     31.419     32.904  25.484285     1.5093      6.742   314.1002 1.2361e-01     9.1713      7.039     10.209    13.7055   999.3342 0.0000e+00
      7.179      0.015     2.2390     31.724     32.959  25.520053     1.5299      6.742   314.0787 1.2369e-01     9.2334      7.040     10.211    13.7155   999.3329 0.0000e+00
      7.183      0.017     2.2432     32.017     33.014  25.550453     1.5657      6.741   314.1288 1.2374e-01     9.2524      7.043     10.215    13.7236   999.3319 0.0000e+00
      7.189      0.019     2.2554     32.290     33.093  25.598077     1.5779      6.740   314.1905 1.2366e-01     9.2384      7.050     10.225    13.7253   999.3316 0.0000e+00
      7.196      0.019     2.2795     32.505     33.172  25.651780     1.5728      6.739   314.3082 1.2355e-01     9.2278      7.057     10.235    13.7242   999.3318 0.0000e+00
      7.201      0.020     2.3026     32.627     33.228  25.692235     1.5657      6.739   314.4329 1.2352e-01     9.2876      7.062     10.243    13.7158   999.3331 0.0000e+00
      7.206      0.020     2.3239     32.642     33.255  25.706573     1.5440      6.739   314.4949 1.2356e-01     9.4042      7.067     10.250    13.6938   999.3360 0.0000e+00
      7.210      0.019     2.3475     32.576     33.257  25.698254     1.5181      6.738   314.4549 1.2356e-01     9.4579      7.071     10.255    13.6686   999.3395 0.0000e+00
      7.214      0.019     2.3633     32.448     33.293  25.718517     1.5045      6.736   314.3799 1.2359e-01     9.4459      7.074     10.260    13.6587   999.3409 0.0000e+00
      7.219      0.020     2.3738     32.254     33.436  25.824685     1.4913      6.736   314.3623 1.2365e-01     9.4883      7.079     10.267    13.6603   999.3407 0.0000e+00
      7.225      0.022     2.3737     31.997     33.625  25.966867     1.4708      6.735   314.3277 1.2370e-01     9.6102      7.086     10.277    13.6491   999.3421 0.0000e+00
      7.230      0.023     2.3694     31.690     33.810  26.105371     1.4478      6.734   314.2193 1.2375e-01     9.6741      7.090     10.284    13.6312   999.3447 0.0000e+00
      7.236      0.025     2.3613     31.362     33.979  26.230491     1.4309      6.734   314.0848 1.2374e-01     9.6710      7.096     10.292    13.6193   999.3463 0.0000e+00
      7.243      0.026     2.3469     31.024     34.042  26.274289     1.4225      6.733   313.9911 1.2366e-01     9.6715      7.104     10.303    13.6134   999.3471 0.0000e+00
      7.250      0.027     2.3288     30.668     34.023  26.254267     1.4069      6.732   313.9470 1.2364e-01     9.6469      7.109     10.312    13.6110   999.3475 0.0000e+00
      7.257      0.027     2.3051     30.236     34.012  26.242171     1.3886      6.731   313.9820 1.2369e-01     9.6358      7.116     10.320    13.6020   999.3489 0.0000e+00
      7.265      0.026     2.2825     29.676     34.032  26.254924     1.3840      6.730   314.0708 1.2365e-01     9.6686      7.125     10.333    13.5934   999.3501 0.0000e+00
      7.272      0.024     2.2571     29.014     34.070  26.281564     1.3856      6.730   314.0743 1.2360e-01     9.7150      7.133     10.345    13.5884   999.3508 0.0000e+00
      7.278      0.023     2.2338     28.268     34.111  26.310499     1.3905      6.729   314.0238 1.2365e-01     9.8365      7.137     10.351    13.5787   999.3522 0.0000e+00
      7.282      0.021     2.2055     27.474     34.167  26.351008     1.3997      6.727   314.0638 1.2369e-01    10.0235      7.141     10.358    13.5722   999.3530 0.0000e+00
      7.287      0.020     2.1621     26.725     34.220  26.390702     1.4021      6.726   314.1271 1.2369e-01    10.1411      7.146     10.364    13.5689   999.3535 0.0000e+00
      7.292      0.020     2.1145     26.086     34.244  26.409779     1.3928      6.725   314.1004 1.2371e-01    10.1772      7.151     10.371    13.5675   999.3537 0.0000e+00
      7.297      0.021     2.0598     25.567     34.301  26.454786     1.4007      6.723   313.9988 1.2371e-01    10.2298      7.156     10.379    13.5643   999.3541 0.0000e+00
      7.303      0.021     1.9992     25.183     34.431  26.554218     1.4363      6.721   313.9314 1.2367e-01    10.3183      7.161     10.386    13.5568   999.3552 0.0000e+00
      7.309      0.022     1.9426     24.942     34.577  26.660365     1.4588      6.718   313.9740 1.2365e-01    10.3626      7.168     10.396    13.5553   999.3555 0.0000e+00
      7.314      0.023     1.8968     24.795     34.675  26.723105     1.4573      6.717   313.9971 1.2368e-01    10.3726      7.173     10.404    13.5568   999.3553 0.0000e+00
      7.320      0.024     1.8583     24.678     34.718  26.741791     1.4264      6.716   313.9527 1.2369e-01    10.6028      7.177     10.410    13.5604   999.3549 0.0000e+00
      7.326      0.024     1.8291     24.556     34.754  26.759403     1.3709      6.715   313.9544 1.2362e-01    11.0483      7.184     10.421    13.5627   999.3547 0.0000e+00
      7.333      0.024     1.8142     24.391     34.822  26.809145     1.3325      6.713   314.1024 1.2357e-01    11.3028      7.192     10.431    13.5520   999.3562 0.0000e+00
      7.339      0.025     1.8061     24.130     35.017  26.962555     1.3100      6.711   314.2801 1.2360e-01    11.3202      7.197     10.439    13.5305   999.3591 0.0000e+00
      7.345      0.026     1.7991     23.774     35.347  27.218497     1.2885      6.710   314.2106 1.2360e-01    11.4872      7.203     10.447    13.5075   999.3621 0.0000e+00
      7.351      0.027     1.7912     23.365     35.549  27.365942     1.2725      6.709   314.0355 1.2364e-01    11.9127      7.209     10.456    13.4917   999.3643 0.0000e+00
      7.357      0.027     1.7819     22.923     35.464  27.286050     1.2634      6.709   313.9705 1.2368e-01    12.2042      7.214     10.463    13.4863   999.3651 0.0000e+00
      7.365      0.026     1.7623     22.465     35.284  27.140750     1.2568      6.708   313.9409 1.2366e-01    12.2266      7.222     10.474    13.4965   999.3638 0.0000e+00
      7.375      0.025     1.7337     22.008     35.189  27.068363     1.2613      6.706   313.9355 1.2367e-01    12.2495      7.233     10.491    13.5068   999.3627 0.0000e+00
      7.382      0.024     1.7049     21.523     35.154  27.045277     1.3523      6.705   313.9052 1.2366e-01    12.3494      7.240     10.501    13.4903   999.3650 0.0000e+00
      7.386      0.023     1.6731     20.984     35.153  27.051948     1.5251      6.705   313.8318 1.2361e-01    12.4185      7.243     10.506    13.4609   999.3688 0.0000e+00
      7.390      0.021     1.6392     20.455     35.182  27.085583     1.6252      6.704   313.8228 1.2368e-01    12.4299      7.247     10.511    13.4514   999.3700 0.0000e+00
      7.395      0.021     1.6063     20.015     35.239  27.134751     1.6267      6.702   313.7962 1.2368e-01    12.4224      7.252     10.517    13.4582   999.3691 0.0000e+00
      7.401      0.021     1.5732     19.710     35.335  27.202327     1.5777      6.701   313.6829 1.2357e-01    12.7205      7.257     10.525    13.4619   999.3686 0.0000e+00
      7.407      0.022     1.5305     19.558     35.435  27.268183     1.5012      6.699   313.6573 1.2356e-01    13.3470      7.263     10.535    13.4700   999.3676 0.0000e+00
      7.412      0.022     1.4887     19.546     35.483  27.296553     1.4656      6.697   313.6591 1.2362e-01    13.7043      7.269     10.543    13.4940   999.3644 0.0000e+00
      7.418      0.021     1.4560     19.648     35.482  27.291553     1.4587      6.695   313.5324 1.2366e-01    13.7309      7.275     10.551    13.5069   999.3627 0.0000e+00
