Data/DataNotYetUploadedToEDI/Raw_CTD/RawDownloads/102819_fcr50.cnv
* Sea-Bird SBE19plus  Data File:
* FileName = C:\DATA\102819_fcr50_0001.hex
* Software version 2.8.0.119 SB_Terminal.dll
* Temperature SN = 7809
* Conductivity SN = 7809
* System UpLoad Time = Oct 28 2019 15:20:18
* <ApplicationData>
* <Seaterm232>
# nquan = 16
# nvalues = 1078                        
# units = specified
# name 0 = depFM: Depth [fresh water, m]
# name 1 = dz/dtM: Descent Rate [m/s]
# name 2 = sbeox0ML/L: Oxygen, SBE 43 [ml/l]
# name 3 = sbeox0PS: Oxygen, SBE 43 [% saturation]
# name 4 = specc: Specific Conductance [uS/cm]
# name 5 = c0uS/cm: Conductivity [uS/cm]
# name 6 = flECO-AFL: Fluorescence, WET Labs ECO-AFL/FL [mg/m^3]
# name 7 = ph: pH
# name 8 = orp: Oxidation Reduction Potential [mV]
# name 9 = par/sat/log: PAR/Logarithmic, Satlantic
# name 10 = turbWETntu0: Turbidity, WET Labs ECO [NTU]
# name 11 = prdM: Pressure, Strain Gauge [db]
# name 12 = prdE: Pressure, Strain Gauge [psi]
# name 13 = tv290C: Temperature [ITS-90, deg C]
# name 14 = density00: Density [density, kg/m^3]
# name 15 = flag:  0.000e+00
# span 0 =     -0.546,      9.725       
# span 1 =     -0.373,      0.298       
# span 2 =    -0.6407,     7.9452       
# span 3 =     -8.186,    113.603       
# span 4 =      1.456,    274.531       
# span 5 =   1.211174, 212.801189       
# span 6 =    -1.4740,     5.0080       
# span 7 =      6.307,      8.600       
# span 8 =   184.0006,  1227.1451       
# span 9 = 1.2353e-01, 1.8455e+03       
# span 10 =    -0.7387,   189.5126      
# span 11 =     -0.535,      9.538      
# span 12 =     -0.776,     13.833      
# span 13 =    13.7327,    20.6241      
# span 14 =   998.0803,   999.4275      
# span 15 = 0.0000e+00, 0.0000e+00      
# interval = seconds: 0.25
# start_time = Oct 28 2019 12:54:05 [Instrument's time stamp, header]
# bad_flag = -9.990e-29
*END*
[from data line 362]
      0.919      0.064     6.0250     86.931     40.348  32.681763     4.9733      7.304   260.7670 4.6288e+01    12.8640      0.902      1.309    15.5192   999.0431 0.0000e+00
      0.934      0.063     6.0455     86.926     40.343  32.676888     4.9748      7.303   261.0137 4.5326e+01    12.8381      0.917      1.329    15.5095   999.0448 0.0000e+00
      0.947      0.060     6.0628     86.947     40.363  32.693623     4.9593      7.300   260.9149 4.4223e+01    12.8335      0.928      1.346    15.4965   999.0468 0.0000e+00
      0.961      0.056     6.0694     87.006     40.354  32.693711     4.8973      7.298   260.7774 4.2489e+01    12.6105      0.941      1.365    15.4927   999.0474 0.0000e+00
      0.978      0.054     6.0683     87.068     40.325  32.677958     4.7978      7.295   260.5558 4.0484e+01    12.1746      0.960      1.391    15.4991   999.0466 0.0000e+00
      0.994      0.054     6.0670     87.126     40.347  32.693548     4.7447      7.291   260.2998 3.8979e+01    11.9551      0.978      1.418    15.4973   999.0469 0.0000e+00
      1.004      0.055     6.0685     87.212     40.355  32.691833     4.7309      7.286   260.4358 3.7833e+01    11.9549      0.985      1.429    15.4904   999.0480 0.0000e+00
      1.012      0.058     6.0727     87.347     40.316  32.657205     4.7186      7.280   260.9954 3.6187e+01    12.0412      0.989      1.435    15.5044   999.0458 0.0000e+00
      1.027      0.063     6.0747     87.487     40.319  32.655630     4.7175      7.274   261.6455 3.4073e+01    12.2453      1.005      1.458    15.5222   999.0431 0.0000e+00
      1.046      0.069     6.0784     87.593     40.353  32.672782     4.7261      7.269   262.0157 3.2085e+01    12.3908      1.026      1.489    15.5160   999.0442 0.0000e+00
      1.066      0.076     6.0860     87.691     40.368  32.674187     4.7271      7.264   261.6857 3.0265e+01    12.3582      1.045      1.516    15.4966   999.0473 0.0000e+00
      1.087      0.081     6.0966     87.797     40.373  32.672598     4.6253      7.259   260.8395 2.8559e+01    11.6869      1.066      1.546    15.4985   999.0471 0.0000e+00
      1.110      0.082     6.1083     87.898     40.352  32.653573     4.4403      7.254   260.5595 2.7109e+01    10.4689      1.089      1.579    15.4984   999.0472 0.0000e+00
      1.133      0.078     6.1165     87.986     40.330  32.634541     4.3463      7.251   261.0536 2.5866e+01     9.7894      1.111      1.611    15.4798   999.0503 0.0000e+00
      1.154      0.073     6.1250     88.051     40.332  32.632863     4.3288      7.249   261.7381 2.4818e+01     9.6648      1.133      1.643    15.4632   999.0530 0.0000e+00
      1.173      0.066     6.1342     88.090     40.340  32.633279     4.2814      7.247   262.2097 2.4097e+01     9.4535      1.152      1.671    15.4577   999.0539 0.0000e+00
      1.189      0.057     6.1406     88.095     40.356  32.639574     4.2153      7.247   262.1101 2.3585e+01     9.1360      1.166      1.691    15.4580   999.0539 0.0000e+00
      1.202      0.048     6.1480     88.036     40.371  32.645499     4.1889      7.247   261.6528 2.3275e+01     8.9721      1.180      1.711    15.4555   999.0543 0.0000e+00
      1.212      0.042     6.1525     87.896     40.376  32.641448     4.2053      7.246   261.4123 2.3263e+01     9.0122      1.191      1.727    15.4541   999.0546 0.0000e+00
      1.219      0.039     6.1565     87.674     40.400  32.654041     4.2566      7.244   261.4393 2.3313e+01     9.3251      1.195      1.733    15.4444   999.0561 0.0000e+00
      1.226      0.039     6.1592     87.374     40.426  32.670829     4.3326      7.242   261.8076 2.3246e+01     9.8715      1.201      1.742    15.4350   999.0576 0.0000e+00
      1.236      0.041     6.1562     87.006     40.412  32.654043     4.3783      7.239   262.5090 2.3140e+01    10.2116      1.212      1.758    15.4298   999.0586 0.0000e+00
      1.247      0.044     6.1477     86.594     40.407  32.641453     4.3846      7.235   262.8642 2.2962e+01    10.2585      1.222      1.773    15.4172   999.0606 0.0000e+00
      1.259      0.049     6.1338     86.180     40.420  32.645520     4.3741      7.233   262.7471 2.2649e+01    10.1758      1.234      1.789    15.4069   999.0622 0.0000e+00
      1.274      0.054     6.1128     85.812     40.419  32.639751     4.3382      7.232   262.7276 2.2319e+01     9.8676      1.249      1.812    15.4049   999.0626 0.0000e+00
      1.287      0.058     6.0869     85.538     40.426  32.635156     4.2884      7.229   262.9726 2.2045e+01     9.4155      1.263      1.832    15.4010   999.0633 0.0000e+00
      1.301      0.060     6.0592     85.421     40.469  32.653414     4.2663      7.227   263.3001 2.1623e+01     9.1997      1.274      1.847    15.3857   999.0657 0.0000e+00
      1.318      0.060     6.0298     85.441     40.507  32.670100     4.2528      7.226   263.5910 2.1002e+01     9.1920      1.291      1.872    15.3751   999.0675 0.0000e+00
      1.336      0.060     6.0038     85.566     40.497  32.646496     4.1428      7.225   263.9949 2.0456e+01     8.8967      1.312      1.903    15.3779   999.0671 0.0000e+00
      1.351      0.060     5.9829     85.801     40.495  32.621848     3.9509      7.222   264.4838 2.0019e+01     8.2838      1.325      1.923    15.3651   999.0692 0.0000e+00
      1.365      0.060     5.9796     86.098     40.533  32.625904     3.8479      7.220   264.6837 1.9543e+01     7.9095      1.338      1.941    15.3365   999.0736 0.0000e+00
      1.379      0.059     5.9851     86.402     40.576  32.632038     3.8345      7.219   264.6048 1.9011e+01     7.8779      1.352      1.961    15.3226   999.0758 0.0000e+00
      1.393      0.059     5.9927     86.658     40.613  32.632528     3.7282      7.217   264.5621 1.8414e+01     7.9010      1.365      1.981    15.3107   999.0777 0.0000e+00
      1.409      0.060     6.0167     86.838     40.644  32.631791     3.5250      7.213   264.6835 1.7772e+01     7.8945      1.383      2.005    15.2759   999.0832 0.0000e+00
      1.426      0.060     6.0426     86.998     40.658  32.623091     3.4149      7.209   265.2121 1.7147e+01     7.8979      1.399      2.028    15.2414   999.0886 0.0000e+00
      1.441      0.061     6.0693     87.169     40.639  32.590776     3.4021      7.207   266.0505 1.6537e+01     7.8766      1.413      2.049    15.2099   999.0935 0.0000e+00
      1.457      0.062     6.0949     87.339     40.624  32.558366     3.3450      7.204   266.4746 1.5966e+01     7.6375      1.428      2.071    15.1698   999.0997 0.0000e+00
      1.472      0.063     6.1084     87.537     40.658  32.548509     3.2363      7.202   266.2960 1.5490e+01     7.2340      1.445      2.096    15.1357   999.1050 0.0000e+00
      1.487      0.064     6.1224     87.802     40.707  32.535013     3.1713      7.199   265.8697 1.5044e+01     6.9962      1.459      2.116    15.1143   999.1084 0.0000e+00
      1.502      0.066     6.1379     88.145     40.756  32.522037     3.1649      7.196   265.7077 1.4487e+01     6.9583      1.471      2.134    15.0941   999.1115 0.0000e+00
      1.521      0.068     6.1514     88.585     40.825  32.518480     3.1860      7.193   266.1447 1.3922e+01     6.8752      1.492      2.165    15.0768   999.1142 0.0000e+00
      1.540      0.068     6.1690     89.124     40.875  32.491939     3.2350      7.191   266.9363 1.3498e+01     6.6793      1.512      2.192    15.0362   999.1204 0.0000e+00
      1.558      0.067     6.1994     89.701     40.897  32.454899     3.2720      7.189   267.4501 1.3118e+01     6.5233      1.527      2.214    14.9522   999.1331 0.0000e+00
      1.576      0.064     6.2307     90.277     40.945  32.451339     3.2783      7.188   267.3669 1.2771e+01     6.4635      1.546      2.243    14.8972   999.1415 0.0000e+00
      1.594      0.059     6.2688     90.842     40.990  32.448836     3.2760      7.185   267.0490 1.2505e+01     6.4475      1.563      2.267    14.8348   999.1509 0.0000e+00
      1.609      0.053     6.3244     91.364     40.993  32.424600     3.2709      7.183   266.9621 1.2297e+01     6.3301      1.578      2.289    14.7298   999.1665 0.0000e+00
      1.621      0.047     6.3745     91.846     40.994  32.412108     3.2589      7.182   267.1761 1.2146e+01     6.0594      1.591      2.308    14.6684   999.1756 0.0000e+00
      1.631      0.041     6.4205     92.303     41.021  32.424705     3.2442      7.181   267.5717 1.2064e+01     5.8621      1.600      2.321    14.6288   999.1815 0.0000e+00
      1.639      0.038     6.4705     92.730     41.061  32.449977     3.2312      7.179   267.9596 1.2029e+01     5.8123      1.608      2.332    14.5711   999.1899 0.0000e+00
      1.646      0.036     6.5120     93.129     41.084  32.463822     3.1971      7.178   268.1666 1.1999e+01     5.8517      1.614      2.342    14.5381   999.1948 0.0000e+00
      1.654      0.036     6.5465     93.496     41.094  32.465175     3.1447      7.176   268.1814 1.1973e+01     5.9773      1.622      2.353    14.5291   999.1962 0.0000e+00
      1.664      0.037     6.5818     93.865     41.115  32.466331     3.1176      7.174   268.0526 1.1938e+01     6.0854      1.631      2.366    14.5190   999.1977 0.0000e+00
      1.676      0.039     6.6127     94.263     41.154  32.477778     3.1124      7.172   267.8997 1.1913e+01     6.1099      1.644      2.384    14.5087   999.1992 0.0000e+00
      1.687      0.041     6.6425     94.643     41.173  32.476628     3.1077      7.171   267.7951 1.1942e+01     6.1427      1.657      2.403    14.5065   999.1996 0.0000e+00
      1.696      0.042     6.6678     94.968     41.163  32.452409     3.1044      7.169   267.8208 1.1965e+01     6.2201      1.663      2.412    14.5048   999.1999 0.0000e+00
      1.706      0.044     6.6960     95.231     41.163  32.438784     3.1073      7.166   268.0382 1.1920e+01     6.2596      1.671      2.423    14.4788   999.2036 0.0000e+00
      1.717      0.046     6.7308     95.425     41.182  32.438784     3.1082      7.164   268.4451 1.1861e+01     6.2267      1.685      2.444    14.4530   999.2075 0.0000e+00
      1.729      0.048     6.7610     95.580     41.219  32.452395     3.0724      7.164   268.7825 1.1804e+01     6.1500      1.696      2.461    14.4366   999.2099 0.0000e+00
      1.742      0.050     6.7874     95.728     41.264  32.476417     3.0119      7.163   268.5040 1.1701e+01     6.0850      1.708      2.478    14.4130   999.2133 0.0000e+00
      1.756      0.051     6.8087     95.840     41.273  32.475367     2.9835      7.161   268.0029 1.1568e+01     6.0638      1.723      2.499    14.4020   999.2150 0.0000e+00
      1.770      0.051     6.8247     95.883     41.232  32.439695     2.9718      7.158   268.0575 1.1430e+01     6.0252      1.736      2.518    14.3825   999.2179 0.0000e+00
      1.784      0.050     6.8376     95.879     41.217  32.425868     2.7491      7.156   268.4771 1.1300e+01     5.7816      1.750      2.537    14.3571   999.2216 0.0000e+00
      1.798      0.049     6.8512     95.884     41.237  32.435109     2.3194      7.154   268.9466 1.1190e+01     5.3800      1.764      2.557    14.3487   999.2229 0.0000e+00
      1.809      0.048     6.8619     95.932     41.239  32.424499     2.0849      7.152   269.2606 1.1081e+01     5.1671      1.775      2.574    14.3363   999.2247 0.0000e+00
      1.819      0.046     6.8649     96.054     41.256  32.424491     2.0732      7.149   269.1755 1.0928e+01     5.1414      1.783      2.585    14.3331   999.2251 0.0000e+00
      1.831      0.046     6.8625     96.244     41.280  32.434989     2.0747      7.148   268.7779 1.0732e+01     5.1344      1.795      2.603    14.3347   999.2250 0.0000e+00
      1.844      0.047     6.8631     96.380     41.275  32.424502     2.0767      7.148   268.4965 1.0548e+01     5.0836      1.809      2.625    14.3277   999.2261 0.0000e+00
      1.855      0.048     6.8689     96.379     41.280  32.424607     2.0965      7.146   268.6126 1.0393e+01     4.9531      1.818      2.637    14.3110   999.2285 0.0000e+00
      1.865      0.048     6.8788     96.224     41.296  32.436248     2.1230      7.143   268.8914 1.0233e+01     4.8680      1.828      2.651    14.2888   999.2317 0.0000e+00
      1.878      0.046     6.8992     95.836     41.299  32.438337     2.1373      7.142   269.0283 1.0030e+01     4.8730      1.841      2.670    14.2821   999.2327 0.0000e+00
      1.893      0.043     6.9119     95.124     41.316  32.449866     2.1488      7.141   269.0631 9.8093e+00     4.8832      1.856      2.692    14.2757   999.2337 0.0000e+00
      1.906      0.040     6.9116     94.036     41.320  32.448711     2.1665      7.140   269.0535 9.6573e+00     4.8930      1.870      2.713    14.2676   999.2348 0.0000e+00
      1.915      0.037     6.9032     92.556     41.298  32.424379     2.1772      7.137   268.9982 9.5907e+00     4.8921      1.879      2.725    14.2700   999.2346 0.0000e+00
      1.921      0.036     6.8779     90.751     41.288  32.409494     2.1747      7.135   268.9968 9.5283e+00     4.8722      1.884      2.731    14.2706   999.2346 0.0000e+00
      1.927      0.036     6.8285     88.784     41.278  32.395658     2.1279      7.134   269.0372 9.4385e+00     4.8172      1.890      2.741    14.2666   999.2352 0.0000e+00
      1.935      0.039     6.7517     86.764     41.271  32.384007     2.0530      7.132   269.0564 9.3492e+00     4.7182      1.897      2.751    14.2626   999.2358 0.0000e+00
      1.945      0.046     6.6461     84.716     41.293  32.395537     2.0147      7.131   269.1429 9.2352e+00     4.6583      1.907      2.765    14.2540   999.2370 0.0000e+00
      1.958      0.054     6.5121     82.751     41.316  32.408133     2.0022      7.130   269.3946 9.1012e+00     4.6508      1.921      2.786    14.2447   999.2384 0.0000e+00
      1.973      0.060     6.3685     80.995     41.324  32.409372     1.9985      7.129   269.6901 8.9722e+00     4.7910      1.934      2.805    14.2377   999.2394 0.0000e+00
      1.990      0.064     6.2270     79.478     41.331  32.410517     2.0040      7.128   269.8768 8.8194e+00     5.0429      1.950      2.830    14.2302   999.2405 0.0000e+00
      2.010      0.065     6.0766     78.198     41.354  32.421971     2.0084      7.126   269.9315 8.6510e+00     5.1402      1.972      2.859    14.2236   999.2416 0.0000e+00
      2.029      0.063     5.9322     77.122     41.363  32.420924     2.0082      7.124   270.0073 8.5000e+00     5.1478      1.991      2.887    14.2160   999.2427 0.0000e+00
      2.046      0.058     5.8081     76.193     41.343  32.397859     1.9668      7.122   270.1917 8.3885e+00     5.1023      2.007      2.911    14.2097   999.2437 0.0000e+00
      2.060      0.052     5.6986     75.421     41.350  32.396925     1.8804      7.120   270.2675 8.3173e+00     4.9182      2.021      2.931    14.2053   999.2445 0.0000e+00
      2.072      0.044     5.6090     74.879     41.374  32.409617     1.8218      7.118   270.2355 8.2728e+00     4.7570      2.033      2.948    14.1976   999.2457 0.0000e+00
      2.082      0.038     5.5347     74.545     41.400  32.424389     1.8136      7.118   270.2356 8.2440e+00     4.6928      2.042      2.962    14.1866   999.2472 0.0000e+00
      2.090      0.033     5.4699     74.343     41.438  32.448610     1.8158      7.117   270.2679 8.2209e+00     4.6669      2.050      2.974    14.1776   999.2485 0.0000e+00
      2.097      0.029     5.4111     74.253     41.444  32.448619     1.7355      7.116   270.3679 8.2022e+00     4.6734      2.057      2.983    14.1706   999.2495 0.0000e+00
      2.102      0.027     5.3740     74.248     41.419  32.424496     1.5713      7.115   270.4133 8.1903e+00     4.7049      2.062      2.990    14.1637   999.2505 0.0000e+00
