Data/DataNotYetUploadedToEDI/Raw_CTD/RawDownloads/102819_fcr50.cnv
* Sea-Bird SBE19plus  Data File:
* FileName = C:\DATA\102819_fcr50_0001.hex
* Software version 2.8.0.119 SB_Terminal.dll
* Temperature SN = 7809
* Conductivity SN = 7809
* System UpLoad Time = Oct 28 2019 15:20:18
* <ApplicationData>
* <Seaterm232>
# nquan = 16
# nvalues = 1078                        
# units = specified
# name 0 = depFM: Depth [fresh water, m]
# name 1 = dz/dtM: Descent Rate [m/s]
# name 2 = sbeox0ML/L: Oxygen, SBE 43 [ml/l]
# name 3 = sbeox0PS: Oxygen, SBE 43 [% saturation]
# name 4 = specc: Specific Conductance [uS/cm]
# name 5 = c0uS/cm: Conductivity [uS/cm]
# name 6 = flECO-AFL: Fluorescence, WET Labs ECO-AFL/FL [mg/m^3]
# name 7 = ph: pH
# name 8 = orp: Oxidation Reduction Potential [mV]
# name 9 = par/sat/log: PAR/Logarithmic, Satlantic
# name 10 = turbWETntu0: Turbidity, WET Labs ECO [NTU]
# name 11 = prdM: Pressure, Strain Gauge [db]
# name 12 = prdE: Pressure, Strain Gauge [psi]
# name 13 = tv290C: Temperature [ITS-90, deg C]
# name 14 = density00: Density [density, kg/m^3]
# name 15 = flag:  0.000e+00
# span 0 =     -0.546,      9.725       
# span 1 =     -0.373,      0.298       
# span 2 =    -0.6407,     7.9452       
# span 3 =     -8.186,    113.603       
# span 4 =      1.456,    274.531       
# span 5 =   1.211174, 212.801189       
# span 6 =    -1.4740,     5.0080       
# span 7 =      6.307,      8.600       
# span 8 =   184.0006,  1227.1451       
# span 9 = 1.2353e-01, 1.8455e+03       
# span 10 =    -0.7387,   189.5126      
# span 11 =     -0.535,      9.538      
# span 12 =     -0.776,     13.833      
# span 13 =    13.7327,    20.6241      
# span 14 =   998.0803,   999.4275      
# span 15 = 0.0000e+00, 0.0000e+00      
# interval = seconds: 0.25
# start_time = Oct 28 2019 12:54:05 [Instrument's time stamp, header]
# bad_flag = -9.990e-29
*END*
[from data line 452]
      2.116      0.024     5.3392     74.484     41.402  32.409642     1.4542      7.114   270.3796 8.1590e+00     4.7021      2.075      3.009    14.1501   999.2525 0.0000e+00
      2.123      0.024     5.3356     74.662     41.405  32.410787     1.4952      7.112   270.4246 8.1135e+00     4.7395      2.083      3.020    14.1430   999.2536 0.0000e+00
      2.129      0.025     5.3363     74.787     41.426  32.424623     1.5566      7.111   270.5855 8.0898e+00     4.8782      2.088      3.029    14.1380   999.2544 0.0000e+00
      2.134      0.026     5.3392     74.848     41.462  32.450006     1.5801      7.109   270.6905 8.0678e+00     4.9711      2.091      3.034    14.1365   999.2545 0.0000e+00
      2.140      0.028     5.3547     74.814     41.483  32.463843     1.5887      7.108   270.5751 8.0206e+00     4.9441      2.097      3.041    14.1363   999.2545 0.0000e+00
      2.147      0.031     5.3701     74.701     41.487  32.464998     1.6089      7.106   270.3949 7.9621e+00     4.8470      2.106      3.054    14.1351   999.2547 0.0000e+00
      2.155      0.034     5.3774     74.527     41.488  32.463968     1.6340      7.105   270.4047 7.9039e+00     4.7479      2.113      3.065    14.1325   999.2551 0.0000e+00
      2.165      0.038     5.3852     74.330     41.475  32.451391     1.6488      7.105   270.6069 7.8370e+00     4.6954      2.123      3.077    14.1288   999.2557 0.0000e+00
      2.176      0.042     5.3814     74.205     41.465  32.439854     1.6411      7.104   270.6891 7.7575e+00     4.6715      2.134      3.095    14.1251   999.2563 0.0000e+00
      2.186      0.045     5.3730     74.161     41.484  32.451393     1.6019      7.102   270.6244 7.6710e+00     4.6233      2.143      3.109    14.1228   999.2567 0.0000e+00
      2.198      0.048     5.3616     74.133     41.504  32.463982     1.5472      7.100   270.8570 7.5706e+00     4.5374      2.154      3.124    14.1213   999.2569 0.0000e+00
      2.211      0.051     5.3425     74.097     41.507  32.465136     1.5267      7.099   271.2645 7.4669e+00     4.4850      2.169      3.146    14.1186   999.2573 0.0000e+00
      2.225      0.055     5.3348     74.067     41.509  32.465346     1.5264      7.097   271.3362 7.3774e+00     4.4819      2.182      3.165    14.1142   999.2580 0.0000e+00
      2.238      0.057     5.3346     74.039     41.514  32.466520     1.5178      7.096   271.2930 7.2847e+00     4.5980      2.193      3.182    14.1090   999.2589 0.0000e+00
      2.253      0.059     5.3336     73.998     41.535  32.479317     1.5187      7.094   271.3445 7.1620e+00     4.8075      2.207      3.202    14.1059   999.2593 0.0000e+00
      2.270      0.061     5.3301     73.957     41.557  32.493154     1.5285      7.092   271.2708 7.0283e+00     4.9178      2.226      3.229    14.1047   999.2596 0.0000e+00
      2.287      0.061     5.3283     73.913     41.579  32.506895     1.5315      7.091   271.5204 6.9148e+00     4.9484      2.244      3.254    14.1029   999.2600 0.0000e+00
      2.302      0.061     5.3280     73.879     41.598  32.518529     1.5299      7.089   272.2971 6.8076e+00     4.9476      2.257      3.273    14.1003   999.2604 0.0000e+00
      2.318      0.060     5.3238     73.879     41.587  32.506898     1.5697      7.086   272.7469 6.6845e+00     4.9083      2.272      3.295    14.0959   999.2611 0.0000e+00
      2.333      0.058     5.3224     73.873     41.573  32.493178     1.6481      7.084   272.7426 6.5655e+00     4.8993      2.290      3.321    14.0912   999.2618 0.0000e+00
      2.348      0.056     5.3195     73.830     41.560  32.479560     1.6894      7.084   272.5021 6.4691e+00     4.9052      2.302      3.339    14.0868   999.2625 0.0000e+00
      2.361      0.055     5.3158     73.771     41.551  32.469167     1.6963      7.082   272.1634 6.3620e+00     4.8810      2.314      3.357    14.0832   999.2631 0.0000e+00
      2.376      0.052     5.3180     73.688     41.587  32.494438     1.7045      7.080   272.4327 6.2334e+00     4.8684      2.330      3.379    14.0802   999.2636 0.0000e+00
      2.390      0.049     5.3196     73.578     41.637  32.531255     1.7021      7.078   273.1774 6.1120e+00     4.8835      2.343      3.399    14.0757   999.2643 0.0000e+00
      2.402      0.045     5.3147     73.470     41.642  32.533555     1.6855      7.077   273.5954 6.0123e+00     4.9000      2.356      3.417    14.0714   999.2649 0.0000e+00
      2.413      0.042     5.3123     73.367     41.629  32.522240     1.6767      7.075   273.7019 5.9312e+00     4.9045      2.367      3.433    14.0679   999.2654 0.0000e+00
      2.422      0.041     5.3070     73.272     41.632  32.521368     1.6298      7.074   273.7758 5.8534e+00     4.8388      2.376      3.447    14.0640   999.2660 0.0000e+00
      2.430      0.041     5.2976     73.197     41.638  32.523001     1.5268      7.071   273.8009 5.7629e+00     4.7285      2.383      3.457    14.0612   999.2664 0.0000e+00
      2.439      0.042     5.2908     73.122     41.666  32.541988     1.4624      7.068   273.8335 5.6618e+00     4.6859      2.390      3.468    14.0602   999.2666 0.0000e+00
      2.450      0.044     5.2832     73.001     41.694  32.560544     1.4575      7.066   273.9975 5.5556e+00     4.6837      2.401      3.483    14.0588   999.2668 0.0000e+00
      2.463      0.047     5.2763     72.841     41.693  32.556969     1.4940      7.065   274.2353 5.4397e+00     4.7352      2.416      3.504    14.0558   999.2674 0.0000e+00
      2.477      0.050     5.2712     72.679     41.703  32.562225     1.5485      7.063   274.3851 5.3122e+00     4.8171      2.430      3.524    14.0518   999.2680 0.0000e+00
      2.490      0.051     5.2692     72.544     41.704  32.560622     1.5790      7.061   274.5181 5.1859e+00     4.8215      2.442      3.542    14.0477   999.2686 0.0000e+00
      2.502      0.051     5.2601     72.451     41.676  32.537590     1.5939      7.059   274.6395 5.0741e+00     4.8215      2.454      3.559    14.0432   999.2694 0.0000e+00
      2.515      0.049     5.2474     72.376     41.677  32.537586     1.5979      7.059   274.3900 4.9559e+00     4.7520      2.466      3.577    14.0397   999.2699 0.0000e+00
      2.530      0.046     5.2360     72.296     41.707  32.560576     1.5929      7.057   273.8255 4.8226e+00     4.5703      2.481      3.599    14.0373   999.2703 0.0000e+00
      2.544      0.042     5.2251     72.231     41.709  32.561722     1.5854      7.055   273.5778 4.6972e+00     4.4595      2.495      3.619    14.0345   999.2707 0.0000e+00
      2.554      0.038     5.2199     72.194     41.697  32.551432     1.5777      7.055   273.8913 4.6186e+00     4.4282      2.505      3.634    14.0332   999.2709 0.0000e+00
      2.561      0.036     5.2156     72.145     41.712  32.563083     1.5691      7.055   274.4321 4.5796e+00     4.4221      2.512      3.644    14.0323   999.2711 0.0000e+00
      2.566      0.035     5.2090     72.046     41.729  32.575681     1.5331      7.053   274.6954 4.5326e+00     4.4509      2.515      3.648    14.0311   999.2713 0.0000e+00
      2.574      0.034     5.2034     71.902     41.730  32.576826     1.4802      7.051   274.4078 4.4648e+00     4.4813      2.522      3.658    14.0305   999.2714 0.0000e+00
      2.585      0.034     5.2026     71.739     41.731  32.576931     1.4589      7.050   273.8796 4.3912e+00     4.4623      2.535      3.676    14.0299   999.2715 0.0000e+00
      2.596      0.035     5.2003     71.571     41.734  32.576942     1.4573      7.050   273.6432 4.3450e+00     4.4182      2.547      3.693    14.0297   999.2717 0.0000e+00
      2.605      0.036     5.1929     71.418     41.737  32.576947     1.4348      7.050   273.7010 4.3158e+00     4.4063      2.556      3.706    14.0296   999.2717 0.0000e+00
      2.613      0.037     5.1814     71.302     41.740  32.576998     1.4029      7.050   273.8046 4.2833e+00     4.4164      2.563      3.717    14.0295   999.2718 0.0000e+00
      2.620      0.039     5.1698     71.217     41.743  32.577562     1.3927      7.049   274.0356 4.2518e+00     4.4423      2.570      3.727    14.0287   999.2719 0.0000e+00
      2.629      0.043     5.1574     71.181     41.752  32.583752     1.3897      7.047   274.2564 4.2135e+00     4.4576      2.576      3.737    14.0266   999.2722 0.0000e+00
      2.639      0.049     5.1456     71.215     41.758  32.588377     1.3842      7.045   274.2373 4.1673e+00     4.5033      2.587      3.752    14.0234   999.2727 0.0000e+00
      2.653      0.055     5.1385     71.281     41.734  32.570032     1.3957      7.043   274.2353 4.1135e+00     4.6335      2.601      3.771    14.0203   999.2732 0.0000e+00
      2.669      0.062     5.1322     71.334     41.709  32.552319     1.4067      7.040   274.3175 4.0541e+00     4.6890      2.617      3.795    14.0184   999.2736 0.0000e+00
      2.686      0.067     5.1282     71.368     41.723  32.564596     1.3964      7.039   274.3709 3.9846e+00     4.6497      2.634      3.821    14.0168   999.2739 0.0000e+00
      2.705      0.070     5.1324     71.374     41.757  32.591549     1.3757      7.037   274.4505 3.8869e+00     4.6177      2.651      3.845    14.0164   999.2740 0.0000e+00
      2.725      0.071     5.1388     71.350     41.801  32.624359     1.3554      7.035   274.6785 3.7909e+00     4.5632      2.673      3.877    14.0178   999.2739 0.0000e+00
      2.745      0.070     5.1414     71.308     41.829  32.643990     1.3419      7.034   274.9767 3.7388e+00     4.5156      2.693      3.906    14.0198   999.2736 0.0000e+00
      2.762      0.067     5.1444     71.261     41.825  32.638515     1.3330      7.031   275.1310 3.6988e+00     4.4676      2.708      3.927    14.0222   999.2734 0.0000e+00
      2.779      0.062     5.1447     71.214     41.806  32.621628     1.3437      7.029   275.2531 3.6353e+00     4.3764      2.726      3.953    14.0226   999.2735 0.0000e+00
      2.795      0.056     5.1430     71.185     41.819  32.630192     1.3842      7.028   275.3343 3.5689e+00     4.2981      2.743      3.977    14.0206   999.2740 0.0000e+00
      2.808      0.049     5.1399     71.211     41.884  32.678598     1.4154      7.027   275.2525 3.5217e+00     4.2414      2.754      3.994    14.0181   999.2743 0.0000e+00
      2.820      0.044     5.1363     71.263     41.912  32.699208     1.4096      7.025   275.3828 3.4766e+00     4.2152      2.766      4.012    14.0149   999.2748 0.0000e+00
      2.830      0.042     5.1339     71.308     41.901  32.688985     1.3918      7.024   275.7907 3.4289e+00     4.2769      2.778      4.028    14.0119   999.2753 0.0000e+00
      2.837      0.042     5.1292     71.348     41.893  32.681919     1.3738      7.024   275.9690 3.3904e+00     4.3979      2.782      4.037    14.0101   999.2755 0.0000e+00
      2.844      0.043     5.1333     71.371     41.888  32.677234     1.3475      7.023   275.9893 3.3396e+00     4.4654      2.788      4.044    14.0078   999.2759 0.0000e+00
      2.856      0.044     5.1390     71.398     41.912  32.695804     1.3331      7.021   275.9500 3.2685e+00     4.4371      2.799      4.058    14.0053   999.2763 0.0000e+00
      2.871      0.045     5.1403     71.433     41.939  32.716058     1.3304      7.021   275.8388 3.1929e+00     4.4168      2.814      4.082    14.0042   999.2765 0.0000e+00
      2.886      0.047     5.1459     71.448     41.960  32.731734     1.2976      7.021   275.9351 3.1294e+00     4.4489      2.831      4.106    14.0030   999.2767 0.0000e+00
      2.898      0.047     5.1452     71.449     41.996  32.758419     1.2484      7.021   276.0824 3.0876e+00     4.4648      2.843      4.123    14.0025   999.2768 0.0000e+00
      2.908      0.046     5.1475     71.451     42.031  32.784859     1.2303      7.019   276.1565 3.0451e+00     4.4449      2.850      4.134    14.0025   999.2769 0.0000e+00
      2.918      0.043     5.1516     71.443     42.049  32.797554     1.2260      7.018   276.2293 2.9931e+00     4.4050      2.860      4.150    14.0016   999.2771 0.0000e+00
      2.929      0.041     5.1519     71.400     42.035  32.784984     1.2222      7.017   276.1868 2.9319e+00     4.3426      2.873      4.168    14.0002   999.2774 0.0000e+00
      2.941      0.040     5.1520     71.338     42.004  32.759811     1.2275      7.016   276.0732 2.8609e+00     4.2813      2.883      4.181    13.9994   999.2775 0.0000e+00
      2.951      0.039     5.1519     71.268     41.988  32.747036     1.2296      7.014   275.9743 2.8131e+00     4.2534      2.894      4.197    13.9977   999.2778 0.0000e+00
      2.960      0.036     5.1542     71.206     42.001  32.757440     1.2221      7.013   275.8525 2.7860e+00     4.2342      2.904      4.212    13.9949   999.2782 0.0000e+00
      2.968      0.034     5.1489     71.172     42.004  32.758680     1.2401      7.011   275.8050 2.7580e+00     4.2133      2.911      4.222    13.9935   999.2785 0.0000e+00
      2.976      0.032     5.1453     71.149     42.009  32.762036     1.2914      7.011   275.9162 2.7330e+00     4.2297      2.919      4.234    13.9924   999.2787 0.0000e+00
      2.985      0.032     5.1398     71.128     42.057  32.798016     1.3217      7.011   275.9921 2.7074e+00     4.2352      2.927      4.245    13.9922   999.2787 0.0000e+00
      2.992      0.032     5.1336     71.112     42.077  32.812933     1.3289      7.011   275.9485 2.6783e+00     4.2149      2.934      4.255    13.9931   999.2786 0.0000e+00
      3.000      0.035     5.1331     71.097     42.081  32.815471     1.3783      7.011   275.9905 2.6418e+00     4.2467      2.941      4.265    13.9925   999.2788 0.0000e+00
      3.008      0.041     5.1311     71.079     42.098  32.828698     1.4684      7.011   276.1556 2.6082e+00     4.3246      2.951      4.279    13.9906   999.2790 0.0000e+00
      3.017      0.049     5.1300     71.062     42.122  32.845932     1.5092      7.009   276.3106 2.5848e+00     4.4027      2.959      4.291    13.9891   999.2793 0.0000e+00
      3.028      0.057     5.1285     71.022     42.188  32.896923     1.5071      7.005   276.4020 2.5477e+00     4.4379      2.967      4.303    13.9885   999.2794 0.0000e+00
      3.044      0.063     5.1284     70.970     42.243  32.937516     1.5122      7.002   276.4004 2.4858e+00     4.4228      2.982      4.326    13.9879   999.2796 0.0000e+00
      3.067      0.066     5.1258     70.939     42.270  32.955962     1.4492      6.999   276.3769 2.4239e+00     4.3830      3.008      4.363    13.9871   999.2799 0.0000e+00
      3.089      0.067     5.1264     70.891     42.321  32.993020     1.3263      6.997   276.4622 2.3870e+00     4.3178      3.031      4.396    13.9862   999.2801 0.0000e+00
      3.106      0.064     5.1238     70.823     42.341  33.004808     1.2747      6.996   276.6573 2.3604e+00     4.2570      3.046      4.418    13.9853   999.2803 0.0000e+00
      3.121      0.058     5.1173     70.779     42.304  32.971562     1.2849      6.995   276.8437 2.3253e+00     4.2376      3.062      4.440    13.9828   999.2808 0.0000e+00
      3.134      0.051     5.1186     70.751     42.307  32.971814     1.2852      6.995   276.9087 2.2998e+00     4.2470      3.074      4.459    13.9799   999.2812 0.0000e+00
      3.144      0.044     5.1153     70.716     42.356  33.007850     1.2785      6.994   276.9272 2.2818e+00     4.2398      3.083      4.472    13.9770   999.2817 0.0000e+00
      3.155      0.039     5.1084     70.676     42.381  33.026487     1.2817      6.993   276.9812 2.2563e+00     4.2165      3.092      4.485    13.9715   999.2825 0.0000e+00
      3.165      0.035     5.1072     70.612     42.439  33.070230     1.2887      6.992   276.9595 2.2359e+00     4.2273      3.105      4.504    13.9658   999.2833 0.0000e+00
      3.174      0.034     5.1061     70.517     42.552  33.155959     1.3121      6.992   276.9230 2.2236e+00     4.2390      3.114      4.515    13.9636   999.2837 0.0000e+00
