Data/DataNotYetUploadedToEDI/Raw_CTD/RawDownloads/102819_fcr50.cnv
* Sea-Bird SBE19plus  Data File:
* FileName = C:\DATA\102819_fcr50_0001.hex
* Software version 2.8.0.119 SB_Terminal.dll
* Temperature SN = 7809
* Conductivity SN = 7809
* System UpLoad Time = Oct 28 2019 15:20:18
* <ApplicationData>
* <Seaterm232>
# nquan = 16
# nvalues = 1078                        
# units = specified
# name 0 = depFM: Depth [fresh water, m]
# name 1 = dz/dtM: Descent Rate [m/s]
# name 2 = sbeox0ML/L: Oxygen, SBE 43 [ml/l]
# name 3 = sbeox0PS: Oxygen, SBE 43 [% saturation]
# name 4 = specc: Specific Conductance [uS/cm]
# name 5 = c0uS/cm: Conductivity [uS/cm]
# name 6 = flECO-AFL: Fluorescence, WET Labs ECO-AFL/FL [mg/m^3]
# name 7 = ph: pH
# name 8 = orp: Oxidation Reduction Potential [mV]
# name 9 = par/sat/log: PAR/Logarithmic, Satlantic
# name 10 = turbWETntu0: Turbidity, WET Labs ECO [NTU]
# name 11 = prdM: Pressure, Strain Gauge [db]
# name 12 = prdE: Pressure, Strain Gauge [psi]
# name 13 = tv290C: Temperature [ITS-90, deg C]
# name 14 = density00: Density [density, kg/m^3]
# name 15 = flag:  0.000e+00
# span 0 =     -0.546,      9.725       
# span 1 =     -0.373,      0.298       
# span 2 =    -0.6407,     7.9452       
# span 3 =     -8.186,    113.603       
# span 4 =      1.456,    274.531       
# span 5 =   1.211174, 212.801189       
# span 6 =    -1.4740,     5.0080       
# span 7 =      6.307,      8.600       
# span 8 =   184.0006,  1227.1451       
# span 9 = 1.2353e-01, 1.8455e+03       
# span 10 =    -0.7387,   189.5126      
# span 11 =     -0.535,      9.538      
# span 12 =     -0.776,     13.833      
# span 13 =    13.7327,    20.6241      
# span 14 =   998.0803,   999.4275      
# span 15 = 0.0000e+00, 0.0000e+00      
# interval = seconds: 0.25
# start_time = Oct 28 2019 12:54:05 [Instrument's time stamp, header]
# bad_flag = -9.990e-29
*END*
[from data line 904]
      7.751      0.063     4.5621     63.143     49.323  38.218498     0.7215      6.574   293.3795 1.2375e-01     9.2246      7.601     11.024    13.7389   999.3379 0.0000e+00
      7.770      0.063     4.5650     63.145     49.325  38.219529     0.7310      6.574   293.8727 1.2371e-01     9.2060      7.621     11.054    13.7390   999.3380 0.0000e+00
      7.788      0.061     4.5695     63.103     49.341  38.232110     0.7234      6.574   294.1825 1.2363e-01     9.1913      7.637     11.077    13.7392   999.3380 0.0000e+00
      7.803      0.057     4.5763     63.020     49.356  38.243660     0.6986      6.573   294.2865 1.2358e-01     9.2098      7.654     11.101    13.7393   999.3381 0.0000e+00
      7.817      0.052     4.5806     62.926     49.340  38.232222     0.6826      6.573   294.1835 1.2364e-01     9.2340      7.667     11.120    13.7393   999.3381 0.0000e+00
      7.828      0.047     4.5800     62.839     49.324  38.220776     0.6860      6.573   294.0555 1.2368e-01     9.2214      7.677     11.134    13.7393   999.3382 0.0000e+00
      7.838      0.043     4.5778     62.763     49.337  38.232224     0.6877      6.572   293.8575 1.2366e-01     9.2211      7.686     11.147    13.7394   999.3382 0.0000e+00
      7.848      0.042     4.5702     62.704     49.351  38.243671     0.6774      6.572   293.4242 1.2368e-01     9.2307      7.695     11.161    13.7394   999.3383 0.0000e+00
      7.858      0.042     4.5630     62.670     49.336  38.232224     0.6741      6.571   293.2909 1.2375e-01     9.2067      7.706     11.176    13.7398   999.3382 0.0000e+00
      7.868      0.043     4.5569     62.684     49.322  38.220787     0.6836      6.570   293.6227 1.2378e-01     9.1923      7.715     11.191    13.7413   999.3381 0.0000e+00
      7.879      0.046     4.5505     62.749     49.337  38.232337     0.6871      6.569   293.9942 1.2379e-01     9.1883      7.727     11.207    13.7430   999.3379 0.0000e+00
      7.891      0.048     4.5465     62.821     49.354  38.244921     0.6821      6.568   293.5667 1.2374e-01     9.1908      7.740     11.226    13.7439   999.3379 0.0000e+00
      7.903      0.049     4.5431     62.857     49.355  38.245972     0.6746      6.568   292.5841 1.2368e-01     9.2228      7.749     11.241    13.7441   999.3379 0.0000e+00
      7.917      0.050     4.5435     62.868     49.355  38.245050     0.6655      6.568   292.2661 1.2368e-01     9.2471      7.763     11.259    13.7435   999.3380 0.0000e+00
      7.931      0.052     4.5500     62.862     49.341  38.233779     0.6679      6.568   292.3881 1.2367e-01     9.1895      7.779     11.282    13.7427   999.3382 0.0000e+00
      7.943      0.054     4.5571     62.815     49.346  38.236651     0.6784      6.569   292.5108 1.2366e-01     9.0507      7.789     11.297    13.7425   999.3383 0.0000e+00
      7.956      0.058     4.5584     62.723     49.403  38.279776     0.6786      6.569   292.7181 1.2367e-01     8.9782      7.801     11.314    13.7423   999.3384 0.0000e+00
      7.970      0.062     4.5588     62.592     49.445  38.310836     0.6703      6.568   292.6568 1.2370e-01     9.0016      7.816     11.337    13.7420   999.3385 0.0000e+00
      7.986      0.066     4.5600     62.448     49.425  38.294788     0.6738      6.566   292.1995 1.2371e-01     9.0709      7.830     11.357    13.7414   999.3386 0.0000e+00
      8.004      0.068     4.5563     62.346     49.401  38.276182     0.6958      6.565   291.8350 1.2372e-01     9.1939      7.847     11.382    13.7402   999.3388 0.0000e+00
      8.025      0.068     4.5497     62.276     49.402  38.276310     0.7100      6.564   291.8635 1.2375e-01     9.2759      7.870     11.415    13.7392   999.3392 0.0000e+00
      8.046      0.068     4.5402     62.212     49.428  38.296344     0.7156      6.564   292.1137 1.2374e-01     9.2759      7.892     11.446    13.7384   999.3394 0.0000e+00
      8.062      0.067     4.5270     62.196     49.470  38.327965     0.7201      6.564   292.3658 1.2371e-01     9.2266      7.907     11.468    13.7374   999.3395 0.0000e+00
      8.075      0.065     4.5205     62.228     49.488  38.341237     0.7122      6.564   292.4159 1.2369e-01     9.1715      7.918     11.484    13.7367   999.3397 0.0000e+00
      8.090      0.062     4.5174     62.252     49.473  38.329849     0.7065      6.564   292.2037 1.2365e-01     9.1668      7.932     11.504    13.7362   999.3398 0.0000e+00
      8.107      0.059     4.5101     62.255     49.457  38.317233     0.7130      6.563   291.9508 1.2362e-01     9.1689      7.950     11.530    13.7359   999.3399 0.0000e+00
      8.125      0.056     4.5088     62.234     49.455  38.315659     0.7128      6.562   291.8530 1.2365e-01     9.1648      7.969     11.558    13.7357   999.3401 0.0000e+00
      8.140      0.053     4.5143     62.189     49.449  38.310819     0.7042      6.561   292.3117 1.2369e-01     9.3465      7.983     11.580    13.7352   999.3402 0.0000e+00
      8.152      0.049     4.5151     62.119     49.464  38.322195     0.7042      6.560   293.1087 1.2369e-01     9.6944      7.995     11.596    13.7348   999.3403 0.0000e+00
      8.162      0.045     4.5159     62.023     49.469  38.326249     0.7121      6.560   293.4014 1.2366e-01     9.8979      8.005     11.610    13.7345   999.3404 0.0000e+00
      8.172      0.043     4.5144     61.909     49.431  38.296345     0.7133      6.560   293.3567 1.2366e-01     9.9057      8.013     11.623    13.7342   999.3405 0.0000e+00
      8.182      0.046     4.5107     61.785     49.407  38.278031     0.7098      6.560   293.1698 1.2366e-01     9.8221      8.024     11.637    13.7341   999.3405 0.0000e+00
      8.192      0.052     4.5065     61.673     49.429  38.295251     0.7137      6.558   292.7768 1.2364e-01     9.7388      8.034     11.652    13.7341   999.3406 0.0000e+00
      8.204      0.058     4.4983     61.597     49.453  38.314116     0.7171      6.557   292.9074 1.2363e-01     9.7173      8.043     11.666    13.7340   999.3407 0.0000e+00
      8.219      0.063     4.4907     61.533     49.455  38.315676     0.7151      6.556   293.6302 1.2364e-01     9.6934      8.058     11.686    13.7340   999.3407 0.0000e+00
      8.240      0.065     4.4809     61.458     49.453  38.314111     0.7079      6.556   294.0297 1.2365e-01     9.6468      8.080     11.719    13.7339   999.3408 0.0000e+00
      8.263      0.065     4.4717     61.406     49.429  38.295199     0.6993      6.556   293.9526 1.2364e-01     9.6450      8.105     11.756    13.7340   999.3409 0.0000e+00
      8.281      0.061     4.4668     61.388     49.407  38.277457     0.6973      6.556   293.7301 1.2364e-01     9.6725      8.123     11.782    13.7345   999.3410 0.0000e+00
      8.295      0.056     4.4641     61.376     49.423  38.290034     0.6927      6.555   293.4908 1.2364e-01     9.6838      8.135     11.799    13.7347   999.3410 0.0000e+00
      8.306      0.051     4.4562     61.367     49.462  38.320307     0.6868      6.555   293.4688 1.2363e-01     9.6831      8.145     11.813    13.7344   999.3411 0.0000e+00
      8.316      0.047     4.4522     61.377     49.469  38.326079     0.6779      6.555   293.7217 1.2365e-01     9.6644      8.155     11.827    13.7341   999.3412 0.0000e+00
      8.326      0.045     4.4529     61.412     49.430  38.296340     0.6637      6.554   293.8810 1.2365e-01     9.6549      8.164     11.842    13.7339   999.3412 0.0000e+00
      8.338      0.046     4.4512     61.450     49.407  38.278145     0.6618      6.553   293.7604 1.2359e-01     9.6664      8.177     11.860    13.7335   999.3413 0.0000e+00
      8.351      0.048     4.4508     61.466     49.431  38.296511     0.6732      6.553   293.6405 1.2359e-01     9.6396      8.190     11.878    13.7334   999.3414 0.0000e+00
      8.363      0.050     4.4503     61.436     49.471  38.327968     0.6802      6.553   293.3783 1.2370e-01     9.5598      8.201     11.894    13.7342   999.3414 0.0000e+00
      8.374      0.051     4.4543     61.361     49.487  38.341083     0.6764      6.552   292.8264 1.2378e-01     9.4874      8.212     11.910    13.7347   999.3413 0.0000e+00
      8.388      0.052     4.4571     61.286     49.471  38.328131     0.6700      6.552   292.4739 1.2374e-01     9.4537      8.225     11.930    13.7344   999.3415 0.0000e+00
      8.403      0.053     4.4594     61.247     49.432  38.298322     0.6733      6.551   292.5589 1.2371e-01     9.4472      8.241     11.953    13.7343   999.3415 0.0000e+00
      8.417      0.056     4.4573     61.246     49.431  38.298062     0.6727      6.550   292.8206 1.2372e-01     9.4404      8.254     11.971    13.7348   999.3416 0.0000e+00
      8.429      0.060     4.4500     61.274     49.465  38.324987     0.6630      6.550   292.4550 1.2371e-01     9.4376      8.265     11.988    13.7350   999.3416 0.0000e+00
      8.443      0.061     4.4439     61.341     49.441  38.306474     0.6687      6.550   291.4940 1.2366e-01     9.4459      8.279     12.009    13.7351   999.3416 0.0000e+00
      8.460      0.061     4.4408     61.434     49.387  38.264660     0.6807      6.549   291.0096 1.2359e-01     9.4427      8.295     12.032    13.7350   999.3417 0.0000e+00
      8.480      0.059     4.4417     61.522     49.387  38.263776     0.6773      6.549   291.1589 1.2359e-01     9.4318      8.316     12.062    13.7354   999.3417 0.0000e+00
      8.498      0.056     4.4423     61.569     49.429  38.295788     0.6712      6.550   291.4056 1.2364e-01     9.4123      8.337     12.091    13.7365   999.3417 0.0000e+00
      8.512      0.053     4.4482     61.551     49.479  38.334315     0.6764      6.550   291.4107 1.2368e-01     9.4042      8.350     12.111    13.7364   999.3418 0.0000e+00
      8.520      0.049     4.4558     61.501     49.498  38.348716     0.6791      6.550   291.2210 1.2370e-01     9.4318      8.355     12.119    13.7356   999.3419 0.0000e+00
      8.529      0.048     4.4628     61.464     49.491  38.342956     0.6790      6.549   291.0059 1.2365e-01     9.6148      8.362     12.128    13.7350   999.3420 0.0000e+00
      8.541      0.048     4.4679     61.453     49.471  38.328144     0.6839      6.548   290.7889 1.2362e-01     9.9455      8.376     12.148    13.7346   999.3421 0.0000e+00
      8.555      0.050     4.4648     61.458     49.431  38.296590     0.6861      6.547   290.6611 1.2370e-01    10.1201      8.390     12.168    13.7343   999.3423 0.0000e+00
      8.569      0.052     4.4599     61.459     49.408  38.278835     0.6794      6.547   290.7511 1.2375e-01    10.1206      8.402     12.186    13.7340   999.3424 0.0000e+00
      8.584      0.053     4.4574     61.457     49.440  38.303913     0.6804      6.547   291.1028 1.2369e-01    10.0156      8.417     12.208    13.7339   999.3424 0.0000e+00
      8.599      0.054     4.4564     61.472     49.495  38.345887     0.7077      6.547   291.4727 1.2369e-01     9.8019      8.434     12.232    13.7340   999.3425 0.0000e+00
      8.612      0.055     4.4578     61.508     49.490  38.341974     0.7321      6.547   291.5239 1.2375e-01     9.6673      8.447     12.251    13.7339   999.3425 0.0000e+00
      8.622      0.057     4.4577     61.559     49.461  38.320081     0.7325      6.547   291.2049 1.2371e-01     9.6326      8.455     12.265    13.7340   999.3426 0.0000e+00
      8.635      0.059     4.4566     61.612     49.481  38.335106     0.7206      6.546   290.7132 1.2368e-01     9.6451      8.466     12.279    13.7340   999.3426 0.0000e+00
      8.651      0.064     4.4580     61.652     49.478  38.333195     0.7009      6.545   290.9137 1.2368e-01     9.6871      8.483     12.303    13.7338   999.3428 0.0000e+00
      8.670      0.069     4.4606     61.686     49.432  38.296977     0.6848      6.545   291.6498 1.2368e-01     9.6816      8.503     12.334    13.7339   999.3428 0.0000e+00
      8.687      0.074     4.4646     61.703     49.408  38.278076     0.6821      6.544   291.7835 1.2374e-01     9.6442      8.519     12.356    13.7341   999.3429 0.0000e+00
      8.706      0.075     4.4692     61.663     49.429  38.295097     0.6775      6.543   291.5842 1.2377e-01     9.6285      8.535     12.379    13.7343   999.3430 0.0000e+00
      8.729      0.073     4.4715     61.557     49.451  38.312343     0.6635      6.543   291.3049 1.2367e-01     9.6879      8.561     12.416    13.7341   999.3431 0.0000e+00
      8.752      0.070     4.4740     61.412     49.431  38.296161     0.6438      6.543   290.9013 1.2361e-01     9.8056      8.585     12.452    13.7336   999.3432 0.0000e+00
      8.769      0.068     4.4773     61.245     49.422  38.289879     0.6293      6.543   291.0068 1.2367e-01     9.8726      8.601     12.475    13.7338   999.3433 0.0000e+00
      8.782      0.067     4.4742     61.072     49.435  38.299859     0.6278      6.541   291.4621 1.2373e-01     9.8742      8.613     12.491    13.7341   999.3433 0.0000e+00
      8.795      0.067     4.4654     60.920     49.421  38.289880     0.6335      6.540   291.6740 1.2373e-01     9.7602      8.625     12.509    13.7340   999.3434 0.0000e+00
      8.810      0.069     4.4544     60.810     49.429  38.296177     0.6550      6.540   291.6755 1.2368e-01     9.5431      8.639     12.529    13.7339   999.3435 0.0000e+00
      8.828      0.073     4.4425     60.751     49.451  38.312514     0.6796      6.539   291.4801 1.2363e-01     9.4448      8.655     12.552    13.7340   999.3435 0.0000e+00
      8.851      0.075     4.4287     60.756     49.431  38.296971     0.6883      6.539   291.2046 1.2363e-01     9.4562      8.680     12.589    13.7342   999.3436 0.0000e+00
      8.875      0.075     4.4172     60.811     49.433  38.298678     0.6908      6.538   291.0981 1.2366e-01     9.4192      8.706     12.626    13.7348   999.3436 0.0000e+00
      8.895      0.074     4.4093     60.897     49.478  38.333160     0.6924      6.538   291.1381 1.2364e-01     9.3579      8.724     12.654    13.7351   999.3437 0.0000e+00
      8.911      0.070     4.4039     61.027     49.478  38.333014     0.6906      6.538   291.2586 1.2357e-01     9.3699      8.739     12.675    13.7350   999.3438 0.0000e+00
      8.926      0.064     4.4052     61.174     49.431  38.296905     0.6865      6.537   291.4361 1.2357e-01     9.4334      8.753     12.694    13.7348   999.3439 0.0000e+00
      8.943      0.059     4.4101     61.291     49.406  38.277445     0.6857      6.536   291.3922 1.2367e-01     9.5029      8.771     12.721    13.7344   999.3440 0.0000e+00
      8.959      0.055     4.4152     61.364     49.420  38.288163     0.6817      6.535   290.7277 1.2375e-01     9.5875      8.787     12.745    13.7342   999.3441 0.0000e+00
      8.972      0.052     4.4254     61.384     49.435  38.299535     0.6719      6.535   289.8545 1.2373e-01     9.6361      8.799     12.762    13.7343   999.3442 0.0000e+00
      8.983      0.048     4.4381     61.341     49.420  38.287987     0.6715      6.536   289.5244 1.2377e-01     9.6650      8.810     12.777    13.7344   999.3442 0.0000e+00
      8.995      0.044     4.4463     61.257     49.405  38.275499     0.6769      6.536   289.6621 1.2380e-01     9.6752      8.821     12.794    13.7343   999.3442 0.0000e+00
      9.007      0.042     4.4516     61.172     49.405  38.275499     0.6755      6.535   289.8844 1.2370e-01     9.6616      8.833     12.811    13.7342   999.3443 0.0000e+00
      9.017      0.041     4.4540     61.120     49.422  38.287986     0.6730      6.533   289.7174 1.2367e-01     9.6645      8.843     12.826    13.7341   999.3444 0.0000e+00
      9.026      0.041     4.4499     61.108     49.437  38.299519     0.6729      6.533   289.1052 1.2370e-01     9.6440      8.851     12.837    13.7338   999.3445 0.0000e+00
      9.036      0.041     4.4430     61.122     49.422  38.287985     0.6658      6.534   288.6769 1.2363e-01     9.6108      8.861     12.851    13.7335   999.3445 0.0000e+00
