Data/DataNotYetUploadedToEDI/Raw_CTD/RawDownloads/102819_fcr50.cnv
* Sea-Bird SBE19plus  Data File:
* FileName = C:\DATA\102819_fcr50_0001.hex
* Software version 2.8.0.119 SB_Terminal.dll
* Temperature SN = 7809
* Conductivity SN = 7809
* System UpLoad Time = Oct 28 2019 15:20:18
* <ApplicationData>
* <Seaterm232>
# nquan = 16
# nvalues = 1078                        
# units = specified
# name 0 = depFM: Depth [fresh water, m]
# name 1 = dz/dtM: Descent Rate [m/s]
# name 2 = sbeox0ML/L: Oxygen, SBE 43 [ml/l]
# name 3 = sbeox0PS: Oxygen, SBE 43 [% saturation]
# name 4 = specc: Specific Conductance [uS/cm]
# name 5 = c0uS/cm: Conductivity [uS/cm]
# name 6 = flECO-AFL: Fluorescence, WET Labs ECO-AFL/FL [mg/m^3]
# name 7 = ph: pH
# name 8 = orp: Oxidation Reduction Potential [mV]
# name 9 = par/sat/log: PAR/Logarithmic, Satlantic
# name 10 = turbWETntu0: Turbidity, WET Labs ECO [NTU]
# name 11 = prdM: Pressure, Strain Gauge [db]
# name 12 = prdE: Pressure, Strain Gauge [psi]
# name 13 = tv290C: Temperature [ITS-90, deg C]
# name 14 = density00: Density [density, kg/m^3]
# name 15 = flag:  0.000e+00
# span 0 =     -0.546,      9.725       
# span 1 =     -0.373,      0.298       
# span 2 =    -0.6407,     7.9452       
# span 3 =     -8.186,    113.603       
# span 4 =      1.456,    274.531       
# span 5 =   1.211174, 212.801189       
# span 6 =    -1.4740,     5.0080       
# span 7 =      6.307,      8.600       
# span 8 =   184.0006,  1227.1451       
# span 9 = 1.2353e-01, 1.8455e+03       
# span 10 =    -0.7387,   189.5126      
# span 11 =     -0.535,      9.538      
# span 12 =     -0.776,     13.833      
# span 13 =    13.7327,    20.6241      
# span 14 =   998.0803,   999.4275      
# span 15 = 0.0000e+00, 0.0000e+00      
# interval = seconds: 0.25
# start_time = Oct 28 2019 12:54:05 [Instrument's time stamp, header]
# bad_flag = -9.990e-29
*END*
[from data line 814]
      6.440      0.024     4.5306     62.496     49.309  38.219752     0.6613      6.626   291.3740 1.2359e-01     8.7930      6.314      9.158    13.7438   999.3312 0.0000e+00
      6.449      0.030     4.5312     62.461     49.313  38.219648     0.6733      6.625   291.4455 1.2353e-01     8.7808      6.323      9.170    13.7485   999.3306 0.0000e+00
      6.461      0.035     4.5346     62.410     49.333  38.232228     0.6817      6.625   291.5533 1.2363e-01     8.7405      6.337      9.191    13.7522   999.3301 0.0000e+00
      6.471      0.039     4.5345     62.350     49.352  38.244905     0.6851      6.625   291.7300 1.2374e-01     8.6993      6.347      9.206    13.7543   999.3299 0.0000e+00
      6.481      0.041     4.5300     62.327     49.354  38.245964     0.6886      6.624   291.7755 1.2373e-01     8.7086      6.355      9.218    13.7520   999.3303 0.0000e+00
      6.491      0.042     4.5294     62.328     49.354  38.245019     0.7063      6.624   291.5879 1.2372e-01     8.7544      6.368      9.235    13.7480   999.3308 0.0000e+00
      6.501      0.045     4.5266     62.337     49.340  38.233487     0.7168      6.624   291.4399 1.2373e-01     8.7947      6.377      9.248    13.7454   999.3311 0.0000e+00
      6.511      0.049     4.5188     62.359     49.341  38.233487     0.7115      6.624   291.4492 1.2375e-01     8.8023      6.383      9.258    13.7438   999.3315 0.0000e+00
      6.524      0.056     4.5193     62.390     49.356  38.245020     0.6855      6.623   291.5274 1.2376e-01     8.8460      6.396      9.277    13.7431   999.3317 0.0000e+00
      6.539      0.066     4.5194     62.438     49.358  38.245965     0.6365      6.621   291.6978 1.2372e-01     8.9306      6.412      9.300    13.7430   999.3317 0.0000e+00
      6.555      0.076     4.5198     62.507     49.356  38.244907     0.6134      6.620   291.9602 1.2366e-01     8.9731      6.427      9.322    13.7424   999.3319 0.0000e+00
      6.575      0.085     4.5220     62.578     49.340  38.232228     0.6234      6.618   292.1194 1.2365e-01     8.9662      6.445      9.349    13.7413   999.3321 0.0000e+00
      6.600      0.092     4.5240     62.627     49.324  38.219628     0.6267      6.617   292.0736 1.2370e-01     8.9466      6.471      9.386    13.7403   999.3324 0.0000e+00
      6.629      0.097     4.5271     62.651     49.324  38.219513     0.6186      6.615   292.0087 1.2372e-01     8.9652      6.502      9.430    13.7399   999.3326 0.0000e+00
      6.655      0.099     4.5327     62.661     49.339  38.230845     0.6121      6.613   292.1951 1.2369e-01     8.9937      6.528      9.467    13.7400   999.3327 0.0000e+00
      6.680      0.096     4.5387     62.651     49.338  38.229683     0.6172      6.612   292.5209 1.2371e-01     8.9969      6.550      9.499    13.7402   999.3328 0.0000e+00
      6.706      0.090     4.5424     62.601     49.306  38.205453     0.6201      6.611   292.6784 1.2373e-01     9.0032      6.577      9.540    13.7401   999.3329 0.0000e+00
      6.731      0.081     4.5432     62.527     49.289  38.191808     0.6131      6.610   292.6367 1.2373e-01     9.0052      6.603      9.578    13.7398   999.3331 0.0000e+00
      6.752      0.072     4.5446     62.478     49.289  38.191660     0.6181      6.608   292.4468 1.2373e-01     9.0205      6.622      9.605    13.7397   999.3332 0.0000e+00
      6.768      0.062     4.5446     62.473     49.304  38.203670     0.6293      6.608   292.2758 1.2367e-01     9.0572      6.638      9.629    13.7398   999.3333 0.0000e+00
      6.781      0.052     4.5408     62.491     49.313  38.210060     0.6270      6.608   292.2894 1.2358e-01     9.1212      6.650      9.645    13.7398   999.3333 0.0000e+00
      6.791      0.045     4.5334     62.528     49.307  38.205444     0.6158      6.608   292.4388 1.2357e-01     9.2032      6.659      9.659    13.7400   999.3333 0.0000e+00
      6.801      0.040     4.5290     62.573     49.315  38.211329     0.6073      6.608   292.6198 1.2362e-01     9.2297      6.669      9.674    13.7397   999.3334 0.0000e+00
      6.809      0.040     4.5306     62.612     49.323  38.217738     0.6100      6.609   292.7571 1.2366e-01     9.2132      6.679      9.686    13.7394   999.3335 0.0000e+00
      6.817      0.043     4.5309     62.679     49.326  38.219457     0.6224      6.609   292.8085 1.2371e-01     9.2001      6.685      9.694    13.7393   999.3335 0.0000e+00
      6.826      0.050     4.5343     62.789     49.342  38.232100     0.6449      6.607   292.7251 1.2373e-01     9.2026      6.693      9.707    13.7390   999.3336 0.0000e+00
      6.839      0.058     4.5385     62.894     49.357  38.243646     0.6740      6.605   292.6091 1.2372e-01     9.2109      6.705      9.726    13.7386   999.3337 0.0000e+00
      6.855      0.064     4.5399     62.948     49.342  38.232106     0.6883      6.604   292.6965 1.2370e-01     9.2009      6.719      9.746    13.7384   999.3338 0.0000e+00
      6.875      0.068     4.5437     62.954     49.325  38.219524     0.6874      6.604   292.8353 1.2370e-01     9.2137      6.740      9.776    13.7384   999.3339 0.0000e+00
      6.899      0.068     4.5538     62.936     49.324  38.218484     0.6719      6.604   292.9108 1.2372e-01     9.2020      6.767      9.815    13.7385   999.3340 0.0000e+00
      6.919      0.064     4.5629     62.921     49.326  38.219525     0.6394      6.604   293.0064 1.2370e-01     9.1243      6.788      9.844    13.7386   999.3341 0.0000e+00
      6.933      0.058     4.5661     62.903     49.342  38.232106     0.6149      6.603   292.7870 1.2373e-01     9.0608      6.800      9.862    13.7387   999.3341 0.0000e+00
      6.944      0.051     4.5663     62.858     49.357  38.243648     0.6102      6.603   292.2365 1.2380e-01     9.0240      6.810      9.877    13.7386   999.3342 0.0000e+00
      6.954      0.046     4.5637     62.800     49.342  38.232115     0.6167      6.603   291.9432 1.2375e-01     9.1053      6.820      9.892    13.7385   999.3343 0.0000e+00
      6.964      0.043     4.5628     62.777     49.326  38.219629     0.6252      6.603   292.0803 1.2367e-01     9.2904      6.829      9.905    13.7388   999.3343 0.0000e+00
      6.975      0.043     4.5628     62.785     49.326  38.219630     0.6257      6.602   292.3456 1.2361e-01     9.3943      6.839      9.919    13.7389   999.3343 0.0000e+00
      6.986      0.043     4.5593     62.800     49.342  38.232126     0.6139      6.601   292.3112 1.2359e-01     9.4101      6.851      9.937    13.7388   999.3344 0.0000e+00
      6.998      0.044     4.5526     62.820     49.357  38.243762     0.6039      6.602   292.0091 1.2364e-01     9.3183      6.862      9.953    13.7389   999.3344 0.0000e+00
      7.009      0.046     4.5518     62.816     49.343  38.233364     0.6090      6.602   291.8760 1.2370e-01     9.1362      6.874      9.969    13.7388   999.3345 0.0000e+00
      7.020      0.051     4.5535     62.765     49.343  38.233364     0.6241      6.601   291.9063 1.2371e-01     9.0104      6.885      9.986    13.7391   999.3345 0.0000e+00
      7.030      0.056     4.5535     62.690     49.356  38.243761     0.6299      6.599   291.9456 1.2366e-01     8.9772      6.893      9.997    13.7394   999.3345 0.0000e+00
      7.043      0.061     4.5564     62.625     49.341  38.232115     0.6186      6.599   292.0074 1.2361e-01     8.9972      6.904     10.013    13.7391   999.3346 0.0000e+00
      7.062      0.064     4.5570     62.558     49.324  38.219514     0.6167      6.599   292.0511 1.2361e-01     8.9907      6.925     10.044    13.7388   999.3347 0.0000e+00
      7.083      0.064     4.5528     62.487     49.322  38.218360     0.6245      6.598   292.0440 1.2361e-01     8.9642      6.946     10.075    13.7387   999.3348 0.0000e+00
      7.104      0.063     4.5452     62.430     49.322  38.218161     0.6183      6.597   292.0934 1.2365e-01     9.0039      6.968     10.106    13.7388   999.3349 0.0000e+00
      7.120      0.061     4.5419     62.373     49.321  38.217101     0.6111      6.596   292.0452 1.2368e-01     9.0442      6.984     10.129    13.7392   999.3349 0.0000e+00
      7.131      0.058     4.5373     62.329     49.306  38.205550     0.6327      6.596   291.8918 1.2368e-01     9.0258      6.992     10.141    13.7402   999.3348 0.0000e+00
      7.141      0.056     4.5301     62.328     49.306  38.205454     0.6718      6.596   292.2173 1.2373e-01     9.0118      7.002     10.156    13.7406   999.3348 0.0000e+00
      7.155      0.055     4.5279     62.343     49.320  38.215938     0.6846      6.596   292.8830 1.2378e-01     9.0058      7.015     10.176    13.7401   999.3350 0.0000e+00
      7.171      0.056     4.5231     62.329     49.306  38.205351     0.6747      6.595   293.1441 1.2378e-01     8.9855      7.032     10.200    13.7399   999.3351 0.0000e+00
      7.187      0.056     4.5184     62.313     49.305  38.204405     0.6558      6.595   292.8793 1.2369e-01     8.9634      7.048     10.223    13.7399   999.3351 0.0000e+00
      7.202      0.056     4.5191     62.332     49.305  38.204500     0.6302      6.595   292.5210 1.2363e-01     8.9676      7.063     10.244    13.7397   999.3352 0.0000e+00
      7.217      0.057     4.5227     62.390     49.308  38.206495     0.6245      6.594   292.5972 1.2370e-01     9.0032      7.079     10.267    13.7396   999.3354 0.0000e+00
      7.229      0.059     4.5202     62.473     49.337  38.228529     0.6308      6.592   293.0262 1.2375e-01     9.0332      7.090     10.283    13.7395   999.3354 0.0000e+00
      7.240      0.061     4.5175     62.559     49.322  38.216996     0.6279      6.591   293.3195 1.2368e-01     9.0686      7.098     10.295    13.7394   999.3354 0.0000e+00
      7.255      0.061     4.5195     62.627     49.292  38.194009     0.6248      6.590   293.3904 1.2368e-01     9.1359      7.111     10.314    13.7392   999.3355 0.0000e+00
      7.276      0.061     4.5236     62.696     49.306  38.204510     0.6282      6.589   293.2815 1.2374e-01     9.1909      7.136     10.349    13.7390   999.3357 0.0000e+00
      7.296      0.061     4.5304     62.799     49.322  38.217007     0.6336      6.588   293.0364 1.2374e-01     9.1770      7.159     10.383    13.7390   999.3358 0.0000e+00
      7.311      0.060     4.5373     62.878     49.323  38.218142     0.6557      6.588   292.9218 1.2370e-01     9.0992      7.170     10.399    13.7394   999.3358 0.0000e+00
      7.322      0.057     4.5423     62.904     49.323  38.218245     0.6953      6.588   293.1000 1.2370e-01     9.0042      7.180     10.413    13.7397   999.3358 0.0000e+00
      7.336      0.054     4.5442     62.929     49.323  38.218255     0.7134      6.588   293.3838 1.2370e-01     8.9789      7.193     10.434    13.7395   999.3359 0.0000e+00
      7.350      0.053     4.5553     62.961     49.323  38.218256     0.7103      6.588   293.5138 1.2372e-01     9.0229      7.209     10.456    13.7393   999.3360 0.0000e+00
      7.362      0.053     4.5622     62.987     49.323  38.218256     0.7009      6.587   293.5537 1.2378e-01     9.0764      7.220     10.471    13.7396   999.3360 0.0000e+00
      7.376      0.054     4.5607     63.013     49.323  38.218256     0.6871      6.586   293.3504 1.2378e-01     9.1353      7.232     10.489    13.7397   999.3360 0.0000e+00
      7.391      0.055     4.5634     63.024     49.323  38.218257     0.6817      6.586   292.8622 1.2372e-01     9.1776      7.250     10.515    13.7393   999.3362 0.0000e+00
      7.404      0.055     4.5664     63.026     49.323  38.218258     0.6787      6.586   292.6407 1.2369e-01     9.1941      7.262     10.533    13.7394   999.3362 0.0000e+00
      7.418      0.056     4.5674     63.055     49.324  38.218266     0.6600      6.585   292.8233 1.2366e-01     9.2045      7.273     10.548    13.7396   999.3362 0.0000e+00
      7.433      0.056     4.5702     63.082     49.324  38.218361     0.6295      6.585   293.0914 1.2362e-01     9.2050      7.289     10.572    13.7395   999.3363 0.0000e+00
      7.448      0.056     4.5714     63.045     49.324  38.219402     0.6126      6.585   293.2147 1.2362e-01     9.1666      7.305     10.595    13.7396   999.3364 0.0000e+00
      7.462      0.056     4.5690     62.920     49.337  38.230848     0.6118      6.585   292.9382 1.2373e-01     9.1338      7.319     10.614    13.7394   999.3365 0.0000e+00
      7.475      0.055     4.5727     62.729     49.335  38.229799     0.6118      6.585   292.3290 1.2376e-01     9.1688      7.330     10.632    13.7390   999.3366 0.0000e+00
      7.490      0.054     4.5767     62.532     49.306  38.206715     0.6203      6.585   291.9573 1.2369e-01     9.2295      7.344     10.653    13.7390   999.3367 0.0000e+00
      7.505      0.054     4.5743     62.386     49.306  38.205667     0.6283      6.584   291.9717 1.2365e-01     9.2446      7.361     10.676    13.7395   999.3367 0.0000e+00
      7.518      0.055     4.5646     62.286     49.321  38.217123     0.6221      6.583   292.1594 1.2365e-01     9.2213      7.373     10.694    13.7409   999.3365 0.0000e+00
      7.531      0.056     4.5492     62.220     49.322  38.218268     0.6222      6.583   292.2474 1.2367e-01     9.2421      7.384     10.709    13.7416   999.3365 0.0000e+00
      7.545      0.056     4.5327     62.225     49.324  38.219518     0.6384      6.583   292.0904 1.2370e-01     9.3325      7.398     10.730    13.7409   999.3366 0.0000e+00
      7.560      0.056     4.5228     62.287     49.340  38.232232     0.6628      6.582   291.8953 1.2370e-01     9.4289      7.414     10.753    13.7404   999.3368 0.0000e+00
      7.575      0.057     4.5168     62.350     49.357  38.245034     0.6745      6.582   291.7813 1.2361e-01     9.4571      7.429     10.775    13.7406   999.3368 0.0000e+00
      7.589      0.057     4.5097     62.416     49.360  38.247341     0.6675      6.582   291.8298 1.2357e-01     9.4447      7.443     10.796    13.7407   999.3369 0.0000e+00
      7.603      0.056     4.5103     62.493     49.376  38.260132     0.6734      6.581   292.3104 1.2365e-01     9.4101      7.456     10.815    13.7402   999.3370 0.0000e+00
      7.618      0.055     4.5181     62.551     49.393  38.272723     0.7019      6.579   292.8604 1.2375e-01     9.3008      7.470     10.834    13.7399   999.3371 0.0000e+00
      7.633      0.053     4.5211     62.586     49.393  38.272620     0.7264      6.578   292.8872 1.2378e-01     9.2044      7.486     10.857    13.7399   999.3372 0.0000e+00
      7.648      0.051     4.5255     62.632     49.376  38.258885     0.7260      6.578   292.7201 1.2376e-01     9.1946      7.502     10.879    13.7402   999.3372 0.0000e+00
      7.661      0.049     4.5327     62.688     49.344  38.233617     0.7152      6.578   292.4751 1.2368e-01     9.2153      7.513     10.897    13.7405   999.3373 0.0000e+00
      7.671      0.047     4.5369     62.732     49.328  38.221017     0.7169      6.577   292.1610 1.2360e-01     9.2262      7.522     10.911    13.7403   999.3373 0.0000e+00
      7.681      0.047     4.5382     62.800     49.344  38.233493     0.7295      6.576   292.5360 1.2358e-01     9.2271      7.532     10.925    13.7397   999.3375 0.0000e+00
      7.693      0.049     4.5411     62.887     49.374  38.257511     0.7376      6.576   293.3955 1.2360e-01     9.2262      7.544     10.941    13.7392   999.3376 0.0000e+00
      7.705      0.053     4.5478     62.954     49.374  38.257501     0.7285      6.575   293.6923 1.2368e-01     9.2165      7.556     10.959    13.7390   999.3376 0.0000e+00
      7.717      0.058     4.5477     63.019     49.343  38.233368     0.7142      6.575   293.4564 1.2373e-01     9.2078      7.567     10.975    13.7390   999.3377 0.0000e+00
