Data/DataNotYetUploadedToEDI/Raw_CTD/RawDownloads/102819_bvr50.cnv
* Sea-Bird SBE19plus  Data File:
* FileName = C:\DATA\102819_fcr50_0002.hex
* Software version 2.8.0.119 SB_Terminal.dll
* Temperature SN = 7809
* Conductivity SN = 7809
* System UpLoad Time = Oct 28 2019 15:21:09
* <ApplicationData>
* <Seaterm232>
# nquan = 16
# nvalues = 1834                        
# units = specified
# name 0 = depFM: Depth [fresh water, m]
# name 1 = dz/dtM: Descent Rate [m/s]
# name 2 = sbeox0ML/L: Oxygen, SBE 43 [ml/l]
# name 3 = sbeox0PS: Oxygen, SBE 43 [% saturation]
# name 4 = specc: Specific Conductance [uS/cm]
# name 5 = c0uS/cm: Conductivity [uS/cm]
# name 6 = flECO-AFL: Fluorescence, WET Labs ECO-AFL/FL [mg/m^3]
# name 7 = ph: pH
# name 8 = orp: Oxidation Reduction Potential [mV]
# name 9 = par/sat/log: PAR/Logarithmic, Satlantic
# name 10 = turbWETntu0: Turbidity, WET Labs ECO [NTU]
# name 11 = prdM: Pressure, Strain Gauge [db]
# name 12 = prdE: Pressure, Strain Gauge [psi]
# name 13 = tv290C: Temperature [ITS-90, deg C]
# name 14 = density00: Density [density, kg/m^3]
# name 15 = flag:  0.000e+00
# span 0 =     -0.485,     10.005       
# span 1 =     -0.058,      0.154       
# span 2 =     0.0508,     6.6747       
# span 3 =      0.644,     95.976       
# span 4 =     28.670,    285.342       
# span 5 =  23.088112, 195.927049       
# span 6 =     1.1308,     6.0852       
# span 7 =      6.305,      8.781       
# span 8 =   -95.0489,   316.2425       
# span 9 = 1.2351e-01, 1.7016e+03       
# span 10 =     2.0090,    27.2136      
# span 11 =     -0.484,      9.813      
# span 12 =     -0.703,     14.232      
# span 13 =     9.3054,    16.4514      
# span 14 =   998.8820,   999.9156      
# span 15 = 0.0000e+00, 0.0000e+00      
# interval = seconds: 0.25
# start_time = Oct 28 2019 14:46:30 [Instrument's time stamp, header]
# bad_flag = -9.990e-29
*END*
[from data line 91]
     -0.032      0.010     4.3178     59.848     29.801  24.049563     4.3429      8.159   263.7255 1.0704e+03     4.2580     -0.033     -0.048    15.3191   999.0664 0.0000e+00
     -0.029      0.012     4.2844     59.459     29.830  24.076652     4.4040      8.156   263.9319 1.0089e+03     4.4024     -0.029     -0.043    15.3310   999.0646 0.0000e+00
     -0.024      0.012     4.2515     59.088     29.863  24.109367     4.4339      8.153   264.4248 9.6412e+02     4.5011     -0.023     -0.034    15.3409   999.0631 0.0000e+00
     -0.018      0.006     4.2192     58.743     29.877  24.127955     4.4187      8.150   265.3827 9.5258e+02     4.5339     -0.017     -0.025    15.3443   999.0626 0.0000e+00
     -0.013     -0.006     4.1907     58.448     29.835  24.111104     4.1852      8.145   266.3935 9.4441e+02     4.5040     -0.012     -0.018    15.3459   999.0624 0.0000e+00
     -0.011     -0.022     4.1635     58.224     29.764  24.095953     3.7433      8.136   266.8382 9.1251e+02     4.4012     -0.009     -0.014    15.3501   999.0619 0.0000e+00
     -0.016     -0.038     4.1357     58.057     29.745  24.135123     3.4970      8.127   266.8873 9.5914e+02     4.3070     -0.011     -0.016    15.3646   999.0596 0.0000e+00
     -0.034     -0.049     4.1107     57.949     29.776  24.204153     3.4702      8.117   267.1594 1.0741e+03     4.2497     -0.030     -0.043    15.3727   999.0582 0.0000e+00
     -0.059     -0.052     4.0875     57.906     29.776  24.232866     3.4891      8.104   267.7190 1.1003e+03     4.2333     -0.061     -0.088    15.3818   999.0566 0.0000e+00
     -0.080     -0.047     4.0662     57.901     29.745  24.228574     3.5436      8.090   268.2335 1.0589e+03     4.2728     -0.081     -0.117    15.4664   999.0433 0.0000e+00
     -0.093     -0.033     4.0443     57.932     29.710  24.215717     3.5827      8.078   268.6471 1.0420e+03     4.3004     -0.093     -0.135    15.5787   999.0257 0.0000e+00
     -0.100     -0.013     4.0300     57.986     29.681  24.204312     3.5805      8.068   268.9342 1.0500e+03     4.2725     -0.101     -0.146    15.6477   999.0148 0.0000e+00
     -0.099      0.008     4.0249     58.034     29.686  24.217560     3.4732      8.058   269.0378 1.0670e+03     4.1655     -0.099     -0.143    15.6937   999.0075 0.0000e+00
     -0.091      0.024     4.0208     58.051     29.715  24.249034     3.2832      8.048   269.1250 1.0872e+03     4.0218     -0.090     -0.130    15.7257   999.0024 0.0000e+00
     -0.078      0.034     4.0214     58.028     29.728  24.267696     3.1902      8.040   269.2142 1.1039e+03     3.9775     -0.077     -0.112    15.7518   998.9983 0.0000e+00
     -0.063      0.037     4.0242     57.986     29.701  24.252901     3.1814      8.035   269.3425 1.1049e+03     3.9904     -0.061     -0.089    15.7730   998.9950 0.0000e+00
     -0.051      0.034     4.0268     57.935     29.701  24.260469     3.1593      8.031   269.6434 1.1000e+03     3.9812     -0.048     -0.070    15.7862   998.9930 0.0000e+00
     -0.043      0.027     4.0276     57.867     29.735  24.295770     3.1214      8.026   270.0132 1.0632e+03     3.9969     -0.041     -0.059    15.7979   998.9911 0.0000e+00
     -0.038      0.017     4.0237     57.783     29.730  24.299116     3.0709      8.021   270.2007 1.0051e+03     4.0496     -0.037     -0.053    15.8119   998.9890 0.0000e+00
     -0.036      0.008     4.0196     57.698     29.720  24.300940     3.0429      8.016   270.2751 1.0206e+03     4.0934     -0.035     -0.050    15.8259   998.9867 0.0000e+00
     -0.036      0.002     4.0153     57.622     29.726  24.317835     3.0424      8.010   270.4833 1.0787e+03     4.0678     -0.035     -0.050    15.8382   998.9847 0.0000e+00
     -0.038     -0.002     4.0096     57.555     29.704  24.313104     3.0568      8.005   270.8251 1.1077e+03     4.0019     -0.037     -0.053    15.8490   998.9830 0.0000e+00
     -0.040     -0.005     4.0023     57.503     29.680  24.307187     3.0866      8.001   271.1372 1.1146e+03     3.9852     -0.039     -0.057    15.8606   998.9811 0.0000e+00
     -0.042     -0.006     3.9948     57.458     29.667  24.309745     3.1081      7.997   271.3321 1.1334e+03     4.0307     -0.041     -0.059    15.8775   998.9784 0.0000e+00
     -0.042     -0.006     3.9878     57.398     29.619  24.280615     3.1179      7.994   271.4615 1.1943e+03     4.0601     -0.041     -0.060    15.8993   998.9749 0.0000e+00
     -0.044     -0.005     3.9809     57.303     29.369  24.081861     3.1875      7.991   271.5830 1.2478e+03     4.0784     -0.042     -0.062    15.9225   998.9712 0.0000e+00
     -0.047     -0.004     3.9755     57.151     28.910  23.682792     3.3248      7.988   271.7682 1.2556e+03     4.1532     -0.045     -0.066    15.9461   998.9673 0.0000e+00
     -0.048     -0.002     3.9711     56.920     28.670  23.388382     3.4081      7.986   272.0657 1.2433e+03     4.2111     -0.048     -0.069    15.9678   998.9638 0.0000e+00
     -0.048      0.001     3.9663     56.819     28.780  23.313123     3.4148      7.983   272.4272 1.2286e+03     4.2202     -0.048     -0.069    15.9876   998.9606 0.0000e+00
     -0.047      0.005     3.9580     57.434     28.928  23.280096     3.3708      7.980   272.6122 1.2257e+03     4.2308     -0.046     -0.067    16.0017   998.9582 0.0000e+00
     -0.045      0.010     3.9490     59.256     29.003  23.242592     3.3006      7.975   272.5804 1.2382e+03     4.2735     -0.044     -0.065    16.0111   998.9566 0.0000e+00
     -0.043      0.014     3.9444     62.223     29.068  23.240142     3.2767      7.970   272.6458 1.1962e+03     4.3440     -0.043     -0.063    15.8465   998.9830 0.0000e+00
     -0.039      0.016     3.9502     65.886     29.115  23.250415     3.2900      7.965   272.8868 1.0685e+03     4.3625     -0.039     -0.057    15.4772   999.0416 0.0000e+00
     -0.032      0.017     4.0011     69.748     29.117  23.239902     3.2890      7.960   273.2566 9.6973e+02     4.3001     -0.031     -0.046    15.1942   999.0854 0.0000e+00
     -0.026      0.016     4.1471     73.431     29.124  23.239892     3.2465      7.955   273.6758 9.6384e+02     4.2446     -0.024     -0.035    15.0427   999.1084 0.0000e+00
     -0.022      0.013     4.3776     76.622     29.139  23.250281     3.1922      7.950   273.9120 9.6234e+02     4.2495     -0.021     -0.030    14.9539   999.1218 0.0000e+00
     -0.018      0.009     4.6527     78.964     29.129  23.238645     3.1704      7.945   274.0473 9.5549e+02     4.2606     -0.018     -0.026    14.9179   999.1272 0.0000e+00
     -0.017      0.004     4.9374     80.282     29.118  23.226064     3.1569      7.939   274.2791 9.9845e+02     4.2479     -0.016     -0.023    14.8996   999.1300 0.0000e+00
     -0.018      0.000     5.2030     80.725     29.119  23.225033     3.0976      7.934   274.4778 1.0137e+03     4.2271     -0.019     -0.028    14.8940   999.1309 0.0000e+00
     -0.019     -0.002     5.4410     80.570     29.121  23.226178     3.0168      7.929   274.6431 9.7728e+02     4.2384     -0.020     -0.028    14.8926   999.1310 0.0000e+00
     -0.020     -0.002     5.6125     80.074     29.141  23.239904     2.9859      7.924   274.8147 9.3771e+02     4.2528     -0.019     -0.027    14.8879   999.1317 0.0000e+00
     -0.021     -0.001     5.7010     79.420     29.172  23.264122     2.9844      7.919   274.9174 9.4730e+02     4.2377     -0.021     -0.032    14.8770   999.1334 0.0000e+00
     -0.022      0.001     5.7258     78.744     29.169  23.265266     3.0075      7.914   275.1114 1.0055e+03     4.2526     -0.022     -0.033    14.8739   999.1338 0.0000e+00
     -0.022      0.003     5.7074     78.132     29.149  23.253733     3.0579      7.909   275.4396 1.0652e+03     4.2686     -0.022     -0.032    14.8765   999.1335 0.0000e+00
     -0.021      0.004     5.6692     77.602     29.146  23.251550     3.0907      7.903   275.6152 1.1036e+03     4.2679     -0.020     -0.029    14.8706   999.1343 0.0000e+00
     -0.019      0.006     5.6200     77.128     29.136  23.238873     3.1185      7.897   275.6004 1.0538e+03     4.2764     -0.018     -0.027    14.8664   999.1350 0.0000e+00
     -0.017      0.007     5.5685     76.708     29.129  23.227323     3.2196      7.891   275.6909 9.9873e+02     4.3064     -0.016     -0.024    14.8772   999.1334 0.0000e+00
     -0.015      0.007     5.5237     76.368     29.148  23.238761     3.3774      7.886   275.8485 1.0090e+03     4.4018     -0.014     -0.020    14.8879   999.1318 0.0000e+00
     -0.013      0.006     5.4873     76.115     29.165  23.250294     3.4572      7.881   275.8711 1.0208e+03     4.4786     -0.013     -0.018    14.8866   999.1320 0.0000e+00
     -0.012      0.005     5.4554     75.926     29.153  23.239894     3.4641      7.877   275.8790 9.9826e+02     4.4491     -0.011     -0.017    14.8765   999.1334 0.0000e+00
     -0.010      0.004     5.4258     75.771     29.153  23.239894     3.4176      7.873   276.0290 9.4452e+02     4.3397     -0.009     -0.014    14.8643   999.1353 0.0000e+00
     -0.009      0.003     5.4024     75.659     29.168  23.250284     3.3203      7.868   276.2224 9.5560e+02     4.2374     -0.008     -0.012    14.8578   999.1363 0.0000e+00
     -0.009      0.002     5.3853     75.609     29.153  23.238646     3.2754      7.863   276.2386 1.0577e+03     4.2284     -0.008     -0.012    14.8567   999.1365 0.0000e+00
     -0.009      0.002     5.3731     75.578     29.136  23.226055     3.2823      7.859   276.1387 1.0775e+03     4.2638     -0.008     -0.012    14.8559   999.1365 0.0000e+00
     -0.009      0.003     5.3624     75.555     29.133  23.224911     3.2820      7.856   275.9608 9.3528e+02     4.2716     -0.009     -0.013    14.8537   999.1369 0.0000e+00
     -0.008      0.006     5.3523     75.533     29.131  23.224807     3.2815      7.853   275.2072 8.2566e+02     4.2573     -0.008     -0.012    14.8524   999.1371 0.0000e+00
     -0.007      0.012     5.3522     75.478     29.131  23.224797     3.2841      7.848   274.6842 9.0740e+02     4.2539     -0.007     -0.010    14.8525   999.1371 0.0000e+00
     -0.006      0.017     5.3491     75.417     29.135  23.224796     3.2789      7.843   275.4016 1.0076e+03     4.2642     -0.006     -0.008    14.8541   999.1369 0.0000e+00
     -0.001      0.022     5.3465     75.366     29.141  23.224797     3.2797      7.838   276.1374 8.8232e+02     4.2829     -0.002     -0.004    14.8563   999.1366 0.0000e+00
      0.008      0.025     5.3477     75.306     29.146  23.224807     3.3456      7.832   276.2675 8.0652e+02     4.2836      0.006      0.010    14.8592   999.1362 0.0000e+00
      0.019      0.025     5.3407     75.246     29.147  23.224897     3.4599      7.827   276.2858 8.0661e+02     4.2400      0.020      0.029    14.8615   999.1359 0.0000e+00
      0.027      0.024     5.3372     75.196     29.147  23.225884     3.5171      7.822   276.4458 5.5454e+02     4.2150      0.028      0.041    14.8561   999.1367 0.0000e+00
      0.032      0.021     5.3359     75.147     29.160  23.236750     3.5262      7.817   276.6530 3.6575e+02     4.2430      0.032      0.047    14.8446   999.1385 0.0000e+00
      0.035      0.018     5.3320     75.093     29.151  23.229411     3.5435      7.811   276.7256 3.7431e+02     4.2514      0.034      0.049    14.8370   999.1395 0.0000e+00
      0.037      0.014     5.3272     75.047     29.115  23.200579     3.5615      7.805   276.8074 3.5521e+02     4.2174      0.035      0.052    14.8371   999.1396 0.0000e+00
      0.040      0.012     5.3238     75.011     29.120  23.205306     3.5708      7.800   276.6097 3.3144e+02     4.1926      0.040      0.058    14.8395   999.1393 0.0000e+00
      0.044      0.012     5.3208     74.975     29.142  23.223137     3.5863      7.795   276.4007 3.4238e+02     4.1814      0.043      0.064    14.8402   999.1392 0.0000e+00
      0.048      0.012     5.3161     74.934     29.146  23.225879     3.6196      7.790   276.7750 3.5128e+02     4.1802      0.048      0.069    14.8394   999.1393 0.0000e+00
      0.051      0.013     5.3131     74.881     29.163  23.238451     3.6437      7.787   277.1775 3.3109e+02     4.1777      0.050      0.072    14.8386   999.1394 0.0000e+00
      0.053      0.016     5.3108     74.813     29.176  23.248282     3.6441      7.784   277.3097 3.3789e+02     4.1842      0.052      0.075    14.8405   999.1391 0.0000e+00
      0.056      0.020     5.3081     74.747     29.138  23.217879     3.6409      7.780   277.4270 4.3268e+02     4.2259      0.054      0.078    14.8421   999.1389 0.0000e+00
      0.060      0.026     5.3053     74.695     29.103  23.188007     3.5708      7.775   277.4779 5.0673e+02     4.2554      0.057      0.083    14.8416   999.1390 0.0000e+00
      0.067      0.031     5.3024     74.672     29.123  23.204267     3.4290      7.769   277.4948 4.3023e+02     4.2467      0.063      0.091    14.8387   999.1395 0.0000e+00
      0.078      0.036     5.2967     74.691     29.148  23.224179     3.3489      7.764   277.5448 3.3429e+02     4.2188      0.076      0.110    14.8377   999.1396 0.0000e+00
      0.091      0.040     5.2920     74.727     29.165  23.238468     3.3393      7.759   276.9637 3.1995e+02     4.2128      0.090      0.132    14.8378   999.1398 0.0000e+00
      0.102      0.041     5.2887     74.763     29.178  23.250166     3.3382      7.755   275.7175 3.4043e+02     4.2398      0.100      0.146    14.8336   999.1405 0.0000e+00
      0.112      0.039     5.2859     74.800     29.163  23.238749     3.3356      7.750   274.9521 3.7039e+02     4.2498      0.111      0.161    14.8329   999.1405 0.0000e+00
      0.122      0.034     5.2886     74.829     29.148  23.227299     3.3336      7.745   274.7646 3.7103e+02     4.2358      0.121      0.175    14.8353   999.1403 0.0000e+00
      0.131      0.029     5.2914     74.852     29.163  23.238579     3.3413      7.740   274.7417 3.6228e+02     4.2344      0.128      0.187    14.8358   999.1402 0.0000e+00
      0.140      0.024     5.2931     74.863     29.176  23.248278     3.3589      7.736   274.8464 3.5700e+02     4.2660      0.138      0.201    14.8379   999.1400 0.0000e+00
      0.145      0.021     5.2962     74.855     29.140  23.217706     3.4247      7.733   274.9122 3.5164e+02     4.2899      0.143      0.207    14.8406   999.1395 0.0000e+00
      0.146      0.021     5.2977     74.864     29.102  23.186094     3.5299      7.728   274.9362 3.5430e+02     4.2609      0.143      0.207    14.8406   999.1396 0.0000e+00
      0.148      0.021     5.2998     74.926     29.100  23.183221     3.5814      7.722   274.9633 3.4530e+02     4.2102      0.143      0.208    14.8389   999.1398 0.0000e+00
      0.154      0.022     5.3015     75.007     29.100  23.182965     3.5889      7.717   274.9826 3.8012e+02     4.2020      0.149      0.217    14.8374   999.1400 0.0000e+00
      0.163      0.023     5.3000     75.067     29.101  23.182994     3.5940      7.715   275.0832 4.4192e+02     4.2278      0.160      0.233    14.8351   999.1404 0.0000e+00
      0.172      0.023     5.2993     75.112     29.102  23.183579     3.5914      7.713   275.2328 4.3837e+02     4.2271      0.170      0.247    14.8310   999.1411 0.0000e+00
      0.177      0.023     5.3054     75.150     29.112  23.190027     3.5826      7.708   275.4148 4.2250e+02     4.1926      0.174      0.253    14.8289   999.1415 0.0000e+00
      0.181      0.022     5.3130     75.184     29.123  23.197523     3.5748      7.703   275.6498 4.3568e+02     4.1716      0.177      0.257    14.8292   999.1414 0.0000e+00
      0.185      0.021     5.3161     75.193     29.141  23.210786     3.5400      7.697   275.9228 5.0017e+02     4.2026      0.182      0.264    14.8286   999.1415 0.0000e+00
