Data/DataNotYetUploadedToEDI/Raw_CTD/RawDownloads/102819_bvr50.cnv
* Sea-Bird SBE19plus  Data File:
* FileName = C:\DATA\102819_fcr50_0002.hex
* Software version 2.8.0.119 SB_Terminal.dll
* Temperature SN = 7809
* Conductivity SN = 7809
* System UpLoad Time = Oct 28 2019 15:21:09
* <ApplicationData>
* <Seaterm232>
# nquan = 16
# nvalues = 1834                        
# units = specified
# name 0 = depFM: Depth [fresh water, m]
# name 1 = dz/dtM: Descent Rate [m/s]
# name 2 = sbeox0ML/L: Oxygen, SBE 43 [ml/l]
# name 3 = sbeox0PS: Oxygen, SBE 43 [% saturation]
# name 4 = specc: Specific Conductance [uS/cm]
# name 5 = c0uS/cm: Conductivity [uS/cm]
# name 6 = flECO-AFL: Fluorescence, WET Labs ECO-AFL/FL [mg/m^3]
# name 7 = ph: pH
# name 8 = orp: Oxidation Reduction Potential [mV]
# name 9 = par/sat/log: PAR/Logarithmic, Satlantic
# name 10 = turbWETntu0: Turbidity, WET Labs ECO [NTU]
# name 11 = prdM: Pressure, Strain Gauge [db]
# name 12 = prdE: Pressure, Strain Gauge [psi]
# name 13 = tv290C: Temperature [ITS-90, deg C]
# name 14 = density00: Density [density, kg/m^3]
# name 15 = flag:  0.000e+00
# span 0 =     -0.485,     10.005       
# span 1 =     -0.058,      0.154       
# span 2 =     0.0508,     6.6747       
# span 3 =      0.644,     95.976       
# span 4 =     28.670,    285.342       
# span 5 =  23.088112, 195.927049       
# span 6 =     1.1308,     6.0852       
# span 7 =      6.305,      8.781       
# span 8 =   -95.0489,   316.2425       
# span 9 = 1.2351e-01, 1.7016e+03       
# span 10 =     2.0090,    27.2136      
# span 11 =     -0.484,      9.813      
# span 12 =     -0.703,     14.232      
# span 13 =     9.3054,    16.4514      
# span 14 =   998.8820,   999.9156      
# span 15 = 0.0000e+00, 0.0000e+00      
# interval = seconds: 0.25
# start_time = Oct 28 2019 14:46:30 [Instrument's time stamp, header]
# bad_flag = -9.990e-29
*END*
[from data line 995]
      4.613      0.029     4.4815     63.186     29.532  23.265438     4.6114      6.920   311.5349 3.8951e-01     4.4437      4.524      6.562    14.4035   999.2240 0.0000e+00
      4.619      0.028     4.4894     63.216     29.555  23.279289     4.6259      6.920   311.6250 3.7991e-01     4.3883      4.529      6.568    14.4007   999.2244 0.0000e+00
      4.625      0.028     4.5019     63.146     29.561  23.280652     4.6498      6.920   311.7655 3.6865e-01     4.2898      4.535      6.577    14.3964   999.2251 0.0000e+00
      4.632      0.029     4.5125     62.967     29.566  23.281920     4.6573      6.919   311.8573 3.6233e-01     4.2361      4.542      6.587    14.3914   999.2259 0.0000e+00
      4.640      0.031     4.5186     62.712     29.586  23.294617     4.6565      6.918   311.8742 3.6121e-01     4.2311      4.551      6.600    14.3866   999.2266 0.0000e+00
      4.650      0.033     4.5233     62.401     29.606  23.307296     4.6575      6.918   311.8833 3.5625e-01     4.2940      4.560      6.615    14.3808   999.2275 0.0000e+00
      4.658      0.035     4.5194     62.070     29.611  23.308355     4.6600      6.918   311.9672 3.4728e-01     4.4067      4.569      6.626    14.3746   999.2284 0.0000e+00
      4.666      0.035     4.5050     61.746     29.612  23.307410     4.6609      6.918   312.0287 3.4590e-01     4.4469      4.576      6.635    14.3693   999.2292 0.0000e+00
      4.675      0.034     4.4882     61.432     29.598  23.295878     4.6518      6.917   312.0242 3.4578e-01     4.4524      4.584      6.648    14.3637   999.2301 0.0000e+00
      4.686      0.031     4.4647     61.134     29.598  23.295783     4.6100      6.916   311.9993 3.3784e-01     4.5710      4.595      6.664    14.3583   999.2309 0.0000e+00
      4.696      0.028     4.4407     60.870     29.611  23.306268     4.5459      6.915   311.8994 3.2977e-01     4.7670      4.606      6.681    14.3545   999.2315 0.0000e+00
      4.703      0.024     4.4181     60.646     29.597  23.295784     4.5104      6.913   311.8489 3.1766e-01     4.8562      4.613      6.690    14.3517   999.2319 0.0000e+00
      4.706      0.020     4.3959     60.470     29.596  23.295889     4.5004      6.913   311.9049 3.0752e-01     4.8637      4.615      6.694    14.3497   999.2322 0.0000e+00
      4.709      0.017     4.3735     60.352     29.610  23.307525     4.5289      6.913   311.8893 3.0215e-01     4.7920      4.618      6.698    14.3495   999.2323 0.0000e+00
      4.711      0.015     4.3547     60.272     29.612  23.309613     4.5951      6.914   311.8315 2.9280e-01     4.6119      4.620      6.701    14.3507   999.2321 0.0000e+00
      4.714      0.014     4.3387     60.209     29.626  23.321138     4.6421      6.914   311.8082 2.9995e-01     4.4884      4.622      6.704    14.3517   999.2320 0.0000e+00
      4.718      0.014     4.3249     60.187     29.624  23.320003     4.6634      6.913   311.7801 3.2344e-01     4.4459      4.626      6.710    14.3523   999.2319 0.0000e+00
      4.724      0.013     4.3175     60.218     29.593  23.295897     4.6627      6.913   311.7488 3.2134e-01     4.4254      4.634      6.721    14.3531   999.2318 0.0000e+00
      4.729      0.012     4.3126     60.268     29.576  23.283411     4.6155      6.912   311.8608 2.9579e-01     4.3715      4.639      6.728    14.3543   999.2317 0.0000e+00
      4.731      0.011     4.3070     60.326     29.591  23.295898     4.5436      6.912   312.0154 2.8690e-01     4.2858      4.639      6.728    14.3553   999.2315 0.0000e+00
      4.731      0.011     4.3042     60.397     29.621  23.320003     4.5047      6.912   311.9835 2.8573e-01     4.2404      4.639      6.728    14.3565   999.2314 0.0000e+00
      4.732      0.011     4.3085     60.466     29.622  23.321136     4.5010      6.912   311.9911 2.8605e-01     4.2168      4.640      6.730    14.3574   999.2312 0.0000e+00
      4.735      0.013     4.3118     60.529     29.609  23.309602     4.4984      6.912   312.1077 2.9652e-01     4.2299      4.643      6.734    14.3578   999.2312 0.0000e+00
      4.738      0.016     4.3152     60.583     29.609  23.307410     4.4822      6.912   312.1883 3.0365e-01     4.2679      4.646      6.738    14.3600   999.2309 0.0000e+00
      4.743      0.018     4.3211     60.625     29.596  23.294630     4.4612      6.912   312.1922 3.0931e-01     4.2503      4.651      6.745    14.3619   999.2307 0.0000e+00
      4.749      0.019     4.3259     60.656     29.581  23.281936     4.4433      6.911   312.1539 3.0433e-01     4.2133      4.657      6.755    14.3616   999.2307 0.0000e+00
      4.755      0.019     4.3306     60.678     29.580  23.280791     4.4047      6.911   312.1558 2.9208e-01     4.2144      4.663      6.764    14.3595   999.2310 0.0000e+00
      4.760      0.019     4.3350     60.685     29.580  23.280790     4.3501      6.912   312.1297 2.9144e-01     4.2309      4.667      6.771    14.3556   999.2316 0.0000e+00
      4.765      0.019     4.3384     60.689     29.582  23.281924     4.3202      6.912   312.1825 2.8533e-01     4.2156      4.673      6.778    14.3518   999.2322 0.0000e+00
      4.769      0.019     4.3404     60.703     29.600  23.294505     4.3122      6.912   312.2777 2.7899e-01     4.1930      4.677      6.783    14.3492   999.2326 0.0000e+00
      4.773      0.020     4.3430     60.724     29.616  23.306039     4.3226      6.911   312.1620 2.8362e-01     4.2528      4.679      6.786    14.3476   999.2328 0.0000e+00
      4.778      0.021     4.3426     60.739     29.601  23.294516     4.3591      6.911   312.0748 2.7788e-01     4.3493      4.685      6.795    14.3481   999.2328 0.0000e+00
      4.784      0.023     4.3427     60.739     29.586  23.282039     4.3895      6.911   312.0833 2.6121e-01     4.4098      4.692      6.805    14.3479   999.2328 0.0000e+00
      4.790      0.024     4.3439     60.741     29.586  23.282039     4.4039      6.911   312.0919 2.5302e-01     4.4268      4.698      6.813    14.3451   999.2333 0.0000e+00
      4.796      0.026     4.3458     60.741     29.604  23.294516     4.5507      6.910   312.2648 2.5498e-01     4.3580      4.704      6.822    14.3433   999.2336 0.0000e+00
      4.803      0.026     4.3478     60.737     29.620  23.306040     4.8290      6.909   312.4536 2.5683e-01     4.2658      4.710      6.832    14.3438   999.2335 0.0000e+00
      4.810      0.026     4.3464     60.740     29.608  23.294505     4.9865      6.909   312.4818 2.6261e-01     4.2298      4.717      6.841    14.3440   999.2335 0.0000e+00
      4.817      0.025     4.3475     60.753     29.594  23.281915     5.0158      6.908   312.4336 2.6635e-01     4.2177      4.723      6.851    14.3423   999.2338 0.0000e+00
      4.824      0.024     4.3476     60.773     29.593  23.280667     5.0269      6.907   312.3870 2.5428e-01     4.2181      4.731      6.863    14.3403   999.2341 0.0000e+00
      4.830      0.024     4.3472     60.798     29.591  23.279419     5.1205      6.906   312.3487 2.4210e-01     4.2340      4.738      6.872    14.3376   999.2345 0.0000e+00
      4.835      0.023     4.3475     60.801     29.575  23.266828     5.3158      6.906   312.4008 2.3782e-01     4.2463      4.741      6.877    14.3335   999.2351 0.0000e+00
      4.840      0.022     4.3493     60.776     29.560  23.255294     5.4278      6.906   312.5001 2.3459e-01     4.2356      4.746      6.884    14.3309   999.2355 0.0000e+00
      4.846      0.021     4.3501     60.748     29.575  23.266826     5.4266      6.906   312.5166 2.3999e-01     4.2360      4.752      6.893    14.3308   999.2356 0.0000e+00
      4.853      0.020     4.3531     60.728     29.590  23.279398     5.3095      6.906   312.5153 2.4654e-01     4.3490      4.759      6.902    14.3307   999.2356 0.0000e+00
      4.858      0.020     4.3539     60.721     29.590  23.280447     5.0951      6.905   312.4843 2.4190e-01     4.5534      4.764      6.909    14.3311   999.2355 0.0000e+00
      4.862      0.020     4.3501     60.709     29.588  23.279512     4.9677      6.905   312.3993 2.3724e-01     4.6754      4.768      6.916    14.3321   999.2354 0.0000e+00
      4.866      0.021     4.3491     60.684     29.573  23.268083     4.9393      6.905   312.3482 2.3550e-01     4.6766      4.772      6.922    14.3321   999.2355 0.0000e+00
      4.871      0.022     4.3461     60.672     29.576  23.269133     4.8213      6.904   312.2968 2.3481e-01     4.6016      4.776      6.928    14.3337   999.2352 0.0000e+00
      4.877      0.022     4.3468     60.690     29.607  23.292200     4.5983      6.903   312.2943 2.4356e-01     4.4888      4.782      6.936    14.3359   999.2350 0.0000e+00
      4.884      0.022     4.3461     60.727     29.611  23.293249     4.4710      6.904   312.4036 2.4157e-01     4.4273      4.789      6.946    14.3370   999.2349 0.0000e+00
      4.891      0.022     4.3431     60.762     29.599  23.281811     4.4441      6.904   312.4141 2.2387e-01     4.4474      4.796      6.957    14.3380   999.2347 0.0000e+00
      4.896      0.021     4.3420     60.783     29.600  23.280771     4.3351      6.905   312.3355 2.2075e-01     4.5364      4.802      6.965    14.3359   999.2350 0.0000e+00
      4.901      0.019     4.3440     60.776     29.600  23.280678     4.1408      6.905   312.3126 2.2625e-01     4.6511      4.806      6.971    14.3309   999.2358 0.0000e+00
      4.905      0.018     4.3481     60.771     29.600  23.280679     4.0374      6.905   312.2241 2.2764e-01     4.7204      4.811      6.978    14.3279   999.2362 0.0000e+00
      4.909      0.017     4.3501     60.769     29.600  23.280782     4.0302      6.905   312.1257 2.2245e-01     4.7183      4.814      6.984    14.3256   999.2366 0.0000e+00
      4.913      0.016     4.3539     60.734     29.602  23.281926     4.0272      6.905   312.1553 2.1314e-01     4.6914      4.818      6.987    14.3224   999.2370 0.0000e+00
      4.917      0.016     4.3512     60.688     29.618  23.294508     4.1138      6.905   312.2381 2.0778e-01     4.6249      4.822      6.993    14.3221   999.2371 0.0000e+00
      4.922      0.015     4.3504     60.655     29.633  23.306041     4.2791      6.904   312.2666 1.9955e-01     4.5029      4.827      7.001    14.3229   999.2370 0.0000e+00
      4.926      0.015     4.3532     60.626     29.618  23.294507     4.3612      6.903   312.2406 1.9205e-01     4.4293      4.832      7.008    14.3215   999.2373 0.0000e+00
      4.930      0.015     4.3489     60.611     29.602  23.281926     4.3787      6.904   312.2691 1.9578e-01     4.4232      4.835      7.012    14.3203   999.2375 0.0000e+00
      4.932      0.015     4.3447     60.614     29.602  23.280784     4.5078      6.904   312.3526 2.0996e-01     4.4289      4.837      7.015    14.3205   999.2374 0.0000e+00
      4.935      0.017     4.3433     60.615     29.604  23.280689     4.7423      6.904   312.4752 2.2145e-01     4.4330      4.839      7.018    14.3211   999.2374 0.0000e+00
      4.939      0.020     4.3407     60.618     29.609  23.280784     4.8820      6.904   312.6335 2.1838e-01     4.4724      4.844      7.025    14.3220   999.2372 0.0000e+00
      4.945      0.024     4.3387     60.613     29.614  23.281927     4.9050      6.904   312.7181 2.0806e-01     4.5452      4.849      7.034    14.3221   999.2373 0.0000e+00
      4.951      0.028     4.3409     60.574     29.633  23.294509     4.8739      6.904   312.7241 1.9834e-01     4.6576      4.855      7.041    14.3202   999.2376 0.0000e+00
      4.959      0.030     4.3403     60.519     29.651  23.306042     4.8094      6.903   312.7047 1.9262e-01     4.8156      4.862      7.052    14.3166   999.2381 0.0000e+00
      4.969      0.030     4.3412     60.464     29.639  23.294510     4.7833      6.902   312.5698 1.8776e-01     4.9148      4.873      7.067    14.3114   999.2389 0.0000e+00
      4.979      0.030     4.3431     60.408     29.624  23.281939     4.7753      6.901   312.3847 1.8374e-01     4.9402      4.884      7.083    14.3055   999.2398 0.0000e+00
      4.987      0.029     4.3395     60.357     29.623  23.280899     4.6181      6.901   312.3597 1.9392e-01     4.8277      4.891      7.094    14.3007   999.2405 0.0000e+00
      4.992      0.027     4.3353     60.317     29.626  23.281939     4.3395      6.901   312.4383 2.0264e-01     4.6031      4.895      7.099    14.2974   999.2410 0.0000e+00
      4.997      0.025     4.3324     60.289     29.644  23.294511     4.1979      6.901   312.4753 1.8986e-01     4.4860      4.898      7.105    14.2945   999.2414 0.0000e+00
      5.004      0.025     4.3277     60.245     29.661  23.306043     4.1807      6.901   312.4626 1.7378e-01     4.4602      4.906      7.117    14.2925   999.2417 0.0000e+00
      5.011      0.025     4.3241     60.131     29.649  23.294510     4.0443      6.900   312.4564 1.7025e-01     4.4874      4.914      7.128    14.2915   999.2419 0.0000e+00
      5.016      0.026     4.3217     59.972     29.634  23.281929     3.7879      6.899   312.4867 1.6903e-01     4.5860      4.919      7.134    14.2898   999.2422 0.0000e+00
      5.022      0.027     4.3196     59.837     29.633  23.280786     3.6469      6.899   312.4852 1.7468e-01     4.6695      4.925      7.143    14.2868   999.2426 0.0000e+00
      5.030      0.027     4.3201     59.727     29.634  23.280683     3.6400      6.899   312.4387 1.8273e-01     4.7099      4.933      7.154    14.2834   999.2432 0.0000e+00
      5.037      0.026     4.3110     59.629     29.635  23.280683     3.6526      6.898   312.4407 1.7416e-01     4.7138      4.940      7.165    14.2810   999.2435 0.0000e+00
      5.044      0.026     4.2965     59.554     29.636  23.280795     3.6954      6.897   312.5097 1.6274e-01     4.6840      4.946      7.174    14.2792   999.2438 0.0000e+00
      5.051      0.025     4.2881     59.499     29.639  23.282034     3.7675      6.898   312.5845 1.5759e-01     4.6446      4.953      7.185    14.2782   999.2440 0.0000e+00
      5.058      0.024     4.2805     59.463     29.657  23.295656     3.8131      6.898   312.6555 1.6122e-01     4.6308      4.960      7.194    14.2776   999.2441 0.0000e+00
      5.063      0.023     4.2731     59.469     29.686  23.318626     3.8391      6.898   312.7661 1.6399e-01     4.6493      4.965      7.201    14.2760   999.2444 0.0000e+00
      5.068      0.022     4.2678     59.499     29.671  23.306043     3.9789      6.897   312.8042 1.5921e-01     4.6712      4.970      7.209    14.2738   999.2447 0.0000e+00
      5.073      0.022     4.2651     59.502     29.626  23.270386     4.2204      6.896   312.6852 1.5829e-01     4.6658      4.975      7.216    14.2723   999.2450 0.0000e+00
      5.079      0.022     4.2606     59.499     29.624  23.268091     4.3572      6.896   312.6187 1.5938e-01     4.6502      4.981      7.224    14.2717   999.2451 0.0000e+00
      5.084      0.023     4.2616     59.505     29.638  23.278291     4.3762      6.896   312.6014 1.5445e-01     4.6783      4.987      7.231    14.2716   999.2451 0.0000e+00
      5.090      0.023     4.2668     59.516     29.624  23.266844     4.3625      6.896   312.5622 1.4386e-01     4.7758      4.992      7.240    14.2713   999.2452 0.0000e+00
      5.096      0.023     4.2649     59.526     29.612  23.256547     4.3306      6.895   312.5747 1.3946e-01     4.8792      4.998      7.248    14.2704   999.2453 0.0000e+00
      5.102      0.023     4.2647     59.516     29.644  23.280662     4.3108      6.895   312.5811 1.4372e-01     4.9123      5.004      7.258    14.2690   999.2455 0.0000e+00
      5.109      0.023     4.2658     59.484     29.675  23.304683     4.3048      6.896   312.6399 1.4772e-01     4.9141      5.011      7.268    14.2674   999.2458 0.0000e+00
