Data/DataNotYetUploadedToEDI/Raw_CTD/RawDownloads/102819_bvr50.cnv
* Sea-Bird SBE19plus  Data File:
* FileName = C:\DATA\102819_fcr50_0002.hex
* Software version 2.8.0.119 SB_Terminal.dll
* Temperature SN = 7809
* Conductivity SN = 7809
* System UpLoad Time = Oct 28 2019 15:21:09
* <ApplicationData>
* <Seaterm232>
# nquan = 16
# nvalues = 1834                        
# units = specified
# name 0 = depFM: Depth [fresh water, m]
# name 1 = dz/dtM: Descent Rate [m/s]
# name 2 = sbeox0ML/L: Oxygen, SBE 43 [ml/l]
# name 3 = sbeox0PS: Oxygen, SBE 43 [% saturation]
# name 4 = specc: Specific Conductance [uS/cm]
# name 5 = c0uS/cm: Conductivity [uS/cm]
# name 6 = flECO-AFL: Fluorescence, WET Labs ECO-AFL/FL [mg/m^3]
# name 7 = ph: pH
# name 8 = orp: Oxidation Reduction Potential [mV]
# name 9 = par/sat/log: PAR/Logarithmic, Satlantic
# name 10 = turbWETntu0: Turbidity, WET Labs ECO [NTU]
# name 11 = prdM: Pressure, Strain Gauge [db]
# name 12 = prdE: Pressure, Strain Gauge [psi]
# name 13 = tv290C: Temperature [ITS-90, deg C]
# name 14 = density00: Density [density, kg/m^3]
# name 15 = flag:  0.000e+00
# span 0 =     -0.485,     10.005       
# span 1 =     -0.058,      0.154       
# span 2 =     0.0508,     6.6747       
# span 3 =      0.644,     95.976       
# span 4 =     28.670,    285.342       
# span 5 =  23.088112, 195.927049       
# span 6 =     1.1308,     6.0852       
# span 7 =      6.305,      8.781       
# span 8 =   -95.0489,   316.2425       
# span 9 = 1.2351e-01, 1.7016e+03       
# span 10 =     2.0090,    27.2136      
# span 11 =     -0.484,      9.813      
# span 12 =     -0.703,     14.232      
# span 13 =     9.3054,    16.4514      
# span 14 =   998.8820,   999.9156      
# span 15 = 0.0000e+00, 0.0000e+00      
# interval = seconds: 0.25
# start_time = Oct 28 2019 14:46:30 [Instrument's time stamp, header]
# bad_flag = -9.990e-29
*END*
[from data line 904]
      4.168      0.017     4.7609     66.654     29.252  23.107550     4.8055      6.947   310.1722 8.0234e-01     4.3940      4.089      5.930    14.5032   999.2075 0.0000e+00
      4.173      0.016     4.7604     66.681     29.243  23.100725     4.8415      6.947   310.2563 7.8057e-01     4.3990      4.093      5.937    14.5044   999.2074 0.0000e+00
      4.176      0.014     4.7592     66.664     29.251  23.107426     4.8534      6.946   310.2520 7.6561e-01     4.3929      4.095      5.939    14.4999   999.2081 0.0000e+00
      4.178      0.012     4.7519     66.629     29.275  23.125137     4.8538      6.945   310.2064 7.6468e-01     4.3206      4.097      5.942    14.4952   999.2088 0.0000e+00
      4.181      0.010     4.7535     66.598     29.276  23.124570     4.8467      6.944   310.2204 7.7001e-01     4.2455      4.101      5.946    14.4935   999.2090 0.0000e+00
      4.184      0.010     4.7591     66.555     29.247  23.100568     4.8450      6.944   310.1639 7.7742e-01     4.2378      4.103      5.951    14.4951   999.2088 0.0000e+00
      4.186      0.011     4.7551     66.533     29.234  23.088659     4.8413      6.945   310.0397 7.7969e-01     4.2279      4.105      5.954    14.4953   999.2088 0.0000e+00
      4.189      0.012     4.7521     66.535     29.259  23.107437     4.8373      6.945   310.0092 7.7372e-01     4.1914      4.108      5.957    14.4927   999.2092 0.0000e+00
      4.191      0.013     4.7525     66.518     29.299  23.137319     4.8569      6.946   310.0521 7.6551e-01     4.2557      4.109      5.960    14.4901   999.2095 0.0000e+00
      4.194      0.015     4.7473     66.499     29.296  23.132800     4.8969      6.946   310.0423 7.6436e-01     4.4153      4.112      5.964    14.4880   999.2099 0.0000e+00
      4.198      0.017     4.7452     66.494     29.277  23.116234     4.9216      6.946   310.0635 7.6579e-01     4.4825      4.117      5.971    14.4864   999.2101 0.0000e+00
      4.204      0.017     4.7489     66.484     29.293  23.127310     4.9126      6.944   310.1365 7.4876e-01     4.4451      4.123      5.980    14.4843   999.2103 0.0000e+00
      4.209      0.016     4.7458     66.481     29.311  23.139855     4.8920      6.943   310.0637 7.2845e-01     4.4231      4.128      5.987    14.4815   999.2109 0.0000e+00
      4.214      0.015     4.7443     66.503     29.314  23.141047     4.8890      6.943   309.9578 7.2661e-01     4.4454      4.133      5.994    14.4791   999.2113 0.0000e+00
      4.218      0.013     4.7456     66.519     29.315  23.141722     4.8940      6.943   310.0606 7.2994e-01     4.4849      4.138      6.001    14.4766   999.2116 0.0000e+00
      4.221      0.010     4.7448     66.499     29.322  23.148022     4.8919      6.942   310.1885 7.2696e-01     4.4748      4.140      6.005    14.4726   999.2122 0.0000e+00
      4.222      0.007     4.7436     66.454     29.328  23.153780     4.8638      6.940   310.2136 7.2140e-01     4.4866      4.140      6.005    14.4691   999.2127 0.0000e+00
      4.223      0.006     4.7468     66.403     29.320  23.147909     4.8134      6.940   310.2780 7.1830e-01     4.5952      4.141      6.006    14.4677   999.2130 0.0000e+00
      4.224      0.006     4.7493     66.357     29.310  23.140474     4.7856      6.940   310.3648 7.1585e-01     4.7061      4.143      6.008    14.4671   999.2131 0.0000e+00
      4.225      0.007     4.7467     66.316     29.292  23.127315     4.7799      6.940   310.4028 7.2599e-01     4.7464      4.144      6.010    14.4677   999.2130 0.0000e+00
      4.226      0.009     4.7433     66.277     29.276  23.115669     4.7274      6.940   310.4794 7.3493e-01     4.6573      4.144      6.010    14.4693   999.2128 0.0000e+00
      4.229      0.010     4.7385     66.235     29.288  23.126520     4.6276      6.940   310.6028 7.2278e-01     4.5130      4.146      6.012    14.4714   999.2125 0.0000e+00
      4.233      0.012     4.7359     66.195     29.293  23.131658     4.5704      6.940   310.6901 7.1341e-01     4.4430      4.151      6.019    14.4720   999.2124 0.0000e+00
      4.237      0.014     4.7325     66.175     29.272  23.114364     4.5551      6.940   310.6737 7.1418e-01     4.4019      4.155      6.027    14.4725   999.2124 0.0000e+00
      4.239      0.016     4.7300     66.174     29.268  23.107714     4.5386      6.941   310.5770 7.2125e-01     4.3760      4.157      6.030    14.4748   999.2120 0.0000e+00
      4.242      0.017     4.7265     66.178     29.283  23.114683     4.5179      6.941   310.5531 7.2610e-01     4.3924      4.160      6.034    14.4777   999.2116 0.0000e+00
      4.247      0.017     4.7224     66.188     29.314  23.135181     4.5124      6.941   310.5568 7.0687e-01     4.4031      4.165      6.041    14.4812   999.2111 0.0000e+00
      4.252      0.018     4.7214     66.220     29.355  23.165252     4.5244      6.940   310.5363 6.8260e-01     4.4068      4.170      6.048    14.4802   999.2112 0.0000e+00
      4.257      0.019     4.7224     66.262     29.351  23.161110     4.5254      6.939   310.5631 6.8260e-01     4.4043      4.176      6.057    14.4729   999.2123 0.0000e+00
      4.262      0.019     4.7241     66.284     29.334  23.148529     4.5239      6.938   310.6221 6.9172e-01     4.3078      4.180      6.063    14.4645   999.2136 0.0000e+00
      4.267      0.019     4.7242     66.273     29.321  23.139998     4.5321      6.938   310.6475 6.8871e-01     4.1911      4.184      6.068    14.4567   999.2147 0.0000e+00
      4.272      0.019     4.7278     66.245     29.296  23.121398     4.5456      6.938   310.6122 6.7750e-01     4.2058      4.190      6.077    14.4520   999.2155 0.0000e+00
      4.277      0.019     4.7316     66.200     29.286  23.113942     4.5662      6.937   310.5398 6.6511e-01     4.2556      4.194      6.083    14.4513   999.2156 0.0000e+00
      4.282      0.019     4.7338     66.138     29.286  23.113273     4.6516      6.937   310.4611 6.5770e-01     4.3015      4.198      6.089    14.4528   999.2154 0.0000e+00
      4.287      0.019     4.7315     66.080     29.287  23.113312     4.8063      6.937   310.4341 6.5635e-01     4.4000      4.204      6.097    14.4563   999.2149 0.0000e+00
      4.292      0.018     4.7294     66.036     29.291  23.114408     4.9024      6.937   310.4721 6.4660e-01     4.4634      4.209      6.104    14.4586   999.2145 0.0000e+00
      4.297      0.017     4.7267     66.004     29.307  23.126522     4.9207      6.937   310.5762 6.4134e-01     4.4455      4.215      6.113    14.4592   999.2145 0.0000e+00
      4.301      0.016     4.7209     65.965     29.315  23.132918     5.0358      6.937   310.5740 6.5239e-01     4.3470      4.219      6.119    14.4584   999.2146 0.0000e+00
      4.305      0.014     4.7178     65.935     29.309  23.128303     5.2711      6.936   310.4462 6.4904e-01     4.2234      4.221      6.122    14.4552   999.2152 0.0000e+00
      4.308      0.012     4.7139     65.936     29.316  23.134165     5.4079      6.935   310.4067 6.3182e-01     4.1962      4.225      6.128    14.4526   999.2155 0.0000e+00
      4.311      0.012     4.7133     65.950     29.323  23.140361     5.4157      6.936   310.4414 6.3362e-01     4.2482      4.228      6.132    14.4519   999.2156 0.0000e+00
      4.313      0.013     4.7099     65.963     29.322  23.139785     5.3038      6.938   310.5209 6.4529e-01     4.2626      4.229      6.134    14.4519   999.2157 0.0000e+00
      4.315      0.014     4.7062     65.969     29.307  23.127203     5.0867      6.938   310.5075 6.5089e-01     4.2058      4.232      6.136    14.4519   999.2156 0.0000e+00
      4.318      0.016     4.7078     65.963     29.292  23.115093     4.9677      6.937   310.4521 6.5341e-01     4.1847      4.234      6.141    14.4521   999.2157 0.0000e+00
      4.323      0.019     4.7086     65.953     29.299  23.120232     4.9575      6.937   310.5392 6.4606e-01     4.2355      4.238      6.147    14.4536   999.2155 0.0000e+00
      4.329      0.021     4.7094     65.950     29.307  23.125903     4.8930      6.937   310.6142 6.3593e-01     4.2957      4.245      6.158    14.4543   999.2154 0.0000e+00
      4.336      0.024     4.7105     65.954     29.301  23.120232     4.7602      6.937   310.6701 6.3161e-01     4.3564      4.252      6.168    14.4537   999.2155 0.0000e+00
      4.342      0.027     4.7097     65.978     29.295  23.115093     4.6783      6.937   310.7846 6.2363e-01     4.4116      4.258      6.175    14.4529   999.2156 0.0000e+00
      4.347      0.028     4.7087     66.021     29.311  23.127203     4.6653      6.936   310.7941 6.1160e-01     4.4391      4.262      6.183    14.4513   999.2159 0.0000e+00
      4.354      0.028     4.7090     66.053     29.327  23.139785     4.6729      6.936   310.6996 5.9887e-01     4.4265      4.268      6.190    14.4500   999.2161 0.0000e+00
      4.364      0.027     4.7088     66.059     29.327  23.140361     4.7534      6.936   310.6748 5.7987e-01     4.4237      4.280      6.207    14.4499   999.2162 0.0000e+00
      4.374      0.025     4.7101     66.040     29.320  23.134165     4.8929      6.935   310.7518 5.6862e-01     4.4383      4.292      6.223    14.4491   999.2163 0.0000e+00
      4.381      0.023     4.7150     65.998     29.313  23.128303     4.9629      6.934   310.8566 5.7489e-01     4.4393      4.298      6.232    14.4471   999.2167 0.0000e+00
      4.384      0.021     4.7173     65.957     29.318  23.132918     4.9589      6.935   310.9096 5.7518e-01     4.4681      4.300      6.237    14.4471   999.2166 0.0000e+00
      4.386      0.020     4.7173     65.925     29.310  23.126523     4.8960      6.935   310.8765 5.6680e-01     4.4912      4.301      6.238    14.4483   999.2165 0.0000e+00
      4.390      0.020     4.7167     65.887     29.295  23.114418     4.7842      6.934   310.7999 5.6418e-01     4.4560      4.303      6.241    14.4470   999.2167 0.0000e+00
      4.395      0.021     4.7123     65.854     29.295  23.113426     4.7254      6.934   310.8434 5.5368e-01     4.4356      4.309      6.250    14.4469   999.2167 0.0000e+00
      4.402      0.022     4.7089     65.846     29.296  23.114531     4.7139      6.934   310.9730 5.3952e-01     4.4746      4.317      6.262    14.4504   999.2163 0.0000e+00
      4.410      0.023     4.7075     65.821     29.312  23.127771     4.6096      6.934   310.9904 5.3842e-01     4.5011      4.326      6.274    14.4499   999.2164 0.0000e+00
      4.416      0.023     4.7050     65.766     29.337  23.146642     4.4182      6.934   310.9678 5.3882e-01     4.4616      4.333      6.283    14.4466   999.2168 0.0000e+00
      4.421      0.022     4.7010     65.729     29.345  23.152408     4.3158      6.933   310.9583 5.3518e-01     4.4236      4.336      6.289    14.4463   999.2169 0.0000e+00
      4.425      0.020     4.7024     65.702     29.322  23.134052     4.3258      6.932   310.8752 5.3426e-01     4.4341      4.339      6.294    14.4467   999.2169 0.0000e+00
      4.430      0.019     4.7021     65.663     29.300  23.114990     4.4258      6.932   310.8228 5.3488e-01     4.4579      4.344      6.300    14.4474   999.2168 0.0000e+00
      4.435      0.019     4.6945     65.623     29.299  23.112221     4.5798      6.932   310.8411 5.2998e-01     4.4817      4.350      6.309    14.4464   999.2170 0.0000e+00
      4.440      0.020     4.6933     65.569     29.286  23.100583     4.6537      6.931   310.8385 5.2598e-01     4.4919      4.354      6.315    14.4455   999.2172 0.0000e+00
      4.444      0.022     4.6929     65.510     29.289  23.101140     4.6690      6.931   310.8777 5.2330e-01     4.4825      4.357      6.320    14.4450   999.2172 0.0000e+00
      4.448      0.024     4.6884     65.471     29.314  23.118955     4.7641      6.931   310.9704 5.0900e-01     4.4667      4.361      6.326    14.4418   999.2177 0.0000e+00
      4.455      0.025     4.6876     65.432     29.326  23.125675     4.9284      6.932   310.9270 4.9791e-01     4.4652      4.368      6.335    14.4384   999.2183 0.0000e+00
      4.463      0.027     4.6837     65.379     29.322  23.118956     5.0175      6.932   310.8700 5.0323e-01     4.4640      4.377      6.348    14.4361   999.2186 0.0000e+00
      4.472      0.028     4.6779     65.329     29.303  23.101142     5.0170      6.932   310.9690 5.0807e-01     4.4526      4.385      6.361    14.4337   999.2189 0.0000e+00
      4.479      0.027     4.6772     65.279     29.306  23.100587     5.0098      6.932   311.0050 5.0382e-01     4.4589      4.392      6.371    14.4301   999.2195 0.0000e+00
      4.486      0.024     4.6751     65.215     29.321  23.112241     5.0249      6.931   310.9612 4.9175e-01     4.4414      4.399      6.380    14.4248   999.2204 0.0000e+00
      4.493      0.021     4.6710     65.125     29.324  23.115182     5.0529      6.931   310.9558 4.8569e-01     4.4050      4.406      6.390    14.4192   999.2212 0.0000e+00
      4.498      0.019     4.6684     64.993     29.350  23.136149     5.0711      6.931   311.0256 4.9254e-01     4.4117      4.411      6.399    14.4140   999.2220 0.0000e+00
      4.501      0.017     4.6656     64.831     29.401  23.175460     5.0798      6.931   311.1165 4.9731e-01     4.4246      4.414      6.402    14.4089   999.2227 0.0000e+00
      4.504      0.017     4.6612     64.689     29.448  23.209893     5.1234      6.932   311.1951 4.9080e-01     4.4301      4.416      6.405    14.4074   999.2230 0.0000e+00
      4.507      0.018     4.6554     64.607     29.483  23.235318     5.1990      6.932   311.2873 4.8475e-01     4.4448      4.420      6.409    14.4104   999.2225 0.0000e+00
      4.511      0.020     4.6453     64.535     29.478  23.229133     5.2402      6.931   311.2849 4.8323e-01     4.4382      4.423      6.415    14.4125   999.2222 0.0000e+00
      4.517      0.022     4.6329     64.430     29.442  23.198541     5.2482      6.930   311.3375 4.7216e-01     4.4487      4.429      6.424    14.4106   999.2225 0.0000e+00
      4.524      0.023     4.6207     64.313     29.422  23.182586     5.1477      6.930   311.4932 4.6534e-01     4.4408      4.437      6.435    14.4060   999.2233 0.0000e+00
      4.531      0.023     4.6177     64.173     29.395  23.163090     4.9272      6.930   311.5323 4.6245e-01     4.3432      4.444      6.446    14.4012   999.2240 0.0000e+00
      4.537      0.023     4.6153     63.980     29.377  23.153106     4.7939      6.930   311.4670 4.5130e-01     4.2522      4.450      6.454    14.3971   999.2246 0.0000e+00
      4.542      0.023     4.6051     63.718     29.417  23.188742     4.7751      6.929   311.3925 4.4696e-01     4.2244      4.454      6.460    14.3941   999.2250 0.0000e+00
      4.547      0.024     4.5989     63.411     29.445  23.213382     4.7521      6.928   311.4058 4.4748e-01     4.3358      4.457      6.466    14.3919   999.2254 0.0000e+00
      4.552      0.026     4.5886     63.112     29.425  23.197287     4.7070      6.928   311.4550 4.3473e-01     4.5824      4.463      6.473    14.3943   999.2251 0.0000e+00
      4.558      0.030     4.5750     62.876     29.410  23.184447     4.6711      6.926   311.4710 4.1913e-01     4.7150      4.470      6.483    14.4036   999.2237 0.0000e+00
      4.566      0.034     4.5546     62.751     29.414  23.184997     4.6563      6.923   311.5145 4.1557e-01     4.6935      4.477      6.493    14.4127   999.2225 0.0000e+00
      4.576      0.035     4.5303     62.740     29.441  23.203929     4.6502      6.922   311.5497 4.1050e-01     4.6506      4.487      6.507    14.4170   999.2219 0.0000e+00
      4.589      0.035     4.5085     62.828     29.468  23.223064     4.6404      6.921   311.5528 4.0598e-01     4.5900      4.501      6.528    14.4159   999.2221 0.0000e+00
      4.600      0.034     4.4896     62.970     29.475  23.226052     4.6245      6.921   311.5516 4.0608e-01     4.5180      4.512      6.544    14.4114   999.2229 0.0000e+00
