Data/DataNotYetUploadedToEDI/Raw_CTD/RawDownloads/102918_fcr50.cnv
* Sea-Bird SBE19plus  Data File:
* FileName = C:\DATA\101518_fcr_0017.hex
* Software version 2.6.3.104
* Temperature SN = 7809
* Conductivity SN = 7809
* System UpLoad Time = Oct 29 2018 16:41:46
* <ApplicationData>
* <Seaterm232>
# nquan = 17
# nvalues = 695                         
# units = specified
# name 0 = depFM: Depth [fresh water, m]
# name 1 = tv290C: Temperature [ITS-90, deg C]
# name 2 = sbeox0Mg/L: Oxygen, SBE 43 [mg/l]
# name 3 = sbeox0PS: Oxygen, SBE 43 [% saturation]
# name 4 = c0uS/cm: Conductivity [uS/cm]
# name 5 = specc: Specific Conductance [uS/cm]
# name 6 = ph: pH
# name 7 = orp: Oxidation Reduction Potential [mV]
# name 8 = flECO-AFL: Fluorescence, WET Labs ECO-AFL/FL [mg/m^3]
# name 9 = turbWETntu0: Turbidity, WET Labs ECO [NTU]
# name 10 = sal00: Salinity, Practical [PSU]
# name 11 = dz/dtM: Descent Rate [m/s]
# name 12 = prdM: Pressure, Strain Gauge [db]
# name 13 = prdE: Pressure, Strain Gauge [psi]
# name 14 = scan: Scan Count
# name 15 = par/sat/log: PAR/Logarithmic, Satlantic
# name 16 = flag:  0.000e+00
# span 0 =     -0.615,      9.687       
# span 1 =    11.0905,    12.4389       
# span 2 =     5.4846,    10.7004       
# span 3 =     51.075,     99.976       
# span 4 =   0.741854,  35.864599       
# span 5 =      1.005,     48.975       
# span 6 =      5.786,      8.112       
# span 7 =    -9.6655,  1240.2295       
# span 8 =    -0.2143,     2.5394       
# span 9 =    -0.3183,    13.7676       
# span 10 =     0.0059,     0.0253      
# span 11 =     -0.216,      0.281      
# span 12 =     -0.602,      9.498      
# span 13 =     -0.874,     13.776      
# span 14 =          1,        695      
# span 15 = 1.2202e-01, 1.8927e+02      
# span 16 = 0.0000e+00, 0.0000e+00      
# interval = seconds: 0.25
# start_time = Oct 29 2018 15:36:16 [Instrument's time stamp, header]
# bad_flag = -9.990e-29
*END*
[from data line 86]
      0.111    12.1911     6.2278     58.031  28.357597     38.106      7.203   237.9587     1.5568     3.3744     0.0207      0.007      0.108      0.157         87 3.7041e+01 0.0000e+00
      0.114    12.1904     6.1964     57.737  28.391209     38.182      7.198   239.2459     1.5568     3.4012     0.0207      0.007      0.111      0.161         88 3.8694e+01 0.0000e+00
      0.115    12.1894     6.1663     57.456  28.355874     38.107      7.194   239.0945     1.5326     3.3207     0.0207      0.005      0.112      0.163         89 3.5120e+01 0.0000e+00
      0.114    12.1883     6.1331     57.145  28.342273     38.108      7.194   239.0187     1.5164     3.3475     0.0207      0.002      0.111      0.162         90 3.7131e+01 0.0000e+00
      0.112    12.1872     6.1095     56.924  28.348841     38.109      7.191   239.3216     1.5771     3.3341     0.0207      0.001      0.109      0.159         91 4.1784e+01 0.0000e+00
      0.109    12.1858     6.0735     56.586  28.347702     38.110      7.193   240.4573     1.5326     3.3072     0.0207      0.001      0.108      0.156         92 3.7588e+01 0.0000e+00
      0.109    12.1846     6.0433     56.304  28.402987     38.186      7.193   239.7380     1.6013     3.2938     0.0207      0.000      0.108      0.156         93 3.6176e+01 0.0000e+00
      0.112    12.1835     6.0158     56.046  28.398634     38.188      7.190   239.7002     1.6377     3.3207     0.0207     -0.000      0.110      0.160         94 3.9374e+01 0.0000e+00
      0.116    12.1828     5.9867     55.774  28.353119     38.114      7.190   240.5330     1.6054     3.2670     0.0207      0.000      0.113      0.164         95 3.6204e+01 0.0000e+00
      0.116    12.1817     5.9584     55.509  28.400332     38.190      7.185   240.6087     1.6175     3.3744     0.0207      0.001      0.114      0.166         96 3.5430e+01 0.0000e+00
      0.116    12.1804     5.9350     55.290  28.399173     38.191      7.176   240.6845     1.6094     3.2938     0.0207      0.002      0.114      0.166         97 3.8024e+01 0.0000e+00
      0.116    12.1794     5.9057     55.017  28.354561     38.117      7.165   241.0252     1.5932     3.2670     0.0207      0.003      0.115      0.167         98 3.6749e+01 0.0000e+00
      0.118    12.1783     5.8755     54.734  28.337259     38.118      7.158   240.9495     1.6134     3.3207     0.0207      0.004      0.115      0.167         99 3.7571e+01 0.0000e+00
      0.117    12.1774     5.8569     54.560  28.361409     38.119      7.155   241.5173     1.6337     3.3072     0.0207      0.004      0.114      0.165        100 4.0019e+01 0.0000e+00
      0.113    12.1761     5.8242     54.255  28.383805     38.195      7.151   241.3280     1.6701     3.2938     0.0207      0.002      0.111      0.162        101 4.0464e+01 0.0000e+00
      0.111    12.1748     5.8016     54.044  28.368685     38.121      7.149   240.9116     1.6984     3.2938     0.0207     -0.001      0.110      0.160        102 3.9687e+01 0.0000e+00
      0.113    12.1737     5.7755     53.798  28.380226     38.198      7.151   241.3280     1.6620     3.3207     0.0207     -0.002      0.111      0.161        103 3.5794e+01 0.0000e+00
      0.115    12.1727     5.7527     53.585  28.369444     38.124      7.156   241.7066     1.6781     3.4147     0.0207     -0.002      0.112      0.163        104 3.8568e+01 0.0000e+00
      0.116    12.1719     5.7340     53.407  28.382104     38.200      7.159   241.7445     1.6256     3.3207     0.0207     -0.001      0.112      0.163        105 3.9439e+01 0.0000e+00
      0.113    12.1708     5.7141     53.220  28.305174     38.051      7.158   242.2745     1.5973     3.3207     0.0206     -0.002      0.111      0.161        106 3.4510e+01 0.0000e+00
      0.112    12.1700     5.6918     53.010  28.346588     38.127      7.154   242.4637     1.6013     3.2535     0.0207     -0.002      0.109      0.159        107 3.8808e+01 0.0000e+00
      0.110    12.1694     5.6791     52.891  28.449159     38.278      7.151   241.4416     1.5851     3.2938     0.0207     -0.002      0.107      0.156        108 4.0364e+01 0.0000e+00
      0.106    12.1687     5.6602     52.715  28.355418     38.129      7.142   242.0852     1.4477     3.4415     0.0207     -0.002      0.105      0.152        109 3.6508e+01 0.0000e+00
      0.105    12.1682     5.6428     52.550  28.344653     38.129      7.135   242.4637     1.4274     3.3207     0.0207     -0.004      0.104      0.151        110 3.6816e+01 0.0000e+00
      0.107    12.1680     5.6355     52.479  28.343961     38.130      7.129   242.8423     1.4153     3.3475     0.0207     -0.005      0.103      0.150        111 3.6388e+01 0.0000e+00
      0.103    12.1673     5.6225     52.355  28.356281     38.131      7.130   242.8802     1.3991     3.3072     0.0207     -0.006      0.102      0.148        112 4.1819e+01 0.0000e+00
      0.103    12.1657     5.6253     52.380  28.388620     38.206      7.130   243.3723     1.4274     3.3610     0.0207     -0.006      0.102      0.148        113 4.4523e+01 0.0000e+00
      0.105    12.1639     5.6274     52.399  28.363013     38.131      7.120   243.2966     1.3910     3.3207     0.0207     -0.005      0.102      0.148        114 3.8144e+01 0.0000e+00
      0.104    12.1622     5.6123     52.257  28.388148     38.208      7.113   242.5395     1.4072     3.2938     0.0207     -0.003      0.103      0.150        115 3.5860e+01 0.0000e+00
      0.107    12.1602     5.6013     52.153  28.357339     38.135      7.112   242.5395     1.3708     3.2938     0.0207     -0.001      0.107      0.156        116 3.8779e+01 0.0000e+00
      0.117    12.1584     5.5978     52.118  28.342057     38.137      7.111   242.6152     1.4032     3.3878     0.0207      0.003      0.114      0.166        117 3.8159e+01 0.0000e+00
      0.126    12.1578     5.5877     52.021  28.347870     38.139      7.110   243.2588     1.3385     3.3341     0.0207      0.008      0.120      0.174        118 3.6609e+01 0.0000e+00
      0.125    12.1576     5.5741     51.892  28.350105     38.140      7.103   243.5616     1.3304     3.2670     0.0207      0.011      0.120      0.174        119 3.5371e+01 0.0000e+00
      0.117    12.1557     5.5645     51.802  28.398574     38.216      7.098   243.4859     1.3547     3.3744     0.0207      0.011      0.116      0.167        120 3.7664e+01 0.0000e+00
      0.112    12.1526     5.5527     51.691  28.406147     38.216      7.097   243.9402     1.3385     3.2133     0.0207      0.009      0.111      0.161        121 4.1963e+01 0.0000e+00
      0.111    12.1504     5.5431     51.602  28.399977     38.218      7.100   243.4102     1.3263     3.4684     0.0207      0.005      0.110      0.160        122 3.7068e+01 0.0000e+00
      0.116    12.1493     5.5400     51.574  28.346955     38.147      7.105   243.5616     1.3466     3.3878     0.0207      0.003      0.113      0.164        123 3.6838e+01 0.0000e+00
      0.118    12.1487     5.5301     51.483  28.353539     38.149      7.107   243.7509     1.3587     3.3207     0.0207     -0.000      0.115      0.166        124 3.8884e+01 0.0000e+00
      0.116    12.1478     5.5307     51.486  28.391785     38.225      7.101   243.7888     1.3385     3.3475     0.0207     -0.003      0.113      0.163        125 3.8409e+01 0.0000e+00
      0.110    12.1460     5.5310     51.487  28.358657     38.150      7.099   243.7509     1.2859     3.3341     0.0207     -0.005      0.109      0.158        126 3.7821e+01 0.0000e+00
      0.109    12.1439     5.5320     51.494  28.394767     38.227      7.100   244.0159     1.2616     3.2670     0.0207     -0.004      0.108      0.157        127 3.6952e+01 0.0000e+00
      0.112    12.1417     5.5369     51.538  28.406144     38.228      7.098   245.0002     1.2900     3.3610     0.0207     -0.002      0.110      0.160        128 3.9206e+01 0.0000e+00
      0.115    12.1400     5.5407     51.572  28.344498     38.155      7.097   244.2430     1.2859     3.3610     0.0207     -0.000      0.114      0.165        129 4.0763e+01 0.0000e+00
      0.121    12.1390     5.5407     51.570  28.352890     38.158      7.100   244.2809     1.3587     3.3744     0.0207      0.001      0.120      0.174        130 3.6643e+01 0.0000e+00
      0.131    12.1385     5.5431     51.591  28.395700     38.235      7.097   244.4323     1.3668     3.3475     0.0207      0.004      0.127      0.184        131 3.6704e+01 0.0000e+00
      0.136    12.1383     5.5384     51.546  28.409817     38.236      7.095   244.5080     1.3304     3.2938     0.0207      0.009      0.129      0.187        132 3.8544e+01 0.0000e+00
      0.126    12.1390     5.5284     51.451  28.394621     38.236      7.095   248.0288     1.3304     3.2670     0.0207      0.011      0.122      0.177        133 3.5480e+01 0.0000e+00
      0.111    12.1399     5.5244     51.412  28.414612     38.236      7.090   245.6438     1.3142     3.1730     0.0207      0.008      0.109      0.158        134 3.7618e+01 0.0000e+00
      0.097    12.1383     5.5124     51.300  28.444234     38.311      7.086   244.7352     1.4234     3.4012     0.0207     -0.001      0.097      0.141        135 4.5040e+01 0.0000e+00
      0.089    12.1362     5.4932     51.124  28.417053     38.235      7.085   245.1138     1.4153     3.3475     0.0207     -0.011      0.090      0.130        136 4.8377e+01 0.0000e+00
      0.088    12.1347     5.4846     51.075  28.389140     38.236      7.082   245.4923     1.4153     3.2535     0.0207     -0.019      0.087      0.126        137 4.4996e+01 0.0000e+00
      0.086    12.1332     5.4849     51.134  28.360377     38.163      7.079   248.6723     1.4113     3.3475     0.0207     -0.025      0.085      0.123        138 4.0942e+01 0.0000e+00
      0.084    12.1318     5.5052     51.369  28.393553     38.240      7.075   248.9373     1.4153     3.3744     0.0207     -0.028      0.082      0.119        139 4.0302e+01 0.0000e+00
      0.081    12.1302     5.5576     51.880  28.407152     38.242      7.065   248.9752     1.3991     3.3072     0.0207     -0.026      0.080      0.115        140 4.6072e+01 0.0000e+00
      0.080    12.1287     5.6395     52.637  28.402750     38.243      7.059   248.9373     1.4113     3.4012     0.0207     -0.020      0.079      0.114        141 5.0184e+01 0.0000e+00
      0.082    12.1274     5.7735     53.871  28.399031     38.245      7.053   249.3159     1.3910     3.2670     0.0207     -0.012      0.079      0.115        142 4.5781e+01 0.0000e+00
      0.080    12.1260     5.9164     55.191  28.411780     38.246      7.049   249.4673     1.2980     3.3744     0.0207     -0.007      0.079      0.115        143 4.6862e+01 0.0000e+00
      0.081    12.1251     6.0731     56.641  28.386885     38.248      7.049   249.1645     1.3425     3.3744     0.0207     -0.005      0.082      0.119        144 4.5162e+01 0.0000e+00
      0.091    12.1238     6.2057     57.869  28.311421     38.098      7.049   247.5366     1.3466     3.3341     0.0206     -0.001      0.087      0.126        145 4.4300e+01 0.0000e+00
      0.097    12.1271     6.3192     58.933  28.387102     38.250      7.048   247.5366     1.3466     3.2535     0.0207      0.004      0.086      0.125        146 4.5724e+01 0.0000e+00
      0.076    12.1545     6.3927     59.677  28.470592     38.326      7.050   247.0066     1.4153     3.3341     0.0207      0.002      0.063      0.092        147 5.9497e+01 0.0000e+00
      0.021    12.2018     6.4324     60.130  28.504001     38.399      7.045   247.1580     1.4194     3.3207     0.0208     -0.014      0.015      0.022        148 9.2459e+01 0.0000e+00
     -0.049    12.2415     6.4466     60.324  28.523412     38.371      7.040   247.0066     1.4194     3.3878     0.0208     -0.045     -0.050     -0.072        149 8.4323e+01 0.0000e+00
     -0.125    12.2592     6.4302     60.215  28.505723     38.321      7.037   248.6723     1.3951     3.2938     0.0208     -0.088     -0.119     -0.173        150 1.0103e+02 0.0000e+00
     -0.192    12.2541     6.4052     60.013  28.466702     38.205      7.036   247.0823     1.2819     3.3475     0.0207     -0.135     -0.181     -0.262        151 1.6482e+02 0.0000e+00
     -0.236    12.2410     6.3714     59.715  28.453364     38.187      7.040   247.1202     1.2859     3.3475     0.0207     -0.175     -0.228     -0.331        152 1.8371e+02 0.0000e+00
     -0.271    12.2297     6.3410     59.433  28.463016     38.192      7.039   247.1959     1.2859     3.3475     0.0207     -0.204     -0.264     -0.384        153 1.7844e+02 0.0000e+00
     -0.305    12.2208     6.2866     58.920  28.395394     38.131      7.035   250.6409     1.2940     3.2804     0.0207     -0.216     -0.293     -0.425        154 1.7681e+02 0.0000e+00
     -0.319    12.2134     6.2679     58.741  28.359633     38.067      7.032   250.5273     1.2697     3.3475     0.0207     -0.204     -0.312     -0.452        155 1.8162e+02 0.0000e+00
     -0.330    12.2188     6.2289     58.366  28.448227     38.227      7.031   250.4516     1.1929     3.3072     0.0207     -0.174     -0.322     -0.467        156 1.8529e+02 0.0000e+00
     -0.336    12.2612     6.2146     58.219  28.522330     38.309      7.032   250.1109     1.2091     3.2670     0.0208     -0.137     -0.327     -0.474        157 1.8293e+02 0.0000e+00
     -0.334    12.3209     6.2060     58.129  28.593546     38.417      7.030   250.0731     1.2172     3.4147     0.0208     -0.098     -0.325     -0.472        158 1.8695e+02 0.0000e+00
     -0.328    12.3665     6.2163     58.219  28.596783     38.373      7.026   250.2245     1.1848     3.2804     0.0208     -0.065     -0.317     -0.460        159 1.8407e+02 0.0000e+00
     -0.308    12.3993     6.2171     58.224  28.607234     38.311      7.009   250.4895     1.2212     3.3744     0.0208     -0.035     -0.297     -0.431        160 1.8927e+02 0.0000e+00
     -0.273    12.4236     6.2226     58.271  28.610172     38.302      6.995   251.4359     1.1889     3.3475     0.0208     -0.002     -0.267     -0.387        161 1.7891e+02 0.0000e+00
     -0.237    12.4371     6.2242     58.284  28.533812     38.119      6.981   250.6409     1.2455     3.3207     0.0208      0.030     -0.234     -0.339        162 1.2557e+02 0.0000e+00
     -0.206    12.4389     6.2182     58.224  28.583653     38.206      6.971   250.3759     1.2293     3.2535     0.0208      0.058     -0.200     -0.290        163 9.6902e+01 0.0000e+00
     -0.167    12.4367     6.2029     58.079  28.607434     38.192      6.965   247.7638     1.2293     3.3072     0.0208      0.084     -0.164     -0.238        164 8.9343e+01 0.0000e+00
     -0.126    12.4340     6.1881     57.940  28.593156     38.191      6.955   249.9595     1.2616     3.4012     0.0208      0.108     -0.129     -0.188        165 8.1585e+01 0.0000e+00
     -0.102    12.4266     6.1692     57.761  28.601420     38.193      6.960   248.1423     1.3021     3.3610     0.0208      0.123     -0.103     -0.149        166 8.3562e+01 0.0000e+00
     -0.085    12.4172     6.1426     57.509  28.626801     38.233      6.960   247.1959     1.2980     3.4281     0.0208      0.128     -0.085     -0.123        167 8.1952e+01 0.0000e+00
     -0.073    12.4096     6.1224     57.316  28.650519     38.278      6.963   249.8459     1.3304     3.2938     0.0208      0.121     -0.074     -0.107        168 8.0660e+01 0.0000e+00
     -0.069    12.4052     6.1154     57.248  28.601556     38.213      6.967   250.2245     1.3061     3.3475     0.0208      0.105     -0.068     -0.099        169 7.5177e+01 0.0000e+00
     -0.065    12.4027     6.0683     56.802  28.509845     38.108      6.969   248.4073     1.3547     3.3744     0.0208      0.087     -0.066     -0.096        170 7.9043e+01 0.0000e+00
