Data/DataNotYetUploadedToEDI/Raw_CTD/RawDownloads/102918_fcr50.cnv
* Sea-Bird SBE19plus  Data File:
* FileName = C:\DATA\101518_fcr_0017.hex
* Software version 2.6.3.104
* Temperature SN = 7809
* Conductivity SN = 7809
* System UpLoad Time = Oct 29 2018 16:41:46
* <ApplicationData>
* <Seaterm232>
# nquan = 17
# nvalues = 695                         
# units = specified
# name 0 = depFM: Depth [fresh water, m]
# name 1 = tv290C: Temperature [ITS-90, deg C]
# name 2 = sbeox0Mg/L: Oxygen, SBE 43 [mg/l]
# name 3 = sbeox0PS: Oxygen, SBE 43 [% saturation]
# name 4 = c0uS/cm: Conductivity [uS/cm]
# name 5 = specc: Specific Conductance [uS/cm]
# name 6 = ph: pH
# name 7 = orp: Oxidation Reduction Potential [mV]
# name 8 = flECO-AFL: Fluorescence, WET Labs ECO-AFL/FL [mg/m^3]
# name 9 = turbWETntu0: Turbidity, WET Labs ECO [NTU]
# name 10 = sal00: Salinity, Practical [PSU]
# name 11 = dz/dtM: Descent Rate [m/s]
# name 12 = prdM: Pressure, Strain Gauge [db]
# name 13 = prdE: Pressure, Strain Gauge [psi]
# name 14 = scan: Scan Count
# name 15 = par/sat/log: PAR/Logarithmic, Satlantic
# name 16 = flag:  0.000e+00
# span 0 =     -0.615,      9.687       
# span 1 =    11.0905,    12.4389       
# span 2 =     5.4846,    10.7004       
# span 3 =     51.075,     99.976       
# span 4 =   0.741854,  35.864599       
# span 5 =      1.005,     48.975       
# span 6 =      5.786,      8.112       
# span 7 =    -9.6655,  1240.2295       
# span 8 =    -0.2143,     2.5394       
# span 9 =    -0.3183,    13.7676       
# span 10 =     0.0059,     0.0253      
# span 11 =     -0.216,      0.281      
# span 12 =     -0.602,      9.498      
# span 13 =     -0.874,     13.776      
# span 14 =          1,        695      
# span 15 = 1.2202e-01, 1.8927e+02      
# span 16 = 0.0000e+00, 0.0000e+00      
# interval = seconds: 0.25
# start_time = Oct 29 2018 15:36:16 [Instrument's time stamp, header]
# bad_flag = -9.990e-29
*END*
[from data line 171]
     -0.070    12.3974     6.0226     56.355  28.505181     38.115      6.981   247.7638     1.3749     3.3072     0.0208      0.043     -0.067     -0.098        172 6.4953e+01 0.0000e+00
     -0.067    12.3950     6.0467     56.581  28.523081     38.119      6.986   249.6188     1.3385     3.4147     0.0208      0.025     -0.065     -0.094        173 7.7647e+01 0.0000e+00
     -0.062    12.3936     6.1549     57.592  28.505190     38.121      6.988   250.3002     1.3425     3.3341     0.0208      0.015     -0.061     -0.089        174 7.1486e+01 0.0000e+00
     -0.061    12.3937     6.3739     59.637  28.527448     38.123      6.989   248.7859     1.3425     3.3207     0.0208      0.009     -0.059     -0.085        175 7.4241e+01 0.0000e+00
     -0.057    12.3922     6.6394     62.112  28.584329     38.237      6.990   250.2245     1.3425     3.3207     0.0208      0.006     -0.056     -0.082        176 8.0789e+01 0.0000e+00
     -0.055    12.3893     6.9306     64.828  28.523348     38.125      6.992   250.7545     1.2697     3.3610     0.0208      0.007     -0.054     -0.078        177 7.0552e+01 0.0000e+00
     -0.052    12.3863     7.2291     67.610  28.514390     38.126      6.990   250.8681     1.2900     3.3072     0.0208      0.008     -0.053     -0.076        178 6.9649e+01 0.0000e+00
     -0.055    12.3846     7.4885     70.026  28.595476     38.241      6.990   250.6031     1.2738     3.3610     0.0208      0.009     -0.055     -0.080        179 7.4959e+01 0.0000e+00
     -0.062    12.3802     7.7011     72.003  28.570682     38.207      6.992   250.1866     1.2819     3.4012     0.0208      0.006     -0.060     -0.087        180 7.2915e+01 0.0000e+00
     -0.066    12.3709     7.8476     73.364  28.515600     38.134      6.992   250.1109     1.2900     3.3207     0.0208      0.001     -0.063     -0.092        181 7.0338e+01 0.0000e+00
     -0.065    12.3661     7.9102     73.937  28.456487     38.063      6.991   250.1866     1.2657     3.3072     0.0207     -0.003     -0.064     -0.092        182 7.1273e+01 0.0000e+00
     -0.064    12.3660     7.9235     74.057  28.407061     37.999      6.993   249.8838     1.2819     3.4415     0.0207     -0.005     -0.063     -0.090        183 7.6262e+01 0.0000e+00
     -0.062    12.3653     7.9088     73.916  28.399222     38.003      6.991   250.6409     1.2940     3.3072     0.0207     -0.005     -0.060     -0.087        184 7.7812e+01 0.0000e+00
     -0.059    12.3619     7.8819     73.661  28.406947     38.003      6.991   250.3002     1.2536     3.3475     0.0207     -0.004     -0.058     -0.084        185 7.2152e+01 0.0000e+00
     -0.056    12.3554     7.8486     73.348  28.397448     38.004      6.988   250.5652     1.2657     3.3475     0.0207     -0.002     -0.055     -0.081        186 7.0038e+01 0.0000e+00
     -0.054    12.3491     7.8170     73.051  28.411045     38.007      6.981   249.7702     1.2940     3.3207     0.0207      0.003     -0.053     -0.078        187 8.0172e+01 0.0000e+00
     -0.054    12.3434     7.7916     72.808  28.449323     38.089      6.972   250.6409     1.2819     3.3744     0.0207      0.006     -0.053     -0.077        188 7.3450e+01 0.0000e+00
     -0.055    12.3366     7.7563     72.476  28.409110     38.020      6.965   250.3759     1.2819     3.3475     0.0207      0.007     -0.053     -0.077        189 6.7678e+01 0.0000e+00
     -0.054    12.3301     7.7276     72.210  28.401796     38.026      6.962   250.0731     1.2616     3.3744     0.0207      0.006     -0.052     -0.076        190 7.9841e+01 0.0000e+00
     -0.052    12.3242     7.6973     71.925  28.399132     38.033      6.955   249.3916     1.2576     3.2938     0.0207      0.005     -0.051     -0.074        191 6.9549e+01 0.0000e+00
     -0.051    12.3179     7.6719     71.682  28.353131     37.965      6.953   249.5052     1.2980     3.2938     0.0207      0.004     -0.051     -0.073        192 6.6761e+01 0.0000e+00
     -0.053    12.3146     7.6489     71.464  28.340452     37.971      6.953   249.9973     1.2131     3.3744     0.0207      0.003     -0.052     -0.075        193 7.5043e+01 0.0000e+00
     -0.054    12.3127     7.6365     71.346  28.355617     37.978      6.953   250.6031     1.2010     3.2670     0.0207      0.001     -0.053     -0.077        194 7.0083e+01 0.0000e+00
     -0.056    12.3105     7.6151     71.143  28.393557     38.056      6.955   250.4895     1.2131     3.3475     0.0207     -0.000     -0.054     -0.078        195 7.3189e+01 0.0000e+00
     -0.054    12.3094     7.6034     71.033  28.352535     37.983      6.953   251.1709     1.2091     3.3475     0.0207     -0.000     -0.052     -0.076        196 5.5892e+01 0.0000e+00
     -0.050    12.3079     7.5953     70.960  28.347372     37.985      6.941   250.8681     1.2172     3.2267     0.0207      0.000     -0.049     -0.071        197 5.5742e+01 0.0000e+00
     -0.046    12.3053     7.5862     70.879  28.399981     38.061      6.937   251.2088     1.1929     3.2938     0.0207      0.002     -0.045     -0.066        198 7.6740e+01 0.0000e+00
     -0.044    12.3039     7.5841     70.864  28.405657     38.062      6.936   251.1331     1.2374     3.3207     0.0207      0.004     -0.043     -0.062        199 7.3220e+01 0.0000e+00
     -0.042    12.3048     7.5814     70.849  28.399605     38.065      6.936   251.4359     1.1929     3.3744     0.0207      0.005     -0.042     -0.060        200 7.0817e+01 0.0000e+00
     -0.041    12.3038     7.5781     70.817  28.407514     38.067      6.937   251.3223     1.1929     3.3207     0.0207      0.008     -0.040     -0.058        201 6.6365e+01 0.0000e+00
     -0.038    12.3005     7.5719     70.729  28.395817     38.065      6.936   251.5495     1.2819     3.3744     0.0207      0.009     -0.038     -0.056        202 6.1687e+01 0.0000e+00
     -0.038    12.2985     7.5679     70.678  28.354867     37.992      6.934   251.7388     1.2900     3.2670     0.0207      0.009     -0.038     -0.055        203 6.3820e+01 0.0000e+00
     -0.040    12.2974     7.5666     70.662  28.339882     37.995      6.932   251.6631     1.2697     3.3744     0.0207      0.007     -0.040     -0.057        204 7.4304e+01 0.0000e+00
     -0.044    12.2953     7.5643     70.637  28.414465     38.072      6.928   251.9281     1.3102     3.2804     0.0207      0.004     -0.043     -0.062        205 6.6464e+01 0.0000e+00
     -0.047    12.2945     7.5543     70.537  28.439941     38.148      6.932   252.1552     1.2900     3.3207     0.0207      0.000     -0.045     -0.066        206 6.9386e+01 0.0000e+00
     -0.048    12.2961     7.5541     70.527  28.367476     38.001      6.934   251.7766     1.2657     3.3207     0.0207     -0.003     -0.047     -0.069        207 7.0638e+01 0.0000e+00
     -0.048    12.2985     7.5590     70.562  28.386054     38.076      6.935   252.0038     1.2657     3.4281     0.0207     -0.004     -0.047     -0.069        208 6.9900e+01 0.0000e+00
     -0.048    12.3019     7.5595     70.560  28.416822     38.074      6.937   252.0038     1.2616     3.2670     0.0207     -0.005     -0.047     -0.069        209 7.4891e+01 0.0000e+00
     -0.048    12.3086     7.5593     70.558  28.388482     38.072      6.937   251.8523     1.2980     3.3878     0.0207     -0.006     -0.047     -0.069        210 7.5634e+01 0.0000e+00
     -0.049    12.3066     7.5651     70.612  28.421320     38.069      6.941   251.9281     1.2616     3.3341     0.0207     -0.005     -0.048     -0.070        211 7.3878e+01 0.0000e+00
     -0.051    12.2898     7.5621     70.591  28.435250     38.137      6.942   251.6252     1.2940     3.3207     0.0207     -0.004     -0.049     -0.071        212 7.3181e+01 0.0000e+00
     -0.049    12.2796     7.5562     70.548  28.371145     37.988      6.947   251.3981     1.2697     3.3610     0.0207     -0.002     -0.048     -0.069        213 8.3180e+01 0.0000e+00
     -0.046    12.2778     7.5620     70.616  28.382504     38.082      6.948   251.9281     1.2738     3.4550     0.0207     -0.000     -0.045     -0.066        214 7.1670e+01 0.0000e+00
     -0.043    12.2750     7.5518     70.531  28.361821     38.016      6.951   251.9659     1.2697     3.4550     0.0207      0.001     -0.043     -0.063        215 6.4479e+01 0.0000e+00
     -0.044    12.2714     7.5436     70.457  28.337593     38.018      6.955   251.8902     1.2536     3.3475     0.0207      0.002     -0.043     -0.062        216 7.5202e+01 0.0000e+00
     -0.043    12.2660     7.5444     70.466  28.353361     38.021      6.952   252.0416     1.2778     3.3475     0.0207      0.003     -0.044     -0.063        217 7.1133e+01 0.0000e+00
     -0.046    12.2595     7.5434     70.488  28.342199     38.025      6.953   252.1173     1.2697     3.3072     0.0207      0.003     -0.044     -0.064        218 7.2907e+01 0.0000e+00
     -0.046    12.2560     7.5430     70.549  28.351486     38.030      6.954   251.5116     1.2697     3.3207     0.0207      0.003     -0.044     -0.064        219 7.8907e+01 0.0000e+00
     -0.042    12.2553     7.5485     70.658  28.341805     38.037      6.955   250.7923     1.2980     3.3744     0.0207      0.003     -0.041     -0.059        220 6.3214e+01 0.0000e+00
     -0.037    12.2553     7.5539     70.747  28.354248     38.041      6.952   251.2845     1.2293     3.3610     0.0207      0.004     -0.035     -0.051        221 6.1019e+01 0.0000e+00
     -0.028    12.2598     7.5574     70.796  28.336003     38.041      6.956   251.2088     1.2455     3.3878     0.0207      0.006     -0.028     -0.041        222 6.4112e+01 0.0000e+00
     -0.021    12.2674     7.5683     70.909  28.364512     38.041      6.953   252.6095     1.2859     3.3475     0.0207      0.010     -0.022     -0.033        223 6.0144e+01 0.0000e+00
     -0.020    12.2755     7.5783     71.014  28.378065     38.112      6.953   252.7231     1.2900     3.2670     0.0207      0.014     -0.019     -0.028        224 5.8951e+01 0.0000e+00
     -0.018    12.2821     7.5790     71.027  28.319134     37.954      6.951   252.9124     1.2616     3.2267     0.0206      0.016     -0.017     -0.025        225 5.7779e+01 0.0000e+00
     -0.013    12.2835     7.5738     70.981  28.378552     38.096      6.948   252.1552     1.2859     3.3072     0.0207      0.018     -0.016     -0.023        226 6.4519e+01 0.0000e+00
     -0.015    12.2853     7.5701     70.948  28.363416     38.014      6.942   251.0573     1.2819     3.4818     0.0207      0.017     -0.026     -0.038        227 8.5306e+01 0.0000e+00
     -0.052    12.3053     7.5724     70.973  28.337968     38.012      6.935   252.6473     1.3021     3.4281     0.0207      0.004     -0.058     -0.084        228 9.3971e+01 0.0000e+00
     -0.111    12.3445     7.5762     71.010  28.410218     38.086      6.930   253.0638     1.2819     3.2535     0.0207     -0.023     -0.106     -0.153        229 9.1831e+01 0.0000e+00
     -0.157    12.3814     7.5713     70.954  28.451389     38.141      6.919   251.3981     1.2819     3.3878     0.0207     -0.055     -0.156     -0.227        230 1.1328e+02 0.0000e+00
     -0.214    12.4047     7.5790     71.011  28.464614     38.100      6.908   251.3223     1.2212     3.4684     0.0207     -0.092     -0.210     -0.305        231 1.6321e+02 0.0000e+00
     -0.274    12.4157     7.5762     70.969  28.453042     38.062      6.907   250.7545     1.2050     3.3475     0.0207     -0.130     -0.262     -0.381        232 1.7971e+02 0.0000e+00
     -0.315    12.4224     7.5692     70.892  28.465776     38.038      6.907   253.4424     1.2374     3.4818     0.0207     -0.161     -0.298     -0.432        233 1.6201e+02 0.0000e+00
     -0.322    12.4293     7.5618     70.806  28.508056     38.102      6.912   253.1395     1.2212     3.3744     0.0208     -0.175     -0.309     -0.448        234 1.5840e+02 0.0000e+00
     -0.309    12.4331     7.5503     70.686  28.459718     38.021      6.918   254.0102     1.2010     3.3207     0.0207     -0.164     -0.303     -0.439        235 1.7060e+02 0.0000e+00
     -0.296    12.4348     7.5361     70.554  28.407335     37.939      6.922   254.0859     1.2212     3.4281     0.0207     -0.131     -0.293     -0.425        236 1.6888e+02 0.0000e+00
     -0.292    12.4362     7.5227     70.444  28.454651     38.010      6.922   253.9724     1.2333     3.2670     0.0207     -0.090     -0.283     -0.410        237 1.6722e+02 0.0000e+00
     -0.276    12.4383     7.5153     70.363  28.460128     38.008      6.922   254.3888     1.2091     3.3207     0.0207     -0.049     -0.265     -0.384        238 1.6786e+02 0.0000e+00
     -0.242    12.4385     7.5024     70.196  28.459812     38.006      6.915   253.7452     1.2212     3.3475     0.0207     -0.003     -0.234     -0.339        239 1.2260e+02 0.0000e+00
     -0.199    12.4326     7.4956     70.105  28.455043     38.005      6.910   252.2309     1.2172     3.3072     0.0207      0.041     -0.193     -0.279        240 9.2759e+01 0.0000e+00
     -0.149    12.4230     7.4848     69.992  28.466064     38.004      6.901   252.2309     1.2374     3.2535     0.0207      0.078     -0.146     -0.211        241 9.6807e+01 0.0000e+00
     -0.099    12.4139     7.4803     69.933  28.446099     38.010      6.901   252.6473     1.2212     3.3475     0.0207      0.106     -0.098     -0.142        242 8.8882e+01 0.0000e+00
     -0.053    12.4056     7.4788     69.885  28.420596     37.945      6.900   252.4581     1.2293     3.3878     0.0207      0.129     -0.052     -0.075        243 8.3663e+01 0.0000e+00
     -0.006    12.3960     7.4789     69.852  28.438508     38.030      6.902   252.3066     1.2900     3.5490     0.0207      0.152     -0.003     -0.004        244 7.8362e+01 0.0000e+00
      0.050    12.3880     7.4829     69.866  28.423810     37.963      6.901   251.6631     1.2980     3.5355     0.0207      0.173      0.053      0.078        245 5.8077e+01 0.0000e+00
      0.121    12.3892     7.4821     69.856  28.438892     38.048      6.900   253.1774     1.3061     3.5758     0.0207      0.192      0.118      0.170        246 4.5366e+01 0.0000e+00
      0.188    12.3981     7.4855     69.916  28.419744     37.981      6.900   253.0638     1.2697     3.5221     0.0207      0.207      0.180      0.260        247 4.2586e+01 0.0000e+00
      0.240    12.3902     7.4764     69.868  28.447643     38.055      6.897   253.0638     1.3425     3.5221     0.0207      0.216      0.230      0.334        248 3.8812e+01 0.0000e+00
      0.278    12.3629     7.4790     69.922  28.463470     38.045      6.895   253.0638     1.3668     3.5624     0.0207      0.218      0.270      0.391        249 3.6691e+01 0.0000e+00
      0.309    12.3446     7.4787     69.941  28.400046     37.978      6.891   253.7452     1.3425     3.5758     0.0207      0.213      0.300      0.436        250 3.4512e+01 0.0000e+00
      0.333    12.3373     7.4880     70.043  28.407982     38.007      6.889   253.7831     1.3627     3.5355     0.0207      0.200      0.323      0.468        251 3.2675e+01 0.0000e+00
      0.345    12.3259     7.4866     70.043  28.394305     38.025      6.889   254.0859     1.3425     3.2401     0.0207      0.178      0.338      0.490        252 3.1524e+01 0.0000e+00
      0.356    12.3049     7.4940     70.127  28.357778     37.958      6.894   254.5781     1.3668     3.3610     0.0207      0.148      0.349      0.506        253 2.8972e+01 0.0000e+00
      0.368    12.2835     7.4863     70.069  28.394147     38.044      6.895   254.5402     1.3385     3.2938     0.0207      0.115      0.359      0.521        254 2.9226e+01 0.0000e+00
      0.373    12.2689     7.4878     70.079  28.349049     37.991      6.897   254.5781     1.3506     3.4281     0.0207      0.086      0.368      0.534        255 2.8209e+01 0.0000e+00
