Data/DataNotYetUploadedToEDI/Raw_CTD/RawDownloads/102918_fcr30.cnv
* Sea-Bird SBE19plus  Data File:
* FileName = C:\DATA\101518_fcr_0015.hex
* Software version 2.6.3.104
* Temperature SN = 7809
* Conductivity SN = 7809
* System UpLoad Time = Oct 29 2018 16:41:02
* <ApplicationData>
* <Seaterm232>
# nquan = 17
# nvalues = 419                         
# units = specified
# name 0 = depFM: Depth [fresh water, m]
# name 1 = tv290C: Temperature [ITS-90, deg C]
# name 2 = sbeox0Mg/L: Oxygen, SBE 43 [mg/l]
# name 3 = sbeox0PS: Oxygen, SBE 43 [% saturation]
# name 4 = c0uS/cm: Conductivity [uS/cm]
# name 5 = specc: Specific Conductance [uS/cm]
# name 6 = ph: pH
# name 7 = orp: Oxidation Reduction Potential [mV]
# name 8 = flECO-AFL: Fluorescence, WET Labs ECO-AFL/FL [mg/m^3]
# name 9 = turbWETntu0: Turbidity, WET Labs ECO [NTU]
# name 10 = sal00: Salinity, Practical [PSU]
# name 11 = dz/dtM: Descent Rate [m/s]
# name 12 = prdM: Pressure, Strain Gauge [db]
# name 13 = prdE: Pressure, Strain Gauge [psi]
# name 14 = scan: Scan Count
# name 15 = par/sat/log: PAR/Logarithmic, Satlantic
# name 16 = flag:  0.000e+00
# span 0 =     -0.628,      5.394       
# span 1 =    10.1391,    12.0330       
# span 2 =     5.9216,    10.7989       
# span 3 =     54.386,    100.017       
# span 4 =   1.306636,  28.131025       
# span 5 =      1.796,     38.416       
# span 6 =     -2.993,      7.694       
# span 7 = -1240.7455,  1240.2295       
# span 8 =    -0.2385,     2.8670       
# span 9 =    -0.2914,   140.6348       
# span 10 =     0.0054,     0.0205      
# span 11 =     -0.246,      0.301      
# span 12 =     -0.616,      5.289      
# span 13 =     -0.893,      7.672      
# span 14 =          1,        419      
# span 15 = 7.4420e-01, 3.3041e+02      
# span 16 = 0.0000e+00, 0.0000e+00      
# interval = seconds: 0.25
# start_time = Oct 29 2018 14:55:08 [Instrument's time stamp, header]
# bad_flag = -9.990e-29
*END*
[from data line 86]
      0.093    11.9682     6.7713     62.742  27.827149     37.614      7.053   258.4774     2.1836     3.3207     0.0204      0.002      0.092      0.133         87 1.8170e+02 0.0000e+00
      0.092    11.9683     6.7434     62.471  27.865614     37.693      7.045   258.2502     2.1796     3.3341     0.0204      0.001      0.092      0.133         88 1.7568e+02 0.0000e+00
      0.095    11.9694     6.7173     62.233  27.872144     37.694      7.040   258.4017     2.1796     3.2938     0.0204      0.001      0.095      0.138         89 1.7925e+02 0.0000e+00
      0.103    11.9695     6.6830     61.928  27.819024     37.619      7.035   258.4017     2.1715     3.3475     0.0204      0.003      0.101      0.147         90 1.6972e+02 0.0000e+00
      0.111    11.9644     6.6552     61.672  27.813131     37.618      7.032   258.2881     2.1917     3.3207     0.0204      0.007      0.107      0.155         91 1.6749e+02 0.0000e+00
      0.113    11.9565     6.6275     61.392  27.820183     37.617      7.028   258.6288     2.1593     3.3207     0.0204      0.010      0.110      0.159         92 1.7258e+02 0.0000e+00
      0.112    11.9497     6.5960     61.069  27.869544     37.698      7.021   259.1209     2.1027     3.4012     0.0204      0.012      0.110      0.159         93 1.6993e+02 0.0000e+00
      0.112    11.9435     6.5625     60.735  27.870295     37.706      7.018   258.6667     2.0987     3.4012     0.0204      0.012      0.110      0.159         94 1.7121e+02 0.0000e+00
      0.112    11.9379     6.5260     60.380  27.819251     37.638      7.014   258.4395     2.1108     3.3207     0.0204      0.012      0.110      0.159         95 1.7495e+02 0.0000e+00
      0.112    11.9363     6.4889     60.025  27.814478     37.644      7.014   258.8559     2.0704     3.2535     0.0204      0.010      0.113      0.164         96 1.7442e+02 0.0000e+00
      0.123    11.9325     6.4365     59.533  27.816941     37.650      7.013   258.1745     2.2523     3.2804     0.0204      0.009      0.123      0.178         97 1.6702e+02 0.0000e+00
      0.140    11.9250     6.4052     59.238  27.816188     37.652      7.003   258.6667     2.2402     3.3878     0.0204      0.012      0.135      0.195         98 1.7191e+02 0.0000e+00
      0.149    11.9267     6.3701     58.909  27.815417     37.655      7.002   258.7424     2.2402     3.3207     0.0204      0.017      0.143      0.207         99 1.6821e+02 0.0000e+00
      0.148    11.9360     6.3368     58.593  27.758608     37.588      7.003   259.2345     2.2604     3.3475     0.0203      0.021      0.144      0.208        100 1.6164e+02 0.0000e+00
      0.143    11.9368     6.2999     58.240  27.709001     37.510      7.004   259.3859     2.4020     3.3878     0.0203      0.022      0.141      0.204        101 1.6468e+02 0.0000e+00
      0.140    11.9206     6.2822     58.026  27.699265     37.501      7.007   259.7267     2.4303     3.2804     0.0203      0.020      0.139      0.202        102 1.6513e+02 0.0000e+00
      0.141    11.8982     6.2557     57.751  27.711430     37.499      7.006   259.5752     2.4262     3.3475     0.0203      0.016      0.139      0.202        103 1.6398e+02 0.0000e+00
      0.144    11.8806     6.2354     57.568  27.693864     37.516      7.009   260.0674     2.4303     3.2804     0.0203      0.011      0.140      0.204        104 1.6319e+02 0.0000e+00
      0.145    11.8677     6.2218     57.430  27.721129     37.539      7.007   259.8781     2.4343     3.2670     0.0203      0.005      0.141      0.205        105 1.6253e+02 0.0000e+00
      0.144    11.8599     6.2132     57.272  27.736801     37.633      7.009   260.1052     2.4262     3.3475     0.0203     -0.000      0.141      0.204        106 1.6772e+02 0.0000e+00
      0.142    11.8545     6.2211     57.280  27.674367     37.494      7.007   260.4081     2.4383     3.4415     0.0203     -0.002      0.137      0.199        107 1.6686e+02 0.0000e+00
      0.132    11.8512     6.2366     57.398  27.680243     37.578      7.005   260.1052     2.4343     3.3207     0.0203     -0.004      0.131      0.191        108 1.6747e+02 0.0000e+00
      0.127    11.8463     6.2792     57.807  27.670199     37.507      7.006   260.1809     2.2523     3.3341     0.0203     -0.006      0.129      0.187        109 1.6791e+02 0.0000e+00
      0.136    11.8426     6.3347     58.364  27.686867     37.587      7.002   260.1809     2.2847     3.2804     0.0203     -0.006      0.130      0.189        110 1.6681e+02 0.0000e+00
      0.134    11.8304     6.4143     59.131  27.659499     37.515      6.999   260.6731     2.2928     3.3610     0.0203     -0.006      0.123      0.179        111 1.7503e+02 0.0000e+00
      0.106    11.7953     6.4932     59.883  27.644966     37.521      6.997   260.4081     2.3170     3.3341     0.0203     -0.014      0.102      0.148        112 1.8528e+02 0.0000e+00
      0.072    11.7712     6.5667     60.570  27.645661     37.530      6.997   264.5345     2.2887     3.3610     0.0203     -0.027      0.076      0.110        113 1.9839e+02 0.0000e+00
      0.055    11.7753     6.6365     61.189  27.658639     37.569      6.995   260.5595     2.2968     3.3207     0.0203     -0.040      0.058      0.084        114 2.0490e+02 0.0000e+00
      0.054    11.7628     6.6944     61.691  27.688121     37.668      6.992   260.4081     2.2928     3.3475     0.0203     -0.047      0.040      0.057        115 2.0554e+02 0.0000e+00
      0.010    11.7067     6.7266     61.959  27.668275     37.589      6.978   261.0138     2.3090     3.3475     0.0203     -0.061     -0.008     -0.012        116 2.4932e+02 0.0000e+00
     -0.093    11.6554     6.7440     62.090  27.683339     37.675      6.960   260.9002     2.3090     3.2804     0.0203     -0.096     -0.091     -0.132        117 3.1336e+02 0.0000e+00
     -0.192    11.6375     6.7447     62.074  27.669380     37.660      6.960   265.2160     2.1027     3.1864     0.0203     -0.144     -0.183     -0.266        118 3.2335e+02 0.0000e+00
     -0.277    11.6501     6.7343     61.960  27.685663     37.788      6.963   260.5217     2.0987     2.9984     0.0203     -0.191     -0.262     -0.381        119 3.2017e+02 0.0000e+00
     -0.336    11.6832     6.7280     61.882  27.663092     37.730      6.963   260.1809     2.1108     3.0253     0.0203     -0.226     -0.317     -0.460        120 3.2263e+02 0.0000e+00
     -0.358    11.7087     6.7160     61.758  27.697474     37.794      6.964   259.8402     2.1351     3.0521     0.0203     -0.246     -0.341     -0.495        121 3.1957e+02 0.0000e+00
     -0.351    11.7269     6.7018     61.620  27.702164     37.758      6.966   266.1245     1.8480    43.2151     0.0203     -0.244     -0.338     -0.491        122 3.2512e+02 0.0000e+00
     -0.327    11.7326     6.6924     61.532  27.657247     37.657      6.966   266.4274     1.8197    43.2151     0.0203     -0.214     -0.321     -0.466        123 3.3041e+02 0.0000e+00
     -0.307    11.7159     6.6791     61.411  27.694070     37.714      6.965   266.5410     1.8601    43.3091     0.0203     -0.155     -0.303     -0.440        124 3.2574e+02 0.0000e+00
     -0.293    11.6932     6.6531     61.175  27.715625     37.707      6.966   266.9195     1.8803    43.2285     0.0203     -0.082     -0.290     -0.420        125 3.1873e+02 0.0000e+00
     -0.286    11.6732     6.6361     61.030  27.689715     37.725      6.964   266.8060     2.2281     3.4818     0.0203     -0.022     -0.282     -0.409        126 3.1991e+02 0.0000e+00
     -0.283    11.6529     6.6133     60.826  27.667025     37.673      6.958   267.3360     2.2159     3.3341     0.0203      0.020     -0.279     -0.403        127 3.2177e+02 0.0000e+00
     -0.281    11.6366     6.5861     60.569  27.684575     37.769      6.959   267.4117     2.2240     3.2670     0.0203      0.040     -0.281     -0.407        128 3.2137e+02 0.0000e+00
     -0.295    11.6235     6.5633     60.343  27.667883     37.714      6.954   266.8060     2.2604     3.3744     0.0203      0.037     -0.294     -0.426        129 3.1719e+02 0.0000e+00
     -0.325    11.6098     6.5331     60.049  27.687806     37.807      6.948   266.1245     2.2281     3.3072     0.0203      0.017     -0.315     -0.456        130 3.1726e+02 0.0000e+00
     -0.341    11.5997     6.5191     59.911  27.719082     37.820      6.946   265.9731     2.2159     3.3341     0.0203     -0.007     -0.330     -0.479        131 3.1766e+02 0.0000e+00
     -0.345    11.5947     6.5091     59.814  27.747555     37.911      6.947   266.0488     2.2402     3.3744     0.0203     -0.025     -0.336     -0.487        132 3.1443e+02 0.0000e+00
     -0.343    11.5933     6.5054     59.774  27.711671     37.845      6.949   266.2760     2.2523     3.2670     0.0203     -0.035     -0.332     -0.481        133 3.1675e+02 0.0000e+00
     -0.328    11.5941     6.4941     59.664  27.645153     37.774      6.949   266.5410     2.2079     3.4012     0.0203     -0.034     -0.315     -0.456        134 3.1848e+02 0.0000e+00
     -0.290    11.5970     6.4813     59.543  27.652453     37.776      6.937   266.3517     2.4869   140.4199     0.0203     -0.019     -0.283     -0.409        135 3.1819e+02 0.0000e+00
     -0.246    11.6046     6.4734     59.469  27.702587     37.851      6.928   265.2160     2.4788   140.5408     0.0203      0.010     -0.244     -0.354        136 3.1175e+02 0.0000e+00
     -0.211    11.6087     6.4581     59.328  27.701351     37.848      6.924   264.7238     2.4747   140.5274     0.0203      0.045     -0.212     -0.308        137 3.0355e+02 0.0000e+00
     -0.194    11.6040     6.4442     59.200  27.653989     37.763      6.922   264.7617     2.4869   140.6348     0.0203      0.076     -0.192     -0.279        138 3.0670e+02 0.0000e+00
     -0.183    11.5926     6.4300     59.070  27.702231     37.836      6.922   264.4967     2.3736     3.2535     0.0203      0.094     -0.180     -0.261        139 3.0932e+02 0.0000e+00
     -0.174    11.5802     6.4229     59.005  27.700610     37.841      6.920   264.8374     2.3575     3.3207     0.0203      0.099     -0.172     -0.249        140 3.0601e+02 0.0000e+00
     -0.170    11.5734     6.4161     58.941  27.656010     37.776      6.920   264.3074     2.3615     3.2938     0.0203      0.093     -0.164     -0.237        141 3.0200e+02 0.0000e+00
     -0.157    11.5699     6.4137     58.915  27.698444     37.866      6.922   264.3074     2.3494     3.3475     0.0203      0.080     -0.151     -0.219        142 2.9723e+02 0.0000e+00
     -0.135    11.5654     6.4298     59.061  27.707101     37.872      6.923   264.6481     2.2159     3.3878     0.0203      0.065     -0.131     -0.191        143 3.0142e+02 0.0000e+00
     -0.111    11.5608     6.4214     58.982  27.704534     37.876      6.921   264.5724     2.2362     3.2267     0.0203      0.056     -0.106     -0.155        144 3.0661e+02 0.0000e+00
     -0.077    11.5584     6.4180     58.950  27.701639     37.880      6.915   264.4967     2.2443     3.3744     0.0203      0.058     -0.081     -0.117        145 3.0153e+02 0.0000e+00
     -0.061    11.5576     6.4072     58.851  27.710705     37.885      6.911   264.7238     2.2200     3.2133     0.0203      0.066     -0.063     -0.091        146 2.9734e+02 0.0000e+00
     -0.052    11.5572     6.3896     58.689  27.693254     37.888      6.912   264.9131     2.3130     3.2535     0.0203      0.071     -0.053     -0.077        147 2.9394e+02 0.0000e+00
     -0.049    11.5570     6.3648     58.461  27.664063     37.812      6.914   264.8374     2.2968     3.3744     0.0203      0.072     -0.050     -0.072        148 2.9291e+02 0.0000e+00
     -0.051    11.5578     6.3426     58.256  27.687739     37.889      6.917   264.8752     2.2887     3.2938     0.0203      0.066     -0.051     -0.073        149 2.9570e+02 0.0000e+00
     -0.055    11.5577     6.3102     57.957  27.723084     37.889      6.918   265.1024     2.3211     3.2938     0.0203      0.053     -0.054     -0.078        150 2.9305e+02 0.0000e+00
     -0.059    11.5560     6.2751     57.634  27.738665     37.965      6.918   265.1781     2.2321     3.3475     0.0203      0.035     -0.056     -0.080        151 2.9476e+02 0.0000e+00
     -0.056    11.5537     6.2514     57.415  27.668351     37.812      6.920   265.4052     2.2240     3.2804     0.0203      0.019     -0.054     -0.078        152 2.9349e+02 0.0000e+00
     -0.052    11.5516     6.2279     57.198  27.692000     37.890      6.922   265.0645     2.2281     3.2535     0.0203      0.007     -0.050     -0.072        153 2.9831e+02 0.0000e+00
     -0.046    11.5505     6.1945     56.889  27.709233     37.893      6.925   265.4052     2.2362     3.3207     0.0203      0.003     -0.045     -0.065        154 2.9611e+02 0.0000e+00
     -0.041    11.5501     6.1704     56.667  27.706200     37.895      6.922   265.2917     2.2240     3.3475     0.0203      0.003     -0.041     -0.059        155 2.7022e+02 0.0000e+00
     -0.038    11.5500     6.1381     56.369  27.695776     37.896      6.928   265.1781     2.1755     3.3744     0.0203      0.007     -0.038     -0.054        156 2.5682e+02 0.0000e+00
     -0.038    11.5499     6.1203     56.204  27.662913     37.820      6.928   265.4810     2.1715     3.2267     0.0203      0.010     -0.037     -0.053        157 2.8399e+02 0.0000e+00
     -0.038    11.5495     6.0952     55.971  27.687804     37.897      6.928   265.5567     2.1674     3.3207     0.0203      0.012     -0.036     -0.052        158 2.8052e+02 0.0000e+00
     -0.036    11.5489     6.0719     55.756  27.664799     37.820      6.930   265.2917     2.1472     3.4281     0.0203      0.012     -0.035     -0.050        159 2.2999e+02 0.0000e+00
     -0.033    11.5481     6.0538     55.589  27.691541     37.897      6.928   265.2917     2.0502     3.3475     0.0203      0.010     -0.032     -0.047        160 2.4729e+02 0.0000e+00
     -0.031    11.5472     6.0228     55.303  27.713818     37.898      6.929   265.8217     2.0542     3.3341     0.0203      0.009     -0.030     -0.044        161 2.6078e+02 0.0000e+00
     -0.028    11.5462     6.0057     55.145  27.696370     37.898      6.930   265.1024     2.0502     3.2267     0.0203      0.007     -0.027     -0.040        162 2.4896e+02 0.0000e+00
     -0.025    11.5451     5.9834     54.939  27.653960     37.823      6.930   265.5567     2.0219     3.3207     0.0203      0.007     -0.024     -0.035        163 2.5682e+02 0.0000e+00
     -0.020    11.5441     5.9667     54.784  27.648009     37.824      6.930   265.7838     2.1472     3.3072     0.0203      0.009     -0.020     -0.029        164 2.4930e+02 0.0000e+00
     -0.016    11.5430     5.9475     54.609  27.703777     37.902      6.930   265.6324     2.1796     3.2267     0.0203      0.011     -0.016     -0.023        165 2.3400e+02 0.0000e+00
     -0.012    11.5420     5.9364     54.511  27.703147     37.903      6.927   266.0488     2.1593     3.3207     0.0203      0.013     -0.011     -0.017        166 2.2388e+02 0.0000e+00
     -0.007    11.5408     5.9216     54.386  27.708089     37.904      6.930   265.9731     2.1593     3.2938     0.0203      0.014     -0.007     -0.010        167 2.0727e+02 0.0000e+00
     -0.002    11.5395     5.9237     54.407  27.697629     37.905      6.929   266.0867     2.2443     3.3475     0.0203      0.015     -0.002     -0.003        168 2.0226e+02 0.0000e+00
      0.004    11.5382     5.9512     54.657  27.656869     37.830      6.928   265.8595     2.2443     3.3878     0.0203      0.017      0.003      0.005        169 2.2494e+02 0.0000e+00
      0.008    11.5375     6.0078     55.176  27.640223     37.831      6.928   266.0110     2.2362     3.2938     0.0203      0.018      0.007      0.011        170 2.2884e+02 0.0000e+00
