Data/DataNotYetUploadedToEDI/Raw_CTD/RawDownloads/102918_fcr30.cnv
* Sea-Bird SBE19plus  Data File:
* FileName = C:\DATA\101518_fcr_0015.hex
* Software version 2.6.3.104
* Temperature SN = 7809
* Conductivity SN = 7809
* System UpLoad Time = Oct 29 2018 16:41:02
* <ApplicationData>
* <Seaterm232>
# nquan = 17
# nvalues = 419                         
# units = specified
# name 0 = depFM: Depth [fresh water, m]
# name 1 = tv290C: Temperature [ITS-90, deg C]
# name 2 = sbeox0Mg/L: Oxygen, SBE 43 [mg/l]
# name 3 = sbeox0PS: Oxygen, SBE 43 [% saturation]
# name 4 = c0uS/cm: Conductivity [uS/cm]
# name 5 = specc: Specific Conductance [uS/cm]
# name 6 = ph: pH
# name 7 = orp: Oxidation Reduction Potential [mV]
# name 8 = flECO-AFL: Fluorescence, WET Labs ECO-AFL/FL [mg/m^3]
# name 9 = turbWETntu0: Turbidity, WET Labs ECO [NTU]
# name 10 = sal00: Salinity, Practical [PSU]
# name 11 = dz/dtM: Descent Rate [m/s]
# name 12 = prdM: Pressure, Strain Gauge [db]
# name 13 = prdE: Pressure, Strain Gauge [psi]
# name 14 = scan: Scan Count
# name 15 = par/sat/log: PAR/Logarithmic, Satlantic
# name 16 = flag:  0.000e+00
# span 0 =     -0.628,      5.394       
# span 1 =    10.1391,    12.0330       
# span 2 =     5.9216,    10.7989       
# span 3 =     54.386,    100.017       
# span 4 =   1.306636,  28.131025       
# span 5 =      1.796,     38.416       
# span 6 =     -2.993,      7.694       
# span 7 = -1240.7455,  1240.2295       
# span 8 =    -0.2385,     2.8670       
# span 9 =    -0.2914,   140.6348       
# span 10 =     0.0054,     0.0205      
# span 11 =     -0.246,      0.301      
# span 12 =     -0.616,      5.289      
# span 13 =     -0.893,      7.672      
# span 14 =          1,        419      
# span 15 = 7.4420e-01, 3.3041e+02      
# span 16 = 0.0000e+00, 0.0000e+00      
# interval = seconds: 0.25
# start_time = Oct 29 2018 14:55:08 [Instrument's time stamp, header]
# bad_flag = -9.990e-29
*END*
[from data line 171]
      0.009    11.5360     6.1553     56.819  27.692732     37.909      6.927   265.7838     2.1674     3.3475     0.0203      0.016      0.010      0.014        172 2.1047e+02 0.0000e+00
      0.012    11.5344     6.2830     58.151  27.657601     37.834      6.928   265.7838     2.1634     3.4147     0.0203      0.014      0.014      0.021        173 1.9793e+02 0.0000e+00
      0.025    11.5333     6.4866     60.123  27.643477     37.835      6.927   265.8974     2.1836     3.3744     0.0203      0.015      0.024      0.035        174 1.8814e+02 0.0000e+00
      0.038    11.5340     6.7370     62.491  27.651017     37.836      6.926   265.9731     2.1634     3.3072     0.0203      0.018      0.028      0.041        175 1.9245e+02 0.0000e+00
      0.023    11.5379     7.0087     65.036  27.707515     37.914      6.923   264.3831     2.1836     3.3207     0.0203      0.016      0.009      0.013        176 2.1489e+02 0.0000e+00
     -0.035    11.5458     7.2893     67.658  27.751050     37.989      6.914   264.0802     2.1553     3.2804     0.0203     -0.002     -0.038     -0.055        177 2.7319e+02 0.0000e+00
     -0.101    11.5480     7.5384     69.981  27.715426     37.910      6.906   264.1181     2.1593     3.3072     0.0203     -0.034     -0.097     -0.140        178 3.2984e+02 0.0000e+00
     -0.159    11.5461     7.7589     72.035  27.692552     37.900      6.903   264.3452     2.1836     3.3207     0.0203     -0.072     -0.153     -0.221        179 2.9779e+02 0.0000e+00
     -0.206    11.5447     7.9200     73.535  27.660924     37.822      6.893   264.2695     2.1917     3.3207     0.0203     -0.111     -0.204     -0.295        180 2.8944e+02 0.0000e+00
     -0.259    11.6121     8.0482     74.729  27.695490     37.901      6.892   265.1024     1.9774     3.3207     0.0203     -0.150     -0.254     -0.368        181 3.0192e+02 0.0000e+00
     -0.313    11.7644     8.0872     75.091  27.827420     38.055      6.891   267.2602     1.9895     3.2535     0.0204     -0.185     -0.300     -0.435        182 2.9127e+02 0.0000e+00
     -0.346    11.8839     8.1015     75.225  27.971094     38.218      6.890   266.9952     1.9652     3.2804     0.0205     -0.203     -0.330     -0.478        183 2.9972e+02 0.0000e+00
     -0.350    11.9459     8.0806     75.033  27.991024     38.052      6.893   267.1845     1.9814     3.4012     0.0205     -0.193     -0.337     -0.489        184 2.9634e+02 0.0000e+00
     -0.336    11.9804     8.0510     74.760  27.980455     37.933      6.893   267.5631     2.1593   106.4741     0.0205     -0.159     -0.330     -0.477        185 2.9468e+02 0.0000e+00
     -0.323    11.9967     8.0205     74.477  28.013851     37.905      6.894   267.7524     2.1512   106.5144     0.0205     -0.117     -0.316     -0.458        186 2.9939e+02 0.0000e+00
     -0.306    12.0082     7.9977     74.265  27.979084     37.833      6.889   268.0174     2.1674   106.5815     0.0205     -0.074     -0.298     -0.433        187 2.9983e+02 0.0000e+00
     -0.283    12.0150     7.9596     73.911  27.994059     37.816      6.883   268.0174     2.1634   106.5547     0.0205     -0.030     -0.278     -0.403        188 2.9856e+02 0.0000e+00
     -0.261    12.0197     7.9309     73.643  28.024857     37.880      6.877   268.3203     1.8520     3.3475     0.0205      0.012     -0.257     -0.373        189 2.9841e+02 0.0000e+00
     -0.244    12.0228     7.9072     73.422  28.000050     37.798      6.871   267.9038     1.8156     3.3878     0.0205      0.045     -0.237     -0.345        190 2.9833e+02 0.0000e+00
     -0.223    12.0243     7.8802     73.170  28.024928     37.868      6.876   267.2981     1.8601     3.3207     0.0205      0.065     -0.216     -0.314        191 2.9982e+02 0.0000e+00
     -0.195    12.0243     7.8512     72.902  27.993895     37.790      6.880   266.9195     1.8601     3.3207     0.0204      0.076     -0.189     -0.274        192 2.9602e+02 0.0000e+00
     -0.162    12.0251     7.8230     72.640  28.009022     37.826      6.884   265.0645     1.8237     3.2670     0.0205      0.084     -0.158     -0.229        193 2.8945e+02 0.0000e+00
     -0.127    12.0263     7.8027     72.452  28.035750     37.864      6.888   265.2917     1.8278     3.2670     0.0205      0.094     -0.127     -0.184        194 2.8621e+02 0.0000e+00
     -0.100    12.0273     7.7788     72.231  27.990281     37.787      6.887   265.4431     1.8520     3.4818     0.0204      0.101     -0.099     -0.144        195 2.8390e+02 0.0000e+00
     -0.075    12.0278     7.7696     72.145  28.035959     37.862      6.888   264.7995     1.8844     3.4147     0.0205      0.105     -0.073     -0.105        196 2.8186e+02 0.0000e+00
     -0.045    12.0276     7.7608     72.064  28.038198     37.861      6.887   264.8752     1.8520     3.2535     0.0205      0.110     -0.044     -0.064        197 2.5756e+02 0.0000e+00
     -0.013    12.0272     7.7697     72.147  27.987495     37.785      6.888   265.2538     2.0582     3.3610     0.0204      0.115     -0.013     -0.019        198 2.0460e+02 0.0000e+00
      0.019    12.0266     7.7647     72.100  28.010116     37.823      6.879   264.7995     2.0138     3.3207     0.0205      0.118      0.018      0.024        199 1.7730e+02 0.0000e+00
      0.047    12.0261     7.7665     72.116  28.039694     37.861      6.875   264.7238     2.0461     3.2938     0.0205      0.117      0.045      0.064        200 1.8726e+02 0.0000e+00
      0.070    12.0256     7.7603     72.058  27.980332     37.786      6.872   265.2917     2.0502     3.3207     0.0204      0.114      0.068      0.098        201 1.7271e+02 0.0000e+00
      0.090    12.0256     7.7616     72.071  27.935751     37.711      6.860   264.7238     2.1472     3.2267     0.0204      0.110      0.089      0.129        202 1.6716e+02 0.0000e+00
      0.110    12.0259     7.7492     71.956  28.035881     37.862      6.859   264.9131     2.1634     3.3207     0.0205      0.106      0.112      0.162        203 1.6478e+02 0.0000e+00
      0.142    12.0261     7.7409     71.878  28.033613     37.862      6.860   264.9131     2.1512     3.1998     0.0205      0.104      0.139      0.202        204 1.4825e+02 0.0000e+00
      0.173    12.0263     7.7378     71.850  27.997869     37.787      6.866   265.0645     2.1674     3.3072     0.0204      0.102      0.168      0.245        205 1.4527e+02 0.0000e+00
      0.199    12.0263     7.7417     71.886  28.050715     37.900      6.870   265.4431     2.3049     3.2535     0.0205      0.101      0.197      0.285        206 1.3255e+02 0.0000e+00
      0.231    12.0268     7.7466     71.932  27.997495     37.786      6.872   265.8974     2.2968     3.1998     0.0204      0.102      0.224      0.324        207 1.2658e+02 0.0000e+00
      0.255    12.0273     7.7486     71.950  27.975156     37.786      6.867   266.2381     2.2766     3.4012     0.0204      0.104      0.247      0.359        208 1.2101e+02 0.0000e+00
      0.273    12.0268     7.7479     71.944  27.989573     37.786      6.863   266.3517     2.3211     3.3744     0.0204      0.105      0.267      0.387        209 1.1756e+02 0.0000e+00
      0.290    12.0262     7.7490     71.955  28.038851     37.861      6.866   266.6545     2.2968     3.2535     0.0205      0.103      0.283      0.410        210 1.1641e+02 0.0000e+00
      0.303    12.0261     7.7548     72.008  28.032421     37.861      6.865   266.7681     2.3049     3.2938     0.0205      0.096      0.297      0.431        211 1.1239e+02 0.0000e+00
      0.315    12.0261     7.7440     71.908  27.997574     37.786      6.870   267.1845     2.3413     3.3207     0.0204      0.085      0.311      0.452        212 1.0950e+02 0.0000e+00
      0.336    12.0263     7.7320     71.797  28.052569     37.900      6.874   267.5252     2.3211     3.2938     0.0205      0.077      0.331      0.479        213 1.0289e+02 0.0000e+00
      0.362    12.0264     7.7287     71.767  27.993629     37.786      6.877   268.0174     2.3736     3.3341     0.0204      0.073      0.354      0.513        214 1.0233e+02 0.0000e+00
      0.384    12.0266     7.7234     71.718  27.981982     37.786      6.880   268.2067     2.3453     3.3878     0.0204      0.071      0.377      0.547        215 9.8162e+01 0.0000e+00
      0.406    12.0265     7.7143     71.633  28.037416     37.862      6.881   268.0553     2.3575     3.3475     0.0205      0.073      0.401      0.582        216 9.3269e+01 0.0000e+00
      0.439    12.0266     7.7144     71.633  28.043233     37.861      6.878   268.6610     2.3575     3.3207     0.0205      0.080      0.431      0.626        217 8.9860e+01 0.0000e+00
      0.475    12.0268     7.7150     71.637  28.034039     37.861      6.877   268.9638     2.3777     3.2938     0.0205      0.090      0.466      0.675        218 8.3905e+01 0.0000e+00
      0.511    12.0266     7.7190     71.675  27.989563     37.786      6.876   269.6074     2.3656     3.4818     0.0204      0.102      0.499      0.724        219 7.8869e+01 0.0000e+00
      0.542    12.0267     7.7111     71.601  27.979991     37.786      6.873   269.9481     2.3656     3.4684     0.0204      0.112      0.528      0.766        220 7.5801e+01 0.0000e+00
      0.561    12.0266     7.7114     71.603  27.986654     37.786      6.869   269.8724     2.3656     3.5490     0.0204      0.115      0.548      0.796        221 7.4602e+01 0.0000e+00
      0.575    12.0267     7.7095     71.585  27.981271     37.786      6.867   270.4024     2.3817     3.5490     0.0204      0.113      0.563      0.817        222 7.3954e+01 0.0000e+00
      0.586    12.0270     7.7168     71.653  27.986692     37.786      6.866   270.6674     2.2968     3.2401     0.0204      0.106      0.577      0.837        223 7.2051e+01 0.0000e+00
      0.604    12.0273     7.7226     71.707  27.979910     37.786      6.862   270.7431     2.3251     3.2535     0.0204      0.097      0.596      0.865        224 6.9702e+01 0.0000e+00
      0.634    12.0275     7.7273     71.750  27.989712     37.785      6.865   270.4403     2.3009     3.3475     0.0204      0.089      0.623      0.903        225 6.6917e+01 0.0000e+00
      0.666    12.0272     7.7032     71.527  28.063438     37.898      6.865   270.7431     2.2806     3.3744     0.0205      0.084      0.653      0.947        226 6.4058e+01 0.0000e+00
      0.697    12.0267     7.6905     71.408  28.036398     37.860      6.858   271.2353     2.3090     3.2670     0.0205      0.085      0.685      0.993        227 6.0757e+01 0.0000e+00
      0.733    12.0261     7.6931     71.432  27.993714     37.785      6.858   271.2353     2.2766     3.1595     0.0204      0.092      0.718      1.041        228 5.8150e+01 0.0000e+00
      0.767    12.0257     7.6877     71.382  28.027614     37.861      6.859   271.5003     2.3049     3.3207     0.0205      0.103      0.750      1.088        229 5.6084e+01 0.0000e+00
      0.796    12.0256     7.6902     71.404  27.994211     37.786      6.860   271.2731     2.3292     3.3744     0.0204      0.114      0.780      1.132        230 5.3169e+01 0.0000e+00
      0.825    12.0254     7.6859     71.364  27.975988     37.787      6.858   271.8031     2.2443     3.2401     0.0204      0.122      0.808      1.172        231 5.1640e+01 0.0000e+00
      0.851    12.0251     7.6945     71.444  27.990996     37.787      6.858   272.1438     2.2443     3.2804     0.0204      0.123      0.835      1.211        232 4.9942e+01 0.0000e+00
      0.879    12.0251     7.7196     71.677  28.005182     37.825      6.858   272.1438     2.2402     3.1998     0.0205      0.121      0.863      1.251        233 4.7444e+01 0.0000e+00
      0.909    12.0251     7.7414     71.880  27.987983     37.787      6.856   272.5224     2.2443     3.2938     0.0204      0.118      0.889      1.290        234 4.5791e+01 0.0000e+00
      0.933    12.0250     7.7448     71.911  27.982752     37.787      6.857   272.2953     2.2321     3.3610     0.0204      0.114      0.914      1.326        235 4.4856e+01 0.0000e+00
      0.955    12.0251     7.7476     71.936  27.982045     37.787      6.857   272.7117     2.2604     3.2535     0.0204      0.109      0.937      1.359        236 4.3774e+01 0.0000e+00
      0.977    12.0249     7.7457     71.919  27.988865     37.788      6.858   272.4088     2.2362     3.2804     0.0204      0.104      0.957      1.389        237 4.2941e+01 0.0000e+00
      0.996    12.0247     7.7467     71.929  28.033559     37.863      6.859   272.2953     2.2362     3.3610     0.0205      0.099      0.978      1.419        238 4.1716e+01 0.0000e+00
      1.020    12.0243     7.7522     71.981  28.015365     37.825      6.860   272.8253     2.2402     3.3610     0.0205      0.095      1.002      1.452        239 4.0033e+01 0.0000e+00
      1.047    12.0241     7.7487     71.949  28.041154     37.863      6.861   272.7874     2.2240     3.2535     0.0205      0.093      1.028      1.489        240 3.8636e+01 0.0000e+00
      1.075    12.0240     7.7424     71.891  28.031113     37.864      6.859   273.2796     2.2523     3.2267     0.0205      0.092      1.053      1.527        241 3.7687e+01 0.0000e+00
      1.100    12.0241     7.7531     71.990  27.998215     37.788      6.855   273.3931     2.2443     3.3341     0.0204      0.093      1.077      1.562        242 3.6848e+01 0.0000e+00
      1.119    12.0240     7.7493     71.955  28.022801     37.864      6.854   273.2796     2.2604     3.3475     0.0205      0.093      1.097      1.590        243 3.6326e+01 0.0000e+00
      1.135    12.0241     7.7543     72.001  28.000516     37.788      6.854   273.6203     2.2483     3.3610     0.0204      0.092      1.114      1.615        244 3.5651e+01 0.0000e+00
      1.152    12.0240     7.7578     72.033  28.025950     37.864      6.851   273.5067     2.2362     3.2535     0.0205      0.089      1.132      1.642        245 3.4544e+01 0.0000e+00
      1.177    12.0237     7.7466     71.929  28.020798     37.826      6.851   273.4688     2.2159     3.2938     0.0205      0.088      1.156      1.676        246 3.3354e+01 0.0000e+00
      1.207    12.0239     7.7419     71.886  27.977278     37.788      6.852   273.6960     2.2362     3.2133     0.0204      0.087      1.185      1.718        247 3.2084e+01 0.0000e+00
      1.241    12.0244     7.7447     71.912  27.991166     37.789      6.852   273.9231     2.3696     3.3207     0.0204      0.089      1.217      1.766        248 3.0859e+01 0.0000e+00
      1.276    12.0247     7.7482     71.945  28.033164     37.864      6.854   273.4310     2.3736     3.2401     0.0205      0.094      1.252      1.816        249 2.9354e+01 0.0000e+00
      1.314    12.0249     7.7409     71.876  27.984310     37.788      6.854   273.9231     2.3656     3.2267     0.0204      0.104      1.287      1.866        250 2.8108e+01 0.0000e+00
      1.346    12.0251     7.7463     71.927  27.992670     37.788      6.852   274.0746     2.3292     3.2670     0.0204      0.115      1.319      1.913        251 2.7140e+01 0.0000e+00
      1.376    12.0252     7.7326     71.799  28.052407     37.901      6.851   274.0746     2.4909     3.5758     0.0205      0.123      1.350      1.958        252 2.6181e+01 0.0000e+00
      1.408    12.0251     7.7304     71.778  27.998910     37.788      6.854   274.2638     2.5030     3.5758     0.0204      0.129      1.380      2.002        253 2.5283e+01 0.0000e+00
      1.437    12.0250     7.7314     71.787  27.970302     37.787      6.852   274.3396     2.4869     3.4550     0.0204      0.130      1.409      2.044        254 2.4474e+01 0.0000e+00
      1.468    12.0248     7.7199     71.680  27.939770     37.712      6.850   274.4153     2.4950     3.4818     0.0204      0.128      1.439      2.087        255 2.3720e+01 0.0000e+00
