Data/DataNotYetUploadedToEDI/Raw_CTD/RawDownloads/102918_fcr20.cnv
* Sea-Bird SBE19plus  Data File:
* FileName = C:\DATA\101518_fcr_0014.hex
* Software version 2.6.3.104
* Temperature SN = 7809
* Conductivity SN = 7809
* System UpLoad Time = Oct 29 2018 16:40:47
* <ApplicationData>
* <Seaterm232>
# nquan = 17
# nvalues = 359                         
# units = specified
# name 0 = depFM: Depth [fresh water, m]
# name 1 = tv290C: Temperature [ITS-90, deg C]
# name 2 = sbeox0Mg/L: Oxygen, SBE 43 [mg/l]
# name 3 = sbeox0PS: Oxygen, SBE 43 [% saturation]
# name 4 = c0uS/cm: Conductivity [uS/cm]
# name 5 = specc: Specific Conductance [uS/cm]
# name 6 = ph: pH
# name 7 = orp: Oxidation Reduction Potential [mV]
# name 8 = flECO-AFL: Fluorescence, WET Labs ECO-AFL/FL [mg/m^3]
# name 9 = turbWETntu0: Turbidity, WET Labs ECO [NTU]
# name 10 = sal00: Salinity, Practical [PSU]
# name 11 = dz/dtM: Descent Rate [m/s]
# name 12 = prdM: Pressure, Strain Gauge [db]
# name 13 = prdE: Pressure, Strain Gauge [psi]
# name 14 = scan: Scan Count
# name 15 = par/sat/log: PAR/Logarithmic, Satlantic
# name 16 = flag:  0.000e+00
# span 0 =     -0.631,      3.115       
# span 1 =    10.4355,    12.1365       
# span 2 =     5.5499,    10.7995       
# span 3 =     51.268,    100.003       
# span 4 =   0.930262,  28.128576       
# span 5 =      1.308,     38.136       
# span 6 =      5.878,      9.852       
# span 7 =  -366.8866,  1240.2295       
# span 8 =    -1.3991,     3.8213       
# span 9 =    -0.1169,   114.6920       
# span 10 =     0.0055,     0.0205      
# span 11 =     -0.287,      0.223      
# span 12 =     -0.619,      3.054      
# span 13 =     -0.898,      4.430      
# span 14 =          1,        359      
# span 15 = 9.8168e+00, 2.0349e+03      
# span 16 = 0.0000e+00, 0.0000e+00      
# interval = seconds: 0.25
# start_time = Oct 29 2018 14:33:59 [Instrument's time stamp, header]
# bad_flag = -9.990e-29
*END*
[from data line 171]
      0.132    11.8370     5.7225     53.133  27.810357     37.746      6.950   250.3381     2.6284     3.1461     0.0204      0.012      0.131      0.189        172 3.2122e+02 0.0000e+00
      0.136    11.8389     5.9055     54.894  27.814976     37.749      6.944   250.4895     2.6405     3.1461     0.0204      0.010      0.132      0.191        173 3.2397e+02 0.0000e+00
      0.137    11.8400     6.1943     57.614  27.824758     37.752      6.938   250.6788     2.6082     3.1595     0.0204      0.008      0.127      0.185        174 2.3476e+02 0.0000e+00
      0.117    11.8213     6.5829     61.248  27.857479     37.828      6.925   252.9502     2.6163     3.0521     0.0204      0.001      0.109      0.159        175 3.2579e+02 0.0000e+00
      0.083    11.7986     7.0553     65.655  27.833549     37.748      6.916   251.4359     2.6001     3.1461     0.0204     -0.013      0.074      0.107        176 5.6572e+02 0.0000e+00
      0.028    11.7777     7.5105     69.896  27.854540     37.846      6.908   250.7923     2.7052     3.0253     0.0204     -0.038      0.016      0.024        177 4.9774e+02 0.0000e+00
     -0.063    11.7712     7.9163     73.676  27.831364     37.792      6.904   250.6031     2.6850     3.2267     0.0204     -0.079     -0.059     -0.085        178 5.7929e+02 0.0000e+00
     -0.143    11.8035     8.2690     76.962  27.862398     37.890      6.913   250.8681     2.7093     3.1193     0.0204     -0.128     -0.126     -0.182        179 5.7789e+02 0.0000e+00
     -0.176    11.8639     8.5231     79.329  27.934514     37.973      6.915   253.5181     2.6850     3.0521     0.0204     -0.167     -0.164     -0.237        180 5.0705e+02 0.0000e+00
     -0.183    11.9431     8.6767     80.760  28.008447     38.053      6.917   253.5559     2.4990     3.1327     0.0205     -0.188     -0.175     -0.253        181 5.0579e+02 0.0000e+00
     -0.177    12.0228     8.7515     81.457  27.977913     37.953      6.914   253.4802     2.5111     3.1327     0.0205     -0.186     -0.171     -0.248        182 4.8789e+02 0.0000e+00
     -0.164    12.0730     8.7647     81.580  27.883547     37.721      6.915   254.0859     2.5192     3.0521     0.0204     -0.159     -0.162     -0.235        183 5.0455e+02 0.0000e+00
     -0.155    12.0990     8.7329     81.284  27.918320     37.713      6.925   251.8145     2.4667     3.0655     0.0204     -0.118     -0.152     -0.221        184 5.1463e+02 0.0000e+00
     -0.146    12.1142     8.6917     80.901  27.934609     37.663      6.924   251.8145     2.1634     3.1730     0.0204     -0.066     -0.144     -0.209        185 5.3041e+02 0.0000e+00
     -0.140    12.1218     8.6380     80.401  27.922551     37.636      6.915   251.8902     2.1674     3.1461     0.0204     -0.017     -0.138     -0.200        186 5.1655e+02 0.0000e+00
     -0.137    12.1256     8.5868     79.924  27.933317     37.622      6.915   251.5495     2.1755     3.0655     0.0204      0.015     -0.133     -0.193        187 5.1103e+02 0.0000e+00
     -0.130    12.1275     8.5379     79.469  27.921206     37.613      6.919   252.0795     2.1836     3.1595     0.0204      0.027     -0.127     -0.185        188 4.9099e+02 0.0000e+00
     -0.125    12.1292     8.4920     79.042  27.937620     37.610      6.923   252.0795     2.0542     3.0387     0.0204      0.029     -0.121     -0.175        189 5.0311e+02 0.0000e+00
     -0.116    12.1302     8.4374     78.534  27.972184     37.683      6.926   252.3823     2.0866     3.1193     0.0204      0.028     -0.112     -0.162        190 5.4796e+02 0.0000e+00
     -0.101    12.1311     8.3986     78.174  27.937486     37.606      6.928   252.5716     2.0340     3.1595     0.0204      0.028     -0.098     -0.142        191 5.7885e+02 0.0000e+00
     -0.083    12.1316     8.3599     77.811  27.921504     37.605      6.936   252.3066     2.0219     2.9984     0.0204      0.032     -0.081     -0.117        192 6.2091e+02 0.0000e+00
     -0.063    12.1318     8.3316     77.546  27.932777     37.604      6.934   252.5716     2.0259     3.0521     0.0204      0.038     -0.061     -0.088        193 6.4407e+02 0.0000e+00
     -0.039    12.1319     8.3073     77.318  27.923456     37.604      6.928   253.0638     2.3009     3.1327     0.0204      0.048     -0.038     -0.056        194 6.6051e+02 0.0000e+00
     -0.016    12.1318     8.2860     77.117  27.933104     37.604      6.925   252.7231     2.2887     3.1327     0.0204      0.059     -0.016     -0.024        195 7.0344e+02 0.0000e+00
      0.004    12.1317     8.2671     76.945  27.920772     37.603      6.921   255.2595     2.3090     3.1327     0.0204      0.069      0.006      0.009        196 5.0322e+02 0.0000e+00
      0.032    12.1315     8.2658     76.939  27.938803     37.604      6.919   253.4045     2.3009     3.0655     0.0204      0.078      0.030      0.044        197 3.9161e+02 0.0000e+00
      0.057    12.1317     8.2520     76.813  27.969960     37.679      6.908   253.0638     2.5597     3.0521     0.0204      0.086      0.055      0.079        198 7.3423e+02 0.0000e+00
      0.078    12.1319     8.2395     76.699  27.941295     37.604      6.906   255.2974     2.5516     3.1461     0.0204      0.090      0.075      0.109        199 6.8391e+02 0.0000e+00
      0.096    12.1320     8.2275     76.588  27.974477     37.679      6.897   255.7895     2.5435     3.0387     0.0204      0.090      0.090      0.130        200 3.6219e+02 0.0000e+00
      0.102    12.1322     8.2018     76.349  27.987961     37.679      6.882   256.3952     2.5556     3.0924     0.0204      0.086      0.092      0.133        201 4.6272e+02 0.0000e+00
      0.085    12.1313     8.1747     76.096  27.924515     37.603      6.878   255.6381     2.6931     3.0924     0.0204      0.071      0.069      0.100        202 5.8496e+02 0.0000e+00
      0.024    12.1298     8.1530     75.893  27.934843     37.603      6.894   254.0481     2.6850     3.1193     0.0204      0.038      0.011      0.017        203 7.8319e+02 0.0000e+00
     -0.073    12.1287     8.1336     75.712  27.975105     37.679      6.904   256.3574     2.6769     3.0924     0.0204     -0.017     -0.076     -0.110        204 1.1189e+03 0.0000e+00
     -0.183    12.1281     8.1178     75.564  27.933703     37.606      6.911   254.6538     2.7254     3.1058     0.0204     -0.090     -0.176     -0.255        205 1.1470e+03 0.0000e+00
     -0.280    12.1299     8.1081     75.472  27.927071     37.607      6.915   254.3131     2.5111     3.1595     0.0204     -0.167     -0.268     -0.388        206 1.0250e+03 0.0000e+00
     -0.358    12.1330     8.1038     75.429  27.983358     37.683      6.914   252.4581     2.4950     3.0521     0.0204     -0.235     -0.339     -0.491        207 1.0259e+03 0.0000e+00
     -0.402    12.1347     8.1054     75.444  27.982245     37.681      6.913   254.7674     2.5030     3.0924     0.0204     -0.282     -0.376     -0.545        208 1.1125e+03 0.0000e+00
     -0.388    12.1358     8.1072     75.459  27.928455     37.602      6.915   257.4174     2.4990     3.1595     0.0204     -0.287     -0.375     -0.543        209 1.0493e+03 0.0000e+00
     -0.358    12.1365     8.1179     75.554  27.872412     37.525      6.915   259.2724     2.0016   114.6249     0.0204     -0.251     -0.354     -0.513        210 1.0539e+03 0.0000e+00
     -0.338    12.1362     8.1150     75.523  27.933399     37.599      6.913   259.0074     1.9935   114.6517     0.0204     -0.185     -0.333     -0.483        211 1.1549e+03 0.0000e+00
     -0.324    12.1359     8.1118     75.483  27.971149     37.674      6.915   259.0452     1.9814   114.6920     0.0204     -0.108     -0.311     -0.451        212 1.1989e+03 0.0000e+00
     -0.286    12.1357     8.1072     75.423  27.884728     37.524      6.917   259.7645     1.9935   114.6786     0.0204     -0.030     -0.275     -0.399        213 1.1844e+03 0.0000e+00
     -0.231    12.1350     8.0886     75.238  27.922357     37.599      6.910   257.9474     1.9572   114.6249     0.0204      0.040     -0.227     -0.329        214 1.1341e+03 0.0000e+00
     -0.178    12.1344     8.0817     75.165  27.983616     37.675      6.909   255.9409     2.1472     3.2535     0.0204      0.096     -0.176     -0.255        215 1.1627e+03 0.0000e+00
     -0.128    12.1334     8.0585     74.945  27.927085     37.600      6.915   255.5624     2.1391     3.2938     0.0204      0.133     -0.128     -0.185        216 1.2100e+03 0.0000e+00
     -0.085    12.1324     8.0353     74.726  27.874119     37.526      6.913   255.9409     2.1634     3.3475     0.0204      0.152     -0.083     -0.120        217 1.1941e+03 0.0000e+00
     -0.041    12.1319     8.0161     74.541  27.930941     37.602      6.909   256.0924     2.1593     3.3341     0.0204      0.166     -0.036     -0.052        218 9.0877e+02 0.0000e+00
      0.015    12.1308     8.0017     74.400  27.915667     37.603      6.910   255.4109     2.6203     3.1864     0.0204      0.181      0.019      0.026        219 5.9376e+02 0.0000e+00
      0.081    12.1285     7.9963     74.346  27.893129     37.528      6.909   255.9031     2.6324     3.0924     0.0204      0.196      0.080      0.115        220 3.9468e+02 0.0000e+00
      0.145    12.1258     7.9997     74.369  27.958991     37.680      6.910   255.6759     2.5880     3.1461     0.0204      0.205      0.140      0.203        221 3.2104e+02 0.0000e+00
      0.200    12.1196     8.0165     74.514  27.892999     37.532      6.910   256.0166     2.6324     3.1461     0.0204      0.210      0.196      0.284        222 2.9660e+02 0.0000e+00
      0.254    12.1102     8.0366     74.694  27.915960     37.610      6.908   256.6224     2.6244     3.0387     0.0204      0.215      0.249      0.360        223 3.0649e+02 0.0000e+00
      0.306    12.1030     8.0445     74.766  27.930417     37.616      6.908   257.1145     2.6244     3.1730     0.0204      0.220      0.299      0.434        224 3.6080e+02 0.0000e+00
      0.358    12.0981     8.0627     74.940  27.934305     37.626      6.909   257.3795     2.6324     3.1461     0.0204      0.223      0.347      0.504        225 4.1606e+02 0.0000e+00
      0.399    12.0954     8.0621     74.942  27.970421     37.708      6.907   257.7581     2.6567     3.2401     0.0204      0.218      0.388      0.564        226 4.6059e+02 0.0000e+00
      0.433    12.0936     8.0545     74.875  27.944771     37.638      6.904   258.2502     2.7497     3.1058     0.0204      0.206      0.423      0.614        227 3.2236e+02 0.0000e+00
      0.464    12.0893     8.0389     74.729  27.966229     37.716      6.903   258.4017     2.7376     3.0655     0.0204      0.189      0.454      0.659        228 2.5743e+02 0.0000e+00
      0.494    12.0854     8.0264     74.610  27.943718     37.642      6.907   258.2881     2.7457     3.0253     0.0204      0.172      0.483      0.701        229 3.6036e+02 0.0000e+00
      0.522    12.0830     8.0125     74.473  27.913491     37.647      6.908   258.8938     2.7618     3.0655     0.0204      0.157      0.511      0.741        230 4.7145e+02 0.0000e+00
      0.548    12.0784     7.9959     74.314  27.944554     37.651      6.906   259.2345     2.8953     3.1461     0.0204      0.141      0.536      0.778        231 3.9953e+02 0.0000e+00
      0.571    12.0720     7.9843     74.204  27.964359     37.728      6.910   259.3859     2.8670     3.0655     0.0204      0.127      0.561      0.815        232 2.7071e+02 0.0000e+00
      0.599    12.0675     7.9746     74.115  27.948140     37.658      6.910   259.1209     2.8953     3.0655     0.0204      0.116      0.589      0.855        233 2.7280e+02 0.0000e+00
      0.632    12.0665     7.9812     74.177  27.964740     37.740      6.906   259.5374     2.8912     3.0521     0.0204      0.111      0.621      0.900        234 2.5756e+02 0.0000e+00
      0.666    12.0693     7.9878     74.239  27.943703     37.669      6.902   259.6509     3.0934     3.4012     0.0204      0.111      0.652      0.946        235 2.6112e+02 0.0000e+00
      0.696    12.0738     7.9998     74.352  27.915025     37.670      6.901   260.4459     3.0732     3.2938     0.0204      0.112      0.681      0.988        236 2.6088e+02 0.0000e+00
      0.721    12.0759     8.0088     74.434  27.941134     37.667      6.896   260.8624     3.0732     3.2401     0.0204      0.113      0.705      1.023        237 2.2355e+02 0.0000e+00
      0.741    12.0756     8.0230     74.564  27.970506     37.738      6.894   260.9002     3.0692     3.3207     0.0204      0.112      0.727      1.055        238 2.3964e+02 0.0000e+00
      0.764    12.0737     8.0320     74.645  27.937767     37.660      6.891   260.5217     3.0651     3.3341     0.0204      0.110      0.751      1.089        239 2.3581e+02 0.0000e+00
      0.794    12.0696     8.0445     74.761  27.922582     37.660      6.893   261.3545     3.4735     3.2938     0.0204      0.108      0.777      1.127        240 2.2304e+02 0.0000e+00
      0.819    12.0664     8.0406     74.725  27.989405     37.738      6.896   261.9602     3.4654     3.2133     0.0204      0.105      0.799      1.159        241 2.5521e+02 0.0000e+00
      0.831    12.0653     8.0404     74.722  27.973197     37.742      6.895   262.3009     3.4573     3.3341     0.0204      0.097      0.813      1.179        242 2.2614e+02 0.0000e+00
      0.837    12.0656     8.0418     74.735  27.942751     37.670      6.892   262.4524     3.4533     3.3207     0.0204      0.087      0.818      1.187        243 1.9287e+02 0.0000e+00
      0.835    12.0661     8.0437     74.751  27.968002     37.746      6.892   261.9981     3.5948     3.4012     0.0204      0.075      0.817      1.185        244 2.1682e+02 0.0000e+00
      0.827    12.0668     8.0432     74.746  27.941776     37.671      6.895   262.2631     3.5827     3.3475     0.0204      0.058      0.812      1.178        245 2.2293e+02 0.0000e+00
      0.823    12.0674     8.0511     74.819  27.916092     37.670      6.899   262.5281     3.5867     3.2938     0.0204      0.040      0.811      1.176        246 2.4227e+02 0.0000e+00
      0.830    12.0665     8.0617     74.917  27.940668     37.669      6.904   262.7174     3.6191     3.3207     0.0204      0.024      0.818      1.187        247 2.4389e+02 0.0000e+00
      0.850    12.0652     8.0672     74.970  27.970488     37.744      6.905   262.7174     3.6029     3.2267     0.0204      0.015      0.838      1.215        248 1.7369e+02 0.0000e+00
      0.883    12.0639     8.0802     75.090  27.938278     37.670      6.904   263.2095     3.5867     3.0118     0.0204      0.019      0.867      1.258        249 1.5579e+02 0.0000e+00
      0.919    12.0634     8.0788     75.077  27.921458     37.671      6.896   263.5124     3.5948     3.0387     0.0204      0.034      0.898      1.303        250 1.7622e+02 0.0000e+00
      0.946    12.0633     8.0766     75.057  27.932125     37.672      6.897   264.0045     3.5908     3.0253     0.0204      0.054      0.925      1.342        251 1.8046e+02 0.0000e+00
      0.965    12.0630     8.0776     75.068  27.925002     37.673      6.894   263.9667     3.6150     3.2670     0.0204      0.074      0.945      1.371        252 1.5695e+02 0.0000e+00
      0.980    12.0628     8.0757     75.049  27.930323     37.673      6.894   264.0045     3.6070     3.2804     0.0204      0.088      0.962      1.395        253 1.4643e+02 0.0000e+00
      0.999    12.0622     8.0683     74.979  27.925504     37.673      6.894   264.0045     3.6070     3.3475     0.0204      0.095      0.979      1.420        254 1.7887e+02 0.0000e+00
      1.017    12.0618     8.0576     74.880  27.930999     37.674      6.889   264.3452     3.5787     3.2535     0.0204      0.093      0.994      1.442        255 1.5521e+02 0.0000e+00
