Data/DataNotYetUploadedToEDI/Raw_CTD/RawDownloads/102918_fcr30.cnv
* Sea-Bird SBE19plus  Data File:
* FileName = C:\DATA\101518_fcr_0015.hex
* Software version 2.6.3.104
* Temperature SN = 7809
* Conductivity SN = 7809
* System UpLoad Time = Oct 29 2018 16:41:02
* <ApplicationData>
* <Seaterm232>
# nquan = 17
# nvalues = 419                         
# units = specified
# name 0 = depFM: Depth [fresh water, m]
# name 1 = tv290C: Temperature [ITS-90, deg C]
# name 2 = sbeox0Mg/L: Oxygen, SBE 43 [mg/l]
# name 3 = sbeox0PS: Oxygen, SBE 43 [% saturation]
# name 4 = c0uS/cm: Conductivity [uS/cm]
# name 5 = specc: Specific Conductance [uS/cm]
# name 6 = ph: pH
# name 7 = orp: Oxidation Reduction Potential [mV]
# name 8 = flECO-AFL: Fluorescence, WET Labs ECO-AFL/FL [mg/m^3]
# name 9 = turbWETntu0: Turbidity, WET Labs ECO [NTU]
# name 10 = sal00: Salinity, Practical [PSU]
# name 11 = dz/dtM: Descent Rate [m/s]
# name 12 = prdM: Pressure, Strain Gauge [db]
# name 13 = prdE: Pressure, Strain Gauge [psi]
# name 14 = scan: Scan Count
# name 15 = par/sat/log: PAR/Logarithmic, Satlantic
# name 16 = flag:  0.000e+00
# span 0 =     -0.628,      5.394       
# span 1 =    10.1391,    12.0330       
# span 2 =     5.9216,    10.7989       
# span 3 =     54.386,    100.017       
# span 4 =   1.306636,  28.131025       
# span 5 =      1.796,     38.416       
# span 6 =     -2.993,      7.694       
# span 7 = -1240.7455,  1240.2295       
# span 8 =    -0.2385,     2.8670       
# span 9 =    -0.2914,   140.6348       
# span 10 =     0.0054,     0.0205      
# span 11 =     -0.246,      0.301      
# span 12 =     -0.616,      5.289      
# span 13 =     -0.893,      7.672      
# span 14 =          1,        419      
# span 15 = 7.4420e-01, 3.3041e+02      
# span 16 = 0.0000e+00, 0.0000e+00      
# interval = seconds: 0.25
# start_time = Oct 29 2018 14:55:08 [Instrument's time stamp, header]
# bad_flag = -9.990e-29
*END*
     -0.628    10.1392    10.7046     95.166   1.705364      2.392      6.031  1223.9509    -0.2021    -0.0900     0.0056 -2.105e-16     -0.616     -0.893          1 1.4985e+02 0.0000e+00
     -0.627    10.1391    10.6914     95.050   1.968141      2.829      5.999  1240.2295    -0.2224    -0.1034     0.0057      0.000     -0.616     -0.893          2 1.0717e+02 0.0000e+00
     -0.628    10.1402    10.6809     94.959   1.991184      2.829      6.149   660.5214    -0.2102    -0.0497     0.0057      0.000     -0.616     -0.893          3 7.3393e+01 0.0000e+00
     -0.628    10.1413    10.6739     94.898   2.002393      2.829      5.700  1240.2295    -0.2102     0.0845     0.0057      0.000     -0.616     -0.893          4 5.4483e+01 0.0000e+00
     -0.628    10.1427    10.6689     94.855   2.043020      2.948      6.913  -774.9499    -0.2062     0.0040     0.0057     -0.000     -0.616     -0.893          5 5.0513e+01 0.0000e+00
     -0.628    10.1439    10.6649     94.822   1.911014      2.670      6.455  -150.4567    -0.2102    -0.0497     0.0056     -0.000     -0.616     -0.893          6 6.3734e+01 0.0000e+00
     -0.628    10.1450    10.6557     94.791   2.018624      2.908      5.638   838.3748    -0.2385    -0.0095     0.0057     -0.000     -0.616     -0.893          7 8.9904e+01 0.0000e+00
     -0.628    10.1457    10.5586     94.736   2.057150      2.908      5.725   787.9110    -0.2224    -0.1437     0.0057     -0.000     -0.616     -0.893          8 1.1245e+02 0.0000e+00
     -0.628    10.1471    10.4479     94.720   1.981508      2.829      5.611 -1240.7455    -0.2224    -0.2512     0.0057     -0.000     -0.616     -0.893          9 1.2615e+02 0.0000e+00
     -0.628    10.1471    10.3891     94.784   1.935100      2.749      5.353 -1240.7455    -0.1941    -0.2512     0.0057     -0.000     -0.616     -0.893         10 1.2525e+02 0.0000e+00
     -0.628    10.1489    10.3566     94.925   1.789197      2.551      0.174  -256.7598    -0.2224    -0.2914     0.0056      0.000     -0.616     -0.893         11 1.1108e+02 0.0000e+00
     -0.627    10.1482    10.3314     95.043   1.689331      2.392     -2.993  -212.6940    -0.1860    -0.2780     0.0056      0.000     -0.616     -0.893         12 1.1961e+02 0.0000e+00
     -0.628    10.1517    10.3333     95.320   1.556023      2.233     -2.993   -10.8013    -0.2143    -0.2914     0.0055      0.000     -0.616     -0.893         13 1.2241e+02 0.0000e+00
     -0.628    10.1479    10.3557     95.700   1.481349      2.074     -2.993   224.6330    -0.2021    -0.1974     0.0055      0.000     -0.616     -0.893         14 1.4781e+02 0.0000e+00
     -0.628    10.1562    10.4017     96.234   1.367736      1.995     -2.993   297.7353    -0.1900    -0.2512     0.0055      0.000     -0.616     -0.893         15 2.0634e+02 0.0000e+00
     -0.627    10.1448    10.4609     96.828   1.460542      1.995     -2.992   333.3969    -0.1860    -0.2109     0.0055      0.000     -0.615     -0.892         16 2.3211e+02 0.0000e+00
     -0.627    10.1880    10.5262     97.455   1.306636      1.995     -2.992   282.4789    -0.2021    -0.2914     0.0055      0.000     -0.614     -0.891         17 2.4211e+02 0.0000e+00
     -0.627    10.5360    10.5880     98.050   1.411224      1.796     -2.992   265.3295    -0.2062    -0.2109     0.0054      0.000     -0.607     -0.881         18 2.5542e+02 0.0000e+00
     -0.607    10.9795    10.6446     98.587   9.326326     12.902     -2.992  1240.2295    -0.2224    -0.2243     0.0093      0.006     -0.576     -0.835         19 2.7459e+02 0.0000e+00
     -0.523    11.2571    10.6961     99.064  22.263028     31.823      1.532   253.6695    -0.1941    -0.2109     0.0172      0.032     -0.507     -0.736         20 2.8606e+02 0.0000e+00
     -0.424    11.4566    10.7385     99.446  27.680746     38.416      4.291   254.1238    -0.1941    -0.1572     0.0203      0.077     -0.419     -0.608         21 3.0236e+02 0.0000e+00
     -0.338    11.6177    10.7659     99.695  27.685583     38.203      5.944   254.6538    -0.2102    -0.0766     0.0203      0.131     -0.332     -0.482         22 3.1731e+02 0.0000e+00
     -0.254    11.7361    10.7930     99.957  27.829950     38.146      6.888   250.7545    -0.2143     0.0308     0.0204      0.188     -0.248     -0.360         23 3.0583e+02 0.0000e+00
     -0.165    11.8168    10.7989    100.017  27.856775     38.055      7.364   256.2816    -0.1617     0.0443     0.0204      0.244     -0.172     -0.249         24 3.0943e+02 0.0000e+00
     -0.108    11.8657    10.7681     99.737  27.830025     37.855      7.586   249.3916     1.8358    11.0820     0.0204      0.285     -0.113     -0.164         25 3.2333e+02 0.0000e+00
     -0.071    11.8872    10.6443     98.607  27.803900     37.774      7.682   257.9852     1.8358    11.1089     0.0204      0.301     -0.076     -0.110         26 3.1899e+02 0.0000e+00
     -0.053    11.8974    10.4280     96.622  27.770666     37.647      7.694   259.7645     1.8116    11.1223     0.0203      0.286     -0.056     -0.081         27 3.2342e+02 0.0000e+00
     -0.045    11.9076    10.0917     93.523  27.812070     37.702      7.671   260.4459     1.8520    11.1357     0.0204      0.242     -0.046     -0.066         28 3.2025e+02 0.0000e+00
     -0.041    11.9132     9.7213     90.105  27.811658     37.691      7.635   260.4838     1.8480    11.0820     0.0204      0.190     -0.040     -0.059         29 3.3006e+02 0.0000e+00
     -0.039    11.9134     9.3323     86.509  27.771172     37.605      7.595   260.4459     2.1027     3.3072     0.0203      0.139     -0.034     -0.051         30 3.1598e+02 0.0000e+00
     -0.026    11.9086     8.9567     83.033  27.803155     37.675      7.555   257.5688     2.1229     3.3072     0.0204      0.095     -0.024     -0.036         31 2.4256e+02 0.0000e+00
     -0.009    11.9070     8.6456     80.141  27.771854     37.599      7.517   261.1652     2.0946     3.2938     0.0203      0.062     -0.016     -0.023         32 2.3087e+02 0.0000e+00
     -0.015    11.9111     8.3831     77.707  27.750831     37.604      7.481   260.8245     2.0946     3.3072     0.0203      0.040     -0.017     -0.024         33 2.6180e+02 0.0000e+00
     -0.026    11.9135     8.1992     76.013  27.770025     37.606      7.448   261.3924     2.0704     3.4684     0.0203      0.025     -0.022     -0.033         34 2.7240e+02 0.0000e+00
     -0.027    11.9162     8.0970     75.073  27.807264     37.677      7.413   261.6574     2.0785     3.4550     0.0204      0.016     -0.025     -0.037         35 2.6917e+02 0.0000e+00
     -0.028    11.9231     8.0453     74.599  27.823076     37.675      7.383   261.6574     2.1068     3.6027     0.0204      0.010     -0.025     -0.037         36 2.4780e+02 0.0000e+00
     -0.024    11.9316     8.0090     74.262  27.868935     37.748      7.361   261.8467     2.1310     3.5892     0.0204      0.005     -0.022     -0.032         37 2.4916e+02 0.0000e+00
     -0.015    11.9403     7.9745     73.932  27.868782     37.740      7.341   261.8088     1.9572     3.3207     0.0204      0.003     -0.017     -0.023         38 2.5246e+02 0.0000e+00
     -0.011    11.9472     7.9349     73.547  27.882559     37.732      7.327   261.5438     1.9814     3.3072     0.0204      0.001     -0.014     -0.019         39 2.4129e+02 0.0000e+00
     -0.014    11.9525     7.8830     73.065  27.970379     37.874      7.307   261.3167     1.9491     3.2401     0.0205      0.001     -0.017     -0.024         40 2.5179e+02 0.0000e+00
     -0.028    11.9547     7.8090     72.384  27.996672     37.867      7.294   261.2409     1.9652     3.3072     0.0205      0.002     -0.026     -0.037         41 2.4957e+02 0.0000e+00
     -0.037    11.9511     7.7426     71.776  27.968427     37.862      7.283   260.8624     2.0987     3.4281     0.0205     -0.000     -0.034     -0.048         42 2.4999e+02 0.0000e+00
     -0.036    11.9508     7.6805     71.207  27.946232     37.783      7.272   261.2788     2.0866     3.3341     0.0204     -0.005     -0.035     -0.051         43 2.5257e+02 0.0000e+00
     -0.034    11.9561     7.6336     70.779  27.964996     37.863      7.263   261.2409     2.1108     3.3610     0.0205     -0.008     -0.033     -0.048         44 2.5119e+02 0.0000e+00
     -0.031    11.9608     7.5875     70.358  27.945076     37.788      7.255   261.3167     2.1149     3.3207     0.0204     -0.010     -0.029     -0.044         45 2.4860e+02 0.0000e+00
     -0.026    11.9635     7.5511     70.026  27.971021     37.858      7.244   261.3924     2.1027     3.3475     0.0205     -0.010     -0.023     -0.035         46 2.4458e+02 0.0000e+00
     -0.017    11.9637     7.5211     69.753  27.992001     37.853      7.239   260.9381     2.1674     3.3475     0.0205     -0.004     -0.011     -0.016         47 2.2998e+02 0.0000e+00
      0.010    11.9573     7.4774     69.352  27.978262     37.850      7.229   256.6224     2.1068     3.3207     0.0205      0.010      0.012      0.018         48 2.0495e+02 0.0000e+00
      0.044    11.9479     7.4537     69.135  27.988118     37.850      7.220   259.8024     2.0906     3.3207     0.0205      0.031      0.038      0.056         49 2.0339e+02 0.0000e+00
      0.062    11.9460     7.4134     68.762  27.979735     37.856      7.206   259.6888     2.0906     3.2535     0.0205      0.048      0.055      0.080         50 2.0159e+02 0.0000e+00
      0.063    11.9494     7.3986     68.627  27.929401     37.791      7.199   259.6509     2.1229     3.3341     0.0204      0.057      0.060      0.087         51 1.9011e+02 0.0000e+00
      0.060    11.9539     7.3931     68.577  27.932169     37.793      7.190   259.8024     2.1027     3.3341     0.0204      0.059      0.059      0.086         52 1.9002e+02 0.0000e+00
      0.057    11.9582     7.3944     68.590  28.005938     37.903      7.179   259.6888     2.0946     3.2267     0.0205      0.054      0.056      0.081         53 2.0002e+02 0.0000e+00
      0.053    11.9620     7.3970     68.599  27.985835     37.860      7.173   259.7267     2.0866     3.3744     0.0205      0.043      0.052      0.076         54 2.0132e+02 0.0000e+00
      0.051    11.9664     7.4122     68.721  27.986834     37.856      7.168   259.6131     2.0016     4.0995     0.0205      0.028      0.051      0.074         55 1.9443e+02 0.0000e+00
      0.052    11.9702     7.4109     68.711  27.975045     37.852      7.160   259.6131     1.9855     3.9652     0.0205      0.011      0.052      0.076         56 1.9419e+02 0.0000e+00
      0.056    11.9733     7.3971     68.591  27.941210     37.772      7.160   259.7645     1.9935     3.9249     0.0204     -0.001      0.055      0.080         57 1.9737e+02 0.0000e+00
      0.060    11.9759     7.3855     68.492  27.910349     37.768      7.163   259.2345     1.9572     3.9652     0.0204     -0.003      0.059      0.086         58 1.9247e+02 0.0000e+00
      0.066    11.9772     7.3622     68.281  27.894858     37.689      7.163   256.2438     2.1836     3.3207     0.0204      0.000      0.064      0.092         59 1.8807e+02 0.0000e+00
      0.069    11.9783     7.3476     68.149  27.960488     37.838      7.158   256.6981     2.1553     3.3072     0.0205      0.005      0.067      0.098         60 1.8914e+02 0.0000e+00
      0.071    11.9794     7.3261     67.952  27.887969     37.685      7.159   258.9695     2.1553     3.3072     0.0204      0.009      0.069      0.101         61 1.9056e+02 0.0000e+00
      0.072    11.9803     7.3084     67.789  27.866515     37.684      7.153   256.8116     2.1553     3.2267     0.0204      0.012      0.070      0.102         62 1.9010e+02 0.0000e+00
      0.073    11.9803     7.2841     67.564  27.927890     37.758      7.150   256.6602     2.2928     3.2938     0.0204      0.012      0.073      0.106         63 1.8527e+02 0.0000e+00
      0.080    11.9710     7.2681     67.413  27.870882     37.682      7.145   256.2816     2.3009     3.3341     0.0204      0.012      0.080      0.116         64 1.8272e+02 0.0000e+00
      0.092    11.9596     7.2466     67.213  27.878165     37.682      7.142   256.8495     2.2928     3.2401     0.0204      0.015      0.088      0.128         65 1.8254e+02 0.0000e+00
      0.096    11.9601     7.2238     66.998  27.918828     37.767      7.139   256.2438     2.3130     3.2938     0.0204      0.016      0.092      0.135         66 1.8136e+02 0.0000e+00
      0.095    11.9656     7.2101     66.869  27.879576     37.704      7.135   256.5466     2.2240     3.2267     0.0204      0.016      0.092      0.135         67 1.7871e+02 0.0000e+00
      0.093    11.9703     7.1950     66.728  27.867721     37.702      7.133   256.7359     2.2321     3.3744     0.0204      0.015      0.091      0.132         68 1.8379e+02 0.0000e+00
      0.092    11.9742     7.1855     66.640  27.874286     37.697      7.126   256.5466     2.2483     3.2535     0.0204      0.014      0.090      0.131         69 1.8999e+02 0.0000e+00
      0.092    11.9763     7.1873     66.655  27.871404     37.692      7.122   256.6602     2.2281     3.2938     0.0204      0.011      0.090      0.131         70 1.8169e+02 0.0000e+00
      0.092    11.9778     7.1892     66.673  27.871307     37.688      7.119   256.7738     2.1998     3.3207     0.0204      0.007      0.090      0.131         71 1.7696e+02 0.0000e+00
      0.091    11.9788     7.1867     66.651  27.874408     37.686      7.114   256.9631     2.2443     3.3475     0.0204      0.002      0.090      0.131         72 1.8226e+02 0.0000e+00
      0.092    11.9785     7.1888     66.671  27.926840     37.760      7.105   257.0009     2.2443     3.3744     0.0204     -0.001      0.091      0.132         73 1.7817e+02 0.0000e+00
      0.094    11.9776     7.1828     66.616  27.924645     37.759      7.094   257.4174     2.2362     3.3207     0.0204     -0.001      0.091      0.132         74 1.7786e+02 0.0000e+00
      0.092    11.9765     7.1712     66.507  27.877139     37.684      7.086   257.0388     2.2483     3.3475     0.0204     -0.001      0.090      0.131         75 1.8433e+02 0.0000e+00
      0.091    11.9749     7.1523     66.328  27.867371     37.685      7.080   257.0388     2.2240     3.4415     0.0204     -0.000      0.089      0.129         76 1.8489e+02 0.0000e+00
      0.089    11.9735     7.1268     66.089  27.877506     37.686      7.074   257.3795     2.2685     3.2401     0.0204     -0.001      0.087      0.127         77 1.8419e+02 0.0000e+00
      0.088    11.9725     7.0920     65.766  27.864525     37.688      7.071   257.7202     2.2200     3.3207     0.0204     -0.002      0.087      0.126         78 1.8371e+02 0.0000e+00
      0.088    11.9722     7.0635     65.504  27.883526     37.689      7.070   257.7959     2.2079     3.3610     0.0204     -0.002      0.087      0.126         79 1.8159e+02 0.0000e+00
      0.090    11.9719     7.0220     65.119  27.913156     37.766      7.067   257.4174     2.1755     3.3744     0.0204     -0.002      0.089      0.128         80 1.8107e+02 0.0000e+00
      0.092    11.9720     6.9760     64.685  27.886947     37.690      7.070   257.6824     2.1634     3.3610     0.0204     -0.001      0.091      0.130         81 1.8531e+02 0.0000e+00
      0.092    11.9726     6.9360     64.303  27.856848     37.691      7.070   257.7959     2.1674     3.3207     0.0204     -0.000      0.091      0.131         82 1.8063e+02 0.0000e+00
      0.093    11.9731     6.9015     63.972  27.832022     37.615      7.065   257.7202     2.1553     3.2938     0.0204      0.001      0.091      0.132         83 1.8130e+02 0.0000e+00
      0.093    11.9733     6.8685     63.658  27.858546     37.690      7.065   257.5688     2.1674     3.3744     0.0204      0.002      0.091      0.132         84 1.8579e+02 0.0000e+00
      0.094    11.9725     6.8344     63.334  27.883135     37.689      7.058   257.9474     2.1836     3.3744     0.0204      0.003      0.092      0.133         85 1.8013e+02 0.0000e+00
