Data/DataNotYetUploadedToEDI/Raw_CTD/RawDownloads/102918_fcr50.cnv
* Sea-Bird SBE19plus  Data File:
* FileName = C:\DATA\101518_fcr_0017.hex
* Software version 2.6.3.104
* Temperature SN = 7809
* Conductivity SN = 7809
* System UpLoad Time = Oct 29 2018 16:41:46
* <ApplicationData>
* <Seaterm232>
# nquan = 17
# nvalues = 695                         
# units = specified
# name 0 = depFM: Depth [fresh water, m]
# name 1 = tv290C: Temperature [ITS-90, deg C]
# name 2 = sbeox0Mg/L: Oxygen, SBE 43 [mg/l]
# name 3 = sbeox0PS: Oxygen, SBE 43 [% saturation]
# name 4 = c0uS/cm: Conductivity [uS/cm]
# name 5 = specc: Specific Conductance [uS/cm]
# name 6 = ph: pH
# name 7 = orp: Oxidation Reduction Potential [mV]
# name 8 = flECO-AFL: Fluorescence, WET Labs ECO-AFL/FL [mg/m^3]
# name 9 = turbWETntu0: Turbidity, WET Labs ECO [NTU]
# name 10 = sal00: Salinity, Practical [PSU]
# name 11 = dz/dtM: Descent Rate [m/s]
# name 12 = prdM: Pressure, Strain Gauge [db]
# name 13 = prdE: Pressure, Strain Gauge [psi]
# name 14 = scan: Scan Count
# name 15 = par/sat/log: PAR/Logarithmic, Satlantic
# name 16 = flag:  0.000e+00
# span 0 =     -0.615,      9.687       
# span 1 =    11.0905,    12.4389       
# span 2 =     5.4846,    10.7004       
# span 3 =     51.075,     99.976       
# span 4 =   0.741854,  35.864599       
# span 5 =      1.005,     48.975       
# span 6 =      5.786,      8.112       
# span 7 =    -9.6655,  1240.2295       
# span 8 =    -0.2143,     2.5394       
# span 9 =    -0.3183,    13.7676       
# span 10 =     0.0059,     0.0253      
# span 11 =     -0.216,      0.281      
# span 12 =     -0.602,      9.498      
# span 13 =     -0.874,     13.776      
# span 14 =          1,        695      
# span 15 = 1.2202e-01, 1.8927e+02      
# span 16 = 0.0000e+00, 0.0000e+00      
# interval = seconds: 0.25
# start_time = Oct 29 2018 15:36:16 [Instrument's time stamp, header]
# bad_flag = -9.990e-29
*END*
     -0.615    11.4613    10.6584     96.904   0.741854      1.005      5.830   308.6382    -0.1698    -0.1840     0.0060 -2.105e-16     -0.602     -0.874          1 8.4694e+01 0.0000e+00
     -0.613    11.4508    10.6656     96.933   0.747485      1.043      5.802   505.9502    -0.1941    -0.2646     0.0060      0.001     -0.602     -0.873          2 7.2530e+01 0.0000e+00
     -0.614    11.4180    10.6664     96.937   0.808975      1.081      5.786   584.9204    -0.1981    -0.3183     0.0060      0.001     -0.602     -0.873          3 7.7412e+01 0.0000e+00
     -0.613    11.3721    10.6372     96.956   0.902194      1.273      5.990    -9.6655    -0.2143    -0.3183     0.0060      0.001     -0.601     -0.872          4 8.3568e+01 0.0000e+00
     -0.613    11.3226    10.5599     96.997   0.897945      1.197      6.087    95.8805    -0.1860    -0.1974     0.0060      0.001     -0.601     -0.872          5 8.5902e+01 0.0000e+00
     -0.614    11.2740    10.4963     96.962   0.903085      1.276      6.140   138.4699    -0.1779    -0.2377     0.0060      0.001     -0.602     -0.873          6 9.0999e+01 0.0000e+00
     -0.614    11.2260    10.4464     96.914   0.955015      1.277      6.184   196.0129    -0.1941    -0.2243     0.0059      0.001     -0.602     -0.873          7 9.2094e+01 0.0000e+00
     -0.613    11.1861    10.4150     96.940   0.951754      1.356      6.186   275.7024    -0.1334     0.0174     0.0059      0.001     -0.601     -0.872          8 9.5304e+01 0.0000e+00
     -0.613    11.1557    10.4007     97.011   1.144008      1.512      6.188   160.1242    -0.1011     0.0308     0.0059      0.001     -0.601     -0.872          9 9.9951e+01 0.0000e+00
     -0.614    11.1321    10.4110     97.219   1.130273      1.668      6.199   304.5118    -0.1496    -0.0632     0.0059      0.000     -0.601     -0.872         10 9.9138e+01 0.0000e+00
     -0.613    11.1096    10.4276     97.438   1.324148      1.669      6.200   330.4440    -0.1213     0.0174     0.0059      0.000     -0.601     -0.872         11 9.8810e+01 0.0000e+00
     -0.614    11.0959    10.4662     97.831   1.080387      1.748      6.206   363.6448    -0.1496     0.0040     0.0059     -0.000     -0.601     -0.872         12 1.1417e+02 0.0000e+00
     -0.614    11.0905    10.5200     98.338   1.759326      2.019      6.208   333.3590    -0.0849     0.1114     0.0060     -0.000     -0.601     -0.871         13 1.3724e+02 0.0000e+00
     -0.615    11.2269    10.5762     98.864   0.893741      1.943      6.219   370.3834    -0.1011     0.1785     0.0060     -0.000     -0.589     -0.854         14 1.5889e+02 0.0000e+00
     -0.575    11.5424    10.6230     99.307   4.940985      5.460      6.951  1240.2295    -0.0485     0.1651     0.0070      0.010     -0.545     -0.791         15 1.7003e+02 0.0000e+00
     -0.477    11.8029    10.6666     99.705  21.012927     30.108      7.364   242.5395    -0.0566     0.2322     0.0168      0.043     -0.465     -0.674         16 1.7174e+02 0.0000e+00
     -0.374    11.9840    10.7004     99.976  29.630414     40.303      7.645   233.1509    -0.0728    13.7273     0.0213      0.094     -0.372     -0.539         17 1.6826e+02 0.0000e+00
     -0.289    12.1320    10.6191     99.164  28.740191     39.158      7.811   230.8794    -0.0566    13.6602     0.0209      0.152     -0.290     -0.420         18 1.4874e+02 0.0000e+00
     -0.224    12.2229    10.4697     97.726  28.701489     38.733      7.918   228.5701    -0.0566    13.5930     0.0208      0.206     -0.223     -0.322         19 1.2046e+02 0.0000e+00
     -0.167    12.2754    10.3645     96.730  28.492534     38.394      7.987   222.3237    -0.0728    13.7676     0.0208      0.249     -0.166     -0.240         20 9.5611e+01 0.0000e+00
     -0.115    12.3034    10.2088     95.293  28.466500     38.223      8.051   233.7944     1.2940     3.3341     0.0207      0.277     -0.118     -0.169         21 8.6492e+01 0.0000e+00
     -0.076    12.3187     9.9535     92.929  28.467015     38.171      8.099   223.3458     1.2697     3.3207     0.0207      0.281     -0.078     -0.112         22 8.1486e+01 0.0000e+00
     -0.045    12.3205     9.6050     89.685  28.551170     38.291      8.112   233.0373     1.2738     3.3341     0.0208      0.259     -0.048     -0.070         23 6.2195e+01 0.0000e+00
     -0.026    12.3209     9.1960     85.866  28.480352     38.126      8.090   225.4280     1.2414     3.4012     0.0207      0.217     -0.030     -0.043         24 5.1738e+01 0.0000e+00
     -0.020    12.3236     8.8002     82.167  28.495843     38.199      8.040   232.0909     1.4194     3.3207     0.0208      0.173     -0.021     -0.031         25 5.5968e+01 0.0000e+00
     -0.018    12.3185     8.4481     78.867  28.472594     38.124      7.976   236.5202     1.4274     3.3475     0.0207      0.134     -0.018     -0.026         26 5.3263e+01 0.0000e+00
     -0.016    12.2993     8.1325     75.917  28.449988     38.121      7.926   236.5202     1.4234     3.3207     0.0207      0.099     -0.017     -0.025         27 5.1380e+01 0.0000e+00
     -0.019    12.2759     7.8516     73.290  28.464678     38.126      7.876   234.5137     1.3991     3.3207     0.0207      0.067     -0.018     -0.026         28 5.3479e+01 0.0000e+00
     -0.021    12.2567     7.6526     71.422  28.395018     38.071      7.823   233.8323     1.4032     3.4415     0.0207      0.040     -0.018     -0.025         29 5.4172e+01 0.0000e+00
     -0.012    12.2504     7.5269     70.233  28.358793     38.020      7.783   233.8323     1.3910     3.4012     0.0207      0.023     -0.011     -0.015         30 5.5938e+01 0.0000e+00
      0.000    12.2574     7.4700     69.683  28.391174     38.115      7.754   235.2709     1.4153     3.3878     0.0207      0.014     -0.002     -0.002         31 4.7367e+01 0.0000e+00
      0.006    12.2666     7.4345     69.336  28.414025     38.122      7.724   234.9680     1.3830     3.3475     0.0207      0.013      0.005      0.008         32 4.2557e+01 0.0000e+00
      0.011    12.2712     7.3938     68.942  28.508248     38.264      7.688   235.6873     1.4194     3.3610     0.0208      0.015      0.011      0.017         33 4.9263e+01 0.0000e+00
      0.019    12.2718     7.3339     68.374  28.511101     38.255      7.660   233.6430     1.3789     3.4012     0.0208      0.019      0.022      0.032         34 5.2557e+01 0.0000e+00
      0.038    12.2690     7.2714     67.784  28.469768     38.175      7.629   233.7944     1.3385     3.3475     0.0207      0.027      0.041      0.060         35 4.7726e+01 0.0000e+00
      0.071    12.2632     7.2177     67.278  28.500387     38.250      7.587   228.7216     1.3304     3.2938     0.0208      0.040      0.066      0.096         36 4.0504e+01 0.0000e+00
      0.092    12.2600     7.1651     66.783  28.472997     38.177      7.526   234.1352     1.3021     3.3475     0.0207      0.052      0.084      0.122         37 3.4387e+01 0.0000e+00
      0.094    12.2573     7.1463     66.604  28.503857     38.258      7.485   229.5923     1.4921     3.3475     0.0208      0.056      0.090      0.130         38 3.7605e+01 0.0000e+00
      0.089    12.2512     7.1502     66.638  28.521282     38.261      7.466   233.8702     1.4477     3.3878     0.0208      0.054      0.088      0.127         39 4.1285e+01 0.0000e+00
      0.086    12.2414     7.1728     66.845  28.451312     38.189      7.459   235.3466     1.4477     3.2938     0.0207      0.050      0.086      0.124         40 4.0926e+01 0.0000e+00
      0.087    12.2293     7.2064     67.153  28.413044     38.120      7.454   233.6052     1.4517     3.2938     0.0207      0.041      0.086      0.125         41 3.9559e+01 0.0000e+00
      0.090    12.2187     7.2491     67.551  28.391017     38.131      7.447   232.3559     1.6296     3.3744     0.0207      0.030      0.087      0.127         42 3.8299e+01 0.0000e+00
      0.090    12.2102     7.2786     67.826  28.360134     38.068      7.443   237.6937     1.6013     3.4550     0.0207      0.016      0.087      0.126         43 4.2674e+01 0.0000e+00
      0.086    12.2037     7.3135     68.153  28.392186     38.154      7.443   236.7852     1.6013     3.4147     0.0207      0.003      0.085      0.123         44 4.1486e+01 0.0000e+00
      0.085    12.1989     7.3194     68.207  28.410429     38.162      7.438   235.4980     1.5973     3.3207     0.0207     -0.003      0.084      0.122         45 3.6521e+01 0.0000e+00
      0.087    12.1952     7.3096     68.117  28.396730     38.169      7.433   235.8387     1.5245     3.3207     0.0207     -0.002      0.085      0.123         46 3.7167e+01 0.0000e+00
      0.087    12.1924     7.2960     67.991  28.349941     38.099      7.427   236.2930     1.5528     3.3610     0.0207     -0.001      0.085      0.123         47 4.0623e+01 0.0000e+00
      0.086    12.1900     7.2735     67.780  28.350068     38.103      7.419   236.4444     1.5326     3.1998     0.0207     -0.001      0.084      0.122         48 4.2281e+01 0.0000e+00
      0.084    12.1880     7.2511     67.573  28.396572     38.181      7.413   236.3309     1.5528     3.3744     0.0207     -0.002      0.083      0.120         49 4.3402e+01 0.0000e+00
      0.084    12.1855     7.2140     67.228  28.351362     38.108      7.408   236.4823     1.5204     3.3341     0.0207     -0.003      0.083      0.120         50 4.1105e+01 0.0000e+00
      0.085    12.1828     7.1818     66.929  28.287739     38.035      7.403   236.7852     1.4881     3.3744     0.0206     -0.002      0.084      0.121         51 3.9530e+01 0.0000e+00
      0.087    12.1821     7.1594     66.722  28.297862     38.037      7.395   236.9744     1.4517     3.4012     0.0206     -0.000      0.085      0.123         52 4.1824e+01 0.0000e+00
      0.088    12.1828     7.1301     66.448  28.338766     38.116      7.393   237.1637     1.4962     3.3744     0.0207      0.000      0.086      0.125         53 4.0357e+01 0.0000e+00
      0.090    12.1834     7.1155     66.310  28.296133     38.041      7.386   237.4666     1.4962     3.2670     0.0206      0.001      0.087      0.127         54 3.8810e+01 0.0000e+00
      0.089    12.1836     7.0923     66.091  28.291622     38.040      7.380   237.3152     1.4517     3.3744     0.0206      0.002      0.087      0.127         55 4.0718e+01 0.0000e+00
      0.090    12.1839     7.0672     65.855  28.344380     38.115      7.375   237.6937     1.4719     3.3610     0.0207      0.003      0.088      0.128         56 3.8471e+01 0.0000e+00
      0.092    12.1839     7.0389     65.590  28.349069     38.115      7.370   237.6559     1.4719     3.3475     0.0207      0.004      0.090      0.131         57 3.5909e+01 0.0000e+00
      0.094    12.1840     7.0241     65.453  28.345083     38.114      7.363   237.7694     1.4638     3.4012     0.0207      0.004      0.091      0.132         58 3.8253e+01 0.0000e+00
      0.094    12.1846     6.9927     65.159  28.349341     38.114      7.357   238.6402     1.4113     3.3744     0.0207      0.004      0.091      0.131         59 3.9119e+01 0.0000e+00
      0.089    12.1853     6.9707     64.952  28.343770     38.114      7.352   238.9809     1.4032     3.3744     0.0207      0.002      0.088      0.127         60 3.6556e+01 0.0000e+00
      0.085    12.1862     6.9557     64.808  28.352016     38.114      7.347   240.1545     1.4194     3.3610     0.0207     -0.000      0.084      0.122         61 3.9548e+01 0.0000e+00
      0.083    12.1869     6.9462     64.714  28.339079     38.113      7.341   239.1702     1.4113     3.3207     0.0207     -0.002      0.084      0.122         62 4.1316e+01 0.0000e+00
      0.089    12.1865     6.9233     64.497  28.300574     38.037      7.339   234.5137     1.3708     3.3072     0.0206     -0.003      0.088      0.128         63 3.8623e+01 0.0000e+00
      0.099    12.1851     6.9005     64.288  28.340638     38.111      7.335   234.3244     1.3991     3.4281     0.0207     -0.000      0.097      0.141         64 3.9370e+01 0.0000e+00
      0.110    12.1833     6.8702     64.014  28.348515     38.112      7.331   233.9459     1.4032     3.2938     0.0207      0.005      0.106      0.154         65 3.8497e+01 0.0000e+00
      0.116    12.1819     6.8253     63.602  28.350067     38.113      7.328   234.0594     1.3951     3.3475     0.0207      0.010      0.113      0.163         66 3.7087e+01 0.0000e+00
      0.118    12.1810     6.7949     63.316  28.338707     38.115      7.320   234.2109     1.4072     3.3610     0.0207      0.016      0.114      0.165         67 4.0063e+01 0.0000e+00
      0.114    12.1814     6.7585     62.972  28.303355     38.041      7.311   234.3623     1.3991     3.3878     0.0206      0.019      0.111      0.161         68 3.9135e+01 0.0000e+00
      0.107    12.1811     6.7280     62.689  28.334765     38.117      7.295   237.7694     1.3991     3.4415     0.0207      0.017      0.107      0.155         69 3.9648e+01 0.0000e+00
      0.106    12.1792     6.6935     62.374  28.299618     38.042      7.287   234.4759     1.4194     3.4281     0.0206      0.012      0.106      0.155         70 3.6132e+01 0.0000e+00
      0.113    12.1767     6.6723     62.184  28.287799     38.042      7.279   234.7030     1.3910     3.3207     0.0206      0.007      0.110      0.160         71 3.5045e+01 0.0000e+00
      0.119    12.1725     6.6419     61.902  28.290179     38.044      7.272   234.8544     1.5245     3.3744     0.0206      0.004      0.113      0.165         72 4.0663e+01 0.0000e+00
      0.116    12.1702     6.6115     61.620  28.296658     38.046      7.264   235.0437     1.5326     3.3207     0.0206      0.001      0.111      0.162         73 3.8583e+01 0.0000e+00
      0.107    12.1728     6.5952     61.470  28.339033     38.126      7.259   234.7030     1.5568     3.4550     0.0207     -0.002      0.105      0.153         74 4.1572e+01 0.0000e+00
      0.100    12.1781     6.5610     61.152  28.356037     38.128      7.255   235.0437     1.5447     3.3744     0.0207     -0.004      0.100      0.145         75 3.8969e+01 0.0000e+00
      0.100    12.1820     6.5282     60.846  28.334794     38.126      7.254   235.0816     1.5407     3.3475     0.0207     -0.005      0.100      0.145         76 3.8983e+01 0.0000e+00
      0.106    12.1808     6.4967     60.552  28.306174     38.045      7.250   235.7630     1.5326     3.3207     0.0206     -0.004      0.103      0.148         77 3.8467e+01 0.0000e+00
      0.106    12.1776     6.4688     60.290  28.332356     38.116      7.243   238.7537     1.5366     3.4281     0.0207     -0.005      0.103      0.148         78 3.7449e+01 0.0000e+00
      0.101    12.1780     6.4431     60.050  28.361504     38.117      7.240   239.8895     1.5730     3.3475     0.0207     -0.008      0.099      0.143         79 4.0531e+01 0.0000e+00
      0.095    12.1831     6.4395     60.015  28.329196     38.121      7.235   240.0787     1.4921     3.3878     0.0207     -0.009      0.096      0.138         80 3.5341e+01 0.0000e+00
      0.097    12.1880     6.4122     59.759  28.313269     38.045      7.227   236.6716     1.4557     3.3878     0.0206     -0.007      0.097      0.141         81 3.5851e+01 0.0000e+00
      0.107    12.1891     6.3828     59.483  28.381326     38.190      7.226   237.2016     1.4436     3.4012     0.0207     -0.002      0.104      0.151         82 3.5659e+01 0.0000e+00
      0.115    12.1902     6.3516     59.190  28.363092     38.110      7.226   236.9744     1.5043     3.4012     0.0207      0.003      0.110      0.159         83 3.7414e+01 0.0000e+00
      0.113    12.1918     6.3191     58.886  28.335959     38.109      7.224   237.1637     1.5528     3.4012     0.0207      0.005      0.110      0.159         84 3.6245e+01 0.0000e+00
      0.109    12.1920     6.2897     58.611  28.355795     38.108      7.220   239.6245     1.5245     3.3207     0.0207      0.005      0.107      0.156         85 3.8062e+01 0.0000e+00
