Data/DataNotYetUploadedToEDI/Raw_CTD/RawDownloads/102918_fcr45.cnv
* Sea-Bird SBE19plus  Data File:
* FileName = C:\DATA\101518_fcr_0016.hex
* Software version 2.6.3.104
* Temperature SN = 7809
* Conductivity SN = 7809
* System UpLoad Time = Oct 29 2018 16:41:22
* <ApplicationData>
* <Seaterm232>
# nquan = 17
# nvalues = 619                         
# units = specified
# name 0 = depFM: Depth [fresh water, m]
# name 1 = tv290C: Temperature [ITS-90, deg C]
# name 2 = sbeox0Mg/L: Oxygen, SBE 43 [mg/l]
# name 3 = sbeox0PS: Oxygen, SBE 43 [% saturation]
# name 4 = c0uS/cm: Conductivity [uS/cm]
# name 5 = specc: Specific Conductance [uS/cm]
# name 6 = ph: pH
# name 7 = orp: Oxidation Reduction Potential [mV]
# name 8 = flECO-AFL: Fluorescence, WET Labs ECO-AFL/FL [mg/m^3]
# name 9 = turbWETntu0: Turbidity, WET Labs ECO [NTU]
# name 10 = sal00: Salinity, Practical [PSU]
# name 11 = dz/dtM: Descent Rate [m/s]
# name 12 = prdM: Pressure, Strain Gauge [db]
# name 13 = prdE: Pressure, Strain Gauge [psi]
# name 14 = scan: Scan Count
# name 15 = par/sat/log: PAR/Logarithmic, Satlantic
# name 16 = flag:  0.000e+00
# span 0 =     -0.625,      7.542       
# span 1 =    10.7983,    12.3484       
# span 2 =     5.1551,    10.7299       
# span 3 =     47.912,     97.346       
# span 4 =   0.815341,  28.465214       
# span 5 =      1.608,     38.613       
# span 6 =     -2.970,      7.752       
# span 7 = -1240.7455,  1240.2295       
# span 8 =    -1.9207,     2.8468       
# span 9 =    -6.5354,     9.4975       
# span 10 =     0.0057,     0.0207      
# span 11 =     -0.193,      0.254      
# span 12 =     -0.612,      7.395      
# span 13 =     -0.888,     10.725      
# span 14 =          1,        619      
# span 15 = 1.2056e-01, 2.3288e+03      
# span 16 = 0.0000e+00, 0.0000e+00      
# interval = seconds: 0.25
# start_time = Oct 29 2018 15:15:16 [Instrument's time stamp, header]
# bad_flag = -9.990e-29
*END*
[from data line 171]
      0.132    12.0349     5.1551     47.971  28.229765     38.114      6.985   272.4845     1.0271     3.3878     0.0206     -0.003      0.128      0.186        172 8.3170e+02 0.0000e+00
      0.133    12.0322     5.2270     48.690  28.240243     38.115      6.983   273.9610     0.9988     3.2267     0.0206      0.000      0.129      0.188        173 8.3885e+02 0.0000e+00
      0.132    12.0309     5.4198     50.514  28.288941     38.192      6.980   272.5224     1.0271     3.3475     0.0206      0.003      0.128      0.187        174 1.0892e+03 0.0000e+00
      0.129    12.0299     5.7756     53.847  28.287753     38.195      6.981   272.7117     1.0109     3.4147     0.0206      0.004      0.126      0.184        175 7.3813e+02 0.0000e+00
      0.127    12.0285     6.1918     57.736  28.241721     38.121      6.978   272.6360     1.0029     3.1998     0.0206      0.004      0.124      0.181        176 5.7380e+02 0.0000e+00
      0.127    12.0259     6.6387     61.903  28.227634     38.122      6.981   272.7117     1.0109     3.5087     0.0206      0.002      0.124      0.180        177 6.5353e+02 0.0000e+00
      0.127    12.0239     7.0694     65.917  28.245987     38.124      6.979   272.8631     1.0312     3.5758     0.0206      0.000      0.124      0.180        178 6.1731e+02 0.0000e+00
      0.127    12.0209     7.4667     69.621  28.278179     38.201      6.978   272.9388     0.9988     3.4550     0.0206     -0.002      0.124      0.180        179 6.7059e+02 0.0000e+00
      0.128    12.0218     7.7825     72.568  28.246871     38.129      6.979   274.7181     0.9867     3.5758     0.0206     -0.003      0.125      0.181        180 6.6198e+02 0.0000e+00
      0.128    12.0571     7.9854     74.463  28.284951     38.206      6.976   274.2260     1.0797     3.2535     0.0206     -0.002      0.126      0.182        181 6.7843e+02 0.0000e+00
      0.129    12.1199     8.0986     75.520  28.349382     38.282      6.980   274.6424     1.0797     3.2267     0.0207     -0.001      0.126      0.183        182 4.7054e+02 0.0000e+00
      0.130    12.1665     8.1128     75.656  28.344573     38.245      6.978   274.4910     1.1080     3.3207     0.0207      0.001      0.127      0.185        183 7.6994e+02 0.0000e+00
      0.132    12.1908     8.0975     75.514  28.350219     38.179      6.978   274.4531     1.0352     3.3072     0.0207      0.002      0.128      0.186        184 8.0224e+02 0.0000e+00
      0.131    12.2049     8.0554     75.123  28.342336     38.132      6.978   274.2260     1.0029     3.3744     0.0207      0.002      0.127      0.185        185 1.3254e+03 0.0000e+00
      0.128    12.2107     8.0112     74.709  28.354366     38.107      6.976   274.3396     0.9826     3.2804     0.0207      0.002      0.125      0.182        186 2.3288e+03 0.0000e+00
      0.125    12.2106     7.9495     74.133  28.394533     38.168      6.974   274.8696     1.0029     3.2938     0.0207      0.000      0.123      0.178        187 1.2897e+03 0.0000e+00
      0.123    12.2095     7.8970     73.642  28.351640     38.087      6.976   274.5667     0.9826     3.2535     0.0207     -0.002      0.121      0.177        188 8.1395e+02 0.0000e+00
      0.124    12.2091     7.8528     73.223  28.348448     38.087      6.972   274.5288     1.0635     3.2938     0.0207     -0.003      0.121      0.177        189 1.3022e+03 0.0000e+00
      0.125    12.2105     7.8037     72.760  28.398504     38.163      6.973   274.6803     1.0797     3.2804     0.0207     -0.004      0.122      0.178        190 1.6114e+03 0.0000e+00
      0.125    12.2126     7.7646     72.394  28.348643     38.089      6.973   274.8696     1.0716     3.3610     0.0207     -0.004      0.123      0.178        191 8.5679e+02 0.0000e+00
      0.126    12.2137     7.7249     72.023  28.351204     38.087      6.972   274.6046     1.0595     3.2938     0.0207     -0.003      0.124      0.180        192 6.4567e+02 0.0000e+00
      0.130    12.2149     7.6894     71.692  28.395315     38.160      6.972   274.7938     1.0716     3.3610     0.0207     -0.001      0.126      0.183        193 1.3775e+03 0.0000e+00
      0.131    12.2163     7.6648     71.463  28.353042     38.084      6.971   274.6424     1.0797     3.2938     0.0207      0.002      0.128      0.186        194 1.3633e+03 0.0000e+00
      0.131    12.2169     7.6423     71.253  28.344514     38.083      6.970   274.6803     1.0878     3.3475     0.0207      0.004      0.128      0.186        195 1.1596e+03 0.0000e+00
      0.131    12.2161     7.6309     71.146  28.346631     38.081      6.971   275.0588     1.0716     3.2535     0.0207      0.005      0.129      0.186        196 8.7648e+02 0.0000e+00
      0.131    12.2156     7.6157     71.003  28.350409     38.080      6.969   275.0588     1.0554     3.3610     0.0207      0.004      0.129      0.186        197 7.1331e+02 0.0000e+00
      0.130    12.2142     7.6026     70.880  28.339812     38.081      6.971   274.9074     1.1080     3.3744     0.0207      0.003      0.128      0.185        198 9.1670e+02 0.0000e+00
      0.129    12.2103     7.6006     70.860  28.359817     38.082      6.972   275.1724     1.1242     3.3475     0.0207      0.002      0.127      0.184        199 9.6240e+02 0.0000e+00
      0.128    12.2072     7.5907     70.764  28.384810     38.158      6.969   275.1724     1.1565     3.2401     0.0207      0.000      0.126      0.183        200 7.0879e+02 0.0000e+00
      0.129    12.2063     7.5843     70.701  28.308711     38.012      6.967   275.3617     1.1484     3.2938     0.0206     -0.001      0.126      0.183        201 6.6052e+02 0.0000e+00
      0.130    12.2061     7.5776     70.636  28.335929     38.091      6.967   275.2103     1.0756     3.4012     0.0207     -0.001      0.127      0.184        202 6.0432e+02 0.0000e+00
      0.131    12.2060     7.5717     70.580  28.350938     38.092      6.966   275.5510     1.0756     3.3610     0.0207     -0.001      0.129      0.186        203 7.7361e+02 0.0000e+00
      0.131    12.2057     7.5646     70.516  28.349330     38.092      6.965   275.3238     1.0676     3.3475     0.0207     -0.000      0.129      0.187        204 7.1039e+02 0.0000e+00
      0.132    12.2058     7.5704     70.567  28.337929     38.092      6.964   275.7403     1.0554     3.3744     0.0207      0.001      0.130      0.188        205 7.7094e+02 0.0000e+00
      0.134    12.2056     7.5703     70.555  28.305830     38.017      6.965   275.6267     1.0514     3.2267     0.0206      0.002      0.131      0.191        206 9.3335e+02 0.0000e+00
      0.137    12.2048     7.5677     70.526  28.329982     38.092      6.963   275.4374     1.0392     3.3072     0.0207      0.004      0.133      0.194        207 6.8095e+02 0.0000e+00
      0.137    12.2047     7.5698     70.552  28.307872     38.017      6.963   275.7781     1.0999     3.3207     0.0206      0.005      0.134      0.195        208 7.3676e+02 0.0000e+00
      0.136    12.2037     7.5631     70.498  28.333345     38.093      6.961   276.2324     1.0716     3.4550     0.0207      0.004      0.133      0.194        209 7.8892e+02 0.0000e+00
      0.134    12.2009     7.5629     70.501  28.357578     38.093      6.960   274.9074     1.0716     3.5221     0.0207      0.003      0.132      0.192        210 6.8179e+02 0.0000e+00
      0.135    12.1987     7.5634     70.516  28.337011     38.094      6.959   275.8538     1.0635     3.5087     0.0207      0.002      0.132      0.192        211 5.7947e+02 0.0000e+00
      0.135    12.1972     7.5581     70.480  28.299644     38.022      6.955   275.9674     1.0837     3.5758     0.0206      0.002      0.132      0.191        212 5.9016e+02 0.0000e+00
      0.131    12.1969     7.5479     70.399  28.344786     38.099      6.955   274.7938     1.0514     3.5221     0.0207     -0.001      0.132      0.191        213 6.8439e+02 0.0000e+00
      0.135    12.1982     7.5409     70.347  28.340131     38.101      6.958   274.5288     0.9745     3.5490     0.0207     -0.001      0.137      0.199        214 7.0633e+02 0.0000e+00
      0.152    12.1959     7.5323     70.271  28.246140     37.951      6.952   274.6424     0.9907     3.4550     0.0206      0.003      0.150      0.218        215 5.7098e+02 0.0000e+00
      0.171    12.1895     7.5274     70.213  28.283866     38.025      6.945   274.5667     1.0473     3.5087     0.0206      0.012      0.164      0.238        216 8.9635e+02 0.0000e+00
      0.179    12.1863     7.5251     70.177  28.293181     38.027      6.931   274.8317     1.0069     3.5087     0.0206      0.021      0.169      0.245        217 7.2316e+02 0.0000e+00
      0.167    12.1899     7.5204     70.125  28.234549     37.959      6.901   274.4153     1.0029     3.5221     0.0206      0.023      0.155      0.225        218 8.2923e+02 0.0000e+00
      0.128    12.1952     7.5231     70.150  28.297540     38.037      6.884   274.4531     1.1363     3.5221     0.0206      0.013      0.120      0.174        219 1.2499e+03 0.0000e+00
      0.075    12.1990     7.5283     70.206  28.333384     38.108      6.887   274.0746     1.1403     3.4415     0.0207     -0.011      0.072      0.104        220 1.0430e+03 0.0000e+00
      0.019    12.2051     7.5332     70.271  28.308532     38.027      6.891   273.8096     1.1363     3.5624     0.0206     -0.045      0.018      0.026        221 1.0654e+03 0.0000e+00
     -0.038    12.2132     7.5307     70.294  28.328466     38.099      6.896   273.9610     1.1727     3.6027     0.0207     -0.087     -0.036     -0.052        222 6.9325e+02 0.0000e+00
     -0.091    12.2221     7.5248     70.293  28.308575     38.017      6.902   273.6581     1.0109     3.2267     0.0206     -0.132     -0.084     -0.122        223 1.2073e+03 0.0000e+00
     -0.130    12.2306     7.5074     70.170  28.333284     38.084      6.916   273.3931     1.0029     3.3610     0.0207     -0.166     -0.119     -0.172        224 1.3505e+03 0.0000e+00
     -0.142    12.2330     7.5025     70.149  28.357010     38.075      6.913   273.6581     1.0352     3.2938     0.0207     -0.178     -0.132     -0.191        225 1.2702e+03 0.0000e+00
     -0.131    12.2261     7.4878     70.025  28.338339     38.067      6.906   273.7338     1.0190     3.3207     0.0207     -0.165     -0.124     -0.180        226 1.4925e+03 0.0000e+00
     -0.105    12.2167     7.4792     69.951  28.356515     38.064      6.908   273.3174     0.8168     3.2938     0.0207     -0.128     -0.107     -0.155        227 1.4784e+03 0.0000e+00
     -0.092    12.2116     7.4632     69.808  28.334392     38.071      6.899   273.4310     0.7764     3.3341     0.0207     -0.084     -0.096     -0.140        228 1.5520e+03 0.0000e+00
     -0.096    12.2113     7.4475     69.659  28.306577     38.006      6.892   275.4374     0.8128     3.3475     0.0206     -0.043     -0.101     -0.148        229 1.4972e+03 0.0000e+00
     -0.121    12.2156     7.4363     69.545  28.331835     38.086      6.896   276.4974     0.8249     3.3475     0.0207     -0.015     -0.126     -0.183        230 1.2985e+03 0.0000e+00
     -0.165    12.2288     7.4420     69.588  28.302960     38.011      6.894   276.0431     0.8290     3.2670     0.0206     -0.009     -0.173     -0.251        231 7.9823e+02 0.0000e+00
     -0.245    12.2574     7.4491     69.643  28.283215     38.007      6.893   275.8917     0.8007     3.3207     0.0206     -0.032     -0.244     -0.354        232 7.7592e+02 0.0000e+00
     -0.338    12.2909     7.4581     69.711  28.356405     38.069      6.880   273.1660     0.8047     3.3341     0.0207     -0.083     -0.323     -0.468        233 6.1048e+02 0.0000e+00
     -0.406    12.3156     7.4593     69.703  28.389759     38.114      6.884   275.5131     0.8290     3.3878     0.0207     -0.142     -0.381     -0.553        234 5.1458e+02 0.0000e+00
     -0.424    12.3316     7.4627     69.714  28.360288     38.005      6.890   275.5510     0.8249     1.7362     0.0207     -0.185     -0.401     -0.581        235 8.2313e+02 0.0000e+00
     -0.397    12.3401     7.4671     69.731  28.393070     38.054      6.896   274.9831     0.8371     1.6690     0.0207     -0.193     -0.383     -0.556        236 1.1164e+03 0.0000e+00
     -0.353    12.3443     7.4592     69.627  28.408249     38.038      6.904   274.9074     0.8088     1.6422     0.0207     -0.166     -0.348     -0.505        237 5.7905e+02 0.0000e+00
     -0.318    12.3484     7.4466     69.485  28.400687     38.029      6.909   273.4310     0.8047     1.6825     0.0207     -0.114     -0.310     -0.450        238 4.8728e+02 0.0000e+00
     -0.278    12.3473     7.4335     69.345  28.402479     38.026      6.906   274.9453     0.8209     1.6556     0.0207     -0.045     -0.269     -0.390        239 1.2640e+03 0.0000e+00
     -0.226    12.3411     7.4330     69.313  28.406018     38.021      6.902   273.8474    -1.8883     2.2867     0.0207      0.033     -0.221     -0.321        240 1.6870e+03 0.0000e+00
     -0.171    12.3347     7.4247     69.209  28.396281     38.022      6.894   271.9924    -1.9207     2.2330     0.0207      0.103     -0.173     -0.251        241 1.5598e+03 0.0000e+00
     -0.132    12.3273     7.4352     69.288  28.355300     37.954      6.886   272.0303    -1.8803     2.3539     0.0207      0.149     -0.138     -0.199        242 9.3556e+02 0.0000e+00
     -0.118    12.3172     7.4367     69.292  28.397724     38.035      6.877   271.8031    -1.8843     2.3136     0.0207      0.162     -0.118     -0.172        243 1.6555e+03 0.0000e+00
     -0.110    12.3052     7.4506     69.416  28.402785     38.043      6.875   271.7274     0.7926     3.2670     0.0207      0.153     -0.109     -0.158        244 1.3440e+03 0.0000e+00
     -0.106    12.2920     7.4665     69.560  28.349004     37.978      6.876   272.0681     0.8128     3.2401     0.0207      0.133     -0.100     -0.145        245 6.9744e+02 0.0000e+00
     -0.089    12.2764     7.4791     69.673  28.346064     37.990      6.885   271.6895     0.8249     3.3610     0.0207      0.112     -0.083     -0.120        246 9.0406e+02 0.0000e+00
     -0.058    12.2575     7.4802     69.678  28.347153     38.004      6.885   272.1438     0.8047     3.3341     0.0207      0.094     -0.054     -0.078        247 7.4914e+02 0.0000e+00
     -0.019    12.2423     7.4913     69.777  28.347655     38.020      6.890   272.3331     0.9543     3.5490     0.0207      0.083     -0.013     -0.020        248 1.0956e+03 0.0000e+00
      0.036    12.2302     7.4943     69.805  28.286149     37.964      6.887   272.4845     0.9422     3.4684     0.0206      0.086      0.038      0.056        249 7.7559e+02 0.0000e+00
      0.101    12.2135     7.4923     69.781  28.245815     37.905      6.883   272.6738     0.9503     3.5221     0.0206      0.106      0.097      0.141        250 1.0838e+03 0.0000e+00
      0.158    12.1966     7.4905     69.758  28.279265     37.991      6.878   272.9010     0.9382     3.4281     0.0206      0.137      0.153      0.222        251 1.3091e+03 0.0000e+00
      0.209    12.1845     7.4945     69.788  28.244527     37.934      6.876   273.5446     1.0190     3.5490     0.0206      0.167      0.204      0.296        252 7.7397e+02 0.0000e+00
      0.258    12.1778     7.4891     69.733  28.229755     37.951      6.874   273.8474     1.0190     3.4952     0.0206      0.190      0.250      0.362        253 5.5612e+02 0.0000e+00
      0.297    12.1742     7.4807     69.651  28.238357     37.964      6.874   273.8853     0.9988     3.5087     0.0206      0.201      0.287      0.417        254 6.0356e+02 0.0000e+00
      0.323    12.1716     7.4778     69.621  28.233828     37.970      6.872   274.4910     1.0150     3.4281     0.0206      0.198      0.313      0.454        255 8.3868e+02 0.0000e+00
