Data/DataNotYetUploadedToEDI/Raw_CTD/RawDownloads/102918_fcr10.cnv
* Sea-Bird SBE19plus  Data File:
* FileName = C:\DATA\101518_fcr_0013.hex
* Software version 2.6.3.104
* Temperature SN = 7809
* Conductivity SN = 7809
* System UpLoad Time = Oct 29 2018 16:40:34
* <ApplicationData>
* <Seaterm232>
# nquan = 17
# nvalues = 321                         
# units = specified
# name 0 = depFM: Depth [fresh water, m]
# name 1 = tv290C: Temperature [ITS-90, deg C]
# name 2 = sbeox0Mg/L: Oxygen, SBE 43 [mg/l]
# name 3 = sbeox0PS: Oxygen, SBE 43 [% saturation]
# name 4 = c0uS/cm: Conductivity [uS/cm]
# name 5 = specc: Specific Conductance [uS/cm]
# name 6 = ph: pH
# name 7 = orp: Oxidation Reduction Potential [mV]
# name 8 = flECO-AFL: Fluorescence, WET Labs ECO-AFL/FL [mg/m^3]
# name 9 = turbWETntu0: Turbidity, WET Labs ECO [NTU]
# name 10 = sal00: Salinity, Practical [PSU]
# name 11 = dz/dtM: Descent Rate [m/s]
# name 12 = prdM: Pressure, Strain Gauge [db]
# name 13 = prdE: Pressure, Strain Gauge [psi]
# name 14 = scan: Scan Count
# name 15 = par/sat/log: PAR/Logarithmic, Satlantic
# name 16 = flag:  0.000e+00
# span 0 =     -0.641,      2.576       
# span 1 =    11.4514,    12.0947       
# span 2 =     5.5771,    10.7184       
# span 3 =     51.708,     99.576       
# span 4 =   1.848361,  32.395349       
# span 5 =      2.530,     43.515       
# span 6 =     -2.947,      7.318       
# span 7 =   230.3494,  1240.2295       
# span 8 =    -0.2385,     3.6838       
# span 9 =    -0.2914,     9.7124       
# span 10 =     0.0063,     0.0228      
# span 11 =     -0.172,      0.156      
# span 12 =     -0.629,      2.525      
# span 13 =     -0.912,      3.663      
# span 14 =          1,        321      
# span 15 = 4.0409e+00, 1.6712e+03      
# span 16 = 0.0000e+00, 0.0000e+00      
# interval = seconds: 0.25
# start_time = Oct 29 2018 14:01:05 [Instrument's time stamp, header]
# bad_flag = -9.990e-29
*END*
[from data line 256]
      1.438    12.0895     8.1370     75.664  28.026377     37.796      6.813   289.9367     3.0611     2.9984     0.0205      0.093      1.409      2.042        257 9.6749e+00 0.0000e+00
      1.455    12.0889     8.1430     75.717  28.057388     37.796      6.811   289.6717     3.0772     3.0521     0.0205      0.090      1.425      2.066        258 9.5847e+00 0.0000e+00
      1.465    12.0889     8.1516     75.796  28.102237     37.910      6.810   289.7853     3.1015     3.1193     0.0205      0.083      1.438      2.085        259 9.4983e+00 0.0000e+00
      1.480    12.0885     8.1632     75.903  28.059506     37.798      6.815   289.7475     3.0853     3.0655     0.0205      0.076      1.453      2.107        260 9.3801e+00 0.0000e+00
      1.499    12.0891     8.1740     76.003  28.110566     37.911      6.814   289.7096     3.1419     3.1730     0.0205      0.072      1.471      2.133        261 9.2621e+00 0.0000e+00
      1.521    12.0906     8.1781     76.042  28.127640     37.911      6.818   289.5960     3.1541     3.0521     0.0205      0.070      1.491      2.163        262 9.1929e+00 0.0000e+00
      1.542    12.0908     8.1824     76.081  28.067908     37.835      6.819   290.1639     3.1460     3.1193     0.0205      0.069      1.510      2.190        263 9.2664e+00 0.0000e+00
      1.556    12.0903     8.1864     76.118  28.125606     37.909      6.814   289.7475     3.1622     3.1327     0.0205      0.068      1.527      2.214        264 9.3855e+00 0.0000e+00
      1.574    12.0896     8.1817     76.073  28.115131     37.909      6.817   289.6717     2.9923     3.1193     0.0205      0.068      1.544      2.239        265 9.4645e+00 0.0000e+00
      1.592    12.0889     8.1810     76.066  28.051295     37.796      6.817   289.7475     3.0247     3.0790     0.0205      0.070      1.561      2.264        266 9.5856e+00 0.0000e+00
      1.608    12.0885     8.1804     76.059  28.116104     37.910      6.819   289.8610     3.0328     3.0790     0.0205      0.072      1.577      2.288        267 9.6857e+00 0.0000e+00
      1.624    12.0875     8.1798     76.054  28.123420     37.911      6.816   290.0503     3.0166     3.0790     0.0205      0.071      1.592      2.309        268 9.8042e+00 0.0000e+00
      1.637    12.0867     8.1745     76.004  28.131135     37.911      6.817   289.4446     2.9721     3.0790     0.0205      0.067      1.606      2.329        269 9.9152e+00 0.0000e+00
      1.652    12.0861     8.1804     76.061  28.106505     37.912      6.817   290.0503     2.9357     3.1193     0.0205      0.064      1.620      2.350        270 9.9489e+00 0.0000e+00
      1.669    12.0858     8.1776     76.036  28.065129     37.800      6.817   290.2775     2.9721     3.1730     0.0205      0.063      1.635      2.371        271 1.0000e+01 0.0000e+00
      1.681    12.0863     8.1785     76.045  28.093683     37.914      6.817   290.5425     2.9721     3.0655     0.0205      0.061      1.649      2.391        272 9.9434e+00 0.0000e+00
      1.694    12.0862     8.1886     76.138  28.070971     37.801      6.815   290.3910     3.0125     3.0924     0.0205      0.059      1.662      2.410        273 9.7169e+00 0.0000e+00
      1.708    12.0856     8.1829     76.086  28.093394     37.913      6.819   290.7696     3.0045     2.9715     0.0205      0.057      1.676      2.431        274 9.5651e+00 0.0000e+00
      1.725    12.0851     8.1784     76.044  28.065777     37.800      6.816   290.8832     3.0287     3.1730     0.0205      0.056      1.693      2.456        275 9.3137e+00 0.0000e+00
      1.747    12.0847     8.1644     75.914  28.046045     37.839      6.818   290.8075     3.0125     3.1193     0.0205      0.058      1.714      2.487        276 8.8087e+00 0.0000e+00
      1.774    12.0842     8.1616     75.888  28.058656     37.802      6.816   291.2617     3.0813     3.1461     0.0205      0.063      1.738      2.522        277 8.3838e+00 0.0000e+00
      1.797    12.0840     8.1505     75.784  28.109378     37.915      6.817   291.4889     3.0813     3.0521     0.0205      0.069      1.761      2.555        278 7.9834e+00 0.0000e+00
      1.818    12.0843     8.1450     75.734  28.131160     37.916      6.814   291.4132     3.0570     3.1327     0.0205      0.075      1.783      2.587        279 7.5753e+00 0.0000e+00
      1.842    12.0850     8.1387     75.675  28.120493     37.916      6.811   291.4889     3.1015     3.0924     0.0205      0.081      1.805      2.618        280 7.3024e+00 0.0000e+00
      1.861    12.0858     8.1213     75.512  28.122656     37.916      6.810   291.5267     3.0894     3.1058     0.0205      0.085      1.825      2.647        281 7.0472e+00 0.0000e+00
      1.880    12.0860     8.1230     75.527  28.128470     37.915      6.807   291.8296     3.2147     3.1461     0.0205      0.087      1.845      2.675        282 6.7161e+00 0.0000e+00
      1.902    12.0859     8.1280     75.572  28.113257     37.914      6.807   291.6782     3.1864     3.1327     0.0205      0.087      1.865      2.704        283 6.4509e+00 0.0000e+00
      1.921    12.0859     8.1376     75.659  28.052644     37.801      6.806   291.7917     3.2188     3.0521     0.0205      0.084      1.883      2.731        284 6.2500e+00 0.0000e+00
      1.937    12.0860     8.1412     75.687  28.026014     37.801      6.808   291.9432     3.2228     3.1193     0.0205      0.080      1.899      2.754        285 6.0743e+00 0.0000e+00
      1.952    12.0859     8.1569     75.823  27.998158     37.725      6.806   292.0189     3.2794     3.1058     0.0204      0.077      1.916      2.778        286 5.9018e+00 0.0000e+00
      1.973    12.0858     8.1737     75.973  28.028015     37.801      6.807   292.2839     3.2835     2.9984     0.0205      0.075      1.936      2.808        287 5.6958e+00 0.0000e+00
      1.998    12.0859     8.1806     76.033  28.048153     37.801      6.802   292.3217     3.2592     3.0924     0.0205      0.075      1.958      2.840        288 5.5818e+00 0.0000e+00
      2.017    12.0860     8.1865     76.076  28.032393     37.801      6.802   292.3596     3.2713     3.1327     0.0205      0.075      1.978      2.870        289 5.5129e+00 0.0000e+00
      2.037    12.0857     8.1886     76.080  28.077276     37.838      6.802   292.6246     3.4048     3.2804     0.0205      0.076      1.998      2.898        290 5.4152e+00 0.0000e+00
      2.059    12.0852     8.1806     75.996  28.110888     37.914      6.801   292.6625     3.3724     3.2267     0.0205      0.077      2.019      2.928        291 5.3281e+00 0.0000e+00
      2.079    12.0850     8.1701     75.895  28.049859     37.801      6.804   292.2460     3.3846     3.2804     0.0205      0.079      2.039      2.958        292 5.2562e+00 0.0000e+00
      2.101    12.0843     8.1673     75.867  28.034635     37.801      6.800   292.7003     3.4210     3.2267     0.0205      0.081      2.060      2.988        293 5.1868e+00 0.0000e+00
      2.122    12.0827     8.1550     75.754  28.040891     37.802      6.799   292.9275     3.5544     3.1058     0.0205      0.083      2.081      3.018        294 5.0921e+00 0.0000e+00
      2.143    12.0794     8.1473     75.689  28.042074     37.802      6.797   292.8139     3.5261     3.0253     0.0205      0.082      2.102      3.049        295 5.0685e+00 0.0000e+00
      2.167    12.0737     8.1482     75.704  28.062811     37.842      6.800   293.0032     3.5261     3.1058     0.0205      0.083      2.125      3.082        296 5.0474e+00 0.0000e+00
      2.191    12.0704     8.1486     75.708  28.044732     37.807      6.800   292.8896     3.5099     3.1193     0.0205      0.085      2.148      3.116        297 4.9881e+00 0.0000e+00
      2.214    12.0677     8.1458     75.678  28.034926     37.813      6.800   293.0032     3.6676     3.1461     0.0205      0.087      2.172      3.150        298 4.9284e+00 0.0000e+00
      2.240    12.0608     8.1460     75.676  27.986073     37.741      6.800   293.0789     3.6555     3.1058     0.0204      0.089      2.197      3.185        299 4.8454e+00 0.0000e+00
      2.265    12.0522     8.1387     75.606  27.986939     37.744      6.799   293.3060     3.6717     3.0924     0.0204      0.091      2.220      3.219        300 4.7802e+00 0.0000e+00
      2.284    12.0466     8.1335     75.558  27.974553     37.751      6.801   293.0789     3.6595     3.0790     0.0204      0.092      2.241      3.250        301 4.6986e+00 0.0000e+00
      2.307    12.0444     8.1339     75.563  27.942195     37.684      6.799   293.4196     3.6838     3.0790     0.0204      0.092      2.264      3.283        302 4.6386e+00 0.0000e+00
      2.334    12.0433     8.1286     75.511  27.997565     37.803      6.797   293.1925     3.5787     3.3341     0.0205      0.093      2.289      3.320        303 4.5460e+00 0.0000e+00
      2.362    12.0439     8.1275     75.496  27.994592     37.768      6.790   293.4575     3.5948     3.3610     0.0204      0.094      2.315      3.358        304 4.4425e+00 0.0000e+00
      2.386    12.0477     8.1247     75.470  27.975544     37.769      6.788   293.1546     3.5665     3.2938     0.0204      0.095      2.340      3.394        305 4.3533e+00 0.0000e+00
      2.411    12.0516     8.1219     75.442  27.991623     37.768      6.788   293.5710     3.5989     3.1998     0.0204      0.096      2.364      3.428        306 4.2561e+00 0.0000e+00
      2.434    12.0514     8.1261     75.480  27.974580     37.764      6.789   293.3060     3.5544     3.3207     0.0204      0.096      2.387      3.461        307 4.2242e+00 0.0000e+00
      2.455    12.0492     8.1231     75.450  27.996751     37.760      6.786   292.9653     3.5423     3.3475     0.0204      0.096      2.409      3.494        308 4.1479e+00 0.0000e+00
      2.480    12.0472     8.1272     75.488  27.993679     37.798      6.786   292.9653     3.5423     3.3207     0.0205      0.097      2.431      3.526        309 4.0526e+00 0.0000e+00
      2.502    12.0458 -9.990e-29 -9.990e-29  27.948755     37.687      6.788   293.3439     3.5342     3.2670     0.0204      0.095      2.452      3.556        310 4.0552e+00 0.0000e+00
      2.520    12.0460 -9.990e-29 -9.990e-29  28.023012     37.840      6.787   293.7225     3.5140     3.1461     0.0205      0.091      2.469      3.581        311 4.0555e+00 0.0000e+00
      2.532    12.0469 -9.990e-29 -9.990e-29  28.049509     37.842      6.785   293.3060     3.5463     3.2133     0.0205      0.085      2.481      3.598        312 4.0409e+00 0.0000e+00
      2.537    12.0451 -9.990e-29 -9.990e-29  28.034371     37.842      6.785   293.3818     3.5180     3.0253     0.0205      0.077      2.489      3.609        313 4.0612e+00 0.0000e+00
      2.544    12.0430 -9.990e-29 -9.990e-29  27.982555     37.765      6.788   293.2303     3.5382     3.0790     0.0204      0.068      2.495      3.619        314 4.0658e+00 0.0000e+00
      2.551    12.0428 -9.990e-29 -9.990e-29  27.936108     37.691      6.786   293.6089     3.3401     3.0924     0.0204      0.058      2.502      3.629        315 4.0728e+00 0.0000e+00
      2.559    12.0414 -9.990e-29 -9.990e-29  28.062527     37.882      6.787   293.5710     3.3279     3.1730     0.0205      0.048      2.510      3.640        316 4.0780e+00 0.0000e+00
      2.567    12.0403 -9.990e-29 -9.990e-29  28.121708     37.958      6.788   293.4953     3.3603     3.1730     0.0205      0.039      2.517      3.650        317 4.0835e+00 0.0000e+00
      2.572    12.0398 -9.990e-29 -9.990e-29  28.040346     37.846      6.792   293.5710     3.3482     3.0521     0.0205      0.032      2.522      3.657        318 4.1273e+00 0.0000e+00
      2.575    12.0392 -9.990e-29 -9.990e-29  28.045189     37.847      6.790   293.3060     3.3563     3.0118     0.0205      0.027      2.525      3.661        319 4.1603e+00 0.0000e+00
      2.575 -9.990e-29 -9.990e-29 -9.990e-29  28.115681     37.961      6.792   293.1925     2.7942     3.0655     0.0205      0.023      2.525      3.663        320 4.2079e+00 0.0000e+00
      2.576 -9.990e-29 -9.990e-29 -9.990e-29  28.130508     37.962      6.794   292.9275     2.8063     3.1193     0.0205      0.020      2.525      3.663        321 4.2508e+00 0.0000e+00
