Data/DataNotYetUploadedToEDI/Raw_CTD/RawDownloads/102918_fcr45.cnv
* Sea-Bird SBE19plus  Data File:
* FileName = C:\DATA\101518_fcr_0016.hex
* Software version 2.6.3.104
* Temperature SN = 7809
* Conductivity SN = 7809
* System UpLoad Time = Oct 29 2018 16:41:22
* <ApplicationData>
* <Seaterm232>
# nquan = 17
# nvalues = 619                         
# units = specified
# name 0 = depFM: Depth [fresh water, m]
# name 1 = tv290C: Temperature [ITS-90, deg C]
# name 2 = sbeox0Mg/L: Oxygen, SBE 43 [mg/l]
# name 3 = sbeox0PS: Oxygen, SBE 43 [% saturation]
# name 4 = c0uS/cm: Conductivity [uS/cm]
# name 5 = specc: Specific Conductance [uS/cm]
# name 6 = ph: pH
# name 7 = orp: Oxidation Reduction Potential [mV]
# name 8 = flECO-AFL: Fluorescence, WET Labs ECO-AFL/FL [mg/m^3]
# name 9 = turbWETntu0: Turbidity, WET Labs ECO [NTU]
# name 10 = sal00: Salinity, Practical [PSU]
# name 11 = dz/dtM: Descent Rate [m/s]
# name 12 = prdM: Pressure, Strain Gauge [db]
# name 13 = prdE: Pressure, Strain Gauge [psi]
# name 14 = scan: Scan Count
# name 15 = par/sat/log: PAR/Logarithmic, Satlantic
# name 16 = flag:  0.000e+00
# span 0 =     -0.625,      7.542       
# span 1 =    10.7983,    12.3484       
# span 2 =     5.1551,    10.7299       
# span 3 =     47.912,     97.346       
# span 4 =   0.815341,  28.465214       
# span 5 =      1.608,     38.613       
# span 6 =     -2.970,      7.752       
# span 7 = -1240.7455,  1240.2295       
# span 8 =    -1.9207,     2.8468       
# span 9 =    -6.5354,     9.4975       
# span 10 =     0.0057,     0.0207      
# span 11 =     -0.193,      0.254      
# span 12 =     -0.612,      7.395      
# span 13 =     -0.888,     10.725      
# span 14 =          1,        619      
# span 15 = 1.2056e-01, 2.3288e+03      
# span 16 = 0.0000e+00, 0.0000e+00      
# interval = seconds: 0.25
# start_time = Oct 29 2018 15:15:16 [Instrument's time stamp, header]
# bad_flag = -9.990e-29
*END*
[from data line 86]
      0.136    12.2483     6.6153     61.686  28.408730     38.126      7.156   274.3774     0.8654     3.3207     0.0207      0.003      0.134      0.194         87 6.4143e+02 0.0000e+00
      0.137    12.2480     6.5732     61.286  28.453021     38.199      7.151   274.4910     0.7926     3.2535     0.0207      0.003      0.135      0.195         88 6.1071e+02 0.0000e+00
      0.138    12.2470     6.5379     60.949  28.462469     38.198      7.151   274.3017     0.8047     3.3207     0.0207      0.003      0.135      0.196         89 7.0391e+02 0.0000e+00
      0.139    12.2442     6.4984     60.575  28.396970     38.124      7.148   274.2260     0.8532     3.2804     0.0207      0.003      0.136      0.197         90 9.4194e+02 0.0000e+00
      0.139    12.2392     6.4569     60.184  28.356640     38.050      7.148   274.2260     0.7926     3.3207     0.0207      0.002      0.136      0.197         91 7.3852e+02 0.0000e+00
      0.139    12.2332     6.4250     59.883  28.394066     38.128      7.143   273.8096     0.8290     3.2133     0.0207      0.002      0.136      0.197         92 5.8959e+02 0.0000e+00
      0.138    12.2268     6.3750     59.414  28.350398     38.058      7.143   274.4910     0.8371     3.4012     0.0207      0.002      0.135      0.196         93 7.8578e+02 0.0000e+00
      0.137    12.2223     6.3432     59.114  28.351690     38.064      7.141   274.4153     0.8047     3.3207     0.0207      0.001      0.135      0.196         94 7.1872e+02 0.0000e+00
      0.137    12.2199     6.3092     58.794  28.451756     38.220      7.140   274.2260     0.8249     3.2804     0.0207      0.000      0.135      0.196         95 5.6266e+02 0.0000e+00
      0.138    12.2169     6.2757     58.478  28.403761     38.150      7.135   274.1124     0.7926     3.3207     0.0207     -0.000      0.136      0.196         96 4.8629e+02 0.0000e+00
      0.139    12.2122     6.2341     58.088  28.352125     38.077      7.133   273.8853     0.8209     3.4012     0.0207     -0.000      0.136      0.196         97 4.9105e+02 0.0000e+00
      0.137    12.2062     6.2051     57.817  28.338127     38.080      7.129   273.8096     0.8330     3.3878     0.0207     -0.001      0.135      0.195         98 5.5887e+02 0.0000e+00
      0.135    12.2009     6.1750     57.537  28.302589     38.010      7.128   274.0746     0.8128     3.2401     0.0206     -0.001      0.133      0.193         99 6.1522e+02 0.0000e+00
      0.134    12.1968     6.1495     57.298  28.337056     38.091      7.126   274.1503     0.8047     3.3072     0.0207     -0.002      0.131      0.191        100 8.4846e+02 0.0000e+00
      0.134    12.1935     6.1260     57.074  28.295235     38.022      7.123   273.5824     0.8775     3.3207     0.0206     -0.002      0.131      0.190        101 9.4815e+02 0.0000e+00
      0.134    12.1909     6.1032     56.858  28.295340     38.026      7.126   273.4688     0.8896     3.3744     0.0206     -0.002      0.131      0.191        102 5.6999e+02 0.0000e+00
      0.134    12.1886     6.0778     56.617  28.336926     38.105      7.121   273.6203     0.8815     3.3207     0.0207     -0.003      0.131      0.191        103 5.0271e+02 0.0000e+00
      0.134    12.1860     6.0502     56.357  28.302778     38.032      7.119   273.9231     0.8735     3.2804     0.0206     -0.003      0.131      0.191        104 5.8975e+02 0.0000e+00
      0.133    12.1834     6.0257     56.128  28.337839     38.110      7.115   273.5067     0.8896     3.5490     0.0207     -0.002      0.131      0.190        105 5.5631e+02 0.0000e+00
      0.133    12.1809     6.0045     55.931  28.352594     38.112      7.115   274.0746     0.8937     3.5221     0.0207     -0.001      0.131      0.190        106 6.4832e+02 0.0000e+00
      0.134    12.1789     5.9843     55.737  28.343713     38.115      7.111   273.3931     0.8654     3.4952     0.0207     -0.000      0.131      0.191        107 6.9998e+02 0.0000e+00
      0.135    12.1785     5.9615     55.519  28.348889     38.117      7.109   273.5824     0.8735     3.5087     0.0207      0.000      0.133      0.193        108 7.7910e+02 0.0000e+00
      0.139    12.1785     5.9222     55.147  28.346154     38.119      7.108   273.3931     0.8047     3.3072     0.0207      0.002      0.136      0.197        109 7.7676e+02 0.0000e+00
      0.141    12.1771     5.8975     54.915  28.347121     38.120      7.107   273.4310     0.7926     3.2938     0.0207      0.003      0.138      0.200        110 7.3903e+02 0.0000e+00
      0.141    12.1743     5.8721     54.679  28.347688     38.120      7.105   273.4310     0.8371     3.3207     0.0207      0.004      0.138      0.200        111 7.2284e+02 0.0000e+00
      0.140    12.1709     5.8533     54.505  28.345448     38.121      7.102   273.5067     0.8128     3.2267     0.0207      0.004      0.138      0.200        112 6.9752e+02 0.0000e+00
      0.140    12.1674     5.8239     54.233  28.349907     38.124      7.101   273.2038     0.7845     3.3072     0.0207      0.004      0.138      0.200        113 6.5876e+02 0.0000e+00
      0.142    12.1651     5.8042     54.050  28.342138     38.128      7.099   273.5067     0.8937     3.3475     0.0207      0.004      0.138      0.200        114 6.2037e+02 0.0000e+00
      0.141    12.1652     5.7733     53.759  28.295821     38.056      7.093   273.8096     0.8735     3.2535     0.0206      0.003      0.137      0.199        115 7.2123e+02 0.0000e+00
      0.135    12.1648     5.7571     53.600  28.288957     38.058      7.094   271.9167     0.8937     3.3207     0.0206      0.000      0.133      0.194        116 7.1060e+02 0.0000e+00
      0.132    12.1608     5.7408     53.441  28.291385     38.058      7.093   273.3553     0.8815     3.2938     0.0206     -0.003      0.131      0.190        117 6.9742e+02 0.0000e+00
      0.133    12.1557     5.7185     53.227  28.292800     38.059      7.088   273.3174     0.9382     3.2535     0.0206     -0.005      0.131      0.190        118 7.5035e+02 0.0000e+00
      0.135    12.1516     5.6987     53.039  28.287196     38.063      7.088   273.0903     0.9503     3.4012     0.0206     -0.005      0.132      0.191        119 7.6605e+02 0.0000e+00
      0.136    12.1493     5.6798     52.860  28.298359     38.068      7.084   273.2038     0.9260     3.2670     0.0206     -0.004      0.132      0.192        120 8.6180e+02 0.0000e+00
      0.133    12.1492     5.6623     52.695  28.338204     38.148      7.082   273.2038     0.9422     3.2938     0.0207     -0.004      0.130      0.190        121 8.6838e+02 0.0000e+00
      0.130    12.1508     5.6500     52.576  28.296907     38.075      7.080   273.0524     0.9058     3.3072     0.0206     -0.004      0.127      0.185        122 8.3187e+02 0.0000e+00
      0.126    12.1526     5.6335     52.420  28.290458     38.075      7.076   271.8410     0.8735     3.2804     0.0206     -0.005      0.124      0.180        123 7.5734e+02 0.0000e+00
      0.123    12.1525     5.6043     52.146  28.286935     38.073      7.071   272.4088     0.9058     3.2535     0.0206     -0.005      0.120      0.175        124 7.6921e+02 0.0000e+00
      0.120    12.1493     5.5883     51.996  28.301291     38.071      7.068   271.7274     0.8815     3.4012     0.0206     -0.007      0.118      0.171        125 7.8957e+02 0.0000e+00
      0.119    12.1433     5.5800     51.918  28.331887     38.146      7.068   271.3110     0.9422     3.3610     0.0207     -0.009      0.117      0.170        126 6.1731e+02 0.0000e+00
      0.120    12.1369     5.5643     51.773  28.308155     38.075      7.067   271.0081     0.9260     3.3207     0.0206     -0.009      0.118      0.172        127 6.2620e+02 0.0000e+00
      0.123    12.1322     5.5555     51.694  28.330827     38.156      7.063   271.1217     0.9260     3.3475     0.0207     -0.008      0.121      0.176        128 7.1958e+02 0.0000e+00
      0.127    12.1292     5.5346     51.497  28.303674     38.087      7.062   271.1595     0.9503     3.3878     0.0206     -0.004      0.124      0.181        129 6.2082e+02 0.0000e+00
      0.130    12.1267     5.5334     51.479  28.282651     38.092      7.060   272.9388     0.8573     3.2670     0.0206      0.000      0.127      0.185        130 5.6358e+02 0.0000e+00
      0.132    12.1241     5.5226     51.373  28.297696     38.095      7.058   272.5224     0.8775     3.3341     0.0206      0.004      0.129      0.188        131 5.9344e+02 0.0000e+00
      0.134    12.1213     5.5025     51.184  28.284953     38.098      7.055   271.8788     0.8815     3.4147     0.0206      0.007      0.131      0.191        132 7.1564e+02 0.0000e+00
      0.136    12.1186     5.4902     51.070  28.298511     38.100      7.053   271.7274     0.8735     3.3072     0.0206      0.009      0.132      0.192        133 7.2098e+02 0.0000e+00
      0.134    12.1174     5.4739     50.916  28.280826     38.103      7.053   271.6138     0.9058     3.2267     0.0206      0.009      0.131      0.190        134 8.4451e+02 0.0000e+00
      0.131    12.1158     5.4620     50.801  28.247665     38.031      7.051   271.4624     0.9341     3.3878     0.0206      0.007      0.130      0.188        135 9.7571e+02 0.0000e+00
      0.132    12.1144     5.4512     50.695  28.280482     38.107      7.049   271.5760     0.9179     3.2804     0.0206      0.004      0.129      0.188        136 8.0040e+02 0.0000e+00
      0.132    12.1165     5.4458     50.638  28.239987     38.034      7.047   272.2195     0.9543     3.4147     0.0206      0.002      0.128      0.187        137 9.2486e+02 0.0000e+00
      0.129    12.1187     5.4424     50.602  28.238765     38.035      7.048   271.5760     0.9584     3.3744     0.0206     -0.001      0.127      0.184        138 9.3575e+02 0.0000e+00
      0.127    12.1163     5.4401     50.575  28.282003     38.108      7.044   271.3867     1.0190     3.2535     0.0206     -0.003      0.126      0.183        139 6.4075e+02 0.0000e+00
      0.128    12.1105     5.4351     50.525  28.304769     38.106      7.045   271.6895     0.9745     3.4147     0.0206     -0.004      0.126      0.183        140 7.1193e+02 0.0000e+00
      0.131    12.1057     5.4350     50.519  28.329024     38.184      7.046   271.5381     1.0231     3.4012     0.0207     -0.003      0.128      0.186        141 1.0524e+03 0.0000e+00
      0.131    12.1044     5.4218     50.392  28.251821     38.039      7.041   273.8474     0.9988     3.3744     0.0206     -0.002      0.128      0.186        142 8.0941e+02 0.0000e+00
      0.130    12.1042     5.4154     50.330  28.282257     38.119      7.042   272.4088     0.8896     9.3767     0.0206     -0.001      0.127      0.184        143 6.9765e+02 0.0000e+00
      0.127    12.1021     5.4033     50.217  28.291147     38.121      7.040   273.4688     0.8532     9.4841     0.0206     -0.001      0.124      0.181        144 6.2079e+02 0.0000e+00
      0.124    12.0985     5.3922     50.111  28.240757     38.046      7.037   272.2953     0.8815     9.4975     0.0206     -0.002      0.122      0.178        145 6.4318e+02 0.0000e+00
      0.124    12.0933     5.3778     49.974  28.285670     38.123      7.042   273.2417     0.9260     9.4841     0.0206     -0.002      0.121      0.176        146 1.1742e+03 0.0000e+00
      0.124    12.0882     5.3659     49.860  28.294552     38.127      7.036   271.9924     0.9018     3.3475     0.0206     -0.003      0.121      0.176        147 8.4664e+02 0.0000e+00
      0.123    12.0839     5.3570     49.775  28.289003     38.132      7.036   273.5824     0.8735     3.2535     0.0206     -0.004      0.121      0.176        148 8.8343e+02 0.0000e+00
      0.123    12.0798     5.3448     49.660  28.292578     38.137      7.035   272.3331     0.8896     3.2938     0.0206     -0.005      0.121      0.175        149 9.1905e+02 0.0000e+00
      0.122    12.0759     5.3402     49.616  28.290104     38.142      7.033   272.2953     0.8654     3.3072     0.0206     -0.004      0.120      0.174        150 6.6919e+02 0.0000e+00
      0.122    12.0721     5.3307     49.525  28.292083     38.146      7.032   271.8410     0.9058     3.3475     0.0206     -0.003      0.120      0.174        151 9.6818e+02 0.0000e+00
      0.122    12.0682     5.3330     49.544  28.290117     38.150      7.029   272.2195     0.8735     3.2401     0.0206     -0.002      0.120      0.174        152 7.2522e+02 0.0000e+00
      0.123    12.0658     5.3236     49.455  28.292552     38.154      7.028   271.9545     0.8654     3.1998     0.0206     -0.001      0.121      0.177        153 6.0249e+02 0.0000e+00
      0.128    12.0651     5.3041     49.273  28.289055     38.158      7.030   273.6581     0.8694     3.2938     0.0206      0.001      0.125      0.183        154 7.4654e+02 0.0000e+00
      0.134    12.0631     5.2815     49.065  28.294471     38.161      7.024   273.5067     0.8654     3.2938     0.0206      0.003      0.129      0.189        155 5.9980e+02 0.0000e+00
      0.135    12.0598     5.2738     48.994  28.285813     38.161      7.026   272.4467     0.8856     3.2670     0.0206      0.006      0.132      0.192        156 6.9337e+02 0.0000e+00
      0.136    12.0569     5.2611     48.876  28.240533     38.088      7.023   272.2953     0.8694     3.2535     0.0206      0.008      0.134      0.194        157 9.2859e+02 0.0000e+00
      0.136    12.0549     5.2524     48.792  28.291526     38.167      7.022   272.1438     0.8815     3.2804     0.0206      0.009      0.134      0.194        158 6.0084e+02 0.0000e+00
      0.136    12.0536     5.2517     48.780  28.340949     38.245      7.019   272.7874     0.8775     3.3072     0.0207      0.009      0.134      0.194        159 9.6240e+02 0.0000e+00
      0.136    12.0518     5.2418     48.685  28.297621     38.172      7.017   274.2260     0.9462     3.2535     0.0206      0.008      0.134      0.194        160 1.3068e+03 0.0000e+00
      0.137    12.0496     5.2365     48.635  28.286151     38.173      7.015   273.9988     0.9665     3.3475     0.0206      0.006      0.134      0.195        161 1.0377e+03 0.0000e+00
      0.137    12.0477     5.2375     48.642  28.295927     38.175      7.014   273.9610     0.9503     3.2670     0.0206      0.003      0.134      0.195        162 7.2384e+02 0.0000e+00
      0.136    12.0463     5.2396     48.659  28.285454     38.177      7.013   274.0367     0.9462     3.3207     0.0206      0.001      0.134      0.194        163 7.8745e+02 0.0000e+00
      0.135    12.0458     5.2310     48.578  28.239889     38.104      7.010   273.6581     1.0271     3.2938     0.0206      0.000      0.133      0.193        164 1.3585e+03 0.0000e+00
      0.133    12.0469     5.2222     48.495  28.234041     38.105      7.007   274.1503     1.0069     3.2401     0.0206     -0.001      0.130      0.190        165 7.1795e+02 0.0000e+00
      0.130    12.0481     5.2102     48.381  28.233436     38.106      7.004   273.4688     1.0271     3.3072     0.0206     -0.002      0.127      0.185        166 5.4608e+02 0.0000e+00
      0.126    12.0475     5.2048     48.330  28.240641     38.104      7.001   274.3396     0.9907     3.3744     0.0206     -0.004      0.124      0.180        167 5.7101e+02 0.0000e+00
      0.123    12.0446     5.1938     48.224  28.284369     38.179      6.999   273.0903     0.9948     3.3610     0.0206     -0.007      0.121      0.176        168 5.4747e+02 0.0000e+00
      0.122    12.0405     5.1875     48.163  28.297611     38.179      6.995   273.1660     0.9948     3.3610     0.0206     -0.008      0.120      0.175        169 5.9274e+02 0.0000e+00
      0.123    12.0376     5.1776     48.071  28.283460     38.182      6.989   273.5824     1.0069     3.3475     0.0206     -0.009      0.121      0.176        170 6.3556e+02 0.0000e+00
