Data/DataNotYetUploadedToEDI/Raw_CTD/RawDownloads/102918_fcr10.cnv
* Sea-Bird SBE19plus  Data File:
* FileName = C:\DATA\101518_fcr_0013.hex
* Software version 2.6.3.104
* Temperature SN = 7809
* Conductivity SN = 7809
* System UpLoad Time = Oct 29 2018 16:40:34
* <ApplicationData>
* <Seaterm232>
# nquan = 17
# nvalues = 321                         
# units = specified
# name 0 = depFM: Depth [fresh water, m]
# name 1 = tv290C: Temperature [ITS-90, deg C]
# name 2 = sbeox0Mg/L: Oxygen, SBE 43 [mg/l]
# name 3 = sbeox0PS: Oxygen, SBE 43 [% saturation]
# name 4 = c0uS/cm: Conductivity [uS/cm]
# name 5 = specc: Specific Conductance [uS/cm]
# name 6 = ph: pH
# name 7 = orp: Oxidation Reduction Potential [mV]
# name 8 = flECO-AFL: Fluorescence, WET Labs ECO-AFL/FL [mg/m^3]
# name 9 = turbWETntu0: Turbidity, WET Labs ECO [NTU]
# name 10 = sal00: Salinity, Practical [PSU]
# name 11 = dz/dtM: Descent Rate [m/s]
# name 12 = prdM: Pressure, Strain Gauge [db]
# name 13 = prdE: Pressure, Strain Gauge [psi]
# name 14 = scan: Scan Count
# name 15 = par/sat/log: PAR/Logarithmic, Satlantic
# name 16 = flag:  0.000e+00
# span 0 =     -0.641,      2.576       
# span 1 =    11.4514,    12.0947       
# span 2 =     5.5771,    10.7184       
# span 3 =     51.708,     99.576       
# span 4 =   1.848361,  32.395349       
# span 5 =      2.530,     43.515       
# span 6 =     -2.947,      7.318       
# span 7 =   230.3494,  1240.2295       
# span 8 =    -0.2385,     3.6838       
# span 9 =    -0.2914,     9.7124       
# span 10 =     0.0063,     0.0228      
# span 11 =     -0.172,      0.156      
# span 12 =     -0.629,      2.525      
# span 13 =     -0.912,      3.663      
# span 14 =          1,        321      
# span 15 = 4.0409e+00, 1.6712e+03      
# span 16 = 0.0000e+00, 0.0000e+00      
# interval = seconds: 0.25
# start_time = Oct 29 2018 14:01:05 [Instrument's time stamp, header]
# bad_flag = -9.990e-29
*END*
     -0.640    11.4881    10.4798     96.623   1.848361      2.530     -2.944   899.2114    -0.2021     0.0308     0.0063      0.000     -0.628     -0.911          1 7.5474e+02 0.0000e+00
     -0.641    11.4749    10.4595     96.640   2.056959      2.799     -2.945   893.1921    -0.2102     0.0040     0.0064     -0.000     -0.629     -0.912          2 1.2162e+03 0.0000e+00
     -0.641    11.4676    10.4470     96.658   2.448264      3.374     -2.946   900.7256    -0.2224    -0.0095     0.0066     -0.000     -0.629     -0.912          3 1.3922e+03 0.0000e+00
     -0.640    11.4640    10.4354     96.646   2.812281      3.835     -2.946   900.0442    -0.1779    -0.0632     0.0067     -0.000     -0.628     -0.911          4 1.6712e+03 0.0000e+00
     -0.641    11.4625    10.4325     96.688   2.847581      3.950     -2.946   899.3628    -0.2264     0.0040     0.0067     -0.000     -0.628     -0.911          5 1.5183e+03 0.0000e+00
     -0.641    11.4587    10.4188     96.618   2.937325      3.951     -2.946   899.3628    -0.2305    -0.0095     0.0067     -0.000     -0.628     -0.911          6 3.7260e+02 0.0000e+00
     -0.641    11.4578    10.4161     96.639   2.789429      3.951     -2.946   899.1735    -0.2385     0.0040     0.0067     -0.000     -0.628     -0.911          7 1.9312e+02 0.0000e+00
     -0.640    11.4514    10.4166     96.681   2.942803      3.836     -2.947   899.2871    -0.2224    -0.0229     0.0067     -0.000     -0.627     -0.910          8 4.0775e+02 0.0000e+00
     -0.641    11.4647    10.4150     96.696   2.716844      4.028     -2.947   899.1356    -0.2062    -0.2914     0.0067     -0.000     -0.622     -0.903          9 1.0389e+03 0.0000e+00
     -0.624    11.5730    10.4203     96.770   3.574019      4.411     -2.947   791.6210    -0.1941    -0.1974     0.0069      0.004     -0.602     -0.873         10 1.6339e+03 0.0000e+00
     -0.574    11.7143    10.4227     96.809   6.021924      8.811     -1.351  1240.2295    -0.2385    -0.2243     0.0084      0.021     -0.564     -0.818         11 1.4981e+03 0.0000e+00
     -0.530    11.8067    10.4499     97.073  14.123804     18.247      2.049  1240.2295    -0.1941    -0.2512     0.0121      0.044     -0.519     -0.753         12 1.2367e+03 0.0000e+00
     -0.483    11.8677    10.4706     97.273  27.771144     38.944      4.164   277.1410     0.7481     0.6619     0.0208      0.073     -0.475     -0.689         13 9.7413e+02 0.0000e+00
     -0.439    11.9113    10.5072     97.615  32.395349     43.515      5.570   286.3403     0.7319     0.6619     0.0228      0.102     -0.436     -0.632         14 8.1608e+02 0.0000e+00
     -0.412    11.9425    10.5505     98.020  31.252250     42.685      6.450   269.9103     0.7764     0.7022     0.0225      0.126     -0.407     -0.590         15 5.4613e+02 0.0000e+00
     -0.393    11.9684    10.6075     98.550  31.031949     41.840      6.890   261.0517     0.7602     0.7291     0.0221      0.140     -0.383     -0.556         16 2.9286e+02 0.0000e+00
     -0.367    11.9897    10.6741     99.164  30.326936     41.162      7.106   256.9252     1.3142     9.7124     0.0219      0.144     -0.357     -0.517         17 3.5736e+02 0.0000e+00
     -0.330    12.0064    10.7184     99.576  29.935383     40.415      7.188   252.3823     1.3142     9.6855     0.0216      0.140     -0.323     -0.468         18 4.2276e+02 0.0000e+00
     -0.292    12.0204    10.7078     99.480  29.384351     39.750      7.250   249.8459     1.3344     9.6989     0.0213      0.131     -0.287     -0.415         19 1.7857e+02 0.0000e+00
     -0.255    12.0314    10.6054     98.529  29.441200     39.732      7.289   249.1645     1.3304     9.6318     0.0213      0.127     -0.251     -0.363         20 1.1193e+02 0.0000e+00
     -0.220    12.0390    10.4052     96.673  29.449523     39.830      7.308   233.1130     2.0178     2.9850     0.0213      0.125     -0.214     -0.310         21 1.2694e+02 0.0000e+00
     -0.178    12.0444    10.1043     93.881  29.225738     39.403      7.318   230.3494     2.0259     3.0655     0.0211      0.129     -0.173     -0.251         22 9.5583e+01 0.0000e+00
     -0.131    12.0478     9.7502     90.595  29.037748     39.244      7.314   232.0909     2.0259     3.1595     0.0211      0.140     -0.130     -0.189         23 9.1478e+01 0.0000e+00
     -0.090    12.0489     9.3820     87.177  29.031181     39.125      7.306   231.9394     2.0340     3.0655     0.0210      0.150     -0.089     -0.130         24 5.3803e+01 0.0000e+00
     -0.051    12.0497     9.0177     83.793  29.085663     39.310      7.287   233.8702     2.6163     3.2938     0.0211      0.156     -0.052     -0.075         25 4.7873e+01 0.0000e+00
     -0.018    12.0497     8.6987     80.830  29.177491     39.309      7.245   248.5966     2.6001     3.3207     0.0211      0.156     -0.019     -0.027         26 4.5489e+01 0.0000e+00
      0.012    12.0479     8.4467     78.490  29.272697     39.572      7.208   252.3445     2.6041     3.2938     0.0212      0.154      0.009      0.013         27 3.9806e+01 0.0000e+00
      0.033    12.0480     8.2256     76.437  29.234027     39.383      7.177   253.7831     2.6324     3.3610     0.0211      0.147      0.030      0.043         28 3.9417e+01 0.0000e+00
      0.046    12.0489     8.0755     75.044  29.077368     39.310      7.157   244.2052     2.6082     3.2267     0.0211      0.135      0.043      0.063         29 3.3948e+01 0.0000e+00
      0.055    12.0493     7.9522     73.898  28.815373     38.820      7.138   245.9845     2.9559     3.2535     0.0209      0.116      0.051      0.075         30 3.2382e+01 0.0000e+00
      0.057    12.0512     7.8509     72.954  28.789195     38.894      7.108   245.1138     2.9640     3.2804     0.0209      0.094      0.054      0.078         31 3.4104e+01 0.0000e+00
      0.052    12.0532     7.7697     72.198  28.843101     38.894      7.086   248.5209     2.9721     3.3744     0.0209      0.070      0.052      0.075         32 3.1439e+01 0.0000e+00
      0.049    12.0549     7.6950     71.502  28.748287     38.816      7.070   247.0445     2.9478     3.3475     0.0209      0.047      0.050      0.072         33 3.0888e+01 0.0000e+00
      0.051    12.0565     7.6297     70.895  28.788592     38.814      7.057   248.0666     2.3211     3.0924     0.0209      0.028      0.051      0.074         34 3.2033e+01 0.0000e+00
      0.056    12.0571     7.5612     70.257  28.733644     38.813      7.049   248.3695     2.2887     3.1327     0.0209      0.015      0.054      0.079         35 3.5027e+01 0.0000e+00
      0.060    12.0576     7.5113     69.794  28.875966     38.886      7.035   249.0509     2.2847     3.0924     0.0209      0.008      0.058      0.084         36 3.2913e+01 0.0000e+00
      0.061    12.0586     7.4776     69.482  29.174808     39.451      7.022   249.7323     2.3049     3.0655     0.0212      0.005      0.059      0.086         37 3.1185e+01 0.0000e+00
      0.061    12.0594     7.4794     69.495  29.043672     39.111      7.011   249.3916     2.2968     3.1595     0.0210      0.004      0.060      0.088         38 3.1936e+01 0.0000e+00
      0.065    12.0603     7.4880     69.574  28.890914     39.035      7.002   250.7545     2.2766     3.1193     0.0210      0.006      0.063      0.092         39 3.2351e+01 0.0000e+00
      0.067    12.0604     7.4984     69.672  28.801576     38.808      6.991   251.7388     2.2766     3.0924     0.0209      0.009      0.066      0.095         40 3.3260e+01 0.0000e+00
      0.068    12.0590     7.5100     69.780  28.739765     38.807      6.975   251.2466     2.2928     3.0924     0.0209      0.010      0.066      0.097         41 3.1144e+01 0.0000e+00
      0.070    12.0578     7.5228     69.900  28.730644     38.731      6.965   252.0416     2.4464     3.1595     0.0209      0.009      0.066      0.097         42 2.9453e+01 0.0000e+00
      0.066    12.0571     7.5279     69.949  28.694330     38.733      6.956   251.7766     2.4222     2.9850     0.0209      0.006      0.066      0.097         43 3.1956e+01 0.0000e+00
      0.067    12.0564     7.5222     69.897  28.784958     38.810      6.953   251.6252     2.4424     3.0521     0.0209      0.004      0.072      0.105         44 3.2715e+01 0.0000e+00
      0.090    12.0556     7.4997     69.688  28.736456     38.810      6.949   252.0795     2.4181     3.1998     0.0209      0.009      0.089      0.128         45 2.8228e+01 0.0000e+00
      0.114    12.0561     7.4656     69.369  28.873286     38.886      6.946   253.2531     2.4383     3.1058     0.0209      0.018      0.106      0.153         46 2.7398e+01 0.0000e+00
      0.119    12.0564     7.4447     69.176  29.385559     39.717      6.940   253.8966     2.4262     3.1327     0.0213      0.026      0.111      0.161         47 2.8754e+01 0.0000e+00
      0.107    12.0549     7.4386     69.120  29.373866     39.603      6.937   253.8588     2.4222     3.0521     0.0212      0.028      0.104      0.150         48 3.1800e+01 0.0000e+00
      0.093    12.0539     7.4421     69.150  29.125030     39.301      6.925   254.9945     2.4100     3.0521     0.0211      0.024      0.090      0.130         49 3.1877e+01 0.0000e+00
      0.073    12.0544     7.4626     69.341  28.983641     39.114      6.918   255.2216     2.4141     3.0253     0.0210      0.013      0.075      0.109         50 4.6798e+01 0.0000e+00
      0.064    12.0551     7.4909     69.605  28.838237     38.889      6.912   255.0702     2.3575     2.9850     0.0209      0.001      0.063      0.092         51 4.8172e+01 0.0000e+00
      0.058    12.0557     7.5174     69.852  28.861245     38.964      6.911   254.4266     2.3898     3.0924     0.0210     -0.015      0.053      0.077         52 9.4508e+01 0.0000e+00
      0.040    12.0566     7.5435     70.096  28.836411     38.888      6.912   255.3352     2.3373     3.0790     0.0209     -0.033      0.035      0.052         53 7.6744e+02 0.0000e+00
      0.010    12.0572     7.5667     70.312  28.809844     38.887      6.910   255.7516     2.3494     3.0521     0.0209     -0.051      0.012      0.019         54 9.1424e+02 0.0000e+00
     -0.009    12.0569     7.5758     70.395  28.775713     38.811      6.903   256.2438     2.0946     3.1595     0.0209     -0.060     -0.004     -0.006         55 3.6278e+02 0.0000e+00
     -0.013    12.0559     7.5695     70.335  28.760291     38.810      6.877   256.8495     2.1149     3.0253     0.0209     -0.061     -0.012     -0.017         56 5.9009e+02 0.0000e+00
     -0.017    12.0566     7.5591     70.236  28.769737     38.811      6.876   257.5688     2.0866     3.1595     0.0209     -0.058     -0.013     -0.019         57 5.1524e+02 0.0000e+00
     -0.011    12.0569     7.5275     69.944  28.763958     38.811      6.882   257.5309     2.1310     3.1461     0.0209     -0.050     -0.005     -0.007         58 2.3925e+02 0.0000e+00
      0.014    12.0557     7.5024     69.714  28.767483     38.811      6.889   267.3360     2.3736     3.1461     0.0209     -0.035      0.013      0.018         59 2.4038e+02 0.0000e+00
      0.035    12.0560     7.4719     69.432  28.883947     38.961      6.893   262.2631     2.3696     3.0924     0.0210     -0.014      0.028      0.040         60 1.9601e+02 0.0000e+00
      0.034    12.0565     7.4467     69.199  28.974809     39.114      6.897   268.4338     2.3736     3.1193     0.0210      0.007      0.030      0.043         61 1.9614e+02 0.0000e+00
      0.024    12.0571     7.4301     69.047  28.891598     38.962      6.894   261.5438     2.3575     3.0521     0.0210      0.020      0.021      0.031         62 3.3114e+02 0.0000e+00
      0.006    12.0579     7.4106     68.866  28.809608     38.886      6.888   269.1153     2.2887     3.1864     0.0209      0.021      0.007      0.011         63 4.7301e+02 0.0000e+00
     -0.006    12.0577     7.4046     68.811  28.721055     38.735      6.884   268.8124     2.3211     3.1461     0.0209      0.012     -0.006     -0.008         64 5.5841e+02 0.0000e+00
     -0.018    12.0573     7.3910     68.685  28.646012     38.659      6.883   261.3924     2.2726     3.0521     0.0208     -0.001     -0.016     -0.024         65 6.9523e+02 0.0000e+00
     -0.028    12.0564     7.3739     68.525  28.636158     38.621      6.876   268.1310     2.2806     3.1461     0.0208     -0.018     -0.025     -0.037         66 6.3317e+02 0.0000e+00
     -0.030    12.0552     7.3522     68.320  28.644372     38.659      6.856   269.4560     2.0825     3.1461     0.0208     -0.033     -0.029     -0.042         67 5.6371e+02 0.0000e+00
     -0.030    12.0557     7.3114     67.937  28.606140     38.585      6.850   269.4560     2.0987     3.1193     0.0208     -0.038     -0.029     -0.043         68 6.5254e+02 0.0000e+00
     -0.029    12.0575     7.2811     67.653  28.594791     38.586      6.855   264.0802     2.1108     3.0655     0.0208     -0.033     -0.028     -0.040         69 8.0180e+02 0.0000e+00
     -0.024    12.0588     7.2433     67.299  28.599200     38.586      6.864   263.5881     2.0906     3.0924     0.0208     -0.024     -0.024     -0.035         70 7.2201e+02 0.0000e+00
     -0.020    12.0599     7.2045     66.937  28.511707     38.471      6.867   270.2510     2.0906     3.0387     0.0208     -0.012     -0.021     -0.030         71 8.3628e+02 0.0000e+00
     -0.019    12.0607     7.1616     66.537  28.466484     38.394      6.868   271.0081     1.9895     3.0790     0.0207     -0.003     -0.020     -0.029         72 7.3123e+02 0.0000e+00
     -0.021    12.0611     7.1277     66.221  28.507235     38.468      6.864   270.9324     1.9774     3.1730     0.0208      0.003     -0.022     -0.032         73 4.1602e+02 0.0000e+00
     -0.028    12.0615     7.0953     65.919  28.460994     38.392      6.868   270.8945     2.0016     3.0924     0.0207      0.004     -0.027     -0.040         74 6.3537e+02 0.0000e+00
     -0.035    12.0617     7.0639     65.626  28.464734     38.391      6.870   271.1974     1.9652     3.0387     0.0207      0.001     -0.032     -0.047         75 8.2802e+02 0.0000e+00
     -0.035    12.0609     7.0329     65.337  28.502580     38.466      6.869   270.8945     1.8682     3.1730     0.0208     -0.003     -0.034     -0.049         76 7.5006e+02 0.0000e+00
     -0.034    12.0589     7.0028     65.056  28.473192     38.391      6.868   271.0460     1.8156     3.0924     0.0207     -0.006     -0.033     -0.049         77 6.7531e+02 0.0000e+00
     -0.033    12.0565     6.9773     64.818  28.501307     38.467      6.869   271.2731     1.8035     3.1193     0.0208     -0.008     -0.032     -0.047         78 5.0962e+02 0.0000e+00
     -0.031    12.0544     6.9427     64.495  28.526887     38.469      6.872   271.2353     1.8278     3.0253     0.0208     -0.008     -0.030     -0.044         79 6.7153e+02 0.0000e+00
     -0.029    12.0532     6.9240     64.320  28.619248     38.622      6.873   272.1817     2.0340     3.0387     0.0208     -0.005     -0.028     -0.041         80 8.3186e+02 0.0000e+00
     -0.027    12.0522     6.8995     64.092  28.653205     38.662      6.877   272.0303     2.0340     3.0790     0.0208     -0.001     -0.026     -0.037         81 9.5478e+02 0.0000e+00
     -0.023    12.0514     6.8744     63.857  28.603226     38.588      6.877   272.1060     2.0542     3.0521     0.0208      0.004     -0.022     -0.032         82 1.0190e+03 0.0000e+00
     -0.017    12.0506     6.8464     63.596  28.592502     38.589      6.879   272.3710     2.0259     3.0253     0.0208      0.008     -0.016     -0.024         83 6.6956e+02 0.0000e+00
     -0.008    12.0498     6.8237     63.383  28.607254     38.590      6.879   272.1438     2.0421     3.1461     0.0208      0.012     -0.008     -0.012         84 3.9336e+02 0.0000e+00
      0.001    12.0490     6.7984     63.147  28.644165     38.666      6.880   272.2953     2.0502     3.1730     0.0208      0.016      0.000     -0.000         85 5.3666e+02 0.0000e+00
