Data/DataNotYetUploadedToEDI/Raw_CTD/RawDownloads/102918_fcr10.cnv
* Sea-Bird SBE19plus  Data File:
* FileName = C:\DATA\101518_fcr_0013.hex
* Software version 2.6.3.104
* Temperature SN = 7809
* Conductivity SN = 7809
* System UpLoad Time = Oct 29 2018 16:40:34
* <ApplicationData>
* <Seaterm232>
# nquan = 17
# nvalues = 321                         
# units = specified
# name 0 = depFM: Depth [fresh water, m]
# name 1 = tv290C: Temperature [ITS-90, deg C]
# name 2 = sbeox0Mg/L: Oxygen, SBE 43 [mg/l]
# name 3 = sbeox0PS: Oxygen, SBE 43 [% saturation]
# name 4 = c0uS/cm: Conductivity [uS/cm]
# name 5 = specc: Specific Conductance [uS/cm]
# name 6 = ph: pH
# name 7 = orp: Oxidation Reduction Potential [mV]
# name 8 = flECO-AFL: Fluorescence, WET Labs ECO-AFL/FL [mg/m^3]
# name 9 = turbWETntu0: Turbidity, WET Labs ECO [NTU]
# name 10 = sal00: Salinity, Practical [PSU]
# name 11 = dz/dtM: Descent Rate [m/s]
# name 12 = prdM: Pressure, Strain Gauge [db]
# name 13 = prdE: Pressure, Strain Gauge [psi]
# name 14 = scan: Scan Count
# name 15 = par/sat/log: PAR/Logarithmic, Satlantic
# name 16 = flag:  0.000e+00
# span 0 =     -0.641,      2.576       
# span 1 =    11.4514,    12.0947       
# span 2 =     5.5771,    10.7184       
# span 3 =     51.708,     99.576       
# span 4 =   1.848361,  32.395349       
# span 5 =      2.530,     43.515       
# span 6 =     -2.947,      7.318       
# span 7 =   230.3494,  1240.2295       
# span 8 =    -0.2385,     3.6838       
# span 9 =    -0.2914,     9.7124       
# span 10 =     0.0063,     0.0228      
# span 11 =     -0.172,      0.156      
# span 12 =     -0.629,      2.525      
# span 13 =     -0.912,      3.663      
# span 14 =          1,        321      
# span 15 = 4.0409e+00, 1.6712e+03      
# span 16 = 0.0000e+00, 0.0000e+00      
# interval = seconds: 0.25
# start_time = Oct 29 2018 14:01:05 [Instrument's time stamp, header]
# bad_flag = -9.990e-29
*END*
[from data line 86]
      0.012    12.0474     6.7257     62.469  28.647670     38.668      6.882   271.7274     2.0340     3.0521     0.0208      0.023      0.011      0.016         87 2.6347e+02 0.0000e+00
      0.013    12.0465     6.6979     62.209  28.658684     38.669      6.882   270.7810     2.0259     3.1058     0.0208      0.024      0.013      0.019         88 3.8868e+02 0.0000e+00
      0.014    12.0455     6.6675     61.926  28.651455     38.670      6.879   267.2224     2.0542     3.0655     0.0208      0.023      0.013      0.019         89 5.9999e+02 0.0000e+00
      0.015    12.0448     6.6406     61.675  28.656667     38.670      6.880   270.7810     2.0502     3.0655     0.0208      0.020      0.013      0.019         90 3.0013e+02 0.0000e+00
      0.011    12.0440     6.6137     61.423  28.652197     38.672      6.878   267.5252     2.0340     3.0387     0.0208      0.014      0.011      0.015         91 1.9384e+02 0.0000e+00
      0.007    12.0431     6.5879     61.184  28.657019     38.672      6.877   266.8817     2.0421     3.0655     0.0208      0.007      0.008      0.011         92 5.1215e+02 0.0000e+00
      0.007    12.0421     6.5636     60.959  28.680316     38.711      6.875   269.8724     1.9046     3.1058     0.0209      0.001      0.007      0.010         93 8.8283e+02 0.0000e+00
      0.006    12.0413     6.5426     60.763  28.652854     38.674      6.873   267.4874     1.9086     3.1595     0.0208     -0.002      0.007      0.010         94 4.2282e+02 0.0000e+00
      0.007    12.0406     6.5166     60.520  28.661548     38.675      6.870   267.9417     1.9410     3.2133     0.0208     -0.004      0.008      0.011         95 5.8962e+02 0.0000e+00
      0.010    12.0396     6.4957     60.324  28.699145     38.751      6.867   272.5981     1.8925     3.0521     0.0209     -0.004      0.010      0.015         96 6.1604e+02 0.0000e+00
      0.015    12.0383     6.4701     60.083  28.665362     38.677      6.871   272.4467     1.8965     3.0655     0.0208     -0.001      0.015      0.023         97 2.1644e+02 0.0000e+00
      0.024    12.0372     6.4540     59.932  28.644294     38.678      6.872   272.2953     1.9086     3.0924     0.0208      0.003      0.024      0.035         98 1.3049e+02 0.0000e+00
      0.035    12.0366     6.4289     59.700  28.695715     38.717      6.868   272.4467     1.9410     3.0253     0.0209      0.011      0.033      0.047         99 1.0067e+02 0.0000e+00
      0.040    12.0357     6.4060     59.487  28.690315     38.756      6.869   272.2953     1.8925     3.0924     0.0209      0.017      0.041      0.060        100 1.1123e+02 0.0000e+00
      0.054    12.0347     6.3807     59.247  28.532421     38.492      6.868   269.6074     2.0016     2.9850     0.0208      0.024      0.051      0.074        101 7.0787e+01 0.0000e+00
      0.063    12.0349     6.3573     59.024  28.595726     38.606      6.853   269.5695     2.0421     3.0924     0.0208      0.029      0.057      0.083        102 7.2394e+01 0.0000e+00
      0.058    12.0349     6.3331     58.796  28.759776     38.834      6.833   268.9260     2.0380     3.0655     0.0209      0.030      0.057      0.083        103 7.6712e+01 0.0000e+00
      0.055    12.0339     6.3120     58.597  28.772994     38.834      6.827   269.0395     2.0704     3.0924     0.0209      0.027      0.055      0.080        104 7.5451e+01 0.0000e+00
      0.055    12.0331     6.2829     58.325  28.757171     38.834      6.825   269.5317     2.0866     3.0790     0.0209      0.021      0.053      0.077        105 6.6691e+01 0.0000e+00
      0.051    12.0320     6.2593     58.102  28.779469     38.835      6.833   268.5853     2.1027     3.1998     0.0209      0.013      0.051      0.074        106 7.1075e+01 0.0000e+00
      0.050    12.0297     6.2469     57.981  28.804542     38.911      6.832   268.6988     2.1027     3.1998     0.0209      0.006      0.051      0.073        107 8.2930e+01 0.0000e+00
      0.055    12.0283     6.2227     57.752  28.725967     38.761      6.835   268.8881     2.0987     3.0253     0.0209      0.001      0.053      0.077        108 8.5246e+01 0.0000e+00
      0.057    12.0292     6.2046     57.580  28.758658     38.839      6.835   269.4181     2.0906     3.1058     0.0209     -0.002      0.054      0.078        109 7.5316e+01 0.0000e+00
      0.052    12.0285     6.1817     57.363  28.823157     38.916      6.835   269.6074     2.0906     3.1461     0.0209     -0.004      0.050      0.073        110 7.2341e+01 0.0000e+00
      0.044    12.0249     6.1595     57.154  28.823593     38.915      6.836   274.2260     2.1391     3.0655     0.0209     -0.004      0.044      0.064        111 7.6977e+01 0.0000e+00
      0.039    12.0209     6.1451     57.019  28.817413     38.916      6.838   270.2131     2.1149     3.1461     0.0209     -0.006      0.039      0.057        112 8.0532e+01 0.0000e+00
      0.037    12.0180     6.1215     56.799  28.771551     38.844      6.838   270.3267     2.1108     3.0521     0.0209     -0.008      0.039      0.056        113 7.2810e+01 0.0000e+00
      0.042    12.0162     6.1024     56.621  28.762074     38.848      6.835   270.6295     2.1634     3.0924     0.0209     -0.008      0.041      0.059        114 6.7697e+01 0.0000e+00
      0.044    12.0143     6.0831     56.440  28.769910     38.851      6.836   271.0838     2.1472     3.1730     0.0209     -0.008      0.042      0.062        115 7.8352e+01 0.0000e+00
      0.043    12.0112     6.0675     56.293  28.761800     38.853      6.837   271.6138     2.2038     3.1730     0.0209     -0.007      0.042      0.062        116 8.0803e+01 0.0000e+00
      0.044    12.0072     6.0588     56.211  28.772169     38.855      6.839   275.6646     2.1755     3.1998     0.0209     -0.005      0.043      0.063        117 7.6834e+01 0.0000e+00
      0.046    12.0040     6.0263     55.908  28.816304     38.934      6.840   275.2103     2.0946     3.0253     0.0209     -0.001      0.045      0.065        118 7.6459e+01 0.0000e+00
      0.048    12.0009     6.0134     55.788  28.825470     38.938      6.840   275.0588     2.1068     3.0655     0.0209      0.004      0.047      0.068        119 6.9394e+01 0.0000e+00
      0.049    11.9979     6.0000     55.661  28.820063     38.942      6.842   275.9296     2.1229     3.1193     0.0209      0.006      0.048      0.070        120 7.3873e+01 0.0000e+00
      0.050    11.9956     5.9851     55.521  28.823036     38.945      6.840   276.7624     2.1149     3.1461     0.0209      0.006      0.048      0.071        121 8.6491e+01 0.0000e+00
      0.049    11.9941     5.9706     55.385  28.821771     38.948      6.840   273.6581     2.2443     3.0655     0.0209      0.004      0.049      0.071        122 8.7065e+01 0.0000e+00
      0.051    11.9936     5.9493     55.185  28.821638     38.950      6.835   273.0524     2.2604     3.0521     0.0209      0.004      0.050      0.073        123 7.7468e+01 0.0000e+00
      0.053    11.9927     5.9407     55.104  28.823202     38.952      6.836   277.0653     2.2240     3.0924     0.0209      0.005      0.051      0.074        124 7.3578e+01 0.0000e+00
      0.052    11.9912     5.9266     54.974  28.819826     38.952      6.832   277.3303     2.2321     3.0521     0.0209      0.004      0.050      0.074        125 7.5385e+01 0.0000e+00
      0.050    11.9897     5.9148     54.865  28.825840     38.953      6.831   276.9896     2.2200     3.0655     0.0209      0.002      0.049      0.071        126 7.2003e+01 0.0000e+00
      0.049    11.9885     5.8961     54.692  28.815717     38.955      6.830   274.2638     2.2079     3.0790     0.0209      0.001      0.048      0.070        127 7.2421e+01 0.0000e+00
      0.049    11.9878     5.8799     54.542  28.773126     38.881      6.831   274.2260     2.2321     3.0924     0.0209     -0.000      0.048      0.070        128 7.8864e+01 0.0000e+00
      0.050    11.9868     5.8655     54.407  28.819547     38.958      6.835   274.2638     2.2362     3.1461     0.0209     -0.001      0.049      0.071        129 8.3908e+01 0.0000e+00
      0.050    11.9854     5.8607     54.362  28.817247     38.958      6.834   274.9074     2.2523     3.1461     0.0209     -0.001      0.049      0.071        130 8.1462e+01 0.0000e+00
      0.050    11.9836     5.8491     54.253  28.775990     38.884      6.837   277.8224     2.2200     3.0253     0.0209     -0.001      0.048      0.070        131 7.6006e+01 0.0000e+00
      0.047    11.9819     5.8340     54.111  28.811592     38.961      6.838   277.6710     2.2402     3.0253     0.0209     -0.002      0.047      0.067        132 8.2176e+01 0.0000e+00
      0.046    11.9808     5.8259     54.035  28.832238     38.963      6.840   276.9896     2.1917     3.1461     0.0209     -0.002      0.045      0.066        133 8.9559e+01 0.0000e+00
      0.046    11.9799     5.8107     53.893  28.809594     38.965      6.839   274.7560     2.2321     3.1058     0.0209     -0.002      0.045      0.066        134 8.4102e+01 0.0000e+00
      0.046    11.9795     5.8039     53.829  28.780474     38.890      6.840   274.8696     2.3130     3.1461     0.0209     -0.002      0.045      0.066        135 8.2585e+01 0.0000e+00
      0.047    11.9799     5.7878     53.679  28.809179     38.967      6.840   274.3017     2.2766     3.0924     0.0209     -0.002      0.047      0.069        136 7.8300e+01 0.0000e+00
      0.052    11.9804     5.7792     53.598  28.833170     38.967      6.842   274.4910     2.2685     3.0924     0.0209     -0.000      0.051      0.075        137 6.9679e+01 0.0000e+00
      0.057    11.9804     5.7649     53.465  28.809917     38.967      6.840   274.9074     2.2645     3.1595     0.0209      0.002      0.055      0.080        138 6.9827e+01 0.0000e+00
      0.059    11.9799     5.7495     53.321  28.778819     38.891      6.845   275.0588     2.4020     3.1193     0.0209      0.005      0.057      0.084        139 7.3460e+01 0.0000e+00
      0.060    11.9791     5.7377     53.211  28.812573     38.966      6.844   275.2481     2.4343     3.0655     0.0209      0.008      0.059      0.085        140 7.1354e+01 0.0000e+00
      0.060    11.9782     5.7242     53.085  28.827208     38.967      6.842   278.6931     2.4181     3.0253     0.0209      0.009      0.059      0.085        141 6.9912e+01 0.0000e+00
      0.059    11.9771     5.7106     52.958  28.819904     38.968      6.842   275.5888     2.4505     3.1193     0.0209      0.008      0.058      0.084        142 7.6697e+01 0.0000e+00
      0.059    11.9760     5.7024     52.880  28.821665     38.969      6.842   275.4374     2.4181     3.2267     0.0209      0.007      0.058      0.084        143 7.1307e+01 0.0000e+00
      0.058    11.9751     5.7004     52.861  28.825018     38.970      6.842   275.4374     2.4262     3.1193     0.0209      0.004      0.057      0.083        144 7.1489e+01 0.0000e+00
      0.059    11.9743     5.6639     52.522  28.815732     38.971      6.843   275.8538     2.4262     3.0387     0.0209      0.002      0.057      0.083        145 7.8360e+01 0.0000e+00
      0.058    11.9735     5.6692     52.570  28.833222     38.972      6.840   275.8160     2.4222     3.0521     0.0209     -0.000      0.057      0.083        146 6.8591e+01 0.0000e+00
      0.059    11.9730     5.6620     52.503  28.862550     39.048      6.837   275.4374     2.4343     3.2401     0.0210     -0.001      0.057      0.083        147 6.6789e+01 0.0000e+00
      0.058    11.9724     5.6538     52.426  28.838530     38.974      6.831   275.7781     2.4464     3.0253     0.0209     -0.001      0.057      0.083        148 7.1556e+01 0.0000e+00
      0.058    11.9716     5.6414     52.310  28.863114     39.050      6.827   278.6931     2.4424     3.1595     0.0210     -0.001      0.057      0.082        149 7.0504e+01 0.0000e+00
      0.058    11.9708     5.6350     52.250  28.831957     38.975      6.824   279.5260     2.4262     3.0387     0.0209     -0.001      0.056      0.082        150 7.1556e+01 0.0000e+00
      0.057    11.9701     5.6241     52.149  28.818007     38.976      6.825   277.0653     2.4788     3.1461     0.0209     -0.001      0.056      0.082        151 7.0567e+01 0.0000e+00
      0.057    11.9692     5.6128     52.044  28.880474     39.052      6.828   276.8381     2.4869     3.0521     0.0210     -0.001      0.056      0.082        152 6.8055e+01 0.0000e+00
      0.058    11.9685     5.6139     52.055  28.872814     39.053      6.826   276.8381     2.4950     3.0521     0.0210     -0.000      0.057      0.082        153 6.8022e+01 0.0000e+00
      0.058    11.9677     5.6001     51.926  28.827540     38.978      6.819   277.1031     2.4950     3.0521     0.0209     -0.000      0.057      0.082        154 7.4608e+01 0.0000e+00
      0.058    11.9673     5.5931     51.861  28.877517     39.054      6.820   277.0653     2.5030     3.1193     0.0210     -0.000      0.056      0.082        155 7.2505e+01 0.0000e+00
      0.057    11.9666     5.5858     51.792  28.869916     39.055      6.820   277.4817     2.5030     3.0521     0.0210     -0.000      0.056      0.081        156 6.7859e+01 0.0000e+00
      0.056    11.9657     5.5849     51.782  28.837001     38.980      6.824   277.2546     2.4950     3.0924     0.0209     -0.000      0.056      0.080        157 7.5315e+01 0.0000e+00
      0.057    11.9649     5.5771     51.708  28.859183     39.057      6.819   277.2546     2.4707     3.0521     0.0210     -0.000      0.057      0.083        158 7.2748e+01 0.0000e+00
      0.062    11.9643     5.5821     51.750  28.842313     38.982      6.819   276.8381     2.4950     2.9984     0.0209      0.001      0.062      0.089        159 6.9970e+01 0.0000e+00
      0.069    11.9639     5.5803     51.731  28.857996     39.058      6.821   277.2167     2.6971     3.1730     0.0210      0.004      0.067      0.096        160 7.4709e+01 0.0000e+00
      0.071    11.9638     5.5783     51.710  28.839664     38.983      6.822   277.5196     2.6931     3.1193     0.0209      0.006      0.069      0.099        161 7.0025e+01 0.0000e+00
      0.069    11.9641     5.5904     51.819  28.865126     39.059      6.821   277.1031     2.7012     3.0790     0.0210      0.007      0.068      0.098        162 6.5082e+01 0.0000e+00
      0.066    11.9639     5.5940     51.847  28.885606     39.059      6.819   277.1788     2.6648     3.1595     0.0210      0.007      0.066      0.096        163 6.8297e+01 0.0000e+00
      0.067    11.9637     5.5932     51.837  28.873475     39.059      6.822   277.9739     2.7214     3.1193     0.0210      0.007      0.066      0.095        164 6.7770e+01 0.0000e+00
      0.066    11.9633     5.5950     51.854  28.880224     39.059      6.822   277.9739     2.7780     3.1730     0.0210      0.005      0.064      0.093        165 6.7124e+01 0.0000e+00
      0.060    11.9621     5.6025     51.925  28.877206     39.060      6.824   277.5953     2.7578     3.1461     0.0210      0.001      0.060      0.088        166 7.2065e+01 0.0000e+00
      0.058    11.9607     5.6030     51.929  28.877231     39.060      6.827   277.7846     2.7740     2.9850     0.0210     -0.004      0.057      0.084        167 7.3582e+01 0.0000e+00
      0.059    11.9589     5.6097     51.986  28.880195     39.061      6.827   277.6331     2.7578     3.0790     0.0210     -0.006      0.055      0.080        168 6.9534e+01 0.0000e+00
      0.051    11.9561     5.6133     52.002  28.932817     39.138      6.828   277.4060     2.7618     3.1461     0.0210     -0.009      0.050      0.072        169 7.0110e+01 0.0000e+00
      0.042    11.9537     5.6151     52.005  28.930341     39.140      6.829   277.2924     2.7376     2.9984     0.0210     -0.012      0.045      0.066        170 7.3145e+01 0.0000e+00
