Data/DataNotYetUploadedToEDI/Raw_CTD/RawDownloads/102918_fcr20.cnv
* Sea-Bird SBE19plus  Data File:
* FileName = C:\DATA\101518_fcr_0014.hex
* Software version 2.6.3.104
* Temperature SN = 7809
* Conductivity SN = 7809
* System UpLoad Time = Oct 29 2018 16:40:47
* <ApplicationData>
* <Seaterm232>
# nquan = 17
# nvalues = 359                         
# units = specified
# name 0 = depFM: Depth [fresh water, m]
# name 1 = tv290C: Temperature [ITS-90, deg C]
# name 2 = sbeox0Mg/L: Oxygen, SBE 43 [mg/l]
# name 3 = sbeox0PS: Oxygen, SBE 43 [% saturation]
# name 4 = c0uS/cm: Conductivity [uS/cm]
# name 5 = specc: Specific Conductance [uS/cm]
# name 6 = ph: pH
# name 7 = orp: Oxidation Reduction Potential [mV]
# name 8 = flECO-AFL: Fluorescence, WET Labs ECO-AFL/FL [mg/m^3]
# name 9 = turbWETntu0: Turbidity, WET Labs ECO [NTU]
# name 10 = sal00: Salinity, Practical [PSU]
# name 11 = dz/dtM: Descent Rate [m/s]
# name 12 = prdM: Pressure, Strain Gauge [db]
# name 13 = prdE: Pressure, Strain Gauge [psi]
# name 14 = scan: Scan Count
# name 15 = par/sat/log: PAR/Logarithmic, Satlantic
# name 16 = flag:  0.000e+00
# span 0 =     -0.631,      3.115       
# span 1 =    10.4355,    12.1365       
# span 2 =     5.5499,    10.7995       
# span 3 =     51.268,    100.003       
# span 4 =   0.930262,  28.128576       
# span 5 =      1.308,     38.136       
# span 6 =      5.878,      9.852       
# span 7 =  -366.8866,  1240.2295       
# span 8 =    -1.3991,     3.8213       
# span 9 =    -0.1169,   114.6920       
# span 10 =     0.0055,     0.0205      
# span 11 =     -0.287,      0.223      
# span 12 =     -0.619,      3.054      
# span 13 =     -0.898,      4.430      
# span 14 =          1,        359      
# span 15 = 9.8168e+00, 2.0349e+03      
# span 16 = 0.0000e+00, 0.0000e+00      
# interval = seconds: 0.25
# start_time = Oct 29 2018 14:33:59 [Instrument's time stamp, header]
# bad_flag = -9.990e-29
*END*
[from data line 86]
      0.101    12.0692     7.0279     65.289  27.929331     37.665      7.077   239.7380     1.9652     3.1327     0.0204      0.018      0.099      0.142         87 7.2713e+02 0.0000e+00
      0.096    12.0677     6.9873     64.907  27.983654     37.741      7.075   240.0787     1.9046     3.0924     0.0204      0.013      0.095      0.137         88 4.9526e+02 0.0000e+00
      0.093    12.0665     6.9529     64.582  27.979349     37.742      7.070   240.2302     1.9005     3.0924     0.0204      0.006      0.092      0.133         89 1.0374e+03 0.0000e+00
      0.093    12.0658     6.9118     64.194  27.934687     37.669      7.069   240.4195     1.9208     3.1461     0.0204      0.000      0.092      0.133         90 2.0037e+03 0.0000e+00
      0.096    12.0636     6.8721     63.821  27.920646     37.670      7.070   240.9116     1.9167     2.9984     0.0204     -0.003      0.093      0.136         91 7.1723e+02 0.0000e+00
      0.096    12.0602     6.8277     63.404  27.937531     37.670      7.066   241.1766     1.8965     3.0924     0.0204     -0.005      0.094      0.137         92 2.1282e+02 0.0000e+00
      0.095    12.0567     6.7909     63.058  27.913675     37.673      7.064   241.4795     1.9693     3.2133     0.0204     -0.004      0.094      0.137         93 5.1765e+02 0.0000e+00
      0.095    12.0537     6.7548     62.719  27.891039     37.601      7.060   241.6687     1.9652     3.1193     0.0204     -0.003      0.094      0.137         94 4.4800e+02 0.0000e+00
      0.097    12.0518     6.7163     62.357  27.965703     37.755      7.059   241.4795     1.9814     3.0387     0.0204     -0.001      0.095      0.138         95 6.6269e+02 0.0000e+00
      0.099    12.0499     6.6844     62.056  27.939349     37.683      7.058   241.9337     1.9693     3.0253     0.0204      0.002      0.097      0.140         96 3.5583e+02 0.0000e+00
      0.100    12.0472     6.6529     61.759  27.864539     37.609      7.056   242.0852     1.9814     3.1327     0.0204      0.003      0.097      0.141         97 1.2391e+03 0.0000e+00
      0.099    12.0437     6.6216     61.464  27.880917     37.611      7.053   242.1609     2.0097     3.0253     0.0204      0.003      0.096      0.140         98 1.8381e+03 0.0000e+00
      0.097    12.0399     6.5922     61.186  27.918969     37.689      7.053   242.4637     2.0016     3.1730     0.0204      0.002      0.095      0.138         99 7.3731e+02 0.0000e+00
      0.095    12.0363     6.5628     60.907  27.876479     37.618      7.051   242.5016     1.9531     3.0924     0.0204      0.001      0.094      0.136        100 7.1046e+02 0.0000e+00
      0.095    12.0332     6.5377     60.670  27.874501     37.621      7.049   242.9180     1.9895     3.1193     0.0204     -0.000      0.094      0.136        101 6.3128e+02 0.0000e+00
      0.095    12.0302     6.5091     60.399  27.921433     37.701      7.050   242.7287     1.9693     3.1461     0.0204     -0.001      0.093      0.135        102 4.7680e+02 0.0000e+00
      0.093    12.0270     6.4721     60.052  27.877369     37.628      7.048   243.7130     1.9976     3.2267     0.0204     -0.002      0.092      0.133        103 7.1821e+02 0.0000e+00
      0.093    12.0240     6.4415     59.763  27.870044     37.631      7.047   243.4102     1.9693     3.1461     0.0204     -0.003      0.092      0.133        104 6.1447e+02 0.0000e+00
      0.094    12.0209     6.4186     59.546  27.871254     37.635      7.044   242.9938     1.9814     3.0924     0.0204     -0.003      0.093      0.134        105 1.2677e+03 0.0000e+00
      0.096    12.0177     6.3965     59.337  27.875864     37.638      7.043   243.1830     1.9652     3.1193     0.0204     -0.002      0.094      0.136        106 2.0349e+03 0.0000e+00
      0.098    12.0144     6.3760     59.141  27.923604     37.716      7.041   243.4102     1.9895     3.0790     0.0204     -0.000      0.096      0.139        107 1.3217e+03 0.0000e+00
      0.099    12.0109     6.3506     58.902  27.930434     37.719      7.038   243.8645     1.9814     3.1461     0.0204      0.002      0.097      0.141        108 5.0352e+02 0.0000e+00
      0.100    12.0072     6.3293     58.701  27.867365     37.647      7.039   243.5995     1.9329     3.0521     0.0204      0.003      0.097      0.141        109 4.1096e+02 0.0000e+00
      0.098    12.0032     6.3065     58.485  27.824208     37.575      7.039   243.5616     1.8803     3.0790     0.0204      0.003      0.096      0.140        110 4.8065e+02 0.0000e+00
      0.097    11.9997     6.2927     58.353  27.865554     37.655      7.036   243.7888     1.9127     3.1193     0.0204      0.003      0.095      0.139        111 4.5298e+02 0.0000e+00
      0.097    11.9964     6.2651     58.093  27.875207     37.659      7.035   244.0159     1.9208     3.1058     0.0204      0.002      0.095      0.139        112 4.2522e+02 0.0000e+00
      0.098    11.9931     6.2461     57.912  27.871491     37.662      7.032   243.8645     1.9086     3.1058     0.0204      0.001      0.096      0.140        113 6.5509e+02 0.0000e+00
      0.099    11.9900     6.2326     57.782  27.870180     37.666      7.031   243.8645     1.8965     3.1864     0.0204      0.000      0.096      0.140        114 5.8388e+02 0.0000e+00
      0.098    11.9866     6.2074     57.544  27.876839     37.669      7.033   244.2809     1.9046     3.1595     0.0204     -0.000      0.095      0.139        115 5.0928e+02 0.0000e+00
      0.096    11.9829     6.1817     57.302  27.863207     37.672      7.032   244.5080     1.8965     3.1193     0.0204     -0.001      0.094      0.137        116 7.4925e+02 0.0000e+00
      0.096    11.9795     6.1674     57.165  27.827852     37.600      7.029   244.5080     1.9005     3.0924     0.0204     -0.001      0.094      0.137        117 9.2377e+02 0.0000e+00
      0.097    11.9765     6.1397     56.904  27.861541     37.679      7.026   245.1138     1.8925     3.1058     0.0204     -0.001      0.095      0.138        118 5.0718e+02 0.0000e+00
      0.099    11.9736     6.1231     56.746  27.880578     37.683      7.028   245.0759     1.9410     3.1730     0.0204     -0.000      0.097      0.140        119 2.1633e+02 0.0000e+00
      0.100    11.9706     6.1070     56.592  27.863460     37.686      7.025   244.9623     1.9248     3.2267     0.0204      0.001      0.098      0.142        120 5.0304e+02 0.0000e+00
      0.101    11.9678     6.0879     56.411  27.823550     37.613      7.025   244.9245     1.9167     3.0253     0.0204      0.001      0.098      0.143        121 6.9646e+02 0.0000e+00
      0.100    11.9647     6.0630     56.177  27.811655     37.616      7.023   245.1516     1.9046     3.1193     0.0204      0.002      0.098      0.142        122 3.6843e+02 0.0000e+00
      0.099    11.9608     6.0541     56.091  27.818970     37.619      7.022   244.8866     1.8803     3.0253     0.0204      0.002      0.097      0.141        123 2.5095e+02 0.0000e+00
      0.099    11.9572     6.0434     55.989  27.814447     37.622      7.020   245.1138     1.9410     3.1998     0.0204      0.002      0.097      0.140        124 3.2168e+02 0.0000e+00
      0.099    11.9541     6.0198     55.767  27.817283     37.626      7.021   245.4923     1.9410     3.0521     0.0204      0.001      0.097      0.140        125 3.1495e+02 0.0000e+00
      0.099    11.9508     6.0013     55.592  27.815441     37.630      7.020   245.4166     1.9086     3.0521     0.0204      0.000      0.097      0.140        126 2.9867e+02 0.0000e+00
      0.098    11.9475     5.9819     55.408  27.816742     37.633      7.017   245.7195     1.9167     3.1461     0.0204     -0.001      0.096      0.140        127 1.6463e+02 0.0000e+00
      0.098    11.9440     5.9633     55.232  27.815668     37.637      7.016   245.8330     1.9005     3.0790     0.0204     -0.001      0.096      0.140        128 1.3825e+02 0.0000e+00
      0.099    11.9409     5.9531     55.135  27.816779     37.640      7.014   245.9845     1.9491     3.0521     0.0204     -0.001      0.097      0.141        129 1.7459e+02 0.0000e+00
      0.100    11.9379     5.9400     55.010  27.815359     37.643      7.013   246.4388     1.8480     3.0253     0.0204     -0.000      0.098      0.142        130 2.0280e+02 0.0000e+00
      0.102    11.9347     5.9189     54.812  27.817435     37.647      7.012   246.3252     1.8439     2.9984     0.0204      0.001      0.100      0.145        131 1.7756e+02 0.0000e+00
      0.104    11.9314     5.9063     54.692  27.814198     37.650      7.006   245.2652     1.8156     3.0790     0.0204      0.002      0.103      0.149        132 1.4226e+02 0.0000e+00
      0.110    11.9287     5.8944     54.577  27.819390     37.653      7.004   246.7038     1.8399     3.0924     0.0204      0.005      0.108      0.156        133 1.5807e+02 0.0000e+00
      0.115    11.9263     5.8815     54.454  27.810975     37.656      7.002   247.1959     1.8439     3.1193     0.0204      0.008      0.111      0.161        134 2.7287e+02 0.0000e+00
      0.115    11.9239     5.8686     54.332  27.824671     37.659      6.999   247.0823     1.9855     2.9984     0.0204      0.009      0.111      0.162        135 2.2296e+02 0.0000e+00
      0.111    11.9211     5.8534     54.188  27.861641     37.737      6.997   247.0445     1.9612     3.0655     0.0204      0.009      0.109      0.158        136 2.3749e+02 0.0000e+00
      0.106    11.9178     5.8438     54.096  27.824263     37.664      6.995   246.6280     1.9612     3.1461     0.0204      0.006      0.105      0.153        137 4.7623e+02 0.0000e+00
      0.106    11.9151     5.8373     54.033  27.811894     37.667      6.981   246.0602     1.9572     3.1998     0.0204      0.004      0.104      0.151        138 3.0903e+02 0.0000e+00
      0.106    11.9126     5.8218     53.889  27.817739     37.670      6.978   247.4609     2.0987     3.0655     0.0204      0.001      0.104      0.151        139 1.9291e+02 0.0000e+00
      0.105    11.9097     5.8064     53.747  27.816989     37.673      6.976   247.7638     2.1027     3.1193     0.0204     -0.002      0.104      0.151        140 1.9689e+02 0.0000e+00
      0.107    11.9075     5.7920     53.612  27.812829     37.675      6.974   248.2181     2.1108     3.0521     0.0204     -0.004      0.105      0.152        141 2.3343e+02 0.0000e+00
      0.108    11.9049     5.7805     53.506  27.763622     37.603      6.966   247.0445     2.1068     3.0655     0.0203     -0.004      0.105      0.152        142 2.7571e+02 0.0000e+00
      0.106    11.9017     5.7739     53.444  27.759636     37.605      6.964   246.6659     2.2362     3.0655     0.0203     -0.003      0.104      0.151        143 3.5176e+02 0.0000e+00
      0.106    11.8989     5.7594     53.306  27.817791     37.683      6.966   246.6659     2.1998     3.1461     0.0204     -0.001      0.104      0.150        144 5.8515e+02 0.0000e+00
      0.105    11.8963     5.7452     53.170  27.869136     37.762      6.968   247.0066     2.2443     3.0790     0.0204     -0.000      0.101      0.147        145 2.9031e+02 0.0000e+00
      0.099    11.8940     5.7368     53.089  27.814330     37.690      6.967   247.0823     2.2726     3.0924     0.0204     -0.002      0.096      0.138        146 1.3338e+02 0.0000e+00
      0.089    11.8913     5.7264     52.991  27.767408     37.616      6.965   247.1959     2.2483     3.1193     0.0203     -0.006      0.086      0.125        147 2.8601e+02 0.0000e+00
      0.076    11.8887     5.7193     52.923  27.808940     37.695      6.958   247.0823     2.2240     3.1193     0.0204     -0.013      0.076      0.110        148 3.5844e+02 0.0000e+00
      0.068    11.8881     5.7150     52.880  27.821939     37.697      6.950   247.3473     2.2443     3.1193     0.0204     -0.019      0.069      0.100        149 3.2750e+02 0.0000e+00
      0.068    11.8886     5.6997     52.735  27.810526     37.700      6.945   247.1202     2.2159     3.0924     0.0204     -0.023      0.068      0.099        150 2.6739e+02 0.0000e+00
      0.073    11.8879     5.6943     52.679  27.823144     37.701      6.945   247.6880     2.2281     3.1461     0.0204     -0.022      0.072      0.104        151 2.4496e+02 0.0000e+00
      0.079    11.8877     5.6897     52.633  27.806236     37.700      6.945   247.9152     2.2483     3.0924     0.0204     -0.018      0.076      0.110        152 2.4573e+02 0.0000e+00
      0.079    11.8868     5.6847     52.583  27.772272     37.625      6.949   247.5745     2.2079     3.0521     0.0203     -0.013      0.078      0.112        153 2.9659e+02 0.0000e+00
      0.078    11.8833     5.6673     52.420  27.806118     37.701      6.955   247.8395     2.2523     3.1461     0.0204     -0.006      0.078      0.113        154 2.1036e+02 0.0000e+00
      0.081    11.8800     5.6574     52.326  27.823412     37.702      6.959   248.0666     2.2402     3.1058     0.0204      0.001      0.081      0.117        155 2.3139e+02 0.0000e+00
      0.087    11.8778     5.6405     52.167  27.810045     37.706      6.958   248.5588     2.3736     3.1595     0.0204      0.007      0.085      0.123        156 1.9090e+02 0.0000e+00
      0.091    11.8758     5.6325     52.093  27.822754     37.709      6.959   248.4831     2.3656     3.0387     0.0204      0.011      0.089      0.129        157 2.7199e+02 0.0000e+00
      0.094    11.8739     5.6242     52.015  27.807597     37.711      6.960   248.8995     2.3534     3.0924     0.0204      0.012      0.092      0.134        158 3.2399e+02 0.0000e+00
      0.097    11.8715     5.6145     51.922  27.769613     37.637      6.961   248.3695     2.3656     3.2267     0.0203      0.011      0.095      0.138        159 3.8464e+02 0.0000e+00
      0.100    11.8679     5.6039     51.820  27.810730     37.715      6.964   248.8238     2.5516     3.0118     0.0204      0.012      0.098      0.142        160 5.8293e+02 0.0000e+00
      0.102    11.8637     5.5899     51.687  27.815724     37.718      6.965   249.0888     2.5718     3.0924     0.0204      0.013      0.100      0.144        161 2.8729e+02 0.0000e+00
      0.103    11.8603     5.5804     51.595  27.763400     37.645      6.966   248.8238     2.5475     3.1193     0.0203      0.012      0.101      0.146        162 3.5799e+02 0.0000e+00
      0.103    11.8578     5.5683     51.483  27.757257     37.650      6.964   249.3159     2.5273     3.0253     0.0203      0.010      0.102      0.148        163 3.1592e+02 0.0000e+00
      0.107    11.8555     5.5591     51.402  27.764075     37.653      6.964   249.3538     2.5111     3.0790     0.0203      0.009      0.106      0.153        164 3.0864e+02 0.0000e+00
      0.113    11.8534     5.5520     51.312  27.814212     37.732      6.962   249.9595     2.5030     3.0924     0.0204      0.009      0.112      0.161        165 8.7675e+02 0.0000e+00
      0.120    11.8519     5.5499     51.268  27.813454     37.734      6.965   249.8838     2.4788     3.1461     0.0204      0.011      0.117      0.170        166 5.3281e+02 0.0000e+00
      0.124    11.8516     5.5550     51.289  27.824315     37.736      6.961   249.9973     2.4788     3.0790     0.0204      0.013      0.121      0.176        167 3.2622e+02 0.0000e+00
      0.127    11.8506     5.5610     51.337  27.859992     37.814      6.960   249.8838     2.5475     3.1058     0.0204      0.014      0.125      0.180        168 6.4054e+02 0.0000e+00
      0.129    11.8477     5.5728     51.484  27.828349     37.738      6.957   249.9973     2.5637     3.1461     0.0204      0.016      0.127      0.184        169 4.4224e+02 0.0000e+00
      0.131    11.8437     5.5991     51.799  27.804397     37.739      6.955   250.1866     2.5920     3.0253     0.0204      0.016      0.129      0.187        170 5.3692e+02 0.0000e+00
