Data/DataNotYetUploadedToEDI/Raw_CTD/RawDownloads/102918_fcr10.cnv
* Sea-Bird SBE19plus  Data File:
* FileName = C:\DATA\101518_fcr_0013.hex
* Software version 2.6.3.104
* Temperature SN = 7809
* Conductivity SN = 7809
* System UpLoad Time = Oct 29 2018 16:40:34
* <ApplicationData>
* <Seaterm232>
# nquan = 17
# nvalues = 321                         
# units = specified
# name 0 = depFM: Depth [fresh water, m]
# name 1 = tv290C: Temperature [ITS-90, deg C]
# name 2 = sbeox0Mg/L: Oxygen, SBE 43 [mg/l]
# name 3 = sbeox0PS: Oxygen, SBE 43 [% saturation]
# name 4 = c0uS/cm: Conductivity [uS/cm]
# name 5 = specc: Specific Conductance [uS/cm]
# name 6 = ph: pH
# name 7 = orp: Oxidation Reduction Potential [mV]
# name 8 = flECO-AFL: Fluorescence, WET Labs ECO-AFL/FL [mg/m^3]
# name 9 = turbWETntu0: Turbidity, WET Labs ECO [NTU]
# name 10 = sal00: Salinity, Practical [PSU]
# name 11 = dz/dtM: Descent Rate [m/s]
# name 12 = prdM: Pressure, Strain Gauge [db]
# name 13 = prdE: Pressure, Strain Gauge [psi]
# name 14 = scan: Scan Count
# name 15 = par/sat/log: PAR/Logarithmic, Satlantic
# name 16 = flag:  0.000e+00
# span 0 =     -0.641,      2.576       
# span 1 =    11.4514,    12.0947       
# span 2 =     5.5771,    10.7184       
# span 3 =     51.708,     99.576       
# span 4 =   1.848361,  32.395349       
# span 5 =      2.530,     43.515       
# span 6 =     -2.947,      7.318       
# span 7 =   230.3494,  1240.2295       
# span 8 =    -0.2385,     3.6838       
# span 9 =    -0.2914,     9.7124       
# span 10 =     0.0063,     0.0228      
# span 11 =     -0.172,      0.156      
# span 12 =     -0.629,      2.525      
# span 13 =     -0.912,      3.663      
# span 14 =          1,        321      
# span 15 = 4.0409e+00, 1.6712e+03      
# span 16 = 0.0000e+00, 0.0000e+00      
# interval = seconds: 0.25
# start_time = Oct 29 2018 14:01:05 [Instrument's time stamp, header]
# bad_flag = -9.990e-29
*END*
[from data line 171]
      0.049    11.9490     5.6522     52.447  28.976892     39.221      6.832   278.2010     2.6527     3.0790     0.0210     -0.011      0.046      0.067        172 7.1374e+01 0.0000e+00
      0.044    11.9447     5.7377     53.289  28.946933     39.147      6.829   278.2389     2.6607     3.2401     0.0210     -0.011      0.043      0.062        173 6.3555e+01 0.0000e+00
      0.039    11.9424     5.9558     55.338  28.920559     39.151      6.827   278.0874     2.6567     3.1193     0.0210     -0.010      0.041      0.060        174 7.9806e+01 0.0000e+00
      0.043    11.9431     6.2891     58.448  28.950416     39.155      6.828   277.7846     2.6284     3.0521     0.0210     -0.008      0.045      0.065        175 5.9257e+01 0.0000e+00
      0.056    11.9438     6.7019     62.288  29.058025     39.347      6.830   277.4060     2.6244     3.1193     0.0211     -0.003      0.054      0.079        176 8.2370e+01 0.0000e+00
      0.067    11.9435     7.1595     66.543  29.053487     39.308      6.830   277.9739     2.8104     3.1193     0.0211      0.006      0.061      0.089        177 3.9481e+01 0.0000e+00
      0.064    11.9385     7.6434     71.042  28.985714     39.232      6.807   278.6174     2.8063     3.1864     0.0210      0.011      0.060      0.087        178 1.1465e+02 0.0000e+00
      0.053    11.9247     8.0630     74.940  28.994120     39.232      6.782   278.1253     2.8144     3.1730     0.0210      0.009      0.051      0.073        179 2.4270e+01 0.0000e+00
      0.038    11.9130     8.4013     78.084  29.072675     39.350      6.778   278.0496     2.8144     3.1058     0.0211      0.004      0.039      0.056        180 2.4133e+02 0.0000e+00
      0.029    11.9370     8.6319     80.225  29.065853     39.366      6.786   278.1631     2.7982     3.1327     0.0211     -0.002      0.026      0.038        181 7.1185e+02 0.0000e+00
      0.013    11.9941     8.7588     81.404  28.646826     38.810      6.793   277.8981     2.8225     3.0118     0.0208     -0.013      0.008      0.011        182 5.5324e+02 0.0000e+00
     -0.019    12.0354     8.8009     81.798  28.259948     38.220      6.799   277.7467     2.8346     3.0924     0.0206     -0.031     -0.023     -0.035        183 8.4026e+02 0.0000e+00
     -0.068    12.0542     8.7963     81.756  28.213115     38.157      6.800   277.7467     2.8306     3.0924     0.0206     -0.057     -0.066     -0.096        184 1.0505e+03 0.0000e+00
     -0.116    12.0637     8.7627     81.444  28.141771     37.966      6.798   277.6331     2.6688     3.0387     0.0205     -0.085     -0.112     -0.162        185 9.8468e+02 0.0000e+00
     -0.159    12.0671     8.7065     80.920  28.170830     38.021      6.803   278.2767     2.6891     3.0521     0.0206     -0.108     -0.158     -0.228        186 1.0214e+03 0.0000e+00
     -0.210    12.0686     8.6519     80.412  28.176943     38.012      6.807   278.3903     2.6850     3.0655     0.0206     -0.131     -0.206     -0.298        187 9.8396e+02 0.0000e+00
     -0.262    12.0685     8.5847     79.793  28.134159     37.933      6.817   278.6553     2.6850     3.1193     0.0205     -0.154     -0.251     -0.365        188 9.7801e+02 0.0000e+00
     -0.297    12.0679     8.5286     79.275  28.164775     38.007      6.824   279.2989     3.2592     3.1058     0.0206     -0.170     -0.286     -0.415        189 9.4313e+02 0.0000e+00
     -0.316    12.0672     8.4708     78.741  28.138841     37.931      6.828   279.3746     3.2552     3.1730     0.0205     -0.172     -0.310     -0.449        190 1.0342e+03 0.0000e+00
     -0.337    12.0667     8.4215     78.283  28.166433     38.008      6.828   278.4281     3.2592     3.1461     0.0206     -0.162     -0.329     -0.476        191 1.1070e+03 0.0000e+00
     -0.354    12.0666     8.3834     77.928  28.130437     37.933      6.828   277.7089     3.2916     3.0118     0.0205     -0.145     -0.342     -0.495        192 1.0772e+03 0.0000e+00
     -0.354    12.0674     8.3463     77.581  28.124342     37.933      6.831   278.2010     3.1824     3.0924     0.0205     -0.121     -0.343     -0.498        193 1.0673e+03 0.0000e+00
     -0.343    12.0680     8.3196     77.333  28.174018     38.009      6.826   278.4660     3.2269     3.0387     0.0206     -0.091     -0.335     -0.486        194 1.0282e+03 0.0000e+00
     -0.329    12.0679     8.3017     77.169  28.127912     37.933      6.828   281.6460     3.2188     3.1327     0.0205     -0.057     -0.322     -0.467        195 9.5465e+02 0.0000e+00
     -0.313    12.0670     8.2777     76.949  28.181720     38.007      6.827   279.5260     3.2228     3.1193     0.0206     -0.024     -0.305     -0.443        196 9.6078e+02 0.0000e+00
     -0.291    12.0671     8.2680     76.862  28.166350     38.008      6.819   281.8731     3.1824     3.1730     0.0206      0.004     -0.286     -0.415        197 9.3733e+02 0.0000e+00
     -0.270    12.0699     8.2492     76.690  28.058096     37.820      6.804   285.6967     2.9317     3.1998     0.0205      0.028     -0.267     -0.386        198 9.6136e+02 0.0000e+00
     -0.254    12.0725     8.2294     76.508  28.108905     37.933      6.794   280.0939     2.9600     3.3341     0.0205      0.048     -0.249     -0.361        199 9.9552e+02 0.0000e+00
     -0.236    12.0739     8.2219     76.439  28.132766     37.930      6.794   279.6396     2.9438     3.3744     0.0205      0.062     -0.232     -0.336        200 9.6908e+02 0.0000e+00
     -0.218    12.0742     8.2151     76.378  28.117345     37.928      6.795   278.6931     2.9195     3.3475     0.0205      0.069     -0.215     -0.311        201 9.7509e+02 0.0000e+00
     -0.201    12.0736     8.2071     76.306  28.128097     37.926      6.799   278.0874     2.8872     3.1058     0.0205      0.071     -0.196     -0.284        202 9.9249e+02 0.0000e+00
     -0.178    12.0725     8.2023     76.261  28.119386     37.926      6.803   277.9739     2.8953     3.1730     0.0205      0.073     -0.173     -0.251        203 9.8364e+02 0.0000e+00
     -0.149    12.0723     8.2022     76.260  28.128185     37.926      6.799   278.6174     2.8670     3.1058     0.0205      0.076     -0.146     -0.212        204 9.6343e+02 0.0000e+00
     -0.121    12.0736     8.1983     76.224  28.117146     37.927      6.799   278.6174     2.8872     3.1058     0.0205      0.080     -0.119     -0.173        205 9.7001e+02 0.0000e+00
     -0.094    12.0754     8.2008     76.249  28.133124     37.928      6.796   279.2610     2.6850     3.0924     0.0205      0.086     -0.093     -0.135        206 8.9319e+02 0.0000e+00
     -0.070    12.0773     8.1998     76.240  28.167597     38.002      6.793   279.5639     2.6971     3.0790     0.0206      0.092     -0.070     -0.101        207 8.0294e+02 0.0000e+00
     -0.050    12.0788     8.2040     76.279  28.133541     37.924      6.794   279.3746     2.6850     3.0924     0.0205      0.095     -0.049     -0.070        208 9.6672e+02 0.0000e+00
     -0.029    12.0797     8.2018     76.261  28.116209     37.923      6.794   279.2231     2.6850     3.1998     0.0205      0.097     -0.027     -0.039        209 7.7432e+02 0.0000e+00
     -0.003    12.0805     8.2033     76.279  28.129869     37.921      6.796   279.5260     2.3736     3.1730     0.0205      0.097     -0.001     -0.002        210 3.7235e+02 0.0000e+00
      0.029    12.0817     8.2063     76.311  28.116541     37.920      6.793   279.4503     2.3777     2.9581     0.0205      0.098      0.029      0.042        211 2.6851e+02 0.0000e+00
      0.063    12.0830     8.2056     76.304  28.132797     37.919      6.791   279.7910     2.3736     3.1595     0.0205      0.099      0.063      0.090        212 2.5512e+02 0.0000e+00
      0.100    12.0830     8.2142     76.381  28.109640     37.918      6.789   279.5260     2.3453     3.0521     0.0205      0.105      0.099      0.143        213 4.4466e+02 0.0000e+00
      0.139    12.0831     8.2186     76.421  28.056415     37.804      6.787   279.4503     2.6001     3.1461     0.0205      0.113      0.134      0.194        214 5.0960e+02 0.0000e+00
      0.170    12.0835     8.2168     76.404  28.110089     37.917      6.785   279.8289     2.5475     3.1998     0.0205      0.121      0.165      0.239        215 4.2917e+02 0.0000e+00
      0.194    12.0839     8.2156     76.396  28.131787     37.917      6.787   279.8667     2.5475     3.2267     0.0205      0.126      0.191      0.276        216 3.1648e+02 0.0000e+00
      0.219    12.0841     8.2052     76.303  28.118357     37.916      6.789   279.9424     2.5556     3.1595     0.0205      0.127      0.216      0.314        217 2.0794e+02 0.0000e+00
      0.250    12.0844     8.2015     76.271  28.126803     37.916      6.788   280.3967     2.5597     3.1864     0.0205      0.125      0.246      0.357        218 2.4396e+02 0.0000e+00
      0.284    12.0855     8.1949     76.211  28.121276     37.916      6.792   281.0403     2.7497     2.9984     0.0205      0.123      0.279      0.404        219 2.2038e+02 0.0000e+00
      0.318    12.0880     8.1832     76.102  28.125234     37.915      6.792   281.2674     2.7376     3.0521     0.0205      0.121      0.311      0.451        220 1.4828e+02 0.0000e+00
      0.350    12.0904     8.1824     76.094  28.121877     37.914      6.796   281.5703     2.7618     3.0655     0.0205      0.119      0.343      0.498        221 1.4895e+02 0.0000e+00
      0.382    12.0900     8.1805     76.077  28.125455     37.912      6.791   281.9110     2.7821     3.0790     0.0205      0.119      0.375      0.544        222 1.4452e+02 0.0000e+00
      0.416    12.0885     8.1786     76.060  28.120781     37.909      6.793   282.5167     2.8629     3.1461     0.0205      0.123      0.409      0.594        223 9.6989e+01 0.0000e+00
      0.455    12.0878     8.1731     76.010  28.127693     37.910      6.790   282.4031     2.8831     3.0521     0.0205      0.129      0.444      0.645        224 6.2922e+01 0.0000e+00
      0.490    12.0879     8.1685     75.967  28.176150     37.986      6.793   282.7060     2.8872     3.2267     0.0206      0.133      0.478      0.693        225 5.9540e+01 0.0000e+00
      0.518    12.0898     8.1625     75.910  28.179072     37.987      6.796   283.5767     2.8468     3.1193     0.0206      0.133      0.508      0.737        226 6.3657e+01 0.0000e+00
      0.547    12.0920     8.1563     75.850  28.124058     37.912      6.798   283.4253     3.1096     3.3878     0.0205      0.131      0.537      0.779        227 5.5940e+01 0.0000e+00
      0.579    12.0931     8.1510     75.799  28.037078     37.797      6.796   283.9174     3.0692     3.2804     0.0205      0.129      0.569      0.824        228 5.3185e+01 0.0000e+00
      0.614    12.0934     8.1352     75.651  28.050134     37.795      6.798   284.1446     3.0894     3.2535     0.0205      0.129      0.602      0.872        229 4.3670e+01 0.0000e+00
      0.647    12.0933     8.1268     75.573  28.167105     37.982      6.802   284.4853     3.1055     3.3207     0.0206      0.128      0.634      0.919        230 4.3279e+01 0.0000e+00
      0.677    12.0935     8.1278     75.583  28.128693     37.906      6.804   284.9396     3.0732     3.3207     0.0205      0.126      0.665      0.964        231 4.0550e+01 0.0000e+00
      0.711    12.0938     8.1302     75.607  28.038642     37.793      6.803   285.1289     3.0934     3.3072     0.0205      0.125      0.698      1.013        232 3.7925e+01 0.0000e+00
      0.750    12.0942     8.1342     75.645  28.041988     37.793      6.801   285.4696     3.0692     3.2670     0.0205      0.127      0.735      1.066        233 4.1630e+01 0.0000e+00
      0.789    12.0946     8.1333     75.637  28.124528     37.906      6.799   285.5453     3.0449     3.2804     0.0205      0.132      0.771      1.117        234 3.1963e+01 0.0000e+00
      0.817    12.0947     8.1415     75.711  28.113811     37.905      6.801   285.5453     3.0045     3.3475     0.0205      0.134      0.801      1.161        235 2.8031e+01 0.0000e+00
      0.843    12.0941     8.1466     75.757  28.055326     37.792      6.803   285.6210     3.0085     3.3072     0.0205      0.132      0.828      1.200        236 2.7042e+01 0.0000e+00
      0.871    12.0926     8.1528     75.813  28.049073     37.829      6.803   286.1132     3.0166     3.2804     0.0205      0.129      0.856      1.240        237 2.4923e+01 0.0000e+00
      0.902    12.0916     8.1510     75.796  28.062297     37.792      6.800   286.1132     3.0085     3.3207     0.0205      0.127      0.886      1.284        238 2.4695e+01 0.0000e+00
      0.936    12.0910     8.1448     75.737  28.098162     37.907      6.798   286.7567     2.9883     3.4012     0.0205      0.125      0.919      1.332        239 2.2184e+01 0.0000e+00
      0.973    12.0907     8.1477     75.764  28.063735     37.795      6.797   286.8324     3.0206     3.2133     0.0205      0.123      0.955      1.385        240 2.0669e+01 0.0000e+00
      1.014    12.0914     8.1447     75.738  28.105144     37.909      6.801   287.0596     3.0368     3.0924     0.0205      0.125      0.994      1.442        241 1.9239e+01 0.0000e+00
      1.056    12.0924     8.1467     75.757  28.135576     37.909      6.802   287.4003     3.0166     3.1461     0.0205      0.130      1.034      1.499        242 1.7861e+01 0.0000e+00
      1.093    12.0931     8.1455     75.746  28.114806     37.908      6.804   287.5517     3.0166     3.0118     0.0205      0.137      1.068      1.548        243 1.6757e+01 0.0000e+00
      1.117    12.0929     8.1561     75.845  28.130991     37.907      6.808   287.5139     2.8710     3.1730     0.0205      0.140      1.095      1.588        244 1.6077e+01 0.0000e+00
      1.141    12.0918     8.1657     75.934  28.115435     37.907      6.810   287.2489     2.8993     3.0924     0.0205      0.139      1.120      1.624        245 1.5418e+01 0.0000e+00
      1.169    12.0908     8.1702     75.975  28.134166     37.907      6.812   287.8925     2.8831     3.1730     0.0205      0.134      1.147      1.664        246 1.4775e+01 0.0000e+00
      1.199    12.0903     8.1747     76.015  28.107681     37.908      6.807   287.7032     2.8831     3.0924     0.0205      0.128      1.175      1.704        247 1.3964e+01 0.0000e+00
      1.225    12.0900     8.1694     75.965  28.059452     37.796      6.807   288.0439     2.9559     3.0790     0.0205      0.120      1.200      1.741        248 1.3450e+01 0.0000e+00
      1.248    12.0894     8.1602     75.880  28.105242     37.909      6.807   288.1196     2.9519     3.2535     0.0205      0.112      1.224      1.775        249 1.2949e+01 0.0000e+00
      1.272    12.0895     8.1504     75.788  28.080343     37.834      6.805   288.4603     2.9559     3.0924     0.0205      0.105      1.248      1.810        250 1.2256e+01 0.0000e+00
      1.298    12.0904     8.1390     75.683  28.031143     37.797      6.807   288.5739     2.9721     3.1193     0.0205      0.102      1.274      1.847        251 1.1666e+01 0.0000e+00
      1.327    12.0904     8.1282     75.585  28.047880     37.797      6.806   289.1039     3.0045     3.0387     0.0205      0.102      1.300      1.885        252 1.1149e+01 0.0000e+00
      1.350    12.0903     8.1165     75.477  28.029867     37.796      6.805   288.8389     3.0166     3.1461     0.0205      0.102      1.323      1.919        253 1.0852e+01 0.0000e+00
      1.371    12.0905     8.1177     75.487  28.053561     37.796      6.808   288.8389     3.0125     3.0924     0.0205      0.099      1.345      1.951        254 1.0537e+01 0.0000e+00
      1.394    12.0906     8.1210     75.517  28.107338     37.909      6.809   288.6875     3.0004     3.0387     0.0205      0.097      1.367      1.982        255 1.0248e+01 0.0000e+00
