Data/DataNotYetUploadedToEDI/Raw_CTD/RawDownloads/102918_fcr45.cnv
* Sea-Bird SBE19plus  Data File:
* FileName = C:\DATA\101518_fcr_0016.hex
* Software version 2.6.3.104
* Temperature SN = 7809
* Conductivity SN = 7809
* System UpLoad Time = Oct 29 2018 16:41:22
* <ApplicationData>
* <Seaterm232>
# nquan = 17
# nvalues = 619                         
# units = specified
# name 0 = depFM: Depth [fresh water, m]
# name 1 = tv290C: Temperature [ITS-90, deg C]
# name 2 = sbeox0Mg/L: Oxygen, SBE 43 [mg/l]
# name 3 = sbeox0PS: Oxygen, SBE 43 [% saturation]
# name 4 = c0uS/cm: Conductivity [uS/cm]
# name 5 = specc: Specific Conductance [uS/cm]
# name 6 = ph: pH
# name 7 = orp: Oxidation Reduction Potential [mV]
# name 8 = flECO-AFL: Fluorescence, WET Labs ECO-AFL/FL [mg/m^3]
# name 9 = turbWETntu0: Turbidity, WET Labs ECO [NTU]
# name 10 = sal00: Salinity, Practical [PSU]
# name 11 = dz/dtM: Descent Rate [m/s]
# name 12 = prdM: Pressure, Strain Gauge [db]
# name 13 = prdE: Pressure, Strain Gauge [psi]
# name 14 = scan: Scan Count
# name 15 = par/sat/log: PAR/Logarithmic, Satlantic
# name 16 = flag:  0.000e+00
# span 0 =     -0.625,      7.542       
# span 1 =    10.7983,    12.3484       
# span 2 =     5.1551,    10.7299       
# span 3 =     47.912,     97.346       
# span 4 =   0.815341,  28.465214       
# span 5 =      1.608,     38.613       
# span 6 =     -2.970,      7.752       
# span 7 = -1240.7455,  1240.2295       
# span 8 =    -1.9207,     2.8468       
# span 9 =    -6.5354,     9.4975       
# span 10 =     0.0057,     0.0207      
# span 11 =     -0.193,      0.254      
# span 12 =     -0.612,      7.395      
# span 13 =     -0.888,     10.725      
# span 14 =          1,        619      
# span 15 = 1.2056e-01, 2.3288e+03      
# span 16 = 0.0000e+00, 0.0000e+00      
# interval = seconds: 0.25
# start_time = Oct 29 2018 15:15:16 [Instrument's time stamp, header]
# bad_flag = -9.990e-29
*END*
[from data line 426]
      3.608    12.0244     7.4009     68.715  28.118586     37.974      6.773   291.0346     2.0097     3.3610     0.0205      0.037      3.539      5.132        427 8.2743e+00 0.0000e+00
      3.629    12.0234     7.4019     68.724  28.123981     37.975      6.774   291.0725     1.9976     3.4415     0.0205      0.037      3.559      5.162        428 8.1155e+00 0.0000e+00
      3.649    12.0227     7.4023     68.728  28.127445     37.977      6.772   291.4132     1.9693     3.4952     0.0205      0.041      3.580      5.193        429 7.8775e+00 0.0000e+00
      3.674    12.0223     7.4178     68.872  28.173573     38.053      6.771   291.2239     1.9693     3.5087     0.0206      0.051      3.604      5.229        430 7.5863e+00 0.0000e+00
      3.705    12.0221     7.4141     68.839  28.125872     37.978      6.768   291.3753     1.9733     3.5490     0.0205      0.065      3.633      5.269        431 7.3594e+00 0.0000e+00
      3.734    12.0225     7.4155     68.851  28.127510     37.979      6.762   291.9432     1.9652     3.5892     0.0205      0.081      3.660      5.308        432 7.1902e+00 0.0000e+00
      3.756    12.0228     7.4066     68.769  28.171534     38.055      6.755   291.7917     1.9208     3.5221     0.0206      0.091      3.683      5.341        433 7.0323e+00 0.0000e+00
      3.775    12.0230     7.4082     68.783  28.130381     37.979      6.757   292.1703     1.9288     3.4952     0.0205      0.096      3.703      5.370        434 6.8334e+00 0.0000e+00
      3.797    12.0231     7.4029     68.734  28.119427     37.978      6.754   292.0189     1.9167     3.5221     0.0205      0.096      3.723      5.400        435 6.6156e+00 0.0000e+00
      3.818    12.0226     7.3881     68.596  28.125871     37.978      6.751   292.0946     1.9086     3.5758     0.0205      0.095      3.742      5.427        436 6.5386e+00 0.0000e+00
      3.831    12.0224     7.3794     68.515  28.122364     37.978      6.751   292.2082     2.1472     3.6027     0.0205      0.091      3.756      5.448        437 6.4858e+00 0.0000e+00
      3.842    12.0221     7.3718     68.445  28.123791     37.979      6.753   291.9053     2.1755     3.4684     0.0205      0.082      3.770      5.467        438 6.3215e+00 0.0000e+00
      3.860    12.0222     7.3737     68.463  28.124094     37.979      6.757   291.9432     2.1472     3.4550     0.0205      0.074      3.785      5.489        439 6.1346e+00 0.0000e+00
      3.876    12.0226     7.3681     68.411  28.181283     38.055      6.753   292.1325     2.1512     3.5221     0.0206      0.068      3.800      5.511        440 6.0281e+00 0.0000e+00
      3.888    12.0228     7.3725     68.452  28.171214     38.054      6.758   291.9432     2.3130     3.4952     0.0206      0.064      3.812      5.528        441 5.9496e+00 0.0000e+00
      3.897    12.0228     7.3707     68.435  28.136626     37.979      6.760   291.9432     2.3049     3.5892     0.0205      0.060      3.822      5.543        442 5.8831e+00 0.0000e+00
      3.905    12.0227     7.3694     68.423  28.165031     38.054      6.760   291.8675     2.2887     3.5087     0.0206      0.054      3.832      5.558        443 5.8317e+00 0.0000e+00
      3.922    12.0226     7.3831     68.549  28.135864     37.978      6.762   292.0567     2.3090     3.5221     0.0205      0.051      3.849      5.582        444 5.6299e+00 0.0000e+00
      3.948    12.0224     7.3854     68.570  28.113628     37.978      6.764   292.0567     2.2281     3.5490     0.0205      0.054      3.871      5.613        445 5.4598e+00 0.0000e+00
      3.968    12.0222     7.3843     68.560  28.133409     37.979      6.762   292.1703     2.2483     3.6027     0.0205      0.058      3.891      5.643        446 5.3701e+00 0.0000e+00
      3.984    12.0223     7.3900     68.613  28.170542     38.054      6.760   292.3217     2.2483     3.4550     0.0206      0.060      3.908      5.668        447 5.2383e+00 0.0000e+00
      4.003    12.0224     7.3897     68.610  28.186006     38.054      6.760   292.3596     2.2443     3.5355     0.0206      0.064      3.927      5.695        448 5.1357e+00 0.0000e+00
      4.025    12.0223     7.3888     68.603  28.173461     38.054      6.759   292.3596     2.2523     3.5758     0.0206      0.070      3.947      5.725        449 5.0060e+00 0.0000e+00
      4.046    12.0224     7.3921     68.634  28.186157     38.054      6.758   293.0032     2.0946     3.5221     0.0206      0.075      3.966      5.752        450 4.9232e+00 0.0000e+00
      4.059    12.0224     7.3917     68.630  28.170208     38.054      6.754   292.7760     2.1149     3.5892     0.0206      0.077      3.982      5.775        451 4.8911e+00 0.0000e+00
      4.075    12.0224     7.3936     68.647  28.134012     37.979      6.753   292.5868     2.1270     3.5758     0.0205      0.075      4.002      5.803        452 4.7115e+00 0.0000e+00
      4.107    12.0222     7.3980     68.689  28.171905     38.054      6.753   293.1925     2.0906     3.4684     0.0206      0.075      4.028      5.842        453 4.5097e+00 0.0000e+00
      4.138    12.0219     7.3997     68.705  28.182349     38.054      6.747   293.4196     2.2402     3.5087     0.0206      0.080      4.058      5.885        454 4.4041e+00 0.0000e+00
      4.168    12.0217     7.3969     68.679  28.121015     37.979      6.744   293.5710     2.2443     3.5221     0.0205      0.087      4.087      5.928        455 4.2495e+00 0.0000e+00
      4.196    12.0216     7.4006     68.712  28.129640     37.979      6.741   293.7982     2.2362     3.4550     0.0205      0.094      4.113      5.966        456 4.1994e+00 0.0000e+00
      4.216    12.0218     7.3970     68.679  28.171615     38.055      6.738   293.8739     2.2604     3.7235     0.0206      0.098      4.134      5.997        457 4.1401e+00 0.0000e+00
      4.235    12.0220     7.3976     68.685  28.187371     38.055      6.736   293.7603     2.2968     3.6698     0.0206      0.100      4.152      6.023        458 4.0210e+00 0.0000e+00
      4.251    12.0221     7.3957     68.666  28.169328     38.055      6.740   293.3060     2.3130     3.5490     0.0206      0.100      4.167      6.044        459 4.0109e+00 0.0000e+00
      4.260    12.0223     7.3922     68.634  28.134774     37.979      6.739   293.5710     2.3090     3.5758     0.0205      0.093      4.178      6.060        460 3.9700e+00 0.0000e+00
      4.269    12.0224     7.3881     68.594  28.171078     38.055      6.739   293.1546     2.3130     3.5490     0.0206      0.080      4.186      6.071        461 3.9807e+00 0.0000e+00
      4.274    12.0224     7.3907     68.618  28.183443     38.054      6.738   293.1925     2.1472     3.3341     0.0206      0.066      4.191      6.079        462 4.0084e+00 0.0000e+00
      4.280    12.0227     7.3923     68.633  28.119386     37.979      6.741   293.2303     2.1149     3.3072     0.0205      0.053      4.198      6.089        463 3.9540e+00 0.0000e+00
      4.289    12.0229     7.3950     68.657  28.132206     37.979      6.743   293.4575     2.1189     3.3207     0.0205      0.043      4.206      6.101        464 3.9078e+00 0.0000e+00
      4.299    12.0228     7.4016     68.719  28.167490     38.054      6.743   293.5710     2.1108     3.3475     0.0206      0.037      4.216      6.115        465 3.8779e+00 0.0000e+00
      4.309    12.0223     7.4005     68.709  28.134771     37.978      6.745   293.3060     2.1027     3.4415     0.0205      0.033      4.226      6.130        466 3.8535e+00 0.0000e+00
      4.320    12.0221     7.4045     68.746  28.113627     37.978      6.748   293.5710     1.8682     3.5221     0.0205      0.032      4.240      6.150        467 3.7608e+00 0.0000e+00
      4.344    12.0221     7.4064     68.763  28.134507     37.979      6.749   293.7225     1.8803     3.5355     0.0205      0.038      4.263      6.183        468 3.5954e+00 0.0000e+00
      4.379    12.0221     7.3996     68.700  28.168083     38.055      6.743   294.1389     1.8480     3.5490     0.0206      0.049      4.293      6.226        469 3.4672e+00 0.0000e+00
      4.410    12.0216     7.3977     68.683  28.131139     37.979      6.737   294.2146     1.8439     3.6027     0.0205      0.064      4.323      6.270        470 3.3581e+00 0.0000e+00
      4.438    12.0211     7.4015     68.717  28.121188     37.979      6.733   295.0096     2.1917     3.5624     0.0205      0.078      4.348      6.306        471 3.3101e+00 0.0000e+00
      4.453    12.0206     7.3976     68.681  28.180466     38.055      6.727   294.5553     2.1836     3.5490     0.0206      0.087      4.366      6.332        472 3.2834e+00 0.0000e+00
      4.467    12.0204     7.3906     68.616  28.175960     38.056      6.729   294.4418     2.1917     3.4818     0.0206      0.092      4.382      6.356        473 3.2079e+00 0.0000e+00
      4.489    12.0204     7.3909     68.619  28.186093     38.056      6.728   294.5553     2.1553     3.5355     0.0206      0.094      4.402      6.384        474 3.1285e+00 0.0000e+00
      4.509    12.0205     7.3818     68.535  28.167857     38.056      6.730   294.7446     2.3292     3.4952     0.0206      0.092      4.422      6.413        475 3.0479e+00 0.0000e+00
      4.528    12.0206     7.3782     68.502  28.139358     37.981      6.730   294.4418     2.3049     3.6161     0.0205      0.086      4.440      6.439        476 2.9926e+00 0.0000e+00
      4.546    12.0205     7.3825     68.541  28.162262     38.056      6.730   294.8582     2.3292     3.4952     0.0206      0.079      4.455      6.461        477 2.9735e+00 0.0000e+00
      4.553    12.0206     7.3747     68.469  28.139352     37.981      6.729   294.5932     2.3130     3.5624     0.0205      0.071      4.462      6.472        478 2.9779e+00 0.0000e+00
      4.552    12.0207     7.3717     68.442  28.167869     38.056      6.732   294.6689     2.3170     3.5490     0.0206      0.062      4.466      6.477        479 2.9918e+00 0.0000e+00
      4.557    12.0205     7.3670     68.398  28.186070     38.056      6.734   294.4418     2.2968     3.5624     0.0206      0.055      4.474      6.489        480 2.9666e+00 0.0000e+00
      4.579    12.0204     7.3732     68.455  28.175999     38.056      6.733   294.8203     2.3211     3.5221     0.0206      0.050      4.493      6.516        481 2.8422e+00 0.0000e+00
      4.609    12.0203     7.3803     68.521  28.180403     38.056      6.732   295.3503     2.3211     3.4415     0.0206      0.049      4.518      6.553        482 2.7202e+00 0.0000e+00
      4.633    12.0202     7.3833     68.549  28.121293     37.981      6.727   295.5396     2.3696     3.5892     0.0205      0.053      4.543      6.589        483 2.6782e+00 0.0000e+00
      4.655    12.0204     7.3893     68.605  28.130969     37.981      6.728   295.3882     2.3494     3.5087     0.0205      0.059      4.564      6.620        484 2.6306e+00 0.0000e+00
      4.674    12.0204     7.3973     68.680  28.168362     38.057      6.728   295.0096     2.3858     3.5490     0.0206      0.067      4.583      6.648        485 2.5788e+00 0.0000e+00
      4.693    12.0205     7.4096     68.794  28.134053     37.981      6.732   295.0475     2.3979     3.5892     0.0205      0.077      4.600      6.673        486 2.5410e+00 0.0000e+00
      4.707    12.0206     7.4145     68.839  28.114369     37.981      6.727   295.4639     2.3534     3.4684     0.0205      0.083      4.613      6.690        487 2.5172e+00 0.0000e+00
      4.711    12.0207     7.4241     68.927  28.133563     37.981      6.728   295.0096     2.2321     3.5355     0.0205      0.079      4.620      6.700        488 2.5136e+00 0.0000e+00
      4.715    12.0207     7.4230     68.917  28.169464     38.056      6.728   294.7825     2.2362     3.5892     0.0206      0.068      4.625      6.708        489 2.5013e+00 0.0000e+00
      4.722    12.0208     7.4212     68.899  28.188285     38.056      6.731   295.0475     2.2483     3.4952     0.0206      0.055      4.630      6.716        490 2.4891e+00 0.0000e+00
      4.727    12.0207     7.4266     68.950  28.169437     38.056      6.732   295.2746     2.2443     3.5624     0.0206      0.044      4.635      6.723        491 2.4968e+00 0.0000e+00
      4.727    12.0207     7.4183     68.872  28.133623     37.980      6.734   295.2368     1.9693     3.4952     0.0205      0.034      4.639      6.728        492 2.4974e+00 0.0000e+00
      4.736    12.0204     7.4212     68.898  28.173558     38.056      6.737   295.0853     1.9895     3.5624     0.0206      0.026      4.650      6.744        493 2.4012e+00 0.0000e+00
      4.763    12.0206     7.4189     68.877  28.179035     38.056      6.735   295.2368     1.9693     3.5221     0.0206      0.027      4.672      6.776        494 2.3126e+00 0.0000e+00
      4.794    12.0208     7.4187     68.876  28.126808     37.981      6.733   295.5396     1.9652     3.4684     0.0205      0.036      4.698      6.814        495 2.2823e+00 0.0000e+00
      4.814    12.0207     7.4141     68.833  28.179257     38.056      6.732   295.5775     2.1472     3.5490     0.0206      0.048      4.718      6.844        496 2.2495e+00 0.0000e+00
      4.826    12.0206     7.4079     68.775  28.173059     38.056      6.728   295.6532     2.1755     3.5355     0.0206      0.058      4.734      6.867        497 2.2241e+00 0.0000e+00
      4.844    12.0203     7.4051     68.749  28.134522     37.981      6.729   295.5018     2.1957     3.5087     0.0205      0.067      4.752      6.892        498 2.1427e+00 0.0000e+00
      4.867    12.0201     7.4015     68.716  28.167919     38.056      6.730   295.7668     2.1634     3.4550     0.0206      0.075      4.773      6.921        499 2.0689e+00 0.0000e+00
      4.887    12.0197     7.3971     68.676  28.190792     38.057      6.729   295.6153     2.2402     3.4684     0.0206      0.080      4.793      6.951        500 2.0370e+00 0.0000e+00
      4.907    12.0192     7.3894     68.604  28.165353     38.057      6.729   295.7289     2.2362     3.5221     0.0206      0.081      4.812      6.979        501 1.9837e+00 0.0000e+00
      4.925    12.0190     7.3916     68.625  28.140283     37.982      6.728   296.2968     2.2645     3.5490     0.0205      0.077      4.829      7.004        502 1.9454e+00 0.0000e+00
      4.940    12.0189     7.3899     68.609  28.162697     38.057      6.728   296.1075     2.2523     3.5490     0.0206      0.073      4.846      7.029        503 1.9270e+00 0.0000e+00
      4.961    12.0189     7.3862     68.575  28.137459     37.982      6.726   296.1453     2.1715     3.4550     0.0205      0.074      4.865      7.057        504 1.8623e+00 0.0000e+00
      4.983    12.0190     7.3859     68.571  28.171691     38.058      6.723   296.5618     2.1755     3.4952     0.0206      0.076      4.885      7.085        505 1.8233e+00 0.0000e+00
      4.999    12.0190     7.3900     68.609  28.120096     37.982      6.721   296.4103     2.1634     3.5221     0.0205      0.075      4.901      7.108        506 1.7970e+00 0.0000e+00
      5.009    12.0192     7.3908     68.617  28.142373     37.982      6.723   296.4860     2.1836     3.5355     0.0205      0.072      4.912      7.125        507 1.8000e+00 0.0000e+00
      5.018    12.0191     7.3964     68.668  28.203264     38.133      6.723   296.0696     2.1796     3.5355     0.0206      0.067      4.922      7.140        508 1.7925e+00 0.0000e+00
      5.030    12.0192     7.3940     68.646  28.162909     37.982      6.725   296.3346     2.3292     3.5490     0.0205      0.062      4.937      7.161        509 1.7069e+00 0.0000e+00
      5.056    12.0194     7.3884     68.594  28.192593     38.133      6.725   296.7510     2.2968     3.4550     0.0206      0.061      4.961      7.195        510 1.6719e+00 0.0000e+00
