Data/DataNotYetUploadedToEDI/Raw_CTD/RawDownloads/102918_fcr30.cnv
* Sea-Bird SBE19plus  Data File:
* FileName = C:\DATA\101518_fcr_0015.hex
* Software version 2.6.3.104
* Temperature SN = 7809
* Conductivity SN = 7809
* System UpLoad Time = Oct 29 2018 16:41:02
* <ApplicationData>
* <Seaterm232>
# nquan = 17
# nvalues = 419                         
# units = specified
# name 0 = depFM: Depth [fresh water, m]
# name 1 = tv290C: Temperature [ITS-90, deg C]
# name 2 = sbeox0Mg/L: Oxygen, SBE 43 [mg/l]
# name 3 = sbeox0PS: Oxygen, SBE 43 [% saturation]
# name 4 = c0uS/cm: Conductivity [uS/cm]
# name 5 = specc: Specific Conductance [uS/cm]
# name 6 = ph: pH
# name 7 = orp: Oxidation Reduction Potential [mV]
# name 8 = flECO-AFL: Fluorescence, WET Labs ECO-AFL/FL [mg/m^3]
# name 9 = turbWETntu0: Turbidity, WET Labs ECO [NTU]
# name 10 = sal00: Salinity, Practical [PSU]
# name 11 = dz/dtM: Descent Rate [m/s]
# name 12 = prdM: Pressure, Strain Gauge [db]
# name 13 = prdE: Pressure, Strain Gauge [psi]
# name 14 = scan: Scan Count
# name 15 = par/sat/log: PAR/Logarithmic, Satlantic
# name 16 = flag:  0.000e+00
# span 0 =     -0.628,      5.394       
# span 1 =    10.1391,    12.0330       
# span 2 =     5.9216,    10.7989       
# span 3 =     54.386,    100.017       
# span 4 =   1.306636,  28.131025       
# span 5 =      1.796,     38.416       
# span 6 =     -2.993,      7.694       
# span 7 = -1240.7455,  1240.2295       
# span 8 =    -0.2385,     2.8670       
# span 9 =    -0.2914,   140.6348       
# span 10 =     0.0054,     0.0205      
# span 11 =     -0.246,      0.301      
# span 12 =     -0.616,      5.289      
# span 13 =     -0.893,      7.672      
# span 14 =          1,        419      
# span 15 = 7.4420e-01, 3.3041e+02      
# span 16 = 0.0000e+00, 0.0000e+00      
# interval = seconds: 0.25
# start_time = Oct 29 2018 14:55:08 [Instrument's time stamp, header]
# bad_flag = -9.990e-29
*END*
[from data line 341]
      3.712    12.0260     7.7216     71.699  27.979738     37.786      6.773   284.5232     2.6527     3.1998     0.0204      0.120      3.637      5.276        342 5.5957e+00 0.0000e+00
      3.738    12.0258     7.7297     71.775  27.934375     37.711      6.772   284.6746     2.7012     3.2938     0.0204      0.127      3.666      5.317        343 5.6818e+00 0.0000e+00
      3.766    12.0256     7.7349     71.824  27.980310     37.786      6.772   284.7882     2.7133     3.4281     0.0204      0.131      3.694      5.357        344 5.6743e+00 0.0000e+00
      3.795    12.0257     7.7510     71.973  28.011516     37.824      6.771   284.7882     2.5597     3.2401     0.0205      0.131      3.722      5.397        345 5.6039e+00 0.0000e+00
      3.823    12.0256     7.7429     71.897  27.984483     37.787      6.773   284.5610     2.5556     3.3878     0.0204      0.127      3.747      5.434        346 5.5524e+00 0.0000e+00
      3.843    12.0256     7.7356     71.829  27.984304     37.787      6.773   284.6746     2.5435     3.3207     0.0204      0.119      3.768      5.464        347 5.4947e+00 0.0000e+00
      3.859    12.0256     7.7112     71.603  28.041388     37.862      6.774   284.4853     2.5556     3.2938     0.0205      0.109      3.785      5.490        348 5.4312e+00 0.0000e+00
      3.879    12.0260     7.7019     71.516  28.032036     37.862      6.774   285.0532     2.8427     3.4012     0.0205      0.099      3.805      5.519        349 5.3362e+00 0.0000e+00
      3.903    12.0263     7.6905     71.410  27.995942     37.787      6.774   285.0910     2.8144     3.1998     0.0204      0.093      3.827      5.551        350 5.2207e+00 0.0000e+00
      3.925    12.0265     7.7045     71.541  28.027010     37.862      6.773   285.3560     2.8225     3.3341     0.0205      0.089      3.850      5.584        351 5.0843e+00 0.0000e+00
      3.951    12.0267     7.6911     71.416  28.023022     37.824      6.772   285.7724     2.8306     3.2670     0.0205      0.087      3.875      5.619        352 4.9756e+00 0.0000e+00
      3.976    12.0266     7.7189     71.674  28.030553     37.861      6.770   285.4696     2.7740     3.3878     0.0205      0.086      3.898      5.654        353 4.8750e+00 0.0000e+00
      3.997    12.0267     7.7334     71.808  27.987988     37.786      6.772   285.7346     2.7699     3.3610     0.0204      0.087      3.921      5.686        354 4.7667e+00 0.0000e+00
      4.021    12.0268     7.7074     71.567  27.987050     37.786      6.771   285.6210     2.7335     3.2267     0.0204      0.090      3.945      5.720        355 4.6472e+00 0.0000e+00
      4.047    12.0267     7.7228     71.710  28.031723     37.861      6.771   285.8482     2.7457     3.2938     0.0205      0.093      3.970      5.758        356 4.5127e+00 0.0000e+00
      4.076    12.0267     7.7314     71.791  27.991691     37.786      6.771   285.6210     2.4707     3.2535     0.0204      0.095      3.998      5.799        357 4.3604e+00 0.0000e+00
      4.109    12.0265     7.7212     71.696  28.007222     37.823      6.774   285.4317     2.5152     3.3610     0.0205      0.099      4.028      5.842        358 4.1818e+00 0.0000e+00
      4.136    12.0264     7.7151     71.639  27.982746     37.786      6.772   285.6967     2.5111     3.2938     0.0204      0.102      4.053      5.878        359 4.0585e+00 0.0000e+00
      4.153    12.0264     7.7150     71.637  27.992501     37.786      6.771   285.7724     2.5030     3.3744     0.0204      0.102      4.073      5.907        360 3.9208e+00 0.0000e+00
      4.171    12.0263     7.7221     71.702  28.024730     37.862      6.771   285.6967     2.4828     3.2804     0.0205      0.100      4.093      5.936        361 3.7811e+00 0.0000e+00
      4.197    12.0261     7.7341     71.815  28.001934     37.786      6.772   285.9239     2.6405     3.3207     0.0204      0.099      4.118      5.972        362 3.6116e+00 0.0000e+00
      4.229    12.0261     7.7426     71.893  28.020870     37.862      6.770   286.0374     2.6284     3.2535     0.0205      0.099      4.147      6.014        363 3.4605e+00 0.0000e+00
      4.258    12.0260     7.7280     71.759  28.001164     37.786      6.770   286.1132     2.6244     3.2804     0.0204      0.099      4.176      6.056        364 3.3608e+00 0.0000e+00
      4.286    12.0259     7.7381     71.852  27.996810     37.824      6.767   285.8103     2.6163     3.2804     0.0205      0.099      4.203      6.096        365 3.2455e+00 0.0000e+00
      4.315    12.0262     7.7270     71.750  28.055938     37.862      6.767   286.3782     2.7012     3.4415     0.0205      0.101      4.231      6.137        366 3.1415e+00 0.0000e+00
      4.344    12.0269     7.7389     71.861  28.016525     37.862      6.768   285.9617     2.7133     3.5758     0.0205      0.105      4.260      6.179        367 3.0396e+00 0.0000e+00
      4.372    12.0270     7.7320     71.797  27.956914     37.711      6.767   286.4917     2.7174     3.4550     0.0204      0.110      4.288      6.220        368 2.9341e+00 0.0000e+00
      4.403    12.0263     7.7143     71.634  28.011531     37.861      6.765   286.6053     2.6769     3.5087     0.0205      0.114      4.316      6.260        369 2.8276e+00 0.0000e+00
      4.429    12.0255     7.7212     71.697  28.007851     37.785      6.763   286.7567     2.8144     3.5892     0.0204      0.113      4.340      6.294        370 2.7313e+00 0.0000e+00
      4.444    12.0255     7.7160     71.649  28.020790     37.862      6.767   286.5674     2.8670     3.5221     0.0205      0.109      4.355      6.316        371 2.7013e+00 0.0000e+00
      4.449    12.0258     7.7020     71.519  28.025078     37.825      6.764   286.3024     2.8346     3.5490     0.0205      0.100      4.361      6.325        372 2.6797e+00 0.0000e+00
      4.447    12.0258     7.6945     71.450  28.032163     37.862      6.767   286.2646     2.8265     3.4147     0.0205      0.085      4.362      6.326        373 2.6279e+00 0.0000e+00
      4.447    12.0260     7.6892     71.404  28.041621     37.862      6.770   286.7567     2.6850     3.3072     0.0205      0.068      4.362      6.327        374 2.5544e+00 0.0000e+00
      4.451    12.0260     7.7130     71.627  27.983661     37.787      6.773   286.7946     2.6769     3.4012     0.0204      0.050      4.366      6.332        375 2.4449e+00 0.0000e+00
      4.457    12.0264     7.7050     71.554  27.985702     37.786      6.775   286.7189     2.6931     3.3744     0.0204      0.034      4.373      6.342        376 2.3974e+00 0.0000e+00
      4.467    12.0268     7.7004     71.511  28.039079     37.862      6.771   286.6810     2.6850     3.2401     0.0205      0.023      4.385      6.360        377 2.2751e+00 0.0000e+00
      4.491    12.0270     7.6980     71.489  28.065472     37.899      6.775   286.7567     2.4343     3.2804     0.0205      0.022      4.406      6.392        378 2.0672e+00 0.0000e+00
      4.524    12.0273     7.7012     71.519  28.041801     37.861      6.774   286.9082     2.4222     3.3207     0.0205      0.032      4.435      6.433        379 1.9459e+00 0.0000e+00
      4.552    12.0270     7.6766     71.292  28.038891     37.861      6.771   287.1353     2.4343     3.3744     0.0205      0.049      4.464      6.474        380 1.8694e+00 0.0000e+00
      4.580    12.0270     7.6765     71.290  28.039445     37.861      6.764   287.2489     2.4424     3.3207     0.0205      0.067      4.492      6.515        381 1.7676e+00 0.0000e+00
      4.609    12.0273     7.6517     71.060  28.041111     37.861      6.764   287.4003     2.4100     3.3072     0.0205      0.084      4.521      6.558        382 1.6737e+00 0.0000e+00
      4.642    12.0279     7.6385     70.938  28.036817     37.861      6.760   287.6275     2.3656     3.3744     0.0205      0.099      4.556      6.609        383 1.6007e+00 0.0000e+00
      4.688    12.0296     7.6321     70.878  28.044789     37.861      6.752   288.6117     2.3615     3.3475     0.0205      0.114      4.600      6.671        384 1.4866e+00 0.0000e+00
      4.742    12.0310     7.6242     70.805  28.060840     37.898      6.740   289.3689     2.3696     3.3207     0.0205      0.130      4.647      6.740        385 1.3763e+00 0.0000e+00
      4.785    12.0315     7.6172     70.739  28.046492     37.858      6.736   288.8010     2.4262     3.3072     0.0205      0.141      4.690      6.803        386 1.3145e+00 0.0000e+00
      4.821    12.0316     7.6193     70.757  28.032997     37.857      6.732   289.0660     2.4586     3.4415     0.0205      0.150      4.729      6.859        387 1.2597e+00 0.0000e+00
      4.861    12.0317     7.6195     70.759  28.047986     37.856      6.730   289.0282     2.5354     3.5355     0.0205      0.158      4.768      6.916        388 1.1921e+00 0.0000e+00
      4.904    12.0320     7.6175     70.740  28.027839     37.856      6.729   289.4067     2.5030     3.6027     0.0205      0.164      4.809      6.974        389 1.1322e+00 0.0000e+00
      4.944    12.0323     7.6306     70.862  27.998774     37.781      6.725   289.5203     2.4950     3.4281     0.0204      0.167      4.849      7.033        390 1.0898e+00 0.0000e+00
      4.987    12.0325     7.6428     70.976  28.054509     37.894      6.722   289.8232     2.3575     3.5087     0.0205      0.167      4.888      7.090        391 1.0392e+00 0.0000e+00
      5.023    12.0326     7.6509     71.052  28.047421     37.855      6.722   289.5960     2.3575     3.4281     0.0205      0.162      4.924      7.142        392 9.7623e-01 0.0000e+00
      5.053    12.0328     7.6681     71.213  27.977948     37.780      6.724   289.3310     2.4100     3.5355     0.0204      0.155      4.955      7.187        393 9.3547e-01 0.0000e+00
      5.082    12.0328     7.6784     71.308  27.992729     37.780      6.724   289.3689     2.3575     3.4952     0.0204      0.150      4.983      7.227        394 9.0886e-01 0.0000e+00
      5.109    12.0328     7.6848     71.368  28.029025     37.855      6.724   289.4446     2.2523     3.2804     0.0205      0.143      5.011      7.267        395 8.7406e-01 0.0000e+00
      5.138    12.0321     7.6864     71.383  27.992074     37.780      6.725   289.1417     2.2362     3.3341     0.0204      0.135      5.040      7.310        396 8.4780e-01 0.0000e+00
      5.172    12.0313     7.6912     71.427  28.038715     37.855      6.723   289.3689     2.2443     3.3878     0.0205      0.128      5.074      7.359        397 8.1980e-01 0.0000e+00
      5.213    12.0310     7.6959     71.471  28.059925     37.894      6.719   289.5960     2.2443     3.3072     0.0205      0.125      5.110      7.412        398 7.9048e-01 0.0000e+00
      5.248    12.0308     7.6904     71.418  27.995328     37.781      6.717   289.8989     2.1391     3.2804     0.0204      0.125      5.145      7.463        399 7.7429e-01 0.0000e+00
      5.279    12.0310     7.6853     71.371  28.030161     37.857      6.717   289.6717     2.1027     3.2535     0.0205      0.126      5.177      7.509        400 7.6506e-01 0.0000e+00
      5.311    12.0315     7.6792     71.314  28.046223     37.857      6.718   289.6717     2.0987     3.3475     0.0205      0.129      5.207      7.553        401 7.4420e-01 0.0000e+00
      5.341    12.0321     7.6820     71.340  28.034635     37.857      6.711   288.9903     2.1027     3.2938     0.0205      0.131      5.236      7.594        402 7.4919e-01 0.0000e+00
      5.365    12.0326     7.6814     71.334  27.985286     37.781      6.711   288.5360     2.1351     3.3744     0.0204      0.129      5.258      7.625        403 7.8022e-01 0.0000e+00
      5.378    12.0329     7.6850     71.366  27.989047     37.780      6.715   288.6875     2.0946     3.2267     0.0204      0.121      5.272      7.645        404 8.1749e-01 0.0000e+00
      5.384    12.0330     7.6848     71.364  28.059604     37.893      6.715   288.2710     2.0987     3.4012     0.0205      0.107      5.279      7.655        405 8.3132e-01 0.0000e+00
      5.386    12.0329     7.6844     71.359  28.045719     37.855      6.717   288.3467     2.1229     3.4147     0.0205      0.089      5.282      7.660        406 8.6330e-01 0.0000e+00
      5.387    12.0326     7.6759     71.279  28.035975     37.855      6.721   288.0439     2.1149     3.2535     0.0205      0.069      5.283      7.663        407 9.2047e-01 0.0000e+00
      5.389    12.0321 -9.990e-29 -9.990e-29  28.131025     37.968      6.723   288.1953     2.2847     3.3072     0.0205      0.051      5.285      7.665        408 8.9657e-01 0.0000e+00
      5.390    12.0317 -9.990e-29 -9.990e-29  28.105318     37.968      6.727   288.0439     2.2928     3.3744     0.0205      0.033      5.286      7.666        409 9.2379e-01 0.0000e+00
      5.390    12.0314 -9.990e-29 -9.990e-29  28.008672     37.780      6.727   288.1196     2.3049     3.3744     0.0204      0.019      5.286      7.667        410 9.5713e-01 0.0000e+00
      5.391    12.0312 -9.990e-29 -9.990e-29  28.043763     37.894      6.732   287.7789     2.2968     3.2938     0.0205      0.010      5.287      7.668        411 9.3722e-01 0.0000e+00
      5.391    12.0310 -9.990e-29 -9.990e-29  28.002351     37.781      6.737   287.8167     2.1755     3.3610     0.0204      0.005      5.287      7.668        412 9.4379e-01 0.0000e+00
      5.391    12.0308 -9.990e-29 -9.990e-29  27.971266     37.781      6.738   287.7789     2.1998     3.2938     0.0204      0.003      5.287      7.668        413 9.6066e-01 0.0000e+00
      5.392    12.0304 -9.990e-29 -9.990e-29  27.993505     37.781      6.741   287.5139     2.1512     3.3610     0.0204      0.003      5.288      7.669        414 9.5411e-01 0.0000e+00
      5.392    12.0301 -9.990e-29 -9.990e-29  28.033970     37.857      6.744   287.7410     2.1876     3.3744     0.0205      0.002      5.288      7.670        415 9.5897e-01 0.0000e+00
      5.394    12.0297 -9.990e-29 -9.990e-29  28.039499     37.857      6.745   287.6653     2.3575     3.3207     0.0205      0.002      5.288      7.671        416 9.9871e-01 0.0000e+00
      5.393    12.0293 -9.990e-29 -9.990e-29  27.986624     37.782      6.745   287.6275     2.3858     3.3207     0.0204      0.002      5.288      7.671        417 9.8221e-01 0.0000e+00
      5.393 -9.990e-29 -9.990e-29 -9.990e-29  28.010828     37.820      6.749   287.4760     2.3898     3.2133     0.0205      0.001      5.289      7.672        418 9.7382e-01 0.0000e+00
      5.394 -9.990e-29 -9.990e-29 -9.990e-29  28.039026     37.859      6.750   287.7032     2.3575     3.4281     0.0205      0.002      5.289      7.672        419 9.9221e-01 0.0000e+00
