Data/DataNotYetUploadedToEDI/Raw_CTD/RawDownloads/102918_fcr45.cnv
* Sea-Bird SBE19plus  Data File:
* FileName = C:\DATA\101518_fcr_0016.hex
* Software version 2.6.3.104
* Temperature SN = 7809
* Conductivity SN = 7809
* System UpLoad Time = Oct 29 2018 16:41:22
* <ApplicationData>
* <Seaterm232>
# nquan = 17
# nvalues = 619                         
# units = specified
# name 0 = depFM: Depth [fresh water, m]
# name 1 = tv290C: Temperature [ITS-90, deg C]
# name 2 = sbeox0Mg/L: Oxygen, SBE 43 [mg/l]
# name 3 = sbeox0PS: Oxygen, SBE 43 [% saturation]
# name 4 = c0uS/cm: Conductivity [uS/cm]
# name 5 = specc: Specific Conductance [uS/cm]
# name 6 = ph: pH
# name 7 = orp: Oxidation Reduction Potential [mV]
# name 8 = flECO-AFL: Fluorescence, WET Labs ECO-AFL/FL [mg/m^3]
# name 9 = turbWETntu0: Turbidity, WET Labs ECO [NTU]
# name 10 = sal00: Salinity, Practical [PSU]
# name 11 = dz/dtM: Descent Rate [m/s]
# name 12 = prdM: Pressure, Strain Gauge [db]
# name 13 = prdE: Pressure, Strain Gauge [psi]
# name 14 = scan: Scan Count
# name 15 = par/sat/log: PAR/Logarithmic, Satlantic
# name 16 = flag:  0.000e+00
# span 0 =     -0.625,      7.542       
# span 1 =    10.7983,    12.3484       
# span 2 =     5.1551,    10.7299       
# span 3 =     47.912,     97.346       
# span 4 =   0.815341,  28.465214       
# span 5 =      1.608,     38.613       
# span 6 =     -2.970,      7.752       
# span 7 = -1240.7455,  1240.2295       
# span 8 =    -1.9207,     2.8468       
# span 9 =    -6.5354,     9.4975       
# span 10 =     0.0057,     0.0207      
# span 11 =     -0.193,      0.254      
# span 12 =     -0.612,      7.395      
# span 13 =     -0.888,     10.725      
# span 14 =          1,        619      
# span 15 = 1.2056e-01, 2.3288e+03      
# span 16 = 0.0000e+00, 0.0000e+00      
# interval = seconds: 0.25
# start_time = Oct 29 2018 15:15:16 [Instrument's time stamp, header]
# bad_flag = -9.990e-29
*END*
[from data line 596]
      7.168    11.9986     7.3960     68.632  28.169417     38.078      6.633   303.3761     1.5771     3.5490     0.0206      0.103      7.028     10.193        597 2.2555e-01 0.0000e+00
      7.204    11.9984     7.3974     68.645  28.133264     38.003      6.632   303.6411     1.5973     3.4684     0.0205      0.112      7.062     10.242        598 2.0016e-01 0.0000e+00
      7.230    11.9985     7.4011     68.679  28.115121     38.003      6.630   303.4896     1.6215     3.4818     0.0205      0.121      7.087     10.279        599 1.8372e-01 0.0000e+00
      7.247    11.9984     7.4060     68.725  28.132702     38.003      6.631   302.8082     1.6094     3.5087     0.0205      0.124      7.107     10.308        600 1.6541e-01 0.0000e+00
      7.266    11.9982     7.3989     68.659  28.170682     38.079      6.631   302.8461     1.4436     3.4684     0.0206      0.123      7.127     10.337        601 1.6936e-01 0.0000e+00
      7.289    11.9981     7.3953     68.625  28.127152     38.004      6.635   302.7704     1.4598     3.5221     0.0205      0.116      7.148     10.367        602 1.8574e-01 0.0000e+00
      7.311    11.9982     7.3939     68.612  28.127580     38.004      6.637   302.4296     1.4396     3.4818     0.0205      0.106      7.171     10.401        603 1.8400e-01 0.0000e+00
      7.338    11.9983     7.3929     68.603  28.170150     38.079      6.638   302.9218     1.4638     3.4281     0.0206      0.096      7.196     10.437        604 1.3866e-01 0.0000e+00
      7.364    11.9983     7.3973     68.643  28.133469     38.004      6.637   302.7325     1.4396     3.5355     0.0205      0.091      7.222     10.474        605 1.3600e-01 0.0000e+00
      7.390    11.9983     7.3969     68.639  28.173229     38.079      6.634   302.8461     1.4719     3.4550     0.0206      0.090      7.248     10.512        606 1.7125e-01 0.0000e+00
      7.418    11.9982     7.3892     68.568  28.179967     38.079      6.630   303.1111     1.4517     3.5758     0.0206      0.093      7.275     10.551        607 1.4001e-01 0.0000e+00
      7.446    11.9981 -9.990e-29 -9.990e-29  28.125084     38.004      6.628   302.8082     1.4517     3.4952     0.0205      0.098      7.301     10.590        608 1.4392e-01 0.0000e+00
      7.472    11.9981 -9.990e-29 -9.990e-29  28.122936     38.004      6.628   301.8618     1.4881     3.4952     0.0205      0.102      7.325     10.625        609 1.3593e-01 0.0000e+00
      7.493    11.9979 -9.990e-29 -9.990e-29  28.123343     38.004      6.630   301.4453     1.4315     3.5221     0.0205      0.103      7.345     10.654        610 1.2770e-01 0.0000e+00
      7.507    11.9979 -9.990e-29 -9.990e-29  28.124578     38.004      6.634   301.3696     1.4517     3.4550     0.0205      0.099      7.359     10.673        611 1.4416e-01 0.0000e+00
      7.512    11.9980 -9.990e-29 -9.990e-29  28.180695     38.079      6.638   301.4453     1.4517     3.5758     0.0206      0.091      7.366     10.683        612 1.2550e-01 0.0000e+00
      7.514    11.9978 -9.990e-29 -9.990e-29  28.172099     38.079      6.642   301.2561     1.4517     3.5221     0.0206      0.078      7.369     10.687        613 1.2714e-01 0.0000e+00
      7.517    11.9977 -9.990e-29 -9.990e-29  28.135277     38.004      6.642   301.1046     1.7307     3.4281     0.0205      0.063      7.372     10.692        614 1.2787e-01 0.0000e+00
      7.521    11.9978 -9.990e-29 -9.990e-29  28.167223     38.080      6.644   300.8018     1.7145     3.5221     0.0206      0.048      7.377     10.698        615 1.2925e-01 0.0000e+00
      7.528    11.9978 -9.990e-29 -9.990e-29  28.191639     38.080      6.648   300.5368     1.7145     3.4684     0.0206      0.035      7.383     10.707        616 1.2056e-01 0.0000e+00
      7.535    11.9977 -9.990e-29 -9.990e-29  28.164188     38.080      6.648   300.6503     1.7064     3.6295     0.0206      0.026      7.388     10.716        617 1.3395e-01 0.0000e+00
      7.540 -9.990e-29 -9.990e-29 -9.990e-29  28.142087     38.004      6.651   300.2718     1.4517     3.4684     0.0205      0.020      7.393     10.723        618 1.5198e-01 0.0000e+00
      7.542 -9.990e-29 -9.990e-29 -9.990e-29  28.159847     38.080      6.652   300.5368     1.4436     3.5221     0.0206      0.018      7.395     10.725        619 1.3728e-01 0.0000e+00
