Data/DataNotYetUploadedToEDI/Raw_CTD/RawDownloads/102918_fcr20.cnv
* Sea-Bird SBE19plus  Data File:
* FileName = C:\DATA\101518_fcr_0014.hex
* Software version 2.6.3.104
* Temperature SN = 7809
* Conductivity SN = 7809
* System UpLoad Time = Oct 29 2018 16:40:47
* <ApplicationData>
* <Seaterm232>
# nquan = 17
# nvalues = 359                         
# units = specified
# name 0 = depFM: Depth [fresh water, m]
# name 1 = tv290C: Temperature [ITS-90, deg C]
# name 2 = sbeox0Mg/L: Oxygen, SBE 43 [mg/l]
# name 3 = sbeox0PS: Oxygen, SBE 43 [% saturation]
# name 4 = c0uS/cm: Conductivity [uS/cm]
# name 5 = specc: Specific Conductance [uS/cm]
# name 6 = ph: pH
# name 7 = orp: Oxidation Reduction Potential [mV]
# name 8 = flECO-AFL: Fluorescence, WET Labs ECO-AFL/FL [mg/m^3]
# name 9 = turbWETntu0: Turbidity, WET Labs ECO [NTU]
# name 10 = sal00: Salinity, Practical [PSU]
# name 11 = dz/dtM: Descent Rate [m/s]
# name 12 = prdM: Pressure, Strain Gauge [db]
# name 13 = prdE: Pressure, Strain Gauge [psi]
# name 14 = scan: Scan Count
# name 15 = par/sat/log: PAR/Logarithmic, Satlantic
# name 16 = flag:  0.000e+00
# span 0 =     -0.631,      3.115       
# span 1 =    10.4355,    12.1365       
# span 2 =     5.5499,    10.7995       
# span 3 =     51.268,    100.003       
# span 4 =   0.930262,  28.128576       
# span 5 =      1.308,     38.136       
# span 6 =      5.878,      9.852       
# span 7 =  -366.8866,  1240.2295       
# span 8 =    -1.3991,     3.8213       
# span 9 =    -0.1169,   114.6920       
# span 10 =     0.0055,     0.0205      
# span 11 =     -0.287,      0.223      
# span 12 =     -0.619,      3.054      
# span 13 =     -0.898,      4.430      
# span 14 =          1,        359      
# span 15 = 9.8168e+00, 2.0349e+03      
# span 16 = 0.0000e+00, 0.0000e+00      
# interval = seconds: 0.25
# start_time = Oct 29 2018 14:33:59 [Instrument's time stamp, header]
# bad_flag = -9.990e-29
*END*
[from data line 256]
      1.032    12.0618     8.0436     74.749  27.979655     37.750      6.894   264.6481     3.8213     3.3072     0.0204      0.071      1.012      1.467        257 1.6570e+02 0.0000e+00
      1.038    12.0621     8.0436     74.749  27.934889     37.675      6.893   264.4967     3.7970     3.1998     0.0204      0.058      1.017      1.476        258 1.3659e+02 0.0000e+00
      1.042    12.0622     8.0469     74.780  27.919900     37.675      6.895   264.9888     3.7849     3.2535     0.0204      0.048      1.022      1.483        259 1.3801e+02 0.0000e+00
      1.049    12.0623     8.0495     74.804  27.939012     37.674      6.897   265.0645     3.7768     3.2670     0.0204      0.040      1.028      1.491        260 1.5109e+02 0.0000e+00
      1.054    12.0627     8.0556     74.861  27.970400     37.750      6.896   264.9510     3.7768     3.2401     0.0204      0.033      1.033      1.498        261 1.3423e+02 0.0000e+00
      1.057    12.0630     8.0615     74.916  27.940134     37.674      6.897   265.2160     3.8051     3.3072     0.0204      0.026      1.036      1.503        262 1.2342e+02 0.0000e+00
      1.057    12.0624     8.0646     74.944  27.976678     37.749      6.897   265.4431     3.7930     3.3475     0.0204      0.021      1.038      1.505        263 1.1862e+02 0.0000e+00
      1.059    12.0620     8.0685     74.982  27.984218     37.749      6.900   265.1781     3.7808     3.3207     0.0204      0.017      1.039      1.506        264 1.3169e+02 0.0000e+00
      1.060    12.0620     8.0680     74.977  27.930750     37.674      6.898   265.4810     3.5140     3.2804     0.0204      0.014      1.039      1.507        265 1.3614e+02 0.0000e+00
      1.060    12.0617     8.0687     74.982  27.924627     37.674      6.897   266.1245     3.5584     3.2535     0.0204      0.011      1.039      1.507        266 1.2229e+02 0.0000e+00
      1.060    12.0616     8.0724     75.015  27.932542     37.674      6.898   266.2002     3.5018     3.3475     0.0204      0.008      1.039      1.507        267 1.2909e+02 0.0000e+00
      1.060    12.0618     8.0757     75.045  27.980194     37.750      6.899   266.3895     3.5342     3.3475     0.0204      0.005      1.042      1.511        268 1.3071e+02 0.0000e+00
      1.067    12.0617     8.0735     75.023  27.983917     37.750      6.899   266.3895     3.6474     3.1327     0.0204      0.004      1.049      1.521        269 1.1565e+02 0.0000e+00
      1.080    12.0616     8.0732     75.020  27.927910     37.675      6.902   266.5788     3.6595     3.0655     0.0204      0.008      1.060      1.537        270 1.2270e+02 0.0000e+00
      1.094    12.0617     8.0785     75.069  27.931303     37.675      6.903   266.8438     3.6878     3.1461     0.0204      0.015      1.077      1.562        271 1.3174e+02 0.0000e+00
      1.121    12.0618     8.0830     75.111  27.920400     37.675      6.904   266.9195     3.6636     3.0924     0.0204      0.026      1.101      1.597        272 1.0494e+02 0.0000e+00
      1.152    12.0618     8.0836     75.115  27.941481     37.675      6.904   266.8817     3.6434     3.2535     0.0204      0.042      1.130      1.639        273 1.0297e+02 0.0000e+00
      1.184    12.0621     8.0827     75.106  27.994011     37.788      6.904   266.9195     3.6393     3.3207     0.0205      0.060      1.160      1.683        274 1.1858e+02 0.0000e+00
      1.214    12.0620     8.0822     75.100  27.943968     37.675      6.903   267.0710     3.6636     3.2804     0.0204      0.078      1.189      1.725        275 9.7242e+01 0.0000e+00
      1.242    12.0613     8.0908     75.180  27.914815     37.674      6.899   267.7524     3.6757     3.2938     0.0204      0.094      1.213      1.760        276 9.5148e+01 0.0000e+00
      1.256    12.0607     8.0906     75.178  27.941350     37.674      6.896   267.7524     3.6514     3.2804     0.0204      0.101      1.228      1.782        277 1.0955e+02 0.0000e+00
      1.260    12.0601     8.0986     75.252  27.970241     37.750      6.893   267.1088     3.5180     3.2804     0.0204      0.099      1.236      1.793        278 9.6699e+01 0.0000e+00
      1.266    12.0596     8.0955     75.223  27.938155     37.676      6.892   267.7145     3.5180     3.2535     0.0204      0.090      1.242      1.802        279 9.5606e+01 0.0000e+00
      1.274    12.0593     8.1004     75.269  27.981281     37.752      6.892   267.7524     3.5423     3.3744     0.0204      0.075      1.250      1.813        280 1.0154e+02 0.0000e+00
      1.284    12.0590     8.1039     75.302  28.005515     37.790      6.890   267.6010     3.5342     3.3072     0.0205      0.060      1.260      1.828        281 9.6877e+01 0.0000e+00
      1.297    12.0587     8.1005     75.271  27.937644     37.677      6.894   267.9795     3.4735     3.1998     0.0204      0.048      1.274      1.848        282 8.8245e+01 0.0000e+00
      1.318    12.0581     8.0972     75.240  27.917507     37.677      6.895   267.8281     3.4331     3.2535     0.0204      0.043      1.294      1.877        283 9.2597e+01 0.0000e+00
      1.344    12.0576     8.0980     75.247  27.941634     37.678      6.897   267.9795     3.4695     3.3475     0.0204      0.045      1.319      1.912        284 9.9513e+01 0.0000e+00
      1.372    12.0572     8.0973     75.240  27.966916     37.754      6.894   268.3203     3.4614     3.2535     0.0204      0.055      1.344      1.950        285 8.6717e+01 0.0000e+00
      1.396    12.0569     8.0909     75.180  27.945340     37.679      6.894   268.8881     3.3037     3.2401     0.0204      0.068      1.367      1.981        286 8.4213e+01 0.0000e+00
      1.411    12.0570     8.0966     75.234  27.968484     37.755      6.895   268.2824     3.3441     3.3744     0.0204      0.076      1.384      2.006        287 9.0377e+01 0.0000e+00
      1.426    12.0570     8.0968     75.236  27.938114     37.680      6.894   268.4338     3.3441     3.2267     0.0204      0.081      1.398      2.028        288 8.9806e+01 0.0000e+00
      1.440    12.0568     8.0937     75.207  27.923840     37.679      6.890   268.8881     3.3199     3.3341     0.0204      0.082      1.413      2.049        289 8.5098e+01 0.0000e+00
      1.455    12.0569     8.0880     75.154  27.926952     37.679      6.893   268.4717     3.2835     3.3341     0.0204      0.078      1.430      2.074        290 8.3822e+01 0.0000e+00
      1.481    12.0571     8.0802     75.080  27.934241     37.680      6.894   268.4338     3.2794     3.2804     0.0204      0.075      1.454      2.108        291 7.7258e+01 0.0000e+00
      1.509    12.0571     8.0644     74.933  27.914769     37.679      6.890   268.3581     3.2754     3.4012     0.0204      0.074      1.479      2.145        292 7.1798e+01 0.0000e+00
      1.535    12.0571     8.0547     74.841  27.891889     37.604      6.890   268.9638     3.2996     3.3207     0.0204      0.076      1.502      2.178        293 7.3712e+01 0.0000e+00
      1.549    12.0569     8.0481     74.779  27.962714     37.755      6.880   269.0774     3.3239     3.3475     0.0204      0.078      1.518      2.202        294 7.9607e+01 0.0000e+00
      1.560    12.0566     8.0432     74.734  27.945220     37.679      6.869   268.9260     3.3279     3.3610     0.0204      0.079      1.529      2.218        295 8.2861e+01 0.0000e+00
      1.569    12.0566     8.0517     74.811  27.913660     37.680      6.871   269.3045     3.3118     3.3072     0.0204      0.077      1.541      2.234        296 7.5537e+01 0.0000e+00
      1.584    12.0569     8.0562     74.851  27.942694     37.680      6.868   269.1531     3.3118     3.3744     0.0204      0.073      1.557      2.259        297 7.2105e+01 0.0000e+00
      1.611    12.0571     8.0628     74.910  27.968385     37.755      6.874   269.0017     3.2916     3.2267     0.0204      0.071      1.582      2.295        298 7.0724e+01 0.0000e+00
      1.645    12.0573     8.0731     75.001  27.940984     37.679      6.871   269.3045     3.3199     3.2267     0.0204      0.071      1.612      2.338        299 6.5938e+01 0.0000e+00
      1.672    12.0571     8.0788     75.050  27.976792     37.755      6.872   269.4938     3.3118     3.2267     0.0204      0.074      1.640      2.378        300 5.8883e+01 0.0000e+00
      1.698    12.0563     8.0803     75.062  28.012766     37.792      6.869   269.6831     3.3199     3.3072     0.0205      0.081      1.666      2.416        301 5.8018e+01 0.0000e+00
      1.726    12.0556     8.0775     75.036  27.985160     37.755      6.865   269.8345     3.3401     3.4012     0.0204      0.091      1.692      2.455        302 6.0072e+01 0.0000e+00
      1.752    12.0551     8.0741     75.007  27.981500     37.756      6.867   270.2510     3.3482     3.3341     0.0204      0.100      1.716      2.490        303 5.6768e+01 0.0000e+00
      1.772    12.0548     8.0736     74.998  27.987673     37.756      6.863   270.0238     3.3441     3.3475     0.0204      0.104      1.738      2.521        304 5.6418e+01 0.0000e+00
      1.794    12.0544     8.0737     74.990  27.977478     37.757      6.864   270.0238     3.3482     3.2267     0.0204      0.104      1.760      2.553        305 5.3668e+01 0.0000e+00
      1.819    12.0540     8.0752     74.994  27.994187     37.757      6.864   270.1753     3.3279     3.2401     0.0204      0.100      1.783      2.586        306 5.1967e+01 0.0000e+00
      1.842    12.0529     8.0756     74.992  27.996527     37.795      6.863   270.2131     3.2916     3.3072     0.0205      0.096      1.805      2.618        307 5.0506e+01 0.0000e+00
      1.861    12.0508     8.0719     74.953  27.944919     37.683      6.865   270.3267     3.2754     3.2670     0.0204      0.092      1.825      2.647        308 4.6383e+01 0.0000e+00
      1.881    12.0484     8.0721     74.952  27.969472     37.759      6.869   270.2888     3.2875     3.2267     0.0204      0.089      1.847      2.678        309 4.6157e+01 0.0000e+00
      1.906    12.0464     8.0745     74.972  27.995621     37.761      6.871   270.4403     3.2673     3.2267     0.0204      0.087      1.872      2.714        310 4.4172e+01 0.0000e+00
      1.937    12.0450     8.0666     74.897  27.971673     37.764      6.868   270.9324     3.3360     3.1864     0.0204      0.089      1.902      2.758        311 4.0905e+01 0.0000e+00
      1.974    12.0456     8.0608     74.842  27.939979     37.690      6.867   270.8945     3.3441     3.2267     0.0204      0.095      1.935      2.806        312 3.8557e+01 0.0000e+00
      2.006    12.0466     8.0541     74.778  27.975769     37.767      6.862   270.7053     3.3239     3.2267     0.0204      0.101      1.965      2.850        313 3.7313e+01 0.0000e+00
      2.030    12.0443     8.0507     74.745  27.986431     37.767      6.859   270.8945     3.3441     3.3207     0.0204      0.106      1.991      2.887        314 3.6641e+01 0.0000e+00
      2.055    12.0387     8.0482     74.721  27.986006     37.765      6.863   270.7431     3.3037     3.3475     0.0204      0.110      2.015      2.922        315 3.5789e+01 0.0000e+00
      2.080    12.0331     8.0437     74.679  27.976297     37.768      6.861   271.3110     3.3239     3.2938     0.0204      0.112      2.039      2.957        316 3.4978e+01 0.0000e+00
      2.104    12.0296     8.0389     74.632  27.939219     37.698      6.866   271.7274     3.3724     3.3207     0.0204      0.111      2.063      2.992        317 3.4343e+01 0.0000e+00
      2.126    12.0272     8.0377     74.620  27.972855     37.779      6.867   271.6138     3.3360     3.3072     0.0204      0.107      2.086      3.025        318 3.3610e+01 0.0000e+00
      2.150    12.0250     8.0371     74.613  27.934439     37.707      6.867   271.7274     3.3279     3.2938     0.0204      0.102      2.110      3.060        319 3.2960e+01 0.0000e+00
      2.177    12.0236     8.0283     74.531  27.927734     37.710      6.867   271.5760     3.3199     3.1461     0.0204      0.097      2.136      3.097        320 3.2027e+01 0.0000e+00
      2.205    12.0229     8.0197     74.453  27.981201     37.788      6.867   271.7274     3.3279     3.0521     0.0204      0.096      2.162      3.136        321 3.1002e+01 0.0000e+00
      2.233    12.0222     8.0191     74.448  27.986491     37.789      6.870   271.8410     3.3360     3.0924     0.0204      0.098      2.190      3.176        322 2.9628e+01 0.0000e+00
      2.263    12.0212     8.0112     74.372  27.921151     37.714      6.870   272.0681     3.3279     3.0521     0.0204      0.101      2.217      3.216        323 2.9164e+01 0.0000e+00
      2.287    12.0198     8.0056     74.318  27.884630     37.639      6.873   272.3331     3.4088     3.3207     0.0204      0.103      2.243      3.254        324 2.8807e+01 0.0000e+00
      2.314    12.0196     8.0076     74.336  27.913349     37.716      6.870   272.6360     3.3967     3.3207     0.0204      0.105      2.271      3.294        325 2.7125e+01 0.0000e+00
      2.348    12.0196     8.0102     74.358  27.944708     37.717      6.865   272.4088     3.4048     3.2267     0.0204      0.108      2.303      3.341        326 2.5733e+01 0.0000e+00
      2.385    12.0185     8.0108     74.361  27.964199     37.793      6.868   273.0524     3.4250     3.2804     0.0204      0.113      2.338      3.391        327 2.4797e+01 0.0000e+00
      2.419    12.0175     8.0149     74.397  27.889094     37.642      6.864   272.9388     3.1986     3.2804     0.0204      0.117      2.370      3.437        328 2.4203e+01 0.0000e+00
      2.446    12.0169     8.0183     74.428  27.919583     37.719      6.866   273.2417     3.2309     3.3072     0.0204      0.119      2.398      3.478        329 2.3238e+01 0.0000e+00
      2.472    12.0169     8.0145     74.394  27.926255     37.720      6.862   273.2038     3.1905     3.2267     0.0204      0.120      2.423      3.514        330 2.2444e+01 0.0000e+00
      2.495    12.0180     8.0076     74.335  27.880790     37.645      6.862   273.5067     3.1905     3.2535     0.0204      0.119      2.449      3.551        331 2.1898e+01 0.0000e+00
      2.524    12.0183     8.0040     74.300  27.916869     37.720      6.862   273.5824     3.1541     3.3072     0.0204      0.118      2.476      3.591        332 2.1376e+01 0.0000e+00
      2.554    12.0167     7.9939     74.203  27.881357     37.644      6.863   273.5446     3.1419     3.3878     0.0204      0.115      2.504      3.631        333 2.0730e+01 0.0000e+00
      2.581    12.0156     7.9928     74.191  27.865689     37.643      6.859   273.5824     3.1460     3.3207     0.0204      0.111      2.531      3.670        334 1.9922e+01 0.0000e+00
      2.606    12.0152     7.9927     74.188  27.877072     37.645      6.858   273.5067     3.1460     3.3207     0.0204      0.107      2.557      3.709        335 1.9161e+01 0.0000e+00
      2.635    12.0142     8.0045     74.295  27.867194     37.646      6.855   273.3553     3.2754     3.3207     0.0204      0.106      2.585      3.750        336 1.8303e+01 0.0000e+00
      2.667    12.0125     8.0140     74.381  27.818688     37.571      6.854   273.5824     3.2713     3.1998     0.0204      0.108      2.615      3.793        337 1.7753e+01 0.0000e+00
      2.697    12.0110     8.0214     74.447  27.759552     37.497      6.852   273.5067     3.2633     3.3207     0.0203      0.111      2.645      3.836        338 1.7297e+01 0.0000e+00
      2.728    12.0111     8.0313     74.529  27.822200     37.574      6.850   273.5067     3.2673     3.3610     0.0204      0.113      2.675      3.880        339 1.6648e+01 0.0000e+00
      2.759    12.0122     8.0243     74.454  27.859315     37.651      6.851   273.7717     3.2592     3.3744     0.0204      0.115      2.705      3.923        340 1.6070e+01 0.0000e+00
