Data/DataNotYetUploadedToEDI/Raw_CTD/RawDownloads/102918_fcr50.cnv
* Sea-Bird SBE19plus  Data File:
* FileName = C:\DATA\101518_fcr_0017.hex
* Software version 2.6.3.104
* Temperature SN = 7809
* Conductivity SN = 7809
* System UpLoad Time = Oct 29 2018 16:41:46
* <ApplicationData>
* <Seaterm232>
# nquan = 17
# nvalues = 695                         
# units = specified
# name 0 = depFM: Depth [fresh water, m]
# name 1 = tv290C: Temperature [ITS-90, deg C]
# name 2 = sbeox0Mg/L: Oxygen, SBE 43 [mg/l]
# name 3 = sbeox0PS: Oxygen, SBE 43 [% saturation]
# name 4 = c0uS/cm: Conductivity [uS/cm]
# name 5 = specc: Specific Conductance [uS/cm]
# name 6 = ph: pH
# name 7 = orp: Oxidation Reduction Potential [mV]
# name 8 = flECO-AFL: Fluorescence, WET Labs ECO-AFL/FL [mg/m^3]
# name 9 = turbWETntu0: Turbidity, WET Labs ECO [NTU]
# name 10 = sal00: Salinity, Practical [PSU]
# name 11 = dz/dtM: Descent Rate [m/s]
# name 12 = prdM: Pressure, Strain Gauge [db]
# name 13 = prdE: Pressure, Strain Gauge [psi]
# name 14 = scan: Scan Count
# name 15 = par/sat/log: PAR/Logarithmic, Satlantic
# name 16 = flag:  0.000e+00
# span 0 =     -0.615,      9.687       
# span 1 =    11.0905,    12.4389       
# span 2 =     5.4846,    10.7004       
# span 3 =     51.075,     99.976       
# span 4 =   0.741854,  35.864599       
# span 5 =      1.005,     48.975       
# span 6 =      5.786,      8.112       
# span 7 =    -9.6655,  1240.2295       
# span 8 =    -0.2143,     2.5394       
# span 9 =    -0.3183,    13.7676       
# span 10 =     0.0059,     0.0253      
# span 11 =     -0.216,      0.281      
# span 12 =     -0.602,      9.498      
# span 13 =     -0.874,     13.776      
# span 14 =          1,        695      
# span 15 = 1.2202e-01, 1.8927e+02      
# span 16 = 0.0000e+00, 0.0000e+00      
# interval = seconds: 0.25
# start_time = Oct 29 2018 15:36:16 [Instrument's time stamp, header]
# bad_flag = -9.990e-29
*END*
[from data line 426]
      4.259    12.0019     7.3817     68.505  28.118296     38.000      6.754   279.0717     2.5111     3.4952     0.0205      0.082      4.177      6.058        427 1.8023e+00 0.0000e+00
      4.279    12.0020     7.3831     68.516  28.132065     38.000      6.760   279.3367     2.5394     3.5490     0.0205      0.081      4.197      6.088        428 1.7573e+00 0.0000e+00
      4.303    12.0019     7.3841     68.525  28.168900     38.075      6.757   279.8289     2.5233     3.5490     0.0206      0.081      4.220      6.121        429 1.6963e+00 0.0000e+00
      4.328    12.0021     7.3857     68.539  28.131752     38.000      6.755   279.9046     2.5394     3.6027     0.0205      0.082      4.246      6.158        430 1.6670e+00 0.0000e+00
      4.358    12.0019     7.3878     68.558  28.119001     38.000      6.753   279.1853     2.5192     3.5624     0.0205      0.085      4.273      6.197        431 1.6372e+00 0.0000e+00
      4.383    12.0017     7.3915     68.593  28.125474     38.000      6.752   279.2610     2.5030     3.6027     0.0205      0.088      4.296      6.231        432 1.5960e+00 0.0000e+00
      4.401    12.0017     7.3983     68.656  28.123695     38.000      6.751   279.2610     2.4667     3.6027     0.0205      0.091      4.316      6.260        433 1.5648e+00 0.0000e+00
      4.420    12.0017     7.3935     68.611  28.180509     38.076      6.749   279.5260     2.4505     3.6564     0.0206      0.092      4.335      6.287        434 1.5200e+00 0.0000e+00
      4.441    12.0017     7.3931     68.607  28.114065     38.000      6.750   280.0181     2.4545     3.6295     0.0205      0.092      4.354      6.315        435 1.4970e+00 0.0000e+00
      4.458    12.0017     7.4026     68.695  28.058146     37.887      6.748   280.3210     2.4464     3.5758     0.0205      0.089      4.372      6.340        436 1.4573e+00 0.0000e+00
      4.475    12.0014     7.4075     68.739  28.161159     38.076      6.749   279.2610     2.3090     3.5221     0.0206      0.084      4.388      6.364        437 1.4518e+00 0.0000e+00
      4.491    12.0009     7.4057     68.723  28.193404     38.076      6.748   279.1853     2.3009     3.5758     0.0206      0.078      4.404      6.388        438 1.4345e+00 0.0000e+00
      4.506    12.0003     7.3995     68.667  28.166256     38.076      6.750   279.6774     2.3292     3.6161     0.0206      0.072      4.419      6.410        439 1.3858e+00 0.0000e+00
      4.522    12.0000     7.3877     68.558  28.135647     38.001      6.748   279.4503     2.3332     3.5221     0.0205      0.068      4.434      6.431        440 1.3757e+00 0.0000e+00
      4.537    12.0000     7.3902     68.580  28.112903     38.001      6.749   279.4124     2.3211     3.6027     0.0205      0.066      4.449      6.452        441 1.3718e+00 0.0000e+00
      4.550    11.9998     7.3827     68.510  28.135264     38.002      6.750   279.7531     2.3332     3.6564     0.0205      0.063      4.463      6.472        442 1.3614e+00 0.0000e+00
      4.565    11.9998     7.3741     68.431  28.107820     38.002      6.750   279.7153     2.3251     3.5758     0.0205      0.061      4.478      6.495        443 1.3563e+00 0.0000e+00
      4.583    11.9996     7.3666     68.363  28.087761     37.927      6.751   280.5860     2.3130     3.6027     0.0205      0.060      4.496      6.520        444 1.3461e+00 0.0000e+00
      4.603    11.9994     7.3555     68.260  28.100931     38.002      6.753   280.0560     2.1917     3.3475     0.0205      0.061      4.516      6.550        445 1.2678e+00 0.0000e+00
      4.628    11.9991     7.3537     68.244  28.061783     37.889      6.750   280.5103     2.1917     3.2938     0.0205      0.065      4.537      6.581        446 1.2445e+00 0.0000e+00
      4.649    11.9987     7.3539     68.246  28.106834     38.002      6.748   279.8289     2.2200     3.3744     0.0205      0.069      4.558      6.610        447 1.2385e+00 0.0000e+00
      4.666    11.9989     7.3538     68.245  28.133810     38.003      6.748   280.1696     2.1917     3.4147     0.0205      0.072      4.576      6.637        448 1.1940e+00 0.0000e+00
      4.685    11.9994     7.3573     68.278  28.117156     38.003      6.745   280.3210     2.2079     3.2938     0.0205      0.075      4.595      6.665        449 1.1979e+00 0.0000e+00
      4.707    11.9997     7.3711     68.406  28.127561     38.003      6.746   280.0181     2.2928     3.5758     0.0205      0.078      4.618      6.698        450 1.1691e+00 0.0000e+00
      4.736    11.9995     7.3828     68.514  28.120862     38.002      6.744   282.7060     2.3170     3.5758     0.0205      0.082      4.644      6.736        451 1.1171e+00 0.0000e+00
      4.764    11.9994     7.3943     68.620  28.125493     38.002      6.739   281.7217     2.3292     3.6295     0.0205      0.086      4.672      6.777        452 1.0973e+00 0.0000e+00
      4.794    11.9998     7.4021     68.693  28.121797     38.002      6.736   282.6682     2.3292     3.6967     0.0205      0.091      4.701      6.817        453 1.0751e+00 0.0000e+00
      4.821    12.0003     7.4109     68.774  28.184757     38.078      6.735   282.4410     2.3292     3.6967     0.0206      0.095      4.726      6.854        454 1.0155e+00 0.0000e+00
      4.841    12.0009     7.4125     68.788  28.165733     38.078      6.730   281.7217     2.2968     3.6295     0.0206      0.099      4.746      6.884        455 9.7206e-01 0.0000e+00
      4.859    12.0013     7.4142     68.803  28.056529     37.888      6.729   281.3431     2.3130     3.5221     0.0205      0.100      4.763      6.909        456 9.5124e-01 0.0000e+00
      4.873    12.0010     7.4125     68.787  28.172420     38.076      6.728   284.8639     2.3211     3.5221     0.0206      0.097      4.778      6.930        457 9.5992e-01 0.0000e+00
      4.884    12.0010     7.4073     68.739  28.169748     38.076      6.730   283.3117     2.2119     3.5221     0.0206      0.089      4.791      6.948        458 9.6337e-01 0.0000e+00
      4.898    12.0013     7.4056     68.723  28.059853     37.887      6.732   283.5767     2.1553     3.4684     0.0205      0.079      4.806      6.971        459 8.7881e-01 0.0000e+00
      4.921    12.0014     7.4031     68.700  28.101646     38.001      6.734   283.6903     2.1957     3.6429     0.0205      0.072      4.828      7.001        460 8.6185e-01 0.0000e+00
      4.949    12.0013     7.3990     68.662  28.147386     38.001      6.733   284.0689     2.1876     3.5355     0.0205      0.069      4.854      7.039        461 8.6971e-01 0.0000e+00
      4.978    12.0010     7.3939     68.614  28.151171     38.076      6.728   282.2896     2.2968     3.5221     0.0206      0.072      4.881      7.079        462 8.1708e-01 0.0000e+00
      5.004    12.0006     7.3869     68.548  28.067289     37.887      6.727   282.5546     2.3090     3.4952     0.0205      0.078      4.908      7.118        463 8.0339e-01 0.0000e+00
      5.033    12.0003     7.3850     68.530  28.103538     38.001      6.727   285.7724     2.3049     3.5758     0.0205      0.087      4.934      7.156        464 7.8817e-01 0.0000e+00
      5.057    11.9999     7.3876     68.554  28.135708     38.001      6.722   285.2046     2.3211     3.5490     0.0205      0.095      4.957      7.190        465 7.6680e-01 0.0000e+00
      5.074    11.9995     7.3868     68.546  28.116197     38.002      6.723   285.3182     2.5071     3.5892     0.0205      0.099      4.975      7.216        466 7.3858e-01 0.0000e+00
      5.090    11.9993     7.3871     68.549  28.127819     38.002      6.725   285.3939     2.5192     3.5355     0.0205      0.098      4.991      7.239        467 7.1731e-01 0.0000e+00
      5.106    11.9993     7.3928     68.602  28.121244     38.002      6.725   284.2960     2.4950     3.6295     0.0205      0.092      5.006      7.261        468 7.1542e-01 0.0000e+00
      5.120    11.9993     7.4016     68.684  28.124380     38.002      6.726   284.1824     2.5192     3.5758     0.0205      0.083      5.019      7.280        469 6.9725e-01 0.0000e+00
      5.127    11.9995     7.4042     68.708  28.123917     38.003      6.729   284.7882     2.4950     3.6295     0.0205      0.073      5.030      7.296        470 6.8285e-01 0.0000e+00
      5.141    11.9995     7.4069     68.732  28.121820     38.003      6.729   285.6210     2.2604     3.4415     0.0205      0.065      5.045      7.316        471 7.0448e-01 0.0000e+00
      5.164    11.9991     7.4102     68.762  28.126989     38.002      6.732   285.5453     2.2443     3.5221     0.0205      0.059      5.065      7.346        472 6.8993e-01 0.0000e+00
      5.189    11.9987     7.4056     68.720  28.117485     38.002      6.732   286.0753     2.2523     3.6564     0.0205      0.060      5.090      7.383        473 6.5628e-01 0.0000e+00
      5.219    11.9984     7.4046     68.710  28.133649     38.003      6.727   286.4539     2.2604     3.6161     0.0205      0.067      5.119      7.426        474 6.4563e-01 0.0000e+00
      5.252    11.9982     7.4034     68.699  28.106873     38.003      6.725   286.5674     2.1755     3.5758     0.0205      0.076      5.152      7.472        475 6.4490e-01 0.0000e+00
      5.288    11.9981     7.4045     68.709  28.061862     37.890      6.718   287.0974     2.1512     3.5624     0.0205      0.089      5.187      7.523        476 6.3836e-01 0.0000e+00
      5.329    11.9981     7.3976     68.645  28.160017     38.079      6.712   285.2803     2.2079     3.5624     0.0206      0.104      5.223      7.576        477 5.9276e-01 0.0000e+00
      5.362    11.9982     7.3957     68.628  28.132963     38.004      6.703   286.3782     2.2079     3.6698     0.0205      0.119      5.255      7.622        478 5.7469e-01 0.0000e+00
      5.385    11.9983     7.3880     68.556  28.125179     38.004      6.706   286.1132     2.3251     3.5758     0.0205      0.126      5.280      7.658        479 5.6109e-01 0.0000e+00
      5.405    11.9980     7.3812     68.493  28.169703     38.079      6.703   287.2867     2.2847     3.6161     0.0206      0.125      5.299      7.685        480 5.3659e-01 0.0000e+00
      5.418    11.9976     7.3778     68.461  28.136848     38.004      6.704   286.9082     2.3090     3.5355     0.0205      0.119      5.313      7.705        481 5.6497e-01 0.0000e+00
      5.428    11.9974     7.3768     68.452  28.106771     38.004      6.705   286.8703     2.3251     3.6161     0.0205      0.106      5.323      7.719        482 5.5993e-01 0.0000e+00
      5.435    11.9975     7.3794     68.476  28.058894     37.891      6.708   286.9839     1.9814     3.5624     0.0205      0.090      5.333      7.734        483 5.2128e-01 0.0000e+00
      5.450    11.9974     7.3838     68.517  28.107485     38.004      6.711   283.5010     2.0016     3.5758     0.0205      0.074      5.348      7.756        484 5.3090e-01 0.0000e+00
      5.474    11.9971     7.3864     68.542  28.135245     38.004      6.712   284.7124     1.9935     3.6295     0.0205      0.063      5.370      7.787        485 5.0518e-01 0.0000e+00
      5.501    11.9971     7.4024     68.690  28.113294     38.005      6.712   285.1289     2.0097     3.5490     0.0205      0.061      5.396      7.825        486 4.8618e-01 0.0000e+00
      5.530    11.9972     7.4131     68.789  28.134803     38.005      6.708   285.9996     2.1755     3.5490     0.0205      0.065      5.421      7.861        487 4.9974e-01 0.0000e+00
      5.550    11.9971     7.4105     68.765  28.167772     38.080      6.707   286.7946     2.1472     3.5624     0.0206      0.072      5.441      7.891        488 4.8047e-01 0.0000e+00
      5.565    11.9970     7.4103     68.763  28.131561     38.005      6.707   286.1510     2.1755     3.5355     0.0205      0.078      5.458      7.916        489 4.8654e-01 0.0000e+00
      5.583    11.9970     7.4103     68.763  28.120572     38.005      6.710   283.5389     2.1755     3.6027     0.0205      0.083      5.474      7.940        490 4.9675e-01 0.0000e+00
      5.598    11.9970     7.4085     68.746  28.122151     38.005      6.710   283.9553     2.1755     3.5490     0.0205      0.084      5.489      7.961        491 4.6692e-01 0.0000e+00
      5.610    11.9969     7.4100     68.760  28.129596     38.005      6.709   283.9553     2.3939     3.3207     0.0205      0.079      5.504      7.982        492 4.6276e-01 0.0000e+00
      5.628    11.9971     7.4048     68.712  28.170605     38.080      6.711   283.8796     2.3898     3.3744     0.0206      0.073      5.521      8.008        493 4.7069e-01 0.0000e+00
      5.652    11.9973     7.4027     68.692  28.130414     38.005      6.714   283.7660     2.3736     3.3744     0.0205      0.069      5.543      8.039        494 4.4459e-01 0.0000e+00
      5.675    11.9973     7.3977     68.645  28.120317     38.005      6.714   285.1289     2.3898     3.4012     0.0205      0.068      5.564      8.070        495 4.2732e-01 0.0000e+00
      5.694    11.9971     7.3989     68.656  28.123873     38.005      6.714   285.0532     2.4060     3.4550     0.0205      0.070      5.583      8.098        496 4.3045e-01 0.0000e+00
      5.712    11.9970     7.3985     68.652  28.125989     38.005      6.716   284.0689     2.3858     3.5892     0.0205      0.073      5.602      8.125        497 4.3719e-01 0.0000e+00
      5.732    11.9971     7.3995     68.661  28.176980     38.080      6.716   284.4096     2.3817     3.6832     0.0206      0.075      5.622      8.153        498 4.2371e-01 0.0000e+00
      5.754    11.9968     7.3925     68.597  28.179006     38.080      6.716   284.0689     2.3656     3.5490     0.0206      0.078      5.643      8.185        499 4.0599e-01 0.0000e+00
      5.778    11.9969     7.3900     68.574  28.123467     38.005      6.711   284.3717     2.3777     3.6027     0.0205      0.081      5.666      8.218        500 4.0904e-01 0.0000e+00
      5.800    11.9968     7.3882     68.557  28.127506     38.005      6.708   284.6746     2.3898     3.5087     0.0205      0.082      5.689      8.251        501 3.8845e-01 0.0000e+00
      5.825    11.9969     7.3857     68.534  28.114685     38.005      6.707   285.4317     2.3777     3.5624     0.0205      0.084      5.711      8.284        502 3.6259e-01 0.0000e+00
      5.845    11.9970     7.3878     68.553  28.139423     38.005      6.700   285.9617     2.3615     3.5758     0.0205      0.085      5.732      8.314        503 3.5487e-01 0.0000e+00
      5.866    11.9968     7.3870     68.546  28.156016     38.080      6.702   285.6967     2.0946     3.5490     0.0206      0.086      5.754      8.346        504 3.5101e-01 0.0000e+00
      5.894    11.9965     7.3873     68.549  28.064389     37.892      6.698   285.9617     2.1351     3.5758     0.0205      0.089      5.777      8.380        505 3.5682e-01 0.0000e+00
      5.913    11.9964     7.3887     68.562  28.105211     38.005      6.695   286.1889     2.1068     3.5892     0.0205      0.089      5.796      8.407        506 3.4905e-01 0.0000e+00
      5.925    11.9966     7.3960     68.630  28.134860     38.005      6.694   285.5453     2.1189     3.6027     0.0205      0.086      5.811      8.429        507 3.3931e-01 0.0000e+00
      5.942    11.9965     7.3954     68.624  28.116435     38.005      6.692   285.6210     2.1270     3.6027     0.0205      0.082      5.829      8.455        508 3.3857e-01 0.0000e+00
      5.966    11.9964     7.3958     68.628  28.128141     38.005      6.694   285.9996     2.1432     3.5758     0.0205      0.080      5.852      8.488        509 3.2300e-01 0.0000e+00
      5.994    11.9965     7.3975     68.643  28.120292     38.006      6.692   287.1732     2.1391     3.5758     0.0205      0.080      5.879      8.526        510 3.0918e-01 0.0000e+00
