Data/DataNotYetUploadedToEDI/Raw_CTD/RawDownloads/102918_fcr20.cnv
* Sea-Bird SBE19plus  Data File:
* FileName = C:\DATA\101518_fcr_0014.hex
* Software version 2.6.3.104
* Temperature SN = 7809
* Conductivity SN = 7809
* System UpLoad Time = Oct 29 2018 16:40:47
* <ApplicationData>
* <Seaterm232>
# nquan = 17
# nvalues = 359                         
# units = specified
# name 0 = depFM: Depth [fresh water, m]
# name 1 = tv290C: Temperature [ITS-90, deg C]
# name 2 = sbeox0Mg/L: Oxygen, SBE 43 [mg/l]
# name 3 = sbeox0PS: Oxygen, SBE 43 [% saturation]
# name 4 = c0uS/cm: Conductivity [uS/cm]
# name 5 = specc: Specific Conductance [uS/cm]
# name 6 = ph: pH
# name 7 = orp: Oxidation Reduction Potential [mV]
# name 8 = flECO-AFL: Fluorescence, WET Labs ECO-AFL/FL [mg/m^3]
# name 9 = turbWETntu0: Turbidity, WET Labs ECO [NTU]
# name 10 = sal00: Salinity, Practical [PSU]
# name 11 = dz/dtM: Descent Rate [m/s]
# name 12 = prdM: Pressure, Strain Gauge [db]
# name 13 = prdE: Pressure, Strain Gauge [psi]
# name 14 = scan: Scan Count
# name 15 = par/sat/log: PAR/Logarithmic, Satlantic
# name 16 = flag:  0.000e+00
# span 0 =     -0.631,      3.115       
# span 1 =    10.4355,    12.1365       
# span 2 =     5.5499,    10.7995       
# span 3 =     51.268,    100.003       
# span 4 =   0.930262,  28.128576       
# span 5 =      1.308,     38.136       
# span 6 =      5.878,      9.852       
# span 7 =  -366.8866,  1240.2295       
# span 8 =    -1.3991,     3.8213       
# span 9 =    -0.1169,   114.6920       
# span 10 =     0.0055,     0.0205      
# span 11 =     -0.287,      0.223      
# span 12 =     -0.619,      3.054      
# span 13 =     -0.898,      4.430      
# span 14 =          1,        359      
# span 15 = 9.8168e+00, 2.0349e+03      
# span 16 = 0.0000e+00, 0.0000e+00      
# interval = seconds: 0.25
# start_time = Oct 29 2018 14:33:59 [Instrument's time stamp, header]
# bad_flag = -9.990e-29
*END*
     -0.631    10.4692    10.7945     96.644   1.033198      1.466      9.808  -211.0283     0.0122    -0.0766     0.0055 4.2106e-16     -0.619     -0.898          1 1.7385e+02 0.0000e+00
     -0.630    10.4720    10.7933     96.627   0.991025      1.387      9.852  -366.8866    -0.0242    -0.1169     0.0055      0.000     -0.618     -0.897          2 9.2819e+02 0.0000e+00
     -0.630    10.4734    10.7908     96.598   0.977695      1.387      8.120   770.4967    -0.0242    -0.0229     0.0055      0.000     -0.618     -0.897          3 7.4379e+02 0.0000e+00
     -0.630    10.4725    10.7972     96.648   0.931354      1.308      6.835  1233.4530    -0.3235     0.6754     0.0055      0.000     -0.618     -0.897          4 1.5025e+02 0.0000e+00
     -0.631    10.4703    10.7995     96.663   0.930262      1.308      6.213  1240.2295    -0.3356     0.5814     0.0055      0.000     -0.619     -0.898          5 2.3432e+02 0.0000e+00
     -0.631    10.4676    10.7653     96.689   0.979053      1.387      6.016  1240.2295    -0.3518     0.5814     0.0055      0.000     -0.619     -0.898          6 1.6158e+02 0.0000e+00
     -0.631    10.4645    10.6499     96.586   0.989067      1.387      5.878  1240.2295    -0.3154     0.6351     0.0055      0.000     -0.619     -0.897          7 1.4914e+02 0.0000e+00
     -0.630    10.4603    10.5740     96.614   0.977017      1.387      5.972  1240.2295    -0.3639     0.6082     0.0055      0.000     -0.618     -0.897          8 5.1459e+02 0.0000e+00
     -0.630    10.4559    10.5263     96.641   0.994049      1.387      5.991  1240.2295    -0.0040     3.0924     0.0055      0.000     -0.618     -0.897          9 6.8178e+02 0.0000e+00
     -0.630    10.4525    10.4903     96.621   1.086304      1.545      5.958  1240.2295     0.0000     3.1058     0.0055      0.000     -0.618     -0.897         10 6.6844e+02 0.0000e+00
     -0.630    10.4487    10.4581     96.577   1.276724      1.781      5.970  1240.2295    -0.0283     3.1864     0.0056      0.000     -0.618     -0.897         11 6.8155e+02 0.0000e+00
     -0.631    10.4468    10.4396     96.604   1.290027      1.860      5.993  1240.2295    -0.0161     3.0655     0.0056      0.000     -0.619     -0.897         12 6.3789e+02 0.0000e+00
     -0.631    10.4426    10.4291     96.653   1.365835      1.860      6.009  1240.2295    -1.3829     4.3546     0.0056      0.000     -0.619     -0.897         13 5.5336e+02 0.0000e+00
     -0.630    10.4415    10.4216     96.685   1.241600      1.860      6.014  1240.2295    -1.3667     4.3009     0.0056      0.000     -0.618     -0.897         14 2.3745e+02 0.0000e+00
     -0.630    10.4355    10.4423     96.934   1.592679      2.057      6.030  1240.2295    -1.3910     4.3815     0.0056      0.000     -0.617     -0.895         15 2.0582e+02 0.0000e+00
     -0.629    10.5958    10.4692     97.220   1.225010      2.057      6.046  1240.2295    -1.3991     4.3546     0.0056      0.000     -0.604     -0.875         16 2.0618e+02 0.0000e+00
     -0.585    10.9898    10.5099     97.596   3.090812      3.711      6.697  1240.2295    -0.0040     3.9384     0.0061      0.012     -0.566     -0.820         17 2.6966e+02 0.0000e+00
     -0.516    11.3239    10.5670     98.124  14.257283     20.246      6.763   312.6132    -0.0040     3.8578     0.0124      0.039     -0.508     -0.737         18 6.5950e+02 0.0000e+00
     -0.454    11.5262    10.6140     98.558  25.158461     35.178      7.037   236.7473    -0.0121     4.0324     0.0189      0.075     -0.449     -0.652         19 4.7330e+02 0.0000e+00
     -0.406    11.6720    10.6623     99.000  27.718959     38.136      7.381   225.4280    -0.0121     4.0592     0.0203      0.111     -0.398     -0.578         20 5.5191e+02 0.0000e+00
     -0.359    11.7835    10.7158     99.490  27.698119     37.917      7.639   234.8544     3.0045    30.6062     0.0203      0.145     -0.348     -0.505         21 1.1414e+03 0.0000e+00
     -0.299    11.8753    10.7506     99.826  27.763495     37.848      7.808   226.9801     2.9802    30.7002     0.0203      0.178     -0.292     -0.424         22 1.3125e+03 0.0000e+00
     -0.237    11.9408    10.7671    100.003  27.934019     37.958      7.840   225.8444     3.0206    30.6465     0.0204      0.204     -0.233     -0.338         23 1.2208e+03 0.0000e+00
     -0.177    11.9869    10.7397     99.757  28.108463     38.131      7.815   228.2673     3.0166    30.6600     0.0205      0.221     -0.177     -0.256         24 1.4894e+03 0.0000e+00
     -0.127    12.0138    10.6165     98.631  28.050381     37.949      7.770   217.1372     1.8075     3.3207     0.0205      0.222     -0.128     -0.185         25 1.3883e+03 0.0000e+00
     -0.086    12.0292    10.4042     96.672  27.976628     37.826      7.660   218.9544     1.8601     3.2401     0.0205      0.214     -0.087     -0.127         26 1.0547e+03 0.0000e+00
     -0.054    12.0295    10.1099     93.947  27.874102     37.649      7.606   222.0965     1.8601     3.3744     0.0204      0.206     -0.055     -0.081         27 1.1269e+03 0.0000e+00
     -0.029    12.0276     9.7553     90.668  27.822189     37.556      7.592   227.4344     1.8722     3.2938     0.0204      0.194     -0.033     -0.049         28 6.1574e+02 0.0000e+00
     -0.021    12.0271     9.3755     87.153  27.863343     37.633      7.539   225.8823     1.8156     3.2535     0.0204      0.171     -0.020     -0.029         29 5.9074e+02 0.0000e+00
     -0.011    12.0238     8.9858     83.539  27.822884     37.558      7.470   226.1851     1.7752     3.0387     0.0204      0.142     -0.009     -0.014         30 7.4652e+02 0.0000e+00
      0.001    12.0213     8.6399     80.327  27.813243     37.559      7.399   225.3901     1.7873     3.0924     0.0204      0.112      0.007      0.010         31 5.4340e+02 0.0000e+00
      0.032    12.0272     8.3494     77.628  27.816048     37.562      7.365   220.9987     1.7833     3.1461     0.0204      0.092      0.033      0.048         32 6.1803e+02 0.0000e+00
      0.069    12.0366     8.1320     75.614  27.760101     37.490      7.349   221.4151     1.8075     3.1461     0.0203      0.083      0.064      0.093         33 4.2925e+02 0.0000e+00
      0.096    12.0412     7.9729     74.141  27.764278     37.484      7.326   224.0273     1.9733     3.1058     0.0203      0.081      0.089      0.129         34 3.0014e+02 0.0000e+00
      0.108    12.0486     7.8635     73.130  27.810849     37.549      7.302   220.6580     1.9652     3.0655     0.0204      0.081      0.102      0.148         35 4.9766e+02 0.0000e+00
      0.108    12.0550     7.7679     72.245  27.761437     37.470      7.292   220.5823     1.9774     3.1998     0.0203      0.079      0.106      0.154         36 6.0848e+02 0.0000e+00
      0.109    12.0595     7.6873     71.499  27.766472     37.462      7.302   220.8094     1.9733     3.1327     0.0203      0.076      0.108      0.158         37 6.0808e+02 0.0000e+00
      0.115    12.0674     7.6353     71.013  27.863876     37.606      7.297   221.0365     1.9208     2.9715     0.0204      0.067      0.113      0.163         38 6.1604e+02 0.0000e+00
      0.119    12.0748     7.5891     70.574  27.877397     37.602      7.282   220.8473     1.9046     3.0790     0.0204      0.053      0.115      0.167         39 5.9331e+02 0.0000e+00
      0.118    12.0794     7.5470     70.166  27.868233     37.594      7.266   220.7715     1.8925     3.1193     0.0204      0.035      0.115      0.167         40 4.8766e+02 0.0000e+00
      0.117    12.0814     7.5124     69.845  27.875279     37.586      7.251   220.6580     1.9127     3.1193     0.0204      0.019      0.115      0.167         41 4.4017e+02 0.0000e+00
      0.117    12.0827     7.4770     69.523  27.927921     37.657      7.238   221.6801     1.9693     3.1193     0.0204      0.009      0.114      0.165         42 4.3374e+02 0.0000e+00
      0.114    12.0863     7.4416     69.199  27.921309     37.655      7.223   222.2858     1.9935     3.0655     0.0204      0.004      0.111      0.161         43 5.9944e+02 0.0000e+00
      0.110    12.0910     7.4308     69.100  27.824211     37.503      7.213   222.1723     1.9733     3.2133     0.0204      0.001      0.110      0.159         44 5.3868e+02 0.0000e+00
      0.113    12.0942     7.4323     69.114  27.870870     37.574      7.206   222.5508     1.9491     3.1730     0.0204     -0.001      0.112      0.161         45 4.7524e+02 0.0000e+00
      0.117    12.0970     7.4472     69.252  27.922535     37.645      7.203   223.7623     2.0987     3.3207     0.0204     -0.002      0.114      0.164         46 8.0392e+02 0.0000e+00
      0.116    12.0990     7.4597     69.371  27.878503     37.566      7.193   224.1030     2.1149     3.3744     0.0204     -0.002      0.114      0.165         47 1.1188e+03 0.0000e+00
      0.116    12.0981     7.4805     69.568  27.925668     37.639      7.192   223.8758     2.0866     3.3610     0.0204     -0.001      0.117      0.169         48 1.3115e+03 0.0000e+00
      0.126    12.0914     7.4958     69.714  27.982431     37.712      7.190   224.2923     2.0744     3.3475     0.0204      0.003      0.125      0.180         49 7.0450e+02 0.0000e+00
      0.139    12.0824     7.5078     69.828  27.985748     37.713      7.186   225.3901     2.0704     3.2535     0.0204      0.009      0.132      0.191         50 3.9786e+02 0.0000e+00
      0.136    12.0815     7.5334     70.064  27.980835     37.719      7.175   225.0116     2.0623     3.2535     0.0204      0.013      0.131      0.190         51 6.6780e+02 0.0000e+00
      0.125    12.0861     7.5451     70.163  27.988546     37.729      7.159   225.1251     2.0178     3.1998     0.0204      0.012      0.125      0.180         52 7.2785e+02 0.0000e+00
      0.120    12.0894     7.5688     70.380  27.976153     37.730      7.155   225.0116     2.0259     3.2267     0.0204      0.008      0.120      0.174         53 5.9486e+02 0.0000e+00
      0.122    12.0906     7.5871     70.539  27.996258     37.725      7.156   225.3901     2.0259     3.2670     0.0204      0.004      0.120      0.174         54 4.9031e+02 0.0000e+00
      0.126    12.0904     7.6150     70.785  28.052470     37.835      7.156   225.9201     2.2443     3.1730     0.0205      0.002      0.122      0.177         55 7.6038e+02 0.0000e+00
      0.126    12.0904     7.6424     71.041  28.054438     37.796      7.154   226.2608     2.2240     2.9984     0.0205     -0.001      0.121      0.175         56 8.3082e+02 0.0000e+00
      0.118    12.0919     7.6735     71.336  28.112400     37.909      7.152   226.4123     2.1836     3.0924     0.0205     -0.006      0.114      0.165         57 4.8616e+02 0.0000e+00
      0.104    12.0944     7.7005     71.593  28.128576     37.909      7.146   226.4880     2.2079     3.1998     0.0205     -0.012      0.103      0.149         58 3.3158e+02 0.0000e+00
      0.093    12.0965     7.7127     71.715  28.034307     37.795      7.135   227.0937     1.9935     3.1193     0.0205     -0.015      0.092      0.134         59 4.1260e+02 0.0000e+00
      0.085    12.0984     7.7319     71.894  28.051828     37.792      7.132   227.3208     1.9935     3.0790     0.0205     -0.019      0.087      0.126         60 5.1330e+02 0.0000e+00
      0.088    12.0963     7.7292     71.867  28.106770     37.903      7.133   227.3208     1.9491     3.1058     0.0205     -0.021      0.092      0.134         61 5.7949e+02 0.0000e+00
      0.111    12.0907     7.7270     71.844  28.025228     37.750      7.144   227.2830     1.9733     3.0924     0.0205     -0.017      0.110      0.160         62 4.4812e+02 0.0000e+00
      0.139    12.0882     7.7170     71.744  27.975417     37.715      7.138   228.2673     1.9935     3.2267     0.0204     -0.005      0.130      0.188         63 4.2433e+02 0.0000e+00
      0.145    12.0821     7.7054     71.613  27.931577     37.646      7.118   228.4566     1.9652     3.1193     0.0204      0.010      0.137      0.198         64 4.8453e+02 0.0000e+00
      0.133    12.0740     7.6920     71.466  27.872256     37.572      7.097   228.6837     1.9652     3.0521     0.0204      0.020      0.131      0.190         65 3.8812e+02 0.0000e+00
      0.124    12.0741     7.6714     71.263  27.871356     37.579      7.090   228.9109     1.9652     3.0253     0.0204      0.024      0.122      0.176         66 5.8859e+02 0.0000e+00
      0.116    12.0775     7.6618     71.174  27.932698     37.663      7.093   228.7594     1.9814     3.0924     0.0204      0.022      0.112      0.162         67 6.7854e+02 0.0000e+00
      0.105    12.0819     7.6357     70.942  27.973806     37.737      7.098   229.1001     1.9855     3.0790     0.0204      0.012      0.098      0.142         68 7.7028e+02 0.0000e+00
      0.078    12.0864     7.6317     70.922  27.938789     37.659      7.093   228.6837     1.9652     3.1193     0.0204     -0.008      0.074      0.107         69 8.9989e+02 0.0000e+00
      0.039    12.0871     7.6310     70.928  27.916979     37.654      7.095   228.8351     1.9895     3.1058     0.0204     -0.037      0.046      0.067         70 8.0762e+02 0.0000e+00
      0.024    12.0855     7.6133     70.763  27.941650     37.649      7.095   236.9744     1.9814     3.0521     0.0204     -0.059      0.034      0.051         71 6.7344e+02 0.0000e+00
      0.045    12.0844     7.5892     70.536  27.967381     37.724      7.103   233.8702     1.9693     3.1461     0.0204     -0.061      0.046      0.067         72 7.5734e+02 0.0000e+00
      0.071    12.0797     7.5567     70.235  27.944254     37.650      7.099   233.5673     1.9814     3.1193     0.0204     -0.048      0.064      0.093         73 9.6914e+02 0.0000e+00
      0.078    12.0663     7.5127     69.826  27.911137     37.652      7.095   237.9209     1.9491     3.0253     0.0204     -0.032      0.073      0.106         74 7.0992e+02 0.0000e+00
      0.074    12.0524     7.4579     69.321  27.890004     37.581      7.093   237.5423     1.9572     3.1193     0.0204     -0.017      0.073      0.106         75 1.0375e+03 0.0000e+00
      0.073    12.0453     7.3990     68.774  27.911259     37.670      7.091   238.2616     1.8965     3.1058     0.0204     -0.001      0.073      0.105         76 1.1956e+03 0.0000e+00
      0.075    12.0450     7.3443     68.262  27.884689     37.609      7.093   238.5645     1.9127     3.1730     0.0204      0.015      0.073      0.105         77 8.9510e+02 0.0000e+00
      0.073    12.0513     7.2957     67.809  27.863780     37.616      7.090   238.8295     1.8925     3.1058     0.0204      0.023      0.072      0.103         78 8.2230e+02 0.0000e+00
      0.071    12.0619     7.2600     67.475  27.877989     37.616      7.091   234.4380     1.9046     3.0253     0.0204      0.018      0.071      0.102         79 8.9601e+02 0.0000e+00
      0.073    12.0697     7.2255     67.153  27.926302     37.685      7.089   239.0187     1.9774     3.1327     0.0204      0.007      0.074      0.106         80 1.0797e+03 0.0000e+00
      0.080    12.0691     7.2067     66.975  27.981538     37.750      7.090   238.9809     1.9733     3.0924     0.0204      0.001      0.079      0.114         81 7.7159e+02 0.0000e+00
      0.087    12.0675     7.1859     66.777  27.987130     37.742      7.085   239.6623     1.9895     3.2535     0.0204      0.003      0.085      0.123         82 4.5370e+02 0.0000e+00
      0.093    12.0681     7.1597     66.528  27.978635     37.743      7.086   235.2709     1.9733     2.9984     0.0204      0.008      0.092      0.133         83 3.6421e+02 0.0000e+00
      0.104    12.0688     7.1311     66.258  27.932813     37.669      7.085   239.9652     1.9572     3.1461     0.0204      0.014      0.099      0.142         84 5.6086e+02 0.0000e+00
      0.104    12.0706     7.0992     65.958  27.925564     37.668      7.083   239.9273     1.9814     3.0924     0.0204      0.017      0.101      0.146         85 1.0895e+03 0.0000e+00
