Data/DataNotYetUploadedToEDI/Raw_CTD/RawDownloads/103019_fcr10.cnv
* Sea-Bird SBE19plus  Data File:
* FileName = C:\DATA\103019_fcr_0002.hex
* Software version 2.8.0.119 SB_Terminal.dll
* Temperature SN = 7809
* Conductivity SN = 7809
* System UpLoad Time = Oct 30 2019 15:28:19
* <ApplicationData>
* <Seaterm232>
# nquan = 16
# nvalues = 327                         
# units = specified
# name 0 = depFM: Depth [fresh water, m]
# name 1 = dz/dtM: Descent Rate [m/s]
# name 2 = sbeox0ML/L: Oxygen, SBE 43 [ml/l]
# name 3 = sbeox0PS: Oxygen, SBE 43 [% saturation]
# name 4 = specc: Specific Conductance [uS/cm]
# name 5 = c0uS/cm: Conductivity [uS/cm]
# name 6 = flECO-AFL: Fluorescence, WET Labs ECO-AFL/FL [mg/m^3]
# name 7 = ph: pH
# name 8 = orp: Oxidation Reduction Potential [mV]
# name 9 = par/sat/log: PAR/Logarithmic, Satlantic
# name 10 = turbWETntu0: Turbidity, WET Labs ECO [NTU]
# name 11 = prdM: Pressure, Strain Gauge [db]
# name 12 = prdE: Pressure, Strain Gauge [psi]
# name 13 = tv290C: Temperature [ITS-90, deg C]
# name 14 = density00: Density [density, kg/m^3]
# name 15 = flag:  0.000e+00
# span 0 =     -0.519,      2.376       
# span 1 =     -0.003,      0.266       
# span 2 =     4.5520,     7.9976       
# span 3 =     63.484,    114.573       
# span 4 =      0.636,     44.456       
# span 5 =   0.507635,  35.548412       
# span 6 =    -0.1548,     7.9135       
# span 7 =      6.696,      8.657       
# span 8 =   154.5184,   310.6752       
# span 9 = 2.6231e-01, 8.7632e+01       
# span 10 =    -0.4748,    35.3850      
# span 11 =     -0.509,      2.331      
# span 12 =     -0.738,      3.381      
# span 13 =    14.2375,    15.5737      
# span 14 =   999.0328,   999.2418      
# span 15 = 0.0000e+00, 0.0000e+00      
# interval = seconds: 0.25
# start_time = Oct 30 2019 10:23:09 [Instrument's time stamp, header]
# bad_flag = -9.990e-29
*END*
     -0.519 4.3139e-20     6.7399     95.266      0.717   0.572270    -0.1548      6.701   163.5785 4.7987e+01    -0.4706     -0.509     -0.738    14.8772   999.1231 0.0000e+00
     -0.519 3.9254e-21     6.7383     95.261      0.721   0.575613    -0.1368      6.700   171.4845 4.9157e+01    -0.4748     -0.508     -0.738    14.8774   999.1230 0.0000e+00
     -0.519 3.9710e-22     6.7401     95.276      0.738   0.588484    -0.0223      6.700   176.4075 5.0439e+01    -0.0305     -0.509     -0.738    14.8777   999.1230 0.0000e+00
     -0.519 4.7880e-22     6.7416     95.293      0.754   0.601174     0.1798      6.700   171.6501 5.0981e+01     0.8042     -0.508     -0.738    14.8779   999.1230 0.0000e+00
     -0.519 4.9132e-21     6.7394     95.312      0.755   0.602327     0.2873      6.701   164.8990 5.0856e+01     1.2603     -0.508     -0.737    14.8777   999.1230 0.0000e+00
     -0.519 5.4013e-20     6.7383     95.327      0.755   0.602432     0.2977      6.701   160.7717 5.1481e+01     1.3225     -0.509     -0.738    14.8776   999.1230 0.0000e+00
     -0.519 5.9414e-19     6.7409     95.321      0.755   0.602442     0.3487      6.701   159.5184 5.2299e+01     1.4914     -0.508     -0.737    14.8777   999.1230 0.0000e+00
     -0.519 6.5355e-18     6.7415     95.303      0.755   0.602447     0.9127      6.700   159.8127 4.9751e+01     3.2692     -0.509     -0.738    14.8777   999.1230 0.0000e+00
     -0.519 7.1891e-17     6.7427     95.291      0.755   0.602490     1.9324      6.699   156.7591 4.3949e+01     6.5299     -0.509     -0.738    14.8777   999.1230 0.0000e+00
     -0.519 7.9080e-16     6.7451     95.276      0.756   0.602956     2.4814      6.699   154.5184 3.8708e+01     8.3413     -0.509     -0.738    14.8776   999.1230 0.0000e+00
     -0.519 8.6988e-15     6.7439     95.266      0.762   0.608086     2.5659      6.699   158.3598 3.4865e+01     8.6532     -0.509     -0.738    14.8777   999.1230 0.0000e+00
     -0.518 9.5687e-14     6.7418     95.267      0.754   0.601154     3.0067      6.698   161.6478 3.1902e+01     9.9733     -0.508     -0.737    14.8776   999.1230 0.0000e+00
     -0.518 1.0526e-12     6.7417     95.254      0.730   0.582504     3.8136      6.697   160.8902 2.9749e+01    12.3077     -0.508     -0.737    14.8776   999.1230 0.0000e+00
     -0.518 1.1578e-11     6.7406     95.244      0.718   0.572670     4.2587      6.696   159.4389 3.0016e+01    13.5773     -0.508     -0.737    14.8775   999.1230 0.0000e+00
     -0.518 1.2736e-10     6.7385     95.255      0.683   0.545612     4.3139      6.696   158.8126 3.3195e+01    13.7876     -0.508     -0.737    14.8776   999.1230 0.0000e+00
     -0.518 1.4010e-09     6.7409     95.278      0.637   0.508791     4.4635      6.696   158.9105 3.5894e+01    14.4247     -0.508     -0.737    14.8777   999.1230 0.0000e+00
     -0.518 1.5410e-08     6.7386     95.294      0.636   0.507635     4.7242      6.696   159.1599 3.7356e+01    15.5124     -0.508     -0.737    14.8776   999.1230 0.0000e+00
     -0.518 1.6951e-07     6.7374     95.298      0.666   0.531638     4.8565      6.696   159.5902 3.8644e+01    16.0921     -0.508     -0.737    14.8777   999.1230 0.0000e+00
     -0.518      0.000     6.7389     95.306      0.684   0.545562     4.8750      6.696   161.3605 3.9706e+01    16.1903     -0.508     -0.737    14.8777   999.1230 0.0000e+00
     -0.518      0.000     6.7404     95.306      0.688   0.549266     5.0346      6.697   164.7335 3.9811e+01    16.7653     -0.508     -0.737    14.8777   999.1230 0.0000e+00
     -0.518      0.000     6.7426     95.292      0.722   0.576424     5.3300      6.702   170.0001 3.8609e+01    17.7994     -0.508     -0.737    14.8776   999.1230 0.0000e+00
     -0.518      0.002     6.7413     95.279      1.095   0.873933     5.4986      6.735   185.2025 3.8112e+01    18.3710     -0.508     -0.737    14.8781   999.1229 0.0000e+00
     -0.518      0.012     6.7428     95.273      5.194   4.146412     5.5217      6.898   230.7564 4.0489e+01    18.4659     -0.508     -0.737    14.8777   999.1230 0.0000e+00
     -0.518      0.035     6.7429     95.263     17.792  14.221869     5.5395      7.276   288.4411 4.6939e+01    18.8488     -0.507     -0.736    14.8783   999.1229 0.0000e+00
     -0.517      0.073     6.7413     95.252     32.635  26.135430     5.7047      7.744   310.6752 5.6007e+01    23.1316     -0.509     -0.738    14.8773   999.1230 0.0000e+00
     -0.509      0.122     6.7402     95.244     39.318  31.568554     6.0020      8.117   306.9448 6.6660e+01    31.0532     -0.508     -0.737    14.8791   999.1228 0.0000e+00
     -0.479      0.172     6.7407     95.241     40.087  32.277899     6.1605      8.353   303.3932 7.7867e+01    35.3850     -0.481     -0.699    14.8763   999.1232 0.0000e+00
     -0.417      0.216     6.7372     95.252     40.178  32.427613     6.1726      8.495   299.9968 8.5087e+01    35.3605     -0.416     -0.605    14.8932   999.1251 0.0000e+00
     -0.335      0.249     6.7207     95.303     40.183  32.490376     6.1490      8.581   297.6283 8.7632e+01    30.5600     -0.330     -0.479    14.9975   999.1167 0.0000e+00
     -0.249      0.266     6.6989     95.423     40.182  32.529132     6.0998      8.629   296.4381 8.7209e+01    21.7160     -0.239     -0.347    15.1438   999.0961 0.0000e+00
     -0.175      0.262     6.6813     95.643     40.135  32.515489     6.0724      8.651   295.1557 8.0865e+01    16.8819     -0.165     -0.240    15.2640   999.0775 0.0000e+00
     -0.114      0.238     6.6674     95.983     40.038  32.452371     6.0780      8.657   293.8251 6.7833e+01    16.4181     -0.113     -0.164    15.3601   999.0632 0.0000e+00
     -0.055      0.203     6.6602     96.437     39.963  32.400605     6.2101      8.655   292.7388 5.6178e+01    16.0099     -0.051     -0.074    15.4324   999.0521 0.0000e+00
     -0.002      0.167     6.6606     96.959     39.952  32.397293     6.4566      8.650   292.0020 4.9608e+01    15.2903      0.004      0.007    15.4805   999.0450 0.0000e+00
      0.036      0.134     6.6716     97.480     39.967  32.412327     6.5873      8.643   291.3699 4.3520e+01    14.8942      0.040      0.058    15.5085   999.0407 0.0000e+00
      0.060      0.101     6.6929     97.957     40.019  32.455457     6.5939      8.634   290.6033 3.6808e+01    14.8258      0.062      0.090    15.5247   999.0384 0.0000e+00
      0.078      0.071     6.7240     98.355     40.121  32.538008     6.5806      8.624   289.7016 3.1155e+01    14.4960      0.074      0.109    15.5357   999.0366 0.0000e+00
      0.093      0.046     6.7621     98.651     40.179  32.585452     6.5563      8.613   288.8135 2.8111e+01    13.8890      0.094      0.136    15.5428   999.0356 0.0000e+00
      0.102      0.029     6.7981     98.839     40.178  32.584877     6.5428      8.601   288.0394 2.8075e+01    13.5491      0.105      0.152    15.5454   999.0351 0.0000e+00
      0.101      0.019     6.8328     98.974     40.189  32.594515     6.5393      8.590   287.3109 2.8921e+01    13.5324      0.100      0.145    15.5461   999.0350 0.0000e+00
      0.099      0.012     6.8607     99.157     40.243  32.638515     6.4700      8.579   286.6294 2.8947e+01    13.6539      0.094      0.136    15.5463   999.0351 0.0000e+00
      0.101      0.007     6.8814     99.365     40.284  32.672652     6.3295      8.566   285.9948 2.8261e+01    13.8715      0.097      0.141    15.5470   999.0350 0.0000e+00
      0.106      0.006     6.8944     99.529     40.305  32.689966     6.2450      8.555   285.3167 2.7983e+01    14.0004      0.106      0.152    15.5482   999.0348 0.0000e+00
      0.109      0.009     6.8982     99.687     40.343  32.720928     6.2363      8.545   284.7116 2.8067e+01    13.9999      0.108      0.156    15.5482   999.0348 0.0000e+00
      0.109      0.010     6.9129     99.831     40.354  32.729702     6.2334      8.536   284.2706 2.7732e+01    13.9636      0.107      0.155    15.5481   999.0349 0.0000e+00
      0.110      0.008     6.9311     99.842     40.359  32.732589     6.1490      8.528   283.8569 2.7233e+01    14.0534      0.107      0.155    15.5487   999.0348 0.0000e+00
      0.113      0.006     6.9389     99.625     40.388  32.755832     5.9877      8.522   283.4092 2.6733e+01    14.2666      0.110      0.159    15.5496   999.0346 0.0000e+00
      0.117      0.004     6.9500     99.130     40.389  32.756887     5.8959      8.515   282.9017 2.6482e+01    14.3776      0.116      0.169    15.5501   999.0346 0.0000e+00
      0.118      0.002     6.9643     98.336     40.375  32.745341     5.8894      8.507   282.3661 2.6595e+01    14.3797      0.118      0.171    15.5494   999.0347 0.0000e+00
      0.116      0.000     6.9677     97.341     40.374  32.743148     5.9693      8.499   282.0106 2.6826e+01    14.3909      0.114      0.166    15.5484   999.0349 0.0000e+00
      0.114     -0.002     6.9528     96.281     40.359  32.730370     6.1242      8.491   281.7007 2.7151e+01    14.4143      0.112      0.163    15.5481   999.0349 0.0000e+00
      0.114     -0.003     6.9205     95.247     40.344  32.717774     6.2189      8.482   281.1998 2.7474e+01    14.4331      0.112      0.162    15.5484   999.0349 0.0000e+00
      0.113     -0.002     6.8618     94.336     40.342  32.717764     6.2482      8.474   280.6865 2.7576e+01    14.3886      0.111      0.161    15.5479   999.0349 0.0000e+00
      0.113     -0.001     6.7882     93.610     40.356  32.730256     6.3142      8.467   280.3124 2.7482e+01    14.0411      0.111      0.161    15.5460   999.0353 0.0000e+00
      0.113      0.000     6.7138     93.077     40.370  32.741889     6.4180      8.460   280.0329 2.7399e+01    13.5082      0.111      0.160    15.5445   999.0355 0.0000e+00
      0.113      0.001     6.6384     92.752     40.357  32.731494     6.4801      8.453   279.8017 2.7368e+01    13.2546      0.111      0.161    15.5450   999.0354 0.0000e+00
      0.113      0.001     6.5728     92.584     40.358  32.731494     6.5016      8.446   279.5813 2.7331e+01    13.2696      0.111      0.161    15.5464   999.0352 0.0000e+00
      0.114      0.000     6.5233     92.466     40.371  32.741898     6.5218      8.440   279.4328 2.7256e+01    13.5250      0.112      0.162    15.5478   999.0350 0.0000e+00
      0.114     -0.001     6.4841     92.394     40.358  32.730360     6.5428      8.435   279.3829 2.7207e+01    13.9176      0.113      0.164    15.5485   999.0349 0.0000e+00
      0.114     -0.002     6.4624     92.426     40.344  32.718907     6.5557      8.431   279.2369 2.7282e+01    14.1163      0.112      0.163    15.5486   999.0348 0.0000e+00
      0.113     -0.002     6.4560     92.607     40.359  32.730349     6.5564      8.427   278.8713 2.7428e+01    14.1903      0.112      0.162    15.5483   999.0349 0.0000e+00
      0.112     -0.003     6.4463     92.986     40.374  32.741784     6.6201      8.423   278.4903 2.7571e+01    14.2878      0.110      0.159    15.5476   999.0350 0.0000e+00
      0.111     -0.003     6.4399     93.558     40.360  32.730236     6.7546      8.419   278.2440 2.7644e+01    14.3784      0.109      0.157    15.5466   999.0351 0.0000e+00
      0.111     -0.002     6.4413     94.246     40.344  32.717647     6.8292      8.415   278.0447 2.7617e+01    14.4014      0.109      0.157    15.5460   999.0352 0.0000e+00
      0.110     -0.001     6.4528     95.012     40.343  32.716487     6.8373      8.412   277.8870 2.7542e+01    14.4019      0.108      0.157    15.5454   999.0353 0.0000e+00
      0.110      0.000     6.4783     95.825     40.343  32.716212     6.8269      8.409   277.7143 2.7467e+01    14.4169      0.108      0.157    15.5448   999.0354 0.0000e+00
      0.111      0.001     6.5220     96.580     40.340  32.714329     6.6250      8.404   277.5909 2.7470e+01    14.5169      0.109      0.157    15.5443   999.0355 0.0000e+00
      0.111      0.001     6.5705     97.194     40.313  32.693716     6.2513      8.399   277.5138 2.7546e+01    14.7268      0.109      0.158    15.5441   999.0355 0.0000e+00
      0.111      0.000     6.6231     97.619     40.268  32.657371     6.0452      8.397   277.2991 2.7565e+01    14.8238      0.109      0.158    15.5442   999.0355 0.0000e+00
      0.112     -0.000     6.6844     97.848     40.267  32.655653     6.0316      8.397   277.0594 2.7520e+01    14.8052      0.110      0.159    15.5444   999.0355 0.0000e+00
      0.112     -0.001     6.7380     97.927     40.288  32.672945     6.2256      8.395   276.8534 2.7517e+01    14.7635      0.110      0.159    15.5449   999.0354 0.0000e+00
      0.111     -0.001     6.7821     97.877     40.293  32.676065     6.6053      8.391   276.7005 2.7574e+01    14.6801      0.109      0.158    15.5457   999.0353 0.0000e+00
      0.111     -0.001     6.8126     97.724     40.315  32.693373     6.8165      8.388   276.5868 2.7685e+01    14.6495      0.109      0.157    15.5460   999.0352 0.0000e+00
      0.110     -0.001     6.8261     97.521     40.314  32.691827     6.8286      8.386   276.4254 2.7748e+01    14.6555      0.108      0.156    15.5458   999.0352 0.0000e+00
      0.110     -0.001     6.8317     97.281     40.272  32.657370     6.7947      8.384   276.2113 2.7723e+01    14.4900      0.107      0.155    15.5452   999.0354 0.0000e+00
      0.111     -0.001     6.8285     97.006     40.272  32.657527     6.7457      8.382   275.8910 2.7744e+01    14.1893      0.109      0.157    15.5445   999.0354 0.0000e+00
      0.111     -0.001     6.8150     96.740     40.317  32.693729     6.7216      8.380   275.5644 2.7829e+01    14.0026      0.109      0.157    15.5439   999.0355 0.0000e+00
      0.110      0.000     6.8016     96.514     40.343  32.714312     6.7191      8.377   275.4457 2.7924e+01    13.9361      0.108      0.156    15.5433   999.0356 0.0000e+00
      0.109      0.001     6.7851     96.310     40.345  32.716013     6.7596      8.374   275.4884 2.7933e+01    14.0072      0.107      0.155    15.5427   999.0357 0.0000e+00
      0.109      0.001     6.7645     96.111     40.343  32.714295     6.8382      8.370   275.3922 2.7788e+01    14.2397      0.106      0.154    15.5424   999.0358 0.0000e+00
      0.110      0.001     6.7448     95.926     40.318  32.693542     6.8806      8.366   275.2290 2.7580e+01    14.4206      0.108      0.156    15.5418   999.0359 0.0000e+00
      0.112      0.001     6.7301     95.750     40.270  32.655471     6.8903      8.362   275.1502 2.7411e+01    14.4241      0.110      0.159    15.5413   999.0360 0.0000e+00
      0.112      0.001     6.7166     95.598     40.244  32.634753     6.8870      8.360   275.0422 2.7415e+01    14.3808      0.111      0.160    15.5412   999.0360 0.0000e+00
      0.112      0.000     6.7015     95.470     40.241  32.633426     6.8225      8.358   274.9552 2.7583e+01    14.5208      0.110      0.159    15.5411   999.0360 0.0000e+00
      0.111     -0.001     6.6901     95.345     40.248  32.639434     6.7177      8.355   274.7859 2.7733e+01    14.7722      0.109      0.158    15.5414   999.0360 0.0000e+00
      0.110     -0.001     6.6763     95.235     40.254  32.643929     6.6598      8.353   274.5449 2.7822e+01    14.8974      0.108      0.157    15.5422   999.0358 0.0000e+00
      0.110      0.000     6.6656     95.155     40.230  32.624313     6.6343      8.351   274.4496 2.7785e+01    14.9206      0.108      0.156    15.5429   999.0357 0.0000e+00
      0.111 1.2713e-11     6.6579     95.092     40.191  32.592650     6.4265      8.347   274.3224 2.7593e+01    14.7906      0.109      0.157    15.5436   999.0356 0.0000e+00
      0.111 1.3984e-10     6.6480     95.020     40.173  32.578398     6.0461      8.343   274.1254 2.7409e+01    14.5055      0.109      0.157    15.5439   999.0355 0.0000e+00
      0.112 1.5382e-09     6.6403     94.936     40.173  32.578917     5.8493      8.340   274.0466 2.7354e+01    14.3575      0.110      0.159    15.5439   999.0355 0.0000e+00
