Data/DataNotYetUploadedToEDI/Raw_CTD/RawDownloads/103019_fcr50.cnv
* Sea-Bird SBE19plus  Data File:
* FileName = C:\DATA\103019_fcr50_0001.hex
* Software version 2.8.0.119 SB_Terminal.dll
* Temperature SN = 7809
* Conductivity SN = 7809
* System UpLoad Time = Oct 30 2019 09:53:05
* <ApplicationData>
* <Seaterm232>
# nquan = 16
# nvalues = 976                         
# units = specified
# name 0 = depFM: Depth [fresh water, m]
# name 1 = dz/dtM: Descent Rate [m/s]
# name 2 = sbeox0ML/L: Oxygen, SBE 43 [ml/l]
# name 3 = sbeox0PS: Oxygen, SBE 43 [% saturation]
# name 4 = specc: Specific Conductance [uS/cm]
# name 5 = c0uS/cm: Conductivity [uS/cm]
# name 6 = flECO-AFL: Fluorescence, WET Labs ECO-AFL/FL [mg/m^3]
# name 7 = ph: pH
# name 8 = orp: Oxidation Reduction Potential [mV]
# name 9 = par/sat/log: PAR/Logarithmic, Satlantic
# name 10 = turbWETntu0: Turbidity, WET Labs ECO [NTU]
# name 11 = prdM: Pressure, Strain Gauge [db]
# name 12 = prdE: Pressure, Strain Gauge [psi]
# name 13 = tv290C: Temperature [ITS-90, deg C]
# name 14 = density00: Density [density, kg/m^3]
# name 15 = flag:  0.000e+00
# span 0 =     -0.517,      9.806       
# span 1 =     -0.115,      0.231       
# span 2 =     4.1967,     7.8517       
# span 3 =     58.302,    111.813       
# span 4 =      0.156,    139.569       
# span 5 =   0.128510, 108.176916       
# span 6 =    -0.1542,     5.7712       
# span 7 =      6.505,      8.592       
# span 8 =   124.3861,  1240.2295       
# span 9 = 1.2353e-01, 2.5570e+01       
# span 10 =    -0.5728,    14.9327      
# span 11 =     -0.507,      9.617      
# span 12 =     -0.735,     13.948      
# span 13 =    13.7465,    16.1986      
# span 14 =   998.9160,   999.3796      
# span 15 = 0.0000e+00, 0.0000e+00      
# interval = seconds: 0.25
# start_time = Oct 30 2019 09:39:08 [Instrument's time stamp, header]
# bad_flag = -9.990e-29
*END*
[from data line 181]
      0.746      0.071     7.3429    104.745     40.298  32.480237     4.4102      7.653   245.1971 3.9329e+00    14.1359      0.727      1.054    15.3001   999.0764 0.0000e+00
      0.769      0.068     7.3453    104.681     40.330  32.505715     4.4305      7.647   245.3421 3.7299e+00    14.1772      0.756      1.098    15.3004   999.0764 0.0000e+00
      0.790      0.062     7.3471    104.585     40.348  32.519560     4.6086      7.641   245.5845 3.6133e+00    13.9932      0.779      1.130    15.2994   999.0767 0.0000e+00
      0.804      0.057     7.3455    104.457     40.350  32.520716     4.9336      7.636   245.8902 3.5191e+00    13.5825      0.788      1.143    15.2976   999.0770 0.0000e+00
      0.815      0.052     7.3441    104.307     40.349  32.519696     5.1084      7.631   246.1988 3.4298e+00    13.3408      0.801      1.160    15.2966   999.0772 0.0000e+00
      0.824      0.047     7.3392    104.167     40.334  32.507223     5.1179      7.625   246.3912 3.3603e+00    13.2984      0.807      1.171    15.2957   999.0774 0.0000e+00
      0.834      0.046     7.3332    104.092     40.324  32.496821     5.1184      7.619   246.4089 3.2764e+00    13.2993      0.816      1.185    15.2948   999.0776 0.0000e+00
      0.845      0.046     7.3234    104.063     40.358  32.520843     5.1231      7.614   246.3277 3.1871e+00    13.2537      0.829      1.203    15.2948   999.0777 0.0000e+00
      0.858      0.045     7.3132    104.018     40.390  32.543823     5.1228      7.609   246.3551 3.0708e+00    13.1397      0.839      1.216    15.2948   999.0777 0.0000e+00
      0.874      0.042     7.3004    103.960     40.364  32.520833     5.1153      7.605   246.5685 2.9593e+00    13.1012      0.859      1.246    15.2941   999.0779 0.0000e+00
      0.887      0.038     7.2962    103.878     40.335  32.496708     5.1093      7.601   246.8435 2.9075e+00    13.1158      0.873      1.266    15.2912   999.0784 0.0000e+00
      0.893      0.035     7.2988    103.744     40.348  32.505977     5.1029      7.598   247.0989 2.8723e+00    13.0538      0.874      1.268    15.2858   999.0793 0.0000e+00
      0.898      0.033     7.2939    103.573     40.351  32.505979     5.0810      7.595   247.2469 2.8430e+00    12.9421      0.881      1.278    15.2825   999.0799 0.0000e+00
      0.903      0.033     7.2911    103.375     40.343  32.496732     5.0615      7.591   247.1696 2.8068e+00    12.8789      0.886      1.285    15.2810   999.0801 0.0000e+00
      0.911      0.033     7.2866    103.176     40.375  32.521088     5.0488      7.587   246.9386 2.7220e+00    12.8792      0.890      1.290    15.2798   999.0802 0.0000e+00
      0.923      0.035     7.2763    103.018     40.406  32.546614     4.9543      7.583   246.9506 2.6293e+00    13.0447      0.905      1.312    15.2795   999.0804 0.0000e+00
      0.936      0.040     7.2646    102.879     40.413  32.551528     4.7943      7.579   247.3991 2.5809e+00    13.3723      0.920      1.334    15.2762   999.0809 0.0000e+00
      0.945      0.046     7.2517    102.748     40.452  32.580497     4.7187      7.574   247.8012 2.5517e+00    13.5958      0.928      1.346    15.2714   999.0818 0.0000e+00
      0.951      0.051     7.2350    102.662     40.534  32.643023     4.7243      7.569   247.8554 2.4894e+00    13.6495      0.931      1.351    15.2698   999.0820 0.0000e+00
      0.961      0.055     7.2256    102.617     40.657  32.736368     4.8283      7.565   247.7969 2.3784e+00    13.9557      0.939      1.361    15.2711   999.0819 0.0000e+00
      0.981      0.059     7.2169    102.601     40.773  32.820648     5.0222      7.560   247.7818 2.2619e+00    14.5785      0.961      1.393    15.2713   999.0819 0.0000e+00
      1.002      0.064     7.2054    102.593     40.807  32.837031     5.1259      7.554   247.8444 2.1719e+00    14.9195      0.985      1.429    15.2674   999.0826 0.0000e+00
      1.019      0.066     7.2018    102.541     40.781  32.807518     5.1288      7.548   247.9522 2.0951e+00    14.9327      1.000      1.450    15.2634   999.0833 0.0000e+00
      1.034      0.065     7.1988    102.414     40.676  32.717648     5.1355      7.543   248.2245 2.0179e+00    14.9018      1.012      1.467    15.2589   999.0842 0.0000e+00
      1.052      0.064     7.1999    102.179     40.508  32.575415     5.2586      7.537   248.5555 1.9449e+00    14.7427      1.032      1.497    15.2455   999.0864 0.0000e+00
      1.067      0.062     7.2041    101.773     40.410  32.483941     5.4814      7.531   248.7705 1.8882e+00    14.4832      1.049      1.520    15.2288   999.0890 0.0000e+00
      1.080      0.062     7.2024    101.157     40.366  32.436625     5.6008      7.526   248.9310 1.8197e+00    14.3207      1.056      1.531    15.2181   999.0907 0.0000e+00
      1.096      0.060     7.1946    100.394     40.311  32.384075     5.5923      7.522   248.9481 1.7327e+00    14.2209      1.073      1.557    15.2139   999.0913 0.0000e+00
      1.115      0.057     7.1810     99.569     40.285  32.356231     5.4222      7.518   248.9775 1.6709e+00    13.9323      1.095      1.588    15.2083   999.0922 0.0000e+00
      1.130      0.057     7.1572     98.707     40.294  32.353802     5.1302      7.513   249.1995 1.6301e+00    13.5181      1.108      1.608    15.1896   999.0952 0.0000e+00
      1.143      0.057     7.1146     97.866     40.309  32.354707     4.9757      7.506   249.3952 1.5970e+00    13.3094      1.121      1.627    15.1709   999.0981 0.0000e+00
      1.154      0.055     7.0583     97.078     40.342  32.367162     4.9415      7.498   249.6237 1.5565e+00    13.2772      1.131      1.641    15.1640   999.0990 0.0000e+00
      1.166      0.055     7.0031     96.348     40.372  32.377452     4.8386      7.492   250.1547 1.4810e+00    13.2272      1.138      1.652    15.1563   999.1002 0.0000e+00
      1.183      0.060     6.9416     95.787     40.354  32.352173     4.6760      7.483   250.6536 1.4148e+00    13.1297      1.160      1.682    15.1450   999.1021 0.0000e+00
      1.199      0.066     6.8827     95.446     40.324  32.315347     4.5968      7.474   250.8373 1.3984e+00    13.0825      1.180      1.711    15.1315   999.1043 0.0000e+00
      1.210      0.070     6.8336     95.256     40.337  32.312946     4.6005      7.466   250.8273 1.3665e+00    13.1148      1.184      1.718    15.1111   999.1074 0.0000e+00
      1.228      0.068     6.7785     95.156     40.360  32.323122     4.6772      7.460   250.7905 1.2635e+00    13.0616      1.198      1.737    15.0936   999.1102 0.0000e+00
      1.257      0.063     6.7396     95.113     40.349  32.311461     4.8306      7.455   250.9954 1.1705e+00    12.8974      1.237      1.793    15.0828   999.1120 0.0000e+00
      1.280      0.058     6.7213     95.077     40.335  32.298863     4.9288      7.451   251.3251 1.1519e+00    12.8017      1.263      1.832    15.0668   999.1145 0.0000e+00
      1.289      0.053     6.7116     95.022     40.338  32.297719     4.9545      7.448   251.4213 1.1481e+00    12.8225      1.265      1.835    15.0469   999.1175 0.0000e+00
      1.293      0.047     6.7065     94.951     40.343  32.297634     4.9857      7.444   251.3847 1.1191e+00    12.8202      1.266      1.836    15.0374   999.1190 0.0000e+00
      1.302      0.041     6.7050     94.852     40.352  32.297834     5.0287      7.442   251.3989 1.0762e+00    12.7084      1.275      1.849    15.0375   999.1190 0.0000e+00
      1.313      0.039     6.7038     94.724     40.366  32.300124     5.0502      7.440   251.4210 1.0389e+00    12.5858      1.289      1.868    15.0362   999.1193 0.0000e+00
      1.324      0.041     6.6997     94.603     40.405  32.325310     5.0547      7.437   251.4791 1.0088e+00    12.5496      1.299      1.882    15.0315   999.1200 0.0000e+00
      1.337      0.043     6.6960     94.519     40.433  32.348501     5.0746      7.434   251.6713 9.7670e-01    12.5010      1.312      1.904    15.0265   999.1208 0.0000e+00
      1.348      0.042     6.6906     94.474     40.398  32.326682     5.1083      7.431   252.0242 9.5665e-01    12.3578      1.323      1.920    15.0182   999.1221 0.0000e+00
      1.358      0.039     6.6823     94.475     40.380  32.315352     5.1236      7.429   252.2191 9.4229e-01    12.2281      1.329      1.928    15.0049   999.1242 0.0000e+00
      1.370      0.037     6.6738     94.518     40.415  32.338439     5.1207      7.426   252.1342 9.2621e-01    12.1781      1.345      1.951    14.9943   999.1258 0.0000e+00
      1.380      0.037     6.6685     94.570     40.440  32.351973     5.1259      7.423   252.2022 9.1848e-01    12.1465      1.356      1.966    14.9961   999.1257 0.0000e+00
      1.385      0.039     6.6630     94.618     40.442  32.352060     5.1770      7.420   252.2677 9.0982e-01    12.0753      1.357      1.969    15.0086   999.1238 0.0000e+00
      1.391      0.044     6.6618     94.674     40.424  32.339481     5.2623      7.416   252.1515 8.8174e-01    12.0051      1.362      1.975    15.0163   999.1226 0.0000e+00
      1.402      0.048     6.6676     94.716     40.410  32.326809     5.2987      7.413   252.2596 8.3891e-01    11.9858      1.372      1.990    15.0066   999.1241 0.0000e+00
      1.419      0.051     6.6738     94.695     40.418  32.325762     5.2963      7.410   252.4570 8.0248e-01    11.9728      1.392      2.018    14.9915   999.1265 0.0000e+00
      1.436      0.052     6.6761     94.617     40.432  32.326812     5.3718      7.408   252.6450 7.7493e-01    11.9792      1.409      2.043    14.9925   999.1265 0.0000e+00
      1.451      0.051     6.6796     94.497     40.455  32.339496     5.5187      7.404   252.8972 7.4979e-01    11.9974      1.423      2.064    14.9991   999.1255 0.0000e+00
      1.464      0.046     6.6849     94.262     40.471  32.352187     5.5987      7.399   252.7530 7.3391e-01    11.9970      1.438      2.086    14.9977   999.1258 0.0000e+00
      1.473      0.039     6.6850     93.897     40.473  32.353339     5.5933      7.396   252.3644 7.1860e-01    11.9416      1.443      2.093    14.9870   999.1274 0.0000e+00
      1.481      0.033     6.6791     93.459     40.475  32.353434     5.4532      7.394   252.2426 6.8743e-01    11.5238      1.451      2.105    14.9706   999.1299 0.0000e+00
      1.490      0.030     6.6761     92.990     40.472  32.353330     5.2050      7.391   252.2273 6.6198e-01    10.8789      1.464      2.123    14.9632   999.1311 0.0000e+00
      1.496      0.032     6.6592     92.523     40.473  32.352082     5.0807      7.389   252.3521 6.5498e-01    10.6002      1.467      2.128    14.9674   999.1306 0.0000e+00
      1.500      0.037     6.6306     92.052     40.479  32.338342     5.0861      7.386   252.7182 6.5536e-01    10.6118      1.468      2.130    14.9660   999.1308 0.0000e+00
      1.506      0.042     6.6010     91.583     40.489  32.314105     5.2526      7.381   252.8678 6.5071e-01    10.8556      1.475      2.139    14.9605   999.1316 0.0000e+00
      1.518      0.048     6.5641     91.158     40.527  32.312826     5.5764      7.376   252.6980 6.2870e-01    11.3516      1.485      2.154    14.9683   999.1304 0.0000e+00
      1.536      0.053     6.5321     90.801     40.569  32.322846     5.7591      7.372   252.5584 6.0672e-01    11.6596      1.505      2.183    14.9743   999.1297 0.0000e+00
      1.554      0.056     6.5019     90.470     40.569  32.308313     5.7712      7.369   252.5569 5.9268e-01    11.7289      1.527      2.215    14.9483   999.1337 0.0000e+00
      1.569      0.057     6.4746     90.111     40.520  32.264004     5.7398      7.365   252.6799 5.7167e-01    11.6986      1.538      2.231    14.8990   999.1411 0.0000e+00
      1.582      0.056     6.4490     89.706     40.477  32.231324     5.4835      7.361   252.8404 5.4739e-01    11.3910      1.551      2.249    14.8578   999.1474 0.0000e+00
      1.595      0.054     6.4289     89.202     40.471  32.230484     5.0304      7.358   253.1214 5.2807e-01    10.8945      1.565      2.271    14.8294   999.1517 0.0000e+00
      1.608      0.054     6.4108     88.642     40.429  32.190408     4.7872      7.354   253.4958 5.1004e-01    10.6432      1.575      2.284    14.8121   999.1542 0.0000e+00
      1.622      0.056     6.3841     88.148     40.381  32.127515     4.7619      7.349   253.6670 4.8948e-01    10.6462      1.591      2.307    14.8050   999.1553 0.0000e+00
      1.635      0.057     6.3591     87.760     40.399  32.104621     4.6901      7.345   253.6434 4.7502e-01    10.7014      1.606      2.328    14.8076   999.1550 0.0000e+00
      1.649      0.056     6.3202     87.483     40.442  32.103937     4.5612      7.341   253.5546 4.6394e-01    10.7867      1.613      2.341    14.8204   999.1531 0.0000e+00
      1.667      0.054     6.2757     87.351     40.492  32.119197     4.4952      7.337   253.5397 4.4170e-01    10.8256      1.634      2.371    14.8181   999.1535 0.0000e+00
      1.686      0.051     6.2459     87.368     40.565  32.162188     4.4817      7.335   253.9787 4.1352e-01    10.8444      1.657      2.404    14.7823   999.1589 0.0000e+00
      1.697      0.046     6.2257     87.468     40.600  32.179495     4.3551      7.332   254.7335 4.0243e-01    10.8829      1.667      2.417    14.7296   999.1668 0.0000e+00
      1.704      0.041     6.2112     87.573     40.559  32.138064     4.1254      7.328   255.0946 4.0636e-01    10.8647      1.671      2.423    14.6820   999.1738 0.0000e+00
      1.712      0.036     6.2049     87.606     40.524  32.105457     4.0020      7.326   255.0750 3.8868e-01    10.8208      1.678      2.434    14.6522   999.1782 0.0000e+00
      1.723      0.035     6.2109     87.539     40.523  32.102545     3.9896      7.323   255.0121 3.6198e-01    10.8110      1.691      2.453    14.6383   999.1804 0.0000e+00
      1.732      0.040     6.2209     87.383     40.527  32.102847     3.8888      7.318   255.0235 3.6141e-01    10.4840      1.700      2.466    14.6255   999.1824 0.0000e+00
      1.737      0.048     6.2327     87.141     40.544  32.109107     3.6938      7.312   255.2985 3.7129e-01     9.8164      1.703      2.469    14.6129   999.1841 0.0000e+00
      1.745      0.053     6.2363     86.843     40.569  32.114762     3.5922      7.307   255.6699 3.6776e-01     9.4581      1.708      2.476    14.6089   999.1847 0.0000e+00
      1.762      0.056     6.2309     86.583     40.577  32.107745     3.5692      7.303   255.8150 3.4892e-01     9.3956      1.723      2.499    14.6056   999.1853 0.0000e+00
      1.788      0.059     6.2203     86.395     40.563  32.087717     3.4079      7.299   255.8482 3.2629e-01     8.7994      1.756      2.547    14.6049   999.1855 0.0000e+00
      1.808      0.061     6.2036     86.209     40.542  32.062968     3.1245      7.297   255.9847 3.1993e-01     7.6560      1.780      2.580    14.6004   999.1864 0.0000e+00
      1.818      0.061     6.1825     86.006     40.547  32.062335     2.9694      7.295   256.1755 3.2218e-01     7.0091      1.782      2.583    14.5755   999.1900 0.0000e+00
      1.827      0.058     6.1643     85.805     40.566  32.080055     2.9545      7.292   256.2624 3.0445e-01     6.9428      1.790      2.596    14.5568   999.1927 0.0000e+00
      1.842      0.057     6.1561     85.589     40.569  32.086852     2.9533      7.289   256.3465 2.7965e-01     6.7228      1.806      2.620    14.5513   999.1935 0.0000e+00
      1.859      0.060     6.1442     85.381     40.569  32.081065     2.9369      7.286   256.5037 2.6215e-01     6.3152      1.824      2.645    14.5381   999.1955 0.0000e+00
      1.874      0.065     6.1292     85.168     40.583  32.073534     2.9125      7.283   256.6143 2.5291e-01     6.1109      1.838      2.665    14.5272   999.1973 0.0000e+00
      1.890      0.066     6.1168     84.914     40.590  32.059229     2.9007      7.281   256.7376 2.5529e-01     6.0882      1.850      2.683    14.5357   999.1961 0.0000e+00
