Data/DataNotYetUploadedToEDI/Raw_CTD/RawDownloads/103019_fcr50.cnv
* Sea-Bird SBE19plus  Data File:
* FileName = C:\DATA\103019_fcr50_0001.hex
* Software version 2.8.0.119 SB_Terminal.dll
* Temperature SN = 7809
* Conductivity SN = 7809
* System UpLoad Time = Oct 30 2019 09:53:05
* <ApplicationData>
* <Seaterm232>
# nquan = 16
# nvalues = 976                         
# units = specified
# name 0 = depFM: Depth [fresh water, m]
# name 1 = dz/dtM: Descent Rate [m/s]
# name 2 = sbeox0ML/L: Oxygen, SBE 43 [ml/l]
# name 3 = sbeox0PS: Oxygen, SBE 43 [% saturation]
# name 4 = specc: Specific Conductance [uS/cm]
# name 5 = c0uS/cm: Conductivity [uS/cm]
# name 6 = flECO-AFL: Fluorescence, WET Labs ECO-AFL/FL [mg/m^3]
# name 7 = ph: pH
# name 8 = orp: Oxidation Reduction Potential [mV]
# name 9 = par/sat/log: PAR/Logarithmic, Satlantic
# name 10 = turbWETntu0: Turbidity, WET Labs ECO [NTU]
# name 11 = prdM: Pressure, Strain Gauge [db]
# name 12 = prdE: Pressure, Strain Gauge [psi]
# name 13 = tv290C: Temperature [ITS-90, deg C]
# name 14 = density00: Density [density, kg/m^3]
# name 15 = flag:  0.000e+00
# span 0 =     -0.517,      9.806       
# span 1 =     -0.115,      0.231       
# span 2 =     4.1967,     7.8517       
# span 3 =     58.302,    111.813       
# span 4 =      0.156,    139.569       
# span 5 =   0.128510, 108.176916       
# span 6 =    -0.1542,     5.7712       
# span 7 =      6.505,      8.592       
# span 8 =   124.3861,  1240.2295       
# span 9 = 1.2353e-01, 2.5570e+01       
# span 10 =    -0.5728,    14.9327      
# span 11 =     -0.507,      9.617      
# span 12 =     -0.735,     13.948      
# span 13 =    13.7465,    16.1986      
# span 14 =   998.9160,   999.3796      
# span 15 = 0.0000e+00, 0.0000e+00      
# interval = seconds: 0.25
# start_time = Oct 30 2019 09:39:08 [Instrument's time stamp, header]
# bad_flag = -9.990e-29
*END*
[from data line 362]
      3.065      0.055     4.8204     66.198     43.299  33.729171     1.2616      7.032   263.5320 1.2379e-01     3.0283      3.011      4.366    13.9438   999.2863 0.0000e+00
      3.074      0.055     4.8073     66.162     43.287  33.723816     1.2566      7.029   263.9690 1.2376e-01     3.0003      3.012      4.369    13.9431   999.2864 0.0000e+00
      3.087      0.056     4.7949     66.161     43.302  33.736492     1.2619      7.025   264.2557 1.2371e-01     3.0258      3.023      4.385    13.9399   999.2869 0.0000e+00
      3.104      0.058     4.7851     66.195     43.410  33.818969     1.2640      7.021   264.3308 1.2369e-01     3.0752      3.048      4.420    13.9386   999.2872 0.0000e+00
      3.116      0.062     4.7770     66.253     43.514  33.895979     1.2569      7.018   264.3605 1.2371e-01     3.1059      3.057      4.434    13.9457   999.2862 0.0000e+00
      3.129      0.067     4.7753     66.299     43.535  33.906028     1.2452      7.016   264.3571 1.2372e-01     3.1019      3.062      4.441    13.9526   999.2853 0.0000e+00
      3.149      0.071     4.7748     66.327     43.587  33.940461     1.2258      7.012   264.2037 1.2372e-01     3.1254      3.088      4.478    13.9513   999.2856 0.0000e+00
      3.172      0.072     4.7769     66.330     43.663  33.994965     1.2056      7.009   264.0547 1.2367e-01     3.2262      3.116      4.518    13.9511   999.2858 0.0000e+00
      3.191      0.070     4.7838     66.308     43.664  33.993836     1.2000      7.009   264.1889 1.2365e-01     3.2719      3.128      4.537    13.9473   999.2865 0.0000e+00
      3.209      0.066     4.7871     66.256     43.660  33.990277     1.2015      7.008   264.4508 1.2373e-01     3.2850      3.145      4.561    13.9374   999.2878 0.0000e+00
      3.229      0.061     4.7908     66.178     43.692  34.015394     1.1973      7.005   264.7257 1.2382e-01     3.3850      3.170      4.597    13.9303   999.2889 0.0000e+00
      3.243      0.056     4.7911     66.082     43.730  34.043663     1.1927      7.002   265.1037 1.2379e-01     3.4980      3.183      4.616    13.9254   999.2898 0.0000e+00
      3.251      0.054     4.7902     65.978     43.776  34.078204     1.1900      6.999   265.2356 1.2371e-01     3.5364      3.185      4.619    13.9218   999.2902 0.0000e+00
      3.263      0.056     4.7866     65.893     43.825  34.115689     1.1819      6.995   264.9446 1.2369e-01     3.5211      3.198      4.638    13.9216   999.2903 0.0000e+00
      3.278      0.060     4.7799     65.852     43.827  34.116092     1.1726      6.990   264.7685 1.2368e-01     3.5092      3.218      4.667    13.9233   999.2902 0.0000e+00
      3.290      0.061     4.7737     65.842     43.786  34.083074     1.1636      6.986   264.9120 1.2368e-01     3.5895      3.223      4.674    13.9225   999.2903 0.0000e+00
      3.309      0.060     4.7649     65.833     43.806  34.097260     1.1512      6.983   265.1313 1.2371e-01     3.7380      3.241      4.699    13.9198   999.2908 0.0000e+00
      3.335      0.056     4.7586     65.832     43.888  34.160683     1.1357      6.981   265.1838 1.2369e-01     3.7977      3.277      4.753    13.9193   999.2911 0.0000e+00
      3.351      0.051     4.7554     65.843     43.959  34.215263     1.1238      6.980   264.9441 1.2366e-01     3.7546      3.292      4.775    13.9181   999.2914 0.0000e+00
      3.356      0.045     4.7572     65.846     44.004  34.249439     1.0942      6.979   264.6425 1.2369e-01     3.6760      3.289      4.771    13.9155   999.2916 0.0000e+00
      3.361      0.037     4.7553     65.817     44.014  34.256566     1.0379      6.979   264.5487 1.2372e-01     3.6005      3.294      4.779    13.9151   999.2917 0.0000e+00
      3.370      0.030     4.7552     65.760     43.991  34.237975     1.0063      6.978   264.5845 1.2370e-01     3.5630      3.305      4.793    13.9150   999.2918 0.0000e+00
      3.380      0.028     4.7570     65.711     43.963  34.215045     1.0071      6.978   264.6450 1.2368e-01     3.5504      3.315      4.808    13.9145   999.2919 0.0000e+00
      3.388      0.030     4.7575     65.666     43.986  34.233189     1.0126      6.977   264.8492 1.2370e-01     3.5144      3.324      4.820    13.9137   999.2921 0.0000e+00
      3.394      0.035     4.7566     65.628     44.109  34.330423     1.0202      6.974   265.0745 1.2376e-01     3.4214      3.330      4.829    13.9125   999.2923 0.0000e+00
      3.399      0.042     4.7496     65.614     44.248  34.438685     1.0208      6.969   265.0465 1.2380e-01     3.3439      3.335      4.835    13.9108   999.2926 0.0000e+00
      3.405      0.049     4.7479     65.619     44.283  34.463232     1.0113      6.966   264.9410 1.2376e-01     3.3305      3.338      4.842    13.9094   999.2928 0.0000e+00
      3.418      0.053     4.7443     65.640     44.253  34.436809     1.0097      6.964   264.9174 1.2374e-01     3.3912      3.345      4.853    13.9098   999.2927 0.0000e+00
      3.442      0.057     4.7401     65.679     44.256  34.436543     1.0107      6.963   264.8469 1.2376e-01     3.4881      3.376      4.896    13.9124   999.2926 0.0000e+00
      3.467      0.058     4.7401     65.724     44.288  34.460010     1.0060      6.961   264.8634 1.2378e-01     3.5182      3.408      4.943    13.9135   999.2926 0.0000e+00
      3.479      0.055     4.7402     65.739     44.298  34.466678     1.0040      6.959   265.2022 1.2373e-01     3.5260      3.412      4.949    13.9095   999.2932 0.0000e+00
      3.487      0.050     4.7426     65.731     44.282  34.453692     1.0048      6.958   265.5875 1.2366e-01     3.5499      3.415      4.952    13.9052   999.2938 0.0000e+00
      3.498      0.046     4.7452     65.725     44.332  34.493403     1.0071      6.958   265.6501 1.2367e-01     3.5455      3.432      4.977    13.9028   999.2942 0.0000e+00
      3.509      0.046     4.7509     65.713     44.424  34.566009     1.0054      6.957   265.5293 1.2373e-01     3.5380      3.443      4.995    13.9007   999.2946 0.0000e+00
      3.517      0.049     4.7513     65.677     44.428  34.569947     1.0014      6.955   265.4183 1.2377e-01     3.5243      3.445      4.997    13.8995   999.2948 0.0000e+00
      3.530      0.052     4.7495     65.622     44.471  34.604492     1.0028      6.954   265.4258 1.2378e-01     3.4788      3.458      5.014    13.8985   999.2949 0.0000e+00
      3.550      0.053     4.7500     65.577     44.631  34.729819     1.0305      6.953   265.7927 1.2378e-01     3.5121      3.484      5.053    13.8990   999.2950 0.0000e+00
      3.565      0.053     4.7490     65.533     44.744  34.815899     1.0847      6.951   266.3272 1.2376e-01     3.6651      3.501      5.077    13.9011   999.2949 0.0000e+00
      3.575      0.050     4.7470     65.471     44.754  34.820180     1.1204      6.949   266.4667 1.2367e-01     3.7547      3.504      5.082    13.9025   999.2946 0.0000e+00
      3.587      0.042     4.7407     65.395     44.708  34.781583     1.1240      6.948   266.2749 1.2365e-01     3.7441      3.516      5.100    13.9041   999.2944 0.0000e+00
      3.602      0.034     4.7383     65.309     44.645  34.730036     1.0770      6.947   266.0738 1.2368e-01     3.6998      3.536      5.128    13.9053   999.2945 0.0000e+00
      3.610      0.029     4.7362     65.188     44.615  34.704672     0.9851      6.946   266.1858 1.2370e-01     3.5794      3.543      5.140    13.9023   999.2950 0.0000e+00
      3.613      0.029     4.7319     65.028     44.645  34.728780     0.9323      6.945   266.5971 1.2374e-01     3.4684      3.542      5.138    13.8971   999.2957 0.0000e+00
      3.613      0.031     4.7262     64.887     44.694  34.767653     0.9414      6.943   266.8304 1.2377e-01     3.4730      3.543      5.139    13.8947   999.2960 0.0000e+00
      3.617      0.033     4.7210     64.758     44.728  34.793868     0.9990      6.942   266.9416 1.2379e-01     3.5038      3.544      5.140    13.8922   999.2963 0.0000e+00
      3.628      0.037     4.7141     64.605     44.727  34.791869     1.0831      6.940   266.9946 1.2380e-01     3.5122      3.554      5.155    13.8892   999.2967 0.0000e+00
      3.647      0.042     4.6986     64.490     44.664  34.743486     1.1343      6.938   266.8691 1.2380e-01     3.5426      3.579      5.191    13.8900   999.2968 0.0000e+00
      3.662      0.047     4.6889     64.437     44.627  34.716613     1.1423      6.937   266.7160 1.2376e-01     3.5761      3.596      5.216    13.8923   999.2966 0.0000e+00
      3.669      0.048     4.6827     64.401     44.629  34.720832     1.1190      6.937   266.6912 1.2370e-01     3.6224      3.596      5.216    13.8917   999.2968 0.0000e+00
      3.678      0.046     4.6680     64.399     44.558  34.667558     1.0864      6.935   266.8274 1.2369e-01     3.6763      3.604      5.227    13.8901   999.2970 0.0000e+00
      3.692      0.045     4.6588     64.457     44.526  34.643705     1.0768      6.933   266.9864 1.2368e-01     3.7362      3.622      5.253    13.8899   999.2970 0.0000e+00
      3.705      0.045     4.6580     64.536     44.661  34.749761     1.0808      6.933   267.1511 1.2367e-01     3.8218      3.634      5.271    13.8925   999.2966 0.0000e+00
      3.715      0.046     4.6532     64.611     44.820  34.870916     1.0916      6.932   267.3557 1.2367e-01     3.8933      3.643      5.283    13.8976   999.2960 0.0000e+00
      3.726      0.047     4.6515     64.670     45.029  35.029609     1.1122      6.929   267.3956 1.2364e-01     3.9444      3.653      5.298    13.8985   999.2959 0.0000e+00
      3.739      0.051     4.6580     64.700     45.427  35.335637     1.1215      6.925   267.2034 1.2368e-01     3.9816      3.667      5.318    13.8994   999.2958 0.0000e+00
      3.750      0.055     4.6635     64.737     45.760  35.587970     1.1262      6.921   267.0966 1.2379e-01     4.0154      3.678      5.335    13.9017   999.2956 0.0000e+00
      3.761      0.056     4.6695     64.797     45.793  35.605195     1.1341      6.917   267.3090 1.2386e-01     4.0253      3.685      5.345    13.8983   999.2962 0.0000e+00
      3.779      0.055     4.6755     64.831     45.720  35.543895     1.1139      6.914   267.6203 1.2387e-01     4.0354      3.702      5.369    13.8923   999.2971 0.0000e+00
      3.802      0.052     4.6762     64.815     45.723  35.544972     1.0809      6.911   267.7629 1.2379e-01     4.1049      3.732      5.412    13.8900   999.2978 0.0000e+00
      3.818      0.048     4.6784     64.775     45.737  35.554746     1.0733      6.909   267.6561 1.2367e-01     4.1772      3.748      5.436    13.8840   999.2989 0.0000e+00
      3.823      0.044     4.6866     64.700     45.715  35.535127     1.0734      6.908   267.4484 1.2364e-01     4.2207      3.749      5.437    13.8708   999.3006 0.0000e+00
      3.827      0.040     4.6905     64.578     45.750  35.561645     1.0568      6.907   267.4020 1.2368e-01     4.1720      3.751      5.442    13.8657   999.3013 0.0000e+00
      3.836      0.038     4.6869     64.427     45.825  35.621478     1.0287      6.906   267.4399 1.2368e-01     4.0148      3.762      5.457    13.8676   999.3011 0.0000e+00
      3.846      0.037     4.6856     64.260     45.825  35.623855     1.0111      6.903   267.4759 1.2364e-01     3.9261      3.771      5.469    13.8666   999.3013 0.0000e+00
      3.859      0.038     4.6810     64.094     45.863  35.653853     1.0096      6.900   267.4937 1.2369e-01     3.9516      3.782      5.485    13.8626   999.3018 0.0000e+00
      3.873      0.038     4.6712     63.946     46.044  35.793778     1.0276      6.900   267.3962 1.2375e-01     3.9960      3.800      5.512    13.8600   999.3023 0.0000e+00
      3.882      0.037     4.6600     63.828     46.209  35.919290     1.0633      6.899   267.3300 1.2373e-01     4.0036      3.810      5.525    13.8643   999.3019 0.0000e+00
      3.887      0.034     4.6470     63.753     46.193  35.901974     1.0855      6.897   267.3812 1.2367e-01     3.9772      3.811      5.527    13.8678   999.3013 0.0000e+00
      3.893      0.030     4.6344     63.718     46.116  35.838291     1.0880      6.894   267.4133 1.2366e-01     3.9717      3.815      5.534    13.8667   999.3016 0.0000e+00
      3.903      0.028     4.6239     63.720     46.129  35.847492     1.1025      6.892   267.5466 1.2368e-01     4.0036      3.828      5.552    13.8657   999.3018 0.0000e+00
      3.912      0.028     4.6150     63.756     46.175  35.886274     1.1309      6.891   267.8741 1.2378e-01     4.0341      3.841      5.569    13.8630   999.3023 0.0000e+00
      3.916      0.028     4.6103     63.794     46.222  35.926371     1.1450      6.890   268.1036 1.2392e-01     4.0465      3.841      5.570    13.8565   999.3032 0.0000e+00
      3.921      0.031     4.6089     63.842     46.416  36.078422     1.1429      6.887   268.2563 1.2391e-01     4.0547      3.842      5.574    13.8519   999.3038 0.0000e+00
      3.930      0.039     4.6078     63.919     46.823  36.391772     1.1224      6.882   268.5160 1.2381e-01     4.1334      3.855      5.590    13.8508   999.3040 0.0000e+00
      3.938      0.049     4.6128     63.989     47.109  36.604859     1.0974      6.874   268.7490 1.2375e-01     4.3104      3.864      5.603    13.8546   999.3035 0.0000e+00
      3.946      0.058     4.6139     64.043     47.069  36.560193     1.0910      6.868   268.9225 1.2368e-01     4.4242      3.866      5.607    13.8608   999.3026 0.0000e+00
      3.965      0.063     4.6155     64.093     46.986  36.486458     1.0890      6.864   269.1500 1.2367e-01     4.4284      3.882      5.632    13.8623   999.3025 0.0000e+00
      3.995      0.064     4.6240     64.120     47.060  36.538496     1.0737      6.861   269.4354 1.2377e-01     4.4260      3.922      5.689    13.8601   999.3032 0.0000e+00
      4.018      0.061     4.6296     64.108     47.167  36.618098     1.0016      6.858   269.6204 1.2381e-01     4.4938      3.949      5.727    13.8493   999.3050 0.0000e+00
      4.028      0.055     4.6348     64.073     47.177  36.623753     0.8926      6.856   269.5790 1.2373e-01     4.6262      3.950      5.727    13.8311   999.3074 0.0000e+00
      4.036      0.047     4.6401     64.031     47.156  36.606860     0.8402      6.855   269.4515 1.2369e-01     4.6832      3.956      5.737    13.8206   999.3089 0.0000e+00
      4.046      0.041     4.6433     63.981     47.233  36.667743     0.8357      6.854   269.4554 1.2373e-01     4.6577      3.971      5.758    13.8176   999.3094 0.0000e+00
      4.054      0.041     4.6419     63.938     47.388  36.788613     0.8468      6.854   269.6259 1.2372e-01     4.7119      3.978      5.769    13.8145   999.3099 0.0000e+00
      4.060      0.046     4.6390     63.906     47.486  36.862263     0.8698      6.853   269.8789 1.2372e-01     4.8461      3.979      5.771    13.8115   999.3103 0.0000e+00
      4.072      0.050     4.6368     63.864     47.489  36.860019     0.8893      6.851   270.0182 1.2375e-01     4.9374      3.991      5.789    13.8105   999.3105 0.0000e+00
      4.091      0.054     4.6320     63.829     47.448  36.824946     0.9004      6.849   270.0194 1.2370e-01     4.9634      4.013      5.821    13.8132   999.3102 0.0000e+00
      4.109      0.059     4.6283     63.817     47.442  36.819050     0.9091      6.846   270.0669 1.2365e-01     5.1604      4.032      5.847    13.8148   999.3101 0.0000e+00
      4.124      0.064     4.6280     63.806     47.565  36.915671     0.9244      6.844   270.0755 1.2370e-01     5.5822      4.044      5.866    13.8113   999.3107 0.0000e+00
      4.138      0.066     4.6245     63.791     47.728  37.041059     0.9386      6.843   270.1237 1.2372e-01     5.8355      4.058      5.885    13.8050   999.3116 0.0000e+00
