Data/DataNotYetUploadedToEDI/Raw_CTD/RawDownloads/103019_fcr10.cnv
* Sea-Bird SBE19plus  Data File:
* FileName = C:\DATA\103019_fcr_0002.hex
* Software version 2.8.0.119 SB_Terminal.dll
* Temperature SN = 7809
* Conductivity SN = 7809
* System UpLoad Time = Oct 30 2019 15:28:19
* <ApplicationData>
* <Seaterm232>
# nquan = 16
# nvalues = 327                         
# units = specified
# name 0 = depFM: Depth [fresh water, m]
# name 1 = dz/dtM: Descent Rate [m/s]
# name 2 = sbeox0ML/L: Oxygen, SBE 43 [ml/l]
# name 3 = sbeox0PS: Oxygen, SBE 43 [% saturation]
# name 4 = specc: Specific Conductance [uS/cm]
# name 5 = c0uS/cm: Conductivity [uS/cm]
# name 6 = flECO-AFL: Fluorescence, WET Labs ECO-AFL/FL [mg/m^3]
# name 7 = ph: pH
# name 8 = orp: Oxidation Reduction Potential [mV]
# name 9 = par/sat/log: PAR/Logarithmic, Satlantic
# name 10 = turbWETntu0: Turbidity, WET Labs ECO [NTU]
# name 11 = prdM: Pressure, Strain Gauge [db]
# name 12 = prdE: Pressure, Strain Gauge [psi]
# name 13 = tv290C: Temperature [ITS-90, deg C]
# name 14 = density00: Density [density, kg/m^3]
# name 15 = flag:  0.000e+00
# span 0 =     -0.519,      2.376       
# span 1 =     -0.003,      0.266       
# span 2 =     4.5520,     7.9976       
# span 3 =     63.484,    114.573       
# span 4 =      0.636,     44.456       
# span 5 =   0.507635,  35.548412       
# span 6 =    -0.1548,     7.9135       
# span 7 =      6.696,      8.657       
# span 8 =   154.5184,   310.6752       
# span 9 = 2.6231e-01, 8.7632e+01       
# span 10 =    -0.4748,    35.3850      
# span 11 =     -0.509,      2.331      
# span 12 =     -0.738,      3.381      
# span 13 =    14.2375,    15.5737      
# span 14 =   999.0328,   999.2418      
# span 15 = 0.0000e+00, 0.0000e+00      
# interval = seconds: 0.25
# start_time = Oct 30 2019 10:23:09 [Instrument's time stamp, header]
# bad_flag = -9.990e-29
*END*
[from data line 91]
      0.112 1.8612e-07     6.6317     94.738     40.237  32.629956     5.9477      8.334   273.6400 2.7450e+01    14.3511      0.110      0.159    15.5436   999.0356 0.0000e+00
      0.111 1.8612e-07     6.6263     94.607     40.246  32.636774     6.1237      8.332   273.4881 2.7530e+01    14.2703      0.109      0.158    15.5434   999.0356 0.0000e+00
      0.110 1.6918e-08     6.6204     94.457     40.224  32.617893     6.2186      8.329   273.2530 2.7590e+01    14.2519      0.108      0.156    15.5434   999.0356 0.0000e+00
      0.110 1.5102e-09     6.6141     94.268     40.193  32.592050     6.2455      8.327   273.0342 2.7590e+01    14.2924      0.108      0.157    15.5435   999.0356 0.0000e+00
      0.111 -1.681e-10     6.6075     93.996     40.177  32.578153     6.3879      8.324   272.9934 2.7544e+01    14.6626      0.109      0.158    15.5433   999.0356 0.0000e+00
      0.111 -3.375e-09     6.5977     93.650     40.176  32.576785     6.6307      8.321   272.9326 2.7489e+01    15.3520      0.109      0.158    15.5427   999.0357 0.0000e+00
      0.112 -3.725e-08     6.5873     93.247     40.176  32.575515     6.7624      8.319   272.7290 2.7439e+01    15.7129      0.110      0.159    15.5420   999.0358 0.0000e+00
      0.112 -4.098e-07     6.5771     92.798     40.162  32.562804     6.7758      8.316   272.5102 2.7426e+01    15.7495      0.110      0.159    15.5410   999.0360 0.0000e+00
      0.111      0.000     6.5567     92.309     40.147  32.550016     6.7055      8.312   272.3531 2.7453e+01    15.8268      0.109      0.158    15.5399   999.0361 0.0000e+00
      0.111      0.000     6.5327     91.784     40.146  32.547813     6.5635      8.309   272.2061 2.7508e+01    15.9270      0.109      0.158    15.5386   999.0363 0.0000e+00
      0.111     -0.001     6.5047     91.270     40.133  32.536170     6.4886      8.307   272.1949 2.7504e+01    15.9783      0.110      0.159    15.5372   999.0366 0.0000e+00
      0.111     -0.001     6.4726     90.777     40.134  32.536159     6.4852      8.305   272.2181 2.7445e+01    15.9881      0.109      0.158    15.5356   999.0368 0.0000e+00
      0.111     -0.001     6.4403     90.284     40.149  32.547688     6.4792      8.302   272.0568 2.7455e+01    15.8478      0.109      0.157    15.5342   999.0370 0.0000e+00
      0.111     -0.001     6.4010     89.817     40.151  32.548633     6.4592      8.299   271.7927 2.7505e+01    15.5606      0.109      0.158    15.5329   999.0372 0.0000e+00
      0.110     -0.000     6.3651     89.372     40.151  32.547584     6.4346      8.298   271.5198 2.7578e+01    15.3665      0.108      0.157    15.5316   999.0374 0.0000e+00
      0.110      0.001     6.3329     88.900     40.137  32.535014     6.4151      8.298   271.4245 2.7623e+01    15.3032      0.108      0.157    15.5307   999.0376 0.0000e+00
      0.110      0.002     6.2967     88.445     40.124  32.523572     6.4230      8.297   271.5012 2.7487e+01    15.2871      0.108      0.156    15.5293   999.0378 0.0000e+00
      0.111      0.002     6.2640     88.055     40.140  32.536160     6.5819      8.294   271.4145 2.7225e+01    15.3360      0.109      0.157    15.5281   999.0380 0.0000e+00
      0.113      0.002     6.2362     87.659     40.171  32.560287     6.8619      8.291   271.1505 2.7010e+01    15.4688      0.111      0.160    15.5273   999.0381 0.0000e+00
      0.114      0.003     6.2017     87.250     40.174  32.561432     7.0092      8.289   270.8037 2.6885e+01    15.5487      0.112      0.162    15.5265   999.0382 0.0000e+00
      0.114      0.006     6.1662     86.875     40.161  32.550011     7.0105      8.282   270.3196 2.6891e+01    15.5484      0.112      0.163    15.5256   999.0384 0.0000e+00
      0.114      0.013     6.1445     86.500     40.160  32.549119     6.9635      8.267   269.8565 2.6991e+01    15.7604      0.112      0.162    15.5247   999.0385 0.0000e+00
      0.114      0.026     6.1162     86.141     40.162  32.550648     6.8926      8.246   269.3349 2.6843e+01    16.1781      0.111      0.161    15.5235   999.0387 0.0000e+00
      0.118      0.044     6.0848     85.876     40.186  32.568491     6.8556      8.225   266.9379 2.6062e+01    16.4038      0.113      0.164    15.5222   999.0389 0.0000e+00
      0.129      0.064     6.0618     85.747     40.195  32.574480     6.8359      8.204   262.8159 2.4703e+01    16.4249      0.121      0.176    15.5210   999.0392 0.0000e+00
      0.150      0.083     6.0352     85.801     40.176  32.559587     6.7065      8.188   260.2781 2.3304e+01    16.3675      0.144      0.210    15.5210   999.0393 0.0000e+00
      0.178      0.096     6.0067     86.057     40.196  32.578798     6.4883      8.176   259.3979 2.2402e+01    16.2013      0.175      0.253    15.5211   999.0393 0.0000e+00
      0.211      0.104     5.9889     86.533     40.235  32.616378     6.3820      8.168   258.7124 2.2080e+01    16.0542      0.204      0.297    15.5184   999.0400 0.0000e+00
      0.246      0.104     5.9783     87.433     40.245  32.633203     6.3757      8.161   258.1851 2.2641e+01    15.9651      0.246      0.357    15.5158   999.0406 0.0000e+00
      0.273      0.098     5.9815     89.199     40.261  32.655314     6.3852      8.155   257.6677 2.3901e+01    15.6151      0.271      0.394    15.5162   999.0406 0.0000e+00
      0.292      0.089     6.0000     92.083     40.299  32.693357     6.4097      8.150   257.2754 2.4583e+01    15.0014      0.284      0.412    15.5193   999.0402 0.0000e+00
      0.312      0.080     6.0284     95.828     40.317  32.712421     6.4203      8.146   257.2271 2.4477e+01    14.6739      0.307      0.444    15.5274   999.0391 0.0000e+00
      0.332      0.073     6.0760    100.000     40.294  32.695428     6.4268      8.141   257.3424 2.4087e+01    14.6709      0.328      0.475    15.5400   999.0371 0.0000e+00
      0.349      0.068     6.1867    104.139     40.272  32.678278     6.4369      8.136   257.3788 2.3299e+01    14.6699      0.342      0.496    15.5520   999.0353 0.0000e+00
      0.365      0.064     6.3989    107.854     40.292  32.695445     6.5082      8.132   257.4088 2.2130e+01    14.5629      0.356      0.517    15.5607   999.0341 0.0000e+00
      0.382      0.060     6.6683    110.934     40.313  32.712611     6.6464      8.127   257.5331 2.0891e+01    14.3606      0.375      0.544    15.5659   999.0333 0.0000e+00
      0.398      0.057     6.9705    113.140     40.292  32.695446     6.7214      8.121   257.7632 1.9788e+01    14.2557      0.391      0.567    15.5679   999.0331 0.0000e+00
      0.411      0.055     7.2710    114.304     40.271  32.678295     6.7205      8.115   257.9535 1.8886e+01    14.2775      0.403      0.586    15.5683   999.0331 0.0000e+00
      0.422      0.053     7.5307    114.573     40.291  32.695615     6.6890      8.109   258.0275 1.8017e+01    14.3296      0.413      0.600    15.5688   999.0331 0.0000e+00
      0.435      0.049     7.7529    114.285     40.314  32.714484     6.6350      8.103   258.1410 1.6936e+01    14.4265      0.424      0.615    15.5690   999.0331 0.0000e+00
      0.450      0.043     7.9132    113.734     40.315  32.716045     6.6049      8.097   258.2084 1.5825e+01    14.4664      0.441      0.639    15.5689   999.0332 0.0000e+00
      0.465      0.038     7.9893    113.124     40.313  32.714494     6.6109      8.092   258.2396 1.5005e+01    14.4189      0.458      0.665    15.5693   999.0332 0.0000e+00
      0.474      0.036     7.9976    112.564     40.290  32.695732     6.6993      8.087   258.4330 1.4492e+01    14.2459      0.467      0.677    15.5700   999.0331 0.0000e+00
      0.478      0.038     7.9709    112.090     40.270  32.679580     6.8578      8.080   258.6535 1.4125e+01    13.9473      0.469      0.680    15.5710   999.0330 0.0000e+00
      0.479      0.045     7.9272    111.722     40.307  32.709589     6.9417      8.071   258.7545 1.3691e+01    13.7572      0.469      0.681    15.5719   999.0328 0.0000e+00
      0.485      0.054     7.8816    111.441     40.346  32.741257     6.9593      8.061   258.7934 1.2961e+01    13.7502      0.471      0.684    15.5721   999.0328 0.0000e+00
      0.503      0.064     7.8431    111.187     40.350  32.745166     7.0969      8.053   258.8655 1.1814e+01    14.0596      0.487      0.707    15.5720   999.0329 0.0000e+00
      0.530      0.073     7.8087    110.930     40.364  32.756861     7.3475      8.046   259.0244 1.0612e+01    14.5809      0.521      0.755    15.5718   999.0331 0.0000e+00
      0.557      0.079     7.7838    110.692     40.362  32.755730     7.4838      8.040   259.1662 9.7886e+00    14.8427      0.549      0.796    15.5719   999.0332 0.0000e+00
      0.577      0.080     7.7659    110.472     40.332  32.731487     7.4791      8.035   259.2031 9.2079e+00    14.8658      0.566      0.820    15.5722   999.0332 0.0000e+00
      0.595      0.075     7.7493    110.267     40.315  32.717590     7.3169      8.030   259.2124 8.6557e+00    14.7623      0.583      0.846    15.5724   999.0333 0.0000e+00
      0.612      0.070     7.7299    110.108     40.312  32.714634     7.0226      8.025   259.2782 8.1049e+00    14.5409      0.601      0.870    15.5730   999.0333 0.0000e+00
      0.629      0.067     7.7133    110.000     40.289  32.695744     6.8602      8.019   259.3969 7.5905e+00    14.4175      0.617      0.894    15.5735   999.0333 0.0000e+00
      0.645      0.067     7.6993    109.938     40.270  32.679570     6.8437      8.013   259.5285 7.1730e+00    14.4170      0.633      0.918    15.5734   999.0334 0.0000e+00
      0.660      0.067     7.6825    109.910     40.309  32.709465     6.8490      8.007   259.6654 6.7797e+00    14.3719      0.645      0.936    15.5736   999.0334 0.0000e+00
      0.676      0.067     7.6722    109.886     40.348  32.739885     6.9501      8.000   259.8471 6.3500e+00    14.1996      0.661      0.959    15.5737   999.0334 0.0000e+00
      0.696      0.066     7.6646    109.838     40.336  32.730062     7.1396      7.994   260.0043 5.9486e+00    14.0377      0.683      0.991    15.5733   999.0336 0.0000e+00
      0.716      0.063     7.6607    109.768     40.320  32.717631     7.2410      7.988   260.0186 5.6400e+00    13.9877      0.703      1.020    15.5724   999.0338 0.0000e+00
      0.732      0.059     7.6600    109.688     40.318  32.716500     7.2394      7.983   260.1058 5.3927e+00    13.9550      0.717      1.041    15.5696   999.0344 0.0000e+00
      0.746      0.054     7.6597    109.582     40.317  32.716383     7.1724      7.979   260.2839 5.1773e+00    13.7728      0.732      1.062    15.5671   999.0348 0.0000e+00
      0.758      0.050     7.6561    109.466     40.317  32.716217     7.0639      7.975   260.3658 5.0038e+00    13.4569      0.745      1.080    15.5677   999.0348 0.0000e+00
      0.767      0.048     7.6501    109.387     40.315  32.714499     7.0199      7.969   260.4928 4.8258e+00    13.2820      0.751      1.090    15.5690   999.0346 0.0000e+00
      0.777      0.049     7.6458    109.379     40.292  32.695608     7.0226      7.964   260.6149 4.6141e+00    13.2966      0.761      1.103    15.5696   999.0345 0.0000e+00
      0.789      0.052     7.6377    109.443     40.271  32.678195     6.9755      7.960   260.6387 4.3864e+00    13.6331      0.773      1.122    15.5699   999.0346 0.0000e+00
      0.803      0.055     7.6281    109.532     40.296  32.694344     6.8831      7.955   260.6941 4.1564e+00    14.2697      0.786      1.141    15.5697   999.0346 0.0000e+00
      0.819      0.058     7.6218    109.596     40.316  32.700467     6.8323      7.950   260.7691 3.9519e+00    14.6362      0.804      1.166    15.5698   999.0347 0.0000e+00
      0.836      0.059     7.6209    109.620     40.319  32.688759     6.8301      7.945   260.8561 3.7796e+00    14.6559      0.820      1.189    15.5695   999.0348 0.0000e+00
      0.852      0.058     7.6270    109.582     40.325  32.679688     6.7697      7.939   260.9720 3.6270e+00    14.4754      0.835      1.211    15.5699   999.0349 0.0000e+00
      0.868      0.056     7.6354    109.455     40.308  32.654230     6.6486      7.934   261.0516 3.5037e+00    14.1584      0.853      1.237    15.5674   999.0354 0.0000e+00
      0.882      0.054     7.6412    109.194     40.295  32.634779     6.5883      7.929   261.2163 3.3884e+00    14.0022      0.866      1.256    15.5534   999.0376 0.0000e+00
      0.893      0.053     7.6477    108.780     40.304  32.634885     6.6133      7.923   261.5015 3.2756e+00    13.9958      0.875      1.270    15.5341   999.0407 0.0000e+00
      0.904      0.053     7.6478    108.241     40.336  32.655503     6.8459      7.914   261.6604 3.1850e+00    13.9170      0.887      1.286    15.5156   999.0437 0.0000e+00
      0.918      0.053     7.6433    107.621     40.390  32.693682     7.2589      7.905   261.7610 3.0900e+00    13.7697      0.900      1.304    15.5001   999.0461 0.0000e+00
      0.933      0.053     7.6277    107.001     40.424  32.715732     7.4809      7.897   261.9434 2.9853e+00    13.7232      0.915      1.327    15.4893   999.0479 0.0000e+00
      0.948      0.053     7.5980    106.422     40.449  32.731707     7.5007      7.891   261.9720 2.8991e+00    13.7799      0.930      1.350    15.4813   999.0492 0.0000e+00
      0.962      0.052     7.5624    105.894     40.486  32.759905     7.5152      7.885   261.8492 2.8309e+00    13.7999      0.944      1.368    15.4750   999.0502 0.0000e+00
      0.976      0.052     7.5158    105.434     40.539  32.802817     7.6222      7.878   261.8360 2.7661e+00    13.7034      0.957      1.388    15.4686   999.0513 0.0000e+00
      0.988      0.052     7.4739    105.059     40.623  32.869780     7.8151      7.870   261.9842 2.7128e+00    13.5636      0.969      1.406    15.4607   999.0526 0.0000e+00
      0.999      0.053     7.4343    104.775     40.712  32.934920     7.9135      7.863   262.1781 2.6693e+00    13.5181      0.979      1.420    15.4547   999.0536 0.0000e+00
      1.011      0.054     7.3966    104.533     40.911  33.082724     7.8934      7.855   262.2877 2.6032e+00    13.5146      0.990      1.436    15.4533   999.0539 0.0000e+00
      1.026      0.054     7.3649    104.284     41.227  33.324117     7.7114      7.847   262.2764 2.5137e+00    13.3898      1.005      1.458    15.4540   999.0539 0.0000e+00
      1.044      0.053     7.3363    104.000     41.387  33.441955     7.3938      7.839   262.2138 2.4400e+00    13.1563      1.024      1.486    15.4570   999.0535 0.0000e+00
      1.059      0.052     7.3207    103.643     41.378  33.428600     7.2184      7.833   262.2191 2.3929e+00    13.0182      1.039      1.507    15.4494   999.0548 0.0000e+00
      1.070      0.049     7.3074    103.152     41.364  33.416498     7.1777      7.826   262.3407 2.3635e+00    12.9983      1.049      1.522    15.4286   999.0581 0.0000e+00
      1.080      0.044     7.2935    102.467     41.373  33.422558     7.0141      7.819   262.4796 2.3450e+00    12.9816      1.059      1.538    15.4110   999.0611 0.0000e+00
      1.090      0.040     7.2771    101.590     41.474  33.501869     6.7315      7.814   262.5214 2.3237e+00    12.9472      1.069      1.550    15.3948   999.0637 0.0000e+00
      1.100      0.039     7.2547    100.570     41.698  33.677323     6.5697      7.807   262.5022 2.3071e+00    12.9101      1.080      1.566    15.3866   999.0650 0.0000e+00
      1.110      0.039     7.2221     99.510     41.977  33.893877     6.5579      7.800   262.5913 2.2928e+00    12.8930      1.090      1.580    15.3909   999.0644 0.0000e+00
      1.118      0.039     7.1737     98.503     42.233  34.089302     6.7098      7.793   262.7389 2.2524e+00    12.9037      1.096      1.588    15.3891   999.0647 0.0000e+00
