Data/DataNotYetUploadedToEDI/Raw_CTD/RawDownloads/103019_fcr10.cnv
* Sea-Bird SBE19plus  Data File:
* FileName = C:\DATA\103019_fcr_0002.hex
* Software version 2.8.0.119 SB_Terminal.dll
* Temperature SN = 7809
* Conductivity SN = 7809
* System UpLoad Time = Oct 30 2019 15:28:19
* <ApplicationData>
* <Seaterm232>
# nquan = 16
# nvalues = 327                         
# units = specified
# name 0 = depFM: Depth [fresh water, m]
# name 1 = dz/dtM: Descent Rate [m/s]
# name 2 = sbeox0ML/L: Oxygen, SBE 43 [ml/l]
# name 3 = sbeox0PS: Oxygen, SBE 43 [% saturation]
# name 4 = specc: Specific Conductance [uS/cm]
# name 5 = c0uS/cm: Conductivity [uS/cm]
# name 6 = flECO-AFL: Fluorescence, WET Labs ECO-AFL/FL [mg/m^3]
# name 7 = ph: pH
# name 8 = orp: Oxidation Reduction Potential [mV]
# name 9 = par/sat/log: PAR/Logarithmic, Satlantic
# name 10 = turbWETntu0: Turbidity, WET Labs ECO [NTU]
# name 11 = prdM: Pressure, Strain Gauge [db]
# name 12 = prdE: Pressure, Strain Gauge [psi]
# name 13 = tv290C: Temperature [ITS-90, deg C]
# name 14 = density00: Density [density, kg/m^3]
# name 15 = flag:  0.000e+00
# span 0 =     -0.519,      2.376       
# span 1 =     -0.003,      0.266       
# span 2 =     4.5520,     7.9976       
# span 3 =     63.484,    114.573       
# span 4 =      0.636,     44.456       
# span 5 =   0.507635,  35.548412       
# span 6 =    -0.1548,     7.9135       
# span 7 =      6.696,      8.657       
# span 8 =   154.5184,   310.6752       
# span 9 = 2.6231e-01, 8.7632e+01       
# span 10 =    -0.4748,    35.3850      
# span 11 =     -0.509,      2.331      
# span 12 =     -0.738,      3.381      
# span 13 =    14.2375,    15.5737      
# span 14 =   999.0328,   999.2418      
# span 15 = 0.0000e+00, 0.0000e+00      
# interval = seconds: 0.25
# start_time = Oct 30 2019 10:23:09 [Instrument's time stamp, header]
# bad_flag = -9.990e-29
*END*
[from data line 181]
      1.139      0.038     7.0383     96.722     42.198  34.016642     7.1239      7.775   263.0244 2.1784e+00    12.8899      1.118      1.622    15.3822   999.0659 0.0000e+00
      1.151      0.035     6.9632     95.874     42.006  33.849547     7.1274      7.766   263.3475 2.1649e+00    12.8374      1.130      1.638    15.3685   999.0682 0.0000e+00
      1.162      0.031     6.8941     94.862     41.897  33.765971     7.0788      7.758   263.5484 2.1463e+00    12.4380      1.141      1.655    15.3593   999.0698 0.0000e+00
      1.169      0.028     6.8330     93.514     41.967  33.831184     6.9959      7.750   263.5612 2.1502e+00    11.7317      1.147      1.665    15.3358   999.0735 0.0000e+00
      1.172      0.027     6.7799     91.851     42.182  34.003390     6.9574      7.741   263.5880 2.1709e+00    11.3438      1.150      1.668    15.2930   999.0801 0.0000e+00
      1.175      0.029     6.7270     90.074     42.679  34.388393     6.9608      7.731   263.7006 2.1740e+00    11.2880      1.151      1.669    15.2808   999.0819 0.0000e+00
      1.180      0.033     6.6609     88.486     43.393  34.932031     6.9674      7.721   263.8031 2.1476e+00    11.3191      1.155      1.676    15.2919   999.0801 0.0000e+00
      1.190      0.038     6.5624     87.300     43.918  35.308596     7.0105      7.713   263.9668 2.1001e+00    11.8176      1.165      1.692    15.3077   999.0778 0.0000e+00
      1.202      0.042     6.4412     86.490     44.164  35.450571     7.0917      7.704   264.2177 2.0461e+00    12.7274      1.179      1.710    15.3083   999.0778 0.0000e+00
      1.217      0.044     6.3106     85.980     44.225  35.442642     7.1345      7.696   264.4278 2.0004e+00    13.2417      1.194      1.731    15.2889   999.0810 0.0000e+00
      1.231      0.042     6.1964     85.738     44.237  35.403066     7.1287      7.689   264.6145 1.9637e+00    13.2841      1.207      1.752    15.2547   999.0867 0.0000e+00
      1.242      0.038     6.1242     85.623     44.287  35.416290     7.0921      7.683   264.9264 1.9252e+00    13.0426      1.218      1.767    15.1982   999.0956 0.0000e+00
      1.251      0.033     6.0780     85.438     44.365  35.475556     7.0389      7.677   265.3592 1.8955e+00    12.6171      1.227      1.780    15.1339   999.1055 0.0000e+00
      1.257      0.029     6.0502     85.138     44.453  35.548412     7.0136      7.671   265.7179 1.8837e+00    12.3996      1.233      1.788    15.0635   999.1161 0.0000e+00
      1.262      0.028     6.0446     84.768     44.456  35.535540     7.0031      7.665   265.9078 1.8756e+00    12.3462      1.238      1.794    15.0018   999.1255 0.0000e+00
      1.267      0.030     6.0484     84.369     44.389  35.446845     6.8864      7.659   266.1065 1.8519e+00    12.1684      1.241      1.801    14.9703   999.1304 0.0000e+00
      1.273      0.033     6.0341     83.964     44.330  35.364559     6.6687      7.652   266.3134 1.8043e+00    11.8874      1.247      1.809    14.9752   999.1296 0.0000e+00
      1.282      0.036     6.0094     83.594     44.197  35.238757     6.5467      7.644   266.4309 1.7530e+00    11.7021      1.256      1.822    14.9904   999.1273 0.0000e+00
      1.294      0.038     5.9845     83.282     43.912  35.004748     6.5389      7.637   266.4946 1.7111e+00    11.6313      1.269      1.840    14.9735   999.1299 0.0000e+00
      1.308      0.039     5.9627     82.952     43.531  34.693137     6.6000      7.631   266.5670 1.6791e+00    11.4910      1.283      1.862    14.9230   999.1376 0.0000e+00
      1.318      0.039     5.9392     82.517     43.169  34.390633     6.7053      7.624   266.7039 1.6551e+00    11.2510      1.294      1.877    14.8761   999.1447 0.0000e+00
      1.326      0.038     5.9134     81.949     43.031  34.266695     6.7542      7.618   266.8598 1.6276e+00    11.1215      1.301      1.886    14.8570   999.1475 0.0000e+00
      1.334      0.038     5.8946     81.276     43.208  34.400478     6.7657      7.612   266.9890 1.5995e+00    11.0721      1.308      1.896    14.8561   999.1475 0.0000e+00
      1.343      0.038     5.8747     80.587     43.392  34.548437     6.8097      7.604   267.1471 1.5659e+00    11.0153      1.317      1.910    14.8496   999.1484 0.0000e+00
      1.352      0.039     5.8469     80.010     43.285  34.468974     6.8703      7.596   267.3948 1.5269e+00    11.0243      1.325      1.922    14.8288   999.1515 0.0000e+00
      1.363      0.041     5.8082     79.576     43.030  34.264784     6.9008      7.588   267.5749 1.4880e+00    11.0493      1.336      1.938    14.8108   999.1541 0.0000e+00
      1.375      0.041     5.7604     79.231     42.853  34.110550     6.9013      7.581   267.6046 1.4431e+00    11.0551      1.349      1.957    14.7996   999.1559 0.0000e+00
      1.387      0.040     5.7058     78.936     42.742  34.000395     6.8928      7.576   267.6681 1.3981e+00    10.9963      1.360      1.973    14.8039   999.1555 0.0000e+00
      1.397      0.038     5.6631     78.669     42.461  33.757930     6.8670      7.571   267.8265 1.3599e+00    10.4041      1.371      1.989    14.8176   999.1534 0.0000e+00
      1.406      0.036     5.6347     78.399     41.953  33.336721     6.8236      7.566   267.9709 1.3218e+00     9.3680      1.379      2.001    14.8175   999.1532 0.0000e+00
      1.414      0.036     5.6129     78.074     41.526  32.969303     6.7927      7.560   268.0369 1.2819e+00     8.8255      1.386      2.011    14.8009   999.1557 0.0000e+00
      1.421      0.036     5.5966     77.676     41.283  32.742521     6.7799      7.553   268.0219 1.2524e+00     8.7927      1.394      2.021    14.7678   999.1606 0.0000e+00
      1.430      0.037     5.5805     77.227     41.093  32.562019     6.7294      7.547   268.0475 1.2258e+00     8.8412      1.401      2.032    14.7462   999.1638 0.0000e+00
      1.440      0.040     5.5649     76.752     40.963  32.436839     6.6419      7.541   268.1749 1.1922e+00     8.9194      1.412      2.048    14.7343   999.1654 0.0000e+00
      1.450      0.044     5.5468     76.314     40.982  32.434718     6.5973      7.536   268.3573 1.1510e+00     8.9520      1.422      2.063    14.6968   999.1708 0.0000e+00
      1.462      0.048     5.5231     76.032     41.127  32.536355     6.6061      7.531   268.6181 1.1165e+00     8.9733      1.433      2.078    14.6493   999.1778 0.0000e+00
      1.475      0.050     5.4951     76.017     41.277  32.650327     6.7832      7.525   268.8329 1.0919e+00     9.1111      1.447      2.099    14.6142   999.1829 0.0000e+00
      1.490      0.050     5.4633     76.318     41.381  32.733895     7.1173      7.520   268.8902 1.0513e+00     9.3396      1.461      2.118    14.5879   999.1867 0.0000e+00
      1.505      0.049     5.4310     76.925     41.442  32.785220     7.2998      7.516   268.9666 1.0090e+00     9.4421      1.476      2.140    14.5662   999.1901 0.0000e+00
      1.518      0.046     5.4099     77.735     41.494  32.826656     7.3158      7.511   269.1539 9.7888e-01     9.4322      1.490      2.161    14.5490   999.1927 0.0000e+00
      1.529      0.044     5.4086     78.558     41.537  32.854130     7.2768      7.506   269.3482 9.3923e-01     9.3842      1.501      2.177    14.5429   999.1937 0.0000e+00
      1.538      0.043     5.4293     79.215     41.564  32.863550     7.1928      7.502   269.4225 8.9833e-01     9.2878      1.509      2.189    14.5483   999.1930 0.0000e+00
      1.546      0.043     5.4742     79.609     41.678  32.940538     7.1412      7.497   269.3648 8.7346e-01     9.2500      1.515      2.197    14.5540   999.1921 0.0000e+00
      1.556      0.043     5.5374     79.672     41.957  33.150337     7.0681      7.492   269.3392 8.4816e-01     9.2550      1.525      2.213    14.5551   999.1920 0.0000e+00
      1.569      0.044     5.6019     79.355     42.325  33.432836     6.3346      7.488   269.4571 8.1279e-01     9.2502      1.539      2.232    14.5477   999.1932 0.0000e+00
      1.582      0.044     5.6526     78.663     42.579  33.627251     5.0095      7.484   269.6716 7.8029e-01     9.2573      1.552      2.250    14.5302   999.1958 0.0000e+00
      1.594      0.043     5.6843     77.653     42.628  33.660524     4.3028      7.479   269.7809 7.6104e-01     9.2755      1.565      2.268    14.5131   999.1984 0.0000e+00
      1.606      0.041     5.6921     76.401     42.533  33.581272     4.2490      7.474   269.8329 7.4394e-01     9.2736      1.576      2.285    14.5012   999.2003 0.0000e+00
      1.616      0.039     5.6703     74.999     42.345  33.430594     4.2283      7.470   270.0415 7.1994e-01     9.2340      1.585      2.299    14.4914   999.2019 0.0000e+00
      1.624      0.037     5.6202     73.507     42.177  33.298364     4.0703      7.465   270.3250 7.0381e-01     9.1574      1.593      2.310    14.4840   999.2031 0.0000e+00
      1.632      0.036     5.5474     71.970     42.114  33.251778     3.7952      7.460   270.5068 6.9938e-01     9.0674      1.601      2.322    14.4774   999.2040 0.0000e+00
      1.640      0.036     5.4556     70.490     42.106  33.248120     3.6506      7.456   270.5186 6.8774e-01     9.0314      1.608      2.331    14.4724   999.2048 0.0000e+00
      1.650      0.035     5.3545     69.203     42.115  33.254133     3.6482      7.451   270.5540 6.6533e-01     9.0504      1.616      2.343    14.4692   999.2053 0.0000e+00
      1.661      0.034     5.2480     68.233     42.129  33.261023     3.7744      7.445   270.6772 6.5307e-01     9.2634      1.630      2.363    14.4692   999.2052 0.0000e+00
      1.671      0.032     5.1344     67.677     42.143  33.267947     4.0154      7.440   270.7169 6.4652e-01     9.6735      1.640      2.378    14.4750   999.2044 0.0000e+00
      1.679      0.030     5.0247     67.553     42.153  33.274377     4.1597      7.435   270.6898 6.3166e-01     9.9129      1.647      2.388    14.4797   999.2037 0.0000e+00
      1.684      0.028     4.9303     67.776     42.156  33.275312     4.1929      7.430   270.6933 6.1305e-01     9.9291      1.652      2.396    14.4782   999.2040 0.0000e+00
      1.689      0.028     4.8588     68.228     42.161  33.279246     4.2957      7.424   270.7604 5.9561e-01     9.8044      1.655      2.401    14.4705   999.2052 0.0000e+00
      1.695      0.029     4.8189     68.813     42.136  33.258479     4.4834      7.417   270.8984 5.8663e-01     9.5516      1.661      2.409    14.4663   999.2058 0.0000e+00
      1.703      0.031     4.8129     69.434     42.082  33.214606     4.5816      7.412   271.0718 5.8214e-01     9.3632      1.669      2.420    14.4655   999.2059 0.0000e+00
      1.713      0.033     4.8324     69.992     42.059  33.193026     4.5719      7.407   271.2228 5.7015e-01     9.3283      1.679      2.435    14.4627   999.2064 0.0000e+00
      1.723      0.035     4.8669     70.414     42.061  33.187944     4.4618      7.402   271.3468 5.5709e-01     9.2609      1.691      2.453    14.4626   999.2065 0.0000e+00
      1.733      0.035     4.9108     70.693     42.027  33.153152     4.2563      7.398   271.4524 5.5368e-01     9.0732      1.699      2.465    14.4635   999.2063 0.0000e+00
      1.741      0.034     4.9580     70.853     41.959  33.089664     4.1337      7.393   271.6390 5.5427e-01     8.9604      1.706      2.474    14.4614   999.2067 0.0000e+00
      1.749      0.034     5.0006     70.931     41.930  33.054944     4.0975      7.388   271.8828 5.5035e-01     8.9127      1.715      2.486    14.4577   999.2073 0.0000e+00
      1.756      0.035     5.0312     70.980     41.940  33.050654     3.9571      7.383   272.0773 5.3965e-01     8.6272      1.722      2.497    14.4498   999.2084 0.0000e+00
      1.765      0.037     5.0515     71.031     41.936  33.037781     3.7195      7.379   272.2696 5.2573e-01     8.1627      1.730      2.509    14.4395   999.2100 0.0000e+00
      1.775      0.039     5.0637     71.090     41.931  33.026207     3.5827      7.374   272.4869 5.0790e-01     7.9177      1.740      2.524    14.4286   999.2115 0.0000e+00
      1.786      0.040     5.0688     71.155     41.954  33.037641     3.5606      7.370   272.7257 4.9686e-01     7.8604      1.751      2.541    14.4136   999.2137 0.0000e+00
      1.798      0.040     5.0736     71.243     41.976  33.049086     3.5646      7.366   272.9202 4.9822e-01     7.5354      1.763      2.557    14.3985   999.2159 0.0000e+00
      1.808      0.039     5.0781     71.330     41.967  33.037655     3.5452      7.362   273.0307 5.0069e-01     6.9370      1.774      2.573    14.3867   999.2177 0.0000e+00
      1.818      0.036     5.0840     71.376     41.957  33.026351     3.4902      7.358   273.0307 5.0233e-01     6.5902      1.783      2.586    14.3772   999.2192 0.0000e+00
      1.827      0.032     5.0884     71.381     41.977  33.039336     3.4543      7.354   272.9201 4.9793e-01     6.5220      1.792      2.599    14.3694   999.2203 0.0000e+00
      1.835      0.029     5.0960     71.330     42.014  33.067731     3.4409      7.351   272.8980 4.8783e-01     6.5054      1.801      2.612    14.3631   999.2212 0.0000e+00
      1.842      0.027     5.1051     71.228     42.075  33.115818     3.3975      7.348   273.1070 4.7461e-01     6.5206      1.807      2.620    14.3575   999.2220 0.0000e+00
      1.847      0.025     5.1071     71.106     42.155  33.176506     3.3277      7.344   273.2962 4.5631e-01     6.5083      1.811      2.626    14.3531   999.2227 0.0000e+00
      1.853      0.025     5.1097     70.988     42.226  33.230326     3.2902      7.340   273.2926 4.4513e-01     6.4882      1.816      2.634    14.3501   999.2232 0.0000e+00
      1.859      0.027     5.1054     70.892     42.266  33.258851     3.2740      7.335   273.3212 4.6078e-01     6.4747      1.823      2.644    14.3494   999.2233 0.0000e+00
      1.865      0.030     5.0969     70.806     42.199  33.204066     3.2105      7.331   273.4706 4.8605e-01     6.3778      1.829      2.653    14.3501   999.2232 0.0000e+00
      1.871      0.034     5.0884     70.720     42.039  33.075641     3.1031      7.328   273.7219 4.8872e-01     6.2006      1.835      2.662    14.3482   999.2236 0.0000e+00
      1.880      0.038     5.0790     70.607     41.914  32.975328     3.0418      7.323   273.9509 4.7424e-01     6.0700      1.843      2.674    14.3445   999.2241 0.0000e+00
      1.892      0.041     5.0739     70.418     41.877  32.943142     3.0246      7.318   274.0028 4.5160e-01     6.0106      1.855      2.690    14.3414   999.2247 0.0000e+00
      1.905      0.042     5.0677     70.156     41.878  32.940332     2.9121      7.315   274.0051 4.4315e-01     5.6794      1.869      2.709    14.3380   999.2252 0.0000e+00
      1.918      0.040     5.0622     69.891     41.883  32.941337     2.7135      7.312   274.0640 4.5245e-01     5.0486      1.880      2.727    14.3355   999.2255 0.0000e+00
      1.930      0.037     5.0563     69.706     41.903  32.955297     2.6084      7.308   274.1129 4.5298e-01     4.7414      1.893      2.747    14.3343   999.2257 0.0000e+00
      1.939      0.032     5.0433     69.671     41.938  32.982196     2.6029      7.304   274.1664 4.5572e-01     4.7499      1.904      2.761    14.3308   999.2263 0.0000e+00
      1.944      0.027     5.0226     69.780     41.976  33.012716     2.6044      7.300   274.2800 4.5778e-01     4.8231      1.907      2.765    14.3258   999.2270 0.0000e+00
      1.948      0.022     5.0022     69.996     42.047  33.070459     2.6013      7.296   274.3688 4.5055e-01     5.0040      1.910      2.770    14.3225   999.2274 0.0000e+00
      1.953      0.021     4.9867     70.336     42.173  33.172657     2.5998      7.294   274.4656 4.4592e-01     5.1353      1.915      2.778    14.3204   999.2279 0.0000e+00
      1.958      0.024     4.9845     70.740     42.326  33.296439     2.6036      7.291   274.5895 4.4598e-01     5.1653      1.921      2.786    14.3187   999.2281 0.0000e+00
