Data/DataNotYetUploadedToEDI/Raw_CTD/RawDownloads/103019_fcr10.cnv
* Sea-Bird SBE19plus  Data File:
* FileName = C:\DATA\103019_fcr_0002.hex
* Software version 2.8.0.119 SB_Terminal.dll
* Temperature SN = 7809
* Conductivity SN = 7809
* System UpLoad Time = Oct 30 2019 15:28:19
* <ApplicationData>
* <Seaterm232>
# nquan = 16
# nvalues = 327                         
# units = specified
# name 0 = depFM: Depth [fresh water, m]
# name 1 = dz/dtM: Descent Rate [m/s]
# name 2 = sbeox0ML/L: Oxygen, SBE 43 [ml/l]
# name 3 = sbeox0PS: Oxygen, SBE 43 [% saturation]
# name 4 = specc: Specific Conductance [uS/cm]
# name 5 = c0uS/cm: Conductivity [uS/cm]
# name 6 = flECO-AFL: Fluorescence, WET Labs ECO-AFL/FL [mg/m^3]
# name 7 = ph: pH
# name 8 = orp: Oxidation Reduction Potential [mV]
# name 9 = par/sat/log: PAR/Logarithmic, Satlantic
# name 10 = turbWETntu0: Turbidity, WET Labs ECO [NTU]
# name 11 = prdM: Pressure, Strain Gauge [db]
# name 12 = prdE: Pressure, Strain Gauge [psi]
# name 13 = tv290C: Temperature [ITS-90, deg C]
# name 14 = density00: Density [density, kg/m^3]
# name 15 = flag:  0.000e+00
# span 0 =     -0.519,      2.376       
# span 1 =     -0.003,      0.266       
# span 2 =     4.5520,     7.9976       
# span 3 =     63.484,    114.573       
# span 4 =      0.636,     44.456       
# span 5 =   0.507635,  35.548412       
# span 6 =    -0.1548,     7.9135       
# span 7 =      6.696,      8.657       
# span 8 =   154.5184,   310.6752       
# span 9 = 2.6231e-01, 8.7632e+01       
# span 10 =    -0.4748,    35.3850      
# span 11 =     -0.509,      2.331      
# span 12 =     -0.738,      3.381      
# span 13 =    14.2375,    15.5737      
# span 14 =   999.0328,   999.2418      
# span 15 = 0.0000e+00, 0.0000e+00      
# interval = seconds: 0.25
# start_time = Oct 30 2019 10:23:09 [Instrument's time stamp, header]
# bad_flag = -9.990e-29
*END*
[from data line 272]
      1.968      0.038     5.0070     71.378     42.604  33.518255     2.5682      7.283   274.7509 4.3688e-01     4.9612      1.927      2.795    14.3224   999.2275 0.0000e+00
      1.978      0.045     5.0340     71.480     42.635  33.538485     2.5097      7.279   274.8782 4.2142e-01     4.6736      1.938      2.810    14.3259   999.2272 0.0000e+00
      1.993      0.050     5.0654     71.389     42.649  33.542417     2.4780      7.275   274.9979 4.0995e-01     4.5115      1.953      2.833    14.3288   999.2269 0.0000e+00
      2.010      0.054     5.0922     71.070     42.687  33.565784     2.4621      7.270   275.0801 4.0645e-01     4.4765      1.971      2.860    14.3341   999.2263 0.0000e+00
      2.026      0.058     5.1139     70.546     42.697  33.567144     2.3698      7.266   275.1834 3.9929e-01     4.3485      1.989      2.884    14.3368   999.2261 0.0000e+00
      2.041      0.060     5.1209     69.845     42.692  33.558854     2.2037      7.262   275.3860 3.9391e-01     4.1107      2.001      2.903    14.3296   999.2272 0.0000e+00
      2.053      0.061     5.1183     69.000     42.740  33.592474     2.1172      7.257   275.5510 3.9726e-01     3.9940      2.013      2.920    14.3195   999.2286 0.0000e+00
      2.067      0.062     5.0946     68.118     42.826  33.656312     2.1141      7.251   275.6298 3.9741e-01     4.0190      2.027      2.938    14.3115   999.2298 0.0000e+00
      2.084      0.062     5.0569     67.248     42.881  33.696060     2.0873      7.245   275.7372 3.8651e-01     4.0188      2.042      2.961    14.3049   999.2309 0.0000e+00
      2.102      0.061     5.0083     66.423     42.880  33.692267     2.0276      7.240   275.8162 3.7250e-01     3.9924      2.062      2.991    14.2998   999.2317 0.0000e+00
      2.120      0.058     4.9428     65.737     42.859  33.673919     1.9906      7.238   275.8115 3.5846e-01     3.9945      2.080      3.017    14.2954   999.2324 0.0000e+00
      2.136      0.053     4.8801     65.196     42.848  33.664609     1.9866      7.235   275.8520 3.4454e-01     4.0113      2.096      3.040    14.2911   999.2331 0.0000e+00
      2.149      0.044     4.8187     64.756     42.819  33.643166     1.9879      7.232   275.9616 3.4619e-01     3.9329      2.109      3.058    14.2867   999.2338 0.0000e+00
      2.159      0.033     4.7552     64.408     42.769  33.605041     1.9893      7.230   276.0184 3.5605e-01     3.7356      2.118      3.072    14.2828   999.2345 0.0000e+00
      2.167      0.023     4.7069     64.139     42.740  33.584437     1.9854      7.227   276.0219 3.5485e-01     3.5595      2.127      3.084    14.2802   999.2348 0.0000e+00
      2.171      0.016     4.6707     63.954     42.740  33.584447     1.9845      7.223   276.0041 3.5145e-01     3.5072      2.130      3.089    14.2803   999.2349 0.0000e+00
      2.171      0.014     4.6375     63.875     42.766  33.605161     1.9615      7.220   275.9760 3.5419e-01     3.5943      2.129      3.088    14.2822   999.2346 0.0000e+00
      2.171      0.017     4.6139     63.883     42.814  33.644488     1.9061      7.217   275.9400 3.5890e-01     3.6961      2.128      3.087    14.2839   999.2343 0.0000e+00
      2.171      0.022     4.5940     63.948     42.857  33.679165     1.8700      7.213   275.9992 3.5812e-01     3.7218      2.127      3.085    14.2856   999.2340 0.0000e+00
      2.177      0.028     4.5793     64.057     42.893  33.707115     1.8536      7.209   276.1753 3.4461e-01     3.7413      2.131      3.091    14.2866   999.2339 0.0000e+00
      2.189      0.033     4.5750     64.216     42.921  33.728562     1.8207      7.206   276.2619 3.3167e-01     3.7671      2.146      3.113    14.2864   999.2340 0.0000e+00
      2.203      0.037     4.5757     64.406     42.950  33.748078     1.7752      7.204   276.1859 3.3145e-01     3.7721      2.161      3.135    14.2878   999.2339 0.0000e+00
      2.214      0.039     4.5813     64.581     42.961  33.752688     1.7458      7.202   276.1173 3.4039e-01     3.7688      2.172      3.150    14.2895   999.2337 0.0000e+00
      2.223      0.039     4.5879     64.696     42.924  33.720837     1.7347      7.199   276.2072 3.4976e-01     3.7604      2.181      3.163    14.2887   999.2338 0.0000e+00
      2.230      0.039     4.6006     64.736     42.877  33.680289     1.7372      7.196   276.3257 3.4994e-01     3.7691      2.187      3.172    14.2882   999.2340 0.0000e+00
      2.238      0.040     4.6153     64.714     42.836  33.643207     1.7581      7.193   276.2602 3.4508e-01     3.7751      2.193      3.181    14.2850   999.2346 0.0000e+00
      2.248      0.041     4.6301     64.656     42.775  33.589802     1.7801      7.189   276.1899 3.3585e-01     3.7353      2.205      3.197    14.2791   999.2355 0.0000e+00
      2.261      0.043     4.6389     64.561     42.721  33.542285     1.7860      7.185   276.3363 3.3185e-01     3.7134      2.217      3.216    14.2767   999.2358 0.0000e+00
      2.273      0.045     4.6414     64.403     42.688  33.512937     1.7851      7.182   276.4811 3.3743e-01     3.7397      2.229      3.233    14.2728   999.2364 0.0000e+00
      2.285      0.045     4.6404     64.236     42.660  33.488805     1.8043      7.179   276.5633 3.3585e-01     3.7260      2.241      3.250    14.2659   999.2374 0.0000e+00
      2.296      0.043     4.6354     64.109     42.681  33.504368     1.8361      7.177   276.7274 3.2470e-01     3.6460      2.252      3.265    14.2597   999.2383 0.0000e+00
      2.307      0.040     4.6324     64.024     42.772  33.574172     1.8488      7.174   276.9178 3.1374e-01     3.5920      2.262      3.280    14.2536   999.2392 0.0000e+00
      2.317      0.035     4.6182     64.006     42.851  33.634691     1.8449      7.172   276.9717 3.0971e-01     3.5639      2.273      3.297    14.2494   999.2398 0.0000e+00
      2.327      0.030     4.6051     64.068     42.891  33.664912     1.7458      7.169   276.9486 3.1263e-01     3.5027      2.284      3.313    14.2475   999.2401 0.0000e+00
      2.334      0.024     4.5972     64.182     42.917  33.685710     1.5522      7.167   276.9831 3.0740e-01     3.4099      2.290      3.322    14.2468   999.2403 0.0000e+00
      2.338      0.019     4.5900     64.321     42.932  33.695757     1.4467      7.166   276.9596 2.8904e-01     3.3266      2.293      3.327    14.2446   999.2407 0.0000e+00
      2.341      0.014     4.5886     64.469     42.968  33.722931     1.4404      7.164   276.8360 2.8677e-01     3.3141      2.296      3.330    14.2413   999.2412 0.0000e+00
      2.343      0.010     4.5940     64.574     43.016  33.760398     1.4763      7.162   276.7788 2.9779e-01     3.3908      2.298      3.333    14.2411   999.2413 0.0000e+00
      2.345      0.008     4.6034     64.597     43.025  33.767975     1.5425      7.160   276.8703 2.9546e-01     3.4994      2.300      3.336    14.2413   999.2412 0.0000e+00
      2.347      0.007     4.6125     64.551     43.001  33.751075     1.5736      7.159   276.9966 2.9182e-01     3.5457      2.301      3.338    14.2399   999.2414 0.0000e+00
      2.349      0.007     4.6258     64.465     42.991  33.746464     1.5656      7.158   277.1007 2.9262e-01     3.5250      2.304      3.342    14.2382   999.2417 0.0000e+00
      2.351      0.008     4.6344     64.342     43.025  33.775690     1.5511      7.156   277.1822 2.7795e-01     3.5437      2.306      3.344    14.2375   999.2418 0.0000e+00
      2.352      0.009     4.6354     64.165     43.039  33.787126     1.5189      7.153   277.2081 2.6231e-01     3.6077      2.306      3.345    14.2385   999.2417 0.0000e+00
      2.354      0.010     4.6307     63.970     43.002  33.757796     1.4713      7.150   277.1561 2.7424e-01     3.6105      2.308      3.347    14.2411   999.2414 0.0000e+00
      2.357      0.010     4.6238     63.809     42.977  33.738394     1.4518      7.149   277.0699 2.8895e-01     3.5773      2.311      3.352    14.2456   999.2407 0.0000e+00
      2.361      0.010     4.6163     63.699     42.984  33.742936     1.4483      7.146   276.9400 2.8111e-01     3.5678      2.316      3.359    14.2486   999.2403 0.0000e+00
      2.365      0.010     4.6020     63.614     42.994  33.749246     1.4203      7.145   276.7900 2.7557e-01     3.5607      2.320      3.364    14.2481   999.2404 0.0000e+00
      2.367      0.009     4.5866     63.538     42.995  33.751221     1.3912      7.144   276.8046 2.7873e-01     3.5577      2.322      3.367    14.2484   999.2403 0.0000e+00
      2.368      0.008     4.5743     63.492     43.014  33.766825     1.3815      7.142   276.9437 2.7713e-01     3.5640      2.322      3.368    14.2491   999.2402 0.0000e+00
      2.369      0.006     4.5678     63.484     43.073  33.810984     1.3815      7.140   277.0957 2.7671e-01     3.5707      2.323      3.369    14.2466   999.2406 0.0000e+00
      2.370      0.006     4.5627     63.488     43.113  33.840882     1.3829      7.139   277.1794 2.7792e-01     3.5740      2.325      3.372    14.2441   999.2410 0.0000e+00
      2.373 -9.990e-29     4.5559 -9.990e-29 -9.990e-29 -9.990e-29 -9.990e-29 -9.990e-29 -9.990e-29 2.8317e-01 -9.990e-29      2.327      3.375    14.2461   999.2407 0.0000e+00
      2.375 -9.990e-29     4.5520 -9.990e-29 -9.990e-29 -9.990e-29 -9.990e-29 -9.990e-29 -9.990e-29 2.9482e-01 -9.990e-29      2.329      3.377    14.2491   999.2402 0.0000e+00
      2.376 -9.990e-29     4.5526 -9.990e-29 -9.990e-29 -9.990e-29 -9.990e-29 -9.990e-29 -9.990e-29 3.0039e-01 -9.990e-29      2.330      3.379    14.2456   999.2408 0.0000e+00
      2.376 -9.990e-29     4.5543 -9.990e-29 -9.990e-29 -9.990e-29 -9.990e-29 -9.990e-29 -9.990e-29 2.9966e-01 -9.990e-29      2.331      3.381    14.2415   999.2414 0.0000e+00
