Data/DataNotYetUploadedToEDI/Raw_CTD/RawDownloads/103019_fcr50.cnv
* Sea-Bird SBE19plus  Data File:
* FileName = C:\DATA\103019_fcr50_0001.hex
* Software version 2.8.0.119 SB_Terminal.dll
* Temperature SN = 7809
* Conductivity SN = 7809
* System UpLoad Time = Oct 30 2019 09:53:05
* <ApplicationData>
* <Seaterm232>
# nquan = 16
# nvalues = 976                         
# units = specified
# name 0 = depFM: Depth [fresh water, m]
# name 1 = dz/dtM: Descent Rate [m/s]
# name 2 = sbeox0ML/L: Oxygen, SBE 43 [ml/l]
# name 3 = sbeox0PS: Oxygen, SBE 43 [% saturation]
# name 4 = specc: Specific Conductance [uS/cm]
# name 5 = c0uS/cm: Conductivity [uS/cm]
# name 6 = flECO-AFL: Fluorescence, WET Labs ECO-AFL/FL [mg/m^3]
# name 7 = ph: pH
# name 8 = orp: Oxidation Reduction Potential [mV]
# name 9 = par/sat/log: PAR/Logarithmic, Satlantic
# name 10 = turbWETntu0: Turbidity, WET Labs ECO [NTU]
# name 11 = prdM: Pressure, Strain Gauge [db]
# name 12 = prdE: Pressure, Strain Gauge [psi]
# name 13 = tv290C: Temperature [ITS-90, deg C]
# name 14 = density00: Density [density, kg/m^3]
# name 15 = flag:  0.000e+00
# span 0 =     -0.517,      9.806       
# span 1 =     -0.115,      0.231       
# span 2 =     4.1967,     7.8517       
# span 3 =     58.302,    111.813       
# span 4 =      0.156,    139.569       
# span 5 =   0.128510, 108.176916       
# span 6 =    -0.1542,     5.7712       
# span 7 =      6.505,      8.592       
# span 8 =   124.3861,  1240.2295       
# span 9 = 1.2353e-01, 2.5570e+01       
# span 10 =    -0.5728,    14.9327      
# span 11 =     -0.507,      9.617      
# span 12 =     -0.735,     13.948      
# span 13 =    13.7465,    16.1986      
# span 14 =   998.9160,   999.3796      
# span 15 = 0.0000e+00, 0.0000e+00      
# interval = seconds: 0.25
# start_time = Oct 30 2019 09:39:08 [Instrument's time stamp, header]
# bad_flag = -9.990e-29
*END*
     -0.517 -3.773e-20     6.5881     95.787      0.156   0.128630    -0.1147      6.620  1240.2295 2.3057e+01    -0.2645     -0.507     -0.735    16.1986   998.9160 0.0000e+00
     -0.516 5.5432e-20     6.5875     95.773      0.156   0.128521    -0.1187      6.617  1240.2295 2.2648e+01    -0.2752     -0.506     -0.735    16.1984   998.9160 0.0000e+00
     -0.516 6.5253e-19     6.5894     95.767      0.156   0.128511    -0.1311      6.617  1240.2295 2.2663e+01    -0.2841     -0.506     -0.735    16.1983   998.9160 0.0000e+00
     -0.517 7.1817e-18     6.5911     95.757      0.156   0.128510    -0.1429      6.616  1240.2295 2.3487e+01    -0.3400     -0.507     -0.735    16.1981   998.9160 0.0000e+00
     -0.517 7.8999e-17     6.5869     95.768      0.156   0.128510    -0.1396      6.615  1240.2295 2.4322e+01    -0.4260     -0.507     -0.735    16.1978   998.9161 0.0000e+00
     -0.517 8.6899e-16     6.5866     95.785      0.156   0.128510    -0.1351      6.616  1240.2295 2.4637e+01    -0.4715     -0.507     -0.735    16.1977   998.9161 0.0000e+00
     -0.517 9.5589e-15     6.5873     95.789      0.156   0.128510    -0.1315      6.618  1240.2295 2.4798e+01    -0.4970     -0.507     -0.735    16.1975   998.9161 0.0000e+00
     -0.517 1.0515e-13     6.5846     95.798      0.156   0.128511    -0.1300      6.619  1240.2295 2.4904e+01    -0.5379     -0.507     -0.735    16.1973   998.9162 0.0000e+00
     -0.516 1.1566e-12     6.5864     95.814      0.156   0.128520    -0.1347      6.621  1240.2295 2.4484e+01    -0.5728     -0.506     -0.735    16.1972   998.9162 0.0000e+00
     -0.516 1.2723e-11     6.5887     95.827      0.156   0.128625    -0.1368      6.622  1240.2295 2.2929e+01    -0.5593     -0.506     -0.735    16.1971   998.9162 0.0000e+00
     -0.516 1.3995e-10     6.5877     95.840      0.158   0.129773    -0.1378      6.622  1240.2295 2.0018e+01    -0.5050     -0.506     -0.735    16.1971   998.9162 0.0000e+00
     -0.516 1.5395e-09     6.5883     95.835      0.173   0.142403    -0.1386      6.622  1240.2295 1.6824e+01    -0.4737     -0.506     -0.734    16.1968   998.9163 0.0000e+00
     -0.516 1.6934e-08     6.5905     95.817      0.188   0.154610    -0.1464      6.621  1240.2295 1.4762e+01    -0.4754     -0.506     -0.735    16.1965   998.9163 0.0000e+00
     -0.516 1.8628e-07     6.5903     95.806      0.183   0.150646    -0.1542      6.621  1240.2295 1.4032e+01    -0.4605     -0.506     -0.734    16.1963   998.9164 0.0000e+00
     -0.516 1.8629e-07     6.5926     95.792      0.192   0.157844    -0.1459      6.622  1240.2295 1.4118e+01    -0.4241     -0.506     -0.734    16.1960   998.9164 0.0000e+00
     -0.516 1.7136e-08     6.5920     95.794      0.217   0.178275    -0.1334      6.623  1240.2295 1.4287e+01    -0.4293     -0.506     -0.735    16.1958   998.9164 0.0000e+00
     -0.516 3.7567e-09     6.5894     95.815      0.252   0.207602    -0.1322      6.622  1240.2295 1.4272e+01    -0.4900     -0.506     -0.734    16.1959   998.9164 0.0000e+00
     -0.516 2.4530e-08     6.5901     95.819      0.315   0.258987    -0.1397      6.622  1240.2293 1.4584e+01    -0.5355     -0.506     -0.734    16.1959   998.9164 0.0000e+00
     -0.516 2.6830e-07     6.5880     95.815      0.355   0.292699    -0.1381      6.622  1240.2275 1.5194e+01    -0.5210     -0.506     -0.734    16.1957   998.9164 0.0000e+00
     -0.516      0.000     6.5875     95.818      0.362   0.298415    -0.1309      6.622  1240.2076 1.5593e+01    -0.5106     -0.506     -0.735    16.1953   998.9165 0.0000e+00
     -0.516      0.000     6.5914     95.812      0.398   0.328094    -0.1305      6.623  1239.9886 1.5627e+01    -0.4766     -0.506     -0.734    16.1953   998.9165 0.0000e+00
     -0.516      0.000     6.5907     95.803      0.637   0.524825    -0.1250      6.628  1237.5800 1.5300e+01    -0.3385     -0.506     -0.734    16.1950   998.9165 0.0000e+00
     -0.516      0.004     6.5893     95.807      2.944   2.423633    -0.1246      6.675  1211.0851 1.5168e+01    -0.2504     -0.506     -0.734    16.1953   998.9164 0.0000e+00
     -0.516      0.018     6.5913     95.812     12.681  10.422648    -0.1336      6.892   919.6415 1.5854e+01    -0.2964     -0.506     -0.734    16.1945   998.9167 0.0000e+00
     -0.516      0.050     6.5899     95.815     27.891  22.875950    -0.1381      7.319   394.1405 1.7046e+01    -0.3045     -0.506     -0.734    16.1954   998.9164 0.0000e+00
     -0.515      0.098     6.5890     95.844     37.517  30.675841    -0.1364      7.772   126.5143 1.8187e+01    -0.2501     -0.506     -0.734    16.1934   998.9169 0.0000e+00
     -0.503      0.150     6.5896     95.881     39.804  32.426059    -0.1216      8.106   124.3861 1.9307e+01    -0.2278     -0.505     -0.733    16.1956   998.9162 0.0000e+00
     -0.459      0.194     6.5917     95.913     40.087  32.552486    -0.0456      8.319   136.8761 2.0699e+01     0.0631     -0.468     -0.679    16.1862   998.9199 0.0000e+00
     -0.374      0.222     6.6047     95.973     40.140  32.521636     0.8081      8.444   146.0628 2.2243e+01     3.6935     -0.371     -0.539    16.0782   998.9450 0.0000e+00
     -0.279      0.231     6.6340     96.085     40.169  32.497199     2.3891      8.519   152.6911 2.3391e+01    10.4025     -0.263     -0.381    15.8908   998.9787 0.0000e+00
     -0.204      0.221     6.6622     96.278     40.222  32.510801     3.2557      8.562   158.0815 2.3891e+01    14.0637     -0.189     -0.274    15.7175   999.0065 0.0000e+00
     -0.158      0.192     6.6815     96.551     40.304  32.559139     3.3456      8.584   163.3144 2.4048e+01    14.3694     -0.150     -0.218    15.5837   999.0280 0.0000e+00
     -0.128      0.157     6.6985     96.871     40.414  32.637400     3.4668      8.592   168.2098 2.4199e+01    14.2632     -0.125     -0.182    15.4951   999.0420 0.0000e+00
     -0.103      0.127     6.7130     97.213     40.493  32.695501     3.6805      8.592   172.1866 2.4458e+01    14.0246     -0.101     -0.147    15.4399   999.0508 0.0000e+00
     -0.078      0.112     6.7316     97.573     40.488  32.690476     3.7971      8.588   175.2607 2.4786e+01    13.9417     -0.078     -0.113    15.4052   999.0563 0.0000e+00
     -0.051      0.108     6.7546     97.936     40.423  32.640088     3.8101      8.582   178.0186 2.5136e+01    13.9819     -0.051     -0.074    15.3852   999.0596 0.0000e+00
     -0.023      0.110     6.7796     98.279     40.364  32.593959     3.8116      8.572   180.7528 2.5466e+01    13.7573     -0.022     -0.032    15.3734   999.0616 0.0000e+00
      0.005      0.111     6.8043     98.590     40.345  32.576978     3.8070      8.558   183.4538 2.5570e+01    13.3239      0.005      0.008    15.3658   999.0629 0.0000e+00
      0.035      0.111     6.8299     98.881     40.330  32.561683     3.8064      8.541   186.1546 2.3186e+01    13.0996      0.033      0.048    15.3648   999.0632 0.0000e+00
      0.065      0.106     6.8555     99.156     40.302  32.535950     3.8121      8.524   188.7154 1.8716e+01    13.0772      0.065      0.094    15.3711   999.0624 0.0000e+00
      0.095      0.097     6.8792     99.348     40.287  32.519690     3.8238      8.507   191.0138 1.6568e+01    13.0864      0.095      0.138    15.3730   999.0622 0.0000e+00
      0.120      0.084     6.9015     99.403     40.257  32.491997     3.8968      8.491   192.9503 1.6372e+01    13.0795      0.119      0.173    15.3700   999.0628 0.0000e+00
      0.140      0.069     6.9213     99.416     40.216  32.454960     4.0268      8.480   194.5774 1.5950e+01    13.0597      0.140      0.202    15.3660   999.0635 0.0000e+00
      0.156      0.053     6.9434     99.532     40.216  32.452643     4.1034      8.474   196.1468 1.5461e+01    13.0436      0.155      0.225    15.3612   999.0642 0.0000e+00
      0.167      0.038     6.9605     99.743     40.233  32.463981     4.1129      8.468   197.7285 1.5115e+01    13.0159      0.165      0.239    15.3563   999.0651 0.0000e+00
      0.173      0.025     6.9620     99.880     40.238  32.465126     4.0365      8.461   199.2470 1.5029e+01    12.8891      0.171      0.248    15.3512   999.0659 0.0000e+00
      0.176      0.015     6.9578     99.760     40.242  32.466478     3.8912      8.455   200.6557 1.5032e+01    12.5913      0.172      0.250    15.3472   999.0664 0.0000e+00
      0.176      0.009     6.9672     99.327     40.261  32.480322     3.8128      8.448   202.1992 1.5024e+01    12.3974      0.172      0.250    15.3440   999.0670 0.0000e+00
      0.176      0.005     6.9875     98.673     40.293  32.505594     3.8085      8.443   203.8837 1.5009e+01    12.4129      0.173      0.251    15.3407   999.0675 0.0000e+00
      0.177      0.003     7.0028     97.900     40.309  32.518192     3.8305      8.438   205.1062 1.4944e+01    12.4506      0.174      0.252    15.3376   999.0680 0.0000e+00
      0.179      0.002     6.9968     97.087     40.292  32.505719     3.8709      8.433   205.9667 1.4861e+01    12.4605      0.175      0.254    15.3352   999.0683 0.0000e+00
      0.179      0.002     6.9628     96.332     40.262  32.481708     3.8891      8.428   207.0617 1.4794e+01    12.4344      0.176      0.255    15.3333   999.0686 0.0000e+00
      0.179      0.002     6.9147     95.712     40.262  32.481718     3.8766      8.423   208.2787 1.4724e+01    12.3973      0.176      0.255    15.3319   999.0689 0.0000e+00
      0.180      0.001     6.8595     95.239     40.292  32.505844     3.8850      8.417   209.4106 1.4677e+01    12.5031      0.176      0.256    15.3317   999.0689 0.0000e+00
      0.180      0.001     6.7991     94.889     40.310  32.519566     3.9219      8.411   210.3359 1.4685e+01    12.7309      0.176      0.255    15.3334   999.0686 0.0000e+00
      0.180      0.001     6.7436     94.589     40.312  32.520709     3.9402      8.404   210.9489 1.4729e+01    12.8242      0.176      0.255    15.3350   999.0684 0.0000e+00
      0.180      0.001     6.7009     94.241     40.310  32.519669     3.9327      8.398   211.4878 1.4736e+01    12.8118      0.176      0.255    15.3349   999.0684 0.0000e+00
      0.181      0.001     6.6678     93.799     40.294  32.506979     3.9091      8.393   212.2923 1.4688e+01    12.8104      0.177      0.257    15.3336   999.0686 0.0000e+00
      0.181      0.001     6.6452     93.257     40.276  32.494203     3.8888      8.388   213.2760 1.4674e+01    12.8079      0.178      0.258    15.3326   999.0688 0.0000e+00
      0.181      0.001     6.6280     92.659     40.272  32.492114     3.8874      8.383   214.1746 1.4716e+01    12.8137      0.178      0.259    15.3322   999.0688 0.0000e+00
      0.181      0.001     6.6036     92.099     40.258  32.481719     3.8834      8.379   214.9841 1.4751e+01    12.8162      0.178      0.258    15.3327   999.0688 0.0000e+00
      0.182      0.000     6.5732     91.698     40.273  32.495450     3.8747      8.375   215.6643 1.4788e+01    12.8375      0.179      0.259    15.3339   999.0686 0.0000e+00
      0.182 1.9301e-08     6.5341     91.558     40.316  32.531218     3.9123      8.370   216.2044 1.4830e+01    12.9735      0.178      0.259    15.3355   999.0683 0.0000e+00
      0.181 2.1231e-07     6.4890     91.695     40.316  32.533421     4.0004      8.364   216.6958 1.4845e+01    13.2144      0.177      0.257    15.3373   999.0680 0.0000e+00
      0.181 2.1231e-07     6.4470     92.053     40.299  32.522091     4.0549      8.358   217.3047 1.4861e+01    13.3575      0.178      0.258    15.3388   999.0678 0.0000e+00
      0.182 1.9287e-08     6.4152     92.550     40.295  32.521155     4.0600      8.354   217.9734 1.4864e+01    13.3610      0.178      0.259    15.3406   999.0675 0.0000e+00
      0.182 1.6078e-09     6.4052     93.100     40.295  32.522102     4.0966      8.350   218.5853 1.4800e+01    13.4196      0.178      0.258    15.3424   999.0673 0.0000e+00
      0.182 1.3995e-10     6.4161     93.631     40.308  32.533536     4.1776      8.346   219.2829 1.4755e+01    13.5087      0.178      0.259    15.3445   999.0669 0.0000e+00
      0.182 1.5395e-09     6.4427     94.087     40.305  32.532486     4.2324      8.342   220.0413 1.4785e+01    13.4886      0.178      0.259    15.3473   999.0665 0.0000e+00
      0.182 1.6934e-08     6.4796     94.427     40.276  32.509400     4.2482      8.339   220.7862 1.4796e+01    13.4713      0.178      0.259    15.3496   999.0662 0.0000e+00
      0.182 1.8627e-07     6.5193     94.613     40.274  32.508256     4.2735      8.335   221.4059 1.4769e+01    13.3322      0.178      0.259    15.3515   999.0659 0.0000e+00
      0.182 1.8627e-07     6.5579     94.636     40.287  32.518658     4.3213      8.332   221.8562 1.4763e+01    13.0192      0.179      0.259    15.3532   999.0657 0.0000e+00
      0.182 1.6934e-08     6.5903     94.531     40.275  32.508245     4.3496      8.327   222.2722 1.4767e+01    12.8665      0.179      0.259    15.3545   999.0654 0.0000e+00
      0.182 1.5395e-09     6.6152     94.343     40.277  32.509275     4.3461      8.323   222.6503 1.4761e+01    12.8622      0.178      0.258    15.3547   999.0653 0.0000e+00
      0.182 1.3995e-10     6.6290     94.095     40.303  32.531101     4.2873      8.320   222.8993 1.4753e+01    12.8692      0.179      0.259    15.3545   999.0654 0.0000e+00
      0.182 1.2723e-11     6.6292     93.806     40.288  32.518305     4.1854      8.316   223.1323 1.4728e+01    12.8850      0.178      0.259    15.3544   999.0654 0.0000e+00
      0.182 1.1566e-12     6.6207     93.515     40.243  32.481476     4.1285      8.314   223.4883 1.4712e+01    12.8891      0.179      0.259    15.3542   999.0654 0.0000e+00
      0.183 1.0515e-13     6.6069     93.240     40.225  32.466580     4.1199      8.311   223.8491 1.4752e+01    12.9189      0.179      0.260    15.3538   999.0655 0.0000e+00
      0.183 9.5590e-15     6.5898     92.987     40.223  32.465124     4.1669      8.307   224.2243 1.4850e+01    13.0806      0.179      0.260    15.3537   999.0655 0.0000e+00
      0.182 8.6900e-16     6.5679     92.784     40.222  32.463866     4.2549      8.304   224.5837 1.4934e+01    13.3372      0.178      0.259    15.3535   999.0655 0.0000e+00
      0.182 7.9000e-17     6.5472     92.639     40.207  32.451371     4.3003      8.299   224.8387 1.4956e+01    13.4982      0.179      0.259    15.3529   999.0656 0.0000e+00
      0.182 7.1820e-18     6.5285     92.514     40.195  32.440976     4.3079      8.293   225.2434 1.4967e+01    13.5524      0.178      0.259    15.3526   999.0657 0.0000e+00
      0.182 6.5290e-19     6.5096     92.392     40.225  32.465101     4.3124      8.288   225.7771 1.4951e+01    13.5341      0.179      0.259    15.3526   999.0657 0.0000e+00
      0.182 5.9355e-20     6.4948     92.283     40.254  32.489217     4.3546      8.283   226.2151 1.4903e+01    13.2764      0.179      0.259    15.3525   999.0657 0.0000e+00
      0.182 5.3960e-21     6.4863     92.167     40.241  32.478719     4.4367      8.279   226.6673 1.4875e+01    12.8292      0.179      0.260    15.3518   999.0658 0.0000e+00
      0.182 4.9052e-22     6.4784     92.029     40.223  32.465092     4.4812      8.275   227.2007 1.4844e+01    12.5840      0.179      0.259    15.3511   999.0659 0.0000e+00
      0.183 4.4593e-23     6.4684     91.872     40.206  32.451369     4.4772      8.272   227.6737 1.4807e+01    12.6051      0.179      0.260    15.3509   999.0659 0.0000e+00
      0.183 4.0539e-24     6.4623     91.703     40.191  32.439728     4.4308      8.268   227.9988 1.4796e+01    12.8221      0.179      0.260    15.3511   999.0659 0.0000e+00
      0.182 3.6854e-25     6.4542     91.544     40.204  32.451257     4.3542      8.264   228.2933 1.4798e+01    13.1441      0.179      0.259    15.3518   999.0658 0.0000e+00
      0.182 3.3503e-26     6.4442     91.396     40.219  32.463844     4.3133      8.261   228.6525 1.4797e+01    13.2874      0.179      0.259    15.3524   999.0657 0.0000e+00
