Data/DataNotYetUploadedToEDI/Raw_CTD/RawDownloads/103019_fcr30.cnv
* Sea-Bird SBE19plus  Data File:
* FileName = C:\DATA\103019_fcr_0004.hex
* Software version 2.8.0.119 SB_Terminal.dll
* Temperature SN = 7809
* Conductivity SN = 7809
* System UpLoad Time = Oct 30 2019 15:28:51
* <ApplicationData>
* <Seaterm232>
# nquan = 16
# nvalues = 583                         
# units = specified
# name 0 = depFM: Depth [fresh water, m]
# name 1 = dz/dtM: Descent Rate [m/s]
# name 2 = sbeox0ML/L: Oxygen, SBE 43 [ml/l]
# name 3 = sbeox0PS: Oxygen, SBE 43 [% saturation]
# name 4 = specc: Specific Conductance [uS/cm]
# name 5 = c0uS/cm: Conductivity [uS/cm]
# name 6 = flECO-AFL: Fluorescence, WET Labs ECO-AFL/FL [mg/m^3]
# name 7 = ph: pH
# name 8 = orp: Oxidation Reduction Potential [mV]
# name 9 = par/sat/log: PAR/Logarithmic, Satlantic
# name 10 = turbWETntu0: Turbidity, WET Labs ECO [NTU]
# name 11 = prdM: Pressure, Strain Gauge [db]
# name 12 = prdE: Pressure, Strain Gauge [psi]
# name 13 = tv290C: Temperature [ITS-90, deg C]
# name 14 = density00: Density [density, kg/m^3]
# name 15 = flag:  0.000e+00
# span 0 =     -0.518,      5.523       
# span 1 =     -0.013,      0.284       
# span 2 =     3.7670,     7.8354       
# span 3 =     51.965,    111.589       
# span 4 =      2.447,     49.315       
# span 5 =   1.958793,  38.218102       
# span 6 =    -0.1386,     5.9978       
# span 7 =      6.737,      7.746       
# span 8 =   254.5781,   312.1042       
# span 9 = 1.2354e-01, 1.1694e+02       
# span 10 =    -0.5551,    16.8514      
# span 11 =     -0.510,      5.417      
# span 12 =     -0.740,      7.857      
# span 13 =    13.7363,    15.4439      
# span 14 =   999.0513,   999.3278      
# span 15 = 0.0000e+00, 0.0000e+00      
# interval = seconds: 0.25
# start_time = Oct 30 2019 10:44:20 [Instrument's time stamp, header]
# bad_flag = -9.990e-29
*END*
[from data line 181]
      1.305      0.036     6.6146     92.747     40.391  32.138172     4.3631      7.327   269.9837 2.2889e+00     9.2371      1.278      1.854    14.8022   999.1542 0.0000e+00
      1.316      0.038     6.5905     92.827     40.401  32.141748     4.3639      7.325   270.1152 2.2157e+00     9.2718      1.288      1.870    14.8033   999.1541 0.0000e+00
      1.330      0.039     6.5766     92.956     40.386  32.124336     4.2813      7.324   270.1306 2.1387e+00     9.3518      1.305      1.893    14.7936   999.1556 0.0000e+00
      1.342      0.039     6.5693     93.106     40.383  32.118027     4.1355      7.322   270.1700 2.0772e+00     9.4501      1.319      1.913    14.7852   999.1569 0.0000e+00
      1.351      0.038     6.5739     93.218     40.400  32.128922     4.0573      7.320   270.3335 2.0290e+00     9.4770      1.326      1.923    14.7808   999.1576 0.0000e+00
      1.358      0.036     6.5799     93.289     40.398  32.129138     4.0470      7.318   270.4735 2.0030e+00     9.4473      1.332      1.932    14.7744   999.1586 0.0000e+00
      1.365      0.036     6.5900     93.332     40.383  32.120646     4.0462      7.316   270.5724 1.9916e+00     9.4179      1.338      1.941    14.7679   999.1596 0.0000e+00
      1.374      0.039     6.6047     93.343     40.348  32.089710     4.0296      7.313   270.6689 1.9576e+00     9.4176      1.346      1.952    14.7629   999.1603 0.0000e+00
      1.385      0.044     6.6120     93.308     40.341  32.072387     3.9943      7.311   270.7792 1.8958e+00     9.4444      1.357      1.968    14.7574   999.1613 0.0000e+00
      1.396      0.048     6.6171     93.256     40.399  32.101564     3.9750      7.309   270.8733 1.8364e+00     9.4468      1.369      1.985    14.7599   999.1610 0.0000e+00
      1.410      0.051     6.6179     93.240     40.451  32.125171     3.9698      7.307   270.9467 1.7833e+00     9.3806      1.382      2.003    14.7702   999.1594 0.0000e+00
      1.425      0.052     6.6203     93.230     40.444  32.103951     3.9572      7.306   271.0644 1.7348e+00     8.9720      1.397      2.026    14.7682   999.1599 0.0000e+00
      1.440      0.052     6.6197     93.157     40.450  32.098806     3.9439      7.304   271.1777 1.6928e+00     8.2754      1.414      2.051    14.7502   999.1626 0.0000e+00
      1.453      0.051     6.6168     92.999     40.491  32.126413     3.9389      7.302   271.1984 1.6535e+00     7.9055      1.425      2.067    14.7267   999.1661 0.0000e+00
      1.464      0.049     6.6201     92.733     40.484  32.120445     3.9315      7.299   271.2289 1.6164e+00     7.8422      1.436      2.083    14.7038   999.1696 0.0000e+00
      1.476      0.047     6.6249     92.324     40.444  32.090108     3.8120      7.297   271.3732 1.5718e+00     7.4765      1.448      2.101    14.6842   999.1725 0.0000e+00
      1.488      0.044     6.6216     91.813     40.428  32.076904     3.5768      7.296   271.4806 1.5364e+00     6.8269      1.458      2.116    14.6705   999.1746 0.0000e+00
      1.499      0.042     6.6110     91.254     40.444  32.087723     3.4461      7.294   271.5814 1.5194e+00     6.5097      1.470      2.132    14.6653   999.1754 0.0000e+00
      1.511      0.039     6.5948     90.693     40.457  32.093995     3.4371      7.293   271.7312 1.4989e+00     6.5256      1.482      2.149    14.6666   999.1752 0.0000e+00
      1.521      0.035     6.5626     90.188     40.454  32.089265     3.4241      7.292   271.8297 1.4771e+00     6.5267      1.493      2.165    14.6698   999.1747 0.0000e+00
      1.529      0.032     6.5253     89.799     40.460  32.093993     3.4019      7.291   271.8259 1.4545e+00     6.4911      1.500      2.175    14.6703   999.1748 0.0000e+00
      1.535      0.029     6.4849     89.544     40.454  32.087713     3.3938      7.289   271.7708 1.4350e+00     6.4550      1.506      2.183    14.6665   999.1754 0.0000e+00
      1.542      0.027     6.4448     89.381     40.441  32.076790     3.3864      7.287   271.8516 1.4237e+00     6.4511      1.512      2.193    14.6591   999.1765 0.0000e+00
      1.547      0.027     6.4074     89.270     40.452  32.088837     3.2779      7.287   272.0295 1.4099e+00     6.3127      1.517      2.201    14.6563   999.1768 0.0000e+00
      1.553      0.028     6.3789     89.237     40.471  32.106464     3.0786      7.287   272.2001 1.3958e+00     5.9948      1.523      2.209    14.6587   999.1765 0.0000e+00
      1.561      0.030     6.3625     89.277     40.465  32.099542     2.9621      7.286   272.3656 1.3828e+00     5.8191      1.531      2.219    14.6555   999.1771 0.0000e+00
      1.568      0.033     6.3532     89.334     40.434  32.068598     2.9448      7.283   272.4828 1.3646e+00     5.8263      1.538      2.230    14.6534   999.1773 0.0000e+00
      1.577      0.037     6.3430     89.428     40.419  32.049618     2.9571      7.281   272.5844 1.3379e+00     5.8198      1.546      2.242    14.6591   999.1766 0.0000e+00
      1.588      0.039     6.3386     89.558     40.444  32.060418     2.9890      7.280   272.6473 1.3088e+00     5.7412      1.556      2.257    14.6651   999.1758 0.0000e+00
      1.599      0.041     6.3464     89.675     40.475  32.072249     3.0190      7.279   272.6403 1.2831e+00     5.6294      1.567      2.274    14.6623   999.1763 0.0000e+00
      1.610      0.042     6.3486     89.758     40.486  32.065733     3.0241      7.276   272.6723 1.2571e+00     5.5490      1.578      2.289    14.6522   999.1778 0.0000e+00
      1.621      0.042     6.3571     89.813     40.480  32.045079     3.0160      7.274   272.6902 1.2351e+00     5.5234      1.590      2.306    14.6443   999.1790 0.0000e+00
      1.631      0.041     6.3695     89.843     40.457  32.012889     3.0598      7.273   272.6850 1.2207e+00     5.6140      1.599      2.320    14.6344   999.1806 0.0000e+00
      1.642      0.040     6.3804     89.847     40.445  31.993806     3.1555      7.271   272.7815 1.1948e+00     5.7598      1.609      2.333    14.6176   999.1830 0.0000e+00
      1.652      0.038     6.3888     89.819     40.465  32.004710     3.2107      7.271   272.9100 1.1569e+00     5.8122      1.621      2.351    14.5977   999.1860 0.0000e+00
      1.661      0.035     6.3953     89.742     40.488  32.017798     3.2157      7.271   273.0341 1.1393e+00     5.8212      1.630      2.364    14.5767   999.1891 0.0000e+00
      1.670      0.032     6.4007     89.612     40.505  32.025136     3.1810      7.270   273.1636 1.1316e+00     5.7377      1.638      2.375    14.5578   999.1919 0.0000e+00
      1.678      0.030     6.4019     89.441     40.521  32.029970     3.1201      7.267   273.2721 1.1127e+00     5.5234      1.647      2.388    14.5470   999.1935 0.0000e+00
      1.684      0.029     6.4017     89.220     40.506  32.012769     3.0956      7.265   273.3990 1.1018e+00     5.3932      1.653      2.396    14.5424   999.1942 0.0000e+00
      1.689      0.030     6.3968     88.934     40.501  32.007521     3.0841      7.265   273.5791 1.0993e+00     5.3756      1.656      2.402    14.5373   999.1949 0.0000e+00
      1.695      0.031     6.3882     88.609     40.524  32.029982     2.9808      7.264   273.7288 1.0875e+00     5.4420      1.662      2.411    14.5296   999.1961 0.0000e+00
      1.704      0.034     6.3773     88.269     40.515  32.030511     2.8175      7.261   273.8329 1.0586e+00     5.5740      1.670      2.423    14.5189   999.1977 0.0000e+00
      1.714      0.037     6.3643     87.918     40.486  32.013923     2.7393      7.259   273.9774 1.0290e+00     5.6279      1.680      2.437    14.5095   999.1991 0.0000e+00
      1.725      0.039     6.3427     87.608     40.492  32.019803     2.7205      7.257   274.0999 1.0138e+00     5.6016      1.691      2.453    14.5080   999.1994 0.0000e+00
      1.736      0.039     6.3176     87.402     40.518  32.038161     2.6065      7.257   274.1091 1.0104e+00     5.5186      1.702      2.470    14.5141   999.1985 0.0000e+00
      1.746      0.037     6.2929     87.298     40.534  32.045502     2.4111      7.256   274.0026 1.0105e+00     5.4104      1.712      2.484    14.5265   999.1967 0.0000e+00
      1.755      0.034     6.2646     87.281     40.545  32.045087     2.3088      7.255   273.9307 9.9405e-01     5.3749      1.722      2.497    14.5367   999.1953 0.0000e+00
      1.764      0.030     6.2402     87.332     40.544  32.033136     2.2971      7.252   274.0142 9.7933e-01     5.3849      1.730      2.509    14.5364   999.1954 0.0000e+00
      1.771      0.027     6.2270     87.393     40.548  32.027907     2.2871      7.251   274.1512 9.7496e-01     5.3667      1.738      2.520    14.5326   999.1960 0.0000e+00
      1.777      0.026     6.2206     87.410     40.578  32.045321     2.2827      7.250   274.2972 9.5410e-01     5.3186      1.744      2.529    14.5277   999.1967 0.0000e+00
      1.782      0.027     6.2207     87.334     40.594  32.053294     2.2797      7.248   274.4022 9.3595e-01     5.2955      1.749      2.535    14.5146   999.1986 0.0000e+00
      1.787      0.029     6.2290     87.128     40.609  32.060841     2.2763      7.247   274.3885 9.3354e-01     5.3161      1.752      2.541    14.4981   999.2010 0.0000e+00
      1.793      0.033     6.2357     86.803     40.631  32.073108     2.2856      7.247   274.3890 9.3142e-01     5.3387      1.758      2.550    14.4885   999.2025 0.0000e+00
      1.802      0.038     6.2388     86.378     40.643  32.074689     2.4001      7.246   274.4941 9.1804e-01     5.4046      1.768      2.564    14.4833   999.2033 0.0000e+00
      1.814      0.042     6.2356     85.870     40.663  32.079941     2.6033      7.243   274.6267 8.8254e-01     5.5231      1.778      2.579    14.4773   999.2042 0.0000e+00
      1.828      0.043     6.2210     85.330     40.663  32.073142     2.7049      7.241   274.7018 8.4465e-01     5.5926      1.792      2.599    14.4714   999.2052 0.0000e+00
      1.842      0.041     6.1977     84.818     40.645  32.055930     2.7090      7.241   274.7147 8.2649e-01     5.5889      1.808      2.622    14.4666   999.2059 0.0000e+00
      1.854      0.036     6.1688     84.319     40.655  32.062219     2.6970      7.241   274.7823 8.1478e-01     5.4452      1.820      2.640    14.4564   999.2074 0.0000e+00
      1.861      0.030     6.1336     83.826     40.690  32.085721     2.6721      7.240   274.9172 8.0693e-01     5.1983      1.826      2.648    14.4413   999.2096 0.0000e+00
      1.866      0.025     6.0930     83.351     40.699  32.086242     2.6594      7.238   275.0553 8.0810e-01     5.0952      1.830      2.654    14.4315   999.2111 0.0000e+00
      1.870      0.022     6.0588     82.876     40.684  32.068510     2.6559      7.237   275.1616 8.0362e-01     5.1156      1.835      2.662    14.4296   999.2114 0.0000e+00
      1.874      0.022     6.0233     82.455     40.679  32.061692     2.5952      7.237   275.2559 7.9240e-01     5.1175      1.838      2.666    14.4298   999.2113 0.0000e+00
      1.878      0.024     5.9869     82.140     40.684  32.067262     2.4810      7.235   275.3351 7.7588e-01     5.1180      1.842      2.670    14.4241   999.2122 0.0000e+00
      1.885      0.026     5.9572     81.900     40.685  32.072407     2.4278      7.233   275.3442 7.6094e-01     5.1221      1.848      2.680    14.4144   999.2136 0.0000e+00
      1.894      0.028     5.9215     81.716     40.663  32.060442     2.4285      7.231   275.3665 7.5516e-01     5.1011      1.857      2.694    14.4073   999.2147 0.0000e+00
      1.904      0.029     5.8893     81.587     40.645  32.049519     2.4463      7.231   275.4326 7.4749e-01     4.9952      1.867      2.708    14.4038   999.2153 0.0000e+00
      1.913      0.029     5.8693     81.518     40.667  32.067260     2.4958      7.230   275.5420 7.4495e-01     4.8250      1.877      2.722    14.4050   999.2151 0.0000e+00
      1.919      0.028     5.8510     81.513     40.690  32.084567     2.5238      7.229   275.6555 7.4425e-01     4.7140      1.882      2.729    14.4116   999.2141 0.0000e+00
      1.924      0.028     5.8372     81.587     40.670  32.068395     2.5249      7.227   275.6870 7.4244e-01     4.6694      1.886      2.734    14.4194   999.2131 0.0000e+00
      1.930      0.029     5.8267     81.718     40.664  32.062112     2.5264      7.226   275.6636 7.5031e-01     4.6467      1.893      2.746    14.4248   999.2123 0.0000e+00
      1.937      0.031     5.8223     81.841     40.683  32.072054     2.4552      7.223   275.7172 7.4337e-01     4.6354      1.900      2.756    14.4242   999.2124 0.0000e+00
      1.946      0.034     5.8216     81.944     40.680  32.061672     2.3140      7.222   275.8188 7.1663e-01     4.6318      1.907      2.765    14.4208   999.2130 0.0000e+00
      1.956      0.038     5.8265     82.020     40.694  32.063500     2.2407      7.221   275.8607 6.9343e-01     4.6358      1.918      2.781    14.4221   999.2128 0.0000e+00
      1.966      0.041     5.8397     82.060     40.747  32.094137     2.2458      7.219   275.9643 6.7498e-01     4.6508      1.928      2.796    14.4218   999.2129 0.0000e+00
      1.977      0.044     5.8479     82.055     40.789  32.114794     2.3062      7.217   276.1251 6.6248e-01     4.6164      1.937      2.810    14.4141   999.2141 0.0000e+00
      1.989      0.046     5.8575     81.968     40.815  32.122863     2.4082      7.216   276.2564 6.6064e-01     4.4823      1.950      2.828    14.4038   999.2156 0.0000e+00
      2.001      0.046     5.8642     81.768     40.835  32.128227     2.4552      7.215   276.3479 6.6054e-01     4.3731      1.962      2.846    14.3940   999.2171 0.0000e+00
      2.014      0.046     5.8686     81.462     40.830  32.116180     2.4497      7.213   276.3700 6.4841e-01     4.3776      1.974      2.863    14.3802   999.2191 0.0000e+00
      2.026      0.045     5.8721     81.081     40.821  32.104116     2.3942      7.212   276.3529 6.2880e-01     4.4706      1.988      2.883    14.3627   999.2217 0.0000e+00
      2.037      0.043     5.8684     80.634     40.834  32.109272     2.2870      7.210   276.3987 6.1425e-01     4.5802      1.998      2.898    14.3478   999.2239 0.0000e+00
      2.047      0.042     5.8563     80.140     40.848  32.115052     2.2287      7.207   276.5797 5.9996e-01     4.6220      2.007      2.911    14.3339   999.2260 0.0000e+00
      2.057      0.039     5.8335     79.615     40.848  32.110533     2.2273      7.205   276.7349 5.9056e-01     4.6149      2.018      2.926    14.3243   999.2274 0.0000e+00
      2.067      0.037     5.8077     79.076     40.861  32.118089     2.2348      7.205   276.8121 5.9105e-01     4.5933      2.028      2.941    14.3197   999.2281 0.0000e+00
      2.077      0.036     5.7756     78.592     40.895  32.142954     2.2408      7.204   276.9116 5.8377e-01     4.5239      2.037      2.955    14.3141   999.2289 0.0000e+00
      2.086      0.036     5.7401     78.187     40.917  32.157320     2.2397      7.202   276.9910 5.6720e-01     4.4315      2.046      2.968    14.3057   999.2302 0.0000e+00
      2.093      0.037     5.7047     77.831     40.932  32.164870     2.2386      7.198   277.0842 5.6166e-01     4.3948      2.053      2.978    14.2996   999.2311 0.0000e+00
      2.102      0.038     5.6626     77.511     40.944  32.170767     2.2540      7.197   277.2640 5.6646e-01     4.4071      2.059      2.987    14.2979   999.2313 0.0000e+00
      2.112      0.040     5.6277     77.226     40.942  32.165166     2.2861      7.196   277.4437 5.5516e-01     4.4162      2.070      3.003    14.2968   999.2315 0.0000e+00
      2.123      0.041     5.6010     76.985     40.945  32.160605     2.2975      7.194   277.5363 5.3197e-01     4.4071      2.083      3.021    14.2928   999.2322 0.0000e+00
      2.135      0.040     5.5762     76.800     40.978  32.179073     2.2876      7.192   277.6092 5.3321e-01     4.3951      2.093      3.036    14.2855   999.2332 0.0000e+00
