Data/DataNotYetUploadedToEDI/Raw_CTD/RawDownloads/103019_fcr30.cnv
* Sea-Bird SBE19plus  Data File:
* FileName = C:\DATA\103019_fcr_0004.hex
* Software version 2.8.0.119 SB_Terminal.dll
* Temperature SN = 7809
* Conductivity SN = 7809
* System UpLoad Time = Oct 30 2019 15:28:51
* <ApplicationData>
* <Seaterm232>
# nquan = 16
# nvalues = 583                         
# units = specified
# name 0 = depFM: Depth [fresh water, m]
# name 1 = dz/dtM: Descent Rate [m/s]
# name 2 = sbeox0ML/L: Oxygen, SBE 43 [ml/l]
# name 3 = sbeox0PS: Oxygen, SBE 43 [% saturation]
# name 4 = specc: Specific Conductance [uS/cm]
# name 5 = c0uS/cm: Conductivity [uS/cm]
# name 6 = flECO-AFL: Fluorescence, WET Labs ECO-AFL/FL [mg/m^3]
# name 7 = ph: pH
# name 8 = orp: Oxidation Reduction Potential [mV]
# name 9 = par/sat/log: PAR/Logarithmic, Satlantic
# name 10 = turbWETntu0: Turbidity, WET Labs ECO [NTU]
# name 11 = prdM: Pressure, Strain Gauge [db]
# name 12 = prdE: Pressure, Strain Gauge [psi]
# name 13 = tv290C: Temperature [ITS-90, deg C]
# name 14 = density00: Density [density, kg/m^3]
# name 15 = flag:  0.000e+00
# span 0 =     -0.518,      5.523       
# span 1 =     -0.013,      0.284       
# span 2 =     3.7670,     7.8354       
# span 3 =     51.965,    111.589       
# span 4 =      2.447,     49.315       
# span 5 =   1.958793,  38.218102       
# span 6 =    -0.1386,     5.9978       
# span 7 =      6.737,      7.746       
# span 8 =   254.5781,   312.1042       
# span 9 = 1.2354e-01, 1.1694e+02       
# span 10 =    -0.5551,    16.8514      
# span 11 =     -0.510,      5.417      
# span 12 =     -0.740,      7.857      
# span 13 =    13.7363,    15.4439      
# span 14 =   999.0513,   999.3278      
# span 15 = 0.0000e+00, 0.0000e+00      
# interval = seconds: 0.25
# start_time = Oct 30 2019 10:44:20 [Instrument's time stamp, header]
# bad_flag = -9.990e-29
*END*
[from data line 362]
      3.053      0.026     5.0112     68.277     42.404  33.133780     1.3831      7.068   285.0415 1.6383e-01     3.2985      2.995      4.344    14.0718   999.2681 0.0000e+00
      3.060      0.026     4.9802     68.069     42.419  33.144271     1.3848      7.066   285.2242 1.5286e-01     3.2881      3.001      4.353    14.0690   999.2685 0.0000e+00
      3.067      0.027     4.9558     67.874     42.375  33.108395     1.3917      7.065   285.2412 1.5244e-01     3.3271      3.008      4.362    14.0679   999.2687 0.0000e+00
      3.075      0.027     4.9327     67.684     42.342  33.080786     1.4058      7.065   285.2474 1.6749e-01     3.3440      3.016      4.373    14.0672   999.2688 0.0000e+00
      3.082      0.027     4.9143     67.514     42.324  33.064306     1.4165      7.064   285.3854 1.7208e-01     3.3284      3.023      4.384    14.0657   999.2691 0.0000e+00
      3.089      0.028     4.9014     67.378     42.291  33.036052     1.4257      7.063   285.5321 1.6377e-01     3.3348      3.030      4.394    14.0647   999.2693 0.0000e+00
      3.095      0.032     4.8871     67.272     42.239  32.993025     1.4214      7.061   285.6445 1.5714e-01     3.3225      3.036      4.403    14.0633   999.2694 0.0000e+00
      3.100      0.038     4.8736     67.195     42.154  32.924840     1.3906      7.059   285.7118 1.5640e-01     3.3113      3.039      4.409    14.0606   999.2699 0.0000e+00
      3.108      0.045     4.8608     67.145     42.056  32.846263     1.3660      7.054   285.6578 1.5722e-01     3.2982      3.045      4.417    14.0577   999.2703 0.0000e+00
      3.121      0.051     4.8519     67.129     42.006  32.804513     1.3664      7.051   285.6799 1.5587e-01     3.2619      3.058      4.436    14.0550   999.2707 0.0000e+00
      3.139      0.055     4.8441     67.160     42.006  32.800813     1.3611      7.050   285.8924 1.5132e-01     3.2661      3.078      4.465    14.0524   999.2712 0.0000e+00
      3.158      0.057     4.8394     67.261     42.011  32.801518     1.3360      7.050   286.0772 1.4389e-01     3.3156      3.098      4.493    14.0502   999.2715 0.0000e+00
      3.175      0.056     4.8356     67.420     42.029  32.813036     1.3234      7.049   286.1068 1.3867e-01     3.3365      3.114      4.517    14.0475   999.2719 0.0000e+00
      3.188      0.053     4.8347     67.613     42.031  32.813148     1.3214      7.047   286.1648 1.3992e-01     3.3228      3.127      4.536    14.0435   999.2725 0.0000e+00
      3.199      0.049     4.8365     67.872     42.021  32.802867     1.3032      7.046   286.3478 1.4727e-01     3.3138      3.137      4.551    14.0393   999.2732 0.0000e+00
      3.209      0.046     4.8442     68.203     42.040  32.815656     1.2685      7.045   286.4273 1.4928e-01     3.2927      3.146      4.562    14.0357   999.2737 0.0000e+00
      3.219      0.045     4.8581     68.556     42.074  32.840852     1.2392      7.044   286.4371 1.4178e-01     3.2645      3.156      4.577    14.0329   999.2742 0.0000e+00
      3.231      0.045     4.8700     68.883     42.091  32.853651     1.2349      7.043   286.4662 1.3958e-01     3.2673      3.169      4.596    14.0304   999.2746 0.0000e+00
      3.243      0.047     4.8888     69.179     42.077  32.843476     1.2424      7.043   286.4353 1.4546e-01     3.2934      3.180      4.612    14.0279   999.2750 0.0000e+00
      3.254      0.049     4.9145     69.424     42.078  32.844755     1.2436      7.042   286.4937 1.5018e-01     3.3189      3.190      4.627    14.0256   999.2753 0.0000e+00
      3.266      0.049     4.9420     69.584     42.110  32.869114     1.2500      7.041   286.6563 1.5306e-01     3.3460      3.203      4.645    14.0238   999.2756 0.0000e+00
      3.280      0.049     4.9647     69.662     42.134  32.884144     1.2581      7.041   286.6800 1.4862e-01     3.3592      3.217      4.665    14.0236   999.2758 0.0000e+00
      3.294      0.049     4.9867     69.664     42.160  32.899555     1.2541      7.040   286.6940 1.3983e-01     3.3473      3.231      4.686    14.0243   999.2757 0.0000e+00
      3.307      0.048     5.0057     69.604     42.202  32.928521     1.2549      7.039   286.8258 1.4123e-01     3.2675      3.243      4.703    14.0255   999.2756 0.0000e+00
      3.318      0.047     5.0163     69.501     42.273  32.980507     1.2670      7.039   286.8968 1.4086e-01     3.1473      3.253      4.718    14.0254   999.2757 0.0000e+00
      3.329      0.046     5.0230     69.378     42.490  33.147333     1.2702      7.037   286.9511 1.3192e-01     3.1071      3.264      4.735    14.0206   999.2764 0.0000e+00
      3.340      0.046     5.0231     69.267     42.927  33.485942     1.2594      7.035   287.0520 1.2682e-01     3.1091      3.275      4.751    14.0141   999.2774 0.0000e+00
      3.352      0.047     5.0188     69.169     43.382  33.837919     1.2574      7.034   287.1696 1.2681e-01     3.1063      3.287      4.768    14.0097   999.2781 0.0000e+00
      3.363      0.049     5.0115     69.053     43.643  34.039414     1.2634      7.031   287.3409 1.2734e-01     3.1055      3.298      4.783    14.0062   999.2786 0.0000e+00
      3.376      0.050     5.0018     68.901     43.782  34.145158     1.2544      7.029   287.4884 1.2559e-01     3.0674      3.310      4.801    14.0024   999.2792 0.0000e+00
      3.390      0.052     4.9938     68.669     43.890  34.227930     1.2437      7.028   287.5761 1.2389e-01     3.0383      3.325      4.822    13.9993   999.2799 0.0000e+00
      3.404      0.055     4.9889     68.247     43.958  34.278591     1.2380      7.026   287.6278 1.2378e-01     3.1148      3.338      4.841    13.9968   999.2804 0.0000e+00
      3.418      0.058     4.9806     67.574     44.005  34.313421     1.2203      7.022   287.6828 1.2372e-01     3.2378      3.352      4.860    13.9941   999.2810 0.0000e+00
      3.432      0.060     4.9702     66.663     44.031  34.331726     1.2029      7.019   287.8108 1.2386e-01     3.2806      3.364      4.879    13.9918   999.2814 0.0000e+00
      3.447      0.061     4.9578     65.542     44.006  34.309503     1.1933      7.016   287.8844 1.2543e-01     3.2715      3.379      4.901    13.9896   999.2819 0.0000e+00
      3.464      0.060     4.9294     64.282     43.995  34.298602     1.1728      7.013   287.8844 1.2681e-01     3.2914      3.397      4.927    13.9874   999.2823 0.0000e+00
      3.482      0.057     4.8794     62.982     44.034  34.326848     1.1465      7.011   287.8969 1.2539e-01     3.3250      3.415      4.953    13.9850   999.2826 0.0000e+00
      3.499      0.054     4.8146     61.764     44.045  34.333678     1.1346      7.008   287.9491 1.2386e-01     3.3504      3.433      4.979    13.9822   999.2832 0.0000e+00
      3.511      0.049     4.7316     60.780     44.027  34.317726     1.1327      7.006   288.0861 1.2368e-01     3.3685      3.444      4.996    13.9792   999.2836 0.0000e+00
      3.520      0.045     4.6383     60.094     44.037  34.324367     1.1326      7.004   288.3485 1.2362e-01     3.3469      3.451      5.005    13.9764   999.2840 0.0000e+00
      3.529      0.043     4.5429     59.693     44.072  34.350501     1.1342      7.002   288.7128 1.2361e-01     3.3192      3.460      5.018    13.9739   999.2845 0.0000e+00
      3.540      0.042     4.4491     59.545     44.112  34.379843     1.1345      7.000   288.9641 1.2367e-01     3.3282      3.471      5.035    13.9719   999.2848 0.0000e+00
      3.551      0.043     4.3778     59.608     44.173  34.425262     1.1355      6.998   288.9776 1.2374e-01     3.3243      3.482      5.051    13.9706   999.2850 0.0000e+00
      3.562      0.045     4.3288     59.815     44.214  34.455389     1.1377      6.996   288.9621 1.2378e-01     3.3051      3.493      5.066    13.9690   999.2853 0.0000e+00
      3.573      0.045     4.3010     60.095     44.179  34.426774     1.1356      6.995   289.1206 1.2377e-01     3.2926      3.504      5.082    13.9671   999.2857 0.0000e+00
      3.585      0.044     4.2911     60.355     44.141  34.396606     1.1359      6.993   289.2590 1.2375e-01     3.2719      3.515      5.098    13.9651   999.2859 0.0000e+00
      3.598      0.043     4.2981     60.523     44.156  34.407971     1.1411      6.992   289.2594 1.2378e-01     3.2842      3.529      5.118    13.9631   999.2863 0.0000e+00
      3.610      0.041     4.3148     60.635     44.194  34.437244     1.1382      6.990   289.2973 1.2375e-01     3.3092      3.542      5.137    13.9613   999.2867 0.0000e+00
      3.618      0.040     4.3369     60.730     44.271  34.496677     1.1174      6.988   289.3733 1.2366e-01     3.2807      3.548      5.147    13.9592   999.2869 0.0000e+00
      3.626      0.040     4.3599     60.793     44.347  34.555360     1.0898      6.986   289.4036 1.2373e-01     3.2671      3.555      5.157    13.9585   999.2870 0.0000e+00
      3.636      0.040     4.3687     60.804     44.375  34.575568     1.0729      6.984   289.4049 1.2399e-01     3.3081      3.566      5.173    13.9589   999.2871 0.0000e+00
      3.646      0.041     4.3762     60.777     44.429  34.614071     1.0703      6.983   289.4751 1.2412e-01     3.3507      3.576      5.186    13.9581   999.2872 0.0000e+00
      3.657      0.044     4.3839     60.747     44.549  34.703543     1.1187      6.980   289.6510 1.2392e-01     3.3552      3.586      5.201    13.9573   999.2874 0.0000e+00
      3.669      0.048     4.3890     60.716     44.719  34.832278     1.2068      6.978   289.8109 1.2370e-01     3.3298      3.598      5.219    13.9574   999.2875 0.0000e+00
      3.681      0.051     4.3900     60.660     44.893  34.964689     1.2426      6.976   289.8597 1.2365e-01     3.3062      3.610      5.236    13.9557   999.2878 0.0000e+00
      3.694      0.054     4.3866     60.573     44.988  35.035126     1.2310      6.973   289.8967 1.2369e-01     3.2991      3.622      5.254    13.9517   999.2884 0.0000e+00
      3.709      0.056     4.3851     60.454     45.009  35.049233     1.1876      6.971   290.0864 1.2375e-01     3.3099      3.636      5.275    13.9468   999.2892 0.0000e+00
      3.724      0.059     4.3844     60.313     45.040  35.071783     1.1072      6.968   290.3461 1.2375e-01     3.3061      3.652      5.297    13.9422   999.2900 0.0000e+00
      3.739      0.060     4.3807     60.164     45.100  35.117363     1.0656      6.965   290.4557 1.2373e-01     3.3181      3.668      5.320    13.9384   999.2906 0.0000e+00
      3.754      0.060     4.3745     59.992     45.152  35.156042     1.0656      6.962   290.5510 1.2375e-01     3.3572      3.682      5.340    13.9353   999.2912 0.0000e+00
      3.770      0.058     4.3665     59.806     45.158  35.158632     1.0645      6.960   290.7236 1.2377e-01     3.3530      3.696      5.361    13.9330   999.2915 0.0000e+00
      3.788      0.053     4.3551     59.655     45.147  35.148681     1.0612      6.960   290.8228 1.2371e-01     3.2999      3.715      5.388    13.9312   999.2919 0.0000e+00
      3.803      0.049     4.3455     59.526     45.167  35.162654     1.0512      6.958   290.8892 1.2359e-01     3.2723      3.731      5.412    13.9294   999.2922 0.0000e+00
      3.813      0.046     4.3339     59.371     45.218  35.200642     1.0565      6.955   290.9233 1.2354e-01     3.3133      3.740      5.424    13.9270   999.2926 0.0000e+00
      3.821      0.045     4.3177     59.208     45.253  35.227167     1.0812      6.953   290.9775 1.2358e-01     3.3698      3.747      5.435    13.9247   999.2930 0.0000e+00
      3.830      0.045     4.3077     59.077     45.258  35.229486     1.0902      6.951   291.1151 1.2362e-01     3.4646      3.755      5.446    13.9230   999.2932 0.0000e+00
      3.840      0.049     4.3010     58.973     45.259  35.228669     1.0790      6.950   291.2956 1.2367e-01     3.5736      3.763      5.458    13.9217   999.2935 0.0000e+00
      3.853      0.053     4.2886     58.868     45.246  35.217285     1.0669      6.948   291.4395 1.2370e-01     3.5736      3.777      5.479    13.9204   999.2937 0.0000e+00
      3.869      0.056     4.2756     58.755     45.250  35.218786     1.0655      6.946   291.4785 1.2372e-01     3.5310      3.794      5.503    13.9190   999.2940 0.0000e+00
      3.887      0.057     4.2666     58.660     45.286  35.246823     1.0972      6.944   291.5091 1.2378e-01     3.4842      3.812      5.529    13.9175   999.2943 0.0000e+00
      3.904      0.055     4.2605     58.601     45.357  35.302397     1.1544      6.943   291.5507 1.2386e-01     3.4008      3.830      5.555    13.9159   999.2946 0.0000e+00
      3.918      0.052     4.2533     58.589     45.462  35.382959     1.1859      6.941   291.5513 1.2387e-01     3.3420      3.843      5.574    13.9139   999.2949 0.0000e+00
      3.928      0.048     4.2440     58.598     45.562  35.459249     1.1824      6.939   291.5167 1.2377e-01     3.2981      3.853      5.588    13.9125   999.2952 0.0000e+00
      3.938      0.046     4.2372     58.602     45.652  35.526627     1.1562      6.938   291.5628 1.2369e-01     3.2622      3.861      5.601    13.9121   999.2953 0.0000e+00
      3.949      0.044     4.2319     58.613     45.703  35.562904     1.1109      6.936   291.7639 1.2369e-01     3.2685      3.872      5.616    13.9126   999.2953 0.0000e+00
      3.961      0.043     4.2320     58.613     45.730  35.580515     1.0777      6.935   291.9695 1.2369e-01     3.3088      3.884      5.633    13.9126   999.2954 0.0000e+00
      3.974      0.042     4.2344     58.563     45.775  35.612612     1.0753      6.934   292.1566 1.2372e-01     3.3239      3.896      5.652    13.9103   999.2958 0.0000e+00
      3.985      0.042     4.2335     58.461     45.805  35.633630     1.0653      6.933   292.3054 1.2375e-01     3.3530      3.910      5.671    13.9069   999.2964 0.0000e+00
      3.994      0.042     4.2354     58.307     45.821  35.644220     1.0339      6.930   292.3056 1.2374e-01     3.4642      3.918      5.683    13.9028   999.2970 0.0000e+00
      4.002      0.043     4.2375     58.122     45.866  35.677185     1.0165      6.928   292.3305 1.2371e-01     3.5215      3.924      5.691    13.8989   999.2975 0.0000e+00
      4.011      0.045     4.2333     57.945     45.917  35.714842     1.0112      6.928   292.4340 1.2370e-01     3.4885      3.933      5.704    13.8962   999.2980 0.0000e+00
      4.023      0.048     4.2265     57.783     45.924  35.718692     1.0052      6.927   292.5256 1.2375e-01     3.4914      3.945      5.720    13.8941   999.2983 0.0000e+00
      4.038      0.051     4.2155     57.635     45.932  35.723742     1.0300      6.926   292.6639 1.2381e-01     3.6875      3.960      5.743    13.8921   999.2987 0.0000e+00
      4.053      0.052     4.2002     57.509     45.998  35.775896     1.0943      6.924   292.7290 1.2382e-01     4.0242      3.976      5.766    13.8899   999.2991 0.0000e+00
      4.067      0.051     4.1883     57.386     46.083  35.841506     1.1326      6.922   292.7111 1.2375e-01     4.1872      3.989      5.785    13.8875   999.2995 0.0000e+00
      4.081      0.047     4.1769     57.263     46.137  35.882306     1.1284      6.920   292.7906 1.2369e-01     4.1825      4.002      5.804    13.8851   999.3000 0.0000e+00
      4.094      0.041     4.1652     57.134     46.147  35.888376     1.1130      6.918   292.8308 1.2369e-01     4.1318      4.016      5.824    13.8839   999.3001 0.0000e+00
      4.104      0.036     4.1575     56.998     46.183  35.914900     1.0939      6.917   292.7664 1.2367e-01     4.0327      4.026      5.839    13.8849   999.3000 0.0000e+00
      4.112      0.033     4.1483     56.880     46.308  36.012579     1.0883      6.917   292.7866 1.2367e-01     3.9681      4.033      5.849    13.8852   999.3001 0.0000e+00
