Data/DataNotYetUploadedToEDI/Raw_CTD/RawDownloads/103019_fcr30.cnv
* Sea-Bird SBE19plus  Data File:
* FileName = C:\DATA\103019_fcr_0004.hex
* Software version 2.8.0.119 SB_Terminal.dll
* Temperature SN = 7809
* Conductivity SN = 7809
* System UpLoad Time = Oct 30 2019 15:28:51
* <ApplicationData>
* <Seaterm232>
# nquan = 16
# nvalues = 583                         
# units = specified
# name 0 = depFM: Depth [fresh water, m]
# name 1 = dz/dtM: Descent Rate [m/s]
# name 2 = sbeox0ML/L: Oxygen, SBE 43 [ml/l]
# name 3 = sbeox0PS: Oxygen, SBE 43 [% saturation]
# name 4 = specc: Specific Conductance [uS/cm]
# name 5 = c0uS/cm: Conductivity [uS/cm]
# name 6 = flECO-AFL: Fluorescence, WET Labs ECO-AFL/FL [mg/m^3]
# name 7 = ph: pH
# name 8 = orp: Oxidation Reduction Potential [mV]
# name 9 = par/sat/log: PAR/Logarithmic, Satlantic
# name 10 = turbWETntu0: Turbidity, WET Labs ECO [NTU]
# name 11 = prdM: Pressure, Strain Gauge [db]
# name 12 = prdE: Pressure, Strain Gauge [psi]
# name 13 = tv290C: Temperature [ITS-90, deg C]
# name 14 = density00: Density [density, kg/m^3]
# name 15 = flag:  0.000e+00
# span 0 =     -0.518,      5.523       
# span 1 =     -0.013,      0.284       
# span 2 =     3.7670,     7.8354       
# span 3 =     51.965,    111.589       
# span 4 =      2.447,     49.315       
# span 5 =   1.958793,  38.218102       
# span 6 =    -0.1386,     5.9978       
# span 7 =      6.737,      7.746       
# span 8 =   254.5781,   312.1042       
# span 9 = 1.2354e-01, 1.1694e+02       
# span 10 =    -0.5551,    16.8514      
# span 11 =     -0.510,      5.417      
# span 12 =     -0.740,      7.857      
# span 13 =    13.7363,    15.4439      
# span 14 =   999.0513,   999.3278      
# span 15 = 0.0000e+00, 0.0000e+00      
# interval = seconds: 0.25
# start_time = Oct 30 2019 10:44:20 [Instrument's time stamp, header]
# bad_flag = -9.990e-29
*END*
[from data line 452]
      4.122      0.036     4.1315     56.646     46.508  36.165715     1.0773      6.913   292.8678 1.2376e-01     3.9905      4.040      5.861    13.8810   999.3007 0.0000e+00
      4.130      0.041     4.1195     56.518     46.496  36.153454     1.0678      6.911   293.0649 1.2372e-01     4.1503      4.047      5.871    13.8803   999.3008 0.0000e+00
      4.141      0.046     4.1119     56.373     46.507  36.159483     1.0685      6.908   293.2211 1.2373e-01     4.2659      4.060      5.889    13.8803   999.3010 0.0000e+00
      4.156      0.051     4.1051     56.190     46.611  36.238599     1.0689      6.906   293.2067 1.2372e-01     4.2745      4.075      5.910    13.8803   999.3010 0.0000e+00
      4.172      0.053     4.0951     56.006     46.673  36.284884     1.0381      6.905   293.1493 1.2365e-01     4.2874      4.091      5.934    13.8790   999.3013 0.0000e+00
      4.188      0.052     4.0865     55.878     46.663  36.274809     0.9823      6.905   293.2158 1.2366e-01     4.3559      4.109      5.959    13.8750   999.3020 0.0000e+00
      4.203      0.048     4.0781     55.821     46.708  36.307194     0.9574      6.903   293.3219 1.2373e-01     4.4143      4.123      5.979    13.8712   999.3026 0.0000e+00
      4.214      0.043     4.0634     55.836     46.780  36.359079     0.9615      6.900   293.3149 1.2374e-01     4.4367      4.134      5.996    13.8704   999.3028 0.0000e+00
      4.222      0.038     4.0479     55.912     46.831  36.394350     0.9463      6.898   293.3883 1.2378e-01     4.4294      4.140      6.005    13.8687   999.3031 0.0000e+00
      4.230      0.036     4.0393     56.031     46.946  36.479758     0.9119      6.897   293.6938 1.2378e-01     4.3923      4.147      6.015    13.8649   999.3036 0.0000e+00
      4.237      0.039     4.0353     56.195     47.145  36.630048     0.8925      6.895   293.9964 1.2365e-01     4.3813      4.156      6.027    13.8631   999.3039 0.0000e+00
      4.244      0.044     4.0366     56.380     47.307  36.751568     0.8941      6.893   294.1220 1.2362e-01     4.4273      4.162      6.036    13.8597   999.3044 0.0000e+00
      4.254      0.052     4.0438     56.525     47.383  36.806505     0.8966      6.890   294.0935 1.2369e-01     4.4578      4.169      6.047    13.8536   999.3053 0.0000e+00
      4.268      0.058     4.0523     56.615     47.443  36.849959     0.9048      6.888   294.0826 1.2376e-01     4.4872      4.183      6.068    13.8494   999.3059 0.0000e+00
      4.288      0.061     4.0645     56.652     47.505  36.896109     0.9240      6.886   294.2483 1.2381e-01     4.5528      4.204      6.098    13.8457   999.3066 0.0000e+00
      4.309      0.061     4.0814     56.594     47.537  36.920167     0.9381      6.884   294.4618 1.2377e-01     4.5955      4.226      6.131    13.8404   999.3075 0.0000e+00
      4.327      0.058     4.0920     56.409     47.576  36.950416     0.9541      6.883   294.6863 1.2377e-01     4.6438      4.244      6.156    13.8358   999.3083 0.0000e+00
      4.342      0.052     4.0981     56.115     47.650  37.007941     0.9521      6.882   294.9830 1.2380e-01     4.7433      4.259      6.176    13.8326   999.3088 0.0000e+00
      4.352      0.046     4.1026     55.746     47.695  37.044418     0.9144      6.879   295.2095 1.2371e-01     4.8484      4.269      6.191    13.8302   999.3091 0.0000e+00
      4.359      0.042     4.1000     55.341     47.732  37.074078     0.8885      6.876   295.2735 1.2364e-01     4.8986      4.274      6.199    13.8289   999.3094 0.0000e+00
      4.367      0.041     4.0852     54.921     47.781  37.112654     0.8817      6.874   295.3267 1.2365e-01     4.9245      4.281      6.210    13.8287   999.3095 0.0000e+00
      4.377      0.042     4.0633     54.504     47.805  37.129982     0.8757      6.873   295.4227 1.2370e-01     4.9973      4.292      6.225    13.8300   999.3094 0.0000e+00
      4.388      0.044     4.0354     54.145     47.843  37.156634     0.8764      6.870   295.4891 1.2371e-01     5.0899      4.303      6.241    13.8311   999.3093 0.0000e+00
      4.401      0.046     4.0051     53.877     47.880  37.180994     0.8813      6.868   295.6124 1.2369e-01     5.1265      4.314      6.259    13.8317   999.3093 0.0000e+00
      4.414      0.046     3.9754     53.668     47.871  37.170607     0.8837      6.867   295.7090 1.2369e-01     5.1455      4.328      6.278    13.8333   999.3091 0.0000e+00
      4.426      0.045     3.9427     53.483     47.861  37.157998     0.8703      6.866   295.7105 1.2369e-01     5.2213      4.341      6.297    13.8326   999.3093 0.0000e+00
      4.438      0.043     3.9161     53.328     47.863  37.155491     0.8496      6.865   295.8024 1.2369e-01     5.3221      4.352      6.312    13.8282   999.3100 0.0000e+00
      4.448      0.040     3.8984     53.213     47.846  37.140281     0.8323      6.862   295.9595 1.2372e-01     5.3476      4.362      6.326    13.8242   999.3105 0.0000e+00
      4.458      0.037     3.8848     53.147     47.796  37.101054     0.8174      6.860   296.0615 1.2375e-01     5.3009      4.372      6.341    13.8209   999.3111 0.0000e+00
      4.467      0.033     3.8713     53.157     47.744  37.062053     0.8166      6.859   296.0892 1.2371e-01     5.3467      4.381      6.354    13.8154   999.3119 0.0000e+00
      4.476      0.029     3.8602     53.257     47.726  37.049577     0.8310      6.857   296.0365 1.2369e-01     5.4758      4.389      6.366    13.8105   999.3127 0.0000e+00
      4.483      0.028     3.8523     53.445     47.761  37.077161     0.8357      6.855   296.0269 1.2374e-01     5.5513      4.397      6.377    13.8086   999.3129 0.0000e+00
      4.488      0.031     3.8461     53.707     47.845  37.141666     0.8215      6.854   296.2313 1.2377e-01     5.5717      4.402      6.385    13.8081   999.3129 0.0000e+00
      4.493      0.037     3.8468     54.003     47.915  37.194744     0.8148      6.851   296.4436 1.2377e-01     5.5907      4.405      6.389    13.8097   999.3127 0.0000e+00
      4.499      0.044     3.8538     54.308     47.940  37.211113     0.8248      6.849   296.5281 1.2379e-01     5.6177      4.409      6.395    13.8119   999.3124 0.0000e+00
      4.512      0.051     3.8674     54.613     47.947  37.212623     0.8301      6.848   296.6512 1.2379e-01     5.6027      4.421      6.413    13.8114   999.3126 0.0000e+00
      4.531      0.056     3.8880     54.882     47.952  37.212988     0.8268      6.845   296.7276 1.2376e-01     5.5732      4.444      6.445    13.8111   999.3128 0.0000e+00
      4.551      0.058     3.9102     55.080     47.957  37.215528     0.8276      6.843   296.7632 1.2375e-01     5.5883      4.465      6.475    13.8115   999.3128 0.0000e+00
      4.568      0.057     3.9320     55.211     47.994  37.243332     0.8403      6.842   296.8232 1.2375e-01     5.7201      4.480      6.497    13.8075   999.3134 0.0000e+00
      4.581      0.055     3.9562     55.321     48.062  37.295258     0.8674      6.839   296.9362 1.2371e-01     5.9546      4.493      6.517    13.8019   999.3143 0.0000e+00
      4.591      0.052     3.9767     55.435     48.117  37.335548     0.8863      6.837   297.0978 1.2366e-01     6.0645      4.503      6.531    13.7988   999.3147 0.0000e+00
      4.601      0.050     3.9912     55.539     48.137  37.349609     0.8870      6.837   297.1428 1.2365e-01     6.0320      4.511      6.543    13.7973   999.3150 0.0000e+00
      4.614      0.050     3.9994     55.654     48.124  37.338310     0.8680      6.836   297.1353 1.2369e-01     6.1194      4.524      6.562    13.7967   999.3151 0.0000e+00
      4.629      0.050     4.0059     55.789     48.109  37.325881     0.8287      6.833   297.1793 1.2374e-01     6.3345      4.540      6.585    13.7953   999.3154 0.0000e+00
      4.644      0.051     4.0165     55.911     48.110  37.326283     0.8112      6.831   297.2452 1.2375e-01     6.4692      4.556      6.608    13.7930   999.3158 0.0000e+00
      4.657      0.052     4.0224     56.017     48.133  37.343178     0.8212      6.830   297.4155 1.2376e-01     6.5357      4.567      6.624    13.7914   999.3161 0.0000e+00
      4.668      0.052     4.0302     56.105     48.212  37.403193     0.7936      6.828   297.6892 1.2372e-01     6.7127      4.577      6.638    13.7905   999.3163 0.0000e+00
      4.680      0.053     4.0424     56.164     48.314  37.480623     0.7276      6.827   297.8873 1.2366e-01     7.0027      4.589      6.656    13.7898   999.3164 0.0000e+00
      4.693      0.055     4.0503     56.193     48.364  37.517661     0.7000      6.825   297.9174 1.2369e-01     7.1919      4.603      6.675    13.7890   999.3166 0.0000e+00
      4.708      0.059     4.0584     56.189     48.387  37.533628     0.7121      6.823   297.9679 1.2378e-01     7.2301      4.616      6.696    13.7884   999.3167 0.0000e+00
      4.724      0.062     4.0654     56.193     48.407  37.546716     0.7175      6.821   298.1531 1.2381e-01     7.2680      4.631      6.718    13.7874   999.3169 0.0000e+00
      4.741      0.062     4.0691     56.215     48.411  37.548947     0.7132      6.819   298.2649 1.2376e-01     7.3547      4.648      6.741    13.7860   999.3173 0.0000e+00
      4.759      0.062     4.0729     56.208     48.427  37.560606     0.7116      6.817   298.2871 1.2372e-01     7.4270      4.668      6.770    13.7838   999.3177 0.0000e+00
      4.776      0.059     4.0705     56.145     48.428  37.560731     0.7070      6.815   298.3348 1.2376e-01     7.4538      4.686      6.795    13.7810   999.3182 0.0000e+00
      4.791      0.055     4.0703     56.038     48.414  37.550460     0.6924      6.814   298.4120 1.2380e-01     7.3833      4.698      6.814    13.7787   999.3185 0.0000e+00
      4.804      0.051     4.0743     55.900     48.429  37.563375     0.6734      6.814   298.6184 1.2376e-01     7.2638      4.712      6.834    13.7776   999.3187 0.0000e+00
      4.815      0.048     4.0745     55.736     48.463  37.589929     0.6594      6.813   298.8512 1.2371e-01     7.2217      4.723      6.850    13.7768   999.3190 0.0000e+00
      4.825      0.047     4.0694     55.560     48.499  37.617610     0.6614      6.811   298.8169 1.2373e-01     7.2013      4.730      6.861    13.7765   999.3189 0.0000e+00
      4.835      0.048     4.0607     55.342     48.535  37.644155     0.6718      6.808   298.7205 1.2373e-01     7.1810      4.740      6.875    13.7776   999.3188 0.0000e+00
      4.848      0.049     4.0517     55.110     48.553  37.656965     0.6817      6.806   298.8895 1.2371e-01     7.2380      4.754      6.895    13.7784   999.3189 0.0000e+00
      4.861      0.051     4.0378     54.933     48.541  37.645540     0.6945      6.804   299.1405 1.2371e-01     7.3335      4.767      6.914    13.7786   999.3189 0.0000e+00
      4.875      0.053     4.0273     54.789     48.526  37.632972     0.6968      6.804   299.2604 1.2371e-01     7.3854      4.780      6.933    13.7785   999.3190 0.0000e+00
      4.890      0.053     4.0113     54.649     48.526  37.631954     0.6922      6.803   299.3059 1.2370e-01     7.4073      4.796      6.956    13.7777   999.3192 0.0000e+00
      4.904      0.052     3.9902     54.526     48.527  37.633224     0.6987      6.801   299.3470 1.2374e-01     7.4010      4.810      6.976    13.7758   999.3195 0.0000e+00
      4.916      0.052     3.9803     54.414     48.545  37.648333     0.7062      6.799   299.4130 1.2377e-01     7.3752      4.820      6.991    13.7736   999.3199 0.0000e+00
      4.929      0.052     3.9708     54.295     48.597  37.687688     0.7049      6.798   299.5011 1.2374e-01     7.3902      4.833      7.010    13.7723   999.3201 0.0000e+00
      4.942      0.053     3.9595     54.189     48.652  37.728186     0.7009      6.797   299.5526 1.2374e-01     7.4185      4.847      7.030    13.7717   999.3202 0.0000e+00
      4.954      0.055     3.9507     54.084     48.693  37.757125     0.7013      6.796   299.6057 1.2373e-01     7.4554      4.858      7.046    13.7724   999.3202 0.0000e+00
      4.967      0.056     3.9439     53.977     48.730  37.783673     0.7098      6.794   299.7131 1.2368e-01     7.5415      4.869      7.062    13.7737   999.3201 0.0000e+00
      4.984      0.056     3.9337     53.898     48.746  37.795254     0.7249      6.793   299.8180 1.2367e-01     7.6067      4.887      7.088    13.7733   999.3202 0.0000e+00
      5.002      0.054     3.9267     53.828     48.715  37.770188     0.7284      6.791   299.9271 1.2366e-01     7.6216      4.907      7.117    13.7705   999.3207 0.0000e+00
      5.016      0.051     3.9209     53.746     48.670  37.734517     0.7086      6.789   299.9996 1.2366e-01     7.6887      4.920      7.136    13.7669   999.3213 0.0000e+00
      5.028      0.046     3.9103     53.665     48.684  37.744818     0.6851      6.789   300.0065 1.2374e-01     7.8280      4.931      7.151    13.7649   999.3216 0.0000e+00
      5.039      0.041     3.9068     53.600     48.713  37.767786     0.6696      6.788   300.0107 1.2378e-01     7.8974      4.942      7.168    13.7635   999.3219 0.0000e+00
      5.047      0.036     3.9022     53.574     48.701  37.758316     0.6591      6.788   300.0501 1.2374e-01     7.8718      4.950      7.180    13.7622   999.3221 0.0000e+00
      5.054      0.032     3.8953     53.566     48.699  37.757276     0.6543      6.787   300.1388 1.2373e-01     7.8463      4.956      7.187    13.7618   999.3221 0.0000e+00
      5.063      0.029     3.8900     53.545     48.696  37.755206     0.6630      6.785   300.2230 1.2371e-01     7.8510      4.964      7.201    13.7619   999.3222 0.0000e+00
      5.070      0.029     3.8834     53.540     48.668  37.733288     0.6782      6.784   300.2944 1.2368e-01     7.8632      4.974      7.214    13.7620   999.3222 0.0000e+00
      5.075      0.034     3.8826     53.568     48.685  37.746173     0.6735      6.782   300.3997 1.2366e-01     7.8632      4.978      7.219    13.7621   999.3222 0.0000e+00
      5.080      0.043     3.8837     53.598     48.735  37.784049     0.6578      6.781   300.5496 1.2367e-01     7.8502      4.981      7.223    13.7624   999.3222 0.0000e+00
      5.089      0.053     3.8805     53.605     48.771  37.810376     0.6532      6.781   300.6441 1.2374e-01     7.8705      4.988      7.234    13.7626   999.3222 0.0000e+00
      5.104      0.061     3.8793     53.599     48.775  37.810567     0.6617      6.778   300.5961 1.2379e-01     7.9771      5.001      7.254    13.7628   999.3222 0.0000e+00
      5.126      0.066     3.8828     53.597     48.746  37.786348     0.6737      6.774   300.4854 1.2380e-01     8.0909      5.027      7.292    13.7633   999.3222 0.0000e+00
      5.151      0.066     3.8857     53.617     48.728  37.771469     0.6680      6.772   300.4234 1.2379e-01     8.1310      5.054      7.330    13.7623   999.3225 0.0000e+00
      5.171      0.064     3.8862     53.684     48.709  37.757619     0.6538      6.772   300.4489 1.2373e-01     8.1018      5.073      7.357    13.7597   999.3230 0.0000e+00
      5.184      0.059     3.8851     53.811     48.693  37.745840     0.6577      6.772   300.5369 1.2365e-01     8.0986      5.087      7.378    13.7570   999.3234 0.0000e+00
      5.193      0.055     3.8852     54.018     48.707  37.756009     0.6719      6.770   300.6265 1.2362e-01     8.1254      5.093      7.387    13.7549   999.3237 0.0000e+00
      5.202      0.053     3.8854     54.304     48.706  37.753606     0.6779      6.769   300.6712 1.2362e-01     8.0979      5.100      7.396    13.7538   999.3239 0.0000e+00
      5.215      0.053     3.8907     54.636     48.661  37.716788     0.6521      6.768   300.6471 1.2368e-01     8.1274      5.114      7.417    13.7541   999.3239 0.0000e+00
      5.231      0.053     3.8990     55.016     48.630  37.691710     0.6027      6.767   300.6797 1.2375e-01     8.2516      5.130      7.441    13.7556   999.3238 0.0000e+00
