Data/DataNotYetUploadedToEDI/Raw_CTD/RawDownloads/103019_fcr50.cnv
* Sea-Bird SBE19plus  Data File:
* FileName = C:\DATA\103019_fcr50_0001.hex
* Software version 2.8.0.119 SB_Terminal.dll
* Temperature SN = 7809
* Conductivity SN = 7809
* System UpLoad Time = Oct 30 2019 09:53:05
* <ApplicationData>
* <Seaterm232>
# nquan = 16
# nvalues = 976                         
# units = specified
# name 0 = depFM: Depth [fresh water, m]
# name 1 = dz/dtM: Descent Rate [m/s]
# name 2 = sbeox0ML/L: Oxygen, SBE 43 [ml/l]
# name 3 = sbeox0PS: Oxygen, SBE 43 [% saturation]
# name 4 = specc: Specific Conductance [uS/cm]
# name 5 = c0uS/cm: Conductivity [uS/cm]
# name 6 = flECO-AFL: Fluorescence, WET Labs ECO-AFL/FL [mg/m^3]
# name 7 = ph: pH
# name 8 = orp: Oxidation Reduction Potential [mV]
# name 9 = par/sat/log: PAR/Logarithmic, Satlantic
# name 10 = turbWETntu0: Turbidity, WET Labs ECO [NTU]
# name 11 = prdM: Pressure, Strain Gauge [db]
# name 12 = prdE: Pressure, Strain Gauge [psi]
# name 13 = tv290C: Temperature [ITS-90, deg C]
# name 14 = density00: Density [density, kg/m^3]
# name 15 = flag:  0.000e+00
# span 0 =     -0.517,      9.806       
# span 1 =     -0.115,      0.231       
# span 2 =     4.1967,     7.8517       
# span 3 =     58.302,    111.813       
# span 4 =      0.156,    139.569       
# span 5 =   0.128510, 108.176916       
# span 6 =    -0.1542,     5.7712       
# span 7 =      6.505,      8.592       
# span 8 =   124.3861,  1240.2295       
# span 9 = 1.2353e-01, 2.5570e+01       
# span 10 =    -0.5728,    14.9327      
# span 11 =     -0.507,      9.617      
# span 12 =     -0.735,     13.948      
# span 13 =    13.7465,    16.1986      
# span 14 =   998.9160,   999.3796      
# span 15 = 0.0000e+00, 0.0000e+00      
# interval = seconds: 0.25
# start_time = Oct 30 2019 09:39:08 [Instrument's time stamp, header]
# bad_flag = -9.990e-29
*END*
[from data line 543]
      5.252      0.050     4.6182     63.642     48.405  37.520100     0.7091      6.724   274.9120 1.2370e-01     7.9299      5.148      7.465    13.7529   999.3241 0.0000e+00
      5.262      0.046     4.6181     63.648     48.437  37.545376     0.7051      6.724   275.1501 1.2366e-01     7.9228      5.158      7.482    13.7528   999.3242 0.0000e+00
      5.275      0.044     4.6157     63.672     48.439  37.547569     0.7175      6.722   275.3572 1.2368e-01     7.8881      5.174      7.504    13.7527   999.3243 0.0000e+00
      5.287      0.044     4.6152     63.686     48.439  37.546624     0.7112      6.721   275.3507 1.2375e-01     7.8374      5.186      7.521    13.7530   999.3243 0.0000e+00
      5.298      0.043     4.6131     63.700     48.423  37.533948     0.6905      6.720   275.4165 1.2377e-01     7.8339      5.194      7.534    13.7535   999.3243 0.0000e+00
      5.312      0.038     4.6131     63.715     48.406  37.521256     0.6840      6.719   275.3781 1.2375e-01     7.8795      5.210      7.554    13.7538   999.3243 0.0000e+00
      5.324      0.032     4.6172     63.724     48.405  37.520112     0.6838      6.717   275.1444 1.2373e-01     7.8972      5.224      7.576    13.7535   999.3244 0.0000e+00
      5.331      0.030     4.6164     63.723     48.405  37.520120     0.6790      6.716   275.1721 1.2369e-01     7.8835      5.229      7.584    13.7531   999.3245 0.0000e+00
      5.334      0.032     4.6185     63.716     48.406  37.521359     0.6781      6.714   275.4552 1.2368e-01     7.8779      5.231      7.586    13.7529   999.3245 0.0000e+00
      5.335      0.036     4.6192     63.710     48.424  37.535094     0.6824      6.711   275.7278 1.2369e-01     7.8959      5.231      7.587    13.7527   999.3246 0.0000e+00
      5.340      0.039     4.6203     63.709     48.456  37.559225     0.6789      6.711   275.6290 1.2372e-01     7.9691      5.232      7.588    13.7531   999.3245 0.0000e+00
      5.356      0.042     4.6199     63.720     48.456  37.559225     0.6698      6.710   275.1206 1.2376e-01     8.0756      5.248      7.612    13.7535   999.3245 0.0000e+00
      5.379      0.046     4.6188     63.727     48.425  37.535094     0.6589      6.709   274.8288 1.2376e-01     8.1019      5.280      7.658    13.7536   999.3247 0.0000e+00
      5.393      0.048     4.6193     63.739     48.407  37.521368     0.6524      6.708   274.8543 1.2378e-01     8.0569      5.293      7.678    13.7532   999.3248 0.0000e+00
      5.398      0.047     4.6178     63.771     48.405  37.520215     0.6599      6.708   274.9995 1.2383e-01     7.9910      5.290      7.672    13.7522   999.3249 0.0000e+00
      5.406      0.044     4.6204     63.809     48.405  37.521152     0.6711      6.707   275.2072 1.2383e-01     7.8944      5.298      7.685    13.7519   999.3250 0.0000e+00
      5.419      0.042     4.6201     63.837     48.418  37.532692     0.6754      6.706   275.2147 1.2377e-01     7.8391      5.316      7.710    13.7520   999.3251 0.0000e+00
      5.430      0.043     4.6200     63.838     48.418  37.532797     0.6770      6.705   275.0050 1.2376e-01     7.8468      5.324      7.722    13.7527   999.3250 0.0000e+00
      5.440      0.046     4.6233     63.816     48.405  37.522418     0.6739      6.705   274.8217 1.2378e-01     7.8891      5.334      7.736    13.7538   999.3249 0.0000e+00
      5.453      0.050     4.6259     63.790     48.421  37.534159     0.6719      6.704   274.8055 1.2373e-01     7.9905      5.349      7.758    13.7545   999.3249 0.0000e+00
      5.466      0.054     4.6286     63.755     48.440  37.547800     0.6786      6.702   274.9815 1.2373e-01     8.0905      5.362      7.776    13.7555   999.3248 0.0000e+00
      5.477      0.056     4.6286     63.703     48.457  37.560391     0.6777      6.700   275.3148 1.2377e-01     8.1148      5.369      7.787    13.7562   999.3248 0.0000e+00
      5.492      0.056     4.6261     63.661     48.457  37.559446     0.6871      6.699   275.6524 1.2374e-01     8.0865      5.382      7.806    13.7557   999.3248 0.0000e+00
      5.513      0.058     4.6245     63.646     48.427  37.536364     0.7229      6.698   275.6217 1.2371e-01     8.0765      5.408      7.844    13.7548   999.3250 0.0000e+00
      5.531      0.061     4.6231     63.650     48.426  37.535221     0.7551      6.697   275.3737 1.2371e-01     8.0915      5.428      7.874    13.7538   999.3253 0.0000e+00
      5.541      0.063     4.6177     63.658     48.440  37.545616     0.7721      6.696   275.3204 1.2369e-01     8.0717      5.433      7.880    13.7528   999.3255 0.0000e+00
      5.552      0.060     4.6145     63.658     48.426  37.535106     0.7731      6.695   275.3219 1.2364e-01     8.0337      5.439      7.888    13.7521   999.3256 0.0000e+00
      5.572      0.056     4.6140     63.662     48.426  37.535096     0.7416      6.695   275.5643 1.2368e-01     8.0254      5.463      7.923    13.7518   999.3258 0.0000e+00
      5.593      0.055     4.6142     63.670     48.440  37.545492     0.6937      6.695   276.1003 1.2378e-01     8.0369      5.491      7.964    13.7519   999.3259 0.0000e+00
      5.606      0.055     4.6160     63.674     48.425  37.533856     0.6717      6.695   276.3814 1.2382e-01     8.0743      5.500      7.979    13.7520   999.3260 0.0000e+00
      5.612      0.052     4.6147     63.664     48.409  37.521361     0.6660      6.694   276.3822 1.2376e-01     8.1176      5.499      7.977    13.7518   999.3260 0.0000e+00
      5.622      0.048     4.6157     63.654     48.409  37.521370     0.6591      6.694   276.1957 1.2370e-01     8.0366      5.510      7.992    13.7517   999.3260 0.0000e+00
      5.638      0.045     4.6159     63.649     48.425  37.533962     0.6580      6.694   276.1066 1.2371e-01     7.8815      5.531      8.022    13.7517   999.3261 0.0000e+00
      5.652      0.043     4.6171     63.633     48.441  37.546648     0.6608      6.694   276.5084 1.2373e-01     7.8470      5.545      8.042    13.7518   999.3262 0.0000e+00
      5.662      0.040     4.6156     63.614     48.442  37.547811     0.6677      6.694   276.9244 1.2375e-01     7.8823      5.552      8.053    13.7518   999.3262 0.0000e+00
      5.672      0.033     4.6142     63.614     48.442  37.548020     0.6713      6.692   276.9207 1.2373e-01     7.9146      5.562      8.067    13.7517   999.3263 0.0000e+00
      5.681      0.028     4.6155     63.645     48.444  37.549174     0.6695      6.690   276.7221 1.2364e-01     7.9754      5.573      8.083    13.7519   999.3263 0.0000e+00
      5.686      0.029     4.6131     63.690     48.460  37.561766     0.6729      6.689   276.6741 1.2362e-01     8.0600      5.578      8.090    13.7522   999.3263 0.0000e+00
      5.687      0.034     4.6117     63.732     48.475  37.573306     0.6772      6.688   276.7704 1.2364e-01     8.1183      5.577      8.089    13.7523   999.3262 0.0000e+00
      5.690      0.039     4.6106     63.764     48.460  37.561756     0.6868      6.687   276.9390 1.2364e-01     8.0907      5.577      8.089    13.7522   999.3263 0.0000e+00
      5.701      0.043     4.6142     63.774     48.443  37.549060     0.7033      6.687   277.1643 1.2366e-01     8.0537      5.586      8.102    13.7522   999.3263 0.0000e+00
      5.722      0.047     4.6176     63.757     48.440  37.546762     0.7109      6.686   277.2576 1.2366e-01     8.0646      5.612      8.140    13.7523   999.3264 0.0000e+00
      5.743      0.049     4.6206     63.724     48.423  37.533973     0.7185      6.685   277.2056 1.2373e-01     8.0920      5.637      8.176    13.7523   999.3266 0.0000e+00
      5.753      0.048     4.6236     63.681     48.406  37.521381     0.7166      6.685   276.9660 1.2381e-01     8.0567      5.643      8.185    13.7520   999.3266 0.0000e+00
      5.759      0.043     4.6244     63.641     48.406  37.521476     0.6966      6.685   276.6842 1.2381e-01     7.9327      5.645      8.187    13.7519   999.3266 0.0000e+00
      5.768      0.038     4.6226     63.627     48.424  37.535118     0.6855      6.685   276.6378 1.2380e-01     7.8703      5.656      8.203    13.7520   999.3267 0.0000e+00
      5.780      0.036     4.6202     63.631     48.455  37.559363     0.6769      6.684   276.7498 1.2376e-01     7.8924      5.670      8.224    13.7528   999.3266 0.0000e+00
      5.789      0.039     4.6169     63.636     48.457  37.560715     0.6617      6.684   276.9197 1.2371e-01     7.9374      5.678      8.235    13.7539   999.3265 0.0000e+00
      5.795      0.045     4.6125     63.634     48.446  37.551464     0.6583      6.684   277.0567 1.2371e-01     8.0219      5.681      8.240    13.7538   999.3265 0.0000e+00
      5.805      0.050     4.6125     63.610     48.476  37.574462     0.6619      6.683   276.9435 1.2372e-01     8.0951      5.692      8.255    13.7535   999.3266 0.0000e+00
      5.819      0.054     4.6130     63.564     48.490  37.584869     0.6619      6.682   276.6697 1.2374e-01     8.1013      5.706      8.276    13.7533   999.3268 0.0000e+00
      5.835      0.056     4.6135     63.517     48.446  37.550340     0.6664      6.680   276.5855 1.2380e-01     8.0637      5.719      8.296    13.7528   999.3269 0.0000e+00
      5.855      0.056     4.6140     63.497     48.430  37.537844     0.6729      6.679   276.6138 1.2381e-01     8.0669      5.743      8.328    13.7526   999.3270 0.0000e+00
      5.873      0.055     4.6123     63.506     48.459  37.560726     0.6715      6.679   276.7530 1.2381e-01     8.1069      5.765      8.361    13.7525   999.3271 0.0000e+00
      5.884      0.054     4.6087     63.547     48.475  37.573100     0.6663      6.678   276.8925 1.2382e-01     8.1210      5.772      8.372    13.7520   999.3272 0.0000e+00
      5.891      0.054     4.6038     63.627     48.460  37.560499     0.6627      6.678   276.7521 1.2379e-01     8.1066      5.774      8.375    13.7515   999.3273 0.0000e+00
      5.902      0.054     4.6031     63.711     48.428  37.535326     0.6628      6.678   276.6037 1.2373e-01     8.1294      5.785      8.391    13.7514   999.3273 0.0000e+00
      5.918      0.055     4.6036     63.770     48.411  37.522641     0.6674      6.678   276.6468 1.2369e-01     8.2659      5.803      8.416    13.7514   999.3274 0.0000e+00
      5.936      0.058     4.6055     63.812     48.426  37.534077     0.6659      6.677   276.7574 1.2371e-01     8.3799      5.821      8.443    13.7512   999.3276 0.0000e+00
      5.953      0.060     4.6131     63.837     48.442  37.546650     0.6622      6.676   276.9081 1.2377e-01     8.3605      5.839      8.469    13.7508   999.3277 0.0000e+00
      5.968      0.058     4.6203     63.838     48.443  37.547699     0.6751      6.676   277.0922 1.2381e-01     8.2613      5.853      8.489    13.7505   999.3278 0.0000e+00
      5.982      0.053     4.6237     63.823     48.442  37.546764     0.6997      6.676   277.1772 1.2378e-01     8.1642      5.866      8.508    13.7507   999.3278 0.0000e+00
      5.996      0.049     4.6267     63.802     48.427  37.535337     0.7167      6.675   277.1613 1.2373e-01     8.1362      5.880      8.528    13.7510   999.3278 0.0000e+00
      6.007      0.047     4.6293     63.783     48.429  37.536491     0.7162      6.674   277.1586 1.2374e-01     8.1194      5.892      8.546    13.7513   999.3279 0.0000e+00
      6.017      0.045     4.6282     63.773     48.460  37.560719     0.7207      6.674   277.2298 1.2381e-01     8.1251      5.901      8.559    13.7514   999.3279 0.0000e+00
      6.027      0.044     4.6276     63.780     48.478  37.574359     0.7447      6.673   277.5060 1.2381e-01     8.2049      5.909      8.570    13.7513   999.3280 0.0000e+00
      6.039      0.045     4.6254     63.806     48.478  37.574463     0.7633      6.671   277.8311 1.2371e-01     8.2980      5.922      8.589    13.7512   999.3280 0.0000e+00
      6.052      0.047     4.6242     63.840     48.463  37.561976     0.7721      6.671   277.8907 1.2366e-01     8.3664      5.937      8.611    13.7508   999.3281 0.0000e+00
      6.062      0.049     4.6232     63.868     48.448  37.550331     0.7993      6.670   277.7969 1.2365e-01     8.3760      5.945      8.622    13.7506   999.3282 0.0000e+00
      6.073      0.050     4.6234     63.876     48.461  37.560624     0.8500      6.669   277.7298 1.2361e-01     8.3478      5.954      8.634    13.7506   999.3283 0.0000e+00
      6.089      0.050     4.6262     63.884     48.459  37.559470     0.8906      6.669   277.7677 1.2364e-01     8.3534      5.972      8.661    13.7505   999.3284 0.0000e+00
      6.105      0.050     4.6284     63.907     48.429  37.536378     0.9083      6.669   277.9107 1.2372e-01     8.3458      5.990      8.686    13.7502   999.3285 0.0000e+00
      6.116      0.048     4.6315     63.921     48.429  37.535338     0.8995      6.668   278.0820 1.2372e-01     8.3211      5.997      8.698    13.7501   999.3285 0.0000e+00
      6.127      0.045     4.6313     63.915     48.444  37.546888     0.8368      6.667   278.2900 1.2366e-01     8.3181      6.006      8.711    13.7503   999.3286 0.0000e+00
      6.140      0.046     4.6307     63.908     48.447  37.549072     0.7476      6.666   278.5335 1.2364e-01     8.3090      6.023      8.737    13.7503   999.3286 0.0000e+00
      6.150      0.048     4.6339     63.893     48.463  37.561748     0.7058      6.664   278.6161 1.2369e-01     8.3099      6.034      8.752    13.7502   999.3287 0.0000e+00
      6.155      0.048     4.6354     63.861     48.478  37.573193     0.7123      6.661   278.5998 1.2372e-01     8.3285      6.032      8.748    13.7500   999.3287 0.0000e+00
      6.168      0.046     4.6335     63.843     48.461  37.560498     0.6972      6.660   278.6805 1.2377e-01     8.3372      6.042      8.763    13.7499   999.3288 0.0000e+00
      6.191      0.042     4.6336     63.841     48.428  37.535213     0.6447      6.660   278.7320 1.2379e-01     8.3159      6.075      8.812    13.7499   999.3289 0.0000e+00
      6.208      0.042     4.6336     63.822     48.410  37.521383     0.6147      6.659   278.7929 1.2369e-01     8.3009      6.095      8.841    13.7497   999.3291 0.0000e+00
      6.211      0.045     4.6293     63.787     48.408  37.520229     0.6200      6.657   278.9006 1.2364e-01     8.3197      6.091      8.833    13.7497   999.3290 0.0000e+00
      6.212      0.046     4.6279     63.748     48.410  37.521260     0.6230      6.656   278.9155 1.2370e-01     8.3468      6.089      8.831    13.7498   999.3290 0.0000e+00
      6.219      0.045     4.6297     63.716     48.426  37.533851     0.6158      6.655   278.8011 1.2368e-01     8.3663      6.096      8.841    13.7502   999.3290 0.0000e+00
      6.237      0.045     4.6273     63.707     48.441  37.545507     0.6104      6.654   278.7219 1.2366e-01     8.3588      6.112      8.866    13.7504   999.3290 0.0000e+00
      6.261      0.045     4.6247     63.706     48.428  37.535233     0.6107      6.654   278.8175 1.2371e-01     8.3543      6.143      8.910    13.7506   999.3291 0.0000e+00
      6.277      0.043     4.6221     63.695     48.429  37.536586     0.6189      6.654   278.9258 1.2374e-01     8.3770      6.161      8.936    13.7505   999.3292 0.0000e+00
      6.281      0.036     4.6183     63.695     48.462  37.561863     0.6226      6.654   278.9979 1.2376e-01     8.3715      6.159      8.933    13.7502   999.3293 0.0000e+00
      6.284      0.028     4.6187     63.703     48.494  37.586950     0.6204      6.653   279.0017 1.2379e-01     8.3204      6.160      8.934    13.7502   999.3293 0.0000e+00
      6.291      0.023     4.6195     63.707     48.493  37.585996     0.6181      6.653   278.8000 1.2375e-01     8.2839      6.169      8.948    13.7504   999.3293 0.0000e+00
