Data/DataNotYetUploadedToEDI/Raw_CTD/RawDownloads/103019_fcr30.cnv
* Sea-Bird SBE19plus  Data File:
* FileName = C:\DATA\103019_fcr_0004.hex
* Software version 2.8.0.119 SB_Terminal.dll
* Temperature SN = 7809
* Conductivity SN = 7809
* System UpLoad Time = Oct 30 2019 15:28:51
* <ApplicationData>
* <Seaterm232>
# nquan = 16
# nvalues = 583                         
# units = specified
# name 0 = depFM: Depth [fresh water, m]
# name 1 = dz/dtM: Descent Rate [m/s]
# name 2 = sbeox0ML/L: Oxygen, SBE 43 [ml/l]
# name 3 = sbeox0PS: Oxygen, SBE 43 [% saturation]
# name 4 = specc: Specific Conductance [uS/cm]
# name 5 = c0uS/cm: Conductivity [uS/cm]
# name 6 = flECO-AFL: Fluorescence, WET Labs ECO-AFL/FL [mg/m^3]
# name 7 = ph: pH
# name 8 = orp: Oxidation Reduction Potential [mV]
# name 9 = par/sat/log: PAR/Logarithmic, Satlantic
# name 10 = turbWETntu0: Turbidity, WET Labs ECO [NTU]
# name 11 = prdM: Pressure, Strain Gauge [db]
# name 12 = prdE: Pressure, Strain Gauge [psi]
# name 13 = tv290C: Temperature [ITS-90, deg C]
# name 14 = density00: Density [density, kg/m^3]
# name 15 = flag:  0.000e+00
# span 0 =     -0.518,      5.523       
# span 1 =     -0.013,      0.284       
# span 2 =     3.7670,     7.8354       
# span 3 =     51.965,    111.589       
# span 4 =      2.447,     49.315       
# span 5 =   1.958793,  38.218102       
# span 6 =    -0.1386,     5.9978       
# span 7 =      6.737,      7.746       
# span 8 =   254.5781,   312.1042       
# span 9 = 1.2354e-01, 1.1694e+02       
# span 10 =    -0.5551,    16.8514      
# span 11 =     -0.510,      5.417      
# span 12 =     -0.740,      7.857      
# span 13 =    13.7363,    15.4439      
# span 14 =   999.0513,   999.3278      
# span 15 = 0.0000e+00, 0.0000e+00      
# interval = seconds: 0.25
# start_time = Oct 30 2019 10:44:20 [Instrument's time stamp, header]
# bad_flag = -9.990e-29
*END*
[from data line 543]
      5.265      0.051     3.9366     55.949     48.696  37.742064     0.6007      6.765   300.9017 1.2372e-01     8.3164      5.165      7.492    13.7536   999.3243 0.0000e+00
      5.277      0.048     3.9597     56.454     48.729  37.767436     0.6294      6.764   300.9582 1.2367e-01     8.3216      5.178      7.510    13.7514   999.3246 0.0000e+00
      5.285      0.045     3.9869     56.938     48.715  37.757163     0.6625      6.763   300.9747 1.2369e-01     8.3194      5.182      7.517    13.7502   999.3248 0.0000e+00
      5.294      0.041     4.0196     57.364     48.698  37.744811     0.6719      6.762   301.0143 1.2376e-01     8.2898      5.191      7.529    13.7494   999.3249 0.0000e+00
      5.305      0.040     4.0563     57.701     48.698  37.745041     0.6568      6.762   301.0929 1.2384e-01     8.2911      5.203      7.546    13.7492   999.3250 0.0000e+00
      5.317      0.040     4.0935     57.936     48.717  37.759947     0.6352      6.762   301.0648 1.2387e-01     8.3026      5.214      7.563    13.7493   999.3251 0.0000e+00
      5.327      0.041     4.1297     58.081     48.766  37.798092     0.6105      6.762   300.9323 1.2380e-01     8.2983      5.225      7.577    13.7500   999.3250 0.0000e+00
      5.336      0.043     4.1612     58.143     48.801  37.825373     0.6003      6.761   300.8677 1.2375e-01     8.3044      5.234      7.591    13.7506   999.3250 0.0000e+00
      5.346      0.044     4.1861     58.115     48.815  37.835881     0.5985      6.760   300.8859 1.2375e-01     8.3108      5.242      7.603    13.7511   999.3249 0.0000e+00
      5.358      0.045     4.2026     58.001     48.849  37.861668     0.5970      6.759   300.8945 1.2370e-01     8.3093      5.253      7.620    13.7515   999.3249 0.0000e+00
      5.371      0.048     4.2125     57.799     48.878  37.883245     0.5910      6.758   300.8863 1.2368e-01     8.2863      5.267      7.639    13.7517   999.3250 0.0000e+00
      5.383      0.052     4.2181     57.517     48.910  37.906329     0.5703      6.755   300.8723 1.2368e-01     8.2633      5.279      7.657    13.7518   999.3251 0.0000e+00
      5.395      0.056     4.2151     57.192     48.969  37.950339     0.5547      6.754   300.8974 1.2368e-01     8.2598      5.290      7.673    13.7512   999.3252 0.0000e+00
      5.409      0.060     4.2074     56.832     48.998  37.971016     0.5498      6.754   300.9320 1.2373e-01     8.2765      5.304      7.692    13.7502   999.3254 0.0000e+00
      5.425      0.061     4.1932     56.427     48.993  37.965892     0.5636      6.752   300.8603 1.2377e-01     8.2690      5.321      7.718    13.7492   999.3256 0.0000e+00
      5.443      0.060     4.1709     55.998     48.977  37.951857     0.5910      6.750   300.7179 1.2376e-01     8.1693      5.337      7.740    13.7479   999.3259 0.0000e+00
      5.461      0.056     4.1475     55.544     48.947  37.928275     0.5948      6.748   300.6737 1.2378e-01     8.0871      5.356      7.767    13.7465   999.3262 0.0000e+00
      5.478      0.049     4.1227     55.047     48.956  37.934683     0.5833      6.747   300.6702 1.2382e-01     8.0940      5.375      7.795    13.7448   999.3265 0.0000e+00
      5.491      0.040     4.0918     54.523     48.997  37.965856     0.5903      6.747   300.5893 1.2375e-01     8.1220      5.387      7.812    13.7428   999.3269 0.0000e+00
      5.498      0.030     4.0613     54.020     49.027  37.987792     0.6100      6.746   300.4693 1.2362e-01     8.1307      5.392      7.820    13.7414   999.3271 0.0000e+00
      5.502      0.021     4.0293     53.572     49.057  38.009467     0.6144      6.745   300.3383 1.2363e-01     8.1010      5.397      7.826    13.7408   999.3271 0.0000e+00
      5.505      0.014     3.9930     53.191     49.093  38.037491     0.6088      6.743   300.2962 1.2371e-01     8.0578      5.399      7.830    13.7402   999.3272 0.0000e+00
      5.507      0.009     3.9533     52.882     49.138  38.072715     0.6107      6.742   300.3041 1.2373e-01     8.0023      5.400      7.832    13.7397   999.3273 0.0000e+00
      5.509      0.006     3.9159     52.642     49.196  38.117962     0.6206      6.742   300.2626 1.2374e-01     7.9209      5.402      7.835    13.7385   999.3275 0.0000e+00
      5.510      0.006     3.8837     52.482     49.223  38.140216     0.6332      6.742   300.2236 1.2379e-01     7.8597      5.403      7.837    13.7369   999.3277 0.0000e+00
      5.511      0.005     3.8555     52.406     49.234  38.151349     0.6329      6.741   300.2635 1.2381e-01     7.8196      5.403      7.837    13.7363   999.3278 0.0000e+00
      5.512      0.005     3.8337     52.367     49.279  38.189084     0.6076      6.739   300.3139 1.2379e-01     7.8621      5.405      7.839    13.7367   999.3278 0.0000e+00
      5.513      0.005     3.8157     52.305     49.312  38.215597     0.5707      6.739   300.2311 1.2377e-01     8.0132      5.407      7.842    13.7377   999.3277 0.0000e+00
      5.515      0.005     3.8036     52.213     49.315  38.217997     0.5506      6.739   300.2084 1.2373e-01     8.1067      5.408      7.844    13.7389   999.3275 0.0000e+00
      5.516      0.005     3.7989     52.110     49.314  38.218102     0.5461      6.739   300.2975 1.2374e-01     8.1076      5.410      7.846    13.7417   999.3271 0.0000e+00
      5.517      0.005     3.7984     52.021     49.311  38.216873     0.5426      6.739   300.2765 1.2376e-01     8.0886      5.410      7.847    13.7453   999.3268 0.0000e+00
      5.518      0.004     3.7935     51.973     49.291  38.203139     0.5434      6.738   300.1270 1.2381e-01     8.0741      5.411      7.848    13.7460   999.3266 0.0000e+00
      5.519      0.004     3.7861     51.965     49.259  38.179006     0.5467      6.737   299.9522 1.2385e-01     8.0960      5.412      7.850    13.7451   999.3267 0.0000e+00
      5.520      0.003     3.7784     51.995     49.259  38.178995     0.5481      6.737   299.8837 1.2381e-01     8.1573      5.414      7.852    13.7457   999.3267 0.0000e+00
      5.521      0.003     3.7704     52.079     49.287  38.203014     0.5525      6.737   299.9016 1.2377e-01     8.1921      5.414      7.853    13.7482   999.3263 0.0000e+00
      5.522      0.003     3.7670     52.135     49.301  38.215501     0.5565      6.737   299.9102 1.2376e-01     8.1896      5.415      7.854    13.7495   999.3262 0.0000e+00
      5.522 -9.990e-29     3.7672 -9.990e-29 -9.990e-29 -9.990e-29 -9.990e-29 -9.990e-29 -9.990e-29 1.2378e-01 -9.990e-29      5.415      7.854    13.7494   999.3262 0.0000e+00
      5.523 -9.990e-29     3.7674 -9.990e-29 -9.990e-29 -9.990e-29 -9.990e-29 -9.990e-29 -9.990e-29 1.2376e-01 -9.990e-29      5.416      7.855    13.7498   999.3261 0.0000e+00
      5.523 -9.990e-29     3.7757 -9.990e-29 -9.990e-29 -9.990e-29 -9.990e-29 -9.990e-29 -9.990e-29 1.2369e-01 -9.990e-29      5.417      7.856    13.7525   999.3258 0.0000e+00
      5.523 -9.990e-29     3.7847 -9.990e-29 -9.990e-29 -9.990e-29 -9.990e-29 -9.990e-29 -9.990e-29 1.2366e-01 -9.990e-29      5.417      7.857    13.7552   999.3254 0.0000e+00
