Data/DataNotYetUploadedToEDI/Raw_CTD/RawDownloads/110218_fcr50.cnv
* Sea-Bird SBE19plus  Data File:
* FileName = C:\DATA\110218_bvr_50_0003.hex
* Software version 2.6.3.104 SB_Terminal.dll
* Temperature SN = 7809
* Conductivity SN = 7809
* System UpLoad Time = Nov 02 2018 17:55:15
* <ApplicationData>
* <Seaterm232>
# nquan = 15
# nvalues = 485                         
# units = specified
# name 0 = depFM: Depth [fresh water, m]
# name 1 = dz/dtM: Descent Rate [m/s]
# name 2 = sbeox0Mg/L: Oxygen, SBE 43 [mg/l]
# name 3 = sbeox0PS: Oxygen, SBE 43 [% saturation]
# name 4 = specc: Specific Conductance [uS/cm]
# name 5 = c0uS/cm: Conductivity [uS/cm]
# name 6 = flECO-AFL: Fluorescence, WET Labs ECO-AFL/FL [mg/m^3]
# name 7 = ph: pH
# name 8 = orp: Oxidation Reduction Potential [mV]
# name 9 = par/sat/log: PAR/Logarithmic, Satlantic
# name 10 = turbWETntu0: Turbidity, WET Labs ECO [NTU]
# name 11 = prdM: Pressure, Strain Gauge [db]
# name 12 = prdE: Pressure, Strain Gauge [psi]
# name 13 = tv290C: Temperature [ITS-90, deg C]
# name 14 = flag:  0.000e+00
# span 0 =     -0.721,      9.531       
# span 1 =     -0.072,      0.278       
# span 2 =     6.2924,     9.5424       
# span 3 =     57.866,     90.058       
# span 4 =      0.565,     45.836       
# span 5 =   0.420151,  33.553326       
# span 6 =    -0.2721,     2.4406       
# span 7 =      6.503,      7.770       
# span 8 =   314.8592,   353.5114       
# span 9 = 1.2557e-01, 3.2630e+01       
# span 10 =    -0.4673,    19.8322      
# span 11 =     -0.707,      9.347      
# span 12 =     -1.025,     13.556      
# span 13 =    11.5745,    12.7652      
# span 14 = 0.0000e+00, 0.0000e+00      
# interval = seconds: 0.25
# start_time = Nov 02 2018 19:27:53 [Instrument's time stamp, header]
# bad_flag = -9.990e-29
*END*
[from data line 97]
     -0.054      0.001     7.0843     66.837     37.784  28.514514     2.1365      7.155   317.5284 1.7950e+01     2.6674     -0.053     -0.077    12.7279 0.0000e+00
     -0.054      0.001     7.0487     66.501     37.784  28.514607     2.1259      7.153   317.9100 1.8053e+01     2.6466     -0.053     -0.077    12.7291 0.0000e+00
     -0.053      0.000     7.0136     66.169     37.785  28.514607     2.0505      7.151   317.3160 1.8246e+01     2.6622     -0.052     -0.076    12.7299 0.0000e+00
     -0.053      0.000     6.9785     65.837     37.785  28.514503     1.9233      7.149   316.1967 1.8451e+01     2.7040     -0.052     -0.076    12.7304 0.0000e+00
     -0.053      0.001     6.9461     65.530     37.784  28.513348     1.8741      7.147   315.8195 1.8499e+01     2.7250     -0.052     -0.076    12.7303 0.0000e+00
     -0.053      0.001     6.9156     65.240     37.768  28.500648     1.8791      7.145   315.9385 1.8407e+01     2.7017     -0.052     -0.076    12.7303 0.0000e+00
     -0.053      0.001     6.8826     64.927     37.753  28.487948     1.8722      7.145   316.2595 1.8388e+01     2.6665     -0.052     -0.075    12.7299 0.0000e+00
     -0.053      0.001     6.8486     64.605     37.753  28.486792     1.9013      7.143   316.9476 1.8295e+01     2.6660     -0.052     -0.075    12.7293 0.0000e+00
     -0.053     -0.001     6.8162     64.297     37.754  28.486677     1.9558      7.140   316.7730 1.8071e+01     2.6946     -0.051     -0.074    12.7283 0.0000e+00
     -0.053     -0.008     6.7839     63.990     37.756  28.486554     1.9793      7.139   315.6101 1.8066e+01     2.7071     -0.052     -0.075    12.7272 0.0000e+00
     -0.053     -0.020     6.7501     63.663     37.760  28.485304     1.9838      7.139   314.9327 1.8316e+01     2.6958     -0.051     -0.075    12.7260 0.0000e+00
     -0.053     -0.035     6.7153     63.319     37.752  28.471556     1.9728      7.138   314.8634 1.8618e+01     2.6494     -0.051     -0.074    12.7248 0.0000e+00
     -0.059     -0.050     6.6795     62.962     37.733  28.447331     1.9392      7.136   314.8592 1.9498e+01     2.5439     -0.052     -0.076    12.7232 0.0000e+00
     -0.078     -0.063     6.6441     62.615     37.742  28.446396     1.9172      7.133   315.0533 2.0959e+01     2.4870     -0.071     -0.104    12.7221 0.0000e+00
     -0.106     -0.072     6.6131     62.316     37.766  28.460232     1.9186      7.131   315.4902 2.2009e+01     2.5113     -0.106     -0.154    12.7193 0.0000e+00
     -0.132     -0.072     6.5870     62.069     37.803  28.487618     1.9460      7.128   315.8395 2.2724e+01     2.5022     -0.131     -0.191    12.7064 0.0000e+00
     -0.152     -0.062     6.5675     61.889     37.848  28.523514     2.0002      7.123   315.8352 2.3243e+01     2.4678     -0.149     -0.217    12.6895 0.0000e+00
     -0.169     -0.040     6.5580     61.809     37.828  28.513235     2.0416      7.117   315.6966 2.3337e+01     2.4620     -0.167     -0.243    12.6796 0.0000e+00
     -0.181     -0.012     6.5608     61.845     37.790  28.490355     2.0601      7.108   315.7123 2.3323e+01     2.4630     -0.182     -0.263    12.6755 0.0000e+00
     -0.182      0.017     6.5782     62.019     37.797  28.500879     2.1137      7.095   315.8523 2.3448e+01     2.5103     -0.185     -0.266    12.6743 0.0000e+00
     -0.171      0.046     6.6064     62.296     37.806  28.513483     2.2017      7.077   316.0130 2.3864e+01     2.6371     -0.170     -0.246    12.6778 0.0000e+00
     -0.151      0.071     6.6396     62.617     37.802  28.515754     2.2521      7.060   316.1062 2.3761e+01     2.7138     -0.148     -0.215    12.6850 0.0000e+00
     -0.127      0.091     6.6778     62.984     37.814  28.528349     2.2633      7.047   316.6358 2.1995e+01     2.7054     -0.125     -0.182    12.6926 0.0000e+00
     -0.098      0.105     6.7180     63.368     37.825  28.538761     2.2355      7.041   317.4255 1.9340e+01     2.6882     -0.098     -0.141    12.6988 0.0000e+00
     -0.066      0.113     6.7556     63.724     37.793  28.514635     2.1642      7.038   317.5660 1.7558e+01     2.6591     -0.062     -0.089    12.7073 0.0000e+00
     -0.036      0.116     6.7923     64.066     37.765  28.490650     2.1279      7.036   317.2164 1.6869e+01     2.6578     -0.035     -0.050    12.7158 0.0000e+00
     -0.008      0.115     6.8307     64.420     37.787  28.502770     2.1371      7.032   316.8128 1.6269e+01     2.7031     -0.011     -0.015    12.7187 0.0000e+00
      0.025      0.111     6.8730     64.810     37.833  28.534169     2.1379      7.028   316.7302 1.5544e+01     2.7188      0.025      0.037    12.7222 0.0000e+00
      0.057      0.106     6.9202     65.250     37.861  28.552779     2.1740      7.023   317.5937 1.4788e+01     2.6953      0.057      0.082    12.7237 0.0000e+00
      0.084      0.101     6.9662     65.681     37.842  28.537271     2.2607      7.019   319.5104 1.4133e+01     2.6938      0.085      0.122    12.7198 0.0000e+00
      0.104      0.101     7.0027     66.024     37.842  28.537166     2.3131      7.018   321.4055 1.3717e+01     2.7007      0.103      0.149    12.7126 0.0000e+00
      0.124      0.110     7.0287     66.272     37.859  28.551509     2.3114      7.018   322.1819 1.3314e+01     2.6868      0.119      0.172    12.7065 0.0000e+00
      0.145      0.123     7.0448     66.427     37.817  28.520179     2.1853      7.019   321.8422 1.2846e+01     2.6783      0.144      0.210    12.7044 0.0000e+00
      0.171      0.133     7.0518     66.491     37.760  28.475871     1.9466      7.021   321.1697 1.2163e+01     2.6891      0.161      0.233    12.7017 0.0000e+00
      0.215      0.139     7.0531     66.501     37.741  28.460299     1.8142      7.023   320.8485 1.1256e+01     2.7256      0.201      0.291    12.7007 0.0000e+00
      0.272      0.139     7.0511     66.483     37.737  28.458893     1.7973      7.025   321.4858 1.0533e+01     2.7544      0.274      0.398    12.7041 0.0000e+00
      0.317      0.134     7.0460     66.437     37.736  28.458878     1.7420      7.027   322.7664 1.0222e+01     2.7316      0.321      0.465    12.7068 0.0000e+00
      0.342      0.126     7.0393     66.374     37.738  28.460116     1.6513      7.027   323.4258 1.0027e+01     2.6937      0.337      0.487    12.7033 0.0000e+00
      0.361      0.116     7.0357     66.337     37.758  28.473866     1.6104      7.024   323.6082 9.7384e+00     2.6927      0.352      0.511    12.7010 0.0000e+00
      0.383      0.110     7.0366     66.337     37.796  28.498112     1.6064      7.019   323.5087 9.4353e+00     2.6900      0.374      0.542    12.7033 0.0000e+00
      0.409      0.109     7.0401     66.353     37.809  28.499268     1.6119      7.014   322.9980 9.1291e+00     2.6605      0.401      0.581    12.7054 0.0000e+00
      0.440      0.110     7.0463     66.392     37.807  28.487828     1.6399      7.011   323.1113 8.7615e+00     2.6417      0.429      0.622    12.7050 0.0000e+00
      0.476      0.106     7.0549     66.461     37.813  28.486780     1.6608      7.011   323.9322 8.3573e+00     2.6448      0.465      0.674    12.7034 0.0000e+00
      0.512      0.097     7.0642     66.546     37.815  28.486591     1.6626      7.011   324.4913 8.0825e+00     2.6686      0.507      0.736    12.6999 0.0000e+00
      0.537      0.091     7.0685     66.586     37.814  28.485542     1.6791      7.009   324.9679 7.9982e+00     2.6852      0.532      0.772    12.6866 0.0000e+00
      0.550      0.092     7.0625     66.521     37.804  28.474101     1.7136      7.003   325.4791 7.9631e+00     2.6626      0.540      0.783    12.6701 0.0000e+00
      0.559      0.102     7.0478     66.363     37.819  28.475246     1.7310      6.995   325.5949 7.8657e+00     2.6394      0.546      0.791    12.6623 0.0000e+00
      0.574      0.119     7.0281     66.150     37.869  28.499380     1.7331      6.987   325.7662 7.6470e+00     2.6486      0.557      0.808    12.6627 0.0000e+00
      0.607      0.144     7.0051     65.908     37.904  28.511882     1.7391      6.981   326.0013 7.2785e+00     2.6514      0.587      0.852    12.6641 0.0000e+00
      0.657      0.170     6.9803     65.652     37.902  28.499382     1.7386      6.975   325.9425 6.8559e+00     2.6429      0.643      0.931    12.6599 0.0000e+00
      0.714      0.185     6.9598     65.441     37.883  28.475241     1.7268      6.972   325.8296 6.4525e+00     2.6376      0.702      1.019    12.6459 0.0000e+00
      0.769      0.183     6.9491     65.327     37.890  28.473993     1.7168      6.972   325.7549 6.0356e+00     2.6482      0.753      1.092    12.6242 0.0000e+00
      0.825      0.169     6.9458     65.294     37.905  28.484281     1.7186      6.974   325.8998 5.6657e+00     2.6793      0.812      1.177    12.6064 0.0000e+00
      0.874      0.149     6.9483     65.321     37.887  28.472620     1.7117      6.975   326.2906 5.4563e+00     2.6780      0.867      1.258    12.5934 0.0000e+00
      0.902      0.132     6.9571     65.405     37.869  28.460014     1.6797      6.975   326.1777 5.3661e+00     2.6625      0.890      1.291    12.5793 0.0000e+00
      0.917      0.121     6.9708     65.532     37.869  28.458869     1.6615      6.973   325.7398 5.2761e+00     2.6755      0.897      1.300    12.5681 0.0000e+00
      0.937      0.118     6.9896     65.707     37.870  28.458765     1.6669      6.967   326.0731 5.1324e+00     2.6827      0.913      1.326    12.5689 0.0000e+00
      0.969      0.127     7.0118     65.920     37.867  28.458757     1.6710      6.957   326.5929 4.9452e+00     2.6892      0.949      1.376    12.5747 0.0000e+00
      1.005      0.145     7.0332     66.129     37.862  28.458765     1.6737      6.949   326.9481 4.7675e+00     2.6932      0.988      1.433    12.5746 0.0000e+00
      1.042      0.164     7.0542     66.337     37.855  28.458869     1.6726      6.943   327.7015 4.5817e+00     2.6691      1.018      1.476    12.5722 0.0000e+00
      1.089      0.179     7.0749     66.546     37.847  28.460023     1.6667      6.938   328.1301 4.3397e+00     2.6718      1.062      1.539    12.5708 0.0000e+00
      1.144      0.186     7.0933     66.735     37.853  28.472722     1.6307      6.935   327.3117 4.1026e+00     2.6957      1.126      1.632    12.5724 0.0000e+00
      1.195      0.185     7.1097     66.903     37.861  28.485413     1.5673      6.934   326.2386 3.8950e+00     2.6836      1.174      1.702    12.5784 0.0000e+00
      1.245      0.180     7.1251     67.058     37.855  28.486472     1.5350      6.931   326.5127 3.6892e+00     2.6778      1.218      1.767    12.5847 0.0000e+00
      1.295      0.174     7.1373     67.183     37.848  28.485535     1.5339      6.926   327.3563 3.5285e+00     2.6875      1.274      1.848    12.5950 0.0000e+00
      1.335      0.169     7.1432     67.248     37.826  28.474094     1.5354      6.920   327.5761 3.4281e+00     2.6790      1.316      1.909    12.6076 0.0000e+00
      1.365      0.164     7.1417     67.245     37.820  28.475144     1.5344      6.918   327.6219 3.3154e+00     2.6661      1.334      1.936    12.6164 0.0000e+00
      1.402      0.157     7.1331     67.173     37.845  28.498235     1.5311      6.918   327.3077 3.1532e+00     2.6535      1.366      1.981    12.6234 0.0000e+00
      1.452      0.146     7.1200     67.056     37.841  28.499285     1.5324      6.919   326.2724 2.9754e+00     2.6480      1.425      2.066    12.6277 0.0000e+00
      1.502      0.136     7.1047     66.914     37.826  28.487844     1.5682      6.921   325.6872 2.8386e+00     2.6616      1.478      2.143    12.6344 0.0000e+00
      1.538      0.128     7.0862     66.737     37.826  28.486909     1.6338      6.921   325.9965 2.7775e+00     2.6965      1.513      2.195    12.6425 0.0000e+00
      1.559      0.121     7.0612     66.501     37.828  28.487978     1.6639      6.919   326.5715 2.7546e+00     2.7031      1.530      2.220    12.6486 0.0000e+00
      1.574      0.116     7.0277     66.187     37.844  28.500764     1.6567      6.915   327.2185 2.7120e+00     2.6497      1.540      2.232    12.6548 0.0000e+00
      1.597      0.117     6.9910     65.834     37.868  28.514495     1.6479      6.911   327.7097 2.6338e+00     2.6311      1.562      2.265    12.6546 0.0000e+00
      1.631      0.122     6.9558     65.477     37.901  28.526996     1.5759      6.907   327.5206 2.5300e+00     2.6612      1.598      2.318    12.6509 0.0000e+00
      1.670      0.128     6.9215     65.123     37.919  28.524894     1.4383      6.905   326.9110 2.4125e+00     2.6786      1.636      2.374    12.6506 0.0000e+00
      1.710      0.130     6.8893     64.788     37.893  28.489059     1.3618      6.905   326.6199 2.3105e+00     2.6876      1.677      2.433    12.6544 0.0000e+00
      1.746      0.126     6.8604     64.478     37.901  28.474703     1.3503      6.904   326.5827 2.2527e+00     2.6781      1.717      2.490    12.6533 0.0000e+00
      1.776      0.120     6.8348     64.192     37.938  28.478307     1.3361      6.901   326.8043 2.2132e+00     2.6560      1.743      2.528    12.6323 0.0000e+00
      1.801      0.115     6.8118     63.929     37.874  28.405605     1.3091      6.896   327.4064 2.1598e+00     2.6653      1.764      2.558    12.6066 0.0000e+00
      1.826      0.115     6.7937     63.676     37.699  28.230650     1.2813      6.891   327.8401 2.1027e+00     2.6682      1.792      2.598    12.5921 0.0000e+00
      1.852      0.118     6.7826     63.412     37.607  28.077426     1.2670      6.886   328.0897 2.0492e+00     2.6604      1.818      2.637    12.5642 0.0000e+00
      1.881      0.121     6.7833     63.209     37.668  28.013415     1.2740      6.883   328.4464 1.9782e+00     2.7545      1.840      2.669    12.5265 0.0000e+00
      1.916      0.125     6.8133     63.310     37.728  27.964573     1.3098      6.881   328.5386 1.8920e+00     2.8895      1.876      2.722    12.5028 0.0000e+00
      1.956      0.129     6.8925     63.930     37.764  27.931276     1.3416      6.879   328.2588 1.8341e+00     2.9197      1.923      2.790    12.4629 0.0000e+00
      1.989      0.132     7.0195     65.032     37.813  27.928252     1.3470      6.878   327.9023 1.8014e+00     2.9059      1.954      2.834    12.3447 0.0000e+00
      2.017      0.132     7.1751     66.419     37.849  27.927979     1.3290      6.876   327.8418 1.7601e+00     2.9059      1.975      2.863    12.1691 0.0000e+00
      2.049      0.130     7.3373     67.883     37.874  27.927947     1.2984      6.876   328.7319 1.7077e+00     2.8892      2.007      2.911    12.0387 0.0000e+00
      2.085      0.129     7.4886     69.258     37.890  27.927843     1.2889      6.875   330.2328 1.6348e+00     2.8869      2.046      2.968    11.9700 0.0000e+00
      2.121      0.132     7.6142     70.404     37.898  27.926709     1.2874      6.871   331.1042 1.5532e+00     2.9087      2.081      3.018    11.9225 0.0000e+00
      2.153      0.138     7.7003     71.194     37.885  27.914228     1.2716      6.865   331.3529 1.4912e+00     2.9089      2.112      3.064    11.8870 0.0000e+00
      2.184      0.144     7.7393     71.557     37.870  27.903933     1.2549      6.857   331.0881 1.4366e+00     2.8892      2.141      3.104    11.8632 0.0000e+00
      2.219      0.148     7.7367     71.540     37.901  27.929228     1.2326      6.852   330.3120 1.3897e+00     2.8832      2.175      3.153    11.8485 0.0000e+00
      2.259      0.148     7.7099     71.299     37.947  27.966067     1.2124      6.851   329.7989 1.3459e+00     2.8975      2.212      3.209    11.8393 0.0000e+00
      2.305      0.145     7.6750     70.979     37.948  27.968357     1.2041      6.853   330.3047 1.2874e+00     2.9092      2.260      3.277    11.8355 0.0000e+00
