Data/DataNotYetUploadedToEDI/Raw_CTD/RawDownloads/110218_fcr50.cnv
* Sea-Bird SBE19plus  Data File:
* FileName = C:\DATA\110218_bvr_50_0003.hex
* Software version 2.6.3.104 SB_Terminal.dll
* Temperature SN = 7809
* Conductivity SN = 7809
* System UpLoad Time = Nov 02 2018 17:55:15
* <ApplicationData>
* <Seaterm232>
# nquan = 15
# nvalues = 485                         
# units = specified
# name 0 = depFM: Depth [fresh water, m]
# name 1 = dz/dtM: Descent Rate [m/s]
# name 2 = sbeox0Mg/L: Oxygen, SBE 43 [mg/l]
# name 3 = sbeox0PS: Oxygen, SBE 43 [% saturation]
# name 4 = specc: Specific Conductance [uS/cm]
# name 5 = c0uS/cm: Conductivity [uS/cm]
# name 6 = flECO-AFL: Fluorescence, WET Labs ECO-AFL/FL [mg/m^3]
# name 7 = ph: pH
# name 8 = orp: Oxidation Reduction Potential [mV]
# name 9 = par/sat/log: PAR/Logarithmic, Satlantic
# name 10 = turbWETntu0: Turbidity, WET Labs ECO [NTU]
# name 11 = prdM: Pressure, Strain Gauge [db]
# name 12 = prdE: Pressure, Strain Gauge [psi]
# name 13 = tv290C: Temperature [ITS-90, deg C]
# name 14 = flag:  0.000e+00
# span 0 =     -0.721,      9.531       
# span 1 =     -0.072,      0.278       
# span 2 =     6.2924,     9.5424       
# span 3 =     57.866,     90.058       
# span 4 =      0.565,     45.836       
# span 5 =   0.420151,  33.553326       
# span 6 =    -0.2721,     2.4406       
# span 7 =      6.503,      7.770       
# span 8 =   314.8592,   353.5114       
# span 9 = 1.2557e-01, 3.2630e+01       
# span 10 =    -0.4673,    19.8322      
# span 11 =     -0.707,      9.347      
# span 12 =     -1.025,     13.556      
# span 13 =    11.5745,    12.7652      
# span 14 = 0.0000e+00, 0.0000e+00      
# interval = seconds: 0.25
# start_time = Nov 02 2018 19:27:53 [Instrument's time stamp, header]
# bad_flag = -9.990e-29
*END*
[from data line 386]
      7.172      0.157     7.1969     66.240     38.032  27.872224     0.9900      6.649   336.5180 1.2578e-01     3.2615      7.036     10.205    11.6391 0.0000e+00
      7.207      0.154     7.1949     66.224     38.012  27.858381     1.0210      6.647   336.1685 1.2580e-01     3.3386      7.068     10.252    11.6402 0.0000e+00
      7.241      0.153     7.1927     66.205     37.995  27.846741     1.0237      6.646   335.4623 1.2578e-01     3.3045      7.101     10.299    11.6402 0.0000e+00
      7.276      0.154     7.1889     66.171     38.011  27.858484     0.9867      6.644   335.0348 1.2578e-01     3.2756      7.134     10.347    11.6401 0.0000e+00
      7.313      0.157     7.1837     66.122     38.032  27.873369     0.9322      6.643   335.5590 1.2578e-01     3.2947      7.170     10.398    11.6402 0.0000e+00
      7.356      0.159     7.1797     66.085     38.069  27.899714     0.9066      6.644   336.5519 1.2570e-01     3.3217      7.212     10.458    11.6407 0.0000e+00
      7.404      0.159     7.1765     66.055     38.100  27.923014     0.9070      6.645   336.7146 1.2559e-01     3.3277      7.261     10.532    11.6423 0.0000e+00
      7.451      0.155     7.1744     66.036     38.070  27.901078     0.9184      6.646   336.3222 1.2560e-01     3.2754      7.312     10.605    11.6438 0.0000e+00
      7.489      0.148     7.1737     66.029     38.053  27.888484     0.9439      6.647   336.1962 1.2570e-01     3.1469      7.348     10.657    11.6424 0.0000e+00
      7.520      0.139     7.1732     66.022     38.068  27.897740     0.9575      6.648   335.7936 1.2569e-01     3.0555      7.373     10.694    11.6406 0.0000e+00
      7.552      0.129     7.1745     66.028     38.056  27.885997     0.9440      6.650   334.9819 1.2564e-01     3.0564      7.404     10.738    11.6412 0.0000e+00
      7.585      0.121     7.1771     66.045     38.044  27.873499     0.9283      6.652   335.1578 1.2566e-01     3.0963      7.439     10.790    11.6419 0.0000e+00
      7.617      0.116     7.1797     66.062     38.049  27.873622     0.9333      6.652   336.3709 1.2566e-01     3.1710      7.470     10.835    11.6409 0.0000e+00
      7.645      0.113     7.1816     66.072     38.072  27.887478     0.9493      6.653   337.0027 1.2565e-01     3.2888      7.498     10.875    11.6397 0.0000e+00
      7.671      0.110     7.1820     66.069     38.112  27.914023     0.9563      6.654   336.8600 1.2565e-01     3.3613      7.524     10.913    11.6363 0.0000e+00
      7.696      0.108     7.1796     66.044     38.152  27.940576     0.9539      6.655   336.3656 1.2565e-01     3.3454      7.548     10.946    11.6309 0.0000e+00
      7.722      0.107     7.1726     65.975     38.174  27.954525     0.9564      6.654   335.8440 1.2567e-01     3.3101      7.572     10.982    11.6258 0.0000e+00
      7.751      0.108     7.1623     65.875     38.179  27.955680     0.9593      6.653   335.9733 1.2567e-01     3.3004      7.602     11.025    11.6210 0.0000e+00
      7.780      0.110     7.1523     65.781     38.179  27.954537     0.9617      6.652   336.5518 1.2565e-01     3.3197      7.631     11.067    11.6174 0.0000e+00
      7.808      0.110     7.1418     65.684     38.160  27.940692     0.9667      6.651   336.9887 1.2566e-01     3.3307      7.657     11.105    11.6146 0.0000e+00
      7.836      0.108     7.1296     65.573     38.125  27.915284     0.9551      6.651   337.2116 1.2570e-01     3.3105      7.684     11.145    11.6118 0.0000e+00
      7.865      0.103     7.1160     65.450     38.104  27.901334     0.9408      6.651   337.0966 1.2572e-01     3.2900      7.713     11.187    11.6089 0.0000e+00
      7.893      0.097     7.1035     65.337     38.100  27.899015     0.9508      6.651   336.7164 1.2567e-01     3.2958      7.742     11.229    11.6069 0.0000e+00
      7.918      0.091     7.0958     65.267     38.083  27.887252     0.9561      6.651   336.4862 1.2562e-01     3.3198      7.765     11.263    11.6062 0.0000e+00
      7.940      0.088     7.0914     65.226     38.081  27.886106     0.9222      6.651   336.2924 1.2563e-01     3.3661      7.787     11.294    11.6069 0.0000e+00
      7.958      0.087     7.0894     65.206     38.081  27.885159     0.8815      6.649   336.0935 1.2567e-01     3.4594      7.806     11.322    11.6091 0.0000e+00
      7.975      0.089     7.0891     65.201     38.070  27.875809     0.8777      6.647   336.2319 1.2569e-01     3.5323      7.819     11.341    11.6108 0.0000e+00
      7.996      0.093     7.0878     65.186     38.106  27.900047     0.8946      6.647   336.4169 1.2571e-01     3.5451      7.837     11.367    11.6113 0.0000e+00
      8.023      0.098     7.0874     65.175     38.143  27.924216     0.9108      6.648   336.5238 1.2579e-01     3.4923      7.867     11.410    11.6114 0.0000e+00
      8.053      0.102     7.0887     65.177     38.136  27.914026     0.9263      6.648   336.7498 1.2586e-01     3.3821      7.898     11.457    11.6108 0.0000e+00
      8.082      0.105     7.0885     65.167     38.129  27.903845     0.9349      6.647   336.8269 1.2583e-01     3.3425      7.926     11.495    11.6088 0.0000e+00
      8.109      0.107     7.0881     65.159     38.165  27.928109     0.9410      6.646   336.0802 1.2579e-01     3.3793      7.953     11.534    11.6067 0.0000e+00
      8.135      0.107     7.0858     65.135     38.201  27.953397     0.9451      6.643   334.8618 1.2572e-01     3.3688      7.979     11.573    11.6024 0.0000e+00
      8.159      0.104     7.0758     65.040     38.207  27.955602     0.9292      6.641   334.5710 1.2560e-01     3.3081      8.001     11.604    11.5941 0.0000e+00
      8.185      0.099     7.0617     64.908     38.207  27.954761     0.8967      6.640   335.1460 1.2558e-01     3.2851      8.023     11.638    11.5877 0.0000e+00
      8.216      0.090     7.0480     64.780     38.192  27.943226     0.8827      6.640   335.7048 1.2562e-01     3.3054      8.058     11.687    11.5858 0.0000e+00
      8.246      0.079     7.0303     64.617     38.193  27.943134     0.8977      6.641   335.7350 1.2566e-01     3.3096      8.092     11.737    11.5846 0.0000e+00
      8.264      0.067     7.0081     64.412     38.208  27.953648     0.8936      6.644   334.7375 1.2569e-01     3.3046      8.108     11.760    11.5822 0.0000e+00
      8.273      0.055     6.9862     64.210     38.194  27.943351     0.8517      6.646   333.2800 1.2572e-01     3.3057      8.112     11.766    11.5801 0.0000e+00
      8.282      0.048     6.9658     64.023     38.197  27.945633     0.8228      6.645   332.9107 1.2574e-01     3.2927      8.121     11.778    11.5794 0.0000e+00
      8.291      0.050     6.9478     63.858     38.246  27.981234     0.8208      6.641   333.5419 1.2573e-01     3.3005      8.133     11.795    11.5791 0.0000e+00
      8.299      0.057     6.9344     63.734     38.262  27.992794     0.8365      6.639   333.9429 1.2565e-01     3.3688      8.138     11.803    11.5785 0.0000e+00
      8.309      0.063     6.9234     63.632     38.216  27.958411     0.8657      6.637   334.2322 1.2561e-01     3.4475      8.142     11.810    11.5781 0.0000e+00
      8.332      0.063     6.9134     63.539     38.200  27.946512     0.8882      6.636   334.7163 1.2570e-01     3.4894      8.167     11.844    11.5785 0.0000e+00
      8.362      0.063     6.9069     63.479     38.240  27.975918     0.8978      6.636   334.3754 1.2576e-01     3.5089      8.206     11.901    11.5788 0.0000e+00
      8.384      0.064     6.9009     63.424     38.268  27.996463     0.8803      6.634   333.2940 1.2572e-01     3.5301      8.228     11.934    11.5778 0.0000e+00
      8.390      0.066     6.8928     63.350     38.279  28.004411     0.8419      6.632   332.7397 1.2571e-01     3.5317      8.230     11.936    11.5767 0.0000e+00
      8.392      0.066     6.8843     63.272     38.284  28.008523     0.8194      6.630   332.6640 1.2571e-01     3.4987      8.228     11.934    11.5762 0.0000e+00
      8.404      0.062     6.8757     63.192     38.249  27.982675     0.8201      6.630   332.8948 1.2566e-01     3.4969      8.233     11.941    11.5761 0.0000e+00
      8.432      0.059     6.8670     63.112     38.198  27.945888     0.8222      6.631   333.3793 1.2562e-01     3.4793      8.266     11.989    11.5766 0.0000e+00
      8.465      0.055     6.8596     63.046     38.197  27.944738     0.8181      6.632   333.7899 1.2567e-01     3.3776      8.309     12.052    11.5772 0.0000e+00
      8.481      0.051     6.8525     62.982     38.229  27.968764     0.8156      6.633   333.7289 1.2572e-01     3.3047      8.322     12.071    11.5770 0.0000e+00
      8.482      0.054     6.8445     62.909     38.247  27.982390     0.8114      6.630   333.0722 1.2573e-01     3.3000      8.316     12.061    11.5767 0.0000e+00
      8.482      0.068     6.8388     62.857     38.246  27.982495     0.8133      6.626   332.5607 1.2574e-01     3.3205      8.318     12.065    11.5769 0.0000e+00
      8.485      0.092     6.8373     62.842     38.230  27.970028     0.8381      6.624   332.3634 1.2570e-01     3.3702      8.319     12.066    11.5772 0.0000e+00
      8.501      0.116     6.8376     62.844     38.216  27.958642     0.8638      6.624   332.2352 1.2568e-01     3.4424      8.322     12.069    11.5778 0.0000e+00
      8.550      0.133     6.8395     62.860     38.235  27.971828     0.8753      6.624   332.2156 1.2573e-01     3.5224      8.374     12.145    11.5789 0.0000e+00
      8.620      0.144     6.8433     62.896     38.276  28.002455     0.8849      6.625   332.3839 1.2569e-01     3.5753      8.462     12.273    11.5792 0.0000e+00
      8.673      0.150     6.8478     62.937     38.288  28.011458     0.8602      6.627   332.5498 1.2560e-01     3.5628      8.519     12.356    11.5782 0.0000e+00
      8.696      0.152     6.8513     62.969     38.295  28.017178     0.7975      6.627   332.4144 1.2560e-01     3.5240      8.530     12.373    11.5771 0.0000e+00
      8.709      0.152     6.8524     62.980     38.369  28.071608     0.7609      6.625   332.2959 1.2566e-01     3.5021      8.533     12.375    11.5766 0.0000e+00
      8.737      0.155     6.8519     62.979     38.404  28.098063     0.7574      6.624   332.1489 1.2564e-01     3.4812      8.561     12.416    11.5769 0.0000e+00
      8.784      0.164     6.8508     62.971     38.381  28.083046     0.7742      6.624   331.8416 1.2557e-01     3.4854      8.610     12.489    11.5776 0.0000e+00
      8.841      0.173     6.8493     62.960     38.376  28.080545     0.8073      6.625   331.6790 1.2559e-01     3.5219      8.669     12.574    11.5773 0.0000e+00
      8.901      0.173     6.8469     62.937     38.359  28.067825     0.8178      6.625   332.1605 1.2568e-01     3.5261      8.732     12.664    11.5772 0.0000e+00
      8.951      0.162     6.8400     62.872     38.344  28.056245     0.8098      6.626   333.0176 1.2574e-01     3.5054      8.784     12.740    11.5792 0.0000e+00
      8.987      0.143     6.8298     62.776     38.361  28.067530     0.8118      6.627   333.2659 1.2575e-01     3.5156      8.818     12.789    11.5820 0.0000e+00
      9.012      0.126     6.8174     62.661     38.376  28.077272     0.8141      6.627   332.9260 1.2573e-01     3.5271      8.838     12.819    11.5838 0.0000e+00
      9.035      0.116     6.8021     62.520     38.335  28.047034     0.8095      6.627   332.3494 1.2569e-01     3.5229      8.858     12.848    11.5835 0.0000e+00
      9.059      0.113     6.7848     62.361     38.297  28.019420     0.8111      6.627   331.9727 1.2564e-01     3.5260      8.884     12.885    11.5817 0.0000e+00
      9.087      0.119     6.7639     62.168     38.354  28.060902     0.8342      6.626   332.4152 1.2563e-01     3.5342      8.909     12.923    11.5801 0.0000e+00
      9.119      0.131     6.7410     61.957     38.414  28.104080     0.8687      6.624   333.3112 1.2562e-01     3.5306      8.941     12.968    11.5793 0.0000e+00
      9.154      0.142     6.7218     61.780     38.404  28.096973     0.8879      6.621   333.2563 1.2559e-01     3.5125      8.977     13.020    11.5791 0.0000e+00
      9.192      0.147     6.7068     61.641     38.412  28.101969     0.8912      6.620   332.0089 1.2560e-01     3.4988      9.012     13.071    11.5791 0.0000e+00
      9.234      0.147     6.6954     61.537     38.411  28.100986     0.8898      6.622   330.6194 1.2563e-01     3.4876      9.052     13.130    11.5787 0.0000e+00
      9.280      0.143     6.6893     61.480     38.389  28.085088     0.8900      6.623   329.2761 1.2564e-01     3.5896      9.103     13.202    11.5781 0.0000e+00
      9.320      0.137     6.6857     61.447     38.410  28.100250     0.8930      6.623   327.9848 1.2568e-01     3.8164      9.146     13.264    11.5775 0.0000e+00
      9.349      0.128     6.6817     61.409     38.401  28.093808     0.8901      6.622   327.7406 1.2570e-01     3.9414      9.170     13.300    11.5769 0.0000e+00
      9.373      0.115     6.6759     61.355     38.370  28.070694     0.8823      6.622   328.3019 1.2570e-01     3.9414      9.189     13.327    11.5769 0.0000e+00
      9.401      0.100     6.6684     61.285     38.377  28.074788     0.8813      6.623   328.1464 1.2573e-01     3.9994      9.216     13.367    11.5767 0.0000e+00
      9.431      0.085     6.6651     61.255     38.384  28.079800     0.8874      6.625   327.3224 1.2571e-01     4.1245      9.251     13.418    11.5764 0.0000e+00
      9.455      0.073     6.6601     61.209     38.367  28.067792     0.8911      6.626   326.4272 1.2566e-01     4.1720      9.277     13.456    11.5764 0.0000e+00
      9.470      0.060     6.6530     61.144     38.352  28.056602     0.8897      6.626   325.5825 1.2568e-01     4.1462      9.290     13.474    11.5757 0.0000e+00
      9.478      0.047     6.6549     61.161     38.373  28.071514     0.8611      6.626   324.9387 1.2572e-01     4.1481      9.295     13.481    11.5750 0.0000e+00
      9.485      0.035     6.6582     61.191     38.441  28.121086     0.8030      6.627   324.6650 1.2574e-01     4.1961      9.301     13.490    11.5750 0.0000e+00
      9.493      0.028     6.6612     61.219     38.651  28.274969     0.7661      6.628   324.7681 1.2574e-01     4.2073      9.309     13.503    11.5751 0.0000e+00
      9.500      0.024     6.6657     61.261     39.092  28.598570     0.7642      6.629   324.7231 1.2569e-01     4.1603      9.317     13.513    11.5749 0.0000e+00
      9.506      0.022     6.6669     61.276     39.966  29.239632     0.7797      6.629   324.3787 1.2566e-01     4.0558      9.322     13.520    11.5747 0.0000e+00
      9.510      0.019     6.6662     61.273     41.166  30.120103     0.8066      6.629   323.9599 1.2568e-01     3.8893      9.326     13.526    11.5746 0.0000e+00
      9.515      0.016     6.6630     61.249     42.696  31.242576     0.8228      6.631   323.4464 1.2569e-01     3.7949      9.331     13.533    11.5745 0.0000e+00
      9.519      0.013     6.6474     61.112     44.267  32.395705     0.8193      6.632   322.8151 1.2569e-01     3.7694      9.336     13.539    11.5753 0.0000e+00
      9.521      0.011     6.6025     60.707     45.276  33.138390     0.8196      6.632   322.3496 1.2565e-01     3.7032      9.338     13.543    11.5772 0.0000e+00
      9.523      0.009     6.5135     59.896     45.836  33.553326     0.8264      6.633   322.2926 1.2564e-01     3.6056      9.339     13.545    11.5804 0.0000e+00
      9.525      0.007     6.3742     58.618     45.465  33.284038     0.8288      6.633   322.2979 1.2566e-01     3.5343      9.341     13.548    11.5838 0.0000e+00
      9.527      0.007     6.2924     57.866     44.895  32.867770     0.8290      6.633   322.2414 1.2565e-01     3.5133      9.343     13.551    11.5872 0.0000e+00
