Data/DataNotYetUploadedToEDI/Raw_CTD/RawDownloads/110218_fcr50.cnv
* Sea-Bird SBE19plus  Data File:
* FileName = C:\DATA\110218_bvr_50_0003.hex
* Software version 2.6.3.104 SB_Terminal.dll
* Temperature SN = 7809
* Conductivity SN = 7809
* System UpLoad Time = Nov 02 2018 17:55:15
* <ApplicationData>
* <Seaterm232>
# nquan = 15
# nvalues = 485                         
# units = specified
# name 0 = depFM: Depth [fresh water, m]
# name 1 = dz/dtM: Descent Rate [m/s]
# name 2 = sbeox0Mg/L: Oxygen, SBE 43 [mg/l]
# name 3 = sbeox0PS: Oxygen, SBE 43 [% saturation]
# name 4 = specc: Specific Conductance [uS/cm]
# name 5 = c0uS/cm: Conductivity [uS/cm]
# name 6 = flECO-AFL: Fluorescence, WET Labs ECO-AFL/FL [mg/m^3]
# name 7 = ph: pH
# name 8 = orp: Oxidation Reduction Potential [mV]
# name 9 = par/sat/log: PAR/Logarithmic, Satlantic
# name 10 = turbWETntu0: Turbidity, WET Labs ECO [NTU]
# name 11 = prdM: Pressure, Strain Gauge [db]
# name 12 = prdE: Pressure, Strain Gauge [psi]
# name 13 = tv290C: Temperature [ITS-90, deg C]
# name 14 = flag:  0.000e+00
# span 0 =     -0.721,      9.531       
# span 1 =     -0.072,      0.278       
# span 2 =     6.2924,     9.5424       
# span 3 =     57.866,     90.058       
# span 4 =      0.565,     45.836       
# span 5 =   0.420151,  33.553326       
# span 6 =    -0.2721,     2.4406       
# span 7 =      6.503,      7.770       
# span 8 =   314.8592,   353.5114       
# span 9 = 1.2557e-01, 3.2630e+01       
# span 10 =    -0.4673,    19.8322      
# span 11 =     -0.707,      9.347      
# span 12 =     -1.025,     13.556      
# span 13 =    11.5745,    12.7652      
# span 14 = 0.0000e+00, 0.0000e+00      
# interval = seconds: 0.25
# start_time = Nov 02 2018 19:27:53 [Instrument's time stamp, header]
# bad_flag = -9.990e-29
*END*
     -0.720 1.9116e-15     9.2025     85.713      2.407   1.789367    -0.2477      6.519   326.9191 3.1560e+01    -0.2328     -0.706     -1.024    12.1680 0.0000e+00
     -0.720 2.1028e-14     9.2162     85.839      2.651   1.971052    -0.2656      6.509   319.8231 3.1903e+01    -0.2476     -0.706     -1.023    12.1674 0.0000e+00
     -0.720 2.3131e-13     9.2277     85.944      1.575   1.170742    -0.2721      6.506   320.8835 3.2181e+01    -0.2311     -0.707     -1.024    12.1667 0.0000e+00
     -0.720 2.5444e-12     9.2340     85.999      0.565   0.420151    -0.2711      6.506   320.9836 3.2357e+01    -0.2161     -0.707     -1.025    12.1661 0.0000e+00
     -0.720 2.7989e-11     9.2340     85.998      1.447   1.076128    -0.2621      6.506   322.3243 3.2418e+01    -0.2176     -0.706     -1.024    12.1655 0.0000e+00
     -0.720 3.0787e-10     9.2277     85.940      2.690   1.999768    -0.2559      6.504   327.5432 3.2414e+01    -0.2494     -0.706     -1.024    12.1648 0.0000e+00
     -0.720 3.3866e-09     9.2167     85.835      3.048   2.265851    -0.2603      6.503   329.2767 3.2400e+01    -0.2650     -0.705     -1.023    12.1635 0.0000e+00
     -0.720 3.7253e-08     9.2065     85.738      3.217   2.390776    -0.2612      6.506   321.6027 3.2499e+01    -0.2543     -0.706     -1.024    12.1624 0.0000e+00
     -0.720 4.0978e-07     9.2010     85.686      3.358   2.495511    -0.2570      6.513   320.7968 3.2630e+01    -0.2726     -0.707     -1.025    12.1616 0.0000e+00
     -0.721      0.000     9.1975     85.653      3.558   2.644322    -0.2555      6.526   337.9454 3.2308e+01    -0.2723     -0.707     -1.025    12.1608 0.0000e+00
     -0.721      0.000     9.1927     85.607      3.675   2.731376    -0.2618      6.551   353.5114 3.1526e+01    -0.2513     -0.707     -1.025    12.1600 0.0000e+00
     -0.720      0.001     9.1885     85.567      3.665   2.723616    -0.2688      6.585   348.6260 3.0502e+01    -0.2313     -0.706     -1.024    12.1593 0.0000e+00
     -0.719      0.001     9.1865     85.549      3.602   2.677336    -0.2656      6.618   335.6622 2.9779e+01    -0.2138     -0.706     -1.023    12.1589 0.0000e+00
     -0.719      0.001     9.1870     85.554      3.434   2.552338    -0.2602      6.643   337.1833 2.9710e+01    -0.2237     -0.706     -1.023    12.1584 0.0000e+00
     -0.719      0.001     9.1894     85.576      3.338   2.480682    -0.2585      6.660   341.8083 2.9572e+01    -0.2277     -0.706     -1.024    12.1579 0.0000e+00
     -0.719      0.000     9.1909     85.589      3.119   2.318302    -0.2632      6.672   333.4199 2.9315e+01    -0.2322     -0.705     -1.023    12.1577 0.0000e+00
     -0.719 7.7747e-10     9.1919     85.599      2.840   2.111066    -0.2708      6.681   326.8754 2.9032e+01    -0.2468     -0.706     -1.023    12.1576 0.0000e+00
     -0.719 8.5522e-09     9.1952     85.629      2.868   2.131238    -0.2681      6.686   329.2747 2.7481e+01    -0.2522     -0.706     -1.023    12.1574 0.0000e+00
     -0.719 9.4074e-08     9.2000     85.673      2.936   2.181712    -0.2586      6.688   330.9392 2.4254e+01    -0.2671     -0.705     -1.023    12.1572 0.0000e+00
     -0.719      0.000     9.2081     85.748      3.065   2.277422    -0.2573      6.690   327.8993 2.0676e+01    -0.3347     -0.706     -1.023    12.1569 0.0000e+00
     -0.719      0.000     9.2172     85.832      3.316   2.463999    -0.2606      6.692   325.0428 1.7881e+01    -0.4295     -0.705     -1.022    12.1571 0.0000e+00
     -0.719      0.000     9.2219     85.876      3.326   2.471599    -0.2527      6.695   323.8476 1.6262e+01    -0.4673     -0.705     -1.022    12.1567 0.0000e+00
     -0.719      0.001     9.2262     85.918      3.529   2.622990    -0.2449      6.704   322.3102 1.5652e+01    -0.4556     -0.706     -1.023    12.1568 0.0000e+00
     -0.719      0.010     9.2315     85.990      8.670   6.450708    -0.2574      6.768   319.6184 1.5782e+01    -0.4416     -0.705     -1.022    12.1560 0.0000e+00
     -0.719      0.034     9.2254     86.048     21.570  16.079288    -0.2663      6.979   317.1984 1.6397e+01    -0.3894     -0.705     -1.024    12.1567 0.0000e+00
     -0.718      0.073     9.2050     86.090     33.538  25.066275    -0.2518      7.304   317.9163 1.7327e+01    -0.2823     -0.704     -1.022    12.1548 0.0000e+00
     -0.713      0.120     9.1834     86.137     37.739  28.287989    -0.2393      7.577   319.4373 1.8952e+01    -0.1839     -0.706     -1.023    12.1572 0.0000e+00
     -0.685      0.170     9.1688     86.167     38.018  28.560209    -0.2062      7.722   319.3268 2.1068e+01     0.2823     -0.690     -1.001    12.1529 0.0000e+00
     -0.619      0.216     9.1631     86.187     37.965  28.548242     0.1758      7.770   318.2153 2.2924e+01     5.3846     -0.613     -0.889    12.1937 0.0000e+00
     -0.535      0.254     9.1638     86.217     37.921  28.524327     0.8787      7.754   317.6985 2.4328e+01    14.7231     -0.516     -0.749    12.3424 0.0000e+00
     -0.458      0.276     9.1641     86.243     37.909  28.525072     1.2613      7.704   318.1551 2.5436e+01    19.7772     -0.451     -0.654    12.4926 0.0000e+00
     -0.383      0.278     9.1642     86.293     37.843  28.493753     1.3096      7.645   318.6593 2.6444e+01    19.8322     -0.377     -0.545    12.5760 0.0000e+00
     -0.309      0.262     9.1706     86.415     37.770  28.463184     1.5006      7.590   318.8047 2.7279e+01    15.4789     -0.297     -0.431    12.6052 0.0000e+00
     -0.243      0.233     9.1862     86.619     37.753  28.473008     1.8420      7.542   318.3647 2.7528e+01     7.4561     -0.238     -0.345    12.6052 0.0000e+00
     -0.183      0.198     9.2139     86.923     37.748  28.485549     2.0285      7.502   317.4684 2.5792e+01     3.0925     -0.177     -0.256    12.6134 0.0000e+00
     -0.131      0.158     9.2539     87.327     37.738  28.487834     2.0451      7.470   316.9158 2.2218e+01     2.6978     -0.122     -0.177    12.6415 0.0000e+00
     -0.095      0.118     9.3015     87.791     37.747  28.500637     1.9969      7.445   316.7602 1.9572e+01     2.6523     -0.087     -0.126    12.6785 0.0000e+00
     -0.076      0.082     9.3504     88.266     37.757  28.513355     1.9054      7.424   316.6190 1.8662e+01     2.6346     -0.070     -0.102    12.7091 0.0000e+00
     -0.069      0.051     9.4002     88.749     37.753  28.514614     1.8671      7.407   316.8433 1.8559e+01     2.6366     -0.067     -0.097    12.7314 0.0000e+00
     -0.065      0.028     9.4551     89.268     37.754  28.515865     1.8739      7.393   317.4078 1.8482e+01     2.6461     -0.063     -0.093    12.7432 0.0000e+00
     -0.062      0.013     9.5078     89.753     37.777  28.528470     1.8957      7.381   317.5073 1.8261e+01     2.5962     -0.060     -0.087    12.7486 0.0000e+00
     -0.061      0.006     9.5424     90.058     37.803  28.540018     1.9467      7.370   316.9282 1.8333e+01     2.4909     -0.059     -0.085    12.7547 0.0000e+00
     -0.061      0.003     9.5417     90.027     37.801  28.528474     1.9760      7.359   316.4279 1.8587e+01     2.4404     -0.060     -0.087    12.7641 0.0000e+00
     -0.061      0.002     9.4923     89.534     37.797  28.515889     1.9744      7.350   316.3633 1.8644e+01     2.4739     -0.060     -0.087    12.7652 0.0000e+00
     -0.061      0.000     9.3892     88.538     37.807  28.514849     1.9822      7.342   316.4046 1.8495e+01     2.5001     -0.060     -0.087    12.7570 0.0000e+00
     -0.060 3.9656e-08     9.2363     87.078     37.817  28.515890     2.0250      7.335   316.4115 1.8570e+01     2.4826     -0.059     -0.086    12.7460 0.0000e+00
     -0.060 4.3621e-07     9.0436     85.247     37.842  28.528467     2.0865      7.329   316.6190 1.8669e+01     2.4451     -0.059     -0.086    12.7332 0.0000e+00
     -0.060 4.7008e-07     8.8261     83.185     37.863  28.539908     2.1101      7.322   316.8483 1.8383e+01     2.4125     -0.059     -0.085    12.7200 0.0000e+00
     -0.060 4.4916e-07     8.6033     81.077     37.851  28.527208     2.1089      7.315   316.6887 1.8122e+01     2.4240     -0.059     -0.086    12.7073 0.0000e+00
     -0.060      0.000     8.3932     79.092     37.820  28.501913     2.0993      7.310   316.4957 1.8141e+01     2.4935     -0.059     -0.086    12.6983 0.0000e+00
     -0.060      0.000     8.2075     77.339     37.803  28.488078     2.0681      7.305   316.3217 1.8423e+01     2.5814     -0.059     -0.085    12.6913 0.0000e+00
     -0.060      0.001     8.0525     75.878     37.802  28.486925     2.0438      7.299   315.9612 1.8772e+01     2.6326     -0.059     -0.086    12.6845 0.0000e+00
     -0.060      0.001     7.9295     74.717     37.805  28.487980     2.0443      7.294   315.7517 1.8933e+01     2.6545     -0.059     -0.085    12.6798 0.0000e+00
     -0.060      0.001     7.8336     73.812     37.823  28.500826     2.0743      7.291   316.2831 1.9106e+01     2.6320     -0.058     -0.085    12.6774 0.0000e+00
     -0.059      0.001     7.7584     73.107     37.840  28.515244     2.1119      7.286   317.3105 1.9276e+01     2.5441     -0.058     -0.084    12.6761 0.0000e+00
     -0.059      0.001     7.7011     72.572     37.863  28.535306     2.1220      7.281   317.5902 1.9141e+01     2.4771     -0.058     -0.084    12.6755 0.0000e+00
     -0.059      0.001     7.6560     72.152     37.883  28.552886     2.1236      7.277   317.3425 1.8775e+01     2.4624     -0.058     -0.085    12.6749 0.0000e+00
     -0.059      0.001     7.6165     71.782     37.861  28.537303     2.1398      7.274   317.0680 1.8440e+01     2.4579     -0.058     -0.084    12.6732 0.0000e+00
     -0.058      0.002     7.5839     71.477     37.860  28.537408     2.1531      7.270   316.5950 1.8223e+01     2.4535     -0.057     -0.083    12.6743 0.0000e+00
     -0.058      0.002     7.5601     71.256     37.881  28.554154     2.1558      7.265   316.3562 1.8093e+01     2.4699     -0.057     -0.083    12.6795 0.0000e+00
     -0.058      0.002     7.5436     71.102     37.873  28.549264     2.1719      7.260   317.0202 1.8105e+01     2.4739     -0.056     -0.082    12.6833 0.0000e+00
     -0.057      0.002     7.5360     71.033     37.861  28.541799     2.2465      7.256   318.2553 1.8215e+01     2.4402     -0.056     -0.081    12.6838 0.0000e+00
     -0.056      0.001     7.5429     71.101     37.840  28.527389     2.3690      7.253   318.6419 1.8223e+01     2.4285     -0.055     -0.079    12.6847 0.0000e+00
     -0.055      0.000     7.5616     71.281     37.804  28.502042     2.4406      7.251   317.9952 1.8151e+01     2.4237     -0.054     -0.078    12.6866 0.0000e+00
     -0.055     -0.002     7.5852     71.509     37.784  28.489337     2.4406      7.249   317.2325 1.8090e+01     2.4131     -0.054     -0.079    12.6880 0.0000e+00
     -0.056     -0.002     7.6092     71.744     37.794  28.500776     2.4335      7.245   316.9058 1.8078e+01     2.4523     -0.054     -0.078    12.6893 0.0000e+00
     -0.057     -0.002     7.6277     71.925     37.806  28.513361     2.3827      7.242   317.4004 1.8184e+01     2.5008     -0.056     -0.081    12.6913 0.0000e+00
     -0.059     -0.002     7.6385     72.034     37.804  28.514505     2.2668      7.237   318.3945 1.8305e+01     2.4820     -0.058     -0.085    12.6935 0.0000e+00
     -0.060     -0.002     7.6403     72.057     37.799  28.514609     2.1898      7.233   318.8590 1.8294e+01     2.4378     -0.060     -0.087    12.6972 0.0000e+00
     -0.059     -0.001     7.6313     71.980     37.794  28.514619     2.1780      7.230   318.8006 1.8228e+01     2.4543     -0.059     -0.085    12.7029 0.0000e+00
     -0.059      0.000     7.6145     71.829     37.790  28.514629     2.2260      7.226   318.7206 1.8243e+01     2.4988     -0.057     -0.083    12.7076 0.0000e+00
     -0.059      0.001     7.5941     71.643     37.787  28.514734     2.3195      7.223   318.3222 1.8288e+01     2.5173     -0.057     -0.083    12.7110 0.0000e+00
     -0.059      0.001     7.5704     71.425     37.785  28.515893     2.3715      7.219   317.5978 1.8338e+01     2.4954     -0.057     -0.083    12.7152 0.0000e+00
     -0.059      0.000     7.5428     71.169     37.799  28.528644     2.3773      7.215   317.6198 1.8357e+01     2.4469     -0.057     -0.082    12.7206 0.0000e+00
     -0.059 5.5713e-08     7.5143     70.904     37.814  28.541907     2.3805      7.212   318.4148 1.8098e+01     2.4499     -0.057     -0.083    12.7247 0.0000e+00
     -0.059 6.1284e-07     7.4854     70.633     37.823  28.549255     2.3822      7.208   318.8649 1.7821e+01     2.5014     -0.058     -0.084    12.7281 0.0000e+00
     -0.058      0.000     7.4553     70.348     37.829  28.553988     2.3786      7.205   318.9319 1.7885e+01     2.5212     -0.057     -0.083    12.7320 0.0000e+00
     -0.058      0.000     7.4238     70.046     37.808  28.535628     2.3741      7.202   318.7944 1.8134e+01     2.5052     -0.057     -0.083    12.7349 0.0000e+00
     -0.058      0.001     7.3955     69.772     37.788  28.517766     2.3739      7.200   318.4941 1.8408e+01     2.5523     -0.056     -0.082    12.7367 0.0000e+00
     -0.058      0.001     7.3750     69.574     37.806  28.528531     2.3762      7.198   318.3125 1.8468e+01     2.6641     -0.057     -0.083    12.7386 0.0000e+00
     -0.058      0.001     7.3579     69.409     37.821  28.538776     2.3752      7.195   318.4045 1.8357e+01     2.7278     -0.057     -0.083    12.7382 0.0000e+00
     -0.058      0.001     7.3437     69.272     37.791  28.514636     2.3712      7.193   318.6602 1.8301e+01     2.7114     -0.056     -0.081    12.7347 0.0000e+00
     -0.058      0.001     7.3332     69.172     37.761  28.490650     2.3277      7.190   318.7369 1.8289e+01     2.6795     -0.056     -0.082    12.7303 0.0000e+00
     -0.058      0.001     7.3239     69.085     37.777  28.502768     2.2442      7.186   318.7297 1.8339e+01     2.6787     -0.056     -0.082    12.7266 0.0000e+00
     -0.057      0.001     7.3149     69.002     37.817  28.534152     2.1977      7.184   318.8320 1.8397e+01     2.6702     -0.056     -0.081    12.7247 0.0000e+00
     -0.057      0.001     7.3069     68.927     37.841  28.552606     2.1876      7.181   318.8553 1.8348e+01     2.6684     -0.056     -0.081    12.7233 0.0000e+00
     -0.057      0.001     7.2988     68.849     37.819  28.535391     2.1867      7.178   318.3225 1.8283e+01     2.6882     -0.056     -0.081    12.7219 0.0000e+00
     -0.057      0.001     7.2897     68.761     37.796  28.516507     2.2139      7.177   317.5530 1.8334e+01     2.6956     -0.055     -0.080    12.7218 0.0000e+00
     -0.056      0.001     7.2826     68.692     37.795  28.514791     2.2505      7.174   317.4663 1.8477e+01     2.6972     -0.055     -0.080    12.7232 0.0000e+00
     -0.056      0.001     7.2758     68.628     37.794  28.514644     2.2612      7.171   317.9627 1.8518e+01     2.6777     -0.055     -0.080    12.7246 0.0000e+00
     -0.056      0.001     7.2662     68.539     37.793  28.514724     2.2607      7.170   318.5639 1.8434e+01     2.6417     -0.055     -0.079    12.7235 0.0000e+00
     -0.056      0.001     7.2548     68.436     37.792  28.515764     2.2997      7.168   318.7989 1.8485e+01     2.5973     -0.054     -0.079    12.7209 0.0000e+00
     -0.055      0.001     7.2392     68.292     37.806  28.527214     2.3650      7.165   318.0508 1.8571e+01     2.5380     -0.054     -0.078    12.7192 0.0000e+00
     -0.055      0.001     7.2162     68.078     37.803  28.526164     2.3888      7.163   316.6608 1.8487e+01     2.5050     -0.053     -0.077    12.7198 0.0000e+00
     -0.055      0.001     7.1891     67.823     37.771  28.503073     2.3761      7.161   316.0162 1.8353e+01     2.5035     -0.054     -0.078    12.7219 0.0000e+00
     -0.054      0.001     7.1581     67.532     37.768  28.502023     2.3116      7.159   316.2793 1.8227e+01     2.5499     -0.053     -0.077    12.7241 0.0000e+00
