Data/DataNotYetUploadedToEDI/Raw_CTD/RawDownloads/110218_fcr50.cnv
* Sea-Bird SBE19plus  Data File:
* FileName = C:\DATA\110218_bvr_50_0003.hex
* Software version 2.6.3.104 SB_Terminal.dll
* Temperature SN = 7809
* Conductivity SN = 7809
* System UpLoad Time = Nov 02 2018 17:55:15
* <ApplicationData>
* <Seaterm232>
# nquan = 15
# nvalues = 485                         
# units = specified
# name 0 = depFM: Depth [fresh water, m]
# name 1 = dz/dtM: Descent Rate [m/s]
# name 2 = sbeox0Mg/L: Oxygen, SBE 43 [mg/l]
# name 3 = sbeox0PS: Oxygen, SBE 43 [% saturation]
# name 4 = specc: Specific Conductance [uS/cm]
# name 5 = c0uS/cm: Conductivity [uS/cm]
# name 6 = flECO-AFL: Fluorescence, WET Labs ECO-AFL/FL [mg/m^3]
# name 7 = ph: pH
# name 8 = orp: Oxidation Reduction Potential [mV]
# name 9 = par/sat/log: PAR/Logarithmic, Satlantic
# name 10 = turbWETntu0: Turbidity, WET Labs ECO [NTU]
# name 11 = prdM: Pressure, Strain Gauge [db]
# name 12 = prdE: Pressure, Strain Gauge [psi]
# name 13 = tv290C: Temperature [ITS-90, deg C]
# name 14 = flag:  0.000e+00
# span 0 =     -0.721,      9.531       
# span 1 =     -0.072,      0.278       
# span 2 =     6.2924,     9.5424       
# span 3 =     57.866,     90.058       
# span 4 =      0.565,     45.836       
# span 5 =   0.420151,  33.553326       
# span 6 =    -0.2721,     2.4406       
# span 7 =      6.503,      7.770       
# span 8 =   314.8592,   353.5114       
# span 9 = 1.2557e-01, 3.2630e+01       
# span 10 =    -0.4673,    19.8322      
# span 11 =     -0.707,      9.347      
# span 12 =     -1.025,     13.556      
# span 13 =    11.5745,    12.7652      
# span 14 = 0.0000e+00, 0.0000e+00      
# interval = seconds: 0.25
# start_time = Nov 02 2018 19:27:53 [Instrument's time stamp, header]
# bad_flag = -9.990e-29
*END*
[from data line 290]
      4.899      0.108     7.4288     68.493     37.900  27.831468     1.0269      6.711   335.5415 1.2619e-01     3.1459      4.803      6.965    11.7196 0.0000e+00
      4.925      0.111     7.4332     68.529     37.936  27.855598     1.0281      6.709   334.8812 1.2650e-01     3.1474      4.825      6.999    11.7203 0.0000e+00
      4.960      0.110     7.4342     68.536     37.938  27.856733     1.0292      6.709   334.3789 1.2628e-01     3.1297      4.862      7.052    11.7195 0.0000e+00
      4.998      0.106     7.4345     68.538     37.922  27.845197     1.0502      6.711   334.2002 1.2740e-01     3.0546      4.905      7.112    11.7185 0.0000e+00
      5.029      0.100     7.4356     68.548     37.919  27.843117     1.0789      6.712   334.1835 1.2874e-01     2.9713      4.936      7.159    11.7153 0.0000e+00
      5.049      0.095     7.4359     68.547     37.906  27.831582     1.0825      6.711   334.4346 1.2733e-01     2.9160      4.955      7.186    11.7102 0.0000e+00
      5.063      0.091     7.4340     68.525     37.911  27.832728     1.0752      6.711   334.9133 1.2583e-01     2.8741      4.965      7.203    11.7098 0.0000e+00
      5.078      0.092     7.4303     68.488     37.946  27.856963     1.0727      6.709   335.1539 1.2573e-01     2.9228      4.976      7.218    11.7116 0.0000e+00
      5.101      0.097     7.4250     68.440     37.964  27.870608     1.0710      6.706   334.9349 1.2572e-01     3.0783      5.000      7.251    11.7113 0.0000e+00
      5.131      0.103     7.4192     68.390     37.962  27.870703     1.0728      6.705   334.6737 1.2573e-01     3.1665      5.033      7.299    11.7085 0.0000e+00
      5.164      0.108     7.4158     68.363     37.942  27.858118     1.0768      6.704   334.6622 1.2573e-01     3.1350      5.064      7.345    11.7050 0.0000e+00
      5.197      0.112     7.4142     68.353     37.922  27.845448     1.0723      6.702   334.7962 1.2569e-01     3.0938      5.098      7.395    11.7029 0.0000e+00
      5.224      0.113     7.4129     68.344     37.918  27.844503     1.0740      6.699   335.0900 1.2567e-01     3.0954      5.126      7.435    11.7026 0.0000e+00
      5.248      0.114     7.4143     68.359     37.920  27.846707     1.0888      6.695   335.3745 1.2568e-01     3.0940      5.144      7.461    11.7058 0.0000e+00
      5.274      0.115     7.4167     68.380     37.955  27.872087     1.0857      6.693   335.5688 1.2569e-01     3.0767      5.170      7.499    11.7093 0.0000e+00
      5.304      0.115     7.4169     68.379     37.991  27.897373     1.0551      6.693   335.7191 1.2573e-01     3.0998      5.201      7.543    11.7116 0.0000e+00
      5.338      0.115     7.4160     68.368     37.995  27.898432     1.0214      6.693   335.6424 1.2577e-01     3.1291      5.235      7.592    11.7142 0.0000e+00
      5.372      0.114     7.4124     68.336     37.975  27.884892     1.0181      6.693   335.5016 1.2576e-01     3.1255      5.272      7.646    11.7158 0.0000e+00
      5.401      0.111     7.4078     68.296     37.940  27.860666     1.0345      6.693   335.3081 1.2573e-01     3.1175      5.299      7.685    11.7151 0.0000e+00
      5.425      0.105     7.4056     68.274     37.940  27.859513     1.0449      6.694   334.9366 1.2575e-01     3.0627      5.319      7.714    11.7123 0.0000e+00
      5.450      0.097     7.4035     68.250     37.959  27.870944     1.0608      6.696   335.1398 1.2576e-01     2.9513      5.344      7.751    11.7101 0.0000e+00
      5.477      0.089     7.4013     68.227     37.962  27.871879     1.0789      6.696   335.9589 1.2575e-01     2.8997      5.372      7.793    11.7113 0.0000e+00
      5.500      0.084     7.4012     68.227     37.960  27.870819     1.0899      6.697   336.2362 1.2571e-01     2.9269      5.396      7.826    11.7143 0.0000e+00
      5.519      0.084     7.4002     68.222     37.940  27.858129     1.0932      6.697   336.1694 1.2576e-01     2.9452      5.414      7.852    11.7134 0.0000e+00
      5.535      0.087     7.3974     68.198     37.922  27.845448     1.0820      6.695   336.0119 1.2582e-01     2.9376      5.429      7.873    11.7085 0.0000e+00
      5.552      0.093     7.3969     68.186     37.925  27.844494     1.0733      6.692   335.4508 1.2578e-01     2.9271      5.444      7.895    11.7067 0.0000e+00
      5.575      0.099     7.3966     68.170     37.937  27.846584     1.0797      6.690   335.1495 1.2576e-01     2.9091      5.463      7.923    11.7081 0.0000e+00
      5.606      0.102     7.3951     68.145     37.977  27.870715     1.0858      6.689   335.8101 1.2576e-01     2.9036      5.495      7.971    11.7106 0.0000e+00
      5.642      0.101     7.3935     68.127     37.995  27.882251     1.0560      6.690   336.9856 1.2575e-01     2.9207      5.537      8.030    11.7140 0.0000e+00
      5.673      0.097     7.3912     68.108     37.961  27.859065     0.9856      6.691   337.5742 1.2574e-01     2.9023      5.567      8.074    11.7097 0.0000e+00
      5.697      0.092     7.3890     68.089     37.941  27.844372     0.9424      6.689   337.2490 1.2568e-01     2.8649      5.589      8.107    11.6972 0.0000e+00
      5.712      0.086     7.3857     68.059     37.923  27.831597     0.9466      6.688   336.4950 1.2563e-01     2.8959      5.603      8.127    11.6884 0.0000e+00
      5.726      0.081     7.3797     68.006     37.923  27.831597     0.9544      6.688   336.1140 1.2563e-01     3.0028      5.610      8.138    11.6877 0.0000e+00
      5.746      0.082     7.3729     67.944     37.939  27.844372     0.9529      6.687   336.1707 1.2565e-01     3.1191      5.632      8.168    11.6917 0.0000e+00
      5.771      0.089     7.3673     67.888     37.962  27.859065     0.9566      6.685   336.6642 1.2565e-01     3.1729      5.662      8.211    11.6926 0.0000e+00
      5.793      0.099     7.3615     67.823     38.001  27.882250     0.9618      6.684   337.6070 1.2568e-01     3.1649      5.681      8.239    11.6915 0.0000e+00
      5.816      0.109     7.3547     67.747     37.994  27.870695     0.9603      6.681   338.1918 1.2571e-01     3.1448      5.699      8.266    11.6930 0.0000e+00
      5.847      0.118     7.3484     67.683     37.965  27.846347     0.9571      6.676   338.3152 1.2572e-01     3.1128      5.734      8.316    11.6948 0.0000e+00
      5.879      0.125     7.3428     67.631     37.960  27.841853     0.9599      6.673   337.9802 1.2574e-01     3.0835      5.767      8.364    11.6934 0.0000e+00
      5.911      0.128     7.3369     67.576     37.925  27.816359     0.9673      6.673   337.1528 1.2575e-01     3.0951      5.794      8.402    11.6841 0.0000e+00
      5.949      0.123     7.3300     67.510     37.894  27.792096     0.9817      6.674   336.9148 1.2570e-01     3.1006      5.831      8.457    11.6726 0.0000e+00
      5.989      0.112     7.3245     67.456     37.910  27.802486     1.0052      6.677   337.5978 1.2565e-01     3.0890      5.878      8.525    11.6685 0.0000e+00
      6.020      0.098     7.3206     67.417     37.929  27.814986     1.0134      6.679   338.0975 1.2566e-01     3.1074      5.910      8.571    11.6708 0.0000e+00
      6.039      0.082     7.3159     67.371     37.933  27.816236     1.0072      6.681   338.1380 1.2569e-01     3.1103      5.924      8.592    11.6710 0.0000e+00
      6.052      0.069     7.3124     67.335     37.937  27.817599     1.0038      6.681   338.2597 1.2568e-01     3.0933      5.934      8.607    11.6683 0.0000e+00
      6.063      0.065     7.3114     67.324     37.957  27.831463     0.9994      6.680   338.4517 1.2568e-01     3.0839      5.946      8.624    11.6663 0.0000e+00
      6.074      0.075     7.3112     67.319     37.994  27.856864     1.0004      6.675   338.4800 1.2567e-01     3.0884      5.957      8.639    11.6645 0.0000e+00
      6.086      0.095     7.3120     67.322     38.015  27.870709     1.0072      6.669   338.2575 1.2568e-01     3.1172      5.965      8.650    11.6620 0.0000e+00
      6.106      0.115     7.3143     67.340     38.019  27.871864     1.0078      6.665   338.0837 1.2569e-01     3.1272      5.980      8.673    11.6602 0.0000e+00
      6.146      0.128     7.3153     67.349     38.019  27.870834     0.9984      6.665   338.1862 1.2565e-01     3.1183      6.021      8.733    11.6591 0.0000e+00
      6.199      0.132     7.3133     67.329     38.002  27.858251     0.9761      6.667   338.2055 1.2563e-01     3.1005      6.082      8.821    11.6567 0.0000e+00
      6.246      0.127     7.3116     67.313     37.986  27.846716     0.9591      6.669   338.1456 1.2563e-01     3.0955      6.132      8.893    11.6540 0.0000e+00
      6.279      0.112     7.3108     67.306     38.002  27.858365     0.9672      6.672   338.1499 1.2567e-01     3.1190      6.161      8.936    11.6518 0.0000e+00
      6.299      0.092     7.3083     67.283     38.021  27.872096     0.9727      6.675   337.9995 1.2575e-01     3.1094      6.180      8.962    11.6511 0.0000e+00
      6.310      0.076     7.3063     67.263     38.040  27.885731     0.9609      6.678   337.3600 1.2576e-01     3.0714      6.189      8.975    11.6510 0.0000e+00
      6.319      0.069     7.3029     67.231     38.055  27.896235     0.9538      6.680   336.5262 1.2572e-01     3.0557      6.195      8.985    11.6508 0.0000e+00
      6.334      0.069     7.2939     67.146     38.024  27.872096     0.9503      6.681   336.3501 1.2571e-01     3.0723      6.209      9.005    11.6508 0.0000e+00
      6.355      0.074     7.2845     67.058     37.992  27.847862     0.9658      6.682   336.7801 1.2573e-01     3.1193      6.232      9.039    11.6507 0.0000e+00
      6.377      0.079     7.2780     66.996     38.006  27.857222     1.0028      6.683   337.3375 1.2577e-01     3.1358      6.254      9.071    11.6505 0.0000e+00
      6.400      0.084     7.2715     66.935     38.008  27.858274     1.0211      6.683   337.5822 1.2580e-01     3.0892      6.276      9.102    11.6493 0.0000e+00
      6.423      0.089     7.2647     66.870     38.013  27.860573     1.0216      6.683   336.8989 1.2580e-01     3.0443      6.301      9.139    11.6483 0.0000e+00
      6.444      0.095     7.2584     66.810     38.048  27.885017     1.0089      6.681   335.7877 1.2579e-01     3.0508      6.320      9.166    11.6476 0.0000e+00
      6.464      0.100     7.2544     66.770     38.070  27.899826     0.9778      6.676   335.4175 1.2577e-01     3.1068      6.337      9.191    11.6460 0.0000e+00
      6.490      0.104     7.2539     66.762     38.090  27.912622     0.9579      6.673   335.6069 1.2578e-01     3.1408      6.361      9.228    11.6450 0.0000e+00
      6.521      0.106     7.2526     66.745     38.094  27.912736     0.9520      6.671   336.0129 1.2578e-01     3.1261      6.393      9.274    11.6438 0.0000e+00
      6.555      0.104     7.2461     66.681     38.080  27.901201     0.9428      6.670   336.6267 1.2570e-01     3.1123      6.429      9.326    11.6414 0.0000e+00
      6.584      0.097     7.2348     66.577     38.079  27.900143     0.9573      6.670   336.9187 1.2567e-01     3.0959      6.460      9.369    11.6403 0.0000e+00
      6.609      0.085     7.2187     66.429     38.078  27.899943     0.9998      6.671   336.1891 1.2573e-01     3.0811      6.481      9.400    11.6381 0.0000e+00
      6.629      0.073     7.1972     66.234     38.076  27.898789     1.0242      6.672   334.9464 1.2570e-01     3.0857      6.502      9.431    11.6339 0.0000e+00
      6.644      0.065     7.1773     66.051     38.058  27.886192     1.0230      6.672   334.6266 1.2564e-01     3.0906      6.518      9.453    11.6319 0.0000e+00
      6.654      0.064     7.1620     65.911     38.041  27.874628     1.0031      6.672   334.9038 1.2564e-01     3.1097      6.525      9.464    11.6318 0.0000e+00
      6.663      0.069     7.1440     65.748     38.055  27.885974     0.9671      6.671   335.0285 1.2567e-01     3.1328      6.532      9.475    11.6321 0.0000e+00
      6.677      0.075     7.1245     65.571     38.067  27.896374     0.9462      6.671   335.3595 1.2571e-01     3.1258      6.544      9.491    11.6332 0.0000e+00
      6.701      0.082     7.1124     65.462     38.034  27.873369     0.9435      6.671   336.0673 1.2575e-01     3.1168      6.567      9.526    11.6341 0.0000e+00
      6.732      0.089     7.1100     65.441     38.018  27.861833     0.9438      6.672   336.0142 1.2576e-01     3.1163      6.604      9.578    11.6343 0.0000e+00
      6.759      0.094     7.1142     65.480     38.048  27.883893     0.9496      6.672   334.8897 1.2573e-01     3.1196      6.632      9.618    11.6361 0.0000e+00
      6.780      0.094     7.1234     65.565     38.051  27.886089     0.9579      6.670   334.2587 1.2566e-01     3.1266      6.649      9.643    11.6385 0.0000e+00
      6.799      0.088     7.1350     65.672     38.054  27.888389     0.9615      6.668   334.2349 1.2565e-01     3.1082      6.667      9.669    11.6394 0.0000e+00
      6.823      0.078     7.1468     65.780     38.086  27.911695     0.9473      6.668   334.3439 1.2567e-01     3.0811      6.689      9.702    11.6396 0.0000e+00
      6.850      0.068     7.1602     65.902     38.090  27.913881     0.9157      6.668   334.7166 1.2566e-01     3.0734      6.720      9.747    11.6400 0.0000e+00
      6.870      0.057     7.1733     66.022     38.092  27.914818     0.8921      6.668   334.7836 1.2568e-01     3.0758      6.742      9.780    11.6406 0.0000e+00
      6.879      0.045     7.1837     66.116     38.104  27.923023     0.8816      6.669   334.2935 1.2568e-01     3.0803      6.747      9.786    11.6407 0.0000e+00
      6.884      0.034     7.1927     66.198     38.054  27.886079     0.8801      6.671   333.7811 1.2565e-01     3.0967      6.749      9.789    11.6404 0.0000e+00
      6.889      0.026     7.1972     66.239     38.004  27.849135     0.8928      6.673   333.4926 1.2568e-01     3.1219      6.757      9.799    11.6395 0.0000e+00
      6.892      0.023     7.1962     66.229     38.015  27.857340     0.9068      6.674   333.2999 1.2571e-01     3.1406      6.759      9.803    11.6382 0.0000e+00
      6.896      0.025     7.1962     66.229     38.016  27.858285     0.9110      6.675   333.2575 1.2568e-01     3.1394      6.761      9.806    11.6373 0.0000e+00
      6.902      0.029     7.1975     66.241     38.019  27.860565     0.9069      6.676   333.3245 1.2568e-01     3.1079      6.768      9.817    11.6368 0.0000e+00
      6.912      0.036     7.1974     66.240     38.053  27.884904     0.8947      6.676   333.6796 1.2570e-01     3.0958      6.779      9.833    11.6370 0.0000e+00
      6.922      0.046     7.1956     66.224     38.072  27.898559     0.8829      6.676   334.2824 1.2573e-01     3.0833      6.789      9.847    11.6372 0.0000e+00
      6.932      0.061     7.1920     66.190     38.072  27.898665     0.8830      6.674   334.6762 1.2574e-01     3.0490      6.797      9.858    11.6371 0.0000e+00
      6.944      0.081     7.1905     66.177     38.055  27.886192     0.8869      6.669   334.9996 1.2578e-01     3.0474      6.806      9.871    11.6372 0.0000e+00
      6.964      0.104     7.1935     66.207     38.038  27.874752     0.9022      6.661   335.0082 1.2573e-01     3.0649      6.825      9.900    11.6371 0.0000e+00
      6.994      0.126     7.1970     66.241     38.054  27.887338     0.9398      6.655   334.6083 1.2565e-01     3.0772      6.857      9.945    11.6367 0.0000e+00
      7.032      0.144     7.1981     66.251     38.085  27.911373     0.9652      6.652   334.9833 1.2567e-01     3.0732      6.892      9.996    11.6362 0.0000e+00
      7.078      0.155     7.1984     66.254     38.085  27.911354     0.9610      6.650   336.1008 1.2572e-01     3.0476      6.939     10.065    11.6364 0.0000e+00
