Data/DataNotYetUploadedToEDI/Raw_CTD/RawDownloads/110419_fcr50.cnv
* Sea-Bird SBE19plus  Data File:
* FileName = C:\DATA\110419_fcr50_0002.hex
* Software version 2.8.0.119 SB_Terminal.dll
* Temperature SN = 7809
* Conductivity SN = 7809
* System UpLoad Time = Nov 04 2019 15:41:46
* <ApplicationData>
* <Seaterm232>
# nquan = 16
# nvalues = 644                         
# units = specified
# name 0 = depFM: Depth [fresh water, m]
# name 1 = dz/dtM: Descent Rate [m/s]
# name 2 = sbeox0ML/L: Oxygen, SBE 43 [ml/l]
# name 3 = sbeox0PS: Oxygen, SBE 43 [% saturation]
# name 4 = specc: Specific Conductance [uS/cm]
# name 5 = c0uS/cm: Conductivity [uS/cm]
# name 6 = flECO-AFL: Fluorescence, WET Labs ECO-AFL/FL [mg/m^3]
# name 7 = ph: pH
# name 8 = orp: Oxidation Reduction Potential [mV]
# name 9 = par/sat/log: PAR/Logarithmic, Satlantic
# name 10 = turbWETntu0: Turbidity, WET Labs ECO [NTU]
# name 11 = prdM: Pressure, Strain Gauge [db]
# name 12 = prdE: Pressure, Strain Gauge [psi]
# name 13 = tv290C: Temperature [ITS-90, deg C]
# name 14 = density00: Density [density, kg/m^3]
# name 15 = flag:  0.000e+00
# span 0 =     -0.516,      9.725       
# span 1 =     -0.003,      0.150       
# span 2 =     4.9001,     6.5916       
# span 3 =     66.058,     88.730       
# span 4 =      1.173,     51.729       
# span 5 =   0.874073,  38.857682       
# span 6 =    -1.0745,     3.3346       
# span 7 =      6.334,      7.134       
# span 8 =   261.9287,  1240.2295       
# span 9 = 1.2359e-01, 1.6124e+03       
# span 10 =    -1.4556,    94.8714      
# span 11 =     -0.506,      9.538      
# span 12 =     -0.734,     13.834      
# span 13 =    12.2573,    12.7196      
# span 14 =   999.4308,   999.5002      
# span 15 = 0.0000e+00, 0.0000e+00      
# interval = seconds: 0.25
# start_time = Nov 04 2019 12:45:21 [Instrument's time stamp, header]
# bad_flag = -9.990e-29
*END*
[from data line 272]
      3.641      0.080     5.9459     80.016     42.290  31.799646     2.3890      6.833   283.5980 1.4050e+00     8.2084      3.574      5.185    12.5975   999.4634 0.0000e+00
      3.657      0.070     5.9471     79.986     42.282  31.793877     2.4437      6.833   283.1286 1.3860e+00     7.8785      3.590      5.207    12.5967   999.4635 0.0000e+00
      3.664      0.064     5.9500     79.933     42.257  31.775530     2.4804      6.833   282.9727 1.3709e+00     7.6750      3.592      5.210    12.5953   999.4637 0.0000e+00
      3.671      0.061     5.9519     79.882     42.247  31.768196     2.4859      6.833   283.0903 1.3474e+00     7.6483      3.597      5.217    12.5944   999.4639 0.0000e+00
      3.686      0.062     5.9545     79.831     42.248  31.768664     2.4406      6.834   283.4324 1.3084e+00     7.7522      3.611      5.239    12.5943   999.4640 0.0000e+00
      3.709      0.067     5.9512     79.781     42.264  31.781190     2.3493      6.835   283.8395 1.2652e+00     7.9480      3.637      5.275    12.5946   999.4640 0.0000e+00
      3.731      0.074     5.9460     79.746     42.279  31.792724     2.3008      6.835   283.7961 1.2332e+00     8.0499      3.662      5.312    12.5952   999.4641 0.0000e+00
      3.749      0.080     5.9429     79.722     42.263  31.781196     2.3129      6.833   283.4235 1.2052e+00     8.0670      3.676      5.332    12.5956   999.4641 0.0000e+00
      3.766      0.084     5.9390     79.713     42.247  31.768724     2.4358      6.833   283.2930 1.1642e+00     8.0891      3.689      5.351    12.5955   999.4642 0.0000e+00
      3.787      0.089     5.9345     79.733     42.248  31.768843     2.6591      6.833   283.3367 1.1183e+00     8.0881      3.714      5.386    12.5954   999.4643 0.0000e+00
      3.810      0.095     5.9323     79.767     42.267  31.782637     2.7847      6.832   283.5213 1.0788e+00     8.0870      3.737      5.419    12.5954   999.4644 0.0000e+00
      3.835      0.103     5.9308     79.813     42.303  31.808583     2.7936      6.830   283.8912 1.0286e+00     8.1084      3.759      5.452    12.5955   999.4645 0.0000e+00
      3.865      0.109     5.9284     79.878     42.330  31.828712     2.7836      6.828   284.0224 9.6423e-01     8.0845      3.790      5.497    12.5956   999.4646 0.0000e+00
      3.896      0.111     5.9320     79.954     42.340  31.835636     2.7765      6.827   283.9030 9.1827e-01     7.9623      3.823      5.544    12.5950   999.4649 0.0000e+00
      3.925      0.106     5.9337     80.023     42.330  31.828836     2.7768      6.826   283.8240 8.9253e-01     7.8428      3.847      5.581    12.5939   999.4651 0.0000e+00
      3.955      0.094     5.9373     80.063     42.305  31.809960     2.7703      6.827   283.8425 8.5528e-01     7.8199      3.876      5.622    12.5930   999.4653 0.0000e+00
      3.986      0.077     5.9424     80.069     42.289  31.797789     2.6538      6.827   283.8681 8.1759e-01     7.7504      3.914      5.676    12.5924   999.4656 0.0000e+00
      4.006      0.058     5.9485     80.027     42.304  31.808599     2.4268      6.828   283.8759 7.9833e-01     7.5600      3.934      5.707    12.5922   999.4658 0.0000e+00
      4.013      0.041     5.9549     79.943     42.311  31.813734     2.2970      6.829   283.8500 7.8776e-01     7.4193      3.936      5.709    12.5928   999.4657 0.0000e+00
      4.014      0.026     5.9567     79.852     42.288  31.796416     2.2892      6.830   283.7274 7.8849e-01     7.3927      3.936      5.708    12.5931   999.4656 0.0000e+00
      4.014      0.016     5.9588     79.787     42.279  31.789597     2.2805      6.830   283.5975 7.9237e-01     7.4687      3.937      5.710    12.5929   999.4657 0.0000e+00
      4.015      0.011     5.9549     79.763     42.286  31.794742     2.2530      6.831   283.6564 7.8441e-01     7.6164      3.937      5.710    12.5928   999.4657 0.0000e+00
      4.018      0.011     5.9479     79.777     42.286  31.795157     2.2336      6.833   283.8376 7.7535e-01     7.7034      3.939      5.713    12.5925   999.4657 0.0000e+00
      4.024      0.011     5.9400     79.807     42.285  31.794619     2.2280      6.834   283.8094 7.6620e-01     7.7011      3.945      5.723    12.5922   999.4658 0.0000e+00
      4.029      0.010     5.9348     79.839     42.277  31.788235     2.2292      6.834   283.5725 7.5483e-01     7.6551      3.953      5.733    12.5923   999.4658 0.0000e+00
      4.031      0.009     5.9331     79.896     42.268  31.781426     2.2047      6.835   283.3826 7.4621e-01     7.4748      3.954      5.734    12.5923   999.4658 0.0000e+00
      4.031      0.007     5.9347     79.949     42.260  31.775752     2.1483      6.836   283.3216 7.4652e-01     7.1927      3.953      5.733    12.5925   999.4658 0.0000e+00
      4.032      0.007     5.9382     79.951     42.270  31.783100     2.1108      6.838   283.2648 7.5697e-01     7.0294      3.954      5.735    12.5927   999.4658 0.0000e+00
      4.033      0.009     5.9385     79.929     42.300  31.806810     2.1072      6.839   283.2970 7.5947e-01     7.0070      3.955      5.736    12.5925   999.4658 0.0000e+00
      4.034      0.014     5.9438     79.915     42.303  31.808587     2.1479      6.839   283.4528 7.4457e-01     7.2172      3.955      5.737    12.5925   999.4658 0.0000e+00
      4.037      0.020     5.9506     79.907     42.298  31.804586     2.2126      6.840   283.3428 7.2127e-01     7.6057      3.957      5.739    12.5925   999.4658 0.0000e+00
      4.043      0.026     5.9485     79.896     42.321  31.821894     2.2391      6.840   282.9988 7.0683e-01     7.8036      3.964      5.750    12.5928   999.4658 0.0000e+00
      4.053      0.034     5.9458     79.879     42.328  31.827474     2.2424      6.840   282.8219 7.0533e-01     7.8080      3.975      5.765    12.5932   999.4658 0.0000e+00
      4.063      0.046     5.9455     79.866     42.303  31.808594     2.3570      6.839   282.9241 7.0622e-01     8.0190      3.985      5.780    12.5931   999.4659 0.0000e+00
      4.072      0.057     5.9448     79.866     42.271  31.783997     2.5842      6.838   283.1159 6.9895e-01     8.4869      3.992      5.791    12.5930   999.4659 0.0000e+00
      4.085      0.065     5.9445     79.867     42.271  31.783902     2.7100      6.837   283.0757 6.7241e-01     8.7455      4.001      5.803    12.5931   999.4660 0.0000e+00
      4.106      0.070     5.9426     79.838     42.303  31.807451     2.7248      6.836   282.8687 6.3405e-01     8.7210      4.024      5.836    12.5930   999.4661 0.0000e+00
      4.133      0.070     5.9415     79.751     42.313  31.814887     2.8753      6.835   282.7639 6.0814e-01     8.4200      4.056      5.882    12.5929   999.4662 0.0000e+00
      4.156      0.067     5.9417     79.633     42.307  31.810357     3.1594      6.835   282.6686 5.9138e-01     7.8913      4.079      5.916    12.5927   999.4663 0.0000e+00
      4.172      0.062     5.9424     79.535     42.315  31.816135     3.3164      6.835   282.4906 5.7777e-01     7.6386      4.092      5.935    12.5924   999.4665 0.0000e+00
      4.182      0.057     5.9421     79.445     42.321  31.821289     3.3346      6.834   282.3327 5.7642e-01     7.6576      4.103      5.951    12.5921   999.4666 0.0000e+00
      4.189      0.055     5.9346     79.359     42.305  31.809214     3.3182      6.834   282.3092 5.7490e-01     7.6625      4.108      5.958    12.5917   999.4666 0.0000e+00
      4.199      0.058     5.9231     79.310     42.289  31.797051     3.1359      6.834   282.3774 5.6429e-01     7.8291      4.114      5.967    12.5916   999.4666 0.0000e+00
      4.216      0.063     5.9173     79.290     42.294  31.801156     2.8126      6.834   282.5551 5.4496e-01     8.1641      4.132      5.993    12.5916   999.4668 0.0000e+00
      4.238      0.068     5.9114     79.281     42.286  31.795378     2.6432      6.834   282.8239 5.2074e-01     8.3372      4.157      6.028    12.5917   999.4669 0.0000e+00
      4.258      0.069     5.9025     79.291     42.280  31.790650     2.6223      6.834   282.8739 5.0032e-01     8.3172      4.177      6.058    12.5918   999.4670 0.0000e+00
      4.278      0.065     5.8999     79.319     42.303  31.807446     2.5774      6.834   282.7298 4.8593e-01     8.1189      4.193      6.082    12.5915   999.4670 0.0000e+00
      4.297      0.058     5.8993     79.346     42.303  31.808079     2.5161      6.835   282.5434 4.8038e-01     7.8072      4.216      6.114    12.5917   999.4671 0.0000e+00
      4.312      0.051     5.8974     79.354     42.290  31.798309     2.4884      6.835   282.4270 4.7917e-01     7.6621      4.233      6.139    12.5924   999.4671 0.0000e+00
      4.319      0.045     5.8985     79.355     42.314  31.816239     2.4764      6.835   282.7851 4.7404e-01     7.6425      4.235      6.144    12.5928   999.4671 0.0000e+00
      4.324      0.041     5.9011     79.375     42.339  31.834492     2.4223      6.835   283.4320 4.7032e-01     7.5710      4.238      6.147    12.5927   999.4671 0.0000e+00
      4.334      0.039     5.9040     79.409     42.331  31.828620     2.3369      6.835   283.7097 4.6907e-01     7.4846      4.249      6.163    12.5923   999.4672 0.0000e+00
      4.345      0.041     5.9043     79.456     42.305  31.808694     2.2948      6.835   283.4748 4.6305e-01     7.4505      4.261      6.181    12.5920   999.4673 0.0000e+00
      4.356      0.044     5.9029     79.518     42.273  31.783944     2.3028      6.836   283.0877 4.4981e-01     7.4544      4.272      6.196    12.5920   999.4674 0.0000e+00
      4.367      0.046     5.9051     79.572     42.272  31.783217     2.3218      6.837   282.9864 4.3413e-01     7.5644      4.282      6.211    12.5917   999.4675 0.0000e+00
      4.380      0.045     5.9080     79.624     42.294  31.799899     2.3414      6.838   283.2826 4.2346e-01     7.7639      4.296      6.230    12.5915   999.4675 0.0000e+00
      4.394      0.044     5.9104     79.680     42.288  31.795264     2.3492      6.839   283.7443 4.1292e-01     7.8673      4.309      6.250    12.5912   999.4676 0.0000e+00
      4.406      0.044     5.9171     79.725     42.282  31.790639     2.3560      6.839   283.9223 3.9791e-01     7.8648      4.322      6.267    12.5908   999.4677 0.0000e+00
      4.416      0.046     5.9203     79.769     42.305  31.807434     2.3802      6.839   283.7995 3.8744e-01     7.7990      4.333      6.284    12.5907   999.4678 0.0000e+00
      4.424      0.051     5.9235     79.799     42.306  31.807954     2.4070      6.839   283.7226 3.8495e-01     7.6948      4.338      6.291    12.5906   999.4678 0.0000e+00
      4.433      0.059     5.9292     79.795     42.294  31.796927     2.4200      6.838   283.8540 3.8109e-01     7.6536      4.344      6.300    12.5907   999.4679 0.0000e+00
      4.449      0.069     5.9313     79.785     42.302  31.801023     2.4243      6.836   284.1830 3.7273e-01     7.6932      4.361      6.324    12.5906   999.4679 0.0000e+00
      4.469      0.080     5.9349     79.773     42.294  31.794016     2.4683      6.833   284.4307 3.5595e-01     7.9437      4.382      6.355    12.5907   999.4681 0.0000e+00
      4.493      0.088     5.9392     79.749     42.271  31.775661     2.5536      6.831   284.4400 3.3175e-01     8.3571      4.405      6.389    12.5897   999.4682 0.0000e+00
      4.520      0.089     5.9370     79.723     42.264  31.769466     2.5974      6.830   284.3825 3.1171e-01     8.5618      4.431      6.427    12.5869   999.4687 0.0000e+00
      4.549      0.084     5.9366     79.665     42.282  31.782582     2.5980      6.830   284.4232 2.9835e-01     8.5830      4.461      6.471    12.5846   999.4691 0.0000e+00
      4.574      0.078     5.9374     79.589     42.315  31.807322     2.5963      6.830   284.5021 2.9375e-01     8.5813      4.491      6.513    12.5835   999.4694 0.0000e+00
      4.589      0.072     5.9332     79.524     42.325  31.814755     2.5501      6.829   284.4760 2.8910e-01     8.4747      4.503      6.531    12.5825   999.4696 0.0000e+00
      4.599      0.069     5.9346     79.471     42.318  31.808986     2.4647      6.829   284.4524 2.7268e-01     8.2776      4.507      6.537    12.5812   999.4698 0.0000e+00
      4.612      0.069     5.9289     79.434     42.309  31.801034     2.4219      6.829   284.5608 2.5866e-01     8.1319      4.521      6.557    12.5804   999.4699 0.0000e+00
      4.630      0.072     5.9220     79.399     42.284  31.782063     2.4238      6.828   284.6673 2.4925e-01     8.0897      4.539      6.584    12.5806   999.4700 0.0000e+00
      4.651      0.079     5.9182     79.368     42.268  31.769987     2.4693      6.828   284.7069 2.3897e-01     8.0942      4.559      6.612    12.5809   999.4701 0.0000e+00
      4.675      0.087     5.9131     79.371     42.284  31.781949     2.5471      6.828   284.6955 2.3411e-01     8.0890      4.586      6.650    12.5806   999.4702 0.0000e+00
      4.700      0.093     5.9117     79.406     42.308  31.799776     2.5841      6.827   284.6160 2.1815e-01     8.0919      4.610      6.686    12.5792   999.4705 0.0000e+00
      4.722      0.098     5.9093     79.451     42.303  31.795151     2.5879      6.825   284.6065 1.9490e-01     8.1292      4.629      6.715    12.5783   999.4707 0.0000e+00
      4.745      0.103     5.9054     79.512     42.296  31.789486     2.5581      6.824   284.6660 1.8678e-01     8.2132      4.653      6.748    12.5786   999.4708 0.0000e+00
      4.772      0.104     5.9057     79.596     42.303  31.794736     2.4758      6.823   284.7332 1.7646e-01     8.3199      4.679      6.786    12.5786   999.4709 0.0000e+00
      4.802      0.099     5.9099     79.668     42.303  31.795170     2.4155      6.823   284.8177 1.5685e-01     8.3379      4.707      6.827    12.5783   999.4711 0.0000e+00
      4.833      0.093     5.9127     79.702     42.302  31.794736     2.4185      6.823   284.8268 1.4834e-01     8.3001      4.741      6.876    12.5773   999.4714 0.0000e+00
      4.861      0.088     5.9165     79.699     42.295  31.789486     2.4774      6.822   284.9296 1.4999e-01     8.2232      4.772      6.922    12.5764   999.4716 0.0000e+00
      4.878      0.084     5.9243     79.677     42.303  31.795151     2.5646      6.822   285.1996 1.4851e-01     8.0303      4.786      6.944    12.5769   999.4716 0.0000e+00
      4.888      0.082     5.9306     79.675     42.309  31.799766     2.6140      6.821   285.4238 1.4522e-01     7.8691      4.791      6.948    12.5774   999.4716 0.0000e+00
      4.903      0.082     5.9322     79.689     42.284  31.781835     2.6157      6.821   285.4894 1.4641e-01     7.8473      4.805      6.970    12.5773   999.4717 0.0000e+00
      4.928      0.082     5.9328     79.704     42.266  31.768718     2.5765      6.821   285.3911 1.4267e-01     7.9958      4.833      7.010    12.5773   999.4718 0.0000e+00
      4.957      0.083     5.9285     79.722     42.265  31.768094     2.5210      6.822   285.3531 1.3092e-01     8.2224      4.862      7.051    12.5772   999.4719 0.0000e+00
      4.984      0.085     5.9293     79.724     42.274  31.774288     2.4997      6.822   285.4601 1.2431e-01     8.2939      4.890      7.092    12.5771   999.4721 0.0000e+00
      5.004      0.085     5.9312     79.700     42.283  31.780151     2.4931      6.822   285.5666 1.2371e-01     8.2705      4.911      7.122    12.5777   999.4721 0.0000e+00
      5.019      0.082     5.9311     79.698     42.278  31.775526     2.4755      6.822   285.6950 1.2368e-01     8.2665      4.921      7.137    12.5787   999.4720 0.0000e+00
      5.035      0.076     5.9333     79.730     42.286  31.781820     2.4599      6.822   285.8079 1.2367e-01     8.1809      4.934      7.156    12.5793   999.4720 0.0000e+00
