Data/DataNotYetUploadedToEDI/Raw_CTD/RawDownloads/110419_fcr50.cnv
* Sea-Bird SBE19plus  Data File:
* FileName = C:\DATA\110419_fcr50_0002.hex
* Software version 2.8.0.119 SB_Terminal.dll
* Temperature SN = 7809
* Conductivity SN = 7809
* System UpLoad Time = Nov 04 2019 15:41:46
* <ApplicationData>
* <Seaterm232>
# nquan = 16
# nvalues = 644                         
# units = specified
# name 0 = depFM: Depth [fresh water, m]
# name 1 = dz/dtM: Descent Rate [m/s]
# name 2 = sbeox0ML/L: Oxygen, SBE 43 [ml/l]
# name 3 = sbeox0PS: Oxygen, SBE 43 [% saturation]
# name 4 = specc: Specific Conductance [uS/cm]
# name 5 = c0uS/cm: Conductivity [uS/cm]
# name 6 = flECO-AFL: Fluorescence, WET Labs ECO-AFL/FL [mg/m^3]
# name 7 = ph: pH
# name 8 = orp: Oxidation Reduction Potential [mV]
# name 9 = par/sat/log: PAR/Logarithmic, Satlantic
# name 10 = turbWETntu0: Turbidity, WET Labs ECO [NTU]
# name 11 = prdM: Pressure, Strain Gauge [db]
# name 12 = prdE: Pressure, Strain Gauge [psi]
# name 13 = tv290C: Temperature [ITS-90, deg C]
# name 14 = density00: Density [density, kg/m^3]
# name 15 = flag:  0.000e+00
# span 0 =     -0.516,      9.725       
# span 1 =     -0.003,      0.150       
# span 2 =     4.9001,     6.5916       
# span 3 =     66.058,     88.730       
# span 4 =      1.173,     51.729       
# span 5 =   0.874073,  38.857682       
# span 6 =    -1.0745,     3.3346       
# span 7 =      6.334,      7.134       
# span 8 =   261.9287,  1240.2295       
# span 9 = 1.2359e-01, 1.6124e+03       
# span 10 =    -1.4556,    94.8714      
# span 11 =     -0.506,      9.538      
# span 12 =     -0.734,     13.834      
# span 13 =    12.2573,    12.7196      
# span 14 =   999.4308,   999.5002      
# span 15 = 0.0000e+00, 0.0000e+00      
# interval = seconds: 0.25
# start_time = Nov 04 2019 12:45:21 [Instrument's time stamp, header]
# bad_flag = -9.990e-29
*END*
[from data line 362]
      5.084      0.066     5.9306     79.738     42.284  31.781253     2.4425      6.821   286.0326 1.2366e-01     7.9469      4.990      7.238    12.5775   999.4725 0.0000e+00
      5.101      0.062     5.9299     79.684     42.268  31.769243     2.4223      6.821   286.0354 1.2378e-01     7.9322      5.006      7.260    12.5766   999.4727 0.0000e+00
      5.111      0.059     5.9348     79.609     42.275  31.774497     2.3369      6.822   285.8467 1.2373e-01     7.8110      5.012      7.268    12.5765   999.4727 0.0000e+00
      5.120      0.059     5.9360     79.542     42.283  31.781316     2.1988      6.821   285.8158 1.2365e-01     7.5959      5.021      7.282    12.5768   999.4727 0.0000e+00
      5.132      0.062     5.9358     79.477     42.292  31.788229     2.1306      6.821   286.0066 1.2364e-01     7.4617      5.031      7.297    12.5771   999.4727 0.0000e+00
      5.147      0.068     5.9311     79.400     42.300  31.794622     2.1284      6.821   286.0889 1.2367e-01     7.4341      5.044      7.316    12.5773   999.4728 0.0000e+00
      5.168      0.074     5.9243     79.339     42.300  31.795161     2.1639      6.822   286.1229 1.2374e-01     7.6556      5.067      7.349    12.5776   999.4729 0.0000e+00
      5.193      0.077     5.9195     79.320     42.298  31.794736     2.2478      6.822   286.2452 1.2376e-01     8.1072      5.094      7.388    12.5781   999.4729 0.0000e+00
      5.216      0.077     5.9158     79.324     42.290  31.789487     2.3009      6.822   286.1915 1.2371e-01     8.3400      5.117      7.423    12.5787   999.4730 0.0000e+00
      5.235      0.075     5.9085     79.348     42.296  31.795152     2.3038      6.822   285.9038 1.2372e-01     8.3393      5.135      7.447    12.5794   999.4730 0.0000e+00
      5.252      0.074     5.9026     79.392     42.301  31.799777     2.3000      6.822   285.7781 1.2373e-01     8.3279      5.150      7.469    12.5801   999.4729 0.0000e+00
      5.267      0.074     5.9025     79.422     42.277  31.781950     2.2985      6.821   285.8756 1.2369e-01     8.3336      5.166      7.492    12.5810   999.4729 0.0000e+00
      5.283      0.078     5.9027     79.442     42.261  31.769987     2.3024      6.821   286.1361 1.2369e-01     8.3429      5.179      7.513    12.5823   999.4728 0.0000e+00
      5.303      0.082     5.9034     79.474     42.278  31.782054     2.3126      6.820   286.4335 1.2374e-01     8.3086      5.198      7.540    12.5838   999.4727 0.0000e+00
      5.328      0.082     5.9086     79.505     42.304  31.800931     2.3180      6.819   286.2871 1.2379e-01     8.1163      5.224      7.577    12.5843   999.4728 0.0000e+00
      5.354      0.078     5.9106     79.528     42.314  31.807844     2.3159      6.819   285.8295 1.2377e-01     7.7876      5.251      7.616    12.5841   999.4729 0.0000e+00
      5.379      0.069     5.9104     79.546     42.307  31.802170     2.3121      6.820   285.5464 1.2371e-01     7.6106      5.278      7.656    12.5842   999.4730 0.0000e+00
      5.398      0.056     5.9141     79.559     42.298  31.795786     2.3074      6.820   285.5313 1.2371e-01     7.6473      5.298      7.684    12.5844   999.4731 0.0000e+00
      5.408      0.043     5.9165     79.568     42.295  31.794122     2.3025      6.820   285.7329 1.2370e-01     7.7068      5.305      7.694    12.5839   999.4732 0.0000e+00
      5.411      0.033     5.9181     79.563     42.279  31.782056     2.3225      6.820   285.9198 1.2368e-01     7.7082      5.306      7.696    12.5824   999.4734 0.0000e+00
      5.412      0.030     5.9197     79.531     42.271  31.776807     2.3755      6.820   285.8119 1.2368e-01     7.6967      5.308      7.698    12.5818   999.4735 0.0000e+00
      5.416      0.031     5.9205     79.485     42.295  31.794112     2.4143      6.821   285.5459 1.2372e-01     7.6995      5.310      7.701    12.5823   999.4734 0.0000e+00
      5.423      0.034     5.9212     79.440     42.305  31.800921     2.4279      6.822   285.3711 1.2378e-01     7.7086      5.315      7.709    12.5828   999.4734 0.0000e+00
      5.437      0.037     5.9217     79.401     42.300  31.795667     2.4449      6.822   285.3332 1.2380e-01     7.7737      5.331      7.732    12.5831   999.4734 0.0000e+00
      5.453      0.038     5.9184     79.386     42.299  31.794043     2.4629      6.823   285.4322 1.2375e-01     7.8649      5.350      7.758    12.5833   999.4735 0.0000e+00
      5.465      0.039     5.9143     79.397     42.282  31.781293     2.4725      6.823   285.5357 1.2374e-01     7.8932      5.362      7.776    12.5832   999.4736 0.0000e+00
      5.473      0.043     5.9118     79.432     42.266  31.768427     2.4833      6.823   285.7240 1.2374e-01     7.8867      5.369      7.787    12.5821   999.4737 0.0000e+00
      5.476      0.049     5.9080     79.497     42.262  31.765402     2.4890      6.823   285.9878 1.2371e-01     7.9169      5.370      7.788    12.5803   999.4739 0.0000e+00
      5.483      0.056     5.9073     79.572     42.235  31.744710     2.4813      6.822   286.0588 1.2368e-01     7.9971      5.372      7.792    12.5789   999.4741 0.0000e+00
      5.498      0.066     5.9084     79.637     42.189  31.708623     2.4771      6.822   285.9797 1.2367e-01     8.0703      5.389      7.816    12.5789   999.4742 0.0000e+00
      5.523      0.075     5.9104     79.672     42.192  31.709828     2.4812      6.822   285.8063 1.2367e-01     8.1137      5.416      7.855    12.5789   999.4743 0.0000e+00
      5.551      0.081     5.9163     79.656     42.259  31.759279     2.4959      6.822   285.6824 1.2369e-01     8.1282      5.446      7.899    12.5785   999.4745 0.0000e+00
      5.574      0.081     5.9221     79.626     42.313  31.798854     2.5165      6.821   286.0301 1.2372e-01     8.1141      5.468      7.931    12.5780   999.4747 0.0000e+00
      5.594      0.075     5.9275     79.625     42.326  31.807554     2.5220      6.822   286.5695 1.2373e-01     8.1069      5.485      7.957    12.5763   999.4749 0.0000e+00
      5.612      0.069     5.9318     79.637     42.318  31.801010     2.5187      6.822   286.6114 1.2374e-01     8.1397      5.507      7.986    12.5745   999.4752 0.0000e+00
      5.627      0.065     5.9295     79.648     42.294  31.783199     2.5031      6.822   286.4507 1.2373e-01     8.3137      5.519      8.005    12.5734   999.4755 0.0000e+00
      5.639      0.064     5.9250     79.668     42.293  31.782576     2.4720      6.821   286.5188 1.2369e-01     8.5723      5.529      8.019    12.5724   999.4757 0.0000e+00
      5.653      0.065     5.9270     79.721     42.308  31.793482     2.4636      6.820   286.5743 1.2370e-01     8.7101      5.542      8.039    12.5715   999.4758 0.0000e+00
      5.670      0.066     5.9275     79.805     42.301  31.788137     2.4792      6.819   286.6065 1.2372e-01     8.7343      5.557      8.061    12.5710   999.4760 0.0000e+00
      5.691      0.066     5.9288     79.895     42.292  31.781413     2.4882      6.819   286.8214 1.2370e-01     8.7335      5.580      8.093    12.5709   999.4761 0.0000e+00
      5.712      0.066     5.9287     79.945     42.284  31.775644     2.4848      6.820   286.9359 1.2369e-01     8.6024      5.604      8.128    12.5712   999.4762 0.0000e+00
      5.729      0.065     5.9330     79.912     42.292  31.781838     2.4810      6.821   286.8733 1.2369e-01     8.2974      5.620      8.151    12.5711   999.4763 0.0000e+00
      5.742      0.061     5.9405     79.862     42.307  31.792847     2.4770      6.821   286.8387 1.2372e-01     8.0929      5.630      8.166    12.5710   999.4763 0.0000e+00
      5.755      0.056     5.9468     79.833     42.292  31.781838     2.4795      6.821   286.7747 1.2374e-01     8.0643      5.642      8.184    12.5712   999.4764 0.0000e+00
      5.770      0.053     5.9549     79.796     42.284  31.775643     2.5470      6.821   286.7872 1.2374e-01     8.0167      5.659      8.208    12.5712   999.4764 0.0000e+00
      5.785      0.054     5.9475     79.758     42.291  31.781411     2.6598      6.820   286.9052 1.2370e-01     7.9101      5.674      8.230    12.5712   999.4765 0.0000e+00
      5.796      0.059     5.9431     79.729     42.300  31.788111     2.7163      6.819   286.9963 1.2366e-01     7.8236      5.684      8.244    12.5714   999.4765 0.0000e+00
      5.807      0.063     5.9434     79.707     42.307  31.793191     2.7187      6.818   287.0278 1.2370e-01     7.8234      5.693      8.257    12.5714   999.4765 0.0000e+00
      5.822      0.063     5.9391     79.715     42.289  31.779378     2.6794      6.818   286.9422 1.2376e-01     7.9409      5.706      8.275    12.5715   999.4766 0.0000e+00
      5.845      0.059     5.9364     79.773     42.247  31.748014     2.6061      6.818   286.8220 1.2377e-01     8.0640      5.730      8.311    12.5719   999.4767 0.0000e+00
      5.869      0.054     5.9342     79.813     42.225  31.731274     2.5601      6.817   286.7788 1.2377e-01     8.0663      5.762      8.357    12.5718   999.4769 0.0000e+00
      5.884      0.046     5.9330     79.824     42.273  31.767358     2.5316      6.816   286.7639 1.2380e-01     8.0348      5.775      8.375    12.5715   999.4770 0.0000e+00
      5.888      0.036     5.9303     79.841     42.321  31.803534     2.4166      6.817   286.6419 1.2384e-01     7.9123      5.773      8.373    12.5713   999.4769 0.0000e+00
      5.892      0.026     5.9394     79.837     42.300  31.787928     2.2273      6.818   286.5090 1.2382e-01     7.6341      5.778      8.380    12.5710   999.4770 0.0000e+00
      5.896      0.023     5.9423     79.813     42.275  31.769048     2.1253      6.819   286.6199 1.2379e-01     7.4236      5.784      8.389    12.5708   999.4770 0.0000e+00
      5.899      0.029     5.9397     79.764     42.271  31.765630     2.1190      6.819   286.7774 1.2383e-01     7.3664      5.785      8.391    12.5708   999.4771 0.0000e+00
      5.902      0.042     5.9451     79.720     42.246  31.746603     2.1860      6.817   286.7784 1.2382e-01     7.4996      5.787      8.392    12.5709   999.4771 0.0000e+00
      5.911      0.056     5.9416     79.699     42.223  31.729372     2.3107      6.816   286.8046 1.2377e-01     7.7565      5.793      8.402    12.5711   999.4771 0.0000e+00
      5.930      0.069     5.9428     79.703     42.247  31.747667     2.3706      6.816   286.9222 1.2376e-01     7.8502      5.810      8.427    12.5710   999.4772 0.0000e+00
      5.957      0.083     5.9364     79.723     42.287  31.777418     2.3635      6.816   287.0820 1.2379e-01     7.7802      5.841      8.473    12.5711   999.4773 0.0000e+00
      5.984      0.097     5.9331     79.716     42.280  31.771797     2.3551      6.815   287.1012 1.2379e-01     7.7617      5.872      8.517    12.5712   999.4774 0.0000e+00
      6.006      0.109     5.9325     79.702     42.242  31.743160     2.3813      6.812   286.8967 1.2379e-01     7.9542      5.889      8.542    12.5709   999.4775 0.0000e+00
      6.029      0.119     5.9307     79.691     42.249  31.748467     2.4377      6.809   286.8463 1.2383e-01     8.2401      5.908      8.568    12.5707   999.4777 0.0000e+00
      6.061      0.126     5.9366     79.690     42.281  31.772498     2.4740      6.809   287.0943 1.2381e-01     8.3350      5.941      8.616    12.5707   999.4778 0.0000e+00
      6.100      0.131     5.9328     79.735     42.291  31.779879     2.4820      6.808   287.3995 1.2376e-01     8.2820      5.982      8.676    12.5704   999.4780 0.0000e+00
      6.140      0.133     5.9326     79.779     42.284  31.774257     2.4381      6.807   287.5251 1.2375e-01     8.2217      6.023      8.735    12.5701   999.4782 0.0000e+00
      6.177      0.130     5.9326     79.786     42.276  31.767978     2.3515      6.807   287.4084 1.2375e-01     8.1627      6.058      8.787    12.5699   999.4784 0.0000e+00
      6.210      0.123     5.9292     79.794     42.275  31.767416     2.3014      6.806   287.2786 1.2373e-01     8.1260      6.090      8.832    12.5697   999.4786 0.0000e+00
      6.240      0.118     5.9355     79.788     42.275  31.767469     2.2914      6.805   287.3327 1.2373e-01     8.1070      6.121      8.877    12.5695   999.4787 0.0000e+00
      6.266      0.118     5.9408     79.760     42.277  31.768619     2.2909      6.804   287.5459 1.2375e-01     8.0967      6.147      8.915    12.5694   999.4789 0.0000e+00
      6.288      0.120     5.9374     79.713     42.294  31.781310     2.2963      6.803   287.7914 1.2374e-01     8.0994      6.164      8.941    12.5692   999.4790 0.0000e+00
      6.314      0.118     5.9409     79.658     42.311  31.794002     2.3049      6.803   287.9787 1.2374e-01     8.1061      6.186      8.972    12.5690   999.4792 0.0000e+00
      6.352      0.111     5.9395     79.638     42.312  31.795155     2.3080      6.804   288.0031 1.2375e-01     8.0800      6.226      9.030    12.5691   999.4793 0.0000e+00
      6.395      0.100     5.9373     79.629     42.312  31.795250     2.2729      6.804   287.8285 1.2370e-01     7.9467      6.276      9.103    12.5692   999.4795 0.0000e+00
      6.427      0.084     5.9349     79.631     42.312  31.795155     2.2099      6.805   287.5886 1.2367e-01     7.7732      6.311      9.153    12.5693   999.4797 0.0000e+00
      6.441      0.063     5.9272     79.668     42.310  31.794002     2.1798      6.806   287.4259 1.2370e-01     7.6863      6.320      9.165    12.5695   999.4798 0.0000e+00
      6.444      0.041     5.9284     79.699     42.293  31.781311     2.1948      6.808   287.4097 1.2373e-01     7.6830      6.318      9.164    12.5696   999.4797 0.0000e+00
      6.447      0.022     5.9275     79.715     42.276  31.768629     2.2787      6.808   287.4787 1.2374e-01     7.6996      6.322      9.170    12.5693   999.4798 0.0000e+00
      6.450      0.012     5.9254     79.737     42.275  31.767584     2.4133      6.808   287.5717 1.2374e-01     7.6578      6.326      9.175    12.5692   999.4798 0.0000e+00
      6.450      0.011     5.9310     79.745     42.277  31.768674     2.4881      6.809   287.6741 1.2377e-01     7.6046      6.326      9.175    12.5694   999.4798 0.0000e+00
      6.451      0.014     5.9335     79.743     42.294  31.781809     2.4974      6.809   287.6839 1.2380e-01     7.6134      6.326      9.175    12.5695   999.4798 0.0000e+00
      6.454      0.022     5.9327     79.752     42.318  31.799484     2.4827      6.810   287.3465 1.2378e-01     7.6327      6.329      9.180    12.5693   999.4798 0.0000e+00
      6.459      0.035     5.9364     79.752     42.308  31.791999     2.4057      6.810   286.9505 1.2376e-01     7.6412      6.334      9.186    12.5694   999.4798 0.0000e+00
      6.467      0.050     5.9364     79.762     42.258  31.754762     2.2945      6.810   287.0260 1.2376e-01     7.6500      6.340      9.196    12.5695   999.4798 0.0000e+00
      6.480      0.066     5.9346     79.792     42.225  31.730017     2.2480      6.810   287.3984 1.2374e-01     7.6413      6.351      9.211    12.5696   999.4799 0.0000e+00
      6.500      0.080     5.9375     79.810     42.248  31.746648     2.2509      6.809   287.7531 1.2376e-01     7.6345      6.371      9.241    12.5697   999.4800 0.0000e+00
      6.528      0.090     5.9360     79.825     42.273  31.765468     2.2596      6.808   287.8726 1.2379e-01     7.6993      6.402      9.286    12.5697   999.4801 0.0000e+00
      6.558      0.093     5.9357     79.852     42.275  31.767179     2.2838      6.808   287.5532 1.2377e-01     7.8015      6.432      9.329    12.5697   999.4803 0.0000e+00
      6.585      0.091     5.9409     79.874     42.275  31.767334     2.3099      6.807   286.9884 1.2376e-01     7.8550      6.459      9.368    12.5695   999.4804 0.0000e+00
