Data/DataNotYetUploadedToEDI/Raw_CTD/RawDownloads/110419_fcr50.cnv
* Sea-Bird SBE19plus  Data File:
* FileName = C:\DATA\110419_fcr50_0002.hex
* Software version 2.8.0.119 SB_Terminal.dll
* Temperature SN = 7809
* Conductivity SN = 7809
* System UpLoad Time = Nov 04 2019 15:41:46
* <ApplicationData>
* <Seaterm232>
# nquan = 16
# nvalues = 644                         
# units = specified
# name 0 = depFM: Depth [fresh water, m]
# name 1 = dz/dtM: Descent Rate [m/s]
# name 2 = sbeox0ML/L: Oxygen, SBE 43 [ml/l]
# name 3 = sbeox0PS: Oxygen, SBE 43 [% saturation]
# name 4 = specc: Specific Conductance [uS/cm]
# name 5 = c0uS/cm: Conductivity [uS/cm]
# name 6 = flECO-AFL: Fluorescence, WET Labs ECO-AFL/FL [mg/m^3]
# name 7 = ph: pH
# name 8 = orp: Oxidation Reduction Potential [mV]
# name 9 = par/sat/log: PAR/Logarithmic, Satlantic
# name 10 = turbWETntu0: Turbidity, WET Labs ECO [NTU]
# name 11 = prdM: Pressure, Strain Gauge [db]
# name 12 = prdE: Pressure, Strain Gauge [psi]
# name 13 = tv290C: Temperature [ITS-90, deg C]
# name 14 = density00: Density [density, kg/m^3]
# name 15 = flag:  0.000e+00
# span 0 =     -0.516,      9.725       
# span 1 =     -0.003,      0.150       
# span 2 =     4.9001,     6.5916       
# span 3 =     66.058,     88.730       
# span 4 =      1.173,     51.729       
# span 5 =   0.874073,  38.857682       
# span 6 =    -1.0745,     3.3346       
# span 7 =      6.334,      7.134       
# span 8 =   261.9287,  1240.2295       
# span 9 = 1.2359e-01, 1.6124e+03       
# span 10 =    -1.4556,    94.8714      
# span 11 =     -0.506,      9.538      
# span 12 =     -0.734,     13.834      
# span 13 =    12.2573,    12.7196      
# span 14 =   999.4308,   999.5002      
# span 15 = 0.0000e+00, 0.0000e+00      
# interval = seconds: 0.25
# start_time = Nov 04 2019 12:45:21 [Instrument's time stamp, header]
# bad_flag = -9.990e-29
*END*
     -0.515 1.6857e-31     6.4173     85.815      1.644   1.228080    -0.1292      6.539  1240.2295 1.6124e+03    -0.4746     -0.506     -0.733    12.3583   999.4604 0.0000e+00
     -0.515 1.8543e-30     6.4184     85.821      1.504   1.123479    -0.1327      6.543  1240.2295 7.0981e+02    -0.5400     -0.506     -0.733    12.3553   999.4609 0.0000e+00
     -0.515 2.0397e-29     6.4181     85.831      1.428   1.066726    -0.1323      6.528  1240.2295 2.2233e+02    -0.5860     -0.505     -0.732    12.3517   999.4612 0.0000e+00
     -0.515 2.2437e-28     6.4200     85.838      1.404   1.048792    -0.1250      6.508  1240.2295 2.0322e+02    -0.5710     -0.506     -0.733    12.3483   999.4615 0.0000e+00
     -0.515 2.4680e-27     6.4211     85.842      1.383   1.033358    -0.1222      6.507  1240.2295 3.8787e+02    -0.5563     -0.505     -0.733    12.3448   999.4619 0.0000e+00
     -0.515 2.7148e-26     6.4211     85.835      1.348   1.006847    -0.1246      6.520  1240.2295 5.5432e+02    -0.5398     -0.505     -0.734    12.3416   999.4623 0.0000e+00
     -0.515 2.9863e-25     6.4237     85.819      1.315   0.981698    -0.1196      6.534  1240.2295 3.8549e+02    -0.4691     -0.506     -0.733    12.3382   999.4627 0.0000e+00
     -0.515 3.2850e-24     6.4239     85.799      1.316   0.982735    -0.1131      6.548  1240.2295 2.0037e+02    -0.4225     -0.505     -0.732    12.3348   999.4631 0.0000e+00
     -0.515 3.6134e-23     6.4252     85.782      1.365   1.019382    -0.1156      6.563  1240.2295 2.0714e+02    -0.4355     -0.506     -0.733    12.3314   999.4635 0.0000e+00
     -0.515 3.9748e-22     6.4251     85.783      1.399   1.044624    -0.1237      6.571  1240.2295 5.0354e+02    -0.4622     -0.506     -0.733    12.3282   999.4638 0.0000e+00
     -0.516 4.3723e-21     6.4239     85.792      1.386   1.034474    -0.1327      6.576  1240.2295 7.7623e+02    -0.4829     -0.506     -0.734    12.3251   999.4642 0.0000e+00
     -0.516 4.8095e-20     6.4233     85.799      1.371   1.023389    -0.1471      6.572  1240.2295 5.0558e+02    -0.4890     -0.506     -0.734    12.3223   999.4645 0.0000e+00
     -0.516 5.2904e-19     6.4211     85.808      1.390   1.037327    -0.1683      6.536  1240.2295 2.1457e+02    -0.5038     -0.506     -0.734    12.3194   999.4649 0.0000e+00
     -0.515 5.8195e-18     6.4228     85.820      1.443   1.076270    -0.1898      6.495  1240.2295 2.5143e+02    -0.5302     -0.506     -0.733    12.3163   999.4652 0.0000e+00
     -0.515 6.4014e-17     6.4237     85.830      1.493   1.114070    -0.1980      6.492  1240.2295 4.1752e+02    -0.5136     -0.506     -0.733    12.3134   999.4656 0.0000e+00
     -0.515 7.0416e-16     6.4243     85.828      1.493   1.114182    -0.1813      6.503  1240.2295 4.9397e+02    -0.4676     -0.506     -0.733    12.3107   999.4659 0.0000e+00
     -0.515 7.7457e-15     6.4258     85.831      1.445   1.077630    -0.1523      6.461  1240.2295 4.6438e+02    -0.4652     -0.506     -0.734    12.3081   999.4662 0.0000e+00
     -0.515 8.5203e-14     6.4265     85.821      1.411   1.052294    -0.1333      6.375  1240.2295 4.3648e+02    -0.4842     -0.506     -0.733    12.3057   999.4665 0.0000e+00
     -0.515 9.3724e-13     6.4292     85.794      1.423   1.061303    -0.1252      6.334  1240.2295 2.6927e+02    -0.4685     -0.505     -0.733    12.3033   999.4669 0.0000e+00
     -0.515 1.0310e-11     6.4274     85.781      1.421   1.059828    -0.1239      6.364  1240.2295 1.1182e+02    -0.4711     -0.505     -0.733    12.3009   999.4671 0.0000e+00
     -0.515 1.1341e-10     6.4292     85.784      1.387   1.034462    -0.1266      6.427  1240.2295 8.6108e+01    -0.5165     -0.505     -0.732    12.2987   999.4673 0.0000e+00
     -0.515 1.2475e-09     6.4295     85.795      1.352   1.008048    -0.1225      6.492  1240.2295 8.1494e+01    -0.5253     -0.505     -0.733    12.2967   999.4676 0.0000e+00
     -0.515 1.3722e-08     6.4253     85.800      1.333   0.993920    -0.1170      6.518  1240.2295 8.1885e+01    -0.5126     -0.505     -0.733    12.2947   999.4678 0.0000e+00
     -0.515 1.5094e-07     6.4259     85.802      1.329   0.990359    -0.1213      6.476  1240.2295 8.2692e+01    -0.5256     -0.505     -0.733    12.2926   999.4680 0.0000e+00
     -0.515 2.7517e-07     6.4257     85.818      1.294   0.964994    -0.1402      6.411  1240.2295 8.2533e+01    -0.5188     -0.505     -0.733    12.2908   999.4682 0.0000e+00
     -0.515 1.3051e-07     6.4279     85.837      1.261   0.940676    -0.1719      6.387  1240.2295 8.0872e+01    -0.4968     -0.505     -0.733    12.2889   999.4685 0.0000e+00
     -0.515 -2.129e-07     6.4284     85.841      1.274   0.949785    -0.1923      6.403  1240.2295 8.0931e+01    -0.4888     -0.505     -0.733    12.2870   999.4687 0.0000e+00
     -0.515 -4.143e-07     6.4279     85.828      1.272   0.948414    -0.1965      6.429  1240.2295 8.4522e+01    -0.4882     -0.505     -0.733    12.2853   999.4689 0.0000e+00
     -0.515 -2.265e-07     6.4300     85.805      1.239   0.924097    -0.1793      6.458  1240.2295 8.8585e+01    -0.4884     -0.505     -0.732    12.2833   999.4691 0.0000e+00
     -0.515 -2.058e-08     6.4323     85.784      1.219   0.909224    -0.1410      6.486  1240.2295 9.1152e+01    -0.4585     -0.505     -0.733    12.2814   999.4693 0.0000e+00
     -0.515 -1.706e-09     6.4328     85.782      1.200   0.895304    -0.1234      6.500  1240.2295 9.3626e+01    -0.4548     -0.505     -0.732    12.2797   999.4695 0.0000e+00
     -0.515 1.6617e-09     6.4319     85.795      1.184   0.882518    -0.1299      6.494  1240.2295 9.6819e+01    -0.5097     -0.506     -0.733    12.2778   999.4698 0.0000e+00
     -0.515 2.0135e-08     6.4304     85.805      1.183   0.881351    -0.1339      6.480  1240.2295 1.0142e+02    -0.5319     -0.505     -0.732    12.2759   999.4700 0.0000e+00
     -0.515 2.2165e-07     6.4281     85.805      1.183   0.881191    -0.1366      6.475  1240.2294 1.0778e+02    -0.4941     -0.505     -0.732    12.2742   999.4702 0.0000e+00
     -0.515      0.000     6.4285     85.826      1.182   0.880589    -0.1370      6.480  1240.2285 1.1238e+02    -0.4788     -0.505     -0.733    12.2724   999.4704 0.0000e+00
     -0.514      0.000     6.4302     85.860      1.173   0.874073    -0.1301      6.486  1240.2180 1.1360e+02    -0.5437     -0.504     -0.731    12.2706   999.4706 0.0000e+00
     -0.514      0.000     6.4322     85.875      1.246   0.929133    -0.0444      6.504  1240.1028 1.1353e+02    -0.7864     -0.504     -0.731    12.2688   999.4708 0.0000e+00
     -0.514      0.003     6.4304     85.880      1.395   1.039418     0.1189      6.621  1238.8354 1.1271e+02    -1.1852     -0.506     -0.733    12.2671   999.4710 0.0000e+00
     -0.514      0.011     6.4325     85.876      1.601   1.193719     0.2064      6.841  1224.8949 1.1336e+02    -1.4330     -0.505     -0.732    12.2653   999.4712 0.0000e+00
     -0.514      0.023     6.4373     85.868      4.254   3.174949     0.2159      7.002  1071.5490 1.1801e+02    -1.4556     -0.504     -0.731    12.2637   999.4714 0.0000e+00
     -0.512      0.039     6.4372     85.876     11.404   8.516772     0.1904      7.072   707.0801 1.2466e+02    -1.2287     -0.505     -0.733    12.2617   999.4717 0.0000e+00
     -0.504      0.059     6.4383     85.888     19.491  14.568791    -0.1454      7.108   380.4166 1.3119e+02     1.3111     -0.498     -0.724    12.2604   999.4719 0.0000e+00
     -0.484      0.076     6.4387     85.869     27.910  20.881745    -0.7489      7.125   269.7211 1.3758e+02     5.9838     -0.476     -0.692    12.2573   999.4723 0.0000e+00
     -0.456      0.088     6.4351     85.835     37.086  27.766835    -1.0724      7.134   261.9287 1.4230e+02     8.5032     -0.449     -0.652    12.2686   999.4711 0.0000e+00
     -0.425      0.097     6.4296     85.818     41.741  31.271955    -1.0745      7.134   262.6262 1.4384e+02     8.5368     -0.417     -0.604    12.3127   999.4689 0.0000e+00
     -0.395      0.100     6.4250     85.795     42.242  31.669671    -0.7573      7.129   263.6133 1.4319e+02     6.5539     -0.382     -0.554    12.3622   999.4656 0.0000e+00
     -0.372      0.099     6.4171     85.754     42.315  31.750645    -0.1762      7.124   264.4853 1.4201e+02     2.8806     -0.363     -0.527    12.4003   999.4630 0.0000e+00
     -0.352      0.096     6.4080     85.713     42.347  31.806812     0.1423      7.116   265.3406 1.4136e+02     1.0582     -0.348     -0.505    12.4307   999.4643 0.0000e+00
     -0.328      0.095     6.4048     85.680     42.344  31.841146     0.2069      7.103   266.2107 1.4130e+02     3.0347     -0.321     -0.467    12.4554   999.4625 0.0000e+00
     -0.303      0.098     6.4001     85.670     42.307  31.848515     0.5708      7.087   267.0033 1.4192e+02    26.9751     -0.296     -0.430    12.4812   999.4590 0.0000e+00
     -0.279      0.103     6.3912     85.673     42.248  31.832485     1.2302      7.075   267.5253 1.4355e+02    70.9128     -0.275     -0.399    12.5107   999.4559 0.0000e+00
     -0.254      0.104     6.3833     85.678     42.143  31.774286     1.5904      7.072   267.9615 1.4592e+02    94.7075     -0.251     -0.363    12.5493   999.4512 0.0000e+00
     -0.224      0.099     6.3729     85.715     42.048  31.715987     1.6311      7.071   268.4057 1.4892e+02    94.8714     -0.220     -0.319    12.5964   999.4457 0.0000e+00
     -0.192      0.089     6.3664     85.796     42.021  31.698746     1.7395      7.069   268.5943 1.5217e+02    72.8948     -0.188     -0.273    12.6399   999.4405 0.0000e+00
     -0.165      0.075     6.3627     85.909     42.020  31.692742     1.9387      7.066   268.2626 1.5452e+02    32.2767     -0.157     -0.229    12.6748   999.4364 0.0000e+00
     -0.147      0.064     6.3580     86.060     42.047  31.706848     2.0467      7.061   267.5791 1.5548e+02    10.1045     -0.139     -0.203    12.6987   999.4335 0.0000e+00
     -0.139      0.059     6.3581     86.240     42.096  31.742385     2.0560      7.053   267.2137 1.5573e+02     8.0653     -0.136     -0.197    12.7144   999.4316 0.0000e+00
     -0.137      0.062     6.3643     86.416     42.092  31.741657     2.1039      7.045   267.2862 1.5591e+02     7.9488     -0.136     -0.197    12.7196   999.4308 0.0000e+00
     -0.131      0.071     6.3739     86.596     42.031  31.698043     2.1922      7.038   267.5083 1.5662e+02     8.0735     -0.135     -0.194    12.7083   999.4322 0.0000e+00
     -0.111      0.085     6.3860     86.786     41.981  31.659272     2.2385      7.032   267.7485 1.5800e+02     8.1311     -0.116     -0.167    12.6981   999.4337 0.0000e+00
     -0.077      0.100     6.4017     86.964     41.981  31.653634     2.2389      7.027   267.8678 1.5966e+02     8.1209     -0.076     -0.109    12.6988   999.4338 0.0000e+00
     -0.040      0.112     6.4132     87.115     42.041  31.693328     2.2315      7.024   267.8317 1.6210e+02     8.1139     -0.038     -0.055    12.7015   999.4336 0.0000e+00
     -0.009      0.119     6.4256     87.253     42.131  31.758445     2.2451      7.021   267.7417 1.7120e+02     8.1121     -0.009     -0.012    12.7050   999.4332 0.0000e+00
      0.019      0.121     6.4409     87.433     42.193  31.806365     2.2813      7.017   267.8986 2.4514e+02     8.1316      0.017      0.025    12.7064   999.4332 0.0000e+00
      0.047      0.120     6.4552     87.654     42.217  31.828501     2.2963      7.012   268.6103 3.8717e+02     8.1535      0.046      0.067    12.6975   999.4344 0.0000e+00
      0.077      0.119     6.4684     87.874     42.222  31.835710     2.2873      7.007   269.4636 4.6472e+02     8.1477      0.074      0.107    12.6887   999.4356 0.0000e+00
      0.107      0.117     6.4761     88.115     42.211  31.830071     2.2686      7.003   269.7842 3.8598e+02     8.1261      0.104      0.151    12.6855   999.4362 0.0000e+00
      0.140      0.111     6.4893     88.376     42.201  31.823794     2.2441      7.000   269.6475 2.2901e+02     8.1226      0.139      0.201    12.6865   999.4362 0.0000e+00
      0.173      0.099     6.5078     88.608     42.199  31.823275     2.2341      6.997   269.3591 1.3788e+02     8.1376      0.168      0.245    12.6931   999.4356 0.0000e+00
      0.203      0.081     6.5209     88.730     42.199  31.823795     2.2342      6.995   269.2222 1.1766e+02     8.1117      0.202      0.293    12.6982   999.4352 0.0000e+00
      0.224      0.061     6.5387     88.594     42.208  31.830084     2.2453      6.992   269.5411 1.1228e+02     7.9405      0.226      0.328    12.7002   999.4350 0.0000e+00
      0.233      0.041     6.5598     88.088     42.216  31.835852     2.2727      6.990   270.0313 1.1181e+02     7.7054      0.231      0.335    12.7020   999.4348 0.0000e+00
      0.234      0.023     6.5776     87.268     42.208  31.830073     2.2965      6.990   270.2450 1.1048e+02     7.6293      0.230      0.333    12.7035   999.4346 0.0000e+00
      0.234      0.009     6.5916     86.245     42.199  31.823671     2.3081      6.989   270.4037 1.0907e+02     7.6424      0.230      0.333    12.7038   999.4346 0.0000e+00
      0.234      0.000     6.5859     85.081     42.196  31.821902     2.3082      6.987   270.5738 1.0839e+02     7.5363      0.230      0.333    12.7033   999.4346 0.0000e+00
      0.233     -0.003     6.5459     83.859     42.178  31.808691     2.3070      6.985   270.4950 1.0834e+02     7.3303      0.230      0.333    12.7032   999.4347 0.0000e+00
      0.232     -0.003     6.4803     82.644     42.154  31.790855     2.3017      6.984   270.4839 1.0874e+02     7.2161      0.227      0.330    12.7034   999.4346 0.0000e+00
      0.230     -0.003     6.4050     81.474     42.162  31.796624     2.2879      6.984   270.7832 1.1312e+02     7.2367      0.225      0.327    12.7038   999.4346 0.0000e+00
      0.230     -0.003     6.3152     80.430     42.187  31.814979     2.2440      6.984   271.0163 1.2047e+02     7.3495      0.225      0.327    12.7044   999.4345 0.0000e+00
      0.230     -0.002     6.2224     79.527     42.197  31.822418     2.1702      6.983   271.0653 1.2621e+02     7.5311      0.225      0.326    12.7047   999.4345 0.0000e+00
      0.230     -0.001     6.1333     78.715     42.197  31.823099     2.1317      6.981   271.0317 1.2886e+02     7.6635      0.225      0.327    12.7043   999.4345 0.0000e+00
      0.229      0.000     6.0419     77.949     42.197  31.823211     2.1254      6.980   270.8682 1.2394e+02     7.7040      0.225      0.326    12.7041   999.4345 0.0000e+00
      0.229 1.1565e-12     5.9647     77.199     42.198  31.823780     2.1201      6.980   270.7233 1.1598e+02     7.6940      0.225      0.326    12.7042   999.4345 0.0000e+00
      0.230 1.2722e-11     5.8998     76.455     42.206  31.829971     2.1463      6.980   270.7422 1.1301e+02     7.7055      0.226      0.327    12.7045   999.4345 0.0000e+00
      0.230 1.3994e-10     5.8404     75.765     42.211  31.834606     2.1993      6.979   270.9252 1.1308e+02     7.7780      0.225      0.327    12.7046   999.4345 0.0000e+00
      0.230 1.5393e-09     5.7841     75.205     42.186  31.816364     2.2314      6.978   271.0427 1.1387e+02     7.8504      0.225      0.327    12.7048   999.4345 0.0000e+00
      0.230 1.6933e-08     5.7292     74.839     42.163  31.799784     2.2399      6.977   270.9585 1.1555e+02     7.8924      0.226      0.328    12.7051   999.4344 0.0000e+00
      0.230 1.8626e-07     5.6727     74.719     42.195  31.824533     2.2415      6.977   270.9386 1.1878e+02     7.7290      0.226      0.327    12.7055   999.4344 0.0000e+00
      0.230 1.8626e-07     5.6186     74.849     42.244  31.861767     2.2424      6.976   271.0606 1.2288e+02     7.3817      0.226      0.328    12.7061   999.4343 0.0000e+00
      0.230 1.6933e-08     5.5761     75.172     42.254  31.869210     2.2419      6.975   271.0581 1.2751e+02     7.1995      0.225      0.327    12.7068   999.4342 0.0000e+00
