Data/DataNotYetUploadedToEDI/Raw_CTD/RawDownloads/110419_fcr50.cnv
* Sea-Bird SBE19plus  Data File:
* FileName = C:\DATA\110419_fcr50_0002.hex
* Software version 2.8.0.119 SB_Terminal.dll
* Temperature SN = 7809
* Conductivity SN = 7809
* System UpLoad Time = Nov 04 2019 15:41:46
* <ApplicationData>
* <Seaterm232>
# nquan = 16
# nvalues = 644                         
# units = specified
# name 0 = depFM: Depth [fresh water, m]
# name 1 = dz/dtM: Descent Rate [m/s]
# name 2 = sbeox0ML/L: Oxygen, SBE 43 [ml/l]
# name 3 = sbeox0PS: Oxygen, SBE 43 [% saturation]
# name 4 = specc: Specific Conductance [uS/cm]
# name 5 = c0uS/cm: Conductivity [uS/cm]
# name 6 = flECO-AFL: Fluorescence, WET Labs ECO-AFL/FL [mg/m^3]
# name 7 = ph: pH
# name 8 = orp: Oxidation Reduction Potential [mV]
# name 9 = par/sat/log: PAR/Logarithmic, Satlantic
# name 10 = turbWETntu0: Turbidity, WET Labs ECO [NTU]
# name 11 = prdM: Pressure, Strain Gauge [db]
# name 12 = prdE: Pressure, Strain Gauge [psi]
# name 13 = tv290C: Temperature [ITS-90, deg C]
# name 14 = density00: Density [density, kg/m^3]
# name 15 = flag:  0.000e+00
# span 0 =     -0.516,      9.725       
# span 1 =     -0.003,      0.150       
# span 2 =     4.9001,     6.5916       
# span 3 =     66.058,     88.730       
# span 4 =      1.173,     51.729       
# span 5 =   0.874073,  38.857682       
# span 6 =    -1.0745,     3.3346       
# span 7 =      6.334,      7.134       
# span 8 =   261.9287,  1240.2295       
# span 9 = 1.2359e-01, 1.6124e+03       
# span 10 =    -1.4556,    94.8714      
# span 11 =     -0.506,      9.538      
# span 12 =     -0.734,     13.834      
# span 13 =    12.2573,    12.7196      
# span 14 =   999.4308,   999.5002      
# span 15 = 0.0000e+00, 0.0000e+00      
# interval = seconds: 0.25
# start_time = Nov 04 2019 12:45:21 [Instrument's time stamp, header]
# bad_flag = -9.990e-29
*END*
[from data line 181]
      1.418      0.104     6.0049     80.440     42.306  31.834491     2.0528      6.873   279.0542 3.3893e+01     8.3556      1.388      2.013    12.6260   999.4496 0.0000e+00
      1.446      0.099     6.0023     80.371     42.283  31.816240     2.0564      6.873   279.1229 3.2866e+01     8.3866      1.419      2.059    12.6254   999.4498 0.0000e+00
      1.470      0.094     5.9954     80.323     42.259  31.798423     2.0664      6.873   279.2269 3.2114e+01     8.2475      1.445      2.095    12.6243   999.4501 0.0000e+00
      1.490      0.089     5.9858     80.300     42.274  31.809442     2.0612      6.873   279.3649 3.1400e+01     8.0176      1.459      2.116    12.6225   999.4504 0.0000e+00
      1.511      0.087     5.9806     80.281     42.292  31.822550     2.0550      6.872   279.5006 3.0617e+01     7.9010      1.482      2.149    12.6210   999.4507 0.0000e+00
      1.533      0.087     5.9753     80.263     42.302  31.829982     2.0603      6.871   279.5778 2.9950e+01     7.8864      1.506      2.184    12.6202   999.4509 0.0000e+00
      1.553      0.091     5.9709     80.251     42.310  31.835845     2.0568      6.869   279.6098 2.9392e+01     7.9063      1.522      2.208    12.6200   999.4510 0.0000e+00
      1.575      0.097     5.9708     80.228     42.302  31.829981     2.0468      6.867   279.8016 2.8824e+01     8.0759      1.542      2.237    12.6199   999.4511 0.0000e+00
      1.600      0.102     5.9692     80.191     42.293  31.822539     2.0437      6.864   280.0901 2.8231e+01     8.3972      1.569      2.276    12.6197   999.4513 0.0000e+00
      1.629      0.107     5.9672     80.140     42.275  31.809328     2.0451      6.862   280.2584 2.7563e+01     8.5471      1.597      2.316    12.6195   999.4514 0.0000e+00
      1.659      0.111     5.9678     80.090     42.259  31.797167     2.0548      6.860   280.3746 2.6863e+01     8.5110      1.627      2.358    12.6194   999.4516 0.0000e+00
      1.689      0.115     5.9652     80.060     42.266  31.802417     2.1179      6.859   280.2905 2.6163e+01     8.4528      1.655      2.401    12.6190   999.4517 0.0000e+00
      1.719      0.116     5.9633     80.046     42.274  31.809338     2.2269      6.857   280.0149 2.5471e+01     8.3669      1.687      2.446    12.6188   999.4519 0.0000e+00
      1.747      0.113     5.9588     80.038     42.284  31.817396     2.2880      6.857   279.8820 2.4837e+01     8.3253      1.714      2.487    12.6188   999.4520 0.0000e+00
      1.776      0.106     5.9542     80.032     42.309  31.836380     2.2938      6.858   279.8024 2.4081e+01     8.3098      1.738      2.522    12.6185   999.4521 0.0000e+00
      1.808      0.097     5.9525     80.027     42.325  31.848494     2.2799      6.859   279.9126 2.3283e+01     8.2454      1.774      2.572    12.6186   999.4523 0.0000e+00
      1.835      0.087     5.9512     80.024     42.310  31.836948     2.2589      6.860   280.2676 2.2803e+01     8.1699      1.804      2.617    12.6193   999.4524 0.0000e+00
      1.854      0.080     5.9513     80.027     42.292  31.823688     2.2560      6.861   280.4817 2.2541e+01     8.1165      1.818      2.637    12.6200   999.4524 0.0000e+00
      1.868      0.076     5.9500     80.030     42.282  31.815097     2.2541      6.861   280.2641 2.2315e+01     8.0590      1.832      2.657    12.6202   999.4524 0.0000e+00
      1.880      0.076     5.9505     80.023     42.258  31.796523     2.2356      6.860   279.7014 2.2053e+01     8.0324      1.844      2.675    12.6201   999.4525 0.0000e+00
      1.895      0.081     5.9496     80.025     42.249  31.789496     2.2239      6.859   279.3568 2.1522e+01     8.0568      1.855      2.690    12.6200   999.4525 0.0000e+00
      1.917      0.087     5.9501     80.032     42.254  31.793586     2.2249      6.858   279.4532 2.0734e+01     8.0914      1.878      2.723    12.6198   999.4527 0.0000e+00
      1.947      0.089     5.9514     80.015     42.240  31.782516     2.2306      6.858   279.7484 1.9853e+01     8.1225      1.909      2.767    12.6198   999.4528 0.0000e+00
      1.978      0.088     5.9494     79.977     42.240  31.782568     2.2491      6.859   279.9147 1.9014e+01     8.0729      1.940      2.814    12.6194   999.4530 0.0000e+00
      2.004      0.088     5.9496     79.925     42.256  31.794213     2.2749      6.859   279.7436 1.8489e+01     7.9184      1.970      2.858    12.6191   999.4532 0.0000e+00
      2.020      0.088     5.9517     79.850     42.259  31.796407     2.2829      6.858   279.4851 1.8253e+01     7.7939      1.984      2.877    12.6190   999.4533 0.0000e+00
      2.031      0.093     5.9501     79.779     42.276  31.809091     2.2843      6.855   279.5430 1.7930e+01     7.7803      1.989      2.885    12.6185   999.4533 0.0000e+00
      2.049      0.103     5.9465     79.739     42.291  31.820652     2.3008      6.851   279.7550 1.7319e+01     7.8525      2.005      2.908    12.6184   999.4534 0.0000e+00
      2.077      0.117     5.9440     79.739     42.276  31.809272     2.3701      6.848   279.8978 1.6462e+01     8.0774      2.034      2.950    12.6185   999.4536 0.0000e+00
      2.115      0.129     5.9370     79.783     42.261  31.798411     2.4804      6.847   279.9790 1.5452e+01     8.4023      2.072      3.006    12.6184   999.4537 0.0000e+00
      2.158      0.134     5.9310     79.855     42.284  31.816251     2.5422      6.848   280.0487 1.4414e+01     8.5685      2.115      3.069    12.6183   999.4539 0.0000e+00
      2.201      0.131     5.9281     79.940     42.309  31.834599     2.5619      6.848   280.1386 1.3524e+01     8.5794      2.160      3.133    12.6183   999.4542 0.0000e+00
      2.238      0.124     5.9276     80.036     42.303  31.829870     2.6231      6.847   280.1191 1.2905e+01     8.5989      2.199      3.189    12.6183   999.4544 0.0000e+00
      2.265      0.117     5.9316     80.144     42.293  31.822531     2.7285      6.846   280.0712 1.2545e+01     8.6736      2.225      3.227    12.6183   999.4545 0.0000e+00
      2.283      0.112     5.9373     80.232     42.275  31.809330     2.7865      6.845   280.1619 1.2221e+01     8.7950      2.238      3.246    12.6183   999.4546 0.0000e+00
      2.304      0.109     5.9439     80.280     42.259  31.797167     2.7786      6.844   280.2691 1.1689e+01     8.8535      2.253      3.268    12.6184   999.4546 0.0000e+00
      2.334      0.110     5.9500     80.289     42.266  31.802397     2.6764      6.844   280.5062 1.1047e+01     8.6937      2.287      3.317    12.6183   999.4548 0.0000e+00
      2.369      0.114     5.9600     80.270     42.275  31.809100     2.4864      6.844   280.8782 1.0500e+01     8.4358      2.325      3.372    12.6182   999.4550 0.0000e+00
      2.402      0.118     5.9668     80.232     42.283  31.814755     2.3717      6.843   280.8955 1.0067e+01     8.3233      2.358      3.420    12.6185   999.4551 0.0000e+00
      2.430      0.120     5.9701     80.156     42.273  31.807314     2.3650      6.843   280.8007 9.6805e+00     8.3164      2.383      3.456    12.6187   999.4552 0.0000e+00
      2.458      0.120     5.9711     80.078     42.240  31.782583     2.3792      6.842   280.8504 9.2511e+00     8.2550      2.407      3.491    12.6183   999.4554 0.0000e+00
      2.490      0.120     5.9677     80.033     42.223  31.769570     2.3788      6.840   280.8942 8.8196e+00     8.1380      2.442      3.542    12.6184   999.4555 0.0000e+00
      2.520      0.125     5.9679     80.018     42.233  31.776900     2.3685      6.838   281.1589 8.4571e+00     8.0815      2.473      3.587    12.6183   999.4557 0.0000e+00
      2.549      0.132     5.9597     80.022     42.274  31.807738     2.3585      6.836   281.4697 8.0687e+00     8.0968      2.497      3.622    12.6181   999.4558 0.0000e+00
      2.582      0.137     5.9528     80.004     42.298  31.825139     2.3195      6.836   281.5546 7.6317e+00     8.1263      2.531      3.671    12.6182   999.4559 0.0000e+00
      2.620      0.141     5.9507     79.960     42.262  31.796919     2.2435      6.836   281.6690 7.1835e+00     8.1430      2.568      3.725    12.6179   999.4561 0.0000e+00
      2.661      0.146     5.9484     79.916     42.246  31.783823     2.1847      6.834   281.7341 6.7271e+00     8.1354      2.609      3.786    12.6181   999.4563 0.0000e+00
      2.701      0.150     5.9513     79.886     42.259  31.793706     2.1637      6.833   281.5672 6.3373e+00     8.1324      2.650      3.845    12.6181   999.4565 0.0000e+00
      2.736      0.149     5.9494     79.853     42.253  31.789498     2.1888      6.833   281.4584 5.9917e+00     8.1382      2.681      3.889    12.6169   999.4568 0.0000e+00
      2.774      0.142     5.9460     79.813     42.262  31.796403     2.2544      6.833   281.5371 5.6179e+00     8.1403      2.716      3.939    12.6153   999.4571 0.0000e+00
      2.816      0.132     5.9417     79.781     42.285  31.813736     2.2983      6.833   281.5718 5.2702e+00     8.1257      2.764      4.008    12.6143   999.4576 0.0000e+00
      2.855      0.121     5.9410     79.750     42.280  31.808697     2.3024      6.834   281.4487 5.0255e+00     8.0919      2.805      4.068    12.6140   999.4578 0.0000e+00
      2.882      0.109     5.9384     79.722     42.269  31.798929     2.3041      6.836   281.3395 4.8535e+00     8.0923      2.828      4.102    12.6142   999.4578 0.0000e+00
      2.902      0.099     5.9342     79.688     42.303  31.822544     2.3535      6.837   281.3695 4.6997e+00     8.0653      2.847      4.129    12.6145   999.4579 0.0000e+00
      2.920      0.091     5.9332     79.645     42.327  31.840380     2.4404      6.838   281.4674 4.5650e+00     7.9619      2.865      4.155    12.6146   999.4580 0.0000e+00
      2.939      0.085     5.9298     79.589     42.305  31.824208     2.4789      6.838   281.4901 4.4077e+00     7.8909      2.881      4.178    12.6134   999.4582 0.0000e+00
      2.964      0.081     5.9294     79.551     42.294  31.817389     2.4723      6.838   281.4719 4.2193e+00     7.8620      2.905      4.213    12.6113   999.4585 0.0000e+00
      2.991      0.077     5.9260     79.570     42.298  31.821398     2.4907      6.838   281.4191 4.0537e+00     7.9077      2.934      4.256    12.6098   999.4589 0.0000e+00
      3.013      0.073     5.9240     79.611     42.281  31.809219     2.5282      6.839   281.2817 3.9402e+00     8.0508      2.958      4.291    12.6093   999.4591 0.0000e+00
      3.028      0.070     5.9189     79.661     42.266  31.797046     2.5443      6.839   281.1878 3.8864e+00     8.1498      2.972      4.310    12.6102   999.4590 0.0000e+00
      3.038      0.068     5.9131     79.717     42.272  31.801141     2.5377      6.839   281.3158 3.8317e+00     8.1541      2.979      4.320    12.6114   999.4589 0.0000e+00
      3.051      0.067     5.9175     79.772     42.266  31.795268     2.5174      6.838   281.5396 3.7277e+00     8.1356      2.989      4.336    12.6124   999.4588 0.0000e+00
      3.070      0.065     5.9199     79.820     42.260  31.789489     2.4986      6.838   281.5697 3.5993e+00     8.1228      3.009      4.364    12.6128   999.4589 0.0000e+00
      3.094      0.062     5.9239     79.852     42.268  31.794729     2.4930      6.839   281.5080 3.4768e+00     8.0981      3.034      4.400    12.6125   999.4590 0.0000e+00
      3.115      0.059     5.9282     79.862     42.268  31.795163     2.4841      6.841   281.4823 3.3853e+00     8.0666      3.057      4.434    12.6114   999.4593 0.0000e+00
      3.129      0.055     5.9328     79.848     42.268  31.794739     2.4687      6.842   281.5168 3.3293e+00     7.9049      3.072      4.455    12.6099   999.4595 0.0000e+00
      3.136      0.053     5.9367     79.841     42.261  31.789604     2.4456      6.842   281.7534 3.2853e+00     7.6184      3.075      4.460    12.6088   999.4596 0.0000e+00
      3.143      0.053     5.9389     79.855     42.270  31.796527     2.4221      6.842   282.1916 3.2313e+00     7.4863      3.079      4.466    12.6082   999.4598 0.0000e+00
      3.155      0.054     5.9407     79.868     42.295  31.814988     2.4181      6.842   282.4273 3.1604e+00     7.4878      3.093      4.486    12.6080   999.4598 0.0000e+00
      3.170      0.055     5.9383     79.874     42.305  31.822435     2.4240      6.841   282.3663 3.0522e+00     7.4725      3.107      4.507    12.6079   999.4599 0.0000e+00
      3.190      0.056     5.9369     79.885     42.305  31.823107     2.4408      6.841   282.3147 2.9215e+00     7.4648      3.127      4.535    12.6077   999.4600 0.0000e+00
      3.211      0.057     5.9394     79.888     42.305  31.823116     2.4735      6.841   282.1474 2.8485e+00     7.4601      3.153      4.573    12.6077   999.4602 0.0000e+00
      3.224      0.059     5.9404     79.876     42.304  31.822539     2.4899      6.841   281.8924 2.8341e+00     7.4482      3.164      4.589    12.6077   999.4602 0.0000e+00
      3.229      0.063     5.9397     79.853     42.296  31.816131     2.4830      6.841   282.1569 2.7980e+00     7.4531      3.164      4.590    12.6083   999.4601 0.0000e+00
      3.240      0.068     5.9417     79.840     42.288  31.809104     2.4774      6.842   282.8497 2.7104e+00     7.6172      3.173      4.603    12.6088   999.4601 0.0000e+00
      3.260      0.076     5.9416     79.847     42.279  31.801038     2.4833      6.842   283.1279 2.5947e+00     7.9246      3.194      4.633    12.6089   999.4602 0.0000e+00
      3.285      0.086     5.9410     79.862     42.256  31.782057     2.4929      6.841   283.0250 2.4836e+00     8.0901      3.221      4.672    12.6088   999.4604 0.0000e+00
      3.312      0.091     5.9385     79.867     42.241  31.769980     2.4903      6.840   282.8969 2.3790e+00     8.0778      3.248      4.711    12.6083   999.4605 0.0000e+00
      3.337      0.090     5.9372     79.844     42.259  31.781934     2.4598      6.839   282.6973 2.2712e+00     8.0049      3.272      4.746    12.6075   999.4608 0.0000e+00
      3.363      0.085     5.9387     79.830     42.283  31.799666     2.4186      6.839   282.6773 2.1747e+00     7.8965      3.298      4.783    12.6057   999.4611 0.0000e+00
      3.387      0.080     5.9400     79.850     42.276  31.794001     2.4083      6.839   282.9128 2.1070e+00     7.8493      3.326      4.824    12.6035   999.4615 0.0000e+00
      3.402      0.075     5.9424     79.861     42.254  31.776903     2.4227      6.839   283.1354 2.0651e+00     7.8925      3.339      4.843    12.6017   999.4618 0.0000e+00
      3.414      0.073     5.9390     79.854     42.263  31.783305     2.4446      6.839   283.3033 2.0231e+00     7.8615      3.344      4.851    12.6003   999.4620 0.0000e+00
      3.430      0.076     5.9364     79.849     42.296  31.807950     2.4736      6.839   283.3944 1.9700e+00     7.7369      3.363      4.877    12.5996   999.4622 0.0000e+00
      3.451      0.081     5.9409     79.849     42.314  31.821048     2.4874      6.837   283.3764 1.9079e+00     7.6639      3.385      4.910    12.5995   999.4623 0.0000e+00
      3.472      0.090     5.9411     79.867     42.306  31.814749     2.4897      6.835   283.2575 1.8240e+00     7.6674      3.404      4.938    12.5988   999.4624 0.0000e+00
      3.497      0.099     5.9399     79.900     42.280  31.795250     2.4671      6.833   283.0765 1.7257e+00     7.8121      3.428      4.972    12.5983   999.4626 0.0000e+00
      3.524      0.105     5.9400     79.927     42.254  31.775655     2.4055      6.832   283.0809 1.6420e+00     8.1019      3.456      5.012    12.5983   999.4628 0.0000e+00
      3.553      0.105     5.9391     79.950     42.245  31.768212     2.3600      6.832   283.3104 1.5736e+00     8.3207      3.485      5.054    12.5982   999.4629 0.0000e+00
      3.583      0.100     5.9406     79.977     42.247  31.768722     2.3502      6.833   283.6144 1.5047e+00     8.3930      3.513      5.096    12.5980   999.4631 0.0000e+00
