Data/DataNotYetUploadedToEDI/Raw_CTD/RawDownloads/110718_fcr50.cnv
* Sea-Bird SBE19plus  Data File:
* FileName = C:\DATA\110718_fcr_50_0001.hex
* Software version 2.6.3.104 SB_Terminal.dll
* Temperature SN = 7809
* Conductivity SN = 7809
* System UpLoad Time = Nov 07 2018 17:42:05
* <ApplicationData>
* <Seaterm232>
# nquan = 15
# nvalues = 1084                        
# units = specified
# name 0 = depFM: Depth [fresh water, m]
# name 1 = dz/dtM: Descent Rate [m/s]
# name 2 = sbeox0Mg/L: Oxygen, SBE 43 [mg/l]
# name 3 = sbeox0PS: Oxygen, SBE 43 [% saturation]
# name 4 = specc: Specific Conductance [uS/cm]
# name 5 = c0uS/cm: Conductivity [uS/cm]
# name 6 = flECO-AFL: Fluorescence, WET Labs ECO-AFL/FL [mg/m^3]
# name 7 = ph: pH
# name 8 = orp: Oxidation Reduction Potential [mV]
# name 9 = par/sat/log: PAR/Logarithmic, Satlantic
# name 10 = turbWETntu0: Turbidity, WET Labs ECO [NTU]
# name 11 = prdM: Pressure, Strain Gauge [db]
# name 12 = prdE: Pressure, Strain Gauge [psi]
# name 13 = tv290C: Temperature [ITS-90, deg C]
# name 14 = flag:  0.000e+00
# span 0 =     -0.567,      9.800       
# span 1 =     -0.159,      0.227       
# span 2 =     5.0017,    10.5668       
# span 3 =     46.268,    101.977       
# span 4 =      0.807,    354.156       
# span 5 =   0.745203, 260.822857       
# span 6 =    -0.8361,   257.9377       
# span 7 =     -2.617,      8.192       
# span 8 =   244.7744,   912.0273       
# span 9 = 1.2551e-01, 1.1223e+03       
# span 10 =    -5.5072,    20.0471      
# span 11 =     -0.556,      9.611      
# span 12 =     -0.807,     13.940      
# span 13 =    11.7113,    21.2310      
# span 14 = 0.0000e+00, 0.0000e+00      
# interval = seconds: 0.25
# start_time = Nov 07 2018 19:59:59 [Instrument's time stamp, header]
# bad_flag = -9.990e-29
*END*
[from data line 675]
      4.082      0.030     8.2642     76.852     38.058  28.235397     2.0593      6.963   306.0907 3.7790e+00     2.1634      4.004      5.808    12.0945 0.0000e+00
      4.089      0.031     8.2653     76.861     38.059  28.235293     1.9429      6.962   305.9799 3.7576e+00     2.2059      4.011      5.817    12.0961 0.0000e+00
      4.095      0.031     8.2636     76.843     38.060  28.235283     1.8810      6.960   305.8794 3.7104e+00     2.1854      4.014      5.822    12.0955 0.0000e+00
      4.103      0.031     8.2595     76.803     38.062  28.235283     1.8801      6.959   306.1660 3.6519e+00     2.1293      4.023      5.834    12.0935 0.0000e+00
      4.113      0.032     8.2535     76.744     38.064  28.235284     1.9323      6.959   306.6070 3.6195e+00     2.0768      4.035      5.852    12.0921 0.0000e+00
      4.121      0.032     8.2465     76.677     38.065  28.235293     2.0243      6.959   306.7367 3.5990e+00     2.0690      4.042      5.863    12.0909 0.0000e+00
      4.129      0.031     8.2370     76.587     38.066  28.235398     2.0742      6.959   306.7013 3.5662e+00     2.0964      4.048      5.871    12.0899 0.0000e+00
      4.137      0.028     8.2281     76.503     38.068  28.236543     2.0766      6.959   306.7819 3.5229e+00     2.1027      4.057      5.884    12.0883 0.0000e+00
      4.146      0.026     8.2254     76.477     38.085  28.249139     2.0894      6.959   306.9374 3.4976e+00     2.1144      4.066      5.898    12.0865 0.0000e+00
      4.151      0.026     8.2261     76.482     38.102  28.260694     2.1194      6.958   306.6882 3.4926e+00     2.1466      4.071      5.905    12.0855 0.0000e+00
      4.155      0.028     8.2250     76.472     38.087  28.249252     2.1357      6.956   306.0916 3.4821e+00     2.1565      4.073      5.908    12.0848 0.0000e+00
      4.160      0.032     8.2226     76.448     38.072  28.237792     2.1393      6.955   305.9184 3.4651e+00     2.1425      4.079      5.915    12.0843 0.0000e+00
      4.168      0.037     8.2191     76.414     38.088  28.249138     2.1543      6.953   306.0567 3.4381e+00     2.0981      4.089      5.930    12.0838 0.0000e+00
      4.178      0.042     8.2131     76.358     38.102  28.259434     2.1783      6.951   306.3018 3.3929e+00     2.0471      4.097      5.942    12.0833 0.0000e+00
      4.191      0.046     8.2024     76.259     38.070  28.235284     2.1899      6.950   306.7305 3.3365e+00     2.0762      4.108      5.958    12.0827 0.0000e+00
      4.207      0.049     8.1848     76.095     38.037  28.211133     2.1943      6.948   306.5083 3.2826e+00     2.1443      4.127      5.986    12.0819 0.0000e+00
      4.221      0.049     8.1632     75.895     38.051  28.221429     2.1402      6.946   305.5936 3.2438e+00     2.1385      4.141      6.005    12.0810 0.0000e+00
      4.232      0.050     8.1454     75.729     38.066  28.232776     2.0227      6.942   305.2208 3.2174e+00     2.0971      4.150      6.020    12.0806 0.0000e+00
      4.243      0.051     8.1349     75.631     38.051  28.221317     1.9588      6.937   305.4433 3.1799e+00     2.1021      4.160      6.034    12.0808 0.0000e+00
      4.254      0.053     8.1309     75.593     38.036  28.209885     1.9553      6.932   305.7882 3.1329e+00     2.1379      4.172      6.051    12.0815 0.0000e+00
      4.267      0.055     8.1331     75.612     38.052  28.221554     1.9442      6.928   306.1227 3.0854e+00     2.1329      4.185      6.069    12.0816 0.0000e+00
      4.282      0.056     8.1398     75.673     38.071  28.235399     1.7972      6.925   306.3042 3.0204e+00     2.0729      4.197      6.087    12.0814 0.0000e+00
      4.301      0.056     8.1472     75.741     38.092  28.250284     1.5286      6.923   306.3474 2.9662e+00     1.9916      4.218      6.119    12.0812 0.0000e+00
      4.319      0.055     8.1527     75.791     38.126  28.274529     1.3796      6.921   306.1283 2.9428e+00     1.9127      4.238      6.148    12.0805 0.0000e+00
      4.330      0.054     8.1555     75.815     38.127  28.274538     1.3647      6.921   305.8062 2.9167e+00     1.8819      4.247      6.159    12.0801 0.0000e+00
      4.340      0.051     8.1550     75.809     38.095  28.250399     1.3952      6.922   305.6364 2.8632e+00     1.8934      4.256      6.171    12.0799 0.0000e+00
      4.353      0.047     8.1533     75.792     38.077  28.236669     1.4541      6.924   305.5375 2.8066e+00     1.9307      4.270      6.193    12.0790 0.0000e+00
      4.366      0.045     8.1511     75.772     38.076  28.235524     1.4882      6.925   305.4708 2.7779e+00     1.9662      4.282      6.211    12.0779 0.0000e+00
      4.378      0.045     8.1469     75.732     38.078  28.236556     1.4955      6.927   305.6044 2.7568e+00     1.9569      4.293      6.226    12.0769 0.0000e+00
      4.390      0.045     8.1427     75.691     38.096  28.249140     1.5140      6.927   306.1211 2.7375e+00     1.9700      4.306      6.244    12.0759 0.0000e+00
      4.400      0.044     8.1389     75.653     38.113  28.260675     1.5471      6.928   306.5551 2.7192e+00     2.0332      4.316      6.259    12.0752 0.0000e+00
      4.410      0.044     8.1323     75.588     38.099  28.249025     1.5565      6.929   306.4650 2.6966e+00     2.0805      4.324      6.272    12.0750 0.0000e+00
      4.421      0.045     8.1223     75.494     38.081  28.235285     1.5535      6.929   306.3216 2.6811e+00     2.1137      4.335      6.288    12.0747 0.0000e+00
      4.434      0.045     8.1125     75.403     38.063  28.221545     1.5567      6.929   306.1983 2.6472e+00     2.1297      4.348      6.306    12.0737 0.0000e+00
      4.446      0.046     8.1057     75.339     38.048  28.209896     1.5498      6.928   306.0928 2.6051e+00     2.1217      4.361      6.324    12.0721 0.0000e+00
      4.458      0.048     8.1015     75.298     38.064  28.221432     1.5443      6.927   306.7668 2.5718e+00     2.1091      4.372      6.341    12.0704 0.0000e+00
      4.470      0.051     8.0985     75.270     38.082  28.234026     1.5445      6.927   307.8941 2.5323e+00     2.0997      4.385      6.359    12.0692 0.0000e+00
      4.481      0.056     8.0954     75.240     38.084  28.235171     1.5157      6.925   308.3647 2.4973e+00     2.1292      4.395      6.373    12.0687 0.0000e+00
      4.494      0.060     8.0925     75.213     38.084  28.235276     1.4534      6.921   308.4133 2.4589e+00     2.1304      4.405      6.389    12.0684 0.0000e+00
      4.510      0.062     8.0915     75.204     38.084  28.235295     1.4163      6.918   308.4823 2.4108e+00     2.0835      4.423      6.415    12.0678 0.0000e+00
      4.530      0.062     8.0910     75.199     38.084  28.235400     1.4157      6.916   308.2526 2.3671e+00     2.0813      4.442      6.443    12.0675 0.0000e+00
      4.550      0.061     8.0903     75.193     38.085  28.236535     1.4186      6.916   307.7862 2.3220e+00     2.1029      4.463      6.473    12.0673 0.0000e+00
      4.568      0.057     8.0918     75.208     38.101  28.249026     1.3874      6.916   307.9202 2.2751e+00     2.0708      4.483      6.501    12.0671 0.0000e+00
      4.580      0.052     8.0962     75.248     38.115  28.259427     1.3228      6.916   308.7539 2.2427e+00     1.9682      4.492      6.515    12.0670 0.0000e+00
      4.589      0.047     8.1025     75.307     38.083  28.235286     1.2893      6.917   309.2621 2.2298e+00     1.8996      4.499      6.525    12.0672 0.0000e+00
      4.599      0.043     8.1115     75.390     38.050  28.211145     1.2955      6.917   309.2476 2.2262e+00     1.9123      4.509      6.540    12.0675 0.0000e+00
      4.610      0.042     8.1216     75.484     38.065  28.221545     1.2966      6.916   309.0945 2.2086e+00     1.9701      4.520      6.556    12.0675 0.0000e+00
      4.620      0.042     8.1314     75.574     38.082  28.234026     1.2855      6.914   308.9600 2.1823e+00     2.0488      4.531      6.572    12.0677 0.0000e+00
      4.630      0.042     8.1406     75.658     38.084  28.235047     1.2796      6.914   308.8248 2.1523e+00     2.1015      4.540      6.585    12.0677 0.0000e+00
      4.642      0.043     8.1467     75.713     38.084  28.233901     1.2805      6.913   308.6644 2.1124e+00     2.1486      4.552      6.601    12.0676 0.0000e+00
      4.654      0.046     8.1476     75.721     38.066  28.220171     1.2688      6.913   308.6557 2.0959e+00     2.1907      4.566      6.621    12.0677 0.0000e+00
      4.664      0.048     8.1429     75.676     38.034  28.196032     1.2394      6.914   308.6337 2.0873e+00     2.1834      4.573      6.634    12.0668 0.0000e+00
      4.674      0.049     8.1338     75.591     38.034  28.196032     1.2187      6.915   308.7429 2.0519e+00     2.1529      4.582      6.646    12.0655 0.0000e+00
      4.689      0.050     8.1222     75.484     38.066  28.220172     1.2212      6.915   309.1151 2.0132e+00     2.1266      4.598      6.669    12.0649 0.0000e+00
      4.704      0.051     8.1111     75.381     38.085  28.233913     1.2424      6.915   309.1761 1.9841e+00     2.1094      4.614      6.692    12.0645 0.0000e+00
      4.717      0.052     8.1022     75.296     38.088  28.235172     1.2729      6.915   308.5344 1.9594e+00     2.0976      4.626      6.710    12.0641 0.0000e+00
      4.729      0.052     8.0962     75.237     38.090  28.235390     1.2861      6.916   307.6366 1.9414e+00     2.0751      4.637      6.725    12.0640 0.0000e+00
      4.741      0.053     8.0944     75.217     38.093  28.236547     1.2822      6.915   307.3554 1.9185e+00     2.0826      4.650      6.744    12.0641 0.0000e+00
      4.755      0.054     8.0973     75.242     38.112  28.249152     1.2722      6.913   307.8011 1.8927e+00     2.1271      4.664      6.764    12.0640 0.0000e+00
      4.768      0.056     8.1017     75.281     38.129  28.260802     1.2477      6.913   308.3802 1.8727e+00     2.1246      4.675      6.781    12.0627 0.0000e+00
      4.782      0.059     8.1001     75.265     38.116  28.250403     1.2343      6.912   308.6787 1.8387e+00     2.0821      4.688      6.800    12.0605 0.0000e+00
      4.799      0.061     8.0941     75.206     38.117  28.250412     1.2385      6.908   308.4840 1.7884e+00     2.0708      4.707      6.827    12.0588 0.0000e+00
      4.817      0.063     8.0891     75.156     38.133  28.260917     1.2342      6.905   307.8331 1.7469e+00     2.0804      4.725      6.853    12.0578 0.0000e+00
      4.832      0.066     8.0841     75.106     38.121  28.250413     1.2292      6.903   307.5197 1.7212e+00     2.1060      4.738      6.871    12.0569 0.0000e+00
      4.849      0.069     8.0782     75.050     38.123  28.250404     1.2323      6.901   307.7928 1.7040e+00     2.1361      4.755      6.895    12.0559 0.0000e+00
      4.866      0.071     8.0715     74.985     38.139  28.260804     1.2258      6.898   308.0379 1.6920e+00     2.1086      4.772      6.922    12.0546 0.0000e+00
      4.883      0.072     8.0656     74.929     38.124  28.249164     1.2148      6.895   308.2461 1.6664e+00     2.0792      4.787      6.944    12.0524 0.0000e+00
      4.903      0.072     8.0615     74.888     38.108  28.236664     1.2101      6.894   308.5895 1.6233e+00     2.1167      4.808      6.973    12.0501 0.0000e+00
      4.924      0.071     8.0562     74.835     38.110  28.236662     1.1964      6.893   308.7478 1.5894e+00     2.1647      4.831      7.006    12.0487 0.0000e+00
      4.943      0.070     8.0467     74.744     38.129  28.249143     1.1770      6.892   308.5260 1.5697e+00     2.1413      4.848      7.032    12.0481 0.0000e+00
      4.960      0.068     8.0347     74.630     38.146  28.260566     1.1600      6.892   308.2309 1.5454e+00     2.0777      4.863      7.054    12.0469 0.0000e+00
      4.976      0.066     8.0255     74.540     38.131  28.247771     1.1567      6.891   308.1899 1.5149e+00     2.0672      4.880      7.078    12.0453 0.0000e+00
      4.992      0.064     8.0199     74.485     38.098  28.221445     1.1732      6.890   308.2890 1.4817e+00     2.0758      4.896      7.101    12.0435 0.0000e+00
      5.007      0.063     8.0156     74.441     38.066  28.196255     1.1852      6.890   308.3107 1.4437e+00     2.0893      4.910      7.120    12.0418 0.0000e+00
      5.024      0.061     8.0116     74.402     38.069  28.197201     1.1818      6.890   308.3661 1.4159e+00     2.1093      4.927      7.144    12.0400 0.0000e+00
      5.041      0.060     8.0081     74.367     38.118  28.232887     1.1600      6.890   308.7872 1.3988e+00     2.1032      4.945      7.171    12.0376 0.0000e+00
      5.056      0.060     8.0057     74.343     38.138  28.246722     1.1238      6.890   309.4442 1.3798e+00     2.1073      4.960      7.193    12.0352 0.0000e+00
      5.069      0.059     8.0026     74.312     38.127  28.237475     1.1024      6.890   309.7705 1.3667e+00     2.0979      4.971      7.209    12.0331 0.0000e+00
      5.083      0.058     7.9953     74.243     38.142  28.248085     1.0953      6.890   309.7210 1.3555e+00     2.0813      4.984      7.228    12.0314 0.0000e+00
      5.099      0.057     7.9833     74.130     38.142  28.248000     1.1104      6.889   309.4489 1.3422e+00     2.1201      5.001      7.253    12.0304 0.0000e+00
      5.114      0.057     7.9688     73.995     38.127  28.236446     1.1564      6.888   309.1470 1.3356e+00     2.1704      5.016      7.274    12.0294 0.0000e+00
      5.129      0.057     7.9540     73.856     38.126  28.235386     1.1831      6.888   309.5995 1.3253e+00     2.1701      5.030      7.295    12.0285 0.0000e+00
      5.143      0.057     7.9393     73.718     38.127  28.235186     1.1761      6.887   310.6165 1.3044e+00     2.1468      5.045      7.316    12.0278 0.0000e+00
      5.156      0.057     7.9243     73.576     38.127  28.234032     1.1638      6.884   311.0332 1.2852e+00     2.1636      5.056      7.334    12.0268 0.0000e+00
      5.170      0.056     7.9081     73.423     38.112  28.221427     1.1257      6.882   311.0242 1.2609e+00     2.1606      5.068      7.351    12.0266 0.0000e+00
      5.187      0.054     7.8926     73.279     38.097  28.209777     1.0651      6.880   310.9387 1.2279e+00     2.1092      5.087      7.377    12.0265 0.0000e+00
      5.204      0.052     7.8804     73.164     38.112  28.220178     1.0370      6.879   310.6868 1.2102e+00     2.0922      5.106      7.405    12.0246 0.0000e+00
      5.216      0.052     7.8709     73.073     38.113  28.220178     1.0342      6.879   310.6458 1.1975e+00     2.1072      5.116      7.420    12.0226 0.0000e+00
      5.225      0.051     7.8626     72.995     38.100  28.209777     1.0040      6.878   310.9598 1.1845e+00     2.1382      5.122      7.428    12.0215 0.0000e+00
      5.237      0.051     7.8570     72.941     38.116  28.221427     0.9470      6.878   311.3862 1.1785e+00     2.1316      5.135      7.447    12.0210 0.0000e+00
      5.250      0.053     7.8567     72.937     38.134  28.234032     0.9148      6.878   311.5849 1.1518e+00     2.0881      5.148      7.467    12.0206 0.0000e+00
      5.263      0.056     7.8609     72.975     38.137  28.235177     0.9090      6.877   311.5550 1.1173e+00     2.0692      5.161      7.486    12.0192 0.0000e+00
      5.278      0.057     7.8684     73.045     38.137  28.235282     0.9137      6.876   311.5407 1.0999e+00     2.0572      5.176      7.507    12.0178 0.0000e+00
      5.295      0.056     7.8781     73.135     38.138  28.235292     0.9259      6.875   311.4990 1.0888e+00     2.0947      5.192      7.530    12.0173 0.0000e+00
      5.312      0.054     7.8890     73.235     38.138  28.235292     0.9277      6.874   311.1362 1.0748e+00     2.1571      5.211      7.559    12.0166 0.0000e+00
      5.325      0.052     7.9010     73.346     38.138  28.235283     0.9266      6.874   310.6818 1.0568e+00     2.1394      5.225      7.578    12.0156 0.0000e+00
