Data/DataNotYetUploadedToEDI/Raw_CTD/RawDownloads/110718_fcr50.cnv
* Sea-Bird SBE19plus  Data File:
* FileName = C:\DATA\110718_fcr_50_0001.hex
* Software version 2.6.3.104 SB_Terminal.dll
* Temperature SN = 7809
* Conductivity SN = 7809
* System UpLoad Time = Nov 07 2018 17:42:05
* <ApplicationData>
* <Seaterm232>
# nquan = 15
# nvalues = 1084                        
# units = specified
# name 0 = depFM: Depth [fresh water, m]
# name 1 = dz/dtM: Descent Rate [m/s]
# name 2 = sbeox0Mg/L: Oxygen, SBE 43 [mg/l]
# name 3 = sbeox0PS: Oxygen, SBE 43 [% saturation]
# name 4 = specc: Specific Conductance [uS/cm]
# name 5 = c0uS/cm: Conductivity [uS/cm]
# name 6 = flECO-AFL: Fluorescence, WET Labs ECO-AFL/FL [mg/m^3]
# name 7 = ph: pH
# name 8 = orp: Oxidation Reduction Potential [mV]
# name 9 = par/sat/log: PAR/Logarithmic, Satlantic
# name 10 = turbWETntu0: Turbidity, WET Labs ECO [NTU]
# name 11 = prdM: Pressure, Strain Gauge [db]
# name 12 = prdE: Pressure, Strain Gauge [psi]
# name 13 = tv290C: Temperature [ITS-90, deg C]
# name 14 = flag:  0.000e+00
# span 0 =     -0.567,      9.800       
# span 1 =     -0.159,      0.227       
# span 2 =     5.0017,    10.5668       
# span 3 =     46.268,    101.977       
# span 4 =      0.807,    354.156       
# span 5 =   0.745203, 260.822857       
# span 6 =    -0.8361,   257.9377       
# span 7 =     -2.617,      8.192       
# span 8 =   244.7744,   912.0273       
# span 9 = 1.2551e-01, 1.1223e+03       
# span 10 =    -5.5072,    20.0471      
# span 11 =     -0.556,      9.611      
# span 12 =     -0.807,     13.940      
# span 13 =    11.7113,    21.2310      
# span 14 = 0.0000e+00, 0.0000e+00      
# interval = seconds: 0.25
# start_time = Nov 07 2018 19:59:59 [Instrument's time stamp, header]
# bad_flag = -9.990e-29
*END*
[from data line 964]
      7.899      0.040     5.5579     51.254     39.033  28.671180     0.7249      6.677   315.7016 1.2560e-01     3.3111      7.746     11.236    11.7255 0.0000e+00
      7.907      0.038     5.5607     51.280     39.015  28.657959     0.7248      6.677   315.7952 1.2571e-01     3.3730      7.755     11.248    11.7251 0.0000e+00
      7.912      0.039     5.5600     51.273     39.040  28.676744     0.7250      6.676   315.7351 1.2579e-01     3.4528      7.758     11.253    11.7247 0.0000e+00
      7.920      0.043     5.5572     51.248     39.083  28.707804     0.7268      6.674   315.5772 1.2576e-01     3.4821      7.764     11.261    11.7243 0.0000e+00
      7.931      0.049     5.5552     51.230     39.094  28.715989     0.7285      6.673   315.5211 1.2569e-01     3.5143      7.776     11.279    11.7240 0.0000e+00
      7.946      0.056     5.5532     51.210     39.089  28.712209     0.7179      6.672   315.6582 1.2563e-01     3.5366      7.791     11.300    11.7238 0.0000e+00
      7.963      0.062     5.5502     51.183     39.107  28.725600     0.7179      6.670   315.7732 1.2563e-01     3.5075      7.810     11.326    11.7239 0.0000e+00
      7.982      0.065     5.5498     51.179     39.142  28.750897     0.7279      6.669   315.8781 1.2567e-01     3.4978      7.829     11.354    11.7240 0.0000e+00
      7.999      0.067     5.5537     51.215     39.160  28.764062     0.7198      6.667   316.0657 1.2565e-01     3.5115      7.845     11.377    11.7238 0.0000e+00
      8.016      0.068     5.5601     51.274     39.151  28.757765     0.7111      6.666   315.9770 1.2563e-01     3.4905      7.861     11.401    11.7237 0.0000e+00
      8.033      0.068     5.5675     51.342     39.124  28.738260     0.7149      6.665   315.5801 1.2564e-01     3.4875      7.877     11.425    11.7239 0.0000e+00
      8.049      0.069     5.5750     51.412     39.098  28.718747     0.7203      6.662   315.4829 1.2562e-01     3.5363      7.892     11.446    11.7239 0.0000e+00
      8.067      0.070     5.5800     51.459     39.089  28.712346     0.7211      6.659   315.6617 1.2560e-01     3.5918      7.910     11.473    11.7239 0.0000e+00
      8.086      0.069     5.5807     51.465     39.105  28.724365     0.7155      6.656   315.8488 1.2563e-01     3.6403      7.929     11.502    11.7240 0.0000e+00
      8.105      0.066     5.5797     51.456     39.123  28.737055     0.7171      6.654   316.1113 1.2567e-01     3.6956      7.947     11.526    11.7242 0.0000e+00
      8.124      0.062     5.5775     51.435     39.125  28.738777     0.7219      6.654   316.2534 1.2567e-01     3.7412      7.967     11.555    11.7242 0.0000e+00
      8.141      0.058     5.5728     51.392     39.133  28.745180     0.7184      6.653   316.1049 1.2565e-01     3.7637      7.988     11.585    11.7244 0.0000e+00
      8.152      0.056     5.5692     51.359     39.141  28.750972     0.7022      6.653   315.6928 1.2566e-01     3.7546      7.996     11.598    11.7247 0.0000e+00
      8.159      0.054     5.5673     51.342     39.132  28.745305     0.6730      6.654   315.4006 1.2562e-01     3.7230      7.998     11.601    11.7247 0.0000e+00
      8.172      0.054     5.5656     51.327     39.125  28.740161     0.6594      6.654   315.4966 1.2552e-01     3.7170      8.012     11.621    11.7247 0.0000e+00
      8.189      0.056     5.5652     51.323     39.141  28.752289     0.6666      6.653   315.6491 1.2552e-01     3.7130      8.032     11.650    11.7247 0.0000e+00
      8.206      0.061     5.5668     51.337     39.159  28.764938     0.6674      6.652   315.6955 1.2562e-01     3.7054      8.049     11.674    11.7252 0.0000e+00
      8.220      0.066     5.5674     51.342     39.161  28.766087     0.6691      6.652   315.6271 1.2564e-01     3.8077      8.061     11.692    11.7258 0.0000e+00
      8.235      0.066     5.5663     51.331     39.162  28.766181     0.6872      6.652   315.4255 1.2562e-01     4.0037      8.074     11.710    11.7259 0.0000e+00
      8.254      0.066     5.5647     51.316     39.162  28.766077     0.7034      6.651   315.3230 1.2563e-01     4.1223      8.094     11.740    11.7258 0.0000e+00
      8.275      0.066     5.5619     51.290     39.162  28.764830     0.7079      6.649   315.3333 1.2567e-01     4.1433      8.117     11.772    11.7260 0.0000e+00
      8.292      0.064     5.5589     51.262     39.143  28.751098     0.7056      6.649   315.2925 1.2569e-01     4.1357      8.134     11.795    11.7256 0.0000e+00
      8.307      0.059     5.5552     51.228     39.110  28.727050     0.7028      6.649   315.1730 1.2566e-01     4.1217      8.145     11.813    11.7243 0.0000e+00
      8.322      0.054     5.5488     51.168     39.111  28.728081     0.7110      6.649   315.0935 1.2559e-01     4.1267      8.160     11.835    11.7233 0.0000e+00
      8.337      0.050     5.5404     51.092     39.160  28.763558     0.7215      6.648   315.3639 1.2555e-01     4.1661      8.178     11.861    11.7228 0.0000e+00
      8.348      0.050     5.5328     51.022     39.175  28.774990     0.7200      6.648   315.8612 1.2559e-01     4.2016      8.188     11.876    11.7227 0.0000e+00
      8.355      0.052     5.5273     50.972     39.126  28.739294     0.7106      6.648   316.1157 1.2559e-01     4.1888      8.191     11.881    11.7228 0.0000e+00
      8.365      0.056     5.5242     50.943     39.091  28.712977     0.7098      6.648   316.0316 1.2556e-01     4.1637      8.200     11.894    11.7231 0.0000e+00
      8.380      0.062     5.5232     50.934     39.088  28.710802     0.7196      6.647   315.7914 1.2560e-01     4.1729      8.217     11.918    11.7232 0.0000e+00
      8.400      0.069     5.5252     50.952     39.091  28.712999     0.7369      6.645   315.6200 1.2563e-01     4.2392      8.238     11.948    11.7233 0.0000e+00
      8.420      0.075     5.5294     50.991     39.127  28.739544     0.7617      6.645   315.8527 1.2563e-01     4.3239      8.257     11.976    11.7236 0.0000e+00
      8.440      0.080     5.5330     51.022     39.180  28.777740     0.7716      6.645   316.3681 1.2562e-01     4.3429      8.277     12.004    11.7235 0.0000e+00
      8.461      0.081     5.5345     51.034     39.203  28.793800     0.7651      6.645   316.5162 1.2560e-01     4.3166      8.297     12.034    11.7233 0.0000e+00
      8.483      0.081     5.5329     51.017     39.223  28.806720     0.7659      6.644   316.4387 1.2561e-01     4.2802      8.319     12.065    11.7232 0.0000e+00
      8.505      0.080     5.5287     50.977     39.225  28.806950     0.7727      6.642   316.5499 1.2561e-01     4.2085      8.341     12.097    11.7233 0.0000e+00
      8.525      0.077     5.5239     50.932     39.212  28.796570     0.7732      6.641   316.4840 1.2557e-01     4.1507      8.361     12.126    11.7228 0.0000e+00
      8.544      0.072     5.5171     50.868     39.228  28.808222     0.7720      6.638   316.0726 1.2559e-01     4.1621      8.378     12.151    11.7207 0.0000e+00
      8.562      0.067     5.5064     50.770     39.246  28.820827     0.7589      6.638   316.0506 1.2565e-01     4.1938      8.397     12.179    11.7189 0.0000e+00
      8.579      0.063     5.4924     50.641     39.247  28.821972     0.7247      6.638   316.5616 1.2568e-01     4.1978      8.416     12.206    11.7174 0.0000e+00
      8.593      0.061     5.4776     50.505     39.247  28.822077     0.6978      6.638   316.9158 1.2566e-01     4.1804      8.428     12.224    11.7163 0.0000e+00
      8.606      0.060     5.4634     50.373     39.247  28.822097     0.6913      6.639   316.9786 1.2570e-01     4.1658      8.439     12.239    11.7161 0.0000e+00
      8.621      0.060     5.4502     50.251     39.247  28.822202     0.7016      6.639   316.8904 1.2570e-01     4.1739      8.453     12.260    11.7158 0.0000e+00
      8.637      0.061     5.4393     50.151     39.249  28.823357     0.7119      6.639   316.7956 1.2560e-01     4.1878      8.470     12.285    11.7158 0.0000e+00
      8.654      0.064     5.4299     50.064     39.266  28.836057     0.7057      6.639   316.6935 1.2551e-01     4.1802      8.487     12.309    11.7161 0.0000e+00
      8.671      0.068     5.4231     50.002     39.284  28.848748     0.6998      6.638   316.6023 1.2552e-01     4.1736      8.503     12.333    11.7163 0.0000e+00
      8.687      0.070     5.4199     49.972     39.285  28.849799     0.7048      6.636   316.6386 1.2559e-01     4.1699      8.519     12.356    11.7165 0.0000e+00
      8.704      0.070     5.4172     49.946     39.284  28.848759     0.7116      6.636   316.6171 1.2560e-01     4.1044      8.534     12.378    11.7166 0.0000e+00
      8.724      0.069     5.4149     49.925     39.267  28.836173     0.7080      6.635   316.5997 1.2555e-01     3.9916      8.554     12.406    11.7162 0.0000e+00
      8.745      0.068     5.4138     49.914     39.251  28.824628     0.6980      6.634   316.7728 1.2561e-01     3.9361      8.577     12.440    11.7159 0.0000e+00
      8.764      0.066     5.4129     49.905     39.267  28.836173     0.7014      6.634   316.9029 1.2570e-01     3.9516      8.596     12.468    11.7156 0.0000e+00
      8.779      0.063     5.4133     49.910     39.285  28.848759     0.7034      6.633   316.4514 1.2568e-01     4.0265      8.610     12.489    11.7152 0.0000e+00
      8.791      0.060     5.4125     49.903     39.286  28.849800     0.6852      6.633   315.7023 1.2573e-01     4.1397      8.619     12.502    11.7148 0.0000e+00
      8.805      0.057     5.4061     49.843     39.285  28.848750     0.6653      6.633   315.5036 1.2578e-01     4.1918      8.634     12.522    11.7147 0.0000e+00
      8.822      0.055     5.3949     49.740     39.268  28.836069     0.6562      6.633   315.8558 1.2574e-01     4.1979      8.653     12.550    11.7149 0.0000e+00
      8.837      0.055     5.3826     49.626     39.251  28.823484     0.6669      6.632   316.4326 1.2574e-01     4.2130      8.667     12.571    11.7149 0.0000e+00
      8.850      0.055     5.3746     49.553     39.251  28.823588     0.6934      6.632   316.7133 1.2576e-01     4.2215      8.678     12.587    11.7147 0.0000e+00
      8.862      0.054     5.3698     49.509     39.270  28.837328     0.7193      6.632   316.1513 1.2571e-01     4.2098      8.691     12.605    11.7143 0.0000e+00
      8.876      0.053     5.3653     49.468     39.304  28.862605     0.7323      6.632   315.1446 1.2568e-01     4.1635      8.704     12.624    11.7141 0.0000e+00
      8.891      0.053     5.3633     49.449     39.321  28.875200     0.7216      6.630   314.6089 1.2568e-01     4.1190      8.719     12.646    11.7142 0.0000e+00
      8.905      0.056     5.3641     49.457     39.303  28.862603     0.7087      6.628   314.8354 1.2564e-01     4.1295      8.735     12.667    11.7141 0.0000e+00
      8.916      0.060     5.3680     49.492     39.269  28.837301     0.7142      6.625   315.3888 1.2561e-01     4.1687      8.745     12.682    11.7142 0.0000e+00
      8.929      0.063     5.3721     49.529     39.251  28.823289     0.7238      6.623   315.7074 1.2563e-01     4.1661      8.753     12.696    11.7144 0.0000e+00
      8.948      0.068     5.3731     49.537     39.247  28.820199     0.7233      6.621   315.7622 1.2571e-01     4.1585      8.773     12.725    11.7146 0.0000e+00
      8.968      0.073     5.3721     49.528     39.220  28.799932     0.7269      6.619   315.7076 1.2575e-01     4.2300      8.796     12.758    11.7152 0.0000e+00
      8.986      0.076     5.3701     49.509     39.178  28.768746     0.7489      6.617   315.3906 1.2570e-01     4.3276      8.812     12.781    11.7151 0.0000e+00
      9.006      0.075     5.3678     49.487     39.168  28.760653     0.7684      6.617   314.9408 1.2565e-01     4.3623      8.830     12.807    11.7140 0.0000e+00
      9.029      0.070     5.3673     49.482     39.175  28.765587     0.7704      6.617   314.7423 1.2564e-01     4.3443      8.854     12.842    11.7132 0.0000e+00
      9.051      0.064     5.3675     49.483     39.174  28.764900     0.7542      6.617   314.7978 1.2566e-01     4.2928      8.879     12.877    11.7129 0.0000e+00
      9.067      0.059     5.3690     49.498     39.157  28.752337     0.7297      6.617   315.0108 1.2570e-01     4.2286      8.895     12.902    11.7124 0.0000e+00
      9.076      0.056     5.3739     49.543     39.141  28.740701     0.7123      6.616   315.4233 1.2569e-01     4.2084      8.902     12.911    11.7117 0.0000e+00
      9.082      0.054     5.3791     49.591     39.155  28.751207     0.7000      6.616   315.6559 1.2565e-01     4.2018      8.905     12.915    11.7113 0.0000e+00
      9.093      0.054     5.3826     49.624     39.156  28.752352     0.7005      6.617   315.4140 1.2565e-01     4.2094      8.915     12.930    11.7113 0.0000e+00
      9.112      0.054     5.3842     49.639     39.159  28.754548     0.7090      6.618   315.1666 1.2565e-01     4.2699      8.936     12.960    11.7114 0.0000e+00
      9.132      0.055     5.3832     49.629     39.191  28.777753     0.7117      6.617   315.0739 1.2560e-01     4.3225      8.957     12.991    11.7116 0.0000e+00
      9.149      0.055     5.3799     49.599     39.192  28.778917     0.7144      6.617   314.8094 1.2562e-01     4.3275      8.973     13.015    11.7119 0.0000e+00
      9.160      0.053     5.3754     49.558     39.178  28.768622     0.7143      6.617   314.6344 1.2567e-01     4.2685      8.985     13.031    11.7122 0.0000e+00
      9.169      0.050     5.3700     49.509     39.194  28.780281     0.7101      6.616   315.3671 1.2565e-01     4.1893      8.992     13.040    11.7124 0.0000e+00
      9.180      0.050     5.3645     49.457     39.212  28.792877     0.7092      6.614   316.6994 1.2566e-01     4.1638      9.000     13.054    11.7125 0.0000e+00
      9.193      0.055     5.3604     49.419     39.213  28.793919     0.7126      6.611   317.3211 1.2571e-01     4.1735      9.016     13.077    11.7124 0.0000e+00
      9.205      0.061     5.3564     49.382     39.211  28.792878     0.7149      6.609   317.2915 1.2570e-01     4.1844      9.028     13.095    11.7125 0.0000e+00
      9.219      0.067     5.3534     49.355     39.194  28.780292     0.7274      6.607   316.9433 1.2566e-01     4.2348      9.037     13.107    11.7123 0.0000e+00
      9.240      0.072     5.3526     49.347     39.178  28.768748     0.7630      6.606   316.3807 1.2563e-01     4.3251      9.060     13.140    11.7122 0.0000e+00
      9.265      0.077     5.3510     49.333     39.194  28.780303     0.7871      6.606   316.5981 1.2560e-01     4.3605      9.089     13.182    11.7123 0.0000e+00
      9.285      0.079     5.3485     49.311     39.211  28.792993     0.7798      6.605   317.4207 1.2562e-01     4.3265      9.106     13.208    11.7123 0.0000e+00
      9.302      0.077     5.3469     49.296     39.214  28.795179     0.7672      6.605   317.8098 1.2562e-01     4.2499      9.120     13.228    11.7125 0.0000e+00
      9.323      0.071     5.3458     49.285     39.229  28.806734     0.7630      6.605   317.7748 1.2561e-01     4.1671      9.141     13.257    11.7126 0.0000e+00
      9.345      0.064     5.3428     49.258     39.228  28.805693     0.7753      6.605   317.5132 1.2561e-01     4.1499      9.167     13.296    11.7127 0.0000e+00
      9.364      0.058     5.3383     49.217     39.196  28.782592     0.7867      6.606   317.2277 1.2560e-01     4.1640      9.186     13.323    11.7130 0.0000e+00
      9.375      0.054     5.3348     49.186     39.195  28.781438     0.7628      6.606   317.1635 1.2556e-01     4.1537      9.195     13.335    11.7132 0.0000e+00
      9.382      0.052     5.3332     49.171     39.209  28.791744     0.7257      6.606   316.9945 1.2555e-01     4.1478      9.201     13.345    11.7131 0.0000e+00
      9.391      0.055     5.3334     49.171     39.193  28.780189     0.7137      6.606   316.6478 1.2562e-01     4.1536      9.208     13.355    11.7132 0.0000e+00
