Data/DataNotYetUploadedToEDI/Raw_CTD/RawDownloads/110718_fcr50.cnv
* Sea-Bird SBE19plus  Data File:
* FileName = C:\DATA\110718_fcr_50_0001.hex
* Software version 2.6.3.104 SB_Terminal.dll
* Temperature SN = 7809
* Conductivity SN = 7809
* System UpLoad Time = Nov 07 2018 17:42:05
* <ApplicationData>
* <Seaterm232>
# nquan = 15
# nvalues = 1084                        
# units = specified
# name 0 = depFM: Depth [fresh water, m]
# name 1 = dz/dtM: Descent Rate [m/s]
# name 2 = sbeox0Mg/L: Oxygen, SBE 43 [mg/l]
# name 3 = sbeox0PS: Oxygen, SBE 43 [% saturation]
# name 4 = specc: Specific Conductance [uS/cm]
# name 5 = c0uS/cm: Conductivity [uS/cm]
# name 6 = flECO-AFL: Fluorescence, WET Labs ECO-AFL/FL [mg/m^3]
# name 7 = ph: pH
# name 8 = orp: Oxidation Reduction Potential [mV]
# name 9 = par/sat/log: PAR/Logarithmic, Satlantic
# name 10 = turbWETntu0: Turbidity, WET Labs ECO [NTU]
# name 11 = prdM: Pressure, Strain Gauge [db]
# name 12 = prdE: Pressure, Strain Gauge [psi]
# name 13 = tv290C: Temperature [ITS-90, deg C]
# name 14 = flag:  0.000e+00
# span 0 =     -0.567,      9.800       
# span 1 =     -0.159,      0.227       
# span 2 =     5.0017,    10.5668       
# span 3 =     46.268,    101.977       
# span 4 =      0.807,    354.156       
# span 5 =   0.745203, 260.822857       
# span 6 =    -0.8361,   257.9377       
# span 7 =     -2.617,      8.192       
# span 8 =   244.7744,   912.0273       
# span 9 = 1.2551e-01, 1.1223e+03       
# span 10 =    -5.5072,    20.0471      
# span 11 =     -0.556,      9.611      
# span 12 =     -0.807,     13.940      
# span 13 =    11.7113,    21.2310      
# span 14 = 0.0000e+00, 0.0000e+00      
# interval = seconds: 0.25
# start_time = Nov 07 2018 19:59:59 [Instrument's time stamp, header]
# bad_flag = -9.990e-29
*END*
[from data line 772]
      5.345      0.050     7.9245     73.562     38.137  28.234023     0.9121      6.873   311.0272 1.0230e+00     2.1120      5.240      7.600    12.0146 0.0000e+00
      5.358      0.051     7.9346     73.656     38.120  28.221323     0.9140      6.873   311.0953 1.0181e+00     2.1578      5.257      7.623    12.0145 0.0000e+00
      5.371      0.053     7.9396     73.701     38.103  28.208623     0.9166      6.873   311.2163 1.0066e+00     2.1600      5.268      7.641    12.0147 0.0000e+00
      5.385      0.057     7.9407     73.710     38.102  28.207468     0.9075      6.873   311.4583 9.8134e-01     2.1389      5.280      7.657    12.0143 0.0000e+00
      5.401      0.059     7.9411     73.712     38.103  28.207373     0.8960      6.873   311.1815 9.6356e-01     2.1466      5.296      7.681    12.0138 0.0000e+00
      5.418      0.060     7.9408     73.707     38.104  28.207469     0.8961      6.874   310.5360 9.4624e-01     2.1315      5.314      7.707    12.0136 0.0000e+00
      5.433      0.061     7.9381     73.682     38.106  28.208623     0.9091      6.874   310.2800 9.2772e-01     2.1092      5.329      7.728    12.0131 0.0000e+00
      5.448      0.061     7.9334     73.639     38.123  28.221323     0.9161      6.873   310.2369 9.1508e-01     2.1217      5.343      7.750    12.0123 0.0000e+00
      5.463      0.060     7.9294     73.602     38.141  28.234023     0.8974      6.870   310.1863 8.9108e-01     2.1291      5.358      7.769    12.0116 0.0000e+00
      5.479      0.060     7.9261     73.573     38.142  28.235178     0.8660      6.868   310.2711 8.7453e-01     2.1383      5.373      7.792    12.0103 0.0000e+00
      5.494      0.060     7.9236     73.549     38.142  28.235283     0.8493      6.867   310.4875 8.7143e-01     2.1411      5.387      7.815    12.0100 0.0000e+00
      5.509      0.061     7.9211     73.524     38.143  28.235293     0.8422      6.866   310.4802 8.5045e-01     2.1331      5.402      7.835    12.0102 0.0000e+00
      5.524      0.064     7.9183     73.494     38.145  28.235294     0.8347      6.864   310.1830 8.3326e-01     2.1321      5.418      7.857    12.0106 0.0000e+00
      5.539      0.066     7.9174     73.480     38.149  28.235294     0.8328      6.862   310.0775 8.3461e-01     2.1296      5.432      7.877    12.0110 0.0000e+00
      5.555      0.067     7.9191     73.491     38.152  28.235295     0.8381      6.860   310.1510 8.3051e-01     2.1334      5.447      7.900    12.0109 0.0000e+00
      5.575      0.067     7.9221     73.513     38.155  28.235305     0.8436      6.858   310.2105 8.1418e-01     2.1470      5.467      7.929    12.0100 0.0000e+00
      5.596      0.066     7.9250     73.535     38.158  28.235410     0.8444      6.858   310.2812 7.9081e-01     2.1425      5.490      7.961    12.0073 0.0000e+00
      5.613      0.062     7.9292     73.568     38.163  28.236555     0.8478      6.858   310.4029 7.8208e-01     2.1085      5.507      7.987    12.0041 0.0000e+00
      5.627      0.056     7.9332     73.597     38.186  28.249151     0.8473      6.858   310.5639 7.8204e-01     2.1022      5.518      8.004    12.0009 0.0000e+00
      5.640      0.051     7.9344     73.597     38.208  28.260698     0.8389      6.858   310.5928 7.6522e-01     2.1276      5.531      8.021    11.9974 0.0000e+00
      5.652      0.046     7.9323     73.569     38.198  28.249153     0.8381      6.858   310.6662 7.5071e-01     2.1404      5.543      8.040    11.9950 0.0000e+00
      5.663      0.045     7.9280     73.522     38.185  28.236567     0.8466      6.857   310.9356 7.4722e-01     2.1659      5.554      8.056    11.9927 0.0000e+00
      5.672      0.048     7.9215     73.451     38.191  28.235528     0.8500      6.854   311.0106 7.4092e-01     2.1912      5.564      8.069    11.9866 0.0000e+00
      5.680      0.052     7.9089     73.316     38.203  28.236579     0.8416      6.851   310.8843 7.3419e-01     2.1719      5.569      8.076    11.9793 0.0000e+00
      5.693      0.054     7.8877     73.103     38.230  28.249270     0.8373      6.848   311.0429 7.2305e-01     2.1466      5.579      8.093    11.9746 0.0000e+00
      5.713      0.057     7.8589     72.825     38.255  28.261961     0.8440      6.844   311.2941 7.0054e-01     2.1591      5.602      8.127    11.9718 0.0000e+00
      5.732      0.058     7.8220     72.475     38.261  28.263010     0.8500      6.841   311.2536 6.7948e-01     2.1715      5.624      8.157    11.9650 0.0000e+00
      5.746      0.058     7.7745     72.027     38.264  28.261951     0.8550      6.841   311.2420 6.7121e-01     2.1741      5.635      8.173    11.9524 0.0000e+00
      5.758      0.055     7.7191     71.507     38.252  28.249146     0.8576      6.841   311.2400 6.6494e-01     2.1902      5.646      8.188    11.9412 0.0000e+00
      5.773      0.051     7.6622     70.967     38.241  28.235187     0.8540      6.841   311.1438 6.5586e-01     2.1829      5.662      8.212    11.9364 0.0000e+00
      5.785      0.048     7.6057     70.423     38.234  28.220180     0.8482      6.841   311.1109 6.4950e-01     2.1471      5.676      8.231    11.9325 0.0000e+00
      5.795      0.047     7.5487     69.875     38.213  28.194687     0.8418      6.841   311.0148 6.4430e-01     2.1231      5.683      8.240    11.9252 0.0000e+00
      5.807      0.046     7.4934     69.343     38.207  28.180937     0.8415      6.841   310.9278 6.4215e-01     2.1374      5.695      8.259    11.9236 0.0000e+00
      5.819      0.045     7.4410     68.838     38.220  28.180928     0.8447      6.841   310.9203 6.4091e-01     2.1360      5.707      8.277    11.9176 0.0000e+00
      5.830      0.045     7.3882     68.334     38.249  28.194564     0.8438      6.842   310.9236 6.3286e-01     2.0766      5.716      8.291    11.9015 0.0000e+00
      5.843      0.045     7.3352     67.836     38.287  28.218801     0.8484      6.843   310.9676 6.2178e-01     2.0605      5.730      8.311    11.8888 0.0000e+00
      5.854      0.044     7.2835     67.354     38.292  28.219966     0.8544      6.844   311.0219 6.1389e-01     2.0934      5.742      8.327    11.8762 0.0000e+00
      5.864      0.044     7.2290     66.845     38.279  28.208639     0.8521      6.844   310.9778 6.0519e-01     2.1079      5.750      8.340    11.8618 0.0000e+00
      5.876      0.044     7.1711     66.305     38.283  28.208848     0.8483      6.844   310.7791 5.8740e-01     2.1143      5.762      8.358    11.8520 0.0000e+00
      5.887      0.044     7.1167     65.796     38.307  28.222494     0.8455      6.843   310.5123 5.7639e-01     2.1097      5.774      8.375    11.8475 0.0000e+00
      5.897      0.044     7.0705     65.361     38.345  28.246628     0.8465      6.842   310.3330 5.7758e-01     2.1137      5.783      8.387    11.8453 0.0000e+00
      5.909      0.044     7.0331     65.010     38.348  28.246638     0.8505      6.841   310.3324 5.7110e-01     2.1312      5.794      8.403    11.8428 0.0000e+00
      5.922      0.045     7.0037     64.736     38.317  28.222614     0.8475      6.840   310.3332 5.7381e-01     2.1385      5.808      8.423    11.8400 0.0000e+00
      5.933      0.047     6.9802     64.517     38.301  28.210152     0.8387      6.839   310.2560 5.8818e-01     2.1406      5.820      8.441    11.8353 0.0000e+00
      5.943      0.047     6.9618     64.345     38.320  28.222966     0.8353      6.838   310.3456 5.8042e-01     2.1576      5.827      8.451    11.8293 0.0000e+00
      5.955      0.048     6.9487     64.223     38.359  28.250543     0.8250      6.838   310.4697 5.4873e-01     2.1906      5.838      8.467    11.8256 0.0000e+00
      5.970      0.048     6.9352     64.095     38.413  28.289580     0.7968      6.838   310.3797 5.1976e-01     2.2036      5.855      8.492    11.8244 0.0000e+00
      5.983      0.048     6.9159     63.915     38.447  28.313949     0.7788      6.836   310.2906 5.0676e-01     2.1629      5.868      8.511    11.8238 0.0000e+00
      5.995      0.049     6.8962     63.733     38.417  28.291181     0.7824      6.833   310.2526 5.0265e-01     2.1258      5.877      8.524    11.8227 0.0000e+00
      6.008      0.049     6.8806     63.588     38.386  28.268301     0.7853      6.829   310.1772 5.0416e-01     2.1515      5.892      8.546    11.8215 0.0000e+00
      6.020      0.048     6.8652     63.444     38.418  28.291307     0.7860      6.826   310.4987 5.0329e-01     2.1994      5.903      8.563    11.8202 0.0000e+00
      6.030      0.046     6.8476     63.279     38.453  28.315345     0.7906      6.824   311.0419 4.9475e-01     2.2464      5.910      8.573    11.8189 0.0000e+00
      6.044      0.046     6.8307     63.120     38.441  28.304935     0.7864      6.824   311.1520 4.9014e-01     2.2633      5.927      8.597    11.8183 0.0000e+00
      6.057      0.046     6.8139     62.961     38.426  28.292445     0.7808      6.823   311.1421 4.9253e-01     2.2507      5.944      8.621    11.8182 0.0000e+00
      6.066      0.047     6.7963     62.795     38.428  28.291320     0.7773      6.821   311.0086 4.9458e-01     2.2460      5.949      8.628    11.8171 0.0000e+00
      6.075      0.047     6.7789     62.631     38.430  28.291330     0.7721      6.820   310.5700 5.0072e-01     2.2370      5.956      8.638    11.8151 0.0000e+00
      6.088      0.046     6.7602     62.456     38.433  28.292570     0.7736      6.820   310.3131 4.9929e-01     2.2343      5.971      8.660    11.8140 0.0000e+00
      6.103      0.045     6.7393     62.261     38.453  28.306309     0.7769      6.820   310.7417 4.7695e-01     2.2443      5.985      8.680    11.8113 0.0000e+00
      6.117      0.046     6.7172     62.054     38.488  28.330449     0.7845      6.819   311.7077 4.6710e-01     2.2655      5.999      8.701    11.8080 0.0000e+00
      6.128      0.048     6.6964     61.859     38.490  28.330442     0.7918      6.816   312.2702 4.7313e-01     2.2772      6.012      8.719    11.8062 0.0000e+00
      6.136      0.051     6.6801     61.706     38.460  28.306207     0.7828      6.812   312.2947 4.6863e-01     2.2630      6.017      8.726    11.8048 0.0000e+00
      6.145      0.056     6.6673     61.585     38.441  28.291436     0.7675      6.805   312.3485 4.6017e-01     2.2766      6.024      8.736    11.8029 0.0000e+00
      6.160      0.064     6.6574     61.493     38.426  28.278851     0.7541      6.799   312.4908 4.5152e-01     2.2894      6.041      8.762    11.8011 0.0000e+00
      6.178      0.073     6.6508     61.428     38.431  28.281046     0.7313      6.794   312.7248 4.4544e-01     2.2655      6.057      8.786    11.7995 0.0000e+00
      6.198      0.079     6.6468     61.385     38.486  28.317973     0.7116      6.792   313.0262 4.4857e-01     2.2617      6.075      8.811    11.7969 0.0000e+00
      6.224      0.083     6.6450     61.362     38.526  28.344308     0.7087      6.790   313.2098 4.4985e-01     2.2741      6.105      8.854    11.7950 0.0000e+00
      6.250      0.083     6.6453     61.358     38.532  28.345454     0.7157      6.789   313.3101 4.4194e-01     2.3238      6.132      8.893    11.7948 0.0000e+00
      6.271      0.079     6.6499     61.396     38.517  28.331827     0.7224      6.789   313.3784 4.3649e-01     2.4361      6.150      8.920    11.7929 0.0000e+00
      6.290      0.074     6.6562     61.449     38.486  28.306551     0.7156      6.788   313.2619 4.3933e-01     2.5023      6.169      8.947    11.7879 0.0000e+00
      6.307      0.068     6.6596     61.478     38.471  28.293844     0.7071      6.788   312.9337 4.3092e-01     2.4536      6.186      8.971    11.7828 0.0000e+00
      6.322      0.060     6.6596     61.475     38.489  28.305180     0.7120      6.788   312.5927 4.0802e-01     2.3964      6.199      8.990    11.7786 0.0000e+00
      6.338      0.053     6.6533     61.415     38.505  28.316611     0.7192      6.787   312.4957 3.9378e-01     2.4821      6.214      9.013    11.7751 0.0000e+00
      6.353      0.048     6.6403     61.297     38.489  28.305055     0.7205      6.786   312.7932 3.9267e-01     2.6352      6.232      9.039    11.7724 0.0000e+00
      6.364      0.046     6.6262     61.167     38.472  28.292459     0.7195      6.785   313.0926 3.9530e-01     2.6912      6.244      9.055    11.7701 0.0000e+00
      6.370      0.045     6.6140     61.052     38.472  28.291324     0.7165      6.784   313.1891 3.9485e-01     2.6702      6.247      9.060    11.7681 0.0000e+00
      6.377      0.043     6.6029     60.947     38.474  28.291324     0.7108      6.783   313.2718 3.8661e-01     2.6562      6.250      9.065    11.7669 0.0000e+00
      6.390      0.042     6.5938     60.862     38.476  28.292460     0.7150      6.782   313.2322 3.7248e-01     2.6745      6.266      9.087    11.7675 0.0000e+00
      6.406      0.043     6.5881     60.809     38.493  28.305056     0.7220      6.783   312.6244 3.6079e-01     2.6784      6.285      9.116    11.7677 0.0000e+00
      6.417      0.044     6.5871     60.800     38.509  28.316611     0.7213      6.784   311.6012 3.6904e-01     2.6723      6.295      9.131    11.7658 0.0000e+00
      6.425      0.044     6.5902     60.828     38.494  28.305170     0.7250      6.783   311.1865 3.7625e-01     2.6918      6.300      9.137    11.7641 0.0000e+00
      6.435      0.042     6.5944     60.867     38.479  28.293720     0.7205      6.782   311.3095 3.5590e-01     2.7013      6.310      9.152    11.7633 0.0000e+00
      6.447      0.039     6.5974     60.893     38.495  28.305179     0.7045      6.783   311.5401 3.4458e-01     2.6957      6.324      9.172    11.7634 0.0000e+00
      6.459      0.036     6.5972     60.890     38.511  28.316716     0.6961      6.783   311.9090 3.5232e-01     2.6847      6.334      9.187    11.7638 0.0000e+00
      6.469      0.033     6.5944     60.865     38.496  28.306212     0.7112      6.783   311.6395 3.5391e-01     2.6600      6.345      9.202    11.7634 0.0000e+00
      6.478      0.028     6.5926     60.848     38.495  28.305180     0.7490      6.783   310.7774 3.5568e-01     2.6405      6.355      9.216    11.7627 0.0000e+00
      6.483      0.024     6.5913     60.836     38.494  28.304245     0.7761      6.783   310.3475 3.5848e-01     2.6323      6.358      9.222    11.7621 0.0000e+00
      6.485      0.023     6.5865     60.791     38.481  28.294895     0.7823      6.784   310.3129 3.4952e-01     2.6221      6.359      9.223    11.7618 0.0000e+00
      6.489      0.025     6.5807     60.738     38.514  28.319131     0.7776      6.784   310.5315 3.3944e-01     2.6398      6.362      9.228    11.7616 0.0000e+00
      6.495      0.028     6.5787     60.719     38.547  28.343280     0.7561      6.784   310.9264 3.4084e-01     2.6932      6.368      9.236    11.7617 0.0000e+00
      6.503      0.032     6.5795     60.726     38.534  28.332871     0.7239      6.784   311.0436 3.4738e-01     2.7186      6.375      9.246    11.7617 0.0000e+00
      6.513      0.034     6.5800     60.730     38.517  28.320286     0.7095      6.783   310.9151 3.4733e-01     2.7033      6.386      9.262    11.7615 0.0000e+00
      6.526      0.034     6.5781     60.712     38.514  28.318110     0.7118      6.782   310.6633 3.3737e-01     2.6604      6.401      9.284    11.7615 0.0000e+00
      6.537      0.033     6.5745     60.678     38.499  28.306567     0.7062      6.782   310.4092 3.2502e-01     2.6270      6.413      9.301    11.7615 0.0000e+00
      6.543      0.031     6.5711     60.647     38.501  28.307722     0.7054      6.782   310.3376 3.2661e-01     2.6656      6.417      9.307    11.7608 0.0000e+00
      6.548      0.030     6.5658     60.597     38.535  28.332071     0.7118      6.782   310.3997 3.4234e-01     2.7004      6.419      9.310    11.7600 0.0000e+00
