Data/DataNotYetUploadedToEDI/Raw_CTD/RawDownloads/110718_fcr50.cnv
* Sea-Bird SBE19plus  Data File:
* FileName = C:\DATA\110718_fcr_50_0001.hex
* Software version 2.6.3.104 SB_Terminal.dll
* Temperature SN = 7809
* Conductivity SN = 7809
* System UpLoad Time = Nov 07 2018 17:42:05
* <ApplicationData>
* <Seaterm232>
# nquan = 15
# nvalues = 1084                        
# units = specified
# name 0 = depFM: Depth [fresh water, m]
# name 1 = dz/dtM: Descent Rate [m/s]
# name 2 = sbeox0Mg/L: Oxygen, SBE 43 [mg/l]
# name 3 = sbeox0PS: Oxygen, SBE 43 [% saturation]
# name 4 = specc: Specific Conductance [uS/cm]
# name 5 = c0uS/cm: Conductivity [uS/cm]
# name 6 = flECO-AFL: Fluorescence, WET Labs ECO-AFL/FL [mg/m^3]
# name 7 = ph: pH
# name 8 = orp: Oxidation Reduction Potential [mV]
# name 9 = par/sat/log: PAR/Logarithmic, Satlantic
# name 10 = turbWETntu0: Turbidity, WET Labs ECO [NTU]
# name 11 = prdM: Pressure, Strain Gauge [db]
# name 12 = prdE: Pressure, Strain Gauge [psi]
# name 13 = tv290C: Temperature [ITS-90, deg C]
# name 14 = flag:  0.000e+00
# span 0 =     -0.567,      9.800       
# span 1 =     -0.159,      0.227       
# span 2 =     5.0017,    10.5668       
# span 3 =     46.268,    101.977       
# span 4 =      0.807,    354.156       
# span 5 =   0.745203, 260.822857       
# span 6 =    -0.8361,   257.9377       
# span 7 =     -2.617,      8.192       
# span 8 =   244.7744,   912.0273       
# span 9 = 1.2551e-01, 1.1223e+03       
# span 10 =    -5.5072,    20.0471      
# span 11 =     -0.556,      9.611      
# span 12 =     -0.807,     13.940      
# span 13 =    11.7113,    21.2310      
# span 14 = 0.0000e+00, 0.0000e+00      
# interval = seconds: 0.25
# start_time = Nov 07 2018 19:59:59 [Instrument's time stamp, header]
# bad_flag = -9.990e-29
*END*
[from data line 868]
      6.561      0.031     6.5519     60.467     38.575  28.360802     0.7056      6.781   310.7786 3.2747e-01     2.6756      6.434      9.331    11.7596 0.0000e+00
      6.570      0.033     6.5457     60.409     38.591  28.372357     0.7004      6.781   311.2703 3.1482e-01     2.6957      6.442      9.343    11.7593 0.0000e+00
      6.580      0.033     6.5412     60.367     38.574  28.359677     0.7031      6.781   311.3412 3.1606e-01     2.7102      6.452      9.358    11.7589 0.0000e+00
      6.591      0.031     6.5382     60.340     38.540  28.334487     0.7109      6.781   311.1194 3.2016e-01     2.6984      6.464      9.376    11.7586 0.0000e+00
      6.600      0.028     6.5347     60.307     38.523  28.321797     0.7122      6.781   310.9977 3.2179e-01     2.6140      6.475      9.390    11.7582 0.0000e+00
      6.605      0.023     6.5276     60.241     38.539  28.333249     0.7177      6.780   310.9017 3.1879e-01     2.4837      6.478      9.396    11.7576 0.0000e+00
      6.609      0.021     6.5170     60.143     38.557  28.345949     0.7227      6.780   310.8192 3.1412e-01     2.4357      6.481      9.399    11.7571 0.0000e+00
      6.612      0.022     6.5052     60.034     38.560  28.348354     0.7171      6.779   311.2911 3.2051e-01     2.4598      6.484      9.405    11.7568 0.0000e+00
      6.616      0.028     6.4951     59.941     38.579  28.362322     0.7142      6.776   312.2198 3.3052e-01     2.4695      6.488      9.411    11.7566 0.0000e+00
      6.620      0.036     6.4865     59.861     38.614  28.387837     0.7153      6.773   312.5829 3.2632e-01     2.4621      6.490      9.413    11.7566 0.0000e+00
      6.629      0.045     6.4746     59.750     38.635  28.402839     0.7208      6.771   312.4974 3.2050e-01     2.4618      6.497      9.422    11.7565 0.0000e+00
      6.645      0.054     6.4623     59.635     38.655  28.416704     0.7258      6.768   312.4765 3.1256e-01     2.4659      6.515      9.449    11.7564 0.0000e+00
      6.665      0.062     6.4538     59.553     38.673  28.428478     0.7212      6.766   312.4166 2.9738e-01     2.4513      6.538      9.482    11.7562 0.0000e+00
      6.682      0.068     6.4455     59.472     38.662  28.418193     0.7198      6.764   312.6340 2.8971e-01     2.4373      6.553      9.504    11.7558 0.0000e+00
      6.698      0.070     6.4360     59.381     38.666  28.419350     0.7185      6.761   313.2976 2.8554e-01     2.4497      6.567      9.524    11.7552 0.0000e+00
      6.717      0.069     6.4235     59.265     38.700  28.442460     0.7145      6.759   313.8161 2.8535e-01     2.4783      6.588      9.555    11.7542 0.0000e+00
      6.737      0.069     6.4055     59.098     38.702  28.443606     0.7175      6.756   313.9124 2.8948e-01     2.5089      6.608      9.584    11.7520 0.0000e+00
      6.753      0.068     6.3826     58.885     38.688  28.433206     0.7178      6.752   313.7742 2.8525e-01     2.5445      6.622      9.606    11.7489 0.0000e+00
      6.769      0.065     6.3574     58.653     38.703  28.443720     0.7186      6.749   313.6068 2.6890e-01     2.6044      6.637      9.627    11.7464 0.0000e+00
      6.787      0.061     6.3322     58.420     38.703  28.443720     0.7266      6.747   313.5239 2.5843e-01     2.6831      6.655      9.653    11.7451 0.0000e+00
      6.804      0.057     6.3065     58.183     38.689  28.433216     0.7320      6.747   313.4602 2.6665e-01     2.7340      6.674      9.680    11.7442 0.0000e+00
      6.818      0.056     6.2822     57.958     38.704  28.443721     0.7198      6.747   313.5245 2.6996e-01     2.7314      6.687      9.698    11.7437 0.0000e+00
      6.828      0.056     6.2622     57.773     38.705  28.443721     0.6892      6.746   313.7857 2.5820e-01     2.7126      6.696      9.712    11.7436 0.0000e+00
      6.839      0.058     6.2457     57.619     38.692  28.433217     0.6744      6.745   314.0364 2.4667e-01     2.7201      6.706      9.728    11.7435 0.0000e+00
      6.853      0.061     6.2333     57.504     38.707  28.443721     0.6785      6.743   314.1471 2.4261e-01     2.7316      6.720      9.746    11.7432 0.0000e+00
      6.870      0.065     6.2273     57.448     38.707  28.443720     0.6842      6.741   314.0921 2.4176e-01     2.7594      6.737      9.770    11.7427 0.0000e+00
      6.890      0.066     6.2249     57.424     38.693  28.433205     0.6973      6.740   313.9730 2.3696e-01     2.8421      6.756      9.798    11.7416 0.0000e+00
      6.910      0.065     6.2216     57.394     38.707  28.443586     0.7082      6.740   313.7396 2.3293e-01     2.8777      6.777      9.829    11.7406 0.0000e+00
      6.930      0.062     6.2180     57.360     38.705  28.442232     0.7145      6.739   313.4214 2.3119e-01     2.8538      6.798      9.859    11.7402 0.0000e+00
      6.945      0.057     6.2158     57.340     38.670  28.416833     0.7191      6.739   313.3081 2.2801e-01     2.8578      6.812      9.881    11.7397 0.0000e+00
      6.956      0.051     6.2137     57.322     38.634  28.390496     0.7171      6.740   313.4026 2.2385e-01     2.8647      6.820      9.892    11.7390 0.0000e+00
      6.966      0.046     6.2108     57.296     38.616  28.377805     0.7183      6.740   313.6180 2.2294e-01     2.8769      6.829      9.905    11.7389 0.0000e+00
      6.977      0.044     6.2084     57.275     38.633  28.390382     0.7233      6.740   313.6753 2.2449e-01     2.9141      6.843      9.925    11.7390 0.0000e+00
      6.988      0.045     6.2073     57.265     38.667  28.415563     0.7229      6.739   313.4077 2.1548e-01     2.9177      6.854      9.941    11.7394 0.0000e+00
      6.997      0.047     6.2083     57.275     38.684  28.428253     0.7142      6.739   313.1347 2.0920e-01     2.8596      6.861      9.951    11.7405 0.0000e+00
      7.008      0.049     6.2112     57.301     38.669  28.416822     0.7100      6.739   313.0425 2.1375e-01     2.8221      6.871      9.966    11.7410 0.0000e+00
      7.023      0.049     6.2170     57.353     38.653  28.404350     0.7181      6.740   312.9811 2.1234e-01     2.8603      6.887      9.989    11.7411 0.0000e+00
      7.039      0.050     6.2268     57.443     38.654  28.404465     0.7289      6.740   312.9090 2.0649e-01     2.9248      6.905     10.014    11.7414 0.0000e+00
      7.052      0.051     6.2357     57.524     38.673  28.418207     0.7302      6.740   313.0301 2.0010e-01     2.9308      6.917     10.032    11.7417 0.0000e+00
      7.063      0.051     6.2423     57.585     38.708  28.443495     0.7159      6.739   313.2406 1.9967e-01     2.8709      6.927     10.046    11.7414 0.0000e+00
      7.074      0.052     6.2473     57.630     38.726  28.456214     0.7031      6.739   313.2174 2.0261e-01     2.8428      6.938     10.062    11.7403 0.0000e+00
      7.086      0.053     6.2496     57.649     38.711  28.444992     0.7040      6.740   313.0074 2.0069e-01     2.8655      6.948     10.078    11.7393 0.0000e+00
      7.101      0.054     6.2505     57.657     38.698  28.434811     0.7081      6.740   312.8535 1.9761e-01     2.8704      6.962     10.098    11.7389 0.0000e+00
      7.118      0.054     6.2507     57.659     38.733  28.460118     0.7073      6.739   312.8194 1.9348e-01     2.8704      6.980     10.124    11.7388 0.0000e+00
      7.134      0.054     6.2503     57.654     38.784  28.496970     0.7036      6.738   312.8526 2.0286e-01     2.8973      6.997     10.149    11.7382 0.0000e+00
      7.147      0.053     6.2514     57.664     38.788  28.499374     0.6991      6.736   312.9971 2.1575e-01     2.9206      7.009     10.165    11.7369 0.0000e+00
      7.158      0.053     6.2549     57.695     38.774  28.489182     0.6896      6.735   313.2753 2.0260e-01     2.9391      7.018     10.179    11.7363 0.0000e+00
      7.170      0.054     6.2568     57.711     38.790  28.500747     0.6719      6.733   313.5497 1.8382e-01     2.9372      7.032     10.197    11.7360 0.0000e+00
      7.182      0.057     6.2558     57.701     38.806  28.512199     0.6605      6.730   313.6467 1.7798e-01     2.8979      7.043     10.215    11.7358 0.0000e+00
      7.196      0.059     6.2508     57.656     38.791  28.500636     0.6616      6.728   313.6747 1.7549e-01     2.8913      7.055     10.232    11.7354 0.0000e+00
      7.214      0.061     6.2396     57.552     38.774  28.487944     0.6762      6.725   313.8878 1.7618e-01     2.9793      7.074     10.258    11.7346 0.0000e+00
      7.234      0.064     6.2187     57.359     38.771  28.485749     0.6986      6.721   314.1591 1.7833e-01     3.0759      7.097     10.293    11.7340 0.0000e+00
      7.250      0.068     6.1900     57.094     38.756  28.474089     0.7026      6.717   314.2881 1.7288e-01     3.0836      7.112     10.316    11.7335 0.0000e+00
      7.262      0.070     6.1622     56.836     38.756  28.473975     0.6973      6.715   314.4146 1.6373e-01     3.0726      7.119     10.325    11.7332 0.0000e+00
      7.279      0.070     6.1354     56.588     38.771  28.484365     0.6895      6.713   314.5690 1.5459e-01     3.0951      7.135     10.348    11.7330 0.0000e+00
      7.302      0.069     6.1084     56.338     38.756  28.472714     0.6731      6.711   314.5205 1.4691e-01     3.1119      7.163     10.388    11.7329 0.0000e+00
      7.324      0.068     6.0850     56.123     38.739  28.460109     0.6638      6.709   314.4304 1.4991e-01     3.0916      7.186     10.422    11.7326 0.0000e+00
      7.340      0.066     6.0673     55.960     38.737  28.458963     0.6599      6.708   314.5125 1.5896e-01     3.0635      7.199     10.442    11.7318 0.0000e+00
      7.355      0.062     6.0557     55.852     38.737  28.458849     0.6622      6.707   314.5665 1.6691e-01     3.0772      7.212     10.461    11.7307 0.0000e+00
      7.370      0.060     6.0512     55.811     38.737  28.458735     0.6831      6.705   314.6534 1.6150e-01     3.1056      7.229     10.485    11.7301 0.0000e+00
      7.382      0.061     6.0529     55.827     38.736  28.457590     0.7099      6.704   314.8747 1.4195e-01     3.1007      7.239     10.501    11.7302 0.0000e+00
      7.394      0.064     6.0569     55.862     38.720  28.444995     0.7204      6.704   314.9187 1.3741e-01     3.0788      7.247     10.512    11.7302 0.0000e+00
      7.412      0.068     6.0603     55.892     38.706  28.433450     0.7181      6.704   314.8422 1.4723e-01     3.0858      7.266     10.538    11.7304 0.0000e+00
      7.433      0.071     6.0647     55.930     38.723  28.445007     0.7100      6.704   314.8962 1.5988e-01     3.0632      7.290     10.573    11.7309 0.0000e+00
      7.454      0.075     6.0719     55.996     38.741  28.457718     0.7049      6.704   314.9698 1.6508e-01     2.9580      7.310     10.602    11.7302 0.0000e+00
      7.473      0.076     6.0796     56.066     38.745  28.460140     0.7114      6.703   314.9575 1.5809e-01     2.8826      7.328     10.629    11.7285 0.0000e+00
      7.492      0.074     6.0861     56.125     38.764  28.474292     0.7148      6.702   314.9195 1.5623e-01     2.8831      7.347     10.656    11.7269 0.0000e+00
      7.511      0.072     6.0902     56.162     38.802  28.501821     0.7003      6.701   315.0255 1.4944e-01     2.9343      7.366     10.683    11.7259 0.0000e+00
      7.530      0.071     6.0909     56.169     38.853  28.538979     0.6827      6.698   315.2070 1.3858e-01     3.0442      7.384     10.710    11.7252 0.0000e+00
      7.547      0.071     6.0904     56.164     38.944  28.606059     0.6768      6.696   315.2219 1.3962e-01     3.1131      7.401     10.735    11.7248 0.0000e+00
      7.563      0.071     6.0905     56.166     39.042  28.677864     0.6665      6.696   315.1188 1.4374e-01     3.0955      7.415     10.755    11.7244 0.0000e+00
      7.581      0.071     6.0885     56.147     39.084  28.708630     0.6588      6.695   315.2517 1.3818e-01     3.0755      7.433     10.780    11.7242 0.0000e+00
      7.601      0.071     6.0812     56.080     39.104  28.724040     0.6666      6.693   315.5373 1.2994e-01     3.0855      7.454     10.811    11.7243 0.0000e+00
      7.621      0.071     6.0684     55.962     39.122  28.737185     0.6772      6.691   315.4750 1.2780e-01     3.0944      7.474     10.841    11.7242 0.0000e+00
      7.638      0.070     6.0448     55.744     39.127  28.740557     0.6777      6.689   315.2721 1.2665e-01     3.0910      7.490     10.864    11.7243 0.0000e+00
      7.654      0.067     6.0058     55.385     39.160  28.764806     0.6721      6.688   315.3220 1.2576e-01     3.1053      7.504     10.883    11.7241 0.0000e+00
      7.672      0.063     5.9534     54.902     39.175  28.776372     0.6827      6.686   315.4759 1.2594e-01     3.1144      7.523     10.911    11.7239 0.0000e+00
      7.690      0.059     5.8874     54.293     39.144  28.753395     0.7051      6.686   315.4984 1.2613e-01     3.0793      7.545     10.944    11.7239 0.0000e+00
      7.704      0.054     5.8104     53.583     39.127  28.740999     0.7138      6.685   315.4214 1.2589e-01     3.0474      7.556     10.960    11.7243 0.0000e+00
      7.714      0.049     5.7306     52.847     39.144  28.753498     0.7138      6.684   315.4056 1.2567e-01     3.0638      7.562     10.969    11.7249 0.0000e+00
      7.726      0.044     5.6562     52.162     39.176  28.777518     0.7323      6.684   315.3941 1.2567e-01     3.0953      7.576     10.988    11.7251 0.0000e+00
      7.739      0.041     5.5925     51.575     39.176  28.777413     0.7632      6.684   315.3677 1.2565e-01     3.1229      7.593     11.013    11.7249 0.0000e+00
      7.748      0.040     5.5435     51.124     39.141  28.752226     0.7745      6.684   315.4306 1.2561e-01     3.1225      7.600     11.024    11.7244 0.0000e+00
      7.754      0.039     5.5096     50.812     39.106  28.726992     0.7688      6.683   315.4662 1.2560e-01     3.0896      7.601     11.024    11.7247 0.0000e+00
      7.764      0.038     5.4892     50.623     39.105  28.726325     0.7495      6.683   315.3679 1.2565e-01     3.0919      7.611     11.039    11.7251 0.0000e+00
      7.777      0.037     5.4827     50.563     39.130  28.744160     0.7153      6.683   315.2744 1.2602e-01     3.1203      7.629     11.065    11.7253 0.0000e+00
      7.788      0.037     5.4866     50.599     39.141  28.752127     0.6954      6.683   315.2822 1.2641e-01     3.1278      7.638     11.079    11.7263 0.0000e+00
      7.795      0.037     5.4948     50.674     39.151  28.759149     0.6837      6.683   315.2898 1.2608e-01     3.1208      7.644     11.086    11.7269 0.0000e+00
      7.804      0.037     5.5048     50.766     39.160  28.765550     0.6662      6.682   315.2810 1.2564e-01     3.1274      7.653     11.100    11.7268 0.0000e+00
      7.812      0.039     5.5157     50.867     39.161  28.766024     0.6673      6.681   315.3478 1.2556e-01     3.1471      7.662     11.113    11.7263 0.0000e+00
      7.819      0.043     5.5262     50.963     39.159  28.764879     0.6778      6.680   315.4088 1.2559e-01     3.1456      7.668     11.120    11.7259 0.0000e+00
      7.829      0.047     5.5362     51.055     39.141  28.751704     0.6740      6.678   315.4161 1.2564e-01     3.1388      7.677     11.134    11.7258 0.0000e+00
      7.844      0.049     5.5446     51.132     39.117  28.733736     0.6764      6.677   315.4361 1.2562e-01     3.1872      7.692     11.156    11.7254 0.0000e+00
      7.862      0.050     5.5504     51.186     39.123  28.738135     0.6984      6.677   315.4781 1.2559e-01     3.2727      7.710     11.184    11.7251 0.0000e+00
      7.877      0.048     5.5539     51.218     39.128  28.741391     0.7184      6.677   315.4945 1.2559e-01     3.3185      7.725     11.205    11.7254 0.0000e+00
