Data/DataNotYetUploadedToEDI/Raw_CTD/RawDownloads/110819_fcr45.cnv
* Sea-Bird SBE19plus  Data File:
* FileName = C:\DATA\110819_fcr50_0005.hex
* Software version 2.8.0.119 SB_Terminal.dll
* Temperature SN = 7809
* Conductivity SN = 7809
* System UpLoad Time = Nov 11 2019 10:24:12
* <ApplicationData>
* <Seaterm232>
# nquan = 16
# nvalues = 726                         
# units = specified
# name 0 = depFM: Depth [fresh water, m]
# name 1 = dz/dtM: Descent Rate [m/s]
# name 2 = sbeox0ML/L: Oxygen, SBE 43 [ml/l]
# name 3 = sbeox0PS: Oxygen, SBE 43 [% saturation]
# name 4 = specc: Specific Conductance [uS/cm]
# name 5 = c0uS/cm: Conductivity [uS/cm]
# name 6 = flECO-AFL: Fluorescence, WET Labs ECO-AFL/FL [mg/m^3]
# name 7 = ph: pH
# name 8 = orp: Oxidation Reduction Potential [mV]
# name 9 = par/sat/log: PAR/Logarithmic, Satlantic
# name 10 = turbWETntu0: Turbidity, WET Labs ECO [NTU]
# name 11 = prdM: Pressure, Strain Gauge [db]
# name 12 = prdE: Pressure, Strain Gauge [psi]
# name 13 = tv290C: Temperature [ITS-90, deg C]
# name 14 = density00: Density [density, kg/m^3]
# name 15 = flag:  0.000e+00
# span 0 =     -0.535,      6.567       
# span 1 =     -0.281,      0.370       
# span 2 =     4.8934,     8.0203       
# span 3 =     64.100,    102.455       
# span 4 =      0.613,     42.774       
# span 5 =   0.395385,  30.424687       
# span 6 =    -1.1905,     4.8299       
# span 7 =      5.303,      7.085       
# span 8 =   218.1493,  1240.2295       
# span 9 = 1.2365e-01, 1.2656e+03       
# span 10 =    -1.6979,   913.6194      
# span 11 =     -0.526,      6.440      
# span 12 =     -0.763,      9.340      
# span 13 =     7.2096,    11.6141      
# span 14 =   999.5636,   999.8944      
# span 15 = 0.0000e+00, 0.0000e+00      
# interval = seconds: 0.25
# start_time = Nov 08 2019 14:10:08 [Instrument's time stamp, header]
# bad_flag = -9.990e-29
*END*
[from data line 633]
      5.475      0.095     6.4801     84.756     41.513  30.399313     3.0037      7.012   272.9618 1.2374e-01     8.4174      5.368      7.786    11.6114   999.5854 0.0000e+00
      5.500      0.098     6.4782     84.574     41.513  30.399313     3.1484      7.012   273.0980 1.2373e-01     8.3540      5.394      7.822    11.6118   999.5854 0.0000e+00
      5.526      0.098     6.4728     84.396     41.513  30.399416     3.2307      7.012   273.1325 1.2377e-01     8.2826      5.418      7.858    11.6119   999.5855 0.0000e+00
      5.555      0.093     6.4608     84.259     41.514  30.400560     3.2354      7.011   273.0346 1.2377e-01     8.2417      5.446      7.900    11.6119   999.5857 0.0000e+00
      5.585      0.082     6.4482     84.169     41.531  30.413136     3.2401      7.011   272.9468 1.2377e-01     8.1225      5.480      7.948    11.6117   999.5858 0.0000e+00
      5.609      0.067     6.4341     84.116     41.547  30.424571     3.2529      7.010   273.0178 1.2379e-01     7.9225      5.506      7.985    11.6116   999.5860 0.0000e+00
      5.623      0.053     6.4189     84.121     41.529  30.411899     3.2602      7.010   273.2041 1.2377e-01     7.8227      5.518      8.003    11.6117   999.5860 0.0000e+00
      5.628      0.042     6.4084     84.179     41.495  30.386830     3.2592      7.010   273.3066 1.2377e-01     7.8345      5.520      8.006    11.6119   999.5860 0.0000e+00
      5.629      0.036     6.4026     84.250     41.480  30.375293     3.2924      7.010   273.2237 1.2379e-01     7.9661      5.520      8.006    11.6120   999.5860 0.0000e+00
      5.634      0.037     6.3971     84.314     41.513  30.399313     3.3764      7.012   273.0628 1.2379e-01     8.2020      5.524      8.012    11.6123   999.5860 0.0000e+00
      5.643      0.042     6.3974     84.370     41.547  30.423426     3.4335      7.016   272.9961 1.2379e-01     8.3261      5.533      8.025    11.6123   999.5860 0.0000e+00
      5.657      0.049     6.4037     84.411     41.532  30.413023     3.4277      7.018   273.1051 1.2377e-01     8.3198      5.546      8.044    11.6121   999.5861 0.0000e+00
      5.676      0.056     6.4095     84.436     41.515  30.400436     3.2972      7.018   273.2634 1.2373e-01     8.3550      5.566      8.072    11.6118   999.5862 0.0000e+00
      5.692      0.062     6.4143     84.472     41.512  30.398148     3.0699      7.016   273.3612 1.2375e-01     8.4561      5.583      8.099    11.6113   999.5864 0.0000e+00
      5.705      0.068     6.4187     84.553     41.495  30.385354     2.9512      7.012   273.4269 1.2377e-01     8.5262      5.594      8.114    11.6107   999.5865 0.0000e+00
      5.720      0.076     6.4226     84.677     41.477  30.372663     2.9452      7.005   273.4554 1.2376e-01     8.5482      5.609      8.135    11.6102   999.5866 0.0000e+00
      5.739      0.084     6.4232     84.818     41.475  30.371612     2.9458      7.000   273.5336 1.2375e-01     8.5580      5.628      8.163    11.6101   999.5867 0.0000e+00
      5.762      0.089     6.4249     84.946     41.476  30.372650     2.9761      7.000   273.5977 1.2371e-01     8.5456      5.648      8.192    11.6101   999.5868 0.0000e+00
      5.790      0.091     6.4311     85.033     41.493  30.385219     3.0336      7.005   273.6283 1.2366e-01     8.5305      5.675      8.231    11.6104   999.5869 0.0000e+00
      5.821      0.088     6.4413     85.053     41.508  30.396660     3.0603      7.008   273.6459 1.2368e-01     8.5395      5.710      8.282    11.6111   999.5870 0.0000e+00
      5.847      0.082     6.4530     85.034     41.490  30.384074     3.0563      7.009   273.6384 1.2372e-01     8.5232      5.738      8.323    11.6118   999.5871 0.0000e+00
      5.863      0.076     6.4628     85.000     41.457  30.359951     2.9943      7.009   273.7959 1.2372e-01     8.4641      5.751      8.341    11.6125   999.5870 0.0000e+00
      5.876      0.071     6.4711     84.952     41.456  30.358816     2.8818      7.008   274.0022 1.2377e-01     8.4481      5.761      8.355    11.6131   999.5870 0.0000e+00
      5.890      0.071     6.4710     84.956     41.471  30.370344     2.8234      7.006   274.0677 1.2380e-01     8.4927      5.776      8.377    11.6134   999.5871 0.0000e+00
      5.905      0.074     6.4683     85.056     41.474  30.372433     2.8256      7.003   274.0707 1.2374e-01     8.5121      5.789      8.397    11.6134   999.5871 0.0000e+00
      5.925      0.079     6.4677     85.239     41.489  30.384065     2.8831      7.003   274.0385 1.2372e-01     8.4862      5.807      8.422    11.6135   999.5872 0.0000e+00
      5.951      0.083     6.4605     85.454     41.489  30.384075     2.9891      7.003   274.0229 1.2373e-01     8.4738      5.835      8.463    11.6133   999.5873 0.0000e+00
      5.978      0.083     6.4595     85.632     41.473  30.372558     3.0498      7.003   274.0542 1.2376e-01     8.4941      5.864      8.506    11.6132   999.5875 0.0000e+00
      5.998      0.078     6.4682     85.738     41.472  30.371718     3.0530      7.004   274.0727 1.2380e-01     8.5016      5.883      8.532    11.6136   999.5875 0.0000e+00
      6.017      0.069     6.4827     85.763     41.475  30.373919     2.9937      7.005   274.0747 1.2382e-01     8.3353      5.898      8.555    11.6138   999.5876 0.0000e+00
      6.036      0.061     6.5022     85.713     41.510  30.399178     2.8787      7.007   274.0782 1.2381e-01     8.0236      5.922      8.589    11.6138   999.5877 0.0000e+00
      6.049      0.056     6.5158     85.636     41.542  30.423301     2.8167      7.007   274.1155 1.2375e-01     7.8464      5.936      8.608    11.6140   999.5877 0.0000e+00
      6.056      0.055     6.5242     85.553     41.527  30.411764     2.8421      7.008   274.1814 1.2373e-01     7.8320      5.937      8.611    11.6141   999.5878 0.0000e+00
      6.066      0.056     6.5269     85.466     41.493  30.386593     3.1504      7.009   274.1864 1.2377e-01     7.9148      5.945      8.623    11.6139   999.5878 0.0000e+00
      6.082      0.061     6.5203     85.421     41.474  30.372777     3.7014      7.009   274.1764 1.2377e-01     8.0287      5.964      8.650    11.6138   999.5879 0.0000e+00
      6.101      0.069     6.5141     85.443     41.473  30.371624     3.9984      7.007   274.2319 1.2373e-01     8.0613      5.984      8.679    11.6140   999.5880 0.0000e+00
      6.118      0.075     6.5092     85.519     41.475  30.372664     4.0191      7.004   274.2549 1.2369e-01     8.0471      5.998      8.700    11.6138   999.5881 0.0000e+00
      6.138      0.075     6.4996     85.624     41.492  30.385344     3.9684      7.004   274.2820 1.2375e-01     8.0533      6.016      8.725    11.6136   999.5882 0.0000e+00
      6.164      0.070     6.4961     85.701     41.510  30.398025     3.8885      7.005   274.3015 1.2382e-01     8.0707      6.045      8.768    11.6135   999.5883 0.0000e+00
      6.187      0.062     6.4986     85.732     41.511  30.399075     3.8509      7.005   274.2339 1.2382e-01     8.0604      6.072      8.808    11.6133   999.5885 0.0000e+00
      6.202      0.054     6.5040     85.734     41.509  30.398045     3.8433      7.006   274.2385 1.2379e-01     8.0272      6.083      8.823    11.6130   999.5885 0.0000e+00
      6.210      0.050     6.5149     85.721     41.492  30.385573     3.8311      7.007   274.3568 1.2370e-01     8.0307      6.090      8.833    11.6131   999.5886 0.0000e+00
      6.215      0.051     6.5209     85.715     41.478  30.375181     3.6767      7.007   274.4602 1.2367e-01     8.0038      6.095      8.841    11.6132   999.5886 0.0000e+00
      6.220      0.059     6.5220     85.710     41.511  30.399303     3.3819      7.006   274.4555 1.2372e-01     7.8986      6.097      8.842    11.6131   999.5886 0.0000e+00
      6.233      0.073     6.5227     85.687     41.544  30.423417     3.2140      7.005   274.3858 1.2374e-01     7.8396      6.108      8.859    11.6132   999.5887 0.0000e+00
      6.258      0.086     6.5203     85.648     41.530  30.412919     3.1815      7.004   274.3922 1.2371e-01     7.8155      6.134      8.896    11.6133   999.5888 0.0000e+00
      6.289      0.096     6.5203     85.601     41.512  30.399283     3.1537      7.004   274.4469 1.2370e-01     7.8045      6.167      8.944    11.6132   999.5889 0.0000e+00
      6.322      0.099     6.5209     85.551     41.494  30.385458     3.1294      7.005   274.4453 1.2373e-01     7.8375      6.200      8.993    11.6132   999.5891 0.0000e+00
      6.351      0.093     6.5186     85.515     41.477  30.372664     3.1218      7.005   274.3727 1.2373e-01     7.8532      6.230      9.036    11.6131   999.5893 0.0000e+00
      6.374      0.082     6.5156     85.497     41.476  30.371501     3.1138      7.005   274.2568 1.2376e-01     7.8308      6.253      9.069    11.6129   999.5894 0.0000e+00
      6.392      0.067     6.5120     85.492     41.477  30.371395     3.0240      7.005   274.1628 1.2381e-01     7.7639      6.270      9.093    11.6124   999.5895 0.0000e+00
      6.405      0.053     6.5077     85.531     41.477  30.371386     2.8687      7.005   274.0108 1.2383e-01     7.6665      6.282      9.112    11.6116   999.5897 0.0000e+00
      6.416      0.045     6.5049     85.612     41.477  30.371394     2.7875      7.005   273.7950 1.2376e-01     7.6364      6.293      9.128    11.6108   999.5898 0.0000e+00
      6.423      0.042     6.5046     85.696     41.477  30.371489     2.7879      7.006   273.7050 1.2369e-01     7.6621      6.300      9.138    11.6102   999.5899 0.0000e+00
      6.428      0.042     6.5025     85.768     41.479  30.372528     2.8908      7.006   273.6114 1.2373e-01     7.7148      6.301      9.139    11.6099   999.5899 0.0000e+00
      6.438      0.044     6.5051     85.777     41.494  30.383961     3.0866      7.005   273.4366 1.2376e-01     7.8153      6.309      9.152    11.6096   999.5900 0.0000e+00
      6.454      0.049     6.5142     85.689     41.493  30.382808     3.1876      7.005   273.3985 1.2373e-01     7.8615      6.330      9.182    11.6095   999.5901 0.0000e+00
      6.469      0.052     6.5189     85.557     41.461  30.358590     3.1846      7.005   273.4092 1.2373e-01     7.8467      6.345      9.202    11.6095   999.5902 0.0000e+00
      6.482      0.052     6.5267     85.422     41.442  30.344965     3.1799      7.005   273.3076 1.2376e-01     7.8334      6.355      9.217    11.6093   999.5902 0.0000e+00
      6.497      0.047     6.5297     85.294     41.442  30.344975     3.1741      7.006   273.2033 1.2378e-01     7.8641      6.371      9.241    11.6091   999.5904 0.0000e+00
      6.511      0.040     6.5195     85.206     41.461  30.358706     3.1575      7.006   273.1808 1.2376e-01     7.9566      6.388      9.264    11.6088   999.5905 0.0000e+00
      6.520      0.033     6.5090     85.196     41.495  30.384077     3.1438      7.006   273.1204 1.2377e-01     8.0335      6.395      9.276    11.6086   999.5905 0.0000e+00
      6.526      0.027     6.4987     85.215     41.514  30.397921     3.1388      7.006   272.9902 1.2383e-01     8.0725      6.400      9.283    11.6086   999.5905 0.0000e+00
      6.530      0.022     6.4886     85.202     41.516  30.399189     3.1744      7.007   272.8962 1.2388e-01     8.1335      6.405      9.289    11.6085   999.5906 0.0000e+00
      6.534      0.018     6.4792     85.186     41.516  30.399408     3.2619      7.007   272.8448 1.2390e-01     8.2469      6.407      9.293    11.6087   999.5905 0.0000e+00
      6.537      0.016     6.4805     85.186     41.518  30.400563     3.3214      7.008   272.7991 1.2383e-01     8.2966      6.411      9.298    11.6088   999.5906 0.0000e+00
      6.542      0.016     6.4852     85.178     41.535  30.413150     3.3229      7.009   272.7735 1.2373e-01     8.2751      6.415      9.304    11.6088   999.5906 0.0000e+00
      6.547      0.015     6.4816     85.153     41.550  30.424687     3.2709      7.009   272.7932 1.2372e-01     8.2499      6.420      9.311    11.6090   999.5906 0.0000e+00
      6.551      0.014     6.4800     85.111     41.534  30.413149     3.1778      7.009   272.7795 1.2372e-01     8.1559      6.425      9.318    11.6090   999.5906 0.0000e+00
      6.555      0.012     6.4814     85.067     41.517  30.400552     3.1244      7.010   272.6940 1.2373e-01     8.0887      6.428      9.324    11.6091   999.5906 0.0000e+00
      6.557      0.010     6.4804     85.032     41.516  30.399295     3.1204      7.010   272.6195 1.2381e-01     8.0926      6.431      9.327    11.6092   999.5906 0.0000e+00
      6.559      0.007     6.4789     84.995     41.514  30.397942     3.0596      7.010   272.5668 1.2379e-01     8.0071      6.433      9.330    11.6092   999.5907 0.0000e+00
      6.561      0.005     6.4751     84.951     41.495  30.384202     2.9360      7.012   272.5729 1.2373e-01     7.8737      6.434      9.332    11.6093   999.5906 0.0000e+00
      6.562      0.003     6.4711     84.911     41.463  30.360067     2.8743      7.013   272.6077 1.2378e-01     7.8567      6.435      9.333    11.6092   999.5907 0.0000e+00
      6.562      0.002     6.4695     84.916     41.463  30.359954     2.8857      7.014   272.5578 1.2378e-01     7.8666      6.435      9.334    11.6091   999.5907 0.0000e+00
      6.562      0.002     6.4660     84.968     41.495  30.382828     2.9517      7.016   272.3996 1.2375e-01     7.6986      6.435      9.333    11.6088   999.5907 0.0000e+00
      6.562      0.001     6.4639     85.049     41.496  30.382820     3.0573      7.016   272.2433 1.2380e-01     7.4638      6.435      9.334    11.6085   999.5907 0.0000e+00
      6.563      0.001     6.4582     85.167     41.465  30.359850     3.1132      7.016   272.3024 1.2376e-01     7.3864      6.436      9.335    11.6084   999.5907 0.0000e+00
      6.563      0.002     6.4589     85.296     41.464  30.358923     3.1251      7.016   272.3402 1.2365e-01     7.4192      6.436      9.335    11.6083   999.5907 0.0000e+00
      6.564      0.002     6.4645     85.409     41.482  30.371615     3.1226      7.017   272.1847 1.2365e-01     7.4342      6.437      9.336    11.6077   999.5908 0.0000e+00
      6.564      0.002     6.4688     85.481     41.502  30.386394     3.0398      7.017   272.1422 1.2376e-01     7.4363      6.437      9.336    11.6066   999.5909 0.0000e+00
      6.565      0.002     6.4800     85.510     41.535  30.410707     2.8967      7.017   272.1716 1.2387e-01     7.4782      6.438      9.337    11.6061   999.5910 0.0000e+00
      6.565      0.002     6.4896     85.531     41.536  30.411766     2.8312      7.017   272.1093 1.2395e-01     7.5473      6.438      9.338    11.6063   999.5910 0.0000e+00
      6.566      0.001     6.4993     85.549     41.520  30.399190     2.8371      7.018   271.9918 1.2389e-01     7.6162      6.439      9.339    11.6063   999.5910 0.0000e+00
      6.566      0.001     6.5054     85.547     41.502  30.385555     2.8471      7.019   271.8685 1.2375e-01     7.6883      6.439      9.339    11.6063   999.5910 0.0000e+00
      6.566      0.001     6.5055     85.529     41.487  30.373819     2.8642      7.020   271.8225 1.2370e-01     7.7634      6.439      9.339    11.6066   999.5910 0.0000e+00
      6.566      0.001     6.5075     85.512     41.502  30.384202     2.8712      7.021   271.8663 1.2373e-01     7.8029      6.439      9.339    11.6065   999.5910 0.0000e+00
      6.566      0.001     6.5098     85.499     41.502  30.384192     2.8713      7.022   272.0545 1.2377e-01     7.8390      6.439      9.339    11.6054   999.5911 0.0000e+00
      6.566      0.001     6.5094     85.494     41.487  30.373695     2.8742      7.022   272.2053 1.2381e-01     7.8718      6.439      9.339    11.6046   999.5912 0.0000e+00
      6.567 -9.990e-29     6.5075 -9.990e-29 -9.990e-29 -9.990e-29 -9.990e-29 -9.990e-29 -9.990e-29 1.2380e-01 -9.990e-29      6.440      9.340    11.6039   999.5912 0.0000e+00
