Data/DataNotYetUploadedToEDI/Raw_CTD/RawDownloads/110819_fcr10.cnv
* Sea-Bird SBE19plus  Data File:
* FileName = C:\DATA\110819_fcr50_0002.hex
* Software version 2.8.0.119 SB_Terminal.dll
* Temperature SN = 7809
* Conductivity SN = 7809
* System UpLoad Time = Nov 11 2019 10:23:25
* <ApplicationData>
* <Seaterm232>
# nquan = 16
# nvalues = 429                         
# units = specified
# name 0 = depFM: Depth [fresh water, m]
# name 1 = dz/dtM: Descent Rate [m/s]
# name 2 = sbeox0ML/L: Oxygen, SBE 43 [ml/l]
# name 3 = sbeox0PS: Oxygen, SBE 43 [% saturation]
# name 4 = specc: Specific Conductance [uS/cm]
# name 5 = c0uS/cm: Conductivity [uS/cm]
# name 6 = flECO-AFL: Fluorescence, WET Labs ECO-AFL/FL [mg/m^3]
# name 7 = ph: pH
# name 8 = orp: Oxidation Reduction Potential [mV]
# name 9 = par/sat/log: PAR/Logarithmic, Satlantic
# name 10 = turbWETntu0: Turbidity, WET Labs ECO [NTU]
# name 11 = prdM: Pressure, Strain Gauge [db]
# name 12 = prdE: Pressure, Strain Gauge [psi]
# name 13 = tv290C: Temperature [ITS-90, deg C]
# name 14 = density00: Density [density, kg/m^3]
# name 15 = flag:  0.000e+00
# span 0 =     -0.536,      2.414       
# span 1 =     -0.311,      0.358       
# span 2 =     5.2752,     7.8451       
# span 3 =     68.838,     98.775       
# span 4 =      1.093,     43.499       
# span 5 =   0.721953,  30.366770       
# span 6 =    -0.2353,   236.6701       
# span 7 =      6.318,      8.642       
# span 8 = -1240.7455,   886.2704       
# span 9 = 1.6644e+01, 1.6298e+03       
# span 10 =    -1.6809,    52.7672      
# span 11 =     -0.526,      2.368      
# span 12 =     -0.763,      3.434      
# span 13 =     8.0032,    11.4142      
# span 14 =   999.5819,   999.8514      
# span 15 = 0.0000e+00, 0.0000e+00      
# interval = seconds: 0.25
# start_time = Nov 08 2019 13:36:29 [Instrument's time stamp, header]
# bad_flag = -9.990e-29
*END*
[from data line 91]
      0.260      0.008     5.7930     74.858     41.549  30.145637     1.6757      7.973   273.9066 7.6413e+02     7.0443      0.255      0.370    11.3031   999.5941 0.0000e+00
      0.268      0.008     5.7675     74.755     41.519  30.120247     1.6231      7.967   273.8359 7.7679e+02     6.8488      0.265      0.384    11.3026   999.5942 0.0000e+00
      0.273      0.005     5.7487     74.667     41.487  30.096017     1.5998      7.962   273.9183 9.6889e+02     6.7259      0.269      0.390    11.2954   999.5950 0.0000e+00
      0.273     -0.002     5.7474     74.592     41.502  30.106493     1.5937      7.957   274.0424 1.1165e+03     6.7051      0.269      0.390    11.2822   999.5964 0.0000e+00
      0.269     -0.009     5.7387     74.492     41.522  30.120004     1.6110      7.953   274.0468 9.8840e+02     6.6956      0.264      0.383    11.2724   999.5974 0.0000e+00
      0.264     -0.015     5.7314     74.303     41.542  30.132468     1.6439      7.948   273.9709 8.1975e+02     6.6770      0.260      0.377    11.2697   999.5976 0.0000e+00
      0.259     -0.017     5.7248     74.058     41.543  30.130273     1.6535      7.943   273.8988 6.7865e+02     6.6771      0.255      0.370    11.2691   999.5976 0.0000e+00
      0.253     -0.014     5.7192     73.824     41.499  30.093469     1.6486      7.938   273.8634 5.9074e+02     6.6633      0.248      0.359    11.2681   999.5977 0.0000e+00
      0.247     -0.009     5.7158     73.586     41.472  30.068194     1.6276      7.932   273.8874 6.2654e+02     6.6418      0.241      0.350    11.2672   999.5978 0.0000e+00
      0.244     -0.003     5.6991     73.331     41.494  30.078493     1.5997      7.927   274.0174 6.7168e+02     6.6797      0.238      0.345    11.2658   999.5979 0.0000e+00
      0.246      0.002     5.6779     73.090     41.520  30.091069     1.5967      7.922   274.1444 5.8243e+02     6.7281      0.240      0.347    11.2627   999.5983 0.0000e+00
      0.251      0.006     5.6622     72.853     41.531  30.093338     1.6006      7.916   274.1319 5.4189e+02     6.7349      0.247      0.357    11.2567   999.5989 0.0000e+00
      0.255      0.009     5.6466     72.623     41.555  30.105923     1.6203      7.910   274.0379 6.9429e+02     6.7620      0.251      0.364    11.2488   999.5997 0.0000e+00
      0.257      0.010     5.6245     72.399     41.575  30.116315     1.6705      7.902   273.9543 7.5462e+02     6.8259      0.253      0.366    11.2415   999.6005 0.0000e+00
      0.259      0.009     5.6094     72.148     41.546  30.092080     1.7047      7.894   273.8098 6.1346e+02     6.8852      0.254      0.368    11.2342   999.6013 0.0000e+00
      0.260      0.008     5.5911     71.883     41.515  30.066708     1.7128      7.889   273.6678 5.3657e+02     6.9219      0.254      0.369    11.2270   999.6020 0.0000e+00
      0.262      0.007     5.5738     71.646     41.515  30.063360     1.7164      7.883   273.7004 5.7577e+02     6.9418      0.257      0.373    11.2205   999.6027 0.0000e+00
      0.265      0.007     5.5594     71.441     41.505  30.051595     1.7051      7.877   273.6877 5.8183e+02     6.9292      0.260      0.378    11.2157   999.6033 0.0000e+00
      0.267      0.007     5.5395     71.232     41.514  30.051367     1.6716      7.872   273.5998 5.7983e+02     6.9011      0.262      0.380    11.2127   999.6036 0.0000e+00
      0.268      0.006     5.5185     71.023     41.537  30.060596     1.6490      7.867   273.5842 5.9614e+02     6.8967      0.263      0.381    11.2097   999.6040 0.0000e+00
      0.270      0.004     5.4998     70.818     41.513  30.036266     1.6574      7.861   273.5851 6.2067e+02     6.9088      0.265      0.383    11.2057   999.6043 0.0000e+00
      0.271      0.003     5.4876     70.617     41.487  30.010993     1.6959      7.856   273.6099 6.3659e+02     6.9813      0.266      0.386    11.1999   999.6049 0.0000e+00
      0.271      0.001     5.4708     70.403     41.492  30.008843     1.7503      7.851   273.7114 6.1474e+02     7.1186      0.267      0.388    11.1924   999.6057 0.0000e+00
      0.271      0.000     5.4565     70.149     41.502  30.010260     1.7770      7.845   273.8669 6.4599e+02     7.2255      0.266      0.387    11.1829   999.6067 0.0000e+00
      0.271     -0.001     5.4418     69.856     41.534  30.028123     1.7760      7.838   273.9407 6.9519e+02     7.2250      0.266      0.386    11.1732   999.6077 0.0000e+00
      0.270     -0.001     5.4275     69.531     41.636  30.097909     1.7902      7.831   273.9158 6.6571e+02     7.1780      0.265      0.385    11.1655   999.6084 0.0000e+00
      0.269      0.000     5.4138     69.213     41.799  30.219484     1.8183      7.825   273.8238 5.7200e+02     7.1820      0.264      0.383    11.1588   999.6092 0.0000e+00
      0.269      0.001     5.3937     68.953     41.870  30.292442     1.8298      7.820   273.6884 5.4535e+02     7.2069      0.264      0.383    11.1523   999.6099 0.0000e+00
      0.270      0.001     5.3728     68.838     41.804  30.282052     1.8260      7.815   273.6559 6.9088e+02     7.2165      0.264      0.382    11.1454   999.6105 0.0000e+00
      0.271      0.001     5.3473     69.106     41.751  30.284276     1.8070      7.810   273.6885 7.6521e+02     7.2332      0.266      0.384    11.1394   999.6112 0.0000e+00
      0.272      0.001     5.3208     70.066     41.756  30.319368     1.7812      7.806   273.6533 6.2053e+02     7.2774      0.267      0.387    11.1381   999.6114 0.0000e+00
      0.272      0.000     5.2980     71.861     41.735  30.325653     1.7659      7.801   273.6602 4.9486e+02     7.2924      0.268      0.388    11.1612   999.6091 0.0000e+00
      0.272     -0.003     5.2752     74.381     41.677  30.296833     1.7611      7.795   273.6857 4.8390e+02     7.2834      0.267      0.387    11.2170   999.6032 0.0000e+00
      0.271     -0.006     5.2786     77.299     41.653  30.288202     1.7487      7.790   273.5317 5.3374e+02     7.3325      0.266      0.385    11.2704   999.5976 0.0000e+00
      0.270     -0.011     5.3442     80.266     41.642  30.284761     1.7209      7.784   273.2603 6.7744e+02     7.3945      0.265      0.384    11.3061   999.5939 0.0000e+00
      0.267     -0.019     5.4808     83.043     41.598  30.255227     1.7107      7.776   273.1583 8.3542e+02     7.4100      0.262      0.381    11.3314   999.5912 0.0000e+00
      0.263     -0.034     5.6825     85.424     41.589  30.248389     1.7120      7.768   273.1579 8.0087e+02     7.3891      0.259      0.375    11.3463   999.5896 0.0000e+00
      0.257     -0.058     5.9152     87.234     41.615  30.265545     1.7016      7.759   272.9119 6.0900e+02     7.3384      0.254      0.368    11.3557   999.5886 0.0000e+00
      0.246     -0.095     6.1461     88.396     41.625  30.272292     1.6983      7.749   272.5071 4.9412e+02     7.1569      0.245      0.356    11.3616   999.5879 0.0000e+00
      0.226     -0.147     6.3638     88.957     41.616  30.266510     1.7502      7.739   272.2220 5.8839e+02     6.8668      0.226      0.327    11.3645   999.5876 0.0000e+00
      0.191     -0.208     6.5519     89.097     41.602  30.259095     2.2588      7.730   272.0460 8.8700e+02     6.8135      0.194      0.281    11.3633   999.5875 0.0000e+00
      0.135     -0.266     6.6920     89.002     41.581  30.246093     7.7094      7.720   271.8410 1.1453e+03     7.8890      0.144      0.210    11.3609   999.5875 0.0000e+00
      0.049     -0.305     6.7806     88.760     41.561  30.236219    67.5750      7.707   271.8938 1.2095e+03    19.4107      0.056      0.081    11.3598   999.5872 0.0000e+00
     -0.060     -0.311     6.8176     88.456     41.594  30.266630   177.2920      7.688   272.5992 1.2079e+03    40.4314     -0.058     -0.084    11.3617   999.5865 0.0000e+00
     -0.173     -0.277     6.8211     88.143     41.627  30.296523   236.6701      7.663   273.6588 1.1989e+03    51.8475     -0.174     -0.254    11.3647   999.5856 0.0000e+00
     -0.267     -0.201     6.8138     87.783     41.598  30.280376   236.6631      7.635   274.3798 1.1662e+03    52.7672     -0.278     -0.403    11.3655   999.5850 0.0000e+00
     -0.320     -0.090     6.7913     87.385     41.568  30.261771   177.2147      7.611   274.4346 1.1518e+03    51.3553     -0.332     -0.481    11.3714   999.5841 0.0000e+00
     -0.325      0.038     6.7633     86.964     41.563  30.261943    67.3751      7.595   274.1496 1.1753e+03    48.5412     -0.331     -0.481    11.3817   999.5830 0.0000e+00
     -0.288      0.158     6.7423     86.501     41.587  30.282451     7.4515      7.582   273.8583 1.2021e+03    46.9259     -0.297     -0.432    11.3888   999.5825 0.0000e+00
     -0.212      0.245     6.7125     86.028     41.634  30.319365     2.0165      7.574   273.4943 1.2168e+03    45.8838     -0.220     -0.319    11.3930   999.5824 0.0000e+00
     -0.107      0.285     6.6801     85.580     41.642  30.327543     1.5841      7.569   273.1032 1.1314e+03    36.0395     -0.106     -0.153    11.3976   999.5824 0.0000e+00
      0.003      0.278     6.6499     85.186     41.627  30.317879     1.6509      7.564   272.8301 9.1685e+02    18.0233      0.009      0.014    11.4020   999.5825 0.0000e+00
      0.094      0.235     6.6113     84.887     41.642  30.329433     1.7060      7.558   272.6870 7.4085e+02     8.1678      0.105      0.152    11.4055   999.5826 0.0000e+00
      0.149      0.171     6.5743     84.689     41.657  30.340318     1.7128      7.553   272.6636 7.3483e+02     7.2301      0.159      0.232    11.4088   999.5825 0.0000e+00
      0.168      0.106     6.5393     84.574     41.633  30.322583     1.7931      7.547   272.6331 7.6931e+02     7.1771      0.173      0.251    11.4118   999.5823 0.0000e+00
      0.163      0.054     6.5068     84.528     41.610  30.305367     1.9396      7.539   272.5762 6.9621e+02     7.2643      0.161      0.234    11.4141   999.5820 0.0000e+00
      0.153      0.023     6.4845     84.542     41.636  30.322527     2.0188      7.531   272.5786 7.5626e+02     7.3352      0.145      0.210    11.4142   999.5819 0.0000e+00
      0.151      0.009     6.4694     84.588     41.661  30.339701     2.0232      7.524   272.5758 9.5679e+02     7.3779      0.146      0.211    11.4137   999.5819 0.0000e+00
      0.156      0.005     6.4616     84.629     41.639  30.322642     2.0104      7.517   272.5423 8.7524e+02     7.3879      0.153      0.221    11.4142   999.5819 0.0000e+00
      0.166      0.005     6.4577     84.664     41.618  30.306635     2.0113      7.511   272.5180 6.3193e+02     7.3896      0.162      0.235    11.4136   999.5820 0.0000e+00
      0.175      0.005     6.4600     84.707     41.658  30.336525     2.0249      7.506   272.4545 7.7784e+02     7.3996      0.179      0.259    11.4118   999.5822 0.0000e+00
      0.173      0.002     6.4656     84.784     41.698  30.366770     2.0192      7.501   272.3755 1.1597e+03     7.3773      0.174      0.253    11.4097   999.5825 0.0000e+00
      0.164     -0.003     6.4680     84.896     41.682  30.355052     2.0118      7.496   272.3384 1.2224e+03     7.3489      0.158      0.227    11.4078   999.5826 0.0000e+00
      0.159     -0.007     6.4711     84.995     41.637  30.321751     2.0307      7.491   272.2637 9.8408e+02     7.3509      0.153      0.221    11.4079   999.5825 0.0000e+00
      0.160     -0.007     6.4728     85.047     41.583  30.281405     2.0654      7.486   272.2462 8.5462e+02     7.3698      0.157      0.229    11.4093   999.5825 0.0000e+00
      0.162     -0.005     6.4783     85.055     41.540  30.247955     2.0854      7.480   272.2983 9.1042e+02     7.3478      0.161      0.234    11.4107   999.5824 0.0000e+00
      0.161     -0.002     6.4888     85.029     41.526  30.234589     2.0898      7.474   272.2922 8.5767e+02     7.3136      0.159      0.229    11.4110   999.5823 0.0000e+00
      0.160     -0.002     6.4975     84.992     41.547  30.246698     2.1101      7.468   272.3445 7.7295e+02     7.3500      0.158      0.227    11.4097   999.5824 0.0000e+00
      0.159     -0.002     6.5010     84.942     41.579  30.267449     2.1402      7.462   272.4137 8.0260e+02     7.3955      0.154      0.225    11.4082   999.5825 0.0000e+00
      0.157     -0.001     6.5022     84.853     41.619  30.295127     2.1499      7.456   272.4410 8.5726e+02     7.4041      0.153      0.223    11.4062   999.5827 0.0000e+00
      0.157      0.002     6.4998     84.745     41.663  30.327534     2.1407      7.450   272.5883 1.0027e+03     7.4218      0.154      0.223    11.4023   999.5831 0.0000e+00
      0.157      0.006     6.4972     84.673     41.680  30.342002     2.1328      7.445   272.8188 1.2441e+03     7.3799      0.153      0.222    11.3973   999.5837 0.0000e+00
      0.159      0.010     6.4959     84.648     41.678  30.343142     2.1330      7.440   272.9902 1.2604e+03     7.2579      0.155      0.224    11.3937   999.5841 0.0000e+00
      0.163      0.013     6.4885     84.666     41.672  30.341323     2.1343      7.436   273.0264 9.7147e+02     7.1920      0.159      0.231    11.3930   999.5842 0.0000e+00
      0.168      0.014     6.4775     84.713     41.641  30.320009     2.1307      7.434   272.9121 7.2447e+02     7.1729      0.166      0.240    11.3938   999.5842 0.0000e+00
      0.173      0.013     6.4721     84.762     41.578  30.275800     2.0987      7.431   272.8129 7.2896e+02     7.1254      0.170      0.246    11.3958   999.5840 0.0000e+00
      0.177      0.010     6.4701     84.817     41.541  30.250981     2.0416      7.429   272.7736 9.2546e+02     7.1086      0.175      0.253    11.3989   999.5837 0.0000e+00
      0.180      0.006     6.4704     84.882     41.571  30.273755     2.0127      7.426   272.6946 9.8841e+02     7.1344      0.178      0.258    11.4018   999.5834 0.0000e+00
      0.180      0.002     6.4760     84.932     41.603  30.297344     2.0184      7.423   272.7176 8.7505e+02     7.1421      0.178      0.258    11.4039   999.5831 0.0000e+00
      0.178     -0.001     6.4782     84.962     41.583  30.282364     2.0244      7.421   272.8797 7.8343e+02     7.1357      0.175      0.254    11.4058   999.5829 0.0000e+00
      0.176     -0.004     6.4819     84.974     41.585  30.283001     2.0504      7.418   272.9345 8.3455e+02     7.1231      0.172      0.250    11.4079   999.5826 0.0000e+00
      0.176     -0.006     6.4883     84.980     41.617  30.305045     2.1071      7.414   272.7778 1.0626e+03     7.1211      0.173      0.251    11.4098   999.5824 0.0000e+00
      0.176     -0.008     6.4912     84.988     41.606  30.295084     2.1372      7.411   272.6197 1.1743e+03     7.1438      0.174      0.252    11.4102   999.5824 0.0000e+00
      0.174     -0.008     6.4943     84.997     41.601  30.289472     2.1370      7.408   272.5717 1.0436e+03     7.1688      0.172      0.249    11.4095   999.5825 0.0000e+00
      0.171     -0.009     6.4945     85.005     41.618  30.300646     2.1050      7.405   272.6280 8.9051e+02     7.2260      0.168      0.243    11.4088   999.5825 0.0000e+00
      0.167     -0.009     6.4950     84.995     41.625  30.303273     2.0447      7.402   272.7842 8.6982e+02     7.3105      0.162      0.236    11.4067   999.5827 0.0000e+00
      0.164     -0.009     6.4966     84.975     41.653  30.321232     2.0242      7.401   272.9108 8.7051e+02     7.3387      0.161      0.233    11.4037   999.5830 0.0000e+00
      0.162     -0.007     6.4968     84.972     41.663  30.327415     2.0221      7.398   272.9550 8.6673e+02     7.3378      0.159      0.231    11.4018   999.5832 0.0000e+00
      0.160     -0.003     6.4989     84.992     41.647  30.314577     1.9926      7.391   272.9736 9.5249e+02     7.4316      0.157      0.228    11.4004   999.5834 0.0000e+00
