Data/DataNotYetUploadedToEDI/Raw_CTD/RawDownloads/110819_fcr30.cnv
* Sea-Bird SBE19plus  Data File:
* FileName = C:\DATA\110819_fcr50_0004.hex
* Software version 2.8.0.119 SB_Terminal.dll
* Temperature SN = 7809
* Conductivity SN = 7809
* System UpLoad Time = Nov 11 2019 10:23:49
* <ApplicationData>
* <Seaterm232>
# nquan = 16
# nvalues = 251                         
# units = specified
# name 0 = depFM: Depth [fresh water, m]
# name 1 = dz/dtM: Descent Rate [m/s]
# name 2 = sbeox0ML/L: Oxygen, SBE 43 [ml/l]
# name 3 = sbeox0PS: Oxygen, SBE 43 [% saturation]
# name 4 = specc: Specific Conductance [uS/cm]
# name 5 = c0uS/cm: Conductivity [uS/cm]
# name 6 = flECO-AFL: Fluorescence, WET Labs ECO-AFL/FL [mg/m^3]
# name 7 = ph: pH
# name 8 = orp: Oxidation Reduction Potential [mV]
# name 9 = par/sat/log: PAR/Logarithmic, Satlantic
# name 10 = turbWETntu0: Turbidity, WET Labs ECO [NTU]
# name 11 = prdM: Pressure, Strain Gauge [db]
# name 12 = prdE: Pressure, Strain Gauge [psi]
# name 13 = tv290C: Temperature [ITS-90, deg C]
# name 14 = density00: Density [density, kg/m^3]
# name 15 = flag:  0.000e+00
# span 0 =     -0.534,      5.533       
# span 1 =     -0.014,      0.337       
# span 2 =     5.3147,     7.7862       
# span 3 =     69.470,     99.100       
# span 4 =     38.156,     43.362       
# span 5 =  25.215214,  30.341201       
# span 6 =    -0.2088,     3.3505       
# span 7 =      7.072,      7.654       
# span 8 =   217.3753,   255.3244       
# span 9 = 1.2359e-01, 1.0228e+03       
# span 10 =     6.9262,   897.3858      
# span 11 =     -0.524,      5.426      
# span 12 =     -0.760,      7.870      
# span 13 =     7.3911,    11.5110      
# span 14 =   999.5786,   999.8877      
# span 15 = 0.0000e+00, 0.0000e+00      
# interval = seconds: 0.25
# start_time = Nov 08 2019 14:03:35 [Instrument's time stamp, header]
# bad_flag = -9.990e-29
*END*
     -0.534      0.097     7.7803     92.828     38.156  25.215214    -0.2088      7.185   217.3753 1.8196e+02   893.5498     -0.524     -0.760     7.3911   999.8866 0.0000e+00
     -0.524      0.163     7.7814     92.828     43.306  29.069043    -0.1743      7.411   226.9898 1.9051e+02   897.3858     -0.524     -0.760     7.4230   999.8852 0.0000e+00
     -0.485      0.229     7.7862     92.835     43.362  29.647156    -0.1325      7.544   229.2073 2.6743e+02   716.8252     -0.496     -0.718     7.4403   999.8845 0.0000e+00
     -0.402      0.286     7.7861     92.845     42.881  29.794471     0.3224      7.614   230.4201 4.3085e+02   343.0538     -0.407     -0.590     7.4949   999.8877 0.0000e+00
     -0.288      0.325     7.7183     92.873     42.311  29.771994     1.1467      7.644   229.4359 5.8720e+02    78.0341     -0.280     -0.406     7.8737   999.8734 0.0000e+00
     -0.175      0.337     7.5889     92.964     41.809  29.693042     1.5974      7.654   226.5998 7.7633e+02    14.4254     -0.162     -0.236     8.5448   999.8320 0.0000e+00
     -0.080      0.320     7.4694     93.129     41.508  29.665052     1.6442      7.654   225.1244 9.6256e+02     8.6258     -0.073     -0.106     9.2199   999.7831 0.0000e+00
     -0.002      0.281     7.3692     93.378     41.375  29.687572     1.6521      7.650   224.8473 1.0039e+03     8.0423      0.001      0.002     9.7883   999.7374 0.0000e+00
      0.060      0.233     7.2941     93.740     41.299  29.711639     1.6584      7.643   224.7969 8.9859e+02     7.9274      0.067      0.096    10.2221   999.6993 0.0000e+00
      0.105      0.184     7.2467     94.211     41.294  29.765760     1.6594      7.634   225.1183 9.2874e+02     7.8923      0.106      0.152    10.5474   999.6691 0.0000e+00
      0.141      0.140     7.2229     94.821     41.324  29.834379     1.6478      7.626   225.2911 1.0228e+03     7.8470      0.136      0.197    10.7619   999.6484 0.0000e+00
      0.176      0.102     7.2203     95.784     41.281  29.843366     1.6138      7.619   225.4241 7.6417e+02     7.7074      0.179      0.259    10.8863   999.6363 0.0000e+00
      0.200      0.071     7.2322     97.081     41.194  29.811010     1.5683      7.612   225.7793 5.8657e+02     7.5153      0.205      0.296    10.9780   999.6272 0.0000e+00
      0.208      0.045     7.2610     98.261     41.180  29.823923     1.5403      7.604   226.2303 7.0240e+02     7.3925      0.205      0.298    11.0427   999.6207 0.0000e+00
      0.209      0.024     7.2883     98.965     41.220  29.872609     1.5265      7.597   226.4033 7.1998e+02     7.3361      0.204      0.296    11.0978   999.6151 0.0000e+00
      0.210      0.008     7.3499     99.100     41.220  29.892061     1.5223      7.591   226.3228 6.2966e+02     7.2592      0.207      0.301    11.1486   999.6099 0.0000e+00
      0.210      0.001     7.4643     98.699     41.163  29.868782     1.5242      7.585   226.3750 5.1835e+02     7.1839      0.206      0.300    11.1854   999.6060 0.0000e+00
      0.208      0.004     7.5582     97.716     41.022  29.781524     1.5232      7.580   226.6053 4.3940e+02     7.1799      0.204      0.295    11.2109   999.6033 0.0000e+00
      0.205      0.011     7.6107     96.052     40.753  29.598488     1.5193      7.574   226.7838 4.5950e+02     7.1780      0.202      0.291    11.2332   999.6010 0.0000e+00
      0.205      0.018     7.6143     93.882     40.508  29.432394     1.5207      7.568   226.8980 4.7808e+02     7.0951      0.197      0.286    11.2569   999.5986 0.0000e+00
      0.211      0.022     7.5794     91.590     40.568  29.486541     1.5321      7.562   227.0403 4.2114e+02     6.9973      0.203      0.294    11.2799   999.5961 0.0000e+00
      0.226      0.026     7.5086     89.425     40.828  29.682113     1.5355      7.556   227.2988 4.0023e+02     6.9459      0.222      0.321    11.2985   999.5942 0.0000e+00
      0.240      0.030     7.3723     87.419     40.940  29.766563     1.5262      7.548   227.7867 4.7696e+02     6.9324      0.240      0.349    11.3117   999.5929 0.0000e+00
      0.245      0.033     7.1912     85.609     40.824  29.682724     1.5155      7.539   228.2076 5.7939e+02     6.9658      0.244      0.355    11.3258   999.5912 0.0000e+00
      0.244      0.031     7.0051     84.077     40.736  29.620220     1.5108      7.530   228.3438 6.5324e+02     7.0871      0.235      0.341    11.3414   999.5896 0.0000e+00
      0.250      0.026     6.8407     82.856     40.853  29.708819     1.5126      7.521   228.4872 6.4969e+02     7.2850      0.238      0.346    11.3502   999.5889 0.0000e+00
      0.265      0.022     6.6856     81.922     40.976  29.802179     1.5113      7.513   228.6511 5.5365e+02     7.3916      0.263      0.381    11.3520   999.5888 0.0000e+00
      0.278      0.020     6.5430     81.116     40.968  29.797228     1.5120      7.506   228.6909 5.4021e+02     7.3601      0.280      0.404    11.3521   999.5888 0.0000e+00
      0.278      0.015     6.4268     80.361     40.941  29.775868     1.5377      7.502   228.7103 5.8987e+02     7.2646      0.273      0.395    11.3526   999.5887 0.0000e+00
      0.275      0.008     6.3304     79.776     40.970  29.797729     1.5804      7.497   228.7998 6.5497e+02     7.1556      0.265      0.385    11.3574   999.5882 0.0000e+00
      0.278      0.002     6.2646     79.350     40.979  29.807728     1.6038      7.492   228.9127 6.7033e+02     7.1558      0.274      0.397    11.3649   999.5875 0.0000e+00
      0.278     -0.002     6.2078     78.976     40.924  29.769860     1.6033      7.487   228.9566 4.9093e+02     7.2016      0.277      0.402    11.3657   999.5874 0.0000e+00
      0.274     -0.002     6.1417     78.653     40.942  29.784060     1.5830      7.483   229.0721 3.8754e+02     7.2179      0.267      0.388    11.3599   999.5880 0.0000e+00
      0.274     -0.001     6.0992     78.423     41.032  29.852501     1.5489      7.479   229.2772 5.1706e+02     7.2540      0.266      0.387    11.3601   999.5880 0.0000e+00
      0.276     -0.001     6.0705     78.259     41.007  29.835931     1.5378      7.474   229.3712 6.3109e+02     7.3101      0.274      0.398    11.3674   999.5872 0.0000e+00
      0.274     -0.003     6.0401     78.127     40.923  29.774077     1.5439      7.470   229.4342 5.7124e+02     7.3728      0.269      0.392    11.3700   999.5869 0.0000e+00
      0.272     -0.007     6.0139     78.050     40.963  29.802625     1.5621      7.467   229.6083 4.6169e+02     7.2581      0.263      0.382    11.3695   999.5869 0.0000e+00
      0.276     -0.011     5.9963     78.006     41.045  29.863840     1.6103      7.462   229.8422 4.5952e+02     7.0043      0.271      0.394    11.3739   999.5866 0.0000e+00
      0.276     -0.013     5.9859     77.958     40.978  29.816240     1.6420      7.456   230.0248 5.9710e+02     6.9262      0.278      0.401    11.3786   999.5861 0.0000e+00
      0.266     -0.013     5.9731     77.888     40.868  29.734715     1.6508      7.451   230.0090 6.9028e+02     6.9689      0.262      0.379    11.3764   999.5862 0.0000e+00
      0.254     -0.014     5.9695     77.781     40.910  29.766479     1.6723      7.447   229.9103 6.3198e+02     7.0622      0.243      0.353    11.3728   999.5865 0.0000e+00
      0.253     -0.014     5.9668     77.668     40.978  29.819581     1.6942      7.443   229.9499 6.0852e+02     7.2348      0.247      0.358    11.3770   999.5861 0.0000e+00
      0.256     -0.012     5.9622     77.553     40.953  29.805686     1.6995      7.440   229.9717 6.5343e+02     7.3517      0.256      0.370    11.3793   999.5859 0.0000e+00
      0.254     -0.009     5.9598     77.395     40.926  29.788834     1.7014      7.438   230.0016 7.1126e+02     7.3940      0.249      0.360    11.3748   999.5863 0.0000e+00
      0.249     -0.007     5.9488     77.196     40.947  29.806193     1.7084      7.435   230.2247 7.3316e+02     7.3859      0.242      0.351    11.3751   999.5862 0.0000e+00
      0.248     -0.007     5.9396     76.994     40.970  29.825217     1.6801      7.431   230.4324 6.3800e+02     7.3515      0.244      0.354    11.3816   999.5856 0.0000e+00
      0.246     -0.007     5.9318     76.805     40.972  29.828495     1.6195      7.428   230.5342 5.4205e+02     7.3392      0.242      0.352    11.3879   999.5849 0.0000e+00
      0.244     -0.003     5.9190     76.637     40.994  29.845824     1.5905      7.425   230.6814 5.5940e+02     7.3349      0.238      0.345    11.3906   999.5846 0.0000e+00
      0.242      0.000     5.9019     76.500     40.992  29.844382     1.5903      7.424   230.7499 5.6758e+02     7.3330      0.237      0.344    11.3934   999.5843 0.0000e+00
      0.242      0.001     5.8854     76.376     40.952  29.811060     1.5738      7.422   230.6737 5.5870e+02     7.3163      0.238      0.345    11.3969   999.5839 0.0000e+00
      0.244      0.001     5.8717     76.299     40.981  29.823649     1.5469      7.419   230.7058 5.9909e+02     7.2960      0.238      0.345    11.3986   999.5837 0.0000e+00
      0.249      0.002     5.8566     76.306     41.051  29.869678     1.5429      7.417   230.8803 5.4359e+02     7.3177      0.244      0.354    11.4002   999.5836 0.0000e+00
      0.251      0.002     5.8483     76.357     41.036  29.859961     1.5590      7.414   231.0624 4.3109e+02     7.3490      0.249      0.361    11.4034   999.5833 0.0000e+00
      0.247      0.002     5.8377     76.433     40.997  29.833069     1.6475      7.411   231.2724 4.8093e+02     7.4126      0.242      0.352    11.3979   999.5838 0.0000e+00
      0.244      0.002     5.8316     76.543     41.037  29.861808     1.7980      7.408   231.4413 5.5058e+02     7.5291      0.236      0.343    11.3812   999.5857 0.0000e+00
      0.246      0.003     5.8360     76.664     41.075  29.890158     1.8685      7.404   231.5559 5.0443e+02     7.5774      0.241      0.350    11.3756   999.5863 0.0000e+00
      0.249      0.004     5.8390     76.748     41.032  29.858579     1.8756      7.401   231.6257 4.6386e+02     7.5704      0.246      0.357    11.3815   999.5856 0.0000e+00
      0.249      0.006     5.8439     76.764     40.952  29.797258     1.8585      7.400   231.6834 4.0538e+02     7.5429      0.243      0.353    11.3828   999.5854 0.0000e+00
      0.251      0.006     5.8534     76.693     40.939  29.783263     1.7920      7.398   231.8229 3.8035e+02     7.4415      0.244      0.354    11.3801   999.5858 0.0000e+00
      0.254      0.005     5.8644     76.528     40.987  29.816271     1.7484      7.396   231.9354 4.1615e+02     7.3609      0.250      0.363    11.3816   999.5857 0.0000e+00
      0.256      0.004     5.8709     76.303     40.987  29.815641     1.7563      7.395   232.0113 4.1967e+02     7.3557      0.253      0.366    11.3842   999.5853 0.0000e+00
      0.255      0.004     5.8732     76.003     40.934  29.775646     1.7826      7.393   232.1387 4.0385e+02     7.4112      0.248      0.360    11.3783   999.5859 0.0000e+00
      0.255      0.003     5.8701     75.619     40.851  29.713406     1.8155      7.390   232.2707 3.6483e+02     7.5068      0.249      0.361    11.3705   999.5868 0.0000e+00
      0.257      0.002     5.8552     75.289     40.750  29.634176     1.8320      7.387   232.3167 3.3326e+02     7.5613      0.253      0.367    11.3706   999.5869 0.0000e+00
      0.257     -0.001     5.8380     75.074     40.686  29.579118     1.8268      7.385   232.3515 3.5334e+02     7.5786      0.252      0.366    11.3709   999.5868 0.0000e+00
      0.258     -0.003     5.8190     74.862     40.664  29.555315     1.7956      7.384   232.5185 3.7654e+02     7.4866      0.254      0.368    11.3670   999.5872 0.0000e+00
      0.259     -0.006     5.7828     74.618     40.643  29.536733     1.7411      7.382   232.7017 3.6667e+02     7.2684      0.256      0.372    11.3661   999.5873 0.0000e+00
      0.255     -0.007     5.7553     74.399     40.655  29.544800     1.7061      7.381   232.7590 3.4720e+02     7.1360      0.251      0.365    11.3611   999.5876 0.0000e+00
      0.250     -0.006     5.7475     74.207     40.717  29.589398     1.7016      7.379   232.8679 3.2488e+02     7.1315      0.243      0.353    11.3466   999.5891 0.0000e+00
      0.246      0.000     5.7329     74.002     40.775  29.631785     1.7045      7.376   233.0717 3.3123e+02     7.1806      0.241      0.349    11.3359   999.5904 0.0000e+00
      0.246      0.010     5.7114     73.763     40.834  29.676580     1.7059      7.372   233.2447 3.5547e+02     7.3691      0.242      0.351    11.3333   999.5906 0.0000e+00
      0.247      0.025     5.6951     73.500     40.932  29.750301     1.7100      7.365   233.5821 3.4916e+02     7.6413      0.240      0.348    11.3333   999.5905 0.0000e+00
      0.252      0.046     5.6822     73.246     41.031  29.825156     1.7103      7.355   234.2263 3.5669e+02     7.7839      0.245      0.354    11.3325   999.5907 0.0000e+00
      0.266      0.070     5.6667     73.037     41.021  29.820198     1.7098      7.345   234.8390 3.7589e+02     7.8488      0.260      0.377    11.3323   999.5908 0.0000e+00
      0.285      0.090     5.6481     72.887     40.844  29.690363     1.7988      7.336   235.2257 3.5810e+02     7.9991      0.277      0.402    11.3348   999.5906 0.0000e+00
      0.312      0.104     5.6265     72.802     40.616  29.524390     1.9722      7.329   235.6320 3.4752e+02     8.1920      0.301      0.436    11.3376   999.5905 0.0000e+00
      0.352      0.111     5.6052     72.765     40.610  29.526665     2.0630      7.324   236.2240 3.7526e+02     8.2801      0.343      0.498    11.3419   999.5903 0.0000e+00
      0.392      0.117     5.5885     72.739     40.861  29.717865     2.0644      7.319   236.9630 4.0769e+02     8.2789      0.390      0.566    11.3471   999.5900 0.0000e+00
      0.421      0.127     5.5774     72.703     41.065  29.869140     2.0673      7.312   237.5975 4.1514e+02     8.1772      0.419      0.609    11.3430   999.5904 0.0000e+00
      0.438      0.137     5.5713     72.656     41.020  29.832850     2.0808      7.304   237.8731 4.2749e+02     7.9687      0.428      0.621    11.3386   999.5909 0.0000e+00
      0.459      0.147     5.5691     72.616     40.788  29.659795     2.0884      7.297   237.9728 4.3012e+02     7.8549      0.440      0.637    11.3499   999.5897 0.0000e+00
      0.501      0.153     5.5653     72.607     40.638  29.553431     2.0816      7.293   238.2862 3.6413e+02     7.8503      0.486      0.705    11.3647   999.5884 0.0000e+00
      0.561      0.160     5.5622     72.626     40.723  29.625517     2.1199      7.289   238.7377 3.2869e+02     7.7812      0.553      0.801    11.3685   999.5885 0.0000e+00
      0.618      0.166     5.5590     72.659     40.905  29.769967     2.2129      7.284   239.0436 3.3654e+02     7.6751      0.613      0.889    11.3616   999.5895 0.0000e+00
      0.658      0.167     5.5559     72.694     40.989  29.840546     2.2620      7.278   239.2315 2.9701e+02     7.6489      0.651      0.944    11.3518   999.5906 0.0000e+00
      0.686      0.161     5.5556     72.744     40.899  29.780902     2.2632      7.273   239.4612 2.5470e+02     7.6276      0.669      0.971    11.3550   999.5902 0.0000e+00
      0.718      0.151     5.5547     72.825     40.763  29.683347     2.2711      7.269   239.7557 2.3358e+02     7.5814      0.699      1.013    11.3724   999.5887 0.0000e+00
      0.762      0.143     5.5562     72.939     40.753  29.676277     2.3477      7.266   239.9522 2.1590e+02     7.5495      0.747      1.084    11.3880   999.5873 0.0000e+00
      0.808      0.141     5.5565     73.086     40.863  29.758867     2.4877      7.261   240.0300 2.0842e+02     7.4714      0.795      1.153    11.3998   999.5863 0.0000e+00
      0.846      0.141     5.5591     73.249     40.908  29.793597     2.5582      7.257   240.1800 2.0421e+02     7.3907      0.833      1.208    11.4071   999.5856 0.0000e+00
