Data/DataNotYetUploadedToEDI/Raw_CTD/RawDownloads/110819_fcr50.cnv
* Sea-Bird SBE19plus  Data File:
* FileName = C:\DATA\110819_fcr50_0001.hex
* Software version 2.8.0.119 SB_Terminal.dll
* Temperature SN = 7809
* Conductivity SN = 7809
* System UpLoad Time = Nov 11 2019 10:23:09
* <ApplicationData>
* <Seaterm232>
# nquan = 16
# nvalues = 986                         
# units = specified
# name 0 = depFM: Depth [fresh water, m]
# name 1 = dz/dtM: Descent Rate [m/s]
# name 2 = sbeox0ML/L: Oxygen, SBE 43 [ml/l]
# name 3 = sbeox0PS: Oxygen, SBE 43 [% saturation]
# name 4 = specc: Specific Conductance [uS/cm]
# name 5 = c0uS/cm: Conductivity [uS/cm]
# name 6 = flECO-AFL: Fluorescence, WET Labs ECO-AFL/FL [mg/m^3]
# name 7 = ph: pH
# name 8 = orp: Oxidation Reduction Potential [mV]
# name 9 = par/sat/log: PAR/Logarithmic, Satlantic
# name 10 = turbWETntu0: Turbidity, WET Labs ECO [NTU]
# name 11 = prdM: Pressure, Strain Gauge [db]
# name 12 = prdE: Pressure, Strain Gauge [psi]
# name 13 = tv290C: Temperature [ITS-90, deg C]
# name 14 = density00: Density [density, kg/m^3]
# name 15 = flag:  0.000e+00
# span 0 =     -0.541,      9.627       
# span 1 =     -0.239,      0.453       
# span 2 =     5.3230,     8.8079       
# span 3 =     69.455,    104.705       
# span 4 =      2.906,     50.526       
# span 5 =   1.740296,  31.899679       
# span 6 =    -0.2103,     6.0093       
# span 7 =     -2.389,      8.279       
# span 8 =  -844.1010,   731.2611       
# span 9 = 1.2360e-01, 1.3419e+03       
# span 10 =    -0.5752,    53.9108      
# span 11 =     -0.533,      9.441      
# span 12 =     -0.772,     13.693      
# span 13 =     4.8152,    11.6830      
# span 14 =   999.5542,   999.9829      
# span 15 = 0.0000e+00, 0.0000e+00      
# interval = seconds: 0.25
# start_time = Nov 08 2019 12:45:17 [Instrument's time stamp, header]
# bad_flag = -9.990e-29
*END*
[from data line 904]
      9.088      0.055     6.5395     86.220     41.663  30.551476     2.8241      6.964   303.4766 1.2383e-01     8.0708      8.910     12.923    11.6821   999.5944 0.0000e+00
      9.102      0.057     6.5398     86.147     41.670  30.550332     2.8280      6.963   301.9052 1.2383e-01     8.1156      8.925     12.945    11.6820   999.5945 0.0000e+00
      9.121      0.058     6.5462     86.091     41.640  30.526115     2.8914      6.963   301.2445 1.2376e-01     8.2794      8.945     12.973    11.6791   999.5949 0.0000e+00
      9.139      0.058     6.5532     86.051     41.621  30.512489     3.0099      6.964   301.3391 1.2366e-01     8.5764      8.963     13.000    11.6710   999.5958 0.0000e+00
      9.154      0.058     6.5545     86.008     41.620  30.512488     3.0813      6.964   301.9304 1.2366e-01     8.7576      8.978     13.021    11.6613   999.5970 0.0000e+00
      9.167      0.056     6.5455     85.984     41.638  30.526105     3.1050      6.964   302.8011 1.2367e-01     8.7666      8.990     13.038    11.6532   999.5980 0.0000e+00
      9.179      0.052     6.5429     85.957     41.671  30.550218     3.2955      6.964   302.1439 1.2370e-01     8.6849      9.002     13.054    11.6503   999.5983 0.0000e+00
      9.192      0.048     6.5414     85.913     41.672  30.550217     3.6505      6.964   300.2656 1.2375e-01     8.5561      9.014     13.075    11.6520   999.5982 0.0000e+00
      9.206      0.045     6.5349     85.868     41.639  30.526094     3.8431      6.964   299.3634 1.2375e-01     8.4876      9.029     13.096    11.6541   999.5981 0.0000e+00
      9.218      0.043     6.5354     85.803     41.620  30.512364     3.8386      6.964   299.4091 1.2373e-01     8.5116      9.041     13.112    11.6545   999.5981 0.0000e+00
      9.227      0.041     6.5334     85.711     41.618  30.511127     3.6655      6.963   299.7006 1.2375e-01     8.5512      9.049     13.125    11.6541   999.5982 0.0000e+00
      9.236      0.041     6.5291     85.630     41.619  30.511127     3.3624      6.963   300.1338 1.2382e-01     8.5406      9.058     13.138    11.6534   999.5983 0.0000e+00
      9.245      0.043     6.5266     85.548     41.623  30.512366     3.2002      6.964   300.1738 1.2380e-01     8.4816      9.065     13.148    11.6528   999.5984 0.0000e+00
      9.254      0.046     6.5227     85.453     41.645  30.526105     3.1872      6.964   299.7543 1.2373e-01     8.4279      9.074     13.161    11.6531   999.5984 0.0000e+00
      9.266      0.050     6.5131     85.409     41.683  30.550334     3.1791      6.964   299.2769 1.2370e-01     8.3828      9.086     13.180    11.6534   999.5984 0.0000e+00
      9.281      0.052     6.5076     85.420     41.688  30.551488     3.1545      6.964   299.0470 1.2365e-01     8.3291      9.100     13.200    11.6530   999.5985 0.0000e+00
      9.298      0.053     6.5041     85.455     41.675  30.540056     3.1318      6.965   299.0397 1.2366e-01     8.3040      9.117     13.224    11.6517   999.5988 0.0000e+00
      9.314      0.054     6.4925     85.493     41.675  30.539017     3.1210      6.966   299.1029 1.2376e-01     8.3084      9.135     13.249    11.6478   999.5993 0.0000e+00
      9.326      0.054     6.4911     85.483     41.676  30.538933     3.0586      6.965   299.7246 1.2381e-01     8.3165      9.147     13.266    11.6430   999.5999 0.0000e+00
      9.336      0.053     6.4941     85.419     41.678  30.539030     2.9414      6.964   300.7922 1.2379e-01     8.3038      9.155     13.279    11.6402   999.6002 0.0000e+00
      9.349      0.052     6.4959     85.360     41.683  30.540183     2.8832      6.964   300.9989 1.2374e-01     8.2859      9.166     13.295    11.6373   999.6006 0.0000e+00
      9.364      0.050     6.5021     85.311     41.703  30.552874     2.8834      6.963   300.2446 1.2373e-01     8.2960      9.183     13.319    11.6358   999.6008 0.0000e+00
      9.380      0.048     6.5014     85.225     41.720  30.565565     2.8749      6.963   299.5867 1.2376e-01     8.2956      9.201     13.344    11.6360   999.6009 0.0000e+00
      9.393      0.045     6.4943     85.117     41.720  30.566717     2.8842      6.963   299.4114 1.2377e-01     8.2807      9.213     13.363    11.6338   999.6012 0.0000e+00
      9.402      0.041     6.4897     85.030     41.718  30.566812     2.9258      6.964   299.5021 1.2374e-01     8.2806      9.221     13.375    11.6302   999.6016 0.0000e+00
      9.410      0.037     6.4895     84.954     41.718  30.566707     2.9539      6.964   300.1673 1.2369e-01     8.2935      9.227     13.383    11.6279   999.6019 0.0000e+00
      9.418      0.034     6.4819     84.895     41.717  30.565450     2.9553      6.964   301.1738 1.2370e-01     8.3052      9.235     13.395    11.6281   999.6019 0.0000e+00
      9.426      0.034     6.4704     84.847     41.698  30.551606     2.8986      6.964   301.4323 1.2375e-01     8.3569      9.244     13.409    11.6306   999.6017 0.0000e+00
      9.435      0.036     6.4663     84.803     41.663  30.526234     2.7888      6.964   301.2280 1.2375e-01     8.4604      9.254     13.420    11.6321   999.6016 0.0000e+00
      9.443      0.039     6.4590     84.802     41.643  30.512503     2.7293      6.964   300.7688 1.2372e-01     8.5071      9.260     13.430    11.6319   999.6016 0.0000e+00
      9.453      0.042     6.4545     84.813     41.640  30.512493     2.7165      6.964   300.0967 1.2372e-01     8.4957      9.269     13.443    11.6319   999.6017 0.0000e+00
      9.464      0.045     6.4530     84.791     41.657  30.526118     2.7465      6.963   300.1563 1.2374e-01     8.3877      9.281     13.461    11.6317   999.6017 0.0000e+00
      9.477      0.048     6.4459     84.771     41.689  30.550335     2.8322      6.963   300.8007 1.2370e-01     8.1849      9.293     13.479    11.6315   999.6018 0.0000e+00
      9.490      0.052     6.4475     84.770     41.689  30.551479     2.8854      6.963   301.1772 1.2370e-01     8.1079      9.307     13.498    11.6330   999.6017 0.0000e+00
      9.502      0.053     6.4507     84.771     41.674  30.539941     2.8867      6.963   301.1811 1.2376e-01     8.1120      9.319     13.516    11.6355   999.6015 0.0000e+00
      9.516      0.052     6.4459     84.777     41.672  30.537749     2.8747      6.963   300.9337 1.2376e-01     8.1375      9.331     13.534    11.6375   999.6013 0.0000e+00
      9.533      0.050     6.4441     84.781     41.656  30.524974     2.8699      6.964   300.5088 1.2371e-01     8.2517      9.348     13.560    11.6384   999.6013 0.0000e+00
      9.548      0.045     6.4450     84.762     41.640  30.512389     2.8725      6.964   300.0874 1.2371e-01     8.3134      9.364     13.583    11.6394   999.6013 0.0000e+00
      9.558      0.039     6.4445     84.739     41.641  30.512492     2.8715      6.963   299.7965 1.2374e-01     8.2937      9.374     13.596    11.6396   999.6013 0.0000e+00
      9.566      0.032     6.4452     84.721     41.660  30.526221     2.8055      6.962   299.7457 1.2375e-01     8.1770      9.381     13.606    11.6378   999.6015 0.0000e+00
      9.573      0.025     6.4473     84.700     41.695  30.551480     2.6723      6.962   299.7310 1.2375e-01     7.9513      9.389     13.618    11.6363   999.6017 0.0000e+00
      9.578      0.019     6.4443     84.666     41.711  30.564075     2.5960      6.962   299.6178 1.2369e-01     7.8253      9.394     13.625    11.6355   999.6018 0.0000e+00
      9.581      0.015     6.4426     84.624     41.693  30.551593     2.5860      6.962   299.5821 1.2366e-01     7.8333      9.396     13.627    11.6351   999.6019 0.0000e+00
      9.584      0.012     6.4419     84.586     41.660  30.527469     2.5862      6.962   299.1268 1.2368e-01     7.8517      9.398     13.631    11.6347   999.6020 0.0000e+00
      9.586      0.010     6.4403     84.557     41.658  30.526211     2.5894      6.963   298.2428 1.2374e-01     7.9496      9.401     13.635    11.6345   999.6020 0.0000e+00
      9.588      0.010     6.4381     84.554     41.671  30.536387     2.5897      6.964   297.8419 1.2381e-01     8.1656      9.403     13.638    11.6350   999.6020 0.0000e+00
      9.591      0.011     6.4336     84.586     41.653  30.523591     2.5901      6.964   297.8078 1.2376e-01     8.2998      9.405     13.641    11.6357   999.6019 0.0000e+00
      9.594      0.012     6.4314     84.653     41.618  30.498408     2.5855      6.964   297.9156 1.2371e-01     8.2945      9.409     13.645    11.6359   999.6019 0.0000e+00
      9.597      0.012     6.4281     84.738     41.600  30.485726     2.5600      6.964   298.1990 1.2375e-01     8.2321      9.411     13.650    11.6360   999.6019 0.0000e+00
      9.601      0.011     6.4276     84.813     41.617  30.497169     2.5335      6.964   298.2239 1.2373e-01     8.1355      9.415     13.656    11.6371   999.6018 0.0000e+00
      9.605      0.011     6.4300     84.883     41.635  30.509851     2.5245      6.963   297.6142 1.2373e-01     8.0765      9.419     13.661    11.6382   999.6017 0.0000e+00
      9.607      0.010     6.4350     84.956     41.639  30.512148     2.5212      6.963   296.5910 1.2378e-01     8.0434      9.421     13.664    11.6385   999.6016 0.0000e+00
      9.608      0.010     6.4432     85.003     41.657  30.524943     2.5365      6.963   296.0058 1.2370e-01     7.8986      9.422     13.666    11.6386   999.6016 0.0000e+00
      9.610      0.009     6.4483     85.028     41.676  30.537643     2.5627      6.963   295.9589 1.2361e-01     7.7026      9.424     13.668    11.6377   999.6017 0.0000e+00
      9.613      0.008     6.4532     85.053     41.679  30.538798     2.5770      6.963   296.1956 1.2368e-01     7.6390      9.426     13.672    11.6365   999.6019 0.0000e+00
      9.616      0.008     6.4601     85.054     41.679  30.538894     2.5876      6.964   296.5453 1.2377e-01     7.6544      9.429     13.676    11.6359   999.6020 0.0000e+00
      9.618      0.007     6.4643     85.038     41.678  30.538808     2.6044      6.964   296.4869 1.2376e-01     7.8236      9.432     13.681    11.6356   999.6020 0.0000e+00
      9.620      0.006     6.4638     85.040     41.676  30.537758     2.6243      6.964   296.0064 1.2376e-01     8.1446      9.434     13.683    11.6345   999.6022 0.0000e+00
      9.621      0.005     6.4684     85.041     41.660  30.526213     2.6377      6.964   295.5537 1.2380e-01     8.2913      9.434     13.683    11.6331   999.6023 0.0000e+00
      9.622      0.004     6.4683     85.031     41.659  30.526118     2.6628      6.964   295.4011 1.2383e-01     8.3193      9.435     13.684    11.6329   999.6024 0.0000e+00
      9.622      0.003     6.4643     85.016     41.673  30.536617     2.8234      6.964   295.4525 1.2386e-01     8.3185      9.436     13.686    11.6336   999.6023 0.0000e+00
      9.623      0.003     6.4666     85.003     41.659  30.526232     3.0962      6.964   295.4861 1.2388e-01     8.1836      9.437     13.687    11.6344   999.6022 0.0000e+00
      9.624      0.002     6.4662     84.996     41.661  30.527470     3.2395      6.964   295.7212 1.2383e-01     8.0648      9.438     13.688    11.6349   999.6021 0.0000e+00
      9.624      0.002     6.4654     84.951     41.695  30.551594     3.2467      6.964   296.1450 1.2382e-01     8.0616      9.439     13.689    11.6353   999.6021 0.0000e+00
      9.624      0.002     6.4640     84.822     41.713  30.564087     3.2360      6.965   296.3079 1.2383e-01     8.0799      9.438     13.689    11.6355   999.6021 0.0000e+00
      9.625      0.002     6.4624     84.672     41.697  30.551606     3.1443      6.966   296.2282 1.2374e-01     8.1875      9.439     13.690    11.6354   999.6021 0.0000e+00
      9.625      0.002     6.4632     84.576     41.666  30.527595     2.9791      6.966   295.8695 1.2372e-01     8.4127      9.439     13.690    11.6349   999.6021 0.0000e+00
      9.625      0.001     6.4627     84.518     41.667  30.527595     2.8945      6.965   295.3266 1.2378e-01     8.5415      9.439     13.690    11.6342   999.6022 0.0000e+00
      9.626      0.001     6.4501     84.481     41.700  30.551605     2.8844      6.965   295.0841 1.2378e-01     8.5318      9.440     13.692    11.6335   999.6023 0.0000e+00
      9.627      0.001     6.4357     84.490     41.717  30.564068     2.8489      6.966   295.6046 1.2377e-01     8.3604      9.441     13.693    11.6321   999.6025 0.0000e+00
      9.627      0.001     6.4306     84.561     41.700  30.551377     2.7942      6.966   296.4572 1.2376e-01     8.0752      9.440     13.692    11.6305   999.6026 0.0000e+00
      9.627      0.001     6.4268     84.671     41.665  30.525069     2.7690      6.966   296.7041 1.2375e-01     7.9350      9.440     13.692    11.6298   999.6027 0.0000e+00
      9.627      0.000     6.4227     84.763     41.632  30.499802     2.7790      6.966   296.4384 1.2371e-01     7.9103      9.441     13.692    11.6298   999.6027 0.0000e+00
      9.627 1.8628e-08     6.4228     84.783     41.633  30.499697     2.8710      6.967   295.9971 1.2366e-01     7.9407      9.440     13.692    11.6305   999.6026 0.0000e+00
      9.627 2.0491e-07     6.4289     84.745     41.667  30.523812     3.0409      6.968   295.6702 1.2366e-01     8.0405      9.440     13.692    11.6303   999.6026 0.0000e+00
      9.627 2.0492e-07     6.4391     84.705     41.687  30.537542     3.1333      6.969   295.9281 1.2371e-01     8.0690      9.441     13.693    11.6292   999.6028 0.0000e+00
      9.627 1.8782e-08     6.4481     84.670     41.690  30.538789     3.1308      6.969   296.6209 1.2376e-01     8.0547      9.440     13.692    11.6277   999.6029 0.0000e+00
      9.627 3.3869e-09     6.4499     84.649     41.691  30.538892     3.1227      6.969   296.9914 1.2369e-01     8.0643      9.441     13.693    11.6260   999.6031 0.0000e+00
      9.627 -9.990e-29     6.4441 -9.990e-29 -9.990e-29 -9.990e-29 -9.990e-29 -9.990e-29 -9.990e-29 1.2363e-01 -9.990e-29      9.441     13.693    11.6249   999.6032 0.0000e+00
      9.627 -9.990e-29     6.4418 -9.990e-29 -9.990e-29 -9.990e-29 -9.990e-29 -9.990e-29 -9.990e-29 1.2368e-01 -9.990e-29      9.440     13.692    11.6245   999.6033 0.0000e+00
      9.627 -9.990e-29     6.4400 -9.990e-29 -9.990e-29 -9.990e-29 -9.990e-29 -9.990e-29 -9.990e-29 1.2375e-01 -9.990e-29      9.441     13.693    11.6229   999.6035 0.0000e+00
      9.627 -9.990e-29     6.4358 -9.990e-29 -9.990e-29 -9.990e-29 -9.990e-29 -9.990e-29 -9.990e-29 1.2379e-01 -9.990e-29      9.441     13.693    11.6211   999.6037 0.0000e+00
