Data/DataNotYetUploadedToEDI/Raw_CTD/RawDownloads/110819_fcr45.cnv
* Sea-Bird SBE19plus  Data File:
* FileName = C:\DATA\110819_fcr50_0005.hex
* Software version 2.8.0.119 SB_Terminal.dll
* Temperature SN = 7809
* Conductivity SN = 7809
* System UpLoad Time = Nov 11 2019 10:24:12
* <ApplicationData>
* <Seaterm232>
# nquan = 16
# nvalues = 726                         
# units = specified
# name 0 = depFM: Depth [fresh water, m]
# name 1 = dz/dtM: Descent Rate [m/s]
# name 2 = sbeox0ML/L: Oxygen, SBE 43 [ml/l]
# name 3 = sbeox0PS: Oxygen, SBE 43 [% saturation]
# name 4 = specc: Specific Conductance [uS/cm]
# name 5 = c0uS/cm: Conductivity [uS/cm]
# name 6 = flECO-AFL: Fluorescence, WET Labs ECO-AFL/FL [mg/m^3]
# name 7 = ph: pH
# name 8 = orp: Oxidation Reduction Potential [mV]
# name 9 = par/sat/log: PAR/Logarithmic, Satlantic
# name 10 = turbWETntu0: Turbidity, WET Labs ECO [NTU]
# name 11 = prdM: Pressure, Strain Gauge [db]
# name 12 = prdE: Pressure, Strain Gauge [psi]
# name 13 = tv290C: Temperature [ITS-90, deg C]
# name 14 = density00: Density [density, kg/m^3]
# name 15 = flag:  0.000e+00
# span 0 =     -0.535,      6.567       
# span 1 =     -0.281,      0.370       
# span 2 =     4.8934,     8.0203       
# span 3 =     64.100,    102.455       
# span 4 =      0.613,     42.774       
# span 5 =   0.395385,  30.424687       
# span 6 =    -1.1905,     4.8299       
# span 7 =      5.303,      7.085       
# span 8 =   218.1493,  1240.2295       
# span 9 = 1.2365e-01, 1.2656e+03       
# span 10 =    -1.6979,   913.6194      
# span 11 =     -0.526,      6.440      
# span 12 =     -0.763,      9.340      
# span 13 =     7.2096,    11.6141      
# span 14 =   999.5636,   999.8944      
# span 15 = 0.0000e+00, 0.0000e+00      
# interval = seconds: 0.25
# start_time = Nov 08 2019 14:10:08 [Instrument's time stamp, header]
# bad_flag = -9.990e-29
*END*
[from data line 452]
      2.783      0.003     6.4310     84.282     41.466  30.358558     2.8704      7.031   263.8936 7.3645e+00     7.5972      2.730      3.961    11.6044   999.5736 0.0000e+00
      2.786      0.008     6.4259     84.208     41.447  30.344827     2.9475      7.032   263.9301 7.3572e+00     7.5932      2.734      3.966    11.6041   999.5736 0.0000e+00
      2.787      0.014     6.4233     84.122     41.445  30.343580     2.9825      7.032   264.0650 7.3520e+00     7.5795      2.734      3.965    11.6040   999.5737 0.0000e+00
      2.787      0.021     6.4179     84.061     41.445  30.343467     2.9903      7.032   264.1471 7.3406e+00     7.5954      2.732      3.963    11.6039   999.5737 0.0000e+00
      2.789      0.027     6.4127     84.051     41.445  30.343466     3.0331      7.031   264.1480 7.2409e+00     7.6548      2.733      3.963    11.6038   999.5737 0.0000e+00
      2.799      0.032     6.4084     84.076     41.445  30.343570     3.0929      7.031   264.1630 7.0679e+00     7.7727      2.745      3.981    11.6040   999.5737 0.0000e+00
      2.813      0.036     6.3995     84.126     41.446  30.344725     3.1229      7.031   264.2418 6.9012e+00     7.8742      2.759      4.002    11.6037   999.5738 0.0000e+00
      2.828      0.040     6.3942     84.182     41.463  30.357425     3.1194      7.032   264.3260 6.7567e+00     7.8999      2.773      4.022    11.6037   999.5739 0.0000e+00
      2.839      0.043     6.3946     84.250     41.481  30.370220     3.0667      7.033   264.4069 6.6715e+00     7.9846      2.786      4.041    11.6039   999.5739 0.0000e+00
      2.846      0.045     6.3960     84.337     41.484  30.372517     2.9804      7.033   264.5314 6.6257e+00     8.1766      2.790      4.047    11.6043   999.5739 0.0000e+00
      2.852      0.046     6.4012     84.413     41.500  30.385199     2.9426      7.032   264.6273 6.5168e+00     8.2887      2.794      4.052    11.6046   999.5739 0.0000e+00
      2.864      0.046     6.4046     84.458     41.515  30.396641     2.9480      7.030   264.7058 6.3306e+00     8.2908      2.806      4.070    11.6046   999.5739 0.0000e+00
      2.882      0.045     6.4095     84.494     41.497  30.383961     2.9424      7.028   264.7925 6.1371e+00     8.2681      2.826      4.099    11.6047   999.5740 0.0000e+00
      2.899      0.043     6.4171     84.547     41.462  30.358788     2.9176      7.027   264.8158 6.0061e+00     8.1444      2.845      4.127    11.6048   999.5741 0.0000e+00
      2.909      0.039     6.4239     84.613     41.444  30.346107     2.8916      7.027   264.8146 5.9563e+00     7.9757      2.855      4.140    11.6056   999.5741 0.0000e+00
      2.915      0.032     6.4259     84.680     41.459  30.357540     2.8796      7.028   264.8645 5.9186e+00     7.8993      2.858      4.145    11.6067   999.5740 0.0000e+00
      2.921      0.026     6.4278     84.739     41.477  30.370118     2.8672      7.028   264.9023 5.8711e+00     7.8434      2.864      4.154    11.6073   999.5739 0.0000e+00
      2.926      0.023     6.4322     84.798     41.478  30.371270     2.8283      7.028   264.9275 5.8548e+00     7.6936      2.871      4.164    11.6079   999.5739 0.0000e+00
      2.930      0.027     6.4372     84.831     41.479  30.371468     2.7739      7.028   264.9973 5.8429e+00     7.4969      2.873      4.167    11.6084   999.5738 0.0000e+00
      2.934      0.035     6.4432     84.813     41.481  30.372518     2.7467      7.028   264.9727 5.8074e+00     7.3987      2.876      4.170    11.6087   999.5738 0.0000e+00
      2.940      0.046     6.4464     84.791     41.497  30.383961     2.7508      7.028   264.8881 5.7294e+00     7.3909      2.881      4.179    11.6088   999.5738 0.0000e+00
      2.952      0.058     6.4518     84.801     41.496  30.382912     2.7982      7.028   264.9199 5.5811e+00     7.4688      2.892      4.194    11.6082   999.5739 0.0000e+00
      2.972      0.067     6.4565     84.829     41.464  30.359829     2.8765      7.028   265.0136 5.3973e+00     7.5861      2.913      4.224    11.6079   999.5741 0.0000e+00
      2.996      0.071     6.4525     84.871     41.461  30.358685     2.9265      7.029   265.0745 5.2049e+00     7.6294      2.938      4.261    11.6074   999.5742 0.0000e+00
      3.021      0.069     6.4497     84.920     41.474  30.369088     2.9512      7.030   265.1402 5.0170e+00     7.6316      2.963      4.298    11.6065   999.5744 0.0000e+00
      3.041      0.064     6.4519     84.961     41.459  30.358694     2.9420      7.030   265.2058 4.8981e+00     7.6135      2.985      4.330    11.6064   999.5746 0.0000e+00
      3.054      0.056     6.4535     84.997     41.460  30.359933     2.9019      7.031   265.1801 4.8420e+00     7.6069      2.997      4.347    11.6070   999.5746 0.0000e+00
      3.062      0.050     6.4566     85.017     41.493  30.384065     2.8833      7.032   265.1731 4.7636e+00     7.6171      3.003      4.354    11.6086   999.5744 0.0000e+00
      3.071      0.046     6.4611     85.012     41.510  30.396652     2.8804      7.033   265.2071 4.6526e+00     7.6058      3.011      4.368    11.6097   999.5744 0.0000e+00
      3.081      0.046     6.4635     85.009     41.494  30.385211     2.8667      7.033   265.3335 4.5536e+00     7.6004      3.021      4.382    11.6101   999.5743 0.0000e+00
      3.093      0.052     6.4663     85.039     41.476  30.372642     2.8387      7.032   265.5823 4.4638e+00     7.6179      3.033      4.399    11.6105   999.5743 0.0000e+00
      3.106      0.060     6.4692     85.116     41.475  30.371594     2.8116      7.030   265.7197 4.3651e+00     7.6214      3.047      4.419    11.6107   999.5744 0.0000e+00
      3.121      0.069     6.4668     85.226     41.477  30.372530     2.8081      7.027   265.7903 4.2562e+00     7.6099      3.060      4.438    11.6109   999.5744 0.0000e+00
      3.139      0.075     6.4665     85.338     41.492  30.383962     2.8218      7.024   265.9195 4.1176e+00     7.6099      3.076      4.461    11.6111   999.5745 0.0000e+00
      3.162      0.079     6.4677     85.436     41.491  30.382912     2.8388      7.023   266.0770 3.9569e+00     7.5887      3.100      4.497    11.6114   999.5746 0.0000e+00
      3.187      0.081     6.4741     85.513     41.460  30.359829     2.8577      7.023   266.1464 3.8131e+00     7.5502      3.127      4.535    11.6118   999.5747 0.0000e+00
      3.210      0.080     6.4838     85.572     41.459  30.358685     2.8686      7.023   266.1559 3.6942e+00     7.5697      3.150      4.567    11.6118   999.5748 0.0000e+00
      3.230      0.077     6.4924     85.623     41.474  30.369089     2.8754      7.023   266.2782 3.5974e+00     7.6285      3.169      4.596    11.6112   999.5749 0.0000e+00
      3.248      0.074     6.5004     85.674     41.460  30.358706     2.8960      7.023   266.4208 3.5245e+00     7.6381      3.186      4.621    11.6107   999.5751 0.0000e+00
      3.263      0.072     6.5059     85.722     41.463  30.360058     2.9175      7.023   266.5042 3.4465e+00     7.5883      3.199      4.640    11.6102   999.5752 0.0000e+00
      3.280      0.072     6.5106     85.783     41.498  30.385430     2.9283      7.023   266.5120 3.3410e+00     7.5504      3.214      4.663    11.6098   999.5753 0.0000e+00
      3.300      0.072     6.5135     85.875     41.534  30.411652     2.9393      7.023   266.4290 3.2415e+00     7.5728      3.236      4.693    11.6093   999.5755 0.0000e+00
      3.320      0.072     6.5185     85.982     41.550  30.423295     2.9200      7.023   266.4467 3.1595e+00     7.6622      3.256      4.722    11.6090   999.5756 0.0000e+00
      3.339      0.069     6.5213     86.067     41.517  30.399285     2.8604      7.023   266.5543 3.0653e+00     7.7795      3.274      4.749    11.6088   999.5757 0.0000e+00
      3.359      0.064     6.5250     86.098     41.483  30.375171     2.8164      7.023   266.6112 2.9731e+00     7.8444      3.295      4.778    11.6085   999.5759 0.0000e+00
      3.376      0.056     6.5330     86.066     41.498  30.385566     2.8218      7.024   266.6183 2.9053e+00     7.8566      3.314      4.807    11.6083   999.5760 0.0000e+00
      3.389      0.050     6.5420     85.996     41.515  30.398048     2.9428      7.025   266.6404 2.8536e+00     7.8617      3.325      4.823    11.6081   999.5760 0.0000e+00
      3.399      0.045     6.5496     85.929     41.516  30.399182     3.1433      7.026   266.7060 2.8199e+00     7.8401      3.334      4.835    11.6082   999.5761 0.0000e+00
      3.405      0.043     6.5521     85.858     41.517  30.399276     3.2436      7.027   266.7232 2.8025e+00     7.7922      3.339      4.844    11.6084   999.5760 0.0000e+00
      3.413      0.045     6.5493     85.784     41.517  30.399181     3.2458      7.026   266.7627 2.7637e+00     7.7742      3.345      4.851    11.6083   999.5761 0.0000e+00
      3.424      0.049     6.5416     85.755     41.515  30.398028     3.2048      7.026   266.8384 2.6937e+00     7.8518      3.358      4.870    11.6084   999.5762 0.0000e+00
      3.439      0.054     6.5377     85.758     41.496  30.385337     3.1288      7.026   266.8639 2.6289e+00     8.0095      3.373      4.892    11.6085   999.5762 0.0000e+00
      3.455      0.059     6.5333     85.769     41.478  30.372645     3.0812      7.026   266.9002 2.5595e+00     8.1081      3.388      4.913    11.6081   999.5763 0.0000e+00
      3.472      0.061     6.5239     85.790     41.476  30.371482     3.0626      7.027   266.9328 2.4806e+00     8.1259      3.405      4.938    11.6083   999.5764 0.0000e+00
      3.490      0.060     6.5235     85.788     41.475  30.371282     3.0517      7.027   266.9147 2.4247e+00     8.0939      3.423      4.965    11.6090   999.5764 0.0000e+00
      3.506      0.060     6.5246     85.775     41.473  30.370225     3.0448      7.027   266.9391 2.3866e+00     7.9508      3.439      4.989    11.6096   999.5764 0.0000e+00
      3.521      0.059     6.5236     85.796     41.457  30.358697     3.0309      7.027   267.0547 2.3581e+00     7.7392      3.455      5.010    11.6103   999.5764 0.0000e+00
      3.532      0.058     6.5279     85.848     41.457  30.358809     3.0137      7.027   267.1086 2.3230e+00     7.5997      3.463      5.022    11.6109   999.5764 0.0000e+00
      3.545      0.056     6.5270     85.919     41.475  30.371585     2.9927      7.026   267.0741 2.2475e+00     7.5753      3.473      5.037    11.6112   999.5764 0.0000e+00
      3.563      0.054     6.5235     86.002     41.495  30.386259     2.9676      7.026   267.1543 2.1580e+00     7.6082      3.495      5.068    11.6114   999.5765 0.0000e+00
      3.580      0.054     6.5263     86.088     41.527  30.409324     2.9529      7.026   267.3038 2.1086e+00     7.6372      3.514      5.095    11.6114   999.5765 0.0000e+00
      3.592      0.053     6.5303     86.169     41.510  30.396643     2.9542      7.026   267.3323 2.0864e+00     7.6312      3.523      5.108    11.6116   999.5766 0.0000e+00
      3.602      0.052     6.5358     86.224     41.460  30.359839     2.9581      7.026   267.3269 2.0517e+00     7.6012      3.531      5.121    11.6118   999.5766 0.0000e+00
      3.615      0.050     6.5427     86.253     41.439  30.345060     2.9566      7.026   267.3249 2.0102e+00     7.6019      3.545      5.141    11.6114   999.5767 0.0000e+00
      3.629      0.049     6.5489     86.268     41.439  30.344861     2.9523      7.026   267.3090 1.9792e+00     7.6394      3.560      5.164    11.6109   999.5769 0.0000e+00
      3.642      0.050     6.5563     86.259     41.456  30.357429     2.9496      7.027   267.3923 1.9477e+00     7.6291      3.572      5.180    11.6105   999.5769 0.0000e+00
      3.654      0.050     6.5604     86.216     41.474  30.370110     2.9501      7.028   267.4719 1.9139e+00     7.5757      3.583      5.197    11.6104   999.5770 0.0000e+00
      3.666      0.048     6.5619     86.148     41.476  30.371272     2.9754      7.028   267.4112 1.8865e+00     7.5509      3.595      5.216    11.6107   999.5770 0.0000e+00
      3.678      0.045     6.5636     86.072     41.477  30.371482     3.0305      7.028   267.3465 1.8436e+00     7.5587      3.606      5.231    11.6108   999.5770 0.0000e+00
      3.691      0.044     6.5632     85.992     41.479  30.372644     3.0610      7.029   267.3772 1.7893e+00     7.6044      3.620      5.250    11.6108   999.5771 0.0000e+00
      3.703      0.046     6.5598     85.925     41.496  30.385326     3.0581      7.029   267.4382 1.7624e+00     7.6445      3.634      5.271    11.6108   999.5772 0.0000e+00
      3.712      0.050     6.5536     85.876     41.514  30.397903     3.0562      7.028   267.5689 1.7558e+00     7.6176      3.642      5.282    11.6105   999.5772 0.0000e+00
      3.719      0.056     6.5487     85.826     41.514  30.397809     3.0643      7.027   267.6665 1.7268e+00     7.6069      3.645      5.287    11.6097   999.5774 0.0000e+00
      3.733      0.062     6.5415     85.770     41.496  30.384184     3.0782      7.027   267.6710 1.6682e+00     7.6454      3.658      5.305    11.6091   999.5775 0.0000e+00
      3.753      0.067     6.5363     85.725     41.464  30.360069     3.0847      7.027   267.7962 1.6086e+00     7.6243      3.680      5.337    11.6088   999.5776 0.0000e+00
      3.776      0.069     6.5335     85.704     41.464  30.360060     3.0733      7.026   267.8893 1.5493e+00     7.5822      3.703      5.371    11.6086   999.5778 0.0000e+00
      3.798      0.066     6.5301     85.685     41.497  30.384071     3.0280      7.026   267.8501 1.4938e+00     7.6273      3.726      5.403    11.6083   999.5779 0.0000e+00
      3.817      0.058     6.5252     85.646     41.514  30.396561     2.9706      7.027   267.8383 1.4600e+00     7.6788      3.747      5.433    11.6080   999.5781 0.0000e+00
      3.831      0.049     6.5209     85.602     41.497  30.384173     2.9508      7.029   267.8325 1.4437e+00     7.6801      3.759      5.451    11.6077   999.5781 0.0000e+00
      3.838      0.043     6.5207     85.590     41.466  30.361203     2.9623      7.030   267.8670 1.4485e+00     7.7081      3.765      5.461    11.6075   999.5782 0.0000e+00
      3.842      0.041     6.5196     85.585     41.482  30.372646     3.0923      7.030   267.9966 1.4563e+00     7.8211      3.767      5.464    11.6074   999.5782 0.0000e+00
      3.849      0.044     6.5169     85.558     41.514  30.395618     3.3353      7.029   268.1094 1.4335e+00     7.9642      3.771      5.471    11.6072   999.5783 0.0000e+00
      3.861      0.051     6.5109     85.529     41.499  30.385139     3.4639      7.029   268.1127 1.3905e+00     8.0295      3.785      5.490    11.6071   999.5783 0.0000e+00
      3.877      0.058     6.5115     85.505     41.482  30.372857     3.4681      7.029   268.1218 1.3568e+00     8.0545      3.802      5.514    11.6069   999.5784 0.0000e+00
      3.895      0.064     6.5130     85.474     41.483  30.374018     3.3941      7.029   268.2192 1.3261e+00     8.0700      3.819      5.539    11.6067   999.5785 0.0000e+00
      3.915      0.066     6.5088     85.421     41.518  30.399182     3.2541      7.030   268.3447 1.2793e+00     8.0530      3.840      5.569    11.6067   999.5786 0.0000e+00
      3.934      0.064     6.5073     85.347     41.551  30.423287     3.1803      7.030   268.4337 1.2326e+00     8.0446      3.860      5.598    11.6066   999.5787 0.0000e+00
      3.950      0.060     6.5056     85.290     41.535  30.411654     3.1692      7.031   268.3496 1.2008e+00     8.0342      3.874      5.619    11.6066   999.5788 0.0000e+00
      3.964      0.056     6.5039     85.285     41.500  30.385443     3.0946      7.031   268.1881 1.1802e+00     7.9274      3.887      5.638    11.6065   999.5788 0.0000e+00
      3.977      0.055     6.5000     85.317     41.465  30.360185     2.9546      7.030   268.2881 1.1571e+00     7.7363      3.900      5.657    11.6065   999.5789 0.0000e+00
