Data/DataNotYetUploadedToEDI/Raw_CTD/RawDownloads/110819_fcr50.cnv
* Sea-Bird SBE19plus  Data File:
* FileName = C:\DATA\110819_fcr50_0001.hex
* Software version 2.8.0.119 SB_Terminal.dll
* Temperature SN = 7809
* Conductivity SN = 7809
* System UpLoad Time = Nov 11 2019 10:23:09
* <ApplicationData>
* <Seaterm232>
# nquan = 16
# nvalues = 986                         
# units = specified
# name 0 = depFM: Depth [fresh water, m]
# name 1 = dz/dtM: Descent Rate [m/s]
# name 2 = sbeox0ML/L: Oxygen, SBE 43 [ml/l]
# name 3 = sbeox0PS: Oxygen, SBE 43 [% saturation]
# name 4 = specc: Specific Conductance [uS/cm]
# name 5 = c0uS/cm: Conductivity [uS/cm]
# name 6 = flECO-AFL: Fluorescence, WET Labs ECO-AFL/FL [mg/m^3]
# name 7 = ph: pH
# name 8 = orp: Oxidation Reduction Potential [mV]
# name 9 = par/sat/log: PAR/Logarithmic, Satlantic
# name 10 = turbWETntu0: Turbidity, WET Labs ECO [NTU]
# name 11 = prdM: Pressure, Strain Gauge [db]
# name 12 = prdE: Pressure, Strain Gauge [psi]
# name 13 = tv290C: Temperature [ITS-90, deg C]
# name 14 = density00: Density [density, kg/m^3]
# name 15 = flag:  0.000e+00
# span 0 =     -0.541,      9.627       
# span 1 =     -0.239,      0.453       
# span 2 =     5.3230,     8.8079       
# span 3 =     69.455,    104.705       
# span 4 =      2.906,     50.526       
# span 5 =   1.740296,  31.899679       
# span 6 =    -0.2103,     6.0093       
# span 7 =     -2.389,      8.279       
# span 8 =  -844.1010,   731.2611       
# span 9 = 1.2360e-01, 1.3419e+03       
# span 10 =    -0.5752,    53.9108      
# span 11 =     -0.533,      9.441      
# span 12 =     -0.772,     13.693      
# span 13 =     4.8152,    11.6830      
# span 14 =   999.5542,   999.9829      
# span 15 = 0.0000e+00, 0.0000e+00      
# interval = seconds: 0.25
# start_time = Nov 08 2019 12:45:17 [Instrument's time stamp, header]
# bad_flag = -9.990e-29
*END*
[from data line 633]
      5.683      0.049     6.5575     86.143     41.624  30.536496     2.6597      7.005   302.9451 1.2370e-01     8.1097      5.571      8.079    11.6797   999.5789 0.0000e+00
      5.695      0.048     6.5547     86.141     41.610  30.526197     2.8262      7.004   302.8205 1.2367e-01     8.0608      5.583      8.097    11.6796   999.5789 0.0000e+00
      5.710      0.048     6.5503     86.147     41.612  30.527340     2.9321      7.004   303.0650 1.2373e-01     8.0263      5.601      8.123    11.6795   999.5790 0.0000e+00
      5.723      0.048     6.5448     86.156     41.642  30.550321     2.9429      7.004   303.4073 1.2382e-01     8.0526      5.614      8.143    11.6789   999.5791 0.0000e+00
      5.735      0.048     6.5421     86.189     41.642  30.550226     2.8869      7.004   303.5176 1.2379e-01     8.1824      5.623      8.155    11.6785   999.5793 0.0000e+00
      5.747      0.046     6.5428     86.221     41.609  30.526197     2.7841      7.004   303.5378 1.2374e-01     8.3502      5.635      8.173    11.6782   999.5793 0.0000e+00
      5.760      0.045     6.5442     86.217     41.592  30.513611     2.7141      7.004   303.7376 1.2374e-01     8.4436      5.649      8.194    11.6783   999.5794 0.0000e+00
      5.770      0.047     6.5427     86.203     41.607  30.524958     2.6912      7.004   303.1804 1.2375e-01     8.4596      5.659      8.208    11.6786   999.5794 0.0000e+00
      5.780      0.051     6.5465     86.194     41.622  30.536487     2.7065      7.004   301.9632 1.2372e-01     8.4444      5.666      8.219    11.6791   999.5794 0.0000e+00
      5.790      0.056     6.5510     86.187     41.608  30.526093     2.7517      7.004   301.5816 1.2373e-01     8.4240      5.677      8.234    11.6797   999.5794 0.0000e+00
      5.805      0.061     6.5482     86.191     41.608  30.526197     2.7692      7.004   301.7496 1.2378e-01     8.3773      5.692      8.255    11.6800   999.5794 0.0000e+00
      5.823      0.065     6.5473     86.197     41.624  30.537744     2.7535      7.003   302.1021 1.2383e-01     8.3052      5.710      8.281    11.6801   999.5795 0.0000e+00
      5.843      0.067     6.5472     86.204     41.625  30.538792     2.7530      7.003   302.8324 1.2383e-01     8.2729      5.731      8.312    11.6803   999.5796 0.0000e+00
      5.863      0.067     6.5456     86.228     41.626  30.538868     2.7631      7.002   303.1794 1.2378e-01     8.2814      5.751      8.341    11.6802   999.5797 0.0000e+00
      5.881      0.063     6.5467     86.255     41.626  30.538669     2.7633      7.001   302.1686 1.2373e-01     8.2773      5.767      8.365    11.6801   999.5797 0.0000e+00
      5.896      0.057     6.5472     86.264     41.624  30.536381     2.7637      7.002   300.4191 1.2373e-01     8.2570      5.783      8.388    11.6802   999.5798 0.0000e+00
      5.911      0.050     6.5467     86.252     41.589  30.511209     2.8109      7.003   299.7504 1.2373e-01     8.2649      5.799      8.409    11.6803   999.5799 0.0000e+00
      5.921      0.045     6.5493     86.214     41.558  30.488134     2.9007      7.003   300.1932 1.2375e-01     8.2744      5.807      8.422    11.6797   999.5800 0.0000e+00
      5.929      0.041     6.5524     86.171     41.590  30.511209     2.9482      7.003   300.8686 1.2375e-01     8.2399      5.814      8.432    11.6792   999.5801 0.0000e+00
      5.939      0.041     6.5526     86.140     41.625  30.536383     2.9515      7.003   301.2048 1.2373e-01     8.2416      5.824      8.447    11.6787   999.5802 0.0000e+00
      5.948      0.044     6.5524     86.095     41.629  30.538680     2.9575      7.002   300.9023 1.2372e-01     8.2624      5.834      8.461    11.6784   999.5802 0.0000e+00
      5.957      0.048     6.5493     86.047     41.629  30.538983     3.0296      7.000   300.2231 1.2373e-01     8.2299      5.841      8.471    11.6782   999.5803 0.0000e+00
      5.969      0.050     6.5440     86.021     41.630  30.540042     3.1648      7.000   299.7038 1.2373e-01     8.1753      5.851      8.485    11.6777   999.5804 0.0000e+00
      5.986      0.049     6.5447     85.994     41.645  30.551486     3.2395      6.999   299.6133 1.2373e-01     8.0938      5.870      8.513    11.6767   999.5806 0.0000e+00
      6.005      0.046     6.5400     85.953     41.643  30.550437     3.2305      6.998   299.8183 1.2370e-01     7.9996      5.892      8.546    11.6766   999.5807 0.0000e+00
      6.019      0.042     6.5349     85.925     41.611  30.527362     3.0641      6.998   300.1169 1.2367e-01     7.8884      5.907      8.566    11.6771   999.5808 0.0000e+00
      6.024      0.036     6.5344     85.939     41.609  30.526312     2.7619      6.998   300.3842 1.2370e-01     7.7320      5.908      8.569    11.6778   999.5807 0.0000e+00
      6.028      0.031     6.5325     85.969     41.625  30.537745     2.6026      6.999   300.5550 1.2371e-01     7.6165      5.910      8.571    11.6783   999.5806 0.0000e+00
      6.035      0.030     6.5287     85.994     41.627  30.538680     2.6037      7.000   300.4618 1.2371e-01     7.6060      5.919      8.584    11.6788   999.5806 0.0000e+00
      6.043      0.033     6.5245     86.015     41.625  30.537621     2.6891      7.000   300.2896 1.2368e-01     7.7346      5.927      8.597    11.6793   999.5806 0.0000e+00
      6.049      0.037     6.5278     86.040     41.607  30.524939     2.8464      6.999   300.1079 1.2371e-01     7.9593      5.931      8.602    11.6792   999.5806 0.0000e+00
      6.058      0.039     6.5300     86.074     41.591  30.512249     2.9358      6.998   299.8994 1.2383e-01     8.0945      5.938      8.613    11.6788   999.5807 0.0000e+00
      6.073      0.039     6.5321     86.120     41.591  30.511105     2.9552      6.998   300.6084 1.2384e-01     8.1244      5.957      8.640    11.6790   999.5808 0.0000e+00
      6.088      0.039     6.5331     86.170     41.591  30.511104     3.0033      6.999   301.9690 1.2378e-01     8.0914      5.974      8.664    11.6795   999.5808 0.0000e+00
      6.097      0.039     6.5350     86.202     41.592  30.512239     3.0758      6.999   302.4116 1.2379e-01     7.9577      5.980      8.672    11.6792   999.5808 0.0000e+00
      6.102      0.038     6.5378     86.247     41.607  30.524824     3.1207      6.999   302.1736 1.2374e-01     7.8522      5.984      8.678    11.6779   999.5810 0.0000e+00
      6.111      0.037     6.5406     86.317     41.622  30.536361     3.1212      6.999   301.7595 1.2368e-01     7.8639      5.993      8.690    11.6773   999.5811 0.0000e+00
      6.121      0.040     6.5471     86.359     41.606  30.524824     3.0555      6.999   301.1902 1.2370e-01     7.9351      6.004      8.707    11.6774   999.5812 0.0000e+00
      6.131      0.045     6.5468     86.361     41.590  30.512238     2.9505      6.999   300.9690 1.2371e-01     8.0250      6.013      8.721    11.6781   999.5811 0.0000e+00
      6.141      0.051     6.5496     86.356     41.589  30.511094     2.9010      6.999   301.6657 1.2372e-01     8.0657      6.020      8.732    11.6792   999.5810 0.0000e+00
      6.154      0.055     6.5574     86.347     41.588  30.510990     2.8980      6.999   302.9896 1.2377e-01     8.0665      6.033      8.750    11.6802   999.5810 0.0000e+00
      6.171      0.058     6.5608     86.297     41.588  30.510981     2.8980      6.999   303.7257 1.2378e-01     8.1001      6.051      8.776    11.6801   999.5811 0.0000e+00
      6.190      0.058     6.5597     86.221     41.588  30.510989     2.9786      6.999   303.5971 1.2373e-01     8.1775      6.071      8.806    11.6792   999.5813 0.0000e+00
      6.207      0.058     6.5586     86.175     41.588  30.511094     3.1436      6.998   303.1543 1.2372e-01     8.2820      6.089      8.832    11.6791   999.5814 0.0000e+00
      6.221      0.056     6.5605     86.155     41.589  30.512239     3.2462      6.997   302.9327 1.2374e-01     8.3465      6.102      8.850    11.6795   999.5814 0.0000e+00
      6.231      0.053     6.5559     86.132     41.606  30.524835     3.2654      6.997   303.0684 1.2377e-01     8.3345      6.111      8.863    11.6797   999.5814 0.0000e+00
      6.243      0.051     6.5473     86.122     41.623  30.536487     3.2374      6.997   303.4187 1.2378e-01     8.2354      6.122      8.880    11.6800   999.5814 0.0000e+00
      6.258      0.049     6.5444     86.128     41.609  30.526208     3.1761      6.997   303.7271 1.2374e-01     8.0992      6.138      8.902    11.6803   999.5815 0.0000e+00
      6.272      0.049     6.5446     86.133     41.611  30.527467     3.1395      6.997   303.7850 1.2364e-01     8.0317      6.152      8.922    11.6804   999.5815 0.0000e+00
      6.284      0.047     6.5416     86.150     41.644  30.551704     3.1336      6.998   303.7747 1.2361e-01     8.0421      6.161      8.937    11.6802   999.5816 0.0000e+00
      6.295      0.044     6.5405     86.162     41.663  30.565435     3.1744      6.998   303.7747 1.2370e-01     8.1262      6.173      8.954    11.6799   999.5817 0.0000e+00
      6.307      0.041     6.5429     86.151     41.665  30.566570     3.2592      6.997   303.2687 1.2380e-01     8.2293      6.186      8.973    11.6792   999.5818 0.0000e+00
      6.318      0.039     6.5415     86.140     41.663  30.565425     3.3092      6.997   302.6471 1.2375e-01     8.2723      6.197      8.988    11.6786   999.5820 0.0000e+00
      6.326      0.039     6.5439     86.133     41.644  30.551591     3.3201      6.997   302.7977 1.2364e-01     8.2857      6.203      8.998    11.6784   999.5820 0.0000e+00
      6.333      0.040     6.5462     86.116     41.609  30.526220     3.3993      6.997   303.0246 1.2363e-01     8.2937      6.210      9.006    11.6784   999.5820 0.0000e+00
      6.342      0.043     6.5432     86.086     41.591  30.512489     3.5387      6.997   302.8952 1.2374e-01     8.2704      6.219      9.020    11.6787   999.5821 0.0000e+00
      6.354      0.047     6.5427     86.034     41.591  30.512479     3.6008      6.997   302.8684 1.2384e-01     8.2655      6.231      9.037    11.6789   999.5821 0.0000e+00
      6.369      0.052     6.5428     85.982     41.610  30.526095     3.5868      6.998   302.6139 1.2381e-01     8.2679      6.246      9.058    11.6789   999.5822 0.0000e+00
      6.383      0.057     6.5412     85.970     41.644  30.550208     3.4123      6.998   301.9699 1.2379e-01     8.1346      6.259      9.078    11.6793   999.5822 0.0000e+00
      6.398      0.060     6.5394     85.961     41.644  30.550207     3.0861      6.997   301.7072 1.2375e-01     7.9331      6.273      9.098    11.6796   999.5822 0.0000e+00
      6.414      0.061     6.5355     85.946     41.610  30.526083     2.9035      6.996   301.7600 1.2369e-01     7.8306      6.290      9.123    11.6792   999.5823 0.0000e+00
      6.432      0.060     6.5285     85.931     41.590  30.512352     2.8771      6.996   301.7478 1.2369e-01     7.8133      6.308      9.148    11.6783   999.5825 0.0000e+00
      6.448      0.058     6.5307     85.886     41.588  30.511095     2.8707      6.996   301.9907 1.2369e-01     7.8213      6.325      9.173    11.6776   999.5827 0.0000e+00
      6.462      0.056     6.5305     85.854     41.588  30.510878     2.8607      6.997   302.4592 1.2375e-01     7.8943      6.338      9.193    11.6777   999.5827 0.0000e+00
      6.475      0.056     6.5264     85.863     41.587  30.509734     2.8435      6.997   302.4225 1.2391e-01     8.0413      6.349      9.210    11.6785   999.5827 0.0000e+00
      6.486      0.057     6.5297     85.882     41.571  30.497261     2.8359      6.997   301.8910 1.2394e-01     8.1231      6.360      9.224    11.6794   999.5826 0.0000e+00
      6.499      0.057     6.5223     85.902     41.559  30.486982     2.8385      6.996   301.6250 1.2386e-01     8.0969      6.373      9.243    11.6799   999.5826 0.0000e+00
      6.516      0.056     6.5193     85.945     41.595  30.512363     2.8834      6.994   301.6159 1.2378e-01     7.9871      6.390      9.268    11.6802   999.5827 0.0000e+00
      6.536      0.051     6.5222     86.016     41.648  30.550323     2.9625      6.994   301.6947 1.2370e-01     7.8106      6.409      9.296    11.6795   999.5829 0.0000e+00
      6.553      0.044     6.5234     86.072     41.670  30.565207     2.9974      6.995   301.8042 1.2366e-01     7.6678      6.428      9.323    11.6778   999.5831 0.0000e+00
      6.563      0.036     6.5250     86.105     41.671  30.565415     2.9936      6.995   301.8208 1.2361e-01     7.6033      6.439      9.339    11.6762   999.5833 0.0000e+00
      6.567      0.030     6.5266     86.115     41.654  30.552839     2.9337      6.995   301.8089 1.2360e-01     7.5559      6.441      9.342    11.6751   999.5835 0.0000e+00
      6.569      0.027     6.5356     86.091     41.635  30.540055     2.8195      6.995   301.8325 1.2370e-01     7.4876      6.441      9.342    11.6741   999.5836 0.0000e+00
      6.572      0.027     6.5390     86.034     41.630  30.537759     2.7657      6.995   301.8483 1.2381e-01     7.4328      6.443      9.346    11.6730   999.5838 0.0000e+00
      6.579      0.032     6.5416     85.948     41.611  30.525076     2.7598      6.995   301.8275 1.2381e-01     7.4185      6.450      9.354    11.6722   999.5839 0.0000e+00
      6.589      0.038     6.5434     85.864     41.595  30.513624     2.7045      6.995   301.9252 1.2371e-01     7.4788      6.460      9.370    11.6720   999.5839 0.0000e+00
      6.601      0.044     6.5406     85.832     41.611  30.526200     2.6177      6.995   302.2549 1.2369e-01     7.5712      6.474      9.389    11.6726   999.5839 0.0000e+00
      6.615      0.047     6.5370     85.843     41.643  30.550228     2.5778      6.995   302.5444 1.2379e-01     7.6180      6.487      9.408    11.6740   999.5838 0.0000e+00
      6.629      0.047     6.5287     85.801     41.642  30.550323     2.5768      6.995   302.5859 1.2385e-01     7.6525      6.501      9.428    11.6759   999.5837 0.0000e+00
      6.641      0.046     6.5209     85.709     41.610  30.527343     2.5796      6.994   302.5845 1.2378e-01     7.6600      6.514      9.448    11.6766   999.5837 0.0000e+00
      6.651      0.044     6.5172     85.673     41.608  30.526208     2.5856      6.994   302.6143 1.2368e-01     7.6430      6.524      9.462    11.6767   999.5837 0.0000e+00
      6.661      0.042     6.5232     85.709     41.622  30.536602     2.5884      6.994   302.6016 1.2367e-01     7.6433      6.531      9.472    11.6783   999.5836 0.0000e+00
      6.671      0.040     6.5198     85.789     41.607  30.526105     2.5883      6.994   302.6036 1.2372e-01     7.6312      6.542      9.488    11.6796   999.5835 0.0000e+00
      6.683      0.040     6.5067     85.878     41.607  30.526200     2.5925      6.995   302.6386 1.2374e-01     7.6270      6.554      9.506    11.6802   999.5835 0.0000e+00
      6.693      0.042     6.5055     85.952     41.623  30.537746     2.6749      6.996   302.6800 1.2375e-01     7.7245      6.564      9.521    11.6807   999.5834 0.0000e+00
      6.701      0.046     6.5087     86.051     41.624  30.538796     2.8380      6.996   302.6741 1.2375e-01     7.9241      6.572      9.531    11.6810   999.5835 0.0000e+00
      6.710      0.050     6.5155     86.183     41.624  30.538891     2.9352      6.996   302.6532 1.2375e-01     8.0746      6.579      9.542    11.6812   999.5835 0.0000e+00
      6.724      0.054     6.5239     86.250     41.623  30.538899     2.9482      6.995   302.7707 1.2376e-01     8.1028      6.593      9.562    11.6813   999.5835 0.0000e+00
      6.742      0.056     6.5277     86.222     41.623  30.538891     2.9599      6.995   302.9776 1.2376e-01     8.0684      6.612      9.591    11.6812   999.5837 0.0000e+00
      6.760      0.058     6.5331     86.184     41.623  30.538796     2.9818      6.996   303.0036 1.2376e-01     8.0523      6.629      9.615    11.6814   999.5837 0.0000e+00
