Data/DataNotYetUploadedToEDI/Raw_CTD/RawDownloads/110819_fcr30.cnv
* Sea-Bird SBE19plus  Data File:
* FileName = C:\DATA\110819_fcr50_0004.hex
* Software version 2.8.0.119 SB_Terminal.dll
* Temperature SN = 7809
* Conductivity SN = 7809
* System UpLoad Time = Nov 11 2019 10:23:49
* <ApplicationData>
* <Seaterm232>
# nquan = 16
# nvalues = 251                         
# units = specified
# name 0 = depFM: Depth [fresh water, m]
# name 1 = dz/dtM: Descent Rate [m/s]
# name 2 = sbeox0ML/L: Oxygen, SBE 43 [ml/l]
# name 3 = sbeox0PS: Oxygen, SBE 43 [% saturation]
# name 4 = specc: Specific Conductance [uS/cm]
# name 5 = c0uS/cm: Conductivity [uS/cm]
# name 6 = flECO-AFL: Fluorescence, WET Labs ECO-AFL/FL [mg/m^3]
# name 7 = ph: pH
# name 8 = orp: Oxidation Reduction Potential [mV]
# name 9 = par/sat/log: PAR/Logarithmic, Satlantic
# name 10 = turbWETntu0: Turbidity, WET Labs ECO [NTU]
# name 11 = prdM: Pressure, Strain Gauge [db]
# name 12 = prdE: Pressure, Strain Gauge [psi]
# name 13 = tv290C: Temperature [ITS-90, deg C]
# name 14 = density00: Density [density, kg/m^3]
# name 15 = flag:  0.000e+00
# span 0 =     -0.534,      5.533       
# span 1 =     -0.014,      0.337       
# span 2 =     5.3147,     7.7862       
# span 3 =     69.470,     99.100       
# span 4 =     38.156,     43.362       
# span 5 =  25.215214,  30.341201       
# span 6 =    -0.2088,     3.3505       
# span 7 =      7.072,      7.654       
# span 8 =   217.3753,   255.3244       
# span 9 = 1.2359e-01, 1.0228e+03       
# span 10 =     6.9262,   897.3858      
# span 11 =     -0.524,      5.426      
# span 12 =     -0.760,      7.870      
# span 13 =     7.3911,    11.5110      
# span 14 =   999.5786,   999.8877      
# span 15 = 0.0000e+00, 0.0000e+00      
# interval = seconds: 0.25
# start_time = Nov 08 2019 14:03:35 [Instrument's time stamp, header]
# bad_flag = -9.990e-29
*END*
[from data line 91]
      0.901      0.136     5.5742     73.471     40.967  29.835379     2.5507      7.250   241.0305 1.7835e+02     7.4373      0.879      1.274    11.4070   999.5858 0.0000e+00
      0.937      0.138     5.5846     73.522     41.062  29.904989     2.5253      7.244   241.3753 1.6277e+02     7.4969      0.916      1.329    11.4102   999.5857 0.0000e+00
      0.977      0.145     5.5992     73.501     41.087  29.922596     2.5130      7.238   241.5470 1.4811e+02     7.5571      0.962      1.396    11.4135   999.5856 0.0000e+00
      1.013      0.152     5.6090     73.442     41.087  29.921360     2.5144      7.233   241.6443 1.3683e+02     7.5746      0.992      1.439    11.4139   999.5857 0.0000e+00
      1.049      0.155     5.6150     73.372     41.048  29.890044     2.4898      7.228   241.8638 1.2608e+02     7.5775      1.024      1.487    11.4106   999.5863 0.0000e+00
      1.094      0.152     5.6227     73.277     41.014  29.861214     2.4581      7.224   242.1357 1.1726e+02     7.5915      1.072      1.556    11.4105   999.5865 0.0000e+00
      1.139      0.146     5.6174     73.159     41.062  29.890045     2.4522      7.220   242.3508 1.0921e+02     7.6140      1.120      1.624    11.4125   999.5865 0.0000e+00
      1.178      0.140     5.6128     73.035     41.111  29.921370     2.4622      7.216   242.5718 1.0131e+02     7.6198      1.157      1.679    11.4105   999.5869 0.0000e+00
      1.211      0.135     5.6089     72.929     41.115  29.922678     2.5614      7.213   242.7423 9.6878e+01     7.5961      1.190      1.726    11.4061   999.5875 0.0000e+00
      1.238      0.130     5.6020     72.844     41.090  29.905853     2.7500      7.210   242.7775 9.4853e+01     7.5898      1.215      1.761    11.4019   999.5881 0.0000e+00
      1.265      0.126     5.5938     72.779     41.008  29.844857     2.8529      7.208   242.8257 9.0056e+01     7.6095      1.237      1.794    11.3931   999.5891 0.0000e+00
      1.298      0.123     5.5841     72.745     40.893  29.756255     2.8693      7.206   242.8957 8.2519e+01     7.6044      1.271      1.844    11.3853   999.5902 0.0000e+00
      1.335      0.120     5.5764     72.752     40.852  29.722921     2.9218      7.204   243.0212 7.6903e+01     7.5275      1.310      1.900    11.3856   999.5903 0.0000e+00
      1.371      0.119     5.5693     72.791     40.901  29.759073     3.0021      7.201   243.3105 7.3685e+01     7.4340      1.347      1.954    11.3893   999.5901 0.0000e+00
      1.400      0.118     5.5642     72.843     40.884  29.749192     3.0434      7.197   243.5535 7.0713e+01     7.3913      1.375      1.995    11.3894   999.5902 0.0000e+00
      1.422      0.113     5.5622     72.869     40.767  29.666911     3.0483      7.194   243.6368 6.7852e+01     7.3720      1.394      2.022    11.3797   999.5912 0.0000e+00
      1.446      0.104     5.5642     72.829     40.653  29.589112     3.0433      7.193   243.5435 6.4566e+01     7.3643      1.414      2.051    11.3730   999.5920 0.0000e+00
      1.477      0.093     5.5669     72.704     40.533  29.506520     2.9826      7.193   243.4580 6.1099e+01     7.3648      1.447      2.099    11.3757   999.5919 0.0000e+00
      1.509      0.079     5.5718     72.495     40.427  29.429736     2.8785      7.193   243.5497 5.8564e+01     7.3776      1.485      2.154    11.3797   999.5917 0.0000e+00
      1.532      0.063     5.5744     72.219     40.434  29.422151     2.8244      7.193   243.6192 5.6674e+01     7.3873      1.506      2.185    11.3833   999.5913 0.0000e+00
      1.543      0.046     5.5712     71.870     40.547  29.478252     2.8143      7.192   243.6954 5.6230e+01     7.3514      1.516      2.198    11.3892   999.5907 0.0000e+00
      1.547      0.031     5.5608     71.449     40.662  29.536956     2.8088      7.191   243.8689 5.6839e+01     7.3694      1.520      2.204    11.3962   999.5899 0.0000e+00
      1.546      0.022     5.5428     71.000     40.712  29.560836     2.8097      7.189   243.9967 5.6637e+01     7.5064      1.517      2.200    11.4018   999.5892 0.0000e+00
      1.543      0.019     5.5241     70.574     40.743  29.576604     2.8082      7.188   244.0365 5.5904e+01     7.6314      1.511      2.191    11.3902   999.5905 0.0000e+00
      1.547      0.023     5.5032     70.179     40.782  29.600695     2.8072      7.187   244.0920 5.4740e+01     7.6685      1.512      2.194    11.3463   999.5952 0.0000e+00
      1.559      0.029     5.4741     69.821     40.954  29.725201     2.8152      7.185   244.2370 5.3536e+01     7.5941      1.530      2.219    11.3097   999.5992 0.0000e+00
      1.571      0.036     5.4386     69.552     41.334  30.003285     2.8183      7.183   244.4994 5.2974e+01     7.4539      1.542      2.236    11.3011   999.6001 0.0000e+00
      1.581      0.041     5.4076     69.470     41.635  30.234470     2.8107      7.180   244.8549 5.2040e+01     7.3820      1.547      2.245    11.2936   999.6010 0.0000e+00
      1.591      0.044     5.3782     69.709     41.682  30.299560     2.8093      7.176   245.1796 5.0887e+01     7.3796      1.560      2.263    11.2860   999.6018 0.0000e+00
      1.602      0.044     5.3492     70.403     41.602  30.282687     2.8270      7.171   245.4145 5.0062e+01     7.4257      1.572      2.280    11.2872   999.6018 0.0000e+00
      1.612      0.043     5.3262     71.649     41.556  30.284321     2.8519      7.167   245.5431 4.8896e+01     7.5128      1.580      2.291    11.2873   999.6020 0.0000e+00
      1.625      0.040     5.3147     73.506     41.571  30.319347     2.8676      7.165   245.5316 4.7586e+01     7.5810      1.593      2.310    11.2955   999.6013 0.0000e+00
      1.638      0.036     5.3243     75.972     41.556  30.325482     2.8780      7.163   245.5328 4.6725e+01     7.5949      1.609      2.333    11.3393   999.5968 0.0000e+00
      1.648      0.031     5.3669     78.813     41.501  30.295064     2.9090      7.163   245.7303 4.6231e+01     7.5165      1.617      2.345    11.3967   999.5907 0.0000e+00
      1.654      0.027     5.4567     81.672     41.456  30.268854     2.9641      7.163   245.9397 4.5912e+01     7.3874      1.621      2.351    11.4396   999.5862 0.0000e+00
      1.658      0.024     5.5920     84.306     41.443  30.262409     2.9982      7.162   245.9133 4.5733e+01     7.3124      1.627      2.359    11.4680   999.5831 0.0000e+00
      1.660      0.026     5.7846     86.528     41.465  30.280599     3.0009      7.160   245.8428 4.5356e+01     7.3296      1.627      2.360    11.4867   999.5811 0.0000e+00
      1.665      0.035     6.0131     88.212     41.490  30.298410     2.9962      7.159   245.8608 4.4956e+01     7.3663      1.630      2.366    11.4987   999.5798 0.0000e+00
      1.673      0.048     6.2337     89.342     41.476  30.287390     2.9845      7.157   245.8738 4.4791e+01     7.3634      1.641      2.381    11.5048   999.5792 0.0000e+00
      1.683      0.062     6.4401     89.940     41.461  30.274280     2.9550      7.157   245.9132 4.3816e+01     7.3602      1.646      2.388    11.5090   999.5788 0.0000e+00
      1.701      0.076     6.6130     90.086     41.453  30.266796     2.9255      7.156   245.9936 4.1705e+01     7.3594      1.662      2.410    11.5110   999.5786 0.0000e+00
      1.730      0.090     6.7406     89.955     41.445  30.260352     2.9229      7.155   246.1574 3.9752e+01     7.3868      1.700      2.466    11.5108   999.5788 0.0000e+00
      1.758      0.101     6.8270     89.706     41.445  30.259832     2.9503      7.154   246.4311 3.8286e+01     7.5923      1.727      2.504    11.5091   999.5791 0.0000e+00
      1.783      0.110     6.8715     89.393     41.446  30.260507     2.9792      7.153   246.6350 3.6618e+01     7.9112      1.746      2.531    11.5063   999.5796 0.0000e+00
      1.810      0.114     6.8776     89.068     41.457  30.268503     2.9860      7.152   246.7293 3.4869e+01     8.0632      1.774      2.573    11.5047   999.5799 0.0000e+00
      1.840      0.110     6.8615     88.782     41.491  30.293060     2.9805      7.150   246.8828 3.3095e+01     8.0538      1.802      2.615    11.5041   999.5800 0.0000e+00
      1.874      0.104     6.8435     88.522     41.506  30.303610     2.9644      7.148   247.0295 3.1139e+01     7.9945      1.838      2.667    11.5034   999.5803 0.0000e+00
      1.906      0.097     6.8179     88.279     41.459  30.269143     2.9473      7.146   247.0401 2.9649e+01     7.9362      1.874      2.718    11.5030   999.5805 0.0000e+00
      1.930      0.087     6.7907     88.048     41.443  30.257049     2.9388      7.146   247.0110 2.8915e+01     7.9063      1.896      2.750    11.5027   999.5806 0.0000e+00
      1.945      0.076     6.7708     87.816     41.480  30.284296     2.9307      7.145   247.0216 2.8330e+01     7.8299      1.907      2.766    11.5025   999.5807 0.0000e+00
      1.958      0.065     6.7505     87.601     41.476  30.281303     2.9282      7.145   247.0823 2.7553e+01     7.6352      1.918      2.781    11.5021   999.5808 0.0000e+00
      1.975      0.055     6.7324     87.428     41.480  30.284319     2.9337      7.146   247.1421 2.6802e+01     7.3545      1.938      2.809    11.5018   999.5809 0.0000e+00
      1.991      0.047     6.7152     87.264     41.530  30.320761     2.9368      7.148   247.1424 2.6180e+01     7.1558      1.955      2.835    11.5018   999.5810 0.0000e+00
      2.003      0.041     6.6975     87.102     41.557  30.341201     2.9303      7.149   247.1727 2.5717e+01     7.1007      1.965      2.850    11.5016   999.5811 0.0000e+00
      2.012      0.036     6.6789     87.004     41.557  30.341089     2.9081      7.149   247.1636 2.5590e+01     7.1805      1.975      2.864    11.5018   999.5811 0.0000e+00
      2.016      0.036     6.6676     86.984     41.527  30.319401     2.8849      7.149   247.2046 2.5499e+01     7.3335      1.978      2.869    11.5020   999.5811 0.0000e+00
      2.020      0.043     6.6564     86.999     41.459  30.269346     2.8753      7.149   247.4101 2.5208e+01     7.4106      1.980      2.872    11.5018   999.5812 0.0000e+00
      2.028      0.058     6.6404     87.011     41.423  30.243506     2.8778      7.146   247.5842 2.4930e+01     7.3912      1.987      2.882    11.5016   999.5812 0.0000e+00
      2.041      0.078     6.6330     87.006     41.446  30.260797     2.8899      7.143   247.8467 2.4326e+01     7.3610      1.996      2.896    11.5020   999.5812 0.0000e+00
      2.062      0.099     6.6329     86.980     41.482  30.288039     2.9170      7.141   248.2607 2.3153e+01     7.4400      2.018      2.926    11.5025   999.5813 0.0000e+00
      2.095      0.120     6.6353     86.933     41.524  30.319065     2.9627      7.138   248.5459 2.1803e+01     7.5586      2.052      2.976    11.5025   999.5814 0.0000e+00
      2.134      0.138     6.6360     86.877     41.523  30.318662     2.9917      7.134   248.6275 2.0538e+01     7.5826      2.094      3.037    11.5030   999.5815 0.0000e+00
      2.173      0.149     6.6359     86.826     41.474  30.283162     2.9903      7.132   248.6458 1.9360e+01     7.5669      2.132      3.093    11.5041   999.5816 0.0000e+00
      2.212      0.151     6.6336     86.781     41.457  30.270564     2.9636      7.131   248.6817 1.8097e+01     7.6310      2.165      3.141    11.5048   999.5817 0.0000e+00
      2.257      0.146     6.6300     86.758     41.489  30.293249     2.9285      7.131   248.8027 1.6822e+01     7.7680      2.213      3.210    11.5050   999.5819 0.0000e+00
      2.300      0.139     6.6247     86.762     41.505  30.303628     2.9210      7.130   248.9911 1.5888e+01     7.8461      2.260      3.279    11.5053   999.5821 0.0000e+00
      2.331      0.133     6.6216     86.786     41.460  30.269145     2.9258      7.127   249.1519 1.5255e+01     7.8542      2.288      3.319    11.5058   999.5822 0.0000e+00
      2.356      0.129     6.6171     86.837     41.446  30.257041     2.8995      7.124   249.2841 1.4610e+01     7.8341      2.310      3.350    11.5059   999.5823 0.0000e+00
      2.384      0.127     6.6148     86.874     41.485  30.284182     2.8453      7.123   249.3846 1.3873e+01     7.8311      2.337      3.389    11.5057   999.5824 0.0000e+00
      2.417      0.131     6.6172     86.871     41.481  30.280030     2.8166      7.121   249.5072 1.3091e+01     7.8512      2.369      3.436    11.5045   999.5826 0.0000e+00
      2.453      0.139     6.6167     86.855     41.468  30.270291     2.8221      7.119   249.6472 1.2330e+01     7.8147      2.405      3.488    11.5017   999.5832 0.0000e+00
      2.488      0.150     6.6241     86.835     41.499  30.293339     2.8678      7.118   249.7017 1.1644e+01     7.7180      2.440      3.539    11.4990   999.5836 0.0000e+00
      2.526      0.162     6.6278     86.782     41.514  30.304887     2.9531      7.117   249.7353 1.0934e+01     7.6330      2.475      3.590    11.4971   999.5840 0.0000e+00
      2.569      0.173     6.6260     86.689     41.484  30.282997     3.0037      7.115   249.7961 1.0171e+01     7.6058      2.519      3.652    11.4964   999.5843 0.0000e+00
      2.615      0.179     6.6249     86.604     41.485  30.282490     3.0031      7.115   249.9200 9.4508e+00     7.5856      2.565      3.720    11.4959   999.5845 0.0000e+00
      2.665      0.181     6.6244     86.550     41.509  30.298755     2.9370      7.115   250.1147 8.7352e+00     7.5200      2.610      3.786    11.4960   999.5848 0.0000e+00
      2.718      0.181     6.6210     86.518     41.497  30.289298     2.8203      7.114   250.2573 8.0321e+00     7.4349      2.667      3.867    11.4972   999.5849 0.0000e+00
      2.769      0.177     6.6114     86.514     41.506  30.295053     2.7529      7.113   250.3538 7.5226e+00     7.3762      2.721      3.947    11.4973   999.5852 0.0000e+00
      2.809      0.171     6.6047     86.539     41.519  30.304873     2.7467      7.112   250.4208 7.1540e+00     7.3671      2.755      3.996    11.4959   999.5854 0.0000e+00
      2.846      0.165     6.6016     86.569     41.486  30.281133     2.7630      7.112   250.3797 6.7119e+00     7.3906      2.787      4.042    11.4940   999.5858 0.0000e+00
      2.887      0.159     6.5990     86.603     41.459  30.261825     2.8115      7.111   250.3732 6.2513e+00     7.3978      2.833      4.107    11.4926   999.5862 0.0000e+00
      2.929      0.152     6.5984     86.641     41.459  30.261786     2.8913      7.111   250.5141 5.8829e+00     7.3890      2.873      4.167    11.4920   999.5864 0.0000e+00
      2.969      0.145     6.6018     86.660     41.484  30.280662     2.9381      7.111   250.6216 5.5604e+00     7.3821      2.911      4.223    11.4921   999.5866 0.0000e+00
      3.008      0.140     6.6035     86.679     41.509  30.299684     2.9530      7.111   250.7255 5.2789e+00     7.3805      2.953      4.283    11.4928   999.5867 0.0000e+00
      3.043      0.135     6.6056     86.731     41.509  30.301412     3.0361      7.110   250.9095 5.0772e+00     7.4025      2.988      4.333    11.4931   999.5869 0.0000e+00
      3.070      0.134     6.6102     86.793     41.509  30.301559     3.1632      7.108   251.1265 4.8923e+00     7.4182      3.011      4.367    11.4933   999.5870 0.0000e+00
      3.097      0.139     6.6105     86.825     41.509  30.301469     3.2233      7.104   251.3690 4.6196e+00     7.4067      3.033      4.398    11.4942   999.5869 0.0000e+00
      3.132      0.150     6.6102     86.833     41.508  30.300312     3.2343      7.102   251.5193 4.3332e+00     7.3947      3.073      4.457    11.4954   999.5871 0.0000e+00
      3.169      0.165     6.6148     86.826     41.491  30.287570     3.2264      7.101   251.6530 4.0993e+00     7.4371      3.108      4.508    11.4967   999.5870 0.0000e+00
