Data/DataNotYetUploadedToEDI/Raw_CTD/RawDownloads/110819_fcr50.cnv
* Sea-Bird SBE19plus  Data File:
* FileName = C:\DATA\110819_fcr50_0001.hex
* Software version 2.8.0.119 SB_Terminal.dll
* Temperature SN = 7809
* Conductivity SN = 7809
* System UpLoad Time = Nov 11 2019 10:23:09
* <ApplicationData>
* <Seaterm232>
# nquan = 16
# nvalues = 986                         
# units = specified
# name 0 = depFM: Depth [fresh water, m]
# name 1 = dz/dtM: Descent Rate [m/s]
# name 2 = sbeox0ML/L: Oxygen, SBE 43 [ml/l]
# name 3 = sbeox0PS: Oxygen, SBE 43 [% saturation]
# name 4 = specc: Specific Conductance [uS/cm]
# name 5 = c0uS/cm: Conductivity [uS/cm]
# name 6 = flECO-AFL: Fluorescence, WET Labs ECO-AFL/FL [mg/m^3]
# name 7 = ph: pH
# name 8 = orp: Oxidation Reduction Potential [mV]
# name 9 = par/sat/log: PAR/Logarithmic, Satlantic
# name 10 = turbWETntu0: Turbidity, WET Labs ECO [NTU]
# name 11 = prdM: Pressure, Strain Gauge [db]
# name 12 = prdE: Pressure, Strain Gauge [psi]
# name 13 = tv290C: Temperature [ITS-90, deg C]
# name 14 = density00: Density [density, kg/m^3]
# name 15 = flag:  0.000e+00
# span 0 =     -0.541,      9.627       
# span 1 =     -0.239,      0.453       
# span 2 =     5.3230,     8.8079       
# span 3 =     69.455,    104.705       
# span 4 =      2.906,     50.526       
# span 5 =   1.740296,  31.899679       
# span 6 =    -0.2103,     6.0093       
# span 7 =     -2.389,      8.279       
# span 8 =  -844.1010,   731.2611       
# span 9 = 1.2360e-01, 1.3419e+03       
# span 10 =    -0.5752,    53.9108      
# span 11 =     -0.533,      9.441      
# span 12 =     -0.772,     13.693      
# span 13 =     4.8152,    11.6830      
# span 14 =   999.5542,   999.9829      
# span 15 = 0.0000e+00, 0.0000e+00      
# interval = seconds: 0.25
# start_time = Nov 08 2019 12:45:17 [Instrument's time stamp, header]
# bad_flag = -9.990e-29
*END*
[from data line 452]
      3.390      0.009     6.5442     86.100     41.642  30.538661     2.6588      7.042   300.4630 2.1084e+00     7.6979      3.325      4.822    11.6621   999.5702 0.0000e+00
      3.391      0.012     6.5431     86.109     41.638  30.537603     2.6882      7.043   301.5862 2.0912e+00     7.8060      3.325      4.823    11.6619   999.5702 0.0000e+00
      3.395      0.014     6.5430     86.124     41.620  30.524818     2.7110      7.044   302.0973 2.0700e+00     7.8735      3.329      4.828    11.6631   999.5700 0.0000e+00
      3.402      0.017     6.5428     86.139     41.601  30.510993     2.7182      7.045   301.9964 2.0595e+00     7.8910      3.336      4.839    11.6639   999.5700 0.0000e+00
      3.408      0.021     6.5413     86.177     41.584  30.497357     2.8098      7.045   301.8292 2.0462e+00     7.8211      3.344      4.850    11.6651   999.5699 0.0000e+00
      3.413      0.025     6.5418     86.234     41.570  30.486859     3.0030      7.045   301.5380 2.0238e+00     7.6839      3.347      4.854    11.6678   999.5696 0.0000e+00
      3.417      0.030     6.5441     86.283     41.602  30.510972     3.1205      7.045   301.6594 1.9857e+00     7.6405      3.349      4.857    11.6692   999.5695 0.0000e+00
      3.424      0.035     6.5433     86.325     41.632  30.535085     3.1218      7.044   302.2642 1.9496e+00     7.6571      3.356      4.867    11.6681   999.5696 0.0000e+00
      3.434      0.037     6.5468     86.357     41.616  30.524588     2.9758      7.043   302.5697 1.9210e+00     7.6558      3.367      4.884    11.6663   999.5699 0.0000e+00
      3.447      0.034     6.5529     86.361     41.596  30.510961     2.7159      7.042   302.5143 1.8672e+00     7.6898      3.379      4.902    11.6656   999.5700 0.0000e+00
      3.462      0.024     6.5554     86.321     41.577  30.497240     2.5799      7.042   302.4543 1.8001e+00     7.6753      3.395      4.924    11.6675   999.5699 0.0000e+00
      3.474      0.010     6.5584     86.232     41.562  30.485600     2.5710      7.042   302.4469 1.7726e+00     7.6110      3.412      4.947    11.6702   999.5697 0.0000e+00
      3.476     -0.005     6.5613     86.126     41.581  30.497128     2.5742      7.042   302.4244 1.7976e+00     7.6000      3.414      4.952    11.6718   999.5695 0.0000e+00
      3.465     -0.018     6.5619     86.029     41.601  30.509713     2.6442      7.042   302.0966 1.8446e+00     7.5757      3.401      4.931    11.6728   999.5693 0.0000e+00
      3.449     -0.027     6.5592     85.934     41.604  30.510857     2.7673      7.042   301.5808 1.8788e+00     7.5139      3.379      4.901    11.6733   999.5692 0.0000e+00
      3.437     -0.029     6.5515     85.879     41.604  30.510962     2.8226      7.041   301.4359 1.8989e+00     7.4430      3.367      4.882    11.6725   999.5692 0.0000e+00
      3.432     -0.023     6.5423     85.889     41.605  30.510972     2.8194      7.040   301.8942 1.9103e+00     7.3743      3.366      4.880    11.6691   999.5696 0.0000e+00
      3.429     -0.011     6.5371     85.942     41.606  30.510973     2.7624      7.037   302.6481 1.9049e+00     7.5020      3.363      4.878    11.6660   999.5699 0.0000e+00
      3.424      0.003     6.5281     86.057     41.608  30.510973     2.6456      7.033   302.9796 1.8870e+00     7.7750      3.357      4.869    11.6655   999.5699 0.0000e+00
      3.424      0.013     6.5222     86.227     41.608  30.510974     2.5772      7.029   302.2876 1.8637e+00     7.8891      3.355      4.867    11.6653   999.5699 0.0000e+00
      3.431      0.019     6.5263     86.398     41.607  30.510983     2.5768      7.027   301.2506 1.8282e+00     7.8988      3.362      4.877    11.6643   999.5701 0.0000e+00
      3.443      0.026     6.5279     86.534     41.606  30.511088     2.6247      7.026   301.1106 1.7805e+00     8.0236      3.376      4.897    11.6633   999.5703 0.0000e+00
      3.453      0.034     6.5372     86.617     41.605  30.512242     2.7141      7.025   301.4552 1.7529e+00     8.2504      3.389      4.914    11.6624   999.5704 0.0000e+00
      3.458      0.040     6.5525     86.651     41.620  30.524932     2.7645      7.024   301.8893 1.7461e+00     8.3799      3.392      4.919    11.6621   999.5705 0.0000e+00
      3.463      0.045     6.5656     86.618     41.635  30.537613     2.7650      7.024   302.4016 1.7275e+00     8.3770      3.394      4.921    11.6621   999.5705 0.0000e+00
      3.475      0.048     6.5772     86.524     41.635  30.538662     2.7460      7.025   301.7986 1.6890e+00     8.4115      3.405      4.938    11.6635   999.5704 0.0000e+00
      3.494      0.049     6.5818     86.402     41.632  30.537613     2.7082      7.026   300.3636 1.6468e+00     8.5347      3.427      4.970    11.6657   999.5702 0.0000e+00
      3.513      0.050     6.5855     86.259     41.614  30.524931     2.6907      7.026   299.6775 1.6183e+00     8.6214      3.448      5.001    11.6680   999.5701 0.0000e+00
      3.526      0.048     6.5827     86.125     41.598  30.512241     2.7068      7.026   299.6117 1.6052e+00     8.6077      3.460      5.018    11.6702   999.5699 0.0000e+00
      3.534      0.043     6.5730     86.039     41.597  30.511088     2.7472      7.026   299.9122 1.5933e+00     8.4010      3.465      5.025    11.6720   999.5697 0.0000e+00
      3.543      0.039     6.5649     85.996     41.598  30.510983     2.7976      7.027   300.6436 1.5683e+00     8.0562      3.474      5.039    11.6732   999.5697 0.0000e+00
      3.552      0.038     6.5526     85.991     41.599  30.510973     2.8220      7.029   301.0557 1.5529e+00     7.8795      3.484      5.054    11.6736   999.5696 0.0000e+00
      3.558      0.042     6.5408     86.023     41.599  30.510973     2.8258      7.030   300.6785 1.5574e+00     7.8712      3.489      5.061    11.6729   999.5697 0.0000e+00
      3.567      0.047     6.5355     86.067     41.598  30.510973     2.8255      7.031   299.7826 1.5332e+00     7.8574      3.495      5.071    11.6720   999.5699 0.0000e+00
      3.582      0.052     6.5322     86.110     41.597  30.510983     2.8620      7.032   299.1719 1.4742e+00     7.8770      3.511      5.092    11.6707   999.5701 0.0000e+00
      3.600      0.056     6.5315     86.153     41.597  30.511096     2.9551      7.032   299.1456 1.4249e+00     7.9772      3.531      5.120    11.6693   999.5703 0.0000e+00
      3.616      0.058     6.5355     86.179     41.598  30.512335     3.0146      7.032   299.2922 1.3928e+00     8.0522      3.546      5.143    11.6697   999.5704 0.0000e+00
      3.631      0.058     6.5388     86.201     41.616  30.525961     3.0094      7.032   299.3957 1.3695e+00     8.0627      3.562      5.166    11.6711   999.5703 0.0000e+00
      3.646      0.057     6.5410     86.228     41.646  30.548939     2.9091      7.033   299.7094 1.3499e+00     8.1045      3.577      5.188    11.6720   999.5703 0.0000e+00
      3.658      0.057     6.5458     86.244     41.628  30.536344     2.7298      7.034   300.0731 1.3238e+00     8.1970      3.588      5.204    11.6723   999.5703 0.0000e+00
      3.671      0.058     6.5469     86.249     41.579  30.500580     2.6358      7.034   300.0073 1.2921e+00     8.2639      3.599      5.220    11.6730   999.5703 0.0000e+00
      3.685      0.058     6.5476     86.254     41.574  30.497253     2.6403      7.033   299.7739 1.2584e+00     8.2901      3.613      5.240    11.6736   999.5702 0.0000e+00
      3.702      0.058     6.5511     86.279     41.573  30.496119     2.6540      7.032   299.5741 1.2243e+00     8.2511      3.630      5.266    11.6742   999.5703 0.0000e+00
      3.719      0.057     6.5516     86.329     41.560  30.486871     2.6545      7.032   299.4850 1.1937e+00     8.1534      3.647      5.289    11.6746   999.5703 0.0000e+00
      3.736      0.057     6.5520     86.370     41.595  30.512336     2.6459      7.032   300.1583 1.1597e+00     8.0923      3.664      5.314    11.6750   999.5703 0.0000e+00
      3.750      0.057     6.5516     86.391     41.646  30.550199     2.6544      7.032   301.3481 1.1234e+00     8.1022      3.679      5.338    11.6752   999.5704 0.0000e+00
      3.760      0.059     6.5527     86.404     41.666  30.563930     2.7915      7.033   301.8256 1.0983e+00     8.0767      3.688      5.348    11.6751   999.5704 0.0000e+00
      3.770      0.063     6.5586     86.418     41.649  30.551448     3.0379      7.033   301.3715 1.0867e+00     7.9473      3.694      5.358    11.6751   999.5704 0.0000e+00
      3.786      0.068     6.5614     86.421     41.615  30.526190     3.1705      7.033   300.6763 1.0657e+00     7.8493      3.710      5.381    11.6751   999.5705 0.0000e+00
      3.809      0.073     6.5630     86.411     41.596  30.512357     3.1816      7.032   300.4743 1.0257e+00     7.8420      3.735      5.417    11.6750   999.5707 0.0000e+00
      3.832      0.077     6.5633     86.415     41.594  30.511099     3.1639      7.031   301.2525 9.8679e-01     7.9574      3.760      5.453    11.6749   999.5708 0.0000e+00
      3.852      0.077     6.5649     86.429     41.594  30.510984     3.1296      7.031   302.5148 9.4325e-01     8.1635      3.778      5.480    11.6749   999.5709 0.0000e+00
      3.872      0.075     6.5659     86.436     41.593  30.510974     3.1137      7.031   303.0019 9.0111e-01     8.2690      3.797      5.507    11.6744   999.5710 0.0000e+00
      3.891      0.072     6.5634     86.441     41.593  30.510973     3.1184      7.031   302.8402 8.8360e-01     8.2826      3.819      5.539    11.6742   999.5712 0.0000e+00
      3.907      0.068     6.5644     86.452     41.593  30.510974     3.1173      7.030   302.7971 8.7609e-01     8.2948      3.833      5.559    11.6742   999.5712 0.0000e+00
      3.922      0.064     6.5657     86.450     41.593  30.510983     3.0658      7.030   302.4813 8.5206e-01     8.2848      3.844      5.575    11.6744   999.5712 0.0000e+00
      3.940      0.059     6.5666     86.437     41.593  30.511087     2.9808      7.030   301.7749 8.2027e-01     8.2599      3.865      5.604    11.6749   999.5713 0.0000e+00
      3.957      0.055     6.5654     86.410     41.595  30.512232     2.9397      7.030   301.7409 8.0290e-01     8.2565      3.884      5.632    11.6751   999.5714 0.0000e+00
      3.971      0.053     6.5681     86.341     41.612  30.524818     2.9330      7.030   302.5864 7.8990e-01     8.2769      3.895      5.649    11.6749   999.5714 0.0000e+00
      3.982      0.053     6.5676     86.266     41.628  30.536355     2.8655      7.030   303.2222 7.7710e-01     8.2119      3.905      5.664    11.6749   999.5715 0.0000e+00
      3.992      0.055     6.5652     86.205     41.613  30.524818     2.7309      7.029   303.4065 7.6625e-01     7.9944      3.914      5.676    11.6751   999.5715 0.0000e+00
      4.003      0.060     6.5667     86.141     41.596  30.512232     2.6488      7.028   303.3511 7.4755e-01     7.8102      3.923      5.690    11.6749   999.5716 0.0000e+00
      4.019      0.067     6.5583     86.090     41.595  30.511088     2.6354      7.027   303.1555 7.2951e-01     7.7867      3.940      5.714    11.6746   999.5717 0.0000e+00
      4.039      0.074     6.5524     86.062     41.595  30.510984     2.6300      7.025   302.9337 7.0900e-01     7.8746      3.962      5.746    11.6743   999.5719 0.0000e+00
      4.060      0.080     6.5494     86.051     41.596  30.510976     2.6351      7.024   302.7344 6.7484e-01     7.9881      3.981      5.775    11.6737   999.5720 0.0000e+00
      4.082      0.082     6.5431     86.051     41.596  30.510984     2.6460      7.022   302.7254 6.4047e-01     8.0446      4.002      5.805    11.6737   999.5721 0.0000e+00
      4.106      0.080     6.5392     86.060     41.597  30.511089     2.6482      7.018   302.8242 6.2060e-01     8.0663      4.028      5.842    11.6740   999.5722 0.0000e+00
      4.128      0.075     6.5373     86.075     41.599  30.512243     2.7055      7.016   303.0682 6.1312e-01     8.0866      4.048      5.872    11.6733   999.5724 0.0000e+00
      4.148      0.068     6.5370     86.100     41.617  30.524932     2.8185      7.016   303.3532 6.0367e-01     8.0609      4.067      5.899    11.6728   999.5725 0.0000e+00
      4.165      0.060     6.5367     86.114     41.635  30.537605     2.8795      7.015   302.8284 5.9232e-01     8.0170      4.087      5.929    11.6725   999.5726 0.0000e+00
      4.177      0.052     6.5381     86.103     41.637  30.538550     2.8870      7.014   301.7128 5.8161e-01     8.0146      4.098      5.944    11.6720   999.5727 0.0000e+00
      4.187      0.043     6.5384     86.083     41.635  30.536357     2.8916      7.015   301.3074 5.6620e-01     7.9007      4.103      5.950    11.6714   999.5728 0.0000e+00
      4.198      0.036     6.5416     86.057     41.601  30.511090     2.9005      7.016   301.4553 5.5790e-01     7.6242      4.117      5.971    11.6706   999.5730 0.0000e+00
      4.209      0.032     6.5435     86.011     41.568  30.486871     2.8998      7.017   301.6936 5.5735e-01     7.4236      4.130      5.990    11.6697   999.5732 0.0000e+00
      4.214      0.033     6.5413     85.959     41.582  30.497359     2.8831      7.018   302.1237 5.5259e-01     7.3764      4.133      5.994    11.6689   999.5732 0.0000e+00
      4.216      0.037     6.5404     85.943     41.600  30.510985     2.8804      7.018   302.0097 5.5059e-01     7.4141      4.133      5.995    11.6684   999.5733 0.0000e+00
      4.221      0.043     6.5388     85.973     41.618  30.524707     2.8936      7.019   301.3468 5.3934e-01     7.6171      4.136      6.000    11.6680   999.5734 0.0000e+00
      4.234      0.051     6.5355     86.022     41.634  30.536357     2.8948      7.019   301.0787 5.0704e-01     7.9296      4.150      6.020    11.6681   999.5734 0.0000e+00
      4.252      0.058     6.5292     86.064     41.617  30.524932     2.8870      7.019   301.1773 4.8630e-01     8.0794      4.170      6.049    11.6687   999.5734 0.0000e+00
      4.272      0.061     6.5280     86.092     41.600  30.513491     2.8683      7.019   301.3339 4.7930e-01     8.0844      4.188      6.074    11.6691   999.5735 0.0000e+00
      4.292      0.059     6.5313     86.118     41.615  30.524933     2.7993      7.018   301.5094 4.6155e-01     7.9909      4.209      6.105    11.6696   999.5735 0.0000e+00
      4.310      0.054     6.5355     86.137     41.630  30.536367     2.7020      7.018   301.5787 4.4464e-01     7.7675      4.230      6.136    11.6695   999.5737 0.0000e+00
      4.322      0.046     6.5392     86.136     41.614  30.524820     2.6550      7.019   301.4831 4.4334e-01     7.6447      4.239      6.150    11.6706   999.5736 0.0000e+00
      4.328      0.038     6.5399     86.107     41.596  30.512234     2.6467      7.021   301.2137 4.4754e-01     7.6523      4.245      6.156    11.6725   999.5734 0.0000e+00
      4.334      0.032     6.5422     86.056     41.595  30.511100     2.6538      7.022   300.9890 4.4987e-01     7.6968      4.251      6.164    11.6732   999.5733 0.0000e+00
      4.342      0.028     6.5442     86.018     41.596  30.511109     2.6804      7.021   301.0037 4.4672e-01     7.7891      4.258      6.176    11.6734   999.5733 0.0000e+00
      4.350      0.029     6.5440     86.001     41.601  30.512349     2.6999      7.021   301.1329 4.3165e-01     7.8509      4.267      6.189    11.6737   999.5733 0.0000e+00
      4.355      0.031     6.5421     85.987     41.624  30.526079     2.7065      7.022   301.2604 4.1010e-01     7.8546      4.270      6.194    11.6742   999.5733 0.0000e+00
      4.360      0.032     6.5369     86.007     41.659  30.550212     2.7090      7.022   301.3410 3.9053e-01     7.8338      4.274      6.199    11.6739   999.5734 0.0000e+00
      4.370      0.032     6.5334     86.071     41.660  30.550317     2.7115      7.022   301.3336 3.8419e-01     7.8285      4.285      6.214    11.6725   999.5736 0.0000e+00
