Data/DataNotYetUploadedToEDI/Raw_CTD/RawDownloads/110819_fcr50.cnv
* Sea-Bird SBE19plus  Data File:
* FileName = C:\DATA\110819_fcr50_0001.hex
* Software version 2.8.0.119 SB_Terminal.dll
* Temperature SN = 7809
* Conductivity SN = 7809
* System UpLoad Time = Nov 11 2019 10:23:09
* <ApplicationData>
* <Seaterm232>
# nquan = 16
# nvalues = 986                         
# units = specified
# name 0 = depFM: Depth [fresh water, m]
# name 1 = dz/dtM: Descent Rate [m/s]
# name 2 = sbeox0ML/L: Oxygen, SBE 43 [ml/l]
# name 3 = sbeox0PS: Oxygen, SBE 43 [% saturation]
# name 4 = specc: Specific Conductance [uS/cm]
# name 5 = c0uS/cm: Conductivity [uS/cm]
# name 6 = flECO-AFL: Fluorescence, WET Labs ECO-AFL/FL [mg/m^3]
# name 7 = ph: pH
# name 8 = orp: Oxidation Reduction Potential [mV]
# name 9 = par/sat/log: PAR/Logarithmic, Satlantic
# name 10 = turbWETntu0: Turbidity, WET Labs ECO [NTU]
# name 11 = prdM: Pressure, Strain Gauge [db]
# name 12 = prdE: Pressure, Strain Gauge [psi]
# name 13 = tv290C: Temperature [ITS-90, deg C]
# name 14 = density00: Density [density, kg/m^3]
# name 15 = flag:  0.000e+00
# span 0 =     -0.541,      9.627       
# span 1 =     -0.239,      0.453       
# span 2 =     5.3230,     8.8079       
# span 3 =     69.455,    104.705       
# span 4 =      2.906,     50.526       
# span 5 =   1.740296,  31.899679       
# span 6 =    -0.2103,     6.0093       
# span 7 =     -2.389,      8.279       
# span 8 =  -844.1010,   731.2611       
# span 9 = 1.2360e-01, 1.3419e+03       
# span 10 =    -0.5752,    53.9108      
# span 11 =     -0.533,      9.441      
# span 12 =     -0.772,     13.693      
# span 13 =     4.8152,    11.6830      
# span 14 =   999.5542,   999.9829      
# span 15 = 0.0000e+00, 0.0000e+00      
# interval = seconds: 0.25
# start_time = Nov 08 2019 12:45:17 [Instrument's time stamp, header]
# bad_flag = -9.990e-29
*END*
[from data line 91]
      0.163     -0.020     5.7717     75.010     41.840  30.453901     2.3619      7.717   296.5662 9.3721e+01     7.3204      0.160      0.233    11.4342   999.5798 0.0000e+00
      0.164     -0.032     5.7711     74.821     41.865  30.455161     2.3441      7.711   296.5318 8.8856e+01     7.2440      0.164      0.238    11.4333   999.5800 0.0000e+00
      0.157     -0.041     5.7550     74.584     41.895  30.456506     2.3303      7.704   296.4832 8.6035e+01     7.1952      0.158      0.230    11.4256   999.5808 0.0000e+00
      0.137     -0.046     5.7448     74.319     41.931  30.470143     2.3163      7.697   296.4092 8.4382e+01     7.1569      0.140      0.202    11.4019   999.5832 0.0000e+00
      0.110     -0.046     5.7363     74.035     41.972  30.493122     2.2793      7.690   296.7549 8.4965e+01     7.0756      0.104      0.150    11.3927   999.5841 0.0000e+00
      0.092     -0.041     5.7245     73.741     41.959  30.480515     2.2298      7.684   297.3934 8.9220e+01     6.9659      0.083      0.120    11.3745   999.5859 0.0000e+00
      0.089     -0.030     5.7101     73.456     41.903  30.444625     2.2108      7.678   297.5901 9.1187e+01     6.9450      0.087      0.126    11.3390   999.5897 0.0000e+00
      0.090     -0.017     5.6909     73.195     41.884  30.439913     2.2153      7.672   297.3268 9.1267e+01     6.9539      0.089      0.129    11.3306   999.5906 0.0000e+00
      0.089     -0.005     5.6701     72.970     41.852  30.423544     2.2240      7.665   297.0488 9.2138e+01     7.0406      0.087      0.127    11.3220   999.5914 0.0000e+00
      0.089      0.000     5.6477     72.747     41.779  30.373638     2.2462      7.660   296.9830 9.6369e+01     7.2721      0.087      0.127    11.3133   999.5924 0.0000e+00
      0.089      0.001     5.6251     72.499     41.739  30.344144     2.2664      7.655   297.4776 9.8427e+01     7.4259      0.086      0.125    11.3246   999.5911 0.0000e+00
      0.090      0.001     5.6015     72.239     41.714  30.320754     2.2779      7.649   298.4687 9.3942e+01     7.4586      0.088      0.128    11.3366   999.5899 0.0000e+00
      0.090      0.002     5.5855     71.990     41.666  30.281196     2.2982      7.644   298.9848 9.3094e+01     7.4376      0.089      0.130    11.3454   999.5890 0.0000e+00
      0.090      0.002     5.5684     71.739     41.626  30.246568     2.3207      7.640   298.7273 9.8207e+01     7.4017      0.088      0.128    11.3499   999.5885 0.0000e+00
      0.090      0.002     5.5492     71.471     41.597  30.219338     2.3333      7.636   298.2813 1.0436e+02     7.4180      0.089      0.129    11.3485   999.5886 0.0000e+00
      0.091      0.002     5.5289     71.198     41.587  30.205780     2.3384      7.634   298.1522 1.0714e+02     7.4390      0.090      0.130    11.3416   999.5893 0.0000e+00
      0.092      0.002     5.5114     70.928     41.601  30.209541     2.3306      7.632   298.3708 1.0535e+02     7.3932      0.090      0.131    11.3350   999.5899 0.0000e+00
      0.093      0.002     5.4939     70.679     41.598  30.201349     2.3083      7.627   298.6880 1.1362e+02     7.2893      0.091      0.132    11.3291   999.5906 0.0000e+00
      0.093      0.001     5.4730     70.477     41.563  30.170188     2.2856      7.622   298.9758 1.2210e+02     7.1984      0.091      0.132    11.3211   999.5915 0.0000e+00
      0.093      0.001     5.4537     70.299     41.542  30.150041     2.2814      7.619   299.0966 1.1150e+02     7.1796      0.091      0.132    11.3135   999.5922 0.0000e+00
      0.093      0.001     5.4334     70.130     41.545  30.148107     2.2831      7.616   299.1168 1.0317e+02     7.1933      0.091      0.132    11.3065   999.5930 0.0000e+00
      0.093      0.001     5.4138     69.991     41.548  30.146799     2.3146      7.613   299.1335 1.1097e+02     7.2332      0.092      0.133    11.2983   999.5939 0.0000e+00
      0.094      0.001     5.4002     69.852     41.534  30.134227     2.3936      7.611   299.1272 1.1843e+02     7.3338      0.092      0.133    11.2911   999.5946 0.0000e+00
      0.094      0.002     5.3888     69.714     41.523  30.123003     2.4499      7.609   298.8692 1.0863e+02     7.3938      0.092      0.134    11.2860   999.5951 0.0000e+00
      0.095      0.002     5.3735     69.602     41.550  30.137999     2.4578      7.607   298.4226 9.5971e+01     7.4009      0.093      0.134    11.2810   999.5956 0.0000e+00
      0.096      0.002     5.3665     69.506     41.802  30.315543     2.4202      7.605   298.2875 9.7520e+01     7.4195      0.094      0.136    11.2771   999.5961 0.0000e+00
      0.096      0.002     5.3555     69.455     42.219  30.619815     2.3582      7.602   298.3537 1.0236e+02     7.4223      0.094      0.136    11.2739   999.5964 0.0000e+00
      0.096      0.003     5.3435     69.507     42.303  30.707597     2.3329      7.599   298.4487 1.0141e+02     7.4027      0.094      0.137    11.2702   999.5968 0.0000e+00
      0.096      0.006     5.3380     69.790     42.093  30.615479     2.3315      7.596   298.5761 9.7517e+01     7.3789      0.094      0.137    11.2650   999.5973 0.0000e+00
      0.097      0.008     5.3291     70.481     41.951  30.584854     2.2890      7.594   298.0010 9.4388e+01     7.3644      0.094      0.137    11.2583   999.5980 0.0000e+00
      0.099      0.009     5.3259     71.712     41.876  30.591218     2.2266      7.592   296.8290 9.5030e+01     7.3582      0.096      0.141    11.2498   999.5993 0.0000e+00
      0.104      0.012     5.3230     73.504     41.782  30.565579     2.2097      7.588   296.1939 1.1753e+02     7.3697      0.102      0.148    11.2744   999.5967 0.0000e+00
      0.108      0.015     5.3290     75.789     41.693  30.528729     2.2237      7.580   296.0009 1.4568e+02     7.4050      0.107      0.155    11.3590   999.5876 0.0000e+00
      0.111      0.016     5.3657     78.408     41.665  30.526427     2.3006      7.571   295.9571 1.8655e+02     7.5233      0.109      0.159    11.4568   999.5773 0.0000e+00
      0.114      0.014     5.4500     81.108     41.664  30.537763     2.4372      7.563   296.0093 2.4282e+02     7.7179      0.109      0.158    11.5323   999.5692 0.0000e+00
      0.120      0.005     5.5825     83.686     41.657  30.538895     2.5058      7.557   295.3410 2.5357e+02     7.8248      0.117      0.170    11.5819   999.5637 0.0000e+00
      0.127     -0.008     5.7555     85.964     41.658  30.540124     2.5062      7.548   294.1575 2.7061e+02     7.8322      0.125      0.183    11.6113   999.5605 0.0000e+00
      0.130     -0.017     5.9604     87.717     41.683  30.552615     2.5023      7.536   293.4873 2.6391e+02     7.8405      0.130      0.189    11.6331   999.5582 0.0000e+00
      0.123     -0.021     6.1689     88.883     41.704  30.563011     2.4493      7.521   293.1748 1.7016e+02     7.7933      0.129      0.188    11.6475   999.5567 0.0000e+00
      0.101     -0.022     6.3662     89.555     41.671  30.538897     2.3422      7.507   292.9603 1.0830e+02     7.6873      0.100      0.145    11.6550   999.5557 0.0000e+00
      0.080     -0.021     6.5489     89.827     41.634  30.514878     2.2824      7.497   293.0440 9.8557e+01     7.6411      0.065      0.094    11.6552   999.5555 0.0000e+00
      0.081     -0.014     6.6848     89.840     41.647  30.526423     2.2815      7.489   293.4130 9.2114e+01     7.6282      0.076      0.110    11.6457   999.5566 0.0000e+00
      0.092     -0.001     6.7695     89.705     41.682  30.551587     2.3223      7.481   293.5491 9.3325e+01     7.5641      0.098      0.142    11.6364   999.5578 0.0000e+00
      0.095      0.015     6.8205     89.466     41.700  30.565308     2.4033      7.473   293.1413 9.4608e+01     7.4551      0.095      0.138    11.6382   999.5575 0.0000e+00
      0.092      0.026     6.8344     89.195     41.697  30.565411     2.4463      7.466   292.6122 9.4917e+01     7.3598      0.088      0.126    11.6455   999.5566 0.0000e+00
      0.097      0.028     6.8321     88.937     41.677  30.552834     2.4519      7.461   292.2286 9.5252e+01     7.3614      0.092      0.133    11.6471   999.5566 0.0000e+00
      0.110      0.028     6.8227     88.694     41.658  30.540152     2.4702      7.454   292.1161 9.2270e+01     7.4747      0.107      0.155    11.6443   999.5569 0.0000e+00
      0.126      0.029     6.8013     88.464     41.656  30.538989     2.4940      7.446   292.1994 8.9435e+01     7.5832      0.127      0.184    11.6448   999.5569 0.0000e+00
      0.136      0.029     6.7789     88.241     41.655  30.538779     2.5061      7.439   292.8918 8.9198e+01     7.6242      0.138      0.201    11.6489   999.5565 0.0000e+00
      0.136      0.024     6.7592     88.028     41.652  30.537616     2.5033      7.432   293.9480 8.8922e+01     7.6427      0.132      0.191    11.6528   999.5561 0.0000e+00
      0.138      0.018     6.7402     87.832     41.634  30.524925     2.4598      7.425   294.2153 8.8177e+01     7.6106      0.133      0.194    11.6535   999.5560 0.0000e+00
      0.145      0.012     6.7236     87.670     41.617  30.512244     2.3794      7.417   294.1447 8.8502e+01     7.4984      0.145      0.211    11.6526   999.5562 0.0000e+00
      0.149      0.006     6.7060     87.552     41.616  30.511195     2.3383      7.411   293.8690 8.7588e+01     7.3994      0.147      0.213    11.6537   999.5561 0.0000e+00
      0.150     -0.004     6.6894     87.451     41.617  30.512245     2.3434      7.406   293.1183 8.5688e+01     7.3977      0.147      0.212    11.6558   999.5558 0.0000e+00
      0.151     -0.027     6.6743     87.358     41.634  30.524935     2.3371      7.403   293.0703 8.3996e+01     7.4449      0.149      0.216    11.6561   999.5557 0.0000e+00
      0.151     -0.059     6.6607     87.277     41.654  30.537720     2.3059      7.398   293.8043 8.3883e+01     7.4456      0.150      0.217    11.6553   999.5559 0.0000e+00
      0.143     -0.091     6.6542     87.204     41.661  30.539924     2.2780      7.392   294.1636 9.0411e+01     7.4057      0.147      0.213    11.6552   999.5558 0.0000e+00
      0.115     -0.112     6.6456     87.155     41.681  30.551575     2.2695      7.383   294.1446 1.0101e+02     7.3891      0.124      0.179    11.6563   999.5556 0.0000e+00
      0.063     -0.115     6.6383     87.121     41.681  30.551679     2.2718      7.371   294.0058 1.0657e+02     7.4086      0.066      0.096    11.6564   999.5554 0.0000e+00
      0.003     -0.100     6.6335     87.082     41.666  30.541182     2.2622      7.358   293.7755 1.0631e+02     7.5427     -0.008     -0.011    11.6531   999.5553 0.0000e+00
     -0.035     -0.071     6.6269     87.043     41.676  30.551576     2.2397      7.348   293.6838 1.0531e+02     7.7647     -0.046     -0.068    11.6496   999.5555 0.0000e+00
     -0.042     -0.032     6.6245     87.036     41.669  30.550441     2.2253      7.340   293.5844 1.0765e+02     7.8326     -0.048     -0.070    11.6468   999.5559 0.0000e+00
     -0.027      0.008     6.6226     87.059     41.632  30.527451     2.2188      7.335   293.4346 1.4136e+02     7.7728     -0.030     -0.044    11.6456   999.5561 0.0000e+00
     -0.002      0.037     6.6196     87.083     41.628  30.527441     2.2651      7.331   293.3353 1.7161e+02     7.7636      0.001      0.001    11.6470   999.5561 0.0000e+00
      0.018      0.048     6.6147     87.107     41.658  30.550316     2.3595      7.327   293.2438 1.3962e+02     7.7862      0.021      0.031    11.6502   999.5558 0.0000e+00
      0.030      0.043     6.6132     87.135     41.658  30.550212     2.4070      7.323   293.1026 1.0549e+02     7.7845      0.031      0.045    11.6558   999.5553 0.0000e+00
      0.037      0.028     6.6161     87.155     41.627  30.526182     2.4055      7.321   292.7461 1.0285e+02     7.7750      0.039      0.056    11.6613   999.5547 0.0000e+00
      0.042      0.009     6.6164     87.167     41.613  30.513595     2.3860      7.318   292.2041 1.0425e+02     7.7048      0.042      0.060    11.6647   999.5543 0.0000e+00
      0.043     -0.007     6.6182     87.187     41.633  30.524934     2.3535      7.313   291.9691 1.0583e+02     7.5255      0.044      0.063    11.6658   999.5542 0.0000e+00
      0.041     -0.013     6.6206     87.215     41.651  30.536368     2.3326      7.307   292.1416 1.0628e+02     7.4097      0.042      0.061    11.6658   999.5542 0.0000e+00
      0.032     -0.005     6.6227     87.226     41.635  30.524924     2.3240      7.297   292.1395 1.0663e+02     7.4189      0.033      0.049    11.6644   999.5543 0.0000e+00
      0.017      0.010     6.6234     87.246     41.615  30.513480     2.3268      7.286   291.8568 1.0666e+02     7.5380      0.018      0.026    11.6602   999.5547 0.0000e+00
      0.007      0.025     6.6252     87.286     41.627  30.524912     2.3405      7.278   291.5634 9.8959e+01     7.7364     -0.004     -0.006    11.6561   999.5550 0.0000e+00
      0.020      0.033     6.6295     87.291     41.641  30.536241     2.3514      7.272   291.5175 8.9092e+01     7.8511      0.008      0.011    11.6540   999.5553 0.0000e+00
      0.057      0.028     6.6291     87.255     41.625  30.523550     2.3549      7.268   291.6461 9.4754e+01     7.8429      0.060      0.086    11.6547   999.5555 0.0000e+00
      0.087      0.005     6.6281     87.225     41.595  30.498378     2.3478      7.264   291.6553 1.6205e+02     7.6372      0.097      0.141    11.6590   999.5552 0.0000e+00
      0.091     -0.040     6.6343     87.202     41.582  30.485707     2.3428      7.262   291.6295 3.4902e+02     7.3297      0.097      0.141    11.6625   999.5548 0.0000e+00
      0.073     -0.105     6.6344     87.192     41.602  30.497254     2.3466      7.262   291.2475 4.3196e+02     7.2064      0.077      0.110    11.6637   999.5546 0.0000e+00
      0.037     -0.172     6.6288     87.193     41.625  30.511079     2.3504      7.261   290.4782 2.5690e+02     7.2604      0.046      0.065    11.6626   999.5546 0.0000e+00
     -0.022     -0.222     6.6289     87.193     41.647  30.525953     2.4243      7.258   290.3297 1.1340e+02     8.1795     -0.012     -0.017    11.6587   999.5547 0.0000e+00
     -0.104     -0.239     6.6265     87.180     41.679  30.550181     3.3523      7.249   291.3442 9.8937e+01    18.8444     -0.101     -0.147    11.6550   999.5547 0.0000e+00
     -0.193     -0.214     6.6268     87.154     41.678  30.550191     5.0743      7.232   292.5067 9.8143e+01    38.4490     -0.193     -0.281    11.6513   999.5546 0.0000e+00
     -0.271     -0.147     6.6277     87.097     41.646  30.526077     6.0093      7.210   292.7690 9.9564e+01    49.1083     -0.275     -0.399    11.6461   999.5549 0.0000e+00
     -0.321     -0.049     6.6287     86.962     41.626  30.512442     5.9958      7.195   292.5374 1.0035e+02    49.3094     -0.330     -0.477    11.6445   999.5548 0.0000e+00
     -0.327      0.057     6.6272     86.766     41.623  30.512244     4.9894      7.189   292.3736 9.9326e+01    40.6507     -0.340     -0.493    11.6468   999.5545 0.0000e+00
     -0.280      0.151     6.6245     86.542     41.634  30.523676     3.1358      7.184   292.0789 9.9775e+01    24.6434     -0.294     -0.426    11.6475   999.5546 0.0000e+00
     -0.189      0.219     6.6240     86.314     41.631  30.523762     2.1201      7.179   291.7283 1.0127e+02    15.9246     -0.186     -0.269    11.6469   999.5552 0.0000e+00
     -0.092      0.250     6.6113     86.107     41.614  30.513282     2.0371      7.177   291.6609 1.0221e+02    14.9994     -0.079     -0.116    11.6474   999.5556 0.0000e+00
     -0.015      0.243     6.5954     85.932     41.627  30.523873     2.1415      7.175   291.6087 1.0384e+02    13.0311     -0.008     -0.013    11.6505   999.5556 0.0000e+00
