Data/DataNotYetUploadedToEDI/Raw_CTD/RawDownloads/110819_fcr30.cnv
* Sea-Bird SBE19plus  Data File:
* FileName = C:\DATA\110819_fcr50_0004.hex
* Software version 2.8.0.119 SB_Terminal.dll
* Temperature SN = 7809
* Conductivity SN = 7809
* System UpLoad Time = Nov 11 2019 10:23:49
* <ApplicationData>
* <Seaterm232>
# nquan = 16
# nvalues = 251                         
# units = specified
# name 0 = depFM: Depth [fresh water, m]
# name 1 = dz/dtM: Descent Rate [m/s]
# name 2 = sbeox0ML/L: Oxygen, SBE 43 [ml/l]
# name 3 = sbeox0PS: Oxygen, SBE 43 [% saturation]
# name 4 = specc: Specific Conductance [uS/cm]
# name 5 = c0uS/cm: Conductivity [uS/cm]
# name 6 = flECO-AFL: Fluorescence, WET Labs ECO-AFL/FL [mg/m^3]
# name 7 = ph: pH
# name 8 = orp: Oxidation Reduction Potential [mV]
# name 9 = par/sat/log: PAR/Logarithmic, Satlantic
# name 10 = turbWETntu0: Turbidity, WET Labs ECO [NTU]
# name 11 = prdM: Pressure, Strain Gauge [db]
# name 12 = prdE: Pressure, Strain Gauge [psi]
# name 13 = tv290C: Temperature [ITS-90, deg C]
# name 14 = density00: Density [density, kg/m^3]
# name 15 = flag:  0.000e+00
# span 0 =     -0.534,      5.533       
# span 1 =     -0.014,      0.337       
# span 2 =     5.3147,     7.7862       
# span 3 =     69.470,     99.100       
# span 4 =     38.156,     43.362       
# span 5 =  25.215214,  30.341201       
# span 6 =    -0.2088,     3.3505       
# span 7 =      7.072,      7.654       
# span 8 =   217.3753,   255.3244       
# span 9 = 1.2359e-01, 1.0228e+03       
# span 10 =     6.9262,   897.3858      
# span 11 =     -0.524,      5.426      
# span 12 =     -0.760,      7.870      
# span 13 =     7.3911,    11.5110      
# span 14 =   999.5786,   999.8877      
# span 15 = 0.0000e+00, 0.0000e+00      
# interval = seconds: 0.25
# start_time = Nov 08 2019 14:03:35 [Instrument's time stamp, header]
# bad_flag = -9.990e-29
*END*
[from data line 181]
      3.269      0.192     6.6230     86.804     41.464  30.266989     3.1854      7.096   251.9626 3.4669e+00     7.5897      3.206      4.649    11.4970   999.5875 0.0000e+00
      3.326      0.196     6.6234     86.768     41.459  30.262412     3.1787      7.096   251.9410 3.1989e+00     7.6445      3.267      4.738    11.4964   999.5879 0.0000e+00
      3.377      0.193     6.6234     86.723     41.488  30.282426     3.1082      7.096   251.9507 2.9624e+00     7.6324      3.308      4.798    11.4960   999.5881 0.0000e+00
      3.429      0.188     6.6210     86.708     41.539  30.318610     2.9997      7.095   251.9951 2.7249e+00     7.5090      3.364      4.879    11.4958   999.5884 0.0000e+00
      3.478      0.179     6.6226     86.720     41.540  30.319177     2.9513      7.095   252.0471 2.5399e+00     7.4310      3.419      4.957    11.4952   999.5887 0.0000e+00
      3.516      0.171     6.6190     86.748     41.499  30.289284     2.9477      7.096   252.1493 2.4019e+00     7.4427      3.447      5.000    11.4939   999.5889 0.0000e+00
      3.552      0.164     6.6140     86.773     41.479  30.274458     2.9391      7.096   252.2833 2.2429e+00     7.5515      3.478      5.045    11.4923   999.5893 0.0000e+00
      3.597      0.158     6.6139     86.775     41.469  30.266817     2.9340      7.095   252.3771 2.0911e+00     7.7308      3.528      5.117    11.4912   999.5897 0.0000e+00
      3.641      0.157     6.6148     86.780     41.460  30.260351     2.9385      7.095   252.5088 1.9832e+00     7.8083      3.573      5.183    11.4910   999.5899 0.0000e+00
      3.679      0.158     6.6175     86.793     41.460  30.259726     2.9324      7.094   252.6715 1.8683e+00     7.7676      3.608      5.232    11.4911   999.5900 0.0000e+00
      3.715      0.159     6.6207     86.780     41.459  30.259256     2.9291      7.092   252.7950 1.7431e+00     7.7305      3.643      5.283    11.4911   999.5902 0.0000e+00
      3.755      0.160     6.6194     86.743     41.452  30.254675     3.0374      7.091   252.9705 1.6367e+00     7.7854      3.681      5.338    11.4908   999.5904 0.0000e+00
      3.797      0.163     6.6191     86.701     41.471  30.267800     3.2364      7.090   253.1583 1.5408e+00     7.8407      3.724      5.401    11.4906   999.5906 0.0000e+00
      3.839      0.170     6.6226     86.667     41.503  30.291031     3.3412      7.089   253.2585 1.4494e+00     7.8102      3.766      5.462    11.4904   999.5908 0.0000e+00
      3.881      0.178     6.6206     86.653     41.492  30.281740     3.3505      7.087   253.4077 1.3587e+00     7.8100      3.803      5.516    11.4903   999.5910 0.0000e+00
      3.926      0.185     6.6174     86.655     41.494  30.282365     3.3488      7.084   253.5861 1.2672e+00     7.8385      3.848      5.582    11.4908   999.5912 0.0000e+00
      3.975      0.191     6.6138     86.666     41.517  30.298595     3.3289      7.082   253.6951 1.1677e+00     7.8269      3.899      5.654    11.4909   999.5914 0.0000e+00
      4.026      0.198     6.6108     86.701     41.502  30.287603     3.3096      7.082   253.7790 1.0681e+00     7.8330      3.948      5.725    11.4898   999.5918 0.0000e+00
      4.079      0.207     6.6101     86.753     41.486  30.276365     3.2971      7.081   253.9113 9.9006e-01     7.8475      4.001      5.803    11.4881   999.5922 0.0000e+00
      4.130      0.215     6.6113     86.793     41.503  30.289632     3.2126      7.080   254.0041 9.1698e-01     7.8370      4.051      5.876    11.4871   999.5925 0.0000e+00
      4.183      0.219     6.6110     86.825     41.546  30.321100     3.0683      7.079   253.9552 8.3066e-01     7.8375      4.099      5.945    11.4862   999.5929 0.0000e+00
      4.241      0.218     6.6136     86.854     41.571  30.339563     2.9918      7.078   253.9217 7.3946e-01     7.8218      4.157      6.029    11.4863   999.5932 0.0000e+00
      4.305      0.211     6.6197     86.879     41.548  30.322503     2.9898      7.079   253.9438 6.6362e-01     7.7776      4.222      6.123    11.4874   999.5933 0.0000e+00
      4.367      0.201     6.6212     86.899     41.524  30.305194     3.0266      7.080   254.0500 6.1032e-01     7.6633      4.285      6.216    11.4879   999.5936 0.0000e+00
      4.419      0.188     6.6240     86.897     41.545  30.320641     3.0816      7.080   254.1735 5.7310e-01     7.4893      4.338      6.293    11.4883   999.5938 0.0000e+00
      4.459      0.173     6.6263     86.865     41.542  30.318911     3.1004      7.080   254.2325 5.4293e-01     7.4099      4.375      6.345    11.4888   999.5939 0.0000e+00
      4.494      0.163     6.6276     86.839     41.495  30.284271     3.0973      7.080   254.3338 5.0923e-01     7.4242      4.405      6.389    11.4890   999.5941 0.0000e+00
      4.530      0.160     6.6299     86.819     41.493  30.282545     3.0787      7.079   254.4514 4.7043e-01     7.4660      4.441      6.441    11.4891   999.5942 0.0000e+00
      4.568      0.165     6.6308     86.799     41.514  30.298044     3.0314      7.078   254.5362 4.3633e-01     7.5221      4.479      6.497    11.4891   999.5944 0.0000e+00
      4.609      0.175     6.6261     86.791     41.491  30.281296     3.0019      7.076   254.5852 4.0674e-01     7.5784      4.517      6.552    11.4889   999.5946 0.0000e+00
      4.655      0.183     6.6245     86.786     41.476  30.270411     2.9994      7.075   254.6993 3.7511e-01     7.6224      4.562      6.616    11.4888   999.5948 0.0000e+00
      4.710      0.189     6.6241     86.775     41.508  30.293341     2.9930      7.075   254.8828 3.4345e-01     7.6276      4.617      6.696    11.4886   999.5951 0.0000e+00
      4.765      0.191     6.6208     86.750     41.526  30.304723     2.9947      7.074   254.9111 3.0929e-01     7.6738      4.677      6.782    11.4885   999.5954 0.0000e+00
      4.813      0.186     6.6214     86.725     41.495  30.281116     3.0197      7.073   254.7834 2.7804e-01     7.7888      4.723      6.850    11.4887   999.5956 0.0000e+00
      4.856      0.171     6.6206     86.725     41.470  30.261730     3.0351      7.073   254.6296 2.5343e-01     7.8372      4.759      6.903    11.4892   999.5957 0.0000e+00
      4.904      0.148     6.6206     86.736     41.469  30.260690     3.0253      7.075   254.5143 2.2814e-01     7.7999      4.807      6.974    11.4887   999.5960 0.0000e+00
      4.949      0.123     6.6187     86.740     41.481  30.268538     2.9792      7.077   254.5082 2.0608e-01     7.6661      4.861      7.051    11.4866   999.5965 0.0000e+00
      4.979      0.100     6.6155     86.750     41.516  30.293173     2.9017      7.079   254.5548 2.0584e-01     7.4643      4.890      7.093    11.4844   999.5968 0.0000e+00
      4.992      0.077     6.6169     86.788     41.534  30.304723     2.8598      7.081   254.5619 2.1239e-01     7.3918      4.896      7.101    11.4834   999.5970 0.0000e+00
      4.999      0.056     6.6181     86.835     41.503  30.281281     2.8629      7.083   254.5941 1.9947e-01     7.4129      4.899      7.106    11.4830   999.5970 0.0000e+00
      5.009      0.043     6.6184     86.859     41.479  30.263551     2.8695      7.083   254.6858 1.8348e-01     7.3923      4.910      7.123    11.4829   999.5971 0.0000e+00
      5.022      0.042     6.6178     86.865     41.502  30.280716     2.8701      7.082   254.7248 1.8420e-01     7.3717      4.928      7.147    11.4816   999.5973 0.0000e+00
      5.029      0.051     6.6220     86.862     41.527  30.298448     2.8704      7.081   254.7206 1.9652e-01     7.3604      4.933      7.154    11.4787   999.5976 0.0000e+00
      5.034      0.064     6.6276     86.841     41.512  30.287591     2.8744      7.080   254.8079 1.9802e-01     7.3531      4.931      7.151    11.4774   999.5978 0.0000e+00
      5.049      0.078     6.6283     86.799     41.496  30.276352     2.9093      7.078   255.0057 1.8098e-01     7.4802      4.947      7.175    11.4777   999.5978 0.0000e+00
      5.075      0.093     6.6286     86.752     41.513  30.289463     2.9631      7.077   255.2192 1.6722e-01     7.7182      4.977      7.218    11.4779   999.5979 0.0000e+00
      5.106      0.108     6.6287     86.715     41.553  30.319204     2.9868      7.076   255.3244 1.5771e-01     7.8373      5.006      7.262    11.4777   999.5981 0.0000e+00
      5.138      0.122     6.6276     86.694     41.553  30.318669     2.9963      7.075   255.2458 1.4310e-01     7.8397      5.037      7.307    11.4779   999.5982 0.0000e+00
      5.171      0.131     6.6232     86.672     41.504  30.283004     3.0088      7.074   255.1289 1.3938e-01     7.7793      5.071      7.355    11.4786   999.5983 0.0000e+00
      5.204      0.134     6.6197     86.670     41.485  30.268711     3.0248      7.074   255.1149 1.4096e-01     7.6650      5.103      7.401    11.4791   999.5984 0.0000e+00
      5.240      0.138     6.6158     86.695     41.491  30.272764     3.0434      7.074   254.9050 1.3309e-01     7.6367      5.136      7.451    11.4793   999.5986 0.0000e+00
      5.279      0.143     6.6159     86.719     41.486  30.268542     3.0515      7.073   254.4841 1.2568e-01     7.6668      5.179      7.511    11.4794   999.5988 0.0000e+00
      5.314      0.148     6.6129     86.745     41.503  30.281119     3.0441      7.072   254.3274 1.2391e-01     7.6354      5.215      7.563    11.4796   999.5989 0.0000e+00
      5.346      0.148     6.6118     86.770     41.526  30.297918     2.9631      7.072   254.3007 1.2374e-01     7.5850      5.239      7.599    11.4792   999.5990 0.0000e+00
      5.385      0.141     6.6166     86.784     41.502  30.281288     2.8172      7.073   254.1621 1.2372e-01     7.5822      5.276      7.653    11.4785   999.5993 0.0000e+00
      5.432      0.126     6.6168     86.784     41.487  30.270413     2.7451      7.074   254.0285 1.2367e-01     7.6012      5.330      7.729    11.4780   999.5996 0.0000e+00
      5.474      0.106     6.6194     86.757     41.518  30.293344     2.7593      7.075   253.8898 1.2368e-01     7.5847      5.375      7.795    11.4779   999.5998 0.0000e+00
      5.501      0.084     6.6215     86.692     41.534  30.304727     2.8154      7.076   253.7749 1.2371e-01     7.5138      5.401      7.833    11.4783   999.5999 0.0000e+00
      5.511      0.059     6.6224     86.621     41.502  30.281129     2.8949      7.077   253.6719 1.2375e-01     7.4326      5.408      7.843    11.4789   999.5998 0.0000e+00
      5.513      0.036     6.6226     86.562     41.476  30.261847     2.9317      7.077   253.5900 1.2382e-01     7.3894      5.407      7.842    11.4795   999.5998 0.0000e+00
      5.515      0.020     6.6217     86.504     41.476  30.261952     2.9307      7.078   253.5599 1.2384e-01     7.3844      5.408      7.844    11.4796   999.5998 0.0000e+00
      5.518      0.012     6.6150     86.450     41.505  30.282401     2.9167      7.080   253.4798 1.2383e-01     7.4059      5.412      7.849    11.4794   999.5999 0.0000e+00
      5.521      0.010     6.6089     86.401     41.556  30.318729     2.8932      7.081   253.3108 1.2380e-01     7.4196      5.414      7.853    11.4792   999.5999 0.0000e+00
      5.525      0.010     6.6058     86.369     41.560  30.320459     2.8802      7.081   253.2372 1.2376e-01     7.4188      5.418      7.858    11.4789   999.5999 0.0000e+00
      5.527      0.009     6.6003     86.364     41.537  30.303323     2.8732      7.082   253.2781 1.2374e-01     7.3959      5.421      7.863    11.4785   999.6000 0.0000e+00
      5.529      0.008     6.5969     86.367     41.536  30.301906     2.8683      7.082   253.2886 1.2372e-01     7.3723      5.422      7.865    11.4779   999.6000 0.0000e+00
      5.531 -9.990e-29     6.5929 -9.990e-29 -9.990e-29 -9.990e-29 -9.990e-29 -9.990e-29 -9.990e-29 1.2366e-01 -9.990e-29      5.424      7.866    11.4763   999.6003 0.0000e+00
      5.532 -9.990e-29     6.5898 -9.990e-29 -9.990e-29 -9.990e-29 -9.990e-29 -9.990e-29 -9.990e-29 1.2360e-01 -9.990e-29      5.425      7.868    11.4751   999.6004 0.0000e+00
      5.533 -9.990e-29     6.5907 -9.990e-29 -9.990e-29 -9.990e-29 -9.990e-29 -9.990e-29 -9.990e-29 1.2359e-01 -9.990e-29      5.426      7.869    11.4744   999.6004 0.0000e+00
      5.533 -9.990e-29     6.5915 -9.990e-29 -9.990e-29 -9.990e-29 -9.990e-29 -9.990e-29 -9.990e-29 1.2359e-01 -9.990e-29      5.426      7.870    11.4736   999.6006 0.0000e+00
