Data/DataNotYetUploadedToEDI/Raw_CTD/RawDownloads/110819_fcr10.cnv
* Sea-Bird SBE19plus  Data File:
* FileName = C:\DATA\110819_fcr50_0002.hex
* Software version 2.8.0.119 SB_Terminal.dll
* Temperature SN = 7809
* Conductivity SN = 7809
* System UpLoad Time = Nov 11 2019 10:23:25
* <ApplicationData>
* <Seaterm232>
# nquan = 16
# nvalues = 429                         
# units = specified
# name 0 = depFM: Depth [fresh water, m]
# name 1 = dz/dtM: Descent Rate [m/s]
# name 2 = sbeox0ML/L: Oxygen, SBE 43 [ml/l]
# name 3 = sbeox0PS: Oxygen, SBE 43 [% saturation]
# name 4 = specc: Specific Conductance [uS/cm]
# name 5 = c0uS/cm: Conductivity [uS/cm]
# name 6 = flECO-AFL: Fluorescence, WET Labs ECO-AFL/FL [mg/m^3]
# name 7 = ph: pH
# name 8 = orp: Oxidation Reduction Potential [mV]
# name 9 = par/sat/log: PAR/Logarithmic, Satlantic
# name 10 = turbWETntu0: Turbidity, WET Labs ECO [NTU]
# name 11 = prdM: Pressure, Strain Gauge [db]
# name 12 = prdE: Pressure, Strain Gauge [psi]
# name 13 = tv290C: Temperature [ITS-90, deg C]
# name 14 = density00: Density [density, kg/m^3]
# name 15 = flag:  0.000e+00
# span 0 =     -0.536,      2.414       
# span 1 =     -0.311,      0.358       
# span 2 =     5.2752,     7.8451       
# span 3 =     68.838,     98.775       
# span 4 =      1.093,     43.499       
# span 5 =   0.721953,  30.366770       
# span 6 =    -0.2353,   236.6701       
# span 7 =      6.318,      8.642       
# span 8 = -1240.7455,   886.2704       
# span 9 = 1.6644e+01, 1.6298e+03       
# span 10 =    -1.6809,    52.7672      
# span 11 =     -0.526,      2.368      
# span 12 =     -0.763,      3.434      
# span 13 =     8.0032,    11.4142      
# span 14 =   999.5819,   999.8514      
# span 15 = 0.0000e+00, 0.0000e+00      
# interval = seconds: 0.25
# start_time = Nov 08 2019 13:36:29 [Instrument's time stamp, header]
# bad_flag = -9.990e-29
*END*
     -0.535 2.1030e-14     7.8451     94.566      1.299   0.857940    -0.1608      6.730 -1235.1735 4.7795e+02    -0.5465     -0.525     -0.761     8.0032   999.8514 0.0000e+00
     -0.535 2.3132e-13     7.8357     94.547      1.321   0.872121    -0.1672      6.614 -1179.4534 1.0767e+03    -0.5700     -0.525     -0.761     8.0050   999.8512 0.0000e+00
     -0.535 2.5446e-12     7.8374     94.552      1.217   0.803294    -0.1713      6.478  -566.5329 1.4916e+03    -0.5525     -0.525     -0.762     8.0082   999.8511 0.0000e+00
     -0.535 2.7990e-11     7.8395     94.571      1.095   0.722748    -0.1591      6.318   537.0138 1.5360e+03    -0.5308     -0.524     -0.761     8.0106   999.8509 0.0000e+00
     -0.535 3.0789e-10     7.8328     94.587      1.093   0.721953    -0.1229      6.331   886.2704 1.3823e+03    -0.5038     -0.525     -0.760     8.0118   999.8508 0.0000e+00
     -0.535 3.3868e-09     7.8328     94.591      1.202   0.793693    -0.0980      6.533   134.6262 1.1982e+03    -0.4887     -0.524     -0.761     8.0105   999.8509 0.0000e+00
     -0.535 3.7255e-08     7.8330     94.581      1.448   0.956522    -0.1007      6.751  -795.5598 1.1437e+03    -0.5448     -0.525     -0.760     8.0081   999.8510 0.0000e+00
     -0.536 4.0981e-07     7.8360     94.575      1.674   1.106622    -0.1215      6.860 -1200.2741 1.2029e+03    -0.5593     -0.525     -0.762     8.0072   999.8510 0.0000e+00
     -0.536      0.000     7.8366     94.596      1.741   1.151184    -0.1580      6.831 -1237.0663 1.2048e+03    -0.5329     -0.525     -0.762     8.0113   999.8507 0.0000e+00
     -0.536      0.000     7.8347     94.614      1.686   1.115142    -0.1784      6.748 -1240.4111 1.1975e+03    -0.5542     -0.525     -0.762     8.0225   999.8501 0.0000e+00
     -0.535      0.001     7.8319     94.605      1.589   1.051020    -0.1685      6.680 -1240.7151 1.2871e+03    -0.5544     -0.525     -0.761     8.0339   999.8494 0.0000e+00
     -0.535      0.001     7.8273     94.595      1.526   1.009520    -0.1599      6.622 -1240.7428 1.3201e+03    -0.5352     -0.525     -0.761     8.0442   999.8489 0.0000e+00
     -0.535      0.001     7.8288     94.592      1.501   0.993557    -0.1605      6.571 -1240.7453 1.1091e+03    -0.5516     -0.525     -0.761     8.0541   999.8483 0.0000e+00
     -0.534      0.001     7.8309     94.633      1.488   0.984739    -0.1587      6.543 -1240.7455 6.9374e+02    -0.5560     -0.524     -0.760     8.0612   999.8479 0.0000e+00
     -0.534      0.001     7.8259     94.689      1.556   1.029632    -0.1560      6.535 -1240.7451 5.4090e+02    -0.5230     -0.524     -0.760     8.0672   999.8475 0.0000e+00
     -0.534      0.000     7.8260     94.685      1.651   1.092808    -0.1536      6.544 -1240.7414 6.1677e+02    -0.5124     -0.524     -0.760     8.0731   999.8471 0.0000e+00
     -0.534 2.2406e-07     7.8217     94.660      1.589   1.051589    -0.1469      6.574 -1240.7009 5.5161e+02    -0.5254     -0.524     -0.760     8.0799   999.8466 0.0000e+00
     -0.534      0.000     7.8237     94.651      1.665   1.101536    -0.1442      6.599 -1240.2551 5.1026e+02    -0.5165     -0.524     -0.760     8.0857   999.8463 0.0000e+00
     -0.534      0.000     7.8344     94.683      1.798   1.189791    -0.1562      6.596 -1235.3510 7.2792e+02    -0.5690     -0.524     -0.759     8.0896   999.8460 0.0000e+00
     -0.535      0.000     7.8282     94.723      1.764   1.168211    -0.1878      6.564 -1181.4062 1.1999e+03    -0.8978     -0.524     -0.760     8.0896   999.8462 0.0000e+00
     -0.535      0.003     7.8273     94.694      3.464   2.297979    -0.2223      6.515  -588.0127 1.5141e+03    -1.4116     -0.525     -0.761     8.0921   999.8458 0.0000e+00
     -0.535      0.018     7.8246     94.614     14.509   9.653535    -0.2353      6.637   300.7361 1.3635e+03    -1.6688     -0.524     -0.760     8.0906   999.8462 0.0000e+00
     -0.535      0.059     7.8268     94.535     32.753  21.946013    -0.2325      7.097   477.1712 1.0904e+03    -1.6809     -0.525     -0.761     8.0951   999.8457 0.0000e+00
     -0.534      0.123     7.8358     94.440     42.701  28.988530    -0.2230      7.660   292.8613 1.1565e+03    -1.6240     -0.523     -0.757     8.0928   999.8462 0.0000e+00
     -0.524      0.195     7.8283     94.308     43.499  30.056505    -0.1729      8.072   275.5539 1.3994e+03    -0.8171     -0.526     -0.763     8.1055   999.8444 0.0000e+00
     -0.474      0.263     7.8226     94.218     42.984  30.163928    -0.0854      8.334   274.1899 1.5054e+03     0.6684     -0.497     -0.721     8.0915   999.8482 0.0000e+00
     -0.361      0.319     7.7833     94.225     42.501  30.160951    -0.0410      8.493   274.1324 1.5436e+03     1.4591     -0.359     -0.522     8.2608   999.8481 0.0000e+00
     -0.228      0.354     7.6622     94.339     42.173  30.147760    -0.0092      8.582   273.9988 1.6111e+03     1.6318     -0.207     -0.300     8.8869   999.8083 0.0000e+00
     -0.121      0.358     7.5173     94.593     41.959  30.131579     0.3686      8.624   273.9511 1.6298e+03     3.0845     -0.114     -0.165     9.5975   999.7528 0.0000e+00
     -0.033      0.323     7.4132     94.994     41.788  30.092349     1.0594      8.639   273.8993 1.3126e+03     5.7499     -0.033     -0.047    10.1416   999.7064 0.0000e+00
      0.047      0.258     7.3471     95.509     41.666  30.054252     1.4331      8.642   273.7171 7.9619e+02     7.2157      0.051      0.074    10.5319   999.6705 0.0000e+00
      0.113      0.189     7.3124     96.094     41.625  30.051732     1.4616      8.640   273.5550 6.1951e+02     7.3380      0.121      0.176    10.7737   999.6474 0.0000e+00
      0.152      0.131     7.3071     96.711     41.615  30.061905     1.4821      8.633   273.4879 6.4737e+02     7.2930      0.159      0.232    10.9240   999.6326 0.0000e+00
      0.163      0.084     7.3229     97.318     41.580  30.050358     1.5248      8.622   273.4221 6.5995e+02     7.2292      0.164      0.238    11.0169   999.6233 0.0000e+00
      0.160      0.049     7.3548     97.871     41.548  30.039039     1.5448      8.612   273.2755 7.7347e+02     7.1895      0.154      0.224    11.0737   999.6174 0.0000e+00
      0.159      0.030     7.3962     98.304     41.550  30.051964     1.5332      8.602   273.2643 8.2816e+02     7.2064      0.153      0.222    11.0960   999.6152 0.0000e+00
      0.165      0.026     7.4415     98.575     41.577  30.079749     1.5493      8.592   273.3733 8.7601e+02     7.3349      0.162      0.235    11.1196   999.6128 0.0000e+00
      0.173      0.032     7.4862     98.720     41.626  30.121174     1.6091      8.580   273.3022 9.7318e+02     7.5310      0.170      0.246    11.1339   999.6113 0.0000e+00
      0.183      0.037     7.5287     98.775     41.686  30.172102     1.6413      8.567   273.0928 8.9418e+02     7.6115      0.177      0.257    11.1464   999.6100 0.0000e+00
      0.196      0.037     7.5612     98.749     41.693  30.187889     1.6352      8.555   272.8206 7.6273e+02     7.5537      0.191      0.278    11.1634   999.6084 0.0000e+00
      0.211      0.031     7.5784     98.657     41.674  30.185161     1.6043      8.543   272.5056 6.9808e+02     7.3572      0.208      0.302    11.1721   999.6075 0.0000e+00
      0.221      0.022     7.5875     98.488     41.687  30.202582     1.5535      8.528   272.4682 6.3600e+02     7.0697      0.221      0.319    11.1765   999.6072 0.0000e+00
      0.225      0.012     7.5905     98.112     41.687  30.208162     1.5332      8.511   272.7124 7.0422e+02     6.9292      0.223      0.323    11.1850   999.6063 0.0000e+00
      0.223      0.003     7.5856     97.331     41.655  30.189183     1.5406      8.493   272.9624 8.6977e+02     6.9365      0.221      0.321    11.1998   999.6048 0.0000e+00
      0.217     -0.004     7.5747     96.033     41.612  30.163479     1.5387      8.473   273.3404 8.9385e+02     6.9615      0.213      0.310    11.2147   999.6031 0.0000e+00
      0.212     -0.005     7.5642     94.238     41.586  30.151203     1.5362      8.449   273.6697 7.5732e+02     6.9704      0.205      0.298    11.2249   999.6021 0.0000e+00
      0.211      0.000     7.5410     92.038     41.597  30.167675     1.5365      8.427   273.5882 5.8076e+02     6.9453      0.207      0.300    11.2303   999.6015 0.0000e+00
      0.213      0.008     7.4838     89.610     41.595  30.172280     1.5336      8.410   273.3006 5.0773e+02     6.9208      0.208      0.302    11.2345   999.6011 0.0000e+00
      0.214      0.013     7.3815     87.200     41.555  30.143426     1.5366      8.395   273.1182 6.0551e+02     6.9354      0.209      0.303    11.2400   999.6005 0.0000e+00
      0.219      0.014     7.2403     84.990     41.551  30.136084     1.5370      8.381   273.1035 6.7661e+02     6.9576      0.213      0.309    11.2489   999.5996 0.0000e+00
      0.229      0.010     7.0660     83.142     41.568  30.146964     1.5295      8.368   273.1234 6.2094e+02     6.9605      0.224      0.326    11.2586   999.5986 0.0000e+00
      0.237      0.004     6.8689     81.739     41.563  30.148066     1.5240      8.356   273.1003 5.7935e+02     6.9700      0.238      0.345    11.2684   999.5977 0.0000e+00
      0.236     -0.004     6.6812     80.713     41.555  30.149403     1.5225      8.345   273.1681 5.2941e+02     6.9742      0.235      0.340    11.2701   999.5975 0.0000e+00
      0.228     -0.011     6.5083     79.985     41.563  30.163141     1.5206      8.333   273.3411 5.2788e+02     6.9457      0.222      0.322    11.2587   999.5986 0.0000e+00
      0.221     -0.012     6.3632     79.514     41.587  30.187275     1.5187      8.320   273.4714 8.3237e+02     6.8878      0.216      0.314    11.2557   999.5989 0.0000e+00
      0.215     -0.006     6.2585     79.200     41.584  30.187391     1.5171      8.306   273.5390 1.3314e+03     6.8643      0.210      0.306    11.2642   999.5980 0.0000e+00
      0.210      0.006     6.1807     78.950     41.559  30.164541     1.5183      8.291   273.6417 1.4096e+03     6.9238      0.203      0.294    11.2737   999.5969 0.0000e+00
      0.211      0.021     6.1230     78.765     41.568  30.164813     1.5246      8.274   273.6807 9.9931e+02     7.0164      0.202      0.292    11.2832   999.5959 0.0000e+00
      0.222      0.032     6.0893     78.657     41.604  30.190672     1.5228      8.258   273.5804 7.6986e+02     7.0998      0.216      0.313    11.2933   999.5950 0.0000e+00
      0.238      0.037     6.0680     78.617     41.642  30.223384     1.5147      8.246   273.4617 7.4854e+02     7.1127      0.234      0.339    11.2988   999.5944 0.0000e+00
      0.254      0.035     6.0487     78.635     41.662  30.243062     1.5215      8.238   273.3641 6.7009e+02     7.0742      0.249      0.361    11.2889   999.5956 0.0000e+00
      0.267      0.029     6.0361     78.706     41.651  30.238237     1.5537      8.233   273.2603 5.9289e+02     6.9949      0.266      0.385    11.2774   999.5969 0.0000e+00
      0.272      0.021     6.0276     78.817     41.637  30.228503     1.5830      8.224   273.2392 5.3343e+02     6.8413      0.270      0.392    11.2794   999.5967 0.0000e+00
      0.269      0.016     6.0245     78.964     41.583  30.188831     1.5818      8.213   273.2813 5.2653e+02     6.7253      0.264      0.383    11.2859   999.5960 0.0000e+00
      0.266      0.011     6.0238     79.126     41.518  30.139284     1.5818      8.202   273.2532 5.1069e+02     6.7059      0.261      0.378    11.2943   999.5950 0.0000e+00
      0.266      0.006     6.0302     79.279     41.521  30.137077     1.5913      8.192   273.2432 4.7301e+02     6.7386      0.256      0.373    11.2975   999.5947 0.0000e+00
      0.275      0.004     6.0380     79.427     41.566  30.162145     1.5843      8.181   273.3336 4.9946e+02     6.7599      0.269      0.390    11.2976   999.5948 0.0000e+00
      0.284      0.003     6.0499     79.560     41.609  30.188548     1.5748      8.169   273.4853 5.9638e+02     6.7340      0.286      0.414    11.2975   999.5948 0.0000e+00
      0.281     -0.001     6.0646     79.677     41.626  30.202490     1.5811      8.156   273.5281 6.3204e+02     6.6878      0.276      0.402    11.2940   999.5951 0.0000e+00
      0.274     -0.007     6.0750     79.756     41.620  30.203810     1.5912      8.145   273.3355 5.8050e+02     6.6600      0.266      0.385    11.2918   999.5953 0.0000e+00
      0.272     -0.012     6.0896     79.738     41.614  30.204506     1.5756      8.136   273.1345 6.0475e+02     6.6606      0.267      0.386    11.2786   999.5967 0.0000e+00
      0.270     -0.015     6.1005     79.585     41.621  30.210913     1.5393      8.127   273.0780 6.7485e+02     6.6626      0.266      0.387    11.2688   999.5978 0.0000e+00
      0.265     -0.014     6.1090     79.312     41.639  30.217826     1.5169      8.118   273.0822 7.2281e+02     6.6511      0.260      0.378    11.2747   999.5972 0.0000e+00
      0.260     -0.012     6.1164     78.944     41.657  30.224636     1.5133      8.110   273.1852 6.9907e+02     6.6519      0.252      0.365    11.2819   999.5963 0.0000e+00
      0.257     -0.010     6.1150     78.500     41.670  30.229781     1.5300      8.102   273.2903 5.8934e+02     6.7382      0.254      0.367    11.2905   999.5955 0.0000e+00
      0.254     -0.007     6.1017     78.029     41.658  30.216580     1.5629      8.093   273.3207 5.0383e+02     6.8752      0.250      0.362    11.2948   999.5950 0.0000e+00
      0.252     -0.004     6.0818     77.590     41.625  30.191929     1.5810      8.086   273.4677 5.1908e+02     6.9315      0.243      0.355    11.2819   999.5964 0.0000e+00
      0.253     -0.000     6.0548     77.209     41.609  30.185534     1.5843      8.078   273.6907 5.3319e+02     6.8954      0.249      0.362    11.2738   999.5971 0.0000e+00
      0.254      0.004     6.0194     76.906     41.622  30.202734     1.5946      8.069   273.8657 5.0539e+02     6.8649      0.249      0.361    11.2728   999.5973 0.0000e+00
      0.254      0.008     5.9824     76.703     41.622  30.209532     1.6009      8.059   273.9494 5.3065e+02     6.8898      0.247      0.359    11.2623   999.5984 0.0000e+00
      0.256      0.011     5.9488     76.585     41.607  30.204278     1.5910      8.049   273.9282 5.4467e+02     6.9013      0.250      0.362    11.2605   999.5985 0.0000e+00
      0.260      0.011     5.9183     76.520     41.600  30.202670     1.5796      8.040   273.8670 5.7019e+02     6.8726      0.255      0.368    11.2688   999.5977 0.0000e+00
      0.265      0.010     5.8921     76.471     41.580  30.190093     1.6278      8.032   273.8125 6.6118e+02     6.8713      0.261      0.378    11.2792   999.5967 0.0000e+00
      0.270      0.007     5.8763     76.397     41.563  30.179124     1.7229      8.026   273.7840 6.9057e+02     6.8853      0.267      0.387    11.2890   999.5957 0.0000e+00
      0.272      0.002     5.8673     76.264     41.587  30.196953     1.7671      8.021   273.6955 6.2360e+02     6.8779      0.268      0.389    11.2951   999.5950 0.0000e+00
      0.270     -0.003     5.8626     76.084     41.612  30.215297     1.7722      8.015   273.6020 5.9673e+02     6.8795      0.265      0.386    11.2984   999.5947 0.0000e+00
      0.267     -0.008     5.8597     75.864     41.606  30.210558     1.7762      8.008   273.6867 6.1982e+02     6.8729      0.263      0.381    11.3006   999.5944 0.0000e+00
      0.264     -0.009     5.8554     75.594     41.596  30.203111     1.7625      8.002   273.8590 6.0337e+02     6.9293      0.259      0.375    11.3029   999.5941 0.0000e+00
      0.259     -0.005     5.8438     75.303     41.579  30.188702     1.7367      7.996   273.9641 6.7805e+02     7.0693      0.255      0.368    11.3035   999.5941 0.0000e+00
      0.254      0.000     5.8301     75.082     41.552  30.163250     1.7242      7.988   274.0113 7.8190e+02     7.1558      0.249      0.360    11.3036   999.5941 0.0000e+00
