Data/DataNotYetUploadedToEDI/Raw_CTD/RawDownloads/110819_fcr20.cnv
* Sea-Bird SBE19plus  Data File:
* FileName = C:\DATA\110819_fcr50_0003.hex
* Software version 2.8.0.119 SB_Terminal.dll
* Temperature SN = 7809
* Conductivity SN = 7809
* System UpLoad Time = Nov 11 2019 10:23:37
* <ApplicationData>
* <Seaterm232>
# nquan = 16
# nvalues = 289                         
# units = specified
# name 0 = depFM: Depth [fresh water, m]
# name 1 = dz/dtM: Descent Rate [m/s]
# name 2 = sbeox0ML/L: Oxygen, SBE 43 [ml/l]
# name 3 = sbeox0PS: Oxygen, SBE 43 [% saturation]
# name 4 = specc: Specific Conductance [uS/cm]
# name 5 = c0uS/cm: Conductivity [uS/cm]
# name 6 = flECO-AFL: Fluorescence, WET Labs ECO-AFL/FL [mg/m^3]
# name 7 = ph: pH
# name 8 = orp: Oxidation Reduction Potential [mV]
# name 9 = par/sat/log: PAR/Logarithmic, Satlantic
# name 10 = turbWETntu0: Turbidity, WET Labs ECO [NTU]
# name 11 = prdM: Pressure, Strain Gauge [db]
# name 12 = prdE: Pressure, Strain Gauge [psi]
# name 13 = tv290C: Temperature [ITS-90, deg C]
# name 14 = density00: Density [density, kg/m^3]
# name 15 = flag:  0.000e+00
# span 0 =     -0.531,      3.751       
# span 1 =     -0.019,      0.156       
# span 2 =     2.9364,     8.7053       
# span 3 =     43.138,    101.858       
# span 4 =      5.125,    215.199       
# span 5 =   3.108360, 157.135078       
# span 6 =    -0.5229,     3.4738       
# span 7 =      6.610,      8.720       
# span 8 =   136.5846,   255.2780       
# span 9 = 2.0022e+00, 2.0581e+03       
# span 10 =    -0.3321,     8.2647      
# span 11 =     -0.521,      3.679      
# span 12 =     -0.756,      5.337      
# span 13 =     4.4827,    11.5188      
# span 14 =   999.5817,   999.9719      
# span 15 = 0.0000e+00, 0.0000e+00      
# interval = seconds: 0.25
# start_time = Nov 08 2019 13:55:28 [Instrument's time stamp, header]
# bad_flag = -9.990e-29
*END*
[from data line 272]
      3.700      0.042     6.3749     83.000     63.259  45.949397     2.7419      7.159   252.4236 2.1080e+00     7.1097      3.632      5.267    11.3075   999.6098 0.0000e+00
      3.707      0.034     6.3747     83.003     96.084  69.809761     2.7047      7.159   252.1100 2.0985e+00     7.1403      3.637      5.274    11.3089   999.6096 0.0000e+00
      3.710      0.026     6.3638     82.914    106.906  77.703122     2.7076      7.159   251.8164 2.0866e+00     7.1737      3.638      5.276    11.3108   999.6096 0.0000e+00
      3.713      0.019     6.3557     82.712    103.038  74.927858     2.7331      7.160   251.5400 2.0713e+00     7.1852      3.640      5.280    11.3123   999.6092 0.0000e+00
      3.717      0.015     6.3567     82.365    107.317  78.060073     2.7697      7.160   251.3493 2.0566e+00     7.1482      3.645      5.287    11.3124   999.6112 0.0000e+00
      3.722      0.013     6.3595     81.682    102.837  74.807986     2.7950      7.160   251.1456 2.0425e+00     7.0877      3.651      5.296    11.3170   999.6341 0.0000e+00
      3.726      0.012     6.3488     80.211    103.823  75.528831     2.8054      7.160   250.7981 2.0375e+00     7.0761      3.655      5.301    11.3410   999.6323 0.0000e+00
      3.728      0.011     6.3294     77.281    135.227  98.381420     2.8086      7.160   250.5886 2.0403e+00     7.1061      3.656      5.302    11.3628   999.6201 0.0000e+00
      3.730      0.010     6.3083     72.280    178.826 130.151239     2.8425      7.160   250.5911 2.0363e+00     7.1230      3.658      5.305    11.3669   999.6316 0.0000e+00
      3.732      0.010     6.2636     65.125    199.024 144.969670     2.9028      7.161   250.4849 2.0336e+00     7.1161      3.659      5.307    11.3706   999.6235 0.0000e+00
      3.734      0.011     6.1779     56.453    200.785 146.414577     2.9389      7.162   250.3371 2.0277e+00     7.1209      3.662      5.311    11.3723   999.6193 0.0000e+00
      3.737      0.012     5.9612     47.495    208.713 152.341640     2.9418      7.162   250.2663 2.0176e+00     7.1816      3.665      5.316    11.3683   999.6338 0.0000e+00
      3.741      0.012     5.6014     43.138    215.199 157.135078     2.9370      7.162   250.2320 2.0178e+00     7.2273      3.669      5.321    11.3767   999.6568 0.0000e+00
      3.745 -9.990e-29     4.9957 -9.990e-29 -9.990e-29 -9.990e-29 -9.990e-29 -9.990e-29 -9.990e-29 2.0151e+00 -9.990e-29      3.672      5.326    11.4147   999.6586 0.0000e+00
      3.748 -9.990e-29     4.3543 -9.990e-29 -9.990e-29 -9.990e-29 -9.990e-29 -9.990e-29 -9.990e-29 2.0055e+00 -9.990e-29      3.677      5.331    11.4595   999.6472 0.0000e+00
      3.750 -9.990e-29     3.5272 -9.990e-29 -9.990e-29 -9.990e-29 -9.990e-29 -9.990e-29 -9.990e-29 2.0022e+00 -9.990e-29      3.679      5.335    11.4982   999.6503 0.0000e+00
      3.751 -9.990e-29     2.9364 -9.990e-29 -9.990e-29 -9.990e-29 -9.990e-29 -9.990e-29 -9.990e-29 2.0032e+00 -9.990e-29      3.679      5.337    11.5188   999.6521 0.0000e+00
