Data/DataNotYetUploadedToEDI/Raw_CTD/RawDownloads/110819_fcr10.cnv
* Sea-Bird SBE19plus  Data File:
* FileName = C:\DATA\110819_fcr50_0002.hex
* Software version 2.8.0.119 SB_Terminal.dll
* Temperature SN = 7809
* Conductivity SN = 7809
* System UpLoad Time = Nov 11 2019 10:23:25
* <ApplicationData>
* <Seaterm232>
# nquan = 16
# nvalues = 429                         
# units = specified
# name 0 = depFM: Depth [fresh water, m]
# name 1 = dz/dtM: Descent Rate [m/s]
# name 2 = sbeox0ML/L: Oxygen, SBE 43 [ml/l]
# name 3 = sbeox0PS: Oxygen, SBE 43 [% saturation]
# name 4 = specc: Specific Conductance [uS/cm]
# name 5 = c0uS/cm: Conductivity [uS/cm]
# name 6 = flECO-AFL: Fluorescence, WET Labs ECO-AFL/FL [mg/m^3]
# name 7 = ph: pH
# name 8 = orp: Oxidation Reduction Potential [mV]
# name 9 = par/sat/log: PAR/Logarithmic, Satlantic
# name 10 = turbWETntu0: Turbidity, WET Labs ECO [NTU]
# name 11 = prdM: Pressure, Strain Gauge [db]
# name 12 = prdE: Pressure, Strain Gauge [psi]
# name 13 = tv290C: Temperature [ITS-90, deg C]
# name 14 = density00: Density [density, kg/m^3]
# name 15 = flag:  0.000e+00
# span 0 =     -0.536,      2.414       
# span 1 =     -0.311,      0.358       
# span 2 =     5.2752,     7.8451       
# span 3 =     68.838,     98.775       
# span 4 =      1.093,     43.499       
# span 5 =   0.721953,  30.366770       
# span 6 =    -0.2353,   236.6701       
# span 7 =      6.318,      8.642       
# span 8 = -1240.7455,   886.2704       
# span 9 = 1.6644e+01, 1.6298e+03       
# span 10 =    -1.6809,    52.7672      
# span 11 =     -0.526,      2.368      
# span 12 =     -0.763,      3.434      
# span 13 =     8.0032,    11.4142      
# span 14 =   999.5819,   999.8514      
# span 15 = 0.0000e+00, 0.0000e+00      
# interval = seconds: 0.25
# start_time = Nov 08 2019 13:36:29 [Instrument's time stamp, header]
# bad_flag = -9.990e-29
*END*
[from data line 362]
      2.052      0.055     6.3904     82.891     41.588  30.122668     2.8195      7.135   285.5634 2.7631e+01     7.1833      2.012      2.919    11.2228   999.6109 0.0000e+00
      2.067      0.052     6.3742     82.858     41.606  30.134205     2.8153      7.135   285.5022 2.6987e+01     7.2069      2.027      2.940    11.2214   999.6111 0.0000e+00
      2.082      0.047     6.3699     82.829     41.625  30.146781     2.7984      7.135   285.4794 2.6467e+01     7.1829      2.042      2.961    11.2191   999.6115 0.0000e+00
      2.095      0.042     6.3668     82.802     41.625  30.147821     2.7721      7.135   285.4597 2.6105e+01     7.1555      2.057      2.983    11.2166   999.6117 0.0000e+00
      2.104      0.037     6.3633     82.780     41.623  30.146780     2.7571      7.135   285.4354 2.5871e+01     7.1702      2.065      2.996    11.2129   999.6121 0.0000e+00
      2.110      0.037     6.3617     82.725     41.606  30.134194     2.7554      7.135   285.3587 2.5693e+01     7.1970      2.069      3.001    11.2100   999.6125 0.0000e+00
      2.115      0.040     6.3597     82.609     41.594  30.122554     2.7517      7.135   285.3072 2.5544e+01     7.2496      2.073      3.007    11.2095   999.6125 0.0000e+00
      2.121      0.047     6.3570     82.477     41.615  30.132947     2.7466      7.133   285.4144 2.5233e+01     7.3159      2.078      3.014    11.2102   999.6125 0.0000e+00
      2.133      0.053     6.3561     82.376     41.620  30.132938     2.7460      7.129   285.6221 2.4536e+01     7.3429      2.089      3.030    11.2118   999.6124 0.0000e+00
      2.152      0.057     6.3541     82.313     41.609  30.122441     2.7529      7.127   285.7531 2.3601e+01     7.3465      2.110      3.060    11.2129   999.6123 0.0000e+00
      2.175      0.056     6.3428     82.276     41.625  30.132937     2.7433      7.125   285.7088 2.2760e+01     7.2607      2.134      3.095    11.2084   999.6129 0.0000e+00
      2.195      0.052     6.3327     82.253     41.624  30.132937     2.7088      7.124   285.5165 2.2258e+01     7.0599      2.157      3.127    11.2012   999.6138 0.0000e+00
      2.206      0.048     6.3254     82.241     41.608  30.122440     2.6822      7.125   285.3209 2.2129e+01     6.9170      2.168      3.143    11.1973   999.6142 0.0000e+00
      2.210      0.046     6.3217     82.226     41.622  30.132929     2.6827      7.126   285.3218 2.2072e+01     6.9099      2.167      3.142    11.1934   999.6146 0.0000e+00
      2.213      0.046     6.3196     82.194     41.625  30.132844     2.7399      7.127   285.3553 2.1786e+01     7.0065      2.169      3.145    11.1911   999.6149 0.0000e+00
      2.223      0.047     6.3172     82.143     41.615  30.121412     2.8272      7.127   285.2965 2.1239e+01     7.1016      2.178      3.158    11.1930   999.6147 0.0000e+00
      2.241      0.049     6.3167     82.076     41.620  30.121612     2.8632      7.127   285.2130 2.0501e+01     7.1096      2.196      3.183    11.1956   999.6145 0.0000e+00
      2.264      0.050     6.3158     82.001     41.643  30.135247     2.8713      7.127   285.0336 1.9841e+01     7.1370      2.223      3.223    11.1962   999.6146 0.0000e+00
      2.281      0.049     6.3138     81.936     41.680  30.159362     2.8812      7.127   284.8491 1.9556e+01     7.1699      2.242      3.251    11.1934   999.6149 0.0000e+00
      2.288      0.046     6.3106     81.891     41.682  30.159370     2.8707      7.127   284.7883 1.9486e+01     7.0491      2.245      3.256    11.1880   999.6156 0.0000e+00
      2.293      0.042     6.3060     81.856     41.650  30.135341     2.8577      7.127   284.8156 1.9345e+01     6.8230      2.247      3.258    11.1831   999.6161 0.0000e+00
      2.300      0.037     6.3001     81.841     41.633  30.122652     2.8617      7.127   284.8342 1.9049e+01     6.6971      2.252      3.267    11.1797   999.6165 0.0000e+00
      2.311      0.033     6.2948     81.833     41.648  30.132852     2.8667      7.128   284.8412 1.8624e+01     6.7069      2.265      3.285    11.1771   999.6169 0.0000e+00
      2.326      0.031     6.2930     81.815     41.647  30.131752     2.8237      7.129   284.9008 1.8246e+01     6.7444      2.282      3.310    11.1749   999.6171 0.0000e+00
      2.337      0.028     6.2889     81.792     41.615  30.109344     2.7409      7.129   284.9520 1.8066e+01     6.7250      2.294      3.327    11.1739   999.6173 0.0000e+00
      2.341      0.025     6.2888     81.761     41.624  30.115741     2.6970      7.129   284.8577 1.8067e+01     6.6688      2.298      3.333    11.1732   999.6173 0.0000e+00
      2.341      0.023     6.2892     81.710     41.667  30.145642     2.6920      7.129   284.7067 1.8099e+01     6.6549      2.295      3.330    11.1720   999.6174 0.0000e+00
      2.342      0.023     6.2870     81.642     41.688  30.153605     2.7060      7.129   284.5897 1.8005e+01     6.7859      2.294      3.327    11.1716   999.6175 0.0000e+00
      2.348      0.024     6.2855     81.570     41.703  30.148563     2.7360      7.129   284.4754 1.7766e+01     7.0077      2.301      3.337    11.1727   999.6174 0.0000e+00
      2.358      0.026     6.2834     81.494     41.729  30.148116     2.7519      7.128   284.4429 1.7452e+01     7.1084      2.312      3.353    11.1736   999.6174 0.0000e+00
      2.370      0.026     6.2795     81.416     41.748  30.148180     2.7600      7.127   284.4551 1.7210e+01     7.1181      2.325      3.371    11.1742   999.6174 0.0000e+00
      2.379      0.023     6.2740     81.344     41.753  30.149320     2.7903      7.127   284.4502 1.7121e+01     7.0926      2.335      3.386    11.1682   999.6180 0.0000e+00
      2.384      0.017     6.2727     81.294     41.759  30.161895     2.8412      7.127   284.4699 1.7102e+01     7.0288      2.338      3.392    11.1460   999.6204 0.0000e+00
      2.385      0.012     6.2704     81.283     41.761  30.173327     2.8730      7.127   284.4351 1.7089e+01     6.9693      2.338      3.392    11.1173   999.6234 0.0000e+00
      2.385      0.007     6.2671     81.290     41.732  30.160644     2.8790      7.127   284.2877 1.7079e+01     6.9311      2.338      3.391    11.0985   999.6253 0.0000e+00
      2.385      0.005     6.2615     81.285     41.687  30.135472     2.8798      7.127   284.1502 1.7066e+01     6.9930      2.338      3.392    11.0974   999.6254 0.0000e+00
      2.386      0.005     6.2546     81.294     41.662  30.122790     2.8827      7.127   284.1492 1.7059e+01     7.1278      2.340      3.394    11.1111   999.6240 0.0000e+00
      2.388      0.007     6.2521     81.344     41.676  30.134223     2.8877      7.127   284.1900 1.7063e+01     7.1844      2.341      3.396    11.1257   999.6226 0.0000e+00
      2.389      0.009     6.2534     81.400     41.695  30.146798     2.8883      7.127   284.1279 1.7059e+01     7.1533      2.342      3.397    11.1344   999.6216 0.0000e+00
      2.391      0.010     6.2502     81.428     41.698  30.147932     2.8811      7.127   284.0862 1.7021e+01     7.1121      2.345      3.401    11.1434   999.6207 0.0000e+00
      2.394      0.010     6.2483     81.420     41.699  30.147932     2.8873      7.127   284.1162 1.6930e+01     7.1454      2.347      3.406    11.1505   999.6200 0.0000e+00
      2.399      0.010     6.2543     81.401     41.702  30.146798     2.9203      7.127   284.1460 1.6828e+01     7.2933      2.352      3.412    11.1504   999.6199 0.0000e+00
      2.402      0.009     6.2596     81.386     41.693  30.134214     2.9408      7.127   284.1022 1.6790e+01     7.3930      2.356      3.417    11.1483   999.6202 0.0000e+00
      2.404      0.007     6.2623     81.361     41.682  30.122677     2.9371      7.126   283.9313 1.6796e+01     7.3672      2.357      3.419    11.1470   999.6204 0.0000e+00
      2.405      0.005     6.2606     81.314     41.696  30.134214     2.9098      7.126   283.8860 1.6799e+01     7.2435      2.358      3.421    11.1477   999.6202 0.0000e+00
      2.405      0.003     6.2588     81.229     41.707  30.146799     2.8542      7.128   284.0708 1.6796e+01     7.0450      2.358      3.421    11.1448   999.6205 0.0000e+00
      2.405      0.003     6.2603     81.111     41.703  30.147944     2.8191      7.128   284.1870 1.6796e+01     6.9327      2.358      3.420    11.1337   999.6218 0.0000e+00
      2.406      0.003     6.2592     81.007     41.700  30.148052     2.8235      7.127   284.0866 1.6805e+01     6.9350      2.359      3.422    11.1274   999.6224 0.0000e+00
      2.407      0.003     6.2555     80.940     41.696  30.148113     2.8380      7.126   283.9751 1.6806e+01     7.0074      2.360      3.423    11.1323   999.6219 0.0000e+00
      2.408      0.003     6.2482     80.895     41.695  30.148686     2.8555      7.126   283.9580 1.6800e+01     7.1194      2.361      3.425    11.1399   999.6211 0.0000e+00
      2.409      0.003     6.2365     80.868     41.704  30.154979     2.8702      7.126   283.9653 1.6807e+01     7.1759      2.362      3.426    11.1438   999.6207 0.0000e+00
      2.410      0.003     6.2274     80.883     41.715  30.160748     2.8774      7.127   284.0637 1.6817e+01     7.1653      2.363      3.427    11.1462   999.6205 0.0000e+00
      2.410      0.003     6.2229     80.963     41.714  30.154980     2.9070      7.127   284.1152 1.6796e+01     7.0902      2.363      3.428    11.1495   999.6201 0.0000e+00
      2.410      0.003     6.2190     81.087     41.713  30.148687     2.9599      7.126   284.0721 1.6737e+01     6.9886      2.364      3.428    11.1519   999.6199 0.0000e+00
      2.411      0.003     6.2165     81.211     41.716  30.148105     2.9967      7.125   284.1445 1.6686e+01     6.9531      2.365      3.430    11.1522   999.6199 0.0000e+00
      2.413      0.002     6.2164     81.333     41.715  30.147949     3.0132      7.125   284.1307 1.6667e+01     6.9559      2.366      3.432    11.1500   999.6202 0.0000e+00
      2.413      0.002     6.2245     81.450     41.712  30.146800     3.0132      7.126   284.0771 1.6663e+01     6.9891      2.366      3.432    11.1427   999.6209 0.0000e+00
      2.413      0.001     6.2375     81.523     41.696  30.134214     3.0048      7.126   284.1847 1.6661e+01     7.0924      2.366      3.432    11.1336   999.6218 0.0000e+00
      2.413      0.001     6.2468     81.546     41.681  30.122677     2.9986      7.126   284.2262 1.6654e+01     7.1560      2.367      3.434    11.1301   999.6222 0.0000e+00
      2.413      0.000     6.2552     81.550     41.694  30.134214     2.9906      7.126   284.1496 1.6651e+01     7.1683      2.366      3.433    11.1329   999.6219 0.0000e+00
      2.414 2.0490e-08     6.2661     81.545     41.705  30.146799     2.9936      7.126   284.1190 1.6666e+01     7.1758      2.367      3.432    11.1353   999.6216 0.0000e+00
      2.414 2.2539e-07     6.2723     81.536     41.700  30.147942     3.0619      7.125   284.1143 1.6680e+01     7.0831      2.367      3.433    11.1320   999.6220 0.0000e+00
      2.414 4.1322e-07     6.2728     81.532     41.697  30.148036     3.1228      7.124   284.0926 1.6666e+01     6.9968      2.367      3.433    11.1292   999.6223 0.0000e+00
      2.414 -9.990e-29     6.2728 -9.990e-29 -9.990e-29 -9.990e-29 -9.990e-29 -9.990e-29 -9.990e-29 1.6650e+01 -9.990e-29      2.367      3.434    11.1339   999.6218 0.0000e+00
      2.414 -9.990e-29     6.2712 -9.990e-29 -9.990e-29 -9.990e-29 -9.990e-29 -9.990e-29 -9.990e-29 1.6644e+01 -9.990e-29      2.368      3.434    11.1407   999.6211 0.0000e+00
      2.414 -9.990e-29     6.2690 -9.990e-29 -9.990e-29 -9.990e-29 -9.990e-29 -9.990e-29 -9.990e-29 1.6645e+01 -9.990e-29      2.367      3.433    11.1473   999.6204 0.0000e+00
      2.414 -9.990e-29     6.2683 -9.990e-29 -9.990e-29 -9.990e-29 -9.990e-29 -9.990e-29 -9.990e-29 1.6650e+01 -9.990e-29      2.368      3.434    11.1516   999.6199 0.0000e+00
