Data/DataNotYetUploadedToEDI/Raw_CTD/RawDownloads/110819_fcr45.cnv
* Sea-Bird SBE19plus  Data File:
* FileName = C:\DATA\110819_fcr50_0005.hex
* Software version 2.8.0.119 SB_Terminal.dll
* Temperature SN = 7809
* Conductivity SN = 7809
* System UpLoad Time = Nov 11 2019 10:24:12
* <ApplicationData>
* <Seaterm232>
# nquan = 16
# nvalues = 726                         
# units = specified
# name 0 = depFM: Depth [fresh water, m]
# name 1 = dz/dtM: Descent Rate [m/s]
# name 2 = sbeox0ML/L: Oxygen, SBE 43 [ml/l]
# name 3 = sbeox0PS: Oxygen, SBE 43 [% saturation]
# name 4 = specc: Specific Conductance [uS/cm]
# name 5 = c0uS/cm: Conductivity [uS/cm]
# name 6 = flECO-AFL: Fluorescence, WET Labs ECO-AFL/FL [mg/m^3]
# name 7 = ph: pH
# name 8 = orp: Oxidation Reduction Potential [mV]
# name 9 = par/sat/log: PAR/Logarithmic, Satlantic
# name 10 = turbWETntu0: Turbidity, WET Labs ECO [NTU]
# name 11 = prdM: Pressure, Strain Gauge [db]
# name 12 = prdE: Pressure, Strain Gauge [psi]
# name 13 = tv290C: Temperature [ITS-90, deg C]
# name 14 = density00: Density [density, kg/m^3]
# name 15 = flag:  0.000e+00
# span 0 =     -0.535,      6.567       
# span 1 =     -0.281,      0.370       
# span 2 =     4.8934,     8.0203       
# span 3 =     64.100,    102.455       
# span 4 =      0.613,     42.774       
# span 5 =   0.395385,  30.424687       
# span 6 =    -1.1905,     4.8299       
# span 7 =      5.303,      7.085       
# span 8 =   218.1493,  1240.2295       
# span 9 = 1.2365e-01, 1.2656e+03       
# span 10 =    -1.6979,   913.6194      
# span 11 =     -0.526,      6.440      
# span 12 =     -0.763,      9.340      
# span 13 =     7.2096,    11.6141      
# span 14 =   999.5636,   999.8944      
# span 15 = 0.0000e+00, 0.0000e+00      
# interval = seconds: 0.25
# start_time = Nov 08 2019 14:10:08 [Instrument's time stamp, header]
# bad_flag = -9.990e-29
*END*
[from data line 91]
      0.275     -0.001     5.7739     74.356     40.557  29.564476     1.8731      6.934   232.4152 3.0719e+02     7.9492      0.270      0.392    11.4491   999.5784 0.0000e+00
      0.275     -0.001     5.7545     74.026     40.568  29.568786     1.9273      6.934   232.4120 3.4258e+02     7.8963      0.271      0.393    11.4500   999.5783 0.0000e+00
      0.275     -0.001     5.7326     73.722     40.493  29.510507     1.9507      6.935   232.4031 3.8189e+02     7.8365      0.271      0.393    11.4511   999.5782 0.0000e+00
      0.273     -0.007     5.7043     73.407     40.218  29.303992     1.9482      6.936   232.3075 3.5289e+02     7.8170      0.268      0.389    11.4504   999.5782 0.0000e+00
      0.272     -0.029     5.6777     73.057     39.991  29.102296     1.9664      6.936   232.2027 3.0182e+02     7.8237      0.265      0.385    11.4449   999.5788 0.0000e+00
      0.275     -0.071     5.6523     72.682     40.132  29.102237     1.9969      6.935   232.2539 2.9542e+02     7.8197      0.268      0.389    11.4393   999.5794 0.0000e+00
      0.275     -0.125     5.6319     72.323     40.515  29.239721     2.0054      6.934   233.3565 3.5992e+02     7.8007      0.276      0.400    11.4342   999.5800 0.0000e+00
      0.252     -0.180     5.6081     72.078     40.831  29.368508     1.9908      6.933   235.4684 4.7747e+02     7.7914      0.266      0.386    11.4355   999.5797 0.0000e+00
      0.184     -0.226     5.5825     72.050     40.986  29.453704     1.8983      6.931   236.7094 6.9467e+02     7.7726      0.196      0.283    11.4232   999.5806 0.0000e+00
      0.084     -0.261     5.5718     72.294     40.936  29.444914     1.7359      6.930   236.6593 7.9386e+02     7.8356      0.077      0.112    11.2801   999.5952 0.0000e+00
     -0.012     -0.281     5.5696     72.805     40.702  29.325713     1.6574      6.931   236.1532 6.7921e+02     9.6013     -0.023     -0.033    11.0560   999.6180 0.0000e+00
     -0.083     -0.281     5.5648     73.525     40.493  29.218103     1.7303      6.935   235.4085 7.3032e+02    30.1049     -0.086     -0.126    10.9241   999.6312 0.0000e+00
     -0.139     -0.262     5.5633     74.315     40.418  29.159097     2.5303      6.937   235.3986 7.4766e+02   255.8086     -0.135     -0.196    10.9049   999.6328 0.0000e+00
     -0.198     -0.236     5.5764     75.026     40.563  29.183339     3.9869      6.940   237.7541 5.8563e+02   669.5548     -0.191     -0.277    10.9551   999.6276 0.0000e+00
     -0.261     -0.213     5.6076     75.587     40.847  29.257313     4.7766      6.942   242.1207 4.9787e+02   895.0161     -0.260     -0.376    11.0232   999.6203 0.0000e+00
     -0.318     -0.196     5.6582     75.983     40.983  29.228488     4.8299      6.941   247.1543 4.6044e+02   913.6194     -0.315     -0.456    11.0946   999.6126 0.0000e+00
     -0.366     -0.176     5.7222     76.271     41.031  29.151951     4.7363      6.941   251.8961 4.4411e+02   895.2398     -0.360     -0.522    11.1105   999.6107 0.0000e+00
     -0.407     -0.148     5.7930     76.630     41.194  29.156671     3.7226      6.942   254.8837 4.5671e+02   672.7244     -0.403     -0.584    10.9962   999.6222 0.0000e+00
     -0.442     -0.111     5.8632     77.268     41.432  29.221994     1.8577      6.943   251.4434 4.4083e+02   264.4232     -0.432     -0.626    10.8027   999.6415 0.0000e+00
     -0.475     -0.068     5.9149     78.288     41.567  29.243677     0.8372      6.941   242.3063 4.2433e+02    41.6638     -0.470     -0.682    10.6460   999.6566 0.0000e+00
     -0.494     -0.013     5.9478     79.615     41.599  29.228407     0.7644      6.934   237.2439 4.5727e+02    21.2004     -0.496     -0.719    10.5271   999.6679 0.0000e+00
     -0.491      0.052     5.9893     81.073     41.615  29.227678     1.0392      6.924   236.4384 5.0918e+02    17.0359     -0.484     -0.701    10.3851   999.6813 0.0000e+00
     -0.474      0.127     6.0553     82.531     41.623  29.234856     1.5766      6.914   235.2330 5.8979e+02    12.5471     -0.470     -0.682    10.2479   999.6941 0.0000e+00
     -0.438      0.207     6.1507     83.896     41.703  29.315194     1.8772      6.908   234.7150 7.2985e+02    10.1524     -0.443     -0.644    10.1570   999.7025 0.0000e+00
     -0.373      0.281     6.2677     85.050     41.760  29.437627     1.8907      6.906   234.9942 9.3170e+02     9.8750     -0.373     -0.542    10.1177   999.7063 0.0000e+00
     -0.282      0.337     6.3866     85.889     41.649  29.509664     1.8355      6.907   235.2541 1.1400e+03     9.2920     -0.282     -0.409    10.1100   999.7075 0.0000e+00
     -0.173      0.369     6.5027     86.435     41.644  29.678729     1.7551      6.909   235.2757 1.2347e+03     8.3470     -0.177     -0.256    10.1132   999.7077 0.0000e+00
     -0.053      0.370     6.6132     86.822     41.821  29.959085     1.7161      6.910   235.2550 1.0083e+03     7.8873     -0.050     -0.072    10.1180   999.7078 0.0000e+00
      0.062      0.340     6.6944     87.188     41.837  30.107625     1.7206      6.911   235.3490 5.7983e+02     7.8305      0.069      0.101    10.2045   999.7007 0.0000e+00
      0.153      0.289     6.7255     87.638     41.717  30.142335     1.7476      6.914   235.3789 3.7342e+02     7.7262      0.160      0.233    10.4210   999.6812 0.0000e+00
      0.216      0.225     6.7278     88.166     41.647  30.188521     1.7921      6.916   235.3584 3.7471e+02     7.6087      0.222      0.322    10.6445   999.6602 0.0000e+00
      0.255      0.160     6.7272     88.639     41.589  30.221976     1.8248      6.918   235.4452 3.9221e+02     7.5576      0.254      0.369    10.8196   999.6434 0.0000e+00
      0.277      0.103     6.7261     88.936     41.521  30.229636     1.8400      6.920   235.5679 3.9147e+02     7.5996      0.275      0.398    10.9865   999.6269 0.0000e+00
      0.290      0.061     6.7367     88.991     41.447  30.217746     1.8810      6.922   235.6374 3.5392e+02     7.7881      0.288      0.417    11.1353   999.6117 0.0000e+00
      0.296      0.032     6.7654     88.790     41.389  30.205168     1.9642      6.925   235.6834 3.2611e+02     8.0684      0.291      0.422    11.2498   999.5999 0.0000e+00
      0.297      0.011     6.7903     88.378     41.359  30.204495     2.0224      6.928   235.7801 3.1796e+02     8.2358      0.292      0.423    11.3381   999.5906 0.0000e+00
      0.297     -0.004     6.8046     87.830     41.343  30.209639     2.0294      6.931   235.9459 3.0270e+02     8.2716      0.291      0.423    11.4063   999.5834 0.0000e+00
      0.297     -0.015     6.8011     87.155     41.318  30.203925     2.0226      6.933   236.0532 3.4876e+02     8.2390      0.292      0.425    11.4560   999.5780 0.0000e+00
      0.294     -0.021     6.7793     86.362     41.298  30.198874     2.0008      6.933   236.1307 4.1344e+02     8.0384      0.293      0.426    11.4907   999.5743 0.0000e+00
      0.283     -0.023     6.7413     85.588     41.307  30.212027     1.9660      6.932   236.2808 3.7688e+02     7.7469      0.279      0.404    11.5144   999.5717 0.0000e+00
      0.269     -0.018     6.6961     84.948     41.246  30.172602     1.9486      6.933   236.4921 3.1735e+02     7.6305      0.259      0.376    11.5333   999.5695 0.0000e+00
      0.261     -0.009     6.6448     84.391     41.146  30.102927     1.9548      6.933   236.7931 3.0303e+02     7.6150      0.256      0.372    11.5506   999.5676 0.0000e+00
      0.259      0.000     6.5764     83.816     41.182  30.131050     1.9896      6.932   237.5107 3.0367e+02     7.5589      0.253      0.367    11.5607   999.5666 0.0000e+00
      0.263      0.008     6.5128     83.221     41.268  30.195363     2.0399      6.932   238.1132 3.2115e+02     7.5425      0.252      0.365    11.5673   999.5659 0.0000e+00
      0.277      0.013     6.4648     82.616     41.250  30.182530     2.0682      6.933   237.7109 3.4150e+02     7.5800      0.272      0.394    11.5750   999.5651 0.0000e+00
      0.288      0.014     6.4272     82.023     41.228  30.166245     2.0727      6.935   237.2065 3.4687e+02     7.5861      0.289      0.420    11.5779   999.5648 0.0000e+00
      0.286      0.013     6.3807     81.476     41.258  30.188825     2.0507      6.937   237.2631 3.7756e+02     7.5513      0.282      0.410    11.5796   999.5646 0.0000e+00
      0.281      0.008     6.3355     80.911     41.273  30.201733     2.0188      6.938   237.3629 4.0411e+02     7.5530      0.272      0.394    11.5824   999.5642 0.0000e+00
      0.281      0.002     6.2898     80.313     41.262  30.195417     2.0073      6.941   237.3813 3.7001e+02     7.5736      0.274      0.398    11.5829   999.5641 0.0000e+00
      0.286     -0.002     6.2409     79.745     41.235  30.175906     2.0078      6.943   237.3989 3.4254e+02     7.5711      0.282      0.409    11.5806   999.5645 0.0000e+00
      0.288     -0.002     6.2042     79.262     41.211  30.156189     1.9985      6.945   237.4038 3.6698e+02     7.5222      0.285      0.413    11.5813   999.5644 0.0000e+00
      0.285     -0.003     6.1603     78.878     41.203  30.147379     1.9728      6.947   237.3547 4.3004e+02     7.4084      0.280      0.407    11.5855   999.5640 0.0000e+00
      0.281     -0.004     6.1120     78.563     41.187  30.132847     1.9572      6.950   237.3214 4.4834e+02     7.3425      0.275      0.398    11.5880   999.5637 0.0000e+00
      0.280     -0.004     6.0674     78.274     41.154  30.107383     1.9571      6.952   237.5170 3.8018e+02     7.3482      0.274      0.399    11.5887   999.5636 0.0000e+00
      0.279     -0.001     6.0303     78.019     41.136  30.093313     1.9366      6.953   237.8266 3.6778e+02     7.3459      0.275      0.398    11.5865   999.5639 0.0000e+00
      0.277      0.005     6.0028     77.784     41.133  30.089640     1.9000      6.954   237.9674 4.6018e+02     7.3474      0.271      0.392    11.5807   999.5645 0.0000e+00
      0.278      0.011     5.9814     77.545     41.098  30.062972     1.8880      6.956   238.0150 5.2990e+02     7.3340      0.271      0.393    11.5767   999.5649 0.0000e+00
      0.283      0.017     5.9582     77.324     41.047  30.024681     1.8952      6.957   238.1441 5.3030e+02     7.3478      0.277      0.402    11.5763   999.5649 0.0000e+00
      0.289      0.024     5.9392     77.090     41.025  30.007393     1.9005      6.957   238.3241 5.0158e+02     7.4155      0.284      0.412    11.5751   999.5651 0.0000e+00
      0.296      0.031     5.9239     76.803     40.991  29.980856     1.9169      6.957   238.4706 4.4693e+02     7.4647      0.290      0.421    11.5724   999.5654 0.0000e+00
      0.303      0.036     5.9030     76.492     40.962  29.957639     1.9466      6.956   238.6243 3.8537e+02     7.5170      0.296      0.430    11.5715   999.5655 0.0000e+00
      0.313      0.037     5.8880     76.180     41.001  29.980483     1.9646      6.956   238.8062 3.6455e+02     7.5559      0.304      0.441    11.5710   999.5655 0.0000e+00
      0.328      0.036     5.8727     75.842     41.045  30.003244     1.9694      6.957   238.9492 3.8195e+02     7.5742      0.321      0.466    11.5691   999.5659 0.0000e+00
      0.341      0.034     5.8491     75.478     41.025  29.979009     2.0220      6.958   239.0622 4.5738e+02     7.6069      0.338      0.491    11.5674   999.5661 0.0000e+00
      0.348      0.031     5.8244     75.115     40.982  29.941268     2.1241      6.961   239.2263 5.1374e+02     7.5900      0.343      0.497    11.5663   999.5662 0.0000e+00
      0.350      0.026     5.8035     74.762     40.970  29.927642     2.1816      6.963   239.3844 4.2272e+02     7.5344      0.342      0.496    11.5592   999.5671 0.0000e+00
      0.355      0.021     5.7792     74.419     40.991  29.941156     2.1873      6.964   239.4249 3.3897e+02     7.5246      0.347      0.504    11.5453   999.5686 0.0000e+00
      0.361      0.018     5.7518     74.066     41.043  29.977751     2.1768      6.964   239.5445 3.6542e+02     7.5047      0.355      0.515    11.5340   999.5698 0.0000e+00
      0.367      0.018     5.7255     73.695     41.061  29.989389     2.1588      6.964   239.8835 4.3330e+02     7.4582      0.361      0.523    11.5255   999.5708 0.0000e+00
      0.371      0.021     5.6985     73.313     41.015  29.954967     2.1509      6.965   240.2548 4.5985e+02     7.4204      0.365      0.529    11.5202   999.5713 0.0000e+00
      0.372      0.024     5.6741     72.939     40.997  29.942278     2.1504      6.966   240.5923 4.6605e+02     7.3754      0.365      0.529    11.5185   999.5715 0.0000e+00
      0.376      0.027     5.6474     72.595     41.024  29.962873     2.1884      6.966   240.7800 5.2351e+02     7.4382      0.367      0.532    11.5170   999.5717 0.0000e+00
      0.385      0.029     5.6187     72.275     41.004  29.950163     2.2634      6.966   240.8040 4.9613e+02     7.5582      0.377      0.546    11.5160   999.5719 0.0000e+00
      0.397      0.030     5.5898     71.969     40.955  29.915515     2.3024      6.967   240.8824 3.7089e+02     7.5806      0.391      0.566    11.5151   999.5720 0.0000e+00
      0.409      0.029     5.5597     71.669     40.967  29.924668     2.3124      6.969   241.0399 2.9688e+02     7.5780      0.403      0.585    11.5140   999.5722 0.0000e+00
      0.417      0.026     5.5346     71.377     40.978  29.933924     2.3859      6.971   241.2451 3.1882e+02     7.5919      0.410      0.595    11.5158   999.5721 0.0000e+00
      0.421      0.023     5.5093     71.115     40.932  29.900519     2.5054      6.972   241.4711 3.4947e+02     7.6176      0.412      0.600    11.5186   999.5718 0.0000e+00
      0.423      0.021     5.4863     70.875     40.933  29.901497     2.5611      6.973   241.7934 3.1391e+02     7.6589      0.414      0.601    11.5199   999.5716 0.0000e+00
      0.426      0.023     5.4639     70.633     40.995  29.945757     2.5646      6.973   242.3025 2.7612e+02     7.6656      0.417      0.603    11.5205   999.5715 0.0000e+00
      0.431      0.032     5.4398     70.388     40.972  29.928023     2.5655      6.969   242.8083 2.7150e+02     7.6335      0.423      0.613    11.5213   999.5715 0.0000e+00
      0.437      0.044     5.4205     70.160     40.908  29.877432     2.5360      6.965   243.1764 2.7163e+02     7.6636      0.428      0.622    11.5223   999.5714 0.0000e+00
      0.447      0.054     5.4029     69.958     40.967  29.905151     2.4777      6.962   243.3987 2.5934e+02     7.7669      0.434      0.629    11.5220   999.5714 0.0000e+00
      0.466      0.059     5.3848     69.792     41.056  29.945886     2.4416      6.961   243.5167 2.4392e+02     7.8010      0.454      0.658    11.5205   999.5717 0.0000e+00
      0.492      0.059     5.3653     69.678     41.049  29.925751     2.4459      6.961   243.6560 2.3894e+02     7.7820      0.486      0.705    11.5197   999.5720 0.0000e+00
      0.513      0.055     5.3476     69.595     41.040  29.915505     2.5041      6.961   243.7935 2.3913e+02     7.7330      0.507      0.736    11.5221   999.5718 0.0000e+00
      0.523      0.046     5.3348     69.553     41.092  29.948900     2.5905      6.963   243.8885 2.4364e+02     7.6359      0.514      0.746    11.5022   999.5740 0.0000e+00
      0.530      0.033     5.3259     69.620     41.101  29.948799     2.6319      6.966   244.0302 2.4406e+02     7.6233      0.520      0.755    11.4591   999.5787 0.0000e+00
      0.536      0.021     5.3208     69.805     41.058  29.914275     2.6328      6.969   244.2160 2.4910e+02     7.6463      0.528      0.765    11.4421   999.5805 0.0000e+00
      0.540      0.012     5.3143     70.073     41.054  29.912195     2.6271      6.971   244.3274 2.5029e+02     7.6180      0.531      0.770    11.4469   999.5800 0.0000e+00
