Data/DataNotYetUploadedToEDI/Raw_CTD/RawDownloads/110819_fcr20.cnv
* Sea-Bird SBE19plus  Data File:
* FileName = C:\DATA\110819_fcr50_0003.hex
* Software version 2.8.0.119 SB_Terminal.dll
* Temperature SN = 7809
* Conductivity SN = 7809
* System UpLoad Time = Nov 11 2019 10:23:37
* <ApplicationData>
* <Seaterm232>
# nquan = 16
# nvalues = 289                         
# units = specified
# name 0 = depFM: Depth [fresh water, m]
# name 1 = dz/dtM: Descent Rate [m/s]
# name 2 = sbeox0ML/L: Oxygen, SBE 43 [ml/l]
# name 3 = sbeox0PS: Oxygen, SBE 43 [% saturation]
# name 4 = specc: Specific Conductance [uS/cm]
# name 5 = c0uS/cm: Conductivity [uS/cm]
# name 6 = flECO-AFL: Fluorescence, WET Labs ECO-AFL/FL [mg/m^3]
# name 7 = ph: pH
# name 8 = orp: Oxidation Reduction Potential [mV]
# name 9 = par/sat/log: PAR/Logarithmic, Satlantic
# name 10 = turbWETntu0: Turbidity, WET Labs ECO [NTU]
# name 11 = prdM: Pressure, Strain Gauge [db]
# name 12 = prdE: Pressure, Strain Gauge [psi]
# name 13 = tv290C: Temperature [ITS-90, deg C]
# name 14 = density00: Density [density, kg/m^3]
# name 15 = flag:  0.000e+00
# span 0 =     -0.531,      3.751       
# span 1 =     -0.019,      0.156       
# span 2 =     2.9364,     8.7053       
# span 3 =     43.138,    101.858       
# span 4 =      5.125,    215.199       
# span 5 =   3.108360, 157.135078       
# span 6 =    -0.5229,     3.4738       
# span 7 =      6.610,      8.720       
# span 8 =   136.5846,   255.2780       
# span 9 = 2.0022e+00, 2.0581e+03       
# span 10 =    -0.3321,     8.2647      
# span 11 =     -0.521,      3.679      
# span 12 =     -0.756,      5.337      
# span 13 =     4.4827,    11.5188      
# span 14 =   999.5817,   999.9719      
# span 15 = 0.0000e+00, 0.0000e+00      
# interval = seconds: 0.25
# start_time = Nov 08 2019 13:55:28 [Instrument's time stamp, header]
# bad_flag = -9.990e-29
*END*
     -0.531      0.009     8.6983     96.039      5.125   3.108360    -0.5229      6.610   218.7757 2.0581e+03    -0.3321     -0.521     -0.756     4.5144   999.9718 0.0000e+00
     -0.531      0.023     8.7032     95.848     13.791   8.603758    -0.5103      6.718   136.5846 2.0229e+03    -0.2493     -0.521     -0.756     4.5000   999.9717 0.0000e+00
     -0.530      0.045     8.7018     95.583     27.936  17.878671    -0.1640      7.029   153.4938 1.9762e+03     0.8900     -0.521     -0.756     4.5073   999.9719 0.0000e+00
     -0.523      0.072     8.7053     95.364     39.824  26.037975     0.4731      7.459   191.6912 1.8688e+03     2.9884     -0.519     -0.753     4.4827   999.9718 0.0000e+00
     -0.503      0.099     8.6803     95.215     43.808  29.183533     0.8124      7.834   195.0742 1.4862e+03     4.1159     -0.501     -0.726     4.5811   999.9718 0.0000e+00
     -0.467      0.121     8.4798     95.112     43.594  29.522924     0.8344      8.089   199.6457 1.1882e+03     4.1989     -0.459     -0.667     5.4077   999.9606 0.0000e+00
     -0.422      0.135     8.1847     95.028     43.155  29.634381     0.8430      8.262   203.0852 1.4114e+03     4.2548     -0.413     -0.600     6.6558   999.9283 0.0000e+00
     -0.377      0.135     7.9699     94.956     42.749  29.706665     1.0028      8.401   205.1707 1.6396e+03     4.9875     -0.369     -0.535     7.6433   999.8864 0.0000e+00
     -0.337      0.118     7.8201     94.921     42.336  29.699283     1.2933      8.511   206.2765 1.6359e+03     6.3395     -0.329     -0.476     8.3558   999.8441 0.0000e+00
     -0.304      0.089     7.7126     94.898     41.917  29.608870     1.4423      8.590   206.5612 1.6143e+03     7.0673     -0.294     -0.427     8.8873   999.8070 0.0000e+00
     -0.284      0.054     7.6218     94.864     41.477  29.438585     1.4593      8.647   206.3755 1.5598e+03     7.1336     -0.274     -0.397     9.3517   999.7719 0.0000e+00
     -0.277      0.022     7.5369     94.848     41.051  29.226849     1.5780      8.686   206.7845 1.4520e+03     7.2391     -0.267     -0.387     9.7769   999.7369 0.0000e+00
     -0.283     -0.003     7.4776     94.869     40.766  29.079344     1.7855      8.710   208.3235 1.3342e+03     7.4264     -0.273     -0.397    10.1071   999.7080 0.0000e+00
     -0.296     -0.017     7.4354     94.904     40.619  28.987668     1.8861      8.720   210.2698 1.2586e+03     7.5633     -0.290     -0.421    10.3429   999.6864 0.0000e+00
     -0.310     -0.019     7.4030     94.936     40.616  28.943285     1.8757      8.717   211.6460 1.2021e+03     7.5827     -0.305     -0.442    10.5067   999.6709 0.0000e+00
     -0.320     -0.011     7.3826     94.956     40.776  28.986818     1.8161      8.710   212.3163 1.1506e+03     7.3985     -0.316     -0.459    10.6105   999.6608 0.0000e+00
     -0.322      0.003     7.3747     94.960     40.961  29.069785     1.7379      8.704   213.0398 1.1370e+03     7.1060     -0.319     -0.464    10.6767   999.6543 0.0000e+00
     -0.314      0.018     7.3714     94.953     41.037  29.121505     1.7102      8.694   213.7693 1.1214e+03     6.9633     -0.308     -0.447    10.7103   999.6510 0.0000e+00
     -0.303      0.032     7.3858     94.933     40.970  29.104553     1.7064      8.679   213.9951 1.0799e+03     6.9518     -0.296     -0.429    10.6446   999.6574 0.0000e+00
     -0.292      0.044     7.4081     94.901     40.752  28.991759     1.6836      8.657   213.7050 1.0804e+03     6.9990     -0.289     -0.418    10.5256   999.6690 0.0000e+00
     -0.279      0.054     7.4189     94.879     40.482  28.836439     1.6604      8.630   213.1007 1.1134e+03     7.1080     -0.274     -0.396    10.4613   999.6752 0.0000e+00
     -0.266      0.064     7.4184     94.887     40.322  28.749455     1.6590      8.600   212.6252 1.1723e+03     7.1546     -0.260     -0.377    10.4642   999.6750 0.0000e+00
     -0.253      0.078     7.4082     94.927     40.313  28.764930     1.6581      8.568   212.3439 1.2590e+03     7.1373     -0.251     -0.364    10.5126   999.6704 0.0000e+00
     -0.233      0.097     7.3950     95.011     40.468  28.896663     1.6407      8.541   212.2807 1.2783e+03     7.2596     -0.232     -0.335    10.5721   999.6648 0.0000e+00
     -0.208      0.119     7.3842     95.143     40.769  29.136674     1.6477      8.521   212.7215 1.2576e+03     7.5507     -0.206     -0.299    10.6181   999.6605 0.0000e+00
     -0.175      0.140     7.3802     95.316     40.984  29.319209     1.6913      8.497   213.3720 1.3027e+03     7.7733     -0.176     -0.254    10.6499   999.6574 0.0000e+00
     -0.135      0.155     7.3779     95.524     40.869  29.263620     1.7169      8.471   213.8649 1.3999e+03     7.8217     -0.135     -0.195    10.6754   999.6551 0.0000e+00
     -0.086      0.156     7.3805     95.769     40.608  29.099098     1.7147      8.446   214.3786 1.4859e+03     7.8078     -0.086     -0.123    10.6985   999.6532 0.0000e+00
     -0.035      0.144     7.3863     96.061     40.583  29.106652     1.7518      8.425   214.9374 1.5229e+03     7.7369     -0.034     -0.049    10.7267   999.6508 0.0000e+00
      0.012      0.124     7.3922     96.384     40.804  29.291535     1.8359      8.409   215.3734 1.5034e+03     7.6202      0.017      0.024    10.7699   999.6470 0.0000e+00
      0.044      0.099     7.4030     96.706     41.054  29.494421     1.8900      8.395   215.6920 1.4546e+03     7.5761      0.054      0.078    10.8034   999.6438 0.0000e+00
      0.056      0.077     7.4177     97.006     41.245  29.656200     1.8955      8.380   215.9498 1.4136e+03     7.5972      0.058      0.085    10.8215   999.6419 0.0000e+00
      0.057      0.059     7.4351     97.299     41.395  29.788199     1.8848      8.365   216.2530 1.3477e+03     7.5145      0.053      0.077    10.8589   999.6382 0.0000e+00
      0.063      0.047     7.4546     97.591     41.498  29.884826     1.8813      8.354   216.6910 1.1615e+03     7.2961      0.060      0.087    10.8926   999.6350 0.0000e+00
      0.077      0.042     7.4770     98.067     41.538  29.936182     1.8879      8.345   217.2019 9.0054e+02     7.1526      0.074      0.108    10.9159   999.6328 0.0000e+00
      0.095      0.040     7.4928     99.096     41.543  29.964981     1.8874      8.335   217.6125 7.2899e+02     7.1235      0.093      0.135    10.9498   999.6295 0.0000e+00
      0.111      0.036     7.5104    100.458     41.528  29.979246     1.8398      8.326   217.9556 7.2924e+02     7.0751      0.111      0.161    10.9801   999.6266 0.0000e+00
      0.121      0.029     7.5288    101.480     41.497  29.981778     1.7553      8.316   218.4247 8.3605e+02     6.9938      0.122      0.177    11.0049   999.6242 0.0000e+00
      0.123      0.019     7.5392    101.858     41.483  29.995618     1.7150      8.304   218.9820 9.4684e+02     6.9606      0.122      0.177    11.0309   999.6216 0.0000e+00
      0.122      0.012     7.6204    101.511     41.487  30.019710     1.7170      8.291   219.4464 9.8564e+02     6.9683      0.119      0.172    11.0610   999.6185 0.0000e+00
      0.122      0.009     7.7500    100.394     41.461  30.019270     1.7440      8.278   219.7372 8.8878e+02     6.9552      0.118      0.171    11.0934   999.6152 0.0000e+00
      0.123      0.010     7.8237     98.550     41.401  29.990317     1.7905      8.264   219.8311 8.1804e+02     6.9341      0.121      0.175    11.1236   999.6121 0.0000e+00
      0.125      0.015     7.8505     96.124     41.298  29.923477     1.8197      8.251   219.2916 9.1996e+02     6.9101      0.123      0.178    11.1519   999.6091 0.0000e+00
      0.129      0.021     7.8212     93.461     41.099  29.782202     1.8362      8.240   218.2902 1.0356e+03     6.8940      0.126      0.182    11.1778   999.6065 0.0000e+00
      0.136      0.026     7.7288     90.971     40.954  29.678160     1.8345      8.229   217.7898 9.8404e+02     6.9023      0.133      0.195    11.2017   999.6041 0.0000e+00
      0.144      0.028     7.5825     88.818     41.042  29.744215     1.8075      8.216   217.7160 9.4699e+02     6.9119      0.142      0.204    11.2195   999.6023 0.0000e+00
      0.155      0.027     7.3845     86.952     41.222  29.882886     1.7794      8.204   217.5695 9.7368e+02     6.9129      0.151      0.218    11.2275   999.6014 0.0000e+00
      0.166      0.024     7.1657     85.386     41.314  29.958850     1.7633      8.191   217.4807 8.4178e+02     6.9139      0.165      0.239    11.2316   999.6009 0.0000e+00
      0.172      0.019     6.9701     84.130     41.316  29.964705     1.7606      8.180   217.5893 8.3123e+02     6.9241      0.171      0.249    11.2298   999.6011 0.0000e+00
      0.173      0.013     6.8106     83.137     41.303  29.953700     1.7803      8.170   217.6776 9.2728e+02     6.9706      0.169      0.245    11.2307   999.6011 0.0000e+00
      0.173      0.008     6.6624     82.358     41.308  29.952692     1.8195      8.160   217.6877 1.0921e+03     7.0497      0.170      0.246    11.2431   999.5999 0.0000e+00
      0.174      0.004     6.5399     81.767     41.318  29.952507     1.8369      8.151   217.7980 1.2571e+03     7.0944      0.171      0.248    11.2573   999.5985 0.0000e+00
      0.174      0.001     6.4451     81.381     41.324  29.951450     1.8253      8.143   218.0649 9.7281e+02     7.1179      0.171      0.248    11.2627   999.5979 0.0000e+00
      0.175      0.001     6.3700     81.166     41.309  29.939913     1.8098      8.133   218.4197 7.2931e+02     7.1698      0.172      0.249    11.2600   999.5981 0.0000e+00
      0.176      0.000     6.3131     81.010     41.305  29.939922     1.7879      8.124   218.7321 7.4855e+02     7.1644      0.174      0.252    11.2535   999.5988 0.0000e+00
      0.175      0.000     6.2672     80.858     41.317  29.951564     1.7688      8.116   218.9173 6.2401e+02     7.1186      0.173      0.250    11.2425   999.6000 0.0000e+00
      0.174      0.000     6.2395     80.724     41.318  29.953765     1.7606      8.108   219.1093 4.8483e+02     7.1409      0.171      0.248    11.2342   999.6009 0.0000e+00
      0.174      0.001     6.2273     80.598     41.335  29.966541     1.7489      8.101   219.4187 4.8117e+02     7.1062      0.171      0.248    11.2356   999.6007 0.0000e+00
      0.174      0.003     6.2164     80.470     41.352  29.979127     1.7224      8.093   219.8192 4.7838e+02     6.9602      0.170      0.247    11.2405   999.6002 0.0000e+00
      0.175      0.006     6.2022     80.361     41.352  29.979033     1.7012      8.087   221.1118 4.7504e+02     6.8835      0.171      0.248    11.2433   999.5999 0.0000e+00
      0.177      0.007     6.1928     80.298     41.335  29.965398     1.7005      8.079   222.7439 5.8365e+02     6.9003      0.174      0.251    11.2455   999.5997 0.0000e+00
      0.181      0.006     6.1836     80.267     41.308  29.941179     1.6796      8.069   222.6031 6.9392e+02     6.9004      0.177      0.257    11.2462   999.5996 0.0000e+00
      0.184      0.003     6.1725     80.215     41.318  29.940017     1.6296      8.060   221.4756 7.2727e+02     6.8853      0.180      0.261    11.2459   999.5997 0.0000e+00
      0.186     -0.002     6.1640     80.140     41.340  29.951337     1.5993      8.053   221.0698 7.7526e+02     6.9146      0.183      0.266    11.2456   999.5997 0.0000e+00
      0.186     -0.006     6.1583     80.042     41.344  29.951137     1.5912      8.046   221.2239 8.0183e+02     6.9595      0.185      0.269    11.2465   999.5996 0.0000e+00
      0.181     -0.010     6.1600     79.886     41.331  29.937597     1.6001      8.038   222.2207 8.0128e+02     7.0349      0.179      0.260    11.2408   999.6002 0.0000e+00
      0.174     -0.011     6.1571     79.691     41.305  29.914522     1.6288      8.031   223.3138 7.7270e+02     7.1382      0.169      0.246    11.2263   999.6017 0.0000e+00
      0.170     -0.010     6.1514     79.483     41.319  29.925955     1.6440      8.023   222.9982 7.3436e+02     7.1602      0.166      0.241    11.2209   999.6022 0.0000e+00
      0.168     -0.008     6.1464     79.242     41.344  29.948925     1.6360      8.014   222.4478 8.4735e+02     7.1364      0.166      0.241    11.2221   999.6021 0.0000e+00
      0.168     -0.003     6.1341     78.956     41.326  29.938437     1.6278      8.006   222.5098 9.2789e+02     7.1444      0.164      0.237    11.2142   999.6030 0.0000e+00
      0.168      0.001     6.1188     78.645     41.311  29.926059     1.6486      7.998   222.8008 9.2016e+02     7.2254      0.163      0.236    11.2058   999.6037 0.0000e+00
      0.170      0.002     6.1036     78.331     41.316  29.926173     1.6879      7.992   223.1271 1.0187e+03     7.3288      0.166      0.241    11.2103   999.6033 0.0000e+00
      0.172      0.002     6.0846     78.031     41.340  29.939800     1.7047      7.986   223.1861 1.0525e+03     7.3465      0.169      0.245    11.2184   999.6025 0.0000e+00
      0.174      0.001     6.0610     77.734     41.373  29.963913     1.7044      7.979   223.2561 1.0046e+03     7.3415      0.171      0.248    11.2210   999.6022 0.0000e+00
      0.174      0.000     6.0374     77.429     41.368  29.963911     1.7359      7.971   223.4563 9.4042e+02     7.3659      0.171      0.249    11.2194   999.6023 0.0000e+00
      0.172     -0.001     6.0129     77.159     41.331  29.939778     1.7918      7.963   223.6279 7.9406e+02     7.3790      0.169      0.245    11.2132   999.6030 0.0000e+00
      0.169     -0.001     5.9914     76.946     41.314  29.925945     1.8159      7.954   223.8686 7.0381e+02     7.3690      0.164      0.238    11.2075   999.6036 0.0000e+00
      0.168     -0.000     5.9697     76.775     41.318  29.923563     1.8194      7.946   225.0751 6.8774e+02     7.3438      0.163      0.237    11.2078   999.6035 0.0000e+00
      0.170      0.001     5.9433     76.633     41.307  29.910968     1.8247      7.936   226.6011 7.2605e+02     7.3365      0.166      0.241    11.2142   999.6029 0.0000e+00
      0.172      0.001     5.9209     76.514     41.292  29.900566     1.8279      7.926   226.5744 8.3347e+02     7.3786      0.169      0.246    11.2189   999.6024 0.0000e+00
      0.173      0.001     5.9063     76.412     41.318  29.924696     1.8331      7.917   226.0428 8.2891e+02     7.4269      0.171      0.248    11.2172   999.6026 0.0000e+00
      0.173      0.000     5.8940     76.321     41.344  29.948913     1.8438      7.908   226.1095 7.3192e+02     7.4293      0.170      0.247    11.2091   999.6034 0.0000e+00
      0.172     -0.001     5.8849     76.237     41.327  29.939569     1.9227      7.899   227.0372 7.0293e+02     7.4727      0.168      0.244    11.1998   999.6044 0.0000e+00
      0.171     -0.001     5.8753     76.119     41.325  29.938632     2.0674      7.891   228.1398 7.5439e+02     7.5915      0.167      0.243    11.2008   999.6043 0.0000e+00
      0.170     -0.001     5.8672     75.961     41.324  29.937580     2.1459      7.882   227.7398 7.2752e+02     7.6535      0.167      0.242    11.2096   999.6034 0.0000e+00
      0.170      0.001     5.8580     75.818     41.309  29.926838     2.1514      7.873   226.9327 5.6062e+02     7.6317      0.166      0.240    11.2168   999.6026 0.0000e+00
      0.170      0.004     5.8529     75.673     41.319  29.935662     2.1789      7.864   226.8134 4.5189e+02     7.6554      0.167      0.241    11.2210   999.6022 0.0000e+00
      0.170      0.008     5.8455     75.501     41.294  29.917368     2.2354      7.854   226.9856 4.6267e+02     7.7761      0.167      0.243    11.2222   999.6020 0.0000e+00
      0.171      0.012     5.8285     75.283     41.188  29.832558     2.2700      7.844   227.8091 5.0017e+02     7.8471      0.167      0.242    11.2195   999.6024 0.0000e+00
      0.175      0.013     5.8213     75.059     41.079  29.735113     2.2773      7.834   228.6827 4.6195e+02     7.8248      0.170      0.246    11.2189   999.6024 0.0000e+00
