Data/DataNotYetUploadedToEDI/Raw_CTD/RawDownloads/110819_fcr20.cnv
* Sea-Bird SBE19plus  Data File:
* FileName = C:\DATA\110819_fcr50_0003.hex
* Software version 2.8.0.119 SB_Terminal.dll
* Temperature SN = 7809
* Conductivity SN = 7809
* System UpLoad Time = Nov 11 2019 10:23:37
* <ApplicationData>
* <Seaterm232>
# nquan = 16
# nvalues = 289                         
# units = specified
# name 0 = depFM: Depth [fresh water, m]
# name 1 = dz/dtM: Descent Rate [m/s]
# name 2 = sbeox0ML/L: Oxygen, SBE 43 [ml/l]
# name 3 = sbeox0PS: Oxygen, SBE 43 [% saturation]
# name 4 = specc: Specific Conductance [uS/cm]
# name 5 = c0uS/cm: Conductivity [uS/cm]
# name 6 = flECO-AFL: Fluorescence, WET Labs ECO-AFL/FL [mg/m^3]
# name 7 = ph: pH
# name 8 = orp: Oxidation Reduction Potential [mV]
# name 9 = par/sat/log: PAR/Logarithmic, Satlantic
# name 10 = turbWETntu0: Turbidity, WET Labs ECO [NTU]
# name 11 = prdM: Pressure, Strain Gauge [db]
# name 12 = prdE: Pressure, Strain Gauge [psi]
# name 13 = tv290C: Temperature [ITS-90, deg C]
# name 14 = density00: Density [density, kg/m^3]
# name 15 = flag:  0.000e+00
# span 0 =     -0.531,      3.751       
# span 1 =     -0.019,      0.156       
# span 2 =     2.9364,     8.7053       
# span 3 =     43.138,    101.858       
# span 4 =      5.125,    215.199       
# span 5 =   3.108360, 157.135078       
# span 6 =    -0.5229,     3.4738       
# span 7 =      6.610,      8.720       
# span 8 =   136.5846,   255.2780       
# span 9 = 2.0022e+00, 2.0581e+03       
# span 10 =    -0.3321,     8.2647      
# span 11 =     -0.521,      3.679      
# span 12 =     -0.756,      5.337      
# span 13 =     4.4827,    11.5188      
# span 14 =   999.5817,   999.9719      
# span 15 = 0.0000e+00, 0.0000e+00      
# interval = seconds: 0.25
# start_time = Nov 08 2019 13:55:28 [Instrument's time stamp, header]
# bad_flag = -9.990e-29
*END*
[from data line 181]
      1.987      0.085     6.4882     84.414     41.666  30.283322     2.8784      7.254   247.2026 2.9663e+01     7.7895      1.946      2.823    11.3469   999.5975 0.0000e+00
      2.006      0.085     6.4802     84.347     41.648  30.265497     2.8659      7.254   247.2022 2.8583e+01     7.8254      1.961      2.845    11.3456   999.5977 0.0000e+00
      2.036      0.086     6.4737     84.327     41.615  30.236745     2.8326      7.253   247.2597 2.7107e+01     7.7349      1.994      2.893    11.3455   999.5979 0.0000e+00
      2.067      0.087     6.4694     84.287     41.641  30.252949     2.7801      7.251   247.3806 2.5985e+01     7.4810      2.031      2.947    11.3440   999.5982 0.0000e+00
      2.092      0.084     6.4615     84.203     41.669  30.271052     2.7589      7.250   247.5456 2.5304e+01     7.3455      2.054      2.980    11.3382   999.5989 0.0000e+00
      2.110      0.078     6.4554     84.109     41.663  30.265271     2.7587      7.249   247.7066 2.4745e+01     7.3743      2.070      3.002    11.3313   999.5997 0.0000e+00
      2.125      0.069     6.4586     83.999     41.638  30.246500     2.8126      7.248   247.7780 2.4173e+01     7.4682      2.082      3.020    11.3264   999.6003 0.0000e+00
      2.140      0.061     6.4565     83.864     41.623  30.234452     2.9336      7.248   247.7210 2.3566e+01     7.5635      2.098      3.042    11.3224   999.6009 0.0000e+00
      2.155      0.056     6.4480     83.718     41.640  30.246510     2.9994      7.247   247.7049 2.2994e+01     7.5764      2.114      3.066    11.3202   999.6012 0.0000e+00
      2.169      0.053     6.4422     83.569     41.666  30.265384     2.9929      7.245   247.8414 2.2412e+01     7.5585      2.126      3.084    11.3190   999.6014 0.0000e+00
      2.184      0.053     6.4346     83.449     41.674  30.272287     2.9848      7.243   247.9096 2.1932e+01     7.5761      2.142      3.107    11.3179   999.6015 0.0000e+00
      2.195      0.053     6.4229     83.389     41.665  30.266517     2.9869      7.242   247.9267 2.1632e+01     7.5927      2.154      3.125    11.3167   999.6017 0.0000e+00
      2.204      0.054     6.4128     83.376     41.654  30.259084     2.9848      7.240   248.0486 2.1234e+01     7.5957      2.160      3.131    11.3155   999.6019 0.0000e+00
      2.218      0.058     6.3998     83.390     41.636  30.245864     2.9763      7.238   248.1790 2.0654e+01     7.6120      2.174      3.151    11.3163   999.6019 0.0000e+00
      2.236      0.063     6.3892     83.413     41.620  30.233589     2.9886      7.238   248.2978 2.0094e+01     7.6257      2.195      3.183    11.3180   999.6018 0.0000e+00
      2.253      0.070     6.3853     83.440     41.626  30.237570     2.9954      7.237   248.5384 1.9608e+01     7.6629      2.210      3.206    11.3190   999.6018 0.0000e+00
      2.269      0.080     6.3846     83.470     41.617  30.230544     2.9621      7.235   248.8517 1.9051e+01     7.7673      2.224      3.226    11.3193   999.6018 0.0000e+00
      2.289      0.091     6.3866     83.503     41.592  30.212085     2.9331      7.231   249.1612 1.8407e+01     7.8383      2.244      3.255    11.3190   999.6019 0.0000e+00
      2.313      0.101     6.3881     83.523     41.583  30.204751     2.9222      7.226   249.5275 1.7716e+01     7.8011      2.267      3.288    11.3187   999.6020 0.0000e+00
      2.341      0.111     6.3907     83.515     41.584  30.205328     2.8909      7.221   249.8385 1.6886e+01     7.7441      2.293      3.325    11.3180   999.6023 0.0000e+00
      2.373      0.120     6.3926     83.490     41.603  30.219058     2.8408      7.218   249.9965 1.5911e+01     7.7396      2.325      3.372    11.3171   999.6025 0.0000e+00
      2.408      0.127     6.3961     83.464     41.638  30.243852     2.8106      7.216   250.0614 1.5009e+01     7.7786      2.363      3.427    11.3164   999.6028 0.0000e+00
      2.443      0.128     6.3982     83.444     41.649  30.251290     2.8125      7.213   250.0206 1.4280e+01     7.7900      2.397      3.476    11.3158   999.6030 0.0000e+00
      2.475      0.123     6.3971     83.439     41.641  30.245532     2.9060      7.212   249.9328 1.3575e+01     7.8777      2.427      3.518    11.3157   999.6031 0.0000e+00
      2.508      0.111     6.3945     83.456     41.631  30.237685     3.0745      7.213   249.9463 1.2851e+01     8.1176      2.459      3.567    11.3156   999.6033 0.0000e+00
      2.543      0.095     6.3929     83.481     41.607  30.219870     3.1684      7.213   250.0120 1.2258e+01     8.2647      2.495      3.620    11.3146   999.6036 0.0000e+00
      2.568      0.080     6.3910     83.497     41.608  30.220495     3.1909      7.213   250.0391 1.1952e+01     8.2477      2.523      3.660    11.3140   999.6038 0.0000e+00
      2.581      0.070     6.3901     83.502     41.641  30.245243     3.2772      7.214   250.1875 1.1861e+01     8.1742      2.534      3.675    11.3141   999.6038 0.0000e+00
      2.586      0.066     6.3925     83.516     41.668  30.265271     3.4146      7.215   250.5155 1.1765e+01     8.0967      2.535      3.677    11.3136   999.6039 0.0000e+00
      2.594      0.068     6.3942     83.524     41.678  30.272287     3.4738      7.214   250.7357 1.1528e+01     8.0652      2.540      3.684    11.3133   999.6039 0.0000e+00
      2.611      0.075     6.3967     83.501     41.669  30.266622     3.4733      7.211   250.8709 1.1114e+01     8.0555      2.557      3.708    11.3133   999.6040 0.0000e+00
      2.636      0.084     6.3950     83.460     41.660  30.260231     3.4594      7.210   251.0315 1.0604e+01     8.0115      2.584      3.748    11.3135   999.6041 0.0000e+00
      2.666      0.089     6.3969     83.414     41.657  30.258463     3.2798      7.210   251.0433 1.0113e+01     7.8275      2.615      3.792    11.3140   999.6042 0.0000e+00
      2.695      0.088     6.3990     83.365     41.639  30.245253     2.9489      7.209   251.1001 9.6982e+00     7.5355      2.645      3.835    11.3144   999.6043 0.0000e+00
      2.720      0.083     6.3956     83.317     41.614  30.227418     2.7626      7.207   251.2869 9.4015e+00     7.3984      2.671      3.873    11.3149   999.6044 0.0000e+00
      2.737      0.078     6.3930     83.315     41.622  30.233185     2.7433      7.207   251.4092 9.2145e+00     7.4146      2.686      3.896    11.3158   999.6043 0.0000e+00
      2.750      0.076     6.3880     83.298     41.648  30.251530     2.7413      7.205   251.4603 9.0548e+00     7.4040      2.697      3.912    11.3163   999.6043 0.0000e+00
      2.764      0.078     6.3867     83.191     41.658  30.258854     2.7384      7.201   251.4745 8.8311e+00     7.4014      2.709      3.929    11.3161   999.6044 0.0000e+00
      2.781      0.081     6.3785     83.108     41.658  30.258287     2.7429      7.200   251.4954 8.5010e+00     7.4156      2.724      3.951    11.3161   999.6045 0.0000e+00
      2.806      0.085     6.3806     83.128     41.640  30.244671     2.7534      7.200   251.6260 8.1071e+00     7.3785      2.750      3.989    11.3162   999.6046 0.0000e+00
      2.836      0.086     6.3857     83.193     41.608  30.221124     2.7439      7.199   251.8496 7.7409e+00     7.3130      2.782      4.035    11.3156   999.6048 0.0000e+00
      2.863      0.084     6.3699     83.265     41.617  30.227407     2.7141      7.197   252.0487 7.4730e+00     7.2140      2.810      4.075    11.3151   999.6050 0.0000e+00
      2.883      0.079     6.3614     83.318     41.658  30.257186     2.6964      7.195   252.3126 7.2983e+00     7.1327      2.830      4.105    11.3147   999.6051 0.0000e+00
      2.898      0.075     6.3670     83.371     41.667  30.263900     2.6947      7.193   252.5446 7.1582e+00     7.1483      2.843      4.124    11.3143   999.6053 0.0000e+00
      2.911      0.074     6.3717     83.470     41.642  30.245130     2.7032      7.192   252.6162 6.9958e+00     7.1743      2.853      4.139    11.3139   999.6053 0.0000e+00
      2.927      0.077     6.3784     83.543     41.608  30.220600     2.7206      7.189   252.6632 6.7712e+00     7.1522      2.868      4.160    11.3136   999.6054 0.0000e+00
      2.948      0.082     6.3834     83.511     41.610  30.221130     2.7406      7.188   252.6822 6.5237e+00     7.1431      2.889      4.191    11.3133   999.6056 0.0000e+00
      2.972      0.090     6.3823     83.401     41.653  30.251541     2.7538      7.188   252.6746 6.3032e+00     7.1293      2.915      4.228    11.3128   999.6058 0.0000e+00
      2.997      0.095     6.3952     83.306     41.680  30.271031     2.7504      7.187   252.7427 6.0754e+00     7.0181      2.938      4.262    11.3128   999.6059 0.0000e+00
      3.022      0.095     6.4023     83.265     41.674  30.266407     2.7426      7.187   252.8168 5.8472e+00     6.8803      2.963      4.298    11.3127   999.6060 0.0000e+00
      3.049      0.090     6.3999     83.247     41.664  30.259078     2.7457      7.187   252.7961 5.6485e+00     6.8396      2.989      4.336    11.3123   999.6061 0.0000e+00
      3.076      0.081     6.3876     83.237     41.647  30.245878     2.7535      7.187   252.8369 5.4612e+00     6.8541      3.017      4.376    11.3116   999.6064 0.0000e+00
      3.099      0.072     6.3788     83.222     41.630  30.233718     2.7508      7.188   252.9659 5.3166e+00     6.8591      3.043      4.414    11.3110   999.6066 0.0000e+00
      3.114      0.064     6.3785     83.237     41.637  30.238958     2.7303      7.188   253.0658 5.2456e+00     6.9005      3.057      4.433    11.3109   999.6066 0.0000e+00
      3.122      0.056     6.3757     83.292     41.647  30.245775     2.7058      7.188   253.0982 5.1852e+00     7.0261      3.061      4.440    11.3103   999.6067 0.0000e+00
      3.131      0.048     6.3774     83.325     41.656  30.252687     2.6964      7.188   253.0997 5.0664e+00     7.1322      3.068      4.450    11.3099   999.6068 0.0000e+00
      3.146      0.043     6.3742     83.315     41.665  30.259074     2.6953      7.187   253.2557 4.9284e+00     7.1671      3.084      4.474    11.3095   999.6069 0.0000e+00
      3.161      0.043     6.3740     83.314     41.667  30.259545     2.7181      7.185   253.4357 4.8344e+00     7.2508      3.102      4.500    11.3093   999.6070 0.0000e+00
      3.170      0.048     6.3818     83.304     41.666  30.258392     2.7723      7.183   253.4694 4.7904e+00     7.3581      3.112      4.513    11.3094   999.6070 0.0000e+00
      3.175      0.053     6.3848     83.213     41.648  30.245135     2.8041      7.181   253.4909 4.7316e+00     7.3840      3.113      4.514    11.3092   999.6071 0.0000e+00
      3.186      0.054     6.3817     83.123     41.621  30.226161     2.8078      7.181   253.5238 4.5758e+00     7.3667      3.119      4.524    11.3091   999.6071 0.0000e+00
      3.206      0.055     6.3812     83.105     41.611  30.219343     2.7996      7.180   253.6093 4.3835e+00     7.2471      3.143      4.558    11.3083   999.6073 0.0000e+00
      3.228      0.056     6.3863     83.097     41.621  30.226151     2.7741      7.180   253.8360 4.2534e+00     7.0193      3.169      4.595    11.3072   999.6076 0.0000e+00
      3.244      0.058     6.3749     83.112     41.647  30.245025     2.7517      7.179   254.1996 4.1895e+00     6.9071      3.184      4.618    11.3077   999.6076 0.0000e+00
      3.253      0.058     6.3624     83.107     41.665  30.257185     2.7454      7.177   254.5639 4.1494e+00     6.9385      3.190      4.627    11.3087   999.6075 0.0000e+00
      3.262      0.057     6.3694     83.082     41.650  30.246264     2.7589      7.173   254.7136 4.0726e+00     7.0065      3.196      4.636    11.3089   999.6075 0.0000e+00
      3.276      0.056     6.3627     83.105     41.641  30.239880     2.7845      7.171   254.7186 3.9610e+00     7.1058      3.211      4.658    11.3086   999.6077 0.0000e+00
      3.294      0.055     6.3680     83.143     41.646  30.243455     2.8031      7.168   254.7971 3.8435e+00     7.1564      3.230      4.685    11.3082   999.6078 0.0000e+00
      3.312      0.050     6.3690     83.185     41.623  30.226036     2.8115      7.165   254.8880 3.7304e+00     7.1264      3.248      4.710    11.3079   999.6078 0.0000e+00
      3.329      0.043     6.3602     83.208     41.615  30.219635     2.8596      7.165   254.9578 3.6517e+00     7.0709      3.267      4.738    11.3077   999.6080 0.0000e+00
      3.341      0.034     6.3683     83.203     41.630  30.229507     2.9510      7.165   255.0381 3.6189e+00     6.9771      3.280      4.757    11.3075   999.6080 0.0000e+00
      3.345      0.028     6.3681     83.214     41.615  30.218490     2.9980      7.164   255.0843 3.6280e+00     6.9097      3.282      4.761    11.3072   999.6081 0.0000e+00
      3.343      0.026     6.3733     83.204     41.609  30.213337     2.9938      7.163   255.1733 3.6570e+00     6.9116      3.278      4.754    11.3067   999.6081 0.0000e+00
      3.343      0.030     6.3767     83.160     41.633  30.230660     2.9432      7.163   255.2532 3.6504e+00     6.9342      3.275      4.750    11.3059   999.6082 0.0000e+00
      3.351      0.038     6.3719     83.134     41.643  30.237573     2.8552      7.163   255.2761 3.5827e+00     6.9536      3.283      4.763    11.3048   999.6083 0.0000e+00
      3.365      0.051     6.3767     83.126     41.637  30.233470     2.8053      7.162   255.2780 3.4908e+00     6.9169      3.300      4.787    11.3040   999.6085 0.0000e+00
      3.382      0.067     6.3761     83.093     41.652  30.244495     2.7988      7.161   255.1902 3.3898e+00     6.8518      3.317      4.811    11.3034   999.6086 0.0000e+00
      3.401      0.083     6.3703     83.062     41.650  30.243975     2.8031      7.159   255.0742 3.2798e+00     6.8863      3.334      4.837    11.3029   999.6088 0.0000e+00
      3.421      0.096     6.3683     83.070     41.626  30.227181     2.8226      7.157   255.0805 3.1808e+00     7.0721      3.353      4.864    11.3026   999.6089 0.0000e+00
      3.446      0.104     6.3702     83.106     41.631  30.231806     2.8522      7.157   255.0943 3.0541e+00     7.2965      3.376      4.897    11.3029   999.6090 0.0000e+00
      3.479      0.106     6.3665     83.198     41.638  30.236439     2.8665      7.157   254.8966 2.8830e+00     7.3710      3.411      4.947    11.3033   999.6091 0.0000e+00
      3.516      0.104     6.3611     83.313     41.615  30.219745     2.8735      7.158   254.6695 2.7251e+00     7.3166      3.449      5.003    11.3045   999.6092 0.0000e+00
      3.547      0.099     6.3650     83.393     41.615  30.220323     2.9195      7.160   254.5858 2.6208e+00     7.2291      3.483      5.051    11.3061   999.6091 0.0000e+00
      3.568      0.090     6.3640     83.478     41.646  30.243433     2.9986      7.160   254.4864 2.5586e+00     7.1318      3.502      5.079    11.3066   999.6092 0.0000e+00
      3.583      0.078     6.3723     83.544     41.649  30.245348     3.0412      7.160   254.3280 2.4940e+00     7.0912      3.511      5.093    11.3064   999.6093 0.0000e+00
      3.601      0.070     6.3860     83.542     41.647  30.243471     3.0356      7.160   254.1329 2.4255e+00     7.0977      3.530      5.120    11.3065   999.6093 0.0000e+00
      3.619      0.066     6.3861     83.432     41.702  30.284201     2.9828      7.160   253.8483 2.3712e+00     7.1125      3.552      5.152    11.3066   999.6094 0.0000e+00
      3.633      0.066     6.3967     83.280     41.802  30.357071     2.9058      7.159   253.5546 2.3182e+00     7.1066      3.564      5.169    11.3067   999.6095 0.0000e+00
      3.647      0.063     6.4012     83.183     41.896  30.426523     2.8764      7.158   253.3356 2.2565e+00     7.0593      3.574      5.183    11.3070   999.6095 0.0000e+00
      3.665      0.057     6.4036     83.087     42.156  30.616300     2.8700      7.158   253.0927 2.1894e+00     7.0314      3.593      5.211    11.3070   999.6096 0.0000e+00
