Data/DataNotYetUploadedToEDI/Raw_CTD/RawDownloads/110819_fcr20.cnv
* Sea-Bird SBE19plus  Data File:
* FileName = C:\DATA\110819_fcr50_0003.hex
* Software version 2.8.0.119 SB_Terminal.dll
* Temperature SN = 7809
* Conductivity SN = 7809
* System UpLoad Time = Nov 11 2019 10:23:37
* <ApplicationData>
* <Seaterm232>
# nquan = 16
# nvalues = 289                         
# units = specified
# name 0 = depFM: Depth [fresh water, m]
# name 1 = dz/dtM: Descent Rate [m/s]
# name 2 = sbeox0ML/L: Oxygen, SBE 43 [ml/l]
# name 3 = sbeox0PS: Oxygen, SBE 43 [% saturation]
# name 4 = specc: Specific Conductance [uS/cm]
# name 5 = c0uS/cm: Conductivity [uS/cm]
# name 6 = flECO-AFL: Fluorescence, WET Labs ECO-AFL/FL [mg/m^3]
# name 7 = ph: pH
# name 8 = orp: Oxidation Reduction Potential [mV]
# name 9 = par/sat/log: PAR/Logarithmic, Satlantic
# name 10 = turbWETntu0: Turbidity, WET Labs ECO [NTU]
# name 11 = prdM: Pressure, Strain Gauge [db]
# name 12 = prdE: Pressure, Strain Gauge [psi]
# name 13 = tv290C: Temperature [ITS-90, deg C]
# name 14 = density00: Density [density, kg/m^3]
# name 15 = flag:  0.000e+00
# span 0 =     -0.531,      3.751       
# span 1 =     -0.019,      0.156       
# span 2 =     2.9364,     8.7053       
# span 3 =     43.138,    101.858       
# span 4 =      5.125,    215.199       
# span 5 =   3.108360, 157.135078       
# span 6 =    -0.5229,     3.4738       
# span 7 =      6.610,      8.720       
# span 8 =   136.5846,   255.2780       
# span 9 = 2.0022e+00, 2.0581e+03       
# span 10 =    -0.3321,     8.2647      
# span 11 =     -0.521,      3.679      
# span 12 =     -0.756,      5.337      
# span 13 =     4.4827,    11.5188      
# span 14 =   999.5817,   999.9719      
# span 15 = 0.0000e+00, 0.0000e+00      
# interval = seconds: 0.25
# start_time = Nov 08 2019 13:55:28 [Instrument's time stamp, header]
# bad_flag = -9.990e-29
*END*
[from data line 91]
      0.189      0.010     5.7968     74.737     41.054  29.679395     2.2683      7.819   227.9263 4.5326e+02     7.6998      0.188      0.272    11.2250   999.6019 0.0000e+00
      0.192      0.006     5.7800     74.549     41.036  29.658725     2.2910      7.814   227.9370 4.7751e+02     7.5088      0.190      0.276    11.2189   999.6024 0.0000e+00
      0.191      0.001     5.7615     74.328     41.004  29.631394     2.3115      7.809   228.0426 4.7786e+02     7.3938      0.188      0.273    11.1921   999.6051 0.0000e+00
      0.188     -0.002     5.7580     74.088     40.969  29.602745     2.3166      7.803   228.1702 4.5605e+02     7.3898      0.185      0.267    11.1577   999.6087 0.0000e+00
      0.185     -0.002     5.7482     73.827     40.924  29.566139     2.3441      7.796   228.6197 3.8466e+02     7.4617      0.182      0.264    11.1404   999.6105 0.0000e+00
      0.184      0.000     5.7350     73.532     40.845  29.506057     2.3930      7.786   229.0042 3.2081e+02     7.5743      0.180      0.260    11.1347   999.6111 0.0000e+00
      0.184      0.002     5.7177     73.217     40.763  29.447362     2.4222      7.779   228.7751 3.0610e+02     7.6371      0.179      0.259    11.1307   999.6115 0.0000e+00
      0.187      0.003     5.6998     72.919     40.732  29.427545     2.4284      7.774   228.5171 3.1173e+02     7.6313      0.183      0.265    11.1257   999.6120 0.0000e+00
      0.192      0.004     5.6813     72.640     40.772  29.456806     2.3979      7.769   228.4652 3.9377e+02     7.5694      0.190      0.276    11.1201   999.6125 0.0000e+00
      0.193      0.008     5.6589     72.341     40.904  29.547341     2.3400      7.763   228.5777 4.9079e+02     7.4783      0.191      0.278    11.1150   999.6131 0.0000e+00
      0.190      0.016     5.6332     72.027     41.030  29.633863     2.3180      7.754   229.0173 4.3227e+02     7.4149      0.186      0.269    11.1156   999.6130 0.0000e+00
      0.188      0.027     5.6087     71.728     41.009  29.614592     2.3313      7.744   229.5644 3.3324e+02     7.3600      0.183      0.265    11.1233   999.6121 0.0000e+00
      0.193      0.038     5.5896     71.441     40.859  29.504687     2.4059      7.733   230.0301 3.0860e+02     7.3061      0.186      0.269    11.1240   999.6121 0.0000e+00
      0.208      0.050     5.5673     71.182     40.687  29.383706     2.5437      7.722   230.3458 3.1791e+02     7.2878      0.201      0.291    11.1150   999.6132 0.0000e+00
      0.231      0.060     5.5420     70.972     40.556  29.293967     2.6282      7.710   230.5424 3.3573e+02     7.3357      0.227      0.329    11.1085   999.6141 0.0000e+00
      0.253      0.065     5.5210     70.802     40.485  29.244544     2.6382      7.697   230.7729 3.3932e+02     7.3937      0.250      0.362    11.1042   999.6146 0.0000e+00
      0.270      0.065     5.4984     70.663     40.472  29.230309     2.6290      7.686   230.9819 3.4606e+02     7.3984      0.265      0.384    11.1000   999.6149 0.0000e+00
      0.284      0.063     5.4765     70.517     40.515  29.248740     2.6558      7.676   231.0900 3.8386e+02     7.4249      0.279      0.404    11.1053   999.6144 0.0000e+00
      0.298      0.061     5.4610     70.341     40.576  29.277025     2.7368      7.666   231.3052 4.4196e+02     7.5174      0.293      0.424    11.1130   999.6137 0.0000e+00
      0.310      0.061     5.4461     70.146     40.564  29.255026     2.7938      7.656   231.6052 4.6491e+02     7.5996      0.304      0.441    11.1179   999.6132 0.0000e+00
      0.324      0.061     5.4378     69.913     40.466  29.173087     2.7983      7.646   231.7921 4.4672e+02     7.6001      0.317      0.460    11.1143   999.6136 0.0000e+00
      0.341      0.058     5.4304     69.631     40.415  29.111171     2.7566      7.638   231.9297 4.4158e+02     7.4251      0.334      0.483    11.0948   999.6157 0.0000e+00
      0.361      0.053     5.4172     69.311     40.537  29.140899     2.6796      7.632   232.2372 4.5158e+02     7.1223      0.353      0.511    11.0734   999.6180 0.0000e+00
      0.381      0.051     5.4067     68.987     40.830  29.278655     2.6308      7.625   232.8429 4.3295e+02     6.9533      0.378      0.548    11.0554   999.6199 0.0000e+00
      0.391      0.055     5.3893     68.683     41.122  29.444196     2.6179      7.615   233.5739 3.8218e+02     6.9552      0.388      0.563    11.0465   999.6209 0.0000e+00
      0.391      0.061     5.3696     68.403     41.464  29.682990     2.5750      7.604   234.1924 3.3658e+02     7.0797      0.380      0.552    11.0330   999.6222 0.0000e+00
      0.396      0.068     5.3535     68.205     41.962  30.071928     2.4933      7.594   234.6430 3.2305e+02     7.2460      0.380      0.553    10.9527   999.6303 0.0000e+00
      0.420      0.075     5.3421     68.213     42.211  30.339600     2.4455      7.584   234.9779 3.1875e+02     7.3274      0.407      0.590    10.8315   999.6427 0.0000e+00
      0.455      0.084     5.3263     68.581     42.090  30.381321     2.4475      7.576   235.3159 3.0651e+02     7.3761      0.450      0.653    10.7811   999.6479 0.0000e+00
      0.484      0.092     5.3020     69.401     41.939  30.386151     2.4833      7.569   235.6327 2.9872e+02     7.3100      0.481      0.698    10.7821   999.6480 0.0000e+00
      0.503      0.093     5.2825     70.790     41.851  30.398119     2.5402      7.561   235.8831 2.7755e+02     7.1506      0.491      0.714    10.7980   999.6468 0.0000e+00
      0.523      0.089     5.2622     72.795     41.789  30.399203     2.5727      7.552   236.1918 2.5416e+02     7.1203      0.509      0.738    10.9136   999.6355 0.0000e+00
      0.546      0.086     5.2679     75.268     41.752  30.399300     2.5809      7.544   236.5272 2.4793e+02     7.1730      0.538      0.780    11.1008   999.6166 0.0000e+00
      0.567      0.088     5.3095     78.000     41.731  30.399316     2.6139      7.536   236.8405 2.4280e+02     7.2309      0.557      0.808    11.2418   999.6021 0.0000e+00
      0.586      0.095     5.4019     80.750     41.718  30.399419     2.6764      7.526   237.1402 2.3707e+02     7.2957      0.572      0.829    11.3259   999.5933 0.0000e+00
      0.608      0.101     5.5560     83.286     41.712  30.400554     2.7213      7.517   237.3976 2.3517e+02     7.3011      0.595      0.862    11.3773   999.5880 0.0000e+00
      0.636      0.106     5.7454     85.452     41.726  30.413034     2.7407      7.509   237.6305 2.2916e+02     7.2965      0.624      0.903    11.4060   999.5850 0.0000e+00
      0.668      0.112     5.9590     87.129     41.739  30.423419     2.7806      7.502   237.8915 2.1643e+02     7.4032      0.655      0.951    11.4226   999.5834 0.0000e+00
      0.701      0.117     6.1748     88.240     41.706  30.399201     2.8394      7.493   238.3151 2.1110e+02     7.5423      0.689      0.999    11.4324   999.5825 0.0000e+00
      0.730      0.119     6.3706     88.829     41.672  30.374038     2.8616      7.485   238.7085 2.1464e+02     7.5697      0.718      1.040    11.4390   999.5819 0.0000e+00
      0.757      0.116     6.5391     89.031     41.672  30.372989     2.8588      7.477   238.8620 2.0936e+02     7.5709      0.741      1.074    11.4419   999.5817 0.0000e+00
      0.787      0.109     6.6700     88.976     41.694  30.386520     2.8668      7.470   239.0532 1.9337e+02     7.6217      0.770      1.117    11.4417   999.5819 0.0000e+00
      0.821      0.101     6.7535     88.771     41.731  30.410720     2.8971      7.465   239.2999 1.8037e+02     7.6272      0.808      1.171    11.4419   999.5821 0.0000e+00
      0.850      0.094     6.7937     88.513     41.737  30.411767     2.9481      7.459   239.4350 1.7250e+02     7.5723      0.836      1.214    11.4423   999.5821 0.0000e+00
      0.870      0.089     6.8062     88.229     41.725  30.399182     2.9802      7.454   239.6548 1.6379e+02     7.5478      0.854      1.240    11.4401   999.5825 0.0000e+00
      0.885      0.088     6.8004     87.929     41.706  30.385452     2.9993      7.447   239.9774 1.6007e+02     7.5601      0.866      1.258    11.4374   999.5828 0.0000e+00
      0.900      0.089     6.7810     87.653     41.686  30.372666     3.0656      7.440   240.1529 1.5776e+02     7.6236      0.880      1.278    11.4352   999.5832 0.0000e+00
      0.921      0.089     6.7623     87.410     41.682  30.371504     3.1667      7.434   240.1425 1.4909e+02     7.7253      0.900      1.306    11.4301   999.5838 0.0000e+00
      0.951      0.089     6.7419     87.187     41.686  30.371407     3.2245      7.430   240.1956 1.4094e+02     7.7732      0.931      1.349    11.4238   999.5846 0.0000e+00
      0.985      0.087     6.7169     86.995     41.694  30.371493     3.2355      7.426   240.4511 1.3541e+02     7.8097      0.970      1.405    11.4231   999.5849 0.0000e+00
      1.010      0.083     6.6950     86.836     41.703  30.372532     3.2646      7.421   240.7361 1.3160e+02     7.7404      0.994      1.443    11.4282   999.5844 0.0000e+00
      1.024      0.078     6.6771     86.690     41.721  30.383966     3.3258      7.414   240.9737 1.2988e+02     7.5251      1.004      1.457    11.4310   999.5842 0.0000e+00
      1.035      0.074     6.6598     86.549     41.719  30.382821     3.3598      7.409   241.2592 1.2953e+02     7.4031      1.015      1.472    11.4272   999.5846 0.0000e+00
      1.049      0.075     6.6461     86.401     41.684  30.358697     3.3466      7.403   241.5208 1.2966e+02     7.4119      1.028      1.491    11.4184   999.5856 0.0000e+00
      1.067      0.081     6.6366     86.228     41.668  30.346102     3.2524      7.396   241.6419 1.2569e+02     7.4994      1.044      1.514    11.4111   999.5865 0.0000e+00
      1.091      0.091     6.6252     86.016     41.688  30.357439     3.0964      7.390   241.7778 1.1818e+02     7.6096      1.068      1.548    11.4091   999.5868 0.0000e+00
      1.118      0.100     6.6149     85.780     41.710  30.368863     3.0119      7.385   242.0450 1.1358e+02     7.6297      1.096      1.590    11.4105   999.5868 0.0000e+00
      1.147      0.105     6.6034     85.551     41.700  30.357316     2.9949      7.380   242.2911 1.0911e+02     7.6114      1.124      1.630    11.4129   999.5866 0.0000e+00
      1.177      0.106     6.5910     85.352     41.687  30.344730     2.9674      7.373   242.4308 1.0315e+02     7.6183      1.154      1.673    11.4126   999.5868 0.0000e+00
      1.206      0.104     6.5752     85.200     41.688  30.343586     2.9226      7.368   242.6149 9.8982e+01     7.6147      1.182      1.716    11.4078   999.5875 0.0000e+00
      1.232      0.101     6.5566     85.088     41.688  30.343482     2.8869      7.363   242.8825 9.5112e+01     7.6010      1.209      1.755    11.4014   999.5883 0.0000e+00
      1.255      0.096     6.5399     84.995     41.688  30.343472     2.8736      7.359   243.0854 9.1463e+01     7.5830      1.231      1.786    11.3962   999.5890 0.0000e+00
      1.277      0.091     6.5244     84.919     41.689  30.343472     2.8753      7.354   243.2610 8.8284e+01     7.5615      1.251      1.815    11.3925   999.5894 0.0000e+00
      1.301      0.087     6.5132     84.856     41.691  30.343473     2.9071      7.348   243.4569 8.4599e+01     7.5049      1.276      1.851    11.3907   999.5897 0.0000e+00
      1.324      0.087     6.5059     84.794     41.693  30.343482     2.9634      7.342   243.6476 8.1613e+01     7.4224      1.299      1.885    11.3905   999.5899 0.0000e+00
      1.344      0.090     6.4983     84.744     41.695  30.343585     3.0004      7.335   243.9319 7.9278e+01     7.3835      1.318      1.912    11.3904   999.5900 0.0000e+00
      1.364      0.097     6.4923     84.692     41.697  30.344715     3.0004      7.328   244.2260 7.6647e+01     7.3621      1.337      1.940    11.3897   999.5902 0.0000e+00
      1.386      0.105     6.4892     84.619     41.714  30.357145     2.9546      7.323   244.3645 7.4092e+01     7.4912      1.357      1.968    11.3881   999.5904 0.0000e+00
      1.412      0.111     6.4832     84.562     41.727  30.366966     2.8886      7.318   244.4018 7.0697e+01     7.8311      1.381      2.003    11.3863   999.5907 0.0000e+00
      1.447      0.114     6.4803     84.517     41.685  30.336550     2.8606      7.314   244.4193 6.6168e+01     8.0631      1.416      2.054    11.3847   999.5910 0.0000e+00
      1.485      0.114     6.4783     84.467     41.645  30.306658     2.8590      7.310   244.4901 6.2376e+01     8.0680      1.459      2.116    11.3838   999.5913 0.0000e+00
      1.518      0.112     6.4694     84.440     41.669  30.322820     2.8518      7.306   244.7419 5.9795e+01     7.9554      1.491      2.163    11.3845   999.5914 0.0000e+00
      1.543      0.108     6.4662     84.437     41.696  30.341596     2.8523      7.301   245.0545 5.7785e+01     7.8487      1.514      2.196    11.3854   999.5915 0.0000e+00
      1.564      0.105     6.4641     84.452     41.699  30.343303     2.8654      7.295   245.1728 5.6130e+01     7.8269      1.535      2.226    11.3851   999.5916 0.0000e+00
      1.585      0.104     6.4579     84.481     41.699  30.343458     2.8706      7.291   245.2250 5.4269e+01     7.8231      1.551      2.250    11.3842   999.5917 0.0000e+00
      1.611      0.104     6.4572     84.517     41.699  30.343473     2.8374      7.289   245.3424 5.1651e+01     7.7700      1.576      2.287    11.3829   999.5920 0.0000e+00
      1.641      0.103     6.4567     84.557     41.700  30.343483     2.7763      7.288   245.3871 4.8883e+01     7.6767      1.610      2.334    11.3816   999.5923 0.0000e+00
      1.674      0.098     6.4585     84.587     41.701  30.343586     2.7473      7.287   245.4216 4.6563e+01     7.6120      1.642      2.382    11.3810   999.5925 0.0000e+00
      1.704      0.090     6.4608     84.616     41.705  30.344715     2.7553      7.286   245.5873 4.4730e+01     7.6108      1.674      2.428    11.3808   999.5927 0.0000e+00
      1.726      0.082     6.4632     84.664     41.723  30.357130     2.7599      7.283   245.8423 4.3663e+01     7.6291      1.696      2.460    11.3809   999.5928 0.0000e+00
      1.739      0.078     6.4674     84.734     41.738  30.366780     2.7764      7.279   246.0958 4.3068e+01     7.6701      1.707      2.475    11.3806   999.5929 0.0000e+00
      1.749      0.082     6.4691     84.813     41.696  30.334476     2.8174      7.274   246.3297 4.2218e+01     7.7784      1.714      2.485    11.3795   999.5930 0.0000e+00
      1.763      0.093     6.4711     84.893     41.630  30.283817     2.8473      7.269   246.5185 4.0952e+01     7.8569      1.725      2.502    11.3780   999.5932 0.0000e+00
      1.786      0.108     6.4746     84.936     41.607  30.261907     2.8696      7.266   246.5720 3.9235e+01     7.8649      1.748      2.536    11.3762   999.5935 0.0000e+00
      1.819      0.119     6.4815     84.908     41.612  30.259919     2.9139      7.265   246.5463 3.6961e+01     7.9081      1.781      2.582    11.3751   999.5939 0.0000e+00
      1.862      0.124     6.4868     84.842     41.618  30.259783     2.9668      7.263   246.5515 3.4485e+01     8.0188      1.825      2.647    11.3743   999.5941 0.0000e+00
      1.907      0.119     6.4945     84.762     41.622  30.260249     2.9879      7.261   246.4628 3.2429e+01     8.0892      1.873      2.717    11.3710   999.5946 0.0000e+00
      1.942      0.109     6.5013     84.671     41.632  30.265551     2.9869      7.261   246.4205 3.1272e+01     8.0707      1.910      2.770    11.3640   999.5956 0.0000e+00
      1.963      0.098     6.4976     84.586     41.626  30.260441     2.9642      7.260   246.7288 3.0728e+01     7.9919      1.928      2.796    11.3565   999.5965 0.0000e+00
