Data/DataNotYetUploadedToEDI/Raw_CTD/RawDownloads/110819_fcr45.cnv
* Sea-Bird SBE19plus  Data File:
* FileName = C:\DATA\110819_fcr50_0005.hex
* Software version 2.8.0.119 SB_Terminal.dll
* Temperature SN = 7809
* Conductivity SN = 7809
* System UpLoad Time = Nov 11 2019 10:24:12
* <ApplicationData>
* <Seaterm232>
# nquan = 16
# nvalues = 726                         
# units = specified
# name 0 = depFM: Depth [fresh water, m]
# name 1 = dz/dtM: Descent Rate [m/s]
# name 2 = sbeox0ML/L: Oxygen, SBE 43 [ml/l]
# name 3 = sbeox0PS: Oxygen, SBE 43 [% saturation]
# name 4 = specc: Specific Conductance [uS/cm]
# name 5 = c0uS/cm: Conductivity [uS/cm]
# name 6 = flECO-AFL: Fluorescence, WET Labs ECO-AFL/FL [mg/m^3]
# name 7 = ph: pH
# name 8 = orp: Oxidation Reduction Potential [mV]
# name 9 = par/sat/log: PAR/Logarithmic, Satlantic
# name 10 = turbWETntu0: Turbidity, WET Labs ECO [NTU]
# name 11 = prdM: Pressure, Strain Gauge [db]
# name 12 = prdE: Pressure, Strain Gauge [psi]
# name 13 = tv290C: Temperature [ITS-90, deg C]
# name 14 = density00: Density [density, kg/m^3]
# name 15 = flag:  0.000e+00
# span 0 =     -0.535,      6.567       
# span 1 =     -0.281,      0.370       
# span 2 =     4.8934,     8.0203       
# span 3 =     64.100,    102.455       
# span 4 =      0.613,     42.774       
# span 5 =   0.395385,  30.424687       
# span 6 =    -1.1905,     4.8299       
# span 7 =      5.303,      7.085       
# span 8 =   218.1493,  1240.2295       
# span 9 = 1.2365e-01, 1.2656e+03       
# span 10 =    -1.6979,   913.6194      
# span 11 =     -0.526,      6.440      
# span 12 =     -0.763,      9.340      
# span 13 =     7.2096,    11.6141      
# span 14 =   999.5636,   999.8944      
# span 15 = 0.0000e+00, 0.0000e+00      
# interval = seconds: 0.25
# start_time = Nov 08 2019 14:10:08 [Instrument's time stamp, header]
# bad_flag = -9.990e-29
*END*
[from data line 543]
      3.998      0.064     6.4872     85.428     41.497  30.384194     2.8822      7.026   268.6592 1.1198e+00     7.6253      3.921      5.686    11.6065   999.5790 0.0000e+00
      4.013      0.070     6.4876     85.495     41.516  30.397914     2.8904      7.024   268.7756 1.0964e+00     7.7440      3.933      5.704    11.6067   999.5791 0.0000e+00
      4.035      0.075     6.4914     85.561     41.517  30.399049     2.8929      7.023   268.9020 1.0586e+00     7.9464      3.954      5.735    11.6067   999.5791 0.0000e+00
      4.061      0.079     6.4935     85.627     41.515  30.397914     2.8855      7.021   268.9826 1.0186e+00     8.0408      3.985      5.779    11.6069   999.5792 0.0000e+00
      4.085      0.079     6.4998     85.652     41.496  30.384194     2.8799      7.021   268.9753 9.8695e-01     8.0323      4.009      5.814    11.6071   999.5794 0.0000e+00
      4.105      0.078     6.5050     85.644     41.463  30.360061     2.8859      7.022   268.9008 9.5913e-01     8.0407      4.025      5.838    11.6072   999.5794 0.0000e+00
      4.122      0.075     6.5084     85.631     41.463  30.359947     2.8966      7.022   268.8559 9.2930e-01     8.0115      4.043      5.863    11.6074   999.5795 0.0000e+00
      4.138      0.074     6.5168     85.623     41.494  30.382822     2.8976      7.021   268.9482 9.0225e-01     7.9094      4.059      5.887    11.6076   999.5796 0.0000e+00
      4.154      0.076     6.5172     85.620     41.494  30.382812     2.8890      7.020   269.1564 8.7295e-01     7.8549      4.071      5.906    11.6081   999.5796 0.0000e+00
      4.173      0.080     6.5156     85.605     41.463  30.359832     2.8792      7.019   269.3079 8.3953e-01     7.8759      4.090      5.932    11.6084   999.5796 0.0000e+00
      4.196      0.080     6.5150     85.602     41.462  30.358802     2.8652      7.018   269.3179 8.1359e-01     7.9340      4.116      5.969    11.6084   999.5797 0.0000e+00
      4.221      0.077     6.5133     85.616     41.478  30.370347     2.8415      7.016   269.2765 7.8532e-01     8.0001      4.139      6.003    11.6082   999.5799 0.0000e+00
      4.245      0.070     6.5154     85.630     41.481  30.372518     2.8181      7.016   269.3240 7.4977e-01     8.0201      4.165      6.039    11.6079   999.5800 0.0000e+00
      4.265      0.062     6.5121     85.649     41.498  30.385043     2.8082      7.017   269.4623 7.3426e-01     8.0441      4.187      6.073    11.6077   999.5801 0.0000e+00
      4.276      0.057     6.5119     85.663     41.512  30.394882     2.7991      7.017   269.6582 7.2725e-01     8.0291      4.194      6.084    11.6076   999.5802 0.0000e+00
      4.281      0.056     6.5142     85.659     41.471  30.364571     2.7856      7.016   269.8861 7.0878e-01     7.9046      4.198      6.088    11.6073   999.5803 0.0000e+00
      4.289      0.059     6.5144     85.671     41.432  30.335823     2.7754      7.014   270.0663 6.9012e-01     7.8161      4.205      6.098    11.6072   999.5803 0.0000e+00
      4.304      0.065     6.5164     85.733     41.471  30.364572     2.7619      7.013   270.1163 6.6551e-01     7.8110      4.217      6.117    11.6071   999.5804 0.0000e+00
      4.325      0.071     6.5183     85.808     41.513  30.394894     2.7361      7.013   270.0603 6.3174e-01     7.7780      4.240      6.150    11.6070   999.5805 0.0000e+00
      4.350      0.074     6.5169     85.858     41.499  30.385168     2.7062      7.012   270.0774 6.0326e-01     7.7115      4.267      6.189    11.6069   999.5806 0.0000e+00
      4.375      0.070     6.5158     85.916     41.484  30.373890     2.6946      7.011   270.1512 5.8622e-01     7.6632      4.292      6.226    11.6067   999.5807 0.0000e+00
      4.395      0.061     6.5224     86.002     41.500  30.385442     2.6909      7.010   270.2647 5.7482e-01     7.6201      4.313      6.255    11.6067   999.5809 0.0000e+00
      4.409      0.053     6.5300     86.065     41.517  30.397927     2.6965      7.010   270.4167 5.7353e-01     7.6482      4.326      6.274    11.6063   999.5810 0.0000e+00
      4.415      0.050     6.5321     86.068     41.517  30.397927     2.7284      7.010   270.4407 5.7958e-01     7.7744      4.330      6.280    11.6060   999.5810 0.0000e+00
      4.418      0.054     6.5351     86.035     41.500  30.385444     2.7469      7.009   270.3830 5.6926e-01     7.8340      4.330      6.281    11.6062   999.5810 0.0000e+00
      4.427      0.063     6.5441     85.984     41.484  30.373905     2.7382      7.007   270.4068 5.4688e-01     7.8124      4.337      6.291    11.6063   999.5810 0.0000e+00
      4.446      0.074     6.5506     85.926     41.500  30.385329     2.7443      7.006   270.5567 5.2805e-01     7.8082      4.355      6.318    11.6063   999.5811 0.0000e+00
      4.473      0.084     6.5488     85.879     41.516  30.396658     2.8378      7.005   270.7332 5.0677e-01     7.7177      4.386      6.362    11.6064   999.5812 0.0000e+00
      4.502      0.088     6.5463     85.838     41.498  30.383968     2.9924      7.004   270.9052 4.8393e-01     7.5372      4.416      6.404    11.6062   999.5814 0.0000e+00
      4.529      0.083     6.5424     85.794     41.463  30.358804     3.0627      7.003   271.0019 4.5615e-01     7.4292      4.441      6.441    11.6064   999.5815 0.0000e+00
      4.553      0.073     6.5367     85.758     41.446  30.346226     3.0544      7.002   270.9569 4.2563e-01     7.3608      4.468      6.480    11.6065   999.5816 0.0000e+00
      4.570      0.061     6.5340     85.748     41.464  30.358804     3.0663      7.002   270.8759 4.1339e-01     7.2675      4.485      6.504    11.6064   999.5817 0.0000e+00
      4.579      0.053     6.5307     85.717     41.498  30.383968     3.1022      7.004   270.7964 4.1213e-01     7.1862      4.491      6.513    11.6063   999.5818 0.0000e+00
      4.584      0.050     6.5278     85.634     41.515  30.396658     3.1238      7.005   270.7708 4.1237e-01     7.1645      4.496      6.520    11.6065   999.5817 0.0000e+00
      4.591      0.053     6.5230     85.547     41.500  30.385328     3.1195      7.005   270.8246 4.1587e-01     7.2014      4.502      6.529    11.6065   999.5818 0.0000e+00
      4.604      0.059     6.5243     85.467     41.485  30.373895     3.0942      7.005   270.9307 3.9872e-01     7.3378      4.511      6.543    11.6062   999.5818 0.0000e+00
      4.624      0.065     6.5245     85.400     41.501  30.385330     3.0687      7.007   271.0210 3.6527e-01     7.5357      4.532      6.573    11.6061   999.5819 0.0000e+00
      4.649      0.067     6.5142     85.351     41.516  30.396667     3.0634      7.010   270.9701 3.5039e-01     7.6279      4.560      6.614    11.6057   999.5821 0.0000e+00
      4.670      0.063     6.5090     85.301     41.498  30.384072     3.0555      7.011   270.8325 3.5234e-01     7.6330      4.582      6.645    11.6054   999.5823 0.0000e+00
      4.687      0.054     6.5023     85.257     41.465  30.359949     2.9910      7.011   270.7335 3.5338e-01     7.5324      4.597      6.667    11.6053   999.5823 0.0000e+00
      4.699      0.041     6.4967     85.229     41.464  30.358823     2.8813      7.012   270.6338 3.4873e-01     7.3294      4.611      6.689    11.6056   999.5824 0.0000e+00
      4.706      0.030     6.4943     85.207     41.480  30.370455     2.8217      7.014   270.5737 3.4233e-01     7.2102      4.617      6.697    11.6058   999.5824 0.0000e+00
      4.709      0.025     6.4899     85.182     41.485  30.373679     2.8169      7.016   270.6087 3.3830e-01     7.1724      4.618      6.697    11.6058   999.5824 0.0000e+00
      4.710      0.027     6.4861     85.160     41.518  30.397802     2.8139      7.017   270.6265 3.3723e-01     7.1665      4.620      6.700    11.6058   999.5824 0.0000e+00
      4.712      0.034     6.4844     85.158     41.533  30.408299     2.8036      7.017   270.6170 3.3056e-01     7.3031      4.619      6.698    11.6058   999.5824 0.0000e+00
      4.720      0.045     6.4832     85.186     41.485  30.373688     2.7874      7.017   270.6658 3.1923e-01     7.5134      4.625      6.707    11.6056   999.5825 0.0000e+00
      4.736      0.057     6.4811     85.212     41.466  30.360062     2.7737      7.017   270.7860 3.1850e-01     7.6114      4.643      6.735    11.6052   999.5826 0.0000e+00
      4.756      0.068     6.4791     85.234     41.481  30.370455     2.7673      7.017   270.8660 3.1545e-01     7.6042      4.664      6.767    11.6047   999.5827 0.0000e+00
      4.776      0.073     6.4777     85.279     41.484  30.372440     2.8068      7.018   270.8575 2.9391e-01     7.6218      4.683      6.793    11.6046   999.5829 0.0000e+00
      4.797      0.072     6.4820     85.339     41.500  30.384062     2.8951      7.020   270.8565 2.6850e-01     7.7586      4.704      6.822    11.6047   999.5829 0.0000e+00
      4.819      0.065     6.4840     85.386     41.500  30.384061     2.9509      7.021   270.8539 2.5012e-01     7.8823      4.727      6.856    11.6047   999.5830 0.0000e+00
      4.838      0.057     6.4838     85.426     41.485  30.372430     2.9610      7.022   270.8255 2.3978e-01     7.8714      4.748      6.886    11.6049   999.5831 0.0000e+00
      4.850      0.052     6.4881     85.467     41.482  30.370341     2.9307      7.022   270.8585 2.4677e-01     7.8238      4.759      6.901    11.6050   999.5831 0.0000e+00
      4.856      0.051     6.4937     85.489     41.467  30.358804     2.8621      7.021   270.9942 2.6141e-01     7.7992      4.761      6.906    11.6049   999.5832 0.0000e+00
      4.862      0.055     6.4971     85.505     41.468  30.359834     2.8245      7.020   271.0891 2.6093e-01     7.8023      4.766      6.913    11.6051   999.5832 0.0000e+00
      4.874      0.060     6.4989     85.532     41.499  30.382803     2.8235      7.019   271.0597 2.4828e-01     7.8616      4.776      6.928    11.6045   999.5833 0.0000e+00
      4.894      0.065     6.5042     85.542     41.499  30.382698     2.8067      7.018   271.0688 2.3572e-01     7.9586      4.795      6.955    11.6034   999.5835 0.0000e+00
      4.919      0.069     6.5048     85.518     41.466  30.358565     2.7692      7.018   271.1995 2.2350e-01     8.0259      4.825      6.998    11.6033   999.5836 0.0000e+00
      4.943      0.071     6.5048     85.468     41.447  30.344835     2.7421      7.018   271.2640 2.0688e-01     8.0514      4.852      7.036    11.6033   999.5838 0.0000e+00
      4.959      0.068     6.5092     85.418     41.444  30.343598     2.7482      7.018   271.2456 1.9287e-01     8.0711      4.865      7.055    11.6032   999.5839 0.0000e+00
      4.970      0.061     6.5095     85.385     41.444  30.343598     2.8081      7.020   271.3212 1.9138e-01     8.0676      4.871      7.066    11.6037   999.5838 0.0000e+00
      4.985      0.054     6.5076     85.366     41.446  30.344845     2.8941      7.021   271.3184 1.9665e-01     8.0417      4.888      7.089    11.6040   999.5839 0.0000e+00
      5.001      0.049     6.5030     85.363     41.465  30.358680     2.9386      7.021   271.2117 1.9220e-01     8.0523      4.906      7.116    11.6044   999.5839 0.0000e+00
      5.013      0.048     6.4983     85.391     41.499  30.383957     2.9462      7.021   271.2351 1.7184e-01     8.0652      4.917      7.132    11.6047   999.5839 0.0000e+00
      5.022      0.051     6.4963     85.445     41.516  30.396657     2.9260      7.021   271.3426 1.5644e-01     8.0669      4.926      7.144    11.6049   999.5839 0.0000e+00
      5.031      0.054     6.4949     85.494     41.500  30.385320     2.8853      7.021   271.3929 1.5487e-01     8.1052      4.933      7.154    11.6049   999.5840 0.0000e+00
      5.043      0.057     6.4939     85.519     41.484  30.373793     2.8699      7.022   271.4133 1.5786e-01     8.1032      4.942      7.167    11.6048   999.5840 0.0000e+00
      5.061      0.061     6.4958     85.519     41.498  30.384198     2.8787      7.022   271.5029 1.5616e-01     8.0752      4.961      7.195    11.6049   999.5841 0.0000e+00
      5.082      0.063     6.5015     85.499     41.498  30.384199     2.8879      7.022   271.5308 1.4935e-01     8.0946      4.986      7.231    11.6053   999.5842 0.0000e+00
      5.102      0.063     6.5056     85.481     41.483  30.373805     2.8597      7.021   271.4922 1.4780e-01     8.0418      5.006      7.261    11.6057   999.5843 0.0000e+00
      5.117      0.060     6.5071     85.461     41.498  30.385446     2.7891      7.021   271.5522 1.4572e-01     7.8963      5.019      7.279    11.6058   999.5843 0.0000e+00
      5.129      0.055     6.5076     85.448     41.514  30.398041     2.7450      7.021   271.6546 1.4002e-01     7.8099      5.029      7.294    11.6058   999.5844 0.0000e+00
      5.141      0.050     6.5044     85.462     41.515  30.399186     2.7435      7.021   271.7841 1.3597e-01     7.8169      5.041      7.311    11.6062   999.5844 0.0000e+00
      5.155      0.047     6.5039     85.482     41.514  30.399289     2.7529      7.021   271.9127 1.3054e-01     7.7839      5.055      7.332    11.6071   999.5843 0.0000e+00
      5.167      0.050     6.5021     85.488     41.513  30.399289     2.7554      7.022   272.0054 1.2557e-01     7.6726      5.070      7.354    11.6079   999.5843 0.0000e+00
      5.176      0.057     6.4991     85.465     41.513  30.399177     2.7474      7.022   272.1304 1.2518e-01     7.6178      5.077      7.364    11.6087   999.5843 0.0000e+00
      5.184      0.066     6.5019     85.389     41.511  30.397938     2.7511      7.021   272.2197 1.2605e-01     7.6135      5.081      7.368    11.6095   999.5842 0.0000e+00
      5.200      0.073     6.5034     85.276     41.492  30.384312     2.7825      7.020   272.2251 1.2502e-01     7.7518      5.096      7.390    11.6105   999.5842 0.0000e+00
      5.226      0.078     6.5040     85.160     41.461  30.361333     2.8151      7.020   272.1957 1.2416e-01     8.0772      5.124      7.432    11.6110   999.5842 0.0000e+00
      5.255      0.081     6.5035     85.046     41.479  30.373920     2.8245      7.019   272.1218 1.2727e-01     8.2702      5.156      7.478    11.6112   999.5844 0.0000e+00
      5.280      0.081     6.4973     84.962     41.528  30.409580     2.8181      7.019   272.1068 1.3024e-01     8.2834      5.180      7.513    11.6113   999.5845 0.0000e+00
      5.298      0.078     6.4867     84.936     41.531  30.411775     2.7816      7.018   272.2720 1.2728e-01     8.2375      5.196      7.536    11.6112   999.5846 0.0000e+00
      5.313      0.074     6.4791     84.952     41.516  30.400446     2.7295      7.017   272.3978 1.2403e-01     8.1409      5.209      7.553    11.6112   999.5846 0.0000e+00
      5.328      0.073     6.4690     85.002     41.515  30.399520     2.7083      7.016   272.4232 1.2379e-01     8.0985      5.224      7.576    11.6111   999.5847 0.0000e+00
      5.346      0.075     6.4613     85.082     41.517  30.400570     2.7080      7.016   272.5796 1.2383e-01     8.1175      5.243      7.604    11.6107   999.5849 0.0000e+00
      5.365      0.079     6.4609     85.153     41.533  30.413148     2.7604      7.017   272.7393 1.2379e-01     8.2061      5.261      7.630    11.6103   999.5850 0.0000e+00
      5.388      0.083     6.4621     85.171     41.548  30.424684     2.8734      7.017   272.7190 1.2378e-01     8.3842      5.281      7.660    11.6097   999.5851 0.0000e+00
      5.413      0.085     6.4656     85.140     41.532  30.413147     2.9394      7.015   272.6781 1.2383e-01     8.5008      5.310      7.701    11.6093   999.5853 0.0000e+00
      5.435      0.088     6.4728     85.059     41.514  30.400561     2.9426      7.014   272.7611 1.2383e-01     8.5016      5.332      7.733    11.6100   999.5853 0.0000e+00
