Data/DataNotYetUploadedToEDI/Raw_CTD/RawDownloads/110819_fcr10.cnv
* Sea-Bird SBE19plus  Data File:
* FileName = C:\DATA\110819_fcr50_0002.hex
* Software version 2.8.0.119 SB_Terminal.dll
* Temperature SN = 7809
* Conductivity SN = 7809
* System UpLoad Time = Nov 11 2019 10:23:25
* <ApplicationData>
* <Seaterm232>
# nquan = 16
# nvalues = 429                         
# units = specified
# name 0 = depFM: Depth [fresh water, m]
# name 1 = dz/dtM: Descent Rate [m/s]
# name 2 = sbeox0ML/L: Oxygen, SBE 43 [ml/l]
# name 3 = sbeox0PS: Oxygen, SBE 43 [% saturation]
# name 4 = specc: Specific Conductance [uS/cm]
# name 5 = c0uS/cm: Conductivity [uS/cm]
# name 6 = flECO-AFL: Fluorescence, WET Labs ECO-AFL/FL [mg/m^3]
# name 7 = ph: pH
# name 8 = orp: Oxidation Reduction Potential [mV]
# name 9 = par/sat/log: PAR/Logarithmic, Satlantic
# name 10 = turbWETntu0: Turbidity, WET Labs ECO [NTU]
# name 11 = prdM: Pressure, Strain Gauge [db]
# name 12 = prdE: Pressure, Strain Gauge [psi]
# name 13 = tv290C: Temperature [ITS-90, deg C]
# name 14 = density00: Density [density, kg/m^3]
# name 15 = flag:  0.000e+00
# span 0 =     -0.536,      2.414       
# span 1 =     -0.311,      0.358       
# span 2 =     5.2752,     7.8451       
# span 3 =     68.838,     98.775       
# span 4 =      1.093,     43.499       
# span 5 =   0.721953,  30.366770       
# span 6 =    -0.2353,   236.6701       
# span 7 =      6.318,      8.642       
# span 8 = -1240.7455,   886.2704       
# span 9 = 1.6644e+01, 1.6298e+03       
# span 10 =    -1.6809,    52.7672      
# span 11 =     -0.526,      2.368      
# span 12 =     -0.763,      3.434      
# span 13 =     8.0032,    11.4142      
# span 14 =   999.5819,   999.8514      
# span 15 = 0.0000e+00, 0.0000e+00      
# interval = seconds: 0.25
# start_time = Nov 08 2019 13:36:29 [Instrument's time stamp, header]
# bad_flag = -9.990e-29
*END*
[from data line 181]
      0.158      0.009     6.4961     85.029     41.572  30.255910     1.9559      7.375   273.1918 1.1040e+03     7.5810      0.153      0.224    11.3950   999.5840 0.0000e+00
      0.160      0.017     6.4955     85.092     41.564  30.247832     1.9689      7.368   273.3966 1.0126e+03     7.5854      0.156      0.226    11.3931   999.5842 0.0000e+00
      0.165      0.026     6.4990     85.148     41.581  30.258701     2.0337      7.362   273.6331 8.6051e+02     7.6074      0.161      0.233    11.3924   999.5842 0.0000e+00
      0.173      0.033     6.4997     85.192     41.583  30.260412     2.1422      7.357   273.7278 7.2730e+02     7.6182      0.167      0.243    11.3909   999.5845 0.0000e+00
      0.186      0.036     6.4992     85.241     41.594  30.268525     2.1966      7.352   273.6814 8.2205e+02     7.6171      0.182      0.263    11.3871   999.5849 0.0000e+00
      0.200      0.036     6.5086     85.281     41.629  30.293338     2.1976      7.348   273.6744 9.4130e+02     7.6273      0.198      0.287    11.3830   999.5853 0.0000e+00
      0.212      0.032     6.5120     85.318     41.647  30.306593     2.1977      7.346   273.6425 8.7422e+02     7.5451      0.209      0.303    11.3823   999.5855 0.0000e+00
      0.219      0.024     6.5142     85.357     41.642  30.301887     2.1981      7.345   273.5545 8.2241e+02     7.3116      0.217      0.314    11.3830   999.5855 0.0000e+00
      0.223      0.014     6.5198     85.393     41.640  30.299898     2.2018      7.345   273.5574 7.9892e+02     7.1632      0.219      0.318    11.3825   999.5856 0.0000e+00
      0.226      0.005     6.5218     85.426     41.615  30.282539     2.2078      7.345   273.6770 8.2213e+02     7.1601      0.222      0.321    11.3823   999.5856 0.0000e+00
      0.226     -0.001     6.5246     85.445     41.614  30.282368     2.2098      7.345   273.7956 8.7268e+02     7.1763      0.223      0.324    11.3819   999.5857 0.0000e+00
      0.222     -0.003     6.5281     85.451     41.634  30.297831     2.2183      7.343   273.7871 8.9930e+02     7.0969      0.218      0.317    11.3812   999.5857 0.0000e+00
      0.217     -0.001     6.5303     85.454     41.609  30.279134     2.2411      7.341   273.7463 8.8975e+02     6.9535      0.212      0.307    11.3808   999.5858 0.0000e+00
      0.213      0.003     6.5338     85.445     41.565  30.246673     2.2594      7.340   273.7330 8.6813e+02     6.9171      0.207      0.302    11.3813   999.5857 0.0000e+00
      0.215      0.006     6.5349     85.441     41.532  30.222616     2.2664      7.337   273.7121 8.8078e+02     6.9514      0.209      0.304    11.3822   999.5856 0.0000e+00
      0.222      0.008     6.5345     85.451     41.558  30.242081     2.3343      7.333   273.7511 8.8921e+02     6.9416      0.218      0.317    11.3829   999.5856 0.0000e+00
      0.229      0.010     6.5360     85.469     41.626  30.291662     2.4735      7.332   273.7747 7.9926e+02     6.8974      0.227      0.329    11.3826   999.5856 0.0000e+00
      0.231      0.014     6.5341     85.498     41.656  30.314449     2.5528      7.331   273.8260 6.8286e+02     6.8767      0.229      0.332    11.3820   999.5857 0.0000e+00
      0.231      0.023     6.5337     85.538     41.671  30.327234     2.5563      7.326   274.0264 7.0325e+02     6.9201      0.228      0.329    11.3824   999.5856 0.0000e+00
      0.231      0.036     6.5349     85.581     41.659  30.319339     2.4904      7.317   274.2190 9.0199e+02     7.1597      0.226      0.327    11.3826   999.5856 0.0000e+00
      0.235      0.048     6.5359     85.632     41.609  30.282441     2.3548      7.307   274.2625 1.0379e+03     7.5462      0.225      0.327    11.3830   999.5856 0.0000e+00
      0.250      0.052     6.5379     85.697     41.584  30.261832     2.2768      7.301   274.2070 9.0378e+02     7.7587      0.238      0.346    11.3838   999.5855 0.0000e+00
      0.280      0.045     6.5412     85.729     41.586  30.260526     2.2676      7.299   274.1505 7.3838e+02     7.7619      0.274      0.398    11.3858   999.5855 0.0000e+00
      0.311      0.030     6.5438     85.709     41.595  30.266648     2.2344      7.298   274.1825 6.7924e+02     7.4540      0.311      0.452    11.3886   999.5854 0.0000e+00
      0.325      0.011     6.5469     85.687     41.602  30.272401     2.1789      7.297   274.3359 6.7098e+02     6.8547      0.330      0.478    11.3879   999.5855 0.0000e+00
      0.313     -0.006     6.5543     85.666     41.594  30.266631     2.1520      7.293   274.4558 6.6629e+02     6.5137      0.314      0.456    11.3835   999.5859 0.0000e+00
      0.285     -0.016     6.5595     85.629     41.588  30.260333     2.1517      7.288   274.5141 7.1325e+02     6.5095      0.274      0.399    11.3793   999.5862 0.0000e+00
      0.265     -0.019     6.5540     85.594     41.592  30.259709     2.1921      7.283   274.5239 7.8128e+02     6.7379      0.251      0.364    11.3788   999.5861 0.0000e+00
      0.264     -0.013     6.5530     85.545     41.595  30.259085     2.2678      7.278   274.4887 7.1906e+02     7.1454      0.254      0.369    11.3812   999.5859 0.0000e+00
      0.275      0.002     6.5528     85.481     41.589  30.252778     2.3129      7.276   274.6052 5.7673e+02     7.3724      0.269      0.390    11.3815   999.5859 0.0000e+00
      0.287      0.020     6.5480     85.433     41.582  30.246904     2.3305      7.276   274.8142 5.4047e+02     7.3858      0.286      0.414    11.3789   999.5863 0.0000e+00
      0.291      0.035     6.5476     85.406     41.590  30.251529     2.3332      7.275   274.9504 5.9749e+02     7.3727      0.289      0.420    11.3748   999.5867 0.0000e+00
      0.289      0.047     6.5446     85.385     41.585  30.245232     2.3618      7.270   275.1331 6.4729e+02     7.4757      0.280      0.406    11.3700   999.5872 0.0000e+00
      0.295      0.054     6.5386     85.389     41.572  30.234215     2.4419      7.265   275.3022 6.4329e+02     7.6817      0.282      0.409    11.3675   999.5875 0.0000e+00
      0.318      0.058     6.5349     85.432     41.590  30.245231     2.4954      7.262   275.3605 5.3548e+02     7.7986      0.310      0.450    11.3675   999.5876 0.0000e+00
      0.347      0.061     6.5344     85.492     41.600  30.251519     2.5068      7.262   275.5793 4.5932e+02     7.8076      0.344      0.499    11.3660   999.5879 0.0000e+00
      0.371      0.062     6.5320     85.547     41.595  30.246793     2.5365      7.262   276.0552 4.5222e+02     7.7576      0.368      0.533    11.3630   999.5884 0.0000e+00
      0.382      0.060     6.5320     85.588     41.603  30.251535     2.5946      7.262   276.4692 4.4340e+02     7.6851      0.378      0.548    11.3610   999.5886 0.0000e+00
      0.386      0.056     6.5365     85.619     41.596  30.245404     2.6277      7.260   276.7122 4.5794e+02     7.6520      0.377      0.547    11.3584   999.5889 0.0000e+00
      0.393      0.053     6.5422     85.650     41.585  30.236104     2.6253      7.257   277.0147 4.7093e+02     7.6522      0.382      0.554    11.3566   999.5891 0.0000e+00
      0.410      0.052     6.5465     85.664     41.627  30.265999     2.6254      7.254   277.3731 4.5693e+02     7.6554      0.400      0.581    11.3564   999.5892 0.0000e+00
      0.430      0.052     6.5497     85.644     41.661  30.289593     2.6374      7.251   277.6045 4.5663e+02     7.6582      0.424      0.615    11.3552   999.5894 0.0000e+00
      0.448      0.052     6.5517     85.606     41.631  30.267558     2.6503      7.250   277.7483 4.7280e+02     7.6528      0.442      0.640    11.3532   999.5898 0.0000e+00
      0.461      0.051     6.5552     85.570     41.612  30.253398     2.6510      7.250   277.9930 4.4419e+02     7.6237      0.454      0.658    11.3514   999.5900 0.0000e+00
      0.469      0.049     6.5573     85.555     41.601  30.245295     2.6536      7.251   278.3255 3.7659e+02     7.5021      0.460      0.668    11.3503   999.5901 0.0000e+00
      0.476      0.047     6.5548     85.551     41.584  30.233036     2.6817      7.251   278.5850 3.4110e+02     7.2967      0.465      0.674    11.3496   999.5903 0.0000e+00
      0.488      0.047     6.5521     85.543     41.583  30.232077     2.7052      7.251   278.7223 4.0031e+02     7.1721      0.476      0.691    11.3494   999.5903 0.0000e+00
      0.505      0.047     6.5481     85.530     41.586  30.233701     2.6952      7.251   278.8667 4.8820e+02     7.1435      0.496      0.719    11.3492   999.5904 0.0000e+00
      0.520      0.048     6.5476     85.523     41.612  30.252676     2.6821      7.251   279.1258 4.6262e+02     7.0811      0.511      0.741    11.3487   999.5905 0.0000e+00
      0.533      0.048     6.5478     85.541     41.637  30.271136     2.6859      7.251   279.3598 3.8347e+02     6.9756      0.524      0.760    11.3489   999.5906 0.0000e+00
      0.543      0.046     6.5470     85.576     41.631  30.266535     2.6890      7.251   279.4595 3.4935e+02     6.9159      0.534      0.774    11.3491   999.5906 0.0000e+00
      0.552      0.044     6.5462     85.612     41.622  30.260499     2.6844      7.250   279.5574 3.3482e+02     6.9162      0.540      0.782    11.3489   999.5906 0.0000e+00
      0.562      0.044     6.5440     85.635     41.624  30.261599     2.6828      7.250   279.7679 3.3250e+02     6.9468      0.551      0.799    11.3490   999.5907 0.0000e+00
      0.575      0.044     6.5469     85.647     41.649  30.279845     2.6957      7.250   279.9399 3.3871e+02     7.1876      0.564      0.818    11.3491   999.5908 0.0000e+00
      0.588      0.044     6.5489     85.645     41.664  30.290749     2.7097      7.250   280.0026 3.3377e+02     7.6318      0.575      0.834    11.3490   999.5908 0.0000e+00
      0.601      0.041     6.5529     85.622     41.631  30.266529     2.7043      7.248   280.0958 3.2312e+02     7.8940      0.589      0.854    11.3487   999.5909 0.0000e+00
      0.612      0.036     6.5543     85.588     41.596  30.240823     2.6917      7.247   280.2072 3.2447e+02     7.9002      0.601      0.872    11.3485   999.5910 0.0000e+00
      0.621      0.031     6.5550     85.537     41.587  30.233754     2.6872      7.246   280.2302 3.2165e+02     7.7392      0.610      0.885    11.3485   999.5910 0.0000e+00
      0.627      0.027     6.5561     85.479     41.603  30.244511     2.6851      7.243   280.2020 3.1001e+02     7.5198      0.616      0.895    11.3485   999.5911 0.0000e+00
      0.630      0.026     6.5525     85.418     41.604  30.243977     2.6841      7.241   280.2970 3.1232e+02     7.4110      0.618      0.897    11.3483   999.5911 0.0000e+00
      0.634      0.028     6.5518     85.338     41.582  30.227293     2.6912      7.240   280.5184 3.1703e+02     7.3734      0.621      0.900    11.3476   999.5912 0.0000e+00
      0.640      0.032     6.5466     85.254     41.592  30.233156     2.7110      7.238   280.7280 3.0129e+02     7.3603      0.627      0.909    11.3468   999.5913 0.0000e+00
      0.649      0.037     6.5425     85.197     41.617  30.251406     2.7411      7.235   280.8521 2.7401e+02     7.3832      0.636      0.922    11.3462   999.5914 0.0000e+00
      0.661      0.042     6.5390     85.167     41.627  30.257587     2.7599      7.232   280.9008 2.5431e+02     7.4212      0.648      0.940    11.3445   999.5917 0.0000e+00
      0.674      0.045     6.5323     85.159     41.612  30.244433     2.7654      7.231   280.9726 2.4709e+02     7.4265      0.661      0.958    11.3427   999.5919 0.0000e+00
      0.687      0.045     6.5250     85.172     41.582  30.219269     2.8244      7.229   281.1170 2.4192e+02     7.5126      0.674      0.977    11.3418   999.5920 0.0000e+00
      0.700      0.043     6.5205     85.185     41.569  30.207148     2.9363      7.227   281.2699 2.3064e+02     7.7418      0.687      0.996    11.3417   999.5921 0.0000e+00
      0.712      0.040     6.5191     85.207     41.595  30.224780     2.9992      7.227   281.3593 2.2562e+02     7.8703      0.700      1.014    11.3416   999.5922 0.0000e+00
      0.721      0.039     6.5177     85.227     41.620  30.242085     3.0131      7.226   281.4237 2.2547e+02     7.8546      0.709      1.028    11.3388   999.5924 0.0000e+00
      0.727      0.039     6.5217     85.226     41.600  30.226027     3.0865      7.225   281.5324 2.2287e+02     7.7810      0.712      1.033    11.3343   999.5930 0.0000e+00
      0.733      0.043     6.5215     85.217     41.597  30.220987     3.2191      7.222   281.6405 2.2391e+02     7.6363      0.717      1.040    11.3307   999.5934 0.0000e+00
      0.744      0.048     6.5239     85.204     41.632  30.244601     3.2904      7.219   281.6982 2.1899e+02     7.5458      0.729      1.057    11.3290   999.5936 0.0000e+00
      0.758      0.054     6.5275     85.204     41.652  30.257717     3.2984      7.216   281.8002 2.0863e+02     7.5721      0.743      1.077    11.3284   999.5938 0.0000e+00
      0.775      0.059     6.5252     85.221     41.646  30.252658     3.2988      7.213   281.9269 2.0273e+02     7.5936      0.759      1.102    11.3266   999.5940 0.0000e+00
      0.795      0.061     6.5269     85.235     41.640  30.246888     3.2515      7.210   281.8544 1.9783e+02     7.5112      0.781      1.133    11.3229   999.5945 0.0000e+00
      0.812      0.058     6.5245     85.235     41.646  30.251409     3.1610      7.209   281.6974 1.9557e+02     7.3951      0.797      1.156    11.3204   999.5949 0.0000e+00
      0.826      0.052     6.5247     85.222     41.636  30.243864     3.1150      7.208   281.7504 1.9453e+02     7.3694      0.810      1.175    11.3194   999.5950 0.0000e+00
      0.839      0.044     6.5274     85.217     41.601  30.219116     3.1196      7.208   281.8924 1.8917e+02     7.3970      0.824      1.195    11.3181   999.5952 0.0000e+00
      0.850      0.037     6.5281     85.226     41.583  30.206000     3.1385      7.208   281.9509 1.8745e+02     7.3359      0.835      1.211    11.3170   999.5954 0.0000e+00
      0.857      0.031     6.5292     85.221     41.593  30.212193     3.1614      7.208   281.9417 1.9124e+02     7.1872      0.841      1.221    11.3165   999.5955 0.0000e+00
      0.861      0.029     6.5265     85.206     41.618  30.230539     3.1707      7.208   281.9541 1.9130e+02     7.1064      0.843      1.223    11.3168   999.5955 0.0000e+00
      0.866      0.030     6.5261     85.211     41.628  30.237451     3.1732      7.208   282.1001 1.9090e+02     7.1135      0.849      1.231    11.3172   999.5955 0.0000e+00
      0.872      0.033     6.5280     85.236     41.621  30.232310     3.1740      7.206   282.3315 1.8933e+02     7.1754      0.856      1.242    11.3170   999.5955 0.0000e+00
      0.881      0.037     6.5282     85.275     41.621  30.231838     3.1721      7.203   282.5145 1.8431e+02     7.2971      0.862      1.250    11.3163   999.5956 0.0000e+00
      0.893      0.038     6.5248     85.348     41.622  30.231743     3.1676      7.202   282.5909 1.8095e+02     7.3716      0.873      1.267    11.3158   999.5957 0.0000e+00
      0.908      0.038     6.5262     85.428     41.622  30.231158     3.1720      7.201   282.6528 1.7549e+02     7.3558      0.891      1.293    11.3155   999.5959 0.0000e+00
      0.919      0.038     6.5288     85.492     41.615  30.224759     3.2419      7.199   282.7469 1.7005e+02     7.3352      0.904      1.310    11.3154   999.5959 0.0000e+00
      0.926      0.039     6.5297     85.550     41.607  30.217836     3.3624      7.198   282.7821 1.7044e+02     7.3525      0.910      1.318    11.3152   999.5960 0.0000e+00
      0.931      0.040     6.5373     85.606     41.599  30.210904     3.4236      7.197   282.8204 1.7365e+02     7.3680      0.912      1.323    11.3145   999.5960 0.0000e+00
      0.938      0.044     6.5443     85.626     41.590  30.204398     3.4187      7.196   282.8657 1.7142e+02     7.3584      0.917      1.331    11.3135   999.5961 0.0000e+00
