Data/DataNotYetUploadedToEDI/Raw_CTD/RawDownloads/111318_fcr50.cnv
* Sea-Bird SBE19plus  Data File:
* FileName = C:\DATA\111318_fcr_50_0001.hex
* Software version 2.6.3.104 SB_Terminal.dll
* Temperature SN = 7809
* Conductivity SN = 7809
* System UpLoad Time = Nov 13 2018 16:58:01
* <ApplicationData>
* <Seaterm232>
# nquan = 15
# nvalues = 1059                        
# units = specified
# name 0 = depFM: Depth [fresh water, m]
# name 1 = dz/dtM: Descent Rate [m/s]
# name 2 = sbeox0Mg/L: Oxygen, SBE 43 [mg/l]
# name 3 = sbeox0PS: Oxygen, SBE 43 [% saturation]
# name 4 = specc: Specific Conductance [uS/cm]
# name 5 = c0uS/cm: Conductivity [uS/cm]
# name 6 = flECO-AFL: Fluorescence, WET Labs ECO-AFL/FL [mg/m^3]
# name 7 = ph: pH
# name 8 = orp: Oxidation Reduction Potential [mV]
# name 9 = par/sat/log: PAR/Logarithmic, Satlantic
# name 10 = turbWETntu0: Turbidity, WET Labs ECO [NTU]
# name 11 = prdM: Pressure, Strain Gauge [db]
# name 12 = prdE: Pressure, Strain Gauge [psi]
# name 13 = tv290C: Temperature [ITS-90, deg C]
# name 14 = flag:  0.000e+00
# span 0 =     -0.617,      9.699       
# span 1 =     -0.143,      0.241       
# span 2 =     6.3032,    11.4196       
# span 3 =     55.104,     99.703       
# span 4 =      1.030,    269.352       
# span 5 =   0.684644, 187.212860       
# span 6 =    -0.2318,     2.0953       
# span 7 =      6.132,      8.329       
# span 8 =   275.8281,  1116.2997       
# span 9 = 1.2565e-01, 1.6661e+02       
# span 10 =    -0.2968,    57.3860      
# span 11 =     -0.606,      9.512      
# span 12 =     -0.879,     13.796      
# span 13 =     8.2376,     9.7837      
# span 14 = 0.0000e+00, 0.0000e+00      
# interval = seconds: 0.25
# start_time = Nov 13 2018 19:24:08 [Instrument's time stamp, header]
# bad_flag = -9.990e-29
*END*
[from data line 386]
      1.332      0.052     7.5017     66.102     37.930  26.377630     1.6150      7.056   296.9599 1.6179e+01     2.2018      1.306      1.894     9.7650 0.0000e+00
      1.345      0.055     7.5413     66.452     37.914  26.366080     1.6246      7.055   296.9664 1.5938e+01     2.2320      1.318      1.913     9.7667 0.0000e+00
      1.362      0.059     7.5734     66.737     37.929  26.377512     1.6351      7.054   297.3823 1.5698e+01     2.2228      1.335      1.937     9.7678 0.0000e+00
      1.379      0.061     7.6016     66.988     37.944  26.388857     1.6671      7.053   298.0309 1.5419e+01     2.2122      1.353      1.962     9.7689 0.0000e+00
      1.396      0.061     7.6270     67.214     37.924  26.376262     1.7001      7.052   298.1834 1.5194e+01     2.2263      1.369      1.985     9.7694 0.0000e+00
      1.413      0.060     7.6540     67.454     37.888  26.352217     1.7116      7.052   298.1069 1.5027e+01     2.2715      1.386      2.011     9.7692 0.0000e+00
      1.429      0.058     7.6850     67.729     37.887  26.352118     1.7155      7.052   298.3106 1.4864e+01     2.2700      1.402      2.033     9.7701 0.0000e+00
      1.442      0.056     7.7186     68.027     37.919  26.375060     1.7191      7.051   298.4101 1.4756e+01     2.2386      1.415      2.052     9.7718 0.0000e+00
      1.453      0.053     7.7559     68.356     37.919  26.375632     1.6996      7.051   298.2771 1.4628e+01     2.2581      1.425      2.067     9.7731 0.0000e+00
      1.466      0.051     7.7970     68.720     37.894  26.359030     1.6638      7.051   298.3367 1.4415e+01     2.2619      1.437      2.084     9.7742 0.0000e+00
      1.481      0.051     7.8411     69.110     37.901  26.364812     1.6440      7.052   298.6149 1.4201e+01     2.2228      1.453      2.108     9.7755 0.0000e+00
      1.495      0.052     7.8831     69.482     37.925  26.382043     1.6347      7.052   298.8876 1.4033e+01     2.2126      1.467      2.128     9.7767 0.0000e+00
      1.507      0.055     7.9206     69.812     37.917  26.376892     1.6167      7.051   299.1385 1.3875e+01     2.1998      1.477      2.143     9.7777 0.0000e+00
      1.519      0.057     7.9561     70.126     37.901  26.366024     1.6007      7.050   299.3258 1.3695e+01     2.1596      1.488      2.158     9.7782 0.0000e+00
      1.534      0.058     7.9895     70.421     37.918  26.377630     1.5980      7.049   299.4306 1.3499e+01     2.1239      1.503      2.180     9.7785 0.0000e+00
      1.550      0.060     8.0213     70.702     37.936  26.390230     1.6019      7.049   299.4600 1.3317e+01     2.1039      1.521      2.205     9.7791 0.0000e+00
      1.567      0.062     8.0534     70.985     37.937  26.391375     1.6111      7.049   299.2509 1.3143e+01     2.1302      1.536      2.228     9.7797 0.0000e+00
      1.584      0.062     8.0833     71.249     37.937  26.391479     1.6265      7.049   298.9682 1.2950e+01     2.1676      1.553      2.253     9.7800 0.0000e+00
      1.599      0.061     8.1068     71.456     37.936  26.391489     1.6405      7.049   298.9669 1.2755e+01     2.1898      1.569      2.274     9.7803 0.0000e+00
      1.614      0.058     8.1249     71.616     37.936  26.391490     1.6434      7.049   299.0627 1.2569e+01     2.2156      1.583      2.296     9.7809 0.0000e+00
      1.629      0.055     8.1376     71.729     37.936  26.391490     1.6246      7.049   299.3519 1.2410e+01     2.1749      1.598      2.319     9.7811 0.0000e+00
      1.643      0.051     8.1439     71.785     37.935  26.391490     1.5972      7.049   299.7960 1.2286e+01     2.0947      1.612      2.338     9.7813 0.0000e+00
      1.656      0.049     8.1444     71.790     37.935  26.391490     1.5870      7.049   299.9587 1.2164e+01     2.0697      1.624      2.355     9.7817 0.0000e+00
      1.667      0.049     8.1412     71.762     37.935  26.391489     1.5933      7.048   299.5984 1.2051e+01     2.0854      1.635      2.371     9.7817 0.0000e+00
      1.678      0.050     8.1355     71.712     37.935  26.391480     1.6094      7.047   298.8813 1.1941e+01     2.1010      1.646      2.387     9.7821 0.0000e+00
      1.689      0.052     8.1306     71.669     37.935  26.391376     1.6257      7.045   298.5153 1.1811e+01     2.1062      1.655      2.401     9.7826 0.0000e+00
      1.702      0.052     8.1310     71.672     37.933  26.390231     1.6342      7.045   298.7867 1.1634e+01     2.1184      1.667      2.418     9.7827 0.0000e+00
      1.719      0.051     8.1359     71.716     37.915  26.377637     1.6390      7.044   299.3239 1.1419e+01     2.1259      1.685      2.444     9.7826 0.0000e+00
      1.735      0.049     8.1434     71.781     37.899  26.366092     1.6378      7.043   299.5896 1.1249e+01     2.1056      1.704      2.471     9.7828 0.0000e+00
      1.748      0.045     8.1524     71.861     37.915  26.377636     1.6374      7.043   299.3324 1.1135e+01     2.0863      1.717      2.490     9.7829 0.0000e+00
      1.757      0.041     8.1623     71.948     37.933  26.390230     1.6435      7.043   298.7092 1.1037e+01     2.0762      1.724      2.500     9.7831 0.0000e+00
      1.764      0.039     8.1711     72.026     37.935  26.391375     1.6480      7.043   298.3353 1.0967e+01     2.0743      1.730      2.509     9.7830 0.0000e+00
      1.771      0.039     8.1777     72.084     37.935  26.391479     1.6446      7.043   298.4252 1.0907e+01     2.0943      1.737      2.520     9.7829 0.0000e+00
      1.780      0.040     8.1825     72.126     37.934  26.391488     1.6118      7.043   298.5912 1.0812e+01     2.1045      1.745      2.530     9.7831 0.0000e+00
      1.792      0.043     8.1866     72.162     37.934  26.391479     1.5645      7.043   298.7934 1.0674e+01     2.1060      1.756      2.547     9.7831 0.0000e+00
      1.806      0.044     8.1932     72.221     37.934  26.391365     1.5405      7.043   299.0638 1.0528e+01     2.1123      1.771      2.569     9.7832 0.0000e+00
      1.819      0.044     8.2009     72.289     37.933  26.390116     1.5241      7.043   299.4522 1.0411e+01     2.1197      1.785      2.588     9.7833 0.0000e+00
      1.831      0.043     8.2107     72.374     37.914  26.376376     1.5136      7.043   299.8747 1.0318e+01     2.1039      1.796      2.604     9.7835 0.0000e+00
      1.841      0.040     8.2304     72.547     37.879  26.352228     1.5141      7.043   299.8710 1.0244e+01     2.0737      1.806      2.619     9.7837 0.0000e+00
      1.850      0.038     8.2547     72.760     37.879  26.352125     1.5218      7.044   299.4930 1.0174e+01     2.0906      1.814      2.631     9.7833 0.0000e+00
      1.858      0.036     8.2751     72.940     37.913  26.375128     1.5324      7.044   299.2634 1.0082e+01     2.1252      1.822      2.642     9.7829 0.0000e+00
      1.867      0.035     8.2912     73.082     37.914  26.376368     1.5513      7.044   299.2452 9.9793e+00     2.1563      1.830      2.654     9.7826 0.0000e+00
      1.877      0.035     8.3007     73.167     37.900  26.367123     1.5941      7.043   299.2726 9.8839e+00     2.2220      1.840      2.669     9.7821 0.0000e+00
      1.886      0.036     8.3054     73.209     37.933  26.390335     1.6267      7.043   299.7663 9.8005e+00     2.2788      1.850      2.683     9.7816 0.0000e+00
      1.894      0.038     8.3111     73.259     37.952  26.403035     1.6331      7.043   300.5686 9.7214e+00     2.2638      1.857      2.694     9.7817 0.0000e+00
      1.903      0.039     8.3129     73.275     37.939  26.393686     1.6159      7.043   300.7996 9.6413e+00     2.1930      1.866      2.706     9.7821 0.0000e+00
      1.913      0.040     8.3084     73.235     37.954  26.404295     1.5845      7.043   300.6667 9.5354e+00     2.1242      1.875      2.720     9.7827 0.0000e+00
      1.924      0.042     8.3080     73.231     37.955  26.404313     1.5747      7.043   300.6832 9.4090e+00     2.1037      1.887      2.737     9.7832 0.0000e+00
      1.936      0.045     8.3135     73.278     37.940  26.393905     1.5800      7.043   300.4826 9.3075e+00     2.0969      1.900      2.755     9.7831 0.0000e+00
      1.946      0.047     8.3195     73.330     37.957  26.405450     1.5747      7.043   300.0484 9.2264e+00     2.1035      1.909      2.768     9.7827 0.0000e+00
      1.958      0.048     8.3236     73.366     37.973  26.416909     1.5483      7.042   300.5946 9.1244e+00     2.1843      1.919      2.784     9.7824 0.0000e+00
      1.971      0.047     8.3241     73.371     37.957  26.405460     1.5184      7.040   301.8386 8.9795e+00     2.2496      1.933      2.804     9.7818 0.0000e+00
      1.985      0.045     8.3216     73.348     37.941  26.394010     1.5159      7.037   302.2700 8.8309e+00     2.2526      1.948      2.825     9.7811 0.0000e+00
      1.999      0.042     8.3185     73.321     37.958  26.405460     1.5267      7.037   302.1971 8.7252e+00     2.2504      1.960      2.843     9.7812 0.0000e+00
      2.010      0.038     8.3133     73.276     37.974  26.416911     1.5389      7.039   302.0754 8.6461e+00     2.2237      1.972      2.860     9.7811 0.0000e+00
      2.018      0.034     8.3061     73.211     37.958  26.405471     1.5533      7.040   301.7447 8.5822e+00     2.2040      1.980      2.873     9.7810 0.0000e+00
      2.023      0.033     8.3016     73.172     37.942  26.394135     1.5630      7.039   301.5542 8.5325e+00     2.2263      1.983      2.876     9.7807 0.0000e+00
      2.028      0.033     8.3006     73.163     37.960  26.406834     1.5736      7.038   301.6649 8.4557e+00     2.2486      1.988      2.883     9.7803 0.0000e+00
      2.037      0.035     8.3022     73.178     37.996  26.432023     1.5624      7.038   301.8791 8.3481e+00     2.1991      1.997      2.897     9.7803 0.0000e+00
      2.048      0.039     8.3055     73.207     38.014  26.444712     1.5283      7.038   302.1653 8.2441e+00     2.1165      2.008      2.913     9.7803 0.0000e+00
      2.059      0.043     8.3079     73.228     37.998  26.433272     1.5093      7.038   302.3718 8.1504e+00     2.1040      2.018      2.928     9.7804 0.0000e+00
      2.070      0.046     8.3099     73.245     37.979  26.420687     1.5084      7.037   302.3109 8.0467e+00     2.1399      2.030      2.944     9.7805 0.0000e+00
      2.083      0.048     8.3123     73.266     37.978  26.419534     1.5082      7.037   302.2894 7.9366e+00     2.1843      2.043      2.963     9.7806 0.0000e+00
      2.097      0.049     8.3127     73.269     37.977  26.419335     1.5071      7.037   302.3694 7.8431e+00     2.2133      2.057      2.983     9.7807 0.0000e+00
      2.109      0.049     8.3080     73.228     37.975  26.418275     1.5049      7.037   301.9874 7.7481e+00     2.2162      2.069      3.001     9.7806 0.0000e+00
      2.120      0.048     8.2980     73.140     37.959  26.406720     1.4999      7.037   301.5430 7.6493e+00     2.2186      2.079      3.015     9.7806 0.0000e+00
      2.132      0.048     8.2870     73.044     37.960  26.406615     1.5197      7.037   301.7283 7.5555e+00     2.2426      2.091      3.033     9.7807 0.0000e+00
      2.145      0.047     8.2792     72.974     37.975  26.417006     1.5606      7.036   301.9918 7.4517e+00     2.2620      2.105      3.053     9.7809 0.0000e+00
      2.157      0.047     8.2732     72.920     37.958  26.405356     1.5805      7.035   302.0608 7.3426e+00     2.2398      2.116      3.069     9.7809 0.0000e+00
      2.169      0.047     8.2658     72.855     37.940  26.392753     1.5851      7.034   302.2178 7.2459e+00     2.2180      2.127      3.086     9.7807 0.0000e+00
      2.181      0.047     8.2553     72.763     37.938  26.391617     1.5898      7.033   302.4273 7.1590e+00     2.2122      2.139      3.104     9.7804 0.0000e+00
      2.193      0.046     8.2446     72.669     37.938  26.391618     1.6184      7.033   301.9270 7.0679e+00     2.1705      2.150      3.119     9.7802 0.0000e+00
      2.205      0.045     8.2376     72.607     37.940  26.392764     1.6735      7.032   300.9017 6.9737e+00     2.0790      2.163      3.136     9.7802 0.0000e+00
      2.218      0.045     8.2337     72.572     37.958  26.405470     1.7052      7.029   300.6123 6.8948e+00     2.0218      2.175      3.155     9.7803 0.0000e+00
      2.229      0.046     8.2291     72.532     37.976  26.418265     1.7161      7.027   300.8378 6.8247e+00     2.0581      2.186      3.172     9.7803 0.0000e+00
      2.239      0.048     8.2243     72.490     37.980  26.420469     1.7223      7.026   301.2188 6.7392e+00     2.0907      2.196      3.184     9.7801 0.0000e+00
      2.250      0.050     8.2246     72.493     37.996  26.432118     1.7164      7.026   301.7778 6.6481e+00     2.0808      2.205      3.198     9.7800 0.0000e+00
      2.263      0.053     8.2305     72.545     37.996  26.432128     1.7090      7.025   301.7449 6.5477e+00     2.0905      2.219      3.218     9.7801 0.0000e+00
      2.279      0.056     8.2392     72.623     37.979  26.420584     1.7070      7.025   301.1655 6.4259e+00     2.1165      2.235      3.241     9.7801 0.0000e+00
      2.294      0.060     8.2467     72.690     37.977  26.419524     1.7107      7.024   300.9677 6.2933e+00     2.1516      2.249      3.263     9.7803 0.0000e+00
      2.309      0.061     8.2498     72.718     37.977  26.419324     1.7171      7.022   301.0739 6.1632e+00     2.1796      2.264      3.283     9.7805 0.0000e+00
      2.325      0.060     8.2507     72.726     37.975  26.418161     1.7187      7.020   301.1584 6.0450e+00     2.1797      2.279      3.306     9.7806 0.0000e+00
      2.343      0.058     8.2533     72.749     37.957  26.405461     1.7217      7.020   301.3018 5.9389e+00     2.1834      2.297      3.332     9.7811 0.0000e+00
      2.359      0.055     8.2588     72.797     37.938  26.392762     1.7342      7.020   301.4311 5.8519e+00     2.1943      2.315      3.357     9.7813 0.0000e+00
      2.372      0.053     8.2598     72.806     37.936  26.391608     1.7604      7.020   301.6029 5.7814e+00     2.2198      2.327      3.374     9.7813 0.0000e+00
      2.383      0.053     8.2544     72.759     37.936  26.391503     1.7811      7.020   301.8309 5.7167e+00     2.2481      2.337      3.389     9.7817 0.0000e+00
      2.394      0.054     8.2504     72.723     37.936  26.391503     1.7728      7.019   302.0360 5.6465e+00     2.2311      2.348      3.405     9.7821 0.0000e+00
      2.405      0.056     8.2500     72.719     37.936  26.391608     1.7610      7.017   302.1902 5.5661e+00     2.1659      2.358      3.420     9.7821 0.0000e+00
      2.420      0.057     8.2522     72.739     37.938  26.392763     1.7673      7.015   302.1463 5.4765e+00     2.0703      2.372      3.440     9.7823 0.0000e+00
      2.440      0.057     8.2556     72.769     37.956  26.405470     1.7762      7.014   302.0216 5.3745e+00     2.0214      2.393      3.470     9.7821 0.0000e+00
      2.459      0.053     8.2568     72.779     37.974  26.418264     1.7767      7.012   301.9722 5.2845e+00     2.0630      2.414      3.501     9.7819 0.0000e+00
      2.473      0.048     8.2550     72.763     37.978  26.420458     1.7915      7.012   302.1518 5.2274e+00     2.1159      2.428      3.521     9.7819 0.0000e+00
      2.483      0.043     8.2555     72.767     37.994  26.432003     1.8262      7.013   302.6449 5.1946e+00     2.1418      2.436      3.532     9.7819 0.0000e+00
      2.490      0.038     8.2592     72.800     37.993  26.430858     1.8382      7.014   302.9440 5.1791e+00     2.1323      2.442      3.542     9.7819 0.0000e+00
      2.496      0.037     8.2605     72.812     37.958  26.406616     1.8256      7.015   302.9290 5.1512e+00     2.0918      2.448      3.550     9.7817 0.0000e+00
