Data/DataNotYetUploadedToEDI/Raw_CTD/RawDownloads/111318_fcr50.cnv
* Sea-Bird SBE19plus  Data File:
* FileName = C:\DATA\111318_fcr_50_0001.hex
* Software version 2.6.3.104 SB_Terminal.dll
* Temperature SN = 7809
* Conductivity SN = 7809
* System UpLoad Time = Nov 13 2018 16:58:01
* <ApplicationData>
* <Seaterm232>
# nquan = 15
# nvalues = 1059                        
# units = specified
# name 0 = depFM: Depth [fresh water, m]
# name 1 = dz/dtM: Descent Rate [m/s]
# name 2 = sbeox0Mg/L: Oxygen, SBE 43 [mg/l]
# name 3 = sbeox0PS: Oxygen, SBE 43 [% saturation]
# name 4 = specc: Specific Conductance [uS/cm]
# name 5 = c0uS/cm: Conductivity [uS/cm]
# name 6 = flECO-AFL: Fluorescence, WET Labs ECO-AFL/FL [mg/m^3]
# name 7 = ph: pH
# name 8 = orp: Oxidation Reduction Potential [mV]
# name 9 = par/sat/log: PAR/Logarithmic, Satlantic
# name 10 = turbWETntu0: Turbidity, WET Labs ECO [NTU]
# name 11 = prdM: Pressure, Strain Gauge [db]
# name 12 = prdE: Pressure, Strain Gauge [psi]
# name 13 = tv290C: Temperature [ITS-90, deg C]
# name 14 = flag:  0.000e+00
# span 0 =     -0.617,      9.699       
# span 1 =     -0.143,      0.241       
# span 2 =     6.3032,    11.4196       
# span 3 =     55.104,     99.703       
# span 4 =      1.030,    269.352       
# span 5 =   0.684644, 187.212860       
# span 6 =    -0.2318,     2.0953       
# span 7 =      6.132,      8.329       
# span 8 =   275.8281,  1116.2997       
# span 9 = 1.2565e-01, 1.6661e+02       
# span 10 =    -0.2968,    57.3860      
# span 11 =     -0.606,      9.512      
# span 12 =     -0.879,     13.796      
# span 13 =     8.2376,     9.7837      
# span 14 = 0.0000e+00, 0.0000e+00      
# interval = seconds: 0.25
# start_time = Nov 13 2018 19:24:08 [Instrument's time stamp, header]
# bad_flag = -9.990e-29
*END*
[from data line 193]
     -0.150      0.006     8.2037     72.279     38.015  26.431998     1.3738      7.181   278.9982 1.2830e+02     2.1043     -0.146     -0.211     9.7600 0.0000e+00
     -0.149      0.004     8.1718     71.999     38.013  26.430854     1.3828      7.178   279.3945 1.2808e+02     2.0972     -0.146     -0.211     9.7622 0.0000e+00
     -0.149      0.002     8.1383     71.703     37.978  26.406622     1.3998      7.175   279.8005 1.2795e+02     2.1063     -0.146     -0.212     9.7629 0.0000e+00
     -0.150      0.000     8.1062     71.420     37.959  26.392987     1.4048      7.174   279.4335 1.2782e+02     2.1228     -0.147     -0.213     9.7629 0.0000e+00
     -0.150 -1.346e-10     8.0774     71.165     37.960  26.392986     1.3969      7.173   278.4842 1.2769e+02     2.1147     -0.147     -0.214     9.7632 0.0000e+00
     -0.150 -1.481e-09     8.0544     70.962     37.979  26.406612     1.3872      7.171   278.2165 1.2766e+02     2.0994     -0.147     -0.213     9.7632 0.0000e+00
     -0.150 -1.629e-08     8.0369     70.808     38.014  26.430750     1.3792      7.171   278.5204 1.2755e+02     2.1214     -0.147     -0.213     9.7632 0.0000e+00
     -0.150 -1.792e-07     8.0252     70.705     38.014  26.430854     1.3732      7.171   279.0610 1.2740e+02     2.1055     -0.147     -0.213     9.7627 0.0000e+00
     -0.150 -1.453e-07     8.0185     70.646     37.981  26.407871     1.3699      7.171   279.7630 1.2736e+02     2.0599     -0.147     -0.213     9.7621 0.0000e+00
     -0.150 3.9321e-07     8.0132     70.600     37.979  26.406839     1.3678      7.170   280.2106 1.2731e+02     2.0575     -0.147     -0.213     9.7621 0.0000e+00
     -0.150      0.000     8.0065     70.542     37.995  26.418384     1.3658      7.169   279.8269 1.2727e+02     2.0770     -0.147     -0.213     9.7619 0.0000e+00
     -0.149      0.000     7.9985     70.473     37.998  26.420466     1.3824      7.169   278.7367 1.2709e+02     2.1120     -0.146     -0.212     9.7622 0.0000e+00
     -0.149      0.001     7.9874     70.376     38.013  26.432010     1.4219      7.169   278.3007 1.2674e+02     2.1153     -0.146     -0.212     9.7627 0.0000e+00
     -0.149      0.001     7.9723     70.243     38.011  26.430979     1.4384      7.169   278.5130 1.2649e+02     2.0867     -0.146     -0.212     9.7631 0.0000e+00
     -0.149      0.001     7.9572     70.109     37.979  26.407996     1.4347      7.169   278.8946 1.2627e+02     2.1011     -0.146     -0.212     9.7634 0.0000e+00
     -0.149      0.001     7.9446     69.999     37.979  26.408101     1.4417      7.169   279.5583 1.2592e+02     2.1071     -0.146     -0.212     9.7638 0.0000e+00
     -0.148      0.001     7.9340     69.904     38.014  26.432249     1.4496      7.168   280.0855 1.2556e+02     2.0675     -0.145     -0.210     9.7644 0.0000e+00
     -0.148      0.001     7.9240     69.816     38.035  26.445988     1.4571      7.168   280.1928 1.2523e+02     2.0798     -0.145     -0.211     9.7646 0.0000e+00
     -0.148      0.001     7.9133     69.722     38.037  26.447227     1.4591      7.168   279.9084 1.2503e+02     2.1343     -0.145     -0.211     9.7644 0.0000e+00
     -0.148      0.001     7.9016     69.618     38.037  26.447227     1.4547      7.167   279.6591 1.2496e+02     2.1467     -0.145     -0.211     9.7643 0.0000e+00
     -0.148      0.001     7.8907     69.523     38.034  26.445987     1.4782      7.166   279.7593 1.2474e+02     2.1380     -0.145     -0.209     9.7639 0.0000e+00
     -0.147      0.001     7.8780     69.411     38.014  26.432241     1.5307      7.166   280.0008 1.2445e+02     2.1203     -0.144     -0.208     9.7635 0.0000e+00
     -0.147      0.001     7.8600     69.252     37.979  26.408007     1.5664      7.165   280.1706 1.2412e+02     2.1156     -0.144     -0.209     9.7633 0.0000e+00
     -0.147      0.001     7.8406     69.080     37.978  26.406965     1.5786      7.164   280.3496 1.2378e+02     2.1416     -0.143     -0.208     9.7633 0.0000e+00
     -0.147      0.001     7.8218     68.915     37.997  26.419644     1.5404      7.163   280.7026 1.2349e+02     2.1607     -0.144     -0.208     9.7638 0.0000e+00
     -0.146      0.001     7.8046     68.763     38.018  26.434319     1.4444      7.161   280.9970 1.2310e+02     2.1636     -0.143     -0.208     9.7644 0.0000e+00
     -0.146      0.001     7.7901     68.635     38.051  26.457399     1.3834      7.161   280.8985 1.2280e+02     2.1458     -0.143     -0.207     9.7641 0.0000e+00
     -0.145      0.001     7.7754     68.505     38.033  26.444718     1.3814      7.160   280.6291 1.2259e+02     2.1281     -0.142     -0.207     9.7632 0.0000e+00
     -0.145      0.001     7.7616     68.384     37.980  26.407986     1.4115      7.155   280.5801 1.2237e+02     2.1336     -0.142     -0.206     9.7632 0.0000e+00
     -0.145      0.001     7.7519     68.298     37.960  26.394247     1.4526      7.149   280.7358 1.2223e+02     2.1201     -0.143     -0.207     9.7635 0.0000e+00
     -0.145      0.001     7.7428     68.218     37.976  26.405601     1.4565      7.144   280.8758 1.2201e+02     2.0878     -0.142     -0.207     9.7634 0.0000e+00
     -0.145      0.001     7.7294     68.101     37.994  26.418271     1.4395      7.140   281.2415 1.2181e+02     2.0788     -0.142     -0.206     9.7633 0.0000e+00
     -0.145      0.002     7.7143     67.968     37.998  26.420454     1.4402      7.137   281.8875 1.2157e+02     2.0720     -0.142     -0.207     9.7631 0.0000e+00
     -0.144      0.002     7.7013     67.853     38.014  26.431999     1.4560      7.136   282.2336 1.2125e+02     2.0663     -0.140     -0.205     9.7632 0.0000e+00
     -0.142      0.002     7.6885     67.741     38.012  26.430864     1.4655      7.135   282.3288 1.2112e+02     2.0712     -0.139     -0.202     9.7634 0.0000e+00
     -0.142      0.003     7.6767     67.637     37.978  26.406726     1.4536      7.135   282.2643 1.2099e+02     2.0698     -0.140     -0.203     9.7639 0.0000e+00
     -0.142      0.003     7.6676     67.556     37.960  26.394133     1.4407      7.135   281.8838 1.2087e+02     2.0795     -0.139     -0.202     9.7638 0.0000e+00
     -0.141      0.002     7.6598     67.488     37.977  26.405591     1.4200      7.135   281.6868 1.2090e+02     2.1280     -0.139     -0.201     9.7636 0.0000e+00
     -0.140      0.002     7.6568     67.460     37.995  26.418271     1.3874      7.134   282.3770 1.2085e+02     2.1982     -0.138     -0.200     9.7637 0.0000e+00
     -0.140     -0.001     7.6594     67.483     37.999  26.420465     1.3764      7.133   283.5171 1.2075e+02     2.2271     -0.137     -0.199     9.7634 0.0000e+00
     -0.140     -0.009     7.6621     67.505     38.016  26.432116     1.3798      7.133   284.0291 1.2073e+02     2.2030     -0.137     -0.199     9.7631 0.0000e+00
     -0.140     -0.028     7.6631     67.510     38.019  26.432142     1.3820      7.130   283.9211 1.2078e+02     2.1506     -0.136     -0.198     9.7630 0.0000e+00
     -0.140     -0.057     7.6656     67.530     38.004  26.420783     1.3848      7.123   283.4165 1.2070e+02     2.0813     -0.137     -0.198     9.7628 0.0000e+00
     -0.147     -0.091     7.6676     67.544     38.008  26.421773     1.3764      7.117   282.6598 1.1972e+02     2.0373     -0.141     -0.203     9.7633 0.0000e+00
     -0.172     -0.121     7.6665     67.519     38.050  26.444108     1.3727      7.115   282.4291 1.1728e+02     2.1983     -0.159     -0.230     9.7625 0.0000e+00
     -0.221     -0.139     7.6638     67.468     38.241  26.563834     1.4315      7.115   282.9498 1.1388e+02     3.9363     -0.211     -0.306     9.7598 0.0000e+00
     -0.282     -0.143     7.6591     67.400     38.586  26.789915     1.5358      7.118   283.4488 1.1110e+02     7.0290     -0.282     -0.410     9.7572 0.0000e+00
     -0.334     -0.132     7.6582     67.366     38.933  27.018733     1.5863      7.122   283.6448 1.0976e+02     8.7385     -0.336     -0.487     9.7583 0.0000e+00
     -0.366     -0.104     7.6703     67.445     39.173  27.171535     1.5742      7.123   283.9440 1.0923e+02     9.6510     -0.364     -0.529     9.7516 0.0000e+00
     -0.382     -0.061     7.7003     67.681     39.292  27.240469     1.4899      7.118   284.3984 1.0910e+02    18.1845     -0.378     -0.548     9.7281 0.0000e+00
     -0.388     -0.010     7.7490     68.087     39.366  27.280713     1.3485      7.109   284.5782 1.0920e+02    33.7901     -0.382     -0.553     9.7110 0.0000e+00
     -0.389      0.038     7.8151     68.652     39.372  27.277115     1.2702      7.097   284.2255 1.0969e+02    42.2372     -0.383     -0.557     9.6988 0.0000e+00
     -0.378      0.077     7.8926     69.321     39.263  27.196965     1.2598      7.091   283.6620 1.1139e+02    42.1298     -0.380     -0.552     9.6790 0.0000e+00
     -0.347      0.105     7.9699     69.994     39.181  27.137094     1.2875      7.091   283.5300 1.1442e+02    32.0648     -0.346     -0.502     9.6596 0.0000e+00
     -0.301      0.121     8.0375     70.589     39.163  27.124700     1.3476      7.091   283.7470 1.1762e+02    13.4388     -0.292     -0.423     9.6463 0.0000e+00
     -0.257      0.124     8.0874     71.039     39.043  27.047105     1.3797      7.090   283.7053 1.2036e+02     3.2683     -0.250     -0.362     9.6375 0.0000e+00
     -0.222      0.115     8.1110     71.274     38.808  26.897378     1.3824      7.089   283.7134 1.2271e+02     2.3265     -0.216     -0.313     9.6303 0.0000e+00
     -0.193      0.097     8.1058     71.269     38.605  26.774818     1.3892      7.089   283.8454 1.2435e+02     2.2342     -0.186     -0.269     9.6270 0.0000e+00
     -0.173      0.075     8.0751     71.038     38.483  26.708213     1.4164      7.089   283.4079 1.2508e+02     2.2132     -0.167     -0.242     9.6257 0.0000e+00
     -0.163      0.057     8.0272     70.648     38.398  26.663553     1.4535      7.090   282.8127 1.2545e+02     2.1649     -0.159     -0.232     9.6300 0.0000e+00
     -0.155      0.044     7.9813     70.266     38.315  26.615832     1.4609      7.092   282.7577 1.2590e+02     2.1081     -0.153     -0.221     9.6494 0.0000e+00
     -0.146      0.038     7.9508     70.011     38.248  26.575705     1.4507      7.093   282.8277 1.2626e+02     2.0748     -0.143     -0.207     9.6770 0.0000e+00
     -0.138      0.038     7.9340     69.874     38.218  26.559366     1.4498      7.089   282.8001 1.2651e+02     2.0676     -0.136     -0.197     9.7013 0.0000e+00
     -0.130      0.040     7.9312     69.855     38.193  26.545276     1.4502      7.083   283.1982 1.2689e+02     2.0826     -0.128     -0.185     9.7199 0.0000e+00
     -0.120      0.042     7.9443     69.975     38.171  26.532345     1.4459      7.079   283.6828 1.2760e+02     2.1034     -0.119     -0.173     9.7318 0.0000e+00
     -0.107      0.044     7.9649     70.160     38.165  26.530015     1.4430      7.077   283.0668 1.2842e+02     2.1059     -0.105     -0.152     9.7402 0.0000e+00
     -0.092      0.044     7.9819     70.314     38.144  26.517105     1.4434      7.076   281.7729 1.2905e+02     2.1432     -0.089     -0.129     9.7464 0.0000e+00
     -0.081      0.043     7.9915     70.403     38.122  26.503240     1.4420      7.076   281.0301 1.2961e+02     2.2177     -0.080     -0.115     9.7497 0.0000e+00
     -0.071      0.041     7.9917     70.408     38.100  26.489376     1.4450      7.077   280.8831 1.3010e+02     2.2446     -0.070     -0.100     9.7519 0.0000e+00
     -0.061      0.039     7.9864     70.364     38.079  26.476467     1.4428      7.080   281.2005 1.3055e+02     2.2237     -0.061     -0.088     9.7542 0.0000e+00
     -0.052      0.038     7.9835     70.341     38.074  26.474150     1.4238      7.083   281.7699 1.3036e+02     2.2097     -0.049     -0.073     9.7568 0.0000e+00
     -0.044      0.039     7.9872     70.376     38.054  26.461355     1.3993      7.087   281.8309 1.2228e+02     2.1982     -0.043     -0.063     9.7590 0.0000e+00
     -0.036      0.042     8.0010     70.500     38.035  26.448760     1.3773      7.091   280.9059 1.0354e+02     2.1455     -0.038     -0.055     9.7609 0.0000e+00
     -0.025      0.045     8.0247     70.710     38.034  26.448864     1.3684      7.094   279.6195 9.0425e+01     2.0911     -0.025     -0.036     9.7628 0.0000e+00
     -0.012      0.049     8.0517     70.949     38.053  26.462612     1.3740      7.096   279.0105 8.8806e+01     2.0899     -0.011     -0.016     9.7643 0.0000e+00
      0.001      0.051     8.0767     71.170     38.089  26.487991     1.3814      7.096   279.0496 8.7861e+01     2.1000      0.001      0.001     9.7654 0.0000e+00
      0.016      0.051     8.0951     71.331     38.109  26.501740     1.3831      7.097   279.2316 8.4158e+01     2.0914      0.014      0.020     9.7664 0.0000e+00
      0.032      0.047     8.1018     71.389     38.110  26.501854     1.3766      7.098   279.3184 7.8943e+01     2.0774      0.033      0.047     9.7677 0.0000e+00
      0.046      0.042     8.0938     71.317     38.093  26.489365     1.3763      7.099   279.4108 7.6328e+01     2.0529      0.048      0.070     9.7684 0.0000e+00
      0.055      0.036     8.0679     71.087     38.078  26.477726     1.3884      7.099   279.7471 7.6096e+01     2.0399      0.054      0.078     9.7687 0.0000e+00
      0.061      0.030     8.0240     70.699     38.094  26.488116     1.3945      7.099   280.1146 7.6560e+01     2.0726      0.060      0.087     9.7686 0.0000e+00
      0.067      0.025     7.9665     70.192     38.094  26.488002     1.3955      7.099   280.2397 7.6213e+01     2.1119      0.066      0.095     9.7678 0.0000e+00
      0.072      0.022     7.9014     69.617     38.078  26.476353     1.3909      7.098   280.2279 7.2835e+01     2.1189      0.070      0.101     9.7667 0.0000e+00
      0.076      0.021     7.8302     68.989     38.076  26.474253     1.3759      7.097   280.0580 7.0607e+01     2.1262      0.076      0.110     9.7658 0.0000e+00
      0.081      0.022     7.7556     68.330     38.060  26.462613     1.3701      7.097   279.9062 6.9534e+01     2.1084      0.079      0.115     9.7647 0.0000e+00
      0.087      0.023     7.6820     67.680     38.061  26.462603     1.3757      7.095   280.4571 6.8132e+01     2.0567      0.085      0.122     9.7640 0.0000e+00
      0.092      0.026     7.6113     67.054     38.079  26.474138     1.3798      7.093   281.2126 6.7632e+01     2.0506      0.090      0.131     9.7636 0.0000e+00
      0.098      0.028     7.5429     66.447     38.083  26.475083     1.3827      7.091   281.3841 6.7427e+01     2.0646      0.096      0.139     9.7628 0.0000e+00
      0.106      0.030     7.4782     65.871     38.085  26.474025     1.3832      7.089   281.4980 6.6598e+01     2.0737      0.103      0.149     9.7623 0.0000e+00
      0.116      0.030     7.4228     65.380     38.070  26.461354     1.3858      7.087   281.5577 6.5238e+01     2.0992      0.114      0.164     9.7620 0.0000e+00
      0.125      0.029     7.3770     64.976     38.053  26.448864     1.3859      7.086   281.2450 6.3510e+01     2.0982      0.124      0.179     9.7603 0.0000e+00
      0.133      0.027     7.3367     64.623     38.054  26.449999     1.3756      7.085   281.2451 6.2002e+01     2.0924      0.131      0.189     9.7574 0.0000e+00
      0.139      0.024     7.3029     64.325     38.090  26.475083     1.3725      7.081   281.9885 6.1167e+01     2.0901      0.138      0.199     9.7529 0.0000e+00
      0.144      0.021     7.2746     64.075     38.123  26.498163     1.3751      7.077   282.9201 6.0146e+01     2.0710      0.142      0.206     9.7500 0.0000e+00
      0.148      0.019     7.2473     63.834     38.089  26.475073     1.3705      7.074   283.3892 5.8933e+01     2.1047      0.144      0.209     9.7505 0.0000e+00
      0.152      0.018     7.2214     63.606     38.054  26.449885     1.3807      7.072   283.7024 5.8134e+01     2.1620      0.148      0.215     9.7516 0.0000e+00
