Data/DataNotYetUploadedToEDI/Raw_CTD/RawDownloads/111318_fcr50.cnv
* Sea-Bird SBE19plus  Data File:
* FileName = C:\DATA\111318_fcr_50_0001.hex
* Software version 2.6.3.104 SB_Terminal.dll
* Temperature SN = 7809
* Conductivity SN = 7809
* System UpLoad Time = Nov 13 2018 16:58:01
* <ApplicationData>
* <Seaterm232>
# nquan = 15
# nvalues = 1059                        
# units = specified
# name 0 = depFM: Depth [fresh water, m]
# name 1 = dz/dtM: Descent Rate [m/s]
# name 2 = sbeox0Mg/L: Oxygen, SBE 43 [mg/l]
# name 3 = sbeox0PS: Oxygen, SBE 43 [% saturation]
# name 4 = specc: Specific Conductance [uS/cm]
# name 5 = c0uS/cm: Conductivity [uS/cm]
# name 6 = flECO-AFL: Fluorescence, WET Labs ECO-AFL/FL [mg/m^3]
# name 7 = ph: pH
# name 8 = orp: Oxidation Reduction Potential [mV]
# name 9 = par/sat/log: PAR/Logarithmic, Satlantic
# name 10 = turbWETntu0: Turbidity, WET Labs ECO [NTU]
# name 11 = prdM: Pressure, Strain Gauge [db]
# name 12 = prdE: Pressure, Strain Gauge [psi]
# name 13 = tv290C: Temperature [ITS-90, deg C]
# name 14 = flag:  0.000e+00
# span 0 =     -0.617,      9.699       
# span 1 =     -0.143,      0.241       
# span 2 =     6.3032,    11.4196       
# span 3 =     55.104,     99.703       
# span 4 =      1.030,    269.352       
# span 5 =   0.684644, 187.212860       
# span 6 =    -0.2318,     2.0953       
# span 7 =      6.132,      8.329       
# span 8 =   275.8281,  1116.2997       
# span 9 = 1.2565e-01, 1.6661e+02       
# span 10 =    -0.2968,    57.3860      
# span 11 =     -0.606,      9.512      
# span 12 =     -0.879,     13.796      
# span 13 =     8.2376,     9.7837      
# span 14 = 0.0000e+00, 0.0000e+00      
# interval = seconds: 0.25
# start_time = Nov 13 2018 19:24:08 [Instrument's time stamp, header]
# bad_flag = -9.990e-29
*END*
[from data line 97]
     -0.100     -0.004     7.6041     66.857     38.807  26.914824     1.3830      7.362   279.6235 1.2008e+02     2.0982     -0.097     -0.140     9.6923 0.0000e+00
     -0.102     -0.003     7.5648     66.509     38.778  26.893737     1.3820      7.355   279.3923 1.1982e+02     2.1213     -0.099     -0.144     9.6888 0.0000e+00
     -0.107     -0.001     7.5248     66.154     38.742  26.866741     1.3994      7.348   279.1494 1.1970e+02     2.1667     -0.106     -0.154     9.6835 0.0000e+00
     -0.109      0.002     7.4888     65.833     38.711  26.842403     1.4284      7.341   278.8379 1.2002e+02     2.1591     -0.110     -0.159     9.6779 0.0000e+00
     -0.105      0.005     7.4557     65.536     38.731  26.853457     1.4476      7.334   278.6374 1.2042e+02     2.1211     -0.103     -0.149     9.6747 0.0000e+00
     -0.100      0.008     7.4210     65.226     38.764  26.873398     1.4479      7.326   279.1345 1.2079e+02     2.1337     -0.097     -0.141     9.6741 0.0000e+00
     -0.097      0.009     7.3854     64.908     38.795  26.893016     1.4500      7.318   280.0300 1.2114e+02     2.1593     -0.095     -0.139     9.6727 0.0000e+00
     -0.095      0.008     7.3540     64.630     38.807  26.900161     1.4545      7.312   280.3453 1.2143e+02     2.1248     -0.094     -0.136     9.6681 0.0000e+00
     -0.094      0.006     7.3228     64.354     38.802  26.896286     1.4475      7.308   280.2791 1.2168e+02     2.0831     -0.093     -0.134     9.6638 0.0000e+00
     -0.092      0.004     7.2864     64.034     38.822  26.909658     1.4385      7.304   280.0046 1.2188e+02     2.1130     -0.091     -0.131     9.6608 0.0000e+00
     -0.092      0.002     7.2491     63.704     38.859  26.934848     1.4381      7.302   279.4341 1.2185e+02     2.1505     -0.090     -0.130     9.6581 0.0000e+00
     -0.092      0.002     7.2126     63.381     38.878  26.946866     1.4245      7.301   279.0605 1.2180e+02     2.1395     -0.091     -0.131     9.6565 0.0000e+00
     -0.092      0.001     7.1746     63.045     38.853  26.927974     1.3938      7.301   279.1873 1.2209e+02     2.1026     -0.090     -0.130     9.6559 0.0000e+00
     -0.092      0.001     7.1352     62.696     38.811  26.896918     1.3785      7.302   279.5047 1.2224e+02     2.0708     -0.090     -0.131     9.6553 0.0000e+00
     -0.092      0.002     7.0961     62.347     38.803  26.888856     1.3774      7.303   279.6291 1.2228e+02     2.0594     -0.090     -0.130     9.6546 0.0000e+00
     -0.091      0.003     7.0579     62.005     38.814  26.893996     1.3897      7.303   279.5724 1.2241e+02     2.0566     -0.089     -0.129     9.6531 0.0000e+00
     -0.090      0.003     7.0226     61.690     38.821  26.895557     1.4182      7.303   279.3352 1.2235e+02     2.0668     -0.089     -0.129     9.6512 0.0000e+00
     -0.089      0.004     6.9916     61.414     38.842  26.907725     1.4362      7.303   279.1702 1.2226e+02     2.0922     -0.088     -0.127     9.6487 0.0000e+00
     -0.088      0.004     6.9609     61.139     38.855  26.914121     1.4426      7.303   279.3852 1.2217e+02     2.0886     -0.087     -0.126     9.6453 0.0000e+00
     -0.086      0.004     6.9281     60.847     38.852  26.909399     1.4306      7.301   279.7832 1.2206e+02     2.0841     -0.085     -0.123     9.6419 0.0000e+00
     -0.085      0.004     6.8991     60.588     38.862  26.914122     1.4017      7.299   280.1097 1.2200e+02     2.0996     -0.084     -0.121     9.6382 0.0000e+00
     -0.085      0.003     6.8741     60.365     38.854  26.907721     1.3868      7.297   280.3217 1.2198e+02     2.0925     -0.083     -0.121     9.6347 0.0000e+00
     -0.084      0.002     6.8479     60.133     38.838  26.895503     1.3795      7.295   280.3678 1.2210e+02     2.0893     -0.082     -0.119     9.6317 0.0000e+00
     -0.083      0.001     6.8236     59.919     38.836  26.893403     1.3868      7.293   280.2378 1.2222e+02     2.0922     -0.082     -0.118     9.6286 0.0000e+00
     -0.083      0.001     6.8033     59.739     38.821  26.882321     1.4193      7.290   280.0399 1.2220e+02     2.0967     -0.081     -0.118     9.6258 0.0000e+00
     -0.084      0.000     6.7814     59.546     38.831  26.888505     1.4420      7.289   279.8678 1.2215e+02     2.1131     -0.082     -0.119     9.6240 0.0000e+00
     -0.084      0.000     6.7555     59.317     38.856  26.904667     1.4498      7.288   279.8780 1.2200e+02     2.1071     -0.082     -0.119     9.6226 0.0000e+00
     -0.084      0.000     6.7280     59.074     38.833  26.887245     1.4955      7.287   279.9048 1.2176e+02     2.1164     -0.082     -0.119     9.6215 0.0000e+00
     -0.084      0.001     6.7010     58.833     38.808  26.868345     1.5812      7.286   279.7611 1.2160e+02     2.1640     -0.082     -0.119     9.6209 0.0000e+00
     -0.083      0.002     6.6771     58.620     38.808  26.866641     1.6308      7.285   279.6897 1.2141e+02     2.1642     -0.082     -0.119     9.6199 0.0000e+00
     -0.082      0.003     6.6556     58.426     38.812  26.866641     1.6357      7.283   279.7294 1.2111e+02     2.1186     -0.081     -0.117     9.6188 0.0000e+00
     -0.082      0.003     6.6328     58.221     38.818  26.868345     1.6313      7.282   279.7250 1.2089e+02     2.1003     -0.081     -0.117     9.6175 0.0000e+00
     -0.081      0.003     6.6099     58.016     38.848  26.887235     1.5871      7.282   279.4647 1.2059e+02     2.1258     -0.079     -0.115     9.6153 0.0000e+00
     -0.080      0.003     6.5869     57.810     38.877  26.904553     1.5054      7.282   279.0771 1.2020e+02     2.1530     -0.078     -0.113     9.6127 0.0000e+00
     -0.079      0.003     6.5642     57.607     38.856  26.887236     1.4527      7.281   279.0822 1.1988e+02     2.1542     -0.077     -0.112     9.6095 0.0000e+00
     -0.078      0.003     6.5449     57.434     38.832  26.868344     1.4360      7.279   279.2685 1.1947e+02     2.1405     -0.077     -0.111     9.6061 0.0000e+00
     -0.078      0.002     6.5263     57.266     38.832  26.866632     1.4235      7.277   279.4368 1.1906e+02     2.1097     -0.076     -0.111     9.6030 0.0000e+00
     -0.077      0.001     6.5073     57.096     38.834  26.866528     1.4023      7.274   279.8273 1.1867e+02     2.0877     -0.075     -0.109     9.5997 0.0000e+00
     -0.077      0.001     6.4911     56.951     38.838  26.867087     1.3818      7.270   280.1179 1.1823e+02     2.0876     -0.075     -0.109     9.5966 0.0000e+00
     -0.077      0.001     6.4754     56.811     38.850  26.873383     1.3781      7.266   279.9384 1.1799e+02     2.1081     -0.075     -0.109     9.5938 0.0000e+00
     -0.077      0.001     6.4583     56.658     38.860  26.879156     1.4043      7.262   279.5501 1.1782e+02     2.1535     -0.075     -0.109     9.5911 0.0000e+00
     -0.077      0.000     6.4404     56.498     38.854  26.873383     1.4416      7.259   279.4668 1.1767e+02     2.1777     -0.075     -0.109     9.5887 0.0000e+00
     -0.076 -4.106e-08     6.4239     56.351     38.847  26.867091     1.4517      7.256   279.7916 1.1765e+02     2.1569     -0.075     -0.108     9.5862 0.0000e+00
     -0.076 -4.517e-07     6.4131     56.254     38.848  26.866573     1.4434      7.253   280.2083 1.1762e+02     2.1155     -0.075     -0.109     9.5840 0.0000e+00
     -0.076      0.000     6.4028     56.162     38.851  26.867115     1.4511      7.248   280.4605 1.1767e+02     2.1047     -0.075     -0.108     9.5822 0.0000e+00
     -0.076      0.000     6.3833     55.988     38.861  26.873638     1.4813      7.243   280.4324 1.1770e+02     2.1179     -0.074     -0.108     9.5804 0.0000e+00
     -0.076     -0.001     6.3614     55.793     38.876  26.881940     1.5052      7.236   280.2129 1.1766e+02     2.1221     -0.075     -0.108     9.5786 0.0000e+00
     -0.076     -0.005     6.3433     55.631     38.910  26.903999     1.5094      7.227   279.7849 1.1772e+02     2.1259     -0.075     -0.109     9.5768 0.0000e+00
     -0.076     -0.016     6.3263     55.472     38.985  26.949864     1.4957      7.219   279.3016 1.1776e+02     2.1026     -0.075     -0.108     9.5754 0.0000e+00
     -0.076     -0.038     6.3138     55.326     39.078  26.992005     1.4686      7.212   279.3594 1.1772e+02     2.0842     -0.075     -0.109     9.5734 0.0000e+00
     -0.079     -0.070     6.3067     55.198     39.194  27.032511     1.4485      7.207   279.5379 1.1731e+02     2.0864     -0.076     -0.110     9.5721 0.0000e+00
     -0.091     -0.103     6.3032     55.104     39.286  27.058598     1.4450      7.207   279.2219 1.1565e+02     2.0674     -0.080     -0.117     9.5695 0.0000e+00
     -0.124     -0.128     6.3122     55.148     39.309  27.053386     1.4451      7.209   278.7232 1.1245e+02     2.0686     -0.112     -0.163     9.5698 0.0000e+00
     -0.179     -0.142     6.3439     55.409     39.294  27.032972     1.4401      7.213   278.3257 1.0888e+02     2.1010     -0.175     -0.253     9.5463 0.0000e+00
     -0.238     -0.142     6.4006     55.892     39.260  27.002255     1.4399      7.217   278.0290 1.0613e+02     2.1237     -0.239     -0.346     9.4801 0.0000e+00
     -0.283     -0.126     6.4855     56.616     39.270  26.999471     1.4428      7.221   277.8033 1.0452e+02     2.1288     -0.284     -0.412     9.4253 0.0000e+00
     -0.311     -0.097     6.5947     57.554     39.375  27.062798     1.4383      7.222   277.8339 1.0413e+02     2.1626     -0.311     -0.451     9.4037 0.0000e+00
     -0.324     -0.067     6.7159     58.612     39.569  27.196451     1.4230      7.219   277.9686 1.0485e+02     2.7767     -0.320     -0.464     9.3960 0.0000e+00
     -0.328     -0.043     6.8413     59.718     39.961  27.472494     1.4048      7.210   277.7111 1.0621e+02     3.9387     -0.321     -0.466     9.3901 0.0000e+00
     -0.328     -0.030     6.9666     60.818     40.521  27.860449     1.4011      7.200   277.1297 1.0750e+02     4.5547     -0.322     -0.466     9.3741 0.0000e+00
     -0.330     -0.027     7.0849     61.853     40.927  28.140698     1.3693      7.194   276.7035 1.0746e+02     4.6402     -0.322     -0.466     9.3578 0.0000e+00
     -0.337     -0.027     7.1912     62.785     41.093  28.257443     0.9829      7.190   276.6885 1.0556e+02     5.5209     -0.329     -0.475     9.3604 0.0000e+00
     -0.350     -0.027     7.2907     63.659     41.180  28.319485     0.2956      7.188   276.8619 1.0391e+02     7.1770     -0.345     -0.499     9.3746 0.0000e+00
     -0.363     -0.023     7.3912     64.535     41.273  28.382835    -0.0569      7.188   276.8213 1.0401e+02     8.1840     -0.359     -0.519     9.3778 0.0000e+00
     -0.370     -0.014     7.4962     65.449     41.283  28.388380    -0.0544      7.192   276.5415 1.0493e+02     9.3654     -0.364     -0.528     9.3746 0.0000e+00
     -0.372     -0.001     7.6084     66.428     41.096  28.259518     0.2341      7.195   276.0609 1.0608e+02    21.5223     -0.366     -0.530     9.3803 0.0000e+00
     -0.370      0.009     7.7280     67.472     40.948  28.158313     0.7856      7.186   275.8281 1.0760e+02    43.8725     -0.365     -0.529     9.3851 0.0000e+00
     -0.363      0.011     7.8451     68.493     41.075  28.244245     1.0992      7.173   275.9638 1.0952e+02    56.0856     -0.358     -0.520     9.3825 0.0000e+00
     -0.350      0.006     7.9449     69.359     41.226  28.345993     1.1303      7.166   275.9807 1.1150e+02    57.1887     -0.344     -0.499     9.3797 0.0000e+00
     -0.340      0.001     8.0207     70.014     41.178  28.309015     1.1160      7.168   276.3762 1.1318e+02    57.2715     -0.328     -0.477     9.3800 0.0000e+00
     -0.344      0.003     8.0671     70.413     40.993  28.178160     1.0278      7.172   276.9606 1.1429e+02    57.3005     -0.331     -0.481     9.3815 0.0000e+00
     -0.359      0.018     8.0813     70.530     40.879  28.097364     0.8816      7.172   276.8515 1.1558e+02    57.3860     -0.354     -0.513     9.3806 0.0000e+00
     -0.373      0.043     8.0697     70.427     40.968  28.157621     0.8097      7.170   276.7783 1.1806e+02    57.3586     -0.371     -0.539     9.3769 0.0000e+00
     -0.368      0.072     8.0365     70.155     41.028  28.208210     0.8293      7.172   277.2807 1.2158e+02    56.1462     -0.372     -0.540     9.3720 0.0000e+00
     -0.335      0.098     7.9856     69.760     40.891  28.137525     0.9897      7.177   277.5903 1.2574e+02    42.4523     -0.340     -0.492     9.3676 0.0000e+00
     -0.282      0.113     7.9275     69.318     40.646  28.001510     1.2692      7.181   277.5102 1.2982e+02    17.3373     -0.273     -0.396     9.3639 0.0000e+00
     -0.232      0.114     7.8625     68.815     40.355  27.833721     1.4244      7.184   277.2590 1.3257e+02     3.6472     -0.220     -0.319     9.3600 0.0000e+00
     -0.200      0.099     7.7937     68.275     40.112  27.696344     1.4329      7.184   276.9624 1.3365e+02     2.3866     -0.192     -0.278     9.3660 0.0000e+00
     -0.185      0.074     7.7329     67.791     39.952  27.610542     1.4074      7.182   276.8494 1.3370e+02     2.2171     -0.176     -0.257     9.4000 0.0000e+00
     -0.180      0.047     7.6724     67.297     39.575  27.367816     1.3836      7.179   277.0969 1.3333e+02     2.1171     -0.177     -0.256     9.4453 0.0000e+00
     -0.176      0.027     7.6037     66.739     38.897  26.920527     1.3846      7.178   277.6319 1.3296e+02     2.0621     -0.174     -0.251     9.4837 0.0000e+00
     -0.171      0.015     7.5361     66.211     38.364  26.583784     1.3915      7.178   277.9839 1.3264e+02     2.1014     -0.166     -0.241     9.5248 0.0000e+00
     -0.168      0.009     7.4793     65.783     38.151  26.471191     1.4023      7.181   277.9968 1.3222e+02     2.1346     -0.164     -0.238     9.5568 0.0000e+00
     -0.167      0.007     7.4493     65.569     38.083  26.448170     1.4228      7.183   277.8739 1.3195e+02     2.0973     -0.163     -0.237     9.5727 0.0000e+00
     -0.166      0.005     7.4635     65.720     38.042  26.432451     1.4380      7.184   277.7886 1.3188e+02     2.0774     -0.162     -0.236     9.5955 0.0000e+00
     -0.165      0.003     7.5270     66.290     38.000  26.408131     1.4480      7.184   277.8256 1.3188e+02     2.0770     -0.162     -0.235     9.6431 0.0000e+00
     -0.165      0.002     7.6356     67.251     37.996  26.408113     1.4331      7.183   277.8908 1.3189e+02     2.0621     -0.162     -0.235     9.6970 0.0000e+00
     -0.165      0.002     7.7730     68.464     38.029  26.432239     1.3962      7.182   278.1468 1.3171e+02     2.0796     -0.162     -0.235     9.7287 0.0000e+00
     -0.165      0.002     7.9145     69.713     38.047  26.445864     1.3782      7.182   278.5983 1.3147e+02     2.1057     -0.161     -0.234     9.7414 0.0000e+00
     -0.165      0.003     8.0408     70.828     38.045  26.445854     1.3815      7.182   278.7893 1.3128e+02     2.1346     -0.162     -0.235     9.7462 0.0000e+00
     -0.164      0.004     8.1424     71.726     38.023  26.432124     1.3898      7.182   278.7360 1.3103e+02     2.1532     -0.160     -0.234     9.7490 0.0000e+00
     -0.162      0.006     8.2136     72.356     37.984  26.406841     1.3958      7.181   278.6430 1.3061e+02     2.1176     -0.158     -0.229     9.7510 0.0000e+00
     -0.160      0.008     8.2524     72.702     37.963  26.394143     1.3899      7.181   278.4388 1.2993e+02     2.0704     -0.157     -0.227     9.7523 0.0000e+00
     -0.159      0.008     8.2631     72.799     37.978  26.405591     1.3740      7.181   278.3318 1.2933e+02     2.0704     -0.156     -0.227     9.7539 0.0000e+00
     -0.157      0.008     8.2524     72.707     37.996  26.418270     1.3680      7.182   278.5533 1.2893e+02     2.1183     -0.155     -0.224     9.7556 0.0000e+00
