Data/DataNotYetUploadedToEDI/Raw_CTD/RawDownloads/111318_fcr50.cnv
* Sea-Bird SBE19plus  Data File:
* FileName = C:\DATA\111318_fcr_50_0001.hex
* Software version 2.6.3.104 SB_Terminal.dll
* Temperature SN = 7809
* Conductivity SN = 7809
* System UpLoad Time = Nov 13 2018 16:58:01
* <ApplicationData>
* <Seaterm232>
# nquan = 15
# nvalues = 1059                        
# units = specified
# name 0 = depFM: Depth [fresh water, m]
# name 1 = dz/dtM: Descent Rate [m/s]
# name 2 = sbeox0Mg/L: Oxygen, SBE 43 [mg/l]
# name 3 = sbeox0PS: Oxygen, SBE 43 [% saturation]
# name 4 = specc: Specific Conductance [uS/cm]
# name 5 = c0uS/cm: Conductivity [uS/cm]
# name 6 = flECO-AFL: Fluorescence, WET Labs ECO-AFL/FL [mg/m^3]
# name 7 = ph: pH
# name 8 = orp: Oxidation Reduction Potential [mV]
# name 9 = par/sat/log: PAR/Logarithmic, Satlantic
# name 10 = turbWETntu0: Turbidity, WET Labs ECO [NTU]
# name 11 = prdM: Pressure, Strain Gauge [db]
# name 12 = prdE: Pressure, Strain Gauge [psi]
# name 13 = tv290C: Temperature [ITS-90, deg C]
# name 14 = flag:  0.000e+00
# span 0 =     -0.617,      9.699       
# span 1 =     -0.143,      0.241       
# span 2 =     6.3032,    11.4196       
# span 3 =     55.104,     99.703       
# span 4 =      1.030,    269.352       
# span 5 =   0.684644, 187.212860       
# span 6 =    -0.2318,     2.0953       
# span 7 =      6.132,      8.329       
# span 8 =   275.8281,  1116.2997       
# span 9 = 1.2565e-01, 1.6661e+02       
# span 10 =    -0.2968,    57.3860      
# span 11 =     -0.606,      9.512      
# span 12 =     -0.879,     13.796      
# span 13 =     8.2376,     9.7837      
# span 14 = 0.0000e+00, 0.0000e+00      
# interval = seconds: 0.25
# start_time = Nov 13 2018 19:24:08 [Instrument's time stamp, header]
# bad_flag = -9.990e-29
*END*
[from data line 290]
      0.162      0.019     7.1710     63.162     38.050  26.447501     1.4239      7.071   284.1218 5.7329e+01     2.1006      0.159      0.231     9.7514 0.0000e+00
      0.167      0.021     7.1479     62.957     38.053  26.448627     1.4356      7.072   283.9109 5.6975e+01     2.0637      0.164      0.238     9.7515 0.0000e+00
      0.172      0.024     7.1282     62.781     38.074  26.461220     1.4477      7.075   284.1574 5.6373e+01     2.0746      0.169      0.244     9.7514 0.0000e+00
      0.178      0.026     7.1103     62.620     38.093  26.472774     1.4513      7.077   284.7783 5.6300e+01     2.1103      0.175      0.253     9.7513 0.0000e+00
      0.184      0.029     7.0974     62.503     38.078  26.461334     1.4425      7.078   285.3954 5.6357e+01     2.1298      0.179      0.260     9.7512 0.0000e+00
      0.192      0.032     7.0899     62.435     38.063  26.449885     1.4323      7.080   285.9408 5.5108e+01     2.1271      0.188      0.273     9.7501 0.0000e+00
      0.201      0.035     7.0852     62.393     38.080  26.461334     1.4384      7.082   286.3822 5.3233e+01     2.1383      0.198      0.287     9.7476 0.0000e+00
      0.211      0.037     7.0830     62.373     38.097  26.472775     1.4616      7.084   286.6019 5.2700e+01     2.1731      0.206      0.299     9.7450 0.0000e+00
      0.222      0.040     7.0816     62.361     38.081  26.461221     1.4923      7.086   286.7039 5.2980e+01     2.2126      0.218      0.317     9.7434 0.0000e+00
      0.232      0.042     7.0783     62.332     38.062  26.448626     1.5151      7.086   286.6690 5.3081e+01     2.2496      0.228      0.330     9.7422 0.0000e+00
      0.242      0.043     7.0745     62.299     38.060  26.447481     1.5165      7.086   286.6973 5.2992e+01     2.2541      0.237      0.344     9.7415 0.0000e+00
      0.253      0.045     7.0714     62.270     38.061  26.447377     1.5098      7.084   286.9603 5.1881e+01     2.2371      0.247      0.357     9.7409 0.0000e+00
      0.265      0.046     7.0644     62.209     38.061  26.447367     1.5069      7.080   287.4396 5.0559e+01     2.2263      0.260      0.377     9.7414 0.0000e+00
      0.278      0.049     7.0539     62.117     38.061  26.447367     1.5096      7.077   288.0177 4.9818e+01     2.2155      0.273      0.395     9.7422 0.0000e+00
      0.290      0.052     7.0440     62.030     38.061  26.447376     1.5150      7.073   288.2715 4.9131e+01     2.2281      0.284      0.413     9.7424 0.0000e+00
      0.302      0.055     7.0328     61.931     38.061  26.447480     1.5260      7.072   288.4431 4.8574e+01     2.2271      0.298      0.432     9.7410 0.0000e+00
      0.316      0.058     7.0229     61.844     38.063  26.448616     1.5502      7.072   288.5443 4.7723e+01     2.1723      0.308      0.446     9.7407 0.0000e+00
      0.332      0.061     7.0203     61.820     38.081  26.461106     1.5601      7.074   288.3766 4.6633e+01     2.1155      0.326      0.472     9.7418 0.0000e+00
      0.349      0.063     7.0228     61.842     38.095  26.471505     1.5622      7.076   288.3942 4.5500e+01     2.0888      0.342      0.497     9.7412 0.0000e+00
      0.367      0.063     7.0304     61.911     38.060  26.447356     1.5572      7.076   288.6708 4.4277e+01     2.0936      0.359      0.521     9.7414 0.0000e+00
      0.385      0.062     7.0443     62.034     38.025  26.423113     1.5185      7.077   289.0537 4.3553e+01     2.1435      0.378      0.549     9.7417 0.0000e+00
      0.401      0.059     7.0605     62.176     38.038  26.432369     1.4900      7.079   289.4959 4.2893e+01     2.2031      0.393      0.570     9.7405 0.0000e+00
      0.415      0.057     7.0768     62.319     38.038  26.432274     1.4888      7.080   289.8884 4.2268e+01     2.2344      0.408      0.592     9.7410 0.0000e+00
      0.427      0.054     7.0937     62.468     38.023  26.421959     1.4938      7.077   289.9278 4.1722e+01     2.2476      0.419      0.608     9.7419 0.0000e+00
      0.439      0.050     7.1104     62.613     38.043  26.434648     1.4859      7.075   289.7998 4.1195e+01     2.2106      0.429      0.621     9.7422 0.0000e+00
      0.453      0.047     7.1236     62.727     38.079  26.458701     1.4580      7.075   289.8903 4.1025e+01     2.1223      0.444      0.644     9.7425 0.0000e+00
      0.466      0.045     7.1322     62.801     38.080  26.458797     1.4503      7.073   289.9028 4.0405e+01     2.0654      0.460      0.667     9.7422 0.0000e+00
      0.476      0.044     7.1390     62.861     38.047  26.435812     1.4669      7.074   289.8646 3.9450e+01     2.0720      0.467      0.679     9.7424 0.0000e+00
      0.485      0.045     7.1439     62.903     38.047  26.434772     1.4836      7.076   290.0309 3.9280e+01     2.1107      0.473      0.688     9.7415 0.0000e+00
      0.495      0.048     7.1483     62.941     38.065  26.446221     1.4959      7.077   290.2784 3.9417e+01     2.1668      0.486      0.704     9.7389 0.0000e+00
      0.505      0.053     7.1548     62.998     38.066  26.447253     1.5051      7.076   290.6209 3.8743e+01     2.2013      0.495      0.718     9.7386 0.0000e+00
      0.518      0.060     7.1611     63.052     38.066  26.447242     1.5120      7.073   290.9880 3.7834e+01     2.1918      0.506      0.734     9.7384 0.0000e+00
      0.536      0.065     7.1676     63.110     38.065  26.446086     1.5150      7.069   291.1030 3.7234e+01     2.1740      0.524      0.760     9.7362 0.0000e+00
      0.556      0.067     7.1792     63.214     38.046  26.433274     1.5141      7.067   291.1514 3.6423e+01     2.1692      0.543      0.788     9.7359 0.0000e+00
      0.578      0.066     7.1979     63.379     38.025  26.419324     1.5106      7.068   291.3151 3.5739e+01     2.1949      0.567      0.823     9.7363 0.0000e+00
      0.597      0.064     7.2234     63.605     38.002  26.404421     1.5091      7.069   291.4479 3.5424e+01     2.2400      0.589      0.853     9.7357 0.0000e+00
      0.611      0.060     7.2583     63.915     37.965  26.380074     1.4957      7.070   291.4659 3.5136e+01     2.2267      0.599      0.869     9.7355 0.0000e+00
      0.621      0.058     7.3017     64.299     37.961  26.378920     1.4681      7.071   291.4474 3.4745e+01     2.1553      0.609      0.884     9.7366 0.0000e+00
      0.632      0.058     7.3474     64.703     37.976  26.390472     1.4511      7.072   291.5681 3.4248e+01     2.1096      0.620      0.898     9.7376 0.0000e+00
      0.647      0.060     7.3892     65.073     37.979  26.392762     1.4467      7.072   291.8069 3.3763e+01     2.1015      0.633      0.917     9.7378 0.0000e+00
      0.665      0.063     7.4220     65.362     38.000  26.406605     1.4519      7.072   292.0117 3.3323e+01     2.1184      0.652      0.946     9.7399 0.0000e+00
      0.684      0.064     7.4416     65.535     38.035  26.430856     1.4584      7.072   292.3234 3.2758e+01     2.1305      0.671      0.974     9.7422 0.0000e+00
      0.703      0.063     7.4466     65.578     38.036  26.432002     1.4516      7.072   292.6503 3.2218e+01     2.0954      0.689      1.000     9.7434 0.0000e+00
      0.720      0.061     7.4381     65.503     38.020  26.420459     1.4431      7.074   292.2644 3.1856e+01     2.0609      0.708      1.027     9.7442 0.0000e+00
      0.734      0.057     7.4156     65.304     38.017  26.418274     1.4394      7.075   291.4431 3.1544e+01     2.0790      0.721      1.045     9.7437 0.0000e+00
      0.746      0.056     7.3824     65.011     37.999  26.405584     1.4245      7.075   291.1518 3.1251e+01     2.1006      0.733      1.061     9.7432 0.0000e+00
      0.758      0.058     7.3454     64.686     37.983  26.394021     1.3919      7.075   291.3244 3.0773e+01     2.0776      0.743      1.078     9.7435 0.0000e+00
      0.771      0.061     7.3084     64.361     37.998  26.405456     1.3670      7.074   291.8084 3.0209e+01     2.0461      0.755      1.094     9.7434 0.0000e+00
      0.787      0.066     7.2711     64.033     38.014  26.416854     1.3720      7.073   292.5302 2.9776e+01     2.0542      0.771      1.118     9.7429 0.0000e+00
      0.806      0.070     7.2354     63.719     37.996  26.404830     1.4338      7.071   292.9953 2.9218e+01     2.0850      0.789      1.145     9.7428 0.0000e+00
      0.827      0.072     7.2040     63.444     37.970  26.387072     1.5350      7.070   292.7867 2.8498e+01     2.0823      0.811      1.176     9.7429 0.0000e+00
      0.848      0.071     7.1767     63.204     37.978  26.392636     1.5850      7.069   292.0724 2.7942e+01     2.0518      0.833      1.209     9.7433 0.0000e+00
      0.866      0.069     7.1532     62.996     38.001  26.408611     1.5783      7.070   291.6725 2.7525e+01     2.0516      0.851      1.233     9.7439 0.0000e+00
      0.883      0.064     7.1288     62.781     37.974  26.389728     1.5553      7.070   291.7365 2.7026e+01     2.1114      0.866      1.256     9.7443 0.0000e+00
      0.898      0.058     7.1016     62.543     37.924  26.354815     1.5180      7.070   291.9000 2.6521e+01     2.1954      0.881      1.278     9.7452 0.0000e+00
      0.911      0.053     7.0744     62.303     37.941  26.367461     1.4950      7.071   292.1871 2.6071e+01     2.2429      0.894      1.296     9.7451 0.0000e+00
      0.924      0.049     7.0472     62.063     38.011  26.415630     1.4982      7.072   292.3684 2.5666e+01     2.2586      0.907      1.315     9.7447 0.0000e+00
      0.937      0.045     7.0193     61.817     38.031  26.429256     1.5007      7.072   292.5431 2.5338e+01     2.2318      0.920      1.334     9.7447 0.0000e+00
      0.948      0.043     6.9927     61.582     37.997  26.405221     1.4986      7.072   292.9232 2.5087e+01     2.1632      0.930      1.349     9.7450 0.0000e+00
      0.957      0.042     6.9686     61.370     37.959  26.379001     1.4997      7.072   293.0920 2.4893e+01     2.1010      0.939      1.361     9.7457 0.0000e+00
      0.966      0.043     6.9437     61.150     37.941  26.366218     1.5057      7.072   292.9496 2.4736e+01     2.0593      0.948      1.375     9.7455 0.0000e+00
      0.976      0.045     6.9182     60.925     37.957  26.377648     1.5340      7.072   292.7503 2.4582e+01     2.0554      0.956      1.386     9.7445 0.0000e+00
      0.987      0.049     6.8948     60.719     37.976  26.390223     1.5750      7.072   292.7472 2.4322e+01     2.0544      0.967      1.400     9.7439 0.0000e+00
      1.001      0.051     6.8756     60.550     37.978  26.391263     1.5889      7.072   292.9124 2.3902e+01     2.0478      0.981      1.423     9.7441 0.0000e+00
      1.017      0.052     6.8591     60.404     37.976  26.390223     1.5826      7.071   293.5432 2.3468e+01     2.0664      0.997      1.446     9.7443 0.0000e+00
      1.032      0.052     6.8396     60.232     37.959  26.377648     1.5723      7.070   294.4373 2.3080e+01     2.0655      1.012      1.468     9.7440 0.0000e+00
      1.046      0.050     6.8187     60.047     37.943  26.366208     1.5459      7.070   294.6889 2.2609e+01     2.0675      1.026      1.488     9.7437 0.0000e+00
      1.057      0.047     6.8011     59.891     37.961  26.378897     1.5119      7.070   294.6919 2.2228e+01     2.0911      1.038      1.507     9.7437 0.0000e+00
      1.067      0.043     6.7861     59.759     37.998  26.404081     1.5017      7.069   294.7312 2.1964e+01     2.1062      1.047      1.519     9.7432 0.0000e+00
      1.077      0.038     6.7709     59.624     38.016  26.416718     1.5137      7.068   294.6479 2.1598e+01     2.1286      1.056      1.531     9.7423 0.0000e+00
      1.087      0.033     6.7545     59.480     37.999  26.404705     1.5107      7.068   294.7170 2.1297e+01     2.1480      1.067      1.547     9.7421 0.0000e+00
      1.097      0.028     6.7377     59.332     37.973  26.385823     1.4836      7.069   295.1370 2.1156e+01     2.1566      1.077      1.562     9.7421 0.0000e+00
      1.104      0.024     6.7219     59.192     37.963  26.378897     1.4524      7.069   295.7682 2.1051e+01     2.1416      1.084      1.574     9.7416 0.0000e+00
      1.108      0.021     6.7104     59.091     37.972  26.384461     1.4374      7.068   296.1544 2.0994e+01     2.1192      1.087      1.577     9.7414 0.0000e+00
      1.110      0.019     6.6996     58.996     37.978  26.389603     1.4397      7.067   296.3645 2.0966e+01     2.1307      1.089      1.578     9.7418 0.0000e+00
      1.114      0.019     6.6876     58.892     37.960  26.377571     1.4435      7.067   296.3308 2.0860e+01     2.1273      1.090      1.581     9.7413 0.0000e+00
      1.119      0.019     6.6796     58.822     37.943  26.365974     1.4374      7.067   296.0043 2.0690e+01     2.1083      1.097      1.591     9.7402 0.0000e+00
      1.127      0.020     6.6744     58.777     37.957  26.376379     1.4295      7.067   295.9444 2.0487e+01     2.1153      1.105      1.603     9.7400 0.0000e+00
      1.133      0.024     6.6694     58.733     37.956  26.376379     1.4308      7.067   296.2094 2.0307e+01     2.1202      1.112      1.612     9.7409 0.0000e+00
      1.137      0.029     6.6679     58.721     37.941  26.365978     1.4353      7.064   296.3680 2.0238e+01     2.1071      1.116      1.617     9.7419 0.0000e+00
      1.141      0.034     6.6686     58.729     37.957  26.377617     1.4467      7.058   296.2284 2.0102e+01     2.0784      1.117      1.620     9.7417 0.0000e+00
      1.148      0.039     6.6697     58.740     37.972  26.390116     1.4502      7.054   296.1558 1.9697e+01     2.0789      1.123      1.628     9.7416 0.0000e+00
      1.162      0.043     6.6750     58.789     37.970  26.390108     1.4402      7.052   296.2640 1.9237e+01     2.1138      1.138      1.650     9.7431 0.0000e+00
      1.179      0.046     6.6835     58.869     37.949  26.377513     1.4447      7.052   296.3330 1.8939e+01     2.1338      1.160      1.681     9.7434 0.0000e+00
      1.193      0.047     6.6964     58.989     37.926  26.364833     1.4597      7.053   296.3873 1.8745e+01     2.1369      1.172      1.699     9.7443 0.0000e+00
      1.203      0.046     6.7196     59.198     37.921  26.363783     1.4646      7.053   296.4043 1.8606e+01     2.1211      1.178      1.709     9.7470 0.0000e+00
      1.213      0.045     6.7556     59.517     37.921  26.364823     1.4581      7.053   296.4519 1.8464e+01     2.0947      1.189      1.725     9.7477 0.0000e+00
      1.223      0.044     6.8055     59.958     37.938  26.377408     1.4640      7.054   296.5338 1.8284e+01     2.0925      1.199      1.739     9.7503 0.0000e+00
      1.234      0.046     6.8701     60.529     37.954  26.388956     1.4899      7.055   296.5333 1.8059e+01     2.0950      1.210      1.754     9.7566 0.0000e+00
      1.245      0.048     6.9473     61.209     37.937  26.377465     1.5048      7.056   296.5322 1.7793e+01     2.0636      1.221      1.771     9.7602 0.0000e+00
      1.259      0.050     7.0340     61.974     37.918  26.365453     1.5059      7.056   296.6062 1.7511e+01     2.0483      1.234      1.789     9.7604 0.0000e+00
      1.274      0.050     7.1280     62.804     37.925  26.370710     1.5219      7.056   296.8261 1.7271e+01     2.0631      1.249      1.812     9.7619 0.0000e+00
      1.288      0.049     7.2232     63.644     37.934  26.377531     1.5508      7.057   297.1262 1.7068e+01     2.0594      1.263      1.832     9.7627 0.0000e+00
      1.300      0.048     7.3105     64.415     37.942  26.384439     1.5706      7.058   297.2232 1.6847e+01     2.0639      1.275      1.850     9.7624 0.0000e+00
      1.312      0.048     7.3858     65.080     37.950  26.390736     1.5778      7.058   297.1382 1.6652e+01     2.0876      1.286      1.866     9.7638 0.0000e+00
