Data/DataNotYetUploadedToEDI/Raw_CTD/RawDownloads/111519_bvr50.cnv
* Sea-Bird SBE19plus  Data File:
* FileName = C:\DATA\111519_bvr50_0001.hex
* Software version 2.8.0.119 SB_Terminal.dll
* Temperature SN = 7809
* Conductivity SN = 7809
* System UpLoad Time = Nov 15 2019 13:27:09
* <ApplicationData>
* <Seaterm232>
# nquan = 16
# nvalues = 1677                        
# units = specified
# name 0 = depFM: Depth [fresh water, m]
# name 1 = dz/dtM: Descent Rate [m/s]
# name 2 = sbeox0ML/L: Oxygen, SBE 43 [ml/l]
# name 3 = sbeox0PS: Oxygen, SBE 43 [% saturation]
# name 4 = specc: Specific Conductance [uS/cm]
# name 5 = c0uS/cm: Conductivity [uS/cm]
# name 6 = flECO-AFL: Fluorescence, WET Labs ECO-AFL/FL [mg/m^3]
# name 7 = ph: pH
# name 8 = orp: Oxidation Reduction Potential [mV]
# name 9 = par/sat/log: PAR/Logarithmic, Satlantic
# name 10 = turbWETntu0: Turbidity, WET Labs ECO [NTU]
# name 11 = prdM: Pressure, Strain Gauge [db]
# name 12 = prdE: Pressure, Strain Gauge [psi]
# name 13 = tv290C: Temperature [ITS-90, deg C]
# name 14 = density00: Density [density, kg/m^3]
# name 15 = flag:  0.000e+00
# span 0 =     -0.547,      9.856       
# span 1 =     -0.327,      0.183       
# span 2 =     5.1125,     7.7096       
# span 3 =     62.105,     93.430       
# span 4 =     29.330,     30.136       
# span 5 =  19.471075,  19.929381       
# span 6 =    -0.2198,     7.5371       
# span 7 =      7.328,      8.940       
# span 8 =   291.0158,   333.6152       
# span 9 = 1.2360e-01, 4.0631e+02       
# span 10 =     0.5873,    40.2151      
# span 11 =     -0.550,      9.666      
# span 12 =     -0.799,     14.020      
# span 13 =     8.0551,     8.2902      
# span 14 =   999.8443,   999.9059      
# span 15 = 0.0000e+00, 0.0000e+00      
# interval = seconds: 0.25
# start_time = Nov 15 2019 14:13:40 [Instrument's time stamp, header]
# bad_flag = -9.990e-29
*END*
[from data line 1266]
      5.970      0.015     6.6663     80.691     29.507  19.519419     5.6867      7.395   315.4073 1.6900e-01     3.6741      5.855      8.492     8.0743   999.8865 0.0000e+00
      5.973      0.015     6.6691     80.686     29.464  19.491219     5.6832      7.395   315.2328 1.5809e-01     3.6816      5.857      8.496     8.0744   999.8865 0.0000e+00
      5.975      0.017     6.6705     80.710     29.497  19.513804     5.6945      7.396   315.2117 1.5418e-01     3.7440      5.859      8.498     8.0745   999.8865 0.0000e+00
      5.979      0.020     6.6748     80.723     29.535  19.538802     5.7024      7.397   315.4105 1.5773e-01     3.8053      5.862      8.502     8.0747   999.8865 0.0000e+00
      5.984      0.023     6.6757     80.717     29.536  19.539786     5.6997      7.397   315.5715 1.5732e-01     3.8001      5.867      8.510     8.0748   999.8865 0.0000e+00
      5.991      0.025     6.6708     80.720     29.515  19.525698     5.6881      7.397   315.6095 1.5493e-01     3.7797      5.874      8.521     8.0748   999.8865 0.0000e+00
      6.000      0.027     6.6772     80.728     29.469  19.495306     5.6656      7.397   315.5252 1.5744e-01     3.7882      5.884      8.535     8.0750   999.8866 0.0000e+00
      6.009      0.028     6.6776     80.738     29.460  19.489429     5.6452      7.398   315.4134 1.5919e-01     3.7710      5.893      8.547     8.0753   999.8866 0.0000e+00
      6.015      0.028     6.6749     80.757     29.503  19.518057     5.6495      7.399   315.3765 1.5531e-01     3.7354      5.899      8.556     8.0758   999.8866 0.0000e+00
      6.020      0.027     6.6769     80.785     29.512  19.524346     5.7347      7.398   315.3368 1.5396e-01     3.7185      5.904      8.563     8.0759   999.8867 0.0000e+00
      6.027      0.026     6.6763     80.791     29.479  19.502045     5.8870      7.398   315.2778 1.5523e-01     3.7630      5.910      8.571     8.0761   999.8867 0.0000e+00
      6.035      0.024     6.6782     80.801     29.479  19.502102     5.9733      7.399   315.2652 1.5553e-01     3.8145      5.918      8.584     8.0763   999.8867 0.0000e+00
      6.042      0.023     6.6780     80.843     29.514  19.525033     5.9813      7.399   315.3562 1.5821e-01     3.7524      5.925      8.594     8.0762   999.8867 0.0000e+00
      6.048      0.021     6.6835     80.883     29.515  19.525616     5.9837      7.398   315.4320 1.5995e-01     3.6671      5.932      8.603     8.0760   999.8868 0.0000e+00
      6.052      0.018     6.6823     80.923     29.490  19.509146     5.9851      7.398   315.4072 1.5670e-01     3.6674      5.935      8.608     8.0759   999.8868 0.0000e+00
      6.055      0.016     6.6807     80.971     29.501  19.516168     5.9881      7.399   315.4009 1.5494e-01     3.6909      5.938      8.612     8.0759   999.8868 0.0000e+00
      6.059      0.014     6.6879     81.019     29.547  19.547103     6.0026      7.399   315.4413 1.5876e-01     3.6885      5.942      8.618     8.0757   999.8869 0.0000e+00
      6.062      0.014     6.6896     81.060     29.576  19.566058     6.0226      7.399   315.4663 1.6107e-01     3.7042      5.943      8.620     8.0758   999.8869 0.0000e+00
      6.066      0.014     6.6928     81.072     29.559  19.555089     6.0391      7.399   315.4448 1.5644e-01     3.7504      5.949      8.628     8.0759   999.8869 0.0000e+00
      6.070      0.014     6.6974     81.047     29.538  19.541318     6.0464      7.399   315.4387 1.5165e-01     3.7548      5.953      8.634     8.0757   999.8869 0.0000e+00
      6.073      0.014     6.7009     80.997     29.515  19.526395     6.0412      7.398   315.4782 1.5830e-01     3.7246      5.955      8.637     8.0758   999.8869 0.0000e+00
      6.077      0.015     6.7055     80.931     29.478  19.501505     6.0368      7.397   315.4928 1.6507e-01     3.7462      5.959      8.643     8.0759   999.8870 0.0000e+00
      6.080      0.015     6.7066     80.855     29.466  19.494062     6.0883      7.398   315.4431 1.5567e-01     3.8518      5.962      8.648     8.0760   999.8869 0.0000e+00
      6.083      0.017     6.7040     80.790     29.475  19.499827     6.1788      7.399   315.4802 1.4481e-01     3.9534      5.966      8.653     8.0762   999.8869 0.0000e+00
      6.088      0.020     6.6997     80.750     29.487  19.507784     6.2205      7.399   315.5967 1.4166e-01     3.9581      5.970      8.659     8.0763   999.8870 0.0000e+00
      6.093      0.025     6.6944     80.745     29.516  19.526852     6.2200      7.400   315.5616 1.4074e-01     3.9416      5.975      8.666     8.0764   999.8869 0.0000e+00
      6.098      0.031     6.6868     80.764     29.536  19.540108     6.1811      7.400   315.4853 1.4128e-01     3.9175      5.980      8.672     8.0764   999.8870 0.0000e+00
      6.106      0.036     6.6814     80.763     29.538  19.541213     6.1058      7.399   315.5353 1.4026e-01     3.8309      5.986      8.682     8.0764   999.8870 0.0000e+00
      6.116      0.041     6.6778     80.773     29.536  19.540221     6.0638      7.399   315.5636 1.3453e-01     3.7462      5.998      8.699     8.0767   999.8870 0.0000e+00
      6.129      0.042     6.6765     80.818     29.517  19.528109     6.0547      7.399   315.5700 1.3203e-01     3.7129      6.010      8.717     8.0769   999.8871 0.0000e+00
      6.143      0.041     6.6820     80.832     29.507  19.521611     6.0559      7.398   315.6978 1.3503e-01     3.7233      6.024      8.737     8.0768   999.8872 0.0000e+00
      6.157      0.039     6.6797     80.807     29.512  19.525082     6.0793      7.397   315.7327 1.3253e-01     3.7403      6.041      8.761     8.0769   999.8873 0.0000e+00
      6.166      0.034     6.6777     80.787     29.485  19.506651     6.1034      7.397   315.6468 1.2918e-01     3.7553      6.048      8.772     8.0769   999.8873 0.0000e+00
      6.170      0.030     6.6866     80.767     29.459  19.489030     6.1139      7.398   315.6923 1.3188e-01     3.7735      6.050      8.775     8.0770   999.8873 0.0000e+00
      6.175      0.026     6.6870     80.757     29.479  19.502285     6.1102      7.398   315.7669 1.3431e-01     3.7644      6.056      8.782     8.0770   999.8873 0.0000e+00
      6.182      0.024     6.6821     80.766     29.536  19.540081     6.1015      7.399   315.7747 1.3445e-01     3.7431      6.063      8.792     8.0774   999.8873 0.0000e+00
      6.190      0.024     6.6822     80.755     29.574  19.565488     6.1049      7.399   315.7863 1.3319e-01     3.7455      6.070      8.804     8.0773   999.8873 0.0000e+00
      6.197      0.024     6.6798     80.720     29.559  19.555784     6.1157      7.398   315.8204 1.3449e-01     3.7600      6.077      8.814     8.0768   999.8874 0.0000e+00
      6.202      0.023     6.6780     80.703     29.549  19.549600     6.1628      7.398   315.8436 1.3596e-01     3.7549      6.081      8.821     8.0767   999.8874 0.0000e+00
      6.208      0.022     6.6809     80.693     29.556  19.554137     6.2405      7.398   315.8078 1.3093e-01     3.7163      6.087      8.829     8.0769   999.8875 0.0000e+00
      6.213      0.021     6.6808     80.666     29.546  19.547218     6.2842      7.397   315.8179 1.2797e-01     3.6869      6.094      8.838     8.0770   999.8875 0.0000e+00
      6.218      0.019     6.6745     80.638     29.519  19.529369     6.3010      7.396   315.9664 1.2832e-01     3.7264      6.098      8.844     8.0773   999.8875 0.0000e+00
      6.223      0.018     6.6747     80.628     29.518  19.528588     6.3136      7.396   316.0539 1.2712e-01     3.7683      6.102      8.849     8.0774   999.8875 0.0000e+00
      6.228      0.016     6.6749     80.628     29.532  19.537777     6.3935      7.398   316.0157 1.2771e-01     3.7351      6.108      8.858     8.0773   999.8876 0.0000e+00
      6.232      0.015     6.6715     80.636     29.495  19.513628     6.5556      7.398   316.0203 1.2832e-01     3.6847      6.112      8.864     8.0775   999.8876 0.0000e+00
      6.235      0.014     6.6687     80.660     29.460  19.490288     6.6517      7.399   316.0243 1.2727e-01     3.6842      6.114      8.868     8.0771   999.8876 0.0000e+00
      6.238      0.014     6.6681     80.681     29.489  19.509261     6.6721      7.399   315.9782 1.2601e-01     3.7295      6.117      8.873     8.0770   999.8876 0.0000e+00
      6.241      0.015     6.6689     80.690     29.554  19.552765     6.7759      7.399   315.9783 1.2469e-01     3.7408      6.119      8.875     8.0772   999.8876 0.0000e+00
      6.244      0.017     6.6680     80.700     29.584  19.572339     6.9622      7.398   316.0253 1.2389e-01     3.7223      6.123      8.880     8.0772   999.8876 0.0000e+00
      6.248      0.020     6.6716     80.719     29.559  19.555660     7.0598      7.398   316.0303 1.2399e-01     3.7338      6.128      8.886     8.0773   999.8876 0.0000e+00
      6.253      0.023     6.6735     80.727     29.538  19.541376     7.0638      7.398   316.0392 1.2667e-01     3.7166      6.131      8.892     8.0773   999.8876 0.0000e+00
      6.259      0.026     6.6737     80.720     29.516  19.526471     7.0623      7.399   316.0476 1.3020e-01     3.7446      6.137      8.901     8.0774   999.8877 0.0000e+00
      6.268      0.029     6.6738     80.716     29.480  19.502295     7.0678      7.399   316.0451 1.3241e-01     3.8749      6.147      8.915     8.0773   999.8878 0.0000e+00
      6.277      0.031     6.6766     80.713     29.481  19.502753     7.0780      7.399   316.0951 1.3263e-01     3.9485      6.156      8.928     8.0766   999.8878 0.0000e+00
      6.284      0.033     6.6780     80.702     29.526  19.532009     7.0810      7.400   316.1358 1.2899e-01     3.9469      6.162      8.938     8.0756   999.8879 0.0000e+00
      6.292      0.036     6.6757     80.699     29.536  19.538919     7.0705      7.400   316.1933 1.2597e-01     3.8886      6.170      8.949     8.0752   999.8880 0.0000e+00
      6.300      0.038     6.6762     80.714     29.512  19.522869     7.0542      7.400   316.2737 1.2481e-01     3.7998      6.178      8.960     8.0752   999.8880 0.0000e+00
      6.310      0.040     6.6765     80.734     29.520  19.528224     7.0496      7.400   316.2482 1.2385e-01     3.7577      6.187      8.974     8.0752   999.8880 0.0000e+00
      6.322      0.041     6.6748     80.760     29.538  19.540242     7.0581      7.401   316.1427 1.2370e-01     3.7400      6.198      8.991     8.0747   999.8882 0.0000e+00
      6.335      0.041     6.6741     80.781     29.539  19.541340     7.0348      7.401   316.1165 1.2365e-01     3.7175      6.212      9.011     8.0740   999.8883 0.0000e+00
      6.347      0.040     6.6765     80.796     29.539  19.541492     6.9761      7.400   316.1892 1.2367e-01     3.6829      6.226      9.030     8.0734   999.8883 0.0000e+00
      6.355      0.037     6.6772     80.824     29.540  19.542083     6.9467      7.399   316.2468 1.2372e-01     3.6820      6.233      9.041     8.0739   999.8884 0.0000e+00
      6.363      0.033     6.6802     80.838     29.550  19.548488     6.9479      7.399   316.2973 1.2379e-01     3.7067      6.239      9.048     8.0748   999.8883 0.0000e+00
      6.371      0.029     6.6822     80.823     29.560  19.555502     6.9474      7.399   316.4561 1.2383e-01     3.7185      6.248      9.062     8.0753   999.8884 0.0000e+00
      6.380      0.027     6.6813     80.808     29.573  19.563469     6.9764      7.399   316.5326 1.2381e-01     3.7260      6.257      9.075     8.0755   999.8884 0.0000e+00
      6.385      0.027     6.6859     80.806     29.600  19.581394     7.0371      7.399   316.4471 1.2378e-01     3.7329      6.262      9.083     8.0755   999.8884 0.0000e+00
      6.390      0.027     6.6877     80.803     29.601  19.581966     7.0744      7.400   316.4549 1.2375e-01     3.7359      6.266      9.087     8.0752   999.8884 0.0000e+00
      6.396      0.028     6.6846     80.785     29.583  19.570382     7.0723      7.400   316.5409 1.2375e-01     3.7293      6.272      9.096     8.0751   999.8885 0.0000e+00
      6.403      0.029     6.6835     80.765     29.579  19.568181     6.9862      7.399   316.5408 1.2380e-01     3.7191      6.280      9.109     8.0750   999.8885 0.0000e+00
      6.412      0.029     6.6835     80.748     29.559  19.555350     6.8397      7.399   316.4537 1.2379e-01     3.7103      6.288      9.120     8.0747   999.8886 0.0000e+00
      6.421      0.029     6.6844     80.724     29.539  19.542085     6.7657      7.398   316.4340 1.2372e-01     3.7215      6.297      9.133     8.0751   999.8886 0.0000e+00
      6.430      0.030     6.6815     80.701     29.528  19.534641     6.7678      7.398   316.5602 1.2368e-01     3.7557      6.306      9.145     8.0757   999.8886 0.0000e+00
      6.436      0.031     6.6798     80.673     29.519  19.528770     6.7871      7.399   316.6901 1.2372e-01     3.7638      6.312      9.155     8.0760   999.8887 0.0000e+00
      6.441      0.032     6.6792     80.638     29.527  19.534517     6.8085      7.400   316.7133 1.2370e-01     3.7212      6.315      9.160     8.0761   999.8886 0.0000e+00
      6.448      0.033     6.6764     80.623     29.535  19.540712     6.8274      7.400   316.7553 1.2360e-01     3.6988      6.322      9.170     8.0757   999.8887 0.0000e+00
      6.458      0.036     6.6749     80.627     29.534  19.540254     6.8424      7.399   316.8529 1.2363e-01     3.7220      6.333      9.186     8.0756   999.8888 0.0000e+00
      6.469      0.041     6.6732     80.633     29.517  19.528979     6.8768      7.398   316.8615 1.2373e-01     3.7395      6.344      9.201     8.0762   999.8888 0.0000e+00
      6.480      0.045     6.6685     80.665     29.521  19.531227     6.9396      7.397   316.8598 1.2373e-01     3.7477      6.355      9.217     8.0771   999.8888 0.0000e+00
      6.491      0.049     6.6670     80.714     29.575  19.567442     6.9776      7.396   316.9175 1.2373e-01     3.7555      6.365      9.231     8.0778   999.8888 0.0000e+00
      6.504      0.051     6.6694     80.769     29.603  19.586311     6.9807      7.395   316.9570 1.2378e-01     3.7689      6.377      9.249     8.0784   999.8888 0.0000e+00
      6.519      0.054     6.6668     80.824     29.577  19.569100     6.9332      7.394   316.9925 1.2377e-01     3.7777      6.393      9.273     8.0786   999.8889 0.0000e+00
      6.534      0.057     6.6712     80.841     29.547  19.549610     6.8367      7.394   317.0899 1.2369e-01     3.7639      6.408      9.294     8.0784   999.8889 0.0000e+00
      6.548      0.058     6.6756     80.833     29.534  19.540930     6.7773      7.394   317.1875 1.2366e-01     3.7663      6.421      9.311     8.0789   999.8890 0.0000e+00
      6.562      0.056     6.6790     80.841     29.514  19.527572     6.7694      7.394   317.1404 1.2370e-01     3.7734      6.435      9.334     8.0794   999.8890 0.0000e+00
      6.578      0.053     6.6864     80.851     29.495  19.514945     6.7769      7.394   317.0366 1.2370e-01     3.7513      6.451      9.357     8.0795   999.8891 0.0000e+00
      6.594      0.051     6.6867     80.838     29.495  19.515096     6.8241      7.394   317.0512 1.2366e-01     3.7288      6.469      9.381     8.0797   999.8891 0.0000e+00
      6.606      0.051     6.6841     80.829     29.517  19.529399     6.9057      7.393   317.1447 1.2366e-01     3.7312      6.479      9.399     8.0796   999.8892 0.0000e+00
      6.615      0.050     6.6854     80.840     29.565  19.561038     6.9491      7.392   317.2206 1.2372e-01     3.7468      6.485      9.406     8.0794   999.8893 0.0000e+00
      6.625      0.048     6.6882     80.851     29.595  19.580535     6.9505      7.392   317.2805 1.2377e-01     3.7543      6.495      9.419     8.0797   999.8892 0.0000e+00
