Data/DataNotYetUploadedToEDI/Raw_CTD/RawDownloads/111519_bvr50.cnv
* Sea-Bird SBE19plus  Data File:
* FileName = C:\DATA\111519_bvr50_0001.hex
* Software version 2.8.0.119 SB_Terminal.dll
* Temperature SN = 7809
* Conductivity SN = 7809
* System UpLoad Time = Nov 15 2019 13:27:09
* <ApplicationData>
* <Seaterm232>
# nquan = 16
# nvalues = 1677                        
# units = specified
# name 0 = depFM: Depth [fresh water, m]
# name 1 = dz/dtM: Descent Rate [m/s]
# name 2 = sbeox0ML/L: Oxygen, SBE 43 [ml/l]
# name 3 = sbeox0PS: Oxygen, SBE 43 [% saturation]
# name 4 = specc: Specific Conductance [uS/cm]
# name 5 = c0uS/cm: Conductivity [uS/cm]
# name 6 = flECO-AFL: Fluorescence, WET Labs ECO-AFL/FL [mg/m^3]
# name 7 = ph: pH
# name 8 = orp: Oxidation Reduction Potential [mV]
# name 9 = par/sat/log: PAR/Logarithmic, Satlantic
# name 10 = turbWETntu0: Turbidity, WET Labs ECO [NTU]
# name 11 = prdM: Pressure, Strain Gauge [db]
# name 12 = prdE: Pressure, Strain Gauge [psi]
# name 13 = tv290C: Temperature [ITS-90, deg C]
# name 14 = density00: Density [density, kg/m^3]
# name 15 = flag:  0.000e+00
# span 0 =     -0.547,      9.856       
# span 1 =     -0.327,      0.183       
# span 2 =     5.1125,     7.7096       
# span 3 =     62.105,     93.430       
# span 4 =     29.330,     30.136       
# span 5 =  19.471075,  19.929381       
# span 6 =    -0.2198,     7.5371       
# span 7 =      7.328,      8.940       
# span 8 =   291.0158,   333.6152       
# span 9 = 1.2360e-01, 4.0631e+02       
# span 10 =     0.5873,    40.2151      
# span 11 =     -0.550,      9.666      
# span 12 =     -0.799,     14.020      
# span 13 =     8.0551,     8.2902      
# span 14 =   999.8443,   999.9059      
# span 15 = 0.0000e+00, 0.0000e+00      
# interval = seconds: 0.25
# start_time = Nov 15 2019 14:13:40 [Instrument's time stamp, header]
# bad_flag = -9.990e-29
*END*
[from data line 91]
      0.115      0.003     5.5903     66.800     29.611  19.689126     3.5814      8.494   303.4289 9.9849e+01     3.6339      0.112      0.163     8.2338   999.8489 0.0000e+00
      0.116      0.004     5.5646     66.568     29.637  19.707463     3.5227      8.489   303.6505 9.8834e+01     3.7234      0.113      0.165     8.2368   999.8487 0.0000e+00
      0.117      0.004     5.5389     66.350     29.643  19.713134     3.4922      8.483   303.7863 1.0172e+02     3.7230      0.114      0.166     8.2396   999.8485 0.0000e+00
      0.118      0.004     5.5205     66.158     29.613  19.694273     3.4821      8.478   303.9528 1.0169e+02     3.7270      0.115      0.168     8.2423   999.8484 0.0000e+00
      0.119      0.004     5.5033     65.968     29.574  19.669686     3.4784      8.477   304.1143 1.0188e+02     3.7718      0.117      0.170     8.2446   999.8482 0.0000e+00
      0.121      0.004     5.4825     65.772     29.572  19.669544     3.4819      8.478   304.0186 1.0081e+02     3.7729      0.119      0.172     8.2466   999.8481 0.0000e+00
      0.121      0.004     5.4632     65.570     29.605  19.692559     3.4809      8.480   303.8278 9.9035e+01     3.7075      0.118      0.172     8.2486   999.8480 0.0000e+00
      0.121      0.005     5.4492     65.368     29.605  19.694273     3.4837      8.481   303.8723 9.7262e+01     3.6697      0.118      0.171     8.2507   999.8478 0.0000e+00
      0.122      0.006     5.4328     65.171     29.597  19.690270     3.5165      8.481   304.0396 9.5674e+01     3.7416      0.119      0.172     8.2530   999.8477 0.0000e+00
      0.124      0.007     5.4166     64.980     29.621  19.707575     3.5740      8.479   304.2158 9.5915e+01     3.8231      0.122      0.177     8.2555   999.8475 0.0000e+00
      0.127      0.007     5.3995     64.792     29.628  19.713236     3.6056      8.477   304.3683 9.4449e+01     3.8021      0.125      0.181     8.2579   999.8474 0.0000e+00
      0.129      0.007     5.3821     64.608     29.599  19.695303     3.6044      8.476   304.5063 9.3490e+01     3.7501      0.127      0.185     8.2601   999.8473 0.0000e+00
      0.131      0.007     5.3661     64.444     29.576  19.681016     3.6024      8.473   304.6802 9.4928e+01     3.7524      0.129      0.187     8.2623   999.8471 0.0000e+00
      0.132      0.006     5.3492     64.281     29.554  19.667341     3.6250      8.469   304.8365 9.4624e+01     3.7645      0.129      0.187     8.2643   999.8470 0.0000e+00
      0.133      0.006     5.3348     64.108     29.537  19.656802     3.6613      8.466   304.9334 9.4587e+01     3.7650      0.130      0.189     8.2666   999.8469 0.0000e+00
      0.134      0.006     5.3172     63.950     29.571  19.680435     3.6771      8.462   305.0771 9.5723e+01     3.7585      0.133      0.191     8.2687   999.8467 0.0000e+00
      0.137      0.005     5.3053     63.792     29.597  19.699409     3.6778      8.459   305.2826 9.5427e+01     3.7185      0.135      0.195     8.2706   999.8466 0.0000e+00
      0.139      0.004     5.2922     63.617     29.590  19.695939     3.6603      8.459   305.3539 9.5908e+01     3.7070      0.136      0.198     8.2724   999.8465 0.0000e+00
      0.140      0.004     5.2757     63.451     29.597  19.701903     3.6299      8.459   305.3369 9.5035e+01     3.7511      0.137      0.199     8.2740   999.8464 0.0000e+00
      0.140      0.005     5.2637     63.295     29.605  19.708097     3.6142      8.459   305.3360 9.2532e+01     3.7597      0.137      0.199     8.2756   999.8463 0.0000e+00
      0.140      0.006     5.2516     63.148     29.602  19.707414     3.6087      8.457   305.2573 9.4070e+01     3.7459      0.136      0.197     8.2773   999.8462 0.0000e+00
      0.140      0.007     5.2350     63.018     29.580  19.693640     3.6248      8.452   305.0729 9.5770e+01     3.7475      0.136      0.198     8.2791   999.8461 0.0000e+00
      0.144      0.009     5.2215     62.879     29.541  19.668400     3.6612      8.445   304.9131 9.3991e+01     3.7475      0.141      0.204     8.2810   999.8460 0.0000e+00
      0.148      0.015     5.2093     62.756     29.522  19.655936     3.6766      8.437   304.8739 9.5440e+01     3.7450      0.146      0.212     8.2828   999.8459 0.0000e+00
      0.150      0.026     5.1948     62.655     29.543  19.669785     3.6720      8.420   304.8570 9.6113e+01     3.7500      0.147      0.213     8.2845   999.8458 0.0000e+00
      0.152      0.039     5.1870     62.527     29.510  19.645570     3.7004      8.388   304.7945 9.3355e+01     3.7751      0.148      0.215     8.2863   999.8457 0.0000e+00
      0.158      0.048     5.1734     62.370     29.381  19.553425     3.7607      8.354   304.5494 9.0674e+01     3.7867      0.150      0.218     8.2879   999.8456 0.0000e+00
      0.176      0.051     5.1617     62.207     29.330  19.506985     3.7939      8.338   304.2158 8.4331e+01     3.7591      0.166      0.241     8.2895   999.8455 0.0000e+00
      0.205      0.049     5.1574     62.105     29.387  19.528020     3.7990      8.340   304.2033 8.1171e+01     3.7364      0.204      0.295     8.2902   999.8458 0.0000e+00
      0.228      0.044     5.1456     62.251     29.451  19.554050     3.7870      8.347   304.3118 8.2871e+01     3.7420      0.231      0.335     8.2863   999.8461 0.0000e+00
      0.233      0.036     5.1340     62.920     29.489  19.568000     3.7625      8.347   304.1518 8.3583e+01     3.7607      0.233      0.338     8.2762   999.8466 0.0000e+00
      0.229      0.024     5.1218     64.300     29.503  19.569835     3.7450      8.344   303.8167 8.3991e+01     3.7660      0.221      0.321     8.2556   999.8479 0.0000e+00
      0.229      0.012     5.1125     66.454     29.520  19.576230     3.7309      8.345   303.6160 8.2139e+01     3.7409      0.222      0.322     8.2224   999.8501 0.0000e+00
      0.234      0.007     5.1181     69.289     29.533  19.581902     3.7307      8.352   303.5316 7.9585e+01     3.7195      0.231      0.336     8.1927   999.8520 0.0000e+00
      0.238      0.006     5.1704     72.494     29.526  19.574985     3.7855      8.359   303.3982 8.0803e+01     3.7365      0.233      0.339     8.1742   999.8532 0.0000e+00
      0.240      0.004     5.2850     75.747     29.499  19.556021     3.8740      8.364   303.3798 8.2072e+01     3.7497      0.235      0.342     8.1624   999.8539 0.0000e+00
      0.242     -0.001     5.4632     78.759     29.479  19.542869     3.9161      8.366   303.4814 8.1679e+01     3.7480      0.238      0.345     8.1551   999.8544 0.0000e+00
      0.242     -0.004     5.7115     81.292     29.479  19.542813     3.9219      8.366   303.5943 8.2664e+01     3.7813      0.238      0.345     8.1501   999.8547 0.0000e+00
      0.238     -0.004     5.9841     83.213     29.498  19.555335     3.9704      8.366   303.6259 8.2301e+01     3.8251      0.234      0.341     8.1467   999.8549 0.0000e+00
      0.232      0.000     6.2614     84.475     29.517  19.567428     4.0518      8.364   303.5189 8.2077e+01     3.8183      0.225      0.328     8.1451   999.8549 0.0000e+00
      0.228      0.004     6.5187     85.196     29.509  19.562186     4.0910      8.361   303.4194 8.2487e+01     3.7652      0.219      0.319     8.1448   999.8549 0.0000e+00
      0.232      0.008     6.7290     85.561     29.499  19.555381     4.0970      8.358   303.3703 8.1029e+01     3.7407      0.224      0.326     8.1452   999.8549 0.0000e+00
      0.241      0.009     6.8920     85.679     29.488  19.548576     4.1331      8.353   303.3544 8.1347e+01     3.7503      0.237      0.344     8.1457   999.8550 0.0000e+00
      0.248      0.009     6.9909     85.627     29.479  19.543326     4.1898      8.350   303.4004 8.3197e+01     3.7505      0.245      0.356     8.1446   999.8551 0.0000e+00
      0.250      0.007     7.0441     85.486     29.495  19.555324     4.2099      8.348   303.4958 8.3240e+01     3.7429      0.247      0.358     8.1432   999.8552 0.0000e+00
      0.248      0.002     7.0721     85.289     29.511  19.566804     4.2038      8.347   303.5611 8.3041e+01     3.7242      0.244      0.354     8.1435   999.8552 0.0000e+00
      0.245     -0.002     7.0797     85.064     29.493  19.555283     4.1758      8.346   303.5872 8.4106e+01     3.7213      0.240      0.348     8.1449   999.8550 0.0000e+00
      0.243     -0.003     7.0720     84.844     29.475  19.542869     4.1235      8.343   303.6401 8.5049e+01     3.7399      0.238      0.345     8.1464   999.8549 0.0000e+00
      0.243     -0.002     7.0594     84.613     29.477  19.543554     4.1000      8.340   303.7703 8.5577e+01     3.7528      0.237      0.344     8.1482   999.8548 0.0000e+00
      0.244      0.000     7.0431     84.378     29.508  19.563568     4.0992      8.337   303.9568 8.4981e+01     3.7783      0.239      0.347     8.1500   999.8547 0.0000e+00
      0.244      0.004     7.0216     84.178     29.556  19.594578     4.0971      8.335   304.0019 8.4508e+01     3.7866      0.240      0.349     8.1508   999.8547 0.0000e+00
      0.244      0.007     7.0056     83.990     29.567  19.601392     4.1346      8.331   303.9719 8.5605e+01     3.7552      0.239      0.346     8.1500   999.8547 0.0000e+00
      0.245      0.009     6.9869     83.779     29.539  19.582532     4.1980      8.326   304.1100 8.5623e+01     3.7253      0.238      0.345     8.1483   999.8548 0.0000e+00
      0.249      0.010     6.9647     83.556     29.501  19.556811     4.2213      8.321   304.2088 8.5148e+01     3.7212      0.243      0.354     8.1468   999.8549 0.0000e+00
      0.254      0.009     6.9500     83.341     29.482  19.544080     4.2177      8.318   304.1340 8.5937e+01     3.7380      0.251      0.364     8.1464   999.8550 0.0000e+00
      0.259      0.007     6.9362     83.138     29.499  19.555451     4.2067      8.315   304.2375 8.6276e+01     3.6990      0.254      0.368     8.1461   999.8551 0.0000e+00
      0.260      0.004     6.9181     82.962     29.517  19.567449     4.1829      8.311   304.5145 8.6854e+01     3.5777      0.257      0.372     8.1450   999.8551 0.0000e+00
      0.259      0.000     6.8989     82.840     29.509  19.562301     4.1642      8.308   304.6438 8.8556e+01     3.4839      0.255      0.370     8.1440   999.8552 0.0000e+00
      0.256     -0.002     6.8814     82.743     29.500  19.556640     4.1626      8.307   304.5968 8.8670e+01     3.4817      0.251      0.364     8.1437   999.8552 0.0000e+00
      0.254     -0.002     6.8648     82.651     29.508  19.562425     4.1984      8.306   304.5481 8.8592e+01     3.5184      0.247      0.359     8.1438   999.8551 0.0000e+00
      0.254     -0.001     6.8478     82.602     29.517  19.568821     4.2589      8.304   304.6573 9.0198e+01     3.5348      0.248      0.360     8.1447   999.8551 0.0000e+00
      0.254      0.001     6.8395     82.584     29.519  19.570546     4.2874      8.302   304.9706 9.0613e+01     3.5166      0.251      0.363     8.1452   999.8551 0.0000e+00
      0.255      0.003     6.8331     82.562     29.538  19.583287     4.2824      8.301   305.2391 9.0642e+01     3.4945      0.250      0.362     8.1455   999.8551 0.0000e+00
      0.257      0.004     6.8218     82.536     29.558  19.596027     4.2772      8.299   305.2366 9.1043e+01     3.5621      0.252      0.366     8.1464   999.8550 0.0000e+00
      0.260      0.004     6.8194     82.524     29.560  19.597742     4.2752      8.295   305.1990 9.0477e+01     3.6794      0.256      0.371     8.1468   999.8550 0.0000e+00
      0.260      0.003     6.8192     82.520     29.569  19.604023     4.2766      8.292   305.2998 9.0632e+01     3.7326      0.255      0.370     8.1467   999.8550 0.0000e+00
      0.260      0.001     6.8174     82.509     29.575  19.608550     4.2852      8.291   305.4232 9.0506e+01     3.7459      0.255      0.369     8.1467   999.8550 0.0000e+00
      0.260      0.001     6.8142     82.511     29.546  19.589053     4.3186      8.290   305.4001 8.9586e+01     3.7429      0.256      0.371     8.1473   999.8550 0.0000e+00
      0.260      0.002     6.8129     82.520     29.500  19.558548     4.3761      8.288   305.3650 8.9524e+01     3.7290      0.256      0.372     8.1479   999.8550 0.0000e+00
      0.259      0.005     6.8145     82.516     29.498  19.556833     4.4094      8.286   305.4287 9.0084e+01     3.7088      0.254      0.367     8.1481   999.8549 0.0000e+00
      0.258      0.009     6.8111     82.514     29.516  19.568306     4.4094      8.285   305.4824 9.1595e+01     3.6951      0.252      0.365     8.1483   999.8549 0.0000e+00
      0.261      0.011     6.8123     82.537     29.520  19.570421     4.3925      8.283   305.5834 9.1443e+01     3.6951      0.255      0.370     8.1483   999.8549 0.0000e+00
      0.268      0.012     6.8141     82.573     29.538  19.582408     4.3098      8.279   305.6180 8.9895e+01     3.7078      0.263      0.381     8.1481   999.8549 0.0000e+00
      0.274      0.012     6.8130     82.609     29.545  19.586401     4.1723      8.275   305.6428 9.0460e+01     3.7509      0.270      0.391     8.1474   999.8550 0.0000e+00
      0.279      0.011     6.8119     82.650     29.498  19.555278     4.0997      8.273   305.7973 9.1667e+01     3.7573      0.275      0.400     8.1468   999.8551 0.0000e+00
      0.280      0.009     6.8144     82.667     29.449  19.523209     4.0992      8.271   305.9372 9.2831e+01     3.7198      0.276      0.400     8.1463   999.8551 0.0000e+00
      0.278      0.008     6.8188     82.653     29.438  19.515767     4.1062      8.268   306.1296 9.3404e+01     3.7227      0.272      0.395     8.1454   999.8552 0.0000e+00
      0.277      0.008     6.8201     82.639     29.458  19.528721     4.1055      8.264   306.2312 9.2484e+01     3.7599      0.270      0.392     8.1447   999.8552 0.0000e+00
      0.280      0.009     6.8257     82.629     29.495  19.552981     4.0908      8.262   306.1331 9.2025e+01     3.7762      0.274      0.397     8.1449   999.8552 0.0000e+00
      0.285      0.011     6.8272     82.604     29.499  19.555418     4.0768      8.261   306.1471 9.2906e+01     3.7560      0.281      0.407     8.1455   999.8552 0.0000e+00
      0.290      0.014     6.8242     82.579     29.503  19.558193     4.0648      8.259   306.3149 9.4788e+01     3.7455      0.285      0.414     8.1457   999.8552 0.0000e+00
      0.293      0.015     6.8231     82.580     29.547  19.586524     4.0500      8.258   306.3554 9.5816e+01     3.7801      0.288      0.417     8.1452   999.8552 0.0000e+00
      0.296      0.015     6.8238     82.586     29.538  19.580863     4.0459      8.256   306.1200 9.4603e+01     3.8134      0.290      0.421     8.1443   999.8553 0.0000e+00
      0.299      0.011     6.8213     82.575     29.497  19.553161     4.0418      8.252   305.7916 9.4321e+01     3.7878      0.294      0.425     8.1435   999.8554 0.0000e+00
      0.304      0.006     6.8173     82.550     29.520  19.568685     3.9910      8.249   305.6545 9.4906e+01     3.7331      0.297      0.431     8.1434   999.8554 0.0000e+00
      0.308      0.003     6.8191     82.507     29.534  19.578302     3.9079      8.245   305.7525 9.4817e+01     3.7094      0.304      0.442     8.1434   999.8555 0.0000e+00
      0.308      0.002     6.8204     82.465     29.480  19.542595     3.8701      8.239   305.9449 9.6847e+01     3.6976      0.306      0.445     8.1429   999.8555 0.0000e+00
      0.302      0.001     6.8188     82.457     29.442  19.517491     3.8719      8.234   306.0875 1.0010e+02     3.6891      0.295      0.429     8.1425   999.8554 0.0000e+00
      0.298     -0.002     6.8173     82.462     29.460  19.528459     3.9125      8.230   306.1005 1.0098e+02     3.7045      0.288      0.419     8.1430   999.8554 0.0000e+00
