Data/DataNotYetUploadedToEDI/Raw_CTD/RawDownloads/111519_bvr50.cnv
* Sea-Bird SBE19plus  Data File:
* FileName = C:\DATA\111519_bvr50_0001.hex
* Software version 2.8.0.119 SB_Terminal.dll
* Temperature SN = 7809
* Conductivity SN = 7809
* System UpLoad Time = Nov 15 2019 13:27:09
* <ApplicationData>
* <Seaterm232>
# nquan = 16
# nvalues = 1677                        
# units = specified
# name 0 = depFM: Depth [fresh water, m]
# name 1 = dz/dtM: Descent Rate [m/s]
# name 2 = sbeox0ML/L: Oxygen, SBE 43 [ml/l]
# name 3 = sbeox0PS: Oxygen, SBE 43 [% saturation]
# name 4 = specc: Specific Conductance [uS/cm]
# name 5 = c0uS/cm: Conductivity [uS/cm]
# name 6 = flECO-AFL: Fluorescence, WET Labs ECO-AFL/FL [mg/m^3]
# name 7 = ph: pH
# name 8 = orp: Oxidation Reduction Potential [mV]
# name 9 = par/sat/log: PAR/Logarithmic, Satlantic
# name 10 = turbWETntu0: Turbidity, WET Labs ECO [NTU]
# name 11 = prdM: Pressure, Strain Gauge [db]
# name 12 = prdE: Pressure, Strain Gauge [psi]
# name 13 = tv290C: Temperature [ITS-90, deg C]
# name 14 = density00: Density [density, kg/m^3]
# name 15 = flag:  0.000e+00
# span 0 =     -0.547,      9.856       
# span 1 =     -0.327,      0.183       
# span 2 =     5.1125,     7.7096       
# span 3 =     62.105,     93.430       
# span 4 =     29.330,     30.136       
# span 5 =  19.471075,  19.929381       
# span 6 =    -0.2198,     7.5371       
# span 7 =      7.328,      8.940       
# span 8 =   291.0158,   333.6152       
# span 9 = 1.2360e-01, 4.0631e+02       
# span 10 =     0.5873,    40.2151      
# span 11 =     -0.550,      9.666      
# span 12 =     -0.799,     14.020      
# span 13 =     8.0551,     8.2902      
# span 14 =   999.8443,   999.9059      
# span 15 = 0.0000e+00, 0.0000e+00      
# interval = seconds: 0.25
# start_time = Nov 15 2019 14:13:40 [Instrument's time stamp, header]
# bad_flag = -9.990e-29
*END*
[from data line 272]
     -0.015      0.011     6.8158     82.710     29.456  19.527899     4.0623      7.877   309.9446 1.3885e+02     3.7434     -0.015     -0.021     8.1459   999.8538 0.0000e+00
     -0.014      0.006     6.8189     82.736     29.477  19.541564     4.1139      7.875   310.0360 1.4406e+02     3.7503     -0.014     -0.020     8.1457   999.8538 0.0000e+00
     -0.014      0.003     6.8229     82.739     29.500  19.556468     4.1498      7.874   310.0149 1.5216e+02     3.7473     -0.013     -0.019     8.1456   999.8538 0.0000e+00
     -0.014      0.002     6.8253     82.724     29.537  19.581253     4.1670      7.874   310.0331 1.5761e+02     3.7080     -0.014     -0.020     8.1455   999.8537 0.0000e+00
     -0.014      0.003     6.8305     82.705     29.547  19.587553     4.2270      7.873   309.9991 1.5391e+02     3.6352     -0.014     -0.020     8.1454   999.8538 0.0000e+00
     -0.013      0.003     6.8318     82.674     29.519  19.569218     4.3280      7.871   309.8614 1.4602e+02     3.5549     -0.014     -0.020     8.1453   999.8538 0.0000e+00
     -0.012      0.004     6.8328     82.627     29.490  19.549834     4.3916      7.869   309.7440 1.4260e+02     3.5242     -0.011     -0.017     8.1454   999.8538 0.0000e+00
     -0.010      0.004     6.8302     82.595     29.480  19.543450     4.4076      7.868   309.6983 1.4787e+02     3.5592     -0.009     -0.014     8.1453   999.8538 0.0000e+00
     -0.009      0.004     6.8291     82.582     29.498  19.555449     4.4079      7.867   309.6538 1.5544e+02     3.5844     -0.009     -0.012     8.1452   999.8538 0.0000e+00
     -0.008      0.003     6.8279     82.586     29.517  19.568067     4.4040      7.867   309.7217 1.4961e+02     3.5342     -0.008     -0.011     8.1454   999.8538 0.0000e+00
     -0.008      0.001     6.8211     82.607     29.519  19.569171     4.4038      7.867   309.8310 1.3999e+02     3.4766     -0.007     -0.009     8.1453   999.8538 0.0000e+00
     -0.008     -0.002     6.8199     82.646     29.518  19.568799     4.4051      7.864   309.7709 1.4042e+02     3.4774     -0.007     -0.010     8.1452   999.8538 0.0000e+00
     -0.008     -0.005     6.8181     82.691     29.510  19.563567     4.4031      7.861   309.6829 1.4205e+02     3.5114     -0.009     -0.012     8.1454   999.8538 0.0000e+00
     -0.009     -0.009     6.8187     82.728     29.519  19.569333     4.3618      7.859   309.6283 1.4254e+02     3.5921     -0.008     -0.012     8.1454   999.8538 0.0000e+00
     -0.011     -0.011     6.8204     82.766     29.528  19.575089     4.2783      7.858   309.4542 1.4178e+02     3.7001     -0.010     -0.015     8.1453   999.8538 0.0000e+00
     -0.016     -0.012     6.8238     82.800     29.520  19.569743     4.2258      7.857   309.2122 1.3793e+02     3.7349     -0.015     -0.022     8.1453   999.8538 0.0000e+00
     -0.021     -0.011     6.8287     82.820     29.517  19.568123     4.2210      7.857   309.1125 1.3754e+02     3.7181     -0.022     -0.031     8.1454   999.8537 0.0000e+00
     -0.026     -0.008     6.8304     82.821     29.498  19.555495     4.2120      7.857   309.1086 1.4263e+02     3.7270     -0.027     -0.038     8.1453   999.8537 0.0000e+00
     -0.027     -0.004     6.8343     82.816     29.481  19.543909     4.1863      7.856   309.0789 1.4826e+02     3.7441     -0.027     -0.040     8.1452   999.8537 0.0000e+00
     -0.026      0.001     6.8372     82.832     29.497  19.554877     4.1704      7.854   309.0971 1.4781e+02     3.7601     -0.027     -0.039     8.1452   999.8537 0.0000e+00
     -0.024      0.005     6.8391     82.860     29.506  19.561261     4.1592      7.853   309.0716 1.4210e+02     3.7566     -0.023     -0.034     8.1451   999.8538 0.0000e+00
     -0.021      0.007     6.8389     82.869     29.501  19.557679     4.1632      7.852   308.8560 1.3830e+02     3.7347     -0.020     -0.029     8.1450   999.8538 0.0000e+00
     -0.020      0.007     6.8373     82.868     29.526  19.574986     4.2013      7.850   308.6411 1.3633e+02     3.7253     -0.019     -0.028     8.1453   999.8538 0.0000e+00
     -0.019      0.006     6.8385     82.877     29.534  19.580254     4.2293      7.849   308.6244 1.3515e+02     3.7408     -0.019     -0.026     8.1456   999.8537 0.0000e+00
     -0.017      0.005     6.8431     82.883     29.501  19.557964     4.2247      7.849   308.6542 1.3565e+02     3.7589     -0.017     -0.024     8.1457   999.8538 0.0000e+00
     -0.016      0.004     6.8427     82.876     29.503  19.559154     4.2412      7.848   308.6572 1.3269e+02     3.7142     -0.016     -0.023     8.1457   999.8537 0.0000e+00
     -0.014      0.004     6.8416     82.852     29.557  19.594653     4.2901      7.847   308.6607 1.2370e+02     3.6596     -0.015     -0.021     8.1459   999.8538 0.0000e+00
     -0.013      0.003     6.8434     82.805     29.575  19.606643     4.3206      7.845   308.6965 1.1672e+02     3.6877     -0.013     -0.019     8.1460   999.8538 0.0000e+00
     -0.013      0.002     6.8439     82.750     29.530  19.577281     4.3332      7.844   308.7452 1.2027e+02     3.7601     -0.013     -0.019     8.1461   999.8537 0.0000e+00
     -0.012      0.001     6.8435     82.717     29.499  19.556743     4.3384      7.842   308.7332 1.2983e+02     3.7810     -0.012     -0.018     8.1461   999.8537 0.0000e+00
     -0.012      0.000     6.8416     82.702     29.487  19.548586     4.3134      7.840   308.7243 1.3628e+02     3.7444     -0.012     -0.018     8.1460   999.8538 0.0000e+00
     -0.013 -1.147e-12     6.8379     82.679     29.477  19.542078     4.2576      7.839   308.6374 1.3841e+02     3.7104     -0.013     -0.019     8.1458   999.8538 0.0000e+00
     -0.013 -1.262e-11     6.8315     82.668     29.476  19.541488     4.2185      7.838   308.4570 1.3655e+02     3.6971     -0.013     -0.018     8.1458   999.8538 0.0000e+00
     -0.013 -1.388e-10     6.8291     82.701     29.475  19.541439     4.2134      7.837   308.3497 1.3440e+02     3.7147     -0.013     -0.019     8.1458   999.8538 0.0000e+00
     -0.013 -1.527e-09     6.8294     82.761     29.475  19.541486     4.1960      7.835   308.3722 1.3468e+02     3.7264     -0.014     -0.020     8.1462   999.8537 0.0000e+00
     -0.013 -1.679e-08     6.8263     82.825     29.476  19.542057     4.1641      7.833   308.4712 1.3587e+02     3.7075     -0.012     -0.018     8.1463   999.8537 0.0000e+00
     -0.013 -1.847e-07     6.8239     82.880     29.485  19.548347     4.1571      7.831   308.5138 1.4014e+02     3.7165     -0.014     -0.019     8.1465   999.8537 0.0000e+00
     -0.013 -1.693e-07     6.8275     82.916     29.494  19.554113     4.1543      7.829   308.4577 1.3829e+02     3.7362     -0.013     -0.020     8.1469   999.8537 0.0000e+00
     -0.013 -2.681e-11     6.8335     82.925     29.485  19.548348     4.1300      7.827   308.3949 1.3419e+02     3.7167     -0.012     -0.018     8.1472   999.8537 0.0000e+00
     -0.013 -2.949e-10     6.8388     82.910     29.475  19.542067     4.1063      7.826   308.3571 1.4082e+02     3.7093     -0.013     -0.018     8.1475   999.8536 0.0000e+00
     -0.013 -3.244e-09     6.8435     82.892     29.475  19.541600     4.1014      7.825   308.3443 1.4634e+02     3.7457     -0.012     -0.018     8.1477   999.8536 0.0000e+00
     -0.013 -3.569e-08     6.8467     82.876     29.477  19.542696     4.1062      7.825   308.3269 1.4696e+02     3.7633     -0.013     -0.018     8.1479   999.8536 0.0000e+00
     -0.013 -3.926e-07     6.8477     82.862     29.496  19.555323     4.1212      7.824   308.3188 1.4531e+02     3.7588     -0.012     -0.017     8.1479   999.8536 0.0000e+00
     -0.013     -0.000     6.8452     82.857     29.514  19.567426     4.1523      7.823   308.3324 1.4574e+02     3.7571     -0.013     -0.018     8.1478   999.8536 0.0000e+00
     -0.012     -0.000     6.8440     82.848     29.506  19.562185     4.1700      7.823   308.3193 1.4924e+02     3.7421     -0.012     -0.018     8.1476   999.8536 0.0000e+00
     -0.012     -0.001     6.8429     82.836     29.496  19.555381     4.1705      7.822   308.3322 1.4811e+02     3.7408     -0.012     -0.018     8.1473   999.8537 0.0000e+00
     -0.012     -0.001     6.8409     82.840     29.486  19.548586     4.2108      7.821   308.3162 1.4939e+02     3.7417     -0.013     -0.019     8.1472   999.8537 0.0000e+00
     -0.013     -0.001     6.8416     82.833     29.478  19.543441     4.2929      7.819   308.2127 1.5712e+02     3.7198     -0.012     -0.018     8.1473   999.8537 0.0000e+00
     -0.014     -0.000     6.8411     82.794     29.498  19.556593     4.3394      7.816   308.1124 1.6262e+02     3.7056     -0.013     -0.019     8.1474   999.8536 0.0000e+00
     -0.014      0.000     6.8382     82.750     29.534  19.580768     4.3394      7.816   308.1362 1.6172e+02     3.7009     -0.014     -0.020     8.1473   999.8537 0.0000e+00
     -0.014      0.001     6.8401     82.725     29.536  19.582053     4.3368      7.816   308.2419 1.5477e+02     3.6962     -0.013     -0.019     8.1471   999.8537 0.0000e+00
     -0.013      0.001     6.8409     82.715     29.521  19.572132     4.2992      7.816   308.2714 1.4312e+02     3.6485     -0.013     -0.019     8.1470   999.8537 0.0000e+00
     -0.013      0.001     6.8357     82.699     29.544  19.587657     4.2142      7.815   308.2347 1.3776e+02     3.5505     -0.013     -0.019     8.1471   999.8537 0.0000e+00
     -0.012     -0.000     6.8319     82.664     29.532  19.579492     4.1668      7.813   308.1424 1.4331e+02     3.4948     -0.012     -0.017     8.1472   999.8537 0.0000e+00
     -0.011     -0.002     6.8294     82.627     29.468  19.536826     4.1690      7.809   307.8443 1.5156e+02     3.4988     -0.011     -0.015     8.1471   999.8537 0.0000e+00
     -0.010     -0.002     6.8300     82.628     29.436  19.515746     4.1885      7.807   307.3843 1.4999e+02     3.5017     -0.009     -0.012     8.1471   999.8537 0.0000e+00
     -0.012      0.001     6.8287     82.654     29.435  19.514880     4.2119      7.805   307.1405 1.4240e+02     3.4964     -0.011     -0.015     8.1471   999.8537 0.0000e+00
     -0.017      0.006     6.8259     82.669     29.452  19.526345     4.2169      7.800   307.2195 1.3229e+02     3.5002     -0.018     -0.026     8.1472   999.8537 0.0000e+00
     -0.018      0.012     6.8204     82.697     29.454  19.527535     4.2146      7.793   307.3072 1.2562e+02     3.5145     -0.021     -0.029     8.1477   999.8536 0.0000e+00
     -0.013      0.019     6.8209     82.743     29.458  19.529267     4.1408      7.783   307.2545 1.4170e+02     3.5711     -0.015     -0.022     8.1478   999.8536 0.0000e+00
     -0.002      0.026     6.8263     82.784     29.486  19.547288     3.9925      7.773   307.1839 1.5630e+02     3.6278     -0.003     -0.004     8.1479   999.8536 0.0000e+00
      0.009      0.032     6.8243     82.796     29.498  19.555160     3.9125      7.765   307.0556 1.5321e+02     3.6427      0.010      0.015     8.1477   999.8537 0.0000e+00
      0.017      0.033     6.8276     82.776     29.507  19.561022     3.9110      7.760   306.3061 1.4922e+02     3.6858      0.017      0.025     8.1467   999.8538 0.0000e+00
      0.024      0.025     6.8321     82.762     29.497  19.554740     3.9048      7.758   305.6072 1.4538e+02     3.7232      0.023      0.034     8.1459   999.8539 0.0000e+00
      0.032      0.004     6.8361     82.761     29.479  19.542635     3.8805      7.757   306.1766 1.4248e+02     3.7337      0.031      0.045     8.1455   999.8540 0.0000e+00
      0.041     -0.033     6.8381     82.736     29.476  19.541504     3.8610      7.757   307.1680 1.4482e+02     3.7805      0.042      0.061     8.1454   999.8540 0.0000e+00
      0.044     -0.085     6.8341     82.683     29.475  19.541060     3.8510      7.756   307.6130 1.5860e+02     3.8632      0.049      0.071     8.1452   999.8541 0.0000e+00
      0.027     -0.152     6.8328     82.635     29.469  19.537276     3.8365      7.752   305.8786 1.9320e+02     4.6677      0.037      0.053     8.1448   999.8541 0.0000e+00
     -0.019     -0.226     6.8350     82.610     29.406  19.495752     3.6778      7.744   299.6196 2.4551e+02    13.9659     -0.008     -0.011     8.1450   999.8537 0.0000e+00
     -0.093     -0.291     6.8321     82.590     29.387  19.482953     3.3802      7.736   292.0785 2.9977e+02    31.0140     -0.085     -0.122     8.1461   999.8534 0.0000e+00
     -0.191     -0.327     6.8267     82.560     29.522  19.572781     3.2029      7.731   291.0158 3.3216e+02    40.2151     -0.179     -0.260     8.1476   999.8528 0.0000e+00
     -0.307     -0.322     6.8216     82.534     29.608  19.630532     3.1029      7.727   297.0952 3.3523e+02    40.1398     -0.298     -0.432     8.1479   999.8523 0.0000e+00
     -0.425     -0.278     6.8206     82.501     29.577  19.610424     2.2489      7.723   303.5493 3.2552e+02    30.0383     -0.429     -0.622     8.1476   999.8516 0.0000e+00
     -0.512     -0.204     6.8201     82.437     29.536  19.583346     0.6721      7.719   307.1899 3.1821e+02    11.3807     -0.522     -0.759     8.1475   999.8511 0.0000e+00
     -0.547     -0.112     6.8156     82.315     29.495  19.556826    -0.1910      7.714   309.0212 3.1716e+02     1.2227     -0.550     -0.799     8.1479   999.8511 0.0000e+00
     -0.540     -0.017     6.8149     82.112     29.475  19.543461    -0.2198      7.708   309.6882 3.1981e+02     0.5873     -0.535     -0.777     8.1488   999.8511 0.0000e+00
     -0.515      0.065     6.8121     81.824     29.483  19.548587     0.2725      7.701   309.6620 3.2647e+02     3.8623     -0.506     -0.734     8.1496   999.8512 0.0000e+00
     -0.481      0.120     6.8079     81.489     29.494  19.555380     1.1750      7.695   309.3923 3.3581e+02    10.0140     -0.476     -0.691     8.1501   999.8513 0.0000e+00
     -0.436      0.149     6.7982     81.182     29.504  19.562174     1.6744      7.692   309.0082 3.4430e+02    13.3558     -0.433     -0.627     8.1503   999.8514 0.0000e+00
     -0.385      0.162     6.7818     80.938     29.512  19.567311     1.7415      7.688   308.6318 3.5102e+02    13.4612     -0.373     -0.540     8.1506   999.8517 0.0000e+00
     -0.341      0.170     6.7574     80.758     29.492  19.554064     1.8829      7.684   308.4558 3.5417e+02    11.0254     -0.334     -0.484     8.1504   999.8519 0.0000e+00
     -0.304      0.178     6.7263     80.611     29.455  19.528848     2.1275      7.681   307.9114 3.5060e+02     6.4849     -0.299     -0.433     8.1500   999.8521 0.0000e+00
     -0.266      0.183     6.7010     80.533     29.436  19.516108     2.2535      7.678   307.2984 3.3086e+02     4.0175     -0.262     -0.380     8.1496   999.8523 0.0000e+00
     -0.221      0.183     6.6799     80.589     29.453  19.526868     2.2796      7.676   307.5824 2.8766e+02     3.8057     -0.223     -0.323     8.1492   999.8526 0.0000e+00
     -0.166      0.181     6.6673     80.710     29.461  19.532109     2.4688      7.673   307.9048 2.1699e+02     3.7932     -0.163     -0.236     8.1492   999.8528 0.0000e+00
     -0.107      0.176     6.6548     80.820     29.437  19.516050     2.8070      7.670   307.9266 1.5036e+02     3.7678     -0.101     -0.147     8.1491   999.8531 0.0000e+00
     -0.056      0.169     6.6427     80.958     29.448  19.522968     2.9960      7.668   308.0184 1.2353e+02     3.7278     -0.046     -0.068     8.1485   999.8534 0.0000e+00
     -0.023      0.157     6.6524     81.142     29.493  19.552330     3.0110      7.665   308.1541 1.1768e+02     3.7027     -0.019     -0.027     8.1473   999.8536 0.0000e+00
      0.004      0.137     6.6660     81.335     29.496  19.553950     3.0155      7.661   308.3621 1.1538e+02     3.6945     -0.004     -0.006     8.1467   999.8537 0.0000e+00
