Data/DataNotYetUploadedToEDI/Raw_CTD/RawDownloads/111519_bvr50.cnv
* Sea-Bird SBE19plus  Data File:
* FileName = C:\DATA\111519_bvr50_0001.hex
* Software version 2.8.0.119 SB_Terminal.dll
* Temperature SN = 7809
* Conductivity SN = 7809
* System UpLoad Time = Nov 15 2019 13:27:09
* <ApplicationData>
* <Seaterm232>
# nquan = 16
# nvalues = 1677                        
# units = specified
# name 0 = depFM: Depth [fresh water, m]
# name 1 = dz/dtM: Descent Rate [m/s]
# name 2 = sbeox0ML/L: Oxygen, SBE 43 [ml/l]
# name 3 = sbeox0PS: Oxygen, SBE 43 [% saturation]
# name 4 = specc: Specific Conductance [uS/cm]
# name 5 = c0uS/cm: Conductivity [uS/cm]
# name 6 = flECO-AFL: Fluorescence, WET Labs ECO-AFL/FL [mg/m^3]
# name 7 = ph: pH
# name 8 = orp: Oxidation Reduction Potential [mV]
# name 9 = par/sat/log: PAR/Logarithmic, Satlantic
# name 10 = turbWETntu0: Turbidity, WET Labs ECO [NTU]
# name 11 = prdM: Pressure, Strain Gauge [db]
# name 12 = prdE: Pressure, Strain Gauge [psi]
# name 13 = tv290C: Temperature [ITS-90, deg C]
# name 14 = density00: Density [density, kg/m^3]
# name 15 = flag:  0.000e+00
# span 0 =     -0.547,      9.856       
# span 1 =     -0.327,      0.183       
# span 2 =     5.1125,     7.7096       
# span 3 =     62.105,     93.430       
# span 4 =     29.330,     30.136       
# span 5 =  19.471075,  19.929381       
# span 6 =    -0.2198,     7.5371       
# span 7 =      7.328,      8.940       
# span 8 =   291.0158,   333.6152       
# span 9 = 1.2360e-01, 4.0631e+02       
# span 10 =     0.5873,    40.2151      
# span 11 =     -0.550,      9.666      
# span 12 =     -0.799,     14.020      
# span 13 =     8.0551,     8.2902      
# span 14 =   999.8443,   999.9059      
# span 15 = 0.0000e+00, 0.0000e+00      
# interval = seconds: 0.25
# start_time = Nov 15 2019 14:13:40 [Instrument's time stamp, header]
# bad_flag = -9.990e-29
*END*
[from data line 543]
      0.766      0.017     6.7367     81.899     29.529  19.573946     4.8767      7.531   310.9601 4.9802e+01     3.7371      0.752      1.089     8.1426   999.8576 0.0000e+00
      0.770      0.017     6.7426     81.945     29.504  19.557165     4.9147      7.532   310.9502 4.9610e+01     3.7496      0.755      1.095     8.1422   999.8577 0.0000e+00
      0.775      0.017     6.7490     81.986     29.504  19.556584     4.9342      7.532   310.8789 4.9619e+01     3.7791      0.760      1.103     8.1414   999.8578 0.0000e+00
      0.779      0.017     6.7584     82.019     29.520  19.566924     4.9049      7.532   310.8721 4.9289e+01     3.7985      0.764      1.108     8.1408   999.8578 0.0000e+00
      0.784      0.017     6.7642     82.045     29.503  19.555336     4.8375      7.532   310.8680 4.8855e+01     3.8208      0.768      1.114     8.1410   999.8578 0.0000e+00
      0.788      0.017     6.7665     82.074     29.485  19.543318     4.8130      7.532   310.8286 4.8619e+01     3.8185      0.774      1.123     8.1411   999.8578 0.0000e+00
      0.792      0.017     6.7712     82.102     29.492  19.548463     4.8259      7.532   310.8263 4.8204e+01     3.7706      0.777      1.127     8.1407   999.8579 0.0000e+00
      0.797      0.017     6.7731     82.133     29.501  19.554125     4.8539      7.532   310.8407 4.7854e+01     3.7340      0.780      1.132     8.1400   999.8580 0.0000e+00
      0.801      0.016     6.7755     82.180     29.493  19.548350     4.9004      7.532   310.8304 4.7674e+01     3.7360      0.786      1.140     8.1394   999.8580 0.0000e+00
      0.805      0.016     6.7777     82.211     29.483  19.542059     4.9286      7.532   310.8747 4.7476e+01     3.7618      0.788      1.143     8.1393   999.8580 0.0000e+00
      0.809      0.015     6.7809     82.208     29.482  19.541487     4.9347      7.531   310.9457 4.7416e+01     3.7842      0.792      1.150     8.1393   999.8580 0.0000e+00
      0.814      0.014     6.7809     82.173     29.482  19.541440     4.9743      7.531   311.0001 4.7451e+01     3.7776      0.799      1.159     8.1393   999.8581 0.0000e+00
      0.817      0.012     6.7879     82.117     29.482  19.541488     5.0517      7.531   311.0157 4.7500e+01     3.7475      0.801      1.162     8.1395   999.8581 0.0000e+00
      0.820      0.011     6.7901     82.065     29.482  19.542060     5.0901      7.531   310.9625 4.7635e+01     3.7152      0.804      1.166     8.1392   999.8581 0.0000e+00
      0.822      0.011     6.7897     81.998     29.491  19.548359     5.0925      7.530   310.9591 4.7729e+01     3.7152      0.807      1.171     8.1389   999.8581 0.0000e+00
      0.823      0.012     6.7874     81.919     29.500  19.554229     5.0897      7.530   311.0610 4.7778e+01     3.7152      0.808      1.172     8.1389   999.8581 0.0000e+00
      0.824      0.015     6.7798     81.854     29.494  19.549607     4.9859      7.528   311.1618 4.7708e+01     3.7140      0.807      1.171     8.1396   999.8581 0.0000e+00
      0.828      0.018     6.7784     81.815     29.504  19.555897     4.7996      7.526   311.1457 4.7449e+01     3.7335      0.812      1.177     8.1404   999.8581 0.0000e+00
      0.834      0.022     6.7715     81.827     29.522  19.566857     4.7020      7.525   311.0384 4.7126e+01     3.7218      0.818      1.186     8.1410   999.8581 0.0000e+00
      0.841      0.026     6.7641     81.877     29.506  19.555278     4.6981      7.523   310.9828 4.6711e+01     3.7031      0.825      1.196     8.1409   999.8581 0.0000e+00
      0.850      0.028     6.7594     81.911     29.488  19.542747     4.7097      7.521   310.9890 4.6264e+01     3.7050      0.835      1.211     8.1403   999.8582 0.0000e+00
      0.857      0.028     6.7547     81.928     29.488  19.542185     4.7291      7.518   310.9424 4.5708e+01     3.7115      0.840      1.218     8.1393   999.8583 0.0000e+00
      0.864      0.027     6.7559     81.935     29.498  19.548473     4.7505      7.515   310.9358 4.5098e+01     3.7156      0.846      1.227     8.1374   999.8585 0.0000e+00
      0.873      0.024     6.7638     81.909     29.510  19.555363     4.7608      7.515   310.9944 4.4783e+01     3.7222      0.857      1.244     8.1355   999.8586 0.0000e+00
      0.878      0.021     6.7657     81.860     29.521  19.562073     4.7755      7.516   310.8767 4.4745e+01     3.7263      0.862      1.251     8.1341   999.8587 0.0000e+00
      0.882      0.018     6.7662     81.799     29.528  19.566171     4.7983      7.516   310.7176 4.4732e+01     3.6997      0.864      1.253     8.1334   999.8588 0.0000e+00
      0.886      0.014     6.7693     81.729     29.491  19.541489     4.8022      7.516   310.7055 4.4774e+01     3.6947      0.870      1.261     8.1327   999.8588 0.0000e+00
      0.890      0.011     6.7657     81.654     29.455  19.517331     4.7965      7.517   310.7301 4.4972e+01     3.7317      0.872      1.265     8.1315   999.8589 0.0000e+00
      0.892      0.009     6.7620     81.582     29.470  19.527767     4.7812      7.517   310.7576 4.5231e+01     3.7543      0.874      1.270     8.1304   999.8590 0.0000e+00
      0.893      0.009     6.7572     81.542     29.489  19.540823     4.7482      7.518   310.7800 4.5480e+01     3.7382      0.876      1.271     8.1294   999.8591 0.0000e+00
      0.894      0.011     6.7510     81.541     29.499  19.548351     4.7356      7.519   310.8289 4.5620e+01     3.7001      0.876      1.271     8.1289   999.8591 0.0000e+00
      0.896      0.014     6.7456     81.565     29.509  19.555373     4.7505      7.519   310.9178 4.5625e+01     3.6875      0.878      1.274     8.1287   999.8591 0.0000e+00
      0.899      0.018     6.7372     81.595     29.519  19.562301     4.7722      7.519   310.9942 4.5428e+01     3.7177      0.880      1.277     8.1292   999.8591 0.0000e+00
      0.904      0.021     6.7345     81.627     29.529  19.568698     4.7895      7.518   310.9785 4.4944e+01     3.7373      0.885      1.284     8.1307   999.8590 0.0000e+00
      0.912      0.022     6.7343     81.684     29.530  19.569288     4.7949      7.518   310.9006 4.4368e+01     3.7276      0.894      1.296     8.1318   999.8590 0.0000e+00
      0.921      0.021     6.7369     81.765     29.530  19.569441     4.8033      7.518   310.8266 4.3928e+01     3.7311      0.904      1.311     8.1329   999.8590 0.0000e+00
      0.928      0.019     6.7398     81.847     29.531  19.570536     4.8130      7.518   310.6856 4.3659e+01     3.7468      0.912      1.323     8.1332   999.8590 0.0000e+00
      0.931      0.015     6.7408     81.912     29.548  19.582534     4.8075      7.519   310.5724 4.3434e+01     3.7542      0.914      1.326     8.1324   999.8591 0.0000e+00
      0.933      0.013     6.7463     81.974     29.555  19.587671     4.7980      7.520   310.6627 4.3190e+01     3.7222      0.915      1.328     8.1326   999.8591 0.0000e+00
      0.934      0.012     6.7530     82.032     29.526  19.569222     4.8014      7.520   310.8310 4.3020e+01     3.6867      0.917      1.330     8.1333   999.8591 0.0000e+00
      0.934      0.012     6.7612     82.063     29.496  19.549733     4.8051      7.519   310.8865 4.2855e+01     3.7188      0.916      1.329     8.1340   999.8590 0.0000e+00
      0.937      0.013     6.7649     82.072     29.485  19.542299     4.7828      7.519   310.9039 4.2615e+01     3.7501      0.918      1.331     8.1351   999.8589 0.0000e+00
      0.943      0.015     6.7698     82.066     29.487  19.542758     4.7480      7.519   310.9546 4.2423e+01     3.7368      0.926      1.343     8.1361   999.8589 0.0000e+00
      0.949      0.017     6.7763     82.050     29.507  19.555280     4.7318      7.518   310.9835 4.2254e+01     3.7217      0.931      1.351     8.1372   999.8589 0.0000e+00
      0.954      0.019     6.7775     82.028     29.525  19.566857     4.7333      7.518   310.9952 4.2065e+01     3.7315      0.935      1.356     8.1380   999.8588 0.0000e+00
      0.958      0.019     6.7785     81.988     29.510  19.555888     4.7665      7.517   311.0101 4.1936e+01     3.7572      0.940      1.364     8.1377   999.8589 0.0000e+00
      0.962      0.020     6.7781     81.942     29.501  19.549504     4.8220      7.516   310.9924 4.1741e+01     3.7375      0.942      1.366     8.1364   999.8589 0.0000e+00
      0.967      0.022     6.7763     81.914     29.507  19.553086     4.8487      7.516   310.9533 4.1403e+01     3.6904      0.947      1.373     8.1349   999.8590 0.0000e+00
      0.972      0.025     6.7761     81.905     29.482  19.535780     4.8554      7.516   310.8811 4.1139e+01     3.6784      0.955      1.385     8.1337   999.8592 0.0000e+00
      0.978      0.029     6.7721     81.889     29.474  19.530530     4.8940      7.515   310.8071 4.0879e+01     3.6910      0.958      1.390     8.1323   999.8593 0.0000e+00
      0.986      0.031     6.7674     81.847     29.509  19.553020     4.9517      7.512   310.9188 4.0516e+01     3.7119      0.966      1.401     8.1315   999.8594 0.0000e+00
      0.996      0.031     6.7654     81.797     29.512  19.554021     4.9718      7.509   311.1140 4.0155e+01     3.7346      0.977      1.416     8.1309   999.8595 0.0000e+00
      1.007      0.030     6.7654     81.751     29.495  19.542632     4.9718      7.505   311.1881 3.9880e+01     3.7360      0.987      1.432     8.1300   999.8596 0.0000e+00
      1.017      0.027     6.7658     81.703     29.495  19.542164     4.9785      7.503   311.2119 3.9709e+01     3.7291      0.998      1.449     8.1292   999.8597 0.0000e+00
      1.023      0.023     6.7607     81.638     29.504  19.548359     4.9832      7.501   311.1435 3.9557e+01     3.7495      1.004      1.456     8.1282   999.8598 0.0000e+00
      1.026      0.020     6.7572     81.584     29.513  19.554117     4.9936      7.499   311.0503 3.9535e+01     3.7533      1.006      1.459     8.1268   999.8599 0.0000e+00
      1.027      0.019     6.7531     81.588     29.505  19.548361     5.0004      7.498   311.1168 3.9466e+01     3.7095      1.007      1.461     8.1258   999.8599 0.0000e+00
      1.031      0.021     6.7502     81.605     29.496  19.542184     4.9968      7.498   311.1733 3.9144e+01     3.6786      1.009      1.465     8.1257   999.8599 0.0000e+00
      1.036      0.024     6.7448     81.605     29.497  19.542850     5.0716      7.498   311.1313 3.8735e+01     3.6742      1.015      1.472     8.1260   999.8599 0.0000e+00
      1.043      0.027     6.7360     81.614     29.518  19.556423     5.2291      7.498   311.1258 3.8333e+01     3.6897      1.023      1.483     8.1261   999.8600 0.0000e+00
      1.053      0.029     6.7404     81.625     29.553  19.579438     5.3136      7.498   311.1920 3.7961e+01     3.7343      1.032      1.497     8.1258   999.8600 0.0000e+00
      1.062      0.030     6.7426     81.631     29.535  19.567430     5.3215      7.497   311.2433 3.7591e+01     3.7545      1.042      1.511     8.1255   999.8601 0.0000e+00
      1.070      0.028     6.7402     81.634     29.490  19.538077     5.3157      7.496   311.2307 3.7218e+01     3.7375      1.050      1.523     8.1250   999.8602 0.0000e+00
      1.077      0.024     6.7428     81.615     29.495  19.541650     5.2952      7.496   311.2107 3.6932e+01     3.7251      1.056      1.532     8.1244   999.8603 0.0000e+00
      1.083      0.020     6.7434     81.557     29.503  19.547217     5.2825      7.496   311.1737 3.6801e+01     3.7038      1.064      1.542     8.1239   999.8603 0.0000e+00
      1.088      0.016     6.7440     81.506     29.495  19.541958     5.2747      7.498   311.1276 3.6769e+01     3.7086      1.068      1.548     8.1238   999.8604 0.0000e+00
      1.090      0.014     6.7442     81.489     29.493  19.541490     5.1918      7.500   311.1702 3.6775e+01     3.7833      1.069      1.550     8.1241   999.8603 0.0000e+00
      1.091      0.014     6.7448     81.466     29.493  19.541555     5.0354      7.501   311.2586 3.6791e+01     3.8209      1.070      1.552     8.1246   999.8603 0.0000e+00
      1.094      0.015     6.7371     81.434     29.496  19.542747     4.9439      7.501   311.2497 3.6762e+01     3.7698      1.072      1.554     8.1252   999.8603 0.0000e+00
      1.098      0.015     6.7312     81.439     29.517  19.555899     4.9269      7.502   311.1490 3.6632e+01     3.7225      1.076      1.560     8.1260   999.8602 0.0000e+00
      1.104      0.015     6.7325     81.480     29.545  19.573719     4.9249      7.503   311.0733 3.6465e+01     3.7080      1.082      1.570     8.1265   999.8602 0.0000e+00
      1.110      0.014     6.7305     81.520     29.536  19.567953     4.9279      7.504   311.0226 3.6335e+01     3.6932      1.090      1.581     8.1268   999.8603 0.0000e+00
      1.113      0.014     6.7255     81.547     29.508  19.549598     4.9200      7.505   310.9657 3.6185e+01     3.7073      1.093      1.586     8.1261   999.8603 0.0000e+00
      1.114      0.015     6.7261     81.540     29.497  19.542061     4.9155      7.506   310.9883 3.6025e+01     3.7470      1.092      1.584     8.1248   999.8604 0.0000e+00
      1.115      0.015     6.7324     81.528     29.494  19.540241     4.9264      7.508   310.9522 3.5756e+01     3.7473      1.093      1.585     8.1238   999.8605 0.0000e+00
      1.119      0.016     6.7340     81.537     29.474  19.527596     4.9474      7.509   310.7872 3.5409e+01     3.7436      1.097      1.591     8.1234   999.8605 0.0000e+00
      1.126      0.018     6.7389     81.538     29.456  19.516017     4.9704      7.509   310.7996 3.5194e+01     3.7672      1.104      1.601     8.1234   999.8605 0.0000e+00
      1.133      0.018     6.7367     81.543     29.474  19.527081     4.9791      7.510   310.9306 3.5036e+01     3.7712      1.113      1.613     8.1238   999.8606 0.0000e+00
      1.138      0.017     6.7333     81.577     29.486  19.534524     4.9834      7.511   310.9086 3.4951e+01     3.7592      1.117      1.620     8.1241   999.8606 0.0000e+00
      1.142      0.016     6.7375     81.634     29.498  19.542585     5.0559      7.511   310.9634 3.4956e+01     3.7857      1.119      1.624     8.1248   999.8605 0.0000e+00
      1.145      0.016     6.7356     81.694     29.526  19.561129     5.1891      7.510   311.1628 3.4967e+01     3.7963      1.122      1.629     8.1253   999.8605 0.0000e+00
      1.147      0.016     6.7353     81.729     29.537  19.568477     5.2590      7.510   311.1685 3.5016e+01     3.7563      1.124      1.631     8.1245   999.8606 0.0000e+00
      1.150      0.017     6.7391     81.744     29.536  19.568001     5.2679      7.510   311.0323 3.5024e+01     3.7615      1.127      1.634     8.1238   999.8606 0.0000e+00
      1.155      0.018     6.7435     81.750     29.517  19.555373     5.2786      7.510   310.9793 3.4910e+01     3.7926      1.132      1.641     8.1238   999.8606 0.0000e+00
      1.161      0.020     6.7504     81.733     29.498  19.542643     5.2841      7.509   311.0429 3.4736e+01     3.8048      1.139      1.652     8.1240   999.8607 0.0000e+00
      1.167      0.021     6.7526     81.692     29.496  19.540918     5.2828      7.508   311.1996 3.4614e+01     3.8112      1.145      1.661     8.1239   999.8607 0.0000e+00
      1.172      0.021     6.7529     81.649     29.487  19.534523     5.2979      7.507   311.3250 3.4484e+01     3.7716      1.150      1.668     8.1237   999.8608 0.0000e+00
      1.177      0.021     6.7547     81.616     29.478  19.528748     5.3973      7.507   311.3545 3.4279e+01     3.7189      1.155      1.675     8.1236   999.8608 0.0000e+00
      1.182      0.020     6.7531     81.596     29.487  19.534513     5.5563      7.507   311.3847 3.4044e+01     3.6993      1.159      1.681     8.1233   999.8608 0.0000e+00
