Data/DataNotYetUploadedToEDI/Raw_CTD/RawDownloads/111918_fcr50.cnv
* Sea-Bird SBE19plus  Data File:
* FileName = C:\DATA\111918_fcr50_0001.hex
* Software version 2.6.3.104 SB_Terminal.dll
* Temperature SN = 7809
* Conductivity SN = 7809
* System UpLoad Time = Nov 19 2018 16:24:22
* <ApplicationData>
* <Seaterm232>
# nquan = 15
# nvalues = 1046                        
# units = specified
# name 0 = depFM: Depth [fresh water, m]
# name 1 = dz/dtM: Descent Rate [m/s]
# name 2 = sbeox0Mg/L: Oxygen, SBE 43 [mg/l]
# name 3 = sbeox0PS: Oxygen, SBE 43 [% saturation]
# name 4 = specc: Specific Conductance [uS/cm]
# name 5 = c0uS/cm: Conductivity [uS/cm]
# name 6 = flECO-AFL: Fluorescence, WET Labs ECO-AFL/FL [mg/m^3]
# name 7 = ph: pH
# name 8 = orp: Oxidation Reduction Potential [mV]
# name 9 = par/sat/log: PAR/Logarithmic, Satlantic
# name 10 = turbWETntu0: Turbidity, WET Labs ECO [NTU]
# name 11 = prdM: Pressure, Strain Gauge [db]
# name 12 = prdE: Pressure, Strain Gauge [psi]
# name 13 = tv290C: Temperature [ITS-90, deg C]
# name 14 = flag:  0.000e+00
# span 0 =     -0.585,      9.753       
# span 1 =      0.000,      0.161       
# span 2 =     7.2122,    11.6627       
# span 3 =     61.441,     99.399       
# span 4 =      0.357,     38.071       
# span 5 =   0.269682,  25.588426       
# span 6 =    -0.2218,     2.3141       
# span 7 =     -2.903,      8.142       
# span 8 =   221.7934,  1206.8772       
# span 9 = 1.2556e-01, 5.9155e+02       
# span 10 =    -0.2909,    17.6368      
# span 11 =     -0.574,      9.565      
# span 12 =     -0.832,     13.873      
# span 13 =     7.9734,    12.8206      
# span 14 = 0.0000e+00, 0.0000e+00      
# interval = seconds: 0.25
# start_time = Nov 19 2018 15:47:25 [Instrument's time stamp, header]
# bad_flag = -9.990e-29
*END*
[from data line 675]
      6.177      0.018     9.5063     80.283     36.662  24.200015     2.0599      6.898   306.6048 4.2375e-01     3.0638      6.059      8.786     8.0025 0.0000e+00
      6.181      0.018     9.5066     80.285     36.643  24.187412     2.0603      6.898   306.7418 4.2736e-01     3.0815      6.061      8.791     8.0030 0.0000e+00
      6.185      0.018     9.5037     80.260     36.662  24.199891     2.0521      6.898   307.1049 4.1736e-01     3.0919      6.063      8.794     8.0036 0.0000e+00
      6.190      0.019     9.5006     80.235     36.697  24.223923     2.0345      6.898   307.1228 4.0783e-01     3.0978      6.069      8.803     8.0036 0.0000e+00
      6.195      0.020     9.5006     80.236     36.697  24.224028     2.0310      6.898   306.7862 4.2436e-01     3.0916      6.076      8.812     8.0028 0.0000e+00
      6.200      0.020     9.5018     80.246     36.662  24.201150     2.0373      6.898   306.6486 4.4655e-01     3.0782      6.080      8.818     8.0024 0.0000e+00
      6.205      0.020     9.5020     80.248     36.662  24.201263     2.0185      6.898   306.6640 4.3750e-01     3.0884      6.085      8.825     8.0025 0.0000e+00
      6.211      0.019     9.5028     80.255     36.699  24.225401     1.9875      6.898   306.6281 4.1820e-01     3.1230      6.091      8.833     8.0027 0.0000e+00
      6.216      0.018     9.5036     80.261     36.720  24.239044     1.9747      6.898   306.6442 4.1573e-01     3.1301      6.096      8.841     8.0033 0.0000e+00
      6.220      0.018     9.5032     80.260     36.719  24.239242     1.9929      6.899   306.7737 4.0875e-01     3.1127      6.100      8.848     8.0035 0.0000e+00
      6.223      0.019     9.5043     80.276     36.697  24.227793     2.0231      6.899   306.9031 3.9874e-01     3.0966      6.103      8.852     8.0035 0.0000e+00
      6.228      0.021     9.5040     80.284     36.692  24.227594     2.0369      6.899   307.0037 4.0989e-01     3.0877      6.106      8.857     8.0033 0.0000e+00
      6.233      0.024     9.5013     80.268     36.702  24.236839     2.0503      6.900   307.0432 4.2230e-01     3.0967      6.112      8.865     8.0032 0.0000e+00
      6.239      0.027     9.5013     80.267     36.666  24.212598     2.0654      6.900   307.0374 4.1725e-01     3.1138      6.119      8.874     8.0038 0.0000e+00
      6.247      0.029     9.5027     80.272     36.633  24.188453     2.0629      6.900   306.9339 4.0991e-01     3.1115      6.126      8.885     8.0070 0.0000e+00
      6.255      0.031     9.5035     80.273     36.652  24.198859     2.0567      6.900   306.7374 3.9986e-01     3.0993      6.134      8.896     8.0138 0.0000e+00
      6.265      0.033     9.5047     80.281     36.673  24.211444     2.0545      6.899   306.7269 3.8555e-01     3.0883      6.145      8.912     8.0187 0.0000e+00
      6.274      0.035     9.5062     80.291     36.677  24.213629     2.0635      6.899   306.8931 3.7834e-01     3.0713      6.155      8.927     8.0172 0.0000e+00
      6.280      0.035     9.5075     80.301     36.695  24.225275     2.0920      6.899   307.2839 3.7826e-01     3.0763      6.159      8.933     8.0122 0.0000e+00
      6.288      0.034     9.5090     80.313     36.696  24.225285     2.1150      6.900   307.7526 3.7267e-01     3.0878      6.165      8.942     8.0090 0.0000e+00
      6.300      0.032     9.5090     80.311     36.679  24.213743     2.1125      6.900   307.8275 3.5659e-01     3.0884      6.179      8.962     8.0081 0.0000e+00
      6.312      0.029     9.5058     80.284     36.678  24.212694     2.0977      6.900   307.5880 3.4572e-01     3.0835      6.192      8.980     8.0077 0.0000e+00
      6.319      0.024     9.5023     80.255     36.677  24.212608     2.0643      6.900   307.2655 3.4892e-01     3.0592      6.198      8.990     8.0075 0.0000e+00
      6.324      0.018     9.4994     80.231     36.677  24.212703     2.0123      6.899   307.1119 3.5952e-01     3.0377      6.202      8.996     8.0066 0.0000e+00
      6.326      0.012     9.4950     80.194     36.678  24.213847     1.9840      6.899   307.2791 3.6047e-01     3.0377      6.204      8.998     8.0054 0.0000e+00
      6.327      0.007     9.4907     80.158     36.697  24.226441     1.9798      6.899   307.8237 3.5158e-01     3.0583      6.204      8.998     8.0053 0.0000e+00
      6.328      0.004     9.4868     80.125     36.714  24.237994     1.9798      6.899   308.4487 3.5571e-01     3.0432      6.205      9.000     8.0060 0.0000e+00
      6.328      0.004     9.4801     80.067     36.698  24.226555     1.9832      6.899   308.6412 3.6774e-01     2.9466      6.206      9.001     8.0064 0.0000e+00
      6.329      0.005     9.4747     80.020     36.682  24.215108     1.9752      6.898   308.6030 3.7509e-01     2.8667      6.206      9.002     8.0067 0.0000e+00
      6.329      0.008     9.4743     80.016     36.700  24.226565     1.9653      6.898   308.5027 3.7726e-01     2.8709      6.207      9.003     8.0068 0.0000e+00
      6.330      0.013     9.4748     80.021     36.717  24.238107     1.9562      6.897   308.2026 3.6770e-01     2.9368      6.207      9.003     8.0067 0.0000e+00
      6.334      0.018     9.4756     80.028     36.700  24.227690     1.9206      6.896   307.9004 3.5781e-01     3.0229      6.210      9.007     8.0062 0.0000e+00
      6.340      0.022     9.4792     80.058     36.700  24.227584     1.8927      6.894   308.1178 3.6342e-01     3.0571      6.216      9.016     8.0047 0.0000e+00
      6.348      0.025     9.4861     80.115     36.715  24.236819     1.9044      6.892   308.8526 3.7060e-01     3.0449      6.224      9.028     8.0043 0.0000e+00
      6.358      0.026     9.4931     80.173     36.679  24.212378     1.9511      6.891   309.3847 3.6901e-01     3.0591      6.236      9.044     8.0052 0.0000e+00
      6.365      0.026     9.4986     80.219     36.639  24.186028     2.0170      6.890   309.5619 3.6566e-01     3.0760      6.243      9.055     8.0056 0.0000e+00
      6.371      0.024     9.5023     80.250     36.618  24.172176     2.0485      6.889   309.6176 3.6180e-01     3.0650      6.247      9.061     8.0053 0.0000e+00
      6.376      0.021     9.5058     80.279     36.618  24.171872     2.0378      6.887   309.4566 3.6030e-01     3.0788      6.253      9.071     8.0041 0.0000e+00
      6.380      0.019     9.5114     80.326     36.634  24.182347     2.0335      6.886   309.2491 3.6352e-01     3.1209      6.256      9.074     8.0036 0.0000e+00
      6.385      0.018     9.5173     80.376     36.618  24.171851     2.0516      6.886   309.2610 3.6467e-01     3.1471      6.262      9.082     8.0035 0.0000e+00
      6.389      0.019     9.5210     80.406     36.618  24.171947     2.0645      6.885   309.4278 3.5400e-01     3.1214      6.267      9.089     8.0034 0.0000e+00
      6.393      0.019     9.5232     80.426     36.636  24.183509     2.0600      6.885   309.5458 3.4042e-01     3.0840      6.268      9.091     8.0031 0.0000e+00
      6.398      0.018     9.5252     80.444     36.637  24.184664     2.0435      6.885   309.5687 3.4310e-01     3.0916      6.274      9.100     8.0028 0.0000e+00
      6.405      0.016     9.5258     80.450     36.639  24.185915     2.0308      6.886   309.6185 3.4645e-01     3.0614      6.282      9.111     8.0029 0.0000e+00
      6.410      0.015     9.5231     80.428     36.658  24.198640     2.0350      6.886   309.7176 3.4286e-01     2.9624      6.287      9.120     8.0025 0.0000e+00
      6.412      0.014     9.5178     80.383     36.677  24.211548     2.0390      6.886   309.8208 3.5351e-01     2.8723      6.288      9.120     8.0027 0.0000e+00
      6.413      0.013     9.5108     80.325     36.682  24.215002     2.0333      6.886   309.8337 3.6326e-01     2.8254      6.289      9.121     8.0035 0.0000e+00
      6.416      0.012     9.5018     80.249     36.720  24.240397     2.0307      6.886   309.5292 3.6224e-01     2.8844      6.291      9.124     8.0039 0.0000e+00
      6.420      0.012     9.4947     80.190     36.756  24.264646     2.0349      6.885   309.1505 3.6286e-01     3.0059      6.296      9.131     8.0044 0.0000e+00
      6.425      0.012     9.4918     80.166     36.741  24.254239     2.0385      6.884   309.1275 3.5891e-01     3.0738      6.302      9.140     8.0046 0.0000e+00
      6.428      0.012     9.4905     80.155     36.721  24.241543     2.0471      6.885   309.3360 3.5294e-01     3.0939      6.305      9.144     8.0049 0.0000e+00
      6.430      0.011     9.4923     80.170     36.716  24.238117     2.0923      6.886   309.6074 3.5377e-01     3.0968      6.306      9.146     8.0052 0.0000e+00
      6.432      0.010     9.4972     80.211     36.678  24.212817     2.1532      6.886   309.6556 3.6521e-01     3.1088      6.308      9.149     8.0056 0.0000e+00
      6.434      0.010     9.5010     80.242     36.643  24.189598     2.1679      6.886   309.5745 3.7338e-01     3.1171      6.311      9.152     8.0057 0.0000e+00
      6.436      0.013     9.5033     80.261     36.677  24.211330     2.1594      6.886   309.4017 3.6825e-01     3.1052      6.312      9.154     8.0055 0.0000e+00
      6.438      0.016     9.5062     80.285     36.692  24.221623     2.1606      6.886   308.9429 3.7163e-01     3.1185      6.313      9.157     8.0055 0.0000e+00
      6.442      0.020     9.5099     80.314     36.641  24.187069     2.1641      6.886   308.7579 3.7497e-01     3.1558      6.316      9.162     8.0053 0.0000e+00
      6.449      0.025     9.5124     80.333     36.624  24.174474     2.1647      6.886   308.8857 3.7055e-01     3.1589      6.323      9.172     8.0048 0.0000e+00
      6.457      0.030     9.5149     80.350     36.659  24.196321     2.1590      6.886   309.0266 3.7837e-01     3.1256      6.333      9.186     8.0047 0.0000e+00
      6.466      0.034     9.5179     80.370     36.664  24.197258     2.1501      6.887   309.1701 3.8950e-01     3.0884      6.341      9.196     8.0044 0.0000e+00
      6.475      0.037     9.5190     80.375     36.649  24.185801     2.1307      6.888   309.2440 3.9415e-01     3.0750      6.350      9.208     8.0035 0.0000e+00
      6.486      0.037     9.5203     80.383     36.649  24.184768     2.1083      6.888   309.1458 3.8843e-01     3.0861      6.361      9.226     8.0023 0.0000e+00
      6.497      0.036     9.5228     80.403     36.649  24.184778     2.0996      6.888   308.7577 3.7840e-01     3.1006      6.371      9.241     7.9996 0.0000e+00
      6.507      0.034     9.5212     80.389     36.651  24.185915     2.0993      6.888   308.5091 3.8435e-01     3.0981      6.382      9.257     7.9968 0.0000e+00
      6.515      0.031     9.5151     80.337     36.670  24.198518     2.1145      6.888   308.5493 3.9396e-01     3.0861      6.390      9.268     7.9946 0.0000e+00
      6.522      0.027     9.5097     80.292     36.687  24.210175     2.1267      6.888   308.5556 3.9120e-01     3.0775      6.396      9.276     7.9932 0.0000e+00
      6.528      0.025     9.5062     80.264     36.671  24.199881     2.1077      6.889   308.6716 3.8654e-01     3.0550      6.403      9.286     7.9927 0.0000e+00
      6.533      0.025     9.5047     80.253     36.673  24.201036     2.0963      6.890   308.9187 3.8189e-01     3.0591      6.406      9.292     7.9926 0.0000e+00
      6.538      0.025     9.5053     80.258     36.708  24.224131     2.1368      6.889   309.0486 3.7538e-01     3.0961      6.412      9.299     7.9931 0.0000e+00
      6.544      0.026     9.5057     80.261     36.709  24.225172     2.2013      6.888   309.0376 3.6768e-01     3.1065      6.418      9.308     7.9933 0.0000e+00
      6.552      0.028     9.5045     80.251     36.692  24.213620     2.2238      6.888   308.9579 3.5351e-01     3.0930      6.424      9.317     7.9937 0.0000e+00
      6.560      0.031     9.5033     80.241     36.689  24.211436     2.2161      6.889   308.8591 3.4272e-01     3.0842      6.433      9.330     7.9940 0.0000e+00
      6.568      0.034     9.5013     80.224     36.669  24.198766     2.2286      6.889   308.8753 3.3756e-01     3.0917      6.441      9.343     7.9941 0.0000e+00
      6.576      0.038     9.4962     80.182     36.651  24.187413     2.2553      6.889   308.8960 3.3810e-01     3.1241      6.448      9.353     7.9942 0.0000e+00
      6.585      0.043     9.4897     80.129     36.672  24.201140     2.2635      6.889   308.9375 3.4103e-01     3.1101      6.457      9.365     7.9941 0.0000e+00
      6.596      0.049     9.4857     80.095     36.727  24.237765     2.2449      6.889   309.4632 3.2852e-01     3.0745      6.469      9.382     7.9941 0.0000e+00
      6.608      0.056     9.4858     80.095     36.744  24.249300     2.1862      6.888   310.0896 3.1331e-01     3.1516      6.480      9.399     7.9941 0.0000e+00
      6.623      0.061     9.4889     80.122     36.690  24.213627     2.0956      6.887   310.1440 3.0821e-01     3.3095      6.492      9.418     7.9948 0.0000e+00
      6.642      0.063     9.4931     80.159     36.650  24.187392     2.0505      6.885   310.0349 3.1029e-01     3.3964      6.513      9.447     7.9953 0.0000e+00
      6.663      0.062     9.4979     80.199     36.647  24.186050     2.0449      6.883   310.0612 3.1709e-01     3.3474      6.535      9.478     7.9956 0.0000e+00
      6.681      0.057     9.5012     80.228     36.665  24.197395     2.0369      6.881   309.9461 3.1745e-01     3.2356      6.553      9.504     7.9958 0.0000e+00
      6.696      0.050     9.5027     80.240     36.665  24.197584     2.0374      6.880   309.7615 3.0620e-01     3.1436      6.569      9.527     7.9955 0.0000e+00
      6.707      0.043     9.5026     80.239     36.651  24.188337     2.0325      6.880   309.7214 2.9293e-01     3.1200      6.579      9.543     7.9957 0.0000e+00
      6.714      0.037     9.4987     80.205     36.688  24.212569     2.0233      6.880   310.0634 2.8688e-01     3.1329      6.584      9.549     7.9965 0.0000e+00
      6.719      0.035     9.4930     80.156     36.725  24.236611     2.0268      6.881   310.7135 2.8452e-01     3.1169      6.589      9.556     7.9967 0.0000e+00
      6.726      0.037     9.4880     80.115     36.707  24.225069     2.0386      6.881   311.0432 2.8435e-01     3.1094      6.596      9.568     7.9965 0.0000e+00
      6.736      0.041     9.4838     80.081     36.668  24.199997     2.0469      6.880   310.8665 2.8204e-01     3.1346      6.605      9.579     7.9964 0.0000e+00
      6.748      0.045     9.4808     80.056     36.649  24.187422     2.0438      6.879   310.6424 2.8125e-01     3.1158      6.614      9.593     7.9961 0.0000e+00
      6.763      0.047     9.4808     80.056     36.668  24.200007     2.0375      6.879   310.6569 2.9094e-01     3.0653      6.632      9.619     7.9958 0.0000e+00
      6.778      0.047     9.4845     80.086     36.706  24.225185     2.0545      6.879   310.6964 3.0005e-01     3.0729      6.650      9.644     7.9961 0.0000e+00
      6.789      0.045     9.4901     80.135     36.725  24.237880     2.0832      6.878   310.7754 3.0417e-01     3.1171      6.658      9.656     7.9969 0.0000e+00
      6.798      0.041     9.4951     80.178     36.707  24.226535     2.0999      6.878   311.0103 2.9397e-01     3.1116      6.667      9.668     7.9970 0.0000e+00
      6.809      0.036     9.4977     80.200     36.690  24.214992     2.1086      6.878   311.2142 2.7071e-01     3.0666      6.678      9.687     7.9965 0.0000e+00
      6.819      0.032     9.4976     80.199     36.706  24.225287     2.1061      6.878   311.3473 2.6641e-01     3.0618      6.688      9.701     7.9966 0.0000e+00
      6.826      0.028     9.4956     80.182     36.704  24.224039     2.1068      6.878   311.4158 2.7910e-01     3.0838      6.694      9.710     7.9975 0.0000e+00
      6.831      0.024     9.4936     80.164     36.668  24.199894     2.1175      6.879   311.3539 2.7994e-01     3.0883      6.697      9.713     7.9978 0.0000e+00
