Data/DataNotYetUploadedToEDI/Raw_CTD/RawDownloads/111918_fcr50.cnv
* Sea-Bird SBE19plus  Data File:
* FileName = C:\DATA\111918_fcr50_0001.hex
* Software version 2.6.3.104 SB_Terminal.dll
* Temperature SN = 7809
* Conductivity SN = 7809
* System UpLoad Time = Nov 19 2018 16:24:22
* <ApplicationData>
* <Seaterm232>
# nquan = 15
# nvalues = 1046                        
# units = specified
# name 0 = depFM: Depth [fresh water, m]
# name 1 = dz/dtM: Descent Rate [m/s]
# name 2 = sbeox0Mg/L: Oxygen, SBE 43 [mg/l]
# name 3 = sbeox0PS: Oxygen, SBE 43 [% saturation]
# name 4 = specc: Specific Conductance [uS/cm]
# name 5 = c0uS/cm: Conductivity [uS/cm]
# name 6 = flECO-AFL: Fluorescence, WET Labs ECO-AFL/FL [mg/m^3]
# name 7 = ph: pH
# name 8 = orp: Oxidation Reduction Potential [mV]
# name 9 = par/sat/log: PAR/Logarithmic, Satlantic
# name 10 = turbWETntu0: Turbidity, WET Labs ECO [NTU]
# name 11 = prdM: Pressure, Strain Gauge [db]
# name 12 = prdE: Pressure, Strain Gauge [psi]
# name 13 = tv290C: Temperature [ITS-90, deg C]
# name 14 = flag:  0.000e+00
# span 0 =     -0.585,      9.753       
# span 1 =      0.000,      0.161       
# span 2 =     7.2122,    11.6627       
# span 3 =     61.441,     99.399       
# span 4 =      0.357,     38.071       
# span 5 =   0.269682,  25.588426       
# span 6 =    -0.2218,     2.3141       
# span 7 =     -2.903,      8.142       
# span 8 =   221.7934,  1206.8772       
# span 9 = 1.2556e-01, 5.9155e+02       
# span 10 =    -0.2909,    17.6368      
# span 11 =     -0.574,      9.565      
# span 12 =     -0.832,     13.873      
# span 13 =     7.9734,    12.8206      
# span 14 = 0.0000e+00, 0.0000e+00      
# interval = seconds: 0.25
# start_time = Nov 19 2018 15:47:25 [Instrument's time stamp, header]
# bad_flag = -9.990e-29
*END*
[from data line 964]
      8.642      0.074     9.4485     79.742     36.787  24.263323     1.7856      6.832   317.5762 1.2572e-01     3.3044      8.473     12.288     7.9765 0.0000e+00
      8.668      0.078     9.4513     79.765     36.758  24.243852     1.7725      6.830   317.7295 1.2580e-01     3.2989      8.500     12.328     7.9767 0.0000e+00
      8.694      0.079     9.4529     79.777     36.775  24.254572     1.7615      6.829   317.5028 1.2580e-01     3.2782      8.528     12.369     7.9766 0.0000e+00
      8.714      0.079     9.4534     79.782     36.793  24.265960     1.7547      6.828   316.9867 1.2576e-01     3.2068      8.549     12.398     7.9763 0.0000e+00
      8.728      0.079     9.4523     79.772     36.775  24.254558     1.7452      6.825   316.9957 1.2575e-01     3.1072      8.560     12.416     7.9760 0.0000e+00
      8.742      0.079     9.4498     79.750     36.759  24.243696     1.7296      6.822   317.2678 1.2573e-01     3.0507      8.571     12.432     7.9755 0.0000e+00
      8.762      0.082     9.4453     79.712     36.787  24.261606     1.7588      6.820   317.5231 1.2573e-01     3.1039      8.590     12.459     7.9749 0.0000e+00
      8.787      0.087     9.4403     79.669     36.816  24.280641     1.8234      6.817   317.9311 1.2579e-01     3.2310      8.616     12.496     7.9749 0.0000e+00
      8.812      0.092     9.4375     79.644     36.821  24.283366     1.8489      6.815   318.1571 1.2581e-01     3.3064      8.643     12.535     7.9750 0.0000e+00
      8.836      0.095     9.4368     79.638     36.838  24.294556     1.8365      6.814   317.9317 1.2578e-01     3.3126      8.667     12.570     7.9744 0.0000e+00
      8.861      0.095     9.4363     79.635     36.829  24.288955     1.8123      6.811   317.4428 1.2577e-01     3.3069      8.688     12.601     7.9739 0.0000e+00
      8.886      0.093     9.4363     79.636     36.814  24.279144     1.7851      6.810   317.1506 1.2576e-01     3.3289      8.714     12.637     7.9736 0.0000e+00
      8.911      0.090     9.4382     79.653     36.849  24.302913     1.7748      6.810   317.1529 1.2573e-01     3.3645      8.741     12.677     7.9734 0.0000e+00
      8.933      0.088     9.4407     79.676     36.878  24.322375     1.7698      6.810   317.2985 1.2573e-01     3.3408      8.762     12.708     7.9734 0.0000e+00
      8.953      0.087     9.4424     79.691     36.879  24.323995     1.7338      6.809   317.5340 1.2574e-01     3.2864      8.781     12.734     7.9736 0.0000e+00
      8.973      0.086     9.4436     79.701     36.876  24.322490     1.6799      6.807   317.7634 1.2574e-01     3.2866      8.800     12.762     7.9738 0.0000e+00
      8.995      0.085     9.4450     79.713     36.849  24.304186     1.6512      6.806   317.8353 1.2575e-01     3.2821      8.821     12.793     7.9741 0.0000e+00
      9.018      0.082     9.4454     79.716     36.832  24.293155     1.6445      6.806   317.7143 1.2580e-01     3.2316      8.843     12.826     7.9753 0.0000e+00
      9.041      0.077     9.4426     79.692     36.867  24.316085     1.6441      6.806   317.6775 1.2579e-01     3.2266      8.866     12.859     7.9761 0.0000e+00
      9.064      0.068     9.4367     79.643     36.884  24.327485     1.6470      6.806   317.7352 1.2580e-01     3.2514      8.891     12.894     7.9763 0.0000e+00
      9.083      0.058     9.4298     79.584     36.849  24.304003     1.6515      6.807   317.5513 1.2581e-01     3.2267      8.910     12.922     7.9760 0.0000e+00
      9.095      0.048     9.4233     79.529     36.822  24.286118     1.6533      6.807   317.1745 1.2571e-01     3.1417      8.921     12.938     7.9757 0.0000e+00
      9.102      0.040     9.4179     79.484     36.846  24.301715     1.6498      6.807   316.9651 1.2567e-01     3.0471      8.926     12.947     7.9757 0.0000e+00
      9.107      0.035     9.4091     79.410     36.846  24.302113     1.6366      6.808   317.0847 1.2571e-01     3.0599      8.929     12.952     7.9757 0.0000e+00
      9.112      0.038     9.3961     79.300     36.829  24.290938     1.6128      6.807   317.6742 1.2572e-01     3.1430      8.935     12.959     7.9759 0.0000e+00
      9.121      0.047     9.3861     79.216     36.833  24.293573     1.5918      6.803   318.4131 1.2570e-01     3.1671      8.945     12.973     7.9760 0.0000e+00
      9.131      0.058     9.3809     79.172     36.798  24.270485     1.5762      6.799   318.7052 1.2564e-01     3.1380      8.954     12.986     7.9760 0.0000e+00
      9.146      0.065     9.3773     79.141     36.792  24.265737     1.5618      6.796   318.7980 1.2556e-01     3.1261      8.965     13.003     7.9758 0.0000e+00
      9.171      0.067     9.3760     79.130     36.843  24.299655     1.5462      6.794   318.8462 1.2557e-01     3.1460      8.991     13.040     7.9760 0.0000e+00
      9.199      0.065     9.3790     79.155     36.843  24.299655     1.5348      6.794   318.6858 1.2565e-01     3.1337      9.026     13.092     7.9762 0.0000e+00
      9.218      0.060     9.3844     79.201     36.791  24.265735     1.5251      6.795   318.4936 1.2570e-01     3.1004      9.045     13.119     7.9761 0.0000e+00
      9.226      0.055     9.3898     79.246     36.798  24.270470     1.5209      6.795   318.5866 1.2572e-01     3.1401      9.047     13.121     7.9755 0.0000e+00
      9.231      0.050     9.3936     79.279     36.832  24.293400     1.5300      6.795   318.8640 1.2571e-01     3.2474      9.051     13.128     7.9752 0.0000e+00
      9.241      0.048     9.3959     79.300     36.825  24.289032     1.5347      6.795   318.9220 1.2571e-01     3.3292      9.062     13.143     7.9753 0.0000e+00
      9.254      0.051     9.3977     79.315     36.812  24.281148     1.5310      6.796   318.8583 1.2571e-01     3.3367      9.074     13.160     7.9756 0.0000e+00
      9.270      0.056     9.3982     79.321     36.782  24.261562     1.5499      6.798   318.7821 1.2566e-01     3.2462      9.091     13.183     7.9759 0.0000e+00
      9.288      0.061     9.3986     79.326     36.754  24.242688     1.5888      6.799   318.6032 1.2561e-01     3.1498      9.110     13.211     7.9762 0.0000e+00
      9.304      0.062     9.4006     79.343     36.755  24.243412     1.6055      6.800   318.4158 1.2568e-01     3.1479      9.124     13.234     7.9768 0.0000e+00
      9.320      0.060     9.4047     79.377     36.796  24.270315     1.6047      6.801   318.4949 1.2578e-01     3.1313      9.138     13.254     7.9776 0.0000e+00
      9.336      0.057     9.4099     79.420     36.863  24.314010     1.6069      6.802   318.7847 1.2578e-01     3.1020      9.156     13.279     7.9783 0.0000e+00
      9.351      0.056     9.4158     79.468     36.883  24.327298     1.6229      6.802   318.9083 1.2571e-01     3.1905      9.173     13.305     7.9787 0.0000e+00
      9.363      0.056     9.4208     79.510     36.848  24.304000     1.6509      6.803   318.8713 1.2571e-01     3.3169      9.182     13.318     7.9786 0.0000e+00
      9.373      0.056     9.4238     79.535     36.821  24.286280     1.6612      6.804   318.8535 1.2575e-01     3.3482      9.190     13.329     7.9779 0.0000e+00
      9.387      0.055     9.4237     79.533     36.847  24.303506     1.6548      6.805   318.8659 1.2574e-01     3.3245      9.205     13.350     7.9772 0.0000e+00
      9.405      0.055     9.4197     79.500     36.875  24.321806     1.6386      6.805   318.8494 1.2567e-01     3.3365      9.223     13.376     7.9769 0.0000e+00
      9.421      0.056     9.4144     79.456     36.868  24.317071     1.6123      6.806   318.7389 1.2564e-01     3.3710      9.241     13.403     7.9767 0.0000e+00
      9.435      0.056     9.4108     79.425     36.858  24.309746     1.5943      6.807   318.5631 1.2571e-01     3.3753      9.254     13.422     7.9764 0.0000e+00
      9.447      0.055     9.4086     79.406     36.838  24.296731     1.5859      6.807   318.4441 1.2574e-01     3.3575      9.263     13.436     7.9763 0.0000e+00
      9.460      0.053     9.4055     79.379     36.823  24.286688     1.5840      6.807   318.4187 1.2572e-01     3.3387      9.277     13.455     7.9764 0.0000e+00
      9.474      0.051     9.4043     79.368     36.866  24.315299     1.5905      6.808   318.4280 1.2572e-01     3.3314      9.291     13.475     7.9763 0.0000e+00
      9.487      0.048     9.4066     79.388     36.881  24.325215     1.5991      6.809   318.4706 1.2571e-01     3.3303      9.304     13.494     7.9763 0.0000e+00
      9.502      0.047     9.4100     79.419     36.810  24.279604     1.5970      6.810   318.5041 1.2575e-01     3.3252      9.319     13.516     7.9762 0.0000e+00
      9.514      0.047     9.4143     79.459     36.797  24.271730     1.5737      6.809   318.3167 1.2577e-01     3.2996      9.331     13.534     7.9758 0.0000e+00
      9.522      0.052     9.4172     79.484     36.830  24.293506     1.5379      6.806   318.0114 1.2573e-01     3.2653      9.339     13.545     7.9753 0.0000e+00
      9.530      0.059     9.4174     79.484     36.824  24.288945     1.5135      6.804   317.8235 1.2574e-01     3.2770      9.344     13.553     7.9756 0.0000e+00
      9.543      0.069     9.4184     79.490     36.812  24.280062     1.5175      6.801   317.6795 1.2578e-01     3.3193      9.355     13.568     7.9773 0.0000e+00
      9.564      0.079     9.4197     79.502     36.764  24.249594     1.5584      6.798   317.6470 1.2578e-01     3.3181      9.377     13.600     7.9791 0.0000e+00
      9.590      0.086     9.4170     79.484     36.744  24.238009     1.6222      6.796   317.7754 1.2579e-01     3.2933      9.404     13.639     7.9790 0.0000e+00
      9.618      0.088     9.4108     79.436     36.785  24.266969     1.6640      6.796   317.9410 1.2580e-01     3.2938      9.433     13.680     7.9778 0.0000e+00
      9.645      0.085     9.4060     79.399     36.807  24.282295     1.6686      6.796   317.9287 1.2577e-01     3.2940      9.461     13.721     7.9767 0.0000e+00
      9.668      0.078     9.4036     79.380     36.828  24.296343     1.6597      6.796   317.4547 1.2573e-01     3.2964      9.483     13.754     7.9772 0.0000e+00
      9.684      0.068     9.4013     79.361     36.848  24.309839     1.6849      6.796   316.8560 1.2574e-01     3.2916      9.497     13.776     7.9802 0.0000e+00
      9.696      0.058     9.3978     79.332     36.861  24.318498     1.7524      6.796   316.6260 1.2577e-01     3.2973      9.507     13.790     7.9829 0.0000e+00
      9.708      0.049     9.3949     79.308     36.890  24.337545     1.7963      6.796   316.5671 1.2574e-01     3.3351      9.521     13.809     7.9842 0.0000e+00
      9.722      0.040     9.3953     79.310     36.908  24.349670     1.7930      6.797   316.4881 1.2571e-01     3.3513      9.535     13.830     7.9847 0.0000e+00
      9.734      0.033     9.3969     79.323     36.891  24.338127     1.7224      6.799   316.5302 1.2572e-01     3.3408      9.547     13.848     7.9848 0.0000e+00
      9.741      0.025     9.3975     79.328     36.871  24.324951     1.6041      6.801   316.5608 1.2575e-01     3.3300      9.554     13.857     7.9851 0.0000e+00
      9.745      0.017     9.3982     79.333     36.859  24.317340     1.5394      6.803   316.4281 1.2579e-01     3.3126      9.556     13.860     7.9851 0.0000e+00
      9.747      0.011     9.4003     79.351     36.848  24.309588     1.5274      6.804   316.3019 1.2575e-01     3.3135      9.558     13.863     7.9848 0.0000e+00
      9.748      0.007     9.4018     79.364     36.826  24.294719     1.5143      6.804   316.1538 1.2564e-01     3.3411      9.560     13.865     7.9846 0.0000e+00
      9.749      0.004     9.4025     79.370     36.780  24.264534     1.4912      6.805   316.0136 1.2566e-01     3.3416      9.560     13.866     7.9845 0.0000e+00
      9.749      0.003     9.4034     79.379     36.775  24.262073     1.4782      6.806   315.9840 1.2575e-01     3.3489      9.560     13.866     7.9843 0.0000e+00
      9.750      0.002     9.4042     79.385     36.780  24.264959     1.4767      6.806   315.8810 1.2576e-01     3.3685      9.561     13.867     7.9842 0.0000e+00
      9.751      0.002     9.4031     79.375     36.737  24.235948     1.4819      6.807   315.7146 1.2574e-01     3.3038      9.562     13.869     7.9841 0.0000e+00
      9.751      0.002     9.3984     79.335     36.726  24.228743     1.5048      6.808   315.6934 1.2574e-01     3.1772      9.563     13.870     7.9843 0.0000e+00
      9.751      0.002     9.3921     79.281     36.745  24.241334     1.5239      6.810   315.8834 1.2572e-01     3.0896      9.563     13.871     7.9845 0.0000e+00
      9.751      0.002     9.3877     79.246     36.775  24.261212     1.5281      6.810   316.0329 1.2571e-01     3.0682      9.563     13.870     7.9846 0.0000e+00
      9.752      0.002     9.3865     79.236     36.801  24.278609     1.5285      6.810   316.0381 1.2570e-01     3.0715      9.563     13.871     7.9839 0.0000e+00
      9.753 -9.990e-29 -9.990e-29 -9.990e-29 -9.990e-29 -9.990e-29 -9.990e-29 -9.990e-29 -9.990e-29 1.2569e-01 -9.990e-29      9.564     13.872     7.9834 0.0000e+00
      9.753 -9.990e-29 -9.990e-29 -9.990e-29 -9.990e-29 -9.990e-29 -9.990e-29 -9.990e-29 -9.990e-29 1.2573e-01 -9.990e-29      9.565     13.873     7.9832 0.0000e+00
      9.753 -9.990e-29 -9.990e-29 -9.990e-29 -9.990e-29 -9.990e-29 -9.990e-29 -9.990e-29 -9.990e-29 1.2576e-01 -9.990e-29      9.565     13.873     7.9841 0.0000e+00
      9.753 -9.990e-29 -9.990e-29 -9.990e-29 -9.990e-29 -9.990e-29 -9.990e-29 -9.990e-29 -9.990e-29 1.2576e-01 -9.990e-29      9.565     13.873     7.9852 0.0000e+00
