Data/DataNotYetUploadedToEDI/Raw_CTD/RawDownloads/111918_fcr50.cnv
* Sea-Bird SBE19plus  Data File:
* FileName = C:\DATA\111918_fcr50_0001.hex
* Software version 2.6.3.104 SB_Terminal.dll
* Temperature SN = 7809
* Conductivity SN = 7809
* System UpLoad Time = Nov 19 2018 16:24:22
* <ApplicationData>
* <Seaterm232>
# nquan = 15
# nvalues = 1046                        
# units = specified
# name 0 = depFM: Depth [fresh water, m]
# name 1 = dz/dtM: Descent Rate [m/s]
# name 2 = sbeox0Mg/L: Oxygen, SBE 43 [mg/l]
# name 3 = sbeox0PS: Oxygen, SBE 43 [% saturation]
# name 4 = specc: Specific Conductance [uS/cm]
# name 5 = c0uS/cm: Conductivity [uS/cm]
# name 6 = flECO-AFL: Fluorescence, WET Labs ECO-AFL/FL [mg/m^3]
# name 7 = ph: pH
# name 8 = orp: Oxidation Reduction Potential [mV]
# name 9 = par/sat/log: PAR/Logarithmic, Satlantic
# name 10 = turbWETntu0: Turbidity, WET Labs ECO [NTU]
# name 11 = prdM: Pressure, Strain Gauge [db]
# name 12 = prdE: Pressure, Strain Gauge [psi]
# name 13 = tv290C: Temperature [ITS-90, deg C]
# name 14 = flag:  0.000e+00
# span 0 =     -0.585,      9.753       
# span 1 =      0.000,      0.161       
# span 2 =     7.2122,    11.6627       
# span 3 =     61.441,     99.399       
# span 4 =      0.357,     38.071       
# span 5 =   0.269682,  25.588426       
# span 6 =    -0.2218,     2.3141       
# span 7 =     -2.903,      8.142       
# span 8 =   221.7934,  1206.8772       
# span 9 = 1.2556e-01, 5.9155e+02       
# span 10 =    -0.2909,    17.6368      
# span 11 =     -0.574,      9.565      
# span 12 =     -0.832,     13.873      
# span 13 =     7.9734,    12.8206      
# span 14 = 0.0000e+00, 0.0000e+00      
# interval = seconds: 0.25
# start_time = Nov 19 2018 15:47:25 [Instrument's time stamp, header]
# bad_flag = -9.990e-29
*END*
[from data line 772]
      6.842      0.017     9.4945     80.171     36.666  24.198756     2.1662      6.879   310.9394 2.8858e-01     3.0834      6.710      9.732     7.9975 0.0000e+00
      6.846      0.015     9.4964     80.186     36.686  24.211425     2.2415      6.880   310.7761 2.9216e-01     3.0908      6.714      9.738     7.9976 0.0000e+00
      6.849      0.013     9.4999     80.216     36.689  24.213505     2.2825      6.881   310.9471 2.8794e-01     3.1143      6.717      9.742     7.9974 0.0000e+00
      6.851      0.013     9.5058     80.266     36.704  24.223904     2.2847      6.881   311.1144 2.7709e-01     3.1225      6.717      9.743     7.9968 0.0000e+00
      6.853      0.014     9.5097     80.299     36.684  24.210177     2.2782      6.880   311.0775 2.7225e-01     3.1605      6.720      9.747     7.9964 0.0000e+00
      6.856      0.016     9.5107     80.307     36.630  24.174507     2.2673      6.881   311.1034 2.7951e-01     3.2676      6.723      9.751     7.9962 0.0000e+00
      6.859      0.021     9.5083     80.287     36.629  24.173562     2.2540      6.883   311.1700 2.7580e-01     3.3191      6.726      9.755     7.9964 0.0000e+00
      6.864      0.025     9.5012     80.227     36.668  24.198757     2.2377      6.883   310.8501 2.5763e-01     3.2956      6.731      9.762     7.9965 0.0000e+00
      6.873      0.029     9.4938     80.163     36.708  24.225172     2.2265      6.883   310.5048 2.5198e-01     3.2889      6.739      9.775     7.9964 0.0000e+00
      6.883      0.032     9.4900     80.128     36.730  24.238996     2.2019      6.883   310.5226 2.6539e-01     3.2381      6.750      9.790     7.9964 0.0000e+00
      6.892      0.034     9.4900     80.123     36.733  24.238912     2.1506      6.883   310.5491 2.7189e-01     3.1387      6.759      9.803     7.9959 0.0000e+00
      6.900      0.036     9.4934     80.147     36.713  24.224154     2.1124      6.883   310.6535 2.7104e-01     3.0942      6.766      9.813     7.9961 0.0000e+00
      6.909      0.038     9.4983     80.187     36.658  24.187538     2.0982      6.883   310.8378 2.7654e-01     3.0964      6.775      9.827     7.9962 0.0000e+00
      6.918      0.038     9.5042     80.238     36.642  24.177129     2.0787      6.882   310.8846 2.7921e-01     3.1044      6.784      9.840     7.9945 0.0000e+00
      6.928      0.037     9.5120     80.308     36.713  24.225279     2.0521      6.882   310.6178 2.7352e-01     3.0992      6.793      9.852     7.9914 0.0000e+00
      6.940      0.035     9.5179     80.363     36.765  24.261799     2.0435      6.882   310.1933 2.6081e-01     3.0942      6.807      9.872     7.9888 0.0000e+00
      6.951      0.032     9.5208     80.390     36.727  24.237756     2.0484      6.882   310.0532 2.3702e-01     3.1061      6.818      9.889     7.9874 0.0000e+00
      6.959      0.028     9.5227     80.407     36.652  24.188538     2.0283      6.882   310.0424 2.2114e-01     3.1209      6.825      9.899     7.9882 0.0000e+00
      6.964      0.024     9.5220     80.401     36.631  24.174622     1.9923      6.883   309.9776 2.3029e-01     3.1504      6.830      9.906     7.9911 0.0000e+00
      6.968      0.023     9.5190     80.376     36.664  24.196471     1.9812      6.884   309.9581 2.2954e-01     3.1580      6.833      9.910     7.9941 0.0000e+00
      6.971      0.024     9.5151     80.343     36.667  24.198759     1.9857      6.884   310.0641 2.1126e-01     3.1214      6.835      9.913     7.9954 0.0000e+00
      6.976      0.028     9.5104     80.304     36.672  24.202287     2.0017      6.884   310.2276 2.0601e-01     3.1044      6.840      9.920     7.9957 0.0000e+00
      6.982      0.032     9.5068     80.273     36.728  24.239129     2.0282      6.883   310.2993 2.0248e-01     3.1054      6.847      9.930     7.9957 0.0000e+00
      6.992      0.035     9.5025     80.238     36.764  24.263275     2.0385      6.883   310.3290 1.9756e-01     3.1028      6.855      9.942     7.9955 0.0000e+00
      7.006      0.036     9.4951     80.177     36.729  24.240274     2.0439      6.884   310.3291 2.0563e-01     3.1037      6.871      9.965     7.9956 0.0000e+00
      7.019      0.034     9.4891     80.127     36.690  24.214994     2.0465      6.884   310.2144 2.1400e-01     3.0847      6.886      9.987     7.9958 0.0000e+00
      7.027      0.029     9.4856     80.097     36.685  24.211571     2.0524      6.884   310.1460 2.1083e-01     3.0565      6.892      9.997     7.9960 0.0000e+00
      7.031      0.024     9.4806     80.054     36.666  24.198884     2.0784      6.884   310.1910 1.9591e-01     3.0677      6.895     10.002     7.9965 0.0000e+00
      7.035      0.019     9.4773     80.026     36.651  24.188571     2.0947      6.883   310.2420 1.8629e-01     3.0977      6.900     10.008     7.9970 0.0000e+00
      7.038      0.017     9.4766     80.020     36.689  24.213861     2.0937      6.882   310.5042 2.0294e-01     3.0844      6.902     10.011     7.9972 0.0000e+00
      7.041      0.018     9.4758     80.013     36.745  24.250710     2.0927      6.882   310.8662 2.1973e-01     3.0593      6.904     10.013     7.9972 0.0000e+00
      7.045      0.021     9.4763     80.018     36.748  24.253165     2.0920      6.882   311.0060 2.1316e-01     3.0693      6.909     10.020     7.9970 0.0000e+00
      7.051      0.024     9.4779     80.032     36.733  24.243538     2.0947      6.882   310.9897 2.0902e-01     3.0834      6.915     10.029     7.9968 0.0000e+00
      7.058      0.028     9.4799     80.048     36.760  24.261293     2.0983      6.882   310.9271 2.0782e-01     3.0772      6.922     10.039     7.9968 0.0000e+00
      7.066      0.030     9.4836     80.080     36.785  24.277368     2.0800      6.882   310.8515 2.0096e-01     3.1463      6.929     10.051     7.9969 0.0000e+00
      7.075      0.032     9.4870     80.110     36.739  24.247442     2.0481      6.881   310.7635 2.0039e-01     3.2781      6.939     10.065     7.9970 0.0000e+00
      7.084      0.032     9.4884     80.122     36.693  24.216904     2.0427      6.881   310.8962 1.9611e-01     3.3276      6.948     10.076     7.9972 0.0000e+00
      7.092      0.032     9.4897     80.133     36.705  24.225576     2.0514      6.881   311.2505 1.8254e-01     3.3176      6.954     10.085     7.9972 0.0000e+00
      7.100      0.032     9.4908     80.142     36.705  24.225316     2.0622      6.881   311.4339 1.8074e-01     3.2492      6.962     10.098     7.9970 0.0000e+00
      7.109      0.031     9.4930     80.160     36.688  24.213757     2.0903      6.880   311.4785 1.9137e-01     3.1420      6.972     10.111     7.9973 0.0000e+00
      7.117      0.028     9.4983     80.205     36.687  24.212800     2.1070      6.880   311.5329 1.9985e-01     3.1194      6.980     10.122     7.9978 0.0000e+00
      7.125      0.026     9.5042     80.254     36.689  24.213745     2.0989      6.881   311.4889 2.0126e-01     3.1281      6.987     10.134     7.9979 0.0000e+00
      7.131      0.025     9.5086     80.291     36.706  24.225184     2.0927      6.881   311.3761 1.9597e-01     3.0948      6.995     10.145     7.9977 0.0000e+00
      7.136      0.025     9.5147     80.342     36.705  24.224133     2.0958      6.881   311.4592 1.9177e-01     3.0830      6.998     10.150     7.9975 0.0000e+00
      7.139      0.026     9.5207     80.392     36.670  24.201036     2.1001      6.881   311.7198 1.8562e-01     3.1084      7.000     10.154     7.9972 0.0000e+00
      7.144      0.029     9.5190     80.378     36.668  24.199883     2.1083      6.881   311.7742 1.8650e-01     3.1260      7.005     10.160     7.9971 0.0000e+00
      7.153      0.034     9.5145     80.341     36.683  24.210187     2.1120      6.881   311.6867 2.0068e-01     3.1131      7.013     10.172     7.9970 0.0000e+00
      7.164      0.038     9.5140     80.338     36.665  24.198644     2.1175      6.881   311.7801 2.0070e-01     3.1050      7.024     10.188     7.9966 0.0000e+00
      7.175      0.040     9.5116     80.318     36.647  24.187289     2.1464      6.881   311.9568 1.8302e-01     3.1199      7.037     10.205     7.9963 0.0000e+00
      7.187      0.040     9.5051     80.263     36.667  24.199884     2.1674      6.881   312.0170 1.7124e-01     3.1101      7.048     10.222     7.9966 0.0000e+00
      7.199      0.037     9.5001     80.220     36.704  24.223940     2.1694      6.881   311.8192 1.6950e-01     3.1085      7.061     10.241     7.9974 0.0000e+00
      7.210      0.032     9.4981     80.203     36.704  24.224190     2.1794      6.881   311.5445 1.6884e-01     3.1308      7.072     10.257     7.9982 0.0000e+00
      7.217      0.028     9.4995     80.214     36.672  24.202916     2.1875      6.881   311.5354 1.7147e-01     3.1357      7.079     10.267     7.9984 0.0000e+00
      7.220      0.026     9.5032     80.245     36.700  24.220672     2.1855      6.881   311.7084 1.7990e-01     3.1374      7.081     10.270     7.9978 0.0000e+00
      7.223      0.026     9.5032     80.245     36.742  24.248411     2.1815      6.881   311.9157 1.7407e-01     3.1219      7.082     10.273     7.9974 0.0000e+00
      7.228      0.027     9.5005     80.223     36.700  24.220853     2.2035      6.882   312.0631 1.5905e-01     3.0698      7.088     10.280     7.9974 0.0000e+00
      7.237      0.030     9.4995     80.214     36.676  24.204920     2.2593      6.883   312.1131 1.5726e-01     3.0253      7.096     10.291     7.9972 0.0000e+00
      7.248      0.035     9.4993     80.211     36.739  24.246228     2.2954      6.883   312.1769 1.6622e-01     3.0422      7.107     10.307     7.9967 0.0000e+00
      7.258      0.040     9.4965     80.186     36.785  24.275886     2.2999      6.882   312.0594 1.7547e-01     3.0905      7.119     10.325     7.9965 0.0000e+00
      7.267      0.044     9.4936     80.161     36.740  24.246059     2.2676      6.880   311.7256 1.7336e-01     3.1517      7.127     10.337     7.9969 0.0000e+00
      7.277      0.047     9.4955     80.178     36.675  24.203041     2.1989      6.878   311.5821 1.6548e-01     3.2331      7.135     10.349     7.9971 0.0000e+00
      7.289      0.049     9.4987     80.204     36.670  24.200180     2.1590      6.878   311.7014 1.6405e-01     3.2819      7.147     10.367     7.9963 0.0000e+00
      7.304      0.051     9.5009     80.219     36.690  24.211473     2.1625      6.878   311.8773 1.6480e-01     3.2835      7.164     10.390     7.9951 0.0000e+00
      7.319      0.053     9.5026     80.225     36.695  24.212602     2.1575      6.877   311.9879 1.5976e-01     3.2835      7.178     10.411     7.9949 0.0000e+00
      7.332      0.054     9.5021     80.214     36.701  24.213832     2.1268      6.877   312.0929 1.5009e-01     3.3116      7.189     10.426     7.9956 0.0000e+00
      7.346      0.053     9.4998     80.190     36.722  24.226339     2.1038      6.877   312.1141 1.4933e-01     3.3186      7.204     10.448     7.9959 0.0000e+00
      7.361      0.051     9.4962     80.156     36.740  24.236844     2.1001      6.877   311.8991 1.5894e-01     3.3067      7.219     10.471     7.9940 0.0000e+00
      7.375      0.047     9.4903     80.105     36.706  24.213861     2.1001      6.875   311.7306 1.6827e-01     3.3206      7.232     10.488     7.9895 0.0000e+00
      7.388      0.042     9.4847     80.058     36.688  24.202413     2.0673      6.874   311.7977 1.7867e-01     3.3339      7.246     10.509     7.9857 0.0000e+00
      7.398      0.037     9.4826     80.043     36.722  24.225405     2.0062      6.874   311.8504 1.7575e-01     3.3459      7.256     10.525     7.9835 0.0000e+00
      7.404      0.033     9.4802     80.024     36.740  24.237903     1.9771      6.874   311.7657 1.6420e-01     3.3425      7.260     10.531     7.9817 0.0000e+00
      7.410      0.030     9.4768     79.994     36.724  24.226551     1.9732      6.874   311.7199 1.6556e-01     3.2930      7.266     10.538     7.9808 0.0000e+00
      7.416      0.029     9.4755     79.981     36.708  24.215120     1.9864      6.874   311.9847 1.6691e-01     3.2054      7.273     10.548     7.9815 0.0000e+00
      7.423      0.031     9.4736     79.963     36.727  24.226674     2.0172      6.874   312.2999 1.6817e-01     3.1073      7.279     10.558     7.9832 0.0000e+00
      7.431      0.034     9.4710     79.939     36.747  24.239268     2.0327      6.874   312.2620 1.7342e-01     3.0535      7.287     10.571     7.9839 0.0000e+00
      7.440      0.038     9.4696     79.926     36.749  24.240403     2.0368      6.873   312.2146 1.7540e-01     3.0730      7.296     10.581     7.9829 0.0000e+00
      7.450      0.041     9.4688     79.921     36.749  24.240403     2.0115      6.871   312.3284 1.7973e-01     3.0990      7.305     10.594     7.9811 0.0000e+00
      7.461      0.044     9.4694     79.928     36.746  24.239268     1.9566      6.870   312.3478 1.7838e-01     3.0938      7.317     10.612     7.9800 0.0000e+00
      7.474      0.046     9.4710     79.942     36.726  24.226676     1.9248      6.869   312.2770 1.7135e-01     3.1010      7.330     10.629     7.9794 0.0000e+00
      7.487      0.048     9.4725     79.956     36.708  24.215132     1.9206      6.869   312.5052 1.7619e-01     3.1253      7.343     10.650     7.9790 0.0000e+00
      7.499      0.048     9.4733     79.964     36.724  24.226675     1.9425      6.869   313.0422 1.7888e-01     3.1439      7.354     10.667     7.9795 0.0000e+00
      7.510      0.046     9.4693     79.933     36.742  24.239268     1.9870      6.869   313.3488 1.6097e-01     3.1424      7.364     10.680     7.9805 0.0000e+00
      7.524      0.044     9.4616     79.871     36.742  24.240403     2.0273      6.869   313.3737 1.4728e-01     3.1373      7.378     10.701     7.9810 0.0000e+00
      7.536      0.042     9.4553     79.820     36.740  24.240401     2.0529      6.867   313.4295 1.5293e-01     3.1433      7.393     10.722     7.9813 0.0000e+00
      7.545      0.042     9.4504     79.780     36.738  24.239256     2.0674      6.865   313.5062 1.5402e-01     3.1235      7.400     10.732     7.9823 0.0000e+00
      7.553      0.042     9.4467     79.748     36.720  24.226560     2.0829      6.863   313.4412 1.4624e-01     3.0806      7.405     10.740     7.9836 0.0000e+00
      7.563      0.041     9.4461     79.742     36.701  24.213862     2.0928      6.863   313.4170 1.4021e-01     3.0823      7.417     10.756     7.9852 0.0000e+00
      7.575      0.039     9.4480     79.757     36.700  24.212708     2.0952      6.864   313.5581 1.3683e-01     3.1133      7.429     10.775     7.9871 0.0000e+00
      7.587      0.037     9.4512     79.783     36.700  24.212612     2.1029      6.865   313.7708 1.4115e-01     3.1200      7.441     10.792     7.9875 0.0000e+00
      7.598      0.037     9.4559     79.821     36.701  24.212698     2.0935      6.864   314.0100 1.4359e-01     3.1021      7.452     10.808     7.9863 0.0000e+00
      7.605      0.037     9.4607     79.861     36.703  24.213748     2.0652      6.864   314.0415 1.4729e-01     3.0807      7.459     10.819     7.9858 0.0000e+00
      7.610      0.037     9.4656     79.901     36.722  24.225301     2.0547      6.863   313.9793 1.5370e-01     3.0743      7.462     10.823     7.9859 0.0000e+00
      7.617      0.037     9.4723     79.957     36.722  24.225405     2.0576      6.863   314.1185 1.4745e-01     3.0865      7.467     10.830     7.9853 0.0000e+00
      7.630      0.036     9.4770     79.996     36.707  24.215008     2.0545      6.863   314.1753 1.4449e-01     3.1059      7.482     10.851     7.9845 0.0000e+00
      7.645      0.034     9.4786     80.008     36.725  24.226567     2.0451      6.862   314.0640 1.4631e-01     3.0955      7.500     10.877     7.9838 0.0000e+00
