Data/DataNotYetUploadedToEDI/Raw_CTD/RawDownloads/111918_fcr50.cnv
* Sea-Bird SBE19plus  Data File:
* FileName = C:\DATA\111918_fcr50_0001.hex
* Software version 2.6.3.104 SB_Terminal.dll
* Temperature SN = 7809
* Conductivity SN = 7809
* System UpLoad Time = Nov 19 2018 16:24:22
* <ApplicationData>
* <Seaterm232>
# nquan = 15
# nvalues = 1046                        
# units = specified
# name 0 = depFM: Depth [fresh water, m]
# name 1 = dz/dtM: Descent Rate [m/s]
# name 2 = sbeox0Mg/L: Oxygen, SBE 43 [mg/l]
# name 3 = sbeox0PS: Oxygen, SBE 43 [% saturation]
# name 4 = specc: Specific Conductance [uS/cm]
# name 5 = c0uS/cm: Conductivity [uS/cm]
# name 6 = flECO-AFL: Fluorescence, WET Labs ECO-AFL/FL [mg/m^3]
# name 7 = ph: pH
# name 8 = orp: Oxidation Reduction Potential [mV]
# name 9 = par/sat/log: PAR/Logarithmic, Satlantic
# name 10 = turbWETntu0: Turbidity, WET Labs ECO [NTU]
# name 11 = prdM: Pressure, Strain Gauge [db]
# name 12 = prdE: Pressure, Strain Gauge [psi]
# name 13 = tv290C: Temperature [ITS-90, deg C]
# name 14 = flag:  0.000e+00
# span 0 =     -0.585,      9.753       
# span 1 =      0.000,      0.161       
# span 2 =     7.2122,    11.6627       
# span 3 =     61.441,     99.399       
# span 4 =      0.357,     38.071       
# span 5 =   0.269682,  25.588426       
# span 6 =    -0.2218,     2.3141       
# span 7 =     -2.903,      8.142       
# span 8 =   221.7934,  1206.8772       
# span 9 = 1.2556e-01, 5.9155e+02       
# span 10 =    -0.2909,    17.6368      
# span 11 =     -0.574,      9.565      
# span 12 =     -0.832,     13.873      
# span 13 =     7.9734,    12.8206      
# span 14 = 0.0000e+00, 0.0000e+00      
# interval = seconds: 0.25
# start_time = Nov 19 2018 15:47:25 [Instrument's time stamp, header]
# bad_flag = -9.990e-29
*END*
[from data line 579]
      5.255      0.038     9.5169     80.402     36.681  24.224034     2.1611      6.924   301.9067 1.2509e+00     3.1614      5.153      7.474     8.0204 0.0000e+00
      5.265      0.039     9.5206     80.431     36.684  24.225285     2.2457      6.924   301.9887 1.2278e+00     3.1464      5.162      7.488     8.0199 0.0000e+00
      5.276      0.041     9.5234     80.453     36.669  24.215015     2.2882      6.924   302.0202 1.2096e+00     3.1031      5.174      7.505     8.0193 0.0000e+00
      5.288      0.041     9.5218     80.440     36.687  24.226838     2.2890      6.924   302.0290 1.2039e+00     3.0959      5.187      7.523     8.0189 0.0000e+00
      5.299      0.041     9.5154     80.387     36.709  24.241262     2.2827      6.923   302.0952 1.1966e+00     3.1504      5.197      7.538     8.0180 0.0000e+00
      5.309      0.040     9.5074     80.319     36.741  24.262432     2.2860      6.923   302.0457 1.1828e+00     3.2439      5.207      7.553     8.0165 0.0000e+00
      5.318      0.038     9.5001     80.256     36.787  24.292330     2.3015      6.923   301.9473 1.1690e+00     3.3105      5.216      7.564     8.0153 0.0000e+00
      5.327      0.036     9.4941     80.204     36.777  24.285308     2.3137      6.923   302.1101 1.1409e+00     3.3452      5.223      7.575     8.0159 0.0000e+00
      5.338      0.036     9.4896     80.165     36.711  24.241025     2.3141      6.922   302.3799 1.1054e+00     3.2975      5.236      7.594     8.0170 0.0000e+00
      5.347      0.039     9.4864     80.136     36.651  24.201331     2.3058      6.920   302.4556 1.0887e+00     3.1920      5.246      7.609     8.0170 0.0000e+00
      5.353      0.042     9.4864     80.135     36.629  24.186301     2.3056      6.917   302.5091 1.0764e+00     3.1371      5.248      7.612     8.0161 0.0000e+00
      5.362      0.044     9.4886     80.153     36.629  24.186277     2.3121      6.913   302.5970 1.0498e+00     3.1222      5.254      7.620     8.0151 0.0000e+00
      5.377      0.045     9.4914     80.176     36.652  24.201044     2.3009      6.911   302.6571 1.0172e+00     3.1027      5.273      7.648     8.0145 0.0000e+00
      5.393      0.044     9.4947     80.204     36.708  24.237866     2.2261      6.909   302.8922 9.8339e-01     3.0853      5.290      7.674     8.0137 0.0000e+00
      5.407      0.042     9.4963     80.218     36.726  24.250555     2.1060      6.908   303.2029 9.4503e-01     3.0946      5.303      7.690     8.0130 0.0000e+00
      5.418      0.038     9.4960     80.218     36.690  24.227492     2.0432      6.907   303.2305 9.1841e-01     3.0926      5.314      7.708     8.0127 0.0000e+00
      5.424      0.033     9.4966     80.228     36.666  24.212966     2.0456      6.907   303.1396 9.1607e-01     3.0617      5.320      7.717     8.0125 0.0000e+00
      5.428      0.030     9.4975     80.238     36.647  24.201901     2.0711      6.907   303.2219 9.1291e-01     3.0576      5.322      7.719     8.0126 0.0000e+00
      5.433      0.030     9.4972     80.236     36.676  24.220686     2.1033      6.907   303.2793 8.8821e-01     3.0724      5.327      7.726     8.0130 0.0000e+00
      5.440      0.032     9.4987     80.246     36.722  24.249629     2.1225      6.906   303.2315 8.5744e-01     3.0579      5.335      7.738     8.0141 0.0000e+00
      5.450      0.036     9.5017     80.268     36.701  24.234402     2.1282      6.906   303.5037 8.3094e-01     3.0654      5.345      7.752     8.0167 0.0000e+00
      5.460      0.040     9.5041     80.284     36.691  24.227047     2.1169      6.906   303.9893 8.1422e-01     3.1627      5.355      7.767     8.0189 0.0000e+00
      5.471      0.043     9.5061     80.298     36.688  24.224184     2.1049      6.907   304.1983 8.1783e-01     3.2887      5.364      7.780     8.0183 0.0000e+00
      5.483      0.045     9.5063     80.299     36.652  24.199788     2.1122      6.907   304.3113 8.1567e-01     3.3380      5.376      7.798     8.0164 0.0000e+00
      5.497      0.045     9.5045     80.284     36.631  24.186036     2.1228      6.906   304.4083 7.8917e-01     3.3314      5.393      7.821     8.0144 0.0000e+00
      5.508      0.044     9.5026     80.267     36.629  24.184890     2.1318      6.906   304.2522 7.6459e-01     3.3308      5.403      7.836     8.0124 0.0000e+00
      5.518      0.041     9.5002     80.247     36.631  24.185921     2.1488      6.906   304.0592 7.5109e-01     3.3303      5.410      7.847     8.0111 0.0000e+00
      5.529      0.039     9.4981     80.229     36.650  24.198504     2.1627      6.907   304.1391 7.3900e-01     3.3251      5.423      7.865     8.0112 0.0000e+00
      5.539      0.037     9.4968     80.218     36.668  24.210047     2.1620      6.906   304.4445 7.3330e-01     3.3288      5.433      7.881     8.0115 0.0000e+00
      5.547      0.036     9.4941     80.193     36.651  24.198504     2.1493      6.905   304.7403 7.3414e-01     3.2842      5.439      7.889     8.0111 0.0000e+00
      5.555      0.035     9.4915     80.171     36.632  24.185921     2.1279      6.905   304.7899 7.3714e-01     3.1824      5.446      7.899     8.0108 0.0000e+00
      5.566      0.032     9.4913     80.170     36.631  24.184881     2.1151      6.906   304.7008 7.3514e-01     3.1352      5.458      7.916     8.0109 0.0000e+00
      5.576      0.030     9.4917     80.173     36.633  24.185931     2.1146      6.907   304.7811 7.2448e-01     3.1411      5.470      7.932     8.0104 0.0000e+00
      5.583      0.028     9.4926     80.181     36.652  24.198620     2.1119      6.907   304.9004 7.1633e-01     3.1316      5.477      7.942     8.0101 0.0000e+00
      5.587      0.028     9.4947     80.198     36.671  24.211317     2.1098      6.907   304.9384 7.0885e-01     3.1128      5.479      7.946     8.0099 0.0000e+00
      5.592      0.029     9.4976     80.222     36.673  24.212480     2.1071      6.908   304.8972 6.9913e-01     3.0962      5.483      7.952     8.0097 0.0000e+00
      5.598      0.032     9.5019     80.257     36.674  24.212679     2.1075      6.908   304.6605 6.9912e-01     3.0832      5.489      7.961     8.0095 0.0000e+00
      5.606      0.036     9.5055     80.283     36.679  24.213729     2.1150      6.908   304.3990 7.0201e-01     3.0778      5.496      7.972     8.0093 0.0000e+00
      5.618      0.040     9.5059     80.279     36.700  24.225170     2.1145      6.908   304.4022 6.9151e-01     3.0614      5.509      7.990     8.0098 0.0000e+00
      5.632      0.043     9.5050     80.265     36.702  24.224025     2.1106      6.907   304.6997 6.7863e-01     3.0678      5.524      8.012     8.0099 0.0000e+00
      5.644      0.045     9.5049     80.259     36.668  24.199889     2.1140      6.906   304.9850 6.8147e-01     3.1250      5.537      8.030     8.0088 0.0000e+00
      5.654      0.046     9.5052     80.259     36.650  24.187296     2.1096      6.907   305.0124 6.8815e-01     3.1422      5.546      8.043     8.0062 0.0000e+00
      5.664      0.046     9.5053     80.260     36.667  24.198744     2.1036      6.907   304.7720 6.8499e-01     3.0933      5.553      8.054     8.0022 0.0000e+00
      5.676      0.046     9.5056     80.266     36.684  24.211319     2.1052      6.907   304.4884 6.8238e-01     3.0527      5.565      8.072     7.9990 0.0000e+00
      5.690      0.045     9.5066     80.281     36.682  24.212367     2.1017      6.907   304.4224 6.7993e-01     3.0479      5.581      8.095     7.9967 0.0000e+00
      5.702      0.044     9.5087     80.306     36.677  24.211422     2.0989      6.906   304.4902 6.7353e-01     3.0659      5.592      8.110     7.9948 0.0000e+00
      5.713      0.041     9.5129     80.346     36.657  24.199888     2.0895      6.906   304.5344 6.7461e-01     3.0876      5.602      8.124     7.9950 0.0000e+00
      5.725      0.039     9.5163     80.376     36.657  24.199888     2.0706      6.906   304.6987 6.7415e-01     3.0969      5.616      8.145     7.9968 0.0000e+00
      5.733      0.039     9.5172     80.382     36.675  24.211423     2.0634      6.906   304.9282 6.6053e-01     3.0867      5.624      8.156     8.0007 0.0000e+00
      5.738      0.041     9.5178     80.386     36.676  24.212378     2.0666      6.905   304.8993 6.4814e-01     3.0855      5.627      8.161     8.0051 0.0000e+00
      5.746      0.046     9.5185     80.393     36.675  24.211433     2.0820      6.903   304.6942 6.4702e-01     3.1432      5.634      8.172     8.0066 0.0000e+00
      5.759      0.050     9.5172     80.385     36.656  24.200002     2.1024      6.902   304.5128 6.5360e-01     3.2362      5.645      8.188     8.0068 0.0000e+00
      5.775      0.054     9.5140     80.360     36.657  24.201147     2.1103      6.900   304.5131 6.5905e-01     3.2932      5.662      8.212     8.0067 0.0000e+00
      5.794      0.058     9.5115     80.341     36.692  24.225274     2.1138      6.899   304.6977 6.5854e-01     3.3141      5.684      8.244     8.0060 0.0000e+00
      5.810      0.059     9.5084     80.317     36.710  24.237763     2.1164      6.899   304.8525 6.5269e-01     3.3051      5.700      8.267     8.0061 0.0000e+00
      5.823      0.058     9.5061     80.299     36.690  24.225171     2.1150      6.899   304.9215 6.4791e-01     3.3076      5.710      8.282     8.0080 0.0000e+00
      5.836      0.055     9.5037     80.281     36.650  24.200002     2.1062      6.898   305.0158 6.4562e-01     3.3447      5.723      8.300     8.0094 0.0000e+00
      5.851      0.051     9.4987     80.241     36.629  24.187410     2.1016      6.897   305.2180 6.3460e-01     3.3568      5.738      8.322     8.0103 0.0000e+00
      5.865      0.047     9.4955     80.215     36.648  24.199899     2.1136      6.897   305.3875 6.1543e-01     3.3622      5.753      8.343     8.0112 0.0000e+00
      5.878      0.043     9.4956     80.217     36.684  24.224025     2.1137      6.896   305.4297 6.0216e-01     3.3182      5.764      8.360     8.0117 0.0000e+00
      5.888      0.038     9.4967     80.227     36.685  24.225160     2.1022      6.896   305.3842 6.0181e-01     3.1905      5.774      8.376     8.0128 0.0000e+00
      5.896      0.033     9.4978     80.236     36.667  24.213625     2.1127      6.897   305.2674 6.1511e-01     3.0998      5.783      8.387     8.0145 0.0000e+00
      5.902      0.029     9.4989     80.246     36.664  24.211536     2.1223      6.897   305.2228 6.2552e-01     3.0768      5.788      8.395     8.0151 0.0000e+00
      5.909      0.026     9.4990     80.246     36.647  24.199900     2.1073      6.897   305.4478 6.1008e-01     3.1253      5.794      8.404     8.0155 0.0000e+00
      5.914      0.025     9.5001     80.255     36.647  24.199915     2.0785      6.897   305.7507 5.8968e-01     3.2290      5.798      8.411     8.0160 0.0000e+00
      5.920      0.025     9.5024     80.272     36.666  24.211719     2.0496      6.897   305.8736 5.8532e-01     3.2928      5.804      8.419     8.0160 0.0000e+00
      5.926      0.025     9.5037     80.279     36.675  24.215630     2.0428      6.897   305.9012 5.8258e-01     3.3164      5.812      8.429     8.0158 0.0000e+00
      5.934      0.026     9.5037     80.275     36.726  24.247208     2.0519      6.897   305.9122 5.8207e-01     3.2710      5.819      8.440     8.0157 0.0000e+00
      5.940      0.027     9.5036     80.271     36.771  24.276085     2.0492      6.898   305.8343 5.7803e-01     3.1715      5.826      8.450     8.0158 0.0000e+00
      5.946      0.028     9.5039     80.273     36.727  24.247321     2.0475      6.898   305.6483 5.6234e-01     3.1510      5.830      8.456     8.0145 0.0000e+00
      5.953      0.029     9.5024     80.261     36.680  24.216879     2.0588      6.898   305.5553 5.4846e-01     3.1747      5.837      8.466     8.0121 0.0000e+00
      5.961      0.030     9.5009     80.250     36.692  24.225456     2.0744      6.898   305.8282 5.3616e-01     3.1536      5.846      8.478     8.0093 0.0000e+00
      5.969      0.033     9.5034     80.271     36.690  24.224052     2.0981      6.898   306.3667 5.2577e-01     3.1090      5.853      8.489     8.0077 0.0000e+00
      5.978      0.035     9.5075     80.306     36.653  24.199902     2.1069      6.899   306.6467 5.2802e-01     3.0933      5.862      8.502     8.0078 0.0000e+00
      5.987      0.037     9.5105     80.331     36.634  24.187412     2.0981      6.899   306.5457 5.3062e-01     3.1460      5.871      8.515     8.0085 0.0000e+00
      5.996      0.039     9.5122     80.346     36.654  24.200014     2.1024      6.899   306.3500 5.2295e-01     3.1670      5.879      8.528     8.0096 0.0000e+00
      6.007      0.041     9.5117     80.341     36.693  24.225296     2.1229      6.899   306.2597 5.1651e-01     3.1032      5.890      8.543     8.0103 0.0000e+00
      6.018      0.042     9.5115     80.337     36.714  24.239137     2.1515      6.899   306.3147 5.0712e-01     3.0762      5.902      8.560     8.0101 0.0000e+00
      6.029      0.042     9.5134     80.352     36.717  24.240386     2.1639      6.900   306.4977 4.9388e-01     3.0845      5.912      8.575     8.0098 0.0000e+00
      6.040      0.042     9.5118     80.335     36.719  24.240396     2.1543      6.900   306.7524 4.8878e-01     3.0813      5.924      8.591     8.0094 0.0000e+00
      6.051      0.043     9.5064     80.284     36.720  24.239251     2.0895      6.900   306.8997 4.8999e-01     3.0988      5.935      8.608     8.0091 0.0000e+00
      6.061      0.043     9.5034     80.253     36.704  24.226546     1.9685      6.900   306.9025 4.8900e-01     3.1136      5.943      8.620     8.0088 0.0000e+00
      6.071      0.042     9.5024     80.242     36.686  24.213753     1.9137      6.899   306.8710 4.8314e-01     3.1081      5.953      8.634     8.0079 0.0000e+00
      6.082      0.041     9.4992     80.215     36.683  24.211548     1.9330      6.898   306.9491 4.7280e-01     3.0933      5.964      8.650     8.0063 0.0000e+00
      6.095      0.039     9.4959     80.190     36.665  24.199890     1.9717      6.898   307.0721 4.6522e-01     3.0876      5.977      8.669     8.0032 0.0000e+00
      6.106      0.037     9.4948     80.181     36.664  24.199776     2.0235      6.898   306.9820 4.6847e-01     3.1001      5.990      8.688     7.9999 0.0000e+00
      6.114      0.034     9.4960     80.192     36.679  24.210175     2.0532      6.899   306.8058 4.7087e-01     3.0911      5.996      8.697     7.9987 0.0000e+00
      6.120      0.032     9.5006     80.232     36.660  24.198641     2.0553      6.900   306.8352 4.6366e-01     3.0705      6.001      8.704     7.9992 0.0000e+00
      6.127      0.030     9.5032     80.256     36.642  24.187298     2.0307      6.900   306.9926 4.5223e-01     3.0649      6.009      8.715     7.9998 0.0000e+00
      6.135      0.028     9.5028     80.252     36.662  24.200005     1.9943      6.899   307.1606 4.4522e-01     3.0533      6.016      8.725     8.0003 0.0000e+00
      6.143      0.027     9.5050     80.270     36.701  24.225296     1.9743      6.898   307.3178 4.3985e-01     3.0523      6.025      8.738     8.0012 0.0000e+00
      6.151      0.026     9.5083     80.298     36.721  24.239137     1.9716      6.898   307.4310 4.3586e-01     3.0839      6.033      8.750     8.0022 0.0000e+00
      6.157      0.024     9.5092     80.307     36.723  24.240386     1.9993      6.898   307.2384 4.4672e-01     3.1298      6.038      8.758     8.0027 0.0000e+00
      6.162      0.022     9.5066     80.286     36.723  24.240386     2.0338      6.898   306.7100 4.5564e-01     3.1495      6.044      8.766     8.0024 0.0000e+00
      6.167      0.020     9.5034     80.259     36.720  24.239138     2.0392      6.898   306.4624 4.4230e-01     3.1085      6.048      8.772     8.0022 0.0000e+00
