Data/DataNotYetUploadedToEDI/Raw_CTD/RawDownloads/112019_fcr20.cnv
* Sea-Bird SBE19plus  Data File:
* FileName = C:\DATA\112019_fcr_0004.hex
* Software version 2.8.0.119 SB_Terminal.dll
* Temperature SN = 7809
* Conductivity SN = 7809
* System UpLoad Time = Nov 20 2019 19:43:54
* <ApplicationData>
* <Seaterm232>
# nquan = 16
# nvalues = 178                         
# units = specified
# name 0 = depFM: Depth [fresh water, m]
# name 1 = dz/dtM: Descent Rate [m/s]
# name 2 = sbeox0ML/L: Oxygen, SBE 43 [ml/l]
# name 3 = sbeox0PS: Oxygen, SBE 43 [% saturation]
# name 4 = specc: Specific Conductance [uS/cm]
# name 5 = c0uS/cm: Conductivity [uS/cm]
# name 6 = flECO-AFL: Fluorescence, WET Labs ECO-AFL/FL [mg/m^3]
# name 7 = ph: pH
# name 8 = orp: Oxidation Reduction Potential [mV]
# name 9 = par/sat/log: PAR/Logarithmic, Satlantic
# name 10 = turbWETntu0: Turbidity, WET Labs ECO [NTU]
# name 11 = prdM: Pressure, Strain Gauge [db]
# name 12 = prdE: Pressure, Strain Gauge [psi]
# name 13 = tv290C: Temperature [ITS-90, deg C]
# name 14 = density00: Density [density, kg/m^3]
# name 15 = flag:  0.000e+00
# span 0 =     -0.397,      3.221       
# span 1 =     -0.018,      0.218       
# span 2 =     6.5419,     8.3348       
# span 3 =     77.577,     98.538       
# span 4 =     40.957,     41.138       
# span 5 =  26.298342,  26.544959       
# span 6 =     1.4176,     3.3079       
# span 7 =      7.494,      8.309       
# span 8 =   280.4274,   302.8402       
# span 9 = 5.2143e+00, 1.7386e+03       
# span 10 =     6.2068,    10.4180      
# span 11 =     -0.404,      3.160      
# span 12 =     -0.586,      4.583      
# span 13 =     7.0602,     7.3478      
# span 14 =   999.8971,   999.9323      
# span 15 = 0.0000e+00, 0.0000e+00      
# interval = seconds: 0.25
# start_time = Nov 20 2019 11:55:37 [Instrument's time stamp, header]
# bad_flag = -9.990e-29
*END*
[from data line 91]
      0.490      0.035     6.6486     78.453     41.050  26.499960     1.9318      7.768   295.1783 3.9662e+02     6.5240      0.481      0.697     7.2756   999.9089 0.0000e+00
      0.493      0.033     6.6435     78.293     41.067  26.511314     1.9777      7.763   295.2426 4.2843e+02     6.6293      0.482      0.698     7.2752   999.9089 0.0000e+00
      0.503      0.033     6.6403     78.108     41.073  26.515248     1.9994      7.758   295.3591 4.3513e+02     6.6797      0.491      0.713     7.2750   999.9089 0.0000e+00
      0.518      0.035     6.6293     77.942     41.023  26.484075     2.0035      7.757   295.5547 3.7237e+02     6.7079      0.508      0.737     7.2755   999.9090 0.0000e+00
      0.530      0.042     6.6180     77.812     40.973  26.451624     2.0194      7.754   295.8022 3.3144e+02     6.7080      0.522      0.757     7.2760   999.9090 0.0000e+00
      0.537      0.053     6.6056     77.698     40.957  26.440103     2.0267      7.749   296.1139 3.3483e+02     6.6477      0.526      0.763     7.2764   999.9091 0.0000e+00
      0.542      0.068     6.5875     77.616     41.007  26.471663     2.0218      7.742   296.4831 3.3773e+02     6.6351      0.529      0.767     7.2770   999.9091 0.0000e+00
      0.554      0.087     6.5724     77.577     41.079  26.515991     2.0301      7.733   296.7391 3.3673e+02     6.6861      0.539      0.782     7.2773   999.9091 0.0000e+00
      0.580      0.106     6.5639     77.610     41.107  26.531957     2.0139      7.723   296.7996 3.1382e+02     6.7726      0.564      0.818     7.2773   999.9092 0.0000e+00
      0.617      0.116     6.5521     77.718     41.118  26.537820     1.9565      7.716   296.7850 2.7539e+02     6.8625      0.603      0.875     7.2765   999.9094 0.0000e+00
      0.661      0.119     6.5465     77.865     41.097  26.523425     1.9162      7.713   296.8211 2.5253e+02     6.8876      0.647      0.939     7.2750   999.9097 0.0000e+00
      0.703      0.118     6.5419     78.066     41.037  26.484803     1.9175      7.708   297.0640 2.4792e+02     6.8806      0.695      1.008     7.2727   999.9101 0.0000e+00
      0.732      0.118     6.5442     78.293     40.987  26.451498     1.9984      7.701   297.4844 2.4790e+02     6.8098      0.727      1.053     7.2697   999.9104 0.0000e+00
      0.743      0.123     6.5575     78.482     40.970  26.437967     2.1309      7.692   297.7745 2.3804e+02     6.6535      0.728      1.055     7.2676   999.9105 0.0000e+00
      0.757      0.131     6.5668     78.647     40.991  26.448084     2.2017      7.684   297.9037 2.2886e+02     6.5319      0.733      1.062     7.2672   999.9105 0.0000e+00
      0.793      0.141     6.5849     78.816     40.993  26.446926     2.2137      7.678   298.0145 2.2011e+02     6.4861      0.770      1.118     7.2683   999.9106 0.0000e+00
      0.845      0.154     6.6078     78.986     40.961  26.423965     2.2242      7.673   298.1677 2.0104e+02     6.4934      0.829      1.203     7.2674   999.9110 0.0000e+00
      0.899      0.169     6.6227     79.191     40.965  26.424235     2.3802      7.667   298.3802 1.8465e+02     6.5549      0.885      1.284     7.2635   999.9114 0.0000e+00
      0.944      0.176     6.6361     79.457     41.010  26.450184     2.6687      7.661   298.4318 1.7212e+02     6.6387      0.929      1.346     7.2588   999.9119 0.0000e+00
      0.983      0.174     6.6520     79.774     41.066  26.483932     2.8173      7.656   298.3614 1.6109e+02     6.6554      0.962      1.395     7.2556   999.9122 0.0000e+00
      1.024      0.168     6.6655     80.178     41.117  26.515057     2.8239      7.652   298.4762 1.5227e+02     6.6255      1.001      1.451     7.2535   999.9124 0.0000e+00
      1.069      0.163     6.6811     80.694     41.110  26.509289     2.8097      7.647   298.7011 1.4148e+02     6.6048      1.050      1.522     7.2504   999.9128 0.0000e+00
      1.113      0.160     6.7068     81.258     41.065  26.477641     2.7833      7.644   298.8434 1.3196e+02     6.5685      1.095      1.587     7.2464   999.9133 0.0000e+00
      1.152      0.157     6.7319     81.803     41.025  26.449615     2.7656      7.641   298.9056 1.2363e+02     6.5151      1.130      1.639     7.2435   999.9136 0.0000e+00
      1.190      0.152     6.7639     82.288     40.989  26.424196     2.7688      7.638   298.9377 1.1382e+02     6.4840      1.166      1.691     7.2422   999.9139 0.0000e+00
      1.229      0.145     6.8120     82.672     40.990  26.424077     2.8048      7.636   298.9731 1.0609e+02     6.5527      1.205      1.747     7.2401   999.9142 0.0000e+00
      1.267      0.137     6.8613     82.919     41.030  26.448175     2.8540      7.633   299.0759 1.0059e+02     6.6898      1.245      1.805     7.2367   999.9145 0.0000e+00
      1.302      0.130     6.9092     83.033     41.057  26.461788     2.8785      7.628   299.2342 9.5079e+01     6.7656      1.278      1.854     7.2333   999.9148 0.0000e+00
      1.333      0.125     6.9516     83.092     41.066  26.461779     2.8848      7.622   299.4238 9.0333e+01     6.7480      1.307      1.895     7.2318   999.9150 0.0000e+00
      1.363      0.122     6.9853     83.245     41.053  26.448060     2.9555      7.616   299.6479 8.6579e+01     6.7060      1.339      1.942     7.2311   999.9152 0.0000e+00
      1.391      0.123     7.0071     83.720     41.019  26.422798     3.1008      7.611   299.8788 8.2894e+01     6.7166      1.364      1.978     7.2294   999.9155 0.0000e+00
      1.419      0.128     7.0144     84.708     41.004  26.410112     3.1848      7.607   300.0643 7.8892e+01     6.7460      1.390      2.015     7.2251   999.9158 0.0000e+00
      1.451      0.134     7.0177     86.235     41.025  26.421551     3.1905      7.604   300.0849 7.4822e+01     6.7325      1.422      2.063     7.2173   999.9163 0.0000e+00
      1.487      0.138     7.0231     88.172     41.047  26.434220     3.1786      7.601   299.9550 7.0374e+01     6.7178      1.456      2.111     7.2102   999.9168 0.0000e+00
      1.527      0.138     7.0580     90.359     41.051  26.436402     3.1538      7.597   299.9562 6.5524e+01     6.7326      1.496      2.170     7.2058   999.9172 0.0000e+00
      1.570      0.133     7.1410     92.614     41.070  26.447937     3.1421      7.594   300.1859 6.1409e+01     6.7468      1.542      2.237     7.2020   999.9176 0.0000e+00
      1.607      0.128     7.2759     94.687     41.069  26.446793     3.1412      7.591   300.4092 5.8559e+01     6.7263      1.580      2.290     7.1991   999.9180 0.0000e+00
      1.635      0.124     7.4449     96.363     41.032  26.422571     3.1254      7.586   300.5915 5.6726e+01     6.6808      1.607      2.329     7.1980   999.9182 0.0000e+00
      1.657      0.125     7.6330     97.535     41.011  26.408843     3.0891      7.582   300.7558 5.5052e+01     6.7210      1.624      2.356     7.1976   999.9182 0.0000e+00
      1.681      0.132     7.8337     98.218     41.011  26.407698     3.0407      7.577   300.8464 5.2695e+01     6.8518      1.646      2.387     7.1970   999.9184 0.0000e+00
      1.713      0.146     8.0147     98.513     41.015  26.408728     3.0091      7.572   300.9124 4.9606e+01     6.9188      1.677      2.432     7.1964   999.9186 0.0000e+00
      1.753      0.166     8.1602     98.538     41.036  26.421292     3.0014      7.567   301.0382 4.5980e+01     6.9087      1.716      2.489     7.1958   999.9188 0.0000e+00
      1.803      0.186     8.2586     98.410     41.056  26.432713     3.0165      7.563   301.1625 4.2211e+01     6.8599      1.768      2.565     7.1952   999.9191 0.0000e+00
      1.856      0.204     8.3128     98.212     41.037  26.419930     3.0454      7.560   301.1245 3.8723e+01     6.7888      1.820      2.640     7.1940   999.9194 0.0000e+00
      1.910      0.215     8.3348     97.985     40.997  26.393619     3.0642      7.558   301.0946 3.5531e+01     6.7365      1.872      2.715     7.1921   999.9197 0.0000e+00
      1.968      0.218     8.3336     97.769     40.959  26.368366     3.0789      7.556   301.1451 3.2469e+01     6.6870      1.928      2.797     7.1908   999.9201 0.0000e+00
      2.029      0.212     8.3204     97.580     40.961  26.368366     3.1368      7.554   301.1329 2.9507e+01     6.6155      1.989      2.884     7.1896   999.9204 0.0000e+00
      2.090      0.200     8.3032     97.393     41.004  26.393619     3.2349      7.552   301.2054 2.7008e+01     6.5279      2.054      2.978     7.1883   999.9208 0.0000e+00
      2.143      0.185     8.2831     97.208     41.048  26.419920     3.2941      7.549   301.4193 2.5193e+01     6.4804      2.106      3.054     7.1877   999.9211 0.0000e+00
      2.186      0.173     8.2632     97.042     41.072  26.432589     3.2979      7.546   301.6544 2.3829e+01     6.4674      2.146      3.112     7.1877   999.9212 0.0000e+00
      2.221      0.166     8.2500     96.874     41.060  26.419911     3.1767      7.543   301.8111 2.2728e+01     6.5665      2.179      3.161     7.1858   999.9215 0.0000e+00
      2.252      0.166     8.2346     96.705     41.030  26.393506     2.9480      7.539   301.8513 2.1660e+01     6.8267      2.206      3.199     7.1815   999.9219 0.0000e+00
      2.288      0.172     8.2178     96.556     40.998  26.367100     2.8297      7.535   301.8827 2.0339e+01     6.9912      2.239      3.247     7.1795   999.9221 0.0000e+00
      2.336      0.181     8.2059     96.400     40.985  26.354404     2.8381      7.533   301.9330 1.8794e+01     6.9831      2.287      3.317     7.1778   999.9225 0.0000e+00
      2.392      0.191     8.1934     96.221     41.008  26.366874     2.9544      7.531   302.0282 1.7287e+01     6.8919      2.345      3.402     7.1711   999.9231 0.0000e+00
      2.447      0.192     8.1786     96.059     41.048  26.390992     3.1702      7.528   302.0876 1.5997e+01     6.7404      2.402      3.485     7.1617   999.9238 0.0000e+00
      2.499      0.180     8.1697     95.925     41.051  26.392239     3.2962      7.526   301.9625 1.4906e+01     6.6593      2.450      3.554     7.1543   999.9244 0.0000e+00
      2.548      0.155     8.1585     95.804     41.035  26.381952     3.3079      7.526   301.8921 1.3901e+01     6.6978      2.498      3.623     7.1495   999.9248 0.0000e+00
      2.593      0.124     8.1412     95.694     41.051  26.393496     3.2943      7.526   302.0106 1.3148e+01     6.7145      2.549      3.697     7.1465   999.9252 0.0000e+00
      2.623      0.096     8.1283     95.616     41.066  26.404936     3.1840      7.526   302.1055 1.2880e+01     6.6314      2.582      3.745     7.1450   999.9255 0.0000e+00
      2.633      0.081     8.1175     95.578     41.046  26.393383     2.9884      7.524   302.1789 1.2898e+01     6.5132      2.585      3.750     7.1440   999.9255 0.0000e+00
      2.633      0.079     8.1076     95.568     41.026  26.380693     2.8891      7.520   302.3824 1.2888e+01     6.4653      2.580      3.742     7.1439   999.9255 0.0000e+00
      2.639      0.092     8.0970     95.576     41.023  26.378396     2.8932      7.516   302.6719 1.2620e+01     6.5113      2.581      3.744     7.1450   999.9255 0.0000e+00
      2.660      0.119     8.0896     95.582     41.008  26.365603     2.9516      7.512   302.8402 1.2012e+01     6.5774      2.601      3.773     7.1469   999.9255 0.0000e+00
      2.699      0.152     8.0870     95.573     41.002  26.352897     3.0579      7.508   302.7829 1.1231e+01     6.6420      2.644      3.834     7.1493   999.9256 0.0000e+00
      2.750      0.181     8.0854     95.557     41.018  26.351648     3.1202      7.504   302.6672 1.0357e+01     6.7351      2.693      3.907     7.1500   999.9257 0.0000e+00
      2.810      0.199     8.0875     95.530     41.029  26.350494     3.1246      7.502   302.5603 9.4299e+00     6.7846      2.753      3.994     7.1493   999.9261 0.0000e+00
      2.872      0.204     8.0888     95.488     41.018  26.338931     3.0756      7.500   302.3512 8.6485e+00     6.6840      2.820      4.090     7.1478   999.9264 0.0000e+00
      2.928      0.201     8.0894     95.434     41.024  26.338722     2.9876      7.497   302.1176 8.0848e+00     6.5344      2.875      4.170     7.1366   999.9273 0.0000e+00
      2.973      0.194     8.0922     95.379     41.047  26.347961     2.9448      7.495   301.9728 7.6370e+00     6.4826      2.916      4.229     7.1187   999.9283 0.0000e+00
      3.015      0.183     8.0920     95.334     41.022  26.323748     2.9488      7.494   301.8049 7.2046e+00     6.4839      2.956      4.289     7.1086   999.9290 0.0000e+00
      3.060      0.166     8.0892     95.300     40.996  26.299725     2.9485      7.494   301.5497 6.7484e+00     6.5508      3.000      4.351     7.1046   999.9294 0.0000e+00
      3.108      0.146     8.0851     95.286     41.022  26.311269     2.9418      7.497   301.2962 6.2967e+00     6.6689      3.046      4.419     7.1008   999.9298 0.0000e+00
      3.154      0.123     8.0812     95.295     41.066  26.336428     2.9451      7.499   301.0639 5.9585e+00     6.6994      3.100      4.495     7.0941   999.9304 0.0000e+00
      3.187      0.096     8.0797     95.300     41.090  26.350146     2.9537      7.501   300.8913 5.8090e+00     6.6903      3.135      4.546     7.0836   999.9310 0.0000e+00
      3.201      0.069     8.0787     95.296     41.092  26.350249     2.9423      7.501   300.7583 5.7568e+00     6.6569      3.142      4.558     7.0731   999.9316 0.0000e+00
      3.206      0.044     8.0779     95.294     41.072  26.337665     2.9023      7.501   300.5734 5.7003e+00     6.5574      3.144      4.561     7.0671   999.9319 0.0000e+00
      3.208      0.024     8.0810     95.280     41.052  26.324883     2.8688      7.502   300.4637 5.6385e+00     6.4709      3.146      4.563     7.0639   999.9321 0.0000e+00
      3.211      0.013     8.0821     95.246     41.049  26.322586     2.8671      7.503   300.4641 5.5867e+00     6.4625      3.148      4.566     7.0619   999.9322 0.0000e+00
      3.214      0.009     8.0804     95.189     41.030  26.309897     2.8813      7.503   300.3196 5.5298e+00     6.5218      3.151      4.571     7.0613   999.9322 0.0000e+00
      3.217      0.007     8.0818     95.102     41.012  26.298342     2.9113      7.504   300.0075 5.4716e+00     6.5328      3.154      4.576     7.0612   999.9322 0.0000e+00
      3.219      0.006     8.0805     95.018     41.029  26.309772     2.9602      7.505   299.7884 5.4408e+00     6.4976      3.156      4.578     7.0614   999.9322 0.0000e+00
      3.219      0.006     8.0775     94.985     41.046  26.321212     2.9872      7.506   299.7347 5.4244e+00     6.4893      3.156      4.578     7.0609   999.9322 0.0000e+00
      3.219 -9.990e-29     8.0739 -9.990e-29 -9.990e-29 -9.990e-29 -9.990e-29 -9.990e-29 -9.990e-29 5.3795e+00 -9.990e-29      3.156      4.578     7.0604   999.9322 0.0000e+00
      3.220 -9.990e-29     8.0651 -9.990e-29 -9.990e-29 -9.990e-29 -9.990e-29 -9.990e-29 -9.990e-29 5.3065e+00 -9.990e-29      3.157      4.579     7.0602   999.9323 0.0000e+00
      3.221 -9.990e-29     8.0558 -9.990e-29 -9.990e-29 -9.990e-29 -9.990e-29 -9.990e-29 -9.990e-29 5.2411e+00 -9.990e-29      3.159      4.581     7.0610   999.9322 0.0000e+00
      3.221 -9.990e-29     8.0527 -9.990e-29 -9.990e-29 -9.990e-29 -9.990e-29 -9.990e-29 -9.990e-29 5.2143e+00 -9.990e-29      3.160      4.583     7.0620   999.9322 0.0000e+00
