Data/DataNotYetUploadedToEDI/Raw_CTD/RawDownloads/112019_fcr50.cnv
* Sea-Bird SBE19plus  Data File:
* FileName = C:\DATA\112019_fcr_0006.hex
* Software version 2.8.0.119 SB_Terminal.dll
* Temperature SN = 7809
* Conductivity SN = 7809
* System UpLoad Time = Nov 20 2019 19:44:21
* <ApplicationData>
* <Seaterm232>
# nquan = 16
# nvalues = 430                         
# units = specified
# name 0 = depFM: Depth [fresh water, m]
# name 1 = dz/dtM: Descent Rate [m/s]
# name 2 = sbeox0ML/L: Oxygen, SBE 43 [ml/l]
# name 3 = sbeox0PS: Oxygen, SBE 43 [% saturation]
# name 4 = specc: Specific Conductance [uS/cm]
# name 5 = c0uS/cm: Conductivity [uS/cm]
# name 6 = flECO-AFL: Fluorescence, WET Labs ECO-AFL/FL [mg/m^3]
# name 7 = ph: pH
# name 8 = orp: Oxidation Reduction Potential [mV]
# name 9 = par/sat/log: PAR/Logarithmic, Satlantic
# name 10 = turbWETntu0: Turbidity, WET Labs ECO [NTU]
# name 11 = prdM: Pressure, Strain Gauge [db]
# name 12 = prdE: Pressure, Strain Gauge [psi]
# name 13 = tv290C: Temperature [ITS-90, deg C]
# name 14 = density00: Density [density, kg/m^3]
# name 15 = flag:  0.000e+00
# span 0 =     -0.428,      9.809       
# span 1 =     -0.020,      0.235       
# span 2 =     6.6867,     8.7528       
# span 3 =     80.982,    105.217       
# span 4 =     40.227,    335.335       
# span 5 =  26.565073, 222.751450       
# span 6 =    -2.0114,     4.2142       
# span 7 =      7.132,      8.727       
# span 8 =   260.6644,   295.1133       
# span 9 = 1.2363e-01, 1.3016e+03       
# span 10 =     6.2573,     8.9537      
# span 11 =     -0.448,      9.620      
# span 12 =     -0.650,     13.952      
# span 13 =     7.3782,    11.5332      
# span 14 =   999.5596,  1000.0240      
# span 15 = 0.0000e+00, 0.0000e+00      
# interval = seconds: 0.25
# start_time = Nov 20 2019 13:39:14 [Instrument's time stamp, header]
# bad_flag = -9.990e-29
*END*
[from data line 91]
      0.571      0.119     7.1126     88.909     41.406  27.423809     2.2441      8.072   270.7687 2.8020e+02     7.3846      0.563      0.819     8.1191   999.8623 0.0000e+00
      0.601      0.120     7.1832     89.308     41.462  27.452332     2.3231      8.064   270.9138 2.6919e+02     7.3181      0.590      0.856     8.1163   999.8626 0.0000e+00
      0.628      0.115     7.2495     89.504     41.577  27.527113     2.3630      8.057   270.8038 2.5973e+02     7.2647      0.615      0.892     8.1241   999.8623 0.0000e+00
      0.657      0.104     7.3031     89.524     41.725  27.630064     2.3625      8.052   270.7283 2.4254e+02     7.1981      0.642      0.931     8.1251   999.8622 0.0000e+00
      0.689      0.088     7.3492     89.429     41.805  27.681947     2.3163      8.048   270.7766 2.3138e+02     7.0037      0.678      0.982     8.1169   999.8629 0.0000e+00
      0.719      0.072     7.3894     89.231     41.761  27.646848     2.2378      8.044   271.0427 2.3579e+02     6.7177      0.711      1.031     8.0999   999.8642 0.0000e+00
      0.734      0.058     7.4043     88.951     41.673  27.586377     2.1943      8.039   271.2792 2.3908e+02     6.5583      0.725      1.051     8.0959   999.8645 0.0000e+00
      0.736      0.044     7.3998     88.584     41.669  27.585265     2.1801      8.033   271.3987 2.3403e+02     6.5509      0.723      1.049     8.1135   999.8635 0.0000e+00
      0.736      0.033     7.3940     88.127     41.734  27.633405     2.2216      8.026   271.5412 2.3455e+02     6.6274      0.717      1.043     8.1101   999.8637 0.0000e+00
      0.743      0.025     7.3783     87.642     41.762  27.660850     2.3153      8.020   271.5395 2.3240e+02     6.7628      0.725      1.053     8.0953   999.8646 0.0000e+00
      0.754      0.023     7.3557     87.161     41.752  27.663323     2.3595      8.015   271.5506 2.2151e+02     6.8116      0.741      1.076     8.0955   999.8647 0.0000e+00
      0.764      0.024     7.3265     86.683     41.743  27.663320     2.3576      8.012   271.6753 2.1759e+02     6.7591      0.752      1.091     8.0979   999.8646 0.0000e+00
      0.769      0.024     7.2841     86.217     41.737  27.660813     2.3874      8.011   271.7559 2.2086e+02     6.7503      0.756      1.096     8.1021   999.8644 0.0000e+00
      0.771      0.022     7.2416     85.761     41.695  27.633017     2.4511      8.008   271.8379 2.2172e+02     6.8033      0.755      1.095     8.1143   999.8636 0.0000e+00
      0.776      0.021     7.2000     85.322     41.619  27.581023     2.4948      8.002   272.0637 2.1780e+02     6.8433      0.760      1.102     8.1283   999.8627 0.0000e+00
      0.782      0.024     7.1582     84.920     41.562  27.539733     2.4992      7.996   272.4216 2.1853e+02     6.8404      0.769      1.116     8.1351   999.8624 0.0000e+00
      0.787      0.030     7.1207     84.572     41.530  27.514467     2.4863      7.990   272.7238 2.2627e+02     6.9651      0.773      1.120     8.1348   999.8624 0.0000e+00
      0.792      0.035     7.0821     84.288     41.560  27.529319     2.5385      7.984   272.8778 2.2715e+02     7.2691      0.774      1.122     8.1357   999.8624 0.0000e+00
      0.803      0.036     7.0457     84.072     41.657  27.592412     2.6625      7.979   272.8205 2.2037e+02     7.4681      0.786      1.140     8.1350   999.8624 0.0000e+00
      0.819      0.032     7.0128     83.916     41.730  27.642845     2.7366      7.977   272.7201 2.1592e+02     7.4709      0.804      1.166     8.1284   999.8629 0.0000e+00
      0.834      0.026     6.9845     83.798     41.714  27.631516     2.7327      7.975   272.8679 2.1203e+02     7.4007      0.820      1.190     8.1247   999.8632 0.0000e+00
      0.841      0.020     6.9622     83.709     41.648  27.582332     2.6588      7.971   273.2305 2.0398e+02     7.1111      0.829      1.202     8.1167   999.8637 0.0000e+00
      0.839      0.013     6.9450     83.627     41.618  27.555742     2.5544      7.968   273.4915 1.9899e+02     6.6238      0.825      1.195     8.1140   999.8639 0.0000e+00
      0.834      0.007     6.9319     83.506     41.638  27.563800     2.5105      7.965   273.5278 2.0046e+02     6.3588      0.815      1.182     8.1219   999.8635 0.0000e+00
      0.832      0.003     6.9224     83.320     41.624  27.552856     2.5094      7.963   273.4122 2.0223e+02     6.3326      0.814      1.180     8.1196   999.8636 0.0000e+00
      0.837      0.004     6.9168     83.089     41.428  27.423424     2.5933      7.962   273.2982 1.9876e+02     6.4716      0.821      1.191     8.1119   999.8640 0.0000e+00
      0.842      0.009     6.9131     82.767     41.101  27.204335     2.7701      7.962   273.3546 1.9514e+02     6.7286      0.827      1.200     8.1042   999.8645 0.0000e+00
      0.843      0.017     6.9058     82.197     40.907  27.061043     2.8620      7.959   273.5772 1.9626e+02     6.8510      0.826      1.198     8.0948   999.8651 0.0000e+00
      0.843      0.030     6.8891     81.434     40.905  27.023248     2.8540      7.954   273.9240 1.9913e+02     6.8693      0.825      1.196     8.0950   999.8651 0.0000e+00
      0.847      0.047     6.8690     80.982     40.937  27.001095     2.8734      7.948   274.2789 2.0184e+02     6.9503      0.830      1.203     8.0969   999.8649 0.0000e+00
      0.857      0.065     6.8505     81.398     40.959  26.983482     2.9324      7.940   274.5992 1.9299e+02     7.1097      0.837      1.214     8.0975   999.8648 0.0000e+00
      0.877      0.081     6.8069     82.905     41.014  27.000605     2.9689      7.932   274.7846 1.8245e+02     7.2230      0.853      1.237     8.0871   999.8654 0.0000e+00
      0.909      0.088     6.7335     85.425     41.055  27.017764     2.9754      7.923   274.7143 1.7694e+02     7.2386      0.888      1.288     8.0330   999.8689 0.0000e+00
      0.945      0.085     6.6867     88.701     41.036  27.000602     3.0028      7.917   274.6088 1.6369e+02     7.1673      0.931      1.351     7.9703   999.8729 0.0000e+00
      0.975      0.074     6.7230     92.423     41.016  26.983441     3.0580      7.914   274.5417 1.5765e+02     7.0491      0.960      1.392     7.9318   999.8754 0.0000e+00
      0.990      0.059     6.8544     96.235     41.045  27.000603     3.0970      7.912   274.5047 1.5960e+02     7.0225      0.975      1.415     7.9101   999.8768 0.0000e+00
      0.995      0.043     7.0736     99.655     41.070  27.017765     3.1092      7.911   274.5919 1.5575e+02     7.0746      0.978      1.419     7.9007   999.8774 0.0000e+00
      0.995      0.029     7.3566    102.280     41.042  27.000605     3.1019      7.910   274.6502 1.5298e+02     7.0893      0.974      1.412     7.8954   999.8776 0.0000e+00
      0.998      0.021     7.6737    103.995     41.017  26.983457     3.0690      7.910   274.7789 1.5328e+02     7.0694      0.976      1.416     7.8913   999.8779 0.0000e+00
      1.006      0.016     8.0082    104.911     41.043  27.000774     3.0413      7.908   275.0298 1.5197e+02     7.0299      0.987      1.431     7.8891   999.8781 0.0000e+00
      1.014      0.015     8.3048    105.217     41.071  27.019652     3.0438      7.906   275.1028 1.4893e+02     6.9732      0.997      1.444     7.8911   999.8780 0.0000e+00
      1.019      0.015     8.5252    105.141     41.071  27.021368     3.0470      7.905   274.8868 1.4764e+02     6.9403      1.000      1.451     7.8927   999.8779 0.0000e+00
      1.019      0.015     8.6631    104.875     41.068  27.021523     2.9670      7.904   274.5694 1.5092e+02     6.8949      1.000      1.451     7.8915   999.8779 0.0000e+00
      1.019      0.016     8.7341    104.506     41.067  27.021538     2.8142      7.902   274.4481 1.5103e+02     6.8170      0.998      1.447     7.8905   999.8780 0.0000e+00
      1.022      0.021     8.7528    104.100     41.068  27.021539     2.7342      7.900   274.5393 1.4551e+02     6.7845      0.999      1.450     7.8918   999.8780 0.0000e+00
      1.027      0.028     8.7382    103.666     41.071  27.021540     2.7460      7.897   274.8113 1.4334e+02     6.7976      1.006      1.460     7.8943   999.8778 0.0000e+00
      1.036      0.038     8.7161    103.215     41.076  27.021540     2.8789      7.893   275.2417 1.4392e+02     7.0083      1.016      1.474     7.8968   999.8777 0.0000e+00
      1.048      0.047     8.6809    102.803     41.081  27.021541     3.1182      7.891   275.4417 1.4312e+02     7.4304      1.027      1.489     7.8983   999.8777 0.0000e+00
      1.062      0.053     8.6483    102.432     41.085  27.021549     3.2546      7.888   275.2512 1.3927e+02     7.6734      1.041      1.510     7.8975   999.8778 0.0000e+00
      1.078      0.058     8.6137    102.077     41.088  27.021638     3.2798      7.884   275.0891 1.3296e+02     7.7183      1.057      1.534     7.8943   999.8781 0.0000e+00
      1.094      0.058     8.5733    101.772     41.092  27.022612     3.2493      7.880   275.1158 1.3057e+02     7.7115      1.072      1.556     7.8904   999.8784 0.0000e+00
      1.110      0.054     8.5405    101.526     41.110  27.033324     3.1544      7.878   275.2299 1.2942e+02     7.6562      1.088      1.579     7.8863   999.8787 0.0000e+00
      1.127      0.048     8.5127    101.315     41.096  27.024268     3.0950      7.877   275.3503 1.2503e+02     7.6725      1.106      1.603     7.8825   999.8790 0.0000e+00
      1.141      0.042     8.4812    101.144     41.022  26.976553     3.1037      7.876   275.3663 1.2252e+02     7.7446      1.121      1.626     7.8802   999.8792 0.0000e+00
      1.149      0.035     8.4556    101.018     41.002  26.963969     3.1473      7.875   275.4239 1.2046e+02     7.7095      1.128      1.636     7.8788   999.8793 0.0000e+00
      1.153      0.029     8.4379    100.933     41.053  26.999014     3.1963      7.873   275.6165 1.1848e+02     7.5750      1.130      1.639     7.8774   999.8794 0.0000e+00
      1.157      0.024     8.4187    100.858     41.082  27.019606     3.2107      7.872   275.8020 1.2014e+02     7.4620      1.135      1.646     7.8767   999.8795 0.0000e+00
      1.164      0.020     8.4052    100.768     41.085  27.022613     3.2091      7.870   275.8600 1.2132e+02     7.4252      1.141      1.654     7.8777   999.8794 0.0000e+00
      1.171      0.017     8.3935    100.675     41.102  27.035370     3.2116      7.868   275.8022 1.2026e+02     7.4578      1.149      1.666     7.8796   999.8793 0.0000e+00
      1.176      0.016     8.3875    100.589     41.117  27.046957     3.1809      7.866   275.7915 1.1908e+02     7.5280      1.154      1.674     7.8814   999.8793 0.0000e+00
      1.178      0.016     8.3821    100.494     41.101  27.035825     3.1236      7.864   275.9021 1.1657e+02     7.6185      1.155      1.675     7.8832   999.8792 0.0000e+00
      1.180      0.019     8.3729    100.386     41.091  27.027660     3.0994      7.862   276.3652 1.1560e+02     7.6676      1.157      1.678     7.8851   999.8791 0.0000e+00
      1.183      0.028     8.3651    100.295     41.072  27.011678     3.1056      7.857   277.0890 1.1619e+02     7.6965      1.160      1.682     7.8872   999.8790 0.0000e+00
      1.187      0.045     8.3575    100.237     41.014  26.969471     3.1286      7.848   277.5123 1.1426e+02     7.7376      1.164      1.687     7.8890   999.8789 0.0000e+00
      1.195      0.070     8.3509    100.244     41.007  26.961454     3.1612      7.839   277.6981 1.1167e+02     7.7386      1.170      1.697     7.8893   999.8789 0.0000e+00
      1.210      0.095     8.3401    100.322     41.036  26.978193     3.1696      7.831   277.7863 1.0607e+02     7.7415      1.181      1.712     7.8862   999.8792 0.0000e+00
      1.240      0.116     8.3340    100.398     41.043  26.981520     3.1696      7.824   277.7185 9.7569e+01     7.7392      1.211      1.757     7.8810   999.8796 0.0000e+00
      1.284      0.128     8.3295    100.447     41.075  27.001678     3.2042      7.818   277.8245 8.9385e+01     7.5477      1.259      1.825     7.8758   999.8801 0.0000e+00
      1.330      0.127     8.3286    100.477     41.120  27.031578     3.2592      7.814   278.2074 8.1798e+01     7.1951      1.307      1.894     7.8719   999.8806 0.0000e+00
      1.372      0.113     8.3407    100.472     41.110  27.025813     3.2799      7.811   278.3904 7.6756e+01     6.9834      1.349      1.957     7.8697   999.8809 0.0000e+00
      1.402      0.088     8.3468    100.427     41.063  26.995416     3.2724      7.809   278.3161 7.4320e+01     6.9549      1.380      2.001     7.8678   999.8812 0.0000e+00
      1.417      0.060     8.3504    100.359     41.039  26.981277     3.2636      7.808   278.3413 7.3333e+01     6.8170      1.395      2.022     7.8674   999.8813 0.0000e+00
      1.422      0.033     8.3538    100.274     41.036  26.981759     3.2428      7.807   278.2651 7.2926e+01     6.4959      1.396      2.025     7.8681   999.8813 0.0000e+00
      1.422      0.011     8.3536    100.198     41.060  27.001244     3.2201      7.806   277.9976 7.2774e+01     6.2843      1.394      2.022     7.8678   999.8813 0.0000e+00
      1.420     -0.004     8.3488    100.160     41.094  27.026543     3.2059      7.804   277.9459 7.2648e+01     6.2573      1.392      2.019     7.8680   999.8812 0.0000e+00
      1.417     -0.013     8.3428    100.138     41.102  27.033870     3.1745      7.802   278.0700 7.2232e+01     6.3006      1.390      2.016     7.8703   999.8811 0.0000e+00
      1.413     -0.018     8.3348    100.125     41.090  27.026387     3.1360      7.800   278.1214 7.2495e+01     6.3485      1.387      2.011     7.8741   999.8809 0.0000e+00
      1.407     -0.020     8.3250    100.123     41.048  26.999516     3.1133      7.799   278.1380 7.3303e+01     6.3453      1.381      2.003     7.8787   999.8806 0.0000e+00
      1.400     -0.016     8.3233    100.125     40.992  26.962755     3.0988      7.795   278.2704 7.4816e+01     6.3275      1.374      1.993     7.8826   999.8804 0.0000e+00
      1.392     -0.006     8.3209    100.153     40.993  26.962585     3.0999      7.789   278.6039 7.6447e+01     6.3305      1.365      1.980     7.8842   999.8802 0.0000e+00
      1.386      0.013     8.3190    100.198     41.051  26.997459     3.1355      7.782   278.9862 7.6645e+01     6.5441      1.358      1.968     7.8848   999.8801 0.0000e+00
      1.385      0.040     8.3201    100.201     41.066  27.003736     3.2004      7.773   279.1078 7.7086e+01     6.9768      1.356      1.966     7.8862   999.8800 0.0000e+00
      1.395      0.072     8.3185    100.152     41.028  26.975024     3.2344      7.764   278.8696 7.6556e+01     7.2369      1.361      1.975     7.8870   999.8799 0.0000e+00
      1.420      0.102     8.3206    100.080     41.023  26.967531     3.2246      7.758   278.6005 7.2570e+01     7.2639      1.387      2.012     7.8849   999.8802 0.0000e+00
      1.457      0.125     8.3290     99.999     41.043  26.976581     3.2301      7.755   278.6071 6.7690e+01     7.3025      1.428      2.070     7.8812   999.8807 0.0000e+00
      1.501      0.138     8.3296     99.937     41.019  26.957554     3.2566      7.754   278.8640 6.3561e+01     7.4091      1.472      2.135     7.8768   999.8811 0.0000e+00
      1.546      0.137     8.3248     99.910     40.978  26.927809     3.2765      7.753   279.0390 5.9841e+01     7.4712      1.519      2.203     7.8724   999.8816 0.0000e+00
      1.586      0.123     8.3204     99.907     40.989  26.934156     3.2888      7.751   279.0023 5.6990e+01     7.4636      1.559      2.260     7.8675   999.8821 0.0000e+00
      1.617      0.102     8.3135     99.948     41.046  26.970846     3.3012      7.749   278.8505 5.5118e+01     7.4813      1.588      2.303     7.8615   999.8826 0.0000e+00
