Data/DataNotYetUploadedToEDI/Raw_CTD/RawDownloads/112019_fcr20.cnv
* Sea-Bird SBE19plus  Data File:
* FileName = C:\DATA\112019_fcr_0004.hex
* Software version 2.8.0.119 SB_Terminal.dll
* Temperature SN = 7809
* Conductivity SN = 7809
* System UpLoad Time = Nov 20 2019 19:43:54
* <ApplicationData>
* <Seaterm232>
# nquan = 16
# nvalues = 178                         
# units = specified
# name 0 = depFM: Depth [fresh water, m]
# name 1 = dz/dtM: Descent Rate [m/s]
# name 2 = sbeox0ML/L: Oxygen, SBE 43 [ml/l]
# name 3 = sbeox0PS: Oxygen, SBE 43 [% saturation]
# name 4 = specc: Specific Conductance [uS/cm]
# name 5 = c0uS/cm: Conductivity [uS/cm]
# name 6 = flECO-AFL: Fluorescence, WET Labs ECO-AFL/FL [mg/m^3]
# name 7 = ph: pH
# name 8 = orp: Oxidation Reduction Potential [mV]
# name 9 = par/sat/log: PAR/Logarithmic, Satlantic
# name 10 = turbWETntu0: Turbidity, WET Labs ECO [NTU]
# name 11 = prdM: Pressure, Strain Gauge [db]
# name 12 = prdE: Pressure, Strain Gauge [psi]
# name 13 = tv290C: Temperature [ITS-90, deg C]
# name 14 = density00: Density [density, kg/m^3]
# name 15 = flag:  0.000e+00
# span 0 =     -0.397,      3.221       
# span 1 =     -0.018,      0.218       
# span 2 =     6.5419,     8.3348       
# span 3 =     77.577,     98.538       
# span 4 =     40.957,     41.138       
# span 5 =  26.298342,  26.544959       
# span 6 =     1.4176,     3.3079       
# span 7 =      7.494,      8.309       
# span 8 =   280.4274,   302.8402       
# span 9 = 5.2143e+00, 1.7386e+03       
# span 10 =     6.2068,    10.4180      
# span 11 =     -0.404,      3.160      
# span 12 =     -0.586,      4.583      
# span 13 =     7.0602,     7.3478      
# span 14 =   999.8971,   999.9323      
# span 15 = 0.0000e+00, 0.0000e+00      
# interval = seconds: 0.25
# start_time = Nov 20 2019 11:55:37 [Instrument's time stamp, header]
# bad_flag = -9.990e-29
*END*
     -0.397      0.127     8.1074     96.336     41.055  26.522974     1.4185      8.205   293.4107 1.0726e+03    10.2362     -0.404     -0.586     7.3478   999.8971 0.0000e+00
     -0.351      0.157     8.1082     96.349     41.016  26.487427     1.4755      8.262   293.3827 1.0204e+03    10.4180     -0.351     -0.508     7.3365   999.9015 0.0000e+00
     -0.283      0.172     8.1156     96.401     41.019  26.481090     1.4778      8.294   293.1910 9.5545e+02     9.5946     -0.278     -0.402     7.3257   999.9030 0.0000e+00
     -0.215      0.175     8.1179     96.503     41.072  26.509796     1.4809      8.308   292.5558 9.4351e+02     7.9813     -0.206     -0.299     7.3148   999.9034 0.0000e+00
     -0.162      0.167     8.1212     96.632     41.089  26.517281     1.4869      8.309   289.4013 9.9158e+02     7.0354     -0.147     -0.213     7.2997   999.9047 0.0000e+00
     -0.134      0.153     8.1238     96.806     41.077  26.508141     1.4814      8.301   284.2182 1.0582e+03     6.9085     -0.127     -0.185     7.2857   999.9053 0.0000e+00
     -0.118      0.142     8.1295     97.075     41.107  26.526172     1.4740      8.288   281.3388 1.1227e+03     6.8726     -0.119     -0.172     7.2759   999.9059 0.0000e+00
     -0.093      0.137     8.1411     97.403     41.137  26.544959     1.4764      8.271   280.7428 1.1868e+03     6.7647     -0.096     -0.139     7.2698   999.9064 0.0000e+00
     -0.056      0.136     8.1522     97.748     41.138  26.544949     1.4755      8.255   280.4539 1.2407e+03     6.6205     -0.059     -0.086     7.2659   999.9068 0.0000e+00
     -0.008      0.132     8.1642     98.097     41.111  26.526059     1.4633      8.240   280.4274 1.3330e+03     6.5382     -0.009     -0.011     7.2640   999.9070 0.0000e+00
      0.042      0.121     8.1887     98.222     41.085  26.506884     1.4592      8.229   280.5084 1.3775e+03     6.4903      0.046      0.067     7.2628   999.9075 0.0000e+00
      0.079      0.099     8.2206     97.973     41.083  26.503439     1.4685      8.220   280.5723 1.5723e+03     6.4027      0.084      0.122     7.2621   999.9077 0.0000e+00
      0.098      0.071     8.2445     97.643     41.058  26.484405     1.4804      8.210   280.6828 1.7386e+03     6.2982      0.101      0.147     7.2608   999.9078 0.0000e+00
      0.103      0.045     8.2840     97.452     41.035  26.467083     1.4822      8.200   280.8131 1.2761e+03     6.2427      0.103      0.149     7.2597   999.9079 0.0000e+00
      0.101      0.025     8.3068     97.294     41.065  26.484332     1.4809      8.192   280.9430 8.0782e+02     6.2562      0.098      0.143     7.2574   999.9079 0.0000e+00
      0.100      0.015     8.2686     97.004     41.095  26.502622     1.5000      8.185   281.1348 7.4099e+02     6.3629      0.097      0.141     7.2538   999.9081 0.0000e+00
      0.102      0.013     8.2339     96.496     41.089  26.497888     1.5305      8.176   281.3249 7.7775e+02     6.5164      0.098      0.144     7.2503   999.9083 0.0000e+00
      0.107      0.014     8.2257     95.810     41.079  26.490546     1.5475      8.167   281.5210 7.9778e+02     6.5729      0.104      0.151     7.2474   999.9084 0.0000e+00
      0.115      0.015     8.2169     95.009     41.059  26.477295     1.5489      8.160   281.7848 7.4955e+02     6.5204      0.113      0.164     7.2452   999.9086 0.0000e+00
      0.122      0.015     8.1967     94.028     41.039  26.464556     1.5469      8.154   282.0197 7.4815e+02     6.4724      0.121      0.176     7.2434   999.9088 0.0000e+00
      0.126      0.014     8.1520     92.808     41.037  26.463407     1.5501      8.149   282.1247 7.7390e+02     6.4833      0.124      0.181     7.2423   999.9088 0.0000e+00
      0.126      0.011     8.0903     91.481     41.037  26.463406     1.5531      8.144   282.1936 7.7120e+02     6.4888      0.123      0.179     7.2418   999.9088 0.0000e+00
      0.126      0.009     8.0255     90.222     41.039  26.464540     1.5484      8.137   282.3364 6.9031e+02     6.4742      0.123      0.178     7.2416   999.9088 0.0000e+00
      0.128      0.008     7.9480     89.114     41.059  26.477124     1.5446      8.130   282.5609 5.1437e+02     6.4704      0.125      0.182     7.2416   999.9088 0.0000e+00
      0.132      0.009     7.8379     88.207     41.077  26.488659     1.5335      8.123   282.7563 3.8187e+02     6.4757      0.129      0.187     7.2416   999.9089 0.0000e+00
      0.134      0.010     7.7200     87.524     41.059  26.477124     1.5012      8.117   282.8933 3.3887e+02     6.5052      0.133      0.192     7.2416   999.9089 0.0000e+00
      0.136      0.011     7.6124     86.992     41.039  26.464540     1.4747      8.110   283.0992 3.4752e+02     6.4993      0.134      0.194     7.2414   999.9089 0.0000e+00
      0.139      0.011     7.5175     86.525     41.036  26.463396     1.4725      8.104   283.3521 3.6987e+02     6.4371      0.137      0.197     7.2414   999.9089 0.0000e+00
      0.142      0.010     7.4393     86.144     41.035  26.463292     1.4747      8.098   283.5421 3.6124e+02     6.3759      0.139      0.202     7.2413   999.9089 0.0000e+00
      0.146      0.009     7.3838     85.850     41.033  26.463282     1.4760      8.093   283.6756 3.4478e+02     6.3494      0.143      0.208     7.2415   999.9089 0.0000e+00
      0.148      0.008     7.3445     85.646     41.030  26.463281     1.4792      8.087   283.8481 3.3826e+02     6.3454      0.146      0.211     7.2418   999.9089 0.0000e+00
      0.150      0.007     7.3009     85.583     41.027  26.463281     1.4782      8.082   284.0785 3.4533e+02     6.2954      0.147      0.214     7.2421   999.9089 0.0000e+00
      0.151      0.006     7.2696     85.657     41.025  26.463282     1.4730      8.077   284.3098 3.5161e+02     6.2364      0.149      0.216     7.2430   999.9089 0.0000e+00
      0.151      0.002     7.2458     85.851     41.022  26.463291     1.4771      8.072   284.4943 3.4491e+02     6.2209      0.149      0.215     7.2447   999.9088 0.0000e+00
      0.152     -0.005     7.2239     86.166     41.018  26.463396     1.4844      8.067   284.5884 3.6050e+02     6.2068      0.149      0.215     7.2469   999.9087 0.0000e+00
      0.155     -0.012     7.2202     86.571     41.017  26.464554     1.4754      8.059   284.6730 3.8660e+02     6.2295      0.153      0.220     7.2489   999.9086 0.0000e+00
      0.155     -0.017     7.2264     86.996     41.035  26.477294     1.4625      8.051   284.8297 3.7943e+02     6.3322      0.156      0.226     7.2511   999.9085 0.0000e+00
      0.146     -0.018     7.2419     87.400     41.053  26.490545     1.4413      8.046   285.0202 3.5178e+02     6.4324      0.146      0.211     7.2535   999.9083 0.0000e+00
      0.131     -0.017     7.2684     87.744     41.063  26.497885     1.4190      8.040   285.2556 3.3829e+02     6.4571      0.126      0.182     7.2563   999.9081 0.0000e+00
      0.122     -0.016     7.3054     87.957     41.068  26.502605     1.4176      8.034   285.5243 3.3890e+02     6.4347      0.115      0.167     7.2585   999.9079 0.0000e+00
      0.122     -0.012     7.3420     88.015     41.038  26.484167     1.4329      8.028   285.6887 3.5244e+02     6.3917      0.119      0.173     7.2600   999.9079 0.0000e+00
      0.127     -0.005     7.3756     87.945     41.008  26.465291     1.4568      8.022   285.6935 4.0899e+02     6.3626      0.126      0.183     7.2616   999.9079 0.0000e+00
      0.128      0.001     7.4083     87.773     41.006  26.464710     1.4728      8.017   285.7540 4.9383e+02     6.4101      0.127      0.184     7.2634   999.9078 0.0000e+00
      0.127      0.003     7.4258     87.493     41.025  26.477137     1.4793      8.013   285.9902 5.7359e+02     6.4744      0.124      0.179     7.2651   999.9077 0.0000e+00
      0.126      0.001     7.4299     87.119     41.041  26.488658     1.4829      8.009   286.2266 6.5541e+02     6.4847      0.121      0.177     7.2662   999.9076 0.0000e+00
      0.128     -0.001     7.4222     86.717     41.022  26.477122     1.4820      8.006   286.3753 7.2780e+02     6.4694      0.124      0.181     7.2669   999.9076 0.0000e+00
      0.129     -0.001     7.4087     86.353     41.001  26.464539     1.4767      8.002   286.4977 7.5585e+02     6.4538      0.128      0.186     7.2676   999.9075 0.0000e+00
      0.127     -0.003     7.3847     86.031     40.998  26.463405     1.4794      7.998   286.6738 7.1632e+02     6.4928      0.125      0.182     7.2686   999.9075 0.0000e+00
      0.126     -0.006     7.3505     85.699     40.997  26.463420     1.4896      7.995   286.8710 6.4976e+02     6.5473      0.122      0.177     7.2696   999.9074 0.0000e+00
      0.126     -0.007     7.3142     85.353     40.998  26.464710     1.4951      7.991   286.9892 5.9214e+02     6.4903      0.125      0.181     7.2706   999.9074 0.0000e+00
      0.123     -0.004     7.2825     85.041     41.019  26.479009     1.4854      7.985   287.0701 5.6125e+02     6.3611      0.124      0.180     7.2716   999.9073 0.0000e+00
      0.118      0.002     7.2585     84.804     41.065  26.509419     1.4669      7.980   287.1602 6.0615e+02     6.2959      0.115      0.167     7.2727   999.9072 0.0000e+00
      0.114      0.007     7.2297     84.644     41.073  26.515187     1.4722      7.975   287.3052 6.8792e+02     6.3240      0.108      0.157     7.2738   999.9071 0.0000e+00
      0.118      0.011     7.1990     84.542     41.025  26.485301     1.4967      7.970   287.4471 6.9943e+02     6.4715      0.113      0.165     7.2745   999.9071 0.0000e+00
      0.128      0.014     7.1707     84.489     40.994  26.465290     1.5206      7.965   287.5850 6.2958e+02     6.7362      0.126      0.183     7.2749   999.9072 0.0000e+00
      0.138      0.015     7.1510     84.474     40.992  26.463574     1.5354      7.960   287.7674 5.3436e+02     6.9350      0.137      0.198     7.2755   999.9072 0.0000e+00
      0.143      0.013     7.1383     84.485     40.993  26.464554     1.5370      7.956   287.9315 4.6498e+02     6.9743      0.142      0.205     7.2765   999.9072 0.0000e+00
      0.143      0.009     7.1293     84.491     41.012  26.477138     1.5398      7.952   288.1924 4.5563e+02     6.8843      0.142      0.205     7.2774   999.9071 0.0000e+00
      0.141      0.005     7.1255     84.454     41.030  26.488828     1.5426      7.947   288.4269 4.4802e+02     6.7315      0.138      0.200     7.2777   999.9071 0.0000e+00
      0.140      0.002     7.1241     84.395     41.014  26.479009     1.5368      7.942   288.5293 4.4482e+02     6.6669      0.135      0.196     7.2778   999.9071 0.0000e+00
      0.140      0.001     7.1260     84.357     41.023  26.485310     1.5393      7.936   288.6566 4.8252e+02     6.6933      0.138      0.198     7.2778   999.9071 0.0000e+00
      0.143      0.002     7.1284     84.317     41.048  26.501573     1.5553      7.930   288.7618 4.8310e+02     6.6563      0.141      0.204     7.2779   999.9071 0.0000e+00
      0.144      0.004     7.1245     84.247     41.023  26.485310     1.5748      7.925   288.8541 4.4185e+02     6.5479      0.142      0.206     7.2779   999.9071 0.0000e+00
      0.144      0.004     7.1166     84.143     41.014  26.479010     1.5927      7.921   288.9989 4.5723e+02     6.4972      0.142      0.205     7.2785   999.9071 0.0000e+00
      0.145      0.003     7.1151     83.990     41.029  26.488844     1.6064      7.916   289.1362 5.1633e+02     6.5024      0.142      0.206     7.2791   999.9070 0.0000e+00
      0.146      0.002     7.1133     83.806     41.010  26.477323     1.6111      7.912   289.3095 5.3267e+02     6.5126      0.143      0.207     7.2792   999.9071 0.0000e+00
      0.146      0.002     7.1060     83.604     40.993  26.466598     1.6059      7.907   289.5454 5.5489e+02     6.5219      0.143      0.207     7.2791   999.9070 0.0000e+00
      0.147      0.003     7.0992     83.355     41.023  26.486054     1.6039      7.903   289.6659 6.3976e+02     6.5161      0.144      0.209     7.2793   999.9070 0.0000e+00
      0.147      0.004     7.0850     83.090     41.079  26.522233     1.6135      7.899   289.6473 7.0177e+02     6.5085      0.145      0.210     7.2793   999.9071 0.0000e+00
      0.148      0.006     7.0680     82.846     41.080  26.523369     1.6175      7.895   289.6638 6.8558e+02     6.4952      0.145      0.210     7.2795   999.9070 0.0000e+00
      0.149      0.007     7.0540     82.573     41.043  26.499789     1.5910      7.892   289.7803 6.9550e+02     6.4202      0.145      0.210     7.2797   999.9070 0.0000e+00
      0.151      0.007     7.0309     82.251     41.029  26.490904     1.5460      7.889   289.9383 7.4325e+02     6.2912      0.148      0.214     7.2800   999.9070 0.0000e+00
      0.154      0.010     7.0058     81.932     41.012  26.479384     1.5242      7.885   290.1110 7.3875e+02     6.2459      0.153      0.220     7.2803   999.9071 0.0000e+00
      0.157      0.017     6.9887     81.635     41.024  26.487392     1.5353      7.880   290.3185 7.2903e+02     6.2979      0.155      0.224     7.2805   999.9071 0.0000e+00
      0.158      0.027     6.9667     81.326     41.081  26.524284     1.5587      7.872   290.4691 7.5398e+02     6.3639      0.155      0.225     7.2806   999.9070 0.0000e+00
      0.159      0.036     6.9364     81.002     41.112  26.544786     1.5812      7.864   290.5559 7.5808e+02     6.4204      0.153      0.222     7.2807   999.9070 0.0000e+00
      0.169      0.044     6.9092     80.698     41.113  26.544948     1.5912      7.857   290.5931 7.1555e+02     6.4569      0.159      0.231     7.2808   999.9070 0.0000e+00
      0.191      0.053     6.8858     80.429     41.084  26.526242     1.6004      7.851   290.6605 6.3511e+02     6.4769      0.188      0.272     7.2810   999.9072 0.0000e+00
      0.213      0.064     6.8601     80.204     41.058  26.508941     1.6498      7.842   291.0266 5.2846e+02     6.5320      0.214      0.311     7.2812   999.9073 0.0000e+00
      0.227      0.078     6.8305     80.014     41.085  26.526088     1.7285      7.832   291.5779 4.8087e+02     6.6319      0.222      0.322     7.2817   999.9073 0.0000e+00
      0.237      0.091     6.8050     79.813     41.111  26.543234     1.7729      7.821   292.0783 5.2967e+02     6.6681      0.229      0.333     7.2814   999.9074 0.0000e+00
      0.255      0.102     6.7823     79.611     41.084  26.525913     1.7870      7.811   292.5161 5.4932e+02     6.6744      0.245      0.355     7.2808   999.9075 0.0000e+00
      0.288      0.112     6.7622     79.446     41.056  26.506998     1.8218      7.803   292.9136 4.9683e+02     6.6757      0.278      0.404     7.2805   999.9076 0.0000e+00
      0.329      0.119     6.7500     79.302     41.054  26.504867     1.8727      7.797   293.2707 4.5754e+02     6.5847      0.325      0.471     7.2803   999.9079 0.0000e+00
      0.368      0.120     6.7319     79.160     41.048  26.500148     1.8982      7.792   293.5649 4.5890e+02     6.4928      0.365      0.530     7.2804   999.9081 0.0000e+00
      0.399      0.112     6.7127     79.044     41.070  26.513385     1.8967      7.788   293.8038 4.6010e+02     6.4828      0.392      0.568     7.2805   999.9082 0.0000e+00
      0.426      0.097     6.7000     78.946     41.109  26.538028     1.8985      7.785   294.0078 4.4861e+02     6.4953      0.419      0.608     7.2798   999.9083 0.0000e+00
      0.448      0.078     6.6894     78.843     41.119  26.544319     1.9023      7.783   294.2238 4.2929e+02     6.4806      0.442      0.642     7.2785   999.9085 0.0000e+00
      0.465      0.061     6.6760     78.765     41.091  26.526011     1.8995      7.781   294.4378 3.9210e+02     6.4371      0.456      0.660     7.2774   999.9086 0.0000e+00
      0.479      0.048     6.6659     78.695     41.062  26.507006     1.8990      7.779   294.7023 3.8071e+02     6.4269      0.471      0.683     7.2765   999.9087 0.0000e+00
