Data/DataNotYetUploadedToEDI/Raw_CTD/RawDownloads/112019_fcr50.cnv
* Sea-Bird SBE19plus  Data File:
* FileName = C:\DATA\112019_fcr_0006.hex
* Software version 2.8.0.119 SB_Terminal.dll
* Temperature SN = 7809
* Conductivity SN = 7809
* System UpLoad Time = Nov 20 2019 19:44:21
* <ApplicationData>
* <Seaterm232>
# nquan = 16
# nvalues = 430                         
# units = specified
# name 0 = depFM: Depth [fresh water, m]
# name 1 = dz/dtM: Descent Rate [m/s]
# name 2 = sbeox0ML/L: Oxygen, SBE 43 [ml/l]
# name 3 = sbeox0PS: Oxygen, SBE 43 [% saturation]
# name 4 = specc: Specific Conductance [uS/cm]
# name 5 = c0uS/cm: Conductivity [uS/cm]
# name 6 = flECO-AFL: Fluorescence, WET Labs ECO-AFL/FL [mg/m^3]
# name 7 = ph: pH
# name 8 = orp: Oxidation Reduction Potential [mV]
# name 9 = par/sat/log: PAR/Logarithmic, Satlantic
# name 10 = turbWETntu0: Turbidity, WET Labs ECO [NTU]
# name 11 = prdM: Pressure, Strain Gauge [db]
# name 12 = prdE: Pressure, Strain Gauge [psi]
# name 13 = tv290C: Temperature [ITS-90, deg C]
# name 14 = density00: Density [density, kg/m^3]
# name 15 = flag:  0.000e+00
# span 0 =     -0.428,      9.809       
# span 1 =     -0.020,      0.235       
# span 2 =     6.6867,     8.7528       
# span 3 =     80.982,    105.217       
# span 4 =     40.227,    335.335       
# span 5 =  26.565073, 222.751450       
# span 6 =    -2.0114,     4.2142       
# span 7 =      7.132,      8.727       
# span 8 =   260.6644,   295.1133       
# span 9 = 1.2363e-01, 1.3016e+03       
# span 10 =     6.2573,     8.9537      
# span 11 =     -0.448,      9.620      
# span 12 =     -0.650,     13.952      
# span 13 =     7.3782,    11.5332      
# span 14 =   999.5596,  1000.0240      
# span 15 = 0.0000e+00, 0.0000e+00      
# interval = seconds: 0.25
# start_time = Nov 20 2019 13:39:14 [Instrument's time stamp, header]
# bad_flag = -9.990e-29
*END*
     -0.428      0.171     7.2488     95.517     40.227  27.376001    -2.0114      8.520   288.3619 1.0162e+03     8.7877     -0.448     -0.650    11.5332   999.5596 0.0000e+00
     -0.345      0.200     7.3702     95.628     40.590  27.364428    -1.9741      8.630   275.8480 1.0361e+03     8.9537     -0.340     -0.493    10.8523   999.6350 0.0000e+00
     -0.250      0.223     7.5196     95.768     40.934  27.425297    -1.0997      8.692   268.3572 1.0839e+03     8.6314     -0.227     -0.330    10.0512   999.7127 0.0000e+00
     -0.189      0.235     7.6358     95.989     41.271  27.540762     0.5239      8.721   266.3642 1.0594e+03     8.0374     -0.173     -0.250     9.4440   999.7633 0.0000e+00
     -0.154      0.230     7.7302     96.338     41.481  27.618367     1.4182      8.727   265.1737 1.1348e+03     7.7030     -0.155     -0.224     8.9707   999.8009 0.0000e+00
     -0.113      0.212     7.7952     96.818     41.576  27.665632     1.5028      8.721   264.3737 1.3016e+03     7.6687     -0.124     -0.180     8.6719   999.8221 0.0000e+00
     -0.050      0.194     7.8424     97.408     41.649  27.731533     1.5031      8.709   263.7464 1.1180e+03     7.6557     -0.046     -0.067     8.4724   999.8366 0.0000e+00
      0.014      0.178     7.8822     98.061     41.673  27.780719     1.5179      8.698   263.1820 6.7456e+02     7.4475      0.020      0.028     8.3480   999.8450 0.0000e+00
      0.065      0.156     7.9278     98.702     41.588  27.752792     1.5601      8.689   262.7977 5.1612e+02     7.0526      0.065      0.093     8.2657   999.8507 0.0000e+00
      0.105      0.124     7.9688     99.271     41.424  27.647692     1.5721      8.680   262.4554 7.0344e+02     6.7808      0.109      0.157     8.2547   999.8516 0.0000e+00
      0.131      0.090     8.0143     99.615     41.274  27.525121     1.5581      8.670   262.0543 9.1337e+02     6.7176      0.136      0.196     8.2835   999.8499 0.0000e+00
      0.139      0.064     8.0600     99.095     41.254  27.476266     1.5561      8.657   261.6476 9.7740e+02     6.8127      0.139      0.203     8.3305   999.8470 0.0000e+00
      0.138      0.048     8.1070     97.241     41.344  27.501080     1.5560      8.640   261.3236 8.7752e+02     6.9467      0.133      0.194     8.3779   999.8438 0.0000e+00
      0.141      0.038     8.1507     94.882     41.400  27.507878     1.5569      8.625   261.1490 7.2174e+02     6.9948      0.134      0.195     8.3833   999.8433 0.0000e+00
      0.153      0.033     8.2056     93.011     41.423  27.494978     1.5669      8.612   261.0850 6.9415e+02     7.0016      0.148      0.215     8.3458   999.8458 0.0000e+00
      0.171      0.028     8.2082     91.730     41.425  27.471982     1.5984      8.601   261.0659 7.0056e+02     6.9305      0.169      0.245     8.2970   999.8491 0.0000e+00
      0.185      0.020     8.0213     90.895     41.379  27.420152     1.6521      8.593   260.9174 6.8806e+02     6.7578      0.185      0.269     8.2554   999.8519 0.0000e+00
      0.190      0.008     7.7938     90.327     41.339  27.375861     1.6871      8.585   260.7533 7.6153e+02     6.6178      0.190      0.275     8.2190   999.8542 0.0000e+00
      0.186     -0.005     7.6586     89.960     41.366  27.380561     1.6927      8.574   260.8026 9.1394e+02     6.5807      0.185      0.267     8.1851   999.8563 0.0000e+00
      0.176     -0.014     7.5577     90.073     41.431  27.413528     1.6930      8.560   260.8246 9.8947e+02     6.6704      0.172      0.250     8.1554   999.8581 0.0000e+00
      0.165     -0.017     7.4996     90.645     41.507  27.457214     1.6915      8.545   260.7607 8.7162e+02     6.8503      0.161      0.233     8.1294   999.8597 0.0000e+00
      0.159     -0.015     7.4656     91.197     41.616  27.528086     1.6913      8.533   260.7190 8.8688e+02     6.9852      0.155      0.224     8.1077   999.8610 0.0000e+00
      0.158     -0.012     7.4201     91.592     41.675  27.572512     1.6903      8.522   260.6644 1.0722e+03     7.0233      0.154      0.223     8.0918   999.8619 0.0000e+00
      0.159     -0.010     7.4289     92.040     41.630  27.550246     1.6801      8.512   260.7026 9.7167e+02     6.9838      0.156      0.226     8.0811   999.8627 0.0000e+00
      0.161     -0.010     7.5044     92.635     41.572  27.512668     1.6897      8.502   260.8372 7.6025e+02     6.8363      0.158      0.230     8.0720   999.8632 0.0000e+00
      0.159     -0.009     7.5518     93.353     41.560  27.498837     1.7279      8.493   260.9155 7.5776e+02     6.6157      0.159      0.229     8.0676   999.8635 0.0000e+00
      0.152     -0.008     7.5705     94.022     41.587  27.509906     1.7515      8.484   260.9600 7.3701e+02     6.5115      0.150      0.217     8.0781   999.8629 0.0000e+00
      0.144     -0.006     7.6056     94.392     41.610  27.519602     1.7505      8.475   261.1178 6.6435e+02     6.5267      0.139      0.202     8.0921   999.8619 0.0000e+00
      0.142     -0.003     7.6539     94.344     41.570  27.489180     1.7418      8.467   261.3615 6.7344e+02     6.5704      0.137      0.199     8.0908   999.8620 0.0000e+00
      0.145      0.002     7.7202     93.905     41.527  27.459299     1.7411      8.459   261.5831 7.6835e+02     6.6796      0.143      0.207     8.0811   999.8626 0.0000e+00
      0.150      0.006     7.7875     93.189     41.552  27.475549     1.7506      8.454   261.8175 8.5258e+02     6.7976      0.148      0.214     8.0724   999.8632 0.0000e+00
      0.153      0.008     7.8216     92.331     41.581  27.495310     1.7524      8.449   262.0453 8.2686e+02     6.8505      0.151      0.218     8.0652   999.8636 0.0000e+00
      0.155      0.008     7.8176     91.438     41.601  27.507885     1.7457      8.444   262.1863 7.4760e+02     6.8931      0.152      0.220     8.0607   999.8639 0.0000e+00
      0.156      0.008     7.7781     90.621     41.591  27.500699     1.7389      8.439   262.2310 6.3231e+02     6.9847      0.152      0.220     8.0592   999.8640 0.0000e+00
      0.157      0.009     7.7138     89.980     41.549  27.471874     1.7399      8.434   262.2416 5.4892e+02     7.0733      0.154      0.224     8.0598   999.8640 0.0000e+00
      0.159      0.011     7.6408     89.576     41.558  27.476594     1.7489      8.428   262.3147 5.5487e+02     7.0796      0.156      0.227     8.0603   999.8640 0.0000e+00
      0.160      0.013     7.5631     89.429     41.586  27.494325     1.7523      8.420   262.4271 6.4452e+02     6.9956      0.157      0.228     8.0605   999.8640 0.0000e+00
      0.164      0.014     7.4928     89.545     41.587  27.495922     1.7552      8.411   262.4820 7.3677e+02     6.8769      0.161      0.232     8.0595   999.8641 0.0000e+00
      0.171      0.011     7.4383     89.910     41.585  27.495898     1.7586      8.402   262.4617 7.1742e+02     6.8244      0.168      0.243     8.0573   999.8642 0.0000e+00
      0.177      0.005     7.4046     90.394     41.581  27.494039     1.7501      8.395   262.4407 6.4862e+02     6.8188      0.175      0.254     8.0556   999.8644 0.0000e+00
      0.180     -0.001     7.3935     90.898     41.549  27.473449     1.7291      8.390   262.4861 6.2985e+02     6.6786      0.179      0.260     8.0553   999.8644 0.0000e+00
      0.178     -0.008     7.4004     91.431     41.494  27.437278     1.7041      8.385   262.4942 6.2063e+02     6.4402      0.176      0.256     8.0564   999.8643 0.0000e+00
      0.171     -0.013     7.4365     91.941     41.494  27.437382     1.7003      8.379   262.4529 5.5308e+02     6.3286      0.168      0.243     8.0582   999.8641 0.0000e+00
      0.163     -0.017     7.4810     92.346     41.549  27.474706     1.7090      8.372   262.5028 5.6557e+02     6.3451      0.159      0.231     8.0589   999.8641 0.0000e+00
      0.158     -0.018     7.5183     92.594     41.597  27.507883     1.7051      8.365   262.5814 6.5817e+02     6.3785      0.154      0.222     8.0594   999.8640 0.0000e+00
      0.155     -0.017     7.5660     92.639     41.616  27.521290     1.7221      8.360   262.6285 6.5342e+02     6.5355      0.152      0.220     8.0600   999.8639 0.0000e+00
      0.153     -0.015     7.6108     92.518     41.599  27.509910     1.7672      8.354   262.6422 6.5926e+02     6.8015      0.151      0.219     8.0598   999.8639 0.0000e+00
      0.149     -0.012     7.6442     92.332     41.581  27.497185     1.7997      8.348   262.6608 8.6126e+02     6.9390      0.147      0.213     8.0609   999.8639 0.0000e+00
      0.144     -0.009     7.6677     92.135     41.577  27.494326     1.8202      8.343   262.8538 1.0099e+03     6.9859      0.140      0.203     8.0633   999.8637 0.0000e+00
      0.141     -0.004     7.6692     91.911     41.549  27.475345     1.8420      8.338   263.0829 1.0161e+03     7.0089      0.136      0.198     8.0640   999.8637 0.0000e+00
      0.140      0.002     7.6557     91.666     41.524  27.458032     1.8634      8.332   263.1929 1.0329e+03     6.9872      0.137      0.198     8.0635   999.8637 0.0000e+00
      0.141      0.008     7.6383     91.393     41.551  27.475336     1.8796      8.325   263.3241 8.8794e+02     6.9866      0.138      0.200     8.0630   999.8637 0.0000e+00
      0.145      0.013     7.6241     91.048     41.581  27.494214     1.8823      8.317   263.4647 6.9129e+02     7.0012      0.141      0.205     8.0622   999.8638 0.0000e+00
      0.151      0.015     7.6054     90.701     41.584  27.495939     1.8442      8.310   263.6873 7.7204e+02     7.0000      0.148      0.214     8.0617   999.8638 0.0000e+00
      0.157      0.015     7.5834     90.430     41.584  27.496199     1.7743      8.302   263.9505 9.5926e+02     7.0048      0.154      0.223     8.0610   999.8639 0.0000e+00
      0.162      0.014     7.5661     90.185     41.585  27.497358     1.7393      8.297   264.0660 9.1437e+02     7.0263      0.160      0.232     8.0600   999.8640 0.0000e+00
      0.167      0.011     7.5334     89.937     41.605  27.509953     1.7500      8.292   264.2247 7.1851e+02     7.0295      0.165      0.240     8.0589   999.8641 0.0000e+00
      0.167      0.009     7.5008     89.751     41.624  27.521593     1.7570      8.287   264.4923 5.8697e+02     6.9784      0.164      0.239     8.0587   999.8641 0.0000e+00
      0.166      0.009     7.4822     89.652     41.608  27.511201     1.7453      8.283   264.7209 6.5850e+02     6.8675      0.162      0.234     8.0598   999.8640 0.0000e+00
      0.166      0.009     7.4629     89.619     41.605  27.511201     1.7469      8.280   264.8374 7.7731e+02     6.7704      0.162      0.235     8.0606   999.8640 0.0000e+00
      0.170      0.010     7.4391     89.640     41.619  27.521593     1.7594      8.277   264.8677 7.6231e+02     6.7545      0.166      0.241     8.0599   999.8640 0.0000e+00
      0.175      0.012     7.4230     89.640     41.601  27.509955     1.7919      8.274   264.9155 7.8814e+02     6.7731      0.172      0.249     8.0581   999.8642 0.0000e+00
      0.179      0.013     7.4173     89.557     41.583  27.497383     1.8535      8.269   264.8995 8.0674e+02     6.7661      0.176      0.256     8.0576   999.8642 0.0000e+00
      0.182      0.014     7.4123     89.453     41.583  27.496478     1.8804      8.265   264.8464 7.9310e+02     6.7685      0.179      0.260     8.0600   999.8641 0.0000e+00
      0.185      0.016     7.4169     89.354     41.589  27.499007     1.8745      8.261   264.9611 9.6742e+02     6.8025      0.182      0.263     8.0627   999.8640 0.0000e+00
      0.188      0.019     7.4207     89.198     41.632  27.527961     1.8959      8.255   265.1681 1.0634e+03     6.8162      0.184      0.267     8.0627   999.8640 0.0000e+00
      0.192      0.020     7.4096     88.990     41.719  27.592777     1.9305      8.247   265.2836 8.2922e+02     6.8035      0.187      0.270     8.0615   999.8640 0.0000e+00
      0.198      0.019     7.3998     88.797     41.780  27.648224     1.9369      8.240   265.3258 6.1272e+02     6.7797      0.193      0.279     8.0602   999.8641 0.0000e+00
      0.208      0.015     7.3960     88.627     41.821  27.690803     1.9303      8.235   265.3344 6.0475e+02     6.7579      0.205      0.297     8.0587   999.8643 0.0000e+00
      0.216      0.009     7.3830     88.442     41.862  27.726928     1.9371      8.230   265.3877 6.5735e+02     6.7693      0.215      0.311     8.0568   999.8645 0.0000e+00
      0.216      0.003     7.3610     88.219     41.823  27.704326     1.9504      8.226   265.4536 7.0356e+02     6.8838      0.214      0.310     8.0631   999.8642 0.0000e+00
      0.211     -0.002     7.3415     87.933     41.771  27.671312     1.9696      8.220   265.4433 7.6026e+02     7.0611      0.208      0.302     8.0856   999.8627 0.0000e+00
      0.206     -0.004     7.3250     87.554     41.821  27.708455     1.9873      8.211   265.5210 7.4364e+02     7.1438      0.201      0.292     8.1092   999.8612 0.0000e+00
      0.202     -0.004     7.3084     87.107     41.907  27.772738     1.9905      8.202   265.7045 6.7943e+02     7.1627      0.197      0.286     8.1169   999.8608 0.0000e+00
      0.201     -0.004     7.2903     86.648     41.966  27.814083     1.9918      8.195   265.7691 6.4786e+02     7.1918      0.194      0.282     8.1190   999.8606 0.0000e+00
      0.206     -0.004     7.2683     86.207     41.990  27.827665     1.9938      8.190   265.6999 7.0012e+02     7.2006      0.201      0.291     8.1193   999.8606 0.0000e+00
      0.211     -0.003     7.2352     85.773     41.967  27.810065     1.9888      8.186   265.8144 7.8859e+02     7.1704      0.211      0.305     8.1228   999.8605 0.0000e+00
      0.208      0.001     7.1939     85.339     41.842  27.728166     1.9827      8.181   266.2059 7.8284e+02     7.1548      0.205      0.296     8.1371   999.8596 0.0000e+00
      0.202      0.012     7.1544     84.915     41.640  27.598803     1.9295      8.173   266.5625 6.8589e+02     7.2079      0.196      0.284     8.1391   999.8595 0.0000e+00
      0.197      0.032     7.1201     84.521     41.503  27.514909     1.8312      8.161   266.7714 5.2959e+02     7.2561      0.193      0.279     8.1331   999.8598 0.0000e+00
      0.198      0.057     7.0850     84.192     41.436  27.475179     1.7739      8.149   267.0965 4.5326e+02     7.2459      0.190      0.275     8.1299   999.8600 0.0000e+00
      0.214      0.087     7.0482     83.944     41.384  27.435670     1.7567      8.138   267.7404 4.4796e+02     7.2161      0.200      0.291     8.1304   999.8599 0.0000e+00
      0.250      0.115     7.0127     83.804     41.376  27.417886     1.8217      8.129   268.4468 4.0061e+02     7.2560      0.243      0.355     8.1364   999.8597 0.0000e+00
      0.295      0.136     6.9759     83.822     41.444  27.450478     1.9626      8.120   268.8406 3.8007e+02     7.3678      0.292      0.424     8.1461   999.8593 0.0000e+00
      0.336      0.146     6.9475     84.068     41.546  27.512494     2.0376      8.110   269.0597 3.8998e+02     7.4212      0.328      0.476     8.1578   999.8588 0.0000e+00
      0.377      0.145     6.9274     84.593     41.572  27.533241     2.0521      8.103   269.2893 3.7219e+02     7.4095      0.370      0.537     8.1498   999.8594 0.0000e+00
      0.416      0.139     6.9175     85.314     41.531  27.510991     2.0943      8.099   269.4667 3.4173e+02     7.4223      0.410      0.595     8.1296   999.8609 0.0000e+00
      0.450      0.132     6.9207     86.107     41.510  27.497263     2.1581      8.095   269.6562 3.2685e+02     7.4452      0.445      0.645     8.1131   999.8620 0.0000e+00
      0.477      0.127     6.9385     86.925     41.506  27.494149     2.1914      8.089   269.8593 3.1915e+02     7.4249      0.468      0.679     8.1038   999.8628 0.0000e+00
      0.503      0.122     6.9845     87.703     41.471  27.473343     2.1932      8.084   270.0298 3.0770e+02     7.4061      0.488      0.708     8.1120   999.8624 0.0000e+00
