Data/DataNotYetUploadedToEDI/Raw_CTD/RawDownloads/112019_fcr30.cnv
* Sea-Bird SBE19plus  Data File:
* FileName = C:\DATA\112019_fcr_0003.hex
* Software version 2.8.0.119 SB_Terminal.dll
* Temperature SN = 7809
* Conductivity SN = 7809
* System UpLoad Time = Nov 20 2019 19:43:44
* <ApplicationData>
* <Seaterm232>
# nquan = 16
# nvalues = 229                         
# units = specified
# name 0 = depFM: Depth [fresh water, m]
# name 1 = dz/dtM: Descent Rate [m/s]
# name 2 = sbeox0ML/L: Oxygen, SBE 43 [ml/l]
# name 3 = sbeox0PS: Oxygen, SBE 43 [% saturation]
# name 4 = specc: Specific Conductance [uS/cm]
# name 5 = c0uS/cm: Conductivity [uS/cm]
# name 6 = flECO-AFL: Fluorescence, WET Labs ECO-AFL/FL [mg/m^3]
# name 7 = ph: pH
# name 8 = orp: Oxidation Reduction Potential [mV]
# name 9 = par/sat/log: PAR/Logarithmic, Satlantic
# name 10 = turbWETntu0: Turbidity, WET Labs ECO [NTU]
# name 11 = prdM: Pressure, Strain Gauge [db]
# name 12 = prdE: Pressure, Strain Gauge [psi]
# name 13 = tv290C: Temperature [ITS-90, deg C]
# name 14 = density00: Density [density, kg/m^3]
# name 15 = flag:  0.000e+00
# span 0 =     -0.562,      5.482       
# span 1 =     -0.045,      0.291       
# span 2 =     6.7205,     8.4090       
# span 3 =     80.309,     99.683       
# span 4 =     17.449,     41.398       
# span 5 =  11.578991,  26.917035       
# span 6 =     1.4154,     6.3030       
# span 7 =      7.408,      8.382       
# span 8 =   281.3769,   484.9479       
# span 9 = 1.2999e-01, 1.7380e+03       
# span 10 =    -6.2501,     7.8734      
# span 11 =     -0.552,      5.377      
# span 12 =     -0.800,      7.798      
# span 13 =     7.2922,     8.3205      
# span 14 =   999.8315,   999.9317      
# span 15 = 0.0000e+00, 0.0000e+00      
# interval = seconds: 0.25
# start_time = Nov 20 2019 11:46:26 [Instrument's time stamp, header]
# bad_flag = -9.990e-29
*END*
[from data line 181]
      4.521      0.126     8.0502     95.791     41.053  26.517461     3.1416      7.449   304.3487 6.8970e-01     7.3687      4.432      6.427     7.2961   999.9270 0.0000e+00
      4.558      0.116     8.0503     95.911     41.076  26.532286     3.1348      7.450   304.1781 6.4238e-01     7.3540      4.471      6.484     7.2960   999.9272 0.0000e+00
      4.592      0.103     8.0536     96.008     41.088  26.539926     3.1324      7.450   304.0712 6.1147e-01     7.2533      4.507      6.536     7.2953   999.9274 0.0000e+00
      4.617      0.087     8.0648     96.074     41.098  26.546389     3.1302      7.451   304.0022 5.9344e-01     7.0688      4.531      6.571     7.2945   999.9275 0.0000e+00
      4.634      0.069     8.0768     96.091     41.100  26.546979     3.1346      7.452   303.9464 5.7894e-01     6.9579      4.545      6.593     7.2943   999.9277 0.0000e+00
      4.646      0.054     8.0873     96.048     41.100  26.547070     3.1416      7.452   304.0847 5.7211e-01     6.9279      4.558      6.610     7.2944   999.9277 0.0000e+00
      4.656      0.048     8.0953     95.975     41.101  26.547491     3.1543      7.452   304.3837 5.7536e-01     6.9362      4.567      6.624     7.2946   999.9278 0.0000e+00
      4.663      0.053     8.1017     95.902     41.108  26.552068     3.1841      7.450   304.6372 5.7631e-01     6.9924      4.573      6.633     7.2944   999.9278 0.0000e+00
      4.669      0.069     8.1040     95.830     41.087  26.538958     3.2072      7.447   304.7403 5.7342e-01     7.0178      4.577      6.638     7.2940   999.9278 0.0000e+00
      4.679      0.093     8.0991     95.780     41.051  26.515873     3.2174      7.443   304.8556 5.6031e-01     6.9808      4.583      6.646     7.2939   999.9279 0.0000e+00
      4.705      0.123     8.0913     95.787     41.068  26.526713     3.2206      7.441   305.0847 5.2167e-01     6.9384      4.607      6.681     7.2942   999.9280 0.0000e+00
      4.747      0.153     8.0861     95.845     41.094  26.543145     3.2285      7.439   305.2736 4.8760e-01     7.0625      4.654      6.750     7.2941   999.9283 0.0000e+00
      4.797      0.181     8.0793     95.930     41.064  26.524218     3.2520      7.437   305.3327 4.6436e-01     7.3011      4.705      6.823     7.2941   999.9285 0.0000e+00
      4.848      0.202     8.0733     96.045     41.008  26.488200     3.2706      7.435   305.3688 4.1939e-01     7.3979      4.752      6.891     7.2943   999.9286 0.0000e+00
      4.904      0.215     8.0743     96.146     41.009  26.488318     3.2709      7.433   305.4524 3.6959e-01     7.4138      4.809      6.974     7.2941   999.9290 0.0000e+00
      4.964      0.220     8.0810     96.191     41.067  26.525643     3.2477      7.432   305.4830 3.3199e-01     7.3295      4.871      7.064     7.2942   999.9293 0.0000e+00
      5.021      0.218     8.0866     96.217     41.119  26.558819     3.2161      7.432   305.3943 3.0366e-01     7.0996      4.923      7.141     7.2944   999.9295 0.0000e+00
      5.079      0.213     8.0975     96.215     41.140  26.572220     3.2004      7.431   305.2409 2.8296e-01     6.9607      4.979      7.221     7.2941   999.9297 0.0000e+00
      5.138      0.203     8.1100     96.159     41.122  26.560789     3.1960      7.429   305.0911 2.6074e-01     6.9292      5.045      7.316     7.2939   999.9301 0.0000e+00
      5.188      0.188     8.1092     96.065     41.102  26.547492     3.2501      7.428   304.9594 2.3309e-01     6.7834      5.093      7.385     7.2936   999.9304 0.0000e+00
      5.230      0.166     8.1133     95.956     41.088  26.538340     3.3696      7.429   304.7664 2.0309e-01     6.5410      5.127      7.436     7.2934   999.9305 0.0000e+00
      5.275      0.138     8.1145     95.862     41.050  26.513577     3.4438      7.430   304.5653 1.7939e-01     6.4235      5.174      7.504     7.2935   999.9307 0.0000e+00
      5.316      0.108     8.1082     95.794     41.032  26.501861     3.4456      7.431   304.5064 1.6587e-01     6.4445      5.219      7.570     7.2933   999.9310 0.0000e+00
      5.341      0.079     8.1005     95.737     41.066  26.523568     3.3476      7.431   304.5709 1.6548e-01     6.5338      5.243      7.605     7.2929   999.9311 0.0000e+00
      5.351      0.052     8.0899     95.676     41.063  26.522263     3.1695      7.432   304.6570 1.6757e-01     6.6510      5.249      7.613     7.2925   999.9312 0.0000e+00
      5.353      0.030     8.0819     95.625     41.006  26.486085     3.0695      7.434   304.6008 1.6213e-01     6.7140      5.250      7.615     7.2922   999.9312 0.0000e+00
      5.352      0.015     8.0762     95.579     40.976  26.466798     3.0650      7.435   304.4074 1.5607e-01     6.7390      5.249      7.614     7.2924   999.9311 0.0000e+00
      5.352      0.010     8.0732     95.534     40.995  26.479396     3.1067      7.436   304.2981 1.5137e-01     6.6902      5.247      7.611     7.2927   999.9312 0.0000e+00
      5.352      0.011     8.0661     95.500     41.045  26.511523     3.1663      7.438   304.2248 1.5472e-01     6.5504      5.248      7.611     7.2930   999.9311 0.0000e+00
      5.356      0.017     8.0624     95.482     41.086  26.538024     3.1880      7.440   304.1243 1.6995e-01     6.4575      5.252      7.617     7.2935   999.9311 0.0000e+00
      5.362      0.027     8.0589     95.512     41.098  26.546047     3.1866      7.440   304.1146 1.7373e-01     6.4521      5.257      7.625     7.2939   999.9311 0.0000e+00
      5.368      0.041     8.0538     95.602     41.097  26.545077     3.1927      7.440   304.1080 1.5676e-01     6.4859      5.264      7.635     7.2942   999.9311 0.0000e+00
      5.375      0.052     8.0522     95.709     41.068  26.526307     3.2359      7.440   304.0443 1.4789e-01     6.6034      5.269      7.641     7.2942   999.9312 0.0000e+00
      5.389      0.058     8.0487     95.830     41.043  26.509425     3.3179      7.440   303.9472 1.5039e-01     6.7915      5.279      7.656     7.2941   999.9312 0.0000e+00
      5.414      0.059     8.0503     95.982     41.077  26.531291     3.3614      7.440   303.7941 1.4546e-01     6.8923      5.309      7.700     7.2942   999.9314 0.0000e+00
      5.441      0.056     8.0606     96.120     41.086  26.536902     3.3625      7.441   303.6561 1.4001e-01     6.9043      5.342      7.747     7.2938   999.9316 0.0000e+00
      5.456      0.048     8.0696     96.205     41.050  26.513830     3.3749      7.442   303.5682 1.4095e-01     6.8059      5.354      7.766     7.2930   999.9317 0.0000e+00
      5.462      0.038     8.0781     96.251     41.038  26.506107     3.3985      7.444   303.5066 1.4226e-01     6.5873      5.356      7.769     7.2927   999.9316 0.0000e+00
      5.464      0.026     8.0932     96.254     41.038  26.506971     3.4223      7.445   303.4273 1.4786e-01     6.4898      5.358      7.772     7.2928   999.9317 0.0000e+00
      5.468      0.017     8.1069     96.221     41.064  26.524276     3.4376      7.447   303.3833 1.5036e-01     6.5111      5.361      7.775     7.2928   999.9317 0.0000e+00
      5.473      0.013     8.1121     96.194     41.064  26.525003     3.4529      7.448   303.4048 1.3731e-01     6.4850      5.367      7.784     7.2929   999.9317 0.0000e+00
      5.477      0.011     8.1166     96.170     41.049  26.515759     3.4782      7.449   303.3433 1.2999e-01     6.4363      5.372      7.791     7.2932   999.9317 0.0000e+00
      5.480      0.009     8.1178     96.175     41.086  26.539403     3.4914      7.449   303.2420 1.3791e-01     6.4138      5.374      7.794     7.2938   999.9317 0.0000e+00
      5.481      0.008     8.1108     96.195     41.113  26.557100     3.4910      7.449   303.2122 1.4458e-01     6.4092      5.375      7.796     7.2946   999.9317 0.0000e+00
      5.482 -9.990e-29     8.1113 -9.990e-29 -9.990e-29 -9.990e-29 -9.990e-29 -9.990e-29 -9.990e-29 1.4178e-01 -9.990e-29      5.376      7.797     7.2954   999.9316 0.0000e+00
      5.482 -9.990e-29     8.1070 -9.990e-29 -9.990e-29 -9.990e-29 -9.990e-29 -9.990e-29 -9.990e-29 1.3828e-01 -9.990e-29      5.376      7.798     7.2960   999.9316 0.0000e+00
      5.482 -9.990e-29     8.1061 -9.990e-29 -9.990e-29 -9.990e-29 -9.990e-29 -9.990e-29 -9.990e-29 1.4359e-01 -9.990e-29      5.376      7.797     7.2961   999.9316 0.0000e+00
      5.482 -9.990e-29     8.1142 -9.990e-29 -9.990e-29 -9.990e-29 -9.990e-29 -9.990e-29 -9.990e-29 1.4813e-01 -9.990e-29      5.377      7.798     7.2960   999.9316 0.0000e+00
