Data/DataNotYetUploadedToEDI/Raw_CTD/RawDownloads/112019_fcr50.cnv
* Sea-Bird SBE19plus  Data File:
* FileName = C:\DATA\112019_fcr_0006.hex
* Software version 2.8.0.119 SB_Terminal.dll
* Temperature SN = 7809
* Conductivity SN = 7809
* System UpLoad Time = Nov 20 2019 19:44:21
* <ApplicationData>
* <Seaterm232>
# nquan = 16
# nvalues = 430                         
# units = specified
# name 0 = depFM: Depth [fresh water, m]
# name 1 = dz/dtM: Descent Rate [m/s]
# name 2 = sbeox0ML/L: Oxygen, SBE 43 [ml/l]
# name 3 = sbeox0PS: Oxygen, SBE 43 [% saturation]
# name 4 = specc: Specific Conductance [uS/cm]
# name 5 = c0uS/cm: Conductivity [uS/cm]
# name 6 = flECO-AFL: Fluorescence, WET Labs ECO-AFL/FL [mg/m^3]
# name 7 = ph: pH
# name 8 = orp: Oxidation Reduction Potential [mV]
# name 9 = par/sat/log: PAR/Logarithmic, Satlantic
# name 10 = turbWETntu0: Turbidity, WET Labs ECO [NTU]
# name 11 = prdM: Pressure, Strain Gauge [db]
# name 12 = prdE: Pressure, Strain Gauge [psi]
# name 13 = tv290C: Temperature [ITS-90, deg C]
# name 14 = density00: Density [density, kg/m^3]
# name 15 = flag:  0.000e+00
# span 0 =     -0.428,      9.809       
# span 1 =     -0.020,      0.235       
# span 2 =     6.6867,     8.7528       
# span 3 =     80.982,    105.217       
# span 4 =     40.227,    335.335       
# span 5 =  26.565073, 222.751450       
# span 6 =    -2.0114,     4.2142       
# span 7 =      7.132,      8.727       
# span 8 =   260.6644,   295.1133       
# span 9 = 1.2363e-01, 1.3016e+03       
# span 10 =     6.2573,     8.9537      
# span 11 =     -0.448,      9.620      
# span 12 =     -0.650,     13.952      
# span 13 =     7.3782,    11.5332      
# span 14 =   999.5596,  1000.0240      
# span 15 = 0.0000e+00, 0.0000e+00      
# interval = seconds: 0.25
# start_time = Nov 20 2019 13:39:14 [Instrument's time stamp, header]
# bad_flag = -9.990e-29
*END*
[from data line 181]
      1.652      0.063     8.3085    100.154     41.067  26.984549     3.3528      7.749   278.4856 5.3216e+01     7.5222      1.623      2.353     7.8542   999.8831 0.0000e+00
      1.658      0.050     8.3067    100.251     41.029  26.959242     3.3674      7.749   278.6554 5.2310e+01     7.5236      1.625      2.358     7.8529   999.8832 0.0000e+00
      1.665      0.044     8.3097    100.296     40.999  26.938555     3.4126      7.749   278.8268 5.1413e+01     7.5711      1.630      2.365     7.8524   999.8833 0.0000e+00
      1.676      0.041     8.3194    100.299     40.979  26.924762     3.5171      7.749   278.9233 5.0207e+01     7.6382      1.644      2.384     7.8522   999.8834 0.0000e+00
      1.690      0.041     8.3285    100.269     40.970  26.919358     3.5824      7.748   278.8750 4.8740e+01     7.6794      1.658      2.405     7.8529   999.8834 0.0000e+00
      1.703      0.039     8.3398    100.218     40.996  26.936661     3.5862      7.747   278.7586 4.7610e+01     7.6758      1.669      2.421     7.8527   999.8834 0.0000e+00
      1.714      0.034     8.3415    100.177     41.006  26.943633     3.4674      7.747   278.7201 4.6818e+01     7.4638      1.682      2.439     7.8507   999.8836 0.0000e+00
      1.722      0.028     8.3426    100.148     40.998  26.940216     3.2389      7.747   278.6688 4.6057e+01     7.0497      1.689      2.450     7.8500   999.8837 0.0000e+00
      1.727      0.024     8.3399    100.137     41.022  26.958784     3.1205      7.747   278.6539 4.5552e+01     6.8306      1.694      2.457     7.8505   999.8837 0.0000e+00
      1.731      0.026     8.3334    100.127     41.046  26.977814     3.1107      7.747   278.7979 4.5232e+01     6.8135      1.698      2.463     7.8510   999.8837 0.0000e+00
      1.732      0.034     8.3313    100.107     41.048  26.979971     3.1041      7.744   278.9472 4.4755e+01     6.7773      1.698      2.463     7.8518   999.8836 0.0000e+00
      1.736      0.047     8.3271    100.078     41.058  26.984860     3.1438      7.739   279.1697 4.3896e+01     6.8526      1.699      2.464     7.8526   999.8836 0.0000e+00
      1.748      0.062     8.3273    100.057     41.043  26.973481     3.2272      7.732   279.5090 4.2364e+01     7.0678      1.710      2.479     7.8558   999.8835 0.0000e+00
      1.770      0.075     8.3251    100.063     41.040  26.969273     3.2713      7.725   279.6937 4.0354e+01     7.2164      1.735      2.516     7.8619   999.8833 0.0000e+00
      1.797      0.083     8.3232    100.083     41.087  26.997432     3.2698      7.720   279.6822 3.8458e+01     7.2403      1.762      2.557     7.8634   999.8833 0.0000e+00
      1.825      0.083     8.3210    100.064     41.088  26.996716     3.2344      7.717   279.5425 3.6739e+01     7.0615      1.788      2.595     7.8603   999.8836 0.0000e+00
      1.853      0.076     8.3183     99.999     41.033  26.960619     3.1734      7.716   279.4666 3.5179e+01     6.7255      1.819      2.639     7.8589   999.8838 0.0000e+00
      1.873      0.067     8.3199     99.949     41.003  26.941647     3.1476      7.715   279.5382 3.4329e+01     6.5543      1.842      2.672     7.8559   999.8841 0.0000e+00
      1.882      0.059     8.3243     99.925     41.027  26.957662     3.1654      7.715   279.8923 3.4216e+01     6.5651      1.848      2.680     7.8516   999.8844 0.0000e+00
      1.886      0.054     8.3248     99.912     41.037  26.963926     3.2060      7.714   280.3935 3.4036e+01     6.6918      1.848      2.680     7.8500   999.8845 0.0000e+00
      1.896      0.052     8.3148     99.920     41.023  26.953937     3.2572      7.712   280.5214 3.3279e+01     6.9060      1.856      2.691     7.8495   999.8845 0.0000e+00
      1.913      0.053     8.3113     99.935     41.038  26.963787     3.2815      7.710   280.4920 3.2219e+01     7.0244      1.876      2.720     7.8511   999.8845 0.0000e+00
      1.933      0.059     8.3104     99.954     41.026  26.956119     3.2833      7.709   280.5538 3.1274e+01     7.0747      1.896      2.750     7.8526   999.8846 0.0000e+00
      1.949      0.068     8.3074     99.965     40.979  26.924673     3.2872      7.707   280.6665 3.0684e+01     7.2517      1.914      2.776     7.8518   999.8847 0.0000e+00
      1.961      0.076     8.3105     99.968     40.947  26.900798     3.2858      7.704   280.8225 3.0220e+01     7.5262      1.923      2.789     7.8506   999.8848 0.0000e+00
      1.976      0.082     8.3104     99.975     40.983  26.921222     3.2841      7.701   280.9780 2.9336e+01     7.6741      1.932      2.804     7.8504   999.8849 0.0000e+00
      2.000      0.087     8.3128     99.985     41.078  26.981279     3.2840      7.699   281.2550 2.8109e+01     7.6966      1.960      2.843     7.8514   999.8849 0.0000e+00
      2.030      0.094     8.3141     99.994     41.097  26.992490     3.2662      7.697   281.5911 2.6865e+01     7.6009      1.991      2.887     7.8509   999.8851 0.0000e+00
      2.058      0.104     8.3138     99.994     41.002  26.929879     3.2343      7.693   281.8581 2.5836e+01     7.3693      2.021      2.930     7.8464   999.8855 0.0000e+00
      2.083      0.115     8.3167    100.007     40.902  26.858704     3.2188      7.687   282.1610 2.5081e+01     7.2561      2.045      2.966     7.8421   999.8859 0.0000e+00
      2.105      0.125     8.3169    100.028     40.887  26.829815     3.2259      7.682   282.4136 2.4218e+01     7.3135      2.063      2.991     7.8394   999.8862 0.0000e+00
      2.133      0.132     8.3197    100.006     40.932  26.834339     3.2337      7.677   282.3307 2.2941e+01     7.3428      2.086      3.025     7.8379   999.8864 0.0000e+00
      2.174      0.135     8.3178     99.933     40.985  26.849932     3.2523      7.675   282.1917 2.1381e+01     7.3148      2.129      3.088     7.8380   999.8865 0.0000e+00
      2.222      0.137     8.3183     99.850     40.967  26.827995     3.2947      7.673   282.3674 1.9952e+01     7.3354      2.182      3.165     7.8386   999.8867 0.0000e+00
      2.263      0.137     8.3287     99.789     40.883  26.759420     3.3307      7.670   282.5615 1.9013e+01     7.4279      2.225      3.227     7.8132   999.8884 0.0000e+00
      2.292      0.133     8.3345     99.707     40.869  26.718690     3.3404      7.667   282.6464 1.8448e+01     7.4832      2.250      3.263     7.7720   999.8909 0.0000e+00
      2.317      0.125     8.3322     99.561     40.937  26.716168     3.2906      7.665   282.7057 1.7841e+01     7.4150      2.270      3.293     7.7495   999.8923 0.0000e+00
      2.346      0.116     8.3246     99.378     41.025  26.728876     3.1967      7.663   282.7624 1.7089e+01     7.2906      2.299      3.336     7.7415   999.8929 0.0000e+00
      2.378      0.111     8.3228     99.197     41.100  26.745408     3.1497      7.662   282.8157 1.6346e+01     7.2247      2.333      3.384     7.7355   999.8933 0.0000e+00
      2.411      0.109     8.3271     99.056     41.100  26.725683     3.1559      7.660   282.7474 1.5720e+01     7.2407      2.365      3.432     7.6947   999.8958 0.0000e+00
      2.440      0.109     8.3260     98.954     41.051  26.680706     3.1676      7.658   282.7109 1.5308e+01     7.3855      2.395      3.474     7.6268   999.8997 0.0000e+00
      2.462      0.107     8.3227     98.862     41.013  26.645692     3.1611      7.654   282.8044 1.5006e+01     7.5991      2.413      3.500     7.5676   999.9030 0.0000e+00
      2.485      0.104     8.3138     98.797     40.988  26.619539     3.1469      7.652   282.9329 1.4557e+01     7.6929      2.433      3.529     7.5291   999.9053 0.0000e+00
      2.513      0.102     8.3058     98.768     40.999  26.618263     3.1519      7.651   283.1452 1.4002e+01     7.7000      2.465      3.576     7.5085   999.9065 0.0000e+00
      2.543      0.102     8.3027     98.752     41.029  26.630250     3.1950      7.650   283.3063 1.3539e+01     7.6855      2.496      3.620     7.4937   999.9074 0.0000e+00
      2.569      0.098     8.2954     98.739     41.050  26.637589     3.2523      7.650   283.1600 1.3150e+01     7.6487      2.520      3.654     7.4819   999.9082 0.0000e+00
      2.594      0.088     8.2920     98.716     41.065  26.643547     3.2728      7.649   282.9247 1.2757e+01     7.6491      2.543      3.689     7.4709   999.9088 0.0000e+00
      2.619      0.073     8.2934     98.672     41.059  26.638827     3.2690      7.649   282.9564 1.2384e+01     7.6570      2.569      3.726     7.4600   999.9095 0.0000e+00
      2.641      0.061     8.2937     98.637     41.063  26.643967     3.2847      7.647   283.1995 1.2151e+01     7.5470      2.594      3.762     7.4506   999.9102 0.0000e+00
      2.653      0.058     8.2944     98.614     41.054  26.642255     3.3147      7.643   283.5409 1.2161e+01     7.3357      2.606      3.780     7.4438   999.9106 0.0000e+00
      2.653      0.070     8.2947     98.563     41.016  26.618135     3.3294      7.638   283.9011 1.2279e+01     7.1988      2.603      3.775     7.4380   999.9109 0.0000e+00
      2.654      0.095     8.2898     98.478     41.005  26.606110     3.3407      7.633   284.1126 1.2185e+01     7.2024      2.597      3.766     7.4355   999.9110 0.0000e+00
      2.671      0.130     8.2851     98.365     41.043  26.623738     3.3479      7.628   284.1191 1.1656e+01     7.2486      2.609      3.784     7.4402   999.9108 0.0000e+00
      2.713      0.164     8.2845     98.226     41.080  26.640938     3.3295      7.626   284.0663 1.0755e+01     7.3313      2.652      3.847     7.4485   999.9106 0.0000e+00
      2.776      0.189     8.2791     98.121     41.062  26.623729     3.2997      7.627   283.9899 9.7095e+00     7.4497      2.719      3.943     7.4493   999.9109 0.0000e+00
      2.849      0.197     8.2733     98.079     41.042  26.605997     3.2747      7.628   283.8842 8.7601e+00     7.4670      2.796      4.055     7.4406   999.9117 0.0000e+00
      2.915      0.186     8.2670     98.068     41.063  26.616871     3.2690      7.629   283.8211 8.0940e+00     7.4091      2.866      4.157     7.4317   999.9125 0.0000e+00
      2.960      0.161     8.2538     98.083     41.083  26.628313     3.2998      7.630   283.7427 7.7140e+00     7.1757      2.910      4.220     7.4239   999.9131 0.0000e+00
      2.989      0.133     8.2452     98.147     41.066  26.617449     3.3353      7.630   283.8826 7.4661e+00     6.7421      2.934      4.255     7.4164   999.9136 0.0000e+00
      3.009      0.113     8.2451     98.250     41.057  26.612405     3.3425      7.627   284.3945 7.2499e+00     6.4923      2.951      4.280     7.4109   999.9140 0.0000e+00
      3.026      0.112     8.2448     98.350     41.085  26.630766     3.3530      7.621   284.8558 7.0437e+00     6.5152      2.967      4.302     7.4070   999.9143 0.0000e+00
      3.044      0.129     8.2452     98.421     41.114  26.649120     3.4878      7.616   284.9861 6.7973e+00     6.7239      2.982      4.325     7.4058   999.9144 0.0000e+00
      3.070      0.154     8.2506     98.470     41.107  26.643977     3.7247      7.613   284.9373 6.4279e+00     7.0496      3.002      4.355     7.4060   999.9145 0.0000e+00
      3.115      0.178     8.2611     98.501     41.089  26.632035     3.8407      7.612   284.8679 5.8772e+00     7.2087      3.045      4.415     7.4069   999.9146 0.0000e+00
      3.180      0.196     8.2700     98.511     41.088  26.631620     3.8245      7.611   284.8353 5.2529e+00     7.1732      3.118      4.521     7.4080   999.9149 0.0000e+00
      3.248      0.204     8.2755     98.483     41.099  26.638956     3.6591      7.610   284.8868 4.7742e+00     7.1119      3.192      4.630     7.4071   999.9154 0.0000e+00
      3.304      0.199     8.2801     98.439     41.127  26.657290     3.3746      7.610   284.9747 4.4444e+00     7.0570      3.242      4.702     7.4060   999.9157 0.0000e+00
      3.352      0.184     8.2820     98.412     41.137  26.662962     3.2290      7.609   285.0381 4.1537e+00     7.0349      3.288      4.767     7.4060   999.9159 0.0000e+00
      3.395      0.162     8.2845     98.392     41.108  26.644086     3.2167      7.608   285.1364 3.9265e+00     7.0079      3.333      4.834     7.4066   999.9161 0.0000e+00
      3.430      0.139     8.2806     98.361     41.070  26.619391     3.2259      7.608   285.2174 3.7584e+00     6.8615      3.365      4.881     7.4069   999.9162 0.0000e+00
      3.461      0.119     8.2757     98.322     41.068  26.618151     3.2704      7.608   285.2425 3.6063e+00     6.6412      3.395      4.924     7.4065   999.9164 0.0000e+00
      3.490      0.098     8.2742     98.295     41.084  26.629100     3.3216      7.608   285.2683 3.4823e+00     6.5069      3.425      4.968     7.4059   999.9166 0.0000e+00
      3.515      0.078     8.2733     98.260     41.075  26.624886     3.3422      7.608   285.2707 3.3741e+00     6.4830      3.449      5.002     7.4054   999.9167 0.0000e+00
      3.535      0.060     8.2709     98.198     41.081  26.630644     3.3453      7.608   285.3573 3.2938e+00     6.5495      3.469      5.033     7.4054   999.9168 0.0000e+00
      3.547      0.046     8.2660     98.129     41.086  26.635277     3.3423      7.607   285.5416 3.2653e+00     6.6231      3.481      5.050     7.4058   999.9168 0.0000e+00
      3.550      0.036     8.2650     98.082     41.056  26.617460     3.3403      7.607   285.6056 3.2585e+00     6.6190      3.482      5.049     7.4064   999.9168 0.0000e+00
      3.551      0.033     8.2623     98.047     41.036  26.605557     3.3393      7.609   285.6149 3.2440e+00     6.5981      3.481      5.048     7.4082   999.9167 0.0000e+00
      3.555      0.037     8.2559     98.015     41.056  26.618244     3.3378      7.610   285.7403 3.2030e+00     6.6001      3.484      5.054     7.4109   999.9166 0.0000e+00
      3.565      0.051     8.2478     97.990     41.097  26.643970     3.3913      7.609   286.0039 3.1320e+00     6.6431      3.493      5.067     7.4131   999.9165 0.0000e+00
      3.580      0.075     8.2448     97.962     41.127  26.662837     3.4843      7.604   286.3925 3.0505e+00     6.7576      3.510      5.091     7.4145   999.9165 0.0000e+00
      3.597      0.105     8.2421     97.927     41.118  26.656021     3.5254      7.597   286.6540 2.9609e+00     6.8370      3.527      5.115     7.4152   999.9165 0.0000e+00
      3.621      0.132     8.2387     97.891     41.071  26.624991     3.5247      7.592   286.6697 2.8267e+00     6.8164      3.545      5.142     7.4152   999.9166 0.0000e+00
      3.659      0.151     8.2374     97.876     41.041  26.604876     3.5365      7.591   286.5824 2.6225e+00     6.8363      3.580      5.192     7.4145   999.9169 0.0000e+00
      3.716      0.160     8.2353     97.903     41.038  26.603156     3.5635      7.591   286.4592 2.3836e+00     6.9136      3.641      5.281     7.4138   999.9172 0.0000e+00
      3.776      0.159     8.2327     97.969     41.039  26.604196     3.5826      7.592   286.3844 2.1913e+00     6.9651      3.709      5.380     7.4118   999.9176 0.0000e+00
      3.822      0.151     8.2292     98.050     41.061  26.617441     3.5856      7.592   286.4523 2.0855e+00     6.9996      3.755      5.445     7.4106   999.9179 0.0000e+00
      3.851      0.139     8.2271     98.135     41.091  26.636411     3.5472      7.592   286.5053 2.0323e+00     6.9703      3.779      5.481     7.4112   999.9180 0.0000e+00
      3.872      0.128     8.2288     98.206     41.103  26.643228     3.4828      7.591   286.5098 1.9869e+00     6.8733      3.797      5.506     7.4117   999.9180 0.0000e+00
      3.895      0.124     8.2362     98.251     41.093  26.636423     3.4657      7.589   286.5925 1.9075e+00     6.8096      3.817      5.534     7.4115   999.9181 0.0000e+00
      3.925      0.130     8.2426     98.251     41.065  26.617565     3.4879      7.586   286.6450 1.8064e+00     6.7902      3.845      5.577     7.4104   999.9183 0.0000e+00
