Data/DataNotYetUploadedToEDI/Raw_CTD/RawDownloads/112019_fcr30.cnv
* Sea-Bird SBE19plus  Data File:
* FileName = C:\DATA\112019_fcr_0003.hex
* Software version 2.8.0.119 SB_Terminal.dll
* Temperature SN = 7809
* Conductivity SN = 7809
* System UpLoad Time = Nov 20 2019 19:43:44
* <ApplicationData>
* <Seaterm232>
# nquan = 16
# nvalues = 229                         
# units = specified
# name 0 = depFM: Depth [fresh water, m]
# name 1 = dz/dtM: Descent Rate [m/s]
# name 2 = sbeox0ML/L: Oxygen, SBE 43 [ml/l]
# name 3 = sbeox0PS: Oxygen, SBE 43 [% saturation]
# name 4 = specc: Specific Conductance [uS/cm]
# name 5 = c0uS/cm: Conductivity [uS/cm]
# name 6 = flECO-AFL: Fluorescence, WET Labs ECO-AFL/FL [mg/m^3]
# name 7 = ph: pH
# name 8 = orp: Oxidation Reduction Potential [mV]
# name 9 = par/sat/log: PAR/Logarithmic, Satlantic
# name 10 = turbWETntu0: Turbidity, WET Labs ECO [NTU]
# name 11 = prdM: Pressure, Strain Gauge [db]
# name 12 = prdE: Pressure, Strain Gauge [psi]
# name 13 = tv290C: Temperature [ITS-90, deg C]
# name 14 = density00: Density [density, kg/m^3]
# name 15 = flag:  0.000e+00
# span 0 =     -0.562,      5.482       
# span 1 =     -0.045,      0.291       
# span 2 =     6.7205,     8.4090       
# span 3 =     80.309,     99.683       
# span 4 =     17.449,     41.398       
# span 5 =  11.578991,  26.917035       
# span 6 =     1.4154,     6.3030       
# span 7 =      7.408,      8.382       
# span 8 =   281.3769,   484.9479       
# span 9 = 1.2999e-01, 1.7380e+03       
# span 10 =    -6.2501,     7.8734      
# span 11 =     -0.552,      5.377      
# span 12 =     -0.800,      7.798      
# span 13 =     7.2922,     8.3205      
# span 14 =   999.8315,   999.9317      
# span 15 = 0.0000e+00, 0.0000e+00      
# interval = seconds: 0.25
# start_time = Nov 20 2019 11:46:26 [Instrument's time stamp, header]
# bad_flag = -9.990e-29
*END*
     -0.562      0.036     7.9108     96.166     17.449  11.578991     6.1974      7.408   484.9479 2.4361e+02    -6.2501     -0.551     -0.800     8.3160   999.8316 0.0000e+00
     -0.561      0.072     7.9089     96.197     30.834  20.390299     6.3030      7.686   324.3206 2.5338e+02    -6.2399     -0.551     -0.799     8.3181   999.8315 0.0000e+00
     -0.553      0.118     7.9065     96.227     38.324  25.241274     5.9460      7.913   305.9171 3.0708e+02    -3.5608     -0.552     -0.800     8.3162   999.8315 0.0000e+00
     -0.522      0.168     7.9059     96.238     40.440  26.532617     4.9416      8.076   301.7516 4.2588e+02     1.4336     -0.524     -0.760     8.3205   999.8316 0.0000e+00
     -0.461      0.211     7.9150     96.258     40.789  26.678301     3.8609      8.191   299.7680 5.7068e+02     4.1689     -0.456     -0.662     8.2760   999.8393 0.0000e+00
     -0.383      0.236     7.9490     96.289     40.898  26.685421     3.4039      8.274   298.8825 6.6585e+02     4.4401     -0.378     -0.548     8.1111   999.8556 0.0000e+00
     -0.301      0.240     7.9895     96.332     40.964  26.682087     3.3173      8.329   298.2734 6.3783e+02     4.5165     -0.295     -0.428     7.9275   999.8694 0.0000e+00
     -0.225      0.225     8.0136     96.424     41.042  26.701386     2.8318      8.361   297.0490 7.2422e+02     5.0270     -0.214     -0.310     7.7943   999.8776 0.0000e+00
     -0.169      0.198     8.0361     96.598     41.115  26.728401     1.9462      8.377   292.7686 1.1421e+03     5.9586     -0.155     -0.224     7.6933   999.8836 0.0000e+00
     -0.135      0.168     8.0544     96.855     41.175  26.754925     1.4619      8.382   286.0974 1.5356e+03     6.4740     -0.129     -0.186     7.6160   999.8881 0.0000e+00
     -0.111      0.141     8.0676     97.189     41.205  26.768295     1.4154      8.378   282.4665 1.6935e+03     6.5057     -0.113     -0.163     7.5587   999.8913 0.0000e+00
     -0.081      0.124     8.0814     97.602     41.202  26.763157     1.4264      8.367   281.7347 1.7380e+03     6.5383     -0.081     -0.117     7.5231   999.8934 0.0000e+00
     -0.049      0.116     8.1005     98.034     41.194  26.756247     1.4565      8.352   281.3789 1.7162e+03     6.6396     -0.044     -0.066     7.4995   999.8948 0.0000e+00
     -0.020      0.111     8.1262     98.436     41.182  26.748183     1.4850      8.336   281.4341 1.6547e+03     6.6816     -0.022     -0.031     7.4849   999.8958 0.0000e+00
      0.010      0.102     8.1537     98.756     41.150  26.729099     1.5020      8.320   281.5414 1.4921e+03     6.6856      0.009      0.013     7.4785   999.8962 0.0000e+00
      0.042      0.088     8.1914     98.714     41.128  26.715842     1.4971      8.307   281.4727 1.3149e+03     6.7208      0.045      0.065     7.4765   999.8965 0.0000e+00
      0.066      0.070     8.2315     98.224     41.128  26.714792     1.4859      8.296   281.3769 1.1309e+03     6.7472      0.069      0.100     7.4741   999.8968 0.0000e+00
      0.081      0.051     8.2610     97.660     41.136  26.716399     1.4881      8.286   281.4154 8.4115e+02     6.7092      0.083      0.119     7.4733   999.8969 0.0000e+00
      0.086      0.033     8.3004     97.181     41.172  26.735265     1.4896      8.277   281.5943 7.0680e+02     6.6557      0.085      0.124     7.4757   999.8967 0.0000e+00
      0.088      0.018     8.3060     96.658     41.207  26.752568     1.4958      8.269   281.7340 7.4990e+02     6.6570      0.086      0.125     7.4783   999.8966 0.0000e+00
      0.089      0.008     8.2411     96.044     41.188  26.735265     1.5196      8.262   281.8133 7.8978e+02     6.6918      0.087      0.127     7.4770   999.8967 0.0000e+00
      0.090      0.006     8.1929     95.342     41.165  26.716387     1.5425      8.256   281.9508 9.1735e+02     6.7487      0.089      0.129     7.4721   999.8969 0.0000e+00
      0.089      0.009     8.1625     94.565     41.168  26.714639     1.5480      8.248   282.1053 1.0068e+03     6.7877      0.088      0.127     7.4657   999.8973 0.0000e+00
      0.087      0.015     8.1185     93.741     41.171  26.714129     1.5429      8.239   282.2188 9.2926e+02     6.7704      0.084      0.121     7.4590   999.8977 0.0000e+00
      0.091      0.024     8.0686     92.820     41.166  26.710215     1.5579      8.229   282.3769 1.0266e+03     6.8344      0.086      0.125     7.4532   999.8979 0.0000e+00
      0.101      0.039     8.0106     91.758     41.199  26.730758     1.5909      8.217   282.6401 1.1048e+03     7.0379      0.099      0.144     7.4484   999.8982 0.0000e+00
      0.112      0.055     7.9443     90.721     41.264  26.772180     1.6119      8.202   282.9062 1.0021e+03     7.1649      0.111      0.161     7.4441   999.8985 0.0000e+00
      0.124      0.065     7.8763     89.845     41.256  26.766927     1.6220      8.187   283.0989 9.5648e+02     7.1582      0.116      0.170     7.4412   999.8987 0.0000e+00
      0.145      0.069     7.8060     89.131     41.200  26.730695     1.6179      8.175   283.3363 7.9416e+02     7.0876      0.136      0.198     7.4398   999.8989 0.0000e+00
      0.174      0.065     7.7063     88.565     41.175  26.714773     1.6047      8.165   283.6254 6.8752e+02     6.9993      0.175      0.253     7.4385   999.8992 0.0000e+00
      0.198      0.057     7.6160     88.150     41.156  26.701301     1.6101      8.156   283.8404 6.7461e+02     6.9754      0.199      0.288     7.4376   999.8994 0.0000e+00
      0.211      0.044     7.5437     87.828     41.150  26.694686     1.6223      8.148   284.0429 5.8755e+02     6.9624      0.208      0.302     7.4379   999.8994 0.0000e+00
      0.216      0.028     7.4840     87.508     41.161  26.698240     1.6141      8.139   284.2677 5.9823e+02     6.8102      0.214      0.310     7.4387   999.8993 0.0000e+00
      0.216      0.013     7.4358     87.194     41.141  26.680822     1.5979      8.129   284.4927 6.7423e+02     6.5762      0.212      0.308     7.4391   999.8993 0.0000e+00
      0.215      0.003     7.4015     86.870     41.139  26.674416     1.5991      8.119   284.6986 6.4411e+02     6.4933      0.210      0.305     7.4382   999.8993 0.0000e+00
      0.213     -0.002     7.3818     86.537     41.161  26.684230     1.6112      8.110   284.7785 5.7716e+02     6.4955      0.209      0.304     7.4353   999.8994 0.0000e+00
      0.212     -0.003     7.3516     86.271     41.148  26.672589     1.6150      8.102   284.7701 5.7432e+02     6.5045      0.208      0.302     7.4299   999.8998 0.0000e+00
      0.212     -0.003     7.3287     86.110     41.133  26.660554     1.6101      8.096   284.8554 5.8322e+02     6.6030      0.208      0.301     7.4238   999.9000 0.0000e+00
      0.211     -0.002     7.3035     86.059     41.143  26.665596     1.6033      8.090   285.0357 5.9896e+02     6.7030      0.207      0.300     7.4176   999.9003 0.0000e+00
      0.210     -0.002     7.2720     86.147     41.151  26.670116     1.6019      8.084   285.1433 6.4298e+02     6.7298      0.206      0.299     7.4123   999.9007 0.0000e+00
      0.209     -0.003     7.2499     86.382     41.123  26.651755     1.6027      8.078   285.2104 6.4048e+02     6.6975      0.204      0.297     7.4085   999.9008 0.0000e+00
      0.210     -0.005     7.2372     86.712     41.095  26.633927     1.5953      8.073   285.4162 5.8589e+02     6.6412      0.205      0.298     7.4059   999.9009 0.0000e+00
      0.211     -0.006     7.2322     87.094     41.112  26.644895     1.5988      8.067   285.7383 5.8083e+02     6.6386      0.210      0.304     7.4040   999.9011 0.0000e+00
      0.208     -0.006     7.2384     87.489     41.132  26.657480     1.6115      8.059   286.0087 5.8528e+02     6.6991      0.207      0.299     7.4027   999.9011 0.0000e+00
      0.202     -0.005     7.2615     87.863     41.136  26.659191     1.6013      8.049   286.1905 5.7061e+02     6.7166      0.196      0.284     7.4030   999.9011 0.0000e+00
      0.198     -0.003     7.2894     88.182     41.146  26.665587     1.5875      8.041   286.3869 5.6473e+02     6.6865      0.192      0.277     7.4042   999.9009 0.0000e+00
      0.200      0.000     7.3228     88.407     41.155  26.671364     1.5922      8.033   286.6625 5.6815e+02     6.6632      0.195      0.283     7.4038   999.9010 0.0000e+00
      0.203      0.004     7.3579     88.552     41.147  26.665596     1.5978      8.024   286.9411 6.1650e+02     6.6639      0.199      0.289     7.4026   999.9011 0.0000e+00
      0.206      0.006     7.3890     88.652     41.137  26.659295     1.6028      8.015   287.0023 6.5544e+02     6.6953      0.202      0.292     7.4021   999.9011 0.0000e+00
      0.208      0.006     7.4190     88.701     41.137  26.658623     1.6094      8.008   287.0588 6.3260e+02     6.7148      0.204      0.295     7.4018   999.9012 0.0000e+00
      0.210      0.004     7.4362     88.699     41.135  26.657469     1.6088      8.000   287.2803 5.9826e+02     6.7361      0.206      0.298     7.4016   999.9012 0.0000e+00
      0.210     -0.000     7.4472     88.682     41.117  26.645349     1.6124      7.994   287.3572 6.6830e+02     6.7562      0.206      0.299     7.4014   999.9012 0.0000e+00
      0.210     -0.004     7.4561     88.654     41.107  26.638962     1.6094      7.988   287.2998 7.6503e+02     6.7610      0.206      0.299     7.4011   999.9012 0.0000e+00
      0.209     -0.009     7.4612     88.583     41.115  26.643692     1.5812      7.980   287.2756 7.0732e+02     6.7617      0.205      0.298     7.4007   999.9012 0.0000e+00
      0.206     -0.013     7.4589     88.478     41.109  26.639087     1.5493      7.974   287.3224 6.0890e+02     6.7312      0.202      0.293     7.4006   999.9012 0.0000e+00
      0.202     -0.017     7.4570     88.339     41.121  26.646737     1.5363      7.969   287.4349 6.0581e+02     6.7210      0.199      0.287     7.4004   999.9012 0.0000e+00
      0.196     -0.020     7.4575     88.142     41.161  26.672738     1.5443      7.964   287.6042 6.3522e+02     6.7687      0.193      0.280     7.3997   999.9012 0.0000e+00
      0.188     -0.025     7.4499     87.912     41.201  26.699685     1.5506      7.959   287.7343 6.1849e+02     6.7833      0.184      0.267     7.3991   999.9012 0.0000e+00
      0.182     -0.031     7.4411     87.697     41.227  26.718775     1.5433      7.953   287.7166 5.8236e+02     6.7341      0.178      0.257     7.3988   999.9012 0.0000e+00
      0.178     -0.037     7.4310     87.486     41.215  26.713228     1.5338      7.946   287.6485 5.3113e+02     6.6983      0.176      0.255     7.3984   999.9012 0.0000e+00
      0.171     -0.042     7.4139     87.269     41.186  26.696061     1.5314      7.941   287.5995 5.3629e+02     6.6779      0.172      0.249     7.3985   999.9012 0.0000e+00
      0.156     -0.045     7.3911     87.069     41.193  26.701543     1.5400      7.935   287.6406 6.4772e+02     6.7504      0.154      0.224     7.4001   999.9010 0.0000e+00
      0.137     -0.045     7.3744     86.890     41.214  26.716068     1.5429      7.929   287.8873 6.9942e+02     6.9185      0.132      0.193     7.4030   999.9008 0.0000e+00
      0.122     -0.042     7.3563     86.731     41.256  26.744794     1.5319      7.920   288.2584 6.5719e+02     6.9744      0.119      0.172     7.4058   999.9006 0.0000e+00
      0.112     -0.035     7.3364     86.601     41.331  26.795085     1.5284      7.908   288.6865 6.1486e+02     6.9673      0.109      0.159     7.4074   999.9004 0.0000e+00
      0.106     -0.025     7.3197     86.486     41.361  26.816580     1.5526      7.893   289.0193 6.1485e+02     7.0622      0.103      0.150     7.4081   999.9004 0.0000e+00
      0.102     -0.014     7.3047     86.340     41.356  26.814359     1.5899      7.879   289.0134 6.4541e+02     7.1707      0.100      0.146     7.4090   999.9003 0.0000e+00
      0.100     -0.006     7.2905     86.139     41.378  26.831673     1.6061      7.865   288.7879 5.6770e+02     7.1648      0.098      0.142     7.4110   999.9002 0.0000e+00
      0.100     -0.002     7.2789     85.885     41.373  26.835584     1.6018      7.853   288.6159 3.9623e+02     7.1224      0.097      0.140     7.4134   999.9001 0.0000e+00
      0.103     -0.001     7.2717     85.589     41.302  26.798220     1.5987      7.843   288.6541 2.8989e+02     7.1492      0.100      0.145     7.4154   999.9000 0.0000e+00
      0.107     -0.002     7.2589     85.220     41.235  26.760581     1.6120      7.834   288.8190 2.6613e+02     7.1284      0.106      0.153     7.4167   999.9000 0.0000e+00
      0.108     -0.002     7.2424     84.758     41.233  26.761175     1.6408      7.825   288.8886 3.0703e+02     7.0021      0.108      0.157     7.4186   999.8999 0.0000e+00
      0.103     -0.002     7.2177     84.239     41.302  26.805401     1.6615      7.818   288.8940 3.7563e+02     6.9334      0.102      0.147     7.4278   999.8994 0.0000e+00
      0.097     -0.001     7.1921     83.699     41.373  26.851200     1.6630      7.810   288.8848 4.5093e+02     6.9532      0.093      0.134     7.4418   999.8986 0.0000e+00
      0.096      0.001     7.1614     83.172     41.398  26.870810     1.6584      7.800   288.8628 4.8556e+02     7.0120      0.092      0.133     7.4493   999.8982 0.0000e+00
      0.099      0.006     7.1196     82.677     41.353  26.852160     1.6578      7.791   288.8862 4.0215e+02     7.0870      0.097      0.140     7.4493   999.8982 0.0000e+00
      0.104      0.014     7.0770     82.232     41.276  26.816059     1.6553      7.782   288.9965 3.4363e+02     7.1392      0.102      0.148     7.4483   999.8983 0.0000e+00
      0.108      0.023     7.0287     81.819     41.262  26.815002     1.6547      7.774   289.0768 3.6608e+02     7.1842      0.106      0.153     7.4488   999.8983 0.0000e+00
      0.112      0.030     6.9854     81.446     41.293  26.839384     1.6851      7.767   288.9099 3.7214e+02     7.2052      0.108      0.156     7.4486   999.8984 0.0000e+00
      0.119      0.035     6.9394     81.140     41.313  26.857089     1.7366      7.760   288.6999 4.0867e+02     7.1967      0.113      0.164     7.4622   999.8977 0.0000e+00
      0.133      0.038     6.8995     80.849     41.277  26.838736     1.7663      7.754   288.6888 4.4813e+02     7.2125      0.128      0.186     7.4870   999.8964 0.0000e+00
      0.148      0.038     6.8643     80.576     41.229  26.807828     1.7748      7.750   288.7755 4.4926e+02     7.2325      0.147      0.213     7.4945   999.8961 0.0000e+00
      0.160      0.037     6.8288     80.388     41.224  26.800608     1.7888      7.745   288.8015 4.6952e+02     7.1099      0.160      0.230     7.4943   999.8962 0.0000e+00
      0.167      0.032     6.8070     80.309     41.252  26.814876     1.8044      7.741   288.7450 4.8012e+02     6.8452      0.163      0.236     7.5031   999.8957 0.0000e+00
      0.172      0.025     6.7800     80.350     41.313  26.853443     1.8078      7.737   288.8680 5.2527e+02     6.6861      0.167      0.244     7.5113   999.8953 0.0000e+00
      0.178      0.017     6.7543     80.548     41.363  26.886249     1.8030      7.733   289.1695 5.8461e+02     6.6937      0.175      0.254     7.5106   999.8953 0.0000e+00
      0.183      0.012     6.7394     80.901     41.376  26.894305     1.8076      7.727   289.2939 5.1786e+02     6.8385      0.181      0.262     7.5038   999.8958 0.0000e+00
      0.185      0.008     6.7342     81.353     41.366  26.887405     1.8295      7.719   289.2533 4.7109e+02     7.0934      0.183      0.265     7.4986   999.8960 0.0000e+00
      0.183      0.005     6.7356     81.852     41.334  26.866260     1.8418      7.710   289.3660 4.7611e+02     7.2190      0.180      0.260     7.4976   999.8961 0.0000e+00
      0.182      0.007     6.7515     82.310     41.277  26.828980     1.8348      7.703   289.7104 3.9626e+02     7.1776      0.178      0.258     7.4983   999.8961 0.0000e+00
