Data/DataNotYetUploadedToEDI/Raw_CTD/RawDownloads/112019_fcr50.cnv
* Sea-Bird SBE19plus  Data File:
* FileName = C:\DATA\112019_fcr_0006.hex
* Software version 2.8.0.119 SB_Terminal.dll
* Temperature SN = 7809
* Conductivity SN = 7809
* System UpLoad Time = Nov 20 2019 19:44:21
* <ApplicationData>
* <Seaterm232>
# nquan = 16
# nvalues = 430                         
# units = specified
# name 0 = depFM: Depth [fresh water, m]
# name 1 = dz/dtM: Descent Rate [m/s]
# name 2 = sbeox0ML/L: Oxygen, SBE 43 [ml/l]
# name 3 = sbeox0PS: Oxygen, SBE 43 [% saturation]
# name 4 = specc: Specific Conductance [uS/cm]
# name 5 = c0uS/cm: Conductivity [uS/cm]
# name 6 = flECO-AFL: Fluorescence, WET Labs ECO-AFL/FL [mg/m^3]
# name 7 = ph: pH
# name 8 = orp: Oxidation Reduction Potential [mV]
# name 9 = par/sat/log: PAR/Logarithmic, Satlantic
# name 10 = turbWETntu0: Turbidity, WET Labs ECO [NTU]
# name 11 = prdM: Pressure, Strain Gauge [db]
# name 12 = prdE: Pressure, Strain Gauge [psi]
# name 13 = tv290C: Temperature [ITS-90, deg C]
# name 14 = density00: Density [density, kg/m^3]
# name 15 = flag:  0.000e+00
# span 0 =     -0.428,      9.809       
# span 1 =     -0.020,      0.235       
# span 2 =     6.6867,     8.7528       
# span 3 =     80.982,    105.217       
# span 4 =     40.227,    335.335       
# span 5 =  26.565073, 222.751450       
# span 6 =    -2.0114,     4.2142       
# span 7 =      7.132,      8.727       
# span 8 =   260.6644,   295.1133       
# span 9 = 1.2363e-01, 1.3016e+03       
# span 10 =     6.2573,     8.9537      
# span 11 =     -0.448,      9.620      
# span 12 =     -0.650,     13.952      
# span 13 =     7.3782,    11.5332      
# span 14 =   999.5596,  1000.0240      
# span 15 = 0.0000e+00, 0.0000e+00      
# interval = seconds: 0.25
# start_time = Nov 20 2019 13:39:14 [Instrument's time stamp, header]
# bad_flag = -9.990e-29
*END*
[from data line 272]
      4.002      0.150     8.2574     98.146     41.069  26.618144     3.4340      7.585   287.1009 1.6140e+00     6.8893      3.924      5.691     7.4090   999.9188 0.0000e+00
      4.046      0.155     8.2612     98.116     41.108  26.642840     3.3442      7.584   287.2609 1.5149e+00     7.1551      3.966      5.753     7.4086   999.9190 0.0000e+00
      4.091      0.153     8.2634     98.094     41.121  26.650370     3.2983      7.582   287.1869 1.4318e+00     7.2971      4.013      5.821     7.4077   999.9193 0.0000e+00
      4.131      0.147     8.2560     98.088     41.115  26.645754     3.2958      7.581   286.8944 1.3659e+00     7.2948      4.054      5.881     7.4063   999.9196 0.0000e+00
      4.165      0.139     8.2512     98.116     41.123  26.650474     3.3136      7.581   286.7354 1.3128e+00     7.1602      4.084      5.925     7.4049   999.9198 0.0000e+00
      4.198      0.132     8.2500     98.155     41.114  26.643989     3.3316      7.581   286.9848 1.2529e+00     6.9150      4.117      5.971     7.4040   999.9200 0.0000e+00
      4.230      0.127     8.2482     98.177     41.095  26.630780     3.3326      7.580   287.3292 1.1945e+00     6.7876      4.152      6.020     7.4033   999.9202 0.0000e+00
      4.259      0.126     8.2463     98.164     41.076  26.617657     3.3416      7.579   287.4574 1.1378e+00     6.7662      4.177      6.058     7.4023   999.9204 0.0000e+00
      4.287      0.124     8.2500     98.104     41.068  26.612209     3.4237      7.578   287.3306 1.0775e+00     6.7878      4.201      6.094     7.4017   999.9205 0.0000e+00
      4.321      0.121     8.2548     98.038     41.094  26.628351     3.5533      7.578   287.1721 1.0090e+00     6.8846      4.235      6.143     7.4011   999.9207 0.0000e+00
      4.359      0.121     8.2562     97.959     41.085  26.622487     3.6173      7.577   287.2623 9.4943e-01     6.9538      4.276      6.202     7.4000   999.9210 0.0000e+00
      4.392      0.124     8.2578     97.855     41.058  26.604754     3.6342      7.575   287.5606 9.2271e-01     6.9688      4.310      6.253     7.3988   999.9212 0.0000e+00
      4.417      0.131     8.2493     97.773     41.058  26.604281     3.6710      7.572   287.8526 8.9471e-01     7.0328      4.331      6.282     7.3978   999.9213 0.0000e+00
      4.441      0.140     8.2449     97.723     41.079  26.616771     3.7153      7.570   288.0401 8.5166e-01     7.1388      4.351      6.312     7.3974   999.9215 0.0000e+00
      4.474      0.150     8.2403     97.700     41.099  26.628874     3.7450      7.567   288.1073 8.0866e-01     7.2013      4.384      6.359     7.3971   999.9216 0.0000e+00
      4.518      0.159     8.2277     97.700     41.092  26.623733     3.7605      7.565   288.1492 7.5610e-01     7.2318      4.428      6.422     7.3972   999.9218 0.0000e+00
      4.569      0.166     8.2219     97.693     41.085  26.618051     3.7122      7.565   288.2882 6.9080e-01     7.2443      4.480      6.498     7.3971   999.9221 0.0000e+00
      4.621      0.167     8.2180     97.659     41.095  26.623610     3.6028      7.564   288.4105 6.3342e-01     7.2226      4.534      6.576     7.3958   999.9224 0.0000e+00
      4.665      0.163     8.2158     97.638     41.102  26.627503     3.5310      7.564   288.4238 6.0331e-01     7.1990      4.581      6.643     7.3943   999.9227 0.0000e+00
      4.700      0.155     8.2173     97.643     41.062  26.601673     3.5118      7.565   288.3629 5.7896e-01     7.2209      4.610      6.686     7.3931   999.9229 0.0000e+00
      4.733      0.146     8.2186     97.663     41.006  26.565073     3.5087      7.565   288.2768 5.3706e-01     7.2246      4.637      6.726     7.3919   999.9231 0.0000e+00
      4.769      0.140     8.2136     97.713     41.007  26.565640     3.4852      7.566   288.3288 5.0106e-01     7.1130      4.677      6.784     7.3909   999.9234 0.0000e+00
      4.806      0.136     8.2108     97.766     41.074  26.608532     3.4350      7.566   288.5622 4.8834e-01     6.9854      4.715      6.837     7.3906   999.9236 0.0000e+00
      4.840      0.136     8.2138     97.807     41.123  26.639563     3.3966      7.565   288.8619 4.7343e-01     6.9589      4.745      6.882     7.3902   999.9237 0.0000e+00
      4.875      0.137     8.2126     97.856     41.099  26.623621     3.3935      7.563   289.1130 4.4134e-01     6.9895      4.781      6.935     7.3898   999.9239 0.0000e+00
      4.909      0.139     8.2193     97.880     41.073  26.606107     3.4234      7.561   289.1880 4.0608e-01     6.9955      4.816      6.986     7.3900   999.9241 0.0000e+00
      4.941      0.139     8.2246     97.862     41.092  26.618135     3.4546      7.559   289.1672 3.8086e-01     6.9664      4.843      7.024     7.3895   999.9242 0.0000e+00
      4.977      0.137     8.2255     97.829     41.129  26.642152     3.4674      7.558   289.2056 3.6081e-01     6.9648      4.877      7.075     7.3885   999.9245 0.0000e+00
      5.017      0.132     8.2329     97.814     41.129  26.642720     3.4747      7.558   289.2221 3.3404e-01     6.9765      4.921      7.137     7.3876   999.9247 0.0000e+00
      5.056      0.127     8.2351     97.816     41.101  26.625005     3.4651      7.558   289.1941 3.0709e-01     6.9767      4.960      7.194     7.3866   999.9250 0.0000e+00
      5.089      0.123     8.2329     97.814     41.090  26.618294     3.4294      7.558   289.2122 2.9361e-01     7.0002      4.995      7.243     7.3863   999.9252 0.0000e+00
      5.113      0.119     8.2282     97.800     41.101  26.625015     3.3983      7.558   289.2689 2.8749e-01     6.9987      5.016      7.274     7.3870   999.9252 0.0000e+00
      5.134      0.115     8.2274     97.797     41.129  26.642834     3.3913      7.557   289.3634 2.8377e-01     6.9573      5.031      7.297     7.3878   999.9253 0.0000e+00
      5.163      0.115     8.2283     97.820     41.130  26.643400     3.3976      7.557   289.4076 2.7666e-01     6.9593      5.061      7.340     7.3881   999.9254 0.0000e+00
      5.198      0.120     8.2282     97.840     41.112  26.631855     3.3961      7.557   289.3732 2.5528e-01     6.9903      5.098      7.395     7.3885   999.9256 0.0000e+00
      5.230      0.129     8.2266     97.855     41.110  26.630135     3.3906      7.555   289.4638 2.3490e-01     6.9715      5.130      7.440     7.3884   999.9257 0.0000e+00
      5.260      0.138     8.2245     97.883     41.098  26.622604     3.3918      7.553   289.6429 2.2384e-01     6.9616      5.157      7.479     7.3881   999.9259 0.0000e+00
      5.294      0.145     8.2293     97.928     41.070  26.604245     3.4017      7.551   289.8181 2.0578e-01     7.1657      5.189      7.526     7.3877   999.9261 0.0000e+00
      5.333      0.150     8.2302     97.991     41.061  26.598485     3.4157      7.549   289.9476 1.8168e-01     7.5380      5.229      7.585     7.3873   999.9262 0.0000e+00
      5.375      0.154     8.2308     98.065     41.088  26.616412     3.4134      7.546   289.9176 1.6182e-01     7.7272      5.272      7.646     7.3873   999.9264 0.0000e+00
      5.418      0.153     8.2334     98.138     41.110  26.630660     3.4001      7.545   289.8005 1.4338e-01     7.7161      5.313      7.706     7.3874   999.9266 0.0000e+00
      5.460      0.147     8.2371     98.216     41.130  26.643869     3.3934      7.545   289.7350 1.3220e-01     7.6994      5.354      7.765     7.3871   999.9268 0.0000e+00
      5.500      0.139     8.2423     98.288     41.139  26.649230     3.4094      7.545   289.9008 1.3520e-01     7.5570      5.395      7.824     7.3873   999.9270 0.0000e+00
      5.535      0.137     8.2494     98.342     41.113  26.632030     3.4466      7.543   290.2554 1.3884e-01     7.2729      5.432      7.878     7.3880   999.9271 0.0000e+00
      5.560      0.142     8.2548     98.392     41.106  26.626245     3.4616      7.539   290.5810 1.3277e-01     7.0819      5.455      7.911     7.3879   999.9273 0.0000e+00
      5.583      0.156     8.2616     98.442     41.132  26.642721     3.4524      7.536   290.8274 1.2584e-01     7.0176      5.470      7.934     7.3878   999.9274 0.0000e+00
      5.618      0.174     8.2690     98.472     41.129  26.640896     3.4827      7.536   290.9114 1.2386e-01     7.1838      5.503      7.980     7.3878   999.9276 0.0000e+00
      5.670      0.195     8.2722     98.457     41.073  26.604182     3.5510      7.534   290.8223 1.2367e-01     7.5184      5.556      8.059     7.3869   999.9279 0.0000e+00
      5.734      0.215     8.2771     98.397     41.036  26.579485     3.5849      7.532   290.7818 1.2363e-01     7.6557      5.624      8.157     7.3855   999.9282 0.0000e+00
      5.798      0.229     8.2815     98.315     41.063  26.596055     3.5804      7.530   290.9382 1.2367e-01     7.6308      5.689      8.250     7.3851   999.9286 0.0000e+00
      5.859      0.234     8.2855     98.226     41.092  26.614198     3.5740      7.528   291.1644 1.2372e-01     7.4801      5.745      8.332     7.3858   999.9288 0.0000e+00
      5.920      0.231     8.2839     98.126     41.083  26.608515     3.5772      7.527   291.2798 1.2371e-01     7.2092      5.806      8.421     7.3853   999.9291 0.0000e+00
      5.980      0.223     8.2786     98.015     41.057  26.590793     3.5847      7.526   291.3011 1.2370e-01     7.0431      5.868      8.511     7.3837   999.9295 0.0000e+00
      6.035      0.214     8.2707     97.910     41.056  26.590244     3.5867      7.527   291.3366 1.2365e-01     6.9797      5.918      8.582     7.3824   999.9298 0.0000e+00
      6.089      0.207     8.2643     97.827     41.074  26.601875     3.5747      7.527   291.4499 1.2367e-01     7.0983      5.969      8.658     7.3822   999.9301 0.0000e+00
      6.141      0.204     8.2558     97.769     41.079  26.604540     3.5529      7.524   291.6384 1.2379e-01     7.3955      6.025      8.739     7.3818   999.9304 0.0000e+00
      6.187      0.207     8.2460     97.735     41.107  26.622463     3.5397      7.521   291.8958 1.2385e-01     7.5240      6.069      8.802     7.3809   999.9306 0.0000e+00
      6.232      0.213     8.2369     97.738     41.116  26.628239     3.5366      7.520   292.0670 1.2384e-01     7.4725      6.108      8.859     7.3807   999.9308 0.0000e+00
      6.286      0.219     8.2291     97.770     41.089  26.610937     3.5151      7.519   291.9875 1.2381e-01     7.3301      6.159      8.933     7.3806   999.9311 0.0000e+00
      6.349      0.220     8.2257     97.830     41.078  26.603596     3.4790      7.518   291.8810 1.2374e-01     7.1465      6.225      9.028     7.3803   999.9314 0.0000e+00
      6.414      0.215     8.2209     97.915     41.077  26.602934     3.4733      7.518   291.8971 1.2367e-01     7.0878      6.292      9.124     7.3801   999.9318 0.0000e+00
      6.475      0.202     8.2226     97.996     41.077  26.602926     3.4718      7.518   292.0099 1.2367e-01     7.0467      6.352      9.211     7.3799   999.9321 0.0000e+00
      6.530      0.188     8.2251     98.041     41.078  26.603493     3.4617      7.518   292.2126 1.2366e-01     6.9773      6.409      9.294     7.3797   999.9324 0.0000e+00
      6.571      0.178     8.2299     98.041     41.088  26.609784     3.5324      7.517   292.2835 1.2366e-01     6.9693      6.450      9.356     7.3796   999.9326 0.0000e+00
      6.600      0.175     8.2381     98.013     41.097  26.615553     3.6670      7.515   292.1789 1.2372e-01     6.9824      6.472      9.387     7.3798   999.9327 0.0000e+00
      6.630      0.178     8.2459     97.978     41.089  26.609794     3.7459      7.514   292.1529 1.2376e-01     7.0053      6.494      9.417     7.3800   999.9327 0.0000e+00
      6.676      0.184     8.2503     97.948     41.080  26.603606     3.7584      7.514   292.2259 1.2376e-01     7.0165      6.541      9.486     7.3800   999.9330 0.0000e+00
      6.737      0.193     8.2494     97.907     41.081  26.604174     3.6799      7.514   292.3743 1.2375e-01     6.9872      6.609      9.586     7.3795   999.9333 0.0000e+00
      6.798      0.199     8.2468     97.850     41.100  26.616654     3.5325      7.513   292.5708 1.2377e-01     6.9781      6.671      9.676     7.3792   999.9337 0.0000e+00
      6.851      0.199     8.2428     97.804     41.117  26.627614     3.4677      7.513   292.6220 1.2379e-01     7.0047      6.719      9.745     7.3789   999.9339 0.0000e+00
      6.898      0.194     8.2415     97.773     41.090  26.609796     3.4780      7.511   292.3907 1.2375e-01     6.9809      6.765      9.811     7.3787   999.9341 0.0000e+00
      6.943      0.189     8.2387     97.756     41.061  26.591549     3.4656      7.509   292.0974 1.2373e-01     6.9527      6.811      9.878     7.3786   999.9344 0.0000e+00
      6.986      0.187     8.2317     97.747     41.070  26.597326     3.4307      7.508   292.0873 1.2375e-01     6.9920      6.852      9.937     7.3785   999.9346 0.0000e+00
      7.031      0.186     8.2289     97.725     41.100  26.616208     3.4113      7.508   292.1826 1.2375e-01     7.0300      6.894      9.998     7.3785   999.9348 0.0000e+00
      7.081      0.184     8.2262     97.702     41.120  26.629512     3.4130      7.508   292.2169 1.2373e-01     7.0518      6.943     10.069     7.3784   999.9350 0.0000e+00
      7.135      0.179     8.2240     97.708     41.123  26.631288     3.4083      7.508   292.2447 1.2372e-01     7.0585      6.999     10.151     7.3784   999.9353 0.0000e+00
      7.185      0.172     8.2254     97.755     41.133  26.637680     3.3970      7.509   292.1745 1.2374e-01     7.0120      7.050     10.225     7.3785   999.9355 0.0000e+00
      7.226      0.164     8.2222     97.801     41.141  26.643352     3.3984      7.509   292.0564 1.2378e-01     6.9810      7.088     10.280     7.3783   999.9357 0.0000e+00
      7.263      0.158     8.2198     97.833     41.130  26.636432     3.4088      7.509   292.1074 1.2376e-01     7.0446      7.121     10.329     7.3783   999.9359 0.0000e+00
      7.298      0.156     8.2187     97.882     41.101  26.617452     3.4352      7.508   292.2749 1.2370e-01     7.0928      7.157     10.381     7.3782   999.9361 0.0000e+00
      7.333      0.159     8.2252     97.926     41.081  26.604196     3.4747      7.507   292.3606 1.2368e-01     7.0391      7.191     10.429     7.3783   999.9362 0.0000e+00
      7.372      0.166     8.2303     97.952     41.079  26.603044     3.5051      7.505   292.4551 1.2373e-01     7.0188      7.227     10.481     7.3786   999.9364 0.0000e+00
      7.417      0.174     8.2292     97.969     41.080  26.603516     3.5260      7.504   292.6441 1.2381e-01     7.0766      7.272     10.547     7.3788   999.9366 0.0000e+00
      7.467      0.183     8.2364     97.969     41.090  26.609902     3.5278      7.503   292.9247 1.2380e-01     7.0824      7.323     10.621     7.3789   999.9368 0.0000e+00
      7.515      0.189     8.2397     97.955     41.100  26.616813     3.5440      7.502   293.1802 1.2376e-01     7.0238      7.370     10.689     7.3787   999.9371 0.0000e+00
      7.563      0.191     8.2413     97.951     41.111  26.623629     3.6008      7.502   293.1520 1.2379e-01     6.9908      7.415     10.754     7.3786   999.9373 0.0000e+00
      7.613      0.190     8.2435     97.964     41.119  26.628873     3.6427      7.502   293.0147 1.2379e-01     7.0111      7.466     10.829     7.3787   999.9375 0.0000e+00
      7.664      0.187     8.2432     97.969     41.101  26.616771     3.6517      7.502   292.9822 1.2374e-01     7.0398      7.518     10.904     7.3788   999.9378 0.0000e+00
      7.712      0.184     8.2414     97.972     41.081  26.604187     3.6220      7.501   292.9303 1.2370e-01     7.0756      7.564     10.970     7.3789   999.9380 0.0000e+00
