Data/DataNotYetUploadedToEDI/Raw_CTD/RawDownloads/112019_fcr30.cnv
* Sea-Bird SBE19plus  Data File:
* FileName = C:\DATA\112019_fcr_0003.hex
* Software version 2.8.0.119 SB_Terminal.dll
* Temperature SN = 7809
* Conductivity SN = 7809
* System UpLoad Time = Nov 20 2019 19:43:44
* <ApplicationData>
* <Seaterm232>
# nquan = 16
# nvalues = 229                         
# units = specified
# name 0 = depFM: Depth [fresh water, m]
# name 1 = dz/dtM: Descent Rate [m/s]
# name 2 = sbeox0ML/L: Oxygen, SBE 43 [ml/l]
# name 3 = sbeox0PS: Oxygen, SBE 43 [% saturation]
# name 4 = specc: Specific Conductance [uS/cm]
# name 5 = c0uS/cm: Conductivity [uS/cm]
# name 6 = flECO-AFL: Fluorescence, WET Labs ECO-AFL/FL [mg/m^3]
# name 7 = ph: pH
# name 8 = orp: Oxidation Reduction Potential [mV]
# name 9 = par/sat/log: PAR/Logarithmic, Satlantic
# name 10 = turbWETntu0: Turbidity, WET Labs ECO [NTU]
# name 11 = prdM: Pressure, Strain Gauge [db]
# name 12 = prdE: Pressure, Strain Gauge [psi]
# name 13 = tv290C: Temperature [ITS-90, deg C]
# name 14 = density00: Density [density, kg/m^3]
# name 15 = flag:  0.000e+00
# span 0 =     -0.562,      5.482       
# span 1 =     -0.045,      0.291       
# span 2 =     6.7205,     8.4090       
# span 3 =     80.309,     99.683       
# span 4 =     17.449,     41.398       
# span 5 =  11.578991,  26.917035       
# span 6 =     1.4154,     6.3030       
# span 7 =      7.408,      8.382       
# span 8 =   281.3769,   484.9479       
# span 9 = 1.2999e-01, 1.7380e+03       
# span 10 =    -6.2501,     7.8734      
# span 11 =     -0.552,      5.377      
# span 12 =     -0.800,      7.798      
# span 13 =     7.2922,     8.3205      
# span 14 =   999.8315,   999.9317      
# span 15 = 0.0000e+00, 0.0000e+00      
# interval = seconds: 0.25
# start_time = Nov 20 2019 11:46:26 [Instrument's time stamp, header]
# bad_flag = -9.990e-29
*END*
[from data line 91]
      0.184      0.033     6.8224     82.836     41.320  26.852275     1.8530      7.688   290.1726 2.8075e+02     7.1548      0.182      0.264     7.4977   999.8961 0.0000e+00
      0.187      0.055     6.8680     82.876     41.349  26.870838     1.8876      7.679   290.6196 3.1498e+02     7.1624      0.179      0.259     7.4965   999.8962 0.0000e+00
      0.202      0.080     6.9095     82.767     41.306  26.851434     1.9030      7.672   291.4231 3.6368e+02     7.1775      0.191      0.276     7.4966   999.8962 0.0000e+00
      0.231      0.110     6.9369     82.547     41.222  26.808006     1.9093      7.663   292.4885 3.5819e+02     7.1735      0.227      0.329     7.4972   999.8963 0.0000e+00
      0.264      0.142     6.9548     82.263     41.188  26.789875     1.9467      7.654   293.1769 3.9187e+02     7.1134      0.258      0.373     7.4913   999.8968 0.0000e+00
      0.302      0.171     6.9593     81.967     41.239  26.822555     1.9996      7.647   293.3798 4.3642e+02     7.0083      0.293      0.425     7.4847   999.8973 0.0000e+00
      0.349      0.193     6.9458     81.685     41.233  26.822458     2.0202      7.642   293.7371 3.8776e+02     6.9521      0.339      0.492     7.5010   999.8967 0.0000e+00
      0.408      0.211     6.9231     81.401     41.161  26.788712     2.0224      7.636   294.2275 3.2670e+02     6.9580      0.395      0.573     7.5192   999.8959 0.0000e+00
      0.472      0.226     6.8973     81.116     41.150  26.795210     2.0952      7.630   294.4910 2.9591e+02     6.9807      0.468      0.678     7.5214   999.8962 0.0000e+00
      0.531      0.236     6.8719     80.869     41.205  26.837597     2.2413      7.625   294.6002 2.6509e+02     6.9639      0.523      0.758     7.5171   999.8967 0.0000e+00
      0.587      0.240     6.8494     80.665     41.230  26.857095     2.3324      7.620   294.8597 2.4069e+02     6.9197      0.570      0.826     7.5176   999.8969 0.0000e+00
      0.650      0.239     6.8223     80.492     41.195  26.840630     2.3636      7.615   295.3057 2.1960e+02     6.9709      0.636      0.922     7.5398   999.8960 0.0000e+00
      0.718      0.238     6.7928     80.386     41.163  26.828859     2.4893      7.608   295.6908 1.9687e+02     7.1884      0.707      1.025     7.5602   999.8952 0.0000e+00
      0.780      0.238     6.7710     80.346     41.172  26.841669     2.7083      7.602   295.9015 1.8021e+02     7.4851      0.767      1.112     7.5654   999.8953 0.0000e+00
      0.835      0.235     6.7556     80.344     41.209  26.868633     2.8258      7.597   296.1324 1.6704e+02     7.6413      0.819      1.188     7.5674   999.8954 0.0000e+00
      0.891      0.225     6.7372     80.404     41.254  26.901103     2.8268      7.593   296.3315 1.5253e+02     7.6356      0.871      1.264     7.5727   999.8954 0.0000e+00
      0.953      0.209     6.7261     80.529     41.268  26.917035     2.8239      7.591   296.4157 1.3917e+02     7.5798      0.935      1.354     7.5885   999.8948 0.0000e+00
      1.015      0.191     6.7237     80.684     41.182  26.870932     2.9134      7.590   296.5486 1.2862e+02     7.4911      1.000      1.449     7.5978   999.8946 0.0000e+00
      1.067      0.175     6.7205     80.856     41.046  26.787801     3.0853      7.587   296.7341 1.2099e+02     7.4158      1.052      1.525     7.5994   999.8948 0.0000e+00
      1.104      0.165     6.7258     81.026     40.979  26.736690     3.1765      7.582   296.9371 1.1551e+02     7.3901      1.088      1.578     7.6009   999.8949 0.0000e+00
      1.129      0.165     6.7368     81.202     41.044  26.760508     3.1917      7.576   297.1962 1.1140e+02     7.3771      1.106      1.605     7.6073   999.8946 0.0000e+00
      1.155      0.176     6.7465     81.415     41.174  26.821983     3.2779      7.570   297.5445 1.0576e+02     7.4876      1.125      1.632     7.6246   999.8938 0.0000e+00
      1.196      0.200     6.7608     81.680     41.236  26.845505     3.4216      7.565   297.8788 9.6318e+01     7.7428      1.165      1.690     7.6351   999.8934 0.0000e+00
      1.256      0.233     6.7755     81.982     41.261  26.854559     3.4979      7.560   297.9686 8.5857e+01     7.8734      1.228      1.781     7.6272   999.8941 0.0000e+00
      1.326      0.266     6.7937     82.289     41.278  26.868000     3.4989      7.555   297.8556 7.6347e+01     7.8545      1.300      1.886     7.5993   999.8960 0.0000e+00
      1.401      0.286     6.8164     82.579     41.186  26.817679     3.4164      7.552   297.8899 6.7058e+01     7.7442      1.369      1.987     7.5669   999.8981 0.0000e+00
      1.485      0.291     6.8427     82.804     40.975  26.690253     3.2713      7.551   298.0387 5.8267e+01     7.5555      1.453      2.107     7.5438   999.8998 0.0000e+00
      1.573      0.283     6.8713     82.902     40.848  26.596203     3.2012      7.550   298.1056 5.1117e+01     7.4406      1.548      2.245     7.5362   999.9007 0.0000e+00
      1.650      0.268     6.8955     82.857     40.873  26.568748     3.2019      7.547   298.1833 4.6153e+01     7.4043      1.627      2.359     7.5411   999.9008 0.0000e+00
      1.710      0.251     6.9206     82.812     40.925  26.548581     3.2094      7.544   298.2893 4.2673e+01     7.2793      1.680      2.435     7.5504   999.9005 0.0000e+00
      1.762      0.232     6.9366     83.097     40.978  26.542642     3.2317      7.542   298.3549 3.9455e+01     7.0438      1.726      2.503     7.5773   999.8992 0.0000e+00
      1.815      0.215     6.9465     83.977     41.043  26.560352     3.2552      7.540   298.3744 3.6209e+01     6.9166      1.780      2.581     7.5747   999.8995 0.0000e+00
      1.869      0.205     6.9524     85.522     41.083  26.572349     3.2681      7.539   298.4385 3.3217e+01     6.9211      1.832      2.658     7.5029   999.9036 0.0000e+00
      1.922      0.200     6.9490     87.623     41.078  26.560790     3.2578      7.536   298.6135 3.0569e+01     7.0011      1.885      2.735     7.4251   999.9080 0.0000e+00
      1.974      0.196     6.9726     90.064     41.064  26.547483     3.2266      7.534   298.7698 2.8334e+01     7.1294      1.938      2.810     7.3776   999.9108 0.0000e+00
      2.022      0.194     7.0500     92.616     41.054  26.538332     3.2112      7.533   298.9515 2.6435e+01     7.1940      1.984      2.876     7.3507   999.9124 0.0000e+00
      2.068      0.196     7.1858     95.043     41.019  26.513585     3.2100      7.529   299.2623 2.4708e+01     7.2246      2.028      2.941     7.3360   999.9134 0.0000e+00
      2.114      0.204     7.3723     97.070     41.003  26.502040     3.2038      7.524   299.5164 2.3134e+01     7.2373      2.074      3.008     7.3269   999.9140 0.0000e+00
      2.162      0.213     7.5851     98.496     41.041  26.525634     3.2230      7.521   299.5288 2.1563e+01     7.2178      2.118      3.072     7.3222   999.9145 0.0000e+00
      2.216      0.218     7.8068     99.317     41.073  26.545077     3.2779      7.521   299.4973 1.9733e+01     7.2171      2.168      3.145     7.3192   999.9149 0.0000e+00
      2.281      0.216     8.0209     99.664     41.078  26.546792     3.3121      7.520   299.6527 1.7746e+01     7.2284      2.234      3.241     7.3168   999.9153 0.0000e+00
      2.349      0.205     8.1994     99.683     41.079  26.546367     3.3073      7.517   299.8582 1.6053e+01     7.1914      2.309      3.348     7.3151   999.9157 0.0000e+00
      2.409      0.188     8.3189     99.501     41.070  26.539934     3.2713      7.515   300.0887 1.4907e+01     7.0312      2.369      3.435     7.3139   999.9161 0.0000e+00
      2.452      0.170     8.3835     99.214     41.059  26.532450     3.2153      7.513   300.2896 1.4169e+01     6.7998      2.409      3.494     7.3124   999.9164 0.0000e+00
      2.483      0.153     8.4090     98.889     41.039  26.519327     3.1858      7.510   300.3943 1.3638e+01     6.7210      2.437      3.534     7.3108   999.9166 0.0000e+00
      2.508      0.142     8.4071     98.572     41.022  26.508159     3.1917      7.506   300.4938 1.3143e+01     6.7663      2.459      3.565     7.3092   999.9168 0.0000e+00
      2.538      0.140     8.3889     98.264     41.048  26.524304     3.1988      7.504   300.6333 1.2483e+01     6.7566      2.485      3.603     7.3085   999.9170 0.0000e+00
      2.575      0.145     8.3632     97.966     41.049  26.524200     3.1943      7.502   300.7902 1.1706e+01     6.7354      2.524      3.660     7.3081   999.9171 0.0000e+00
      2.618      0.154     8.3339     97.699     41.023  26.506903     3.1892      7.501   300.8419 1.1008e+01     6.7396      2.569      3.726     7.3082   999.9173 0.0000e+00
      2.661      0.162     8.3079     97.476     41.021  26.505487     3.1887      7.498   300.8278 1.0359e+01     6.7418      2.608      3.783     7.3083   999.9175 0.0000e+00
      2.703      0.165     8.2820     97.299     41.025  26.507074     3.1890      7.497   300.8783 9.7184e+00     6.7288      2.651      3.844     7.3076   999.9178 0.0000e+00
      2.746      0.163     8.2562     97.164     41.055  26.526094     3.1843      7.496   301.0220 9.1661e+00     6.7141      2.693      3.907     7.3067   999.9181 0.0000e+00
      2.788      0.159     8.2338     97.070     41.085  26.545125     3.1841      7.494   301.2741 8.6476e+00     6.7273      2.733      3.964     7.3055   999.9184 0.0000e+00
      2.831      0.156     8.2148     96.978     41.089  26.546850     3.1954      7.492   301.4313 8.1455e+00     6.7570      2.779      4.030     7.3046   999.9186 0.0000e+00
      2.870      0.154     8.2007     96.871     41.090  26.546940     3.2160      7.490   301.3741 7.7632e+00     6.8116      2.818      4.087     7.3042   999.9187 0.0000e+00
      2.903      0.150     8.1884     96.775     41.090  26.546212     3.2434      7.489   301.2713 7.4162e+00     6.8632      2.845      4.126     7.3033   999.9189 0.0000e+00
      2.938      0.143     8.1828     96.691     41.078  26.538049     3.2570      7.490   301.2211 6.9797e+00     6.8891      2.878      4.174     7.3030   999.9191 0.0000e+00
      2.981      0.135     8.1758     96.598     41.038  26.511688     3.2512      7.491   301.2834 6.5470e+00     6.9288      2.924      4.240     7.3025   999.9193 0.0000e+00
      3.022      0.129     8.1651     96.510     40.991  26.481263     3.2427      7.492   301.4221 6.2525e+00     6.9499      2.968      4.305     7.3016   999.9196 0.0000e+00
      3.052      0.127     8.1574     96.451     41.001  26.487394     3.2405      7.491   301.6074 6.0869e+00     6.9799      2.996      4.346     7.3005   999.9198 0.0000e+00
      3.074      0.129     8.1518     96.402     41.056  26.522377     3.2416      7.489   301.8038 5.9104e+00     7.0944      3.013      4.369     7.2995   999.9200 0.0000e+00
      3.100      0.136     8.1438     96.371     41.058  26.523572     3.2473      7.486   301.9897 5.6593e+00     7.1880      3.037      4.405     7.2991   999.9201 0.0000e+00
      3.131      0.149     8.1337     96.356     41.025  26.501838     3.2574      7.483   302.1334 5.3918e+00     7.1937      3.069      4.452     7.2995   999.9202 0.0000e+00
      3.171      0.166     8.1319     96.334     41.043  26.513373     3.2859      7.481   302.1653 5.0515e+00     7.1953      3.104      4.501     7.2993   999.9204 0.0000e+00
      3.222      0.182     8.1261     96.317     41.079  26.536146     3.3404      7.481   302.2889 4.6208e+00     7.2084      3.157      4.578     7.2988   999.9207 0.0000e+00
      3.278      0.195     8.1235     96.314     41.059  26.523407     3.3798      7.479   302.5960 4.2445e+00     7.1881      3.218      4.667     7.2986   999.9210 0.0000e+00
      3.331      0.205     8.1243     96.311     41.001  26.486235     3.3885      7.475   302.8663 3.9589e+00     7.1793      3.268      4.740     7.2980   999.9212 0.0000e+00
      3.380      0.214     8.1209     96.314     40.972  26.467374     3.4021      7.471   303.0622 3.7026e+00     7.1339      3.314      4.807     7.2976   999.9215 0.0000e+00
      3.430      0.224     8.1195     96.338     41.001  26.485684     3.4233      7.467   303.3302 3.4410e+00     7.0009      3.361      4.875     7.2976   999.9218 0.0000e+00
      3.486      0.235     8.1195     96.350     41.049  26.517288     3.4281      7.463   303.5255 3.1624e+00     6.9146      3.417      4.955     7.2979   999.9220 0.0000e+00
      3.549      0.246     8.1206     96.379     41.072  26.532268     3.4332      7.460   303.4447 2.8831e+00     6.9093      3.481      5.048     7.2977   999.9223 0.0000e+00
      3.615      0.251     8.1172     96.424     41.084  26.539922     3.4594      7.460   303.2993 2.6056e+00     6.9368      3.546      5.142     7.2973   999.9226 0.0000e+00
      3.685      0.245     8.1243     96.428     41.094  26.546385     3.4851      7.461   303.2307 2.3308e+00     6.9525      3.611      5.237     7.2973   999.9229 0.0000e+00
      3.760      0.229     8.1216     96.407     41.095  26.546966     3.4922      7.462   303.2167 2.0940e+00     6.9347      3.688      5.350     7.2975   999.9234 0.0000e+00
      3.827      0.209     8.1233     96.357     41.095  26.546954     3.4933      7.464   303.3024 1.9398e+00     6.9187      3.762      5.457     7.2979   999.9237 0.0000e+00
      3.873      0.189     8.1325     96.275     41.093  26.546231     3.4810      7.464   303.4060 1.8483e+00     6.9881      3.805      5.518     7.2979   999.9239 0.0000e+00
      3.903      0.173     8.1286     96.199     41.081  26.538222     3.4566      7.464   303.5232 1.7613e+00     7.1183      3.826      5.551     7.2975   999.9240 0.0000e+00
      3.933      0.163     8.1294     96.150     41.043  26.513563     3.4498      7.463   303.6873 1.6677e+00     7.1503      3.853      5.589     7.2973   999.9242 0.0000e+00
      3.972      0.161     8.1243     96.086     41.025  26.501858     3.4505      7.461   303.8418 1.5702e+00     7.1118      3.892      5.645     7.2978   999.9243 0.0000e+00
      4.017      0.169     8.1169     96.025     41.059  26.523580     3.4385      7.458   304.0144 1.4713e+00     7.1117      3.938      5.712     7.2985   999.9245 0.0000e+00
      4.066      0.184     8.1074     95.994     41.058  26.522430     3.3836      7.455   304.1391 1.3850e+00     7.1482      3.988      5.784     7.2986   999.9248 0.0000e+00
      4.113      0.198     8.1078     95.946     41.005  26.487954     3.2985      7.452   304.1455 1.3004e+00     7.1610      4.035      5.851     7.2979   999.9250 0.0000e+00
      4.160      0.206     8.1007     95.862     41.004  26.487386     3.2585      7.450   304.0918 1.1904e+00     7.1358      4.076      5.912     7.2974   999.9252 0.0000e+00
      4.215      0.206     8.0930     95.748     41.049  26.515570     3.2551      7.450   304.0063 1.0723e+00     7.1381      4.130      5.990     7.2977   999.9255 0.0000e+00
      4.278      0.199     8.0947     95.637     41.043  26.511505     3.2407      7.451   303.9723 9.6609e-01     7.1566      4.197      6.087     7.2974   999.9258 0.0000e+00
      4.338      0.189     8.0892     95.550     41.027  26.501672     3.2138      7.451   304.0234 8.7391e-01     7.1618      4.260      6.178     7.2969   999.9261 0.0000e+00
      4.386      0.175     8.0837     95.502     41.061  26.523565     3.1908      7.450   304.1087 8.1667e-01     7.1690      4.306      6.246     7.2963   999.9264 0.0000e+00
      4.422      0.160     8.0716     95.500     41.059  26.522431     3.1783      7.449   304.1432 7.9101e-01     7.1780      4.337      6.290     7.2958   999.9266 0.0000e+00
      4.453      0.146     8.0626     95.551     41.007  26.487970     3.1682      7.449   304.1827 7.6832e-01     7.2375      4.367      6.333     7.2959   999.9267 0.0000e+00
