Data/DataNotYetUploadedToEDI/Raw_CTD/RawDownloads/120619_fcr50.cnv
* Sea-Bird SBE19plus  Data File:
* FileName = C:\DATA\120619_fcr50_0001.hex
* Software version 2.8.0.119 SB_Terminal.dll
* Temperature SN = 7809
* Conductivity SN = 7809
* System UpLoad Time = Dec 09 2019 15:30:20
* <ApplicationData>
* <Seaterm232>
# nquan = 16
# nvalues = 1308                        
# units = specified
# name 0 = depFM: Depth [fresh water, m]
# name 1 = dz/dtM: Descent Rate [m/s]
# name 2 = sbeox0ML/L: Oxygen, SBE 43 [ml/l]
# name 3 = sbeox0PS: Oxygen, SBE 43 [% saturation]
# name 4 = specc: Specific Conductance [uS/cm]
# name 5 = c0uS/cm: Conductivity [uS/cm]
# name 6 = flECO-AFL: Fluorescence, WET Labs ECO-AFL/FL [mg/m^3]
# name 7 = ph: pH
# name 8 = orp: Oxidation Reduction Potential [mV]
# name 9 = par/sat/log: PAR/Logarithmic, Satlantic
# name 10 = turbWETntu0: Turbidity, WET Labs ECO [NTU]
# name 11 = prdM: Pressure, Strain Gauge [db]
# name 12 = prdE: Pressure, Strain Gauge [psi]
# name 13 = tv290C: Temperature [ITS-90, deg C]
# name 14 = density00: Density [density, kg/m^3]
# name 15 = flag:  0.000e+00
# span 0 =     -0.575,      9.646       
# span 1 =     -0.026,      0.135       
# span 2 =     6.4574,     8.6117       
# span 3 =     74.272,     98.993       
# span 4 =      3.481,     46.713       
# span 5 =   2.553725,  29.767277       
# span 6 =    -0.1573,     5.5971       
# span 7 =      6.172,     10.007       
# span 8 = -1240.6171,   418.9550       
# span 9 = 1.2357e-01, 3.6808e+02       
# span 10 =    -0.5613,    23.3148      
# span 11 =     -0.565,      9.460      
# span 12 =     -0.819,     13.721      
# span 13 =     5.4858,    11.7084      
# span 14 =   999.5346,  1000.0179      
# span 15 = 0.0000e+00, 0.0000e+00      
# interval = seconds: 0.25
# start_time = Dec 06 2019 14:27:30 [Instrument's time stamp, header]
# bad_flag = -9.990e-29
*END*
[from data line 91]
      0.020      0.010     7.3918     83.802     42.881  26.596318     2.1211      6.858   263.7800 2.3673e+02     5.9567      0.020      0.029     5.9890   999.9590 0.0000e+00
      0.023      0.010     7.3740     83.452     42.733  26.512268     2.0605      6.849   263.1151 2.3386e+02     5.8392      0.023      0.034     5.9940   999.9589 0.0000e+00
      0.025      0.013     7.3491     83.078     42.584  26.428479     2.0359      6.842   262.2804 2.3271e+02     5.8255      0.024      0.035     5.9985   999.9589 0.0000e+00
      0.026      0.019     7.3246     82.707     42.643  26.471463     2.0399      6.837   262.0332 2.2717e+02     5.8897      0.024      0.035     6.0047   999.9588 0.0000e+00
      0.029      0.028     7.2991     82.365     42.926  26.651326     2.0739      6.831   262.2775 2.2507e+02     5.8943      0.026      0.038     6.0090   999.9585 0.0000e+00
      0.035      0.036     7.2648     82.032     43.202  26.826749     2.1355      6.816   262.5665 2.1895e+02     5.8482      0.032      0.047     6.0183   999.9583 0.0000e+00
      0.047      0.042     7.2299     81.662     43.285  26.879480     2.1698      6.787   262.6886 2.0981e+02     5.8566      0.044      0.064     6.0313   999.9579 0.0000e+00
      0.064      0.044     7.1950     81.281     43.123  26.781335     2.1756      6.748   262.6349 2.0311e+02     5.8642      0.063      0.092     6.0387   999.9577 0.0000e+00
      0.082      0.043     7.1647     80.908     42.905  26.655208     2.1716      6.711   262.0895 1.9801e+02     5.8422      0.083      0.120     6.0410   999.9579 0.0000e+00
      0.094      0.038     7.1382     80.544     42.935  26.686835     2.1643      6.678   261.3428 1.9418e+02     5.8192      0.094      0.137     6.0487   999.9578 0.0000e+00
      0.099      0.028     7.1027     80.171     43.168  26.846520     2.1655      6.649   261.4366 1.8696e+02     5.7836      0.096      0.141     6.0482   999.9580 0.0000e+00
      0.103      0.018     7.0709     79.789     43.293  26.936394     2.1690      6.634   261.9326 1.7462e+02     5.7723      0.100      0.144     6.0453   999.9579 0.0000e+00
      0.107      0.010     7.0347     79.428     43.201  26.885271     2.1807      6.636   262.0916 1.6302e+02     5.7808      0.106      0.153     6.0622   999.9572 0.0000e+00
      0.109      0.007     7.0014     79.099     43.052  26.799411     2.2023      6.650   262.3264 1.5790e+02     5.7881      0.109      0.158     6.0760   999.9569 0.0000e+00
      0.107      0.009     6.9669     78.801     43.117  26.849947     2.2220      6.664   262.8779 1.5769e+02     5.8284      0.105      0.152     6.0932   999.9565 0.0000e+00
      0.104      0.012     6.9274     78.486     43.423  27.052188     2.2281      6.672   262.6512 1.5847e+02     5.8745      0.100      0.145     6.1124   999.9559 0.0000e+00
      0.106      0.013     6.8974     78.153     43.526  27.150989     2.2156      6.677   261.4788 1.5834e+02     5.8534      0.102      0.146     6.1144   999.9558 0.0000e+00
      0.116      0.014     6.8659     77.854     43.201  27.029443     2.2087      6.682   260.6616 1.5675e+02     5.7376      0.112      0.162     6.1181   999.9556 0.0000e+00
      0.126      0.017     6.8403     77.584     42.771  26.851579     2.2152      6.689   260.1704 1.5722e+02     5.5882      0.127      0.185     6.1378   999.9550 0.0000e+00
      0.131      0.021     6.8121     77.316     42.477  26.713574     2.2242      6.695   259.8417 1.6063e+02     5.5552      0.130      0.191     6.1431   999.9551 0.0000e+00
      0.130      0.026     6.7772     77.041     42.448  26.693229     2.2400      6.697   259.8697 1.6323e+02     5.6005      0.124      0.181     6.1566   999.9547 0.0000e+00
      0.130      0.034     6.7325     76.771     42.752  26.859358     2.2929      6.697   259.9069 1.6331e+02     5.6436      0.125      0.183     6.2771   999.9503 0.0000e+00
      0.136      0.045     6.6862     76.541     43.131  27.072624     2.3691      6.694   259.7755 1.5931e+02     5.7492      0.132      0.190     6.4161   999.9452 0.0000e+00
      0.150      0.058     6.6554     76.370     43.314  27.178089     2.3990      6.690   259.6577 1.5185e+02     5.8291      0.143      0.208     6.4642   999.9433 0.0000e+00
      0.173      0.068     6.6340     76.221     43.191  27.119374     2.4037      6.684   259.6876 1.4380e+02     5.8224      0.169      0.246     6.4493   999.9439 0.0000e+00
      0.199      0.073     6.6163     76.062     42.434  26.679959     2.4772      6.677   259.8786 1.3641e+02     5.8324      0.196      0.285     6.4095   999.9457 0.0000e+00
      0.221      0.073     6.5997     75.863     41.119  25.862180     2.5941      6.673   260.2457 1.3099e+02     5.8511      0.218      0.316     6.3790   999.9471 0.0000e+00
      0.238      0.068     6.5913     75.494     40.221  25.225539     2.6466      6.671   260.6854 1.2879e+02     5.8187      0.234      0.340     6.3563   999.9481 0.0000e+00
      0.253      0.061     6.5749     74.874     40.119  25.009304     2.6523      6.667   261.0648 1.2784e+02     5.8021      0.248      0.359     6.3823   999.9472 0.0000e+00
      0.265      0.051     6.5505     74.275     40.289  24.960452     2.6459      6.660   261.3054 1.2595e+02     5.7153      0.260      0.377     6.4433   999.9448 0.0000e+00
      0.278      0.041     6.5312     74.272     40.443  24.951922     2.6125      6.650   261.5290 1.2371e+02     5.4907      0.273      0.395     6.4859   999.9426 0.0000e+00
      0.291      0.032     6.5186     75.249     40.562  24.969502     2.5862      6.643   261.8762 1.2228e+02     5.3485      0.287      0.416     6.4057   999.9453 0.0000e+00
      0.299      0.023     6.4971     77.215     40.623  24.982651     2.5802      6.639   262.2333 1.2190e+02     5.3386      0.296      0.430     6.1625   999.9540 0.0000e+00
      0.302      0.017     6.4574     80.012     40.638  24.984001     2.5396      6.639   262.6640 1.2228e+02     5.3710      0.297      0.431     5.9446   999.9610 0.0000e+00
      0.301      0.012     6.4636     83.397     40.641  24.985825     2.4599      6.639   263.2114 1.2257e+02     5.3798      0.295      0.428     5.8270   999.9644 0.0000e+00
      0.300      0.010     6.5623     87.046     40.669  25.004709     2.4144      6.637   263.6897 1.2244e+02     5.3474      0.293      0.426     5.7661   999.9662 0.0000e+00
      0.302      0.010     6.7435     90.569     40.694  25.022001     2.4058      6.635   264.2317 1.2184e+02     5.3393      0.295      0.428     5.7416   999.9669 0.0000e+00
      0.307      0.015     6.9963     93.473     40.669  25.004585     2.4073      6.636   264.8600 1.2017e+02     5.3473      0.301      0.436     5.7354   999.9671 0.0000e+00
      0.311      0.023     7.3044     95.440     40.646  24.984454     2.4587      6.637   265.5221 1.1813e+02     5.4448      0.305      0.442     5.7375   999.9671 0.0000e+00
      0.316      0.032     7.6331     96.569     40.633  24.968903     2.5414      6.637   266.1278 1.1614e+02     5.6648      0.308      0.447     5.7406   999.9670 0.0000e+00
      0.323      0.038     7.9590     97.074     40.604  24.943423     2.5834      6.636   266.5057 1.1336e+02     5.8118      0.314      0.455     5.7444   999.9670 0.0000e+00
      0.335      0.042     8.2280     97.130     40.592  24.930140     2.6024      6.633   266.9075 1.0973e+02     5.8458      0.327      0.474     5.7424   999.9670 0.0000e+00
      0.351      0.043     8.3933     96.921     40.607  24.935173     2.6843      6.627   267.2857 1.0561e+02     5.8139      0.345      0.500     5.7346   999.9673 0.0000e+00
      0.367      0.040     8.4880     96.575     40.618  24.940837     2.8197      6.617   267.2928 1.0164e+02     5.6888      0.362      0.525     5.7234   999.9677 0.0000e+00
      0.378      0.034     8.5307     96.157     40.609  24.935172     2.8959      6.602   267.1661 9.8489e+01     5.5779      0.373      0.541     5.7132   999.9681 0.0000e+00
      0.384      0.027     8.5299     95.749     40.601  24.930128     2.9026      6.588   267.3025 9.6167e+01     5.5545      0.378      0.548     5.7057   999.9683 0.0000e+00
      0.387      0.021     8.5088     95.378     40.624  24.943293     2.8582      6.579   267.6505 9.4473e+01     5.4717      0.380      0.551     5.7009   999.9684 0.0000e+00
      0.388      0.017     8.4785     95.021     40.664  24.967458     2.7754      6.574   268.1052 9.2967e+01     5.2651      0.380      0.551     5.7000   999.9684 0.0000e+00
      0.392      0.017     8.4374     94.690     40.664  24.968545     2.7250      6.572   268.7559 9.1376e+01     5.1216      0.383      0.554     5.7007   999.9684 0.0000e+00
      0.397      0.023     8.4008     94.385     40.641  24.956437     2.7166      6.570   269.3233 8.9516e+01     5.1128      0.390      0.564     5.7005   999.9685 0.0000e+00
      0.402      0.034     8.3712     94.098     40.628  24.947943     2.7519      6.562   269.3732 8.8013e+01     5.2245      0.396      0.574     5.6987   999.9685 0.0000e+00
      0.407      0.047     8.3384     93.835     40.607  24.929290     2.8137      6.549   269.2724 8.7165e+01     5.4230      0.396      0.575     5.6971   999.9686 0.0000e+00
      0.417      0.058     8.3090     93.574     40.612  24.921218     2.8402      6.538   269.4812 8.5154e+01     5.5468      0.402      0.584     5.6990   999.9686 0.0000e+00
      0.438      0.065     8.2826     93.303     40.615  24.913763     2.8372      6.532   269.7468 8.1722e+01     5.5739      0.428      0.621     5.7031   999.9686 0.0000e+00
      0.465      0.068     8.2554     93.045     40.605  24.902587     2.9072      6.531   270.0755 7.8624e+01     5.5871      0.458      0.664     5.7048   999.9687 0.0000e+00
      0.488      0.067     8.2356     92.828     40.625  24.912959     3.0544      6.531   270.6160 7.6211e+01     5.6078      0.480      0.696     5.6968   999.9690 0.0000e+00
      0.504      0.060     8.2173     92.687     40.624  24.912285     3.1350      6.526   270.9479 7.4417e+01     5.5952      0.495      0.718     5.6798   999.9695 0.0000e+00
      0.515      0.049     8.1941     92.610     40.594  24.894450     3.1440      6.518   270.8182 7.3184e+01     5.5327      0.505      0.733     5.6668   999.9699 0.0000e+00
      0.525      0.037     8.1728     92.560     40.584  24.887634     3.1459      6.511   270.5963 7.1998e+01     5.5082      0.514      0.747     5.6616   999.9701 0.0000e+00
      0.533      0.027     8.1517     92.530     40.594  24.893315     3.0890      6.507   270.6745 7.1003e+01     5.4954      0.524      0.760     5.6597   999.9702 0.0000e+00
      0.538      0.019     8.1403     92.532     40.600  24.899703     2.9760      6.504   270.9030 7.0452e+01     5.4107      0.529      0.767     5.6597   999.9702 0.0000e+00
      0.542      0.014     8.1350     92.551     40.590  24.901432     2.9062      6.504   271.1219 7.0185e+01     5.3355      0.531      0.770     5.6615   999.9702 0.0000e+00
      0.544      0.011     8.1306     92.518     40.597  24.914223     2.8964      6.509   271.3425 7.0045e+01     5.3397      0.533      0.773     5.6610   999.9702 0.0000e+00
      0.544      0.011     8.1280     92.402     40.609  24.927486     2.9435      6.518   271.5060 7.0098e+01     5.4290      0.534      0.775     5.6578   999.9703 0.0000e+00
      0.544      0.018     8.1272     92.265     40.615  24.934920     3.0333      6.528   271.7220 7.0146e+01     5.5308      0.533      0.773     5.6614   999.9702 0.0000e+00
      0.546      0.030     8.1299     92.160     40.620  24.940668     3.0812      6.532   271.9751 6.9662e+01     5.5542      0.534      0.774     5.6721   999.9699 0.0000e+00
      0.552      0.044     8.1264     92.086     40.612  24.933547     3.0977      6.526   272.0715 6.8530e+01     5.5815      0.539      0.783     5.6843   999.9696 0.0000e+00
      0.565      0.055     8.1110     92.010     40.591  24.912263     3.2506      6.516   272.0275 6.6471e+01     5.6312      0.550      0.798     5.6918   999.9695 0.0000e+00
      0.587      0.064     8.0968     91.927     40.545  24.873635     3.5341      6.512   272.0447 6.3581e+01     5.6306      0.574      0.831     5.6945   999.9695 0.0000e+00
      0.613      0.069     8.0862     91.870     40.525  24.847116     3.6811      6.507   272.1930 6.1084e+01     5.6071      0.605      0.877     5.7011   999.9695 0.0000e+00
      0.633      0.067     8.0819     91.844     40.557  24.845369     3.6761      6.501   272.3576 5.9368e+01     5.5761      0.623      0.904     5.6998   999.9696 0.0000e+00
      0.647      0.059     8.0786     91.829     40.605  24.852492     3.5776      6.497   272.7448 5.7761e+01     5.5506      0.633      0.918     5.6848   999.9701 0.0000e+00
      0.662      0.050     8.0712     91.815     40.657  24.869784     3.3908      6.501   273.1750 5.6286e+01     5.5619      0.650      0.944     5.6747   999.9704 0.0000e+00
      0.674      0.044     8.0693     91.788     40.658  24.864109     3.2827      6.508   273.1712 5.5381e+01     5.5806      0.664      0.963     5.6606   999.9708 0.0000e+00
      0.680      0.040     8.0747     91.728     40.632  24.847324     3.2670      6.512   273.0430 5.4799e+01     5.5805      0.667      0.967     5.6290   999.9717 0.0000e+00
      0.685      0.036     8.0801     91.648     40.645  24.857148     3.2960      6.510   272.9147 5.3854e+01     5.5931      0.668      0.970     5.5975   999.9725 0.0000e+00
      0.696      0.031     8.0820     91.534     40.637  24.856013     3.3905      6.504   272.7391 5.2559e+01     5.6348      0.682      0.989     5.5794   999.9729 0.0000e+00
      0.711      0.027     8.0837     91.400     40.594  24.833598     3.4736      6.503   272.7271 5.1755e+01     5.6259      0.701      1.017     5.5735   999.9732 0.0000e+00
      0.719      0.025     8.0753     91.282     40.602  24.839888     3.4940      6.510   273.3712 5.1519e+01     5.5512      0.708      1.027     5.5732   999.9733 0.0000e+00
      0.721      0.025     8.0701     91.164     40.653  24.868628     3.4980      6.519   274.4179 5.1418e+01     5.5186      0.707      1.025     5.5758   999.9732 0.0000e+00
      0.722      0.027     8.0586     91.052     40.648  24.863902     3.5492      6.524   274.7994 5.1291e+01     5.6248      0.707      1.026     5.5807   999.9731 0.0000e+00
      0.725      0.034     8.0423     90.960     40.614  24.846179     3.6447      6.523   274.7152 5.0687e+01     5.7865      0.710      1.029     5.5878   999.9729 0.0000e+00
      0.732      0.044     8.0340     90.868     40.603  24.844667     3.6907      6.520   274.6037 4.9605e+01     5.8025      0.716      1.038     5.5914   999.9728 0.0000e+00
      0.747      0.056     8.0236     90.788     40.598  24.845622     3.6807      6.518   274.3117 4.8313e+01     5.7524      0.728      1.057     5.5856   999.9731 0.0000e+00
      0.767      0.065     8.0139     90.764     40.613  24.857723     3.7141      6.513   274.1103 4.6749e+01     5.8368      0.752      1.091     5.5797   999.9734 0.0000e+00
      0.789      0.068     8.0066     90.775     40.620  24.864109     3.7915      6.503   274.8365 4.5179e+01     6.0029      0.775      1.124     5.5848   999.9733 0.0000e+00
      0.810      0.064     7.9962     90.780     40.612  24.859390     3.8272      6.488   276.2081 4.3884e+01     6.0903      0.795      1.153     5.5952   999.9732 0.0000e+00
      0.828      0.054     7.9849     90.782     40.623  24.864109     3.8073      6.474   276.9283 4.2903e+01     6.0738      0.814      1.180     5.5995   999.9731 0.0000e+00
      0.841      0.040     7.9844     90.812     40.617  24.857724     3.6635      6.466   276.9198 4.2273e+01     5.9998      0.827      1.199     5.6014   999.9732 0.0000e+00
