Data/DataNotYetUploadedToEDI/Raw_CTD/RawDownloads/120619_bvr50.cnv
* Sea-Bird SBE19plus  Data File:
* FileName = C:\DATA\120619_fcr50_0002.hex
* Software version 2.8.0.119 SB_Terminal.dll
* Temperature SN = 7809
* Conductivity SN = 7809
* System UpLoad Time = Dec 09 2019 15:31:03
* <ApplicationData>
* <Seaterm232>
# nquan = 16
# nvalues = 1567                        
# units = specified
# name 0 = depFM: Depth [fresh water, m]
# name 1 = dz/dtM: Descent Rate [m/s]
# name 2 = sbeox0ML/L: Oxygen, SBE 43 [ml/l]
# name 3 = sbeox0PS: Oxygen, SBE 43 [% saturation]
# name 4 = specc: Specific Conductance [uS/cm]
# name 5 = c0uS/cm: Conductivity [uS/cm]
# name 6 = flECO-AFL: Fluorescence, WET Labs ECO-AFL/FL [mg/m^3]
# name 7 = ph: pH
# name 8 = orp: Oxidation Reduction Potential [mV]
# name 9 = par/sat/log: PAR/Logarithmic, Satlantic
# name 10 = turbWETntu0: Turbidity, WET Labs ECO [NTU]
# name 11 = prdM: Pressure, Strain Gauge [db]
# name 12 = prdE: Pressure, Strain Gauge [psi]
# name 13 = tv290C: Temperature [ITS-90, deg C]
# name 14 = density00: Density [density, kg/m^3]
# name 15 = flag:  0.000e+00
# span 0 =     -0.662,      9.543       
# span 1 =     -0.284,      0.317       
# span 2 =     6.3512,     8.9311       
# span 3 =     71.644,    100.988       
# span 4 =      0.267,     30.460       
# span 5 =   0.184282,  18.577359       
# span 6 =    -0.1652,     6.5255       
# span 7 =      5.973,      7.638       
# span 8 =   178.1978,  1240.2293       
# span 9 = 1.2356e-01, 2.4250e+02       
# span 10 =    -0.3966,    30.2863      
# span 11 =     -0.650,      9.359      
# span 12 =     -0.942,     13.574      
# span 13 =     4.9686,     9.4809      
# span 14 =   999.7464,  1000.0235      
# span 15 = 0.0000e+00, 0.0000e+00      
# interval = seconds: 0.25
# start_time = Dec 06 2019 15:45:22 [Instrument's time stamp, header]
# bad_flag = -9.990e-29
*END*
[from data line 362]
      0.654      0.021     8.1522     91.291     28.765  17.277489     4.5295      6.515   296.8143 4.3496e+01     3.0296      0.639      0.928     5.0386   999.9798 0.0000e+00
      0.659      0.021     8.1547     91.266     28.746  17.265988     4.5390      6.512   296.7319 4.2842e+01     3.0611      0.645      0.935     5.0357   999.9798 0.0000e+00
      0.667      0.022     8.1512     91.261     28.706  17.241401     4.5480      6.510   296.8192 4.2582e+01     3.0111      0.654      0.949     5.0349   999.9798 0.0000e+00
      0.674      0.022     8.1516     91.263     28.694  17.233872     4.5514      6.508   297.0093 4.2482e+01     2.9831      0.663      0.961     5.0331   999.9799 0.0000e+00
      0.678      0.020     8.1519     91.275     28.701  17.238382     4.5630      6.505   297.0518 4.2059e+01     3.0170      0.665      0.965     5.0319   999.9800 0.0000e+00
      0.683      0.017     8.1463     91.323     28.691  17.232503     4.5836      6.500   296.9888 4.1744e+01     3.0609      0.669      0.970     5.0306   999.9800 0.0000e+00
      0.687      0.013     8.1485     91.356     28.681  17.226203     4.5848      6.491   297.0226 4.1783e+01     3.0872      0.675      0.979     5.0294   999.9800 0.0000e+00
      0.691      0.009     8.1490     91.343     28.680  17.225630     4.5772      6.480   297.1157 4.1668e+01     3.0730      0.678      0.984     5.0294   999.9800 0.0000e+00
      0.692      0.006     8.1466     91.329     28.680  17.225579     4.5953      6.470   297.1686 4.1821e+01     3.0534      0.680      0.986     5.0296   999.9801 0.0000e+00
      0.692      0.005     8.1549     91.327     28.680  17.225579     4.6220      6.460   297.0596 4.1900e+01     3.0471      0.679      0.985     5.0296   999.9800 0.0000e+00
      0.692      0.006     8.1591     91.327     28.679  17.225629     4.6310      6.454   296.9161 4.1576e+01     3.0294      0.678      0.984     5.0294   999.9800 0.0000e+00
      0.693      0.010     8.1549     91.332     28.679  17.226192     4.5827      6.453   296.9822 4.1658e+01     3.0366      0.680      0.986     5.0295   999.9801 0.0000e+00
      0.694      0.017     8.1537     91.322     28.689  17.232377     4.4802      6.456   297.0843 4.1661e+01     3.0679      0.679      0.985     5.0293   999.9801 0.0000e+00
      0.697      0.025     8.1546     91.284     28.697  17.236998     4.4148      6.461   297.1184 4.1199e+01     3.0807      0.682      0.989     5.0297   999.9801 0.0000e+00
      0.705      0.031     8.1531     91.268     28.667  17.218655     4.4072      6.465   297.2223 4.0752e+01     3.0600      0.689      0.999     5.0308   999.9801 0.0000e+00
      0.717      0.034     8.1546     91.283     28.637  17.200835     4.4053      6.467   297.3945 4.0223e+01     3.0141      0.702      1.018     5.0312   999.9801 0.0000e+00
      0.731      0.035     8.1553     91.279     28.655  17.211784     4.3580      6.468   297.4796 3.9587e+01     3.0169      0.718      1.042     5.0312   999.9802 0.0000e+00
      0.743      0.033     8.1487     91.276     28.676  17.224207     4.2777      6.470   297.4769 3.9249e+01     3.0610      0.729      1.059     5.0312   999.9803 0.0000e+00
      0.750      0.030     8.1465     91.280     28.676  17.224207     4.2317      6.473   297.5337 3.9170e+01     3.0565      0.736      1.068     5.0310   999.9803 0.0000e+00
      0.754      0.026     8.1518     91.260     28.654  17.211794     4.2275      6.477   297.5638 3.8903e+01     3.0270      0.739      1.072     5.0313   999.9803 0.0000e+00
      0.758      0.024     8.1490     91.245     28.635  17.200949     4.3224      6.479   297.4974 3.8627e+01     3.0324      0.743      1.078     5.0316   999.9803 0.0000e+00
      0.763      0.024     8.1479     91.232     28.665  17.219914     4.5109      6.482   297.4186 3.8419e+01     3.0564      0.747      1.085     5.0314   999.9804 0.0000e+00
      0.770      0.025     8.1520     91.195     28.717  17.250845     4.6173      6.483   297.3855 3.8019e+01     3.0548      0.754      1.095     5.0315   999.9804 0.0000e+00
      0.777      0.026     8.1463     91.173     28.729  17.257857     4.6201      6.482   297.5278 3.7679e+01     3.0457      0.763      1.106     5.0327   999.9804 0.0000e+00
      0.785      0.025     8.1451     91.178     28.702  17.241285     4.5976      6.482   297.7628 3.7361e+01     3.0450      0.769      1.115     5.0344   999.9804 0.0000e+00
      0.793      0.022     8.1467     91.175     28.702  17.240724     4.5698      6.481   297.8174 3.7056e+01     3.0460      0.778      1.127     5.0352   999.9804 0.0000e+00
      0.800      0.019     8.1399     91.168     28.719  17.251064     4.5619      6.478   297.8429 3.6942e+01     3.0581      0.786      1.140     5.0350   999.9805 0.0000e+00
      0.803      0.015     8.1377     91.160     28.699  17.239477     4.5712      6.476   297.9859 3.6838e+01     3.0606      0.788      1.144     5.0341   999.9805 0.0000e+00
      0.804      0.011     8.1415     91.158     28.677  17.227461     4.6385      6.476   298.0831 3.6795e+01     3.0433      0.788      1.144     5.0329   999.9805 0.0000e+00
      0.805      0.010     8.1396     91.177     28.685  17.232606     4.7692      6.477   298.1579 3.6792e+01     3.0456      0.789      1.145     5.0323   999.9805 0.0000e+00
      0.807      0.011     8.1393     91.200     28.694  17.238266     4.8509      6.479   298.2021 3.6651e+01     3.0883      0.792      1.148     5.0325   999.9806 0.0000e+00
      0.809      0.016     8.1386     91.217     28.684  17.232482     4.8639      6.483   298.1874 3.6645e+01     3.1013      0.794      1.151     5.0337   999.9805 0.0000e+00
      0.811      0.024     8.1361     91.229     28.674  17.226088     4.8742      6.488   298.1524 3.6575e+01     3.0712      0.795      1.153     5.0356   999.9805 0.0000e+00
      0.816      0.031     8.1397     91.245     28.673  17.224373     4.9670      6.492   298.1234 3.6129e+01     3.1178      0.797      1.157     5.0365   999.9805 0.0000e+00
      0.827      0.037     8.1412     91.258     28.654  17.211744     5.1273      6.493   298.1809 3.5555e+01     3.2387      0.808      1.172     5.0368   999.9806 0.0000e+00
      0.843      0.040     8.1431     91.252     28.637  17.200214     5.2073      6.492   298.2458 3.4930e+01     3.2870      0.827      1.200     5.0371   999.9807 0.0000e+00
      0.857      0.041     8.1436     91.239     28.657  17.211795     5.2151      6.491   298.3054 3.4459e+01     3.2439      0.842      1.222     5.0364   999.9807 0.0000e+00
      0.867      0.038     8.1456     91.231     28.680  17.224945     5.2656      6.490   298.4719 3.4207e+01     3.1756      0.851      1.233     5.0343   999.9808 0.0000e+00
      0.874      0.032     8.1489     91.227     28.692  17.232377     5.3496      6.489   298.6234 3.3934e+01     3.1162      0.858      1.243     5.0317   999.9809 0.0000e+00
      0.881      0.027     8.1467     91.220     28.701  17.238246     5.3901      6.490   298.5885 3.3673e+01     3.0832      0.865      1.254     5.0300   999.9809 0.0000e+00
      0.887      0.022     8.1466     91.235     28.690  17.232491     5.3817      6.491   298.5669 3.3513e+01     3.0395      0.871      1.263     5.0290   999.9810 0.0000e+00
      0.892      0.019     8.1451     91.274     28.678  17.226203     5.2750      6.492   298.7061 3.3284e+01     3.0136      0.876      1.271     5.0282   999.9810 0.0000e+00
      0.896      0.018     8.1463     91.311     28.675  17.225631     5.0876      6.493   298.8082 3.3112e+01     3.0321      0.879      1.274     5.0279   999.9811 0.0000e+00
      0.899      0.019     8.1440     91.346     28.675  17.225584     4.9884      6.494   298.8546 3.3136e+01     3.0328      0.882      1.279     5.0283   999.9811 0.0000e+00
      0.903      0.020     8.1441     91.363     28.676  17.225632     4.9772      6.494   298.9228 3.2950e+01     3.0227      0.885      1.284     5.0300   999.9811 0.0000e+00
      0.908      0.023     8.1501     91.359     28.677  17.226203     4.9871      6.494   299.0311 3.2685e+01     3.0407      0.889      1.289     5.0323   999.9810 0.0000e+00
      0.915      0.026     8.1506     91.348     28.686  17.232493     5.0037      6.494   299.1318 3.2534e+01     3.0542      0.896      1.300     5.0345   999.9810 0.0000e+00
      0.923      0.028     8.1558     91.334     28.694  17.238267     5.0044      6.493   299.0216 3.2212e+01     3.0557      0.905      1.312     5.0351   999.9811 0.0000e+00
      0.932      0.028     8.1571     91.305     28.683  17.232605     4.9956      6.493   298.9032 3.1813e+01     3.0577      0.914      1.325     5.0338   999.9811 0.0000e+00
      0.940      0.027     8.1564     91.269     28.673  17.227459     4.9416      6.494   299.0772 3.1580e+01     3.0465      0.922      1.338     5.0333   999.9812 0.0000e+00
      0.947      0.026     8.1546     91.260     28.692  17.239456     4.8533      6.495   299.2320 3.1442e+01     3.0515      0.928      1.347     5.0348   999.9812 0.0000e+00
      0.953      0.026     8.1538     91.288     28.710  17.250831     4.8128      6.496   299.2266 3.1212e+01     3.0515      0.934      1.354     5.0370   999.9812 0.0000e+00
      0.958      0.026     8.1510     91.334     28.689  17.238157     4.8079      6.497   299.3559 3.0987e+01     3.0474      0.941      1.364     5.0383   999.9812 0.0000e+00
      0.963      0.028     8.1455     91.387     28.646  17.213051     4.8025      6.498   299.5907 3.0789e+01     3.0677      0.944      1.369     5.0395   999.9812 0.0000e+00
      0.970      0.031     8.1444     91.450     28.625  17.200940     4.8427      6.500   299.7426 3.0500e+01     3.0665      0.949      1.376     5.0407   999.9812 0.0000e+00
      0.979      0.034     8.1475     91.501     28.653  17.218552     4.9292      6.501   299.7300 3.0146e+01     3.0663      0.959      1.392     5.0418   999.9813 0.0000e+00
      0.989      0.036     8.1521     91.519     28.681  17.235752     4.9812      6.501   299.6970 2.9764e+01     3.0980      0.969      1.406     5.0424   999.9813 0.0000e+00
      0.999      0.036     8.1557     91.496     28.653  17.218655     4.9780      6.501   299.7728 2.9379e+01     3.0895      0.978      1.418     5.0431   999.9813 0.0000e+00
      1.010      0.035     8.1626     91.418     28.625  17.202085     4.8995      6.502   299.7863 2.9018e+01     3.0610      0.992      1.439     5.0445   999.9813 0.0000e+00
      1.020      0.033     8.1672     91.300     28.664  17.225641     4.7680      6.503   299.7742 2.8750e+01     3.0818      1.001      1.454     5.0456   999.9814 0.0000e+00
      1.027      0.029     8.1689     91.169     28.705  17.249816     4.6980      6.503   299.7130 2.8589e+01     3.0782      1.007      1.460     5.0458   999.9814 0.0000e+00
      1.033      0.025     8.1677     91.012     28.690  17.240724     4.6865      6.503   299.6481 2.8430e+01     3.0507      1.014      1.469     5.0458   999.9814 0.0000e+00
      1.039      0.023     8.1605     90.847     28.694  17.242543     4.6891      6.503   299.7637 2.8258e+01     3.1092      1.019      1.479     5.0462   999.9814 0.0000e+00
      1.043      0.023     8.1476     90.741     28.742  17.271806     4.7121      6.502   299.9071 2.8127e+01     3.1961      1.022      1.483     5.0465   999.9815 0.0000e+00
      1.048      0.024     8.1375     90.702     28.752  17.277458     4.7395      6.501   300.0048 2.7957e+01     3.2168      1.025      1.488     5.0461   999.9815 0.0000e+00
      1.055      0.024     8.1241     90.702     28.702  17.247472     4.7429      6.499   300.0845 2.7700e+01     3.2293      1.034      1.499     5.0449   999.9815 0.0000e+00
      1.063      0.024     8.1052     90.760     28.667  17.226327     4.7006      6.497   300.0963 2.7468e+01     3.2149      1.044      1.513     5.0443   999.9816 0.0000e+00
      1.070      0.023     8.0961     90.869     28.643  17.212034     4.6449      6.496   300.0618 2.7289e+01     3.1412      1.049      1.522     5.0445   999.9817 0.0000e+00
      1.075      0.022     8.0948     90.979     28.626  17.201492     4.6239      6.494   300.0970 2.7107e+01     3.0922      1.055      1.530     5.0448   999.9817 0.0000e+00
      1.080      0.020     8.0929     91.076     28.667  17.225695     4.6292      6.494   300.1782 2.6974e+01     3.0810      1.061      1.537     5.0454   999.9817 0.0000e+00
      1.084      0.018     8.0978     91.160     28.709  17.251008     4.6999      6.496   300.1829 2.6906e+01     3.0710      1.063      1.541     5.0457   999.9817 0.0000e+00
      1.088      0.018     8.1109     91.216     28.714  17.253885     4.8377      6.497   300.1535 2.6765e+01     3.0704      1.067      1.547     5.0449   999.9817 0.0000e+00
      1.092      0.019     8.1203     91.251     28.724  17.260478     4.9165      6.497   300.1670 2.6540e+01     3.0739      1.071      1.553     5.0437   999.9817 0.0000e+00
      1.097      0.022     8.1290     91.278     28.735  17.267309     4.9236      6.497   300.2605 2.6446e+01     3.0474      1.076      1.560     5.0427   999.9818 0.0000e+00
      1.102      0.026     8.1376     91.304     28.745  17.273066     4.9243      6.497   300.3376 2.6409e+01     3.0446      1.082      1.569     5.0427   999.9818 0.0000e+00
      1.108      0.030     8.1420     91.339     28.734  17.266663     4.9592      6.496   300.3251 2.6205e+01     3.1388      1.085      1.574     5.0434   999.9818 0.0000e+00
      1.117      0.034     8.1443     91.391     28.712  17.253313     5.0333      6.495   300.2812 2.5968e+01     3.2687      1.094      1.586     5.0440   999.9819 0.0000e+00
      1.128      0.038     8.1468     91.432     28.689  17.238486     5.0758      6.495   300.2374 2.5753e+01     3.3041      1.107      1.605     5.0441   999.9819 0.0000e+00
      1.138      0.040     8.1489     91.454     28.649  17.214216     5.0738      6.495   300.2255 2.5480e+01     3.2385      1.115      1.617     5.0439   999.9820 0.0000e+00
      1.149      0.042     8.1508     91.465     28.649  17.213521     5.0000      6.495   300.2238 2.5182e+01     3.1647      1.125      1.632     5.0445   999.9820 0.0000e+00
      1.160      0.043     8.1574     91.454     28.676  17.230091     4.8505      6.495   300.3020 2.4896e+01     3.1004      1.139      1.652     5.0446   999.9821 0.0000e+00
      1.171      0.044     8.1615     91.433     28.666  17.224316     4.7575      6.495   300.3970 2.4650e+01     3.0832      1.148      1.665     5.0431   999.9822 0.0000e+00
      1.181      0.045     8.1626     91.421     28.637  17.207106     4.7430      6.496   300.3405 2.4393e+01     3.0873      1.158      1.679     5.0416   999.9822 0.0000e+00
      1.193      0.044     8.1652     91.406     28.646  17.212253     4.7103      6.497   300.3066 2.4028e+01     3.0514      1.170      1.697     5.0407   999.9823 0.0000e+00
      1.206      0.043     8.1635     91.391     28.665  17.223126     4.6486      6.498   300.4176 2.3661e+01     3.0430      1.183      1.715     5.0410   999.9823 0.0000e+00
      1.219      0.040     8.1604     91.413     28.647  17.211744     4.6201      6.500   300.5637 2.3410e+01     3.0515      1.197      1.734     5.0420   999.9824 0.0000e+00
      1.230      0.037     8.1598     91.463     28.631  17.201461     4.6264      6.501   300.6112 2.3186e+01     3.0228      1.207      1.750     5.0426   999.9824 0.0000e+00
      1.238      0.032     8.1594     91.519     28.672  17.225630     4.6817      6.502   300.5610 2.3002e+01     3.0241      1.214      1.760     5.0418   999.9825 0.0000e+00
      1.244      0.027     8.1555     91.579     28.713  17.250311     4.7861      6.503   300.5586 2.2909e+01     3.0676      1.220      1.770     5.0409   999.9825 0.0000e+00
