Data/DataNotYetUploadedToEDI/Raw_CTD/RawDownloads/120619_fcr50.cnv
* Sea-Bird SBE19plus  Data File:
* FileName = C:\DATA\120619_fcr50_0001.hex
* Software version 2.8.0.119 SB_Terminal.dll
* Temperature SN = 7809
* Conductivity SN = 7809
* System UpLoad Time = Dec 09 2019 15:30:20
* <ApplicationData>
* <Seaterm232>
# nquan = 16
# nvalues = 1308                        
# units = specified
# name 0 = depFM: Depth [fresh water, m]
# name 1 = dz/dtM: Descent Rate [m/s]
# name 2 = sbeox0ML/L: Oxygen, SBE 43 [ml/l]
# name 3 = sbeox0PS: Oxygen, SBE 43 [% saturation]
# name 4 = specc: Specific Conductance [uS/cm]
# name 5 = c0uS/cm: Conductivity [uS/cm]
# name 6 = flECO-AFL: Fluorescence, WET Labs ECO-AFL/FL [mg/m^3]
# name 7 = ph: pH
# name 8 = orp: Oxidation Reduction Potential [mV]
# name 9 = par/sat/log: PAR/Logarithmic, Satlantic
# name 10 = turbWETntu0: Turbidity, WET Labs ECO [NTU]
# name 11 = prdM: Pressure, Strain Gauge [db]
# name 12 = prdE: Pressure, Strain Gauge [psi]
# name 13 = tv290C: Temperature [ITS-90, deg C]
# name 14 = density00: Density [density, kg/m^3]
# name 15 = flag:  0.000e+00
# span 0 =     -0.575,      9.646       
# span 1 =     -0.026,      0.135       
# span 2 =     6.4574,     8.6117       
# span 3 =     74.272,     98.993       
# span 4 =      3.481,     46.713       
# span 5 =   2.553725,  29.767277       
# span 6 =    -0.1573,     5.5971       
# span 7 =      6.172,     10.007       
# span 8 = -1240.6171,   418.9550       
# span 9 = 1.2357e-01, 3.6808e+02       
# span 10 =    -0.5613,    23.3148      
# span 11 =     -0.565,      9.460      
# span 12 =     -0.819,     13.721      
# span 13 =     5.4858,    11.7084      
# span 14 =   999.5346,  1000.0179      
# span 15 = 0.0000e+00, 0.0000e+00      
# interval = seconds: 0.25
# start_time = Dec 06 2019 14:27:30 [Instrument's time stamp, header]
# bad_flag = -9.990e-29
*END*
[from data line 904]
      6.061      0.029     7.8915     89.493     40.649  24.791746     3.4611      6.479   305.8317 1.2377e-01     5.6458      5.943      8.619     5.4923  1000.0009 0.0000e+00
      6.070      0.031     7.8925     89.527     40.678  24.809458     3.5662      6.480   305.9416 1.2368e-01     5.8044      5.951      8.632     5.4925  1000.0009 0.0000e+00
      6.080      0.036     7.8913     89.521     40.706  24.826560     3.5836      6.480   305.9716 1.2362e-01     5.8158      5.963      8.650     5.4929  1000.0010 0.0000e+00
      6.087      0.043     7.8891     89.506     40.676  24.808210     3.6376      6.479   306.0230 1.2365e-01     5.8493      5.970      8.659     5.4932  1000.0010 0.0000e+00
      6.094      0.049     7.8960     89.473     40.626  24.777906     3.7420      6.479   306.2183 1.2365e-01     5.9473      5.974      8.665     5.4933  1000.0010 0.0000e+00
      6.106      0.052     7.9009     89.432     40.625  24.777348     3.7970      6.480   306.4406 1.2365e-01     6.0181      5.985      8.682     5.4935  1000.0011 0.0000e+00
      6.126      0.054     7.8965     89.446     40.665  24.801465     3.7999      6.482   306.4732 1.2367e-01     6.0496      6.007      8.713     5.4940  1000.0012 0.0000e+00
      6.147      0.054     7.8972     89.491     40.690  24.815750     3.7762      6.483   306.2691 1.2371e-01     5.9680      6.031      8.746     5.4942  1000.0013 0.0000e+00
      6.162      0.054     7.8950     89.508     40.702  24.823185     3.7188      6.484   305.9519 1.2370e-01     5.7517      6.045      8.768     5.4939  1000.0013 0.0000e+00
      6.171      0.053     7.8866     89.528     40.710  24.827922     3.6778      6.484   305.7347 1.2369e-01     5.5969      6.052      8.778     5.4933  1000.0014 0.0000e+00
      6.180      0.052     7.8898     89.591     40.681  24.809582     3.6797      6.485   305.8807 1.2368e-01     5.5717      6.059      8.787     5.4929  1000.0014 0.0000e+00
      6.192      0.052     7.8977     89.673     40.652  24.791757     3.7852      6.486   306.1675 1.2365e-01     5.6762      6.071      8.805     5.4927  1000.0015 0.0000e+00
      6.206      0.052     7.8964     89.704     40.671  24.802716     3.9824      6.486   306.3632 1.2372e-01     5.8781      6.085      8.825     5.4925  1000.0016 0.0000e+00
      6.222      0.052     7.8969     89.678     40.691  24.815204     4.0949      6.486   306.5263 1.2382e-01     6.0133      6.100      8.849     5.4924  1000.0017 0.0000e+00
      6.239      0.050     7.9030     89.630     40.692  24.815875     4.1057      6.487   306.5912 1.2378e-01     6.0653      6.119      8.876     5.4919  1000.0018 0.0000e+00
      6.253      0.048     7.9140     89.563     40.683  24.810832     4.1129      6.487   306.3736 1.2370e-01     6.0474      6.134      8.897     5.4914  1000.0018 0.0000e+00
      6.263      0.046     7.9169     89.501     40.694  24.817667     4.1386      6.486   305.9600 1.2367e-01     5.9279      6.142      8.909     5.4912  1000.0019 0.0000e+00
      6.270      0.045     7.9115     89.454     40.723  24.835073     4.1651      6.486   305.8058 1.2371e-01     5.8007      6.149      8.918     5.4911  1000.0019 0.0000e+00
      6.278      0.043     7.9096     89.392     40.716  24.830975     4.1732      6.486   305.8858 1.2376e-01     5.7546      6.154      8.926     5.4912  1000.0019 0.0000e+00
      6.291      0.043     7.9015     89.337     40.717  24.831551     4.1843      6.486   305.8955 1.2372e-01     5.7634      6.166      8.944     5.4915  1000.0020 0.0000e+00
      6.306      0.044     7.8952     89.317     40.734  24.842045     4.2737      6.486   306.0097 1.2366e-01     5.7759      6.186      8.972     5.4917  1000.0021 0.0000e+00
      6.319      0.046     7.8937     89.283     40.716  24.830973     4.4311      6.486   306.3197 1.2370e-01     5.7750      6.199      8.990     5.4917  1000.0022 0.0000e+00
      6.328      0.046     7.8871     89.237     40.706  24.824568     4.5172      6.486   306.2881 1.2372e-01     5.7861      6.205      9.000     5.4917  1000.0022 0.0000e+00
      6.337      0.045     7.8790     89.217     40.711  24.828038     4.5171      6.487   305.8847 1.2362e-01     5.8113      6.213      9.011     5.4917  1000.0022 0.0000e+00
      6.348      0.045     7.8818     89.204     40.681  24.809480     4.4468      6.487   305.7452 1.2359e-01     5.8175      6.225      9.029     5.4916  1000.0023 0.0000e+00
      6.361      0.046     7.8786     89.204     40.651  24.790501     4.3098      6.488   305.8055 1.2369e-01     5.7963      6.238      9.048     5.4914  1000.0024 0.0000e+00
      6.374      0.046     7.8706     89.215     40.648  24.788884     4.2299      6.489   305.9263 1.2377e-01     5.7838      6.250      9.065     5.4913  1000.0024 0.0000e+00
      6.387      0.045     7.8726     89.220     40.650  24.789933     4.2272      6.489   306.1729 1.2377e-01     5.7972      6.264      9.084     5.4913  1000.0025 0.0000e+00
      6.399      0.043     7.8693     89.225     40.671  24.803178     4.2246      6.489   306.2918 1.2382e-01     5.7944      6.276      9.102     5.4911  1000.0025 0.0000e+00
      6.409      0.041     7.8698     89.222     40.701  24.822157     4.2251      6.490   306.1589 1.2387e-01     5.7832      6.285      9.116     5.4910  1000.0026 0.0000e+00
      6.419      0.039     7.8722     89.197     40.712  24.829086     4.2325      6.491   305.9431 1.2384e-01     5.7598      6.295      9.131     5.4909  1000.0026 0.0000e+00
      6.428      0.038     7.8712     89.162     40.702  24.823518     4.2190      6.491   305.9188 1.2379e-01     5.7409      6.304      9.143     5.4909  1000.0027 0.0000e+00
      6.436      0.037     7.8726     89.137     40.693  24.818276     4.1492      6.490   306.0378 1.2374e-01     5.7186      6.310      9.152     5.4910  1000.0027 0.0000e+00
      6.446      0.034     7.8725     89.132     40.710  24.829149     4.0384      6.490   306.1773 1.2367e-01     5.6214      6.320      9.165     5.4916  1000.0027 0.0000e+00
      6.457      0.032     7.8701     89.147     40.708  24.828101     3.9881      6.491   306.3158 1.2362e-01     5.5485      6.334      9.186     5.4926  1000.0028 0.0000e+00
      6.467      0.030     7.8653     89.161     40.671  24.805599     4.0011      6.491   306.4217 1.2365e-01     5.5590      6.344      9.202     5.4935  1000.0028 0.0000e+00
      6.472      0.027     7.8637     89.168     40.679  24.810842     4.0222      6.490   306.5108 1.2372e-01     5.5518      6.347      9.206     5.4937  1000.0028 0.0000e+00
      6.476      0.024     7.8624     89.197     40.707  24.828048     4.2346      6.489   306.5324 1.2377e-01     5.5266      6.350      9.209     5.4936  1000.0028 0.0000e+00
      6.482      0.019     7.8650     89.260     40.700  24.823319     4.6275      6.489   306.5966 1.2378e-01     5.5161      6.356      9.219     5.4936  1000.0029 0.0000e+00
      6.489      0.015     7.8669     89.344     40.690  24.817113     4.8368      6.489   306.7715 1.2379e-01     5.4907      6.364      9.230     5.4941  1000.0029 0.0000e+00
      6.494      0.013     7.8653     89.428     40.690  24.816445     4.8572      6.489   306.9260 1.2376e-01     5.4814      6.370      9.238     5.4945  1000.0029 0.0000e+00
      6.496      0.013     7.8680     89.510     40.688  24.815245     4.8395      6.489   307.0023 1.2372e-01     5.4030      6.371      9.241     5.4942  1000.0030 0.0000e+00
      6.496      0.014     7.8739     89.582     40.668  24.802596     4.7865      6.489   307.0063 1.2372e-01     5.1994      6.369      9.239     5.4939  1000.0029 0.0000e+00
      6.496      0.017     7.8829     89.643     40.648  24.790386     4.7465      6.490   306.9730 1.2372e-01     5.0841      6.369      9.238     5.4936  1000.0029 0.0000e+00
      6.499      0.023     7.8893     89.701     40.656  24.794494     4.7365      6.491   306.9442 1.2371e-01     5.0903      6.373      9.242     5.4933  1000.0030 0.0000e+00
      6.507      0.031     7.8974     89.742     40.646  24.788821     4.6918      6.491   307.0022 1.2373e-01     5.2747      6.380      9.253     5.4933  1000.0030 0.0000e+00
      6.518      0.039     7.9038     89.753     40.638  24.785238     4.5965      6.491   307.1577 1.2376e-01     5.6413      6.392      9.271     5.4931  1000.0031 0.0000e+00
      6.529      0.045     7.9083     89.756     40.684  24.814607     4.5377      6.492   307.2764 1.2379e-01     5.8196      6.403      9.287     5.4927  1000.0031 0.0000e+00
      6.543      0.047     7.9147     89.763     40.702  24.826728     4.5272      6.493   307.4045 1.2379e-01     5.7926      6.415      9.305     5.4921  1000.0032 0.0000e+00
      6.558      0.046     7.9188     89.745     40.665  24.804908     4.5401      6.493   307.5878 1.2374e-01     5.8389      6.432      9.329     5.4922  1000.0033 0.0000e+00
      6.571      0.042     7.9187     89.702     40.663  24.804540     4.5717      6.493   307.6863 1.2367e-01     5.9531      6.446      9.350     5.4939  1000.0033 0.0000e+00
      6.581      0.036     7.9169     89.638     40.693  24.822280     4.5878      6.493   307.5629 1.2366e-01     5.9940      6.454      9.360     5.4958  1000.0033 0.0000e+00
      6.589      0.028     7.9201     89.551     40.704  24.829088     4.5701      6.493   307.3003 1.2368e-01     5.9735      6.462      9.372     5.4969  1000.0034 0.0000e+00
      6.595      0.022     7.9174     89.455     40.695  24.823416     4.3751      6.494   307.2639 1.2368e-01     5.8690      6.470      9.384     5.4978  1000.0033 0.0000e+00
      6.598      0.017     7.9130     89.351     40.685  24.817143     4.0245      6.494   307.4672 1.2370e-01     5.6807      6.472      9.386     5.4983  1000.0033 0.0000e+00
      6.600      0.015     7.9087     89.272     40.685  24.816680     3.8337      6.495   307.7800 1.2376e-01     5.5650      6.472      9.388     5.4983  1000.0033 0.0000e+00
      6.602      0.015     7.8989     89.252     40.687  24.817825     3.8025      6.495   308.1208 1.2381e-01     5.5190      6.475      9.391     5.4980  1000.0034 0.0000e+00
      6.606      0.016     7.8921     89.278     40.709  24.830976     3.7949      6.494   308.2323 1.2382e-01     5.5174      6.477      9.394     5.4979  1000.0034 0.0000e+00
      6.611      0.019     7.8814     89.314     40.739  24.848811     3.8370      6.494   307.7503 1.2383e-01     5.6106      6.482      9.401     5.4976  1000.0034 0.0000e+00
      6.617      0.023     7.8725     89.332     40.729  24.843147     3.8957      6.496   306.9403 1.2380e-01     5.7280      6.490      9.412     5.4974  1000.0034 0.0000e+00
      6.624      0.027     7.8721     89.350     40.701  24.825941     3.9237      6.499   306.6984 1.2368e-01     5.7572      6.496      9.422     5.4975  1000.0035 0.0000e+00
      6.630      0.030     7.8750     89.389     40.710  24.831089     3.9242      6.499   306.8902 1.2365e-01     5.7352      6.502      9.430     5.4973  1000.0035 0.0000e+00
      6.637      0.031     7.8801     89.430     40.729  24.841953     3.8234      6.498   307.2793 1.2375e-01     5.6907      6.508      9.439     5.4968  1000.0036 0.0000e+00
      6.646      0.030     7.8806     89.478     40.710  24.830409     3.6322      6.497   307.8763 1.2375e-01     5.6123      6.516      9.451     5.4966  1000.0036 0.0000e+00
      6.658      0.028     7.8805     89.516     40.690  24.818392     3.5199      6.497   308.1721 1.2371e-01     5.5746      6.529      9.470     5.4966  1000.0037 0.0000e+00
      6.668      0.024     7.8863     89.532     40.698  24.823539     3.5059      6.499   307.6720 1.2373e-01     5.5619      6.541      9.487     5.4964  1000.0037 0.0000e+00
      6.673      0.019     7.8886     89.560     40.707  24.829202     3.6021      6.499   306.6476 1.2372e-01     5.4916      6.545      9.493     5.4954  1000.0038 0.0000e+00
      6.675      0.016     7.8941     89.600     40.697  24.823425     3.7979      6.499   306.1116 1.2369e-01     5.3796      6.546      9.494     5.4945  1000.0038 0.0000e+00
      6.675      0.015     7.8988     89.602     40.688  24.817133     3.9226      6.499   306.3532 1.2371e-01     5.3225      6.546      9.495     5.4951  1000.0038 0.0000e+00
      6.675      0.018     7.8970     89.533     40.688  24.816566     3.9490      6.499   306.9872 1.2375e-01     5.3251      6.545      9.493     5.4962  1000.0037 0.0000e+00
      6.678      0.024     7.8999     89.445     40.690  24.816566     3.9777      6.499   307.4109 1.2376e-01     5.4433      6.547      9.496     5.4969  1000.0038 0.0000e+00
      6.687      0.029     7.9048     89.389     40.692  24.817124     4.0273      6.500   307.4324 1.2375e-01     5.6713      6.557      9.510     5.4971  1000.0038 0.0000e+00
      6.698      0.034     7.9079     89.365     40.703  24.823312     4.0545      6.501   307.1605 1.2374e-01     5.7868      6.569      9.528     5.4963  1000.0039 0.0000e+00
      6.709      0.036     7.8989     89.367     40.711  24.827945     4.0555      6.502   306.5334 1.2369e-01     5.7920      6.579      9.543     5.4949  1000.0039 0.0000e+00
      6.720      0.036     7.8892     89.386     40.681  24.809699     4.0654      6.502   306.0449 1.2367e-01     5.7998      6.591      9.559     5.4934  1000.0040 0.0000e+00
      6.731      0.034     7.8860     89.416     40.654  24.793017     4.2003      6.502   305.9849 1.2368e-01     5.7493      6.602      9.576     5.4924  1000.0041 0.0000e+00
      6.739      0.030     7.8832     89.448     40.693  24.816558     4.4461      6.503   306.0673 1.2370e-01     5.6407      6.609      9.586     5.4919  1000.0042 0.0000e+00
      6.744      0.028     7.8845     89.453     40.732  24.840581     4.5752      6.504   306.3533 1.2370e-01     5.5681      6.614      9.593     5.4917  1000.0042 0.0000e+00
      6.750      0.027     7.8857     89.416     40.715  24.829728     4.5910      6.504   306.6898 1.2365e-01     5.5275      6.619      9.600     5.4916  1000.0042 0.0000e+00
      6.756      0.027     7.8887     89.355     40.686  24.812205     4.6799      6.505   306.7801 1.2361e-01     5.5755      6.625      9.609     5.4914  1000.0042 0.0000e+00
      6.763      0.028     7.8929     89.301     40.697  24.819031     4.8355      6.506   306.6702 1.2360e-01     5.7225      6.632      9.619     5.4914  1000.0043 0.0000e+00
      6.771      0.028     7.8939     89.269     40.746  24.848822     4.9208      6.506   306.3931 1.2360e-01     5.7969      6.640      9.630     5.4914  1000.0044 0.0000e+00
      6.780      0.028     7.8900     89.264     40.756  24.855208     4.9130      6.505   306.1831 1.2360e-01     5.7872      6.650      9.644     5.4914  1000.0044 0.0000e+00
      6.788      0.027     7.8831     89.292     40.719  24.832811     4.6376      6.505   306.0243 1.2359e-01     5.7692      6.657      9.656     5.4914  1000.0044 0.0000e+00
      6.795      0.024     7.8780     89.343     40.717  24.831771     4.1218      6.505   305.9362 1.2360e-01     5.7754      6.663      9.664     5.4915  1000.0044 0.0000e+00
      6.800      0.021     7.8756     89.411     40.734  24.842634     3.8440      6.505   306.0637 1.2364e-01     5.7969      6.670      9.674     5.4915  1000.0045 0.0000e+00
      6.805      0.018     7.8740     89.466     40.724  24.837277     3.8279      6.505   306.4467 1.2368e-01     5.7995      6.674      9.680     5.4915  1000.0045 0.0000e+00
      6.809      0.016     7.8777     89.487     40.713  24.830442     3.8672      6.506   306.9527 1.2371e-01     5.8074      6.677      9.684     5.4914  1000.0045 0.0000e+00
      6.812      0.014     7.8816     89.476     40.701  24.823437     3.9369      6.506   307.1060 1.2375e-01     5.7938      6.680      9.690     5.4918  1000.0045 0.0000e+00
      6.815      0.014     7.8886     89.431     40.687  24.816010     3.9774      6.505   306.9244 1.2377e-01     5.7657      6.682      9.692     5.4924  1000.0045 0.0000e+00
