Data/DataNotYetUploadedToEDI/Raw_CTD/RawDownloads/120619_bvr50.cnv
* Sea-Bird SBE19plus  Data File:
* FileName = C:\DATA\120619_fcr50_0002.hex
* Software version 2.8.0.119 SB_Terminal.dll
* Temperature SN = 7809
* Conductivity SN = 7809
* System UpLoad Time = Dec 09 2019 15:31:03
* <ApplicationData>
* <Seaterm232>
# nquan = 16
# nvalues = 1567                        
# units = specified
# name 0 = depFM: Depth [fresh water, m]
# name 1 = dz/dtM: Descent Rate [m/s]
# name 2 = sbeox0ML/L: Oxygen, SBE 43 [ml/l]
# name 3 = sbeox0PS: Oxygen, SBE 43 [% saturation]
# name 4 = specc: Specific Conductance [uS/cm]
# name 5 = c0uS/cm: Conductivity [uS/cm]
# name 6 = flECO-AFL: Fluorescence, WET Labs ECO-AFL/FL [mg/m^3]
# name 7 = ph: pH
# name 8 = orp: Oxidation Reduction Potential [mV]
# name 9 = par/sat/log: PAR/Logarithmic, Satlantic
# name 10 = turbWETntu0: Turbidity, WET Labs ECO [NTU]
# name 11 = prdM: Pressure, Strain Gauge [db]
# name 12 = prdE: Pressure, Strain Gauge [psi]
# name 13 = tv290C: Temperature [ITS-90, deg C]
# name 14 = density00: Density [density, kg/m^3]
# name 15 = flag:  0.000e+00
# span 0 =     -0.662,      9.543       
# span 1 =     -0.284,      0.317       
# span 2 =     6.3512,     8.9311       
# span 3 =     71.644,    100.988       
# span 4 =      0.267,     30.460       
# span 5 =   0.184282,  18.577359       
# span 6 =    -0.1652,     6.5255       
# span 7 =      5.973,      7.638       
# span 8 =   178.1978,  1240.2293       
# span 9 = 1.2356e-01, 2.4250e+02       
# span 10 =    -0.3966,    30.2863      
# span 11 =     -0.650,      9.359      
# span 12 =     -0.942,     13.574      
# span 13 =     4.9686,     9.4809      
# span 14 =   999.7464,  1000.0235      
# span 15 = 0.0000e+00, 0.0000e+00      
# interval = seconds: 0.25
# start_time = Dec 06 2019 15:45:22 [Instrument's time stamp, header]
# bad_flag = -9.990e-29
*END*
[from data line 1356]
      8.113      0.045     8.1559     90.977     28.692  17.207140     5.8249      6.605   313.8134 1.2356e-01     3.0643      7.957     11.541     4.9807  1000.0166 0.0000e+00
      8.123      0.042     8.1520     90.946     28.724  17.225683     5.9641      6.606   313.9805 1.2361e-01     3.0906      7.967     11.557     4.9818  1000.0166 0.0000e+00
      8.130      0.037     8.1426     90.932     28.757  17.245083     6.0364      6.606   314.0163 1.2364e-01     3.0418      7.973     11.564     4.9835  1000.0167 0.0000e+00
      8.136      0.033     8.1352     90.947     28.767  17.251468     6.0394      6.606   313.9876 1.2360e-01     3.0318      7.976     11.569     4.9842  1000.0167 0.0000e+00
      8.146      0.030     8.1324     90.982     28.747  17.239461     6.1129      6.606   313.8918 1.2366e-01     3.0681      7.988     11.586     4.9841  1000.0167 0.0000e+00
      8.156      0.030     8.1291     91.002     28.725  17.226742     6.2580      6.606   313.8040 1.2372e-01     3.0539      8.000     11.602     4.9837  1000.0168 0.0000e+00
      8.162      0.033     8.1276     91.000     28.721  17.224512     6.3287      6.606   313.8723 1.2371e-01     2.9913      8.005     11.610     4.9832  1000.0168 0.0000e+00
      8.168      0.040     8.1289     91.003     28.701  17.212507     6.3263      6.606   314.0298 1.2368e-01     2.9672      8.010     11.617     4.9833  1000.0169 0.0000e+00
      8.175      0.048     8.1335     91.020     28.696  17.208410     6.3422      6.605   314.0728 1.2368e-01     3.0571      8.016     11.626     4.9838  1000.0169 0.0000e+00
      8.185      0.054     8.1359     91.034     28.746  17.238396     6.3733      6.605   314.0482 1.2372e-01     3.1941      8.024     11.638     4.9841  1000.0169 0.0000e+00
      8.204      0.059     8.1339     91.034     28.778  17.257986     6.3902      6.605   314.0762 1.2374e-01     3.2466      8.043     11.666     4.9842  1000.0170 0.0000e+00
      8.229      0.061     8.1341     91.025     28.773  17.255022     6.3893      6.605   314.0676 1.2371e-01     3.2325      8.072     11.707     4.9840  1000.0171 0.0000e+00
      8.249      0.058     8.1367     91.019     28.791  17.265971     6.3460      6.605   314.0302 1.2366e-01     3.1876      8.094     11.739     4.9831  1000.0172 0.0000e+00
      8.261      0.053     8.1385     91.020     28.786  17.263538     6.2736      6.605   314.0539 1.2366e-01     3.0973      8.102     11.752     4.9824  1000.0173 0.0000e+00
      8.270      0.047     8.1380     91.018     28.723  17.225605     6.2424      6.605   314.0967 1.2371e-01     3.0261      8.109     11.762     4.9830  1000.0174 0.0000e+00
      8.279      0.042     8.1366     91.022     28.662  17.187827     6.2297      6.606   314.1170 1.2377e-01     3.0142      8.120     11.777     4.9839  1000.0174 0.0000e+00
      8.287      0.042     8.1355     91.045     28.662  17.187255     6.1280      6.607   314.1277 1.2378e-01     3.0191      8.128     11.787     4.9847  1000.0174 0.0000e+00
      8.297      0.043     8.1362     91.058     28.715  17.218682     5.9660      6.607   314.1405 1.2375e-01     3.0194      8.135     11.798     4.9850  1000.0175 0.0000e+00
      8.310      0.043     8.1362     91.063     28.770  17.250736     5.8933      6.607   314.1859 1.2370e-01     3.0183      8.148     11.818     4.9844  1000.0175 0.0000e+00
      8.324      0.042     8.1351     91.087     28.782  17.257747     5.8906      6.606   314.2452 1.2367e-01     3.0393      8.164     11.841     4.9829  1000.0176 0.0000e+00
      8.336      0.038     8.1396     91.128     28.752  17.240032     5.8639      6.606   314.2552 1.2373e-01     3.0761      8.177     11.860     4.9816  1000.0177 0.0000e+00
      8.346      0.033     8.1413     91.180     28.730  17.226789     5.7698      6.606   314.2215 1.2382e-01     3.1022      8.184     11.870     4.9807  1000.0177 0.0000e+00
      8.352      0.027     8.1394     91.230     28.725  17.224457     5.6363      6.607   314.1825 1.2382e-01     3.0928      8.191     11.881     4.9800  1000.0178 0.0000e+00
      8.357      0.022     8.1431     91.292     28.704  17.211832     5.5686      6.607   314.1278 1.2378e-01     3.0618      8.196     11.888     4.9798  1000.0178 0.0000e+00
      8.361      0.020     8.1460     91.377     28.686  17.200967     5.5665      6.608   314.0757 1.2378e-01     3.0878      8.199     11.892     4.9797  1000.0178 0.0000e+00
      8.364      0.021     8.1520     91.463     28.718  17.219929     5.6020      6.608   314.0688 1.2371e-01     3.1771      8.201     11.896     4.9796  1000.0178 0.0000e+00
      8.369      0.024     8.1559     91.527     28.769  17.250850     5.6678      6.607   314.0443 1.2364e-01     3.2565      8.207     11.903     4.9799  1000.0179 0.0000e+00
      8.374      0.026     8.1596     91.532     28.781  17.257758     5.7034      6.607   314.0373 1.2369e-01     3.2617      8.211     11.909     4.9803  1000.0179 0.0000e+00
      8.382      0.029     8.1697     91.501     28.751  17.240043     5.7033      6.608   314.0704 1.2370e-01     3.2400      8.217     11.918     4.9805  1000.0179 0.0000e+00
      8.393      0.031     8.1762     91.478     28.729  17.226903     5.7791      6.610   314.1001 1.2369e-01     3.1908      8.232     11.939     4.9804  1000.0180 0.0000e+00
      8.402      0.033     8.1850     91.444     28.727  17.225709     5.9349      6.611   314.2243 1.2369e-01     3.0923      8.242     11.955     4.9805  1000.0180 0.0000e+00
      8.408      0.034     8.1844     91.392     28.727  17.225604     6.0178      6.613   314.2815 1.2374e-01     3.0324      8.245     11.958     4.9806  1000.0181 0.0000e+00
      8.415      0.034     8.1784     91.342     28.727  17.225637     6.0364      6.613   314.1892 1.2378e-01     3.0240      8.251     11.967     4.9804  1000.0181 0.0000e+00
      8.424      0.033     8.1792     91.307     28.728  17.226103     6.1512      6.614   314.1409 1.2378e-01     3.0558      8.261     11.982     4.9803  1000.0181 0.0000e+00
      8.435      0.030     8.1753     91.300     28.736  17.231240     6.3478      6.615   314.1280 1.2380e-01     3.0893      8.272     11.997     4.9802  1000.0182 0.0000e+00
      8.445      0.027     8.1702     91.316     28.724  17.224332     6.4542      6.615   314.1199 1.2380e-01     3.0683      8.283     12.013     4.9803  1000.0182 0.0000e+00
      8.452      0.023     8.1650     91.326     28.693  17.205997     6.4493      6.615   314.1289 1.2377e-01     3.0314      8.292     12.026     4.9805  1000.0183 0.0000e+00
      8.456      0.020     8.1618     91.317     28.682  17.199803     6.3228      6.615   314.1506 1.2373e-01     3.0697      8.294     12.029     4.9805  1000.0183 0.0000e+00
      8.457      0.020     8.1609     91.304     28.703  17.212857     6.1126      6.616   314.2105 1.2372e-01     3.2038      8.293     12.028     4.9805  1000.0183 0.0000e+00
      8.458      0.023     8.1635     91.293     28.743  17.237004     6.0071      6.616   314.2506 1.2375e-01     3.3087      8.294     12.029     4.9811  1000.0183 0.0000e+00
      8.463      0.027     8.1652     91.280     28.746  17.238100     6.0003      6.615   314.2049 1.2376e-01     3.3222      8.297     12.034     4.9820  1000.0182 0.0000e+00
      8.473      0.028     8.1628     91.272     28.726  17.226103     5.9953      6.615   314.1747 1.2371e-01     3.3014      8.307     12.049     4.9829  1000.0183 0.0000e+00
      8.487      0.028     8.1618     91.285     28.713  17.218775     5.9211      6.616   314.2291 1.2371e-01     3.2211      8.323     12.072     4.9835  1000.0183 0.0000e+00
      8.498      0.027     8.1609     91.315     28.703  17.212916     5.7873      6.617   314.2606 1.2375e-01     3.1054      8.337     12.092     4.9832  1000.0185 0.0000e+00
      8.503      0.025     8.1597     91.329     28.713  17.218673     5.7128      6.618   314.2114 1.2371e-01     3.0499      8.339     12.097     4.9826  1000.0185 0.0000e+00
      8.503      0.024     8.1585     91.324     28.724  17.224972     5.6874      6.619   314.0641 1.2369e-01     3.0411      8.337     12.092     4.9822  1000.0185 0.0000e+00
      8.504      0.024     8.1593     91.308     28.725  17.225657     5.6534      6.620   313.9417 1.2374e-01     3.0976      8.338     12.093     4.9820  1000.0185 0.0000e+00
      8.511      0.026     8.1637     91.255     28.727  17.226957     5.6149      6.620   314.0230 1.2373e-01     3.2078      8.344     12.103     4.9826  1000.0185 0.0000e+00
      8.521      0.030     8.1651     91.186     28.748  17.240688     5.5859      6.619   314.1868 1.2370e-01     3.2589      8.354     12.118     4.9830  1000.0185 0.0000e+00
      8.532      0.034     8.1629     91.126     28.788  17.264848     5.5722      6.618   314.2013 1.2372e-01     3.2564      8.368     12.135     4.9828  1000.0186 0.0000e+00
      8.542      0.035     8.1646     91.064     28.790  17.265420     5.5008      6.619   314.1120 1.2373e-01     3.2108      8.378     12.150     4.9827  1000.0187 0.0000e+00
      8.551      0.032     8.1574     90.997     28.761  17.247601     5.3643      6.620   314.0537 1.2373e-01     3.1340      8.385     12.161     4.9835  1000.0187 0.0000e+00
      8.559      0.026     8.1506     90.940     28.748  17.239645     5.2825      6.620   314.0132 1.2374e-01     3.1150      8.394     12.174     4.9844  1000.0187 0.0000e+00
      8.567      0.021     8.1459     90.911     28.737  17.232632     5.2578      6.619   313.9660 1.2371e-01     3.1115      8.403     12.188     4.9846  1000.0188 0.0000e+00
      8.572      0.019     8.1402     90.898     28.727  17.226228     5.2206      6.619   313.9991 1.2371e-01     3.0924      8.408     12.195     4.9842  1000.0188 0.0000e+00
      8.572      0.019     8.1344     90.890     28.725  17.225638     5.1803      6.619   314.0699 1.2373e-01     3.0794      8.406     12.193     4.9835  1000.0188 0.0000e+00
      8.571      0.021     8.1276     90.885     28.724  17.225492     5.1606      6.620   314.0469 1.2374e-01     3.0531      8.404     12.189     4.9828  1000.0188 0.0000e+00
      8.575      0.025     8.1270     90.886     28.720  17.224463     5.1468      6.621   314.0650 1.2376e-01     3.0375      8.407     12.193     4.9819  1000.0188 0.0000e+00
      8.585      0.030     8.1255     90.922     28.700  17.213194     5.1356      6.621   314.0308 1.2378e-01     3.0217      8.418     12.209     4.9818  1000.0189 0.0000e+00
      8.597      0.034     8.1249     90.985     28.704  17.216070     5.1286      6.620   313.9782 1.2375e-01     3.0578      8.431     12.228     4.9823  1000.0189 0.0000e+00
      8.609      0.034     8.1247     91.034     28.776  17.259245     5.1230      6.620   314.1168 1.2368e-01     3.1790      8.443     12.245     4.9837  1000.0190 0.0000e+00
      8.620      0.031     8.1221     91.063     28.830  17.291310     5.1200      6.620   314.1577 1.2364e-01     3.2417      8.454     12.262     4.9859  1000.0190 0.0000e+00
      8.627      0.028     8.1256     91.080     28.823  17.286687     5.1100      6.621   314.0424 1.2369e-01     3.2258      8.462     12.273     4.9872  1000.0190 0.0000e+00
      8.630      0.026     8.1337     91.108     28.790  17.266771     5.0893      6.621   314.0136 1.2377e-01     3.1843      8.464     12.275     4.9877  1000.0190 0.0000e+00
      8.632      0.026     8.1369     91.131     28.746  17.240750     5.0598      6.622   314.0679 1.2380e-01     3.0999      8.463     12.275     4.9874  1000.0190 0.0000e+00
      8.638      0.027     8.1407     91.124     28.721  17.225725     5.0388      6.622   314.1827 1.2381e-01     3.0584      8.470     12.285     4.9867  1000.0191 0.0000e+00
      8.647      0.030     8.1400     91.099     28.698  17.211936     5.0354      6.621   314.2834 1.2379e-01     3.0759      8.480     12.298     4.9866  1000.0191 0.0000e+00
      8.657      0.032     8.1436     91.080     28.680  17.200863     5.0533      6.620   314.2532 1.2374e-01     3.0488      8.489     12.312     4.9868  1000.0192 0.0000e+00
      8.667      0.034     8.1473     91.072     28.711  17.218672     5.0822      6.620   314.1611 1.2373e-01     3.0250      8.499     12.327     4.9868  1000.0192 0.0000e+00
      8.676      0.036     8.1452     91.045     28.742  17.237016     5.0991      6.620   314.1159 1.2376e-01     3.0508      8.510     12.341     4.9870  1000.0192 0.0000e+00
      8.684      0.036     8.1430     91.013     28.735  17.232404     5.1008      6.619   314.1366 1.2379e-01     3.0651      8.516     12.351     4.9871  1000.0193 0.0000e+00
      8.691      0.037     8.1394     91.013     28.726  17.226332     5.1117      6.617   314.2400 1.2378e-01     3.1325      8.521     12.359     4.9866  1000.0193 0.0000e+00
      8.701      0.038     8.1424     91.039     28.727  17.227016     5.1440      6.617   314.3333 1.2374e-01     3.2440      8.532     12.374     4.9857  1000.0194 0.0000e+00
      8.713      0.038     8.1386     91.075     28.749  17.240678     5.1619      6.617   314.2328 1.2371e-01     3.2665      8.544     12.393     4.9845  1000.0195 0.0000e+00
      8.724      0.037     8.1341     91.101     28.789  17.264682     5.1549      6.617   314.1427 1.2370e-01     3.2398      8.554     12.407     4.9835  1000.0195 0.0000e+00
      8.734      0.034     8.1354     91.124     28.786  17.263591     5.1282      6.617   314.1906 1.2372e-01     3.1842      8.566     12.424     4.9828  1000.0196 0.0000e+00
      8.744      0.032     8.1373     91.156     28.726  17.227477     5.0812      6.617   314.2093 1.2372e-01     3.0853      8.577     12.440     4.9829  1000.0196 0.0000e+00
      8.749      0.031     8.1424     91.185     28.694  17.208524     5.0473      6.617   314.1965 1.2369e-01     3.0263      8.581     12.445     4.9831  1000.0196 0.0000e+00
      8.753      0.031     8.1435     91.200     28.720  17.224675     5.0389      6.617   314.2075 1.2363e-01     2.9960      8.583     12.449     4.9835  1000.0197 0.0000e+00
      8.759      0.030     8.1448     91.197     28.734  17.232517     5.0402      6.616   314.1709 1.2363e-01     2.9808      8.588     12.456     4.9844  1000.0197 0.0000e+00
      8.769      0.029     8.1484     91.166     28.746  17.239930     5.0548      6.615   314.0125 1.2370e-01     3.0718      8.597     12.469     4.9849  1000.0197 0.0000e+00
      8.783      0.029     8.1512     91.110     28.764  17.250888     5.0766      6.615   313.9266 1.2375e-01     3.2121      8.615     12.495     4.9853  1000.0198 0.0000e+00
      8.793      0.032     8.1526     91.062     28.743  17.238175     5.0871      6.615   314.0795 1.2381e-01     3.2676      8.627     12.512     4.9856  1000.0199 0.0000e+00
      8.796      0.038     8.1524     91.014     28.702  17.213059     5.0938      6.613   314.3117 1.2384e-01     3.3168      8.626     12.510     4.9856  1000.0198 0.0000e+00
      8.797      0.043     8.1507     90.968     28.682  17.200862     5.1150      6.611   314.4116 1.2383e-01     3.3812      8.623     12.507     4.9855  1000.0198 0.0000e+00
      8.806      0.047     8.1427     90.976     28.710  17.217537     5.1435      6.609   314.3403 1.2378e-01     3.3580      8.631     12.518     4.9858  1000.0199 0.0000e+00
      8.826      0.050     8.1394     91.019     28.722  17.224426     5.1525      6.609   314.2240 1.2371e-01     3.2983      8.652     12.549     4.9861  1000.0200 0.0000e+00
      8.849      0.055     8.1368     91.042     28.716  17.220739     5.1462      6.608   314.2097 1.2370e-01     3.2497      8.681     12.591     4.9857  1000.0201 0.0000e+00
      8.865      0.059     8.1282     91.050     28.742  17.236365     5.1284      6.607   314.2544 1.2375e-01     3.1963      8.699     12.616     4.9848  1000.0202 0.0000e+00
      8.873      0.060     8.1308     91.045     28.720  17.223119     5.1015      6.606   314.3341 1.2379e-01     3.1443      8.701     12.621     4.9837  1000.0202 0.0000e+00
