Data/DataNotYetUploadedToEDI/Raw_CTD/RawDownloads/120619_bvr50.cnv
* Sea-Bird SBE19plus  Data File:
* FileName = C:\DATA\120619_fcr50_0002.hex
* Software version 2.8.0.119 SB_Terminal.dll
* Temperature SN = 7809
* Conductivity SN = 7809
* System UpLoad Time = Dec 09 2019 15:31:03
* <ApplicationData>
* <Seaterm232>
# nquan = 16
# nvalues = 1567                        
# units = specified
# name 0 = depFM: Depth [fresh water, m]
# name 1 = dz/dtM: Descent Rate [m/s]
# name 2 = sbeox0ML/L: Oxygen, SBE 43 [ml/l]
# name 3 = sbeox0PS: Oxygen, SBE 43 [% saturation]
# name 4 = specc: Specific Conductance [uS/cm]
# name 5 = c0uS/cm: Conductivity [uS/cm]
# name 6 = flECO-AFL: Fluorescence, WET Labs ECO-AFL/FL [mg/m^3]
# name 7 = ph: pH
# name 8 = orp: Oxidation Reduction Potential [mV]
# name 9 = par/sat/log: PAR/Logarithmic, Satlantic
# name 10 = turbWETntu0: Turbidity, WET Labs ECO [NTU]
# name 11 = prdM: Pressure, Strain Gauge [db]
# name 12 = prdE: Pressure, Strain Gauge [psi]
# name 13 = tv290C: Temperature [ITS-90, deg C]
# name 14 = density00: Density [density, kg/m^3]
# name 15 = flag:  0.000e+00
# span 0 =     -0.662,      9.543       
# span 1 =     -0.284,      0.317       
# span 2 =     6.3512,     8.9311       
# span 3 =     71.644,    100.988       
# span 4 =      0.267,     30.460       
# span 5 =   0.184282,  18.577359       
# span 6 =    -0.1652,     6.5255       
# span 7 =      5.973,      7.638       
# span 8 =   178.1978,  1240.2293       
# span 9 = 1.2356e-01, 2.4250e+02       
# span 10 =    -0.3966,    30.2863      
# span 11 =     -0.650,      9.359      
# span 12 =     -0.942,     13.574      
# span 13 =     4.9686,     9.4809      
# span 14 =   999.7464,  1000.0235      
# span 15 = 0.0000e+00, 0.0000e+00      
# interval = seconds: 0.25
# start_time = Dec 06 2019 15:45:22 [Instrument's time stamp, header]
# bad_flag = -9.990e-29
*END*
[from data line 272]
      0.351      0.013     8.1383     91.265     28.675  17.232490     4.0275      6.519   288.7239 6.2558e+01     3.0775      0.345      0.501     5.0371   999.9783 0.0000e+00
      0.350      0.012     8.1433     91.257     28.682  17.238255     4.1088      6.520   288.9098 6.2877e+01     3.0759      0.342      0.496     5.0406   999.9782 0.0000e+00
      0.350      0.017     8.1459     91.241     28.668  17.232490     4.1539      6.523   289.2241 6.2757e+01     3.0616      0.342      0.496     5.0433   999.9782 0.0000e+00
      0.354      0.027     8.1463     91.238     28.654  17.226200     4.1567      6.525   289.5989 6.2017e+01     3.0356      0.348      0.505     5.0448   999.9782 0.0000e+00
      0.359      0.037     8.1446     91.285     28.651  17.225627     4.1606      6.523   289.9142 6.1387e+01     2.9918      0.352      0.511     5.0468   999.9782 0.0000e+00
      0.369      0.046     8.1442     91.355     28.651  17.225571     4.2266      6.517   290.1962 6.0143e+01     2.9573      0.356      0.518     5.0499   999.9781 0.0000e+00
      0.388      0.050     8.1415     91.413     28.651  17.225514     4.3481      6.509   290.3419 5.7970e+01     2.9789      0.378      0.549     5.0535   999.9782 0.0000e+00
      0.410      0.050     8.1376     91.451     28.650  17.224942     4.4063      6.502   290.4710 5.6781e+01     3.0249      0.405      0.587     5.0576   999.9782 0.0000e+00
      0.425      0.046     8.1436     91.456     28.639  17.218654     4.4027      6.499   290.6385 5.6090e+01     3.0218      0.419      0.607     5.0597   999.9783 0.0000e+00
      0.434      0.038     8.1509     91.430     28.629  17.212898     4.3911      6.497   290.8180 5.5752e+01     3.0067      0.427      0.619     5.0600   999.9783 0.0000e+00
      0.439      0.028     8.1557     91.390     28.638  17.218767     4.3696      6.497   291.0930 5.6063e+01     3.0397      0.431      0.626     5.0603   999.9783 0.0000e+00
      0.443      0.018     8.1599     91.338     28.650  17.226201     4.3516      6.500   291.2965 5.6031e+01     3.0924      0.434      0.630     5.0603   999.9783 0.0000e+00
      0.447      0.012     8.1602     91.274     28.672  17.239361     4.3375      6.502   291.3864 5.5866e+01     3.0859      0.439      0.636     5.0601   999.9784 0.0000e+00
      0.449      0.008     8.1572     91.224     28.692  17.251048     4.3035      6.504   291.4047 5.6167e+01     3.0600      0.441      0.639     5.0605   999.9783 0.0000e+00
      0.450      0.006     8.1532     91.204     28.676  17.240681     4.2523      6.507   291.5176 5.6387e+01     3.1068      0.441      0.640     5.0613   999.9784 0.0000e+00
      0.451      0.004     8.1491     91.216     28.677  17.240847     4.2296      6.510   291.8052 5.6402e+01     3.1269      0.442      0.641     5.0623   999.9783 0.0000e+00
      0.452      0.002     8.1414     91.264     28.697  17.253053     4.2288      6.512   292.0428 5.6723e+01     3.0749      0.443      0.642     5.0626   999.9783 0.0000e+00
      0.452      0.001     8.1371     91.321     28.710  17.261430     4.2339      6.515   292.1531 5.6818e+01     3.0347      0.443      0.643     5.0616   999.9784 0.0000e+00
      0.452      0.001     8.1361     91.374     28.738  17.278715     4.2561      6.516   292.1930 5.6713e+01     3.0347      0.442      0.642     5.0605   999.9784 0.0000e+00
      0.452      0.000     8.1358     91.429     28.728  17.271807     4.2724      6.516   292.2668 5.6768e+01     3.0742      0.443      0.643     5.0596   999.9784 0.0000e+00
      0.452      0.000     8.1422     91.462     28.679  17.241315     4.2750      6.516   292.4443 5.6466e+01     3.0857      0.443      0.643     5.0597   999.9784 0.0000e+00
      0.452      0.001     8.1475     91.452     28.658  17.227118     4.2619      6.517   292.6174 5.6218e+01     3.0434      0.443      0.643     5.0609   999.9784 0.0000e+00
      0.452      0.003     8.1508     91.439     28.659  17.226977     4.2344      6.517   292.7246 5.6372e+01     3.0217      0.443      0.643     5.0615   999.9784 0.0000e+00
      0.451      0.006     8.1573     91.419     28.681  17.239602     4.2208      6.518   292.7948 5.6291e+01     3.0525      0.442      0.642     5.0601   999.9784 0.0000e+00
      0.451      0.010     8.1628     91.358     28.705  17.252939     4.2187      6.519   292.8634 5.6014e+01     3.0876      0.441      0.640     5.0576   999.9784 0.0000e+00
      0.454      0.014     8.1589     91.282     28.721  17.261410     4.2176      6.520   293.0379 5.5698e+01     3.0862      0.444      0.645     5.0560   999.9785 0.0000e+00
      0.460      0.016     8.1582     91.224     28.751  17.278601     4.2506      6.520   293.2701 5.5278e+01     3.0680      0.452      0.655     5.0550   999.9785 0.0000e+00
      0.467      0.017     8.1600     91.183     28.740  17.270548     4.3143      6.520   293.4338 5.4812e+01     3.0646      0.459      0.664     5.0530   999.9786 0.0000e+00
      0.473      0.016     8.1525     91.167     28.670  17.227458     4.3458      6.520   293.5543 5.4468e+01     3.0779      0.465      0.674     5.0507   999.9787 0.0000e+00
      0.477      0.013     8.1450     91.171     28.628  17.201512     4.3370      6.521   293.6089 5.4522e+01     3.0643      0.469      0.680     5.0491   999.9787 0.0000e+00
      0.479      0.009     8.1407     91.177     28.643  17.210494     4.3123      6.524   293.5777 5.4447e+01     3.0648      0.470      0.681     5.0480   999.9788 0.0000e+00
      0.481      0.006     8.1371     91.202     28.642  17.209237     4.2901      6.527   293.5212 5.4152e+01     3.1159      0.472      0.686     5.0458   999.9788 0.0000e+00
      0.481      0.005     8.1358     91.240     28.606  17.186304     4.2841      6.527   293.5282 5.4356e+01     3.1256      0.473      0.686     5.0432   999.9788 0.0000e+00
      0.480      0.007     8.1385     91.256     28.610  17.186875     4.2834      6.529   293.7478 5.4491e+01     3.0832      0.470      0.682     5.0414   999.9788 0.0000e+00
      0.479      0.011     8.1373     91.274     28.661  17.216139     4.3079      6.531   294.0254 5.4136e+01     3.0301      0.469      0.680     5.0410   999.9788 0.0000e+00
      0.482      0.015     8.1390     91.291     28.676  17.223048     4.3640      6.532   294.1323 5.3730e+01     3.0072      0.472      0.684     5.0416   999.9788 0.0000e+00
      0.489      0.017     8.1467     91.288     28.652  17.207000     4.3985      6.533   294.0938 5.3177e+01     3.0696      0.479      0.695     5.0393   999.9789 0.0000e+00
      0.498      0.018     8.1456     91.282     28.662  17.212355     4.3954      6.534   293.9893 5.2606e+01     3.1281      0.489      0.709     5.0354   999.9790 0.0000e+00
      0.505      0.018     8.1486     91.263     28.682  17.224372     4.3786      6.534   293.9876 5.2402e+01     3.1256      0.497      0.721     5.0321   999.9791 0.0000e+00
      0.508      0.016     8.1531     91.253     28.683  17.225470     4.3591      6.535   294.1591 5.2334e+01     3.1041      0.499      0.724     5.0278   999.9792 0.0000e+00
      0.509      0.014     8.1501     91.263     28.681  17.225630     4.3516      6.535   294.3425 5.2156e+01     3.0642      0.498      0.723     5.0260   999.9792 0.0000e+00
      0.511      0.014     8.1525     91.261     28.680  17.226315     4.3572      6.534   294.3982 5.2046e+01     3.0364      0.501      0.726     5.0254   999.9792 0.0000e+00
      0.514      0.015     8.1486     91.237     28.690  17.233749     4.3832      6.534   294.4027 5.1705e+01     3.0302      0.504      0.731     5.0246   999.9793 0.0000e+00
      0.519      0.017     8.1471     91.217     28.718  17.252092     4.4316      6.535   294.3960 5.1167e+01     3.0223      0.508      0.737     5.0257   999.9793 0.0000e+00
      0.524      0.021     8.1498     91.227     28.727  17.257856     4.4651      6.536   294.4030 5.0825e+01     3.0394      0.514      0.745     5.0279   999.9793 0.0000e+00
      0.530      0.023     8.1487     91.234     28.697  17.240029     4.4766      6.535   294.5742 5.0488e+01     3.0733      0.520      0.754     5.0304   999.9793 0.0000e+00
      0.536      0.023     8.1458     91.223     28.675  17.226784     4.4837      6.533   294.8302 5.0001e+01     3.0715      0.526      0.763     5.0336   999.9792 0.0000e+00
      0.542      0.023     8.1405     91.208     28.670  17.224549     4.5070      6.532   294.9176 4.9388e+01     3.0825      0.532      0.771     5.0364   999.9792 0.0000e+00
      0.549      0.022     8.1445     91.213     28.650  17.213001     4.5419      6.532   294.9429 4.9054e+01     3.1082      0.539      0.781     5.0373   999.9793 0.0000e+00
      0.555      0.019     8.1451     91.255     28.651  17.213988     4.5508      6.531   295.0489 4.8916e+01     3.0877      0.545      0.791     5.0368   999.9793 0.0000e+00
      0.560      0.014     8.1431     91.308     28.688  17.236485     4.5451      6.531   295.0819 4.8649e+01     3.0643      0.550      0.800     5.0366   999.9793 0.0000e+00
      0.563      0.010     8.1414     91.324     28.678  17.231358     4.5507      6.530   295.0838 4.8521e+01     3.1208      0.552      0.802     5.0380   999.9793 0.0000e+00
      0.565      0.006     8.1397     91.287     28.649  17.215405     4.5673      6.529   295.0717 4.8657e+01     3.2461      0.554      0.804     5.0396   999.9793 0.0000e+00
      0.565      0.004     8.1453     91.243     28.678  17.233851     4.5803      6.526   294.9354 4.8694e+01     3.3012      0.555      0.804     5.0403   999.9792 0.0000e+00
      0.565      0.003     8.1509     91.203     28.727  17.264144     4.5788      6.523   294.8988 4.8570e+01     3.2632      0.553      0.803     5.0410   999.9793 0.0000e+00
      0.565      0.004     8.1541     91.149     28.727  17.264604     4.6010      6.522   295.0597 4.8631e+01     3.1787      0.554      0.805     5.0419   999.9792 0.0000e+00
      0.565      0.006     8.1471     91.104     28.685  17.239408     4.6570      6.521   295.2456 4.8664e+01     3.0992      0.555      0.803     5.0432   999.9792 0.0000e+00
      0.566      0.011     8.1427     91.077     28.642  17.213165     4.6930      6.521   295.4256 4.8472e+01     3.0890      0.553      0.802     5.0452   999.9792 0.0000e+00
      0.568      0.017     8.1409     91.057     28.622  17.200960     4.6898      6.522   295.5155 4.8298e+01     3.0884      0.557      0.808     5.0470   999.9792 0.0000e+00
      0.573      0.023     8.1331     91.054     28.652  17.218666     4.6010      6.522   295.5580 4.8027e+01     3.0580      0.561      0.815     5.0480   999.9792 0.0000e+00
      0.581      0.029     8.1297     91.075     28.682  17.236999     4.4422      6.522   295.6825 4.7250e+01     3.0492      0.567      0.823     5.0485   999.9792 0.0000e+00
      0.591      0.032     8.1276     91.115     28.674  17.232376     4.3571      6.522   295.8153 4.6522e+01     3.0808      0.579      0.839     5.0484   999.9792 0.0000e+00
      0.601      0.032     8.1257     91.161     28.663  17.226190     4.3523      6.520   295.8733 4.6083e+01     3.1117      0.590      0.856     5.0477   999.9793 0.0000e+00
      0.611      0.031     8.1251     91.200     28.660  17.225628     4.3493      6.518   295.9543 4.5327e+01     3.1277      0.600      0.871     5.0472   999.9794 0.0000e+00
      0.619      0.028     8.1275     91.253     28.659  17.225578     4.3550      6.516   296.1050 4.4900e+01     3.1108      0.609      0.883     5.0461   999.9794 0.0000e+00
      0.624      0.025     8.1312     91.333     28.659  17.225578     4.3872      6.515   296.1464 4.4853e+01     3.0715      0.613      0.889     5.0459   999.9795 0.0000e+00
      0.629      0.020     8.1363     91.405     28.659  17.225629     4.4089      6.513   296.1977 4.4419e+01     3.0458      0.615      0.892     5.0479   999.9794 0.0000e+00
      0.634      0.015     8.1381     91.453     28.659  17.226201     4.4004      6.513   296.3812 4.4164e+01     3.0302      0.621      0.901     5.0501   999.9794 0.0000e+00
      0.639      0.011     8.1413     91.471     28.669  17.232491     4.4064      6.513   296.4726 4.4165e+01     3.0129      0.628      0.911     5.0510   999.9794 0.0000e+00
      0.642      0.008     8.1509     91.466     28.677  17.238265     4.4463      6.513   296.4426 4.4043e+01     3.0007      0.630      0.914     5.0513   999.9794 0.0000e+00
      0.642      0.003     8.1572     91.450     28.666  17.232604     4.4756      6.512   296.4479 4.4124e+01     3.0467      0.631      0.915     5.0518   999.9794 0.0000e+00
      0.642     -0.002     8.1615     91.418     28.655  17.227459     4.4653      6.511   296.4511 4.4336e+01     3.1102      0.630      0.914     5.0520   999.9794 0.0000e+00
      0.641     -0.007     8.1632     91.365     28.672  17.239465     4.4086      6.511   296.3088 4.4379e+01     3.1127      0.629      0.913     5.0527   999.9794 0.0000e+00
      0.639     -0.010     8.1610     91.291     28.688  17.250948     4.3275      6.513   296.1895 4.4490e+01     3.0782      0.628      0.910     5.0541   999.9794 0.0000e+00
      0.635     -0.010     8.1606     91.211     28.668  17.239465     4.2918      6.515   296.2141 4.4807e+01     3.0527      0.623      0.904     5.0553   999.9794 0.0000e+00
      0.630     -0.009     8.1567     91.133     28.650  17.227458     4.2973      6.516   296.2618 4.4952e+01     3.0337      0.617      0.895     5.0584   999.9793 0.0000e+00
      0.627     -0.006     8.1513     91.065     28.661  17.232604     4.3597      6.516   296.3362 4.4979e+01     3.0122      0.613      0.889     5.0630   999.9792 0.0000e+00
      0.627     -0.002     8.1432     91.038     28.674  17.238266     4.4905      6.516   296.4247 4.5064e+01     3.0219      0.614      0.890     5.0667   999.9791 0.0000e+00
      0.628      0.002     8.1353     91.058     28.666  17.232501     4.5702      6.517   296.4719 4.4940e+01     3.0537      0.616      0.893     5.0673   999.9791 0.0000e+00
      0.629      0.003     8.1299     91.108     28.656  17.226315     4.5691      6.518   296.4771 4.4846e+01     3.0692      0.616      0.894     5.0650   999.9792 0.0000e+00
      0.631      0.003     8.1218     91.153     28.656  17.226887     4.5471      6.519   296.4867 4.4806e+01     3.0772      0.619      0.898     5.0622   999.9792 0.0000e+00
      0.634      0.002     8.1209     91.163     28.679  17.239415     4.5282      6.519   296.5021 4.4644e+01     3.0853      0.624      0.905     5.0578   999.9793 0.0000e+00
      0.634      0.002     8.1237     91.172     28.700  17.250955     4.5229      6.519   296.4914 4.4754e+01     3.0686      0.623      0.904     5.0545   999.9794 0.0000e+00
      0.631      0.003     8.1289     91.209     28.683  17.239589     4.5264      6.519   296.4438 4.4909e+01     3.0398      0.619      0.896     5.0556   999.9793 0.0000e+00
      0.631      0.005     8.1347     91.252     28.668  17.228822     4.5276      6.519   296.4418 4.4668e+01     3.0313      0.618      0.896     5.0572   999.9793 0.0000e+00
      0.632      0.008     8.1341     91.286     28.703  17.247596     4.5199      6.518   296.5536 4.4453e+01     3.0633      0.620      0.899     5.0554   999.9793 0.0000e+00
      0.636      0.011     8.1337     91.319     28.755  17.276336     4.5203      6.518   296.6766 4.4426e+01     3.0999      0.623      0.904     5.0526   999.9794 0.0000e+00
      0.641      0.015     8.1392     91.331     28.729  17.259241     4.5323      6.518   296.7246 4.4026e+01     3.0805      0.629      0.912     5.0511   999.9794 0.0000e+00
      0.646      0.018     8.1439     91.317     28.684  17.231138     4.5344      6.518   296.7903 4.3730e+01     3.0255      0.635      0.919     5.0489   999.9795 0.0000e+00
