Data/DataNotYetUploadedToEDI/Raw_CTD/RawDownloads/120619_fcr50.cnv
* Sea-Bird SBE19plus  Data File:
* FileName = C:\DATA\120619_fcr50_0001.hex
* Software version 2.8.0.119 SB_Terminal.dll
* Temperature SN = 7809
* Conductivity SN = 7809
* System UpLoad Time = Dec 09 2019 15:30:20
* <ApplicationData>
* <Seaterm232>
# nquan = 16
# nvalues = 1308                        
# units = specified
# name 0 = depFM: Depth [fresh water, m]
# name 1 = dz/dtM: Descent Rate [m/s]
# name 2 = sbeox0ML/L: Oxygen, SBE 43 [ml/l]
# name 3 = sbeox0PS: Oxygen, SBE 43 [% saturation]
# name 4 = specc: Specific Conductance [uS/cm]
# name 5 = c0uS/cm: Conductivity [uS/cm]
# name 6 = flECO-AFL: Fluorescence, WET Labs ECO-AFL/FL [mg/m^3]
# name 7 = ph: pH
# name 8 = orp: Oxidation Reduction Potential [mV]
# name 9 = par/sat/log: PAR/Logarithmic, Satlantic
# name 10 = turbWETntu0: Turbidity, WET Labs ECO [NTU]
# name 11 = prdM: Pressure, Strain Gauge [db]
# name 12 = prdE: Pressure, Strain Gauge [psi]
# name 13 = tv290C: Temperature [ITS-90, deg C]
# name 14 = density00: Density [density, kg/m^3]
# name 15 = flag:  0.000e+00
# span 0 =     -0.575,      9.646       
# span 1 =     -0.026,      0.135       
# span 2 =     6.4574,     8.6117       
# span 3 =     74.272,     98.993       
# span 4 =      3.481,     46.713       
# span 5 =   2.553725,  29.767277       
# span 6 =    -0.1573,     5.5971       
# span 7 =      6.172,     10.007       
# span 8 = -1240.6171,   418.9550       
# span 9 = 1.2357e-01, 3.6808e+02       
# span 10 =    -0.5613,    23.3148      
# span 11 =     -0.565,      9.460      
# span 12 =     -0.819,     13.721      
# span 13 =     5.4858,    11.7084      
# span 14 =   999.5346,  1000.0179      
# span 15 = 0.0000e+00, 0.0000e+00      
# interval = seconds: 0.25
# start_time = Dec 06 2019 14:27:30 [Instrument's time stamp, header]
# bad_flag = -9.990e-29
*END*
[from data line 724]
      4.637      0.034     7.8835     89.327     40.611  24.777901     4.0479      6.453   298.7836 3.5047e-01     5.5827      4.548      6.596     5.5047   999.9937 0.0000e+00
      4.643      0.037     7.8775     89.345     40.609  24.777333     4.0419      6.456   298.7679 3.4234e-01     5.5793      4.552      6.603     5.5052   999.9938 0.0000e+00
      4.653      0.041     7.8739     89.395     40.648  24.801348     4.0946      6.457   298.8459 3.3264e-01     5.6767      4.561      6.615     5.5049   999.9938 0.0000e+00
      4.667      0.045     7.8779     89.473     40.669  24.814498     4.1825      6.458   298.9534 3.2264e-01     5.9086      4.577      6.639     5.5048   999.9939 0.0000e+00
      4.682      0.047     7.8783     89.548     40.660  24.809455     4.2365      6.459   299.3785 3.1137e-01     6.0557      4.592      6.661     5.5050   999.9939 0.0000e+00
      4.694      0.047     7.8788     89.596     40.651  24.803811     4.2450      6.460   300.0281 3.0442e-01     6.0462      4.602      6.676     5.5054   999.9940 0.0000e+00
      4.705      0.046     7.8829     89.605     40.661  24.809692     4.2078      6.460   300.0106 3.0266e-01     5.9580      4.614      6.693     5.5061   999.9940 0.0000e+00
      4.716      0.042     7.8911     89.591     40.674  24.817128     4.1427      6.459   299.4253 2.9910e-01     5.8410      4.626      6.710     5.5072   999.9941 0.0000e+00
      4.726      0.038     7.8983     89.599     40.696  24.830278     4.1166      6.459   299.1465 2.8583e-01     5.7785      4.634      6.721     5.5078   999.9941 0.0000e+00
      4.737      0.034     7.9029     89.625     40.716  24.841812     4.1257      6.458   299.1349 2.7649e-01     5.7922      4.646      6.738     5.5073   999.9942 0.0000e+00
      4.746      0.032     7.9038     89.639     40.696  24.829709     4.1225      6.458   299.1139 2.8641e-01     5.8098      4.658      6.754     5.5068   999.9942 0.0000e+00
      4.751      0.030     7.9002     89.649     40.665  24.810826     4.0694      6.458   299.5800 2.9785e-01     5.7955      4.660      6.757     5.5060   999.9943 0.0000e+00
      4.756      0.028     7.9012     89.674     40.654  24.803811     3.9861      6.459   300.3824 2.9703e-01     5.7820      4.662      6.763     5.5050   999.9943 0.0000e+00
      4.765      0.026     7.9060     89.715     40.662  24.808331     3.9471      6.459   300.5555 2.8513e-01     5.7782      4.672      6.778     5.5046   999.9944 0.0000e+00
      4.773      0.023     7.9060     89.747     40.652  24.802029     3.9455      6.458   300.2965 2.6974e-01     5.7823      4.682      6.790     5.5044   999.9944 0.0000e+00
      4.780      0.021     7.9063     89.752     40.635  24.791062     3.9401      6.458   300.1761 2.6457e-01     5.7006      4.688      6.799     5.5043   999.9944 0.0000e+00
      4.785      0.020     7.9084     89.748     40.655  24.802605     3.9251      6.459   299.9605 2.6352e-01     5.5120      4.693      6.807     5.5048   999.9944 0.0000e+00
      4.788      0.019     7.9127     89.735     40.676  24.814715     3.9116      6.460   299.6683 2.5325e-01     5.4018      4.696      6.811     5.5047   999.9945 0.0000e+00
      4.790      0.020     7.9175     89.711     40.671  24.810608     3.9164      6.460   300.2565 2.4452e-01     5.3843      4.696      6.811     5.5039   999.9945 0.0000e+00
      4.793      0.025     7.9157     89.695     40.681  24.816383     3.8871      6.460   301.3938 2.4758e-01     5.4965      4.699      6.815     5.5028   999.9945 0.0000e+00
      4.800      0.031     7.9166     89.686     40.690  24.821101     3.8004      6.461   301.7184 2.5551e-01     5.7753      4.707      6.827     5.5020   999.9946 0.0000e+00
      4.809      0.037     7.9158     89.669     40.663  24.804211     3.7439      6.462   301.6001 2.5533e-01     5.9700      4.714      6.838     5.5013   999.9947 0.0000e+00
      4.820      0.042     7.9126     89.657     40.661  24.802482     3.7419      6.461   301.5977 2.5157e-01     6.0157      4.725      6.854     5.5003   999.9947 0.0000e+00
      4.835      0.045     7.9117     89.662     40.658  24.800194     3.7498      6.461   301.2593 2.5322e-01     5.9673      4.742      6.878     5.4993   999.9949 0.0000e+00
      4.848      0.046     7.9119     89.656     40.619  24.776549     3.7526      6.462   300.6926 2.5380e-01     5.8431      4.756      6.898     5.4985   999.9950 0.0000e+00
      4.860      0.045     7.9102     89.649     40.609  24.770342     3.7501      6.462   301.0265 2.5420e-01     5.7597      4.765      6.912     5.4980   999.9949 0.0000e+00
      4.871      0.042     7.9072     89.654     40.639  24.788586     3.7535      6.463   302.1133 2.4888e-01     5.7453      4.776      6.928     5.4976   999.9950 0.0000e+00
      4.881      0.040     7.9111     89.634     40.669  24.806823     3.8288      6.465   302.5617 2.3560e-01     5.7022      4.788      6.944     5.4973   999.9951 0.0000e+00
      4.891      0.038     7.9089     89.598     40.658  24.800532     3.9668      6.466   302.4894 2.3080e-01     5.5984      4.798      6.959     5.4971   999.9951 0.0000e+00
      4.898      0.038     7.9071     89.581     40.618  24.775962     4.0351      6.466   302.2723 2.3371e-01     5.5390      4.804      6.968     5.4970   999.9952 0.0000e+00
      4.907      0.040     7.9105     89.575     40.598  24.763494     4.0397      6.465   301.8298 2.2913e-01     5.5415      4.811      6.978     5.4971   999.9952 0.0000e+00
      4.918      0.043     7.9078     89.549     40.620  24.776655     4.0398      6.465   301.6132 2.1842e-01     5.5626      4.822      6.994     5.4972   999.9953 0.0000e+00
      4.929      0.047     7.9028     89.523     40.672  24.808217     3.9665      6.466   301.8898 2.0321e-01     5.6969      4.833      7.010     5.4975   999.9953 0.0000e+00
      4.941      0.051     7.9013     89.517     40.705  24.827918     3.8287      6.467   302.4208 1.9335e-01     5.9195      4.844      7.026     5.4976   999.9953 0.0000e+00
      4.956      0.053     7.9035     89.504     40.700  24.824543     3.7526      6.467   302.7855 1.9918e-01     6.0251      4.859      7.048     5.4974   999.9954 0.0000e+00
      4.971      0.053     7.8994     89.474     40.711  24.830844     3.7408      6.467   302.9438 1.9588e-01     6.0241      4.876      7.072     5.4969   999.9955 0.0000e+00
      4.986      0.053     7.8961     89.447     40.728  24.840668     3.6427      6.467   302.9573 1.8083e-01     5.9730      4.889      7.091     5.4964   999.9956 0.0000e+00
      4.998      0.053     7.8974     89.426     40.688  24.816438     3.4510      6.467   302.8638 1.7359e-01     5.8654      4.902      7.109     5.4958   999.9957 0.0000e+00
      5.009      0.052     7.8970     89.419     40.648  24.791640     3.3384      6.467   302.9315 1.7799e-01     5.8053      4.913      7.125     5.4954   999.9958 0.0000e+00
      5.022      0.051     7.8929     89.429     40.654  24.794595     3.3216      6.467   302.9155 1.8907e-01     5.8029      4.924      7.142     5.4950   999.9958 0.0000e+00
      5.036      0.048     7.8910     89.431     40.645  24.788724     3.3343      6.467   302.5849 1.8059e-01     5.8034      4.938      7.162     5.4946   999.9959 0.0000e+00
      5.051      0.043     7.8892     89.440     40.638  24.784091     3.3617      6.465   302.5473 1.6296e-01     5.8111      4.954      7.185     5.4943   999.9960 0.0000e+00
      5.064      0.036     7.8872     89.477     40.668  24.802020     3.3756      6.465   302.8912 1.6113e-01     5.7983      4.969      7.207     5.4942   999.9960 0.0000e+00
      5.073      0.027     7.8906     89.504     40.689  24.815185     3.3904      6.466   303.1289 1.5786e-01     5.7788      4.976      7.219     5.4939   999.9961 0.0000e+00
      5.077      0.018     7.8901     89.484     40.691  24.816386     3.4794      6.467   303.2705 1.5768e-01     5.7400      4.979      7.222     5.4931   999.9961 0.0000e+00
      5.078      0.011     7.8889     89.450     40.691  24.816546     3.6192      6.466   303.3127 1.6665e-01     5.6243      4.981      7.224     5.4923   999.9961 0.0000e+00
      5.077      0.006     7.8949     89.439     40.692  24.817118     3.6848      6.465   303.2090 1.7680e-01     5.5262      4.980      7.222     5.4921   999.9962 0.0000e+00
      5.076      0.004     7.8987     89.429     40.702  24.823297     3.6922      6.465   302.8772 1.8144e-01     5.5050      4.977      7.219     5.4922   999.9962 0.0000e+00
      5.078      0.004     7.8952     89.423     40.708  24.827816     3.7601      6.464   302.4838 1.7171e-01     5.5319      4.980      7.223     5.4925   999.9962 0.0000e+00
      5.081      0.005     7.8901     89.436     40.674  24.808322     3.8908      6.462   302.4972 1.6337e-01     5.5894      4.984      7.229     5.4926   999.9962 0.0000e+00
      5.082      0.007     7.8912     89.456     40.624  24.777913     3.9628      6.462   302.6952 1.6113e-01     5.6100      4.983      7.228     5.4928   999.9962 0.0000e+00
      5.083      0.007     7.8901     89.477     40.623  24.777346     3.9633      6.462   302.8983 1.6539e-01     5.5840      4.983      7.228     5.4932   999.9962 0.0000e+00
      5.085      0.007     7.8876     89.515     40.663  24.801463     3.9576      6.462   303.1464 1.7737e-01     5.5379      4.987      7.233     5.4942   999.9962 0.0000e+00
      5.089      0.007     7.8905     89.567     40.685  24.815757     3.8502      6.462   303.2856 1.7276e-01     5.4463      4.991      7.239     5.4953   999.9961 0.0000e+00
      5.090      0.008     7.8914     89.585     40.695  24.823295     3.6366      6.462   302.8601 1.5891e-01     5.3606      4.992      7.241     5.4953   999.9961 0.0000e+00
      5.090      0.010     7.8935     89.575     40.703  24.829166     3.5167      6.462   301.9593 1.5865e-01     5.3207      4.990      7.239     5.4951   999.9961 0.0000e+00
      5.092      0.013     7.8953     89.582     40.693  24.823304     3.5097      6.462   301.6013 1.5961e-01     5.2912      4.993      7.242     5.4951   999.9962 0.0000e+00
      5.096      0.017     7.9033     89.580     40.681  24.815860     3.5863      6.463   301.7144 1.5714e-01     5.3647      4.998      7.249     5.4963   999.9962 0.0000e+00
      5.100      0.023     7.9044     89.556     40.659  24.802596     3.7317      6.463   302.0367 1.5982e-01     5.5215      5.000      7.253     5.4981   999.9961 0.0000e+00
      5.105      0.030     7.8990     89.533     40.639  24.789815     3.8036      6.463   302.6580 1.6053e-01     5.5814      5.005      7.259     5.4990   999.9961 0.0000e+00
      5.114      0.037     7.9033     89.526     40.639  24.788190     3.7961      6.464   302.9461 1.5323e-01     5.5643      5.014      7.272     5.4992   999.9962 0.0000e+00
      5.126      0.043     7.9027     89.551     40.634  24.782946     3.7798      6.464   302.4229 1.4683e-01     5.6099      5.026      7.289     5.4996   999.9962 0.0000e+00
      5.139      0.046     7.8993     89.591     40.648  24.789847     3.7627      6.465   301.5804 1.4460e-01     5.7394      5.040      7.309     5.4999   999.9963 0.0000e+00
      5.152      0.046     7.8977     89.600     40.678  24.808196     3.7539      6.465   301.2778 1.4034e-01     5.8185      5.052      7.328     5.4990   999.9963 0.0000e+00
      5.167      0.041     7.8964     89.575     40.687  24.814488     3.7431      6.465   301.3449 1.3829e-01     5.8138      5.067      7.349     5.4966   999.9965 0.0000e+00
      5.179      0.035     7.8993     89.559     40.663  24.802483     3.7099      6.465   301.6176 1.4042e-01     5.8134      5.081      7.370     5.4938   999.9966 0.0000e+00
      5.187      0.028     7.9059     89.566     40.638  24.789918     3.6641      6.464   302.1660 1.4017e-01     5.8131      5.088      7.379     5.4919   999.9967 0.0000e+00
      5.191      0.020     7.9068     89.576     40.635  24.789447     3.6402      6.463   302.3830 1.3601e-01     5.7780      5.090      7.383     5.4914   999.9967 0.0000e+00
      5.193      0.013     7.9020     89.538     40.648  24.796787     3.6466      6.464   302.0895 1.3677e-01     5.7488      5.092      7.386     5.4921   999.9967 0.0000e+00
      5.195      0.008     7.9004     89.473     40.678  24.815232     3.7336      6.464   301.6290 1.4434e-01     5.7226      5.094      7.388     5.4958   999.9966 0.0000e+00
      5.197      0.006     7.8992     89.433     40.687  24.822152     3.8945      6.463   301.3760 1.4758e-01     5.6579      5.097      7.394     5.5010   999.9965 0.0000e+00
      5.198      0.006     7.9035     89.403     40.676  24.817014     3.9872      6.462   301.4393 1.4429e-01     5.6219      5.098      7.394     5.5019   999.9965 0.0000e+00
      5.197      0.009     7.8995     89.385     40.674  24.816551     3.9967      6.461   301.5338 1.4235e-01     5.6150      5.096      7.391     5.5003   999.9965 0.0000e+00
      5.197      0.012     7.8899     89.395     40.673  24.816561     4.0090      6.460   301.5720 1.4607e-01     5.5752      5.096      7.391     5.4999   999.9966 0.0000e+00
      5.201      0.017     7.8891     89.428     40.675  24.817129     4.1870      6.460   301.7300 1.4729e-01     5.5659      5.098      7.394     5.5020   999.9965 0.0000e+00
      5.209      0.024     7.8846     89.467     40.689  24.823410     4.5107      6.460   301.9806 1.4255e-01     5.6006      5.108      7.408     5.5044   999.9965 0.0000e+00
      5.217      0.032     7.8824     89.511     40.702  24.829074     4.6803      6.461   302.1071 1.3849e-01     5.6020      5.117      7.422     5.5055   999.9965 0.0000e+00
      5.222      0.041     7.8833     89.568     40.693  24.822162     4.6774      6.461   302.0556 1.3963e-01     5.5827      5.120      7.426     5.5068   999.9965 0.0000e+00
      5.232      0.047     7.8868     89.602     40.664  24.803279     4.5012      6.461   301.9597 1.4137e-01     5.6294      5.128      7.437     5.5058   999.9966 0.0000e+00
      5.247      0.051     7.8919     89.605     40.645  24.791073     4.1804      6.462   301.8934 1.3912e-01     5.7406      5.146      7.463     5.5023   999.9967 0.0000e+00
      5.264      0.054     7.8940     89.605     40.663  24.801463     4.0144      6.462   301.8563 1.3573e-01     5.8127      5.164      7.489     5.4992   999.9969 0.0000e+00
      5.280      0.055     7.9026     89.571     40.665  24.802021     3.9944      6.462   301.9412 1.3310e-01     5.8457      5.179      7.512     5.4974   999.9970 0.0000e+00
      5.295      0.053     7.9059     89.493     40.660  24.797818     3.8953      6.463   302.3182 1.3200e-01     5.8456      5.193      7.533     5.4965   999.9971 0.0000e+00
      5.306      0.049     7.9037     89.427     40.687  24.814079     3.7269      6.463   302.7142 1.3037e-01     5.8115      5.204      7.548     5.4958   999.9971 0.0000e+00
      5.317      0.043     7.9064     89.411     40.678  24.808321     3.6404      6.464   302.7716 1.2869e-01     5.7936      5.214      7.563     5.4949   999.9973 0.0000e+00
      5.329      0.037     7.9042     89.412     40.651  24.791640     3.6385      6.465   302.6682 1.2629e-01     5.7606      5.227      7.581     5.4938   999.9973 0.0000e+00
      5.339      0.030     7.8953     89.415     40.670  24.802701     3.6085      6.466   302.5818 1.2401e-01     5.6084      5.238      7.595     5.4927   999.9974 0.0000e+00
      5.346      0.024     7.8867     89.401     40.690  24.815191     3.5455      6.466   302.4163 1.2384e-01     5.3948      5.245      7.605     5.4921   999.9975 0.0000e+00
      5.351      0.019     7.8891     89.378     40.691  24.815768     3.5110      6.465   302.2149 1.2379e-01     5.3412      5.250      7.614     5.4919   999.9975 0.0000e+00
