Data/DataNotYetUploadedToEDI/Raw_CTD/RawDownloads/120618_bvr50.cnv
* Sea-Bird SBE19plus  Data File:
* FileName = C:\DATA\120618_fcr50_0002.hex
* Software version 2.6.3.104
* Temperature SN = 7809
* Conductivity SN = 7809
* System UpLoad Time = Dec 06 2018 16:36:44
* <ApplicationData>
* <Seaterm232>
# nquan = 17
# nvalues = 611                         
# units = specified
# name 0 = depFM: Depth [fresh water, m]
# name 1 = tv290C: Temperature [ITS-90, deg C]
# name 2 = sbeox0Mg/L: Oxygen, SBE 43 [mg/l]
# name 3 = sbeox0PS: Oxygen, SBE 43 [% saturation]
# name 4 = c0uS/cm: Conductivity [uS/cm]
# name 5 = specc: Specific Conductance [uS/cm]
# name 6 = ph: pH
# name 7 = orp: Oxidation Reduction Potential [mV]
# name 8 = flECO-AFL: Fluorescence, WET Labs ECO-AFL/FL [mg/m^3]
# name 9 = turbWETntu0: Turbidity, WET Labs ECO [NTU]
# name 10 = sal00: Salinity, Practical [PSU]
# name 11 = dz/dtM: Descent Rate [m/s]
# name 12 = prdM: Pressure, Strain Gauge [db]
# name 13 = prdE: Pressure, Strain Gauge [psi]
# name 14 = scan: Scan Count
# name 15 = par/sat/log: PAR/Logarithmic, Satlantic
# name 16 = flag:  0.000e+00
# span 0 =     -0.658,     10.614       
# span 1 =     4.4198,     5.5996       
# span 2 =     8.7695,    12.9069       
# span 3 =     68.491,    100.072       
# span 4 =   0.509082,  18.071287       
# span 5 =      0.833,     30.246       
# span 6 =      6.006,      8.238       
# span 7 =   157.9285,  1240.2295       
# span 8 =    -0.6267,     2.4990       
# span 9 =    -3.5141,   243.8956       
# span 10 =     0.0024,     0.0135      
# span 11 =     -0.258,      0.256      
# span 12 =     -0.645,     10.408      
# span 13 =     -0.936,     15.095      
# span 14 =          1,        611      
# span 15 = 1.4452e-01, 1.5256e+03      
# span 16 = 0.0000e+00, 0.0000e+00      
# interval = seconds: 0.25
# start_time = Dec 06 2018 17:48:53 [Instrument's time stamp, header]
# bad_flag = -9.990e-29
*END*
     -0.658     5.5730    12.0522     95.825   0.509813      0.833      6.257   501.9374    -0.2143    -0.1169     0.0024      0.000     -0.645     -0.936          1 2.8063e+02 0.0000e+00
     -0.658     5.5737    12.0505     95.817   0.509082      0.833      6.238   540.3246    -0.2385    -0.1303     0.0024     -0.000     -0.645     -0.936          2 3.1922e+02 0.0000e+00
     -0.658     5.5748    12.0537     95.847   0.569490      0.925      6.297   693.4572    -0.2305    -0.1169     0.0024     -0.000     -0.645     -0.936          3 4.3266e+02 0.0000e+00
     -0.658     5.5762    12.0480     95.805   0.612286      1.016      6.368   851.5491    -0.2021    -0.3452     0.0024      0.000     -0.645     -0.935          4 2.5186e+02 0.0000e+00
     -0.657     5.5776    12.0408     95.749   0.574257      0.924      6.313   857.4548    -0.2264    -0.2243     0.0024      0.000     -0.645     -0.935          5 1.7075e+02 0.0000e+00
     -0.658     5.5795    12.0560     95.872   0.557599      0.924      6.222   773.0710    -0.2466    -0.2914     0.0024      0.000     -0.645     -0.935          6 1.8733e+02 0.0000e+00
     -0.657     5.5825    12.0592     95.896   0.573798      0.924      6.100   633.7563    -0.2385    -0.1974     0.0024      0.000     -0.645     -0.935          7 1.1848e+02 0.0000e+00
     -0.657     5.5854    12.0778     95.848   0.554096      0.924      6.089   655.7135    -0.3558    -0.4929     0.0024      0.000     -0.644     -0.934          8 1.1119e+02 0.0000e+00
     -0.657     5.5879    12.1538     95.906   0.522902      0.833      6.106   503.6031    -0.3801    -0.5197     0.0024      0.001     -0.644     -0.934          9 1.0396e+02 0.0000e+00
     -0.657     5.5902    12.2272     95.988   0.553403      0.924      6.116   636.9742    -0.3841    -0.5734     0.0024      0.001     -0.644     -0.934         10 1.1448e+02 0.0000e+00
     -0.657     5.5927    12.2679     95.949   0.575355      0.924      6.106   632.5070    -0.3477    -0.4660     0.0024      0.000     -0.645     -0.935         11 1.2786e+02 0.0000e+00
     -0.657     5.5950    12.3108     96.026   0.554800      0.924      6.065   578.0304    -0.3315    -0.5197     0.0024      0.000     -0.645     -0.935         12 1.3984e+02 0.0000e+00
     -0.657     5.5970    12.3317     95.986   0.578983      0.924      6.015   476.2323    -0.2183    -0.8017     0.0024      0.000     -0.645     -0.935         13 1.5738e+02 0.0000e+00
     -0.657     5.5981    12.3436     95.932   0.604476      1.015      6.006   495.4638    -0.2021    -0.6271     0.0025      0.000     -0.644     -0.934         14 2.0080e+02 0.0000e+00
     -0.657     5.5991    12.3605     95.968   0.582291      0.924      6.036   574.5476    -0.2385    -0.6809     0.0024 -7.020e-08     -0.644     -0.934         15 2.2712e+02 0.0000e+00
     -0.657     5.5993    12.3689     95.969   0.606592      1.015      6.073   599.4576    -0.2305    -0.7211     0.0025     -0.000     -0.644     -0.934         16 2.5985e+02 0.0000e+00
     -0.657     5.5996    12.3858     96.058   0.692666      1.106      6.102   666.2378    -0.6267    -3.4873     0.0025     -0.000     -0.641     -0.929         17 2.8478e+02 0.0000e+00
     -0.645     5.5128    12.3997     96.144   0.652822      1.106      6.108   637.2013    -0.5944    -3.5141     0.0025      0.003     -0.627     -0.909         18 3.7767e+02 0.0000e+00
     -0.617     5.2989    12.4468     96.499   0.774610      1.197      6.439  1240.2295    -0.5903    -3.4739     0.0025      0.013     -0.596     -0.864         19 3.8444e+02 0.0000e+00
     -0.561     5.0939    12.4951     96.867   6.582021     10.344      6.901  1240.2295    -0.5984    -3.4470     0.0057      0.034     -0.543     -0.788         20 5.7997e+02 0.0000e+00
     -0.482     4.9519    12.5607     97.367  15.490689     26.223      7.061   213.3894     0.6025     0.7559     0.0121      0.070     -0.477     -0.692         21 5.3351e+02 0.0000e+00
     -0.418     4.8456    12.6207     97.836  18.065741     29.739      7.411   195.5965     0.5742     0.7425     0.0135      0.112     -0.416     -0.603         22 4.8665e+02 0.0000e+00
     -0.373     4.7655    12.6959     98.427  17.746106     29.789      7.650   190.0315     0.6187     0.8097     0.0134      0.150     -0.366     -0.531         23 7.6794e+02 0.0000e+00
     -0.330     4.7060    12.7631     98.943  17.844217     29.800      7.830   181.8921     0.6308     0.8097     0.0134      0.180     -0.316     -0.459         24 5.1841e+02 0.0000e+00
     -0.265     4.6679    12.8214     99.390  17.647336     29.693      7.969   168.6800     0.9826     2.1256     0.0133      0.206     -0.253     -0.367         25 9.1696e+02 0.0000e+00
     -0.178     4.6420    12.8812     99.860  17.635540     29.658      8.066   158.2314     0.9867     2.2330     0.0132      0.229     -0.175     -0.254         26 1.0858e+03 0.0000e+00
     -0.093     4.6252    12.9069    100.072  17.562578     29.602      8.142   157.9285     0.9948     2.3539     0.0132      0.247     -0.097     -0.140         27 9.2078e+02 0.0000e+00
     -0.026     4.6162    12.8915     99.956  17.619613     29.722      8.199   161.1842     1.0029     2.3136     0.0132      0.255     -0.031     -0.044         28 1.1694e+03 0.0000e+00
      0.026     4.6125    12.8361     99.528  17.623833     29.739      8.230   173.0714     0.9786     2.2867     0.0132      0.256      0.022      0.032         29 9.3175e+02 0.0000e+00
      0.069     4.6096    12.7293     98.697  17.675863     29.842      8.238   175.3428     0.5297     2.4210     0.0132      0.256      0.061      0.089         30 8.5545e+02 0.0000e+00
      0.092     4.6065    12.5933     97.640  17.732666     29.940      8.225   175.4186     0.5661     2.5016     0.0133      0.248      0.085      0.124         31 5.0139e+02 0.0000e+00
      0.101     4.6078    12.3995     96.141  17.790210     30.038      8.216   166.9385     0.5702     2.4613     0.0133      0.223      0.097      0.141         32 6.0464e+02 0.0000e+00
      0.104     4.6108    12.1807     94.449  17.782051     30.041      8.202   176.5543     0.5581     2.5150     0.0133      0.181      0.100      0.146         33 9.1801e+02 0.0000e+00
      0.103     4.6091    11.9551     92.718  17.683554     29.851      8.164   177.4250     0.4610     2.2196     0.0132      0.133      0.099      0.143         34 4.7407e+02 0.0000e+00
      0.096     4.6069    11.7433     91.081  17.616454     29.753      8.130   178.2200     0.5055     2.2464     0.0132      0.087      0.092      0.133         35 3.1441e+02 0.0000e+00
      0.082     4.6098    11.5698     89.729  17.569223     29.661      8.098   177.4628     0.4893     2.2062     0.0132      0.047      0.083      0.120         36 9.8003e+02 0.0000e+00
      0.076     4.6142    11.4154     88.522  17.564534     29.663      8.083   177.6900     0.4853     2.1927     0.0132      0.016      0.079      0.115         37 1.5256e+03 0.0000e+00
      0.086     4.6160    11.2850     87.505  17.681557     29.849      8.065   178.7121     0.4853     2.2196     0.0132     -0.002      0.083      0.120         38 9.4531e+02 0.0000e+00
      0.092     4.6162    11.1867     86.742  17.779189     30.033      8.046   179.9236     0.4893     2.2599     0.0133     -0.008      0.082      0.118         39 4.0195e+02 0.0000e+00
      0.069     4.6150    11.1096     86.149  17.798632     30.031      8.031   180.5671     0.4812     2.2464     0.0133     -0.014      0.064      0.092         40 5.4280e+02 0.0000e+00
      0.030     4.6147    11.0311     85.539  17.775894     30.031      8.015   180.6807     0.4812     2.1659     0.0133     -0.026      0.039      0.056         41 8.2139e+02 0.0000e+00
      0.023     4.6153    10.9667     85.037  17.748219     29.938      8.002   182.0057     0.4772     2.4076     0.0133     -0.034      0.028      0.040         42 6.8460e+02 0.0000e+00
      0.032     4.6180    10.9313     84.757  17.773806     30.033      7.988   182.4600     0.4772     2.5016     0.0133     -0.035      0.029      0.041         43 6.8539e+02 0.0000e+00
      0.031     4.6249    10.8806     84.358  17.803318     30.032      7.965   182.1571     0.4893     2.4479     0.0133     -0.034      0.028      0.040         44 6.6152e+02 0.0000e+00
      0.022     4.6276    10.8624     84.213  17.830025     30.124      7.947   182.7250     0.5095     2.4344     0.0134     -0.036      0.021      0.031         45 6.4696e+02 0.0000e+00
      0.014     4.6248    10.8339     83.994  17.799836     30.022      7.923   183.0657     0.5702     2.3941     0.0133     -0.038      0.013      0.020         46 7.4031e+02 0.0000e+00
      0.004     4.6211    10.8185     83.879  17.781619     30.019      7.910   184.0879     0.5338     2.4479     0.0133     -0.034      0.007      0.010         47 5.3414e+02 0.0000e+00
      0.002     4.6180    10.8125     83.830  17.734162     29.928      7.896   183.9364     0.5540     2.5419     0.0133     -0.024      0.007      0.010         48 4.5917e+02 0.0000e+00
      0.014     4.6179    10.7972     83.705  17.681095     29.837      7.885   184.9964     0.5500     2.4210     0.0132     -0.013      0.015      0.021         49 4.0760e+02 0.0000e+00
      0.027     4.6194    10.7795     83.565  17.729126     29.935      7.871   185.4886     0.5419     2.4344     0.0133     -0.007      0.025      0.036         50 8.2580e+02 0.0000e+00
      0.034     4.6193    10.7639     83.440  17.733658     29.935      7.857   185.8672     0.5500     2.4479     0.0133     -0.002      0.031      0.045         51 1.4581e+03 0.0000e+00
      0.033     4.6178    10.7437     83.281  17.734724     29.933      7.839   186.6622     0.5419     2.5150     0.0133      0.005      0.033      0.047         52 8.0254e+02 0.0000e+00
      0.032     4.6158    10.7333     83.199  17.727799     29.934      7.822   187.0407     0.5419     2.5016     0.0133      0.012      0.032      0.046         53 3.2030e+02 0.0000e+00
      0.031     4.6133    10.7244     83.128  17.683008     29.841      7.799   187.4950     0.5540     2.4210     0.0132      0.015      0.031      0.045         54 6.2337e+02 0.0000e+00
      0.031     4.6112    10.7095     83.013  17.671932     29.843      7.778   187.4193     0.5621     2.1390     0.0132      0.015      0.031      0.045         55 5.6012e+02 0.0000e+00
      0.031     4.6120    10.6902     82.870  17.682317     29.845      7.758   188.6307     0.5500     2.1927     0.0132      0.011      0.029      0.043         56 6.4067e+02 0.0000e+00
      0.027     4.6141    10.6772     82.781  17.670084     29.847      7.745   188.9715     0.5621     2.2599     0.0132      0.004      0.026      0.038         57 8.2882e+02 0.0000e+00
      0.021     4.6128    10.6622     82.670  17.627889     29.752      7.737   188.2522     0.5581     2.2330     0.0132     -0.003      0.024      0.035         58 6.5726e+02 0.0000e+00
      0.025     4.6102    10.6498     82.568  17.675562     29.844      7.726   188.6307     0.5540     2.2733     0.0132     -0.005      0.027      0.040         59 7.5356e+02 0.0000e+00
      0.038     4.6086    10.6479     82.546  17.670023     29.846      7.719   189.2365     0.5702     2.2196     0.0132     -0.002      0.036      0.053         60 9.9399e+02 0.0000e+00
      0.049     4.6069    10.6554     82.599  17.634781     29.754      7.706   182.4600     0.5621     2.1659     0.0132      0.004      0.046      0.066         61 5.0713e+02 0.0000e+00
      0.054     4.6060    10.6888     82.855  17.660153     29.850      7.683   182.6493     0.5419     2.1524     0.0132      0.010      0.052      0.074         62 5.6851e+02 0.0000e+00
      0.055     4.6051    10.6568     82.606  17.638450     29.757      7.665   190.7507     0.5419     2.1927     0.0132      0.015      0.054      0.077         63 7.0040e+02 0.0000e+00
      0.055     4.6042    10.6938     82.894  17.602526     29.758      7.650   183.3686     0.5702     2.1256     0.0132      0.017      0.056      0.081         64 4.7253e+02 0.0000e+00
      0.060     4.6045    10.7038     82.974  17.586327     29.665      7.638   183.2550     0.5338     2.2733     0.0132      0.020      0.061      0.089         65 8.3521e+02 0.0000e+00
      0.073     4.6076    10.7021     82.963  17.599342     29.760      7.629   183.0279     0.5661     2.2196     0.0132      0.023      0.070      0.102         66 9.0162e+02 0.0000e+00
      0.082     4.6129    10.6924     82.889  17.586329     29.665      7.623   184.0122     0.5581     2.4747     0.0132      0.023      0.077      0.112         67 6.6378e+02 0.0000e+00
      0.082     4.6152    10.6748     82.755  17.602521     29.757      7.609   184.5422     0.5783     2.5016     0.0132      0.021      0.079      0.115         68 6.4579e+02 0.0000e+00
      0.078     4.6129    10.6538     82.593  17.638456     29.751      7.595   185.3372     0.5378     2.3404     0.0132      0.018      0.076      0.110         69 4.5547e+02 0.0000e+00
      0.072     4.6094    10.6316     82.421  17.660139     29.843      7.578   185.9429     0.5581     2.5419     0.0132      0.014      0.071      0.103         70 3.0968e+02 0.0000e+00
      0.068     4.6069    10.6237     82.361  17.634803     29.751      7.568   185.8672     0.5581     2.4747     0.0132      0.010      0.068      0.098         71 3.7859e+02 0.0000e+00
      0.069     4.6054    10.5944     82.136  17.610721     29.755      7.557   186.3972     0.5459     2.5419     0.0132      0.005      0.068      0.098         72 4.5544e+02 0.0000e+00
      0.070     4.6049    10.5886     82.092  17.630844     29.757      7.547   187.0029     0.5621     2.4344     0.0132     -0.001      0.069      0.100         73 3.2280e+02 0.0000e+00
      0.073     4.6057    10.5819     82.040  17.609761     29.759      7.541   187.7600     0.5217     2.3673     0.0132     -0.005      0.071      0.102         74 3.0375e+02 0.0000e+00
      0.073     4.6070    10.5647     81.907  17.577691     29.665      7.532   188.7822     0.5338     2.5150     0.0132     -0.005      0.071      0.103         75 3.8400e+02 0.0000e+00
      0.071     4.6078    10.5462     81.765  17.611488     29.759      7.523   188.9336     0.5500     2.1927     0.0132     -0.004      0.071      0.102         76 3.5950e+02 0.0000e+00
      0.072     4.6086    10.5370     81.700  17.626969     29.757      7.513   189.4257     0.5742     2.3673     0.0132     -0.001      0.071      0.102         77 2.5409e+02 0.0000e+00
      0.072     4.6094    10.5190     81.570  17.617691     29.757      7.504   190.3722     0.5500     2.2464     0.0132      0.002      0.071      0.102         78 3.5732e+02 0.0000e+00
      0.072     4.6098    10.4993     81.426  17.623032     29.756      7.496   190.8265     0.5581     2.1927     0.0132      0.002      0.071      0.102         79 5.4100e+02 0.0000e+00
      0.073     4.6102    10.4740     81.242  17.620321     29.755      7.490   191.1293     0.5095     2.4747     0.0132      0.001      0.072      0.104         80 3.2863e+02 0.0000e+00
      0.075     4.6105    10.4539     81.098  17.621065     29.754      7.481   191.8865     0.5742     2.4479     0.0132      0.001      0.074      0.108         81 3.4468e+02 0.0000e+00
      0.079     4.6114    10.4330     80.940  17.622107     29.754      7.476   192.9465     0.5419     2.5016     0.0132      0.002      0.077      0.112         82 4.3048e+02 0.0000e+00
      0.080     4.6121    10.4103     80.762  17.619024     29.754      7.467   192.7572     0.5459     2.3807     0.0132      0.004      0.078      0.113         83 3.8267e+02 0.0000e+00
      0.079     4.6123    10.3701     80.451  17.624902     29.753      7.459   192.9086     0.5621     2.3002     0.0132      0.004      0.078      0.113         84 2.9086e+02 0.0000e+00
      0.080     4.6124    10.3264     80.117  17.614792     29.752      7.453   193.2872     0.5419     2.2464     0.0132      0.005      0.080      0.116         85 2.6877e+02 0.0000e+00
