Data/DataNotYetUploadedToEDI/Raw_CTD/RawDownloads/120618_bvr50.cnv
* Sea-Bird SBE19plus  Data File:
* FileName = C:\DATA\120618_fcr50_0002.hex
* Software version 2.6.3.104
* Temperature SN = 7809
* Conductivity SN = 7809
* System UpLoad Time = Dec 06 2018 16:36:44
* <ApplicationData>
* <Seaterm232>
# nquan = 17
# nvalues = 611                         
# units = specified
# name 0 = depFM: Depth [fresh water, m]
# name 1 = tv290C: Temperature [ITS-90, deg C]
# name 2 = sbeox0Mg/L: Oxygen, SBE 43 [mg/l]
# name 3 = sbeox0PS: Oxygen, SBE 43 [% saturation]
# name 4 = c0uS/cm: Conductivity [uS/cm]
# name 5 = specc: Specific Conductance [uS/cm]
# name 6 = ph: pH
# name 7 = orp: Oxidation Reduction Potential [mV]
# name 8 = flECO-AFL: Fluorescence, WET Labs ECO-AFL/FL [mg/m^3]
# name 9 = turbWETntu0: Turbidity, WET Labs ECO [NTU]
# name 10 = sal00: Salinity, Practical [PSU]
# name 11 = dz/dtM: Descent Rate [m/s]
# name 12 = prdM: Pressure, Strain Gauge [db]
# name 13 = prdE: Pressure, Strain Gauge [psi]
# name 14 = scan: Scan Count
# name 15 = par/sat/log: PAR/Logarithmic, Satlantic
# name 16 = flag:  0.000e+00
# span 0 =     -0.658,     10.614       
# span 1 =     4.4198,     5.5996       
# span 2 =     8.7695,    12.9069       
# span 3 =     68.491,    100.072       
# span 4 =   0.509082,  18.071287       
# span 5 =      0.833,     30.246       
# span 6 =      6.006,      8.238       
# span 7 =   157.9285,  1240.2295       
# span 8 =    -0.6267,     2.4990       
# span 9 =    -3.5141,   243.8956       
# span 10 =     0.0024,     0.0135      
# span 11 =     -0.258,      0.256      
# span 12 =     -0.645,     10.408      
# span 13 =     -0.936,     15.095      
# span 14 =          1,        611      
# span 15 = 1.4452e-01, 1.5256e+03      
# span 16 = 0.0000e+00, 0.0000e+00      
# interval = seconds: 0.25
# start_time = Dec 06 2018 17:48:53 [Instrument's time stamp, header]
# bad_flag = -9.990e-29
*END*
[from data line 171]
     -0.344     4.8263     9.6605     75.089  17.733878     29.701      6.925   223.1566     0.5702     2.4344     0.0133     -0.107     -0.335     -0.486        172 4.0307e+02 0.0000e+00
     -0.354     4.8132     9.8168     76.179  17.731126     29.714      6.912   237.3909     0.5338     2.2062     0.0133     -0.081     -0.345     -0.501        173 3.6296e+02 0.0000e+00
     -0.355     4.8083     9.9900     77.450  17.735594     29.726      6.903   236.7852     0.5459     2.2464     0.0133     -0.057     -0.352     -0.511        174 3.6317e+02 0.0000e+00
     -0.371     4.8218    10.2209     79.201  17.787588     29.832      6.905   236.1794     0.5581     2.2599     0.0134     -0.048     -0.362     -0.525        175 3.9748e+02 0.0000e+00
     -0.381     4.8443    10.4680     81.097  17.784957     29.838      6.908   235.3087     0.5419     2.2733     0.0134     -0.047     -0.371     -0.538        176 4.1498e+02 0.0000e+00
     -0.382     4.8594    10.7527     83.293  17.798135     29.824      6.918   234.7030     0.7158    96.4032     0.0134     -0.044     -0.374     -0.542        177 4.7091e+02 0.0000e+00
     -0.380     4.8525    11.0170     85.338  17.771186     29.802      6.931   235.0059     0.7441    96.4166     0.0134     -0.035     -0.371     -0.538        178 4.7410e+02 0.0000e+00
     -0.374     4.8201    11.2496     87.142  17.818492     29.785      6.939   235.1952     0.7319    96.3629     0.0134     -0.024     -0.361     -0.524        179 4.3915e+02 0.0000e+00
     -0.352     4.7947    11.4355     88.585  18.005965     30.214      6.945   235.1194     0.7400    96.3897     0.0135     -0.010     -0.343     -0.498        180 3.9383e+02 0.0000e+00
     -0.325     4.7721    11.6001     89.861  18.071287     30.246      6.937   235.4223     1.1767   243.8822     0.0135      0.008     -0.318     -0.461        181 3.7439e+02 0.0000e+00
     -0.296     4.7119    11.7068     90.684  17.915006     30.134      6.917   233.8702     1.1646   243.7211     0.0135      0.029     -0.293     -0.425        182 3.6443e+02 0.0000e+00
     -0.276     4.6479    11.7385     90.928  17.518889     29.355      6.909   234.0973     1.1686   243.7211     0.0131      0.051     -0.274     -0.398        183 3.4174e+02 0.0000e+00
     -0.268     4.6118    11.7551     91.057  17.408553     29.324      6.905   233.6430     1.1889   243.8956     0.0131      0.065     -0.264     -0.383        184 3.3456e+02 0.0000e+00
     -0.264     4.5926    11.7265     90.835  17.489296     29.481      6.907   233.9080     0.5540     2.6493     0.0131      0.069     -0.259     -0.376        185 3.3598e+02 0.0000e+00
     -0.261     4.5836    11.6789     90.466  17.418420     29.423      6.910   233.5294     0.5621     2.6224     0.0131      0.067     -0.257     -0.373        186 3.3260e+02 0.0000e+00
     -0.261     4.5792    11.6253     90.048  17.437501     29.442      6.915   233.6430     0.5500     2.6359     0.0131      0.057     -0.257     -0.373        187 3.3214e+02 0.0000e+00
     -0.264     4.5782    11.5732     89.640  17.465555     29.545      6.911   233.7566     0.5500     2.5687     0.0131      0.041     -0.259     -0.376        188 3.3003e+02 0.0000e+00
     -0.267     4.5790    11.5072     89.124  17.413144     29.408      6.913   233.4916     0.5338     2.6493     0.0130      0.024     -0.261     -0.378        189 3.2996e+02 0.0000e+00
     -0.267     4.5806    11.4932     89.015  17.473095     29.550      6.914   233.7187     0.4853     2.3941     0.0131      0.010     -0.261     -0.378        190 3.2864e+02 0.0000e+00
     -0.265     4.5807    11.4709     88.842  17.479846     29.549      6.917   233.6430     0.4893     2.4613     0.0131      0.003     -0.260     -0.377        191 3.2659e+02 0.0000e+00
     -0.264     4.5795    11.4536     88.710  17.434374     29.453      6.919   233.5673     0.4893     2.4344     0.0131     -0.000     -0.259     -0.376        192 3.2721e+02 0.0000e+00
     -0.262     4.5788    11.4544     88.719  17.470417     29.548      6.919   233.8702     0.4974     2.3941     0.0131     -0.001     -0.257     -0.373        193 3.2743e+02 0.0000e+00
     -0.261     4.5786    11.4568     88.737  17.434991     29.455      6.919   233.6430     0.5621     2.2733     0.0131      0.000     -0.256     -0.370        194 3.3018e+02 0.0000e+00
     -0.258     4.5787    11.4552     88.723  17.419196     29.455      6.924   233.1509     0.5661     2.1927     0.0131      0.002     -0.253     -0.366        195 3.3366e+02 0.0000e+00
     -0.255     4.5784    11.4466     88.654  17.430808     29.455      6.925   233.5294     0.5540     2.2062     0.0131      0.005     -0.250     -0.361        196 3.3171e+02 0.0000e+00
     -0.251     4.5773    11.4396     88.597  17.450172     29.502      6.929   233.1509     0.5581     2.1659     0.0131      0.008     -0.245     -0.355        197 3.3809e+02 0.0000e+00
     -0.243     4.5755    11.4173     88.425  17.424732     29.456      6.932   233.0373     0.5459     2.4479     0.0131      0.011     -0.238     -0.345        198 3.3647e+02 0.0000e+00
     -0.234     4.5738    11.4023     88.310  17.432835     29.457      6.932   232.6587     0.5702     2.3941     0.0131      0.014     -0.230     -0.334        199 3.4138e+02 0.0000e+00
     -0.228     4.5732    11.3770     88.113  17.410453     29.458      6.932   232.6209     0.5540     2.4747     0.0131      0.018     -0.225     -0.327        200 3.3354e+02 0.0000e+00
     -0.227     4.5731    11.3527     87.927  17.393319     29.366      6.937   232.1666     0.5742     2.4344     0.0130      0.019     -0.223     -0.323        201 3.4748e+02 0.0000e+00
     -0.226     4.5739    11.3184     87.661  17.454160     29.555      6.941   232.2044     0.5297     2.3941     0.0131      0.020     -0.220     -0.319        202 4.2981e+02 0.0000e+00
     -0.220     4.5752    11.3148     87.634  17.394006     29.367      6.944   232.0909     0.5378     2.3404     0.0130      0.019     -0.212     -0.307        203 4.5055e+02 0.0000e+00
     -0.201     4.5750    11.3034     87.547  17.408913     29.460      6.945   231.9394     0.5581     2.4747     0.0131      0.023     -0.196     -0.285        204 3.4494e+02 0.0000e+00
     -0.179     4.5741    11.3068     87.572  17.435606     29.459      6.942   232.4694     0.5702     2.3807     0.0131      0.029     -0.179     -0.260        205 3.5486e+02 0.0000e+00
     -0.170     4.5730    11.3117     87.610  17.390421     29.412      6.936   232.6966     0.5500     2.3136     0.0130      0.034     -0.168     -0.243        206 4.0689e+02 0.0000e+00
     -0.162     4.5717    11.3034     87.545  17.376248     29.366      6.943   232.0151     0.5540     2.1390     0.0130      0.038     -0.159     -0.229        207 4.0324e+02 0.0000e+00
     -0.152     4.5719    11.3079     87.579  17.423610     29.461      6.948   225.8444     0.5459     2.1659     0.0131      0.043     -0.152     -0.219        208 7.6170e+02 0.0000e+00
     -0.149     4.5726    11.3089     87.585  17.420377     29.462      6.935   232.6587     0.5500     2.2062     0.0131      0.045     -0.154     -0.223        209 1.0855e+03 0.0000e+00
     -0.174     4.5725    11.3089     87.584  17.380271     29.368      6.932   232.5830     0.5419     2.1524     0.0130      0.035     -0.167     -0.241        210 1.0786e+03 0.0000e+00
     -0.184     4.5730    11.3049     87.552  17.414256     29.461      6.938   232.4694     0.5944     2.1927     0.0131      0.020     -0.173     -0.251        211 1.1214e+03 0.0000e+00
     -0.169     4.5733    11.3055     87.556  17.378084     29.367      6.939   226.6773     0.6308     2.3136     0.0130      0.008     -0.168     -0.242        212 1.0533e+03 0.0000e+00
     -0.160     4.5738    11.3095     87.588  17.366021     29.366      6.940   227.7373     0.6228     2.2867     0.0130      0.001     -0.162     -0.235        213 9.4426e+02 0.0000e+00
     -0.168     4.5741    11.3174     87.648  17.399636     29.413      6.933   228.3430     0.6349     2.2599     0.0130     -0.004     -0.166     -0.241        214 1.0099e+03 0.0000e+00
     -0.181     4.5738    11.3288     87.737  17.425150     29.460      6.932   228.1916     0.6025     2.2599     0.0131     -0.009     -0.172     -0.249        215 1.0745e+03 0.0000e+00
     -0.176     4.5736    11.3307     87.752  17.423167     29.460      6.933   228.4187     0.6147     2.0719     0.0131     -0.010     -0.167     -0.241        216 1.0815e+03 0.0000e+00
     -0.152     4.5732    11.3351     87.788  17.372469     29.366      6.934   228.6080     0.6349     2.3136     0.0130     -0.001     -0.149     -0.215        217 1.0744e+03 0.0000e+00
     -0.126     4.5726    11.3463     87.877  17.369711     29.366      6.936   229.1759     0.6389     2.3404     0.0130      0.017     -0.130     -0.187        218 1.0971e+03 0.0000e+00
     -0.118     4.5719    11.3433     87.856  17.367335     29.366      6.931   229.2516     0.6025     2.2196     0.0130      0.026     -0.122     -0.177        219 1.1157e+03 0.0000e+00
     -0.129     4.5715    11.3462     87.877  17.375428     29.367      6.928   228.8351     0.6228     2.3270     0.0130      0.026     -0.127     -0.183        220 1.1260e+03 0.0000e+00
     -0.138     4.5710    11.3430     87.850  17.418905     29.462      6.928   228.5323     0.6268     2.1659     0.0131      0.025     -0.133     -0.193        221 1.1008e+03 0.0000e+00
     -0.140     4.5708    11.3557     87.947  17.431760     29.463      6.933   228.6080     0.6147     2.2464     0.0131      0.024     -0.137     -0.198        222 1.0440e+03 0.0000e+00
     -0.139     4.5711    11.3428     87.847  17.448330     29.510      6.936   229.1759     0.6106     2.3404     0.0131      0.020     -0.137     -0.199        223 1.0496e+03 0.0000e+00
     -0.140     4.5710    11.3442     87.856  17.427916     29.463      6.937   229.0623     0.6228     2.4076     0.0131      0.009     -0.137     -0.200        224 1.0665e+03 0.0000e+00
     -0.141     4.5709    11.3467     87.873  17.427530     29.463      6.936   229.1759     0.6268     2.4747     0.0131     -0.003     -0.137     -0.200        225 1.0562e+03 0.0000e+00
     -0.140     4.5711    11.3536     87.927  17.419178     29.463      6.937   229.2137     0.6228     2.4076     0.0131     -0.010     -0.136     -0.198        226 1.0746e+03 0.0000e+00
     -0.137     4.5720    11.3528     87.921  17.379044     29.369      6.936   229.5544     0.6187     2.4747     0.0130     -0.008     -0.136     -0.197        227 1.0881e+03 0.0000e+00
     -0.139     4.5732    11.3554     87.942  17.418208     29.463      6.935   229.7816     0.5702     2.3807     0.0131     -0.002     -0.137     -0.198        228 1.0719e+03 0.0000e+00
     -0.141     4.5738    11.3503     87.901  17.429705     29.462      6.938   230.1601     0.5419     2.4881     0.0131     -0.000     -0.137     -0.200        229 1.0772e+03 0.0000e+00
     -0.141     4.5737    11.3539     87.927  17.424004     29.461      6.937   230.3116     0.5621     2.3941     0.0131     -0.000     -0.137     -0.200        230 1.0981e+03 0.0000e+00
     -0.138     4.5724    11.3505     87.897  17.454935     29.507      6.939   236.7852     0.5702     2.4076     0.0131      0.000     -0.135     -0.196        231 1.0908e+03 0.0000e+00
     -0.135     4.5717    11.3535     87.919  17.420844     29.460      6.940   230.5009     0.6308     2.4747     0.0131      0.001     -0.133     -0.192        232 1.0669e+03 0.0000e+00
     -0.134     4.5717    11.3448     87.852  17.377531     29.367      6.938   231.3337     0.6025     2.5150     0.0130      0.003     -0.132     -0.191        233 1.0730e+03 0.0000e+00
     -0.136     4.5707    11.3309     87.746  17.419938     29.462      6.942   237.8073     0.6187     2.4210     0.0131      0.002     -0.134     -0.193        234 1.0701e+03 0.0000e+00
     -0.139     4.5700    11.3311     87.750  17.427336     29.462      6.942   237.8452     0.6106     2.4613     0.0131      0.001     -0.136     -0.197        235 1.0646e+03 0.0000e+00
     -0.140     4.5701    11.3271     87.719  17.368325     29.369      6.944   232.1666     0.5500     2.1793     0.0130      0.001     -0.137     -0.199        236 1.0629e+03 0.0000e+00
     -0.139     4.5702    11.3218     87.678  17.374845     29.370      6.943   238.1480     0.5419     2.2599     0.0130      0.001     -0.136     -0.198        237 1.0620e+03 0.0000e+00
     -0.139     4.5705    11.3112     87.597  17.419223     29.464      6.948   238.0345     0.5621     2.2464     0.0130     -0.001     -0.136     -0.196        238 1.0759e+03 0.0000e+00
     -0.137     4.5701    11.3041     87.543  17.431629     29.464      6.951   238.4509     0.5540     2.1927     0.0130     -0.002     -0.135     -0.195        239 1.0797e+03 0.0000e+00
     -0.135     4.5688    11.3084     87.574  17.389038     29.416      6.953   238.1102     0.5500     2.2464     0.0130     -0.001     -0.133     -0.192        240 1.0729e+03 0.0000e+00
     -0.132     4.5675    11.3186     87.650  17.383328     29.370      6.951   238.1480     0.5621     2.2062     0.0130      0.001     -0.130     -0.188        241 1.0747e+03 0.0000e+00
     -0.130     4.5670    11.3109     87.589  17.409103     29.465      6.951   238.5645     0.5702     2.2464     0.0130      0.003     -0.128     -0.185        242 1.0814e+03 0.0000e+00
     -0.128     4.5673    11.3081     87.570  17.386594     29.372      6.954   234.1352     0.5419     2.3002     0.0130      0.006     -0.125     -0.181        243 1.0777e+03 0.0000e+00
     -0.124     4.5680    11.3058     87.552  17.411341     29.467      6.956   233.7566     0.5581     2.1659     0.0130      0.008     -0.121     -0.175        244 1.0818e+03 0.0000e+00
     -0.118     4.5688    11.3144     87.619  17.437574     29.467      6.952   233.4537     0.5944     2.2196     0.0130      0.010     -0.116     -0.169        245 1.0962e+03 0.0000e+00
     -0.114     4.5690    11.3175     87.644  17.413213     29.466      6.953   233.7944     0.5419     2.2196     0.0130      0.012     -0.113     -0.164        246 1.1107e+03 0.0000e+00
     -0.113     4.5688    11.3171     87.640  17.382391     29.371      6.955   233.4916     0.5500     2.2599     0.0130      0.013     -0.112     -0.162        247 1.1114e+03 0.0000e+00
     -0.114     4.5694    11.3160     87.629  17.416665     29.465      6.956   233.8702     0.5661     2.1927     0.0130      0.012     -0.114     -0.164        248 1.0987e+03 0.0000e+00
     -0.120     4.5700    11.3302     87.738  17.400193     29.418      6.955   234.0216     0.6066     2.2599     0.0130      0.009     -0.119     -0.173        249 1.0934e+03 0.0000e+00
     -0.130     4.5691    11.3496     87.886  17.373258     29.370      6.954   233.7944     0.6268     2.1659     0.0130      0.003     -0.127     -0.184        250 1.0942e+03 0.0000e+00
     -0.137     4.5675    11.3561     87.936  17.420551     29.464      6.955   233.2644     0.6511     2.2464     0.0130     -0.004     -0.132     -0.192        251 1.0461e+03 0.0000e+00
     -0.136     4.5672    11.3633     87.992  17.430236     29.465      6.957   233.6430     0.6228     2.2196     0.0130     -0.010     -0.133     -0.192        252 1.0633e+03 0.0000e+00
     -0.131     4.5680    11.3772     88.101  17.420472     29.466      6.955   233.7944     0.5500     2.4747     0.0130     -0.012     -0.128     -0.185        253 1.0556e+03 0.0000e+00
     -0.121     4.5681    11.3979     88.261  17.373437     29.372      6.957   233.9459     0.5944     2.4747     0.0130     -0.009     -0.118     -0.171        254 1.1508e+03 0.0000e+00
     -0.107     4.5681    11.4062     88.324  17.370239     29.371      6.957   234.2487     0.5459     2.3404     0.0130     -0.002     -0.104     -0.151        255 1.0376e+03 0.0000e+00
