Data/DataNotYetUploadedToEDI/Raw_CTD/RawDownloads/120619_bvr50.cnv
* Sea-Bird SBE19plus  Data File:
* FileName = C:\DATA\120619_fcr50_0002.hex
* Software version 2.8.0.119 SB_Terminal.dll
* Temperature SN = 7809
* Conductivity SN = 7809
* System UpLoad Time = Dec 09 2019 15:31:03
* <ApplicationData>
* <Seaterm232>
# nquan = 16
# nvalues = 1567                        
# units = specified
# name 0 = depFM: Depth [fresh water, m]
# name 1 = dz/dtM: Descent Rate [m/s]
# name 2 = sbeox0ML/L: Oxygen, SBE 43 [ml/l]
# name 3 = sbeox0PS: Oxygen, SBE 43 [% saturation]
# name 4 = specc: Specific Conductance [uS/cm]
# name 5 = c0uS/cm: Conductivity [uS/cm]
# name 6 = flECO-AFL: Fluorescence, WET Labs ECO-AFL/FL [mg/m^3]
# name 7 = ph: pH
# name 8 = orp: Oxidation Reduction Potential [mV]
# name 9 = par/sat/log: PAR/Logarithmic, Satlantic
# name 10 = turbWETntu0: Turbidity, WET Labs ECO [NTU]
# name 11 = prdM: Pressure, Strain Gauge [db]
# name 12 = prdE: Pressure, Strain Gauge [psi]
# name 13 = tv290C: Temperature [ITS-90, deg C]
# name 14 = density00: Density [density, kg/m^3]
# name 15 = flag:  0.000e+00
# span 0 =     -0.662,      9.543       
# span 1 =     -0.284,      0.317       
# span 2 =     6.3512,     8.9311       
# span 3 =     71.644,    100.988       
# span 4 =      0.267,     30.460       
# span 5 =   0.184282,  18.577359       
# span 6 =    -0.1652,     6.5255       
# span 7 =      5.973,      7.638       
# span 8 =   178.1978,  1240.2293       
# span 9 = 1.2356e-01, 2.4250e+02       
# span 10 =    -0.3966,    30.2863      
# span 11 =     -0.650,      9.359      
# span 12 =     -0.942,     13.574      
# span 13 =     4.9686,     9.4809      
# span 14 =   999.7464,  1000.0235      
# span 15 = 0.0000e+00, 0.0000e+00      
# interval = seconds: 0.25
# start_time = Dec 06 2019 15:45:22 [Instrument's time stamp, header]
# bad_flag = -9.990e-29
*END*
[from data line 91]
      0.079      0.006     7.1002     78.938     30.409  18.493778     3.4939      6.966   271.8880 9.3077e+01     3.0771      0.079      0.115     5.3761   999.9712 0.0000e+00
      0.079      0.004     7.0716     78.636     30.424  18.507719     3.4089      6.961   272.0438 9.3768e+01     3.0937      0.077      0.112     5.3835   999.9710 0.0000e+00
      0.077     -0.000     7.0397     78.328     30.419  18.508985     3.3756      6.957   272.2363 9.4168e+01     3.1296      0.075      0.109     5.3921   999.9708 0.0000e+00
      0.076     -0.003     7.0088     78.014     30.412  18.509090     3.3771      6.954   272.4093 9.3450e+01     3.1169      0.074      0.107     5.3989   999.9707 0.0000e+00
      0.076     -0.004     6.9791     77.700     30.403  18.508995     3.2891      6.952   272.6727 9.4609e+01     3.0719      0.075      0.108     5.4066   999.9705 0.0000e+00
      0.075     -0.004     6.9523     77.373     30.393  18.507843     3.1261      6.949   273.0983 9.4097e+01     3.0767      0.073      0.106     5.4147   999.9703 0.0000e+00
      0.073     -0.004     6.9236     77.053     30.365  18.495159     3.0455      6.944   273.4247 9.3036e+01     3.1101      0.070      0.102     5.4218   999.9701 0.0000e+00
      0.072     -0.003     6.8935     76.773     30.337  18.482485     3.0506      6.939   273.6078 9.5901e+01     3.0821      0.070      0.102     5.4293   999.9700 0.0000e+00
      0.072     -0.001     6.8658     76.510     30.329  18.481447     3.0579      6.935   273.8497 9.6434e+01     3.0661      0.071      0.103     5.4381   999.9698 0.0000e+00
      0.071      0.002     6.8346     76.242     30.328  18.482610     3.0904      6.932   274.0266 9.1966e+01     3.1128      0.070      0.101     5.4462   999.9696 0.0000e+00
      0.070      0.004     6.8029     75.975     30.348  18.496542     3.1580      6.930   274.1116 9.0256e+01     3.1222      0.068      0.098     5.4534   999.9694 0.0000e+00
      0.072      0.005     6.7786     75.713     30.388  18.523062     3.1986      6.926   274.1898 9.1313e+01     3.0816      0.070      0.101     5.4615   999.9692 0.0000e+00
      0.076      0.003     6.7551     75.487     30.427  18.549591     3.2005      6.922   274.1972 9.2210e+01     3.0479      0.075      0.109     5.4682   999.9691 0.0000e+00
      0.080      0.000     6.7298     75.321     30.444  18.563626     3.1805      6.917   274.3731 9.3653e+01     3.0420      0.078      0.114     5.4710   999.9691 0.0000e+00
      0.081     -0.003     6.7069     75.132     30.444  18.565922     3.1472      6.912   274.7680 9.3769e+01     3.0765      0.082      0.119     5.4722   999.9690 0.0000e+00
      0.077     -0.007     6.6823     74.865     30.460  18.577359     3.1273      6.903   275.0137 9.3372e+01     3.1042      0.077      0.113     5.4756   999.9690 0.0000e+00
      0.071     -0.012     6.6587     74.608     30.457  18.575073     3.1132      6.890   275.1072 9.5173e+01     3.0816      0.067      0.097     5.4805   999.9688 0.0000e+00
      0.068     -0.016     6.6471     74.404     30.397  18.538280     3.0899      6.875   275.2958 9.6346e+01     3.0001      0.066      0.094     5.4861   999.9687 0.0000e+00
      0.067     -0.016     6.6340     74.218     30.352  18.513017     3.0714      6.864   275.5738 9.4469e+01     2.8734      0.069      0.101     5.4913   999.9686 0.0000e+00
      0.062     -0.012     6.6030     74.019     30.366  18.523289     3.0621      6.859   275.7151 9.3368e+01     2.7945      0.063      0.091     5.4936   999.9685 0.0000e+00
      0.053     -0.007     6.5803     73.809     30.383  18.535649     3.0642      6.857   275.7131 9.4468e+01     2.7992      0.050      0.072     5.4925   999.9685 0.0000e+00
      0.049     -0.002     6.5646     73.620     30.376  18.535615     3.1494      6.856   275.7222 9.5024e+01     2.8984      0.045      0.065     5.4908   999.9685 0.0000e+00
      0.053      0.004     6.5475     73.468     30.346  18.522890     3.3111      6.855   275.8248 9.4138e+01     3.0106      0.051      0.074     5.4968   999.9683 0.0000e+00
      0.059      0.013     6.5307     73.352     30.318  18.508640     3.4066      6.854   276.0932 9.3978e+01     3.0416      0.060      0.087     5.4999   999.9683 0.0000e+00
      0.064      0.020     6.5093     73.215     30.288  18.490159     3.4294      6.854   276.3864 9.3773e+01     3.0440      0.062      0.090     5.4984   999.9684 0.0000e+00
      0.068      0.024     6.4926     73.044     29.978  18.299433     3.4991      6.851   276.5304 9.0663e+01     3.0399      0.064      0.093     5.5071   999.9682 0.0000e+00
      0.074      0.023     6.4748     72.854     29.254  17.851461     3.6161      6.845   276.5444 8.6999e+01     3.0573      0.071      0.104     5.5207   999.9679 0.0000e+00
      0.084      0.019     6.4676     72.550     28.647  17.449569     3.6741      6.836   276.5556 8.6274e+01     3.0903      0.081      0.119     5.5262   999.9678 0.0000e+00
      0.092      0.013     6.4566     72.078     28.522  17.308593     3.6719      6.826   276.6655 8.7465e+01     3.0784      0.092      0.134     5.5233   999.9679 0.0000e+00
      0.096      0.006     6.4387     71.644     28.598  17.288360     3.6678      6.821   276.8404 8.8336e+01     3.0444      0.097      0.141     5.5172   999.9680 0.0000e+00
      0.095     -0.004     6.4264     71.712     28.639  17.268275     3.6420      6.819   277.0356 8.9833e+01     3.0404      0.094      0.137     5.5265   999.9675 0.0000e+00
      0.090     -0.011     6.4090     72.678     28.660  17.255962     3.5940      6.817   277.0471 9.2225e+01     3.0614      0.088      0.128     5.4855   999.9681 0.0000e+00
      0.084     -0.014     6.3864     74.648     28.699  17.266288     3.5638      6.814   276.9795 9.3911e+01     3.0699      0.082      0.120     5.3388   999.9713 0.0000e+00
      0.077     -0.013     6.3512     77.489     28.708  17.266288     3.5460      6.810   277.2502 9.3796e+01     3.0450      0.075      0.109     5.2067   999.9740 0.0000e+00
      0.071     -0.009     6.3546     80.944     28.694  17.255963     3.5350      6.804   277.6542 9.0961e+01     3.0219      0.069      0.098     5.1370   999.9752 0.0000e+00
      0.070     -0.004     6.4455     84.689     28.716  17.268271     3.5435      6.797   277.8193 8.9988e+01     3.0528      0.067      0.098     5.0950   999.9759 0.0000e+00
      0.073      0.001     6.6292     88.351     28.751  17.288281     3.5529      6.792   277.7843 9.2579e+01     3.0913      0.071      0.104     5.0762   999.9763 0.0000e+00
      0.077      0.004     6.8924     91.548     28.784  17.307656     3.5444      6.791   277.8324 9.2773e+01     3.0618      0.075      0.109     5.0697   999.9764 0.0000e+00
      0.079      0.005     7.2102     93.968     28.792  17.312278     3.5354      6.791   278.1433 9.2567e+01     3.0233      0.077      0.112     5.0680   999.9765 0.0000e+00
      0.081      0.003     7.5572     95.526     28.739  17.280746     3.5404      6.790   278.5320 9.3012e+01     3.0196      0.079      0.115     5.0653   999.9765 0.0000e+00
      0.081     -0.001     7.8957     96.354     28.675  17.243488     3.5439      6.789   278.7464 9.1273e+01     3.0491      0.080      0.116     5.0634   999.9766 0.0000e+00
      0.080     -0.003     8.1932     96.661     28.671  17.242297     3.5350      6.787   278.7562 9.0653e+01     3.0848      0.078      0.114     5.0626   999.9766 0.0000e+00
      0.077     -0.005     8.4108     96.615     28.709  17.266339     3.4408      6.782   278.8235 9.0524e+01     3.0575      0.076      0.109     5.0627   999.9766 0.0000e+00
      0.074     -0.007     8.5445     96.352     28.729  17.280519     3.2728      6.775   279.0432 9.0911e+01     3.0470      0.073      0.106     5.0641   999.9765 0.0000e+00
      0.072     -0.008     8.6101     95.985     28.739  17.286911     3.1858      6.768   279.1761 9.2413e+01     3.0896      0.071      0.104     5.0662   999.9764 0.0000e+00
      0.072     -0.008     8.6325     95.562     28.730  17.280211     3.1769      6.763   279.2254 9.0786e+01     3.1132      0.071      0.103     5.0672   999.9764 0.0000e+00
      0.071     -0.007     8.6244     95.134     28.705  17.262925     3.1046      6.760   279.2953 9.0605e+01     3.1023      0.069      0.101     5.0698   999.9764 0.0000e+00
      0.068     -0.005     8.5945     94.736     28.719  17.268157     2.9624      6.759   279.4193 9.4696e+01     3.0573      0.067      0.097     5.0746   999.9763 0.0000e+00
      0.064     -0.002     8.5621     94.347     28.742  17.280051     2.8789      6.759   279.6056 9.4561e+01     3.0274      0.063      0.091     5.0764   999.9763 0.0000e+00
      0.063      0.001     8.5225     93.964     28.742  17.279894     2.8759      6.758   279.7414 9.1186e+01     3.0361      0.060      0.088     5.0734   999.9763 0.0000e+00
      0.065      0.003     8.4838     93.621     28.719  17.266267     2.9001      6.757   279.8569 9.1092e+01     3.0320      0.063      0.092     5.0684   999.9764 0.0000e+00
      0.069      0.005     8.4514     93.324     28.679  17.242116     2.9546      6.752   280.0554 9.3081e+01     3.0435      0.068      0.099     5.0621   999.9765 0.0000e+00
      0.071      0.007     8.4177     93.054     28.678  17.241544     3.0321      6.746   280.3342 9.4822e+01     3.0770      0.071      0.103     5.0585   999.9766 0.0000e+00
      0.072      0.008     8.3812     92.834     28.707  17.259352     3.0741      6.738   280.4748 9.3358e+01     3.0763      0.071      0.103     5.0599   999.9766 0.0000e+00
      0.073      0.007     8.3504     92.664     28.720  17.267196     3.0722      6.730   280.3787 8.9811e+01     3.0674      0.071      0.103     5.0601   999.9766 0.0000e+00
      0.075      0.005     8.3262     92.508     28.729  17.272961     3.0438      6.723   280.3762 8.9469e+01     3.0675      0.073      0.105     5.0588   999.9766 0.0000e+00
      0.079      0.003     8.3004     92.392     28.717  17.265641     2.9907      6.720   280.5308 9.1570e+01     3.0774      0.077      0.112     5.0588   999.9766 0.0000e+00
      0.080      0.001     8.2792     92.300     28.679  17.242106     2.9595      6.720   280.6138 9.3555e+01     3.0884      0.081      0.117     5.0596   999.9766 0.0000e+00
      0.080     -0.001     8.2686     92.186     28.679  17.242059     2.9442      6.720   280.6908 9.3492e+01     3.0695      0.080      0.116     5.0602   999.9766 0.0000e+00
      0.077     -0.002     8.2507     92.105     28.715  17.265070     2.8836      6.720   280.8606 9.1466e+01     3.0461      0.075      0.110     5.0602   999.9766 0.0000e+00
      0.075     -0.002     8.2408     92.075     28.713  17.266672     2.7984      6.718   280.3433 9.2412e+01     3.0668      0.073      0.106     5.0602   999.9766 0.0000e+00
      0.074     -0.001     8.2379     92.064     28.697  17.261431     2.7630      6.716   279.0815 9.5047e+01     3.0911      0.073      0.105     5.0592   999.9766 0.0000e+00
      0.074      0.001     8.2219     92.046     28.699  17.265117     2.7592      6.715   278.5960 9.4979e+01     3.0448      0.073      0.106     5.0589   999.9766 0.0000e+00
      0.075      0.005     8.2158     92.023     28.669  17.247822     2.7268      6.714   279.2063 9.3004e+01     2.9991      0.074      0.107     5.0597   999.9766 0.0000e+00
      0.076      0.007     8.2124     91.977     28.662  17.242573     2.6745      6.716   280.2661 8.9558e+01     3.0301      0.075      0.108     5.0647   999.9765 0.0000e+00
      0.079      0.009     8.2112     91.897     28.702  17.265069     2.6474      6.719   281.2570 8.6715e+01     3.0918      0.077      0.112     5.0749   999.9763 0.0000e+00
      0.083      0.012     8.2070     91.813     28.704  17.266160     2.6499      6.719   281.7232 8.7042e+01     3.1223      0.081      0.118     5.0812   999.9763 0.0000e+00
      0.086      0.014     8.2056     91.712     28.687  17.255765     2.6526      6.718   281.8583 8.6962e+01     3.1037      0.084      0.122     5.0807   999.9763 0.0000e+00
      0.089      0.014     8.2045     91.597     28.704  17.266211     2.6715      6.716   281.1700 8.4310e+01     3.0637      0.086      0.126     5.0779   999.9763 0.0000e+00
      0.093      0.014     8.1935     91.511     28.703  17.265640     2.7235      6.714   279.5956 8.3221e+01     3.0319      0.091      0.132     5.0753   999.9764 0.0000e+00
      0.098      0.014     8.1895     91.490     28.674  17.248851     2.7612      6.713   278.6540 8.4425e+01     3.0477      0.096      0.139     5.0745   999.9765 0.0000e+00
      0.102      0.013     8.1795     91.529     28.682  17.253464     2.7717      6.711   278.4754 8.3040e+01     3.0897      0.101      0.146     5.0750   999.9764 0.0000e+00
      0.105      0.011     8.1676     91.589     28.690  17.257989     2.8760      6.708   278.2959 7.9992e+01     3.1138      0.103      0.149     5.0754   999.9765 0.0000e+00
      0.106      0.009     8.1585     91.650     28.661  17.240160     3.0777      6.705   278.1179 7.8862e+01     3.1098      0.104      0.151     5.0756   999.9765 0.0000e+00
      0.109      0.006     8.1566     91.700     28.641  17.228144     3.1810      6.701   278.0445 7.7407e+01     3.0747      0.107      0.155     5.0757   999.9765 0.0000e+00
      0.111      0.003     8.1622     91.744     28.661  17.239531     3.1884      6.698   278.0112 7.5962e+01     3.0493      0.109      0.158     5.0755   999.9765 0.0000e+00
      0.111      0.000     8.1677     91.776     28.682  17.251005     3.2808      6.695   277.9732 7.5442e+01     3.0656      0.109      0.159     5.0752   999.9765 0.0000e+00
      0.111     -0.002     8.1741     91.774     28.667  17.240046     3.4566      6.692   278.0157 7.5400e+01     3.1073      0.109      0.158     5.0750   999.9765 0.0000e+00
      0.110     -0.002     8.1778     91.730     28.662  17.233861     3.5540      6.691   278.0943 7.6517e+01     3.1270      0.107      0.156     5.0747   999.9765 0.0000e+00
      0.107     -0.001     8.1823     91.688     28.677  17.239626     3.5664      6.689   278.2358 7.7222e+01     3.1080      0.104      0.152     5.0741   999.9765 0.0000e+00
      0.106      0.000     8.1858     91.670     28.692  17.246336     3.5803      6.688   278.4356 7.6531e+01     3.0735      0.102      0.149     5.0725   999.9765 0.0000e+00
      0.106      0.002     8.1879     91.662     28.701  17.251567     3.6001      6.686   278.5306 7.5796e+01     3.0715      0.103      0.150     5.0691   999.9766 0.0000e+00
      0.109      0.004     8.1825     91.667     28.679  17.239465     3.6146      6.684   278.5239 7.5818e+01     3.1157      0.106      0.154     5.0633   999.9767 0.0000e+00
      0.112      0.005     8.1792     91.694     28.656  17.226845     3.6168      6.682   278.5266 7.5212e+01     3.1490      0.109      0.160     5.0564   999.9768 0.0000e+00
      0.114      0.004     8.1804     91.746     28.652  17.225807     3.6100      6.679   278.5638 7.4479e+01     3.1466      0.111      0.162     5.0518   999.9769 0.0000e+00
      0.115      0.002     8.1785     91.808     28.653  17.226907     3.6024      6.676   278.7155 7.4578e+01     3.1199      0.111      0.162     5.0514   999.9769 0.0000e+00
      0.115     -0.000     8.1790     91.856     28.673  17.240151     3.6017      6.673   278.9850 7.4875e+01     3.0878      0.114      0.164     5.0537   999.9769 0.0000e+00
      0.114     -0.002     8.1797     91.889     28.702  17.259113     3.6020      6.670   279.0687 7.5136e+01     3.0864      0.113      0.165     5.0574   999.9768 0.0000e+00
      0.112     -0.003     8.1848     91.923     28.712  17.265926     3.6061      6.666   279.0387 7.5762e+01     3.0700      0.110      0.159     5.0597   999.9768 0.0000e+00
