Data/DataNotYetUploadedToEDI/Raw_CTD/RawDownloads/120618_bvr50.cnv
* Sea-Bird SBE19plus  Data File:
* FileName = C:\DATA\120618_fcr50_0002.hex
* Software version 2.6.3.104
* Temperature SN = 7809
* Conductivity SN = 7809
* System UpLoad Time = Dec 06 2018 16:36:44
* <ApplicationData>
* <Seaterm232>
# nquan = 17
# nvalues = 611                         
# units = specified
# name 0 = depFM: Depth [fresh water, m]
# name 1 = tv290C: Temperature [ITS-90, deg C]
# name 2 = sbeox0Mg/L: Oxygen, SBE 43 [mg/l]
# name 3 = sbeox0PS: Oxygen, SBE 43 [% saturation]
# name 4 = c0uS/cm: Conductivity [uS/cm]
# name 5 = specc: Specific Conductance [uS/cm]
# name 6 = ph: pH
# name 7 = orp: Oxidation Reduction Potential [mV]
# name 8 = flECO-AFL: Fluorescence, WET Labs ECO-AFL/FL [mg/m^3]
# name 9 = turbWETntu0: Turbidity, WET Labs ECO [NTU]
# name 10 = sal00: Salinity, Practical [PSU]
# name 11 = dz/dtM: Descent Rate [m/s]
# name 12 = prdM: Pressure, Strain Gauge [db]
# name 13 = prdE: Pressure, Strain Gauge [psi]
# name 14 = scan: Scan Count
# name 15 = par/sat/log: PAR/Logarithmic, Satlantic
# name 16 = flag:  0.000e+00
# span 0 =     -0.658,     10.614       
# span 1 =     4.4198,     5.5996       
# span 2 =     8.7695,    12.9069       
# span 3 =     68.491,    100.072       
# span 4 =   0.509082,  18.071287       
# span 5 =      0.833,     30.246       
# span 6 =      6.006,      8.238       
# span 7 =   157.9285,  1240.2295       
# span 8 =    -0.6267,     2.4990       
# span 9 =    -3.5141,   243.8956       
# span 10 =     0.0024,     0.0135      
# span 11 =     -0.258,      0.256      
# span 12 =     -0.645,     10.408      
# span 13 =     -0.936,     15.095      
# span 14 =          1,        611      
# span 15 = 1.4452e-01, 1.5256e+03      
# span 16 = 0.0000e+00, 0.0000e+00      
# interval = seconds: 0.25
# start_time = Dec 06 2018 17:48:53 [Instrument's time stamp, header]
# bad_flag = -9.990e-29
*END*
[from data line 86]
      0.091     4.6159    10.2415     79.462  17.618468     29.752      7.441   194.3472     0.5459     2.1927     0.0132      0.008      0.089      0.130         87 3.3576e+02 0.0000e+00
      0.097     4.6204    10.1866     79.035  17.616652     29.751      7.428   194.6500     0.5581     2.2196     0.0132      0.010      0.094      0.136         88 2.6736e+02 0.0000e+00
      0.099     4.6247    10.1482     78.739  17.574598     29.654      7.423   195.5586     0.5419     2.2196     0.0132      0.012      0.098      0.141         89 3.4036e+02 0.0000e+00
      0.103     4.6302    10.1031     78.391  17.611536     29.744      7.413   196.2022     0.5581     2.1927     0.0132      0.013      0.101      0.146         90 3.4767e+02 0.0000e+00
      0.106     4.6358    10.0656     78.101  17.629951     29.740      7.407   196.4293     0.5500     2.0719     0.0132      0.015      0.102      0.149         91 4.7424e+02 0.0000e+00
      0.105     4.6378    10.0219     77.761  17.670214     29.828      7.399   196.8836     0.5419     2.2196     0.0132      0.015      0.102      0.149         92 5.6009e+02 0.0000e+00
      0.102     4.6372     9.9705     77.365  17.679960     29.822      7.391   197.0350     0.5783     2.4881     0.0132      0.012      0.100      0.145         93 5.2120e+02 0.0000e+00
      0.098     4.6377     9.9339     77.087  17.677087     29.821      7.383   197.2243     0.5661     2.4344     0.0132      0.007      0.098      0.142         94 5.6486e+02 0.0000e+00
      0.099     4.6394     9.8994     76.826  17.733055     29.915      7.379   197.3379     0.5297     2.4076     0.0133      0.003      0.099      0.143         95 3.9778e+02 0.0000e+00
      0.106     4.6408     9.8565     76.498  17.728843     29.915      7.373   198.3222     0.5540     2.3539     0.0133      0.002      0.103      0.150         96 3.3481e+02 0.0000e+00
      0.111     4.6415     9.8138     76.171  17.682330     29.819      7.367   199.0793     0.5540     2.2867     0.0132      0.002      0.106      0.155         97 4.4133e+02 0.0000e+00
      0.108     4.6412     9.7869     75.967  17.672406     29.818      7.359   199.1172     0.5702     2.2464     0.0132      0.002      0.105      0.153         98 4.6539e+02 0.0000e+00
      0.103     4.6416     9.7373     75.587  17.681926     29.817      7.346   199.6851     0.5176     2.2196     0.0132      0.001      0.102      0.148         99 5.0688e+02 0.0000e+00
      0.100     4.6431     9.7094     75.375  17.729747     29.911      7.335   199.9501     0.5419     2.1659     0.0133      0.001      0.099      0.144        100 5.5746e+02 0.0000e+00
      0.100     4.6435     9.6755     75.117  17.731426     29.911      7.324   200.7072     0.5378     2.2062     0.0133      0.001      0.097      0.141        101 5.9322e+02 0.0000e+00
      0.097     4.6432     9.6446     74.880  17.679836     29.815      7.315   201.0101     0.5500     2.1793     0.0132     -0.001      0.095      0.137        102 6.6088e+02 0.0000e+00
      0.092     4.6444     9.6129     74.637  17.734683     29.909      7.307   200.8586     0.5338     2.2733     0.0133     -0.006      0.091      0.133        103 5.0538e+02 0.0000e+00
      0.091     4.6474     9.5790     74.377  17.781705     30.004      7.298   201.4643     0.5419     2.2330     0.0133     -0.009      0.090      0.131        104 4.3301e+02 0.0000e+00
      0.093     4.6507     9.5395     74.071  17.739852     29.908      7.294   201.6915     0.5419     2.3136     0.0133     -0.010      0.091      0.133        105 4.3627e+02 0.0000e+00
      0.095     4.6532     9.5202     73.924  17.727501     29.905      7.290   202.6001     0.5581     2.2330     0.0133     -0.007      0.092      0.134        106 4.7673e+02 0.0000e+00
      0.095     4.6555     9.4975     73.752  17.737807     29.902      7.284   203.0165     0.5540     2.1927     0.0133     -0.004      0.092      0.134        107 7.3634e+02 0.0000e+00
      0.093     4.6580     9.4585     73.451  17.727026     29.899      7.275   203.0922     0.5581     2.1524     0.0133     -0.003      0.091      0.132        108 5.6431e+02 0.0000e+00
      0.091     4.6605     9.4309     73.234  17.740919     29.897      7.270   203.5086     0.5378     2.1793     0.0133     -0.002      0.090      0.130        109 4.9394e+02 0.0000e+00
      0.091     4.6630     9.4128     73.090  17.779784     29.989      7.265   204.0008     0.5661     2.4613     0.0133     -0.001      0.090      0.130        110 8.8733e+02 0.0000e+00
      0.092     4.6652     9.3827     72.855  17.737924     29.892      7.256   203.9251     0.5581     2.4479     0.0133     -0.000      0.091      0.133        111 8.6730e+02 0.0000e+00
      0.096     4.6668     9.3545     72.639  17.733744     29.889      7.255   204.5308     0.5540     2.4479     0.0133      0.000      0.095      0.139        112 7.0482e+02 0.0000e+00
      0.104     4.6685     9.3382     72.521  17.725717     29.887      7.251   204.9094     0.5500     2.4210     0.0133      0.002      0.100      0.146        113 5.8414e+02 0.0000e+00
      0.108     4.6699     9.3139     72.343  17.688647     29.791      7.243   205.7422     0.6025     2.4210     0.0132      0.006      0.103      0.150        114 6.4317e+02 0.0000e+00
      0.104     4.6705     9.2933     72.193  17.720611     29.884      7.233   205.8558     0.6308     2.4344     0.0133      0.007      0.100      0.145        115 5.2848e+02 0.0000e+00
      0.095     4.6719     9.2740     72.050  17.745206     29.882      7.226   205.9694     0.6228     2.3941     0.0133      0.006      0.095      0.138        116 3.5203e+02 0.0000e+00
      0.093     4.6740     9.2497     71.869  17.776573     29.976      7.216   206.4236     0.6389     2.4344     0.0133      0.003      0.092      0.133        117 2.8354e+02 0.0000e+00
      0.094     4.6750     9.2200     71.640  17.740841     29.880      7.204   206.6129     0.6308     2.5284     0.0133      0.001      0.091      0.132        118 2.5673e+02 0.0000e+00
      0.091     4.6739     9.1916     71.427  17.730406     29.878      7.198   206.9915     0.5904     2.5150     0.0133     -0.003      0.090      0.130        119 4.6293e+02 0.0000e+00
      0.089     4.6722     9.1616     71.227  17.789559     29.971      7.193   208.1651     0.5944     2.3807     0.0133     -0.007      0.088      0.128        120 2.4176e+02 0.0000e+00
      0.089     4.6716     9.1351     71.060  17.785760     29.973      7.180   208.3922     0.6147     2.4747     0.0133     -0.009      0.088      0.128        121 3.9991e+02 0.0000e+00
      0.091     4.6730     9.0985     70.804  17.735134     29.880      7.157   208.4679     0.6106     2.2196     0.0133     -0.008      0.089      0.129        122 6.4367e+02 0.0000e+00
      0.092     4.6771     9.0842     70.708  17.734029     29.881      7.129   208.5437     0.6025     2.2733     0.0133     -0.005      0.091      0.133        123 7.7168e+02 0.0000e+00
      0.099     4.6830     9.0644     70.559  17.787136     29.974      7.110   208.7708     0.6106     2.1122     0.0133      0.001      0.096      0.140        124 1.0096e+03 0.0000e+00
      0.102     4.6882     9.0542     70.478  17.787576     29.969      7.109   208.5058     0.5985     2.2196     0.0133      0.004      0.100      0.146        125 5.4370e+02 0.0000e+00
      0.106     4.6922     9.0552     70.484  17.733480     29.869      7.104   209.2629     0.5783     2.9044     0.0133      0.007      0.105      0.152        126 2.5510e+02 0.0000e+00
      0.113     4.6961     9.0309     70.294  17.735923     29.864      7.101   209.5279     0.5459     2.8507     0.0133      0.011      0.109      0.158        127 3.8047e+02 0.0000e+00
      0.115     4.6970     9.0147     70.172  17.784535     29.954      7.091   209.9065     0.5419     2.8104     0.0133      0.014      0.110      0.160        128 4.4674e+02 0.0000e+00
      0.110     4.7018     9.0041     70.094  17.791515     29.950      7.090   210.6637     0.5540     2.9313     0.0133      0.013      0.109      0.158        129 3.6559e+02 0.0000e+00
      0.110     4.7195     8.9897     69.987  17.786501     29.949      7.086   211.7994     0.5419     2.8507     0.0133      0.011      0.108      0.158        130 2.7347e+02 0.0000e+00
      0.112     4.7406     8.9772     69.897  17.790773     29.945      7.082   210.8908     0.6066     2.2062     0.0133      0.009      0.109      0.158        131 3.7904e+02 0.0000e+00
      0.111     4.7560     8.9646     69.808  17.786198     29.926      7.074   210.4365     0.5823     2.1927     0.0133      0.005      0.109      0.158        132 5.5874e+02 0.0000e+00
      0.110     4.7644     8.9502     69.705  17.792192     29.905      7.067   211.0422     0.6308     2.2464     0.0133      0.002      0.110      0.159        133 4.2641e+02 0.0000e+00
      0.114     4.7668     8.9391     69.624  17.783310     29.890      7.061   211.2315     0.6025     2.2196     0.0133      0.001      0.113      0.165        134 3.1355e+02 0.0000e+00
      0.123     4.7665     8.9342     69.590  17.797249     29.881      7.059   211.1179     0.6228     2.3807     0.0133      0.002      0.120      0.176        135 3.6592e+02 0.0000e+00
      0.133     4.7652     8.9236     69.512  17.774843     29.879      7.051   211.6479     0.6389     2.3941     0.0133      0.008      0.129      0.187        136 2.7092e+02 0.0000e+00
      0.138     4.7650     8.9128     69.431  17.751925     29.785      7.049   212.3672     0.6308     2.5553     0.0133      0.013      0.135      0.195        137 3.6787e+02 0.0000e+00
      0.141     4.7671     8.9033     69.360  17.825769     29.974      7.042   212.4429     0.6147     2.3673     0.0134      0.017      0.136      0.197        138 3.8559e+02 0.0000e+00
      0.136     4.7698     8.8910     69.266  17.801480     29.881      7.035   212.5944     0.6268     2.1793     0.0133      0.017      0.134      0.195        139 3.6723e+02 0.0000e+00
      0.134     4.7724     8.8848     69.219  17.782152     29.878      7.022   213.1244     0.6025     2.2196     0.0133      0.016      0.132      0.191        140 4.4004e+02 0.0000e+00
      0.132     4.7765     8.8798     69.181  17.790553     29.876      7.016   213.4272     0.5985     2.2196     0.0133      0.012      0.129      0.188        141 4.9197e+02 0.0000e+00
      0.129     4.7816     8.8807     69.187  17.791024     29.873      7.014   213.4272     0.6147     2.2599     0.0133      0.006      0.126      0.183        142 5.9862e+02 0.0000e+00
      0.126     4.7861     8.8662     69.070  17.840833     29.963      7.010   213.4651     0.6389     2.2330     0.0134     -0.001      0.124      0.180        143 4.2457e+02 0.0000e+00
      0.125     4.7895     8.8549     68.969  17.847100     29.958      7.004   213.9951     0.6106     2.3270     0.0134     -0.006      0.124      0.180        144 3.0312e+02 0.0000e+00
      0.128     4.7922     8.8506     68.925  17.842491     29.953      7.005   214.0330     0.6106     2.2733     0.0134     -0.008      0.125      0.182        145 4.8840e+02 0.0000e+00
      0.129     4.7945     8.8391     68.832  17.846568     29.950      7.008   214.8658     0.6106     2.2733     0.0134     -0.006      0.126      0.183        146 3.0596e+02 0.0000e+00
      0.129     4.7963     8.8320     68.769  17.842025     29.947      6.999   214.8658     0.5419     2.2733     0.0134     -0.004      0.126      0.183        147 3.0374e+02 0.0000e+00
      0.129     4.7977     8.8197     68.661  17.848144     29.945      6.996   214.6765     0.5459     2.1927     0.0134     -0.002      0.127      0.184        148 5.4075e+02 0.0000e+00
      0.130     4.7988     8.8190     68.691  17.838953     29.943      6.998   215.1308     0.5459     2.2330     0.0134      0.000      0.127      0.184        149 4.0810e+02 0.0000e+00
      0.130     4.7999     8.8021     68.653  17.794196     29.848      6.992   215.5094     0.5338     2.1659     0.0134      0.002      0.127      0.185        150 5.0117e+02 0.0000e+00
      0.131     4.8002     8.7844     68.578  17.785309     29.847      6.995   215.5851     0.5338     2.2733     0.0134      0.002      0.130      0.189        151 5.7770e+02 0.0000e+00
      0.139     4.7996     8.7695     68.491  17.790746     29.846      6.999   216.0015     0.5257     2.2062     0.0134      0.004      0.137      0.198        152 4.3612e+02 0.0000e+00
      0.149     4.7972     8.7854     68.625  17.787431     29.845      6.999   215.8501     0.5338     2.2464     0.0134      0.008      0.146      0.211        153 3.7959e+02 0.0000e+00
      0.156     4.7903     8.8102     68.825  17.789436     29.846      7.000   215.7744     0.5621     2.3136     0.0134      0.012      0.157      0.227        154 2.7475e+02 0.0000e+00
      0.176     4.7843     8.8545     69.172  17.788251     29.848      6.999   216.4558     0.5581     2.2599     0.0134      0.021      0.173      0.250        155 2.5955e+02 0.0000e+00
      0.197     4.7820     8.9220     69.698  17.788905     29.855      6.988   216.8722     0.6228     2.2733     0.0134      0.031      0.190      0.275        156 2.3596e+02 0.0000e+00
      0.207     4.7776     9.0011     70.295  17.788622     29.861      6.985   222.5508     0.5985     2.2733     0.0133      0.040      0.203      0.295        157 3.4464e+02 0.0000e+00
      0.221     4.7714     9.0950     70.995  17.788604     29.864      6.981   217.0615     0.5864     2.2867     0.0133      0.048      0.212      0.307        158 5.6325e+02 0.0000e+00
      0.222     4.7924     9.1918     71.729  17.788929     29.868      6.971   217.8565     0.6308     2.2599     0.0133      0.050      0.206      0.299        159 5.1268e+02 0.0000e+00
      0.189     4.8427     9.2849     72.432  17.847486     29.968      6.958   217.8187     0.6713     2.1524     0.0134      0.038      0.173      0.251        160 4.6983e+02 0.0000e+00
      0.119     4.8794     9.3456     72.882  17.834264     29.948      6.952   218.1973     0.6591     2.1927     0.0134      0.006      0.111      0.162        161 3.8931e+02 0.0000e+00
      0.034     4.8947     9.4105     73.365  17.805378     29.802      6.952   218.4244     0.6875     2.3404     0.0134     -0.043      0.035      0.051        162 3.2526e+02 0.0000e+00
     -0.046     4.9014     9.4513     73.659  17.824157     29.860      6.954   232.3559     0.6632     2.2062     0.0134     -0.104     -0.038     -0.055        163 4.0683e+02 0.0000e+00
     -0.103     4.9046     9.4729     73.816  17.751616     29.657      6.952   220.8094     0.6106     2.2062     0.0133     -0.159     -0.100     -0.146        164 3.2804e+02 0.0000e+00
     -0.160     4.9056     9.4807     73.905  17.777114     29.745      6.940   219.2951     0.6106     2.1390     0.0134     -0.205     -0.160     -0.232        165 3.7633e+02 0.0000e+00
     -0.231     4.9041     9.4784     73.928  17.792423     29.741      6.931   220.2037     0.6106     2.1927     0.0134     -0.242     -0.218     -0.317        166 6.9527e+02 0.0000e+00
     -0.277     4.8928     9.4728     73.916  17.732565     29.647      6.926   234.4380     0.6308     2.2196     0.0133     -0.258     -0.260     -0.378        167 7.5813e+02 0.0000e+00
     -0.287     4.8751     9.4796     73.954  17.733075     29.648      6.925   235.4223     0.6228     2.1927     0.0133     -0.244     -0.279     -0.406        168 5.4066e+02 0.0000e+00
     -0.293     4.8630     9.4726     73.839  17.732521     29.659      6.921   235.9902     0.5500     2.4881     0.0133     -0.209     -0.290     -0.421        169 3.6413e+02 0.0000e+00
     -0.311     4.8510     9.5001     74.000  17.733254     29.678      6.923   237.1637     0.5621     2.5419     0.0133     -0.170     -0.305     -0.441        170 3.0791e+02 0.0000e+00
