Data/DataNotYetUploadedToEDI/Raw_CTD/RawDownloads/120618_bvr50.cnv
* Sea-Bird SBE19plus  Data File:
* FileName = C:\DATA\120618_fcr50_0002.hex
* Software version 2.6.3.104
* Temperature SN = 7809
* Conductivity SN = 7809
* System UpLoad Time = Dec 06 2018 16:36:44
* <ApplicationData>
* <Seaterm232>
# nquan = 17
# nvalues = 611                         
# units = specified
# name 0 = depFM: Depth [fresh water, m]
# name 1 = tv290C: Temperature [ITS-90, deg C]
# name 2 = sbeox0Mg/L: Oxygen, SBE 43 [mg/l]
# name 3 = sbeox0PS: Oxygen, SBE 43 [% saturation]
# name 4 = c0uS/cm: Conductivity [uS/cm]
# name 5 = specc: Specific Conductance [uS/cm]
# name 6 = ph: pH
# name 7 = orp: Oxidation Reduction Potential [mV]
# name 8 = flECO-AFL: Fluorescence, WET Labs ECO-AFL/FL [mg/m^3]
# name 9 = turbWETntu0: Turbidity, WET Labs ECO [NTU]
# name 10 = sal00: Salinity, Practical [PSU]
# name 11 = dz/dtM: Descent Rate [m/s]
# name 12 = prdM: Pressure, Strain Gauge [db]
# name 13 = prdE: Pressure, Strain Gauge [psi]
# name 14 = scan: Scan Count
# name 15 = par/sat/log: PAR/Logarithmic, Satlantic
# name 16 = flag:  0.000e+00
# span 0 =     -0.658,     10.614       
# span 1 =     4.4198,     5.5996       
# span 2 =     8.7695,    12.9069       
# span 3 =     68.491,    100.072       
# span 4 =   0.509082,  18.071287       
# span 5 =      0.833,     30.246       
# span 6 =      6.006,      8.238       
# span 7 =   157.9285,  1240.2295       
# span 8 =    -0.6267,     2.4990       
# span 9 =    -3.5141,   243.8956       
# span 10 =     0.0024,     0.0135      
# span 11 =     -0.258,      0.256      
# span 12 =     -0.645,     10.408      
# span 13 =     -0.936,     15.095      
# span 14 =          1,        611      
# span 15 = 1.4452e-01, 1.5256e+03      
# span 16 = 0.0000e+00, 0.0000e+00      
# interval = seconds: 0.25
# start_time = Dec 06 2018 17:48:53 [Instrument's time stamp, header]
# bad_flag = -9.990e-29
*END*
[from data line 426]
      4.767     4.4571    11.4715     88.585  17.319109     29.389      6.933   260.1809     2.1634     2.3539     0.0129      0.139      4.674      6.778        427 7.0384e+00 0.0000e+00
      4.799     4.4580    11.4828     88.674  17.336648     29.436      6.937   260.3702     2.1634     2.3807     0.0130      0.140      4.707      6.827        428 6.9217e+00 0.0000e+00
      4.834     4.4584    11.4633     88.527  17.317170     29.387      6.937   260.4838     2.1391     2.3807     0.0129      0.142      4.740      6.875        429 6.7731e+00 0.0000e+00
      4.867     4.4583    11.4431     88.374  17.313717     29.386      6.938   260.5595     2.3292     2.2464     0.0129      0.145      4.775      6.926        430 6.5789e+00 0.0000e+00
      4.907     4.4581    11.4388     88.341  17.370578     29.481      6.937   260.8245     2.3575     2.2062     0.0130      0.145      4.814      6.982        431 6.3646e+00 0.0000e+00
      4.953     4.4574    11.4292     88.267  17.364939     29.481      6.936   261.3924     2.3413     2.2196     0.0130      0.146      4.855      7.042        432 6.0777e+00 0.0000e+00
      4.993     4.4576    11.4230     88.215  17.320736     29.386      6.930   261.0895     2.3615     2.1927     0.0129      0.146      4.893      7.096        433 5.9462e+00 0.0000e+00
      5.021     4.4587    11.4163     88.157  17.307056     29.387      6.932   261.1652     2.2240     2.4076     0.0129      0.145      4.923      7.141        434 5.8384e+00 0.0000e+00
      5.048     4.4595    11.4195     88.178  17.263431     29.292      6.934   260.9002     2.1998     2.4076     0.0129      0.143      4.950      7.180        435 5.7198e+00 0.0000e+00
      5.074     4.4597    11.4148     88.140  17.315762     29.386      6.934   260.9381     2.2079     2.3673     0.0129      0.140      4.978      7.221        436 5.5861e+00 0.0000e+00
      5.108     4.4599    11.4238     88.209  17.330831     29.432      6.937   261.3924     2.2240     2.4747     0.0130      0.135      5.010      7.267        437 5.4216e+00 0.0000e+00
      5.145     4.4606    11.4281     88.243  17.274311     29.290      6.936   261.3167     2.2847     2.4210     0.0129      0.131      5.041      7.313        438 5.3458e+00 0.0000e+00
      5.169     4.4620    11.4245     88.217  17.297201     29.384      6.937   261.1652     2.2766     2.3941     0.0129      0.125      5.066      7.349        439 5.2353e+00 0.0000e+00
      5.187     4.4633    11.4217     88.198  17.272711     29.289      6.941   260.9381     2.2766     2.4747     0.0129      0.116      5.086      7.377        440 5.2187e+00 0.0000e+00
      5.205     4.4638    11.4259     88.231  17.245523     29.288      6.943   260.9381     2.2766     2.3807     0.0129      0.108      5.105      7.405        441 5.2081e+00 0.0000e+00
      5.228     4.4636    11.4235     88.212  17.271771     29.286      6.946   260.9002     2.2240     2.5150     0.0129      0.103      5.130      7.439        442 5.0693e+00 0.0000e+00
      5.259     4.4618    11.4143     88.140  17.299310     29.381      6.947   261.1652     2.2159     2.4076     0.0129      0.101      5.161      7.484        443 4.9369e+00 0.0000e+00
      5.298     4.4593    11.4063     88.077  17.270516     29.286      6.948   261.5438     2.2240     2.4076     0.0129      0.101      5.197      7.538        444 4.8104e+00 0.0000e+00
      5.342     4.4576    11.4066     88.078  17.337239     29.430      6.944   262.0738     2.2443     2.4076     0.0130      0.106      5.236      7.595        445 4.6856e+00 0.0000e+00
      5.379     4.4567    11.4077     88.086  17.364440     29.480      6.940   262.2252     2.2159     2.4881     0.0130      0.113      5.271      7.645        446 4.6298e+00 0.0000e+00
      5.404     4.4565    11.4075     88.085  17.325564     29.387      6.937   262.3767     2.2726     2.5150     0.0129      0.122      5.298      7.685        447 4.5942e+00 0.0000e+00
      5.426     4.4569    11.4063     88.076  17.355987     29.483      6.937   262.1495     2.2766     2.3404     0.0130      0.127      5.323      7.721        448 4.4989e+00 0.0000e+00
      5.454     4.4576    11.4133     88.135  17.326580     29.388      6.940   262.3009     2.2806     2.3539     0.0129      0.128      5.351      7.761        449 4.4332e+00 0.0000e+00
      5.489     4.4585    11.4154     88.153  17.302896     29.388      6.937   262.7552     2.2847     2.4881     0.0129      0.127      5.383      7.808        450 4.3211e+00 0.0000e+00
      5.525     4.4590    11.4216     88.202  17.326197     29.387      6.934   262.9445     2.1310     2.3941     0.0129      0.125      5.417      7.857        451 4.1934e+00 0.0000e+00
      5.557     4.4591    11.4297     88.264  17.297582     29.386      6.934   263.2095     2.1391     2.4479     0.0129      0.121      5.448      7.902        452 4.1369e+00 0.0000e+00
      5.583     4.4588    11.4285     88.253  17.279239     29.291      6.933   263.2852     2.1472     2.4479     0.0129      0.118      5.476      7.943        453 4.0399e+00 0.0000e+00
      5.612     4.4580    11.4299     88.261  17.319391     29.433      6.935   263.0960     2.1391     2.3404     0.0130      0.118      5.502      7.980        454 3.9513e+00 0.0000e+00
      5.634     4.4573    11.4388     88.328  17.277247     29.291      6.935   262.8688     2.4707     2.4210     0.0129      0.118      5.525      8.013        455 3.8954e+00 0.0000e+00
      5.654     4.4573    11.4417     88.352  17.302054     29.387      6.939   263.2095     2.4869     2.4613     0.0129      0.115      5.550      8.049        456 3.7680e+00 0.0000e+00
      5.690     4.4571    11.4438     88.368  17.318152     29.387      6.938   263.7395     2.4990     2.3404     0.0129      0.112      5.582      8.095        457 3.6567e+00 0.0000e+00
      5.730     4.4576    11.4432     88.365  17.257213     29.292      6.932   264.2695     2.4505     2.4210     0.0129      0.111      5.619      8.150        458 3.5635e+00 0.0000e+00
      5.769     4.4594    11.4501     88.419  17.318626     29.387      6.930   264.1938     2.3858     2.5150     0.0129      0.114      5.657      8.206        459 3.4451e+00 0.0000e+00
      5.809     4.4604    11.4547     88.457  17.360256     29.482      6.924   264.5345     2.4343     2.4747     0.0130      0.121      5.697      8.263        460 3.3668e+00 0.0000e+00
      5.851     4.4607    11.4537     88.450  17.323937     29.385      6.920   264.8374     2.4100     2.4210     0.0129      0.131      5.737      8.321        461 3.2839e+00 0.0000e+00
      5.891     4.4606    11.4535     88.447  17.334191     29.431      6.918   265.2538     2.4343     2.3673     0.0130      0.141      5.774      8.375        462 3.2217e+00 0.0000e+00
      5.923     4.4599    11.4517     88.431  17.317862     29.384      6.918   264.7238     2.3534     2.5284     0.0129      0.148      5.806      8.421        463 3.2158e+00 0.0000e+00
      5.948     4.4585    11.4559     88.460  17.314626     29.384      6.918   264.6481     2.3494     2.3941     0.0129      0.149      5.833      8.460        464 3.1880e+00 0.0000e+00
      5.973     4.4581    11.4466     88.386  17.308584     29.385      6.924   264.5724     2.3494     2.4076     0.0129      0.142      5.860      8.499        465 3.1341e+00 0.0000e+00
      6.006     4.4586    11.4505     88.414  17.266116     29.291      6.925   264.5345     2.3494     2.3941     0.0129      0.135      5.890      8.544        466 3.0693e+00 0.0000e+00
      6.040     4.4585    11.4477     88.395  17.308214     29.386      6.926   264.8374     2.3696     2.4076     0.0129      0.129      5.925      8.594        467 3.0337e+00 0.0000e+00
      6.080     4.4591    11.4422     88.352  17.315460     29.386      6.923   265.0645     2.4424     2.3539     0.0129      0.126      5.964      8.650        468 2.9871e+00 0.0000e+00
      6.126     4.4599    11.4554     88.453  17.257098     29.291      6.917   266.3138     2.4020     2.3673     0.0129      0.128      6.006      8.711        469 2.9072e+00 0.0000e+00
      6.168     4.4606    11.4539     88.439  17.262314     29.290      6.912   265.7838     2.3939     2.3404     0.0129      0.134      6.045      8.767        470 2.8602e+00 0.0000e+00
      6.198     4.4608    11.4569     88.462  17.279337     29.337      6.911   265.5188     2.3898     2.3404     0.0129      0.140      6.074      8.809        471 2.8397e+00 0.0000e+00
      6.214     4.4601    11.4492     88.403  17.265547     29.289      6.916   265.0645     2.2928     2.4747     0.0129      0.140      6.093      8.837        472 2.8205e+00 0.0000e+00
      6.226     4.4591    11.4443     88.365  17.309108     29.384      6.917   264.9888     2.2847     2.4479     0.0129      0.133      6.107      8.857        473 2.7653e+00 0.0000e+00
      6.241     4.4579    11.4493     88.404  17.314023     29.384      6.921   264.6481     2.2766     2.4344     0.0129      0.120      6.125      8.883        474 2.7202e+00 0.0000e+00
      6.269     4.4569    11.4456     88.374  17.259430     29.291      6.927   265.2917     2.2847     2.4613     0.0129      0.107      6.154      8.925        475 2.6609e+00 0.0000e+00
      6.315     4.4564    11.4514     88.418  17.317782     29.387      6.921   266.5031     2.2240     2.4479     0.0129      0.101      6.195      8.986        476 2.5572e+00 0.0000e+00
      6.368     4.4568    11.4445     88.365  17.359935     29.482      6.909   266.8817     2.2079     2.3404     0.0130      0.103      6.244      9.057        477 2.4743e+00 0.0000e+00
      6.419     4.4571    11.4373     88.306  17.325503     29.388      6.901   267.1088     2.2362     2.3941     0.0129      0.115      6.293      9.127        478 2.3750e+00 0.0000e+00
      6.464     4.4564    11.4274     88.226  17.390268     29.530      6.896   266.9952     2.2159     2.3404     0.0130      0.133      6.336      9.190        479 2.2706e+00 0.0000e+00
      6.501     4.4559    11.4209     88.176  17.368238     29.482      6.896   266.5410     2.1553     2.5150     0.0130      0.151      6.375      9.245        480 2.2016e+00 0.0000e+00
      6.536     4.4556    11.4071     88.072  17.323287     29.388      6.898   266.6167     2.1512     2.5150     0.0129      0.165      6.412      9.300        481 2.1223e+00 0.0000e+00
      6.580     4.4556    11.4056     88.061  17.357309     29.484      6.896   267.0710     2.1755     2.3941     0.0130      0.172      6.452      9.358        482 2.0733e+00 0.0000e+00
      6.622     4.4557    11.4073     88.075  17.325898     29.389      6.894   266.8438     2.1593     2.4210     0.0129      0.172      6.491      9.415        483 2.0076e+00 0.0000e+00
      6.655     4.4556    11.4043     88.052  17.303113     29.389      6.898   267.2602     2.0219     2.4613     0.0129      0.164      6.524      9.464        484 1.9148e+00 0.0000e+00
      6.683     4.4552    11.4127     88.117  17.326399     29.389      6.900   266.4274     2.0097     2.5687     0.0129      0.155      6.552      9.504        485 1.8588e+00 0.0000e+00
      6.707     4.4549    11.4182     88.160  17.296918     29.389      6.903   266.2760     2.0057     2.3002     0.0129      0.144      6.575      9.537        486 1.8361e+00 0.0000e+00
      6.724     4.4546    11.4282     88.238  17.280535     29.294      6.909   265.9352     2.0097     2.3270     0.0129      0.133      6.596      9.567        487 1.8067e+00 0.0000e+00
      6.748     4.4535    11.4282     88.237  17.317154     29.437      6.914   266.1245     2.0299     2.4747     0.0130      0.122      6.621      9.603        488 1.7615e+00 0.0000e+00
      6.784     4.4520    11.4338     88.276  17.280979     29.295      6.917   266.2760     2.0421     2.4747     0.0129      0.114      6.654      9.651        489 1.7226e+00 0.0000e+00
      6.823     4.4519    11.4347     88.280  17.295922     29.391      6.917   266.9952     2.0138     2.4344     0.0129      0.110      6.693      9.707        490 1.6677e+00 0.0000e+00
      6.867     4.4528    11.4469     88.371  17.268925     29.298      6.910   267.6767     1.9814     2.4210     0.0129      0.113      6.733      9.765        491 1.6269e+00 0.0000e+00
      6.905     4.4533    11.4559     88.439  17.255311     29.298      6.905   267.1088     2.0259     2.3941     0.0129      0.120      6.768      9.816        492 1.5575e+00 0.0000e+00
      6.932     4.4534    11.4536     88.418  17.312866     29.392      6.903   267.0331     2.1027     2.3539     0.0129      0.127      6.797      9.859        493 1.5242e+00 0.0000e+00
      6.958     4.4534    11.4496     88.384  17.315829     29.391      6.904   266.9952     2.0744     2.3941     0.0129      0.132      6.826      9.900        494 1.4914e+00 0.0000e+00
      6.993     4.4537    11.4516     88.402  17.310889     29.391      6.906   267.4495     2.0663     2.3404     0.0129      0.136      6.861      9.950        495 1.4133e+00 0.0000e+00
      7.037     4.4539    11.4465     88.365  17.319017     29.391      6.904   268.0553     2.0866     2.3941     0.0129      0.138      6.902     10.010        496 1.3829e+00 0.0000e+00
      7.082     4.4542    11.4445     88.351  17.335347     29.438      6.898   268.4717     2.2159     2.5016     0.0130      0.140      6.945     10.072        497 1.3489e+00 0.0000e+00
      7.125     4.4538    11.4443     88.350  17.320199     29.391      6.898   268.1310     2.2443     2.4881     0.0129      0.142      6.985     10.132        498 1.3271e+00 0.0000e+00
      7.162     4.4523    11.4406     88.319  17.308237     29.390      6.896   268.5095     2.1755     2.3673     0.0129      0.145      7.024     10.188        499 1.2680e+00 0.0000e+00
      7.202     4.4507    11.4359     88.280  17.261336     29.296      6.896   268.4338     2.1998     2.4210     0.0129      0.151      7.062     10.244        500 1.2018e+00 0.0000e+00
      7.241     4.4496    11.4400     88.311  17.260035     29.297      6.896   268.6610     2.1472     2.4479     0.0129      0.157      7.101     10.299        501 1.1728e+00 0.0000e+00
      7.279     4.4488    11.4449     88.347  17.309855     29.394      6.892   268.8881     2.1512     2.4210     0.0129      0.159      7.140     10.355        502 1.1098e+00 0.0000e+00
      7.322     4.4472    11.4440     88.338  17.317867     29.395      6.895   268.8881     2.1270     2.3404     0.0129      0.159      7.180     10.414        503 1.1013e+00 0.0000e+00
      7.366     4.4461    11.4366     88.280  17.309330     29.396      6.891   268.9638     2.1472     2.5150     0.0129      0.158      7.220     10.473        504 1.0747e+00 0.0000e+00
      7.403     4.4470    11.4328     88.252  17.290847     29.350      6.891   268.8503     2.2159     2.4613     0.0129      0.157      7.255     10.523        505 1.0299e+00 0.0000e+00
      7.425     4.4482    11.4247     88.188  17.251972     29.304      6.894   268.9638     2.2240     2.3941     0.0129      0.153      7.280     10.559        506 1.0608e+00 0.0000e+00
      7.442     4.4487    11.4311     88.229  17.268812     29.303      6.899   268.3203     2.2240     2.3673     0.0129      0.144      7.298     10.585        507 1.0210e+00 0.0000e+00
      7.458     4.4488    11.4401     88.287  17.299523     29.396      6.904   268.1310     2.1998     2.3673     0.0129      0.131      7.311     10.604        508 1.0305e+00 0.0000e+00
      7.463     4.4480    11.4355     88.254  17.273018     29.301      6.906   268.0553     2.2321     2.4210     0.0129      0.113      7.318     10.615        509 1.0456e+00 0.0000e+00
      7.467     4.4470    11.4449     88.333  17.301798     29.396      6.913   267.9038     2.1472     2.4210     0.0129      0.092      7.328     10.628        510 9.9898e-01 0.0000e+00
