Data/DataNotYetUploadedToEDI/Raw_CTD/RawDownloads/120619_fcr50.cnv
* Sea-Bird SBE19plus  Data File:
* FileName = C:\DATA\120619_fcr50_0001.hex
* Software version 2.8.0.119 SB_Terminal.dll
* Temperature SN = 7809
* Conductivity SN = 7809
* System UpLoad Time = Dec 09 2019 15:30:20
* <ApplicationData>
* <Seaterm232>
# nquan = 16
# nvalues = 1308                        
# units = specified
# name 0 = depFM: Depth [fresh water, m]
# name 1 = dz/dtM: Descent Rate [m/s]
# name 2 = sbeox0ML/L: Oxygen, SBE 43 [ml/l]
# name 3 = sbeox0PS: Oxygen, SBE 43 [% saturation]
# name 4 = specc: Specific Conductance [uS/cm]
# name 5 = c0uS/cm: Conductivity [uS/cm]
# name 6 = flECO-AFL: Fluorescence, WET Labs ECO-AFL/FL [mg/m^3]
# name 7 = ph: pH
# name 8 = orp: Oxidation Reduction Potential [mV]
# name 9 = par/sat/log: PAR/Logarithmic, Satlantic
# name 10 = turbWETntu0: Turbidity, WET Labs ECO [NTU]
# name 11 = prdM: Pressure, Strain Gauge [db]
# name 12 = prdE: Pressure, Strain Gauge [psi]
# name 13 = tv290C: Temperature [ITS-90, deg C]
# name 14 = density00: Density [density, kg/m^3]
# name 15 = flag:  0.000e+00
# span 0 =     -0.575,      9.646       
# span 1 =     -0.026,      0.135       
# span 2 =     6.4574,     8.6117       
# span 3 =     74.272,     98.993       
# span 4 =      3.481,     46.713       
# span 5 =   2.553725,  29.767277       
# span 6 =    -0.1573,     5.5971       
# span 7 =      6.172,     10.007       
# span 8 = -1240.6171,   418.9550       
# span 9 = 1.2357e-01, 3.6808e+02       
# span 10 =    -0.5613,    23.3148      
# span 11 =     -0.565,      9.460      
# span 12 =     -0.819,     13.721      
# span 13 =     5.4858,    11.7084      
# span 14 =   999.5346,  1000.0179      
# span 15 = 0.0000e+00, 0.0000e+00      
# interval = seconds: 0.25
# start_time = Dec 06 2019 14:27:30 [Instrument's time stamp, header]
# bad_flag = -9.990e-29
*END*
     -0.575 4.7688e-17     7.3128     96.365      3.486   2.557681    -0.1425      8.093  -873.9646 2.8295e+02    -0.3447     -0.564     -0.818    11.7084   999.5346 0.0000e+00
     -0.575 5.2457e-16     7.3162     96.364      3.528   2.588648    -0.1363      9.057  -973.0587 2.8372e+02    -0.3235     -0.564     -0.818    11.6988   999.5357 0.0000e+00
     -0.575 5.7703e-15     7.3182     96.376      3.481   2.553725    -0.1333      8.132 -1149.4327 2.8656e+02    -0.3467     -0.563     -0.817    11.6891   999.5367 0.0000e+00
     -0.575 6.3473e-14     7.3205     96.379      3.602   2.642367    -0.1325      7.155 -1232.4439 2.8879e+02    -0.3633     -0.564     -0.818    11.6825   999.5374 0.0000e+00
     -0.575 6.9820e-13     7.3200     96.364      4.041   2.963358    -0.1352      6.709 -1239.9854 2.9129e+02    -0.3275     -0.564     -0.818    11.6812   999.5377 0.0000e+00
     -0.575 7.6802e-12     7.3184     96.350      4.715   3.456488    -0.1486      6.443 -1240.6171 2.9124e+02    -0.2746     -0.565     -0.819    11.6838   999.5374 0.0000e+00
     -0.575 8.4482e-11     7.3208     96.350      5.516   4.042123    -0.1551      6.273 -1240.0818 2.7551e+02    -0.2805     -0.564     -0.818    11.6832   999.5374 0.0000e+00
     -0.575 9.2930e-10     7.3226     96.364      6.097   4.467533    -0.1455      6.172 -1233.5127 2.4450e+02    -0.3333     -0.563     -0.817    11.6765   999.5382 0.0000e+00
     -0.575 1.0222e-08     7.3222     96.378      6.287   4.607627    -0.1357      6.397 -1161.1907 2.1582e+02    -0.4203     -0.564     -0.818    11.6656   999.5395 0.0000e+00
     -0.575 1.1245e-07     7.3234     96.379      6.356   4.658640    -0.1409      7.423 -1004.7419 1.9662e+02    -0.5142     -0.563     -0.816    11.6519   999.5411 0.0000e+00
     -0.575      0.000     7.3248     96.377      6.505   4.767454    -0.1555      8.980  -888.9755 1.8791e+02    -0.5503     -0.564     -0.817    11.6420   999.5425 0.0000e+00
     -0.575      0.000     7.3272     96.379      6.872   5.036053    -0.1573     10.007  -888.9277 1.8949e+02    -0.5297     -0.564     -0.817    11.6368   999.5433 0.0000e+00
     -0.575      0.000     7.3285     96.378      8.207   6.004992    -0.1451      9.393  -986.1814 1.9286e+02    -0.4943     -0.563     -0.817    11.6400   999.5429 0.0000e+00
     -0.575      0.002     7.3279     96.392     11.822   8.560468    -0.1379      7.586  -968.8074 1.9457e+02    -0.4824     -0.564     -0.818    11.6394   999.5429 0.0000e+00
     -0.575      0.008     7.3261     96.489     19.267  13.622529    -0.1403      6.486  -344.0825 1.9882e+02    -0.4841     -0.564     -0.817    11.6483   999.5419 0.0000e+00
     -0.575      0.021     7.3276     96.675     30.890  21.245358    -0.1397      6.333   404.9248 2.0799e+02    -0.5150     -0.564     -0.817    11.6421   999.5428 0.0000e+00
     -0.574      0.041     7.3246     96.871     41.317  27.795482    -0.1305      6.363   418.9550 2.2182e+02    -0.5613     -0.564     -0.818    11.6614   999.5406 0.0000e+00
     -0.569      0.064     7.3348     97.027     45.052  29.767277    -0.1335      6.462   203.8698 2.4377e+02    -0.5528     -0.562     -0.816    11.5868   999.5502 0.0000e+00
     -0.549      0.087     7.4672     97.132     44.717  29.099548    -0.1494      6.622   191.3351 2.7162e+02    -0.5104     -0.544     -0.790    10.8520   999.6277 0.0000e+00
     -0.515      0.109     7.7029     97.202     43.988  28.287823    -0.1487      6.818   199.7712 2.9423e+02    -0.3756     -0.505     -0.733     9.6323   999.7436 0.0000e+00
     -0.475      0.126     7.9018     97.260     43.464  27.693470    -0.1426      6.975   208.9046 3.0971e+02    -0.1351     -0.464     -0.672     8.6512   999.8237 0.0000e+00
     -0.440      0.135     8.0442     97.298     43.283  27.369660    -0.1455      7.040   215.5548 3.2179e+02    -0.0290     -0.432     -0.626     7.9852   999.8672 0.0000e+00
     -0.405      0.131     8.1518     97.309     43.335  27.227616    -0.1398      7.024   221.4132 3.3302e+02    -0.0095     -0.400     -0.581     7.4880   999.8949 0.0000e+00
     -0.368      0.118     8.2308     97.339     43.689  27.308250    -0.1079      6.962   226.8242 3.4299e+02     0.5260     -0.359     -0.521     7.1171   999.9135 0.0000e+00
     -0.333      0.100     8.2948     97.438     44.596  27.773438     0.2314      6.886   228.8389 3.4910e+02     6.4462     -0.322     -0.467     6.8373   999.9262 0.0000e+00
     -0.308      0.079     8.3467     97.579     45.920  28.537589     0.8679      6.821   229.6837 3.5256e+02    17.3005     -0.299     -0.433     6.6040   999.9361 0.0000e+00
     -0.292      0.056     8.3896     97.724     46.713  28.996976     1.2241      6.783   232.6497 3.5448e+02    23.1896     -0.284     -0.412     6.4000   999.9439 0.0000e+00
     -0.284      0.036     8.4235     97.878     46.368  28.759388     1.2609      6.770   235.7917 3.5497e+02    23.3148     -0.277     -0.402     6.2361   999.9498 0.0000e+00
     -0.282      0.023     8.4588     98.032     45.804  28.393311     1.3214      6.789   237.9898 3.5504e+02    18.9121     -0.275     -0.399     6.1202   999.9541 0.0000e+00
     -0.284      0.019     8.4859     98.158     45.898  28.441276     1.4347      6.859   238.9215 3.5569e+02    10.7589     -0.278     -0.404     6.0625   999.9566 0.0000e+00
     -0.284      0.024     8.5022     98.218     46.231  28.641378     1.4957      6.964   238.0228 3.5738e+02     6.2724     -0.281     -0.407     6.0343   999.9579 0.0000e+00
     -0.279      0.034     8.5232     98.241     46.154  28.591958     1.5040      7.074   235.2977 3.5993e+02     5.8269     -0.276     -0.400     6.0073   999.9585 0.0000e+00
     -0.267      0.049     8.5399     98.272     45.254  28.034082     1.5177      7.165   233.5911 3.6279e+02     5.8320     -0.264     -0.382     5.9900   999.9586 0.0000e+00
     -0.251      0.067     8.5560     98.313     44.044  27.289298     1.5479      7.220   234.2521 3.6566e+02     5.9082     -0.247     -0.359     5.9800   999.9592 0.0000e+00
     -0.232      0.086     8.5609     98.382     43.554  27.010264     1.5659      7.242   234.4281 3.6808e+02     5.8966     -0.229     -0.333     5.9737   999.9597 0.0000e+00
     -0.210      0.102     8.5606     98.501     43.580  27.071357     1.5616      7.257   235.1164 3.6604e+02     5.8228     -0.208     -0.302     5.9716   999.9600 0.0000e+00
     -0.182      0.115     8.5648     98.654     43.431  27.012881     1.6173      7.276   237.2389 3.5554e+02     5.7696     -0.181     -0.262     5.9740   999.9597 0.0000e+00
     -0.147      0.126     8.5674     98.834     43.093  26.810828     1.7366      7.281   238.1522 3.4363e+02     5.7124     -0.144     -0.209     5.9701   999.9592 0.0000e+00
     -0.110      0.131     8.5688     98.993     42.737  26.595167     1.8078      7.253   237.4686 3.3693e+02     5.6551     -0.107     -0.155     5.9922   999.9586 0.0000e+00
     -0.074      0.128     8.5622     98.545     42.360  26.372141     1.8195      7.208   236.9752 3.2707e+02     5.6006     -0.073     -0.106     6.0655   999.9566 0.0000e+00
     -0.037      0.115     8.5688     96.937     42.104  26.207904     1.9126      7.180   237.6929 2.8675e+02     5.5456     -0.038     -0.055     6.1142   999.9551 0.0000e+00
     -0.002      0.095     8.5795     94.886     42.025  26.132044     2.1100      7.183   239.4356 2.2896e+02     5.5467      0.002      0.002     6.1040   999.9556 0.0000e+00
      0.024      0.073     8.6117     93.494     42.011  26.089319     2.2207      7.202   241.4405 2.1111e+02     5.5810      0.030      0.043     6.1049   999.9555 0.0000e+00
      0.035      0.049     8.6052     92.996     42.036  26.071954     2.2195      7.222   242.7474 2.2257e+02     5.5996      0.036      0.053     6.1397   999.9542 0.0000e+00
      0.037      0.026     8.4294     93.014     42.044  26.048937     2.2168      7.241   242.7604 2.2355e+02     5.5756      0.036      0.052     6.1329   999.9544 0.0000e+00
      0.037      0.007     8.2137     93.103     42.002  26.001327     2.1884      7.263   242.0286 2.2061e+02     5.4873      0.037      0.053     6.0910   999.9557 0.0000e+00
      0.037     -0.003     8.1029     93.191     42.026  26.003827     2.1100      7.275   241.8151 2.2773e+02     5.4165      0.037      0.054     6.0487   999.9571 0.0000e+00
      0.033     -0.008     8.0807     93.553     42.154  26.079157     2.0575      7.271   242.3299 2.3768e+02     5.3760      0.034      0.049     6.0079   999.9584 0.0000e+00
      0.027     -0.009     8.1075     94.081     42.269  26.150816     2.0478      7.260   243.1774 2.3419e+02     5.3248      0.025      0.036     5.9738   999.9594 0.0000e+00
      0.024     -0.009     8.1243     94.148     42.308  26.172374     2.0108      7.250   243.8875 2.2629e+02     5.3215      0.019      0.028     5.9463   999.9602 0.0000e+00
      0.024     -0.010     8.1181     93.528     42.178  26.086042     1.9468      7.240   244.2907 2.3155e+02     5.3368      0.024      0.034     5.9323   999.9606 0.0000e+00
      0.024     -0.011     8.1489     92.560     41.933  25.931728     1.9161      7.230   244.8692 2.4577e+02     5.3457      0.024      0.035     5.9300   999.9608 0.0000e+00
      0.022     -0.014     8.2279     91.593     41.765  25.829204     1.9177      7.215   245.4614 2.5605e+02     5.3633      0.020      0.030     5.9342   999.9607 0.0000e+00
      0.018     -0.018     8.2401     90.726     41.710  25.798072     1.9314      7.195   245.7725 2.5943e+02     5.3538      0.021      0.031     5.9313   999.9608 0.0000e+00
      0.012     -0.023     8.1702     89.766     41.724  25.809074     1.9602      7.175   246.1359 2.6692e+02     5.3618      0.013      0.019     5.9209   999.9610 0.0000e+00
      0.003     -0.026     8.0779     88.584     41.764  25.835356     1.9800      7.155   246.6713 2.7484e+02     5.3934      0.003      0.002     5.9166   999.9609 0.0000e+00
     -0.005     -0.026     7.9857     87.339     41.807  25.862080     1.9805      7.138   247.2567 2.7499e+02     5.4084     -0.004     -0.007     5.9205   999.9608 0.0000e+00
     -0.013     -0.023     7.9208     86.266     41.837  25.878417     1.9911      7.124   247.8784 2.7346e+02     5.4453     -0.013     -0.018     5.9241   999.9606 0.0000e+00
     -0.020     -0.016     7.8420     85.470     41.888  25.906007     2.0218      7.112   248.7682 2.7268e+02     5.5115     -0.021     -0.031     5.9268   999.9605 0.0000e+00
     -0.025     -0.007     7.7312     84.958     41.953  25.941889     2.0403      7.103   249.5834 2.7259e+02     5.5544     -0.025     -0.036     5.9296   999.9604 0.0000e+00
     -0.026      0.002     7.6131     84.756     41.943  25.931614     2.0497      7.096   249.8191 2.7262e+02     5.5696     -0.026     -0.038     5.9306   999.9604 0.0000e+00
     -0.023      0.010     7.5175     84.856     41.914  25.908652     2.1009      7.087   249.8101 2.7102e+02     5.5644     -0.023     -0.035     5.9273   999.9605 0.0000e+00
     -0.017      0.016     7.4511     85.210     41.936  25.918013     2.1819      7.076   249.7333 2.6883e+02     5.5573     -0.016     -0.024     5.9220   999.9607 0.0000e+00
     -0.009      0.018     7.4044     85.716     41.942  25.917909     2.2229      7.065   249.9238 2.6758e+02     5.5822     -0.010     -0.014     5.9173   999.9609 0.0000e+00
     -0.002      0.016     7.3892     86.221     41.930  25.907396     2.2241      7.054   250.5639 2.6687e+02     5.6035     -0.001     -0.001     5.9116   999.9611 0.0000e+00
      0.003      0.011     7.4000     86.624     41.949  25.917777     2.2224      7.041   252.0528 2.6654e+02     5.5850      0.005      0.007     5.9054   999.9613 0.0000e+00
      0.004      0.006     7.4346     86.925     41.948  25.916538     2.2105      7.025   253.8152 2.6683e+02     5.5226      0.005      0.008     5.8998   999.9615 0.0000e+00
      0.003      0.001     7.4853     87.113     41.909  25.892422     2.1853      7.010   254.2356 2.6718e+02     5.4392      0.002      0.004     5.8953   999.9616 0.0000e+00
      0.001     -0.002     7.5343     87.161     41.888  25.879953     2.1684      7.000   254.1236 2.6720e+02     5.3955     -0.000     -0.000     5.8919   999.9617 0.0000e+00
     -0.001     -0.003     7.5678     87.111     41.908  25.892659     2.1619      6.992   254.0960 2.6724e+02     5.3874     -0.001     -0.002     5.8901   999.9618 0.0000e+00
     -0.002     -0.003     7.5946     87.031     41.950  25.919170     2.1418      6.984   253.8164 2.6746e+02     5.4395     -0.002     -0.003     5.8892   999.9618 0.0000e+00
     -0.002     -0.002     7.6135     86.946     41.993  25.946729     2.1161      6.977   254.0128 2.6743e+02     5.5671     -0.002     -0.003     5.8890   999.9617 0.0000e+00
     -0.002     -0.001     7.6151     86.871     42.033  25.972105     2.1107      6.971   255.5233 2.6709e+02     5.6517     -0.002     -0.003     5.8897   999.9617 0.0000e+00
     -0.002      0.000     7.6082     86.826     42.033  25.972220     2.1209      6.962   257.7110 2.6695e+02     5.6430     -0.002     -0.002     5.8907   999.9617 0.0000e+00
     -0.002      0.001     7.6006     86.794     41.995  25.948122     2.1527      6.953   258.8680 2.6686e+02     5.5928     -0.002     -0.003     5.8918   999.9617 0.0000e+00
     -0.002      0.001     7.5930     86.770     41.973  25.934508     2.2002      6.947   259.1020 2.6678e+02     5.5688     -0.002     -0.003     5.8932   999.9617 0.0000e+00
     -0.002      0.002     7.5841     86.760     41.973  25.934498     2.2277      6.940   258.8199 2.6703e+02     5.5830     -0.002     -0.002     5.8941   999.9617 0.0000e+00
     -0.001      0.002     7.5825     86.745     41.993  25.947998     2.2244      6.934   258.1242 2.6719e+02     5.5674     -0.002     -0.003     5.8936   999.9617 0.0000e+00
     -0.000      0.002     7.5797     86.700     42.027  25.970853     2.1948      6.930   258.6063 2.6690e+02     5.5764      0.000     -0.001     5.8926   999.9617 0.0000e+00
      0.001      0.002     7.5764     86.586     42.002  25.957058     2.1648      6.927   260.2612 2.6632e+02     5.6924      0.001      0.001     5.8923   999.9617 0.0000e+00
      0.001      0.001     7.5774     86.406     41.921  25.908100     2.1645      6.923   261.3556 2.6591e+02     5.7894      0.001      0.001     5.8926   999.9617 0.0000e+00
      0.001      0.001     7.5753     86.198     41.885  25.886440     2.1735      6.917   261.9438 2.6574e+02     5.7990      0.001      0.001     5.8942   999.9616 0.0000e+00
      0.001      0.002     7.5733     85.981     41.982  25.948942     2.1262      6.909   262.4682 2.6570e+02     5.8094      0.001      0.001     5.8966   999.9616 0.0000e+00
      0.000      0.003     7.5629     85.765     42.207  26.092823     2.0353      6.900   262.4482 2.6591e+02     5.8494     -0.000     -0.000     5.8982   999.9615 0.0000e+00
      0.000      0.005     7.5446     85.540     42.408  26.230361     1.9935      6.890   261.9598 2.6576e+02     5.8573      0.000      0.000     5.8994   999.9615 0.0000e+00
      0.001      0.007     7.5269     85.298     42.453  26.279615     1.9937      6.885   261.5534 2.6392e+02     5.8389      0.001      0.001     5.9001   999.9614 0.0000e+00
      0.004      0.009     7.5061     85.063     42.364  26.244264     1.9855      6.885   261.6639 2.6014e+02     5.8239      0.003      0.004     5.9031   999.9614 0.0000e+00
      0.009      0.011     7.4878     84.851     42.350  26.247053     2.0162      6.886   262.2636 2.5710e+02     5.8391      0.010      0.015     5.9052   999.9615 0.0000e+00
      0.012      0.012     7.4658     84.633     42.550  26.376792     2.1046      6.883   262.7813 2.5591e+02     5.9573      0.013      0.018     5.9191   999.9612 0.0000e+00
      0.014      0.012     7.4376     84.380     42.812  26.544060     2.1618      6.877   263.1913 2.5515e+02     6.0736      0.014      0.020     5.9528   999.9601 0.0000e+00
