Data/DataNotYetUploadedToEDI/Raw_CTD/RawDownloads/121718_fcr50.cnv
* Sea-Bird SBE19plus  Data File:
* FileName = C:\DATA\121718_fcr50_0001.hex
* Software version 2.6.3.104
* Temperature SN = 7809
* Conductivity SN = 7809
* System UpLoad Time = Dec 17 2018 15:12:11
* <ApplicationData>
* <Seaterm232>
# nquan = 17
# nvalues = 1577                        
# units = specified
# name 0 = depFM: Depth [fresh water, m]
# name 1 = tv290C: Temperature [ITS-90, deg C]
# name 2 = sbeox0Mg/L: Oxygen, SBE 43 [mg/l]
# name 3 = sbeox0PS: Oxygen, SBE 43 [% saturation]
# name 4 = c0uS/cm: Conductivity [uS/cm]
# name 5 = specc: Specific Conductance [uS/cm]
# name 6 = ph: pH
# name 7 = orp: Oxidation Reduction Potential [mV]
# name 8 = flECO-AFL: Fluorescence, WET Labs ECO-AFL/FL [mg/m^3]
# name 9 = turbWETntu0: Turbidity, WET Labs ECO [NTU]
# name 10 = sal00: Salinity, Practical [PSU]
# name 11 = dz/dtM: Descent Rate [m/s]
# name 12 = prdM: Pressure, Strain Gauge [db]
# name 13 = prdE: Pressure, Strain Gauge [psi]
# name 14 = scan: Scan Count
# name 15 = par/sat/log: PAR/Logarithmic, Satlantic
# name 16 = flag:  0.000e+00
# span 0 =     -0.638,      9.622       
# span 1 =     4.3747,     9.3290       
# span 2 =     8.0606,    12.6725       
# span 3 =     62.633,     98.653       
# span 4 =   1.748877,  25.580583       
# span 5 =      2.530,     40.330       
# span 6 =     -3.023,      7.439       
# span 7 = -1240.7455,  1240.2295       
# span 8 =    -0.4852,     4.8686       
# span 9 =    -1.2045,    22.2272       
# span 10 =     0.0051,     0.0193      
# span 11 =     -0.170,      0.293      
# span 12 =     -0.625,      9.435      
# span 13 =     -0.907,     13.684      
# span 14 =          1,       1577      
# span 15 = 1.2248e-01, 1.1609e+03      
# span 16 = 0.0000e+00, 0.0000e+00      
# interval = seconds: 0.25
# start_time = Dec 17 2018 15:31:23 [Instrument's time stamp, header]
# bad_flag = -9.990e-29
*END*
[from data line 426]
     -0.259     4.5971     9.5248     73.837  20.327012     34.345      6.495   303.2246     1.2536     2.5150     0.0152      0.000     -0.255     -0.369        427 8.9397e+02 0.0000e+00
     -0.260     4.5962     9.4944     73.608  20.335606     34.342      6.493   303.3004     1.2616     2.5150     0.0152     -0.000     -0.255     -0.369        428 8.9540e+02 0.0000e+00
     -0.259     4.5984     9.4676     73.404  20.321157     34.344      6.485   303.7925     1.0959     2.4479     0.0152     -0.000     -0.255     -0.369        429 8.9988e+02 0.0000e+00
     -0.260     4.6004     9.4532     73.290  20.285720     34.250      6.483   304.2089     1.1323     2.4076     0.0151     -0.000     -0.255     -0.369        430 9.0415e+02 0.0000e+00
     -0.260     4.6010     9.4317     73.124  20.320431     34.342      6.478   303.7925     1.1323     2.5150     0.0152     -0.000     -0.255     -0.369        431 9.0380e+02 0.0000e+00
     -0.259     4.6018     9.4002     72.883  20.366870     34.387      6.476   304.2846     1.1161     2.4613     0.0152     -0.000     -0.254     -0.369        432 9.0344e+02 0.0000e+00
     -0.259     4.6028     9.3753     72.692  20.376113     34.434      6.476   303.3004     1.1606     2.4613     0.0152      0.000     -0.254     -0.369        433 9.0878e+02 0.0000e+00
     -0.259     4.6042     9.3604     72.579  20.338565     34.338      6.480   303.6411     1.1403     2.6090     0.0152      0.000     -0.254     -0.369        434 9.0740e+02 0.0000e+00
     -0.260     4.6057     9.3372     72.402  20.324687     34.337      6.481   303.8304     1.1242     2.6359     0.0152      0.000     -0.255     -0.369        435 8.9812e+02 0.0000e+00
     -0.260     4.6064     9.3288     72.341  20.334111     34.335      6.488   303.6411     1.1606     2.7298     0.0152      0.000     -0.255     -0.369        436 8.9576e+02 0.0000e+00
     -0.259     4.6074     9.3206     72.281  20.326837     34.334      6.489   302.9218     1.1323     2.5956     0.0152     -0.000     -0.254     -0.369        437 8.9267e+02 0.0000e+00
     -0.259     4.6109     9.3048     72.163  20.333740     34.333      6.490   303.3761     1.1848     2.4210     0.0152      0.000     -0.254     -0.368        438 8.9060e+02 0.0000e+00
     -0.259     4.6128     9.3067     72.182  20.325521     34.332      6.497   303.0732     1.2050     2.4613     0.0152      0.000     -0.254     -0.368        439 8.9071e+02 0.0000e+00
     -0.259     4.6119     9.3033     72.159  20.307426     34.280      6.497   305.1932     1.2172     2.5150     0.0151      0.000     -0.254     -0.368        440 8.9503e+02 0.0000e+00
     -0.259     4.6123     9.3005     72.140  20.267345     34.231      6.495   304.3604     1.2091     2.4881     0.0151      0.000     -0.254     -0.369        441 8.9326e+02 0.0000e+00
     -0.259     4.6137     9.2858     72.029  20.286490     34.232      6.494   304.2846     1.1282     2.4076     0.0151      0.000     -0.254     -0.369        442 8.9455e+02 0.0000e+00
     -0.259     4.6151     9.2852     72.030  20.313238     34.326      6.496   304.3604     1.1403     2.4076     0.0152      0.000     -0.254     -0.369        443 8.9487e+02 0.0000e+00
     -0.259     4.6163     9.2821     72.009  20.293331     34.230      6.501   304.0196     1.1323     2.5150     0.0151      0.000     -0.254     -0.369        444 8.9121e+02 0.0000e+00
     -0.259     4.6177     9.2704     71.917  20.311264     34.323      6.500   304.2846     1.1282     2.5284     0.0152      0.000     -0.254     -0.368        445 9.0059e+02 0.0000e+00
     -0.259     4.6200     9.2662     71.885  20.290921     34.227      6.501   303.3761     1.1323     2.4613     0.0151      0.000     -0.254     -0.368        446 8.9726e+02 0.0000e+00
     -0.259     4.6222     9.2612     71.852  20.318647     34.320      6.504   303.7546     1.0999     2.6224     0.0152      0.000     -0.254     -0.368        447 9.0007e+02 0.0000e+00
     -0.259     4.6243     9.2566     71.818  20.365671     34.364      6.505   306.6696     1.1161     2.4613     0.0152      0.000     -0.254     -0.368        448 9.0856e+02 0.0000e+00
     -0.259     4.6265     9.2596     71.841  20.321313     34.314      6.501   305.9125     1.1444     2.4613     0.0152      0.000     -0.254     -0.368        449 8.9569e+02 0.0000e+00
     -0.258     4.6284     9.2623     71.866  20.284937     34.218      6.501   305.1554     1.1242     2.4479     0.0151      0.000     -0.253     -0.367        450 8.8604e+02 0.0000e+00
     -0.257     4.6299     9.2560     71.819  20.322024     34.310      6.501   305.0039     1.1161     2.4747     0.0152      0.001     -0.252     -0.365        451 8.9923e+02 0.0000e+00
     -0.257     4.6318     9.2489     71.762  20.334431     34.307      6.501   305.0039     1.1444     2.4344     0.0152      0.001     -0.252     -0.365        452 9.1315e+02 0.0000e+00
     -0.258     4.6343     9.2475     71.750  20.328773     34.306      6.497   304.0575     1.1403     2.4344     0.0152      0.001     -0.252     -0.366        453 9.0550e+02 0.0000e+00
     -0.257     4.6358     9.2285     71.606  20.329067     34.303      6.497   303.7168     1.0999     2.4479     0.0152      0.001     -0.252     -0.366        454 8.9741e+02 0.0000e+00
     -0.258     4.6353     9.2075     71.448  20.334065     34.300      6.497   304.0196     1.0433     2.4613     0.0152      0.001     -0.253     -0.366        455 9.0480e+02 0.0000e+00
     -0.258     4.6361     9.2072     71.448  20.352190     34.346      6.497   306.9725     1.0554     2.4613     0.0152      0.001     -0.253     -0.366        456 9.1261e+02 0.0000e+00
     -0.258     4.6388     9.2069     71.450  20.336147     34.299      6.499   305.9125     1.0756     2.4076     0.0152      0.000     -0.252     -0.365        457 8.7893e+02 0.0000e+00
     -0.255     4.6397     9.1785     71.232  20.324393     34.298      6.496   305.7611     1.0514     2.4210     0.0152      0.000     -0.250     -0.363        458 8.7810e+02 0.0000e+00
     -0.252     4.6398     9.1669     71.144  20.337180     34.295      6.495   305.6854     1.0514     2.4344     0.0152      0.001     -0.248     -0.360        459 9.1008e+02 0.0000e+00
     -0.252     4.6414     9.1491     71.008  20.320231     34.294      6.492   305.3068     1.0312     2.5687     0.0152      0.003     -0.247     -0.358        460 9.0445e+02 0.0000e+00
     -0.250     4.6428     9.1439     70.970  20.286209     34.200      6.495   304.2089     1.0959     2.4613     0.0151      0.004     -0.246     -0.356        461 9.0266e+02 0.0000e+00
     -0.250     4.6418     9.1258     70.832  20.320245     34.292      6.495   303.9061     1.0635     2.4344     0.0152      0.004     -0.245     -0.356        462 8.8277e+02 0.0000e+00
     -0.249     4.6413     9.0955     70.599  20.337149     34.290      6.497   303.8682     1.0554     2.4881     0.0152      0.005     -0.245     -0.355        463 8.6747e+02 0.0000e+00
     -0.249     4.6431     9.0753     70.444  20.354085     34.339      6.500   305.9125     1.0190     2.4479     0.0152      0.005     -0.244     -0.354        464 8.8699e+02 0.0000e+00
     -0.249     4.6454     9.0600     70.327  20.328806     34.292      6.501   305.6854     1.0635     2.4479     0.0152      0.004     -0.244     -0.354        465 8.8836e+02 0.0000e+00
     -0.250     4.6473     9.0395     70.169  20.338971     34.290      6.506   305.3446     1.0554     2.4479     0.0152      0.002     -0.245     -0.355        466 8.7900e+02 0.0000e+00
     -0.251     4.6490     9.0082     69.928  20.371071     34.382      6.514   305.4961     1.1161     2.5150     0.0152      0.001     -0.245     -0.356        467 8.8706e+02 0.0000e+00
     -0.250     4.6504     8.9797     69.709  20.348132     34.285      6.521   304.6632     1.1080     2.3807     0.0152      0.000     -0.245     -0.355        468 8.9913e+02 0.0000e+00
     -0.248     4.6517     8.9514     69.491  20.367518     34.378      6.528   304.8904     1.1484     2.4747     0.0152      0.000     -0.244     -0.354        469 9.1571e+02 0.0000e+00
     -0.248     4.6531     8.9339     69.357  20.346945     34.282      6.537   305.0039     1.1282     2.5284     0.0152      0.001     -0.244     -0.354        470 9.0984e+02 0.0000e+00
     -0.250     4.6541     8.9094     69.168  20.373736     34.375      6.543   303.6789     1.1363     2.3807     0.0152      0.000     -0.244     -0.354        471 9.0353e+02 0.0000e+00
     -0.249     4.6553     8.8850     68.981  20.363815     34.326      6.550   304.5875     1.1767     2.5284     0.0152      0.000     -0.244     -0.354        472 9.0966e+02 0.0000e+00
     -0.249     4.6566     8.8657     68.832  20.329653     34.278      6.554   305.0796     1.2212     2.4479     0.0152      0.000     -0.244     -0.354        473 9.0348e+02 0.0000e+00
     -0.249     4.6577     8.8499     68.710  20.327336     34.276      6.557   305.2311     1.2010     2.5016     0.0152      0.001     -0.244     -0.354        474 9.0327e+02 0.0000e+00
     -0.249     4.6583     8.8286     68.546  20.337060     34.275      6.562   305.1554     1.2050     2.4479     0.0152      0.001     -0.244     -0.354        475 9.0176e+02 0.0000e+00
     -0.248     4.6590     8.8161     68.450  20.376828     34.368      6.563   305.2689     1.2616     2.4210     0.0152      0.000     -0.244     -0.353        476 8.9456e+02 0.0000e+00
     -0.248     4.6604     8.7970     68.304  20.337121     34.273      6.562   305.5718     1.2576     2.5419     0.0152      0.000     -0.244     -0.353        477 8.9503e+02 0.0000e+00
     -0.248     4.6616     8.7811     68.182  20.327199     34.272      6.561   305.2311     1.2536     2.4344     0.0152      0.000     -0.244     -0.353        478 8.9084e+02 0.0000e+00
     -0.249     4.6627     8.7584     68.006  20.359538     34.317      6.562   303.7925     1.2819     2.3941     0.0152      0.000     -0.244     -0.353        479 8.8968e+02 0.0000e+00
     -0.249     4.6636     8.7473     67.919  20.326512     34.269      6.565   303.7546     1.1242     2.4479     0.0152      0.000     -0.244     -0.353        480 9.0127e+02 0.0000e+00
     -0.247     4.6645     8.7318     67.799  20.338661     34.268      6.565   304.8146     1.0959     2.5016     0.0152      0.000     -0.244     -0.353        481 8.8597e+02 0.0000e+00
     -0.249     4.6655     8.7198     67.707  20.374057     34.361      6.570   305.0418     1.1323     2.4479     0.0152      0.000     -0.245     -0.355        482 8.7572e+02 0.0000e+00
     -0.253     4.6662     8.7008     67.561  20.341738     34.266      6.571   305.1932     1.1808     2.4613     0.0152     -0.001     -0.248     -0.359        483 8.6990e+02 0.0000e+00
     -0.255     4.6666     8.6886     67.470  20.378882     34.358      6.570   305.3825     1.1201     2.4613     0.0152     -0.003     -0.250     -0.362        484 8.6064e+02 0.0000e+00
     -0.255     4.6670     8.6640     67.280  20.387106     34.358      6.574   305.6096     1.1323     2.5150     0.0152     -0.004     -0.250     -0.362        485 8.8801e+02 0.0000e+00
     -0.254     4.6680     8.6545     67.208  20.331502     34.263      6.580   306.0261     1.1323     2.5419     0.0152     -0.004     -0.249     -0.362        486 8.8206e+02 0.0000e+00
     -0.254     4.6690     8.6395     67.091  20.359167     34.310      6.584   303.4896     1.1606     2.4479     0.0152     -0.004     -0.249     -0.361        487 8.5879e+02 0.0000e+00
     -0.253     4.6698     8.6302     67.018  20.382314     34.356      6.582   302.9218     1.0797     2.4479     0.0152     -0.003     -0.248     -0.359        488 8.8043e+02 0.0000e+00
     -0.252     4.6700     8.6215     66.947  20.391607     34.354      6.582   304.3225     1.0514     2.4210     0.0152     -0.002     -0.248     -0.359        489 9.1123e+02 0.0000e+00
     -0.253     4.6694     8.6066     66.834  20.377239     34.354      6.585   304.0575     1.0797     2.3941     0.0152     -0.001     -0.248     -0.360        490 9.1873e+02 0.0000e+00
     -0.254     4.6695     8.5974     66.770  20.340920     34.259      6.587   303.9439     1.1080     2.4881     0.0152      0.001     -0.249     -0.361        491 9.0512e+02 0.0000e+00
     -0.255     4.6700     8.5818     66.653  20.377531     34.354      6.592   304.4739     1.0595     2.4076     0.0152      0.000     -0.250     -0.362        492 8.9198e+02 0.0000e+00
     -0.255     4.6714     8.5781     66.626  20.390954     34.354      6.588   305.3825     1.1120     2.4747     0.0152     -0.000     -0.250     -0.362        493 8.7968e+02 0.0000e+00
     -0.255     4.6731     8.5714     66.574  20.383491     34.353      6.594   305.4204     1.1484     2.5150     0.0152     -0.001     -0.250     -0.362        494 8.8180e+02 0.0000e+00
     -0.255     4.6743     8.5731     66.588  20.416456     34.399      6.601   302.8461     1.1403     2.4613     0.0152     -0.001     -0.250     -0.362        495 8.8746e+02 0.0000e+00
     -0.255     4.6748     8.5646     66.524  20.379567     34.350      6.602   302.8839     1.1484     2.4210     0.0152     -0.002     -0.250     -0.363        496 8.9080e+02 0.0000e+00
     -0.256     4.6747     8.5692     66.562  20.340485     34.254      6.601   303.2246     1.0554     2.3941     0.0152     -0.002     -0.251     -0.364        497 8.9486e+02 0.0000e+00
     -0.256     4.6740     8.5724     66.589  20.376178     34.348      6.603   302.9218     1.0554     2.4881     0.0152     -0.001     -0.251     -0.364        498 8.8962e+02 0.0000e+00
     -0.255     4.6723     8.5668     66.548  20.394420     34.348      6.604   302.9975     1.0716     2.4747     0.0152     -0.001     -0.250     -0.363        499 8.9651e+02 0.0000e+00
     -0.255     4.6740     8.5672     66.553  20.377058     34.348      6.605   304.0575     1.0554     2.5553     0.0152     -0.000     -0.250     -0.363        500 9.0157e+02 0.0000e+00
     -0.255     4.6782     8.5542     66.455  20.338512     34.257      6.606   304.5118     1.0554     2.3539     0.0152     -0.000     -0.250     -0.363        501 8.9737e+02 0.0000e+00
     -0.256     4.6808     8.5613     66.512  20.383117     34.349      6.609   304.2846     1.0716     2.3941     0.0152     -0.000     -0.251     -0.364        502 8.9696e+02 0.0000e+00
     -0.256     4.6815     8.5594     66.499  20.410460     34.391      6.611   302.1646     1.0635     2.3941     0.0152     -0.000     -0.251     -0.364        503 8.9297e+02 0.0000e+00
     -0.255     4.6815     8.5372     66.327  20.393395     34.341      6.612   302.4296     1.1080     2.4344     0.0152     -0.000     -0.250     -0.363        504 8.9697e+02 0.0000e+00
     -0.255     4.6818     8.5492     66.423  20.463629     34.481      6.614   302.3539     1.0473     2.4613     0.0153      0.000     -0.250     -0.363        505 9.0757e+02 0.0000e+00
     -0.255     4.6832     8.5430     66.376  20.471243     34.481      6.612   302.6568     1.0352     2.3136     0.0153      0.000     -0.250     -0.362        506 9.0450e+02 0.0000e+00
     -0.255     4.6848     8.5315     66.288  20.383918     34.340      6.616   302.1268     1.0595     2.5016     0.0152      0.000     -0.250     -0.362        507 8.9785e+02 0.0000e+00
     -0.254     4.6858     8.5210     66.207  20.335203     34.244      6.615   303.3382     1.0595     2.4479     0.0152      0.001     -0.249     -0.361        508 8.8724e+02 0.0000e+00
     -0.253     4.6870     8.5119     66.138  20.383682     34.336      6.614   303.6411     0.9301     2.4747     0.0152      0.001     -0.249     -0.361        509 8.7884e+02 0.0000e+00
     -0.254     4.6884     8.5053     66.090  20.471774     34.476      6.613   303.4518     0.9301     2.4479     0.0153      0.001     -0.249     -0.362        510 8.8434e+02 0.0000e+00
