Data/DataNotYetUploadedToEDI/Raw_CTD/RawDownloads/121718_fcr50.cnv
* Sea-Bird SBE19plus  Data File:
* FileName = C:\DATA\121718_fcr50_0001.hex
* Software version 2.6.3.104
* Temperature SN = 7809
* Conductivity SN = 7809
* System UpLoad Time = Dec 17 2018 15:12:11
* <ApplicationData>
* <Seaterm232>
# nquan = 17
# nvalues = 1577                        
# units = specified
# name 0 = depFM: Depth [fresh water, m]
# name 1 = tv290C: Temperature [ITS-90, deg C]
# name 2 = sbeox0Mg/L: Oxygen, SBE 43 [mg/l]
# name 3 = sbeox0PS: Oxygen, SBE 43 [% saturation]
# name 4 = c0uS/cm: Conductivity [uS/cm]
# name 5 = specc: Specific Conductance [uS/cm]
# name 6 = ph: pH
# name 7 = orp: Oxidation Reduction Potential [mV]
# name 8 = flECO-AFL: Fluorescence, WET Labs ECO-AFL/FL [mg/m^3]
# name 9 = turbWETntu0: Turbidity, WET Labs ECO [NTU]
# name 10 = sal00: Salinity, Practical [PSU]
# name 11 = dz/dtM: Descent Rate [m/s]
# name 12 = prdM: Pressure, Strain Gauge [db]
# name 13 = prdE: Pressure, Strain Gauge [psi]
# name 14 = scan: Scan Count
# name 15 = par/sat/log: PAR/Logarithmic, Satlantic
# name 16 = flag:  0.000e+00
# span 0 =     -0.638,      9.622       
# span 1 =     4.3747,     9.3290       
# span 2 =     8.0606,    12.6725       
# span 3 =     62.633,     98.653       
# span 4 =   1.748877,  25.580583       
# span 5 =      2.530,     40.330       
# span 6 =     -3.023,      7.439       
# span 7 = -1240.7455,  1240.2295       
# span 8 =    -0.4852,     4.8686       
# span 9 =    -1.2045,    22.2272       
# span 10 =     0.0051,     0.0193      
# span 11 =     -0.170,      0.293      
# span 12 =     -0.625,      9.435      
# span 13 =     -0.907,     13.684      
# span 14 =          1,       1577      
# span 15 = 1.2248e-01, 1.1609e+03      
# span 16 = 0.0000e+00, 0.0000e+00      
# interval = seconds: 0.25
# start_time = Dec 17 2018 15:31:23 [Instrument's time stamp, header]
# bad_flag = -9.990e-29
*END*
[from data line 511]
     -0.255     4.6912     8.4877     65.955  20.395008     34.332      6.615   302.7325     0.9220     2.5284     0.0152      0.000     -0.250     -0.362        512 9.0015e+02 0.0000e+00
     -0.255     4.6918     8.4768     65.871  20.378156     34.330      6.615   302.5054     0.9341     2.4210     0.0152     -0.000     -0.250     -0.362        513 9.0804e+02 0.0000e+00
     -0.254     4.6928     8.4745     65.855  20.394731     34.329      6.614   302.6946     1.0029     2.3404     0.0152     -0.000     -0.249     -0.361        514 9.1010e+02 0.0000e+00
     -0.254     4.6941     8.4633     65.770  20.374380     34.328      6.614   303.1111     1.0190     2.4344     0.0152     -0.000     -0.249     -0.361        515 9.0762e+02 0.0000e+00
     -0.254     4.6947     8.4577     65.729  20.344207     34.233      6.613   302.8839     0.9867     2.5016     0.0152     -0.000     -0.249     -0.361        516 9.0586e+02 0.0000e+00
     -0.254     4.6953     8.4618     65.759  20.373005     34.325      6.611   302.7704     0.9745     2.3404     0.0152      0.000     -0.249     -0.362        517 9.0515e+02 0.0000e+00
     -0.255     4.6960     8.4415     65.599  20.397816     34.325      6.609   302.8461     1.0029     2.4881     0.0152      0.000     -0.250     -0.363        518 8.9622e+02 0.0000e+00
     -0.255     4.6969     8.4400     65.589  20.402243     34.371      6.614   304.7011     1.0029     2.3941     0.0152      0.000     -0.250     -0.363        519 8.8615e+02 0.0000e+00
     -0.254     4.6985     8.4331     65.537  20.337859     34.229      6.610   304.4361     1.0271     2.5016     0.0152      0.000     -0.249     -0.362        520 8.8755e+02 0.0000e+00
     -0.254     4.6997     8.4241     65.469  20.389029     34.322      6.609   303.6032     1.0312     2.5150     0.0152     -0.000     -0.249     -0.362        521 8.8316e+02 0.0000e+00
     -0.254     4.6999     8.4176     65.420  20.457112     34.461      6.612   303.5654     0.9867     2.4747     0.0153     -0.000     -0.249     -0.362        522 8.8142e+02 0.0000e+00
     -0.255     4.7001     8.4133     65.388  20.401317     34.319      6.613   303.1489     1.0029     2.3941     0.0152     -0.000     -0.249     -0.362        523 8.9446e+02 0.0000e+00
     -0.254     4.7011     8.3992     65.281  20.458465     34.460      6.614   303.5275     1.0271     2.4613     0.0153     -0.000     -0.249     -0.362        524 8.9689e+02 0.0000e+00
     -0.255     4.7028     8.3937     65.238  20.474905     34.460      6.613   303.2246     1.0069     2.4479     0.0153     -0.000     -0.249     -0.361        525 8.9711e+02 0.0000e+00
     -0.253     4.7038     8.3811     65.140  20.380857     34.317      6.612   303.3761     1.0150     2.4076     0.0152      0.000     -0.249     -0.361        526 8.9833e+02 0.0000e+00
     -0.254     4.7030     8.3639     65.008  20.427318     34.362      6.614   305.6854     0.9907     2.4881     0.0152      0.000     -0.249     -0.362        527 8.9433e+02 0.0000e+00
     -0.254     4.7017     8.3572     64.957  20.446722     34.455      6.614   304.6254     0.9867     2.4747     0.0153      0.000     -0.249     -0.362        528 8.9152e+02 0.0000e+00
     -0.254     4.7021     8.3364     64.795  20.356708     34.221      6.613   304.9282     1.0190     2.5687     0.0152      0.000     -0.249     -0.362        529 8.9069e+02 0.0000e+00
     -0.254     4.7036     8.3307     64.754  20.361515     34.317      6.613   305.1932     0.9867     2.4747     0.0152      0.000     -0.249     -0.362        530 8.9189e+02 0.0000e+00
     -0.254     4.7049     8.3267     64.724  20.411105     34.316      6.615   304.6254     0.9907     2.5284     0.0152      0.000     -0.249     -0.361        531 8.8717e+02 0.0000e+00
     -0.254     4.7055     8.3144     64.630  20.443182     34.456      6.614   303.9439     1.0150     2.4881     0.0153      0.000     -0.249     -0.361        532 8.8917e+02 0.0000e+00
     -0.255     4.7064     8.3150     64.636  20.410506     34.313      6.615   303.3761     1.0029     2.3807     0.0152     -0.000     -0.249     -0.362        533 8.9307e+02 0.0000e+00
     -0.254     4.7072     8.3115     64.610  20.451768     34.453      6.618   303.7925     0.9867     2.3404     0.0153     -0.000     -0.249     -0.362        534 8.9755e+02 0.0000e+00
     -0.254     4.7074     8.3068     64.575  20.421469     34.358      6.620   306.9725     1.0029     2.4076     0.0152      0.000     -0.249     -0.361        535 8.9722e+02 0.0000e+00
     -0.254     4.7078     8.2943     64.480  20.388938     34.310      6.620   306.2532     0.9826     2.5150     0.0152      0.000     -0.249     -0.361        536 8.9407e+02 0.0000e+00
     -0.254     4.7085     8.2902     64.449  20.373702     34.310      6.619   306.1775     1.0029     2.4344     0.0152      0.000     -0.249     -0.361        537 8.9983e+02 0.0000e+00
     -0.254     4.7090     8.2783     64.359  20.351518     34.216      6.621   306.2532     1.0029     2.4747     0.0152     -0.000     -0.249     -0.361        538 8.9174e+02 0.0000e+00
     -0.254     4.7096     8.2578     64.202  20.446184     34.450      6.620   305.9882     1.0554     2.4747     0.0153     -0.000     -0.249     -0.361        539 8.8701e+02 0.0000e+00
     -0.254     4.7104     8.2553     64.182  20.404077     34.308      6.621   304.7011     1.0595     2.5150     0.0152      0.000     -0.249     -0.361        540 8.9065e+02 0.0000e+00
     -0.253     4.7114     8.2462     64.111  20.463193     34.449      6.619   304.8904     1.0999     2.4747     0.0153      0.001     -0.249     -0.361        541 8.8701e+02 0.0000e+00
     -0.254     4.7127     8.2430     64.087  20.461529     34.447      6.623   307.4647     1.0635     2.5016     0.0153      0.000     -0.249     -0.361        542 8.9941e+02 0.0000e+00
     -0.254     4.7137     8.2191     63.902  20.406150     34.305      6.622   307.1239     1.1767     2.5150     0.0152      0.000     -0.249     -0.361        543 9.0040e+02 0.0000e+00
     -0.253     4.7144     8.2214     63.919  20.443198     34.445      6.620   307.1239     1.1970     2.3673     0.0153      0.000     -0.249     -0.361        544 8.9092e+02 0.0000e+00
     -0.254     4.7153     8.2091     63.824  20.415421     34.303      6.619   307.2375     1.2172     2.4210     0.0152      0.000     -0.249     -0.361        545 9.0215e+02 0.0000e+00
     -0.254     4.7162     8.2008     63.762  20.440718     34.443      6.619   307.7675     1.1889     2.4076     0.0153      0.000     -0.249     -0.362        546 8.9800e+02 0.0000e+00
     -0.254     4.7170     8.1977     63.739  20.411719     34.301      6.619   306.8968     1.2091     2.6627     0.0152     -0.000     -0.249     -0.362        547 8.8228e+02 0.0000e+00
     -0.254     4.7183     8.1811     63.611  20.451509     34.441      6.621   306.2532     1.1929     2.7701     0.0153     -0.000     -0.249     -0.361        548 8.8486e+02 0.0000e+00
     -0.253     4.7195     8.1705     63.529  20.480109     34.440      6.623   306.6696     1.1929     2.7030     0.0153     -0.000     -0.248     -0.360        549 8.8675e+02 0.0000e+00
     -0.253     4.7195     8.1709     63.530  20.465038     34.438      6.623   307.1996     1.2131     2.5956     0.0153      0.000     -0.248     -0.360        550 8.8667e+02 0.0000e+00
     -0.253     4.7193     8.1627     63.467  20.470264     34.437      6.620   307.5404     1.2657     2.3673     0.0153      0.000     -0.248     -0.361        551 8.9173e+02 0.0000e+00
     -0.254     4.7200     8.1554     63.407  20.384692     34.296      6.621   307.5404     1.2536     2.4479     0.0152      0.000     -0.249     -0.362        552 8.8641e+02 0.0000e+00
     -0.254     4.7203     8.1471     63.341  20.393706     34.296      6.624   307.6918     1.2616     2.4344     0.0152      0.000     -0.249     -0.362        553 8.9514e+02 0.0000e+00
     -0.254     4.7200     8.1407     63.290  20.459047     34.436      6.625   307.0861     1.2536     2.4344     0.0153      0.000     -0.249     -0.361        554 9.0901e+02 0.0000e+00
     -0.253     4.7206     8.1356     63.248  20.392289     34.295      6.625   307.2754     1.2374     2.4613     0.0152      0.000     -0.249     -0.361        555 9.0563e+02 0.0000e+00
     -0.254     4.7217     8.1242     63.159  20.387873     34.296      6.627   307.3889     1.0918     2.4210     0.0152     -0.000     -0.249     -0.361        556 8.9538e+02 0.0000e+00
     -0.254     4.7223     8.1192     63.116  20.464542     34.436      6.628   307.4268     1.1242     2.5419     0.0153     -0.000     -0.249     -0.361        557 8.9061e+02 0.0000e+00
     -0.254     4.7229     8.1107     63.049  20.474700     34.435      6.629   305.3825     1.1606     2.5016     0.0153     -0.000     -0.249     -0.361        558 8.7514e+02 0.0000e+00
     -0.253     4.7228     8.1031     62.991  20.464144     34.434      6.632   305.5339     1.1242     2.5150     0.0153      0.000     -0.248     -0.360        559 8.7467e+02 0.0000e+00
     -0.253     4.7222     8.0946     62.927  20.388767     34.292      6.632   306.9725     1.1848     2.4210     0.0152      0.000     -0.248     -0.360        560 8.8126e+02 0.0000e+00
     -0.252     4.7222     8.0791     62.806  20.390682     34.292      6.634   306.8968     1.1767     2.4881     0.0152      0.001     -0.247     -0.359        561 8.8582e+02 0.0000e+00
     -0.252     4.7208     8.0858     62.853  20.461761     34.434      6.633   307.0482     1.2091     2.4076     0.0153      0.001     -0.247     -0.359        562 8.9357e+02 0.0000e+00
     -0.253     4.7194     8.0779     62.779  20.478135     34.434      6.637   306.7075     1.1808     2.4613     0.0153      0.001     -0.247     -0.359        563 8.9687e+02 0.0000e+00
     -0.252     4.7187     8.0717     62.724  20.459217     34.436      6.641   306.9725     1.1686     2.3807     0.0153      0.001     -0.246     -0.358        564 8.7623e+02 0.0000e+00
     -0.250     4.7178     8.0606     62.633  20.396391     34.296      6.639   306.6318     1.2050     2.4613     0.0152      0.002     -0.244     -0.355        565 7.3279e+02 0.0000e+00
     -0.246     4.7168     8.0645     62.648  20.467409     34.438      6.641   302.5054     1.1727     2.5687     0.0153      0.003     -0.241     -0.350        566 8.0191e+02 0.0000e+00
     -0.243     4.7148     8.0736     62.691  20.459749     34.439      6.642   304.5496     1.2010     2.4479     0.0153      0.004     -0.239     -0.347        567 9.8029e+02 0.0000e+00
     -0.243     4.7136     8.0774     62.699  20.405924     34.299      6.642   304.5496     1.1242     2.4210     0.0152      0.005     -0.238     -0.345        568 9.0913e+02 0.0000e+00
     -0.241     4.7148     8.1003     62.849  20.445481     34.443      6.646   303.7925     1.1242     2.4344     0.0153      0.006     -0.236     -0.341        569 9.0900e+02 0.0000e+00
     -0.235     4.7160     8.1259     63.021  20.410521     34.303      6.643   303.1111     1.1444     2.5553     0.0152      0.008     -0.231     -0.334        570 9.5491e+02 0.0000e+00
     -0.229     4.7159     8.1742     63.388  20.449432     34.443      6.646   302.9596     1.1201     2.4076     0.0153      0.011     -0.226     -0.328        571 9.7184e+02 0.0000e+00
     -0.227     4.7123     8.2255     63.789  20.397058     34.300      6.645   304.4739     1.1242     2.4747     0.0152      0.012     -0.224     -0.324        572 9.6254e+02 0.0000e+00
     -0.228     4.7051     8.2750     64.180  20.386787     34.300      6.645   304.3225     1.1161     2.4613     0.0152      0.012     -0.223     -0.322        573 8.8520e+02 0.0000e+00
     -0.225     4.7006     8.3297     64.609  20.462215     34.445      6.646   300.9153     1.1282     2.4747     0.0153      0.011     -0.219     -0.317        574 8.7906e+02 0.0000e+00
     -0.214     4.6982     8.3928     65.094  20.392103     34.313      6.641   298.8711     1.1363     2.5553     0.0152      0.013     -0.212     -0.308        575 8.6304e+02 0.0000e+00
     -0.211     4.6882     8.4497     65.538  20.385130     34.318      6.641   299.4389     1.1242     2.3673     0.0152      0.015     -0.209     -0.304        576 8.4103e+02 0.0000e+00
     -0.216     4.6721     8.5031     65.954  20.381982     34.321      6.636   300.0446     0.9948     2.4479     0.0152      0.013     -0.212     -0.307        577 8.7693e+02 0.0000e+00
     -0.221     4.6582     8.5559     66.364  20.396021     34.332      6.629   301.2182     1.0109     2.4747     0.0152      0.009     -0.214     -0.312        578 8.7456e+02 0.0000e+00
     -0.219     4.6411     8.6036     66.745  20.456573     34.493      6.631   302.8082     1.0069     2.5150     0.0153      0.007     -0.214     -0.312        579 8.5685e+02 0.0000e+00
     -0.217     4.6247     8.6616     67.201  20.395543     34.367      6.629   301.8239     0.9907     2.4344     0.0152      0.005     -0.213     -0.309        580 8.6572e+02 0.0000e+00
     -0.214     4.6201     8.7163     67.623  20.383064     34.387      6.627   301.5211     1.0190     2.5687     0.0152      0.004     -0.211     -0.306        581 8.8093e+02 0.0000e+00
     -0.214     4.6224     8.7632     67.984  20.412832     34.453      6.629   300.2718     1.0029     2.4210     0.0152      0.002     -0.210     -0.304        582 9.1241e+02 0.0000e+00
     -0.214     4.6265     8.8032     68.290  20.388139     34.411      6.623   300.8018     0.9988     2.4479     0.0152     -0.000     -0.210     -0.304        583 8.9032e+02 0.0000e+00
     -0.213     4.6291     8.8552     68.696  20.384158     34.408      6.617   299.8175     0.9867     2.4881     0.0152      0.001     -0.209     -0.303        584 8.8596e+02 0.0000e+00
     -0.211     4.6271     8.9079     69.107  20.388148     34.404      6.614   296.7510     1.0756     2.5419     0.0152      0.004     -0.207     -0.301        585 9.2086e+02 0.0000e+00
     -0.211     4.6279     8.9486     69.422  20.383173     34.400      6.616   299.6661     1.0716     2.4210     0.0152      0.005     -0.207     -0.300        586 8.3835e+02 0.0000e+00
     -0.211     4.6292     8.9740     69.619  20.390350     34.404      6.619   299.2496     1.0514     2.5150     0.0152      0.004     -0.204     -0.297        587 8.7307e+02 0.0000e+00
     -0.203     4.6298     9.0045     69.856  20.379216     34.402      6.621   297.2432     1.0473     2.4210     0.0152      0.005     -0.197     -0.287        588 9.5161e+02 0.0000e+00
     -0.190     4.6357     9.0311     70.064  20.397029     34.400      6.626   296.4860     1.0554     2.5687     0.0152      0.009     -0.187     -0.273        589 8.8079e+02 0.0000e+00
     -0.181     4.6391     9.0584     70.277  20.397820     34.447      6.628   296.7510     1.0392     2.6493     0.0152      0.015     -0.182     -0.264        590 8.7855e+02 0.0000e+00
     -0.186     4.6382     9.0772     70.423  20.348593     34.299      6.629   295.9182     1.0514     2.7030     0.0152      0.017     -0.184     -0.267        591 9.1054e+02 0.0000e+00
     -0.195     4.6360     9.0794     70.440  20.369378     34.389      6.629   296.1832     1.0797     2.6627     0.0152      0.015     -0.188     -0.273        592 9.3247e+02 0.0000e+00
     -0.193     4.6340     9.0849     70.484  20.401589     34.390      6.626   295.5396     1.0554     2.5956     0.0152      0.012     -0.186     -0.270        593 9.1567e+02 0.0000e+00
     -0.182     4.6352     9.1023     70.621  20.367781     34.393      6.629   294.4418     1.0473     2.3941     0.0152      0.012     -0.177     -0.257        594 8.3801e+02 0.0000e+00
     -0.168     4.6365     9.1099     70.682  20.352177     34.301      6.634   294.7068     1.0797     2.4479     0.0152      0.014     -0.167     -0.243        595 8.2870e+02 0.0000e+00
