Data/DataNotYetUploadedToEDI/Raw_CTD/RawDownloads/121718_fcr50.cnv
* Sea-Bird SBE19plus  Data File:
* FileName = C:\DATA\121718_fcr50_0001.hex
* Software version 2.6.3.104
* Temperature SN = 7809
* Conductivity SN = 7809
* System UpLoad Time = Dec 17 2018 15:12:11
* <ApplicationData>
* <Seaterm232>
# nquan = 17
# nvalues = 1577                        
# units = specified
# name 0 = depFM: Depth [fresh water, m]
# name 1 = tv290C: Temperature [ITS-90, deg C]
# name 2 = sbeox0Mg/L: Oxygen, SBE 43 [mg/l]
# name 3 = sbeox0PS: Oxygen, SBE 43 [% saturation]
# name 4 = c0uS/cm: Conductivity [uS/cm]
# name 5 = specc: Specific Conductance [uS/cm]
# name 6 = ph: pH
# name 7 = orp: Oxidation Reduction Potential [mV]
# name 8 = flECO-AFL: Fluorescence, WET Labs ECO-AFL/FL [mg/m^3]
# name 9 = turbWETntu0: Turbidity, WET Labs ECO [NTU]
# name 10 = sal00: Salinity, Practical [PSU]
# name 11 = dz/dtM: Descent Rate [m/s]
# name 12 = prdM: Pressure, Strain Gauge [db]
# name 13 = prdE: Pressure, Strain Gauge [psi]
# name 14 = scan: Scan Count
# name 15 = par/sat/log: PAR/Logarithmic, Satlantic
# name 16 = flag:  0.000e+00
# span 0 =     -0.638,      9.622       
# span 1 =     4.3747,     9.3290       
# span 2 =     8.0606,    12.6725       
# span 3 =     62.633,     98.653       
# span 4 =   1.748877,  25.580583       
# span 5 =      2.530,     40.330       
# span 6 =     -3.023,      7.439       
# span 7 = -1240.7455,  1240.2295       
# span 8 =    -0.4852,     4.8686       
# span 9 =    -1.2045,    22.2272       
# span 10 =     0.0051,     0.0193      
# span 11 =     -0.170,      0.293      
# span 12 =     -0.625,      9.435      
# span 13 =     -0.907,     13.684      
# span 14 =          1,       1577      
# span 15 = 1.2248e-01, 1.1609e+03      
# span 16 = 0.0000e+00, 0.0000e+00      
# interval = seconds: 0.25
# start_time = Dec 17 2018 15:31:23 [Instrument's time stamp, header]
# bad_flag = -9.990e-29
*END*
[from data line 852]
     -0.171     4.6180     9.7290     75.445  20.453883     34.555      6.755   308.5625     0.9948     2.3807     0.0153     -0.001     -0.167     -0.243        853 8.7514e+02 0.0000e+00
     -0.170     4.6184     9.6893     75.137  20.480538     34.555      6.756   308.5247     0.9786     2.5419     0.0153     -0.002     -0.166     -0.241        854 8.6297e+02 0.0000e+00
     -0.167     4.6190     9.6585     74.898  20.461732     34.555      6.755   307.2375     1.0190     2.5419     0.0153     -0.002     -0.164     -0.238        855 8.6175e+02 0.0000e+00
     -0.165     4.6196     9.6136     74.550  20.388373     34.413      6.753   307.3511     1.0109     2.3673     0.0152     -0.001     -0.162     -0.235        856 8.6281e+02 0.0000e+00
     -0.164     4.6199     9.5745     74.247  20.394008     34.412      6.759   307.5025     1.0069     2.4479     0.0152      0.001     -0.162     -0.234        857 8.9829e+02 0.0000e+00
     -0.165     4.6199     9.5345     73.937  20.454719     34.553      6.758   308.7518     0.9988     2.3404     0.0153      0.002     -0.162     -0.235        858 8.9580e+02 0.0000e+00
     -0.167     4.6197     9.5037     73.699  20.401730     34.411      6.760   309.3197     1.0635     2.4479     0.0152      0.003     -0.164     -0.238        859 8.7553e+02 0.0000e+00
     -0.169     4.6200     9.4738     73.466  20.371040     34.411      6.756   309.1682     1.0554     2.3941     0.0152      0.003     -0.166     -0.240        860 8.8185e+02 0.0000e+00
     -0.170     4.6203     9.4420     73.219  20.404000     34.412      6.756   309.3197     1.0554     2.3807     0.0152      0.001     -0.166     -0.241        861 8.7401e+02 0.0000e+00
     -0.168     4.6204     9.4101     72.972  20.449623     34.553      6.748   309.4332     1.0514     2.3807     0.0153     -0.001     -0.165     -0.239        862 8.7416e+02 0.0000e+00
     -0.166     4.6203     9.3776     72.720  20.403176     34.411      6.747   309.2439     1.2616     2.5284     0.0152     -0.001     -0.163     -0.237        863 8.9423e+02 0.0000e+00
     -0.165     4.6204     9.3499     72.507  20.461804     34.552      6.747   309.1682     1.2414     2.4479     0.0153     -0.001     -0.163     -0.236        864 8.8143e+02 0.0000e+00
     -0.165     4.6205     9.3362     72.402  20.465574     34.552      6.744   309.1682     1.2495     2.4613     0.0153     -0.000     -0.163     -0.237        865 8.7070e+02 0.0000e+00
     -0.169     4.6204     9.3057     72.166  20.428121     34.458      6.744   308.5247     1.2293     2.3941     0.0152     -0.000     -0.166     -0.241        866 9.0804e+02 0.0000e+00
     -0.175     4.6204     9.2709     71.896  20.449137     34.552      6.746   308.3354     1.2495     2.4613     0.0153     -0.001     -0.170     -0.246        867 9.1429e+02 0.0000e+00
     -0.174     4.6205     9.2492     71.727  20.409783     34.411      6.745   308.1839     1.2738     2.5687     0.0152     -0.002     -0.170     -0.246        868 8.9048e+02 0.0000e+00
     -0.170     4.6205     9.2288     71.567  20.447461     34.552      6.744   308.1082     1.2980     2.4344     0.0153     -0.002     -0.167     -0.242        869 8.8287e+02 0.0000e+00
     -0.166     4.6206     9.2118     71.433  20.491159     34.552      6.747   308.9411     1.2455     2.5687     0.0153     -0.002     -0.164     -0.237        870 9.0357e+02 0.0000e+00
     -0.165     4.6204     9.1965     71.317  20.444312     34.552      6.747   309.2439     1.1565     2.7030     0.0153     -0.001     -0.163     -0.237        871 9.0777e+02 0.0000e+00
     -0.168     4.6202     9.1798     71.187  20.416848     34.411      6.751   309.1304     1.1484     2.6493     0.0152     -0.000     -0.165     -0.239        872 9.0747e+02 0.0000e+00
     -0.170     4.6204     9.1619     71.048  20.495702     34.647      6.750   309.2439     1.1080     2.5956     0.0153      0.001     -0.166     -0.240        873 9.3977e+02 0.0000e+00
     -0.168     4.6213     9.1625     71.053  20.494370     34.552      6.752   306.3289     1.0959     2.6359     0.0153      0.002     -0.165     -0.239        874 9.1722e+02 0.0000e+00
     -0.167     4.6220     9.1631     71.059  20.448142     34.552      6.754   306.8211     1.1242     2.6493     0.0153      0.003     -0.164     -0.238        875 8.9169e+02 0.0000e+00
     -0.167     4.6221     9.1590     71.026  20.405043     34.410      6.756   307.1618     1.1242     2.5419     0.0152      0.002     -0.164     -0.238        876 9.0381e+02 0.0000e+00
     -0.167     4.6219     9.1765     71.161  20.459095     34.550      6.756   307.2375     1.1282     2.5284     0.0153      0.000     -0.165     -0.239        877 9.0157e+02 0.0000e+00
     -0.169     4.6217     9.1630     71.057  20.469787     34.550      6.754   308.3354     1.1363     2.3941     0.0153     -0.001     -0.166     -0.240        878 8.9733e+02 0.0000e+00
     -0.170     4.6208     9.1811     71.198  20.391736     34.409      6.757   308.1082     1.1039     2.4613     0.0152     -0.001     -0.167     -0.242        879 9.0139e+02 0.0000e+00
     -0.171     4.6202     9.1663     71.083  20.378403     34.409      6.758   307.9568     1.0635     2.4747     0.0152     -0.001     -0.167     -0.242        880 9.0380e+02 0.0000e+00
     -0.169     4.6208     9.2208     71.505  20.397467     34.410      6.760   308.0325     1.0676     2.4210     0.0152     -0.001     -0.166     -0.241        881 9.0704e+02 0.0000e+00
     -0.169     4.6208     9.2459     71.701  20.397649     34.458      6.763   306.2911     1.0635     2.3270     0.0152     -0.001     -0.166     -0.241        882 9.1731e+02 0.0000e+00
     -0.170     4.6206     9.2858     72.009  20.407814     34.410      6.762   306.3668     1.0473     2.4613     0.0152     -0.001     -0.166     -0.241        883 9.1753e+02 0.0000e+00
     -0.170     4.6210     9.3387     72.416  20.444092     34.552      6.764   306.2532     1.0473     2.5150     0.0153     -0.001     -0.166     -0.241        884 9.2621e+02 0.0000e+00
     -0.170     4.6213     9.4086     72.957  20.411777     34.411      6.766   306.1775     1.0554     2.4747     0.0152     -0.001     -0.166     -0.241        885 9.2479e+02 0.0000e+00
     -0.169     4.6211     9.4980     73.651  20.448030     34.552      6.766   306.1775     1.0352     2.3941     0.0153      0.000     -0.166     -0.241        886 9.1147e+02 0.0000e+00
     -0.169     4.6209     9.5799     74.284  20.487888     34.551      6.766   307.3511     1.0473     2.3539     0.0153      0.000     -0.166     -0.241        887 9.0302e+02 0.0000e+00
     -0.169     4.6213     9.6771     75.037  20.451086     34.551      6.768   306.7832     1.0635     2.4076     0.0153      0.000     -0.167     -0.243        888 9.0500e+02 0.0000e+00
     -0.173     4.6215     9.7477     75.586  20.404916     34.410      6.769   306.9725     1.0554     2.4881     0.0152     -0.001     -0.170     -0.247        889 9.2155e+02 0.0000e+00
     -0.178     4.6208     9.8347     76.260  20.397157     34.457      6.768   306.6318     1.0595     2.5284     0.0152     -0.003     -0.172     -0.249        890 9.0042e+02 0.0000e+00
     -0.173     4.6206     9.9073     76.820  20.401467     34.410      6.771   306.1018     1.0595     2.4076     0.0152     -0.003     -0.168     -0.244        891 8.9482e+02 0.0000e+00
     -0.165     4.6213     9.9600     77.227  20.458829     34.552      6.773   306.5182     1.0271     2.4344     0.0153     -0.001     -0.163     -0.238        892 9.0725e+02 0.0000e+00
     -0.164     4.6207    10.0254     77.733  20.473959     34.552      6.771   306.6318     1.0716     2.4210     0.0153      0.001     -0.162     -0.235        893 9.0680e+02 0.0000e+00
     -0.167     4.6191    10.0804     78.159  20.382637     34.410      6.769   306.8211     1.0797     2.4210     0.0152      0.002     -0.164     -0.239        894 9.2145e+02 0.0000e+00
     -0.172     4.6186    10.1265     78.517  20.394654     34.411      6.771   306.3289     1.0514     2.4210     0.0152      0.002     -0.168     -0.244        895 9.0616e+02 0.0000e+00
     -0.174     4.6188    10.1760     78.901  20.459006     34.554      6.769   306.2154     1.0595     2.4613     0.0153      0.001     -0.170     -0.246        896 9.0553e+02 0.0000e+00
     -0.173     4.6180    10.2234     79.267  20.480376     34.554      6.772   308.1839     1.0595     2.4747     0.0153      0.001     -0.169     -0.246        897 9.0676e+02 0.0000e+00
     -0.171     4.6176    10.2449     79.434  20.456970     34.554      6.774   307.8432     1.0635     2.4479     0.0153     -0.000     -0.169     -0.246        898 8.9166e+02 0.0000e+00
     -0.173     4.6183    10.2633     79.578  20.488134     34.555      6.774   307.9947     1.0595     2.3941     0.0153     -0.003     -0.171     -0.248        899 8.9548e+02 0.0000e+00
     -0.179     4.6182    10.2854     79.750  20.500867     34.650      6.773   307.2754     1.0514     2.3270     0.0153     -0.006     -0.172     -0.250        900 9.1709e+02 0.0000e+00
     -0.174     4.6168    10.2932     79.810  20.411487     34.413      6.775   308.4111     1.0190     2.5150     0.0152     -0.005     -0.169     -0.246        901 9.0156e+02 0.0000e+00
     -0.166     4.6157    10.2972     79.842  20.451180     34.555      6.774   306.6696     1.0029     2.3807     0.0153     -0.001     -0.165     -0.240        902 8.8734e+02 0.0000e+00
     -0.165     4.6150    10.2835     79.736  20.392196     34.415      6.772   306.8968     0.9988     2.4747     0.0152      0.003     -0.162     -0.235        903 9.1215e+02 0.0000e+00
     -0.163     4.6147    10.2835     79.734  20.395980     34.416      6.772   307.2754     0.9867     2.4344     0.0152      0.005     -0.161     -0.234        904 9.4702e+02 0.0000e+00
     -0.164     4.6154    10.2849     79.745  20.505747     34.653      6.771   309.9632     1.0473     2.6090     0.0153      0.006     -0.164     -0.238        905 9.0077e+02 0.0000e+00
     -0.175     4.6154    10.2824     79.727  20.403781     34.417      6.768   309.4711     1.0716     2.6224     0.0152      0.004     -0.171     -0.248        906 8.7570e+02 0.0000e+00
     -0.185     4.6146    10.2838     79.739  20.374687     34.417      6.771   309.4332     1.0514     2.6359     0.0152     -0.001     -0.177     -0.258        907 1.0152e+03 0.0000e+00
     -0.183     4.6148    10.2734     79.659  20.393766     34.417      6.771   309.3197     1.0554     2.5956     0.0152     -0.004     -0.177     -0.257        908 9.0101e+02 0.0000e+00
     -0.174     4.6155    10.2782     79.696  20.380037     34.418      6.775   309.2439     1.0473     2.4747     0.0152     -0.007     -0.170     -0.247        909 7.5646e+02 0.0000e+00
     -0.163     4.6157    10.2749     79.670  20.391773     34.417      6.771   308.8654     1.0756     2.4076     0.0152     -0.005     -0.164     -0.238        910 8.7224e+02 0.0000e+00
     -0.167     4.6155    10.2746     79.668  20.379162     34.417      6.767   308.5247     1.0554     2.3404     0.0152     -0.002     -0.164     -0.238        911 8.2594e+02 0.0000e+00
     -0.172     4.6158    10.2638     79.584  20.395732     34.416      6.769   308.9789     1.0635     2.4479     0.0152     -0.001     -0.168     -0.244        912 6.8654e+02 0.0000e+00
     -0.176     4.6159    10.2524     79.495  20.460063     34.558      6.765   309.3954     1.0716     2.3673     0.0153      0.001     -0.172     -0.249        913 8.1243e+02 0.0000e+00
     -0.177     4.6149    10.2416     79.413  20.476926     34.558      6.762   310.1147     1.0716     2.4210     0.0153      0.003     -0.172     -0.250        914 9.9175e+02 0.0000e+00
     -0.172     4.6150    10.2244     79.281  20.463658     34.558      6.762   309.6604     1.0635     2.4479     0.0153      0.004     -0.170     -0.246        915 9.3054e+02 0.0000e+00
     -0.169     4.6159    10.1971     79.068  20.476574     34.559      6.759   309.5468     1.0635     2.4210     0.0153      0.001     -0.166     -0.241        916 9.1968e+02 0.0000e+00
     -0.167     4.6162    10.1696     78.855  20.460852     34.559      6.763   310.0768     1.0878     2.4344     0.0153     -0.001     -0.165     -0.239        917 9.6440e+02 0.0000e+00
     -0.169     4.6164    10.1306     78.554  20.394312     34.416      6.763   309.5089     1.1403     2.4479     0.0152     -0.001     -0.165     -0.240        918 8.5640e+02 0.0000e+00
     -0.169     4.6165    10.0988     78.307  20.381557     34.416      6.768   309.8875     1.1323     2.4210     0.0152      0.002     -0.167     -0.243        919 7.8864e+02 0.0000e+00
     -0.174     4.6165    10.0560     77.975  20.476725     34.557      6.764   309.6604     1.1161     2.4613     0.0153      0.002     -0.171     -0.248        920 8.3892e+02 0.0000e+00
     -0.179     4.6164    10.0359     77.820  20.453702     34.557      6.764   308.1082     1.1323     2.3404     0.0153      0.000     -0.177     -0.257        921 8.3061e+02 0.0000e+00
     -0.189     4.6162     9.9997     77.539  20.410210     34.415      6.764   308.1082     1.0635     2.3941     0.0152     -0.005     -0.186     -0.270        922 8.0388e+02 0.0000e+00
     -0.201     4.6164     9.9466     77.127  20.501213     34.651      6.765   308.9032     1.0756     2.4076     0.0153     -0.013     -0.196     -0.285        923 8.8618e+02 0.0000e+00
     -0.209     4.6170     9.9629     77.254  20.488636     34.557      6.765   309.7361     1.0312     2.4076     0.0153     -0.020     -0.207     -0.301        924 8.7029e+02 0.0000e+00
     -0.226     4.6174     9.9509     77.162  20.455498     34.557      6.764   310.3039     1.0473     2.3807     0.0153     -0.028     -0.222     -0.322        925 8.3128e+02 0.0000e+00
     -0.244     4.6171     9.9744     77.344  20.483177     34.556      6.764   310.3039     1.1403     2.4076     0.0153     -0.037     -0.237     -0.345        926 8.9405e+02 0.0000e+00
     -0.256     4.6172     9.9901     77.464  20.454191     34.556      6.767   310.0389     1.1242     2.3673     0.0153     -0.044     -0.249     -0.362        927 8.8624e+02 0.0000e+00
     -0.262     4.6177    10.0539     77.957  20.491573     34.556      6.769   310.3039     1.1080     2.3404     0.0153     -0.047     -0.257     -0.373        928 8.5361e+02 0.0000e+00
     -0.269     4.6176    10.1050     78.353  20.495931     34.650      6.773   308.0325     1.1242     2.4479     0.0153     -0.047     -0.262     -0.380        929 8.5150e+02 0.0000e+00
     -0.269     4.6175    10.1453     78.664  20.419130     34.414      6.772   308.4111     1.1242     2.3941     0.0152     -0.043     -0.264     -0.382        930 8.8055e+02 0.0000e+00
     -0.268     4.6180    10.1824     78.953  20.438963     34.556      6.774   308.9032     1.1323     2.5284     0.0153     -0.036     -0.264     -0.382        931 8.6733e+02 0.0000e+00
     -0.271     4.6180    10.2164     79.219  20.411973     34.414      6.776   308.6761     1.1444     2.4344     0.0152     -0.029     -0.264     -0.382        932 6.2591e+02 0.0000e+00
     -0.266     4.6175    10.2542     79.512  20.363805     34.414      6.778   308.7518     1.0918     2.4210     0.0152     -0.018     -0.259     -0.375        933 2.2808e+02 0.0000e+00
     -0.252     4.6180    10.2648     79.594  20.409995     34.414      6.778   308.9032     1.1242     2.4479     0.0152     -0.005     -0.249     -0.362        934 3.5921e+02 0.0000e+00
     -0.244     4.6187    10.2614     79.569  20.443404     34.556      6.774   309.5468     1.1403     2.4479     0.0153      0.005     -0.242     -0.352        935 8.5049e+02 0.0000e+00
     -0.245     4.6183    10.2467     79.456  20.411141     34.414      6.774   309.9632     1.1120     2.4747     0.0152      0.012     -0.242     -0.352        936 9.1150e+02 0.0000e+00
