Data/DataNotYetUploadedToEDI/Raw_CTD/RawDownloads/121718_fcr50.cnv
* Sea-Bird SBE19plus  Data File:
* FileName = C:\DATA\121718_fcr50_0001.hex
* Software version 2.6.3.104
* Temperature SN = 7809
* Conductivity SN = 7809
* System UpLoad Time = Dec 17 2018 15:12:11
* <ApplicationData>
* <Seaterm232>
# nquan = 17
# nvalues = 1577                        
# units = specified
# name 0 = depFM: Depth [fresh water, m]
# name 1 = tv290C: Temperature [ITS-90, deg C]
# name 2 = sbeox0Mg/L: Oxygen, SBE 43 [mg/l]
# name 3 = sbeox0PS: Oxygen, SBE 43 [% saturation]
# name 4 = c0uS/cm: Conductivity [uS/cm]
# name 5 = specc: Specific Conductance [uS/cm]
# name 6 = ph: pH
# name 7 = orp: Oxidation Reduction Potential [mV]
# name 8 = flECO-AFL: Fluorescence, WET Labs ECO-AFL/FL [mg/m^3]
# name 9 = turbWETntu0: Turbidity, WET Labs ECO [NTU]
# name 10 = sal00: Salinity, Practical [PSU]
# name 11 = dz/dtM: Descent Rate [m/s]
# name 12 = prdM: Pressure, Strain Gauge [db]
# name 13 = prdE: Pressure, Strain Gauge [psi]
# name 14 = scan: Scan Count
# name 15 = par/sat/log: PAR/Logarithmic, Satlantic
# name 16 = flag:  0.000e+00
# span 0 =     -0.638,      9.622       
# span 1 =     4.3747,     9.3290       
# span 2 =     8.0606,    12.6725       
# span 3 =     62.633,     98.653       
# span 4 =   1.748877,  25.580583       
# span 5 =      2.530,     40.330       
# span 6 =     -3.023,      7.439       
# span 7 = -1240.7455,  1240.2295       
# span 8 =    -0.4852,     4.8686       
# span 9 =    -1.2045,    22.2272       
# span 10 =     0.0051,     0.0193      
# span 11 =     -0.170,      0.293      
# span 12 =     -0.625,      9.435      
# span 13 =     -0.907,     13.684      
# span 14 =          1,       1577      
# span 15 = 1.2248e-01, 1.1609e+03      
# span 16 = 0.0000e+00, 0.0000e+00      
# interval = seconds: 0.25
# start_time = Dec 17 2018 15:31:23 [Instrument's time stamp, header]
# bad_flag = -9.990e-29
*END*
[from data line 766]
     -0.168     4.6287     9.1583     71.035  20.453464     34.542      6.713   304.5496     1.1403     2.3807     0.0153     -0.004     -0.167     -0.242        767 8.5835e+02 0.0000e+00
     -0.175     4.6290     9.2265     71.563  20.486485     34.544      6.713   304.6632     1.1242     2.4344     0.0153      0.000     -0.171     -0.248        768 9.5995e+02 0.0000e+00
     -0.180     4.6281     9.2746     71.936  20.448799     34.542      6.717   305.7611     1.1323     2.4210     0.0153      0.002     -0.174     -0.253        769 9.0300e+02 0.0000e+00
     -0.177     4.6265     9.3287     72.356  20.411452     34.401      6.719   305.7989     1.0352     2.5419     0.0152      0.004     -0.173     -0.251        770 8.1363e+02 0.0000e+00
     -0.172     4.6263     9.3649     72.635  20.444051     34.543      6.718   303.8304     1.0635     2.4747     0.0153      0.004     -0.170     -0.247        771 8.7263e+02 0.0000e+00
     -0.172     4.6271     9.4006     72.912  20.408230     34.404      6.717   303.8304     1.0716     2.4747     0.0152      0.002     -0.169     -0.245        772 8.9898e+02 0.0000e+00
     -0.174     4.6277     9.4233     73.089  20.456032     34.545      6.718   304.1332     1.0716     2.5150     0.0153     -0.001     -0.168     -0.245        773 8.3742e+02 0.0000e+00
     -0.169     4.6291     9.4323     73.158  20.473474     34.544      6.720   303.8682     1.0797     2.4210     0.0153     -0.001     -0.166     -0.241        774 8.8482e+02 0.0000e+00
     -0.166     4.6298     9.4429     73.239  20.386522     34.403      6.722   304.0575     1.0635     2.4210     0.0152      0.003     -0.164     -0.238        775 8.8444e+02 0.0000e+00
     -0.167     4.6296     9.4425     73.235  20.386418     34.401      6.717   304.1711     1.0554     2.4881     0.0152      0.006     -0.164     -0.238        776 9.0100e+02 0.0000e+00
     -0.169     4.6285     9.4409     73.222  20.384692     34.400      6.716   304.3604     1.0352     2.4210     0.0152      0.006     -0.166     -0.240        777 9.0522e+02 0.0000e+00
     -0.171     4.6281     9.4268     73.112  20.388670     34.400      6.718   304.2468     1.0554     2.3941     0.0152      0.003     -0.167     -0.242        778 8.8198e+02 0.0000e+00
     -0.170     4.6285     9.4188     73.050  20.470379     34.543      6.719   305.2689     0.9745     2.4613     0.0153      0.001     -0.166     -0.241        779 8.7440e+02 0.0000e+00
     -0.168     4.6283     9.3895     72.824  20.460830     34.543      6.721   304.7011     1.0029     2.5016     0.0153      0.001     -0.164     -0.238        780 8.8262e+02 0.0000e+00
     -0.165     4.6276     9.3697     72.669  20.400554     34.401      6.721   304.7768     1.0109     2.4881     0.0152      0.002     -0.162     -0.236        781 9.6894e+02 0.0000e+00
     -0.165     4.6275     9.3462     72.486  20.456480     34.543      6.722   304.7011     0.9867     2.4210     0.0153      0.001     -0.162     -0.235        782 9.1551e+02 0.0000e+00
     -0.166     4.6278     9.3250     72.321  20.391232     34.402      6.725   304.6254     1.2010     2.4479     0.0152      0.001     -0.163     -0.237        783 8.3496e+02 0.0000e+00
     -0.169     4.6277     9.3082     72.190  20.392843     34.402      6.729   303.9818     1.2091     2.4344     0.0152      0.001     -0.165     -0.239        784 8.6210e+02 0.0000e+00
     -0.169     4.6271     9.2853     72.013  20.454475     34.544      6.732   303.9439     1.2131     2.4479     0.0153      0.001     -0.165     -0.240        785 9.3076e+02 0.0000e+00
     -0.168     4.6264     9.2615     71.828  20.403444     34.402      6.732   304.2089     1.1929     2.5016     0.0152      0.001     -0.164     -0.238        786 9.2306e+02 0.0000e+00
     -0.165     4.6260     9.2387     71.652  20.456350     34.545      6.734   307.2754     1.1080     2.4210     0.0153      0.000     -0.164     -0.237        787 8.9244e+02 0.0000e+00
     -0.167     4.6259     9.2253     71.548  20.477547     34.545      6.736   306.2532     1.1242     2.4210     0.0153     -0.000     -0.164     -0.237        788 8.6590e+02 0.0000e+00
     -0.168     4.6262     9.1905     71.280  20.377066     34.404      6.737   306.4425     1.1080     2.4076     0.0152     -0.001     -0.164     -0.238        789 9.1205e+02 0.0000e+00
     -0.168     4.6266     9.1786     71.187  20.403571     34.404      6.737   306.6318     1.1282     2.4210     0.0152     -0.001     -0.164     -0.238        790 9.5740e+02 0.0000e+00
     -0.167     4.6261     9.1491     70.958  20.444560     34.546      6.736   305.5718     1.1363     2.4747     0.0153      0.000     -0.163     -0.237        791 8.6603e+02 0.0000e+00
     -0.166     4.6255     9.1278     70.794  20.414969     34.404      6.738   305.2311     1.1363     2.4210     0.0152      0.001     -0.163     -0.237        792 8.6159e+02 0.0000e+00
     -0.167     4.6251     9.1053     70.620  20.440398     34.546      6.739   305.0796     1.1403     2.4747     0.0153      0.000     -0.164     -0.237        793 9.1629e+02 0.0000e+00
     -0.167     4.6249     9.0908     70.508  20.412914     34.405      6.740   305.4961     1.0959     2.3539     0.0152      0.000     -0.164     -0.237        794 9.1815e+02 0.0000e+00
     -0.167     4.6249     9.0592     70.263  20.449172     34.547      6.741   307.8054     1.1080     2.4076     0.0153     -0.000     -0.164     -0.237        795 8.9663e+02 0.0000e+00
     -0.166     4.6249     9.0394     70.110  20.395276     34.406      6.742   308.0325     1.1565     2.4210     0.0152      0.000     -0.163     -0.236        796 8.7779e+02 0.0000e+00
     -0.165     4.6252     9.0206     69.962  20.391074     34.406      6.743   308.0704     1.1444     2.5284     0.0152      0.001     -0.162     -0.234        797 9.1432e+02 0.0000e+00
     -0.163     4.6257     8.9896     69.718  20.454402     34.547      6.744   307.8054     1.1201     2.4479     0.0153      0.001     -0.161     -0.233        798 9.3691e+02 0.0000e+00
     -0.164     4.6259     8.9684     69.547  20.405378     34.405      6.744   306.8589     1.1282     2.5150     0.0152      0.001     -0.161     -0.234        799 9.2065e+02 0.0000e+00
     -0.165     4.6259     8.9506     69.411  20.452082     34.546      6.745   307.3889     1.1080     2.4479     0.0153      0.001     -0.162     -0.235        800 9.0901e+02 0.0000e+00
     -0.165     4.6260     8.9424     69.342  20.396279     34.405      6.744   307.4647     1.1525     2.4747     0.0152      0.001     -0.162     -0.235        801 8.8524e+02 0.0000e+00
     -0.166     4.6262     8.9339     69.275  20.385913     34.405      6.746   307.5404     1.1525     2.3404     0.0152      0.001     -0.163     -0.236        802 9.5844e+02 0.0000e+00
     -0.167     4.6266     8.9346     69.286  20.464984     34.546      6.745   308.0325     1.1242     2.3673     0.0153     -0.000     -0.164     -0.237        803 9.8950e+02 0.0000e+00
     -0.167     4.6267     8.9333     69.282  20.386789     34.404      6.747   308.5625     1.1808     2.4747     0.0152     -0.001     -0.164     -0.238        804 8.8568e+02 0.0000e+00
     -0.168     4.6270     8.9369     69.307  20.394312     34.404      6.746   308.4111     1.2050     2.4747     0.0152     -0.002     -0.165     -0.240        805 8.1194e+02 0.0000e+00
     -0.171     4.6270     8.9429     69.350  20.455622     34.545      6.745   308.5247     1.1970     2.4210     0.0153     -0.003     -0.168     -0.244        806 8.5075e+02 0.0000e+00
     -0.176     4.6266     8.9611     69.491  20.399402     34.403      6.746   307.9568     1.1929     2.4344     0.0152     -0.005     -0.169     -0.245        807 9.4595e+02 0.0000e+00
     -0.168     4.6240     8.9915     69.722  20.375363     34.403      6.744   308.4111     1.0878     2.4344     0.0152     -0.004     -0.164     -0.239        808 9.0331e+02 0.0000e+00
     -0.159     4.6208     9.0382     70.081  20.396625     34.404      6.747   307.9189     1.0514     2.3404     0.0152     -0.000     -0.159     -0.229        809 8.4737e+02 0.0000e+00
     -0.157     4.6210     9.1003     70.564  20.461854     34.548      6.745   308.6382     1.0473     2.3673     0.0153      0.003     -0.159     -0.229        810 8.8613e+02 0.0000e+00
     -0.169     4.6191     9.1768     71.159  20.472011     34.552      6.740   307.1996     1.0554     2.5150     0.0153      0.003     -0.166     -0.239        811 9.0455e+02 0.0000e+00
     -0.179     4.6177     9.2598     71.802  20.383985     34.410      6.743   307.3511     0.9786     2.4076     0.0152     -0.000     -0.171     -0.248        812 9.0709e+02 0.0000e+00
     -0.175     4.6211     9.3596     72.575  20.393576     34.413      6.746   307.2754     0.9988     2.4344     0.0152     -0.002     -0.171     -0.247        813 9.0718e+02 0.0000e+00
     -0.169     4.6243     9.4548     73.316  20.519350     34.650      6.747   307.4647     1.0150     2.5687     0.0153     -0.001     -0.166     -0.241        814 9.0968e+02 0.0000e+00
     -0.165     4.6230     9.5444     74.010  20.464561     34.551      6.746   307.5404     0.9826     2.4344     0.0153     -0.001     -0.164     -0.237        815 9.3404e+02 0.0000e+00
     -0.166     4.6208     9.6449     74.790  20.402484     34.406      6.745   308.6004     0.9624     2.4344     0.0152     -0.003     -0.164     -0.237        816 9.0882e+02 0.0000e+00
     -0.169     4.6206     9.7235     75.401  20.448416     34.549      6.744   308.1461     1.0676     2.4881     0.0153     -0.003     -0.165     -0.239        817 8.7124e+02 0.0000e+00
     -0.168     4.6183     9.8051     76.036  20.407401     34.411      6.747   308.1082     1.0716     2.4210     0.0152     -0.001     -0.165     -0.239        818 8.7995e+02 0.0000e+00
     -0.167     4.6165     9.8848     76.654  20.394252     34.458      6.746   305.7611     1.0918     2.4479     0.0152      0.004     -0.165     -0.239        819 8.6410e+02 0.0000e+00
     -0.168     4.6171     9.9567     77.211  20.405505     34.413      6.738   306.0639     1.0635     2.4747     0.0152      0.004     -0.166     -0.241        820 8.6923e+02 0.0000e+00
     -0.172     4.6182    10.0174     77.682  20.452672     34.557      6.743   306.0639     1.0190     2.4881     0.0153      0.001     -0.168     -0.244        821 8.8594e+02 0.0000e+00
     -0.172     4.6181    10.0825     78.189  20.394829     34.415      6.745   306.1396     0.9948     2.5419     0.0152     -0.002     -0.168     -0.244        822 8.7282e+02 0.0000e+00
     -0.169     4.6179    10.1223     78.498  20.388578     34.414      6.745   307.3889     1.0109     2.5553     0.0152     -0.003     -0.166     -0.241        823 8.7655e+02 0.0000e+00
     -0.167     4.6187    10.1619     78.806  20.460450     34.555      6.746   307.4268     1.0069     2.4210     0.0153     -0.001     -0.164     -0.238        824 9.0229e+02 0.0000e+00
     -0.167     4.6187    10.1814     78.956  20.394298     34.414      6.745   307.1996     1.0150     2.4613     0.0152      0.000     -0.164     -0.237        825 9.2178e+02 0.0000e+00
     -0.167     4.6187    10.1854     78.988  20.411630     34.460      6.746   305.1175     1.0029     2.4479     0.0152      0.001     -0.164     -0.238        826 9.1168e+02 0.0000e+00
     -0.169     4.6195    10.1744     78.906  20.468518     34.554      6.747   305.1175     1.0069     2.5284     0.0153      0.001     -0.165     -0.240        827 9.0204e+02 0.0000e+00
     -0.169     4.6204    10.1593     78.785  20.382775     34.413      6.747   305.1175     0.9867     2.3673     0.0152      0.001     -0.165     -0.240        828 8.9764e+02 0.0000e+00
     -0.169     4.6205    10.1286     78.545  20.399784     34.412      6.747   305.6854     0.9988     2.4613     0.0152      0.002     -0.167     -0.242        829 8.9036e+02 0.0000e+00
     -0.174     4.6202    10.1096     78.391  20.447350     34.552      6.750   304.7768     1.0069     2.4210     0.0153     -0.001     -0.169     -0.246        830 8.9988e+02 0.0000e+00
     -0.174     4.6207    10.0872     78.216  20.412493     34.411      6.749   305.3825     0.9826     2.4479     0.0152     -0.003     -0.168     -0.244        831 9.0322e+02 0.0000e+00
     -0.165     4.6214    10.0590     77.999  20.443165     34.553      6.748   305.5339     0.9624     2.4344     0.0153     -0.002     -0.163     -0.236        832 8.9890e+02 0.0000e+00
     -0.158     4.6219    10.0392     77.844  20.409180     34.411      6.747   305.7611     1.0756     2.4210     0.0152      0.001     -0.159     -0.231        833 8.9735e+02 0.0000e+00
     -0.165     4.6222    10.0327     77.792  20.395510     34.457      6.747   306.6318     1.0554     2.4344     0.0152      0.003     -0.163     -0.236        834 8.8944e+02 0.0000e+00
     -0.175     4.6218    10.0060     77.588  20.400902     34.409      6.750   305.4582     1.0676     2.4344     0.0152      0.001     -0.169     -0.245        835 9.0388e+02 0.0000e+00
     -0.176     4.6223     9.9908     77.474  20.461746     34.550      6.749   305.7611     1.0635     2.4344     0.0153     -0.001     -0.171     -0.247        836 9.3364e+02 0.0000e+00
     -0.170     4.6233     9.9598     77.233  20.467978     34.551      6.748   305.6475     1.0797     2.5419     0.0153     -0.001     -0.167     -0.243        837 9.1686e+02 0.0000e+00
     -0.166     4.6224     9.9390     77.071  20.393147     34.409      6.748   305.5718     0.9988     2.4479     0.0152      0.000     -0.165     -0.239        838 8.8683e+02 0.0000e+00
     -0.167     4.6207     9.9254     76.965  20.377047     34.407      6.747   305.3825     0.9867     2.4210     0.0152     -0.001     -0.165     -0.239        839 9.1705e+02 0.0000e+00
     -0.172     4.6180     9.9021     76.783  20.399100     34.409      6.744   305.3825     0.9867     2.4479     0.0152     -0.003     -0.167     -0.242        840 9.3107e+02 0.0000e+00
     -0.170     4.6170     9.8905     76.693  20.454614     34.552      6.745   304.9282     1.0109     2.5016     0.0153     -0.003     -0.166     -0.241        841 9.5909e+02 0.0000e+00
     -0.166     4.6177     9.8799     76.610  20.485786     34.555      6.744   307.6161     1.0029     2.4613     0.0153      0.001     -0.165     -0.238        842 9.1749e+02 0.0000e+00
     -0.167     4.6170     9.8812     76.621  20.449220     34.556      6.746   307.7675     1.0029     2.5687     0.0153      0.004     -0.165     -0.239        843 8.6612e+02 0.0000e+00
     -0.171     4.6165     9.8792     76.606  20.411207     34.414      6.745   306.6318     1.0029     2.4479     0.0152      0.002     -0.166     -0.242        844 9.2772e+02 0.0000e+00
     -0.171     4.6179     9.8804     76.616  20.444180     34.556      6.747   306.7075     0.9745     2.3941     0.0153     -0.001     -0.167     -0.242        845 8.7829e+02 0.0000e+00
     -0.169     4.6196     9.8735     76.564  20.408186     34.415      6.755   306.4804     1.0029     2.4613     0.0152     -0.001     -0.165     -0.240        846 8.6214e+02 0.0000e+00
     -0.167     4.6197     9.8751     76.577  20.456001     34.555      6.751   306.9725     0.9745     2.4747     0.0153      0.000     -0.163     -0.237        847 9.1649e+02 0.0000e+00
     -0.166     4.6191     9.8523     76.400  20.473588     34.553      6.752   305.4961     0.9867     2.4479     0.0153      0.002     -0.162     -0.235        848 9.3108e+02 0.0000e+00
     -0.164     4.6189     9.8401     76.306  20.386300     34.412      6.752   306.2911     0.9705     2.4479     0.0152      0.002     -0.162     -0.235        849 9.1480e+02 0.0000e+00
     -0.165     4.6184     9.8170     76.127  20.416441     34.460      6.752   308.7518     1.0109     2.4344     0.0152      0.002     -0.162     -0.236        850 8.6724e+02 0.0000e+00
     -0.170     4.6181     9.7923     75.936  20.376804     34.413      6.754   308.1839     1.0150     2.5150     0.0152      0.002     -0.165     -0.240        851 8.7456e+02 0.0000e+00
