Data/DataNotYetUploadedToEDI/Raw_CTD/RawDownloads/220620_fcr50.cnv
* Sea-Bird SBE19plus  Data File:
* FileName = C:\DATA\250620_fcr50_0001.hex
* Software version 2.8.0.119 SB_Terminal.dll
* Temperature SN = 7809
* Conductivity SN = 7809
* System UpLoad Time = Jun 25 2020 19:46:14
* <ApplicationData>
* <Seaterm232>
# nquan = 16
# nvalues = 2245                        
# units = specified
# name 0 = depFM: Depth [fresh water, m]
# name 1 = dz/dtM: Descent Rate [m/s]
# name 2 = sbeox0ML/L: Oxygen, SBE 43 [ml/l]
# name 3 = sbeox0PS: Oxygen, SBE 43 [% saturation]
# name 4 = specc: Specific Conductance [uS/cm]
# name 5 = c0uS/cm: Conductivity [uS/cm]
# name 6 = flECO-AFL: Fluorescence, WET Labs ECO-AFL/FL [mg/m^3]
# name 7 = ph: pH
# name 8 = orp: Oxidation Reduction Potential [mV]
# name 9 = par/sat/log: PAR/Logarithmic, Satlantic
# name 10 = turbWETntu0: Turbidity, WET Labs ECO [NTU]
# name 11 = prdM: Pressure, Strain Gauge [db]
# name 12 = prdE: Pressure, Strain Gauge [psi]
# name 13 = tv290C: Temperature [ITS-90, deg C]
# name 14 = density00: Density [density, kg/m^3]
# name 15 = flag:  0.000e+00
# span 0 =     -0.656,      9.681       
# span 1 =     -0.191,      0.222       
# span 2 =     0.0302,     7.6213       
# span 3 =      0.394,    114.939       
# span 4 =     22.751,    121.915       
# span 5 =  20.826071, 112.433174       
# span 6 =    -0.9730,     7.9689       
# span 7 =     -2.241,      8.781       
# span 8 =  -125.4102,   950.6630       
# span 9 = 1.2347e-01, 2.2013e+02       
# span 10 =    -0.3717,    16.4380      
# span 11 =     -0.644,      9.494      
# span 12 =     -0.934,     13.770      
# span 13 =     8.9316,    22.0249      
# span 14 =   997.7821,   999.8731      
# span 15 = 0.0000e+00, 0.0000e+00      
# interval = seconds: 0.25
# start_time = Jun 21 2020 19:34:20 [Instrument's time stamp, header]
# bad_flag = -9.990e-29
*END*
[from data line 1628]
      6.675      0.013     0.0420      0.592     70.903  49.150474     0.4762      6.500   -89.2123 1.2366e-01     2.6058      6.547      9.497     9.6203   999.7926 0.0000e+00
      6.675      0.013     0.0410      0.622     70.905  49.157034     0.4599      6.500   -89.2734 1.2367e-01     2.6424      6.545      9.493     9.6393   999.7909 0.0000e+00
      6.678      0.013     0.0433      0.637     70.912  49.154954     0.4565      6.500   -89.6252 1.2371e-01     2.6329      6.548      9.497     9.6473   999.7902 0.0000e+00
      6.684      0.013     0.0468      0.626     70.989  49.188829     0.4170      6.500   -89.9381 1.2374e-01     2.4900      6.555      9.508     9.6515   999.7899 0.0000e+00
      6.689      0.014     0.0454      0.596     71.110  49.249076     0.3347      6.500   -90.1309 1.2370e-01     2.3225      6.560      9.516     9.6593   999.7893 0.0000e+00
      6.691      0.016     0.0509      0.566     71.245  49.311843     0.2910      6.500   -90.3215 1.2364e-01     2.2904      6.562      9.518     9.6645   999.7889 0.0000e+00
      6.692      0.018     0.0513      0.555     71.404  49.376189     0.2978      6.501   -90.4357 1.2366e-01     2.3410      6.562      9.517     9.6617   999.7891 0.0000e+00
      6.697      0.021     0.0503      0.545     71.508  49.392007     0.2937      6.503   -90.4792 1.2371e-01     2.3854      6.567      9.525     9.6423   999.7908 0.0000e+00
      6.704      0.024     0.0479      0.540     71.565  49.376028     0.2602      6.503   -90.5893 1.2370e-01     2.3806      6.575      9.536     9.6274   999.7921 0.0000e+00
      6.711      0.026     0.0436      0.530     71.629  49.373446     0.2372      6.503   -90.7352 1.2372e-01     2.3522      6.581      9.545     9.6104   999.7936 0.0000e+00
      6.719      0.026     0.0452      0.526     71.646  49.360734     0.2339      6.503   -90.6945 1.2378e-01     2.3162      6.588      9.555     9.5754   999.7966 0.0000e+00
      6.728      0.025     0.0427      0.550     71.619  49.349318     0.2207      6.504   -90.5266 1.2374e-01     2.2552      6.597      9.569     9.5332   999.8001 0.0000e+00
      6.735      0.023     0.0436      0.580     71.609  49.362426     0.1918      6.504   -90.5982 1.2365e-01     2.1980      6.607      9.583     9.4932   999.8034 0.0000e+00
      6.739      0.021     0.0427      0.598     71.642  49.392235     0.1707      6.504   -90.8719 1.2365e-01     2.1393      6.610      9.586     9.4583   999.8064 0.0000e+00
      6.741      0.021     0.0401      0.585     71.649  49.392221     0.1652      6.504   -90.9968 1.2367e-01     2.0954      6.609      9.585     9.4339   999.8083 0.0000e+00
      6.745      0.022     0.0448      0.567     71.625  49.362254     0.1449      6.504   -90.9030 1.2371e-01     2.1474      6.614      9.592     9.4477   999.8072 0.0000e+00
      6.751      0.023     0.0459      0.563     71.631  49.347406     0.1157      6.504   -90.8572 1.2372e-01     2.2868      6.620      9.602     9.4704   999.8053 0.0000e+00
      6.759      0.025     0.0496      0.548     71.643  49.339690     0.1086      6.504   -90.9595 1.2366e-01     2.3737      6.628      9.613     9.4704   999.8054 0.0000e+00
      6.767      0.026     0.0470      0.553     71.645  49.332441     0.1060      6.504   -91.1072 1.2363e-01     2.3402      6.637      9.625     9.4682   999.8057 0.0000e+00
      6.776      0.027     0.0435      0.572     71.639  49.323256     0.0943      6.504   -91.2663 1.2367e-01     2.2592      6.646      9.639     9.4584   999.8065 0.0000e+00
      6.781      0.028     0.0474      0.555     71.610  49.292136     0.0911      6.504   -91.3348 1.2367e-01     2.2864      6.651      9.647     9.4415   999.8079 0.0000e+00
      6.784      0.028     0.0420      0.519     71.613  49.273674     0.1051      6.503   -91.4193 1.2364e-01     2.4632      6.651      9.646     9.4293   999.8089 0.0000e+00
      6.790      0.026     0.0435      0.499     71.660  49.290511     0.1206      6.503   -91.6855 1.2364e-01     2.6117      6.656      9.654     9.4244   999.8092 0.0000e+00
      6.803      0.024     0.0476      0.490     71.690  49.305187     0.1163      6.504   -91.9720 1.2365e-01     2.6058      6.673      9.678     9.4251   999.8093 0.0000e+00
      6.813      0.022     0.0450      0.499     71.721  49.324115     0.1016      6.504   -92.1297 1.2366e-01     2.4606      6.686      9.698     9.4182   999.8098 0.0000e+00
      6.816      0.019     0.0405      0.525     71.732  49.328856     0.1038      6.504   -92.2159 1.2367e-01     2.3330      6.684      9.694     9.3986   999.8115 0.0000e+00
      6.816      0.014     0.0399      0.543     71.691  49.299002     0.1234      6.504   -92.3255 1.2366e-01     2.3327      6.683      9.692     9.3851   999.8126 0.0000e+00
      6.818      0.010     0.0393      0.575     71.662  49.280663     0.1291      6.504   -92.4230 1.2366e-01     2.3546      6.688      9.700     9.3860   999.8125 0.0000e+00
      6.821      0.007     0.0383      0.615     71.685  49.297639     0.1160      6.505   -92.4475 1.2365e-01     2.2878      6.690      9.702     9.3845   999.8127 0.0000e+00
      6.823      0.007     0.0440      0.639     71.710  49.313752     0.1079      6.506   -92.5358 1.2360e-01     2.1433      6.691      9.704     9.3804   999.8130 0.0000e+00
      6.825      0.007     0.0421      0.639     71.671  49.284973     0.1075      6.506   -92.7168 1.2362e-01     2.0489      6.694      9.708     9.3801   999.8129 0.0000e+00
      6.827      0.007     0.0460      0.619     71.644  49.267179     0.1107      6.506   -92.8288 1.2363e-01     2.0398      6.695      9.710     9.3820   999.8129 0.0000e+00
      6.827      0.008     0.0500      0.584     71.665  49.289115     0.1090      6.506   -92.8575 1.2361e-01     2.0333      6.695      9.710     9.3833   999.8128 0.0000e+00
      6.828      0.010     0.0518      0.547     71.652  49.296202     0.1068      6.507   -92.8915 1.2366e-01     2.0383      6.697      9.712     9.3820   999.8128 0.0000e+00
      6.831      0.012     0.0522      0.550     71.619  49.289379     0.1122      6.508   -92.9829 1.2372e-01     2.0672      6.699      9.715     9.3800   999.8130 0.0000e+00
      6.835      0.013     0.0494      0.580     71.589  49.270134     0.1073      6.508   -93.1024 1.2374e-01     2.0733      6.703      9.721     9.3798   999.8131 0.0000e+00
      6.841      0.016     0.0482      0.585     71.574  49.254021     0.1138      6.508   -93.2169 1.2370e-01     2.1461      6.710      9.731     9.3836   999.8128 0.0000e+00
      6.846      0.020     0.0413      0.545     71.617  49.285051     0.1523      6.508   -93.2479 1.2362e-01     2.2946      6.714      9.738     9.3964   999.8118 0.0000e+00
      6.848      0.024     0.0435      0.512     71.679  49.327816     0.1824      6.509   -93.2198 1.2364e-01     2.3590      6.716      9.740     9.4147   999.8103 0.0000e+00
      6.852      0.027     0.0471      0.520     71.686  49.326570     0.1821      6.509   -93.2213 1.2371e-01     2.3406      6.717      9.744     9.4126   999.8105 0.0000e+00
      6.861      0.029     0.0491      0.525     71.689  49.333485     0.1671      6.509   -93.1803 1.2370e-01     2.3125      6.726      9.757     9.4004   999.8114 0.0000e+00
      6.874      0.032     0.0436      0.535     71.782  49.411426     0.1455      6.509   -93.2402 1.2361e-01     2.2934      6.742      9.779     9.4074   999.8110 0.0000e+00
      6.885      0.038     0.0382      0.574     71.917  49.506923     0.1213      6.509   -93.5158 1.2357e-01     2.2817      6.755      9.796     9.4103   999.8109 0.0000e+00
      6.890      0.041     0.0434      0.627     71.985  49.535584     0.1124      6.507   -93.7588 1.2360e-01     2.2740      6.756      9.799     9.3979   999.8119 0.0000e+00
      6.896      0.040     0.0413      0.639     71.966  49.503932     0.1139      6.507   -93.9411 1.2362e-01     2.2692      6.757      9.800     9.4018   999.8115 0.0000e+00
      6.911      0.037     0.0423      0.630     71.966  49.505217     0.0917      6.508   -94.1721 1.2362e-01     2.2240      6.775      9.827     9.4198   999.8102 0.0000e+00
      6.929      0.034     0.0445      0.630     72.014  49.551128     0.0547      6.509   -94.4862 1.2367e-01     2.1394      6.802      9.865     9.4246   999.8101 0.0000e+00
      6.938      0.030     0.0526      0.597     72.007  49.551027     0.0385      6.509   -94.8141 1.2375e-01     2.1048      6.808      9.874     9.4043   999.8117 0.0000e+00
      6.939      0.024     0.0522      0.563     71.947  49.504004     0.0381      6.509   -94.9526 1.2376e-01     2.1140      6.803      9.867     9.3840   999.8133 0.0000e+00
      6.941      0.017     0.0481      0.537     71.941  49.490594     0.0216      6.509   -94.9561 1.2372e-01     2.1139      6.806      9.872     9.3897   999.8128 0.0000e+00
      6.946      0.013     0.0539      0.528     71.986  49.515893    -0.0180      6.509   -95.0292 1.2368e-01     2.1371      6.812      9.881     9.4042   999.8118 0.0000e+00
      6.949      0.017     0.0461      0.574     72.053  49.555869    -0.0410      6.510   -95.3198 1.2364e-01     2.1543      6.814      9.883     9.4087   999.8114 0.0000e+00
      6.949      0.022     0.0454      0.650     72.119  49.592910    -0.0272      6.510   -95.6313 1.2363e-01     2.1511      6.815      9.884     9.4008   999.8120 0.0000e+00
      6.952      0.027     0.0429      0.669     72.114  49.582727    -0.0036      6.510   -95.6968 1.2359e-01     2.2016      6.816      9.886     9.3930   999.8126 0.0000e+00
      6.961      0.029     0.0403      0.636     72.086  49.559742    -0.0034      6.510   -95.6818 1.2357e-01     2.2494      6.824      9.897     9.3904   999.8129 0.0000e+00
      6.976      0.029     0.0442      0.629     72.101  49.569008    -0.0245      6.511   -95.7948 1.2358e-01     2.2483      6.842      9.923     9.3879   999.8132 0.0000e+00
      6.990      0.027     0.0546      0.624     72.104  49.567750    -0.0405      6.511   -96.0301 1.2361e-01     2.2563      6.857      9.947     9.3806   999.8140 0.0000e+00
      6.995      0.022     0.0565      0.575     72.081  49.544526    -0.0439      6.512   -96.2897 1.2370e-01     2.2439      6.861      9.952     9.3741   999.8145 0.0000e+00
      6.997      0.015     0.0479      0.491     72.091  49.542216    -0.0369      6.513   -96.4387 1.2377e-01     2.1673      6.861      9.951     9.3732   999.8144 0.0000e+00
      6.997      0.008     0.0512      0.438     72.093  49.539813    -0.0324      6.513   -96.4557 1.2376e-01     2.0849      6.862      9.953     9.3720   999.8146 0.0000e+00
      6.997      0.003     0.0510      0.465     72.051  49.515473    -0.0373      6.513   -96.4949 1.2378e-01     2.0719      6.862      9.952     9.3718   999.8147 0.0000e+00
      6.997      0.002     0.0479      0.542     72.014  49.501944    -0.0387      6.514   -96.5684 1.2382e-01     2.1134      6.862      9.952     9.3664   999.8150 0.0000e+00
      6.998      0.004     0.0381      0.595     71.995  49.503252    -0.0302      6.515   -96.6558 1.2377e-01     2.1394      6.863      9.953     9.3572   999.8158 0.0000e+00
      6.998      0.009     0.0321      0.564     72.020  49.531306    -0.0204      6.516   -96.8640 1.2370e-01     2.1120      6.862      9.953     9.3535   999.8161 0.0000e+00
      6.999      0.017     0.0357      0.484     72.098  49.587145    -0.0153      6.516   -96.9347 1.2369e-01     2.0912      6.863      9.955     9.3575   999.8157 0.0000e+00
      7.002      0.023     0.0441      0.473     72.136  49.606860    -0.0166      6.516   -96.7365 1.2372e-01     2.0939      6.866      9.958     9.3671   999.8150 0.0000e+00
      7.009      0.026     0.0507      0.518     72.114  49.579162    -0.0256      6.516   -96.7044 1.2378e-01     2.1102      6.869      9.964     9.3778   999.8141 0.0000e+00
      7.022      0.027     0.0479      0.509     72.123  49.569754    -0.0294      6.516   -96.9760 1.2379e-01     2.1508      6.884      9.985     9.3873   999.8134 0.0000e+00
      7.036      0.026     0.0353      0.476     72.124  49.556599    -0.0247      6.517   -97.2667 1.2371e-01     2.1391      6.905     10.013     9.3886   999.8135 0.0000e+00
      7.042      0.021     0.0346      0.472     72.124  49.547094    -0.0267      6.517   -97.3803 1.2365e-01     2.0716      6.908     10.019     9.3828   999.8140 0.0000e+00
      7.042      0.015     0.0460      0.511     72.180  49.581823    -0.0428      6.517   -97.4035 1.2365e-01     1.9865      6.904     10.014     9.3743   999.8146 0.0000e+00
      7.043      0.008     0.0405      0.572     72.205  49.595476    -0.0671      6.517   -97.3748 1.2370e-01     1.8998      6.906     10.018     9.3615   999.8157 0.0000e+00
      7.044      0.003     0.0371      0.591     72.195  49.585171    -0.0824      6.517   -97.2912 1.2376e-01     1.8818      6.908     10.020     9.3511   999.8165 0.0000e+00
      7.044      0.001     0.0368      0.568     72.190  49.584235    -0.0739      6.518   -97.4251 1.2374e-01     1.9065      6.907     10.017     9.3453   999.8169 0.0000e+00
      7.044      0.001     0.0393      0.555     72.181  49.584150    -0.0601      6.519   -97.7889 1.2372e-01     1.9243      6.907     10.019     9.3434   999.8171 0.0000e+00
      7.044      0.000     0.0482      0.565     72.170  49.584150    -0.0691      6.519   -97.9899 1.2372e-01     1.9940      6.908     10.020     9.3413   999.8173 0.0000e+00
      7.044 2.7991e-11     0.0489      0.568     72.157  49.584253    -0.0773      6.519   -97.8771 1.2374e-01     2.0966      6.907     10.018     9.3375   999.8176 0.0000e+00
      7.045 3.0790e-10     0.0448      0.547     72.142  49.585396    -0.0634      6.520   -97.7159 1.2369e-01     2.1348      6.908     10.019     9.3397   999.8174 0.0000e+00
      7.045 3.3869e-09     0.0434      0.510     72.140  49.597991    -0.0540      6.520   -97.9343 1.2368e-01     2.1126      6.909     10.020     9.3453   999.8169 0.0000e+00
      7.045 3.7256e-08     0.0459      0.501     72.140  49.609545    -0.0597      6.520   -98.3661 1.2380e-01     2.0683      6.908     10.019     9.3498   999.8166 0.0000e+00
      7.045 4.0981e-07     0.0460      0.547     72.116  49.598093    -0.0656      6.521   -98.4626 1.2382e-01     2.0110      6.909     10.020     9.3553   999.8162 0.0000e+00
      7.045      0.000     0.0447      0.578     72.100  49.586528    -0.0674      6.521   -98.3272 1.2376e-01     2.0039      6.908     10.020     9.3633   999.8155 0.0000e+00
      7.045      0.000     0.0404      0.577     72.120  49.596729    -0.0718      6.522   -98.4494 1.2378e-01     2.0854      6.908     10.020     9.3749   999.8146 0.0000e+00
      7.045      0.001     0.0369      0.605     72.128  49.594422    -0.0713      6.522   -98.9080 1.2376e-01     2.1714      6.909     10.021     9.3844   999.8139 0.0000e+00
      7.045      0.001     0.0450      0.632     72.088  49.558622    -0.0613      6.522   -99.1403 1.2369e-01     2.1510      6.909     10.020     9.3863   999.8137 0.0000e+00
      7.045      0.001     0.0485      0.630     72.075  49.544883    -0.0563      6.521   -99.0208 1.2364e-01     2.0800      6.909     10.020     9.3863   999.8137 0.0000e+00
      7.046      0.001     0.0436      0.619     72.081  49.555316    -0.0581      6.521   -99.0112 1.2364e-01     2.1360      6.909     10.021     9.3838   999.8139 0.0000e+00
      7.046      0.001     0.0489      0.599     72.055  49.557762    -0.0638      6.522   -99.0252 1.2366e-01     2.2794      6.910     10.022     9.3774   999.8143 0.0000e+00
      7.046      0.002     0.0524      0.601     72.041  49.574481    -0.0687      6.524   -98.9315 1.2368e-01     2.3377      6.909     10.021     9.3712   999.8149 0.0000e+00
