Data/DataNotYetUploadedToEDI/Raw_CTD/RawDownloads/220620_fcr50.cnv
* Sea-Bird SBE19plus  Data File:
* FileName = C:\DATA\250620_fcr50_0001.hex
* Software version 2.8.0.119 SB_Terminal.dll
* Temperature SN = 7809
* Conductivity SN = 7809
* System UpLoad Time = Jun 25 2020 19:46:14
* <ApplicationData>
* <Seaterm232>
# nquan = 16
# nvalues = 2245                        
# units = specified
# name 0 = depFM: Depth [fresh water, m]
# name 1 = dz/dtM: Descent Rate [m/s]
# name 2 = sbeox0ML/L: Oxygen, SBE 43 [ml/l]
# name 3 = sbeox0PS: Oxygen, SBE 43 [% saturation]
# name 4 = specc: Specific Conductance [uS/cm]
# name 5 = c0uS/cm: Conductivity [uS/cm]
# name 6 = flECO-AFL: Fluorescence, WET Labs ECO-AFL/FL [mg/m^3]
# name 7 = ph: pH
# name 8 = orp: Oxidation Reduction Potential [mV]
# name 9 = par/sat/log: PAR/Logarithmic, Satlantic
# name 10 = turbWETntu0: Turbidity, WET Labs ECO [NTU]
# name 11 = prdM: Pressure, Strain Gauge [db]
# name 12 = prdE: Pressure, Strain Gauge [psi]
# name 13 = tv290C: Temperature [ITS-90, deg C]
# name 14 = density00: Density [density, kg/m^3]
# name 15 = flag:  0.000e+00
# span 0 =     -0.656,      9.681       
# span 1 =     -0.191,      0.222       
# span 2 =     0.0302,     7.6213       
# span 3 =      0.394,    114.939       
# span 4 =     22.751,    121.915       
# span 5 =  20.826071, 112.433174       
# span 6 =    -0.9730,     7.9689       
# span 7 =     -2.241,      8.781       
# span 8 =  -125.4102,   950.6630       
# span 9 = 1.2347e-01, 2.2013e+02       
# span 10 =    -0.3717,    16.4380      
# span 11 =     -0.644,      9.494      
# span 12 =     -0.934,     13.770      
# span 13 =     8.9316,    22.0249      
# span 14 =   997.7821,   999.8731      
# span 15 = 0.0000e+00, 0.0000e+00      
# interval = seconds: 0.25
# start_time = Jun 21 2020 19:34:20 [Instrument's time stamp, header]
# bad_flag = -9.990e-29
*END*
[from data line 543]
      1.763      0.024     6.8333     99.951     29.191  24.315512     6.6119      7.106   222.7434 2.5274e+01     8.9935      1.727      2.506    16.6986   998.8505 0.0000e+00
      1.773      0.026     6.8282     99.826     29.214  24.333217     6.6301      7.109   222.3038 2.4972e+01     8.9893      1.741      2.525    16.6971   998.8508 0.0000e+00
      1.781      0.026     6.8261     99.689     29.236  24.350408     6.8584      7.116   221.3399 2.4849e+01     9.0616      1.749      2.537    16.6783   998.8540 0.0000e+00
      1.785      0.026     6.8187     99.502     29.221  24.333103     7.2747      7.122   220.8969 2.4773e+01     9.2499      1.750      2.539    16.6495   998.8590 0.0000e+00
      1.789      0.024     6.8089     99.263     29.203  24.314243     7.4951      7.124   220.9915 2.4602e+01     9.3776      1.753      2.544    16.6401   998.8606 0.0000e+00
      1.796      0.021     6.8013     98.994     29.206  24.312637     7.5206      7.123   221.1065 2.4335e+01     9.4036      1.760      2.553    16.6442   998.8599 0.0000e+00
      1.804      0.019     6.7933     98.723     29.213  24.313677     7.5928      7.122   221.1687 2.4096e+01     9.3923      1.769      2.566    16.6429   998.8602 0.0000e+00
      1.810      0.019     6.7819     98.444     29.232  24.326805     7.7092      7.123   221.3134 2.3966e+01     9.3792      1.776      2.576    16.6321   998.8620 0.0000e+00
      1.814      0.018     6.7664     98.116     29.252  24.344520     7.7747      7.123   221.6524 2.3908e+01     9.3819      1.779      2.581    16.6233   998.8636 0.0000e+00
      1.816      0.015     6.7478     97.759     29.248  24.337602     7.7838      7.122   221.7396 2.3869e+01     9.3899      1.781      2.583    16.6193   998.8643 0.0000e+00
      1.818      0.013     6.7301     97.417     29.226  24.306573     7.8288      7.122   221.5071 2.3772e+01     9.4767      1.782      2.584    16.6099   998.8658 0.0000e+00
      1.822      0.013     6.7149     97.099     29.221  24.286458     7.9186      7.123   221.4223 2.3634e+01     9.6080      1.787      2.591    16.6021   998.8672 0.0000e+00
      1.826      0.014     6.6900     96.819     29.234  24.284636     7.9634      7.123   221.3176 2.3548e+01     9.6724      1.792      2.600    16.6091   998.8661 0.0000e+00
      1.829      0.014     6.6641     96.616     29.246  24.284523     7.9689      7.123   221.0150 2.3467e+01     9.7060      1.794      2.602    16.6113   998.8656 0.0000e+00
      1.832      0.014     6.6451     96.496     29.257  24.285079     7.9382      7.123   221.0330 2.3332e+01     9.7734      1.796      2.605    16.5823   998.8705 0.0000e+00
      1.837      0.015     6.6279     96.407     29.272  24.291358     7.8591      7.122   221.8793 2.3209e+01     9.8694      1.802      2.613    16.5480   998.8764 0.0000e+00
      1.841      0.017     6.6100     96.317     29.287  24.297001     7.7956      7.114   222.9888 2.3156e+01     9.9063      1.806      2.619    16.5293   998.8795 0.0000e+00
      1.843      0.020     6.5977     96.203     29.286  24.289885     7.7707      7.105   223.2622 2.3107e+01     9.9093      1.807      2.621    16.5133   998.8823 0.0000e+00
      1.846      0.024     6.5941     96.036     29.264  24.268729     7.8056      7.099   222.8621 2.2900e+01    10.0442      1.809      2.623    16.4979   998.8849 0.0000e+00
      1.854      0.028     6.5895     95.798     29.217  24.231472     7.8837      7.088   222.6241 2.2624e+01    10.2669      1.819      2.638    16.4890   998.8864 0.0000e+00
      1.862      0.031     6.5853     95.490     29.199  24.219940     7.9237      7.073   222.3641 2.2426e+01    10.3704      1.827      2.651    16.4787   998.8881 0.0000e+00
      1.871      0.031     6.5804     95.141     29.240  24.256148     7.9174      7.066   221.9546 2.2077e+01    10.3677      1.832      2.657    16.4624   998.8909 0.0000e+00
      1.884      0.028     6.5706     94.828     29.276  24.288729     7.9030      7.068   222.4912 2.1684e+01    10.3382      1.849      2.680    16.4566   998.8920 0.0000e+00
      1.894      0.023     6.5526     94.561     29.281  24.296771     7.7967      7.075   223.7771 2.1548e+01    10.2535      1.861      2.698    16.4639   998.8908 0.0000e+00
      1.898      0.020     6.5314     94.306     29.269  24.289963     7.5958      7.085   224.4236 2.1531e+01    10.1668      1.861      2.699    16.4708   998.8896 0.0000e+00
      1.898      0.020     6.5032     94.098     29.246  24.269845     7.4771      7.093   224.4571 2.1519e+01    10.1139      1.862      2.700    16.4745   998.8890 0.0000e+00
      1.898      0.021     6.4817     93.963     29.220  24.243794     7.4572      7.089   224.3546 2.1505e+01    10.0952      1.862      2.700    16.4759   998.8888 0.0000e+00
      1.901      0.024     6.4647     93.863     29.205  24.228662     7.4321      7.084   223.9591 2.1337e+01    10.0779      1.862      2.700    16.4859   998.8872 0.0000e+00
      1.910      0.027     6.4437     93.743     29.180  24.213718     7.3733      7.085   223.2881 2.0952e+01    10.0079      1.871      2.714    16.4924   998.8860 0.0000e+00
      1.925      0.030     6.4296     93.582     29.139  24.189959     7.3284      7.091   222.8668 2.0635e+01     9.9361      1.890      2.742    16.4909   998.8864 0.0000e+00
      1.935      0.031     6.4221     93.341     29.144  24.195095     7.3184      7.096   223.2532 2.0505e+01     9.8957      1.899      2.755    16.4814   998.8881 0.0000e+00
      1.940      0.030     6.4199     92.966     29.174  24.212391     7.2899      7.099   224.3458 2.0357e+01     9.8972      1.901      2.756    16.4665   998.8905 0.0000e+00
      1.945      0.027     6.4089     92.517     29.171  24.208816     7.2410      7.103   225.1507 2.0125e+01     9.9200      1.907      2.765    16.4836   998.8877 0.0000e+00
      1.953      0.023     6.3943     92.052     29.175  24.215296     7.2143      7.107   225.3275 1.9916e+01     9.8967      1.916      2.779    16.5122   998.8829 0.0000e+00
      1.960      0.020     6.3817     91.559     29.195  24.227318     7.1959      7.112   225.2782 1.9808e+01     9.8558      1.923      2.790    16.5117   998.8831 0.0000e+00
      1.964      0.019     6.3562     91.095     29.210  24.227319     7.1522      7.117   225.2439 1.9706e+01     9.8719      1.925      2.792    16.4855   998.8874 0.0000e+00
      1.968      0.018     6.3231     90.708     29.208  24.215298     7.0952      7.125   225.3429 1.9578e+01     9.9202      1.930      2.799    16.4857   998.8874 0.0000e+00
      1.972      0.020     6.2918     90.408     29.208  24.208809     7.0703      7.131   225.1852 1.9510e+01     9.9582      1.935      2.806    16.5068   998.8840 0.0000e+00
      1.974      0.023     6.2563     90.192     29.229  24.212271     7.0702      7.131   224.8002 1.9444e+01     9.9539      1.936      2.807    16.4918   998.8864 0.0000e+00
      1.978      0.026     6.2277     90.002     29.237  24.193711     7.0557      7.128   224.8164 1.9271e+01     9.9717      1.938      2.811    16.4640   998.8912 0.0000e+00
      1.987      0.029     6.2041     89.794     29.241  24.174636     6.9906      7.128   225.0372 1.8940e+01    10.1042      1.947      2.822    16.4445   998.8945 0.0000e+00
      1.999      0.031     6.1827     89.576     29.255  24.171877     6.8842      7.130   225.2332 1.8614e+01    10.1823      1.962      2.845    16.4434   998.8946 0.0000e+00
      2.009      0.032     6.1721     89.296     29.255  24.160338     6.8185      7.134   225.5513 1.8462e+01    10.1272      1.972      2.862    16.4272   998.8974 0.0000e+00
      2.015      0.033     6.1691     88.902     29.271  24.161947     6.8160      7.137   225.6141 1.8332e+01    10.0894      1.975      2.865    16.3655   998.9078 0.0000e+00
      2.021      0.033     6.1579     88.402     29.322  24.191309     6.9496      7.132   224.9602 1.8154e+01    10.2409      1.982      2.874    16.3254   998.9144 0.0000e+00
      2.029      0.032     6.1471     87.782     29.344  24.198238     7.1943      7.124   224.0120 1.7968e+01    10.5167      1.989      2.886    16.3101   998.9171 0.0000e+00
      2.038      0.031     6.1335     87.083     29.328  24.182284     7.3231      7.119   223.7850 1.7703e+01    10.6435      1.998      2.897    16.2874   998.9208 0.0000e+00
      2.049      0.028     6.1054     86.373     29.322  24.188678     7.3148      7.118   224.1080 1.7429e+01    10.6405      2.012      2.917    16.2721   998.9234 0.0000e+00
      2.059      0.023     6.0773     85.674     29.323  24.212133     7.1796      7.119   224.6490 1.7271e+01    10.6871      2.021      2.932    16.2483   998.9275 0.0000e+00
      2.064      0.018     6.0358     84.990     29.300  24.212227     6.9475      7.122   225.4212 1.7207e+01    10.7948      2.024      2.936    16.2205   998.9320 0.0000e+00
      2.065      0.012     5.9867     84.342     29.265  24.189835     6.8157      7.124   225.7879 1.7197e+01    10.8437      2.026      2.938    16.2147   998.9330 0.0000e+00
      2.066      0.007     5.9352     83.780     29.275  24.195086     6.7978      7.127   225.1240 1.7206e+01    10.7978      2.026      2.938    16.2338   998.9299 0.0000e+00
      2.067      0.004     5.8810     83.389     29.308  24.212291     6.8259      7.129   223.9332 1.7209e+01    10.7556      2.027      2.939    16.2837   998.9216 0.0000e+00
      2.067      0.003     5.8288     83.275     29.322  24.207576     6.8884      7.129   223.5227 1.7184e+01    10.7795      2.027      2.939    16.3244   998.9148 0.0000e+00
      2.068      0.002     5.7817     83.358     29.336  24.201479     6.9349      7.129   223.6011 1.7139e+01    10.8464      2.027      2.939    16.3309   998.9137 0.0000e+00
      2.069      0.002     5.7436     83.494     29.353  24.201970     6.9492      7.129   223.5911 1.7126e+01    10.8776      2.029      2.942    16.3241   998.9149 0.0000e+00
      2.070      0.002     5.7129     83.683     29.373  24.213502     6.9944      7.129   224.0898 1.7136e+01    10.8471      2.030      2.944    16.3066   998.9178 0.0000e+00
      2.070      0.002     5.7122     83.899     29.366  24.214059     7.0810      7.130   224.8123 1.7123e+01    10.8218      2.030      2.944    16.2753   998.9230 0.0000e+00
      2.070      0.002     5.7284     84.098     29.349  24.208711     7.1283      7.133   224.4969 1.7103e+01    10.8462      2.030      2.944    16.2424   998.9284 0.0000e+00
      2.070      0.004     5.7377     84.298     29.346  24.212273     7.1377      7.134   223.4604 1.7098e+01    10.9018      2.030      2.944    16.2141   998.9331 0.0000e+00
      2.070      0.011     5.7533     84.475     29.315  24.193718     7.1365      7.134   223.0357 1.7097e+01    10.9453      2.030      2.944    16.2048   998.9347 0.0000e+00
      2.070      0.024     5.7682     84.629     29.287  24.174631     7.0756      7.129   223.1470 1.7074e+01    11.0964      2.030      2.944    16.2254   998.9313 0.0000e+00
      2.072      0.036     5.7766     84.782     29.301  24.171766     6.9827      7.114   223.3435 1.6954e+01    11.3903      2.031      2.945    16.2428   998.9284 0.0000e+00
      2.081      0.045     5.7925     84.874     29.321  24.159067     6.9378      7.099   223.6910 1.6523e+01    11.5459      2.035      2.951    16.2472   998.9276 0.0000e+00
      2.103      0.049     5.8032     84.827     29.336  24.147888     6.9147      7.091   224.0793 1.5825e+01    11.5360      2.059      2.987    16.2583   998.9259 0.0000e+00
      2.129      0.049     5.8082     84.534     29.368  24.163423     6.8083      7.091   224.3385 1.5367e+01    11.4771      2.093      3.036    16.2831   998.9220 0.0000e+00
      2.144      0.048     5.8252     83.880     29.370  24.156610     6.6339      7.092   224.4150 1.5279e+01    11.3831      2.108      3.057    16.2589   998.9260 0.0000e+00
      2.149      0.044     5.8416     82.865     29.347  24.128927     6.5420      7.087   224.2300 1.5257e+01    11.3253      2.108      3.057    16.1830   998.9386 0.0000e+00
      2.150      0.039     5.8455     81.625     29.377  24.145816     6.5365      7.077   223.9957 1.5180e+01    11.2935      2.107      3.057    16.1465   998.9446 0.0000e+00
      2.155      0.037     5.8308     80.354     29.417  24.170533     6.5192      7.075   223.9044 1.4939e+01    11.3422      2.110      3.060    16.1360   998.9463 0.0000e+00
      2.170      0.042     5.7875     79.214     29.435  24.174080     6.4851      7.076   223.9014 1.4587e+01    11.5026      2.127      3.085    16.1197   998.9490 0.0000e+00
      2.185      0.049     5.7154     78.229     29.482  24.188686     6.4773      7.073   223.9591 1.4360e+01    11.6187      2.146      3.113    16.1076   998.9512 0.0000e+00
      2.196      0.054     5.6268     77.328     29.564  24.220264     6.4920      7.067   224.5156 1.4108e+01    11.6470      2.151      3.120    16.0911   998.9539 0.0000e+00
      2.209      0.056     5.5362     76.528     29.625  24.238729     6.5103      7.064   225.4679 1.3684e+01    11.7768      2.163      3.138    16.0776   998.9561 0.0000e+00
      2.228      0.054     5.4577     75.874     29.628  24.221645     6.5271      7.063   225.8359 1.3325e+01    12.0553      2.187      3.172    16.0701   998.9575 0.0000e+00
      2.244      0.051     5.3982     75.209     29.622  24.203941     6.5324      7.060   225.6969 1.3107e+01    12.2329      2.203      3.195    16.0297   998.9642 0.0000e+00
      2.255      0.047     5.3441     74.362     29.645  24.214922     6.5364      7.057   225.5943 1.2882e+01    12.2414      2.210      3.206    15.9531   998.9767 0.0000e+00
      2.266      0.041     5.2907     73.373     29.664  24.227561     6.5754      7.059   225.4553 1.2648e+01    12.1586      2.222      3.223    15.8963   998.9859 0.0000e+00
      2.277      0.036     5.2548     72.363     29.668  24.229906     6.6421      7.064   225.2205 1.2500e+01    12.0556      2.235      3.242    15.8684   998.9904 0.0000e+00
      2.284      0.032     5.2172     71.414     29.686  24.243276     6.6753      7.068   225.1642 1.2420e+01    12.0262      2.241      3.251    15.8488   998.9935 0.0000e+00
      2.289      0.027     5.1570     70.587     29.716  24.262375     6.6808      7.072   225.8933 1.2312e+01    12.0430      2.244      3.255    15.8352   998.9957 0.0000e+00
      2.297      0.022     5.0858     69.937     29.737  24.270564     6.6806      7.077   227.1532 1.2144e+01    12.0528      2.251      3.265    15.8302   998.9967 0.0000e+00
      2.305      0.019     5.0138     69.489     29.761  24.278847     6.6730      7.083   227.7495 1.2023e+01    11.9731      2.262      3.281    15.8320   998.9964 0.0000e+00
      2.310      0.021     4.9469     69.241     29.793  24.299091     6.6648      7.088   227.5102 1.2008e+01    11.8351      2.267      3.288    15.8307   998.9966 0.0000e+00
      2.311      0.026     4.8885     69.151     29.823  24.325057     6.6570      7.090   227.0138 1.2012e+01    11.7912      2.266      3.287    15.8239   998.9977 0.0000e+00
      2.312      0.031     4.8450     69.125     29.840  24.339113     6.6643      7.086   226.7383 1.1957e+01    11.8204      2.267      3.286    15.8056   999.0006 0.0000e+00
      2.318      0.035     4.8161     69.093     29.850  24.342207     6.6769      7.081   226.7595 1.1716e+01    12.0504      2.268      3.289    15.7834   999.0042 0.0000e+00
      2.334      0.037     4.8010     69.058     29.882  24.362451     6.6764      7.079   227.2706 1.1324e+01    12.4780      2.288      3.318    15.7706   999.0064 0.0000e+00
      2.353      0.037     4.7963     68.964     29.933  24.393610     6.6679      7.082   228.1847 1.1068e+01    12.6993      2.313      3.354    15.7811   999.0049 0.0000e+00
