Data/DataNotYetUploadedToEDI/Raw_CTD/RawDownloads/220620_fcr50.cnv
* Sea-Bird SBE19plus  Data File:
* FileName = C:\DATA\250620_fcr50_0001.hex
* Software version 2.8.0.119 SB_Terminal.dll
* Temperature SN = 7809
* Conductivity SN = 7809
* System UpLoad Time = Jun 25 2020 19:46:14
* <ApplicationData>
* <Seaterm232>
# nquan = 16
# nvalues = 2245                        
# units = specified
# name 0 = depFM: Depth [fresh water, m]
# name 1 = dz/dtM: Descent Rate [m/s]
# name 2 = sbeox0ML/L: Oxygen, SBE 43 [ml/l]
# name 3 = sbeox0PS: Oxygen, SBE 43 [% saturation]
# name 4 = specc: Specific Conductance [uS/cm]
# name 5 = c0uS/cm: Conductivity [uS/cm]
# name 6 = flECO-AFL: Fluorescence, WET Labs ECO-AFL/FL [mg/m^3]
# name 7 = ph: pH
# name 8 = orp: Oxidation Reduction Potential [mV]
# name 9 = par/sat/log: PAR/Logarithmic, Satlantic
# name 10 = turbWETntu0: Turbidity, WET Labs ECO [NTU]
# name 11 = prdM: Pressure, Strain Gauge [db]
# name 12 = prdE: Pressure, Strain Gauge [psi]
# name 13 = tv290C: Temperature [ITS-90, deg C]
# name 14 = density00: Density [density, kg/m^3]
# name 15 = flag:  0.000e+00
# span 0 =     -0.656,      9.681       
# span 1 =     -0.191,      0.222       
# span 2 =     0.0302,     7.6213       
# span 3 =      0.394,    114.939       
# span 4 =     22.751,    121.915       
# span 5 =  20.826071, 112.433174       
# span 6 =    -0.9730,     7.9689       
# span 7 =     -2.241,      8.781       
# span 8 =  -125.4102,   950.6630       
# span 9 = 1.2347e-01, 2.2013e+02       
# span 10 =    -0.3717,    16.4380      
# span 11 =     -0.644,      9.494      
# span 12 =     -0.934,     13.770      
# span 13 =     8.9316,    22.0249      
# span 14 =   997.7821,   999.8731      
# span 15 = 0.0000e+00, 0.0000e+00      
# interval = seconds: 0.25
# start_time = Jun 21 2020 19:34:20 [Instrument's time stamp, header]
# bad_flag = -9.990e-29
*END*
[from data line 1266]
      4.843      0.016     0.0505      0.667     65.438  47.024233     1.9950      6.460    12.4711 2.0909e-01     3.6925      4.748      6.886    10.9734   999.6573 0.0000e+00
      4.847      0.013     0.0544      0.648     65.571  47.087031     2.0403      6.459    12.2765 2.1313e-01     3.6677      4.754      6.894    10.9843   999.6563 0.0000e+00
      4.850      0.011     0.0536      0.646     65.571  47.056923     2.1413      6.458    11.6856 2.1577e-01     3.5780      4.757      6.900    10.9812   999.6568 0.0000e+00
      4.852      0.010     0.0526      0.641     65.554  47.041142     2.1955      6.458    10.7475 2.1163e-01     3.5007      4.757      6.899    10.9498   999.6600 0.0000e+00
      4.854      0.010     0.0522      0.615     65.588  47.086710     2.1902      6.457    10.4840 1.9734e-01     3.4538      4.761      6.904    10.9287   999.6622 0.0000e+00
      4.858      0.009     0.0488      0.588     65.583  47.099946     2.2112      6.457    10.8237 1.8595e-01     3.4577      4.764      6.910    10.9056   999.6645 0.0000e+00
      4.860      0.009     0.0503      0.591     65.548  47.074204     2.2773      6.457    10.6386 1.9459e-01     3.5128      4.765      6.911    10.8684   999.6682 0.0000e+00
      4.862      0.010     0.0506      0.608     65.586  47.092940     2.3223      6.457     9.6231 2.0956e-01     3.5374      4.767      6.914    10.8688   999.6683 0.0000e+00
      4.865      0.011     0.0478      0.613     65.654  47.135987     2.3264      6.457     8.1811 2.1745e-01     3.5152      4.772      6.920    10.8958   999.6656 0.0000e+00
      4.866      0.012     0.0441      0.609     65.679  47.150206     2.2791      6.457     7.3996 2.1055e-01     3.4499      4.773      6.922    10.9130   999.6639 0.0000e+00
      4.869      0.015     0.0453      0.600     65.674  47.137863     2.1888      6.458     7.3159 1.9056e-01     3.3998      4.772      6.923    10.9083   999.6642 0.0000e+00
      4.874      0.017     0.0478      0.608     65.659  47.113738     2.1409      6.458     6.7384 1.8252e-01     3.4593      4.779      6.932    10.8963   999.6655 0.0000e+00
      4.879      0.018     0.0471      0.632     65.679  47.112478     2.1389      6.458     5.5797 1.9083e-01     3.5165      4.786      6.941    10.8953   999.6657 0.0000e+00
      4.884      0.018     0.0480      0.645     65.717  47.122611     2.1352      6.458     4.3191 1.9857e-01     3.4739      4.790      6.947    10.8932   999.6660 0.0000e+00
      4.890      0.018     0.0454      0.641     65.728  47.109238     2.1534      6.458     3.7142 1.9913e-01     3.4243      4.796      6.956    10.8867   999.6667 0.0000e+00
      4.895      0.017     0.0464      0.631     65.722  47.077755     2.2073      6.458     3.7722 1.9735e-01     3.4316      4.801      6.963    10.8763   999.6677 0.0000e+00
      4.899      0.016     0.0494      0.613     65.735  47.059407     2.2524      6.458     3.4711 1.9729e-01     3.4940      4.803      6.966    10.8628   999.6690 0.0000e+00
      4.902      0.016     0.0507      0.607     65.805  47.077857     2.2691      6.458     2.7415 1.9837e-01     3.5602      4.807      6.972    10.8518   999.6701 0.0000e+00
      4.905      0.015     0.0493      0.619     65.897  47.110310     2.2566      6.458     1.9194 1.9741e-01     3.5465      4.810      6.977    10.8360   999.6717 0.0000e+00
      4.909      0.015     0.0494      0.616     65.962  47.134280     2.2247      6.459     1.1027 1.8640e-01     3.4660      4.813      6.981    10.8115   999.6741 0.0000e+00
      4.914      0.015     0.0472      0.590     65.952  47.113664     2.1986      6.460     0.5247 1.8350e-01     3.4447      4.821      6.992    10.7932   999.6760 0.0000e+00
      4.918      0.014     0.0459      0.572     65.891  47.051512     2.1896      6.459     0.1789 1.9617e-01     3.4951      4.825      6.998    10.7717   999.6782 0.0000e+00
      4.921      0.012     0.0491      0.587     65.863  47.017738     2.1635      6.459    -0.1527 1.9429e-01     3.4916      4.824      6.997    10.7373   999.6815 0.0000e+00
      4.925      0.010     0.0483      0.612     65.872  47.022771     2.1019      6.459    -0.8169 1.7959e-01     3.4364      4.829      7.004    10.7218   999.6832 0.0000e+00
      4.928      0.008     0.0461      0.640     65.892  47.048867     2.0653      6.459    -1.5717 1.7934e-01     3.4112      4.833      7.010    10.7198   999.6834 0.0000e+00
      4.929      0.006     0.0422      0.652     65.903  47.079300     2.0541      6.459    -1.7931 1.8642e-01     3.4267      4.833      7.009    10.6988   999.6854 0.0000e+00
      4.930      0.004     0.0463      0.632     65.874  47.073275     1.9954      6.458    -1.6871 1.8794e-01     3.4524      4.835      7.013    10.6866   999.6865 0.0000e+00
      4.930      0.002     0.0470      0.614     65.831  47.039539     1.8986      6.458    -1.5804 1.8725e-01     3.4474      4.835      7.013    10.6872   999.6865 0.0000e+00
      4.930      0.001     0.0498      0.592     65.872  47.052368     1.8470      6.458    -2.0520 1.8192e-01     3.4353      4.835      7.012    10.6938   999.6858 0.0000e+00
      4.930      0.001     0.0529      0.560     65.971  47.101383     1.8388      6.458    -3.0010 1.7720e-01     3.4087      4.835      7.013    10.7198   999.6834 0.0000e+00
      4.930      0.001     0.0477      0.536     66.023  47.124187     1.7615      6.458    -3.1600 1.7715e-01     3.3322      4.835      7.012    10.7324   999.6821 0.0000e+00
      4.931      0.001     0.0483      0.528     66.047  47.137590     1.6090      6.458    -2.6842 1.8007e-01     3.2999      4.835      7.014    10.7285   999.6824 0.0000e+00
      4.931      0.001     0.0465      0.536     66.046  47.136443     1.5200      6.458    -2.3243 1.8295e-01     3.2927      4.836      7.015    10.7146   999.6838 0.0000e+00
      4.931      0.000     0.0430      0.556     66.017  47.110318     1.5155      6.459    -2.6804 1.8052e-01     3.2456      4.836      7.014    10.6927   999.6860 0.0000e+00
      4.931 1.9181e-08     0.0414      0.592     65.984  47.075693     1.5259      6.459    -3.8059 1.7753e-01     3.2452      4.836      7.014    10.6814   999.6871 0.0000e+00
      4.931 2.1099e-07     0.0404      0.632     65.940  47.035255     1.5408      6.459    -4.4896 1.8461e-01     3.3224      4.836      7.014    10.6812   999.6872 0.0000e+00
      4.931 2.7179e-07     0.0415      0.653     65.896  47.002340     1.5714      6.459    -4.4091 1.9535e-01     3.4226      4.836      7.014    10.6843   999.6869 0.0000e+00
      4.931 7.5441e-07     0.0425      0.649     65.882  46.995192     1.6009      6.459    -4.4671 1.9559e-01     3.4956      4.836      7.014    10.6796   999.6873 0.0000e+00
      4.932      0.000     0.0460      0.644     65.904  47.012327     1.6114      6.459    -5.1048 1.8861e-01     3.5526      4.836      7.015    10.6685   999.6884 0.0000e+00
      4.932      0.000     0.0498      0.649     65.919  47.019046     1.6214      6.460    -5.6668 1.9145e-01     3.5633      4.836      7.015    10.6609   999.6891 0.0000e+00
      4.932      0.001     0.0517      0.624     65.930  47.012931     1.6461      6.460    -5.8418 2.0313e-01     3.4881      4.836      7.015    10.6603   999.6892 0.0000e+00
      4.932      0.006     0.0507      0.583     65.944  47.001862     1.6707      6.460    -6.1872 2.0945e-01     3.4323      4.836      7.015    10.6634   999.6888 0.0000e+00
      4.932      0.018     0.0487      0.573     65.977  47.012186     1.6809      6.457    -7.0038 2.1008e-01     3.4728      4.836      7.015    10.6669   999.6885 0.0000e+00
      4.932      0.038     0.0522      0.578     66.081  47.074248     1.6462      6.455    -8.0579 1.9553e-01     3.4970      4.837      7.016    10.6638   999.6888 0.0000e+00
      4.935      0.058     0.0495      0.587     66.201  47.117288     1.5653      6.453    -9.3817 1.6648e-01     3.4493      4.837      7.015    10.6544   999.6897 0.0000e+00
      4.950      0.072     0.0434      0.598     66.241  47.088056     1.5233      6.451   -11.0501 1.4813e-01     3.4456      4.843      7.025    10.6315   999.6919 0.0000e+00
      4.987      0.077     0.0446      0.596     66.225  47.038217     1.5285      6.450   -12.4854 1.4581e-01     3.4864      4.886      7.087    10.6200   999.6932 0.0000e+00
      5.029      0.076     0.0450      0.609     66.221  47.022616     1.4859      6.450   -13.0562 1.4816e-01     3.4282      4.943      7.169    10.6299   999.6926 0.0000e+00
      5.051      0.067     0.0449      0.639     66.216  47.026403     1.3897      6.450   -13.2192 1.4762e-01     3.2917      4.961      7.195    10.5898   999.6966 0.0000e+00
      5.055      0.051     0.0482      0.659     66.169  47.020513     1.3281      6.449   -14.1127 1.4544e-01     3.2082      4.956      7.187    10.5297   999.7023 0.0000e+00
      5.059      0.031     0.0454      0.657     66.111  47.014923     1.3227      6.448   -15.4262 1.4319e-01     3.2087      4.960      7.194    10.5062   999.7046 0.0000e+00
      5.064      0.015     0.0470      0.641     66.079  47.022359     1.3824      6.449   -15.7657 1.4079e-01     3.2635      4.967      7.204    10.4963   999.7056 0.0000e+00
      5.066      0.007     0.0504      0.639     66.085  47.046959     1.4871      6.449   -15.4629 1.4407e-01     3.2874      4.968      7.206    10.5012   999.7051 0.0000e+00
      5.066      0.005     0.0520      0.644     66.086  47.058397     1.5304      6.450   -15.8096 1.4871e-01     3.2570      4.968      7.206    10.5257   999.7027 0.0000e+00
      5.066      0.003     0.0522      0.644     66.046  47.033679     1.5146      6.451   -16.5157 1.4774e-01     3.2052      4.968      7.206    10.5572   999.6997 0.0000e+00
      5.067      0.001     0.0486      0.638     65.996  47.002079     1.5250      6.452   -17.2894 1.4576e-01     3.1758      4.969      7.207    10.5810   999.6974 0.0000e+00
      5.067      0.001     0.0500      0.642     65.975  46.993802     1.5607      6.452   -17.6792 1.4618e-01     3.2103      4.969      7.207    10.5952   999.6961 0.0000e+00
      5.067      0.001     0.0499      0.636     65.966  46.997104     1.5844      6.452   -17.1851 1.4508e-01     3.2443      4.968      7.206    10.6044   999.6952 0.0000e+00
      5.067      0.001     0.0511      0.609     65.925  46.978516     1.5914      6.453   -16.9079 1.4559e-01     3.2097      4.969      7.208    10.6039   999.6952 0.0000e+00
      5.067      0.001     0.0487      0.605     65.884  46.959560     1.5880      6.453   -17.4250 1.5254e-01     3.1353      4.969      7.208    10.6056   999.6951 0.0000e+00
      5.067      0.001     0.0502      0.619     65.871  46.958404     1.6011      6.453   -18.1881 1.5698e-01     3.1007      4.969      7.208    10.6128   999.6944 0.0000e+00
      5.067      0.003     0.0514      0.624     65.874  46.964545     1.6351      6.454   -18.5631 1.5591e-01     3.1349      4.970      7.208    10.6180   999.6939 0.0000e+00
      5.067      0.006     0.0455      0.635     65.885  46.970318     1.6546      6.455   -18.5183 1.5354e-01     3.1705      4.969      7.208    10.6283   999.6929 0.0000e+00
      5.068      0.008     0.0467      0.655     65.888  46.964704     1.6557      6.455   -18.6786 1.5031e-01     3.1544      4.970      7.208    10.6366   999.6921 0.0000e+00
      5.070      0.009     0.0491      0.662     65.888  46.960162     1.6687      6.456   -19.2109 1.4853e-01     3.1462      4.970      7.208    10.6421   999.6915 0.0000e+00
      5.075      0.009     0.0480      0.669     65.914  46.978882     1.6974      6.456   -19.8783 1.4543e-01     3.1735      4.977      7.219    10.6474   999.6910 0.0000e+00
      5.080      0.009     0.0486      0.663     65.946  47.000565     1.7165      6.457   -20.4663 1.3814e-01     3.2095      4.985      7.229    10.6453   999.6912 0.0000e+00
      5.082      0.011     0.0522      0.611     65.999  47.031839     1.7277      6.457   -20.8140 1.3415e-01     3.2380      4.984      7.228    10.6363   999.6921 0.0000e+00
      5.082      0.016     0.0511      0.565     66.117  47.103029     1.7192      6.457   -21.0711 1.3733e-01     3.2095      4.983      7.228    10.6317   999.6926 0.0000e+00
      5.083      0.024     0.0518      0.569     66.231  47.162852     1.6795      6.457   -21.4239 1.4050e-01     3.1738      4.985      7.230    10.6342   999.6924 0.0000e+00
      5.085      0.033     0.0542      0.587     66.287  47.183673     1.6488      6.456   -22.2407 1.4306e-01     3.1844      4.985      7.230    10.6358   999.6922 0.0000e+00
      5.094      0.040     0.0474      0.621     66.265  47.164265     1.6527      6.456   -23.2892 1.4618e-01     3.2000      4.992      7.240    10.6287   999.6930 0.0000e+00
      5.113      0.042     0.0412      0.681     66.202  47.118677     1.6219      6.457   -23.5178 1.4178e-01     3.2253      5.012      7.270    10.6215   999.6938 0.0000e+00
      5.135      0.042     0.0450      0.716     66.158  47.076944     1.5241      6.457   -23.2841 1.3349e-01     3.2157      5.039      7.309    10.6031   999.6957 0.0000e+00
      5.148      0.038     0.0455      0.721     66.121  47.040634     1.4623      6.456   -23.4751 1.2999e-01     3.1871      5.054      7.329    10.5799   999.6980 0.0000e+00
      5.151      0.033     0.0466      0.719     66.144  47.060608     1.4567      6.454   -24.5366 1.3111e-01     3.1879      5.052      7.327    10.5842   999.6976 0.0000e+00
      5.152      0.031     0.0544      0.692     66.224  47.127967     1.4569      6.454   -25.9657 1.3815e-01     3.1231      5.052      7.327    10.5897   999.6970 0.0000e+00
      5.155      0.032     0.0570      0.647     66.270  47.156627     1.4639      6.453   -26.6442 1.4007e-01     3.0209      5.056      7.332    10.5765   999.6983 0.0000e+00
      5.160      0.034     0.0556      0.635     66.298  47.153147     1.4654      6.452   -26.9756 1.3069e-01     2.9818      5.056      7.333    10.5640   999.6996 0.0000e+00
      5.175      0.036     0.0570      0.644     66.316  47.149371     1.4556      6.452   -27.8213 1.2428e-01     2.9592      5.069      7.352    10.5678   999.6993 0.0000e+00
      5.196      0.037     0.0554      0.647     66.262  47.110942     1.4505      6.452   -29.1255 1.2379e-01     2.9546      5.100      7.397    10.5840   999.6979 0.0000e+00
      5.208      0.037     0.0484      0.642     66.113  47.005983     1.4322      6.452   -30.0975 1.2485e-01     2.9949      5.112      7.415    10.5859   999.6978 0.0000e+00
      5.210      0.040     0.0489      0.611     65.987  46.896252     1.4064      6.451   -30.5391 1.2599e-01     2.9995      5.106      7.405    10.5539   999.7008 0.0000e+00
      5.211      0.045     0.0512      0.586     66.021  46.863582     1.3959      6.450   -30.6798 1.2544e-01     2.9762      5.109      7.411    10.5405   999.7020 0.0000e+00
      5.217      0.049     0.0494      0.591     66.121  46.864887     1.3904      6.450   -30.9383 1.2478e-01     2.9539      5.113      7.416    10.5476   999.7014 0.0000e+00
      5.232      0.052     0.0520      0.590     66.174  46.848466     1.3882      6.449   -31.8583 1.2523e-01     2.9704      5.124      7.432    10.5503   999.7011 0.0000e+00
      5.260      0.052     0.0472      0.570     66.235  46.855474     1.3885      6.448   -32.7688 1.2568e-01     3.1062      5.160      7.484    10.5462   999.7016 0.0000e+00
      5.284      0.047     0.0440      0.552     66.304  46.886086     1.3930      6.448   -33.0843 1.2493e-01     3.2571      5.191      7.528    10.4928   999.7069 0.0000e+00
      5.293      0.037     0.0472      0.567     66.309  46.901094     1.3950      6.449   -33.1785 1.2548e-01     3.2846      5.193      7.531    10.4285   999.7130 0.0000e+00
