Data/DataNotYetUploadedToEDI/Raw_CTD/RawDownloads/220620_fcr50.cnv
* Sea-Bird SBE19plus  Data File:
* FileName = C:\DATA\250620_fcr50_0001.hex
* Software version 2.8.0.119 SB_Terminal.dll
* Temperature SN = 7809
* Conductivity SN = 7809
* System UpLoad Time = Jun 25 2020 19:46:14
* <ApplicationData>
* <Seaterm232>
# nquan = 16
# nvalues = 2245                        
# units = specified
# name 0 = depFM: Depth [fresh water, m]
# name 1 = dz/dtM: Descent Rate [m/s]
# name 2 = sbeox0ML/L: Oxygen, SBE 43 [ml/l]
# name 3 = sbeox0PS: Oxygen, SBE 43 [% saturation]
# name 4 = specc: Specific Conductance [uS/cm]
# name 5 = c0uS/cm: Conductivity [uS/cm]
# name 6 = flECO-AFL: Fluorescence, WET Labs ECO-AFL/FL [mg/m^3]
# name 7 = ph: pH
# name 8 = orp: Oxidation Reduction Potential [mV]
# name 9 = par/sat/log: PAR/Logarithmic, Satlantic
# name 10 = turbWETntu0: Turbidity, WET Labs ECO [NTU]
# name 11 = prdM: Pressure, Strain Gauge [db]
# name 12 = prdE: Pressure, Strain Gauge [psi]
# name 13 = tv290C: Temperature [ITS-90, deg C]
# name 14 = density00: Density [density, kg/m^3]
# name 15 = flag:  0.000e+00
# span 0 =     -0.656,      9.681       
# span 1 =     -0.191,      0.222       
# span 2 =     0.0302,     7.6213       
# span 3 =      0.394,    114.939       
# span 4 =     22.751,    121.915       
# span 5 =  20.826071, 112.433174       
# span 6 =    -0.9730,     7.9689       
# span 7 =     -2.241,      8.781       
# span 8 =  -125.4102,   950.6630       
# span 9 = 1.2347e-01, 2.2013e+02       
# span 10 =    -0.3717,    16.4380      
# span 11 =     -0.644,      9.494      
# span 12 =     -0.934,     13.770      
# span 13 =     8.9316,    22.0249      
# span 14 =   997.7821,   999.8731      
# span 15 = 0.0000e+00, 0.0000e+00      
# interval = seconds: 0.25
# start_time = Jun 21 2020 19:34:20 [Instrument's time stamp, header]
# bad_flag = -9.990e-29
*END*
[from data line 1447]
      5.761      0.010     0.0462      0.652     66.790  46.962183     0.9356      6.468   -58.1060 1.2363e-01     2.9788      5.649      8.194    10.1458   999.7413 0.0000e+00
      5.762      0.023     0.0547      0.639     66.878  47.014221     0.9799      6.467   -58.3906 1.2362e-01     2.9793      5.650      8.195    10.1394   999.7419 0.0000e+00
      5.764      0.041     0.0608      0.637     67.126  47.135803     0.9964      6.467   -58.2701 1.2361e-01     2.9741      5.651      8.196    10.1414   999.7418 0.0000e+00
      5.771      0.059     0.0554      0.612     67.415  47.225756     0.9918      6.466   -57.9397 1.2365e-01     2.9506      5.654      8.202    10.1521   999.7409 0.0000e+00
      5.790      0.072     0.0495      0.601     67.583  47.212764     1.0196      6.465   -58.1807 1.2372e-01     2.9353      5.671      8.226    10.1569   999.7405 0.0000e+00
      5.822      0.076     0.0498      0.628     67.638  47.169070     1.0848      6.464   -58.8619 1.2371e-01     2.9956      5.708      8.279    10.1570   999.7406 0.0000e+00
      5.857      0.073     0.0517      0.668     67.625  47.141848     1.1216      6.464   -59.4652 1.2368e-01     3.0275      5.749      8.339    10.1300   999.7433 0.0000e+00
      5.879      0.064     0.0478      0.683     67.597  47.137583     1.1220      6.465   -59.4525 1.2368e-01     2.9772      5.772      8.372    10.0310   999.7524 0.0000e+00
      5.887      0.051     0.0458      0.658     67.626  47.181016     1.0982      6.466   -59.0519 1.2369e-01     2.9366      5.775      8.375     9.9096   999.7631 0.0000e+00
      5.888      0.038     0.0498      0.622     67.662  47.222543     1.0636      6.466   -59.1818 1.2371e-01     2.9487      5.774      8.374     9.8472   999.7684 0.0000e+00
      5.891      0.029     0.0535      0.598     67.621  47.195238     1.0559      6.465   -59.8183 1.2368e-01     2.9866      5.776      8.378     9.8456   999.7686 0.0000e+00
      5.898      0.024     0.0559      0.572     67.584  47.168350     1.0627      6.464   -60.1226 1.2362e-01     3.0171      5.781      8.384     9.8635   999.7671 0.0000e+00
      5.909      0.024     0.0525      0.560     67.635  47.214915     1.0499      6.464   -59.8499 1.2362e-01     2.9731      5.795      8.405     9.8823   999.7656 0.0000e+00
      5.919      0.028     0.0479      0.565     67.763  47.313792     1.0158      6.464   -59.7905 1.2358e-01     2.8329      5.809      8.425     9.9004   999.7641 0.0000e+00
      5.922      0.032     0.0483      0.570     67.935  47.411435     0.9943      6.465   -60.2650 1.2362e-01     2.7641      5.808      8.424     9.8956   999.7644 0.0000e+00
      5.924      0.034     0.0444      0.574     68.074  47.443040     0.9900      6.467   -60.9415 1.2373e-01     2.8271      5.806      8.421     9.8879   999.7651 0.0000e+00
      5.933      0.033     0.0438      0.569     68.176  47.441870     0.9828      6.467   -61.2588 1.2371e-01     2.8741      5.815      8.433     9.9012   999.7640 0.0000e+00
      5.948      0.033     0.0451      0.554     68.261  47.460709     0.9730      6.468   -61.0901 1.2368e-01     2.8521      5.833      8.460     9.9177   999.7627 0.0000e+00
      5.963      0.035     0.0447      0.533     68.306  47.480280     0.9678      6.469   -60.9664 1.2379e-01     2.8351      5.852      8.488     9.9078   999.7638 0.0000e+00
      5.969      0.035     0.0466      0.532     68.323  47.488014     0.9773      6.470   -61.1390 1.2380e-01     2.8408      5.855      8.493     9.8464   999.7691 0.0000e+00
      5.973      0.032     0.0447      0.547     68.337  47.490715     0.9922      6.470   -61.5429 1.2364e-01     2.8518      5.853      8.490     9.7800   999.7748 0.0000e+00
      5.980      0.028     0.0451      0.569     68.377  47.512933     0.9948      6.471   -61.9779 1.2361e-01     2.8662      5.863      8.504     9.7534   999.7771 0.0000e+00
      5.990      0.027     0.0410      0.591     68.455  47.566149     0.9894      6.472   -62.1830 1.2370e-01     2.8433      5.876      8.522     9.7531   999.7772 0.0000e+00
      5.996      0.029     0.0418      0.590     68.550  47.626174     0.9842      6.472   -62.1294 1.2373e-01     2.7803      5.882      8.532     9.7516   999.7774 0.0000e+00
      6.000      0.030     0.0439      0.585     68.636  47.667204     0.9893      6.473   -62.1046 1.2373e-01     2.7577      5.883      8.532     9.7440   999.7781 0.0000e+00
      6.006      0.028     0.0441      0.576     68.696  47.681243     1.0133      6.473   -62.6575 1.2371e-01     2.8094      5.887      8.538     9.7390   999.7785 0.0000e+00
      6.017      0.026     0.0488      0.557     68.721  47.668886     1.0458      6.472   -63.3941 1.2368e-01     2.8907      5.902      8.559     9.7413   999.7784 0.0000e+00
      6.028      0.025     0.0463      0.550     68.720  47.644761     1.0682      6.472   -63.4395 1.2372e-01     2.9508      5.915      8.578     9.7406   999.7786 0.0000e+00
      6.033      0.024     0.0467      0.575     68.729  47.643514     1.0637      6.473   -63.3780 1.2374e-01     2.9518      5.917      8.583     9.7241   999.7800 0.0000e+00
      6.035      0.021     0.0464      0.619     68.728  47.653799     1.0193      6.473   -63.5113 1.2367e-01     2.9030      5.917      8.582     9.7035   999.7818 0.0000e+00
      6.038      0.018     0.0440      0.634     68.685  47.642138     0.9614      6.474   -63.9322 1.2363e-01     2.8410      5.921      8.587     9.6787   999.7839 0.0000e+00
      6.044      0.015     0.0427      0.594     68.659  47.629542     0.9360      6.475   -64.7677 1.2367e-01     2.8202      5.927      8.596     9.6596   999.7855 0.0000e+00
      6.050      0.014     0.0450      0.539     68.661  47.628501     0.9311      6.475   -65.1811 1.2369e-01     2.8232      5.934      8.606     9.6519   999.7862 0.0000e+00
      6.054      0.015     0.0502      0.509     68.661  47.629541     0.9221      6.476   -64.9727 1.2371e-01     2.8095      5.938      8.612     9.6633   999.7852 0.0000e+00
      6.055      0.016     0.0525      0.494     68.669  47.642126     0.9217      6.476   -64.6577 1.2369e-01     2.8258      5.938      8.612     9.6846   999.7835 0.0000e+00
      6.056      0.019     0.0480      0.496     68.669  47.653669     0.9265      6.475   -65.0720 1.2359e-01     2.8830      5.938      8.613     9.6860   999.7833 0.0000e+00
      6.060      0.021     0.0409      0.521     68.627  47.642121     0.9226      6.475   -66.1967 1.2356e-01     2.9176      5.942      8.618     9.6789   999.7839 0.0000e+00
      6.067      0.022     0.0412      0.559     68.594  47.629515     0.9130      6.476   -66.8126 1.2366e-01     2.8666      5.947      8.626     9.6812   999.7837 0.0000e+00
      6.077      0.022     0.0384      0.594     68.605  47.628259     0.9064      6.476   -66.8404 1.2376e-01     2.7471      5.959      8.643     9.6875   999.7833 0.0000e+00
      6.087      0.021     0.0390      0.621     68.615  47.626915     0.9096      6.476   -67.1346 1.2377e-01     2.6400      5.973      8.664     9.6916   999.7831 0.0000e+00
      6.090      0.018     0.0410      0.643     68.592  47.613259     0.9131      6.477   -67.7026 1.2375e-01     2.6013      5.973      8.663     9.7108   999.7814 0.0000e+00
      6.090      0.014     0.0445      0.639     68.555  47.590149     0.9104      6.477   -68.1152 1.2379e-01     2.6223      5.970      8.660     9.7247   999.7802 0.0000e+00
      6.092      0.013     0.0483      0.634     68.579  47.601484     0.9058      6.477   -68.3381 1.2383e-01     2.7231      5.974      8.664     9.7083   999.7817 0.0000e+00
      6.094      0.015     0.0481      0.614     68.623  47.623317     0.9050      6.476   -68.5048 1.2379e-01     2.8586      5.976      8.667     9.6985   999.7824 0.0000e+00
      6.097      0.023     0.0536      0.595     68.578  47.600122     0.9104      6.475   -68.4957 1.2366e-01     2.9218      5.979      8.672     9.7060   999.7818 0.0000e+00
      6.102      0.030     0.0492      0.604     68.489  47.575032     0.9139      6.476   -68.5717 1.2359e-01     2.9382      5.984      8.679     9.7094   999.7815 0.0000e+00
      6.109      0.033     0.0515      0.591     68.429  47.573984     0.9377      6.476   -69.2527 1.2362e-01     2.9189      5.987      8.684     9.7047   999.7819 0.0000e+00
      6.123      0.034     0.0496      0.561     68.436  47.587499     0.9787      6.475   -69.9325 1.2362e-01     2.8606      6.002      8.706     9.6942   999.7829 0.0000e+00
      6.140      0.031     0.0442      0.538     68.496  47.611450     0.9808      6.475   -70.1655 1.2358e-01     2.8171      6.026      8.740     9.6911   999.7832 0.0000e+00
      6.150      0.026     0.0507      0.533     68.521  47.609563     0.9620      6.475   -70.0055 1.2362e-01     2.8043      6.035      8.752     9.7271   999.7803 0.0000e+00
      6.152      0.020     0.0465      0.550     68.471  47.564658     0.9332      6.475   -69.5458 1.2367e-01     2.8089      6.032      8.749     9.7726   999.7764 0.0000e+00
      6.152      0.013     0.0446      0.557     68.396  47.512975     0.8805      6.475   -69.5113 1.2365e-01     2.8382      6.033      8.751     9.7721   999.7764 0.0000e+00
      6.153      0.008     0.0422      0.554     68.357  47.492646     0.8492      6.475   -70.0201 1.2364e-01     2.8498      6.035      8.752     9.7515   999.7782 0.0000e+00
      6.153      0.008     0.0411      0.567     68.352  47.509359     0.8414      6.477   -70.0191 1.2360e-01     2.8116      6.033      8.750     9.7367   999.7795 0.0000e+00
      6.155      0.009     0.0446      0.591     68.317  47.524589     0.8247      6.477   -69.2398 1.2356e-01     2.7890      6.035      8.753     9.7269   999.7804 0.0000e+00
      6.158      0.013     0.0448      0.581     68.210  47.486347     0.7995      6.478   -68.9436 1.2363e-01     2.8165      6.039      8.759     9.7308   999.7799 0.0000e+00
      6.163      0.021     0.0435      0.550     68.191  47.491487     0.7850      6.478   -69.5354 1.2367e-01     2.8698      6.044      8.766     9.7350   999.7796 0.0000e+00
      6.166      0.030     0.0440      0.554     68.330  47.586757     0.7835      6.478   -70.2007 1.2360e-01     2.8836      6.048      8.772     9.7410   999.7791 0.0000e+00
      6.171      0.036     0.0488      0.587     68.425  47.622288     0.8001      6.478   -70.2768 1.2355e-01     2.8801      6.049      8.773     9.7832   999.7755 0.0000e+00
      6.182      0.038     0.0472      0.604     68.453  47.603578     0.8229      6.477   -70.0253 1.2360e-01     2.8961      6.058      8.786     9.8143   999.7729 0.0000e+00
      6.202      0.037     0.0416      0.588     68.496  47.614486     0.8305      6.477   -70.0854 1.2367e-01     2.9053      6.084      8.823     9.8211   999.7724 0.0000e+00
      6.219      0.033     0.0432      0.582     68.526  47.627151     0.8443      6.477   -70.4014 1.2369e-01     2.9568      6.104      8.853     9.8311   999.7717 0.0000e+00
      6.224      0.027     0.0469      0.600     68.547  47.629707     0.8560      6.478   -70.8337 1.2372e-01     3.0038      6.105      8.855     9.7996   999.7744 0.0000e+00
      6.225      0.018     0.0498      0.611     68.590  47.645383     0.8286      6.478   -71.2681 1.2369e-01     2.9590      6.104      8.852     9.7582   999.7780 0.0000e+00
      6.226      0.010     0.0463      0.621     68.671  47.689674     0.7799      6.478   -71.4386 1.2357e-01     2.8615      6.106      8.857     9.7536   999.7784 0.0000e+00
      6.226      0.007     0.0445      0.625     68.821  47.784231     0.7629      6.479   -71.4331 1.2357e-01     2.8214      6.105      8.855     9.7518   999.7785 0.0000e+00
      6.227      0.010     0.0492      0.627     69.010  47.899683     0.7762      6.479   -71.6315 1.2363e-01     2.8511      6.105      8.855     9.7391   999.7796 0.0000e+00
      6.229      0.015     0.0476      0.645     69.115  47.942622     0.7880      6.479   -72.3739 1.2366e-01     2.8779      6.108      8.859     9.7302   999.7804 0.0000e+00
      6.233      0.020     0.0499      0.650     69.128  47.922379     0.7919      6.479   -73.0966 1.2366e-01     2.8695      6.110      8.863     9.7182   999.7815 0.0000e+00
      6.240      0.024     0.0503      0.628     69.127  47.908890     0.7844      6.479   -73.0556 1.2361e-01     2.8183      6.119      8.874     9.7149   999.7818 0.0000e+00
      6.250      0.025     0.0480      0.569     69.123  47.906519     0.7831      6.478   -72.8250 1.2355e-01     2.8093      6.130      8.892     9.7090   999.7825 0.0000e+00
      6.258      0.025     0.0527      0.499     69.114  47.893709     0.7949      6.478   -72.7176 1.2357e-01     2.8286      6.138      8.901     9.6801   999.7849 0.0000e+00
      6.264      0.023     0.0521      0.474     69.122  47.881001     0.7942      6.480   -72.9615 1.2363e-01     2.8121      6.143      8.908     9.6544   999.7871 0.0000e+00
      6.269      0.020     0.0513      0.467     69.143  47.879838     0.7843      6.482   -73.6237 1.2363e-01     2.8153      6.149      8.918     9.6459   999.7878 0.0000e+00
      6.273      0.017     0.0469      0.454     69.152  47.879628     0.7808      6.482   -73.8403 1.2364e-01     2.8323      6.153      8.924     9.6539   999.7873 0.0000e+00
      6.277      0.015     0.0368      0.486     69.149  47.878456     0.7794      6.482   -73.5163 1.2366e-01     2.8465      6.155      8.927     9.6513   999.7875 0.0000e+00
      6.279      0.014     0.0376      0.572     69.119  47.865661     0.7865      6.482   -73.1468 1.2373e-01     2.8497      6.157      8.930     9.6308   999.7891 0.0000e+00
      6.281      0.012     0.0386      0.646     69.081  47.851940     0.8007      6.482   -73.5034 1.2377e-01     2.8371      6.159      8.933     9.6186   999.7901 0.0000e+00
      6.285      0.012     0.0342      0.643     69.041  47.839562     0.7984      6.482   -74.5586 1.2374e-01     2.8310      6.164      8.939     9.6156   999.7904 0.0000e+00
      6.290      0.012     0.0368      0.587     69.029  47.843016     0.7776      6.482   -75.0632 1.2371e-01     2.8105      6.170      8.948     9.6161   999.7905 0.0000e+00
      6.293      0.013     0.0459      0.561     69.093  47.893701     0.7685      6.482   -74.8726 1.2368e-01     2.7949      6.172      8.951     9.6216   999.7899 0.0000e+00
      6.294      0.013     0.0543      0.576     69.157  47.944418     0.7831      6.482   -74.8349 1.2365e-01     2.8143      6.172      8.951     9.6324   999.7891 0.0000e+00
      6.296      0.013     0.0536      0.586     69.146  47.948253     0.7926      6.482   -75.2101 1.2367e-01     2.8391      6.173      8.953     9.6432   999.7882 0.0000e+00
      6.301      0.013     0.0449      0.581     69.115  47.940083     0.7885      6.482   -75.6237 1.2370e-01     2.8203      6.178      8.960     9.6546   999.7872 0.0000e+00
      6.306      0.013     0.0429      0.570     69.151  47.972647     0.7995      6.482   -75.8772 1.2367e-01     2.7919      6.186      8.971     9.6573   999.7870 0.0000e+00
      6.310      0.013     0.0468      0.576     69.230  48.024499     0.8310      6.483   -76.0383 1.2366e-01     2.8054      6.189      8.977     9.6583   999.7870 0.0000e+00
      6.311      0.012     0.0467      0.606     69.293  48.059033     0.8545      6.485   -75.7650 1.2368e-01     2.8117      6.188      8.976     9.6693   999.7861 0.0000e+00
      6.313      0.010     0.0468      0.621     69.321  48.072688     0.8636      6.485   -75.3262 1.2369e-01     2.7993      6.191      8.978     9.6807   999.7851 0.0000e+00
      6.316      0.008     0.0446      0.596     69.306  48.062602     0.8838      6.485   -75.5514 1.2371e-01     2.7933      6.194      8.985     9.6882   999.7845 0.0000e+00
