Data/DataNotYetUploadedToEDI/062019_FCR50.cnv
* Sea-Bird SBE19plus  Data File:
* FileName = C:\DATA\06202019_FCR_50_0001.hex
* Software version 2.8.0.119 SB_Terminal.dll
* Temperature SN = 7809
* Conductivity SN = 7809
* System UpLoad Time = Jun 20 2019 15:43:28
* <ApplicationData>
* <Seaterm232>
# nquan = 16
# nvalues = 806                         
# units = specified
# name 0 = depFM: Depth [fresh water, m]
# name 1 = dz/dtM: Descent Rate [m/s]
# name 2 = sbeox0Mg/L: Oxygen, SBE 43 [mg/l]
# name 3 = sbeox0PS: Oxygen, SBE 43 [% saturation]
# name 4 = specc: Specific Conductance [uS/cm]
# name 5 = c0uS/cm: Conductivity [uS/cm]
# name 6 = flECO-AFL: Fluorescence, WET Labs ECO-AFL/FL [mg/m^3]
# name 7 = ph: pH
# name 8 = orp: Oxidation Reduction Potential [mV]
# name 9 = par/sat/log: PAR/Logarithmic, Satlantic
# name 10 = turbWETntu0: Turbidity, WET Labs ECO [NTU]
# name 11 = prdM: Pressure, Strain Gauge [db]
# name 12 = prdE: Pressure, Strain Gauge [psi]
# name 13 = tv290C: Temperature [ITS-90, deg C]
# name 14 = density00: Density [density, kg/m^3]
# name 15 = flag:  0.000e+00
# span 0 =     -0.699,      9.520       
# span 1 =     -0.007,      0.202       
# span 2 =    -0.3176,    11.9813       
# span 3 =     -2.815,    142.757       
# span 4 =     -0.002,     71.933       
# span 5 =  -0.002433,  50.366914       
# span 6 =    -0.1449,     4.0710       
# span 7 =     -2.355,     10.282       
# span 8 =  -218.3423,   863.0207       
# span 9 = 1.2342e-01, 3.0011e+02       
# span 10 =    -0.5521,    48.9460      
# span 11 =     -0.686,      9.337      
# span 12 =     -0.994,     13.542      
# span 13 =    10.0024,    24.9013      
# span 14 =   997.0893,   999.7731      
# span 15 = 0.0000e+00, 0.0000e+00      
# interval = seconds: 0.25
# start_time = Jun 20 2019 15:10:10 [Instrument's time stamp, header]
# bad_flag = -9.990e-29
*END*
[from data line 91]
      0.176 2.6715e-17     7.7039     92.988     33.803  33.705918     1.8358      9.584   276.8086 1.3450e+02     1.4007      0.173      0.251    24.8589   997.1008 0.0000e+00
      0.176 2.9387e-16     7.6532     92.376     33.815  33.717975     1.8853      9.579   276.3120 1.3355e+02     1.5513      0.173      0.251    24.8566   997.1014 0.0000e+00
      0.176 3.2325e-15     7.5958     91.681     33.804  33.705905     1.9209      9.573   275.8505 1.3418e+02     1.5936      0.173      0.250    24.8538   997.1021 0.0000e+00
      0.177 3.5558e-14     7.5341     90.935     33.785  33.686909     1.9280      9.568   275.4450 1.3558e+02     1.5521      0.173      0.251    24.8512   997.1028 0.0000e+00
      0.177 3.9114e-13     7.4700     90.158     33.778  33.678686     1.9190      9.563   275.1085 1.3689e+02     1.5081      0.174      0.252    24.8505   997.1030 0.0000e+00
      0.177 4.3025e-12     7.4091     89.419     33.771  33.669944     1.8989      9.558   274.9651 1.3827e+02     1.4226      0.174      0.252    24.8507   997.1029 0.0000e+00
      0.177 4.7328e-11     7.3534     88.743     33.747  33.644659     1.8926      9.552   274.8291 1.3803e+02     1.3711      0.174      0.252    24.8507   997.1029 0.0000e+00
      0.177 5.2060e-10     7.3008     88.105     33.730  33.626820     1.8948      9.545   274.7552 1.3587e+02     1.3435      0.174      0.252    24.8494   997.1032 0.0000e+00
      0.177 5.7266e-09     7.2497     87.486     33.750  33.644648     1.9001      9.538   274.6738 1.3491e+02     1.3184      0.174      0.252    24.8472   997.1038 0.0000e+00
      0.177 6.2993e-08     7.1977     86.856     33.776  33.669818     1.9131      9.529   274.0171 1.3590e+02     1.3293      0.174      0.252    24.8449   997.1044 0.0000e+00
      0.177 -4.103e-08     7.1429     86.193     33.784  33.677289     1.9222      9.520   273.2688 1.3610e+02     1.3440      0.174      0.253    24.8426   997.1050 0.0000e+00
      0.177 -1.077e-07     7.0877     85.524     33.779  33.671519     1.9315      9.511   273.4548 1.3615e+02     1.3652      0.173      0.252    24.8407   997.1054 0.0000e+00
      0.177 -9.793e-09     7.0330     84.863     33.772  33.663527     1.9566      9.504   273.9437 1.3697e+02     1.4222      0.174      0.251    24.8390   997.1059 0.0000e+00
      0.177 -8.625e-10     6.9781     84.200     33.753  33.644112     1.9826      9.498   274.2756 1.3685e+02     1.5086      0.174      0.252    24.8373   997.1063 0.0000e+00
      0.178 2.2696e-10     6.9229     83.532     33.736  33.627168     1.9947      9.493   274.7141 1.3683e+02     1.5584      0.174      0.253    24.8360   997.1067 0.0000e+00
      0.178 3.3797e-09     6.8671     82.857     33.758  33.649048     1.9994      9.488   274.3425 1.3788e+02     1.5655      0.174      0.253    24.8350   997.1069 0.0000e+00
      0.178 3.7257e-08     6.8117     82.187     33.765  33.654802     2.0049      9.482   273.3099 1.3893e+02     1.5613      0.174      0.253    24.8340   997.1071 0.0000e+00
      0.177 4.0984e-07     6.7578     81.536     33.744  33.633281     2.1646      9.477   273.0689 1.3895e+02     1.5403      0.174      0.252    24.8330   997.1074 0.0000e+00
      0.177      0.000     6.7067     80.919     33.754  33.642682     2.4731      9.472   273.6656 1.3794e+02     1.5085      0.174      0.252    24.8323   997.1076 0.0000e+00
      0.178      0.000     6.6583     80.334     33.753  33.641551     2.6404      9.467   274.4159 1.3860e+02     1.5045      0.175      0.253    24.8316   997.1078 0.0000e+00
      0.178      0.001     6.6098     79.748     33.732  33.619599     2.6441      9.462   273.8809 1.4099e+02     1.5572      0.174      0.253    24.8309   997.1080 0.0000e+00
      0.178      0.001     6.5608     79.155     33.744  33.631118     2.4570      9.457   271.9294 1.4217e+02     1.5884      0.174      0.253    24.8300   997.1082 0.0000e+00
      0.178      0.001     6.5156     78.609     33.767  33.653895     2.0949      9.453   270.6959 1.4211e+02     1.5548      0.175      0.254    24.8294   997.1084 0.0000e+00
      0.179      0.001     6.4750     78.118     33.754  33.641147     1.8908      9.450   270.4959 1.4174e+02     1.5438      0.175      0.254    24.8288   997.1085 0.0000e+00
      0.179      0.002     6.4353     77.639     33.718  33.603902     1.8786      9.447   270.7162 1.4134e+02     1.5862      0.175      0.254    24.8280   997.1087 0.0000e+00
      0.179      0.002     6.3963     77.166     33.699  33.584342     1.8876      9.445   271.2943 1.4018e+02     1.6083      0.176      0.255    24.8272   997.1089 0.0000e+00
      0.180      0.001     6.3571     76.692     33.710  33.595048     1.8858      9.441   271.3770 1.3794e+02     1.5820      0.177      0.256    24.8266   997.1090 0.0000e+00
      0.181      0.001     6.3162     76.199     33.721  33.606416     1.8836      9.436   270.8556 1.3694e+02     1.5627      0.177      0.257    24.8260   997.1092 0.0000e+00
      0.181      0.001     6.2755     75.707     33.710  33.594863     1.8871      9.431   270.5820 1.3784e+02     1.5721      0.177      0.257    24.8253   997.1094 0.0000e+00
      0.181      0.000     6.2355     75.224     33.698  33.582283     1.9277      9.426   270.6503 1.3872e+02     1.5650      0.177      0.257    24.8245   997.1096 0.0000e+00
      0.181 2.5714e-08     6.1955     74.740     33.697  33.581243     2.0013      9.422   270.7356 1.3969e+02     1.5418      0.177      0.257    24.8241   997.1097 0.0000e+00
      0.180 2.8286e-07     6.1563     74.267     33.699  33.582282     2.0401      9.418   270.7524 1.3986e+02     1.5209      0.177      0.257    24.8234   997.1099 0.0000e+00
      0.180      0.000     6.1177     73.801     33.712  33.594851     2.0501      9.413   271.0253 1.3950e+02     1.5095      0.177      0.256    24.8227   997.1101 0.0000e+00
      0.180      0.000     6.0793     73.336     33.723  33.606283     2.0441      9.409   271.3681 1.4071e+02     1.5349      0.177      0.257    24.8224   997.1101 0.0000e+00
      0.180      0.000     6.0434     72.903     33.711  33.593579     2.0200      9.405   271.1973 1.4134e+02     1.5658      0.177      0.257    24.8217   997.1103 0.0000e+00
      0.181      0.001     6.0108     72.509     33.686  33.568175     2.0012      9.402   270.7674 1.4061e+02     1.5548      0.177      0.257    24.8210   997.1105 0.0000e+00
      0.181      0.003     5.9799     72.136     33.671  33.552974     1.9902      9.397   270.4723 1.3970e+02     1.5335      0.178      0.258    24.8205   997.1106 0.0000e+00
      0.181      0.003     5.9513     71.790     33.656  33.536716     1.9818      9.392   270.3823 1.3883e+02     1.5373      0.178      0.258    24.8200   997.1107 0.0000e+00
      0.182      0.001     5.9244     71.465     33.617  33.498524     1.9515      9.384   270.7970 1.3873e+02     1.5026      0.178      0.258    24.8196   997.1108 0.0000e+00
      0.184     -0.002     5.8982     71.149     33.590  33.471976     1.9025      9.379   271.2718 1.3936e+02     1.4095      0.180      0.261    24.8192   997.1109 0.0000e+00
      0.186     -0.005     5.8755     70.874     33.588  33.469574     1.8746      9.372   270.7878 1.3954e+02     1.3284      0.183      0.265    24.8187   997.1111 0.0000e+00
      0.185     -0.007     5.8592     70.677     33.588  33.469479     1.8744      9.354   269.8490 1.3863e+02     1.2757      0.184      0.266    24.8181   997.1112 0.0000e+00
      0.179     -0.007     5.8469     70.527     33.590  33.470833     1.9341      9.334   268.8696 1.3830e+02     1.2645      0.175      0.256    24.8177   997.1113 0.0000e+00
      0.172     -0.004     5.8366     70.402     33.606  33.485937     2.0412      9.320   267.8940 1.3886e+02     1.2913      0.165      0.240    24.8176   997.1113 0.0000e+00
      0.170      0.004     5.8319     70.344     33.646  33.525168     2.0948      9.310   268.0334 1.3888e+02     1.3378      0.166      0.241    24.8176   997.1113 0.0000e+00
      0.171      0.014     5.8389     70.427     33.686  33.564399     2.0969      9.299   268.8347 1.3888e+02     1.3670      0.168      0.244    24.8174   997.1113 0.0000e+00
      0.176      0.025     5.8586     70.664     33.702  33.579503     2.0932      9.291   268.8926 1.3842e+02     1.4157      0.170      0.245    24.8165   997.1115 0.0000e+00
      0.187      0.036     5.8875     71.011     33.704  33.580867     2.0847      9.287   268.6461 1.3623e+02     1.5336      0.182      0.264    24.8153   997.1119 0.0000e+00
      0.201      0.045     5.9246     71.458     33.704  33.580888     2.0797      9.282   268.2646 1.3364e+02     1.5801      0.198      0.288    24.8144   997.1122 0.0000e+00
      0.212      0.050     5.9671     71.968     33.704  33.579755     2.0762      9.277   267.6349 1.3314e+02     1.5511      0.208      0.302    24.8135   997.1125 0.0000e+00
      0.226      0.052     6.0074     72.452     33.692  33.567169     2.0684      9.266   267.8296 1.3411e+02     1.5433      0.220      0.319    24.8124   997.1128 0.0000e+00
      0.242      0.050     6.0376     72.815     33.682  33.555629     2.0643      9.250   268.5551 1.3435e+02     1.5515      0.238      0.347    24.8117   997.1131 0.0000e+00
      0.257      0.048     6.0514     72.981     33.694  33.567146     2.0696      9.240   268.5770 1.3307e+02     1.5525      0.253      0.368    24.8109   997.1134 0.0000e+00
      0.268      0.046     6.0491     72.953     33.706  33.579505     2.0624      9.232   268.0079 1.3069e+02     1.5554      0.263      0.382    24.8091   997.1139 0.0000e+00
      0.278      0.044     6.0378     72.817     33.705  33.578131     2.0119      9.221   267.4382 1.2907e+02     1.6188      0.274      0.398    24.8075   997.1143 0.0000e+00
      0.287      0.041     6.0221     72.627     33.677  33.550533     1.9539      9.205   267.2821 1.2887e+02     1.6958      0.280      0.405    24.8066   997.1146 0.0000e+00
      0.297      0.037     6.0007     72.368     33.627  33.499667     1.9415      9.184   267.6691 1.2834e+02     1.7334      0.289      0.419    24.8063   997.1147 0.0000e+00
      0.310      0.032     5.9754     72.063     33.598  33.470822     1.9489      9.164   268.2453 1.2677e+02     1.7786      0.306      0.443    24.8061   997.1148 0.0000e+00
      0.320      0.026     5.9506     71.764     33.583  33.455616     1.9476      9.151   268.5698 1.2598e+02     1.7841      0.315      0.457    24.8059   997.1149 0.0000e+00
      0.325      0.020     5.9285     71.498     33.569  33.442734     1.9257      9.149   268.5813 1.2660e+02     1.6675      0.320      0.465    24.8057   997.1150 0.0000e+00
      0.328      0.015     5.9098     71.272     33.568  33.441996     1.8923      9.155   268.4704 1.2683e+02     1.5493      0.322      0.467    24.8053   997.1151 0.0000e+00
      0.328      0.012     5.8930     71.069     33.573  33.446696     1.8829      9.165   268.1757 1.2661e+02     1.5352      0.322      0.466    24.8052   997.1151 0.0000e+00
      0.328      0.013     5.8772     70.878     33.627  33.499554     1.8903      9.179   267.3420 1.2756e+02     1.5620      0.321      0.466    24.8050   997.1152 0.0000e+00
      0.330      0.020     5.8677     70.763     33.701  33.573401     1.9207      9.195   266.4772 1.2814e+02     1.6119      0.322      0.468    24.8049   997.1152 0.0000e+00
      0.335      0.030     5.8752     70.854     33.706  33.578017     1.9730      9.206   266.4093 1.2634e+02     1.6797      0.328      0.476    24.8052   997.1151 0.0000e+00
      0.342      0.041     5.9106     71.283     33.682  33.555367     2.0021      9.210   266.6069 1.2369e+02     1.7256      0.335      0.485    24.8050   997.1152 0.0000e+00
      0.353      0.051     5.9750     72.060     33.680  33.553392     2.0040      9.207   266.4572 1.2166e+02     1.7406      0.344      0.497    24.8048   997.1153 0.0000e+00
      0.373      0.056     6.0551     73.027     33.680  33.554139     1.9953      9.203   265.8906 1.2014e+02     1.6647      0.364      0.529    24.8048   997.1155 0.0000e+00
      0.394      0.057     6.1334     73.972     33.690  33.564401     1.9841      9.203   264.9181 1.1894e+02     1.5290      0.387      0.563    24.8046   997.1156 0.0000e+00
      0.411      0.057     6.1950     74.715     33.676  33.550544     1.9806      9.203   264.0766 1.1791e+02     1.5093      0.404      0.587    24.8052   997.1155 0.0000e+00
      0.423      0.054     6.2322     75.165     33.638  33.513515     1.9967      9.194   263.8906 1.1720e+02     1.5564      0.416      0.604    24.8065   997.1152 0.0000e+00
      0.432      0.048     6.2456     75.329     33.621  33.497465     2.0577      9.175   264.0459 1.1638e+02     1.5416      0.423      0.614    24.8071   997.1151 0.0000e+00
      0.443      0.040     6.2352     75.205     33.606  33.483408     2.1371      9.154   264.2332 1.1441e+02     1.5276      0.432      0.627    24.8072   997.1151 0.0000e+00
      0.456      0.033     6.2018     74.803     33.593  33.470478     2.1767      9.139   264.3487 1.1231e+02     1.5508      0.449      0.651    24.8076   997.1151 0.0000e+00
      0.467      0.028     6.1523     74.205     33.591  33.468053     2.1817      9.131   264.0657 1.1190e+02     1.5602      0.461      0.668    24.8090   997.1148 0.0000e+00
      0.472      0.023     6.0959     73.524     33.577  33.454091     2.1537      9.128   263.6501 1.1258e+02     1.5760      0.464      0.672    24.8107   997.1144 0.0000e+00
      0.474      0.017     6.0407     72.858     33.552  33.428592     2.1063      9.132   263.5405 1.1256e+02     1.5772      0.464      0.673    24.8113   997.1142 0.0000e+00
      0.476      0.012     5.9908     72.256     33.537  33.413601     2.0777      9.140   263.6868 1.1167e+02     1.5102      0.467      0.676    24.8114   997.1142 0.0000e+00
      0.480      0.008     5.9464     71.720     33.523  33.399755     2.0675      9.148   263.8693 1.1080e+02     1.4865      0.472      0.684    24.8112   997.1143 0.0000e+00
      0.483      0.006     5.9058     71.230     33.512  33.388101     2.0696      9.153   263.8543 1.1026e+02     1.5194      0.474      0.688    24.8111   997.1143 0.0000e+00
      0.483      0.005     5.8682     70.775     33.524  33.399621     2.1212      9.154   263.5061 1.1038e+02     1.5152      0.474      0.687    24.8113   997.1142 0.0000e+00
      0.483      0.004     5.8337     70.357     33.538  33.412108     2.2233      9.154   262.9289 1.1094e+02     1.5008      0.474      0.687    24.8111   997.1142 0.0000e+00
      0.484      0.002     5.8024     69.978     33.538  33.412159     2.2810      9.153   262.4681 1.1107e+02     1.5102      0.475      0.688    24.8100   997.1146 0.0000e+00
      0.484      0.002     5.7743     69.637     33.527  33.400244     2.2803      9.150   262.1498 1.1074e+02     1.5298      0.475      0.689    24.8087   997.1148 0.0000e+00
      0.485      0.002     5.7483     69.323     33.522  33.394962     2.2061      9.147   261.8343 1.1034e+02     1.5413      0.476      0.690    24.8078   997.1151 0.0000e+00
      0.485      0.002     5.7251     69.041     33.604  33.475218     2.0694      9.145   261.4065 1.0989e+02     1.5508      0.476      0.690    24.8064   997.1156 0.0000e+00
      0.486      0.003     5.7260     69.033     33.749  33.609068     1.9971      9.141   260.8495 1.0947e+02     1.5465      0.476      0.691    24.8055   997.1158 0.0000e+00
      0.486      0.006     5.8554     70.511     33.862  33.680605     1.9910      9.128   260.4330 1.0951e+02     1.5221      0.477      0.691    24.8042   997.1161 0.0000e+00
      0.486      0.010     6.2788     75.444     33.964  33.705482     2.0555      9.111   260.1573 1.1022e+02     1.5178      0.477      0.692    24.8044   997.1160 0.0000e+00
