Data/DataNotYetUploadedToEDI/062019_FCR50.cnv
* Sea-Bird SBE19plus  Data File:
* FileName = C:\DATA\06202019_FCR_50_0001.hex
* Software version 2.8.0.119 SB_Terminal.dll
* Temperature SN = 7809
* Conductivity SN = 7809
* System UpLoad Time = Jun 20 2019 15:43:28
* <ApplicationData>
* <Seaterm232>
# nquan = 16
# nvalues = 806                         
# units = specified
# name 0 = depFM: Depth [fresh water, m]
# name 1 = dz/dtM: Descent Rate [m/s]
# name 2 = sbeox0Mg/L: Oxygen, SBE 43 [mg/l]
# name 3 = sbeox0PS: Oxygen, SBE 43 [% saturation]
# name 4 = specc: Specific Conductance [uS/cm]
# name 5 = c0uS/cm: Conductivity [uS/cm]
# name 6 = flECO-AFL: Fluorescence, WET Labs ECO-AFL/FL [mg/m^3]
# name 7 = ph: pH
# name 8 = orp: Oxidation Reduction Potential [mV]
# name 9 = par/sat/log: PAR/Logarithmic, Satlantic
# name 10 = turbWETntu0: Turbidity, WET Labs ECO [NTU]
# name 11 = prdM: Pressure, Strain Gauge [db]
# name 12 = prdE: Pressure, Strain Gauge [psi]
# name 13 = tv290C: Temperature [ITS-90, deg C]
# name 14 = density00: Density [density, kg/m^3]
# name 15 = flag:  0.000e+00
# span 0 =     -0.699,      9.520       
# span 1 =     -0.007,      0.202       
# span 2 =    -0.3176,    11.9813       
# span 3 =     -2.815,    142.757       
# span 4 =     -0.002,     71.933       
# span 5 =  -0.002433,  50.366914       
# span 6 =    -0.1449,     4.0710       
# span 7 =     -2.355,     10.282       
# span 8 =  -218.3423,   863.0207       
# span 9 = 1.2342e-01, 3.0011e+02       
# span 10 =    -0.5521,    48.9460      
# span 11 =     -0.686,      9.337      
# span 12 =     -0.994,     13.542      
# span 13 =    10.0024,    24.9013      
# span 14 =   997.0893,   999.7731      
# span 15 = 0.0000e+00, 0.0000e+00      
# interval = seconds: 0.25
# start_time = Jun 20 2019 15:10:10 [Instrument's time stamp, header]
# bad_flag = -9.990e-29
*END*
[from data line 452]
      5.626      0.028     6.7629     60.554     37.194  26.371974     0.6177      8.263   303.5210 1.5384e+00     4.6718      5.516      8.000    10.4353   999.7039 0.0000e+00
      5.630      0.042     6.7563     60.510     37.121  26.328024     0.6227      8.261   303.3915 1.5198e+00     4.7866      5.520      8.007    10.4320   999.7042 0.0000e+00
      5.637      0.059     6.7586     60.539     36.933  26.198819     0.6234      8.258   303.2310 1.4891e+00     4.8751      5.525      8.013    10.4320   999.7043 0.0000e+00
      5.652      0.075     6.7662     60.602     36.678  26.015187     0.6255      8.256   303.2147 1.4509e+00     4.8890      5.537      8.031    10.4377   999.7038 0.0000e+00
      5.679      0.087     6.7750     60.664     36.505  25.884113     0.6401      8.255   303.2801 1.4014e+00     4.8567      5.567      8.073    10.4480   999.7030 0.0000e+00
      5.713      0.094     6.7852     60.738     36.427  25.819395     0.6612      8.254   303.4196 1.3472e+00     4.7790      5.603      8.126    10.4606   999.7019 0.0000e+00
      5.743      0.096     6.7970     60.828     36.327  25.740214     0.6722      8.253   303.6971 1.3043e+00     4.7359      5.635      8.174    10.4692   999.7012 0.0000e+00
      5.766      0.092     6.8105     60.933     36.263  25.688021     0.6696      8.250   303.9672 1.2795e+00     4.7284      5.657      8.205    10.4647   999.7016 0.0000e+00
      5.785      0.082     6.8299     61.095     36.283  25.695861     0.6553      8.248   303.9329 1.2494e+00     4.6894      5.671      8.224    10.4504   999.7030 0.0000e+00
      5.805      0.071     6.8582     61.342     36.304  25.708118     0.6379      8.246   303.5406 1.1950e+00     4.6565      5.690      8.253    10.4369   999.7044 0.0000e+00
      5.827      0.062     6.8960     61.680     36.307  25.709337     0.6331      8.246   303.3541 1.1613e+00     4.6592      5.716      8.292    10.4262   999.7054 0.0000e+00
      5.842      0.056     6.9462     62.136     36.304  25.710594     0.6316      8.245   303.6566 1.1645e+00     4.6893      5.733      8.315    10.4151   999.7065 0.0000e+00
      5.849      0.049     7.0054     62.676     36.314  25.723317     0.6278      8.243   304.1005 1.1655e+00     4.7258      5.734      8.316    10.4065   999.7074 0.0000e+00
      5.858      0.039     7.0648     63.215     36.327  25.736297     0.6390      8.241   304.3335 1.1410e+00     4.6743      5.741      8.327    10.4027   999.7077 0.0000e+00
      5.872      0.031     7.1193     63.702     36.333  25.740651     0.6633      8.239   304.3221 1.1113e+00     4.5585      5.761      8.356    10.4014   999.7079 0.0000e+00
      5.882      0.025     7.1667     64.125     36.384  25.775963     0.6793      8.237   304.3070 1.1013e+00     4.5048      5.772      8.372    10.4057   999.7076 0.0000e+00
      5.884      0.024     7.2049     64.472     36.390  25.782608     0.6846      8.235   304.4954 1.0988e+00     4.4845      5.770      8.369    10.4166   999.7066 0.0000e+00
      5.886      0.028     7.2326     64.726     36.261  25.694105     0.6673      8.233   304.7934 1.0977e+00     4.5093      5.772      8.371    10.4227   999.7060 0.0000e+00
      5.888      0.037     7.2487     64.869     36.121  25.594055     0.6345      8.232   304.9849 1.0972e+00     4.6081      5.775      8.376    10.4206   999.7061 0.0000e+00
      5.892      0.051     7.2509     64.875     36.031  25.524534     0.6259      8.231   305.0900 1.0862e+00     4.6631      5.774      8.375    10.4178   999.7066 0.0000e+00
      5.906      0.064     7.2415     64.774     35.991  25.487922     0.6324      8.230   305.2038 1.0556e+00     4.6493      5.787      8.392    10.4218   999.7063 0.0000e+00
      5.934      0.074     7.2275     64.634     35.974  25.468579     0.6268      8.229   305.3280 1.0054e+00     4.6055      5.818      8.438    10.4298   999.7055 0.0000e+00
      5.965      0.085     7.2158     64.519     35.909  25.417529     0.6106      8.227   305.4733 9.6879e-01     4.4947      5.854      8.491    10.4281   999.7058 0.0000e+00
      5.988      0.094     7.2094     64.455     35.858  25.378192     0.6011      8.224   305.6697 9.6381e-01     4.4232      5.875      8.523    10.4182   999.7068 0.0000e+00
      6.004      0.094     7.2105     64.459     35.855  25.373596     0.6073      8.222   305.8094 9.5218e-01     4.4618      5.885      8.535    10.4053   999.7081 0.0000e+00
      6.024      0.087     7.2220     64.558     35.841  25.361957     0.5997      8.222   305.8719 9.1008e-01     4.3391      5.901      8.558    10.3943   999.7092 0.0000e+00
      6.055      0.076     7.2428     64.744     35.844  25.364344     0.5688      8.220   305.9095 8.6273e-01     4.0206      5.937      8.610    10.3889   999.7098 0.0000e+00
      6.085      0.064     7.2716     65.003     35.897  25.402459     0.5550      8.219   305.9200 8.4141e-01     3.8230      5.975      8.666    10.3846   999.7104 0.0000e+00
      6.100      0.051     7.3038     65.296     35.951  25.442154     0.5621      8.219   305.9992 8.3921e-01     3.7846      5.988      8.684    10.3810   999.7108 0.0000e+00
      6.103      0.035     7.3333     65.573     35.972  25.463665     0.5687      8.218   306.0070 8.3513e-01     3.8186      5.983      8.678    10.3780   999.7110 0.0000e+00
      6.104      0.019     7.3584     65.818     35.970  25.472233     0.5660      8.217   305.9283 8.3368e-01     3.9065      5.985      8.681    10.3779   999.7111 0.0000e+00
      6.106      0.008     7.3759     65.996     35.970  25.482319     0.5554      8.215   305.9933 8.3374e-01     3.9625      5.988      8.686    10.3799   999.7109 0.0000e+00
      6.106      0.003     7.3857     66.104     36.013  25.522187     0.5519      8.213   306.1908 8.3267e-01     3.9717      5.986      8.684    10.3801   999.7109 0.0000e+00
      6.107      0.003     7.3890     66.155     36.071  25.573635     0.5585      8.212   306.5961 8.3159e-01     3.9848      5.987      8.685    10.3884   999.7102 0.0000e+00
      6.107      0.002     7.3857     66.145     36.091  25.596860     0.5749      8.211   307.1067 8.3060e-01     3.9905      5.989      8.687    10.4060   999.7085 0.0000e+00
      6.107      0.002     7.3773     66.085     36.105  25.612689     0.6032      8.210   307.2881 8.3834e-01     3.9754      5.989      8.686    10.4195   999.7072 0.0000e+00
      6.107      0.002     7.3653     65.986     36.135  25.638144     0.6233      8.208   306.8110 8.4554e-01     3.9654      5.989      8.686    10.4311   999.7062 0.0000e+00
      6.107      0.002     7.3488     65.846     36.147  25.650881     0.6271      8.207   306.0697 8.4460e-01     3.9680      5.989      8.687    10.4462   999.7048 0.0000e+00
      6.108      0.002     7.3276     65.663     36.126  25.639807     0.6229      8.206   305.8110 8.3904e-01     3.9745      5.989      8.687    10.4602   999.7035 0.0000e+00
      6.109      0.002     7.3031     65.453     36.108  25.631132     0.6161      8.204   305.9200 8.2681e-01     3.9777      5.990      8.689    10.4696   999.7026 0.0000e+00
      6.110      0.002     7.2771     65.228     36.162  25.672887     0.6142      8.204   306.3557 8.1975e-01     3.9742      5.992      8.691    10.4736   999.7022 0.0000e+00
      6.110      0.002     7.2531     65.024     36.283  25.764032     0.6171      8.203   307.0351 8.2633e-01     3.9645      5.992      8.691    10.4779   999.7018 0.0000e+00
      6.111      0.002     7.2336     64.867     36.385  25.844986     0.6342      8.200   306.7349 8.3254e-01     4.0247      5.992      8.691    10.4846   999.7012 0.0000e+00
      6.111      0.001     7.2179     64.752     36.432  25.890415     0.6651      8.199   305.5652 8.3560e-01     4.1442      5.993      8.692    10.4892   999.7008 0.0000e+00
      6.111      0.000     7.2064     64.674     36.474  25.932674     0.6782      8.199   305.1096 8.3877e-01     4.1977      5.992      8.691    10.4951   999.7002 0.0000e+00
      6.111 6.1270e-08     7.1969     64.615     36.515  25.975289     0.6712      8.198   305.2706 8.3383e-01     4.2125      5.993      8.692    10.5007   999.6997 0.0000e+00
      6.111 6.7396e-07     7.1850     64.544     36.561  26.025029     0.6493      8.196   305.6188 8.2365e-01     4.2578      5.993      8.693    10.5112   999.6988 0.0000e+00
      6.111      0.000     7.1718     64.467     36.624  26.090009     0.6216      8.195   306.3078 8.1676e-01     4.3189      5.993      8.692    10.5318   999.6968 0.0000e+00
      6.111      0.000     7.1575     64.376     36.649  26.126555     0.6231      8.192   306.8044 8.1911e-01     4.3619      5.993      8.692    10.5479   999.6953 0.0000e+00
      6.111      0.001     7.1375     64.229     36.659  26.149720     0.6328      8.191   306.6332 8.2121e-01     4.3846      5.992      8.691    10.5617   999.6940 0.0000e+00
      6.111      0.002     7.1098     64.004     36.684  26.179787     0.6433      8.190   305.9588 8.1094e-01     4.2985      5.993      8.692    10.5865   999.6916 0.0000e+00
      6.111      0.003     7.0790     63.728     36.674  26.172892     0.6713      8.188   305.4475 8.0785e-01     4.0738      5.993      8.692    10.6191   999.6885 0.0000e+00
      6.112      0.003     7.0503     63.453     36.626  26.129799     0.6855      8.187   305.3554 8.1658e-01     3.9288      5.994      8.693    10.6422   999.6864 0.0000e+00
      6.114      0.003     7.0223     63.188     36.596  26.102843     0.6852      8.186   305.4473 8.1840e-01     3.9553      5.997      8.697    10.6630   999.6843 0.0000e+00
      6.115      0.003     6.9926     62.917     36.596  26.100724     0.6930      8.184   305.6120 8.1675e-01     4.0007      5.999      8.700    10.6875   999.6820 0.0000e+00
      6.115      0.002     6.9643     62.662     36.601  26.104172     0.6931      8.182   305.7980 8.1660e-01     3.9864      5.998      8.699    10.6864   999.6821 0.0000e+00
      6.115      0.001     6.9403     62.447     36.657  26.144534     0.6786      8.182   306.4055 8.1491e-01     3.9791      5.997      8.698    10.6663   999.6840 0.0000e+00
      6.115      0.000     6.9199     62.265     36.745  26.208089     0.6656      8.181   307.1070 8.0760e-01     3.9780      5.998      8.699    10.6572   999.6849 0.0000e+00
      6.115 1.2734e-11     6.9054     62.133     36.788  26.238185     0.6568      8.180   306.8795 8.0035e-01     3.9729      5.997      8.698    10.6588   999.6847 0.0000e+00
      6.116 1.4008e-10     6.8987     62.078     36.808  26.254650     0.6508      8.179   306.4945 8.1049e-01     4.0481      5.998      8.699    10.6581   999.6848 0.0000e+00
      6.116 1.5409e-09     6.8956     62.083     36.820  26.280282     0.6363      8.178   306.6678 8.2154e-01     4.1661      5.998      8.700    10.6568   999.6849 0.0000e+00
      6.116 1.6950e-08     6.8941     62.132     36.795  26.294349     0.6190      8.177   306.7386 8.2178e-01     4.2200      5.998      8.699    10.6612   999.6845 0.0000e+00
      6.116 1.8645e-07     6.8951     62.202     36.757  26.297893     0.6157      8.175   306.6618 8.2839e-01     4.2419      5.998      8.699    10.6600   999.6847 0.0000e+00
      6.116 1.8645e-07     6.8943     62.235     36.764  26.323163     0.6314      8.173   307.4603 8.2540e-01     4.2674      5.998      8.700    10.6536   999.6854 0.0000e+00
      6.116 1.6950e-08     6.8879     62.207     36.775  26.346138     0.6605      8.172   308.9070 8.0698e-01     4.2658      5.997      8.699    10.6737   999.6834 0.0000e+00
      6.116 1.5467e-09     6.8767     62.135     36.720  26.321923     0.6728      8.171   309.5272 8.0284e-01     4.2217      5.998      8.700    10.7295   999.6779 0.0000e+00
      6.116 2.0420e-10     6.8620     62.021     36.654  26.284161     0.6760      8.169   309.6252 8.1462e-01     4.1930      5.998      8.700    10.7788   999.6731 0.0000e+00
      6.116 7.1807e-10     6.8477     61.889     36.637  26.270234     0.6821      8.167   309.7474 8.2163e-01     4.2136      5.998      8.699    10.7989   999.6711 0.0000e+00
      6.116 7.7599e-09     6.8371     61.770     36.668  26.280418     0.6775      8.166   309.3705 8.2473e-01     4.2417      5.998      8.700    10.8171   999.6694 0.0000e+00
      6.117 8.5346e-08     6.8296     61.672     36.689  26.280390     0.6719      8.166   308.7673 8.3239e-01     4.2698      5.998      8.700    10.8414   999.6669 0.0000e+00
      6.117 9.3880e-07     6.8238     61.597     36.690  26.269882     0.6674      8.165   309.5089 8.3154e-01     4.2586      5.998      8.700    10.8588   999.6651 0.0000e+00
      6.117      0.000     6.8192     61.552     36.707  26.280242     0.6752      8.163   311.3679 8.2056e-01     4.2055      5.998      8.699    10.8561   999.6654 0.0000e+00
      6.117      0.000     6.8155     61.532     36.695  26.278765     0.6962      8.162   312.3167 8.2076e-01     4.1852      5.998      8.700    10.8343   999.6676 0.0000e+00
      6.117      0.001     6.8124     61.527     36.641  26.252026     0.7044      8.161   312.3767 8.3683e-01     4.2100      5.998      8.700    10.8115   999.6698 0.0000e+00
      6.117      0.004     6.8087     61.518     36.566  26.210728     0.7044      8.160   312.0072 8.4473e-01     4.2423      5.998      8.700    10.7925   999.6717 0.0000e+00
      6.117      0.006     6.8052     61.497     36.488  26.160107     0.7134      8.159   311.2907 8.3253e-01     4.2481      5.998      8.700    10.7880   999.6722 0.0000e+00
      6.117      0.008     6.8048     61.465     36.492  26.147517     0.7103      8.158   311.0264 8.1583e-01     4.2144      5.998      8.700    10.8028   999.6707 0.0000e+00
      6.120      0.010     6.8077     61.428     36.589  26.185365     0.6846      8.157   311.4794 8.0490e-01     4.1630      6.001      8.704    10.8183   999.6692 0.0000e+00
      6.126      0.011     6.8099     61.389     36.703  26.237036     0.6703      8.155   312.2936 8.0817e-01     4.1510      6.009      8.715    10.8398   999.6671 0.0000e+00
      6.130      0.011     6.8095     61.355     36.764  26.264693     0.6763      8.155   312.9550 8.1817e-01     4.2005      6.014      8.722    10.8586   999.6651 0.0000e+00
      6.132      0.010     6.8089     61.341     36.772  26.265969     0.7048      8.154   313.1959 8.1480e-01     4.2041      6.013      8.721    10.8343   999.6676 0.0000e+00
      6.134      0.008     6.8102     61.352     36.753  26.252461     0.7473      8.153   313.1419 8.0839e-01     4.0959      6.014      8.723    10.7783   999.6732 0.0000e+00
      6.137      0.005     6.8158     61.404     36.719  26.228258     0.7652      8.151   312.9891 8.0831e-01     4.0065      6.020      8.731    10.7303   999.6780 0.0000e+00
      6.138      0.003     6.8248     61.483     36.719  26.227105     0.7646      8.151   312.8972 8.0467e-01     4.0089      6.019      8.730    10.7127   999.6797 0.0000e+00
      6.138      0.003     6.8338     61.561     36.737  26.238525     0.7488      8.150   312.7196 8.0053e-01     4.0255      6.019      8.728    10.7100   999.6799 0.0000e+00
      6.138      0.004     6.8435     61.647     36.739  26.239450     0.7045      8.149   312.5623 8.0457e-01     4.0107      6.021      8.731    10.7114   999.6798 0.0000e+00
      6.138      0.008     6.8522     61.717     36.744  26.238287     0.6710      8.148   312.8022 8.1897e-01     3.9942      6.020      8.729    10.7146   999.6794 0.0000e+00
      6.138      0.012     6.8573     61.735     36.745  26.224460     0.6642      8.148   313.2117 8.2543e-01     3.9894      6.019      8.729    10.7101   999.6799 0.0000e+00
      6.141      0.015     6.8600     61.714     36.742  26.199140     0.6751      8.147   313.6411 8.0266e-01     3.9860      6.021      8.733    10.7080   999.6801 0.0000e+00
      6.148      0.015     6.8585     61.659     36.753  26.185881     0.6980      8.145   313.9506 7.7607e-01     3.9857      6.028      8.743    10.7083   999.6801 0.0000e+00
