Data/DataNotYetUploadedToEDI/062019_FCR50.cnv
* Sea-Bird SBE19plus  Data File:
* FileName = C:\DATA\06202019_FCR_50_0001.hex
* Software version 2.8.0.119 SB_Terminal.dll
* Temperature SN = 7809
* Conductivity SN = 7809
* System UpLoad Time = Jun 20 2019 15:43:28
* <ApplicationData>
* <Seaterm232>
# nquan = 16
# nvalues = 806                         
# units = specified
# name 0 = depFM: Depth [fresh water, m]
# name 1 = dz/dtM: Descent Rate [m/s]
# name 2 = sbeox0Mg/L: Oxygen, SBE 43 [mg/l]
# name 3 = sbeox0PS: Oxygen, SBE 43 [% saturation]
# name 4 = specc: Specific Conductance [uS/cm]
# name 5 = c0uS/cm: Conductivity [uS/cm]
# name 6 = flECO-AFL: Fluorescence, WET Labs ECO-AFL/FL [mg/m^3]
# name 7 = ph: pH
# name 8 = orp: Oxidation Reduction Potential [mV]
# name 9 = par/sat/log: PAR/Logarithmic, Satlantic
# name 10 = turbWETntu0: Turbidity, WET Labs ECO [NTU]
# name 11 = prdM: Pressure, Strain Gauge [db]
# name 12 = prdE: Pressure, Strain Gauge [psi]
# name 13 = tv290C: Temperature [ITS-90, deg C]
# name 14 = density00: Density [density, kg/m^3]
# name 15 = flag:  0.000e+00
# span 0 =     -0.699,      9.520       
# span 1 =     -0.007,      0.202       
# span 2 =    -0.3176,    11.9813       
# span 3 =     -2.815,    142.757       
# span 4 =     -0.002,     71.933       
# span 5 =  -0.002433,  50.366914       
# span 6 =    -0.1449,     4.0710       
# span 7 =     -2.355,     10.282       
# span 8 =  -218.3423,   863.0207       
# span 9 = 1.2342e-01, 3.0011e+02       
# span 10 =    -0.5521,    48.9460      
# span 11 =     -0.686,      9.337      
# span 12 =     -0.994,     13.542      
# span 13 =    10.0024,    24.9013      
# span 14 =   997.0893,   999.7731      
# span 15 = 0.0000e+00, 0.0000e+00      
# interval = seconds: 0.25
# start_time = Jun 20 2019 15:10:10 [Instrument's time stamp, header]
# bad_flag = -9.990e-29
*END*
[from data line 272]
      1.746      0.095    11.5076    130.256     33.341  30.981848     3.7548      8.737   242.0046 3.8922e+01     2.8260      1.713      2.485    21.7918   997.8436 0.0000e+00
      1.771      0.097    11.4844    129.760     33.368  30.945436     3.7044      8.729   243.2238 3.8062e+01     2.8403      1.738      2.520    21.7430   997.8546 0.0000e+00
      1.795      0.094    11.4334    128.995     33.409  30.933307     3.6961      8.727   243.6093 3.7227e+01     2.7979      1.759      2.551    21.6592   997.8734 0.0000e+00
      1.820      0.090    11.3560    127.995     33.409  30.898583     3.6894      8.725   243.5670 3.6350e+01     2.8385      1.785      2.589    21.5552   997.8968 0.0000e+00
      1.844      0.087    11.2641    126.865     33.375  30.842815     3.6749      8.722   243.6599 3.5710e+01     2.9047      1.813      2.628    21.4562   997.9188 0.0000e+00
      1.862      0.086    11.1752    125.752     33.325  30.766629     3.6598      8.719   243.7860 3.5156e+01     2.8779      1.826      2.647    21.3595   997.9402 0.0000e+00
      1.881      0.086    11.1017    124.770     33.273  30.675381     3.6457      8.714   244.4033 3.4391e+01     2.8094      1.841      2.671    21.2783   997.9582 0.0000e+00
      1.904      0.089    11.0472    123.960     33.280  30.627847     3.6249      8.707   245.7027 3.3647e+01     2.7971      1.868      2.710    21.2341   997.9680 0.0000e+00
      1.926      0.090    11.0112    123.344     33.353  30.636005     3.5300      8.700   246.9353 3.2999e+01     2.7626      1.889      2.740    21.2038   997.9747 0.0000e+00
      1.948      0.088    10.9926    122.945     33.421  30.647031     3.3654      8.695   247.7779 3.2200e+01     2.6538      1.906      2.764    21.1633   997.9836 0.0000e+00
      1.976      0.080    10.9837    122.735     33.441  30.634181     3.2731      8.693   248.2331 3.1259e+01     2.5952      1.937      2.808    21.0984   997.9979 0.0000e+00
      2.005      0.071    10.9760    122.618     33.422  30.607509     3.2553      8.691   248.2236 3.0593e+01     2.6114      1.973      2.860    21.0123   998.0167 0.0000e+00
      2.022      0.064    10.9675    122.498     33.397  30.578341     3.1766      8.687   248.0057 3.0382e+01     2.5879      1.989      2.883    20.9212   998.0366 0.0000e+00
      2.027      0.062    10.9574    122.324     33.369  30.535318     3.0408      8.681   248.2665 3.0290e+01     2.5077      1.988      2.883    20.8305   998.0561 0.0000e+00
      2.031      0.066    10.9467    122.110     33.324  30.468031     2.9740      8.674   249.1396 3.0000e+01     2.4929      1.989      2.884    20.7816   998.0666 0.0000e+00
      2.043      0.076    10.9429    121.912     33.296  30.399275     2.9679      8.666   249.8725 2.9380e+01     2.5070      1.999      2.899    20.7875   998.0654 0.0000e+00
      2.067      0.090    10.9474    121.744     33.296  30.338473     2.9661      8.660   250.2440 2.8592e+01     2.4499      2.025      2.938    20.7824   998.0666 0.0000e+00
      2.097      0.105    10.9536    121.586     33.327  30.303883     2.9699      8.656   250.5340 2.7760e+01     2.4250      2.056      2.982    20.7501   998.0736 0.0000e+00
      2.132      0.115    10.9595    121.470     33.376  30.298224     2.9798      8.653   250.7984 2.6792e+01     2.4684      2.088      3.028    20.7194   998.0804 0.0000e+00
      2.169      0.118    10.9693    121.455     33.383  30.269983     2.9986      8.649   251.2039 2.5920e+01     2.4827      2.130      3.090    20.6561   998.0940 0.0000e+00
      2.200      0.116    10.9874    121.513     33.367  30.216192     3.1103      8.645   251.9958 2.5307e+01     2.4017      2.160      3.133    20.5541   998.1158 0.0000e+00
      2.225      0.113    11.0134    121.557     33.374  30.155412     3.3161      8.642   252.9731 2.4702e+01     2.2756      2.180      3.162    20.4522   998.1375 0.0000e+00
      2.251      0.109    11.0430    121.568     33.417  30.106088     3.4325      8.639   253.6419 2.4046e+01     2.2354      2.207      3.201    20.3706   998.1548 0.0000e+00
      2.277      0.108    11.0738    121.590     33.467  30.063868     3.4511      8.635   253.8882 2.3464e+01     2.2442      2.234      3.239    20.3333   998.1627 0.0000e+00
      2.303      0.109    11.1078    121.670     33.515  30.025522     3.4549      8.631   254.2305 2.2897e+01     2.2177      2.258      3.275    20.2950   998.1709 0.0000e+00
      2.331      0.110    11.1470    121.827     33.597  30.023061     3.4517      8.625   255.1128 2.2267e+01     2.1448      2.285      3.314    20.1831   998.1944 0.0000e+00
      2.361      0.106    11.1870    122.031     33.681  30.034015     3.4557      8.620   256.2962 2.1649e+01     2.0510      2.316      3.359    20.0393   998.2244 0.0000e+00
      2.391      0.099    11.2238    122.284     33.723  30.030979     3.4598      8.616   257.0961 2.1053e+01     2.0340      2.345      3.401    19.9058   998.2520 0.0000e+00
      2.420      0.090    11.2643    122.655     33.695  29.986291     3.4757      8.614   257.2984 2.0524e+01     2.0373      2.376      3.445    19.7865   998.2765 0.0000e+00
      2.444      0.084    11.3172    123.155     33.591  29.874389     3.6131      8.612   257.2802 2.0248e+01     1.9259      2.402      3.485    19.6742   998.2995 0.0000e+00
      2.458      0.080    11.3778    123.630     33.515  29.756640     3.8561      8.608   257.3917 2.0093e+01     1.8022      2.411      3.497    19.5668   998.3214 0.0000e+00
      2.469      0.078    11.4277    123.865     33.550  29.704670     3.9937      8.603   257.6997 1.9788e+01     1.7864      2.418      3.506    19.5079   998.3333 0.0000e+00
      2.487      0.076    11.4523    123.818     33.630  29.690074     4.0116      8.599   258.5097 1.9338e+01     1.8009      2.436      3.533    19.4909   998.3367 0.0000e+00
      2.512      0.076    11.4586    123.646     33.651  29.643498     4.0123      8.597   259.6136 1.8848e+01     1.8134      2.462      3.571    19.4810   998.3389 0.0000e+00
      2.538      0.076    11.4630    123.507     33.642  29.585608     4.0098      8.594   260.2060 1.8462e+01     1.8384      2.493      3.614    19.4112   998.3529 0.0000e+00
      2.558      0.074    11.4738    123.439     33.670  29.561124     4.0083      8.590   260.4238 1.8237e+01     1.8416      2.513      3.645    19.2619   998.3827 0.0000e+00
      2.573      0.069    11.4933    123.454     33.704  29.537749     4.0196      8.588   260.4403 1.8013e+01     1.8203      2.522      3.658    19.1245   998.4100 0.0000e+00
      2.589      0.063    11.5193    123.568     33.631  29.429824     4.0425      8.586   260.3192 1.7722e+01     1.7440      2.537      3.680    19.0329   998.4280 0.0000e+00
      2.606      0.062    11.5486    123.748     33.417  29.207910     4.0594      8.583   260.7668 1.7483e+01     1.6080      2.557      3.709    18.9690   998.4406 0.0000e+00
      2.619      0.066    11.5796    123.911     33.172  28.948415     4.0682      8.578   261.7225 1.7356e+01     1.5185      2.571      3.728    18.8987   998.4544 0.0000e+00
      2.629      0.071    11.6049    123.937     33.037  28.766778     4.0710      8.574   262.4096 1.7175e+01     1.5475      2.575      3.736    18.8086   998.4719 0.0000e+00
      2.646      0.074    11.6194    123.809     33.075  28.724796     4.0667      8.570   262.8797 1.6783e+01     1.5980      2.589      3.756    18.7421   998.4848 0.0000e+00
      2.672      0.076    11.6249    123.638     33.110  28.694521     4.0598      8.567   263.4487 1.6312e+01     1.5724      2.620      3.800    18.7026   998.4925 0.0000e+00
      2.701      0.080    11.6354    123.614     32.957  28.527532     4.0571      8.563   264.0402 1.5967e+01     1.5330      2.653      3.847    18.6422   998.5041 0.0000e+00
      2.721      0.085    11.6731    123.867     32.728  28.291912     4.0511      8.560   264.6114 1.5780e+01     1.5472      2.672      3.876    18.5395   998.5238 0.0000e+00
      2.735      0.088    11.7393    124.292     32.623  28.129734     3.9347      8.556   264.7625 1.5615e+01     1.5805      2.681      3.888    18.4128   998.5479 0.0000e+00
      2.751      0.090    11.8126    124.731     32.602  28.025852     3.7170      8.552   264.5765 1.5320e+01     1.5749      2.693      3.905    18.3075   998.5680 0.0000e+00
      2.776      0.092    11.8758    125.118     32.492  27.860567     3.5947      8.550   264.8578 1.4923e+01     1.5454      2.719      3.944    18.2749   998.5741 0.0000e+00
      2.807      0.095    11.9243    125.369     32.327  27.653908     3.5746      8.549   265.4106 1.4552e+01     1.5509      2.754      3.994    18.2472   998.5793 0.0000e+00
      2.837      0.096    11.9555    125.384     32.231  27.493896     3.5698      8.548   266.0986 1.4250e+01     1.5755      2.784      4.037    18.1183   998.6035 0.0000e+00
      2.862      0.093    11.9687    125.166     32.207  27.385021     3.5448      8.547   266.9811 1.4001e+01     1.5157      2.808      4.072    17.9592   998.6331 0.0000e+00
      2.882      0.086    11.9639    124.773     32.271  27.352514     3.4982      8.546   266.8744 1.3789e+01     1.3856      2.828      4.101    17.8643   998.6507 0.0000e+00
      2.901      0.081    11.9423    124.262     32.358  27.354514     3.4827      8.544   266.0134 1.3600e+01     1.3131      2.846      4.126    17.7787   998.6663 0.0000e+00
      2.920      0.080    11.9185    123.806     32.259  27.218788     3.4797      8.542   266.0345 1.3438e+01     1.2944      2.864      4.153    17.6533   998.6891 0.0000e+00
      2.937      0.084    11.9129    123.534     32.039  26.980272     3.4700      8.539   266.6144 1.3284e+01     1.2572      2.880      4.178    17.5065   998.7156 0.0000e+00
      2.956      0.088    11.9265    123.318     31.952  26.817998     3.4696      8.537   267.3458 1.3087e+01     1.1913      2.897      4.201    17.3689   998.7402 0.0000e+00
      2.980      0.091    11.9430    123.007     31.972  26.715842     3.4664      8.535   268.3383 1.2816e+01     1.1198      2.918      4.234    17.2511   998.7613 0.0000e+00
      3.010      0.092    11.9501    122.629     32.008  26.633152     3.4578      8.535   268.8928 1.2551e+01     1.0821      2.952      4.282    17.1795   998.7740 0.0000e+00
      3.038      0.089    11.9415    122.200     32.045  26.579375     3.3993      8.534   268.4577 1.2371e+01     1.0951      2.983      4.327    17.1311   998.7825 0.0000e+00
      3.061      0.084    11.9160    121.657     32.046  26.509624     3.2883      8.534   267.4656 1.2219e+01     1.1139      3.003      4.355    16.9851   998.8080 0.0000e+00
      3.079      0.077    11.8770    120.933     32.041  26.424137     3.2249      8.534   267.1358 1.2076e+01     1.1126      3.020      4.380    16.7686   998.8455 0.0000e+00
      3.096      0.071    11.8215    119.993     32.091  26.370406     3.2220      8.533   267.6543 1.1967e+01     1.1116      3.037      4.405    16.5804   998.8775 0.0000e+00
      3.111      0.066    11.7470    118.886     32.196  26.367378     3.2104      8.532   268.3996 1.1863e+01     1.1028      3.051      4.425    16.4580   998.8982 0.0000e+00
      3.127      0.065    11.6587    117.753     32.296  26.387422     3.1796      8.531   268.9194 1.1742e+01     1.1035      3.066      4.447    16.3711   998.9128 0.0000e+00
      3.143      0.065    11.5650    116.730     32.285  26.358909     3.1624      8.528   269.2078 1.1606e+01     1.1196      3.083      4.471    16.2394   998.9347 0.0000e+00
      3.160      0.066    11.4769    115.832     32.187  26.276369     3.1589      8.525   269.5633 1.1463e+01     1.1021      3.099      4.494    16.0815   998.9607 0.0000e+00
      3.178      0.069    11.4070    114.991     32.154  26.214188     3.1624      8.523   269.8621 1.1325e+01     1.0882      3.116      4.520    15.9302   998.9854 0.0000e+00
      3.195      0.071    11.3592    114.181     32.216  26.178023     3.1439      8.522   270.1536 1.1199e+01     1.1148      3.133      4.543    15.8200   999.0032 0.0000e+00
      3.212      0.072    11.3252    113.432     32.323  26.156197     3.0919      8.519   270.6776 1.1067e+01     1.1288      3.149      4.567    15.8033   999.0061 0.0000e+00
      3.231      0.071    11.2897    112.717     32.422  26.140481     3.0536      8.516   271.2948 1.0916e+01     1.0944      3.168      4.595    15.8389   999.0004 0.0000e+00
      3.253      0.071    11.2397    111.951     32.479  26.114771     3.0366      8.513   271.7652 1.0755e+01     1.0595      3.190      4.626    15.7971   999.0070 0.0000e+00
      3.273      0.074    11.1732    111.070     32.534  26.099014     3.0161      8.511   272.1487 1.0640e+01     1.0675      3.213      4.660    15.6346   999.0331 0.0000e+00
      3.287      0.079    11.0883    109.976     32.592  26.076771     2.9877      8.509   272.7486 1.0591e+01     1.0925      3.225      4.678    15.4481   999.0624 0.0000e+00
      3.300      0.084    10.9858    108.651     32.649  26.036076     2.9787      8.506   273.4265 1.0487e+01     1.1316      3.232      4.687    15.2937   999.0864 0.0000e+00
      3.322      0.088    10.8717    107.201     32.701  25.987516     2.9859      8.504   273.8053 1.0262e+01     1.1470      3.254      4.720    15.1886   999.1027 0.0000e+00
      3.352      0.091    10.7402    105.609     32.739  25.933617     2.9973      8.502   273.9737 1.0022e+01     1.0497      3.290      4.770    15.1146   999.1141 0.0000e+00
      3.382      0.092    10.5829    103.790     32.786  25.891815     3.0300      8.501   274.2573 9.8489e+00     0.9053      3.319      4.814    15.0144   999.1295 0.0000e+00
      3.406      0.090    10.4002    101.745     32.844  25.862640     3.0509      8.501   274.6537 9.7193e+00     0.8429      3.341      4.846    14.8718   999.1510 0.0000e+00
      3.427      0.084    10.1944     99.498     32.899  25.834536     3.0418      8.501   274.9800 9.6080e+00     0.8195      3.362      4.876    14.7248   999.1728 0.0000e+00
      3.446      0.077     9.9647     97.048     32.944  25.805694     3.0677      8.500   275.2775 9.5148e+00     0.8524      3.381      4.903    14.6010   999.1911 0.0000e+00
      3.463      0.072     9.7153     94.463     32.957  25.767606     3.1302      8.499   275.4979 9.4208e+00     0.9792      3.396      4.924    14.4809   999.2087 0.0000e+00
      3.480      0.071     9.4603     91.873     32.987  25.754597     3.1552      8.497   275.6653 9.3081e+00     1.0737      3.413      4.950    14.3648   999.2255 0.0000e+00
      3.498      0.072     9.2114     89.347     33.061  25.775252     3.1452      8.495   275.9257 9.1955e+00     1.0774      3.432      4.978    14.2604   999.2405 0.0000e+00
      3.515      0.074     8.9768     86.984     33.084  25.763533     3.1134      8.492   276.3229 9.0967e+00     0.9912      3.446      4.997    14.1522   999.2559 0.0000e+00
      3.533      0.076     8.7680     84.904     33.080  25.739752     3.0655      8.489   276.9404 8.9942e+00     0.8836      3.463      5.022    14.0775   999.2663 0.0000e+00
      3.555      0.080     8.5960     83.132     33.133  25.741453     3.0429      8.487   277.6277 8.8758e+00     0.8581      3.486      5.057    14.0402   999.2716 0.0000e+00
      3.576      0.087     8.4569     81.568     33.293  25.784058     3.0391      8.484   278.0078 8.7656e+00     0.8791      3.510      5.090    13.9739   999.2810 0.0000e+00
      3.596      0.096     8.3386     80.130     33.554  25.874157     3.0376      8.481   278.0944 8.6684e+00     0.8749      3.528      5.117    13.9200   999.2886 0.0000e+00
      3.617      0.104     8.2312     78.790     33.796  25.942532     3.0676      8.478   278.2440 8.5236e+00     0.8409      3.543      5.140    13.9136   999.2896 0.0000e+00
