Data/DataNotYetUploadedToEDI/062019_FCR50.cnv
* Sea-Bird SBE19plus  Data File:
* FileName = C:\DATA\06202019_FCR_50_0001.hex
* Software version 2.8.0.119 SB_Terminal.dll
* Temperature SN = 7809
* Conductivity SN = 7809
* System UpLoad Time = Jun 20 2019 15:43:28
* <ApplicationData>
* <Seaterm232>
# nquan = 16
# nvalues = 806                         
# units = specified
# name 0 = depFM: Depth [fresh water, m]
# name 1 = dz/dtM: Descent Rate [m/s]
# name 2 = sbeox0Mg/L: Oxygen, SBE 43 [mg/l]
# name 3 = sbeox0PS: Oxygen, SBE 43 [% saturation]
# name 4 = specc: Specific Conductance [uS/cm]
# name 5 = c0uS/cm: Conductivity [uS/cm]
# name 6 = flECO-AFL: Fluorescence, WET Labs ECO-AFL/FL [mg/m^3]
# name 7 = ph: pH
# name 8 = orp: Oxidation Reduction Potential [mV]
# name 9 = par/sat/log: PAR/Logarithmic, Satlantic
# name 10 = turbWETntu0: Turbidity, WET Labs ECO [NTU]
# name 11 = prdM: Pressure, Strain Gauge [db]
# name 12 = prdE: Pressure, Strain Gauge [psi]
# name 13 = tv290C: Temperature [ITS-90, deg C]
# name 14 = density00: Density [density, kg/m^3]
# name 15 = flag:  0.000e+00
# span 0 =     -0.699,      9.520       
# span 1 =     -0.007,      0.202       
# span 2 =    -0.3176,    11.9813       
# span 3 =     -2.815,    142.757       
# span 4 =     -0.002,     71.933       
# span 5 =  -0.002433,  50.366914       
# span 6 =    -0.1449,     4.0710       
# span 7 =     -2.355,     10.282       
# span 8 =  -218.3423,   863.0207       
# span 9 = 1.2342e-01, 3.0011e+02       
# span 10 =    -0.5521,    48.9460      
# span 11 =     -0.686,      9.337      
# span 12 =     -0.994,     13.542      
# span 13 =    10.0024,    24.9013      
# span 14 =   997.0893,   999.7731      
# span 15 = 0.0000e+00, 0.0000e+00      
# interval = seconds: 0.25
# start_time = Jun 20 2019 15:10:10 [Instrument's time stamp, header]
# bad_flag = -9.990e-29
*END*
[from data line 724]
      9.442      0.042    -0.1067     -0.945     71.820  50.285072     0.4905      7.794   328.3024 1.2360e-01     8.5096      9.262     13.433    10.0033   999.7729 0.0000e+00
      9.449      0.032    -0.0720     -0.638     71.933  50.366914     0.4735      7.788   326.6482 1.2367e-01     8.4554      9.268     13.441    10.0024   999.7731 0.0000e+00
      9.452      0.024    -0.0359     -0.318     71.790  50.270769     0.4484      7.783   324.2142 1.2371e-01     8.3975      9.269     13.444    10.0026   999.7730 0.0000e+00
      9.455      0.019    -0.0035     -0.030     71.506  50.075378     0.4375      7.778   322.2761 1.2366e-01     8.3998      9.272     13.448    10.0035   999.7729 0.0000e+00
      9.459      0.016     0.0245      0.217     70.994  49.719448     0.4376      7.774   321.1103 1.2359e-01     8.4832      9.276     13.454    10.0047   999.7731 0.0000e+00
      9.464      0.016     0.0494      0.438     70.168  49.143086     0.4326      7.770   320.1000 1.2355e-01     9.4377      9.281     13.461    10.0068   999.7729 0.0000e+00
      9.469      0.016     0.0701      0.622     69.159  48.441928     0.4290      7.765   318.7501 1.2354e-01    11.2563      9.285     13.467    10.0096   999.7726 0.0000e+00
      9.473      0.016     0.0896      0.795     68.206  47.783718     0.4286      7.761   317.6096 1.2350e-01    12.2835      9.290     13.475    10.0125   999.7723 0.0000e+00
      9.477      0.015     0.1085      0.962     67.562  47.345357     0.4362      7.757   316.9788 1.2348e-01    12.4195      9.294     13.479    10.0143   999.7720 0.0000e+00
      9.481      0.013     0.1255      1.113     67.257  47.142893     0.5564      7.753   316.6298 1.2352e-01    12.6379      9.297     13.485    10.0153   999.7716 0.0000e+00
      9.484      0.011     0.1443      1.280     67.022  46.986993     0.7714      7.749   316.3998 1.2357e-01    13.0244      9.301     13.490    10.0183   999.7710 0.0000e+00
      9.487      0.009     0.1664      1.477     66.829  46.857565     0.8778      7.745   316.1777 1.2363e-01    13.2577      9.304     13.494    10.0261   999.7699 0.0000e+00
      9.489      0.007     0.1897      1.683     66.723  46.784649     0.8803      7.743   315.6645 1.2368e-01    13.2956      9.306     13.497    10.0364   999.7688 0.0000e+00
      9.490      0.005     0.2149      1.907     66.389  46.549923     0.8793      7.740   314.7554 1.2367e-01    13.2860      9.307     13.498    10.0446   999.7680 0.0000e+00
      9.491      0.004     0.2433      2.159     65.591  45.988217     0.8916      7.736   314.3059 1.2368e-01    13.1094      9.307     13.499    10.0517   999.7673 0.0000e+00
      9.492      0.003     0.2704      2.400     64.198  45.010024     0.9072      7.734   314.6176 1.2373e-01    12.7982      9.308     13.500    10.0563   999.7668 0.0000e+00
      9.492      0.002     0.2924      2.595     62.379  43.740015     0.8948      7.732   315.0823 1.2370e-01    12.6039      9.309     13.501    10.0571   999.7668 0.0000e+00
      9.492      0.002     0.3084      2.737     60.962  42.761061     0.8709      7.729   314.6763 1.2370e-01    12.5302      9.308     13.501    10.0565   999.7667 0.0000e+00
      9.493      0.002     0.3214      2.854     60.392  42.380683     0.8179      7.727   313.4938 1.2377e-01    12.3653      9.309     13.502    10.0546   999.7666 0.0000e+00
      9.493      0.002     0.3346      2.971     60.192  42.252171     0.7317      7.724   312.8304 1.2368e-01    12.0851      9.310     13.503    10.0514   999.7665 0.0000e+00
      9.494      0.002     0.3516      3.123     60.053  42.159647     0.6872      7.721   312.8507 1.2356e-01    11.9277      9.310     13.504    10.0536   999.7655 0.0000e+00
      9.494      0.002     0.3823      3.396     59.947  42.087393     0.6785      7.720   313.0507 1.2359e-01    11.9371      9.311     13.504    10.0684   999.7636 0.0000e+00
      9.495      0.002     0.4373      3.884     59.652  41.886498     0.6607      7.717   312.9260 1.2362e-01    12.3293      9.311     13.505    10.0883   999.7617 0.0000e+00
      9.496      0.002     0.5163      4.588     59.364  41.698897     0.6376      7.715   312.3749 1.2362e-01    13.0984      9.312     13.506    10.0989   999.7607 0.0000e+00
      9.497      0.002     0.6098      5.421     59.283  41.660405     0.6243      7.712   311.7214 1.2362e-01    13.5344      9.313     13.507    10.1001   999.7605 0.0000e+00
      9.497      0.003     0.7081      6.297     59.370  41.738572     0.6298      7.710   310.9619 1.2362e-01    13.7344      9.313     13.508    10.0999   999.7606 0.0000e+00
      9.497      0.003     0.8048      7.158     59.826  42.072592     0.7471      7.708   310.0755 1.2359e-01    15.7783      9.313     13.508    10.1038   999.7601 0.0000e+00
      9.498      0.002     0.8951      7.962     60.553  42.587905     0.9589      7.705   309.4356 1.2357e-01    19.5340      9.315     13.510    10.1181   999.7587 0.0000e+00
      9.499      0.002     0.9736      8.659     61.079  42.953215     1.0670      7.703   308.6457 1.2360e-01    21.6197      9.315     13.511    10.1354   999.7572 0.0000e+00
      9.500      0.002     1.0344      9.198     60.971  42.870337     1.0831      7.702   307.7517 1.2360e-01    22.1857      9.316     13.512    10.1492   999.7558 0.0000e+00
      9.500      0.002     1.0743      9.553     60.231  42.347762     1.1190      7.702   307.4879 1.2360e-01    26.1808      9.316     13.512    10.1640   999.7547 0.0000e+00
      9.500      0.002     1.0945      9.734     59.142  41.587323     1.1707      7.703   306.7468 1.2364e-01    33.4813      9.317     13.513    10.1669   999.7548 0.0000e+00
      9.501      0.002     1.1007      9.791     57.897  40.723538     1.1975      7.704   305.0724 1.2368e-01    37.4718      9.318     13.514    10.1592   999.7558 0.0000e+00
      9.501      0.002     1.0957      9.749     56.896  40.030472     1.2002      7.705   303.9345 1.2369e-01    37.8560      9.318     13.514    10.1528   999.7563 0.0000e+00
      9.502      0.002     1.0800      9.610     56.213  39.556309     1.2033      7.707   303.5715 1.2364e-01    37.9952      9.318     13.515    10.1496   999.7563 0.0000e+00
      9.502      0.002     1.0655      9.481     55.678  39.180500     1.2264      7.708   302.7475 1.2359e-01    38.9578      9.319     13.516    10.1552   999.7554 0.0000e+00
      9.503      0.001     1.0713      9.532     55.573  39.105195     1.2798      7.710   300.9411 1.2360e-01    40.7117      9.320     13.517    10.1662   999.7539 0.0000e+00
      9.503      0.001     1.1114      9.889     55.828  39.280638     1.3200      7.711   298.4224 1.2357e-01    41.6690      9.320     13.517    10.1783   999.7524 0.0000e+00
      9.503      0.002     1.1947     10.629     55.823  39.270284     1.3305      7.711   296.2133 1.2353e-01    41.7820      9.320     13.517    10.1839   999.7518 0.0000e+00
      9.504      0.002     1.3196     11.739     55.413  38.980003     1.3200      7.711   294.9664 1.2355e-01    42.1105      9.320     13.518    10.1817   999.7516 0.0000e+00
      9.504      0.003     1.4713     13.090     54.907  38.627613     1.2891      7.709   293.8423 1.2360e-01    42.7245      9.320     13.518    10.1827   999.7515 0.0000e+00
      9.505      0.004     1.6336     14.535     54.448  38.310650     1.2687      7.707   292.3441 1.2369e-01    43.0766      9.321     13.519    10.1793   999.7521 0.0000e+00
      9.506      0.005     1.7903     15.932     54.003  38.004283     1.2641      7.705   290.8767 1.2374e-01    43.1892      9.322     13.521    10.1693   999.7530 0.0000e+00
      9.509      0.006     1.9294     17.173     53.582  37.716486     1.2334      7.704   289.8663 1.2366e-01    43.9544      9.324     13.524    10.1671   999.7530 0.0000e+00
      9.511      0.006     2.0444     18.202     53.253  37.497062     1.1841      7.702   289.2484 1.2360e-01    45.2834      9.327     13.527    10.1728   999.7523 0.0000e+00
      9.512      0.006     2.1300     18.969     52.893  37.255617     1.1620      7.699   288.7404 1.2358e-01    45.9523      9.328     13.529    10.1786   999.7517 0.0000e+00
      9.513      0.005     2.1928     19.532     52.365  36.891962     1.1567      7.698   288.1119 1.2357e-01    45.9798      9.329     13.531    10.1839   999.7511 0.0000e+00
      9.514      0.005     2.2431     19.983     51.840  36.527876     1.1640      7.698   287.2416 1.2357e-01    46.1071      9.330     13.532    10.1917   999.7502 0.0000e+00
      9.515      0.004     2.2866     20.372     51.391  36.217702     1.1890      7.697   285.8750 1.2355e-01    46.3433      9.331     13.534    10.2039   999.7490 0.0000e+00
      9.517      0.003     2.3303     20.762     50.626  35.680670     1.2079      7.696   282.7734 1.2355e-01    46.4773      9.333     13.536    10.2168   999.7478 0.0000e+00
      9.518      0.002     2.3810     21.211     49.466  34.858558     1.2099      7.695   278.0473 1.2363e-01    46.5144      9.334     13.537    10.2243   999.7468 0.0000e+00
      9.518      0.002     2.4402     21.735     48.377  34.084529     1.2047      7.694   274.1617 1.2368e-01    46.9231      9.334     13.538    10.2282   999.7462 0.0000e+00
      9.518      0.001     2.5060     22.321     47.542  33.493939     1.2056      7.693   272.0155 1.2367e-01    47.7481      9.334     13.537    10.2357   999.7455 0.0000e+00
      9.518      0.001     2.5780     22.962     46.820  32.985494     1.2039      7.692   270.5957 1.2359e-01    48.1977      9.334     13.537    10.2409   999.7447 0.0000e+00
      9.518      0.001     2.6600     23.694     46.135  32.506412     1.2012      7.691   269.1263 1.2359e-01    48.2307      9.334     13.538    10.2330   999.7450 0.0000e+00
      9.518      0.001     2.7594     24.583     45.614  32.143819     1.1982      7.691   266.8111 1.2371e-01    48.2782      9.335     13.539    10.2239   999.7455 0.0000e+00
      9.518      0.001     2.8798     25.658     45.265  31.901454     1.1770      7.692   263.9402 1.2368e-01    48.4769      9.334     13.538    10.2218   999.7454 0.0000e+00
      9.519      0.001     3.0200     26.909     44.933  31.670199     1.1444      7.694   261.8608 1.2356e-01    48.7978      9.335     13.539    10.2221   999.7451 0.0000e+00
      9.519      0.001     3.1777     28.315     44.607  31.441925     1.1252      7.694   260.3403 1.2359e-01    48.9460      9.335     13.540    10.2266   999.7444 0.0000e+00
      9.519      0.000     3.3487     29.838     44.225  31.172115     1.1263      7.694   259.2353 1.2364e-01    48.9260      9.335     13.539    10.2323   999.7438 0.0000e+00
      9.519 1.8628e-08     3.5289     31.443     43.726  30.819356     1.1666      7.694   258.6528 1.2360e-01    48.7848      9.335     13.540    10.2369   999.7432 0.0000e+00
      9.519 2.0490e-07     3.7107     33.064     43.418  30.603443     1.2316      7.693   257.3413 1.2360e-01    48.5176      9.336     13.539    10.2401   999.7428 0.0000e+00
      9.519 2.0490e-07     3.8810     34.586     43.395  30.592166     1.2615      7.693   255.3385 1.2369e-01    48.3495      9.335     13.540    10.2407   999.7427 0.0000e+00
      9.519 1.8627e-08     4.0306     35.926     43.334  30.556102     1.2679      7.694   253.7959 1.2368e-01    48.2922      9.335     13.539    10.2400   999.7426 0.0000e+00
      9.519 1.6934e-09     4.1568     37.056     43.135  30.421227     1.2658      7.694   252.4569 1.2357e-01    48.1530      9.335     13.539    10.2377   999.7426 0.0000e+00
      9.519 1.5395e-10     4.2634     38.010     42.950  30.293981     1.2534      7.695   251.1074 1.2356e-01    47.9443      9.335     13.540    10.2380   999.7424 0.0000e+00
      9.519 1.3995e-11     4.3571     38.847     42.937  30.286694     1.2573      7.696   250.2132 1.2363e-01    47.8662      9.335     13.539    10.2461   999.7418 0.0000e+00
      9.520 1.2723e-12     4.4425     39.610     43.002  30.333119     1.2695      7.695   249.4744 1.2365e-01    47.8970      9.336     13.540    10.2553   999.7409 0.0000e+00
      9.520 1.1566e-13     4.5210     40.312     43.019  30.347664     1.2702      7.694   248.7133 1.2365e-01    47.9237      9.336     13.540    10.2613   999.7402 0.0000e+00
      9.519 1.0515e-14     4.5897     40.930     43.086  30.399101     1.2655      7.692   248.1520 1.2367e-01    47.9593      9.335     13.540    10.2650   999.7399 0.0000e+00
      9.519 9.5590e-16     4.6485     41.460     43.147  30.447405     1.2649      7.692   247.8510 1.2366e-01    48.0001      9.335     13.540    10.2660   999.7398 0.0000e+00
      9.520 8.6900e-17     4.6990     41.915     43.106  30.424069     1.2632      7.692   247.8275 1.2359e-01    48.0561      9.336     13.541    10.2661   999.7398 0.0000e+00
      9.520 7.9000e-18     4.7383     42.273     43.201  30.497688     1.2457      7.693   247.7814 1.2353e-01    48.1445      9.336     13.540    10.2692   999.7395 0.0000e+00
      9.520 7.1820e-19     4.7647     42.518     43.391  30.639498     1.2173      7.695   247.4651 1.2348e-01    48.2168      9.336     13.541    10.2749   999.7391 0.0000e+00
      9.520 6.5290e-20     4.7781     42.646     43.258  30.552291     1.2054      7.696   247.3598 1.2350e-01    48.2426      9.336     13.541    10.2815   999.7385 0.0000e+00
      9.520 5.9359e-21     4.7795     42.663     43.029  30.395125     1.2063      7.696   247.2823 1.2356e-01    48.2601      9.336     13.540    10.2862   999.7379 0.0000e+00
      9.520 5.4406e-22     4.7712     42.592     42.926  30.325632     1.2022      7.697   246.3554 1.2359e-01    48.2639      9.336     13.541    10.2928   999.7373 0.0000e+00
      9.520 9.8105e-23     4.7648     42.536     42.865  30.283147     1.1990      7.697   245.6169 1.2364e-01    48.2561      9.336     13.540    10.3048   999.7365 0.0000e+00
      9.520 -9.990e-29 -9.990e-29 -9.990e-29 -9.990e-29 -9.990e-29 -9.990e-29 -9.990e-29 -9.990e-29 1.2370e-01 -9.990e-29      9.336     13.540    10.3130   999.7356 0.0000e+00
      9.520 -9.990e-29 -9.990e-29 -9.990e-29 -9.990e-29 -9.990e-29 -9.990e-29 -9.990e-29 -9.990e-29 1.2368e-01 -9.990e-29      9.336     13.541    10.3179   999.7351 0.0000e+00
      9.520 -9.990e-29 -9.990e-29 -9.990e-29 -9.990e-29 -9.990e-29 -9.990e-29 -9.990e-29 -9.990e-29 1.2360e-01 -9.990e-29      9.336     13.541    10.3211   999.7348 0.0000e+00
      9.520 -9.990e-29 -9.990e-29 -9.990e-29 -9.990e-29 -9.990e-29 -9.990e-29 -9.990e-29 -9.990e-29 1.2355e-01 -9.990e-29      9.337     13.542    10.3212   999.7346 0.0000e+00
