Data/DataNotYetUploadedToEDI/Raw_CTD/072720_fcr50_0001.cnv
* Sea-Bird SBE19plus  Data File:
* FileName = C:\DATA\072720_fcr50_0001.hex
* Software version 2.8.0.119
* Temperature SN = 7809
* Conductivity SN = 7809
* System UpLoad Time = Jul 27 2020 10:12:55
* <ApplicationData>
* <Seaterm232>
# nquan = 16
# nvalues = 5906                        
# units = specified
# name 0 = depFM: Depth [fresh water, m]
# name 1 = dz/dtM: Descent Rate [m/s]
# name 2 = sbeox0ML/L: Oxygen, SBE 43 [ml/l]
# name 3 = sbeox0PS: Oxygen, SBE 43 [% saturation]
# name 4 = specc: Specific Conductance [uS/cm]
# name 5 = c0uS/cm: Conductivity [uS/cm]
# name 6 = flECO-AFL: Fluorescence, WET Labs ECO-AFL/FL [mg/m^3]
# name 7 = ph: pH
# name 8 = orp: Oxidation Reduction Potential [mV]
# name 9 = par/sat/log: PAR/Logarithmic, Satlantic
# name 10 = turbWETntu0: Turbidity, WET Labs ECO [NTU]
# name 11 = prdM: Pressure, Strain Gauge [db]
# name 12 = prdE: Pressure, Strain Gauge [psi]
# name 13 = tv290C: Temperature [ITS-90, deg C]
# name 14 = density00: Density [density, kg/m^3]
# name 15 = flag:  0.000e+00
# span 0 =     -0.629,      9.770       
# span 1 =     -4.353,      0.532       
# span 2 =     0.0190,     9.2504       
# span 3 =      0.276,    157.878       
# span 4 =      2.265,    332.189       
# span 5 =   2.344093, 240.626704       
# span 6 =    -1.6392,    37.4986       
# span 7 =      6.273,      8.975       
# span 8 =  -345.8995,   861.4170       
# span 9 = 1.2341e-01, 1.3900e+03       
# span 10 =    -5.8541,   410.4636      
# span 11 =     -0.618,      9.582      
# span 12 =     -0.896,     13.898      
# span 13 =    10.9311,    26.8523      
# span 14 =   996.5731,   999.7667      
# span 15 = 0.0000e+00, 0.0000e+00      
# interval = seconds: 0.25
# start_time = Jul 26 2020 20:24:05 [Instrument's time stamp, header]
# bad_flag = -9.990e-29
*END*
[from data line 2080]
      6.253      0.013     0.1576      2.119     46.297  33.315741     1.5091      6.615   159.8490 1.2362e-01     6.9944      6.133      8.895    10.9838   999.6565 0.0000e+00
      6.255      0.010     0.1575      2.120     46.330  33.339855     1.4851      6.615   160.3194 1.2358e-01     7.0260      6.134      8.897    10.9780   999.6571 0.0000e+00
      6.256      0.006     0.1623      2.108     46.329  33.339760     1.4674      6.615   160.1546 1.2356e-01     7.0350      6.135      8.899    10.9762   999.6573 0.0000e+00
      6.257      0.004     0.1625      2.114     46.292  33.314597     1.4573      6.614   159.7497 1.2352e-01     7.0345      6.136      8.900    10.9775   999.6572 0.0000e+00
      6.257      0.002     0.1634      2.133     46.254  33.289427     1.4581      6.614   159.2094 1.2347e-01     7.0549      6.136      8.899    10.9789   999.6570 0.0000e+00
      6.257      0.001     0.1649      2.130     46.250  33.289237     1.4774      6.614   159.6440 1.2355e-01     7.0417      6.136      8.900    10.9784   999.6571 0.0000e+00
      6.257      0.001     0.1614      2.125     46.279  33.312301     1.4894      6.614   160.7886 1.2364e-01     6.9773      6.137      8.900    10.9785   999.6571 0.0000e+00
      6.257      0.002     0.1624      2.138     46.282  33.314483     1.4894      6.614   161.3480 1.2356e-01     6.9293      6.136      8.900    10.9800   999.6569 0.0000e+00
      6.257      0.003     0.1660      2.141     46.283  33.315627     1.4859      6.613   161.4176 1.2352e-01     6.9422      6.136      8.900    10.9826   999.6567 0.0000e+00
      6.258      0.005     0.1644      2.128     46.297  33.326133     1.4855      6.613   161.1992 1.2356e-01     6.9953      6.137      8.901    10.9863   999.6563 0.0000e+00
      6.259      0.006     0.1627      2.130     46.281  33.314607     1.4848      6.613   160.7722 1.2354e-01     7.0220      6.138      8.902    10.9888   999.6561 0.0000e+00
      6.261      0.008     0.1657      2.142     46.265  33.303167     1.4774      6.613   160.6427 1.2352e-01     7.0241      6.140      8.905    10.9884   999.6561 0.0000e+00
      6.264      0.010     0.1662      2.133     46.283  33.314712     1.5203      6.613   160.8384 1.2357e-01     7.0211      6.143      8.910    10.9876   999.6562 0.0000e+00
      6.267      0.012     0.1633      2.120     46.303  33.327299     1.6126      6.613   161.1600 1.2364e-01     7.0200      6.146      8.914    10.9883   999.6562 0.0000e+00
      6.270      0.013     0.1636      2.124     46.306  33.328442     1.6676      6.612   161.3474 1.2359e-01     7.0454      6.148      8.917    10.9898   999.6560 0.0000e+00
      6.273      0.013     0.1666      2.132     46.302  33.328536     1.6715      6.612   161.2110 1.2351e-01     7.0534      6.152      8.922    10.9896   999.6560 0.0000e+00
      6.278      0.013     0.1645      2.127     46.297  33.328441     1.6300      6.612   160.8025 1.2354e-01     7.1858      6.156      8.929    10.9880   999.6562 0.0000e+00
      6.282      0.013     0.1629      2.109     46.292  33.327297     1.5671      6.612   160.4511 1.2359e-01     7.4781      6.160      8.935    10.9853   999.6565 0.0000e+00
      6.285      0.012     0.1637      2.106     46.273  33.314712     1.5396      6.611   160.4038 1.2359e-01     7.6698      6.164      8.939    10.9835   999.6567 0.0000e+00
      6.287      0.010     0.1650      2.123     46.258  33.303167     1.5454      6.610   160.4895 1.2367e-01     7.7521      6.166      8.943    10.9867   999.6564 0.0000e+00
      6.289      0.008     0.1651      2.145     46.273  33.314608     1.5518      6.610   160.7125 1.2374e-01     7.7874      6.168      8.946    10.9923   999.6558 0.0000e+00
      6.292      0.006     0.1617      2.158     46.287  33.326143     1.5414      6.610   160.9483 1.2367e-01     7.7189      6.171      8.950    10.9957   999.6555 0.0000e+00
      6.293      0.004     0.1620      2.158     46.269  33.315741     1.5243      6.610   160.7594 1.2360e-01     7.5759      6.172      8.952    10.9961   999.6555 0.0000e+00
      6.293      0.004     0.1638      2.155     46.268  33.315750     1.5254      6.609   160.3224 1.2359e-01     7.5004      6.171      8.951    10.9947   999.6556 0.0000e+00
      6.294      0.004     0.1658      2.163     46.283  33.326248     1.5461      6.609   160.1377 1.2357e-01     7.5269      6.172      8.951    10.9942   999.6557 0.0000e+00
      6.294      0.005     0.1671      2.165     46.271  33.315761     1.5840      6.609   160.2468 1.2354e-01     7.5875      6.172      8.952    10.9971   999.6554 0.0000e+00
      6.295      0.006     0.1666      2.133     46.271  33.315866     1.6301      6.608   160.4371 1.2354e-01     7.6843      6.172      8.952    11.0007   999.6550 0.0000e+00
      6.297      0.006     0.1659      2.100     46.284  33.327516     1.6553      6.607   160.4605 1.2358e-01     7.7702      6.175      8.956    11.0013   999.6549 0.0000e+00
      6.300      0.007     0.1664      2.084     46.277  33.329709     1.6598      6.607   160.3570 1.2355e-01     7.8013      6.178      8.961    11.0003   999.6551 0.0000e+00
      6.302      0.008     0.1691      2.067     46.281  33.342389     1.5997      6.607   160.3047 1.2354e-01     7.6492      6.181      8.965    10.9985   999.6553 0.0000e+00
      6.303      0.008     0.1643      2.073     46.283  33.353943     1.4718      6.607   160.2572 1.2356e-01     7.3385      6.182      8.966    10.9964   999.6555 0.0000e+00
      6.305      0.007     0.1607      2.101     46.254  33.342511     1.4006      6.607   160.2142 1.2354e-01     7.2035      6.182      8.966    10.9985   999.6553 0.0000e+00
      6.308      0.007     0.1619      2.123     46.225  33.331077     1.3971      6.607   160.2151 1.2353e-01     7.2525      6.185      8.972    11.0071   999.6544 0.0000e+00
      6.310      0.008     0.1582      2.150     46.231  33.342612     1.3912      6.607   160.2680 1.2353e-01     7.2097      6.188      8.976    11.0193   999.6532 0.0000e+00
      6.311      0.009     0.1588      2.180     46.244  33.355085     1.3863      6.607   160.4235 1.2354e-01     7.0644      6.189      8.976    11.0302   999.6521 0.0000e+00
      6.312      0.010     0.1630      2.191     46.241  33.354980     1.3951      6.607   160.6328 1.2359e-01     6.9711      6.189      8.976    11.0399   999.6511 0.0000e+00
      6.315      0.010     0.1631      2.198     46.224  33.341355     1.4114      6.606   160.7338 1.2363e-01     6.9741      6.192      8.981    11.0515   999.6500 0.0000e+00
      6.319      0.011     0.1651      2.189     46.200  33.317243     1.4407      6.606   160.8698 1.2363e-01     6.9991      6.196      8.987    11.0599   999.6491 0.0000e+00
      6.322      0.011     0.1694      2.148     46.217  33.317245     1.4630      6.606   160.9866 1.2360e-01     6.9635      6.199      8.992    11.0626   999.6488 0.0000e+00
      6.324      0.011     0.1682      2.117     46.268  33.341368     1.4621      6.604   160.8559 1.2355e-01     6.9564      6.202      8.995    11.0645   999.6487 0.0000e+00
      6.327      0.010     0.1696      2.104     46.301  33.355088     1.4585      6.603   160.7522 1.2352e-01     7.0158      6.204      8.999    11.0641   999.6487 0.0000e+00
      6.331      0.010     0.1706      2.108     46.311  33.356223     1.4482      6.603   160.7648 1.2352e-01     7.0295      6.208      9.005    11.0570   999.6494 0.0000e+00
      6.333      0.010     0.1646      2.151     46.317  33.355078     1.4426      6.603   160.7508 1.2356e-01     6.9844      6.211      9.008    11.0426   999.6509 0.0000e+00
      6.334      0.011     0.1625      2.182     46.307  33.341245     1.4570      6.603   160.7547 1.2359e-01     6.9516      6.211      9.008    11.0257   999.6527 0.0000e+00
      6.336      0.012     0.1628      2.158     46.282  33.315865     1.4610      6.603   160.9827 1.2357e-01     6.9764      6.213      9.010    11.0150   999.6538 0.0000e+00
      6.339      0.013     0.1604      2.147     46.270  33.302013     1.4515      6.603   161.3572 1.2357e-01     7.0432      6.216      9.016    11.0110   999.6542 0.0000e+00
      6.344      0.015     0.1660      2.164     46.272  33.300650     1.4282      6.603   161.1530 1.2362e-01     7.1419      6.221      9.023    11.0059   999.6547 0.0000e+00
      6.349      0.017     0.1716      2.159     46.273  33.299382     1.3799      6.603   160.4075 1.2362e-01     7.2081      6.226      9.030    10.9972   999.6556 0.0000e+00
      6.353      0.018     0.1652      2.139     46.258  33.286683     1.3444      6.603   160.0859 1.2361e-01     7.1920      6.231      9.037    10.9885   999.6565 0.0000e+00
      6.356      0.019     0.1642      2.118     46.244  33.274001     1.3328      6.601   160.4476 1.2362e-01     7.1866      6.233      9.041    10.9830   999.6571 0.0000e+00
      6.361      0.019     0.1687      2.109     46.246  33.272951     1.4023      6.601   160.9961 1.2357e-01     7.1432      6.237      9.047    10.9804   999.6574 0.0000e+00
      6.367      0.018     0.1666      2.114     46.250  33.273991     1.5545      6.602   161.2110 1.2347e-01     7.0106      6.244      9.056    10.9794   999.6575 0.0000e+00
      6.373      0.017     0.1652      2.117     46.269  33.286568     1.6375      6.602   160.7228 1.2347e-01     6.9213      6.251      9.067    10.9775   999.6577 0.0000e+00
      6.378      0.016     0.1632      2.114     46.285  33.298113     1.6434      6.602   159.7397 1.2355e-01     6.9224      6.255      9.072    10.9744   999.6580 0.0000e+00
      6.381      0.014     0.1622      2.107     46.270  33.286681     1.6067      6.601   159.1320 1.2357e-01     6.9896      6.258      9.076    10.9712   999.6583 0.0000e+00
      6.383      0.012     0.1634      2.105     46.254  33.275250     1.5281      6.600   159.2262 1.2360e-01     7.0471      6.260      9.079    10.9687   999.6586 0.0000e+00
      6.386      0.012     0.1635      2.115     46.271  33.286796     1.4745      6.600   159.6739 1.2368e-01     7.0339      6.262      9.083    10.9677   999.6588 0.0000e+00
      6.388      0.011     0.1635      2.128     46.289  33.299382     1.4550      6.600   159.9851 1.2367e-01     7.0014      6.265      9.086    10.9675   999.6588 0.0000e+00
      6.391      0.011     0.1625      2.122     46.291  33.300526     1.4155      6.600   159.9781 1.2362e-01     6.9979      6.268      9.091    10.9672   999.6589 0.0000e+00
      6.395      0.011     0.1621      2.116     46.291  33.300630     1.3490      6.599   159.7614 1.2363e-01     6.9913      6.272      9.097    10.9669   999.6589 0.0000e+00
      6.398      0.011     0.1629      2.124     46.290  33.300640     1.3195      6.599   159.4294 1.2360e-01     6.9912      6.275      9.101    10.9665   999.6589 0.0000e+00
      6.400      0.010     0.1654      2.119     46.287  33.300641     1.3251      6.600   159.2335 1.2355e-01     7.0311      6.277      9.103    10.9662   999.6590 0.0000e+00
      6.403      0.010     0.1638      2.101     46.284  33.300640     1.3309      6.600   159.2002 1.2349e-01     7.0272      6.279      9.107    10.9661   999.6590 0.0000e+00
      6.405      0.010     0.1625      2.096     46.281  33.300630     1.3805      6.600   159.2849 1.2348e-01     7.0127      6.281      9.110    10.9663   999.6590 0.0000e+00
      6.407      0.010     0.1647      2.098     46.278  33.300525     1.4770      6.600   159.8267 1.2355e-01     7.0617      6.284      9.113    10.9669   999.6590 0.0000e+00
      6.410      0.011     0.1643      2.107     46.274  33.299371     1.5346      6.600   160.5026 1.2363e-01     7.0707      6.286      9.117    10.9689   999.6587 0.0000e+00
      6.413      0.011     0.1612      2.134     46.255  33.286681     1.5328      6.600   160.5744 1.2363e-01     7.0181      6.288      9.121    10.9716   999.6585 0.0000e+00
      6.416      0.012     0.1620      2.154     46.236  33.274001     1.5417      6.600   160.4374 1.2358e-01     7.0431      6.292      9.126    10.9741   999.6583 0.0000e+00
      6.419      0.012     0.1621      2.147     46.234  33.272951     1.5849      6.599   160.3083 1.2355e-01     7.1674      6.295      9.129    10.9764   999.6580 0.0000e+00
      6.422      0.011     0.1614      2.131     46.234  33.273990     1.6068      6.598   160.0463 1.2356e-01     7.2163      6.298      9.135    10.9782   999.6579 0.0000e+00
      6.425      0.010     0.1653      2.131     46.249  33.286565     1.5962      6.598   160.5388 1.2359e-01     7.1880      6.301      9.139    10.9796   999.6578 0.0000e+00
      6.428      0.010     0.1672      2.137     46.262  33.298101     1.5627      6.598   161.7030 1.2362e-01     7.1350      6.304      9.143    10.9808   999.6576 0.0000e+00
      6.430      0.009     0.1662      2.143     46.246  33.286565     1.5062      6.598   162.1634 1.2364e-01     7.0209      6.306      9.146    10.9805   999.6577 0.0000e+00
      6.431      0.008     0.1635      2.158     46.229  33.273990     1.4754      6.597   161.7176 1.2357e-01     6.9756      6.306      9.147    10.9808   999.6577 0.0000e+00
      6.434      0.008     0.1644      2.175     46.226  33.272950     1.4679      6.597   161.1309 1.2348e-01     6.9994      6.308      9.149    10.9842   999.6574 0.0000e+00
      6.437      0.009     0.1653      2.186     46.226  33.274000     1.4533      6.597   161.0059 1.2347e-01     6.9994      6.312      9.155    10.9867   999.6571 0.0000e+00
      6.439      0.009     0.1647      2.196     46.243  33.286680     1.4508      6.597   161.5825 1.2350e-01     7.0094      6.314      9.158    10.9864   999.6571 0.0000e+00
      6.440      0.009     0.1665      2.188     46.262  33.299370     1.4659      6.596   162.5102 1.2354e-01     7.0180      6.314      9.158    10.9844   999.6573 0.0000e+00
      6.442      0.008     0.1686      2.174     46.263  33.300523     1.4749      6.595   163.0170 1.2354e-01     7.0005      6.317      9.162    10.9854   999.6572 0.0000e+00
      6.446      0.007     0.1680      2.178     46.261  33.300628     1.4544      6.595   162.8917 1.2355e-01     7.0042      6.322      9.169    10.9888   999.6569 0.0000e+00
      6.448      0.006     0.1703      2.165     46.260  33.300638     1.4087      6.595   162.5434 1.2359e-01     7.0625      6.324      9.172    10.9886   999.6569 0.0000e+00
      6.448      0.005     0.1695      2.132     46.262  33.300638     1.3892      6.594   162.4197 1.2356e-01     7.1224      6.323      9.170    10.9867   999.6571 0.0000e+00
      6.449      0.004     0.1661      2.126     46.265  33.300638     1.4006      6.593   162.5147 1.2351e-01     7.1785      6.324      9.171    10.9873   999.6571 0.0000e+00
      6.450      0.003     0.1692      2.151     46.269  33.300629     1.3934      6.593   162.6593 1.2349e-01     7.2256      6.325      9.174    10.9894   999.6569 0.0000e+00
      6.451      0.003     0.1680      2.167     46.270  33.300525     1.3109      6.593   162.7921 1.2347e-01     7.2116      6.326      9.175    10.9908   999.6567 0.0000e+00
      6.451      0.004     0.1633      2.170     46.269  33.299381     1.1764      6.594   162.8293 1.2351e-01     7.1805      6.326      9.175    10.9893   999.6569 0.0000e+00
      6.451      0.006     0.1624      2.156     46.249  33.286806     1.1124      6.595   162.9373 1.2357e-01     7.1931      6.326      9.176    10.9862   999.6572 0.0000e+00
      6.452      0.008     0.1671      2.136     46.232  33.275373     1.1189      6.595   163.0645 1.2360e-01     7.2266      6.326      9.176    10.9831   999.6575 0.0000e+00
      6.454      0.011     0.1673      2.148     46.249  33.288054     1.1406      6.595   162.7326 1.2363e-01     7.1736      6.328      9.180    10.9816   999.6577 0.0000e+00
