Data/DataNotYetUploadedToEDI/Raw_CTD/072720_fcr50_0001.cnv
* Sea-Bird SBE19plus  Data File:
* FileName = C:\DATA\072720_fcr50_0001.hex
* Software version 2.8.0.119
* Temperature SN = 7809
* Conductivity SN = 7809
* System UpLoad Time = Jul 27 2020 10:12:55
* <ApplicationData>
* <Seaterm232>
# nquan = 16
# nvalues = 5906                        
# units = specified
# name 0 = depFM: Depth [fresh water, m]
# name 1 = dz/dtM: Descent Rate [m/s]
# name 2 = sbeox0ML/L: Oxygen, SBE 43 [ml/l]
# name 3 = sbeox0PS: Oxygen, SBE 43 [% saturation]
# name 4 = specc: Specific Conductance [uS/cm]
# name 5 = c0uS/cm: Conductivity [uS/cm]
# name 6 = flECO-AFL: Fluorescence, WET Labs ECO-AFL/FL [mg/m^3]
# name 7 = ph: pH
# name 8 = orp: Oxidation Reduction Potential [mV]
# name 9 = par/sat/log: PAR/Logarithmic, Satlantic
# name 10 = turbWETntu0: Turbidity, WET Labs ECO [NTU]
# name 11 = prdM: Pressure, Strain Gauge [db]
# name 12 = prdE: Pressure, Strain Gauge [psi]
# name 13 = tv290C: Temperature [ITS-90, deg C]
# name 14 = density00: Density [density, kg/m^3]
# name 15 = flag:  0.000e+00
# span 0 =     -0.629,      9.770       
# span 1 =     -4.353,      0.532       
# span 2 =     0.0190,     9.2504       
# span 3 =      0.276,    157.878       
# span 4 =      2.265,    332.189       
# span 5 =   2.344093, 240.626704       
# span 6 =    -1.6392,    37.4986       
# span 7 =      6.273,      8.975       
# span 8 =  -345.8995,   861.4170       
# span 9 = 1.2341e-01, 1.3900e+03       
# span 10 =    -5.8541,   410.4636      
# span 11 =     -0.618,      9.582      
# span 12 =     -0.896,     13.898      
# span 13 =    10.9311,    26.8523      
# span 14 =   996.5731,   999.7667      
# span 15 = 0.0000e+00, 0.0000e+00      
# interval = seconds: 0.25
# start_time = Jul 26 2020 20:24:05 [Instrument's time stamp, header]
# bad_flag = -9.990e-29
*END*
[from data line 2532]
      7.525      0.005     0.1885      2.471     46.231  33.246083     1.5305      6.517   178.7595 1.2359e-01     7.2702      7.380     10.703    10.9530   999.6656 0.0000e+00
      7.526      0.006     0.1893      2.476     46.228  33.244981     1.5888      6.517   178.7285 1.2362e-01     7.1904      7.381     10.705    10.9529   999.6656 0.0000e+00
      7.527      0.007     0.1874      2.488     46.228  33.245448     1.6797      6.517   178.8455 1.2362e-01     7.1408      7.382     10.707    10.9531   999.6656 0.0000e+00
      7.529      0.007     0.1907      2.486     46.235  33.251731     1.7330      6.517   179.1429 1.2360e-01     7.1863      7.384     10.709    10.9534   999.6655 0.0000e+00
      7.531      0.008     0.1914      2.477     46.242  33.257499     1.7378      6.518   179.3984 1.2361e-01     7.2596      7.386     10.712    10.9540   999.6655 0.0000e+00
      7.534      0.009     0.1902      2.483     46.234  33.251731     1.7381      6.518   179.4392 1.2364e-01     7.3060      7.388     10.716    10.9548   999.6654 0.0000e+00
      7.536      0.010     0.1930      2.470     46.228  33.245448     1.7364      6.517   179.4646 1.2367e-01     7.3693      7.390     10.718    10.9559   999.6653 0.0000e+00
      7.538      0.011     0.1928      2.444     46.229  33.244980     1.7359      6.517   179.5333 1.2363e-01     7.4418      7.392     10.720    10.9572   999.6652 0.0000e+00
      7.541      0.012     0.1896      2.445     46.231  33.246082     1.7517      6.516   179.5818 1.2357e-01     7.4961      7.395     10.726    10.9582   999.6651 0.0000e+00
      7.544      0.012     0.1931      2.453     46.250  33.258767     1.8030      6.516   179.6208 1.2359e-01     7.4423      7.398     10.730    10.9577   999.6652 0.0000e+00
      7.547      0.013     0.1918      2.455     46.268  33.271449     1.8790      6.517   179.5738 1.2362e-01     7.3054      7.402     10.735    10.9559   999.6654 0.0000e+00
      7.551      0.013     0.1868      2.466     46.270  33.272508     1.9174      6.517   179.4448 1.2361e-01     7.2487      7.406     10.741    10.9544   999.6656 0.0000e+00
      7.555      0.012     0.1893      2.476     46.268  33.271572     1.9153      6.516   179.3516 1.2357e-01     7.2718      7.409     10.746    10.9532   999.6657 0.0000e+00
      7.557      0.012     0.1898      2.461     46.253  33.260130     1.8060      6.516   179.4796 1.2357e-01     7.3793      7.411     10.749    10.9525   999.6657 0.0000e+00
      7.560      0.011     0.1893      2.446     46.255  33.261067     1.5870      6.516   179.7011 1.2359e-01     7.5516      7.414     10.753    10.9522   999.6658 0.0000e+00
      7.563      0.011     0.1900      2.444     46.285  33.282900     1.4620      6.517   179.7068 1.2359e-01     7.6384      7.417     10.758    10.9520   999.6658 0.0000e+00
      7.566      0.011     0.1927      2.440     46.268  33.270305     1.4476      6.517   179.5479 1.2359e-01     7.6394      7.420     10.761    10.9521   999.6659 0.0000e+00
      7.569      0.011     0.1898      2.433     46.220  33.235687     1.4421      6.516   179.4155 1.2361e-01     7.6321      7.422     10.765    10.9521   999.6658 0.0000e+00
      7.571      0.010     0.1882      2.437     46.234  33.245043     1.4234      6.516   179.3107 1.2358e-01     7.5165      7.424     10.768    10.9517   999.6659 0.0000e+00
      7.574      0.010     0.1893      2.460     46.250  33.256528     1.3928      6.516   179.2262 1.2358e-01     7.3070      7.427     10.772    10.9516   999.6659 0.0000e+00
      7.577      0.010     0.1883      2.481     46.238  33.247643     1.3782      6.516   179.2552 1.2356e-01     7.2269      7.431     10.777    10.9516   999.6660 0.0000e+00
      7.579      0.011     0.1879      2.495     46.262  33.264518     1.3806      6.516   179.4888 1.2348e-01     7.2340      7.433     10.780    10.9511   999.6660 0.0000e+00
      7.582      0.014     0.1869      2.496     46.271  33.270209     1.4209      6.517   179.8141 1.2350e-01     7.2210      7.435     10.784    10.9505   999.6661 0.0000e+00
      7.584      0.019     0.1905      2.476     46.247  33.253001     1.4943      6.517   180.0046 1.2356e-01     7.2073      7.438     10.788    10.9501   999.6661 0.0000e+00
      7.587      0.025     0.1919      2.476     46.238  33.246812     1.5234      6.517   179.9851 1.2356e-01     7.1720      7.440     10.790    10.9500   999.6661 0.0000e+00
      7.592      0.030     0.1926      2.483     46.254  33.258835     1.5344      6.517   179.7506 1.2356e-01     7.1716      7.444     10.794    10.9498   999.6662 0.0000e+00
      7.603      0.032     0.1945      2.458     46.272  33.271466     1.6460      6.516   179.5782 1.2356e-01     7.2024      7.453     10.810    10.9496   999.6663 0.0000e+00
      7.618      0.032     0.1900      2.433     46.274  33.272622     1.8248      6.515   180.2239 1.2359e-01     7.2013      7.472     10.837    10.9495   999.6663 0.0000e+00
      7.631      0.029     0.1903      2.425     46.273  33.272822     1.9219      6.513   181.4485 1.2360e-01     7.1918      7.487     10.858    10.9493   999.6664 0.0000e+00
      7.636      0.023     0.1942      2.425     46.272  33.273881     1.9330      6.512   181.9951 1.2354e-01     7.1917      7.489     10.863    10.9491   999.6665 0.0000e+00
      7.638      0.016     0.1892      2.438     46.285  33.285422     1.8543      6.510   181.7576 1.2350e-01     7.1994      7.489     10.862    10.9492   999.6665 0.0000e+00
      7.639      0.010     0.1874      2.450     46.282  33.285465     1.7040      6.510   181.2440 1.2355e-01     7.2155      7.491     10.866    10.9494   999.6664 0.0000e+00
      7.640      0.005     0.1874      2.446     46.264  33.274404     1.6138      6.510   180.9470 1.2363e-01     7.2160      7.493     10.868    10.9496   999.6665 0.0000e+00
      7.640      0.004     0.1865      2.433     46.268  33.278599     1.5936      6.509   181.4356 1.2363e-01     7.2047      7.492     10.867    10.9514   999.6662 0.0000e+00
      7.641      0.003     0.1885      2.426     46.260  33.272727     1.6217      6.509   182.3339 1.2358e-01     7.2170      7.494     10.868    10.9546   999.6659 0.0000e+00
      7.643      0.003     0.1897      2.425     46.254  33.266855     1.6857      6.508   182.8604 1.2354e-01     7.2268      7.496     10.871    10.9567   999.6657 0.0000e+00
      7.644      0.002     0.1893      2.423     46.259  33.271058     1.7194      6.507   182.9830 1.2353e-01     7.2205      7.496     10.872    10.9586   999.6655 0.0000e+00
      7.644      0.002     0.1876      2.433     46.243  33.260093     1.7149      6.506   182.6973 1.2359e-01     7.2098      7.496     10.872    10.9604   999.6654 0.0000e+00
      7.644      0.001     0.1868      2.434     46.243  33.261175     1.7164      6.506   182.0742 1.2362e-01     7.2002      7.496     10.872    10.9601   999.6654 0.0000e+00
      7.644      0.001     0.1879      2.423     46.274  33.284147     1.7946      6.506   181.9881 1.2358e-01     7.2063      7.496     10.872    10.9583   999.6656 0.0000e+00
      7.644      0.002     0.1861      2.442     46.274  33.284043     1.9357      6.507   182.6879 1.2356e-01     7.2159      7.496     10.872    10.9580   999.6656 0.0000e+00
      7.644      0.003     0.1883      2.470     46.241  33.259917     2.0117      6.507   183.3086 1.2354e-01     7.2137      7.496     10.872    10.9601   999.6654 0.0000e+00
      7.645      0.005     0.1893      2.475     46.223  33.246238     2.0072      6.507   183.4702 1.2350e-01     7.2140      7.496     10.873    10.9617   999.6652 0.0000e+00
      7.646      0.008     0.1851      2.464     46.224  33.245563     2.0250      6.507   183.5229 1.2350e-01     7.3561      7.498     10.876    10.9619   999.6652 0.0000e+00
      7.648      0.010     0.1883      2.448     46.235  33.251743     2.0925      6.507   182.9993 1.2355e-01     7.6273      7.500     10.878    10.9619   999.6652 0.0000e+00
      7.651      0.013     0.1919      2.447     46.246  33.257511     2.1376      6.507   181.9570 1.2354e-01     7.7810      7.503     10.883    10.9614   999.6653 0.0000e+00
      7.656      0.016     0.1912      2.463     46.241  33.251847     2.1321      6.507   181.5905 1.2348e-01     7.7733      7.507     10.888    10.9602   999.6654 0.0000e+00
      7.660      0.018     0.1906      2.466     46.236  33.246707     2.0729      6.507   181.7518 1.2343e-01     7.6025      7.511     10.894    10.9583   999.6656 0.0000e+00
      7.665      0.018     0.1887      2.443     46.254  33.258825     1.9845      6.507   182.1867 1.2347e-01     7.3633      7.517     10.902    10.9564   999.6659 0.0000e+00
      7.671      0.017     0.1879      2.406     46.274  33.271464     1.9402      6.507   182.8037 1.2361e-01     7.2851      7.523     10.911    10.9548   999.6661 0.0000e+00
      7.676      0.016     0.1910      2.377     46.277  33.272614     1.9387      6.506   182.2430 1.2367e-01     7.3096      7.529     10.919    10.9527   999.6663 0.0000e+00
      7.680      0.014     0.1912      2.373     46.277  33.272718     1.9563      6.506   180.6561 1.2361e-01     7.3498      7.532     10.924    10.9508   999.6665 0.0000e+00
      7.683      0.011     0.1893      2.372     46.276  33.272727     1.9810      6.507   179.8777 1.2356e-01     7.4274      7.534     10.927    10.9491   999.6667 0.0000e+00
      7.685      0.009     0.1854      2.346     46.274  33.272722     1.9986      6.507   179.9730 1.2355e-01     7.5270      7.536     10.930    10.9480   999.6668 0.0000e+00
      7.686      0.008     0.1827      2.319     46.271  33.272659     2.0077      6.506   180.4319 1.2354e-01     7.5920      7.538     10.933    10.9473   999.6669 0.0000e+00
      7.688      0.007     0.1830      2.315     46.267  33.271973     1.9669      6.505   181.0377 1.2355e-01     7.6642      7.540     10.936    10.9470   999.6669 0.0000e+00
      7.690      0.006     0.1845      2.312     46.255  33.264422     1.8871      6.505   180.9309 1.2355e-01     7.8165      7.541     10.938    10.9474   999.6669 0.0000e+00
      7.692      0.006     0.1815      2.301     46.227  33.244820     1.8532      6.505   180.2593 1.2350e-01     7.9230      7.543     10.941    10.9486   999.6668 0.0000e+00
      7.694      0.006     0.1774      2.289     46.200  33.225321     1.8621      6.505   179.8865 1.2351e-01     7.9564      7.545     10.943    10.9516   999.6665 0.0000e+00
      7.695      0.006     0.1794      2.285     46.192  33.219024     1.8614      6.505   179.8648 1.2362e-01     7.9462      7.546     10.944    10.9543   999.6662 0.0000e+00
      7.696      0.006     0.1785      2.290     46.212  33.232129     1.8349      6.505   179.9114 1.2367e-01     7.7310      7.547     10.946    10.9551   999.6661 0.0000e+00
      7.698      0.007     0.1778      2.305     46.247  33.256866     1.8093      6.506   180.0194 1.2357e-01     7.4145      7.549     10.949    10.9556   999.6661 0.0000e+00
      7.699      0.007     0.1765      2.313     46.258  33.264307     1.8083      6.506   180.4820 1.2352e-01     7.3118      7.550     10.951    10.9556   999.6661 0.0000e+00
      7.701      0.008     0.1762      2.313     46.251  33.258643     1.8041      6.505   180.9441 1.2359e-01     7.3476      7.552     10.955    10.9548   999.6662 0.0000e+00
      7.704      0.009     0.1764      2.341     46.241  33.251836     1.7688      6.504   180.7895 1.2366e-01     7.3333      7.555     10.958    10.9541   999.6662 0.0000e+00
      7.706      0.009     0.1780      2.377     46.232  33.245458     1.7248      6.504   180.5912 1.2366e-01     7.2753      7.557     10.960    10.9533   999.6664 0.0000e+00
      7.708      0.010     0.1799      2.401     46.232  33.244983     1.7206      6.505   180.6972 1.2362e-01     7.2642      7.559     10.964    10.9528   999.6664 0.0000e+00
      7.711      0.011     0.1766      2.422     46.234  33.246084     1.7456      6.506   180.6944 1.2356e-01     7.3019      7.562     10.967    10.9525   999.6665 0.0000e+00
      7.713      0.013     0.1808      2.432     46.253  33.258778     1.8081      6.505   181.2457 1.2351e-01     7.3535      7.564     10.970    10.9521   999.6665 0.0000e+00
      7.716      0.013     0.1844      2.412     46.273  33.271563     1.8951      6.505   182.4596 1.2354e-01     7.4419      7.567     10.975    10.9515   999.6666 0.0000e+00
      7.721      0.013     0.1850      2.368     46.277  33.273758     1.9290      6.504   182.8960 1.2360e-01     7.4779      7.572     10.981    10.9513   999.6666 0.0000e+00
      7.726      0.013     0.1876      2.339     46.294  33.285303     1.9230      6.504   182.6501 1.2361e-01     7.4457      7.577     10.989    10.9510   999.6667 0.0000e+00
      7.729      0.012     0.1884      2.336     46.293  33.284263     1.8605      6.504   182.2400 1.2358e-01     7.4298      7.580     10.994    10.9502   999.6668 0.0000e+00
      7.731      0.011     0.1877      2.338     46.262  33.261182     1.7351      6.504   181.7233 1.2354e-01     7.4233      7.582     10.996    10.9489   999.6669 0.0000e+00
      7.733      0.010     0.1819      2.333     46.260  33.260028     1.6570      6.505   182.1672 1.2355e-01     7.4015      7.584     10.999    10.9478   999.6670 0.0000e+00
      7.736      0.010     0.1799      2.319     46.275  33.270315     1.6495      6.505   183.3910 1.2358e-01     7.4071      7.586     11.004    10.9473   999.6671 0.0000e+00
      7.738      0.010     0.1805      2.300     46.258  33.258665     1.7206      6.506   184.0445 1.2360e-01     7.6629      7.589     11.006    10.9468   999.6672 0.0000e+00
      7.741      0.010     0.1809      2.304     46.240  33.246075     1.8501      6.506   184.1319 1.2361e-01     8.1256      7.591     11.010    10.9466   999.6672 0.0000e+00
      7.743      0.010     0.1803      2.318     46.238  33.244982     1.9091      6.505   183.9314 1.2357e-01     8.3657      7.594     11.014    10.9465   999.6672 0.0000e+00
      7.746      0.010     0.1797      2.306     46.238  33.245449     1.8995      6.504   183.5130 1.2350e-01     8.3682      7.597     11.018    10.9463   999.6673 0.0000e+00
      7.750      0.010     0.1767      2.287     46.246  33.251722     1.8295      6.504   183.3759 1.2350e-01     8.1222      7.600     11.024    10.9466   999.6672 0.0000e+00
      7.752      0.010     0.1773      2.297     46.254  33.257386     1.6917      6.504   183.5632 1.2353e-01     7.6224      7.602     11.026    10.9470   999.6672 0.0000e+00
      7.754      0.009     0.1806      2.310     46.244  33.250474     1.6074      6.504   183.7991 1.2352e-01     7.3040      7.603     11.028    10.9473   999.6672 0.0000e+00
      7.757      0.009     0.1784      2.294     46.218  33.231601     1.5923      6.504   183.9048 1.2357e-01     7.2592      7.607     11.033    10.9480   999.6671 0.0000e+00
      7.759      0.010     0.1753      2.273     46.202  33.219544     1.5851      6.502   183.8086 1.2363e-01     7.2867      7.609     11.036    10.9485   999.6671 0.0000e+00
      7.760      0.011     0.1771      2.266     46.218  33.231601     1.5875      6.502   183.6684 1.2363e-01     7.3963      7.610     11.037    10.9483   999.6671 0.0000e+00
      7.763      0.012     0.1804      2.285     46.244  33.250485     1.6023      6.502   183.4146 1.2361e-01     7.5888      7.612     11.041    10.9482   999.6671 0.0000e+00
      7.766      0.012     0.1764      2.302     46.254  33.257510     1.6011      6.503   183.0626 1.2356e-01     7.6918      7.616     11.047    10.9481   999.6672 0.0000e+00
      7.770      0.012     0.1758      2.286     46.249  33.253095     1.5831      6.504   182.9401 1.2349e-01     7.6796      7.620     11.052    10.9479   999.6672 0.0000e+00
