Data/DataNotYetUploadedToEDI/Raw_CTD/072720_fcr50_0001.cnv
* Sea-Bird SBE19plus  Data File:
* FileName = C:\DATA\072720_fcr50_0001.hex
* Software version 2.8.0.119
* Temperature SN = 7809
* Conductivity SN = 7809
* System UpLoad Time = Jul 27 2020 10:12:55
* <ApplicationData>
* <Seaterm232>
# nquan = 16
# nvalues = 5906                        
# units = specified
# name 0 = depFM: Depth [fresh water, m]
# name 1 = dz/dtM: Descent Rate [m/s]
# name 2 = sbeox0ML/L: Oxygen, SBE 43 [ml/l]
# name 3 = sbeox0PS: Oxygen, SBE 43 [% saturation]
# name 4 = specc: Specific Conductance [uS/cm]
# name 5 = c0uS/cm: Conductivity [uS/cm]
# name 6 = flECO-AFL: Fluorescence, WET Labs ECO-AFL/FL [mg/m^3]
# name 7 = ph: pH
# name 8 = orp: Oxidation Reduction Potential [mV]
# name 9 = par/sat/log: PAR/Logarithmic, Satlantic
# name 10 = turbWETntu0: Turbidity, WET Labs ECO [NTU]
# name 11 = prdM: Pressure, Strain Gauge [db]
# name 12 = prdE: Pressure, Strain Gauge [psi]
# name 13 = tv290C: Temperature [ITS-90, deg C]
# name 14 = density00: Density [density, kg/m^3]
# name 15 = flag:  0.000e+00
# span 0 =     -0.629,      9.770       
# span 1 =     -4.353,      0.532       
# span 2 =     0.0190,     9.2504       
# span 3 =      0.276,    157.878       
# span 4 =      2.265,    332.189       
# span 5 =   2.344093, 240.626704       
# span 6 =    -1.6392,    37.4986       
# span 7 =      6.273,      8.975       
# span 8 =  -345.8995,   861.4170       
# span 9 = 1.2341e-01, 1.3900e+03       
# span 10 =    -5.8541,   410.4636      
# span 11 =     -0.618,      9.582      
# span 12 =     -0.896,     13.898      
# span 13 =    10.9311,    26.8523      
# span 14 =   996.5731,   999.7667      
# span 15 = 0.0000e+00, 0.0000e+00      
# interval = seconds: 0.25
# start_time = Jul 26 2020 20:24:05 [Instrument's time stamp, header]
# bad_flag = -9.990e-29
*END*
[from data line 3797]
      8.971      0.006     0.1804      2.308     46.285  33.278397     1.7883      6.425   168.1718 1.2364e-01     9.8723      8.800     12.762    10.9541   999.6722 0.0000e+00
      8.971      0.006     0.1774      2.342     46.260  33.259523     1.8640      6.425   168.4142 1.2373e-01     9.8933      8.797     12.759    10.9522   999.6724 0.0000e+00
      8.970      0.004     0.1801      2.395     46.245  33.247467     1.8615      6.425   168.9932 1.2379e-01     9.9006      8.795     12.756    10.9495   999.6727 0.0000e+00
      8.971      0.002     0.1785      2.422     46.262  33.259532     1.8342      6.425   169.8384 1.2379e-01     9.7549      8.798     12.761    10.9475   999.6729 0.0000e+00
      8.971      0.000     0.1768      2.402     46.288  33.278500     1.8013      6.425   169.4281 1.2379e-01     9.5041      8.799     12.762    10.9464   999.6730 0.0000e+00
      8.971 2.4180e-08     0.1801      2.365     46.299  33.286453     1.7879      6.425   167.9898 1.2377e-01     9.3742      8.796     12.757    10.9458   999.6730 0.0000e+00
      8.971 2.6597e-07     0.1861      2.353     46.306  33.292231     1.7963      6.425   167.3322 1.2376e-01     9.3861      8.798     12.759    10.9450   999.6731 0.0000e+00
      8.971 2.6597e-07     0.1884      2.353     46.296  33.284908     1.7974      6.425   167.6721 1.2370e-01     9.3733      8.799     12.762    10.9441   999.6732 0.0000e+00
      8.970 2.4180e-08     0.1865      2.344     46.263  33.261368     1.7731      6.425   168.3141 1.2363e-01     9.2541      8.797     12.760    10.9443   999.6732 0.0000e+00
      8.970 2.1981e-09     0.1812      2.351     46.264  33.261420     1.7408      6.425   168.6416 1.2363e-01     9.0777      8.797     12.759    10.9449   999.6731 0.0000e+00
      8.971 1.9983e-10     0.1812      2.354     46.299  33.285538     1.7311      6.425   168.4479 1.2365e-01     8.9915      8.798     12.760    10.9455   999.6731 0.0000e+00
      8.971 1.8166e-11     0.1834      2.349     46.318  33.299163     1.7322      6.425   167.9513 1.2365e-01     9.0010      8.798     12.760    10.9460   999.6730 0.0000e+00
      8.971 1.6515e-12     0.1794      2.364     46.318  33.299267     1.7257      6.425   167.5416 1.2364e-01     9.1590      8.797     12.759    10.9456   999.6730 0.0000e+00
      8.971 1.5013e-13     0.1823      2.387     46.300  33.286795     1.7183      6.426   167.3662 1.2363e-01     9.4936      8.798     12.760    10.9446   999.6731 0.0000e+00
      8.971 1.3649e-14     0.1826      2.383     46.284  33.275269     1.7192      6.426   167.3795 1.2362e-01     9.7163      8.798     12.760    10.9436   999.6733 0.0000e+00
      8.971 1.2408e-15     0.1803      2.356     46.299  33.286807     1.7271      6.426   167.5299 1.2358e-01     9.7230      8.797     12.759    10.9431   999.6733 0.0000e+00
      8.971 1.1280e-16     0.1823      2.332     46.317  33.299392     1.7566      6.426   167.9801 1.2356e-01     9.8831      8.797     12.760    10.9435   999.6733 0.0000e+00
      8.971 1.0255e-17     0.1857      2.344     46.318  33.300536     1.8089      6.426   168.4342 1.2361e-01    10.2788      8.797     12.760    10.9441   999.6732 0.0000e+00
      8.971 9.3225e-19     0.1847      2.371     46.318  33.300640     1.8439      6.426   168.2891 1.2368e-01    10.5254      8.797     12.760    10.9447   999.6731 0.0000e+00
      8.971 8.4750e-20     0.1821      2.358     46.319  33.300650     1.8657      6.426   168.1179 1.2365e-01    10.6337      8.798     12.760    10.9453   999.6731 0.0000e+00
      8.972 7.7045e-21     0.1790      2.338     46.319  33.300650     1.9112      6.426   167.9989 1.2364e-01    10.9014      8.798     12.761    10.9455   999.6731 0.0000e+00
      8.972 7.0040e-22     0.1795      2.338     46.319  33.300640     1.9649      6.426   167.7107 1.2366e-01    11.2908      8.798     12.761    10.9454   999.6731 0.0000e+00
      8.971 6.3670e-23     0.1859      2.335     46.318  33.300525     1.9808      6.426   168.2474 1.2365e-01    11.4959      8.797     12.760    10.9449   999.6731 0.0000e+00
      8.971 5.7885e-24     0.1818      2.344     46.314  33.299267     1.9689      6.427   169.4124 1.2365e-01    11.5270      8.798     12.760    10.9445   999.6732 0.0000e+00
      8.971 5.2620e-25     0.1791      2.347     46.293  33.285423     1.9263      6.427   169.8366 1.2367e-01    11.5300      8.798     12.760    10.9445   999.6732 0.0000e+00
      8.971 4.7838e-26     0.1821      2.339     46.258  33.260047     1.8468      6.426   169.6761 1.2366e-01    11.4290      8.798     12.760    10.9445   999.6732 0.0000e+00
      8.971 4.3489e-27     0.1790      2.364     46.240  33.246255     1.8001      6.426   169.2794 1.2365e-01    11.2673      8.797     12.760    10.9451   999.6731 0.0000e+00
      8.971 3.9536e-28     0.1814      2.390     46.240  33.245569     1.8003      6.426   168.7394 1.2367e-01    11.2226      8.797     12.760    10.9466   999.6729 0.0000e+00
      8.971 3.5941e-29     0.1827      2.370     46.247  33.251747     1.7915      6.426   169.1700 1.2366e-01    11.1979      8.797     12.760    10.9480   999.6728 0.0000e+00
      8.970 3.2674e-30     0.1784      2.334     46.252  33.257505     1.7604      6.427   170.4412 1.2362e-01    11.0373      8.797     12.759    10.9483   999.6728 0.0000e+00
      8.970 2.9704e-31     0.1825      2.312     46.242  33.251736     1.7297      6.428   171.1180 1.2364e-01    10.8938      8.797     12.759    10.9473   999.6729 0.0000e+00
      8.970 2.7003e-32     0.1869      2.294     46.232  33.245447     1.7156      6.428   170.8142 1.2371e-01    10.8358      8.797     12.759    10.9465   999.6729 0.0000e+00
      8.971 2.4549e-33     0.1833      2.291     46.231  33.244927     1.7338      6.427   170.0379 1.2373e-01    10.8169      8.798     12.760    10.9472   999.6729 0.0000e+00
      8.971 2.2317e-34     0.1791      2.320     46.233  33.245447     1.8348      6.427   169.3888 1.2371e-01    10.7693      8.798     12.760    10.9494   999.6727 0.0000e+00
      8.971 2.0288e-35     0.1789      2.345     46.243  33.251736     1.9924      6.427   169.5914 1.2373e-01    10.6713      8.797     12.760    10.9516   999.6724 0.0000e+00
      8.971 1.8444e-36     0.1771      2.354     46.253  33.257505     2.0660      6.427   170.5954 1.2374e-01    10.6280      8.797     12.759    10.9528   999.6723 0.0000e+00
      8.971 1.6767e-37     0.1752      2.376     46.247  33.251741     2.0567      6.427   171.2024 1.2369e-01    10.5898      8.798     12.760    10.9531   999.6723 0.0000e+00
      8.971 1.5243e-38     0.1797      2.412     46.240  33.245500     2.0427      6.427   171.1656 1.2363e-01    10.4497      8.797     12.759    10.9523   999.6723 0.0000e+00
      8.971 1.3857e-39     0.1823      2.441     46.241  33.245490     2.0200      6.428   170.9256 1.2357e-01    10.2722      8.797     12.759    10.9509   999.6725 0.0000e+00
      8.971 1.2597e-40     0.1808      2.444     46.251  33.251626     2.0022      6.428   170.5376 1.2354e-01    10.1604      8.797     12.759    10.9494   999.6727 0.0000e+00
      8.971 1.1452e-41     0.1832      2.416     46.257  33.256246     2.0089      6.428   170.2601 1.2361e-01    10.0937      8.798     12.760    10.9476   999.6728 0.0000e+00
      8.971 1.0411e-42     0.1865      2.387     46.232  33.237893     2.0626      6.428   170.3229 1.2366e-01     9.9118      8.797     12.759    10.9462   999.6730 0.0000e+00
      8.971 9.4645e-44     0.1892      2.380     46.207  33.220068     2.1553      6.428   170.5228 1.2363e-01     9.6435      8.798     12.760    10.9451   999.6731 0.0000e+00
      8.971 8.6040e-45     0.1901      2.390     46.222  33.231085     2.2047      6.428   170.7842 1.2361e-01     9.4935      8.797     12.759    10.9446   999.6731 0.0000e+00
      8.971 7.8220e-46     0.1864      2.385     46.239  33.244190     2.1923      6.429   171.0744 1.2363e-01     9.4362      8.797     12.759    10.9445   999.6732 0.0000e+00
      8.971 7.1110e-47     0.1838      2.357     46.248  33.251621     2.1200      6.429   170.6768 1.2365e-01     9.6038      8.797     12.759    10.9444   999.6732 0.0000e+00
      8.971 6.4645e-48     0.1830      2.356     46.255  33.257482     2.0070      6.430   169.6753 1.2365e-01    10.0443      8.798     12.761    10.9442   999.6732 0.0000e+00
      8.971 5.8812e-49     0.1851      2.383     46.246  33.251609     1.9425      6.430   169.3759 1.2365e-01    10.3330      8.798     12.760    10.9444   999.6732 0.0000e+00
      8.971 5.8585e-50     0.1856      2.382     46.236  33.244074     1.9218      6.429   169.8109 1.2364e-01    10.3478      8.797     12.759    10.9452   999.6731 0.0000e+00
      8.971 6.1616e-50     0.1809      2.362     46.216  33.229824     1.9093      6.428   170.1159 1.2361e-01    10.2229      8.798     12.760    10.9463   999.6730 0.0000e+00
      8.971 6.2479e-49     0.1802      2.361     46.183  33.206213     1.9158      6.429   170.3966 1.2361e-01    10.0584      8.798     12.760    10.9477   999.6728 0.0000e+00
      8.971 6.8679e-48     0.1858      2.371     46.192  33.212398     1.9340      6.431   170.1941 1.2366e-01    10.0071      8.798     12.761    10.9485   999.6727 0.0000e+00
      8.971 7.5546e-47     0.1849      2.376     46.233  33.241154     1.9481      6.431   169.3022 1.2368e-01     9.9808      8.798     12.760    10.9484   999.6728 0.0000e+00
      8.971 8.3101e-46     0.1810      2.371     46.227  33.236634     1.9334      6.430   168.9049 1.2369e-01     9.8775      8.798     12.760    10.9482   999.6728 0.0000e+00
      8.971 9.1411e-45     0.1826      2.373     46.207  33.221201     1.8414      6.429   169.0891 1.2369e-01     9.8215      8.798     12.760    10.9482   999.6727 0.0000e+00
      8.971 1.0055e-43     0.1829      2.383     46.241  33.244916     1.7138      6.429   169.4645 1.2363e-01     9.8532      8.797     12.759    10.9476   999.6728 0.0000e+00
      8.971 1.1061e-42     0.1842      2.370     46.275  33.269559     1.6589      6.429   169.9165 1.2362e-01     9.8835      8.798     12.760    10.9467   999.6729 0.0000e+00
      8.971 1.2167e-41     0.1829      2.350     46.270  33.265352     1.6732      6.429   169.8227 1.2363e-01     9.8796      8.798     12.760    10.9461   999.6730 0.0000e+00
      8.971 1.3383e-40     0.1823      2.351     46.260  33.257493     1.7720      6.429   169.2764 1.2363e-01     9.8398      8.798     12.760    10.9455   999.6730 0.0000e+00
      8.971 1.4722e-39     0.1854      2.354     46.232  33.237994     1.9384      6.428   168.9898 1.2364e-01     9.7807      8.798     12.760    10.9450   999.6731 0.0000e+00
      8.971 1.6194e-38     0.1837      2.357     46.205  33.219953     2.0362      6.428   169.0244 1.2364e-01     9.7480      8.798     12.760    10.9448   999.6731 0.0000e+00
      8.971 1.7813e-37     0.1800      2.376     46.217  33.229712     2.0574      6.429   169.1785 1.2362e-01     9.6847      8.798     12.760    10.9445   999.6731 0.0000e+00
      8.971 1.9595e-36     0.1820      2.394     46.216  33.229086     1.9652      6.430   169.3910 1.2360e-01     9.5988      8.798     12.760    10.9438   999.6732 0.0000e+00
      8.971 2.1554e-35     0.1819      2.401     46.193  33.212387     1.7617      6.430   169.5283 1.2364e-01     9.6018      8.798     12.760    10.9438   999.6732 0.0000e+00
      8.971 2.3710e-34     0.1812      2.408     46.202  33.218154     1.6561      6.430   169.5479 1.2369e-01     9.6870      8.798     12.760    10.9458   999.6730 0.0000e+00
      8.971 2.6081e-33     0.1838      2.412     46.227  33.235364     1.6614      6.430   169.5419 1.2369e-01     9.7367      8.798     12.760    10.9476   999.6728 0.0000e+00
      8.971 2.8689e-32     0.1856      2.410     46.221  33.230117     1.6446      6.430   169.5424 1.2368e-01     9.6879      8.798     12.760    10.9478   999.6728 0.0000e+00
      8.971 3.1558e-31     0.1852      2.418     46.206  33.218163     1.6058      6.430   169.4683 1.2364e-01     9.6118      8.798     12.760    10.9475   999.6728 0.0000e+00
      8.971 3.4713e-30     0.1859      2.414     46.206  33.217738     1.6022      6.430   169.4193 1.2359e-01     9.6059      8.798     12.761    10.9468   999.6729 0.0000e+00
      8.971 3.8185e-29     0.1873      2.394     46.216  33.224972     1.6201      6.430   169.7251 1.2360e-01     9.6858      8.798     12.760    10.9456   999.6730 0.0000e+00
      8.971 4.2003e-28     0.1849      2.388     46.241  33.242172     1.6411      6.430   170.2404 1.2368e-01     9.8567      8.798     12.760    10.9443   999.6732 0.0000e+00
      8.971 4.6203e-27     0.1873      2.394     46.231  33.235354     1.6842      6.430   170.4008 1.2371e-01    10.0243      8.797     12.760    10.9431   999.6733 0.0000e+00
      8.971 5.0824e-26     0.1876      2.413     46.190  33.205994     1.7124      6.430   170.2022 1.2368e-01    10.0643      8.797     12.760    10.9421   999.6734 0.0000e+00
      8.971 5.5906e-25     0.1839      2.434     46.188  33.204435     1.7237      6.430   170.0755 1.2366e-01    10.0998      8.798     12.761    10.9419   999.6734 0.0000e+00
      8.971 6.1497e-24     0.1846      2.437     46.205  33.216500     1.7447      6.430   170.0731 1.2369e-01    10.1790      8.798     12.760    10.9420   999.6734 0.0000e+00
      8.971 6.7646e-23     0.1845      2.427     46.217  33.224971     1.7943      6.430   170.2594 1.2370e-01    10.2318      8.797     12.760    10.9423   999.6734 0.0000e+00
      8.971 7.4411e-22     0.1861      2.409     46.244  33.243411     1.8753      6.430   170.6937 1.2366e-01    10.2921      8.798     12.760    10.9425   999.6733 0.0000e+00
      8.971 8.1852e-21     0.1892      2.393     46.253  33.249093     1.9236      6.430   170.8492 1.2366e-01    10.3245      8.798     12.760    10.9423   999.6733 0.0000e+00
      8.971 9.0037e-20     0.1884      2.388     46.228  33.230220     1.9397      6.429   170.6779 1.2366e-01    10.3145      8.798     12.760    10.9421   999.6734 0.0000e+00
      8.971 9.9041e-19     0.1877      2.388     46.195  33.205578     1.9933      6.429   170.5156 1.2364e-01    10.2056      8.797     12.760    10.9416   999.6734 0.0000e+00
      8.971 1.0895e-17     0.1861      2.389     46.195  33.204954     2.0754      6.430   170.3487 1.2361e-01     9.9687      8.797     12.760    10.9408   999.6735 0.0000e+00
      8.971 1.1984e-16     0.1843      2.399     46.220  33.222676     2.1126      6.431   170.4669 1.2360e-01     9.8199      8.797     12.760    10.9399   999.6736 0.0000e+00
      8.971 1.3182e-15     0.1846      2.415     46.230  33.229493     2.1092      6.431   170.9128 1.2363e-01     9.8130      8.797     12.760    10.9392   999.6737 0.0000e+00
      8.971 1.4501e-14     0.1845      2.416     46.223  33.223923     2.1202      6.430   171.1803 1.2370e-01     9.8506      8.798     12.760    10.9383   999.6737 0.0000e+00
      8.971 1.5951e-13     0.1846      2.415     46.216  33.218787     2.1314      6.430   171.2051 1.2377e-01     9.8633      8.797     12.760    10.9374   999.6738 0.0000e+00
      8.971 1.7546e-12     0.1848      2.420     46.234  33.230844     2.1208      6.430   171.1273 1.2378e-01     9.8291      8.797     12.760    10.9366   999.6739 0.0000e+00
      8.971 1.9300e-11     0.1875      2.415     46.251  33.242796     2.1160      6.430   170.9280 1.2376e-01     9.8492      8.798     12.760    10.9360   999.6740 0.0000e+00
      8.971 2.1230e-10     0.1869      2.410     46.242  33.236395     2.1110      6.430   170.8600 1.2372e-01     9.9685      8.797     12.760    10.9358   999.6740 0.0000e+00
      8.971 2.3353e-09     0.1857      2.400     46.215  33.216898     2.0889      6.431   171.0795 1.2368e-01    10.1050      8.798     12.760    10.9356   999.6740 0.0000e+00
      8.971 2.5689e-08     0.1881      2.374     46.189  33.197410     2.0688      6.431   171.2592 1.2368e-01    10.1263      8.797     12.760    10.9352   999.6741 0.0000e+00
