Data/DataNotYetUploadedToEDI/Raw_CTD/072720_fcr50_0001.cnv
* Sea-Bird SBE19plus  Data File:
* FileName = C:\DATA\072720_fcr50_0001.hex
* Software version 2.8.0.119
* Temperature SN = 7809
* Conductivity SN = 7809
* System UpLoad Time = Jul 27 2020 10:12:55
* <ApplicationData>
* <Seaterm232>
# nquan = 16
# nvalues = 5906                        
# units = specified
# name 0 = depFM: Depth [fresh water, m]
# name 1 = dz/dtM: Descent Rate [m/s]
# name 2 = sbeox0ML/L: Oxygen, SBE 43 [ml/l]
# name 3 = sbeox0PS: Oxygen, SBE 43 [% saturation]
# name 4 = specc: Specific Conductance [uS/cm]
# name 5 = c0uS/cm: Conductivity [uS/cm]
# name 6 = flECO-AFL: Fluorescence, WET Labs ECO-AFL/FL [mg/m^3]
# name 7 = ph: pH
# name 8 = orp: Oxidation Reduction Potential [mV]
# name 9 = par/sat/log: PAR/Logarithmic, Satlantic
# name 10 = turbWETntu0: Turbidity, WET Labs ECO [NTU]
# name 11 = prdM: Pressure, Strain Gauge [db]
# name 12 = prdE: Pressure, Strain Gauge [psi]
# name 13 = tv290C: Temperature [ITS-90, deg C]
# name 14 = density00: Density [density, kg/m^3]
# name 15 = flag:  0.000e+00
# span 0 =     -0.629,      9.770       
# span 1 =     -4.353,      0.532       
# span 2 =     0.0190,     9.2504       
# span 3 =      0.276,    157.878       
# span 4 =      2.265,    332.189       
# span 5 =   2.344093, 240.626704       
# span 6 =    -1.6392,    37.4986       
# span 7 =      6.273,      8.975       
# span 8 =  -345.8995,   861.4170       
# span 9 = 1.2341e-01, 1.3900e+03       
# span 10 =    -5.8541,   410.4636      
# span 11 =     -0.618,      9.582      
# span 12 =     -0.896,     13.898      
# span 13 =    10.9311,    26.8523      
# span 14 =   996.5731,   999.7667      
# span 15 = 0.0000e+00, 0.0000e+00      
# interval = seconds: 0.25
# start_time = Jul 26 2020 20:24:05 [Instrument's time stamp, header]
# bad_flag = -9.990e-29
*END*
[from data line 1628]
      4.783      0.005     0.0612      0.762     46.251  33.341247     0.4737      6.832   119.2961 8.9773e-01     6.7651      4.690      6.802    11.0392   999.6441 0.0000e+00
      4.784      0.006     0.0634      0.789     46.234  33.330949     0.4812      6.832   119.7821 8.8839e-01     6.7968      4.692      6.804    11.0403   999.6439 0.0000e+00
      4.785      0.006     0.0643      0.829     46.245  33.342485     0.4762      6.831   120.5655 8.9059e-01     6.8175      4.693      6.806    11.0411   999.6439 0.0000e+00
      4.788      0.007     0.0603      0.835     46.258  33.353832     0.4705      6.831   120.8517 9.0075e-01     6.8089      4.694      6.809    11.0410   999.6439 0.0000e+00
      4.790      0.007     0.0564      0.825     46.239  33.341247     0.4685      6.830   120.6612 8.9486e-01     6.7613      4.698      6.814    11.0406   999.6440 0.0000e+00
      4.792      0.007     0.0605      0.834     46.207  33.317229     0.4720      6.828   120.3273 8.7973e-01     6.7566      4.700      6.816    11.0423   999.6438 0.0000e+00
      4.793      0.007     0.0651      0.836     46.207  33.317239     0.4755      6.828   120.2561 8.8466e-01     6.8211      4.700      6.817    11.0475   999.6432 0.0000e+00
      4.795      0.006     0.0652      0.823     46.236  33.341360     0.4720      6.828   120.9186 8.9627e-01     6.8549      4.702      6.820    11.0504   999.6430 0.0000e+00
      4.796      0.006     0.0620      0.814     46.246  33.355080     0.4675      6.828   121.8849 8.8513e-01     6.8223      4.703      6.822    11.0504   999.6430 0.0000e+00
      4.798      0.006     0.0649      0.791     46.237  33.356223     0.4682      6.827   122.2172 8.6878e-01     6.8045      4.705      6.824    11.0494   999.6430 0.0000e+00
      4.799      0.006     0.0654      0.764     46.224  33.355192     0.4718      6.826   122.0108 8.7351e-01     6.8115      4.706      6.827    11.0475   999.6433 0.0000e+00
      4.801      0.006     0.0623      0.775     46.193  33.342615     0.4731      6.826   121.7978 8.8547e-01     6.8375      4.708      6.829    11.0508   999.6430 0.0000e+00
      4.802      0.007     0.0638      0.806     46.163  33.331080     0.4740      6.826   121.9657 8.8524e-01     6.9138      4.709      6.829    11.0598   999.6420 0.0000e+00
      4.804      0.007     0.0613      0.816     46.165  33.342626     0.4726      6.826   122.4919 8.8280e-01     6.9783      4.711      6.833    11.0684   999.6412 0.0000e+00
      4.806      0.007     0.0571      0.813     46.171  33.355324     0.4668      6.825   122.8256 8.9142e-01     6.9987      4.713      6.836    11.0771   999.6403 0.0000e+00
      4.808      0.007     0.0588      0.816     46.166  33.357715     0.4803      6.825   122.9038 8.8836e-01     7.0233      4.715      6.839    11.0873   999.6392 0.0000e+00
      4.810      0.007     0.0633      0.807     46.179  33.371548     0.5113      6.825   122.9205 8.6382e-01     7.0355      4.717      6.842    11.0985   999.6381 0.0000e+00
      4.811      0.007     0.0631      0.794     46.209  33.395680     0.5261      6.824   122.8563 8.5281e-01     7.0092      4.718      6.843    11.1106   999.6369 0.0000e+00
      4.813      0.008     0.0618      0.805     46.210  33.395681     0.5260      6.823   122.8150 8.6119e-01     6.9792      4.720      6.846    11.1200   999.6359 0.0000e+00
      4.815      0.008     0.0634      0.834     46.180  33.371570     0.5285      6.823   122.9371 8.5383e-01     6.9820      4.722      6.848    11.1259   999.6353 0.0000e+00
      4.817      0.008     0.0624      0.849     46.166  33.357955     0.5384      6.822   123.1282 8.4063e-01     7.0095      4.724      6.852    11.1314   999.6347 0.0000e+00
      4.820      0.008     0.0602      0.854     46.169  33.357966     0.5400      6.821   123.3196 8.4472e-01     7.0028      4.726      6.855    11.1343   999.6345 0.0000e+00
      4.822      0.008     0.0611      0.864     46.190  33.371697     0.5286      6.821   123.5298 8.4703e-01     6.9696      4.728      6.858    11.1331   999.6346 0.0000e+00
      4.824      0.007     0.0650      0.863     46.225  33.397066     0.5248      6.820   123.6051 8.4246e-01     6.9854      4.731      6.863    11.1295   999.6350 0.0000e+00
      4.826      0.006     0.0658      0.854     46.243  33.410899     0.5328      6.820   123.5412 8.3557e-01     6.9873      4.733      6.865    11.1250   999.6355 0.0000e+00
      4.827      0.005     0.0648      0.860     46.244  33.412053     0.5390      6.819   123.6182 8.2889e-01     6.8894      4.734      6.866    11.1222   999.6357 0.0000e+00
      4.828      0.003     0.0673      0.873     46.244  33.411014     0.5328      6.817   123.8478 8.3425e-01     6.7974      4.735      6.868    11.1217   999.6358 0.0000e+00
      4.828      0.002     0.0667      0.877     46.227  33.398334     0.5245      6.817   123.9945 8.4735e-01     6.7675      4.735      6.868    11.1219   999.6358 0.0000e+00
      4.828      0.002     0.0651      0.880     46.207  33.385643     0.5438      6.816   124.0154 8.4664e-01     6.7685      4.735      6.868    11.1227   999.6357 0.0000e+00
      4.829      0.002     0.0660      0.897     46.199  33.384469     0.5757      6.815   124.0138 8.3785e-01     6.7758      4.736      6.869    11.1230   999.6357 0.0000e+00
      4.829      0.003     0.0677      0.922     46.194  33.384144     0.5867      6.815   124.0610 8.3961e-01     6.7520      4.736      6.869    11.1216   999.6358 0.0000e+00
      4.830      0.004     0.0676      0.942     46.190  33.381723     0.5903      6.815   124.1560 8.4049e-01     6.7559      4.736      6.870    11.1204   999.6360 0.0000e+00
      4.831      0.007     0.0670      0.947     46.161  33.355199     0.6001      6.815   124.2160 8.3987e-01     6.7887      4.738      6.872    11.1225   999.6358 0.0000e+00
      4.833      0.010     0.0687      0.946     46.124  33.317242     0.6092      6.816   124.2707 8.4341e-01     6.8048      4.739      6.874    11.1287   999.6351 0.0000e+00
      4.836      0.012     0.0710      0.941     46.123  33.303495     0.6059      6.816   124.3867 8.3786e-01     6.8139      4.741      6.876    11.1334   999.6346 0.0000e+00
      4.839      0.014     0.0732      0.952     46.153  33.315873     0.5985      6.816   124.5004 8.2782e-01     6.7954      4.745      6.882    11.1345   999.6346 0.0000e+00
      4.844      0.015     0.0726      0.982     46.194  33.339987     0.5961      6.816   124.7848 8.2210e-01     6.7532      4.751      6.890    11.1300   999.6350 0.0000e+00
      4.848      0.016     0.0734      0.986     46.204  33.341234     0.5960      6.816   125.1575 8.1793e-01     6.7500      4.755      6.897    11.1147   999.6366 0.0000e+00
      4.852      0.016     0.0718      0.964     46.201  33.330946     0.5969      6.816   125.2208 8.1228e-01     6.7910      4.758      6.901    11.0973   999.6384 0.0000e+00
      4.856      0.015     0.0720      0.958     46.231  33.342494     0.5877      6.816   125.2921 8.0742e-01     6.8021      4.762      6.907    11.0884   999.6394 0.0000e+00
      4.861      0.014     0.0770      0.987     46.258  33.353945     0.5804      6.816   125.4179 8.0747e-01     6.8153      4.766      6.915    11.0852   999.6397 0.0000e+00
      4.865      0.013     0.0771      1.015     46.249  33.342495     0.6038      6.815   125.2791 8.0798e-01     6.8488      4.770      6.919    11.0793   999.6403 0.0000e+00
      4.867      0.012     0.0737      1.012     46.235  33.330949     0.6511      6.814   125.4210 8.0223e-01     6.8289      4.773      6.922    11.0690   999.6415 0.0000e+00
      4.870      0.011     0.0724      1.009     46.245  33.341247     0.6758      6.813   126.0142 7.9085e-01     6.8152      4.775      6.927    11.0576   999.6426 0.0000e+00
      4.873      0.009     0.0762      1.051     46.235  33.340102     0.6636      6.812   126.5150 7.9093e-01     6.8199      4.778      6.931    11.0486   999.6435 0.0000e+00
      4.875      0.008     0.0794      1.108     46.194  33.317113     0.6186      6.811   126.7440 8.0424e-01     6.7825      4.780      6.933    11.0428   999.6440 0.0000e+00
      4.877      0.008     0.0786      1.138     46.188  33.317103     0.5598      6.811   126.7188 8.0590e-01     6.7759      4.781      6.936    11.0406   999.6443 0.0000e+00
      4.878      0.007     0.0754      1.147     46.217  33.339986     0.5441      6.811   126.6409 7.9429e-01     6.8083      4.784      6.939    11.0446   999.6440 0.0000e+00
      4.880      0.006     0.0804      1.133     46.217  33.339977     0.5532      6.811   126.7476 7.8833e-01     6.8303      4.786      6.941    11.0526   999.6431 0.0000e+00
      4.881      0.006     0.0872      1.114     46.187  33.316997     0.5464      6.810   127.0631 7.7966e-01     6.8019      4.787      6.943    11.0603   999.6423 0.0000e+00
      4.883      0.006     0.0874      1.110     46.190  33.315947     0.5384      6.810   127.4443 7.6139e-01     6.7407      4.788      6.945    11.0653   999.6419 0.0000e+00
      4.884      0.006     0.0896      1.101     46.212  33.327277     0.5412      6.810   127.6563 7.5973e-01     6.7421      4.789      6.947    11.0668   999.6417 0.0000e+00
      4.886      0.006     0.0874      1.096     46.221  33.327078     0.5519      6.810   127.7337 7.7242e-01     6.7845      4.791      6.950    11.0665   999.6417 0.0000e+00
      4.888      0.007     0.0845      1.099     46.213  33.313539     0.5924      6.809   127.7785 7.8008e-01     6.8060      4.794      6.953    11.0658   999.6418 0.0000e+00
      4.890      0.007     0.0866      1.096     46.191  33.290465     0.6669      6.808   127.6820 7.8330e-01     6.7965      4.795      6.955    11.0624   999.6422 0.0000e+00
      4.891      0.008     0.0845      1.114     46.216  33.301889     0.7096      6.807   127.5982 7.7793e-01     6.8080      4.796      6.956    11.0568   999.6428 0.0000e+00
      4.893      0.009     0.0838      1.157     46.253  33.324755     0.7082      6.807   127.7123 7.6986e-01     6.8070      4.798      6.959    11.0498   999.6434 0.0000e+00
      4.895      0.011     0.0856      1.177     46.240  33.313123     0.6602      6.807   127.8573 7.6308e-01     6.6810      4.801      6.963    11.0407   999.6443 0.0000e+00
      4.898      0.012     0.0837      1.177     46.207  33.288151     0.5668      6.807   128.1471 7.5692e-01     6.5211      4.803      6.967    11.0316   999.6453 0.0000e+00
      4.902      0.013     0.0844      1.180     46.193  33.276632     0.5238      6.807   128.5486 7.5577e-01     6.4867      4.807      6.973    11.0251   999.6460 0.0000e+00
      4.906      0.013     0.0906      1.160     46.228  33.300756     0.5410      6.807   128.3236 7.5354e-01     6.5398      4.811      6.978    11.0214   999.6464 0.0000e+00
      4.910      0.013     0.0915      1.121     46.267  33.326012     0.5651      6.806   127.6639 7.5127e-01     6.6147      4.815      6.983    11.0191   999.6467 0.0000e+00
      4.912      0.012     0.0898      1.109     46.272  33.328196     0.5857      6.806   127.5406 7.4986e-01     6.7049      4.817      6.987    11.0180   999.6468 0.0000e+00
      4.915      0.011     0.0921      1.119     46.272  33.327157     0.5896      6.805   128.0380 7.4338e-01     6.7377      4.820      6.991    11.0170   999.6469 0.0000e+00
      4.918      0.010     0.0905      1.125     46.255  33.313446     0.5936      6.804   128.6872 7.3187e-01     6.7369      4.824      6.995    11.0151   999.6471 0.0000e+00
      4.920      0.009     0.0850      1.130     46.224  33.289316     0.6056      6.803   129.0228 7.2566e-01     6.7984      4.825      6.998    11.0128   999.6474 0.0000e+00
      4.923      0.008     0.0849      1.139     46.226  33.289211     0.6099      6.802   128.5683 7.2861e-01     6.9663      4.828      7.002    11.0107   999.6476 0.0000e+00
      4.925      0.007     0.0869      1.156     46.257  33.312179     0.6081      6.802   127.5806 7.3384e-01     7.1537      4.830      7.005    11.0094   999.6477 0.0000e+00
      4.926      0.007     0.0866      1.174     46.257  33.313219     0.6025      6.802   127.2330 7.3579e-01     7.2096      4.831      7.007    11.0081   999.6479 0.0000e+00
      4.928      0.007     0.0874      1.183     46.239  33.301786     0.5995      6.802   127.8075 7.3260e-01     7.1955      4.833      7.009    11.0060   999.6481 0.0000e+00
      4.929      0.006     0.0874      1.193     46.235  33.300851     0.5810      6.801   128.5898 7.3500e-01     7.1549      4.834      7.011    11.0043   999.6482 0.0000e+00
      4.930      0.006     0.0891      1.195     46.233  33.301909     0.5416      6.799   128.9476 7.3551e-01     7.0620      4.835      7.012    11.0042   999.6483 0.0000e+00
      4.932      0.006     0.0911      1.188     46.247  33.314580     0.5231      6.798   128.6063 7.2797e-01     6.9999      4.836      7.015    11.0056   999.6481 0.0000e+00
      4.934      0.006     0.0909      1.191     46.262  33.327156     0.5299      6.797   127.9905 7.2580e-01     6.9534      4.838      7.018    11.0079   999.6479 0.0000e+00
      4.936      0.006     0.0923      1.209     46.258  33.327061     0.5662      6.797   127.7827 7.2556e-01     6.8773      4.840      7.020    11.0100   999.6477 0.0000e+00
      4.937      0.006     0.0925      1.217     46.234  33.313427     0.6272      6.797   127.9881 7.2346e-01     6.8004      4.841      7.021    11.0124   999.6474 0.0000e+00
      4.938      0.007     0.0914      1.204     46.197  33.289218     0.6576      6.797   128.3224 7.1617e-01     6.7449      4.843      7.024    11.0149   999.6472 0.0000e+00
      4.940      0.008     0.0910      1.184     46.194  33.288170     0.6578      6.795   128.6410 7.0392e-01     6.7211      4.844      7.026    11.0171   999.6471 0.0000e+00
      4.941      0.009     0.0937      1.163     46.213  33.300746     0.6301      6.795   128.8291 6.9768e-01     6.7185      4.845      7.028    11.0203   999.6467 0.0000e+00
      4.944      0.011     0.0948      1.155     46.235  33.314381     0.5796      6.795   128.7899 6.9982e-01     6.7477      4.849      7.032    11.0240   999.6463 0.0000e+00
      4.947      0.012     0.0925      1.172     46.255  33.326116     0.5433      6.795   128.5113 7.0657e-01     6.7653      4.851      7.036    11.0270   999.6460 0.0000e+00
      4.951      0.013     0.0917      1.184     46.243  33.315733     0.5253      6.795   128.2997 7.0217e-01     6.7255      4.855      7.041    11.0282   999.6459 0.0000e+00
      4.955      0.014     0.0892      1.178     46.245  33.315734     0.5421      6.794   128.3822 6.8399e-01     6.7135      4.859      7.047    11.0275   999.6460 0.0000e+00
      4.958      0.014     0.0882      1.198     46.261  33.326127     0.5844      6.794   129.0783 6.7701e-01     6.7566      4.863      7.052    11.0244   999.6464 0.0000e+00
      4.962      0.014     0.0902      1.215     46.246  33.314495     0.6077      6.794   129.8331 6.8065e-01     6.8009      4.866      7.058    11.0216   999.6467 0.0000e+00
      4.965      0.014     0.0931      1.191     46.231  33.301995     0.6044      6.793   129.7650 6.8139e-01     6.8021      4.869      7.062    11.0201   999.6468 0.0000e+00
      4.968      0.013     0.0888      1.172     46.232  33.301890     0.5928      6.793   129.5455 6.7739e-01     6.7367      4.872      7.067    11.0186   999.6470 0.0000e+00
      4.973      0.013     0.0922      1.168     46.249  33.313227     0.5904      6.792   129.4170 6.6808e-01     6.6972      4.877      7.073    11.0176   999.6471 0.0000e+00
      4.977      0.012     0.0968      1.181     46.248  33.312170     0.6046      6.791   129.2431 6.6652e-01     6.7362      4.881      7.079    11.0160   999.6473 0.0000e+00
